,TIME,SRC,PACKET_SIZE,CUMULATIVE_PACKET_SIZE,PAGE_NUMBER,TOTAL_PACKET_SIZE
0,0.0,172.217.194.0-255,150,150,82,312117
1,3.8e-05,172.31.47.0-255,66,216,82,312117
2,4.5e-05,172.217.194.0-255,1484,1700,82,312117
3,5e-05,172.31.47.0-255,66,1766,82,312117
4,5.4e-05,172.217.194.0-255,2902,4668,82,312117
5,6.5e-05,172.31.47.0-255,66,4734,82,312117
6,7.1e-05,172.217.194.0-255,7156,11890,82,312117
7,7.4e-05,172.31.47.0-255,66,11956,82,312117
8,7.8e-05,172.217.194.0-255,1981,13937,82,312117
9,8e-05,172.31.47.0-255,66,14003,82,312117
10,8.4e-05,172.217.194.0-255,2902,16905,82,312117
11,8.7e-05,172.31.47.0-255,66,16971,82,312117
12,9.1e-05,172.217.194.0-255,4320,21291,82,312117
13,9.4e-05,172.31.47.0-255,66,21357,82,312117
14,0.000127,172.217.194.0-255,2902,24259,82,312117
15,0.000131,172.31.47.0-255,66,24325,82,312117
16,0.000138,172.217.194.0-255,4320,28645,82,312117
17,0.00014,172.31.47.0-255,66,28711,82,312117
18,0.000169,172.217.194.0-255,2543,31254,82,312117
19,0.000171,172.31.47.0-255,66,31320,82,312117
20,0.000216,172.217.194.0-255,1484,32804,82,312117
21,0.000219,172.31.47.0-255,66,32870,82,312117
22,0.000238,172.217.194.0-255,2902,35772,82,312117
23,0.000241,172.31.47.0-255,66,35838,82,312117
24,0.000245,172.217.194.0-255,1484,37322,82,312117
25,0.000246,172.31.47.0-255,66,37388,82,312117
26,0.000281,172.217.194.0-255,4320,41708,82,312117
27,0.000285,172.31.47.0-255,66,41774,82,312117
28,0.000331,172.31.47.0-255,66,41840,82,312117
29,0.000364,172.217.194.0-255,9888,51728,82,312117
30,0.000368,172.31.47.0-255,66,51794,82,312117
31,0.00037,172.217.194.0-255,114,51908,82,312117
32,0.000553,172.217.194.0-255,383,52291,82,312117
33,0.000794,172.31.47.0-255,66,52357,82,312117
34,0.001847,172.217.194.0-255,1484,53841,82,312117
35,0.001857,172.217.194.0-255,2902,56743,82,312117
36,0.00186,172.31.47.0-255,66,56809,82,312117
37,0.001867,172.217.194.0-255,5738,62547,82,312117
38,0.001868,172.31.47.0-255,66,62613,82,312117
39,0.001911,172.31.47.0-255,66,62679,82,312117
40,0.001917,172.217.194.0-255,7156,69835,82,312117
41,0.001918,172.31.47.0-255,66,69901,82,312117
42,0.001938,172.217.194.0-255,2902,72803,82,312117
43,0.001939,172.31.47.0-255,66,72869,82,312117
44,0.001942,172.217.194.0-255,766,73635,82,312117
45,0.001997,172.217.194.0-255,1484,75119,82,312117
46,0.001998,172.31.47.0-255,66,75185,82,312117
47,0.002001,172.217.194.0-255,1484,76669,82,312117
48,0.002021,172.217.194.0-255,1484,78153,82,312117
49,0.002023,172.31.47.0-255,66,78219,82,312117
50,0.002028,172.217.194.0-255,5738,83957,82,312117
51,0.00203,172.31.47.0-255,66,84023,82,312117
52,0.002084,172.217.194.0-255,9992,94015,82,312117
53,0.002086,172.31.47.0-255,66,94081,82,312117
54,0.002107,172.217.194.0-255,2902,96983,82,312117
55,0.002109,172.31.47.0-255,66,97049,82,312117
56,0.002117,172.217.194.0-255,10692,107741,82,312117
57,0.002118,172.31.47.0-255,66,107807,82,312117
58,0.002128,172.217.194.0-255,7156,114963,82,312117
59,0.00213,172.31.47.0-255,66,115029,82,312117
60,0.002136,172.217.194.0-255,7156,122185,82,312117
61,0.00214,172.31.47.0-255,66,122251,82,312117
62,0.002163,172.217.194.0-255,1484,123735,82,312117
63,0.00218,172.31.47.0-255,66,123801,82,312117
64,0.002182,172.217.194.0-255,766,124567,82,312117
65,0.002424,172.217.194.0-255,1484,126051,82,312117
66,0.002426,172.31.47.0-255,66,126117,82,312117
67,0.002447,172.217.194.0-255,2902,129019,82,312117
68,0.002449,172.31.47.0-255,66,129085,82,312117
69,0.002474,172.217.194.0-255,5738,134823,82,312117
70,0.002475,172.31.47.0-255,66,134889,82,312117
71,0.00248,172.217.194.0-255,4320,139209,82,312117
72,0.002481,172.31.47.0-255,66,139275,82,312117
73,0.002498,172.217.194.0-255,4320,143595,82,312117
74,0.0025,172.31.47.0-255,66,143661,82,312117
75,0.002524,172.217.194.0-255,5738,149399,82,312117
76,0.002526,172.31.47.0-255,66,149465,82,312117
77,0.002553,172.217.194.0-255,9274,158739,82,312117
78,0.002555,172.31.47.0-255,66,158805,82,312117
79,0.005126,172.217.194.0-255,5738,164543,82,312117
80,0.005131,172.31.47.0-255,66,164609,82,312117
81,0.007717,172.217.194.0-255,5738,170347,82,312117
82,0.007723,172.31.47.0-255,66,170413,82,312117
83,0.010321,172.217.194.0-255,5738,176151,82,312117
84,0.01033,172.31.47.0-255,66,176217,82,312117
85,0.012919,172.217.194.0-255,5738,181955,82,312117
86,0.012929,172.31.47.0-255,66,182021,82,312117
87,0.015498,172.217.194.0-255,5738,187759,82,312117
88,0.015506,172.31.47.0-255,66,187825,82,312117
89,0.018096,172.217.194.0-255,5738,193563,82,312117
90,0.018103,172.31.47.0-255,66,193629,82,312117
91,0.02067,172.217.194.0-255,5738,199367,82,312117
92,0.020676,172.31.47.0-255,66,199433,82,312117
93,0.023252,172.217.194.0-255,5738,205171,82,312117
94,0.023265,172.31.47.0-255,66,205237,82,312117
95,0.025862,172.217.194.0-255,5738,210975,82,312117
96,0.02587,172.31.47.0-255,66,211041,82,312117
97,0.026904,172.31.47.0-255,172,211213,82,312117
98,0.026931,172.31.47.0-255,1111,212324,82,312117
99,0.026962,172.31.47.0-255,1514,213838,82,312117
100,0.026983,172.31.47.0-255,1514,215352,82,312117
101,0.026985,172.31.47.0-255,1514,216866,82,312117
102,0.027001,172.31.47.0-255,1067,217933,82,312117
103,0.028428,104.244.42.0-255,66,217999,82,312117
104,0.028436,172.217.194.0-255,5738,223737,82,312117
105,0.028439,172.31.47.0-255,66,223803,82,312117
106,0.028487,104.244.42.0-255,66,223869,82,312117
107,0.02851,104.244.42.0-255,66,223935,82,312117
108,0.028514,104.244.42.0-255,66,224001,82,312117
109,0.030994,172.217.194.0-255,5738,229739,82,312117
110,0.030998,172.31.47.0-255,66,229805,82,312117
111,0.033559,172.217.194.0-255,2902,232707,82,312117
112,0.033565,172.31.47.0-255,66,232773,82,312117
113,0.033602,172.217.194.0-255,2902,235675,82,312117
114,0.033605,172.31.47.0-255,66,235741,82,312117
115,0.036127,172.217.194.0-255,2902,238643,82,312117
116,0.036132,172.31.47.0-255,66,238709,82,312117
117,0.036171,172.217.194.0-255,2902,241611,82,312117
118,0.036174,172.31.47.0-255,66,241677,82,312117
119,0.038702,172.217.194.0-255,2902,244579,82,312117
120,0.038707,172.31.47.0-255,66,244645,82,312117
121,0.038743,172.217.194.0-255,2902,247547,82,312117
122,0.038746,172.31.47.0-255,66,247613,82,312117
123,0.041271,172.217.194.0-255,2902,250515,82,312117
124,0.041289,172.31.47.0-255,66,250581,82,312117
125,0.041309,172.217.194.0-255,2902,253483,82,312117
126,0.041313,172.31.47.0-255,66,253549,82,312117
127,0.043847,172.217.194.0-255,2902,256451,82,312117
128,0.043853,172.31.47.0-255,66,256517,82,312117
129,0.04388,172.217.194.0-255,2902,259419,82,312117
130,0.043883,172.31.47.0-255,66,259485,82,312117
131,0.046471,172.217.194.0-255,4320,263805,82,312117
132,0.046477,172.31.47.0-255,66,263871,82,312117
133,0.04651,172.217.194.0-255,1484,265355,82,312117
134,0.049041,172.217.194.0-255,4320,269675,82,312117
135,0.049058,172.31.47.0-255,66,269741,82,312117
136,0.051598,172.217.194.0-255,4320,274061,82,312117
137,0.051603,172.31.47.0-255,66,274127,82,312117
138,0.05163,172.217.194.0-255,1484,275611,82,312117
139,0.054172,172.217.194.0-255,2902,278513,82,312117
140,0.054176,172.31.47.0-255,66,278579,82,312117
141,0.054205,172.217.194.0-255,1484,280063,82,312117
142,0.056769,172.217.194.0-255,4320,284383,82,312117
143,0.056773,172.31.47.0-255,66,284449,82,312117
144,0.059346,172.217.194.0-255,5738,290187,82,312117
145,0.059351,172.31.47.0-255,66,290253,82,312117
146,0.061912,172.217.194.0-255,4320,294573,82,312117
147,0.061917,172.31.47.0-255,66,294639,82,312117
148,0.061945,172.217.194.0-255,1484,296123,82,312117
149,0.0645,172.217.194.0-255,4320,300443,82,312117
150,0.064506,172.31.47.0-255,66,300509,82,312117
151,0.067064,172.217.194.0-255,5738,306247,82,312117
152,0.067068,172.31.47.0-255,66,306313,82,312117
153,0.069659,172.217.194.0-255,5738,312051,82,312117
154,0.069665,172.31.47.0-255,66,312117,82,312117
155,0.0,74.125.24.0-255,153,153,82,413312
156,2e-05,172.31.47.0-255,66,219,82,413312
157,5.8e-05,74.125.24.0-255,1484,1703,82,413312
158,6.3e-05,172.31.47.0-255,66,1769,82,413312
159,6.8e-05,74.125.24.0-255,2902,4671,82,413312
160,7.2e-05,172.31.47.0-255,66,4737,82,413312
161,8.4e-05,74.125.24.0-255,7156,11893,82,413312
162,8.7e-05,172.31.47.0-255,66,11959,82,413312
163,0.000117,74.125.24.0-255,1484,13443,82,413312
164,0.00012,172.31.47.0-255,66,13509,82,413312
165,0.000148,74.125.24.0-255,664,14173,82,413312
166,0.00015,172.31.47.0-255,66,14239,82,413312
167,0.000416,74.125.24.0-255,1484,15723,82,413312
168,0.000422,172.31.47.0-255,66,15789,82,413312
169,0.000429,74.125.24.0-255,2902,18691,82,413312
170,0.000432,172.31.47.0-255,66,18757,82,413312
171,0.000435,74.125.24.0-255,1484,20241,82,413312
172,0.000437,172.31.47.0-255,66,20307,82,413312
173,0.000458,74.125.24.0-255,4320,24627,82,413312
174,0.000465,172.31.47.0-255,66,24693,82,413312
175,0.000469,74.125.24.0-255,2902,27595,82,413312
176,0.000472,172.31.47.0-255,66,27661,82,413312
177,0.000494,74.125.24.0-255,3961,31622,82,413312
178,0.000501,172.31.47.0-255,66,31688,82,413312
179,0.000505,74.125.24.0-255,2902,34590,82,413312
180,0.000508,172.31.47.0-255,66,34656,82,413312
181,0.000539,74.125.24.0-255,4320,38976,82,413312
182,0.000543,172.31.47.0-255,66,39042,82,413312
183,0.00055,74.125.24.0-255,5738,44780,82,413312
184,0.000552,172.31.47.0-255,66,44846,82,413312
185,0.000583,74.125.24.0-255,7156,52002,82,413312
186,0.000586,172.31.47.0-255,66,52068,82,413312
187,0.000593,74.125.24.0-255,5738,57806,82,413312
188,0.000602,74.125.24.0-255,2902,60708,82,413312
189,0.000621,74.125.24.0-255,4320,65028,82,413312
190,0.000624,74.125.24.0-255,766,65794,82,413312
191,0.000629,172.31.47.0-255,66,65860,82,413312
192,0.000654,74.125.24.0-255,425,66285,82,413312
193,0.000731,74.125.24.0-255,1484,67769,82,413312
194,0.000745,74.125.24.0-255,2902,70671,82,413312
195,0.000749,172.31.47.0-255,66,70737,82,413312
196,0.000775,74.125.24.0-255,1484,72221,82,413312
197,0.000779,74.125.24.0-255,1484,73705,82,413312
198,0.00079,74.125.24.0-255,1484,75189,82,413312
199,0.000797,172.31.47.0-255,66,75255,82,413312
200,0.000827,74.125.24.0-255,5738,80993,82,413312
201,0.00083,74.125.24.0-255,1484,82477,82,413312
202,0.000843,172.31.47.0-255,66,82543,82,413312
203,0.000854,74.125.24.0-255,5738,88281,82,413312
204,0.000863,74.125.24.0-255,4320,92601,82,413312
205,0.000876,74.125.24.0-255,4320,96921,82,413312
206,0.000881,74.125.24.0-255,3602,100523,82,413312
207,0.000885,172.31.47.0-255,66,100589,82,413312
208,0.0009,74.125.24.0-255,348,100937,82,413312
209,0.000919,172.31.47.0-255,66,101003,82,413312
210,0.001206,74.125.24.0-255,1484,102487,82,413312
211,0.001229,74.125.24.0-255,2902,105389,82,413312
212,0.001233,172.31.47.0-255,66,105455,82,413312
213,0.001238,74.125.24.0-255,2902,108357,82,413312
214,0.001246,172.31.47.0-255,66,108423,82,413312
215,0.00126,74.125.24.0-255,2902,111325,82,413312
216,0.001271,172.31.47.0-255,66,111391,82,413312
217,0.001297,74.125.24.0-255,1484,112875,82,413312
218,0.001315,74.125.24.0-255,7156,120031,82,413312
219,0.001329,172.31.47.0-255,66,120097,82,413312
220,0.001334,74.125.24.0-255,2902,122999,82,413312
221,0.001364,74.125.24.0-255,1484,124483,82,413312
222,0.001382,74.125.24.0-255,10144,134627,82,413312
223,0.001386,172.31.47.0-255,66,134693,82,413312
224,0.001407,172.31.47.0-255,66,134759,82,413312
225,0.001764,74.125.24.0-255,1484,136243,82,413312
226,0.001772,74.125.24.0-255,2902,139145,82,413312
227,0.001777,172.31.47.0-255,66,139211,82,413312
228,0.001783,74.125.24.0-255,4320,143531,82,413312
229,0.001806,74.125.24.0-255,1484,145015,82,413312
230,0.001814,74.125.24.0-255,7156,152171,82,413312
231,0.001853,74.125.24.0-255,4320,156491,82,413312
232,0.001878,74.125.24.0-255,9992,166483,82,413312
233,0.001882,74.125.24.0-255,2184,168667,82,413312
234,0.001929,74.125.24.0-255,1484,170151,82,413312
235,0.001934,74.125.24.0-255,2902,173053,82,413312
236,0.00195,74.125.24.0-255,2902,175955,82,413312
237,0.001971,74.125.24.0-255,2902,178857,82,413312
238,0.001973,74.125.24.0-255,1484,180341,82,413312
239,0.001981,74.125.24.0-255,7156,187497,82,413312
240,0.001996,74.125.24.0-255,1484,188981,82,413312
241,0.00202,74.125.24.0-255,1484,190465,82,413312
242,0.002038,74.125.24.0-255,2902,193367,82,413312
243,0.00204,74.125.24.0-255,1484,194851,82,413312
244,0.00206,74.125.24.0-255,4320,199171,82,413312
245,0.002065,74.125.24.0-255,3602,202773,82,413312
246,0.002109,74.125.24.0-255,4320,207093,82,413312
247,0.002132,74.125.24.0-255,7156,214249,82,413312
248,0.00214,74.125.24.0-255,7156,221405,82,413312
249,0.002175,74.125.24.0-255,5738,227143,82,413312
250,0.002206,74.125.24.0-255,9274,236417,82,413312
251,0.002227,74.125.24.0-255,1484,237901,82,413312
252,0.002231,74.125.24.0-255,1484,239385,82,413312
253,0.002247,74.125.24.0-255,1484,240869,82,413312
254,0.002253,74.125.24.0-255,4320,245189,82,413312
255,0.002267,74.125.24.0-255,1484,246673,82,413312
256,0.002289,74.125.24.0-255,2902,249575,82,413312
257,0.002313,74.125.24.0-255,7156,256731,82,413312
258,0.002326,74.125.24.0-255,1484,258215,82,413312
259,0.002341,74.125.24.0-255,7156,265371,82,413312
260,0.002357,74.125.24.0-255,5020,270391,82,413312
261,0.007707,172.31.47.0-255,66,270457,82,413312
262,0.010005,74.125.24.0-255,5738,276195,82,413312
263,0.010013,172.31.47.0-255,66,276261,82,413312
264,0.012401,74.125.24.0-255,5738,281999,82,413312
265,0.018557,172.31.47.0-255,66,282065,82,413312
266,0.020835,74.125.24.0-255,5738,287803,82,413312
267,0.020847,172.31.47.0-255,66,287869,82,413312
268,0.02317,74.125.24.0-255,5738,293607,82,413312
269,0.023175,172.31.47.0-255,66,293673,82,413312
270,0.025465,74.125.24.0-255,5738,299411,82,413312
271,0.025471,172.31.47.0-255,66,299477,82,413312
272,0.027772,74.125.24.0-255,5738,305215,82,413312
273,0.027779,172.31.47.0-255,66,305281,82,413312
274,0.029926,172.31.47.0-255,172,305453,82,413312
275,0.029957,172.31.47.0-255,1112,306565,82,413312
276,0.030012,172.31.47.0-255,1514,308079,82,413312
277,0.030014,172.31.47.0-255,1287,309366,82,413312
278,0.030091,74.125.24.0-255,5738,315104,82,413312
279,0.030097,172.31.47.0-255,66,315170,82,413312
280,0.031486,104.244.42.0-255,66,315236,82,413312
281,0.031547,104.244.42.0-255,66,315302,82,413312
282,0.031588,104.244.42.0-255,66,315368,82,413312
283,0.032387,74.125.24.0-255,2902,318270,82,413312
284,0.032392,172.31.47.0-255,66,318336,82,413312
285,0.032421,74.125.24.0-255,2902,321238,82,413312
286,0.032438,172.31.47.0-255,66,321304,82,413312
287,0.034667,74.125.24.0-255,2902,324206,82,413312
288,0.034673,172.31.47.0-255,66,324272,82,413312
289,0.034707,74.125.24.0-255,2902,327174,82,413312
290,0.034744,172.31.47.0-255,66,327240,82,413312
291,0.036992,74.125.24.0-255,2902,330142,82,413312
292,0.036997,172.31.47.0-255,66,330208,82,413312
293,0.037046,74.125.24.0-255,2902,333110,82,413312
294,0.037062,172.31.47.0-255,66,333176,82,413312
295,0.039309,74.125.24.0-255,2902,336078,82,413312
296,0.039314,172.31.47.0-255,66,336144,82,413312
297,0.039344,74.125.24.0-255,2902,339046,82,413312
298,0.039365,172.31.47.0-255,66,339112,82,413312
299,0.04164,74.125.24.0-255,2902,342014,82,413312
300,0.041648,172.31.47.0-255,66,342080,82,413312
301,0.041683,74.125.24.0-255,2902,344982,82,413312
302,0.042587,172.31.47.0-255,66,345048,82,413312
303,0.043952,74.125.24.0-255,2902,347950,82,413312
304,0.043959,172.31.47.0-255,66,348016,82,413312
305,0.044887,74.125.24.0-255,2902,350918,82,413312
306,0.044893,172.31.47.0-255,66,350984,82,413312
307,0.046243,74.125.24.0-255,2902,353886,82,413312
308,0.046249,172.31.47.0-255,66,353952,82,413312
309,0.047239,74.125.24.0-255,2902,356854,82,413312
310,0.047247,172.31.47.0-255,66,356920,82,413312
311,0.048592,74.125.24.0-255,2902,359822,82,413312
312,0.048599,172.31.47.0-255,66,359888,82,413312
313,0.049573,74.125.24.0-255,2902,362790,82,413312
314,0.04958,172.31.47.0-255,66,362856,82,413312
315,0.050966,74.125.24.0-255,2902,365758,82,413312
316,0.050972,172.31.47.0-255,66,365824,82,413312
317,0.051873,74.125.24.0-255,2902,368726,82,413312
318,0.05188,172.31.47.0-255,66,368792,82,413312
319,0.05329,74.125.24.0-255,2902,371694,82,413312
320,0.053296,172.31.47.0-255,66,371760,82,413312
321,0.054222,74.125.24.0-255,2902,374662,82,413312
322,0.054228,172.31.47.0-255,66,374728,82,413312
323,0.055617,74.125.24.0-255,2902,377630,82,413312
324,0.055624,172.31.47.0-255,66,377696,82,413312
325,0.056561,74.125.24.0-255,2902,380598,82,413312
326,0.056568,172.31.47.0-255,66,380664,82,413312
327,0.057905,74.125.24.0-255,2902,383566,82,413312
328,0.057912,172.31.47.0-255,66,383632,82,413312
329,0.058859,74.125.24.0-255,2902,386534,82,413312
330,0.058865,172.31.47.0-255,66,386600,82,413312
331,0.060206,74.125.24.0-255,2902,389502,82,413312
332,0.060211,172.31.47.0-255,66,389568,82,413312
333,0.061145,74.125.24.0-255,2902,392470,82,413312
334,0.06115,172.31.47.0-255,66,392536,82,413312
335,0.062539,74.125.24.0-255,2902,395438,82,413312
336,0.062544,172.31.47.0-255,66,395504,82,413312
337,0.063451,74.125.24.0-255,2902,398406,82,413312
338,0.063457,172.31.47.0-255,66,398472,82,413312
339,0.064845,74.125.24.0-255,2902,401374,82,413312
340,0.064854,172.31.47.0-255,66,401440,82,413312
341,0.065756,74.125.24.0-255,2902,404342,82,413312
342,0.065763,172.31.47.0-255,66,404408,82,413312
343,0.06716,74.125.24.0-255,2902,407310,82,413312
344,0.067165,172.31.47.0-255,66,407376,82,413312
345,0.068032,74.125.24.0-255,2902,410278,82,413312
346,0.068038,172.31.47.0-255,66,410344,82,413312
347,0.069484,74.125.24.0-255,2902,413246,82,413312
348,0.06949,172.31.47.0-255,66,413312,82,413312
349,0.0,74.125.24.0-255,146,146,82,352089
350,2.7e-05,172.31.47.0-255,66,212,82,352089
351,3.4e-05,74.125.24.0-255,1484,1696,82,352089
352,3.8e-05,172.31.47.0-255,66,1762,82,352089
353,4.3e-05,74.125.24.0-255,2902,4664,82,352089
354,5.5e-05,172.31.47.0-255,66,4730,82,352089
355,6.3e-05,74.125.24.0-255,7156,11886,82,352089
356,6.6e-05,172.31.47.0-255,66,11952,82,352089
357,7e-05,74.125.24.0-255,2161,14113,82,352089
358,7.3e-05,172.31.47.0-255,66,14179,82,352089
359,0.000531,74.125.24.0-255,1484,15663,82,352089
360,0.000536,172.31.47.0-255,66,15729,82,352089
361,0.000544,74.125.24.0-255,2902,18631,82,352089
362,0.000546,172.31.47.0-255,66,18697,82,352089
363,0.000558,74.125.24.0-255,5738,24435,82,352089
364,0.00056,172.31.47.0-255,66,24501,82,352089
365,0.000615,172.31.47.0-255,66,24567,82,352089
366,0.000627,172.31.47.0-255,66,24633,82,352089
367,0.000659,74.125.24.0-255,9992,34625,82,352089
368,0.000662,172.31.47.0-255,66,34691,82,352089
369,0.000701,74.125.24.0-255,5319,40010,82,352089
370,0.000704,172.31.47.0-255,66,40076,82,352089
371,0.000727,74.125.24.0-255,132,40208,82,352089
372,0.00073,172.31.47.0-255,66,40274,82,352089
373,0.00118,74.125.24.0-255,343,40617,82,352089
374,0.001186,172.31.47.0-255,66,40683,82,352089
375,0.001637,74.125.24.0-255,1484,42167,82,352089
376,0.001641,172.31.47.0-255,66,42233,82,352089
377,0.001649,74.125.24.0-255,2902,45135,82,352089
378,0.001651,172.31.47.0-255,66,45201,82,352089
379,0.001663,74.125.24.0-255,5738,50939,82,352089
380,0.001664,172.31.47.0-255,66,51005,82,352089
381,0.001688,74.125.24.0-255,4320,55325,82,352089
382,0.00169,172.31.47.0-255,66,55391,82,352089
383,0.001717,74.125.24.0-255,8574,63965,82,352089
384,0.001719,172.31.47.0-255,66,64031,82,352089
385,0.001729,74.125.24.0-255,10692,74723,82,352089
386,0.001731,172.31.47.0-255,66,74789,82,352089
387,0.002121,74.125.24.0-255,1484,76273,82,352089
388,0.002138,74.125.24.0-255,2902,79175,82,352089
389,0.00214,172.31.47.0-255,66,79241,82,352089
390,0.002158,74.125.24.0-255,1484,80725,82,352089
391,0.002175,74.125.24.0-255,2902,83627,82,352089
392,0.002176,172.31.47.0-255,66,83693,82,352089
393,0.002179,74.125.24.0-255,1484,85177,82,352089
394,0.0022,74.125.24.0-255,4320,89497,82,352089
395,0.002201,172.31.47.0-255,66,89563,82,352089
396,0.002204,74.125.24.0-255,1484,91047,82,352089
397,0.00223,74.125.24.0-255,9992,101039,82,352089
398,0.002233,172.31.47.0-255,66,101105,82,352089
399,0.002271,74.125.24.0-255,1484,102589,82,352089
400,0.002288,74.125.24.0-255,6438,109027,82,352089
401,0.00229,172.31.47.0-255,66,109093,82,352089
402,0.002312,74.125.24.0-255,5738,114831,82,352089
403,0.002314,172.31.47.0-255,66,114897,82,352089
404,0.002316,74.125.24.0-255,1484,116381,82,352089
405,0.002338,74.125.24.0-255,5738,122119,82,352089
406,0.00234,172.31.47.0-255,66,122185,82,352089
407,0.002345,74.125.24.0-255,5738,127923,82,352089
408,0.002347,172.31.47.0-255,66,127989,82,352089
409,0.002379,74.125.24.0-255,8574,136563,82,352089
410,0.002381,172.31.47.0-255,66,136629,82,352089
411,0.002386,74.125.24.0-255,6438,143067,82,352089
412,0.002388,172.31.47.0-255,66,143133,82,352089
413,0.00242,74.125.24.0-255,1484,144617,82,352089
414,0.002429,74.125.24.0-255,1484,146101,82,352089
415,0.00243,172.31.47.0-255,66,146167,82,352089
416,0.002449,74.125.24.0-255,1484,147651,82,352089
417,0.002454,74.125.24.0-255,5738,153389,82,352089
418,0.002456,172.31.47.0-255,66,153455,82,352089
419,0.002459,74.125.24.0-255,2902,156357,82,352089
420,0.002461,172.31.47.0-255,66,156423,82,352089
421,0.002486,74.125.24.0-255,1484,157907,82,352089
422,0.002502,74.125.24.0-255,8574,166481,82,352089
423,0.002504,172.31.47.0-255,66,166547,82,352089
424,0.002532,74.125.24.0-255,10692,177239,82,352089
425,0.002534,172.31.47.0-255,66,177305,82,352089
426,0.002638,74.125.24.0-255,1484,178789,82,352089
427,0.002664,74.125.24.0-255,2902,181691,82,352089
428,0.002667,172.31.47.0-255,66,181757,82,352089
429,0.002669,74.125.24.0-255,1484,183241,82,352089
430,0.002693,74.125.24.0-255,4320,187561,82,352089
431,0.002695,172.31.47.0-255,66,187627,82,352089
432,0.0027,74.125.24.0-255,5738,193365,82,352089
433,0.002702,172.31.47.0-255,66,193431,82,352089
434,0.002725,74.125.24.0-255,7156,200587,82,352089
435,0.002728,172.31.47.0-255,66,200653,82,352089
436,0.002739,74.125.24.0-255,10692,211345,82,352089
437,0.002741,172.31.47.0-255,66,211411,82,352089
438,0.002816,74.125.24.0-255,1484,212895,82,352089
439,0.002819,74.125.24.0-255,1484,214379,82,352089
440,0.002821,172.31.47.0-255,66,214445,82,352089
441,0.002834,74.125.24.0-255,1484,215929,82,352089
442,0.002842,74.125.24.0-255,5738,221667,82,352089
443,0.002845,172.31.47.0-255,66,221733,82,352089
444,0.002875,74.125.24.0-255,8574,230307,82,352089
445,0.002878,172.31.47.0-255,66,230373,82,352089
446,0.002891,74.125.24.0-255,4320,234693,82,352089
447,0.002897,172.31.47.0-255,66,234759,82,352089
448,0.002903,74.125.24.0-255,8574,243333,82,352089
449,0.002905,172.31.47.0-255,66,243399,82,352089
450,0.002924,74.125.24.0-255,1484,244883,82,352089
451,0.002953,74.125.24.0-255,7856,252739,82,352089
452,0.002956,172.31.47.0-255,66,252805,82,352089
453,0.002964,74.125.24.0-255,9992,262797,82,352089
454,0.002966,172.31.47.0-255,66,262863,82,352089
455,0.003004,172.31.47.0-255,66,262929,82,352089
456,0.003007,74.125.24.0-255,1484,264413,82,352089
457,0.003046,74.125.24.0-255,10692,275105,82,352089
458,0.00305,172.31.47.0-255,66,275171,82,352089
459,0.003057,74.125.24.0-255,8574,283745,82,352089
460,0.003059,172.31.47.0-255,66,283811,82,352089
461,0.003094,74.125.24.0-255,5738,289549,82,352089
462,0.003098,172.31.47.0-255,66,289615,82,352089
463,0.003137,172.31.47.0-255,66,289681,82,352089
464,0.003176,74.125.24.0-255,1484,291165,82,352089
465,0.003194,74.125.24.0-255,2902,294067,82,352089
466,0.003198,172.31.47.0-255,66,294133,82,352089
467,0.003204,74.125.24.0-255,5738,299871,82,352089
468,0.003206,172.31.47.0-255,66,299937,82,352089
469,0.003226,74.125.24.0-255,7156,307093,82,352089
470,0.003229,172.31.47.0-255,66,307159,82,352089
471,0.003248,74.125.24.0-255,5738,312897,82,352089
472,0.003252,172.31.47.0-255,66,312963,82,352089
473,0.003259,74.125.24.0-255,9992,322955,82,352089
474,0.003261,172.31.47.0-255,66,323021,82,352089
475,0.003263,74.125.24.0-255,766,323787,82,352089
476,0.003299,74.125.24.0-255,1484,325271,82,352089
477,0.003303,172.31.47.0-255,66,325337,82,352089
478,0.003328,74.125.24.0-255,4320,329657,82,352089
479,0.003331,172.31.47.0-255,66,329723,82,352089
480,0.003337,74.125.24.0-255,7156,336879,82,352089
481,0.003339,172.31.47.0-255,66,336945,82,352089
482,0.003345,74.125.24.0-255,5738,342683,82,352089
483,0.003346,172.31.47.0-255,66,342749,82,352089
484,0.003418,172.31.47.0-255,66,342815,82,352089
485,0.003423,74.125.24.0-255,4311,347126,82,352089
486,0.003425,172.31.47.0-255,66,347192,82,352089
487,0.003427,74.125.24.0-255,97,347289,82,352089
488,0.00345,74.125.24.0-255,105,347394,82,352089
489,0.005975,172.31.47.0-255,66,347460,82,352089
490,0.006002,172.31.47.0-255,105,347565,82,352089
491,0.008548,74.125.24.0-255,66,347631,82,352089
492,0.023014,172.31.47.0-255,171,347802,82,352089
493,0.023044,172.31.47.0-255,1149,348951,82,352089
494,0.023082,172.31.47.0-255,1514,350465,82,352089
495,0.023084,172.31.47.0-255,1252,351717,82,352089
496,0.024493,104.244.42.0-255,66,351783,82,352089
497,0.024513,104.244.42.0-255,66,351849,82,352089
498,0.02457,104.244.42.0-255,66,351915,82,352089
499,0.025178,104.244.42.0-255,108,352023,82,352089
500,0.025183,172.31.47.0-255,66,352089,82,352089
501,0.0,31.13.82.0-255,105,105,82,183
502,1.6e-05,172.31.47.0-255,78,183,82,183
503,0.0,172.217.194.0-255,297,297,82,350641
504,1.5e-05,172.31.47.0-255,66,363,82,350641
505,2.1e-05,172.217.194.0-255,1484,1847,82,350641
506,2.4e-05,172.31.47.0-255,66,1913,82,350641
507,3.1e-05,172.217.194.0-255,4320,6233,82,350641
508,3.4e-05,172.31.47.0-255,66,6299,82,350641
509,5.6e-05,172.217.194.0-255,7156,13455,82,350641
510,5.9e-05,172.31.47.0-255,66,13521,82,350641
511,8.4e-05,172.217.194.0-255,1484,15005,82,350641
512,8.6e-05,172.31.47.0-255,66,15071,82,350641
513,0.000115,172.31.47.0-255,66,15137,82,350641
514,0.000118,172.217.194.0-255,1125,16262,82,350641
515,0.000119,172.31.47.0-255,66,16328,82,350641
516,0.0005,172.217.194.0-255,1484,17812,82,350641
517,0.000505,172.31.47.0-255,66,17878,82,350641
518,0.000511,172.217.194.0-255,2902,20780,82,350641
519,0.000513,172.31.47.0-255,66,20846,82,350641
520,0.000533,172.217.194.0-255,5738,26584,82,350641
521,0.000536,172.31.47.0-255,66,26650,82,350641
522,0.000542,172.217.194.0-255,5738,32388,82,350641
523,0.000543,172.31.47.0-255,66,32454,82,350641
524,0.000576,172.217.194.0-255,1125,33579,82,350641
525,0.000578,172.31.47.0-255,66,33645,82,350641
526,0.000764,172.217.194.0-255,1484,35129,82,350641
527,0.000768,172.31.47.0-255,66,35195,82,350641
528,0.000773,172.217.194.0-255,2902,38097,82,350641
529,0.000775,172.31.47.0-255,66,38163,82,350641
530,0.000789,172.217.194.0-255,4320,42483,82,350641
531,0.000791,172.31.47.0-255,66,42549,82,350641
532,0.000814,172.217.194.0-255,1484,44033,82,350641
533,0.000817,172.31.47.0-255,66,44099,82,350641
534,0.000823,172.217.194.0-255,5738,49837,82,350641
535,0.000825,172.31.47.0-255,66,49903,82,350641
536,0.000845,172.217.194.0-255,2902,52805,82,350641
537,0.000848,172.31.47.0-255,66,52871,82,350641
538,0.00086,172.217.194.0-255,3961,56832,82,350641
539,0.000863,172.31.47.0-255,66,56898,82,350641
540,0.000868,172.217.194.0-255,4320,61218,82,350641
541,0.00087,172.31.47.0-255,66,61284,82,350641
542,0.000892,172.217.194.0-255,2902,64186,82,350641
543,0.000896,172.217.194.0-255,3961,68147,82,350641
544,0.000917,172.31.47.0-255,66,68213,82,350641
545,0.00092,172.31.47.0-255,66,68279,82,350641
546,0.000938,172.217.194.0-255,4899,73178,82,350641
547,0.000941,172.31.47.0-255,66,73244,82,350641
548,0.000961,172.217.194.0-255,7156,80400,82,350641
549,0.000964,172.31.47.0-255,66,80466,82,350641
550,0.000987,172.217.194.0-255,4320,84786,82,350641
551,0.000989,172.31.47.0-255,66,84852,82,350641
552,0.000992,172.217.194.0-255,1125,85977,82,350641
553,0.00108,172.217.194.0-255,1484,87461,82,350641
554,0.001084,172.31.47.0-255,66,87527,82,350641
555,0.001089,172.217.194.0-255,2902,90429,82,350641
556,0.001091,172.31.47.0-255,66,90495,82,350641
557,0.001095,172.217.194.0-255,2902,93397,82,350641
558,0.001097,172.31.47.0-255,66,93463,82,350641
559,0.001117,172.217.194.0-255,2902,96365,82,350641
560,0.001119,172.31.47.0-255,66,96431,82,350641
561,0.001124,172.217.194.0-255,2902,99333,82,350641
562,0.001126,172.31.47.0-255,66,99399,82,350641
563,0.001151,172.217.194.0-255,9992,109391,82,350641
564,0.001153,172.31.47.0-255,66,109457,82,350641
565,0.001159,172.217.194.0-255,7156,116613,82,350641
566,0.001161,172.31.47.0-255,66,116679,82,350641
567,0.0012,172.217.194.0-255,3054,119733,82,350641
568,0.001203,172.31.47.0-255,66,119799,82,350641
569,0.001208,172.217.194.0-255,4320,124119,82,350641
570,0.00121,172.31.47.0-255,66,124185,82,350641
571,0.001242,172.217.194.0-255,9992,134177,82,350641
572,0.001246,172.31.47.0-255,66,134243,82,350641
573,0.001251,172.217.194.0-255,4320,138563,82,350641
574,0.001253,172.31.47.0-255,66,138629,82,350641
575,0.001275,172.31.47.0-255,66,138695,82,350641
576,0.001291,172.217.194.0-255,2184,140879,82,350641
577,0.001293,172.31.47.0-255,66,140945,82,350641
578,0.00164,172.217.194.0-255,1484,142429,82,350641
579,0.001647,172.217.194.0-255,2902,145331,82,350641
580,0.001652,172.31.47.0-255,66,145397,82,350641
581,0.001655,172.217.194.0-255,1484,146881,82,350641
582,0.001672,172.217.194.0-255,4320,151201,82,350641
583,0.001675,172.31.47.0-255,66,151267,82,350641
584,0.001688,172.217.194.0-255,2902,154169,82,350641
585,0.00169,172.31.47.0-255,66,154235,82,350641
586,0.001714,172.217.194.0-255,9992,164227,82,350641
587,0.001717,172.31.47.0-255,66,164293,82,350641
588,0.001725,172.217.194.0-255,9992,174285,82,350641
589,0.001727,172.31.47.0-255,66,174351,82,350641
590,0.001745,172.217.194.0-255,766,175117,82,350641
591,0.001802,172.217.194.0-255,1484,176601,82,350641
592,0.001805,172.31.47.0-255,66,176667,82,350641
593,0.001809,172.217.194.0-255,1484,178151,82,350641
594,0.001824,172.217.194.0-255,1484,179635,82,350641
595,0.001826,172.31.47.0-255,66,179701,82,350641
596,0.001832,172.217.194.0-255,5738,185439,82,350641
597,0.001834,172.31.47.0-255,66,185505,82,350641
598,0.001869,172.31.47.0-255,66,185571,82,350641
599,0.001877,172.217.194.0-255,9992,195563,82,350641
600,0.001879,172.31.47.0-255,66,195629,82,350641
601,0.001914,172.217.194.0-255,5020,200649,82,350641
602,0.001917,172.31.47.0-255,66,200715,82,350641
603,0.00192,172.217.194.0-255,2902,203617,82,350641
604,0.001922,172.31.47.0-255,66,203683,82,350641
605,0.001936,172.217.194.0-255,2902,206585,82,350641
606,0.001938,172.31.47.0-255,66,206651,82,350641
607,0.001954,172.217.194.0-255,5738,212389,82,350641
608,0.001957,172.31.47.0-255,66,212455,82,350641
609,0.001977,172.217.194.0-255,7156,219611,82,350641
610,0.001979,172.31.47.0-255,66,219677,82,350641
611,0.001988,172.217.194.0-255,10692,230369,82,350641
612,0.00199,172.31.47.0-255,66,230435,82,350641
613,0.00204,172.217.194.0-255,1484,231919,82,350641
614,0.002044,172.217.194.0-255,2902,234821,82,350641
615,0.002046,172.31.47.0-255,66,234887,82,350641
616,0.002051,172.217.194.0-255,5738,240625,82,350641
617,0.002053,172.31.47.0-255,66,240691,82,350641
618,0.002081,172.217.194.0-255,8574,249265,82,350641
619,0.002083,172.31.47.0-255,66,249331,82,350641
620,0.002088,172.217.194.0-255,4320,253651,82,350641
621,0.00209,172.31.47.0-255,66,253717,82,350641
622,0.002107,172.217.194.0-255,5738,259455,82,350641
623,0.00211,172.31.47.0-255,66,259521,82,350641
624,0.002115,172.217.194.0-255,5020,264541,82,350641
625,0.002117,172.31.47.0-255,66,264607,82,350641
626,0.002144,172.217.194.0-255,5738,270345,82,350641
627,0.002146,172.31.47.0-255,66,270411,82,350641
628,0.002168,172.217.194.0-255,4320,274731,82,350641
629,0.002171,172.31.47.0-255,66,274797,82,350641
630,0.002176,172.217.194.0-255,5738,280535,82,350641
631,0.002178,172.31.47.0-255,66,280601,82,350641
632,0.002232,172.31.47.0-255,66,280667,82,350641
633,0.002238,172.217.194.0-255,6438,287105,82,350641
634,0.002261,172.217.194.0-255,5738,292843,82,350641
635,0.002283,172.217.194.0-255,1484,294327,82,350641
636,0.00231,172.217.194.0-255,9992,304319,82,350641
637,0.002322,172.217.194.0-255,2184,306503,82,350641
638,0.002545,172.217.194.0-255,1484,307987,82,350641
639,0.002552,172.217.194.0-255,2902,310889,82,350641
640,0.002579,172.217.194.0-255,5738,316627,82,350641
641,0.002594,172.217.194.0-255,4320,320947,82,350641
642,0.002611,172.217.194.0-255,2902,323849,82,350641
643,0.006212,172.31.47.0-255,66,323915,82,350641
644,0.008819,172.217.194.0-255,1484,325399,82,350641
645,0.008839,172.217.194.0-255,4320,329719,82,350641
646,0.008843,172.31.47.0-255,66,329785,82,350641
647,0.011451,172.217.194.0-255,4320,334105,82,350641
648,0.011457,172.31.47.0-255,66,334171,82,350641
649,0.011475,172.217.194.0-255,1484,335655,82,350641
650,0.014068,172.217.194.0-255,4320,339975,82,350641
651,0.014076,172.31.47.0-255,66,340041,82,350641
652,0.016695,172.217.194.0-255,5738,345779,82,350641
653,0.016711,172.31.47.0-255,66,345845,82,350641
654,0.019297,172.217.194.0-255,276,346121,82,350641
655,0.019441,172.31.47.0-255,66,346187,82,350641
656,0.019482,172.31.47.0-255,105,346292,82,350641
657,0.022059,172.217.194.0-255,66,346358,82,350641
658,0.03304,172.31.47.0-255,172,346530,82,350641
659,0.033074,172.31.47.0-255,1112,347642,82,350641
660,0.033136,172.31.47.0-255,1514,349156,82,350641
661,0.033138,172.31.47.0-255,1287,350443,82,350641
662,0.034634,104.244.42.0-255,66,350509,82,350641
663,0.034661,104.244.42.0-255,66,350575,82,350641
664,0.034676,104.244.42.0-255,66,350641,82,350641
665,0.0,74.125.24.0-255,153,153,82,342953
666,2.7e-05,172.31.47.0-255,66,219,82,342953
667,3.4e-05,74.125.24.0-255,1484,1703,82,342953
668,3.8e-05,172.31.47.0-255,66,1769,82,342953
669,4.4e-05,74.125.24.0-255,2902,4671,82,342953
670,4.6e-05,172.31.47.0-255,66,4737,82,342953
671,7.8e-05,74.125.24.0-255,7156,11893,82,342953
672,8.4e-05,172.31.47.0-255,66,11959,82,342953
673,8.8e-05,74.125.24.0-255,2046,14005,82,342953
674,9e-05,172.31.47.0-255,66,14071,82,342953
675,0.000178,74.125.24.0-255,1484,15555,82,342953
676,0.000181,172.31.47.0-255,66,15621,82,342953
677,0.000185,74.125.24.0-255,1484,17105,82,342953
678,0.000187,172.31.47.0-255,66,17171,82,342953
679,0.0002,74.125.24.0-255,1484,18655,82,342953
680,0.000201,172.31.47.0-255,66,18721,82,342953
681,0.000208,74.125.24.0-255,5738,24459,82,342953
682,0.000209,172.31.47.0-255,66,24525,82,342953
683,0.000228,74.125.24.0-255,8215,32740,82,342953
684,0.00023,172.31.47.0-255,66,32806,82,342953
685,0.000233,74.125.24.0-255,2902,35708,82,342953
686,0.000236,172.31.47.0-255,66,35774,82,342953
687,0.00026,74.125.24.0-255,5738,41512,82,342953
688,0.000264,172.31.47.0-255,66,41578,82,342953
689,0.000269,74.125.24.0-255,5738,47316,82,342953
690,0.000271,172.31.47.0-255,66,47382,82,342953
691,0.000287,74.125.24.0-255,7156,54538,82,342953
692,0.000289,172.31.47.0-255,66,54604,82,342953
693,0.000307,74.125.24.0-255,5738,60342,82,342953
694,0.000309,172.31.47.0-255,66,60408,82,342953
695,0.000314,74.125.24.0-255,5020,65428,82,342953
696,0.000316,172.31.47.0-255,66,65494,82,342953
697,0.000318,74.125.24.0-255,401,65895,82,342953
698,0.000354,74.125.24.0-255,374,66269,82,342953
699,0.00062,74.125.24.0-255,1484,67753,82,342953
700,0.000627,172.31.47.0-255,66,67819,82,342953
701,0.000632,74.125.24.0-255,2902,70721,82,342953
702,0.000634,172.31.47.0-255,66,70787,82,342953
703,0.000649,74.125.24.0-255,2902,73689,82,342953
704,0.000653,172.31.47.0-255,66,73755,82,342953
705,0.000656,74.125.24.0-255,1484,75239,82,342953
706,0.000683,74.125.24.0-255,5738,80977,82,342953
707,0.000687,172.31.47.0-255,66,81043,82,342953
708,0.00069,74.125.24.0-255,1484,82527,82,342953
709,0.000718,172.31.47.0-255,66,82593,82,342953
710,0.000721,74.125.24.0-255,1484,84077,82,342953
711,0.000751,74.125.24.0-255,2184,86261,82,342953
712,0.000754,172.31.47.0-255,66,86327,82,342953
713,0.001177,74.125.24.0-255,1484,87811,82,342953
714,0.001183,74.125.24.0-255,2902,90713,82,342953
715,0.001186,172.31.47.0-255,66,90779,82,342953
716,0.001193,74.125.24.0-255,5738,96517,82,342953
717,0.001195,172.31.47.0-255,66,96583,82,342953
718,0.001197,74.125.24.0-255,1484,98067,82,342953
719,0.001223,74.125.24.0-255,5738,103805,82,342953
720,0.001226,172.31.47.0-255,66,103871,82,342953
721,0.001237,74.125.24.0-255,2902,106773,82,342953
722,0.00124,172.31.47.0-255,66,106839,82,342953
723,0.001263,172.31.47.0-255,66,106905,82,342953
724,0.001267,74.125.24.0-255,2184,109089,82,342953
725,0.001269,172.31.47.0-255,66,109155,82,342953
726,0.001333,74.125.24.0-255,1484,110639,82,342953
727,0.001338,74.125.24.0-255,2902,113541,82,342953
728,0.00134,172.31.47.0-255,66,113607,82,342953
729,0.00136,74.125.24.0-255,5738,119345,82,342953
730,0.001362,172.31.47.0-255,66,119411,82,342953
731,0.001404,172.31.47.0-255,66,119477,82,342953
732,0.001424,74.125.24.0-255,8574,128051,82,342953
733,0.001426,172.31.47.0-255,66,128117,82,342953
734,0.001446,74.125.24.0-255,2184,130301,82,342953
735,0.00145,74.125.24.0-255,4320,134621,82,342953
736,0.001453,172.31.47.0-255,66,134687,82,342953
737,0.001455,172.31.47.0-255,66,134753,82,342953
738,0.001473,74.125.24.0-255,5738,140491,82,342953
739,0.001475,172.31.47.0-255,66,140557,82,342953
740,0.001497,74.125.24.0-255,5738,146295,82,342953
741,0.001499,172.31.47.0-255,66,146361,82,342953
742,0.00151,74.125.24.0-255,4320,150681,82,342953
743,0.001513,172.31.47.0-255,66,150747,82,342953
744,0.001532,74.125.24.0-255,1484,152231,82,342953
745,0.00154,74.125.24.0-255,9992,162223,82,342953
746,0.001542,172.31.47.0-255,66,162289,82,342953
747,0.001586,74.125.24.0-255,2184,164473,82,342953
748,0.001588,172.31.47.0-255,66,164539,82,342953
749,0.00233,74.125.24.0-255,1484,166023,82,342953
750,0.002349,74.125.24.0-255,2902,168925,82,342953
751,0.002352,172.31.47.0-255,66,168991,82,342953
752,0.002356,74.125.24.0-255,1484,170475,82,342953
753,0.002373,74.125.24.0-255,4320,174795,82,342953
754,0.002375,172.31.47.0-255,66,174861,82,342953
755,0.002395,74.125.24.0-255,5738,180599,82,342953
756,0.002397,172.31.47.0-255,66,180665,82,342953
757,0.002409,74.125.24.0-255,2902,183567,82,342953
758,0.002411,172.31.47.0-255,66,183633,82,342953
759,0.002428,74.125.24.0-255,9992,193625,82,342953
760,0.002429,172.31.47.0-255,66,193691,82,342953
761,0.002435,74.125.24.0-255,5020,198711,82,342953
762,0.002436,172.31.47.0-255,66,198777,82,342953
763,0.005017,74.125.24.0-255,5738,204515,82,342953
764,0.00502,172.31.47.0-255,66,204581,82,342953
765,0.007633,74.125.24.0-255,5738,210319,82,342953
766,0.00764,172.31.47.0-255,66,210385,82,342953
767,0.010303,74.125.24.0-255,5738,216123,82,342953
768,0.010311,172.31.47.0-255,66,216189,82,342953
769,0.012892,74.125.24.0-255,5738,221927,82,342953
770,0.012905,172.31.47.0-255,66,221993,82,342953
771,0.015582,74.125.24.0-255,5738,227731,82,342953
772,0.015591,172.31.47.0-255,66,227797,82,342953
773,0.018182,74.125.24.0-255,4320,232117,82,342953
774,0.01819,172.31.47.0-255,66,232183,82,342953
775,0.018213,74.125.24.0-255,1484,233667,82,342953
776,0.02082,74.125.24.0-255,4320,237987,82,342953
777,0.02083,172.31.47.0-255,66,238053,82,342953
778,0.023484,74.125.24.0-255,5738,243791,82,342953
779,0.023491,172.31.47.0-255,66,243857,82,342953
780,0.026079,74.125.24.0-255,5738,249595,82,342953
781,0.026084,172.31.47.0-255,66,249661,82,342953
782,0.026505,172.31.47.0-255,175,249836,82,342953
783,0.026543,172.31.47.0-255,1136,250972,82,342953
784,0.0266,172.31.47.0-255,1514,252486,82,342953
785,0.026602,172.31.47.0-255,1263,253749,82,342953
786,0.028042,104.244.42.0-255,66,253815,82,342953
787,0.028207,104.244.42.0-255,66,253881,82,342953
788,0.028213,104.244.42.0-255,66,253947,82,342953
789,0.028696,74.125.24.0-255,5738,259685,82,342953
790,0.028702,172.31.47.0-255,66,259751,82,342953
791,0.031317,74.125.24.0-255,5738,265489,82,342953
792,0.031324,172.31.47.0-255,66,265555,82,342953
793,0.033937,74.125.24.0-255,5738,271293,82,342953
794,0.033942,172.31.47.0-255,66,271359,82,342953
795,0.036549,74.125.24.0-255,4320,275679,82,342953
796,0.036554,172.31.47.0-255,66,275745,82,342953
797,0.036578,74.125.24.0-255,1484,277229,82,342953
798,0.039115,74.125.24.0-255,4320,281549,82,342953
799,0.03912,172.31.47.0-255,66,281615,82,342953
800,0.04173,74.125.24.0-255,5738,287353,82,342953
801,0.041736,172.31.47.0-255,66,287419,82,342953
802,0.044363,74.125.24.0-255,5738,293157,82,342953
803,0.04437,172.31.47.0-255,66,293223,82,342953
804,0.046982,74.125.24.0-255,5738,298961,82,342953
805,0.046988,172.31.47.0-255,66,299027,82,342953
806,0.049623,74.125.24.0-255,4320,303347,82,342953
807,0.049627,172.31.47.0-255,66,303413,82,342953
808,0.049655,74.125.24.0-255,1484,304897,82,342953
809,0.052254,74.125.24.0-255,4320,309217,82,342953
810,0.052259,172.31.47.0-255,66,309283,82,342953
811,0.054822,74.125.24.0-255,4320,313603,82,342953
812,0.054828,172.31.47.0-255,66,313669,82,342953
813,0.054846,74.125.24.0-255,1484,315153,82,342953
814,0.057412,74.125.24.0-255,4320,319473,82,342953
815,0.057418,172.31.47.0-255,66,319539,82,342953
816,0.06,74.125.24.0-255,5738,325277,82,342953
817,0.060008,172.31.47.0-255,66,325343,82,342953
818,0.062633,74.125.24.0-255,5738,331081,82,342953
819,0.062638,172.31.47.0-255,66,331147,82,342953
820,0.065228,74.125.24.0-255,2902,334049,82,342953
821,0.065234,172.31.47.0-255,66,334115,82,342953
822,0.065264,74.125.24.0-255,2902,337017,82,342953
823,0.065267,172.31.47.0-255,66,337083,82,342953
824,0.067862,74.125.24.0-255,4320,341403,82,342953
825,0.067867,172.31.47.0-255,66,341469,82,342953
826,0.067901,74.125.24.0-255,1484,342953,82,342953
827,0.0,172.217.194.0-255,153,153,82,353644
828,3.6e-05,172.31.47.0-255,66,219,82,353644
829,4.2e-05,172.217.194.0-255,1484,1703,82,353644
830,4.6e-05,172.31.47.0-255,66,1769,82,353644
831,5e-05,172.217.194.0-255,2902,4671,82,353644
832,5.2e-05,172.31.47.0-255,66,4737,82,353644
833,5.9e-05,172.217.194.0-255,7156,11893,82,353644
834,6.1e-05,172.31.47.0-255,66,11959,82,353644
835,9.1e-05,172.31.47.0-255,66,12025,82,353644
836,0.000124,172.217.194.0-255,4320,16345,82,353644
837,0.000126,172.31.47.0-255,66,16411,82,353644
838,0.000149,172.217.194.0-255,3961,20372,82,353644
839,0.000151,172.31.47.0-255,66,20438,82,353644
840,0.000158,172.217.194.0-255,8574,29012,82,353644
841,0.00016,172.31.47.0-255,66,29078,82,353644
842,0.000162,172.217.194.0-255,1484,30562,82,353644
843,0.000163,172.31.47.0-255,66,30628,82,353644
844,0.00018,172.217.194.0-255,6797,37425,82,353644
845,0.000182,172.31.47.0-255,66,37491,82,353644
846,0.000725,172.217.194.0-255,1484,38975,82,353644
847,0.000731,172.31.47.0-255,66,39041,82,353644
848,0.00075,172.217.194.0-255,2902,41943,82,353644
849,0.000754,172.31.47.0-255,66,42009,82,353644
850,0.000759,172.217.194.0-255,5738,47747,82,353644
851,0.000761,172.31.47.0-255,66,47813,82,353644
852,0.000774,172.217.194.0-255,1484,49297,82,353644
853,0.000777,172.31.47.0-255,66,49363,82,353644
854,0.00081,172.217.194.0-255,5379,54742,82,353644
855,0.000813,172.31.47.0-255,66,54808,82,353644
856,0.000935,172.217.194.0-255,1484,56292,82,353644
857,0.000939,172.31.47.0-255,66,56358,82,353644
858,0.000947,172.217.194.0-255,2902,59260,82,353644
859,0.000948,172.31.47.0-255,66,59326,82,353644
860,0.000951,172.217.194.0-255,1484,60810,82,353644
861,0.000976,172.217.194.0-255,4320,65130,82,353644
862,0.000979,172.31.47.0-255,66,65196,82,353644
863,0.000986,172.217.194.0-255,6797,71993,82,353644
864,0.000987,172.31.47.0-255,66,72059,82,353644
865,0.001012,172.217.194.0-255,7156,79215,82,353644
866,0.001015,172.31.47.0-255,66,79281,82,353644
867,0.001063,172.217.194.0-255,8574,87855,82,353644
868,0.001067,172.217.194.0-255,2902,90757,82,353644
869,0.001072,172.31.47.0-255,66,90823,82,353644
870,0.001075,172.31.47.0-255,66,90889,82,353644
871,0.001104,172.217.194.0-255,7156,98045,82,353644
872,0.001108,172.31.47.0-255,66,98111,82,353644
873,0.001115,172.217.194.0-255,7741,105852,82,353644
874,0.001117,172.31.47.0-255,66,105918,82,353644
875,0.001141,172.217.194.0-255,2902,108820,82,353644
876,0.001146,172.31.47.0-255,66,108886,82,353644
877,0.00115,172.217.194.0-255,4320,113206,82,353644
878,0.001152,172.31.47.0-255,66,113272,82,353644
879,0.001217,172.217.194.0-255,5738,119010,82,353644
880,0.001222,172.31.47.0-255,66,119076,82,353644
881,0.001245,172.217.194.0-255,2902,121978,82,353644
882,0.001248,172.31.47.0-255,66,122044,82,353644
883,0.001251,172.217.194.0-255,1249,123293,82,353644
884,0.001263,172.217.194.0-255,1484,124777,82,353644
885,0.001266,172.31.47.0-255,66,124843,82,353644
886,0.00127,172.217.194.0-255,2902,127745,82,353644
887,0.001272,172.31.47.0-255,66,127811,82,353644
888,0.0013,172.217.194.0-255,1484,129295,82,353644
889,0.001305,172.217.194.0-255,4320,133615,82,353644
890,0.001309,172.217.194.0-255,4320,137935,82,353644
891,0.001315,172.31.47.0-255,66,138001,82,353644
892,0.001317,172.31.47.0-255,66,138067,82,353644
893,0.001337,172.217.194.0-255,5738,143805,82,353644
894,0.001341,172.31.47.0-255,66,143871,82,353644
895,0.001348,172.217.194.0-255,8574,152445,82,353644
896,0.00135,172.31.47.0-255,66,152511,82,353644
897,0.001369,172.217.194.0-255,5020,157531,82,353644
898,0.001372,172.31.47.0-255,66,157597,82,353644
899,0.001807,172.217.194.0-255,1484,159081,82,353644
900,0.001813,172.217.194.0-255,2902,161983,82,353644
901,0.001816,172.31.47.0-255,66,162049,82,353644
902,0.001845,172.217.194.0-255,5738,167787,82,353644
903,0.001848,172.31.47.0-255,66,167853,82,353644
904,0.001871,172.217.194.0-255,5738,173591,82,353644
905,0.001874,172.31.47.0-255,66,173657,82,353644
906,0.001879,172.217.194.0-255,4320,177977,82,353644
907,0.001881,172.31.47.0-255,66,178043,82,353644
908,0.001896,172.217.194.0-255,2902,180945,82,353644
909,0.001898,172.31.47.0-255,66,181011,82,353644
910,0.001905,172.217.194.0-255,7156,188167,82,353644
911,0.001907,172.31.47.0-255,66,188233,82,353644
912,0.00193,172.217.194.0-255,1484,189717,82,353644
913,0.001949,172.217.194.0-255,2184,191901,82,353644
914,0.001952,172.31.47.0-255,66,191967,82,353644
915,0.00203,172.217.194.0-255,1484,193451,82,353644
916,0.002035,172.217.194.0-255,2902,196353,82,353644
917,0.002038,172.31.47.0-255,66,196419,82,353644
918,0.002072,172.217.194.0-255,2902,199321,82,353644
919,0.002075,172.31.47.0-255,66,199387,82,353644
920,0.002094,172.217.194.0-255,2902,202289,82,353644
921,0.002098,172.31.47.0-255,66,202355,82,353644
922,0.002107,172.217.194.0-255,4320,206675,82,353644
923,0.002109,172.31.47.0-255,66,206741,82,353644
924,0.002134,172.217.194.0-255,5738,212479,82,353644
925,0.002137,172.31.47.0-255,66,212545,82,353644
926,0.002141,172.217.194.0-255,1484,214029,82,353644
927,0.002175,172.217.194.0-255,9992,224021,82,353644
928,0.002179,172.31.47.0-255,66,224087,82,353644
929,0.002183,172.217.194.0-255,2184,226271,82,353644
930,0.002185,172.31.47.0-255,66,226337,82,353644
931,0.002274,172.217.194.0-255,1484,227821,82,353644
932,0.002279,172.217.194.0-255,2902,230723,82,353644
933,0.002283,172.31.47.0-255,66,230789,82,353644
934,0.002287,172.217.194.0-255,2902,233691,82,353644
935,0.002289,172.31.47.0-255,66,233757,82,353644
936,0.002306,172.217.194.0-255,2902,236659,82,353644
937,0.002308,172.31.47.0-255,66,236725,82,353644
938,0.002313,172.217.194.0-255,2902,239627,82,353644
939,0.002315,172.31.47.0-255,66,239693,82,353644
940,0.002367,172.217.194.0-255,5738,245431,82,353644
941,0.002372,172.31.47.0-255,66,245497,82,353644
942,0.002381,172.217.194.0-255,9992,255489,82,353644
943,0.002383,172.31.47.0-255,66,255555,82,353644
944,0.002388,172.217.194.0-255,5020,260575,82,353644
945,0.002389,172.31.47.0-255,66,260641,82,353644
946,0.002421,172.217.194.0-255,1484,262125,82,353644
947,0.002425,172.217.194.0-255,2902,265027,82,353644
948,0.002428,172.31.47.0-255,66,265093,82,353644
949,0.00245,172.217.194.0-255,5738,270831,82,353644
950,0.002454,172.31.47.0-255,66,270897,82,353644
951,0.002458,172.217.194.0-255,4320,275217,82,353644
952,0.00246,172.31.47.0-255,66,275283,82,353644
953,0.002499,172.217.194.0-255,8574,283857,82,353644
954,0.002503,172.31.47.0-255,66,283923,82,353644
955,0.002511,172.217.194.0-255,9992,293915,82,353644
956,0.002513,172.31.47.0-255,66,293981,82,353644
957,0.002533,172.217.194.0-255,7156,301137,82,353644
958,0.002535,172.31.47.0-255,66,301203,82,353644
959,0.002584,172.31.47.0-255,66,301269,82,353644
960,0.002592,172.217.194.0-255,9274,310543,82,353644
961,0.002594,172.31.47.0-255,66,310609,82,353644
962,0.002677,172.31.47.0-255,66,310675,82,353644
963,0.00268,172.217.194.0-255,1484,312159,82,353644
964,0.005263,172.217.194.0-255,4320,316479,82,353644
965,0.005269,172.31.47.0-255,66,316545,82,353644
966,0.007874,172.217.194.0-255,5738,322283,82,353644
967,0.007878,172.31.47.0-255,66,322349,82,353644
968,0.010476,172.217.194.0-255,5738,328087,82,353644
969,0.010484,172.31.47.0-255,66,328153,82,353644
970,0.013076,172.217.194.0-255,5738,333891,82,353644
971,0.01308,172.31.47.0-255,66,333957,82,353644
972,0.015651,172.217.194.0-255,5738,339695,82,353644
973,0.015658,172.31.47.0-255,66,339761,82,353644
974,0.01826,172.217.194.0-255,5738,345499,82,353644
975,0.018265,172.31.47.0-255,66,345565,82,353644
976,0.020865,172.217.194.0-255,4654,350219,82,353644
977,0.020872,172.31.47.0-255,66,350285,82,353644
978,0.021075,172.31.47.0-255,105,350390,82,353644
979,0.023629,172.217.194.0-255,66,350456,82,353644
980,0.032345,172.31.47.0-255,172,350628,82,353644
981,0.032375,172.31.47.0-255,1111,351739,82,353644
982,0.032402,172.31.47.0-255,1514,353253,82,353644
983,0.032403,172.31.47.0-255,325,353578,82,353644
984,0.033956,104.244.42.0-255,66,353644,82,353644
985,0.0,74.125.200.0-255,162,162,82,292719
986,2.2e-05,172.31.47.0-255,66,228,82,292719
987,2.8e-05,74.125.200.0-255,1484,1712,82,292719
988,3.2e-05,172.31.47.0-255,66,1778,82,292719
989,3.8e-05,74.125.200.0-255,2902,4680,82,292719
990,4.7e-05,172.31.47.0-255,66,4746,82,292719
991,5e-05,74.125.200.0-255,1484,6230,82,292719
992,5.2e-05,172.31.47.0-255,66,6296,82,292719
993,5.7e-05,74.125.200.0-255,2902,9198,82,292719
994,5.9e-05,172.31.47.0-255,66,9264,82,292719
995,9.6e-05,74.125.200.0-255,5050,14314,82,292719
996,0.0001,172.31.47.0-255,66,14380,82,292719
997,0.000322,74.125.200.0-255,1484,15864,82,292719
998,0.000327,172.31.47.0-255,66,15930,82,292719
999,0.000332,74.125.200.0-255,2902,18832,82,292719
1000,0.000334,172.31.47.0-255,66,18898,82,292719
1001,0.000369,74.125.200.0-255,5738,24636,82,292719
1002,0.000372,172.31.47.0-255,66,24702,82,292719
1003,0.000377,74.125.200.0-255,4320,29022,82,292719
1004,0.000379,172.31.47.0-255,66,29088,82,292719
1005,0.000399,74.125.200.0-255,2543,31631,82,292719
1006,0.000405,172.31.47.0-255,66,31697,82,292719
1007,0.000666,74.125.200.0-255,1484,33181,82,292719
1008,0.00067,172.31.47.0-255,66,33247,82,292719
1009,0.000677,74.125.200.0-255,2902,36149,82,292719
1010,0.000679,172.31.47.0-255,66,36215,82,292719
1011,0.000688,74.125.200.0-255,2902,39117,82,292719
1012,0.00069,172.31.47.0-255,66,39183,82,292719
1013,0.000712,74.125.200.0-255,4320,43503,82,292719
1014,0.000713,172.31.47.0-255,66,43569,82,292719
1015,0.000763,74.125.200.0-255,6797,50366,82,292719
1016,0.000766,172.31.47.0-255,66,50432,82,292719
1017,0.000773,74.125.200.0-255,7156,57588,82,292719
1018,0.000774,172.31.47.0-255,66,57654,82,292719
1019,0.000802,74.125.200.0-255,8215,65869,82,292719
1020,0.000805,172.31.47.0-255,66,65935,82,292719
1021,0.001386,74.125.200.0-255,647,66582,82,292719
1022,0.001525,74.125.200.0-255,1484,68066,82,292719
1023,0.001529,172.31.47.0-255,66,68132,82,292719
1024,0.001536,74.125.200.0-255,2902,71034,82,292719
1025,0.001538,172.31.47.0-255,66,71100,82,292719
1026,0.001562,74.125.200.0-255,1484,72584,82,292719
1027,0.001567,74.125.200.0-255,2902,75486,82,292719
1028,0.001569,172.31.47.0-255,66,75552,82,292719
1029,0.001575,74.125.200.0-255,5738,81290,82,292719
1030,0.001577,172.31.47.0-255,66,81356,82,292719
1031,0.00164,172.31.47.0-255,66,81422,82,292719
1032,0.001643,74.125.200.0-255,1484,82906,82,292719
1033,0.001669,74.125.200.0-255,6438,89344,82,292719
1034,0.001671,172.31.47.0-255,66,89410,82,292719
1035,0.002018,74.125.200.0-255,1484,90894,82,292719
1036,0.00203,74.125.200.0-255,1484,92378,82,292719
1037,0.002032,172.31.47.0-255,66,92444,82,292719
1038,0.002054,74.125.200.0-255,1484,93928,82,292719
1039,0.00206,74.125.200.0-255,5738,99666,82,292719
1040,0.002062,172.31.47.0-255,66,99732,82,292719
1041,0.002082,74.125.200.0-255,7156,106888,82,292719
1042,0.002085,172.31.47.0-255,66,106954,82,292719
1043,0.002117,74.125.200.0-255,9992,116946,82,292719
1044,0.002119,172.31.47.0-255,66,117012,82,292719
1045,0.002145,74.125.200.0-255,2902,119914,82,292719
1046,0.002147,172.31.47.0-255,66,119980,82,292719
1047,0.00215,74.125.200.0-255,1484,121464,82,292719
1048,0.002174,74.125.200.0-255,2184,123648,82,292719
1049,0.002176,172.31.47.0-255,66,123714,82,292719
1050,0.004431,74.125.200.0-255,4320,128034,82,292719
1051,0.004437,172.31.47.0-255,66,128100,82,292719
1052,0.004461,74.125.200.0-255,1484,129584,82,292719
1053,0.006723,74.125.200.0-255,4320,133904,82,292719
1054,0.006729,172.31.47.0-255,66,133970,82,292719
1055,0.009014,74.125.200.0-255,5738,139708,82,292719
1056,0.009021,172.31.47.0-255,66,139774,82,292719
1057,0.011323,74.125.200.0-255,5738,145512,82,292719
1058,0.011333,172.31.47.0-255,66,145578,82,292719
1059,0.013623,74.125.200.0-255,5738,151316,82,292719
1060,0.013631,172.31.47.0-255,66,151382,82,292719
1061,0.015927,74.125.200.0-255,5738,157120,82,292719
1062,0.015935,172.31.47.0-255,66,157186,82,292719
1063,0.018219,74.125.200.0-255,5738,162924,82,292719
1064,0.018228,172.31.47.0-255,66,162990,82,292719
1065,0.020518,74.125.200.0-255,5738,168728,82,292719
1066,0.020524,172.31.47.0-255,66,168794,82,292719
1067,0.021464,172.31.47.0-255,172,168966,82,292719
1068,0.021493,172.31.47.0-255,1111,170077,82,292719
1069,0.021542,172.31.47.0-255,1514,171591,82,292719
1070,0.021544,172.31.47.0-255,1288,172879,82,292719
1071,0.022814,74.125.200.0-255,5738,178617,82,292719
1072,0.02282,172.31.47.0-255,66,178683,82,292719
1073,0.023017,104.244.42.0-255,66,178749,82,292719
1074,0.023024,104.244.42.0-255,66,178815,82,292719
1075,0.023136,104.244.42.0-255,66,178881,82,292719
1076,0.025096,74.125.200.0-255,5738,184619,82,292719
1077,0.025102,172.31.47.0-255,66,184685,82,292719
1078,0.027394,74.125.200.0-255,5738,190423,82,292719
1079,0.027402,172.31.47.0-255,66,190489,82,292719
1080,0.029672,74.125.200.0-255,4320,194809,82,292719
1081,0.029677,172.31.47.0-255,66,194875,82,292719
1082,0.029704,74.125.200.0-255,1484,196359,82,292719
1083,0.031951,74.125.200.0-255,4320,200679,82,292719
1084,0.031956,172.31.47.0-255,66,200745,82,292719
1085,0.034229,74.125.200.0-255,1484,202229,82,292719
1086,0.034255,74.125.200.0-255,4320,206549,82,292719
1087,0.034259,172.31.47.0-255,66,206615,82,292719
1088,0.036538,74.125.200.0-255,5738,212353,82,292719
1089,0.036543,172.31.47.0-255,66,212419,82,292719
1090,0.038824,74.125.200.0-255,5738,218157,82,292719
1091,0.03883,172.31.47.0-255,66,218223,82,292719
1092,0.041113,74.125.200.0-255,5738,223961,82,292719
1093,0.04112,172.31.47.0-255,66,224027,82,292719
1094,0.043411,74.125.200.0-255,5738,229765,82,292719
1095,0.043418,172.31.47.0-255,66,229831,82,292719
1096,0.045697,74.125.200.0-255,5738,235569,82,292719
1097,0.045703,172.31.47.0-255,66,235635,82,292719
1098,0.047999,74.125.200.0-255,5738,241373,82,292719
1099,0.048006,172.31.47.0-255,66,241439,82,292719
1100,0.050296,74.125.200.0-255,5738,247177,82,292719
1101,0.050303,172.31.47.0-255,66,247243,82,292719
1102,0.052577,74.125.200.0-255,2902,250145,82,292719
1103,0.052583,172.31.47.0-255,66,250211,82,292719
1104,0.052608,74.125.200.0-255,2902,253113,82,292719
1105,0.052611,172.31.47.0-255,66,253179,82,292719
1106,0.054857,74.125.200.0-255,2902,256081,82,292719
1107,0.054864,172.31.47.0-255,66,256147,82,292719
1108,0.054894,74.125.200.0-255,2902,259049,82,292719
1109,0.054898,172.31.47.0-255,66,259115,82,292719
1110,0.057179,74.125.200.0-255,2902,262017,82,292719
1111,0.057186,172.31.47.0-255,66,262083,82,292719
1112,0.057213,74.125.200.0-255,2902,264985,82,292719
1113,0.057216,172.31.47.0-255,66,265051,82,292719
1114,0.059483,74.125.200.0-255,4320,269371,82,292719
1115,0.059489,172.31.47.0-255,66,269437,82,292719
1116,0.059512,74.125.200.0-255,1484,270921,82,292719
1117,0.061772,74.125.200.0-255,4320,275241,82,292719
1118,0.061777,172.31.47.0-255,66,275307,82,292719
1119,0.064066,74.125.200.0-255,5738,281045,82,292719
1120,0.064071,172.31.47.0-255,66,281111,82,292719
1121,0.066367,74.125.200.0-255,5738,286849,82,292719
1122,0.066374,172.31.47.0-255,66,286915,82,292719
1123,0.068662,74.125.200.0-255,5738,292653,82,292719
1124,0.068669,172.31.47.0-255,66,292719,82,292719
1125,0.0,74.125.24.0-255,154,154,82,359965
1126,2.4e-05,172.31.47.0-255,66,220,82,359965
1127,2.9e-05,74.125.24.0-255,1484,1704,82,359965
1128,3.3e-05,172.31.47.0-255,66,1770,82,359965
1129,4.3e-05,74.125.24.0-255,2902,4672,82,359965
1130,4.5e-05,172.31.47.0-255,66,4738,82,359965
1131,4.8e-05,74.125.24.0-255,1484,6222,82,359965
1132,5e-05,172.31.47.0-255,66,6288,82,359965
1133,7.2e-05,74.125.24.0-255,5738,12026,82,359965
1134,7.5e-05,172.31.47.0-255,66,12092,82,359965
1135,9.8e-05,74.125.24.0-255,2089,14181,82,359965
1136,0.0001,172.31.47.0-255,66,14247,82,359965
1137,0.000136,172.31.47.0-255,66,14313,82,359965
1138,0.00018,74.125.24.0-255,2902,17215,82,359965
1139,0.000183,172.31.47.0-255,66,17281,82,359965
1140,0.000204,74.125.24.0-255,2543,19824,82,359965
1141,0.000207,172.31.47.0-255,66,19890,82,359965
1142,0.000422,74.125.24.0-255,1484,21374,82,359965
1143,0.000426,172.31.47.0-255,66,21440,82,359965
1144,0.00043,74.125.24.0-255,1484,22924,82,359965
1145,0.000432,172.31.47.0-255,66,22990,82,359965
1146,0.000465,74.125.24.0-255,1484,24474,82,359965
1147,0.000468,172.31.47.0-255,66,24540,82,359965
1148,0.000473,74.125.24.0-255,5738,30278,82,359965
1149,0.000475,172.31.47.0-255,66,30344,82,359965
1150,0.00049,74.125.24.0-255,4320,34664,82,359965
1151,0.000493,172.31.47.0-255,66,34730,82,359965
1152,0.000524,74.125.24.0-255,9633,44363,82,359965
1153,0.000527,172.31.47.0-255,66,44429,82,359965
1154,0.000551,74.125.24.0-255,5738,50167,82,359965
1155,0.000554,172.31.47.0-255,66,50233,82,359965
1156,0.000578,74.125.24.0-255,4259,54492,82,359965
1157,0.00058,172.31.47.0-255,66,54558,82,359965
1158,0.000591,74.125.24.0-255,410,54968,82,359965
1159,0.000689,172.31.47.0-255,66,55034,82,359965
1160,0.00086,74.125.24.0-255,1484,56518,82,359965
1161,0.000869,74.125.24.0-255,2902,59420,82,359965
1162,0.000873,172.31.47.0-255,66,59486,82,359965
1163,0.000879,74.125.24.0-255,5738,65224,82,359965
1164,0.000881,172.31.47.0-255,66,65290,82,359965
1165,0.000907,74.125.24.0-255,1484,66774,82,359965
1166,0.000925,74.125.24.0-255,5738,72512,82,359965
1167,0.000928,172.31.47.0-255,66,72578,82,359965
1168,0.000952,74.125.24.0-255,5738,78316,82,359965
1169,0.000955,172.31.47.0-255,66,78382,82,359965
1170,0.000982,74.125.24.0-255,8574,86956,82,359965
1171,0.000984,172.31.47.0-255,66,87022,82,359965
1172,0.001039,74.125.24.0-255,2184,89206,82,359965
1173,0.001043,172.31.47.0-255,66,89272,82,359965
1174,0.001095,74.125.24.0-255,1484,90756,82,359965
1175,0.001113,74.125.24.0-255,1484,92240,82,359965
1176,0.001116,172.31.47.0-255,66,92306,82,359965
1177,0.001121,74.125.24.0-255,4320,96626,82,359965
1178,0.001123,172.31.47.0-255,66,96692,82,359965
1179,0.001134,74.125.24.0-255,8574,105266,82,359965
1180,0.001137,172.31.47.0-255,66,105332,82,359965
1181,0.001187,74.125.24.0-255,4320,109652,82,359965
1182,0.00119,172.31.47.0-255,66,109718,82,359965
1183,0.001215,74.125.24.0-255,5738,115456,82,359965
1184,0.001219,172.31.47.0-255,66,115522,82,359965
1185,0.00125,74.125.24.0-255,7856,123378,82,359965
1186,0.001253,172.31.47.0-255,66,123444,82,359965
1187,0.001391,74.125.24.0-255,1484,124928,82,359965
1188,0.001405,74.125.24.0-255,2902,127830,82,359965
1189,0.001409,172.31.47.0-255,66,127896,82,359965
1190,0.001414,74.125.24.0-255,4320,132216,82,359965
1191,0.001416,172.31.47.0-255,66,132282,82,359965
1192,0.001436,74.125.24.0-255,1484,133766,82,359965
1193,0.001439,74.125.24.0-255,1484,135250,82,359965
1194,0.001441,172.31.47.0-255,66,135316,82,359965
1195,0.001485,172.31.47.0-255,66,135382,82,359965
1196,0.001553,74.125.24.0-255,4320,139702,82,359965
1197,0.001556,172.31.47.0-255,66,139768,82,359965
1198,0.001574,74.125.24.0-255,5738,145506,82,359965
1199,0.001576,172.31.47.0-255,66,145572,82,359965
1200,0.001579,74.125.24.0-255,766,146338,82,359965
1201,0.001602,74.125.24.0-255,1484,147822,82,359965
1202,0.001604,172.31.47.0-255,66,147888,82,359965
1203,0.001609,74.125.24.0-255,4320,152208,82,359965
1204,0.001612,172.31.47.0-255,66,152274,82,359965
1205,0.001635,74.125.24.0-255,9992,162266,82,359965
1206,0.001638,172.31.47.0-255,66,162332,82,359965
1207,0.001687,74.125.24.0-255,2902,165234,82,359965
1208,0.001689,172.31.47.0-255,66,165300,82,359965
1209,0.001717,172.31.47.0-255,66,165366,82,359965
1210,0.00174,74.125.24.0-255,3602,168968,82,359965
1211,0.001742,172.31.47.0-255,66,169034,82,359965
1212,0.001788,74.125.24.0-255,1484,170518,82,359965
1213,0.00182,172.31.47.0-255,66,170584,82,359965
1214,0.00184,74.125.24.0-255,1484,172068,82,359965
1215,0.001907,74.125.24.0-255,4320,176388,82,359965
1216,0.00191,172.31.47.0-255,66,176454,82,359965
1217,0.001946,74.125.24.0-255,10692,187146,82,359965
1218,0.001948,172.31.47.0-255,66,187212,82,359965
1219,0.001996,74.125.24.0-255,4320,191532,82,359965
1220,0.001999,172.31.47.0-255,66,191598,82,359965
1221,0.002015,74.125.24.0-255,4320,195918,82,359965
1222,0.002018,172.31.47.0-255,66,195984,82,359965
1223,0.002052,74.125.24.0-255,4320,200304,82,359965
1224,0.002054,172.31.47.0-255,66,200370,82,359965
1225,0.002094,74.125.24.0-255,5738,206108,82,359965
1226,0.002097,172.31.47.0-255,66,206174,82,359965
1227,0.002128,172.31.47.0-255,66,206240,82,359965
1228,0.00214,74.125.24.0-255,2184,208424,82,359965
1229,0.002147,172.31.47.0-255,66,208490,82,359965
1230,0.00413,74.125.24.0-255,5738,214228,82,359965
1231,0.004136,172.31.47.0-255,66,214294,82,359965
1232,0.006137,74.125.24.0-255,5738,220032,82,359965
1233,0.006143,172.31.47.0-255,66,220098,82,359965
1234,0.008155,74.125.24.0-255,5738,225836,82,359965
1235,0.008161,172.31.47.0-255,66,225902,82,359965
1236,0.010136,74.125.24.0-255,5738,231640,82,359965
1237,0.010141,172.31.47.0-255,66,231706,82,359965
1238,0.012153,74.125.24.0-255,4320,236026,82,359965
1239,0.012159,172.31.47.0-255,66,236092,82,359965
1240,0.012183,74.125.24.0-255,1484,237576,82,359965
1241,0.014134,74.125.24.0-255,4320,241896,82,359965
1242,0.014141,172.31.47.0-255,66,241962,82,359965
1243,0.016158,74.125.24.0-255,5738,247700,82,359965
1244,0.016164,172.31.47.0-255,66,247766,82,359965
1245,0.018142,74.125.24.0-255,4320,252086,82,359965
1246,0.018149,172.31.47.0-255,66,252152,82,359965
1247,0.018187,74.125.24.0-255,1484,253636,82,359965
1248,0.020165,74.125.24.0-255,4320,257956,82,359965
1249,0.020174,172.31.47.0-255,66,258022,82,359965
1250,0.022152,74.125.24.0-255,5738,263760,82,359965
1251,0.02216,172.31.47.0-255,66,263826,82,359965
1252,0.024159,74.125.24.0-255,5738,269564,82,359965
1253,0.024166,172.31.47.0-255,66,269630,82,359965
1254,0.026154,74.125.24.0-255,5738,275368,82,359965
1255,0.02616,172.31.47.0-255,66,275434,82,359965
1256,0.02814,74.125.24.0-255,5738,281172,82,359965
1257,0.028147,172.31.47.0-255,66,281238,82,359965
1258,0.030185,74.125.24.0-255,5738,286976,82,359965
1259,0.030191,172.31.47.0-255,66,287042,82,359965
1260,0.031814,172.31.47.0-255,172,287214,82,359965
1261,0.031841,172.31.47.0-255,1112,288326,82,359965
1262,0.031898,172.31.47.0-255,1514,289840,82,359965
1263,0.0319,172.31.47.0-255,1514,291354,82,359965
1264,0.031905,172.31.47.0-255,1514,292868,82,359965
1265,0.031906,172.31.47.0-255,1514,294382,82,359965
1266,0.031935,172.31.47.0-255,1479,295861,82,359965
1267,0.032186,74.125.24.0-255,5738,301599,82,359965
1268,0.032192,172.31.47.0-255,66,301665,82,359965
1269,0.033358,104.244.42.0-255,66,301731,82,359965
1270,0.033412,104.244.42.0-255,66,301797,82,359965
1271,0.033487,104.244.42.0-255,66,301863,82,359965
1272,0.033531,104.244.42.0-255,66,301929,82,359965
1273,0.034153,74.125.24.0-255,2902,304831,82,359965
1274,0.034157,172.31.47.0-255,66,304897,82,359965
1275,0.034193,74.125.24.0-255,2902,307799,82,359965
1276,0.034197,172.31.47.0-255,66,307865,82,359965
1277,0.036165,74.125.24.0-255,2902,310767,82,359965
1278,0.036171,172.31.47.0-255,66,310833,82,359965
1279,0.036207,74.125.24.0-255,2902,313735,82,359965
1280,0.03621,172.31.47.0-255,66,313801,82,359965
1281,0.038163,74.125.24.0-255,2902,316703,82,359965
1282,0.038169,172.31.47.0-255,66,316769,82,359965
1283,0.038198,74.125.24.0-255,2902,319671,82,359965
1284,0.038202,172.31.47.0-255,66,319737,82,359965
1285,0.040155,74.125.24.0-255,2902,322639,82,359965
1286,0.040161,172.31.47.0-255,66,322705,82,359965
1287,0.040196,74.125.24.0-255,2902,325607,82,359965
1288,0.040199,172.31.47.0-255,66,325673,82,359965
1289,0.042161,74.125.24.0-255,2902,328575,82,359965
1290,0.042167,172.31.47.0-255,66,328641,82,359965
1291,0.042201,74.125.24.0-255,2902,331543,82,359965
1292,0.042205,172.31.47.0-255,66,331609,82,359965
1293,0.044155,74.125.24.0-255,2902,334511,82,359965
1294,0.04416,172.31.47.0-255,66,334577,82,359965
1295,0.044198,74.125.24.0-255,2902,337479,82,359965
1296,0.044201,172.31.47.0-255,66,337545,82,359965
1297,0.046145,74.125.24.0-255,2902,340447,82,359965
1298,0.04615,172.31.47.0-255,66,340513,82,359965
1299,0.046175,74.125.24.0-255,1484,341997,82,359965
1300,0.046187,74.125.24.0-255,1484,343481,82,359965
1301,0.046189,172.31.47.0-255,66,343547,82,359965
1302,0.048129,74.125.24.0-255,2902,346449,82,359965
1303,0.048133,172.31.47.0-255,66,346515,82,359965
1304,0.048169,74.125.24.0-255,2902,349417,82,359965
1305,0.048172,172.31.47.0-255,66,349483,82,359965
1306,0.050153,74.125.24.0-255,5738,355221,82,359965
1307,0.050157,172.31.47.0-255,66,355287,82,359965
1308,0.052133,74.125.24.0-255,4441,359728,82,359965
1309,0.052138,172.31.47.0-255,66,359794,82,359965
1310,0.052348,172.31.47.0-255,105,359899,82,359965
1311,0.054319,74.125.24.0-255,66,359965,82,359965
1312,0.0,74.125.24.0-255,153,153,82,333538
1313,2.3e-05,172.31.47.0-255,66,219,82,333538
1314,3e-05,74.125.24.0-255,1484,1703,82,333538
1315,3.4e-05,172.31.47.0-255,66,1769,82,333538
1316,3.9e-05,74.125.24.0-255,2902,4671,82,333538
1317,5e-05,172.31.47.0-255,66,4737,82,333538
1318,5.7e-05,74.125.24.0-255,7156,11893,82,333538
1319,6e-05,172.31.47.0-255,66,11959,82,333538
1320,6.4e-05,74.125.24.0-255,2013,13972,82,333538
1321,6.7e-05,172.31.47.0-255,66,14038,82,333538
1322,0.000528,74.125.24.0-255,1484,15522,82,333538
1323,0.000533,172.31.47.0-255,66,15588,82,333538
1324,0.000541,74.125.24.0-255,2902,18490,82,333538
1325,0.000544,172.31.47.0-255,66,18556,82,333538
1326,0.000555,74.125.24.0-255,5738,24294,82,333538
1327,0.000558,172.31.47.0-255,66,24360,82,333538
1328,0.00058,74.125.24.0-255,2902,27262,82,333538
1329,0.000582,172.31.47.0-255,66,27328,82,333538
1330,0.000606,74.125.24.0-255,3961,31289,82,333538
1331,0.000613,172.31.47.0-255,66,31355,82,333538
1332,0.00072,74.125.24.0-255,1484,32839,82,333538
1333,0.000723,172.31.47.0-255,66,32905,82,333538
1334,0.000729,74.125.24.0-255,2902,35807,82,333538
1335,0.00073,172.31.47.0-255,66,35873,82,333538
1336,0.000758,74.125.24.0-255,5738,41611,82,333538
1337,0.000761,172.31.47.0-255,66,41677,82,333538
1338,0.000764,74.125.24.0-255,1484,43161,82,333538
1339,0.000765,172.31.47.0-255,66,43227,82,333538
1340,0.000794,74.125.24.0-255,8574,51801,82,333538
1341,0.000797,172.31.47.0-255,66,51867,82,333538
1342,0.000825,74.125.24.0-255,3961,55828,82,333538
1343,0.000827,172.31.47.0-255,66,55894,82,333538
1344,0.000833,74.125.24.0-255,5738,61632,82,333538
1345,0.000835,172.31.47.0-255,66,61698,82,333538
1346,0.000843,74.125.24.0-255,3961,65659,82,333538
1347,0.000845,172.31.47.0-255,66,65725,82,333538
1348,0.000865,74.125.24.0-255,397,66122,82,333538
1349,0.000906,74.125.24.0-255,347,66469,82,333538
1350,0.001214,74.125.24.0-255,1484,67953,82,333538
1351,0.00122,172.31.47.0-255,66,68019,82,333538
1352,0.001226,74.125.24.0-255,2902,70921,82,333538
1353,0.001229,172.31.47.0-255,66,70987,82,333538
1354,0.001266,74.125.24.0-255,4320,75307,82,333538
1355,0.001269,172.31.47.0-255,66,75373,82,333538
1356,0.001274,74.125.24.0-255,5738,81111,82,333538
1357,0.001276,172.31.47.0-255,66,81177,82,333538
1358,0.001285,74.125.24.0-255,4320,85497,82,333538
1359,0.001287,172.31.47.0-255,66,85563,82,333538
1360,0.001321,74.125.24.0-255,7156,92719,82,333538
1361,0.001324,172.31.47.0-255,66,92785,82,333538
1362,0.00133,74.125.24.0-255,5738,98523,82,333538
1363,0.001332,172.31.47.0-255,66,98589,82,333538
1364,0.001336,74.125.24.0-255,2184,100773,82,333538
1365,0.001338,172.31.47.0-255,66,100839,82,333538
1366,0.001985,74.125.24.0-255,1484,102323,82,333538
1367,0.002005,74.125.24.0-255,2902,105225,82,333538
1368,0.002008,172.31.47.0-255,66,105291,82,333538
1369,0.002031,74.125.24.0-255,1484,106775,82,333538
1370,0.00205,74.125.24.0-255,4320,111095,82,333538
1371,0.002052,172.31.47.0-255,66,111161,82,333538
1372,0.002055,74.125.24.0-255,1484,112645,82,333538
1373,0.002079,74.125.24.0-255,8574,121219,82,333538
1374,0.002081,172.31.47.0-255,66,121285,82,333538
1375,0.00211,74.125.24.0-255,7156,128441,82,333538
1376,0.002113,172.31.47.0-255,66,128507,82,333538
1377,0.002152,74.125.24.0-255,2902,131409,82,333538
1378,0.002154,172.31.47.0-255,66,131475,82,333538
1379,0.00218,74.125.24.0-255,3602,135077,82,333538
1380,0.002182,172.31.47.0-255,66,135143,82,333538
1381,0.002272,74.125.24.0-255,1484,136627,82,333538
1382,0.002278,74.125.24.0-255,2902,139529,82,333538
1383,0.002282,172.31.47.0-255,66,139595,82,333538
1384,0.002289,74.125.24.0-255,5738,145333,82,333538
1385,0.002291,172.31.47.0-255,66,145399,82,333538
1386,0.002319,74.125.24.0-255,4320,149719,82,333538
1387,0.002322,172.31.47.0-255,66,149785,82,333538
1388,0.002349,74.125.24.0-255,4320,154105,82,333538
1389,0.002352,172.31.47.0-255,66,154171,82,333538
1390,0.002383,74.125.24.0-255,7156,161327,82,333538
1391,0.002386,172.31.47.0-255,66,161393,82,333538
1392,0.00239,74.125.24.0-255,2902,164295,82,333538
1393,0.002392,172.31.47.0-255,66,164361,82,333538
1394,0.002397,74.125.24.0-255,5020,169381,82,333538
1395,0.002404,172.31.47.0-255,66,169447,82,333538
1396,0.004775,74.125.24.0-255,5738,175185,82,333538
1397,0.004781,172.31.47.0-255,66,175251,82,333538
1398,0.007145,74.125.24.0-255,5738,180989,82,333538
1399,0.007152,172.31.47.0-255,66,181055,82,333538
1400,0.009496,74.125.24.0-255,5738,186793,82,333538
1401,0.009508,172.31.47.0-255,66,186859,82,333538
1402,0.0119,74.125.24.0-255,5738,192597,82,333538
1403,0.011911,172.31.47.0-255,66,192663,82,333538
1404,0.014241,74.125.24.0-255,5738,198401,82,333538
1405,0.014249,172.31.47.0-255,66,198467,82,333538
1406,0.016578,74.125.24.0-255,5738,204205,82,333538
1407,0.016584,172.31.47.0-255,66,204271,82,333538
1408,0.018943,74.125.24.0-255,5738,210009,82,333538
1409,0.018956,172.31.47.0-255,66,210075,82,333538
1410,0.020391,172.31.47.0-255,172,210247,82,333538
1411,0.020418,172.31.47.0-255,1112,211359,82,333538
1412,0.020468,172.31.47.0-255,1514,212873,82,333538
1413,0.020469,172.31.47.0-255,1287,214160,82,333538
1414,0.021294,74.125.24.0-255,5738,219898,82,333538
1415,0.0213,172.31.47.0-255,66,219964,82,333538
1416,0.021925,104.244.42.0-255,66,220030,82,333538
1417,0.021956,104.244.42.0-255,66,220096,82,333538
1418,0.022011,104.244.42.0-255,66,220162,82,333538
1419,0.023727,74.125.24.0-255,5738,225900,82,333538
1420,0.023732,172.31.47.0-255,66,225966,82,333538
1421,0.026084,74.125.24.0-255,5738,231704,82,333538
1422,0.02609,172.31.47.0-255,66,231770,82,333538
1423,0.02842,74.125.24.0-255,5738,237508,82,333538
1424,0.028427,172.31.47.0-255,66,237574,82,333538
1425,0.030749,74.125.24.0-255,5738,243312,82,333538
1426,0.030757,172.31.47.0-255,66,243378,82,333538
1427,0.03311,74.125.24.0-255,5738,249116,82,333538
1428,0.033117,172.31.47.0-255,66,249182,82,333538
1429,0.035449,74.125.24.0-255,4320,253502,82,333538
1430,0.035455,172.31.47.0-255,66,253568,82,333538
1431,0.03548,74.125.24.0-255,1484,255052,82,333538
1432,0.037856,74.125.24.0-255,4320,259372,82,333538
1433,0.037867,172.31.47.0-255,66,259438,82,333538
1434,0.040225,74.125.24.0-255,5738,265176,82,333538
1435,0.040231,172.31.47.0-255,66,265242,82,333538
1436,0.042575,74.125.24.0-255,5738,270980,82,333538
1437,0.042581,172.31.47.0-255,66,271046,82,333538
1438,0.044936,74.125.24.0-255,5738,276784,82,333538
1439,0.044942,172.31.47.0-255,66,276850,82,333538
1440,0.047294,74.125.24.0-255,5738,282588,82,333538
1441,0.0473,172.31.47.0-255,66,282654,82,333538
1442,0.049649,74.125.24.0-255,5738,288392,82,333538
1443,0.049655,172.31.47.0-255,66,288458,82,333538
1444,0.051981,74.125.24.0-255,4320,292778,82,333538
1445,0.051987,172.31.47.0-255,66,292844,82,333538
1446,0.052012,74.125.24.0-255,1484,294328,82,333538
1447,0.054334,74.125.24.0-255,4320,298648,82,333538
1448,0.054342,172.31.47.0-255,66,298714,82,333538
1449,0.056775,74.125.24.0-255,5738,304452,82,333538
1450,0.056785,172.31.47.0-255,66,304518,82,333538
1451,0.059144,74.125.24.0-255,5738,310256,82,333538
1452,0.059151,172.31.47.0-255,66,310322,82,333538
1453,0.061527,74.125.24.0-255,5738,316060,82,333538
1454,0.061534,172.31.47.0-255,66,316126,82,333538
1455,0.063947,74.125.24.0-255,5738,321864,82,333538
1456,0.063954,172.31.47.0-255,66,321930,82,333538
1457,0.066287,74.125.24.0-255,5738,327668,82,333538
1458,0.066293,172.31.47.0-255,66,327734,82,333538
1459,0.068627,74.125.24.0-255,5738,333472,82,333538
1460,0.068634,172.31.47.0-255,66,333538,82,333538
1461,0.0,74.125.24.0-255,298,298,82,268398
1462,2.6e-05,172.31.47.0-255,66,364,82,268398
1463,3.3e-05,74.125.24.0-255,1484,1848,82,268398
1464,3.7e-05,172.31.47.0-255,66,1914,82,268398
1465,4.3e-05,74.125.24.0-255,4320,6234,82,268398
1466,4.6e-05,172.31.47.0-255,66,6300,82,268398
1467,6.8e-05,74.125.24.0-255,1484,7784,82,268398
1468,7.1e-05,172.31.47.0-255,66,7850,82,268398
1469,9.9e-05,74.125.24.0-255,7570,15420,82,268398
1470,0.000102,172.31.47.0-255,66,15486,82,268398
1471,0.000105,74.125.24.0-255,1484,16970,82,268398
1472,0.000107,172.31.47.0-255,66,17036,82,268398
1473,0.000121,172.31.47.0-255,66,17102,82,268398
1474,0.000124,74.125.24.0-255,1125,18227,82,268398
1475,0.000126,172.31.47.0-255,66,18293,82,268398
1476,0.000209,74.125.24.0-255,1484,19777,82,268398
1477,0.000213,172.31.47.0-255,66,19843,82,268398
1478,0.000218,74.125.24.0-255,2902,22745,82,268398
1479,0.000221,172.31.47.0-255,66,22811,82,268398
1480,0.000236,74.125.24.0-255,5738,28549,82,268398
1481,0.000241,172.31.47.0-255,66,28615,82,268398
1482,0.000264,74.125.24.0-255,8574,37189,82,268398
1483,0.000269,172.31.47.0-255,66,37255,82,268398
1484,0.00028,74.125.24.0-255,5379,42634,82,268398
1485,0.000282,172.31.47.0-255,66,42700,82,268398
1486,0.000291,74.125.24.0-255,9909,52609,82,268398
1487,0.000293,172.31.47.0-255,66,52675,82,268398
1488,0.000296,74.125.24.0-255,379,53054,82,268398
1489,0.000298,172.31.47.0-255,66,53120,82,268398
1490,0.000399,74.125.24.0-255,1484,54604,82,268398
1491,0.000403,172.31.47.0-255,66,54670,82,268398
1492,0.000407,74.125.24.0-255,2902,57572,82,268398
1493,0.000414,74.125.24.0-255,5738,63310,82,268398
1494,0.00042,172.31.47.0-255,66,63376,82,268398
1495,0.000429,74.125.24.0-255,1484,64860,82,268398
1496,0.000448,74.125.24.0-255,4320,69180,82,268398
1497,0.000454,74.125.24.0-255,6797,75977,82,268398
1498,0.000456,172.31.47.0-255,66,76043,82,268398
1499,0.00046,172.31.47.0-255,66,76109,82,268398
1500,0.000513,74.125.24.0-255,7156,83265,82,268398
1501,0.000521,172.31.47.0-255,66,83331,82,268398
1502,0.000529,74.125.24.0-255,3961,87292,82,268398
1503,0.000537,172.31.47.0-255,66,87358,82,268398
1504,0.00054,74.125.24.0-255,1484,88842,82,268398
1505,0.000556,74.125.24.0-255,2902,91744,82,268398
1506,0.000565,172.31.47.0-255,66,91810,82,268398
1507,0.000577,74.125.24.0-255,5738,97548,82,268398
1508,0.000596,74.125.24.0-255,9992,107540,82,268398
1509,0.000596,172.31.47.0-255,66,107606,82,268398
1510,0.000601,172.31.47.0-255,66,107672,82,268398
1511,0.000644,74.125.24.0-255,5738,113410,82,268398
1512,0.000656,172.31.47.0-255,66,113476,82,268398
1513,0.000671,74.125.24.0-255,7856,121332,82,268398
1514,0.000684,172.31.47.0-255,66,121398,82,268398
1515,0.000688,74.125.24.0-255,5738,127136,82,268398
1516,0.000697,172.31.47.0-255,66,127202,82,268398
1517,0.000707,74.125.24.0-255,4320,131522,82,268398
1518,0.000711,172.31.47.0-255,66,131588,82,268398
1519,0.000728,172.31.47.0-255,66,131654,82,268398
1520,0.000767,172.31.47.0-255,66,131720,82,268398
1521,0.000768,74.125.24.0-255,2184,133904,82,268398
1522,0.000772,172.31.47.0-255,66,133970,82,268398
1523,0.000786,172.31.47.0-255,66,134036,82,268398
1524,0.000834,172.31.47.0-255,66,134102,82,268398
1525,0.000841,74.125.24.0-255,1125,135227,82,268398
1526,0.000849,172.31.47.0-255,66,135293,82,268398
1527,0.00086,74.125.24.0-255,1484,136777,82,268398
1528,0.000873,74.125.24.0-255,4320,141097,82,268398
1529,0.0009,172.31.47.0-255,66,141163,82,268398
1530,0.000906,74.125.24.0-255,9992,151155,82,268398
1531,0.000918,172.31.47.0-255,66,151221,82,268398
1532,0.000931,74.125.24.0-255,1125,152346,82,268398
1533,0.00103,74.125.24.0-255,1484,153830,82,268398
1534,0.001035,74.125.24.0-255,2902,156732,82,268398
1535,0.001038,172.31.47.0-255,66,156798,82,268398
1536,0.001044,74.125.24.0-255,1484,158282,82,268398
1537,0.001059,74.125.24.0-255,4320,162602,82,268398
1538,0.001062,172.31.47.0-255,66,162668,82,268398
1539,0.001071,74.125.24.0-255,2902,165570,82,268398
1540,0.001075,172.31.47.0-255,66,165636,82,268398
1541,0.001085,74.125.24.0-255,5738,171374,82,268398
1542,0.001087,172.31.47.0-255,66,171440,82,268398
1543,0.001122,74.125.24.0-255,4320,175760,82,268398
1544,0.001127,172.31.47.0-255,66,175826,82,268398
1545,0.001132,74.125.24.0-255,10692,186518,82,268398
1546,0.001138,172.31.47.0-255,66,186584,82,268398
1547,0.001188,74.125.24.0-255,8574,195158,82,268398
1548,0.001197,172.31.47.0-255,66,195224,82,268398
1549,0.0012,74.125.24.0-255,1484,196708,82,268398
1550,0.001218,172.31.47.0-255,66,196774,82,268398
1551,0.001222,172.31.47.0-255,66,196840,82,268398
1552,0.001241,74.125.24.0-255,7856,204696,82,268398
1553,0.001249,172.31.47.0-255,66,204762,82,268398
1554,0.001261,172.31.47.0-255,66,204828,82,268398
1555,0.001282,74.125.24.0-255,5738,210566,82,268398
1556,0.001287,74.125.24.0-255,3602,214168,82,268398
1557,0.001291,172.31.47.0-255,66,214234,82,268398
1558,0.001305,74.125.24.0-255,1484,215718,82,268398
1559,0.00131,74.125.24.0-255,2902,218620,82,268398
1560,0.00132,172.31.47.0-255,66,218686,82,268398
1561,0.001334,74.125.24.0-255,5738,224424,82,268398
1562,0.001345,172.31.47.0-255,66,224490,82,268398
1563,0.00135,74.125.24.0-255,4320,228810,82,268398
1564,0.001357,172.31.47.0-255,66,228876,82,268398
1565,0.001364,74.125.24.0-255,2543,231419,82,268398
1566,0.001371,172.31.47.0-255,66,231485,82,268398
1567,0.001412,74.125.24.0-255,1484,232969,82,268398
1568,0.001418,74.125.24.0-255,2902,235871,82,268398
1569,0.001423,172.31.47.0-255,66,235937,82,268398
1570,0.001447,74.125.24.0-255,5738,241675,82,268398
1571,0.001454,74.125.24.0-255,7156,248831,82,268398
1572,0.001453,172.31.47.0-255,66,248897,82,268398
1573,0.00146,172.31.47.0-255,66,248963,82,268398
1574,0.00148,74.125.24.0-255,4320,253283,82,268398
1575,0.001485,172.31.47.0-255,66,253349,82,268398
1576,0.001495,172.31.47.0-255,66,253415,82,268398
1577,0.001519,74.125.24.0-255,7156,260571,82,268398
1578,0.001532,172.31.47.0-255,66,260637,82,268398
1579,0.001554,74.125.24.0-255,2644,263281,82,268398
1580,0.001554,172.31.47.0-255,66,263347,82,268398
1581,0.001558,172.31.47.0-255,66,263413,82,268398
1582,0.00158,74.125.24.0-255,105,263518,82,268398
1583,0.003322,172.31.47.0-255,105,263623,82,268398
1584,0.003628,172.31.47.0-255,90,263713,82,268398
1585,0.003652,172.31.47.0-255,66,263779,82,268398
1586,0.005652,74.125.24.0-255,66,263845,82,268398
1587,0.005936,74.125.24.0-255,66,263911,82,268398
1588,0.005958,74.125.24.0-255,66,263977,82,268398
1589,0.005963,172.31.47.0-255,66,264043,82,268398
1590,0.005966,74.125.24.0-255,66,264109,82,268398
1591,0.028067,172.31.47.0-255,176,264285,82,268398
1592,0.0281,172.31.47.0-255,1107,265392,82,268398
1593,0.028137,172.31.47.0-255,1514,266906,82,268398
1594,0.028139,172.31.47.0-255,1294,268200,82,268398
1595,0.029584,104.244.42.0-255,66,268266,82,268398
1596,0.029654,104.244.42.0-255,66,268332,82,268398
1597,0.029656,104.244.42.0-255,66,268398,82,268398
1598,0.0,172.31.47.0-255,105,105,82,276
1599,0.001511,157.240.13.0-255,105,210,82,276
1600,0.001533,172.31.47.0-255,66,276,82,276
1601,0.0,74.125.24.0-255,153,153,82,276868
1602,2.9e-05,172.31.47.0-255,66,219,82,276868
1603,3.6e-05,74.125.24.0-255,1484,1703,82,276868
1604,4e-05,172.31.47.0-255,66,1769,82,276868
1605,4.5e-05,74.125.24.0-255,2902,4671,82,276868
1606,4.7e-05,172.31.47.0-255,66,4737,82,276868
1607,6e-05,74.125.24.0-255,7156,11893,82,276868
1608,6.2e-05,172.31.47.0-255,66,11959,82,276868
1609,6.5e-05,74.125.24.0-255,1995,13954,82,276868
1610,6.7e-05,172.31.47.0-255,66,14020,82,276868
1611,0.000118,74.125.24.0-255,1484,15504,82,276868
1612,0.000121,172.31.47.0-255,66,15570,82,276868
1613,0.000126,74.125.24.0-255,2902,18472,82,276868
1614,0.000128,172.31.47.0-255,66,18538,82,276868
1615,0.000131,74.125.24.0-255,2902,21440,82,276868
1616,0.000133,172.31.47.0-255,66,21506,82,276868
1617,0.000146,74.125.24.0-255,2902,24408,82,276868
1618,0.000149,172.31.47.0-255,66,24474,82,276868
1619,0.000171,74.125.24.0-255,4320,28794,82,276868
1620,0.000174,172.31.47.0-255,66,28860,82,276868
1621,0.0002,74.125.24.0-255,2543,31403,82,276868
1622,0.000203,172.31.47.0-255,66,31469,82,276868
1623,0.000209,74.125.24.0-255,7156,38625,82,276868
1624,0.000211,172.31.47.0-255,66,38691,82,276868
1625,0.000242,74.125.24.0-255,9633,48324,82,276868
1626,0.000245,172.31.47.0-255,66,48390,82,276868
1627,0.002069,74.125.24.0-255,1484,49874,82,276868
1628,0.002076,172.31.47.0-255,66,49940,82,276868
1629,0.002086,74.125.24.0-255,2902,52842,82,276868
1630,0.002088,172.31.47.0-255,66,52908,82,276868
1631,0.002101,74.125.24.0-255,5738,58646,82,276868
1632,0.002103,172.31.47.0-255,66,58712,82,276868
1633,0.002108,74.125.24.0-255,5738,64450,82,276868
1634,0.00211,172.31.47.0-255,66,64516,82,276868
1635,0.002138,74.125.24.0-255,8574,73090,82,276868
1636,0.00214,172.31.47.0-255,66,73156,82,276868
1637,0.002169,74.125.24.0-255,5379,78535,82,276868
1638,0.002171,172.31.47.0-255,66,78601,82,276868
1639,0.002179,74.125.24.0-255,9992,88593,82,276868
1640,0.002181,172.31.47.0-255,66,88659,82,276868
1641,0.002188,74.125.24.0-255,1484,90143,82,276868
1642,0.00222,74.125.24.0-255,9274,99417,82,276868
1643,0.002222,172.31.47.0-255,66,99483,82,276868
1644,0.002515,74.125.24.0-255,1484,100967,82,276868
1645,0.002521,74.125.24.0-255,2902,103869,82,276868
1646,0.002524,172.31.47.0-255,66,103935,82,276868
1647,0.002549,74.125.24.0-255,5738,109673,82,276868
1648,0.002552,172.31.47.0-255,66,109739,82,276868
1649,0.002556,74.125.24.0-255,4320,114059,82,276868
1650,0.002558,172.31.47.0-255,66,114125,82,276868
1651,0.002575,74.125.24.0-255,1484,115609,82,276868
1652,0.002607,172.31.47.0-255,66,115675,82,276868
1653,0.002636,74.125.24.0-255,2425,118100,82,276868
1654,0.002639,172.31.47.0-255,66,118166,82,276868
1655,0.002645,74.125.24.0-255,4659,122825,82,276868
1656,0.002646,172.31.47.0-255,66,122891,82,276868
1657,0.005197,74.125.24.0-255,5738,128629,82,276868
1658,0.005201,172.31.47.0-255,66,128695,82,276868
1659,0.00777,74.125.24.0-255,5738,134433,82,276868
1660,0.007778,172.31.47.0-255,66,134499,82,276868
1661,0.010347,74.125.24.0-255,5738,140237,82,276868
1662,0.010362,172.31.47.0-255,66,140303,82,276868
1663,0.012949,74.125.24.0-255,5738,146041,82,276868
1664,0.012959,172.31.47.0-255,66,146107,82,276868
1665,0.0155,74.125.24.0-255,5738,151845,82,276868
1666,0.015509,172.31.47.0-255,66,151911,82,276868
1667,0.018041,74.125.24.0-255,5738,157649,82,276868
1668,0.018048,172.31.47.0-255,66,157715,82,276868
1669,0.020639,74.125.24.0-255,5738,163453,82,276868
1670,0.020649,172.31.47.0-255,66,163519,82,276868
1671,0.02208,172.31.47.0-255,172,163691,82,276868
1672,0.022116,172.31.47.0-255,1111,164802,82,276868
1673,0.022182,172.31.47.0-255,1514,166316,82,276868
1674,0.022184,172.31.47.0-255,1288,167604,82,276868
1675,0.023232,74.125.24.0-255,5738,173342,82,276868
1676,0.023237,172.31.47.0-255,66,173408,82,276868
1677,0.023603,104.244.42.0-255,66,173474,82,276868
1678,0.023656,104.244.42.0-255,66,173540,82,276868
1679,0.023753,104.244.42.0-255,66,173606,82,276868
1680,0.02439,104.244.42.0-255,108,173714,82,276868
1681,0.024394,172.31.47.0-255,66,173780,82,276868
1682,0.025804,74.125.24.0-255,1484,175264,82,276868
1683,0.025833,74.125.24.0-255,4320,179584,82,276868
1684,0.025837,172.31.47.0-255,66,179650,82,276868
1685,0.028359,74.125.24.0-255,2902,182552,82,276868
1686,0.028365,172.31.47.0-255,66,182618,82,276868
1687,0.028401,74.125.24.0-255,2902,185520,82,276868
1688,0.028405,172.31.47.0-255,66,185586,82,276868
1689,0.030898,74.125.24.0-255,2902,188488,82,276868
1690,0.030902,172.31.47.0-255,66,188554,82,276868
1691,0.030944,74.125.24.0-255,2902,191456,82,276868
1692,0.030947,172.31.47.0-255,66,191522,82,276868
1693,0.033458,74.125.24.0-255,2902,194424,82,276868
1694,0.033463,172.31.47.0-255,66,194490,82,276868
1695,0.033498,74.125.24.0-255,2902,197392,82,276868
1696,0.033501,172.31.47.0-255,66,197458,82,276868
1697,0.035992,74.125.24.0-255,2902,200360,82,276868
1698,0.035996,172.31.47.0-255,66,200426,82,276868
1699,0.036061,74.125.24.0-255,2902,203328,82,276868
1700,0.036065,172.31.47.0-255,66,203394,82,276868
1701,0.038529,74.125.24.0-255,2902,206296,82,276868
1702,0.038534,172.31.47.0-255,66,206362,82,276868
1703,0.038614,74.125.24.0-255,2902,209264,82,276868
1704,0.038618,172.31.47.0-255,66,209330,82,276868
1705,0.041086,74.125.24.0-255,2902,212232,82,276868
1706,0.04109,172.31.47.0-255,66,212298,82,276868
1707,0.041141,74.125.24.0-255,2902,215200,82,276868
1708,0.041146,172.31.47.0-255,66,215266,82,276868
1709,0.04364,74.125.24.0-255,2902,218168,82,276868
1710,0.043644,172.31.47.0-255,66,218234,82,276868
1711,0.043677,74.125.24.0-255,2902,221136,82,276868
1712,0.043679,172.31.47.0-255,66,221202,82,276868
1713,0.046175,74.125.24.0-255,2902,224104,82,276868
1714,0.046181,172.31.47.0-255,66,224170,82,276868
1715,0.046215,74.125.24.0-255,2902,227072,82,276868
1716,0.046217,172.31.47.0-255,66,227138,82,276868
1717,0.048735,74.125.24.0-255,5738,232876,82,276868
1718,0.04874,172.31.47.0-255,66,232942,82,276868
1719,0.051286,74.125.24.0-255,5738,238680,82,276868
1720,0.051291,172.31.47.0-255,66,238746,82,276868
1721,0.053839,74.125.24.0-255,4320,243066,82,276868
1722,0.053844,172.31.47.0-255,66,243132,82,276868
1723,0.053868,74.125.24.0-255,1484,244616,82,276868
1724,0.056376,74.125.24.0-255,1484,246100,82,276868
1725,0.056381,172.31.47.0-255,66,246166,82,276868
1726,0.056406,74.125.24.0-255,2902,249068,82,276868
1727,0.056409,172.31.47.0-255,66,249134,82,276868
1728,0.058939,74.125.24.0-255,5738,254872,82,276868
1729,0.058943,172.31.47.0-255,66,254938,82,276868
1730,0.061507,74.125.24.0-255,5738,260676,82,276868
1731,0.061512,172.31.47.0-255,66,260742,82,276868
1732,0.064083,74.125.24.0-255,4320,265062,82,276868
1733,0.064089,172.31.47.0-255,66,265128,82,276868
1734,0.06412,74.125.24.0-255,1484,266612,82,276868
1735,0.066635,74.125.24.0-255,4320,270932,82,276868
1736,0.066641,172.31.47.0-255,66,270998,82,276868
1737,0.069195,74.125.24.0-255,4320,275318,82,276868
1738,0.0692,172.31.47.0-255,66,275384,82,276868
1739,0.069237,74.125.24.0-255,1484,276868,82,276868
1740,0.0,74.125.130.0-255,226,226,82,405971
1741,2.4e-05,172.31.47.0-255,66,292,82,405971
1742,2.9e-05,74.125.130.0-255,1484,1776,82,405971
1743,3.3e-05,172.31.47.0-255,66,1842,82,405971
1744,3.9e-05,74.125.130.0-255,4320,6162,82,405971
1745,4.1e-05,172.31.47.0-255,66,6228,82,405971
1746,6.9e-05,74.125.130.0-255,7926,14154,82,405971
1747,7.1e-05,172.31.47.0-255,66,14220,82,405971
1748,0.000121,74.125.130.0-255,2902,17122,82,405971
1749,0.000125,172.31.47.0-255,66,17188,82,405971
1750,0.000142,74.125.130.0-255,4320,21508,82,405971
1751,0.000145,172.31.47.0-255,66,21574,82,405971
1752,0.000149,74.125.130.0-255,2902,24476,82,405971
1753,0.00015,172.31.47.0-255,66,24542,82,405971
1754,0.000173,74.125.130.0-255,5738,30280,82,405971
1755,0.000176,172.31.47.0-255,66,30346,82,405971
1756,0.000178,74.125.130.0-255,1125,31471,82,405971
1757,0.00018,172.31.47.0-255,66,31537,82,405971
1758,0.000272,74.125.130.0-255,1484,33021,82,405971
1759,0.000276,172.31.47.0-255,66,33087,82,405971
1760,0.000288,74.125.130.0-255,2902,35989,82,405971
1761,0.000291,172.31.47.0-255,66,36055,82,405971
1762,0.000314,74.125.130.0-255,4320,40375,82,405971
1763,0.000317,172.31.47.0-255,66,40441,82,405971
1764,0.000323,74.125.130.0-255,5738,46179,82,405971
1765,0.000325,172.31.47.0-255,66,46245,82,405971
1766,0.00036,172.31.47.0-255,66,46311,82,405971
1767,0.000365,74.125.130.0-255,4320,50631,82,405971
1768,0.000369,172.31.47.0-255,66,50697,82,405971
1769,0.000407,74.125.130.0-255,1484,52181,82,405971
1770,0.000413,172.31.47.0-255,66,52247,82,405971
1771,0.000423,74.125.130.0-255,2184,54431,82,405971
1772,0.000425,172.31.47.0-255,66,54497,82,405971
1773,0.00047,74.125.130.0-255,343,54840,82,405971
1774,0.000511,74.125.130.0-255,1484,56324,82,405971
1775,0.000514,172.31.47.0-255,66,56390,82,405971
1776,0.000518,74.125.130.0-255,1484,57874,82,405971
1777,0.000529,74.125.130.0-255,2902,60776,82,405971
1778,0.000531,172.31.47.0-255,66,60842,82,405971
1779,0.000569,74.125.130.0-255,1484,62326,82,405971
1780,0.000581,74.125.130.0-255,2902,65228,82,405971
1781,0.000584,172.31.47.0-255,66,65294,82,405971
1782,0.000603,74.125.130.0-255,5738,71032,82,405971
1783,0.000606,172.31.47.0-255,66,71098,82,405971
1784,0.000609,74.125.130.0-255,1438,72536,82,405971
1785,0.000739,74.125.130.0-255,1484,74020,82,405971
1786,0.000743,172.31.47.0-255,66,74086,82,405971
1787,0.000758,74.125.130.0-255,2902,76988,82,405971
1788,0.00076,172.31.47.0-255,66,77054,82,405971
1789,0.000763,74.125.130.0-255,1484,78538,82,405971
1790,0.000784,74.125.130.0-255,2902,81440,82,405971
1791,0.000786,172.31.47.0-255,66,81506,82,405971
1792,0.000791,74.125.130.0-255,4320,85826,82,405971
1793,0.000793,172.31.47.0-255,66,85892,82,405971
1794,0.000804,74.125.130.0-255,1484,87376,82,405971
1795,0.000817,74.125.130.0-255,2902,90278,82,405971
1796,0.000819,172.31.47.0-255,66,90344,82,405971
1797,0.000835,74.125.130.0-255,8574,98918,82,405971
1798,0.000837,172.31.47.0-255,66,98984,82,405971
1799,0.00087,74.125.130.0-255,2902,101886,82,405971
1800,0.000874,172.31.47.0-255,66,101952,82,405971
1801,0.000897,74.125.130.0-255,9274,111226,82,405971
1802,0.0009,172.31.47.0-255,66,111292,82,405971
1803,0.000917,74.125.130.0-255,2902,114194,82,405971
1804,0.00092,172.31.47.0-255,66,114260,82,405971
1805,0.000941,74.125.130.0-255,7156,121416,82,405971
1806,0.000943,172.31.47.0-255,66,121482,82,405971
1807,0.000993,74.125.130.0-255,9992,131474,82,405971
1808,0.000996,172.31.47.0-255,66,131540,82,405971
1809,0.001021,74.125.130.0-255,1484,133024,82,405971
1810,0.001038,74.125.130.0-255,7292,140316,82,405971
1811,0.001041,172.31.47.0-255,66,140382,82,405971
1812,0.001095,74.125.130.0-255,1484,141866,82,405971
1813,0.0011,74.125.130.0-255,2902,144768,82,405971
1814,0.001102,172.31.47.0-255,66,144834,82,405971
1815,0.001119,74.125.130.0-255,4320,149154,82,405971
1816,0.001122,172.31.47.0-255,66,149220,82,405971
1817,0.00114,74.125.130.0-255,4320,153540,82,405971
1818,0.001143,172.31.47.0-255,66,153606,82,405971
1819,0.001155,74.125.130.0-255,1484,155090,82,405971
1820,0.001165,74.125.130.0-255,1484,156574,82,405971
1821,0.001167,172.31.47.0-255,66,156640,82,405971
1822,0.001186,74.125.130.0-255,2902,159542,82,405971
1823,0.001188,172.31.47.0-255,66,159608,82,405971
1824,0.001202,74.125.130.0-255,4320,163928,82,405971
1825,0.001204,172.31.47.0-255,66,163994,82,405971
1826,0.001228,74.125.130.0-255,1484,165478,82,405971
1827,0.001234,74.125.130.0-255,5738,171216,82,405971
1828,0.001236,172.31.47.0-255,66,171282,82,405971
1829,0.001272,74.125.130.0-255,3602,174884,82,405971
1830,0.001274,172.31.47.0-255,66,174950,82,405971
1831,0.001381,74.125.130.0-255,1484,176434,82,405971
1832,0.001396,74.125.130.0-255,2902,179336,82,405971
1833,0.001398,172.31.47.0-255,66,179402,82,405971
1834,0.001414,74.125.130.0-255,5738,185140,82,405971
1835,0.001417,172.31.47.0-255,66,185206,82,405971
1836,0.00142,74.125.130.0-255,1484,186690,82,405971
1837,0.001442,74.125.130.0-255,2902,189592,82,405971
1838,0.001444,172.31.47.0-255,66,189658,82,405971
1839,0.001449,74.125.130.0-255,5738,195396,82,405971
1840,0.001451,172.31.47.0-255,66,195462,82,405971
1841,0.001475,74.125.130.0-255,4320,199782,82,405971
1842,0.001477,172.31.47.0-255,66,199848,82,405971
1843,0.001496,74.125.130.0-255,7156,207004,82,405971
1844,0.001499,172.31.47.0-255,66,207070,82,405971
1845,0.001521,74.125.130.0-255,2184,209254,82,405971
1846,0.001524,172.31.47.0-255,66,209320,82,405971
1847,0.001823,74.125.130.0-255,1484,210804,82,405971
1848,0.001832,74.125.130.0-255,2902,213706,82,405971
1849,0.001836,172.31.47.0-255,66,213772,82,405971
1850,0.001854,74.125.130.0-255,4320,218092,82,405971
1851,0.001856,172.31.47.0-255,66,218158,82,405971
1852,0.001878,74.125.130.0-255,1484,219642,82,405971
1853,0.001886,74.125.130.0-255,9992,229634,82,405971
1854,0.001888,172.31.47.0-255,66,229700,82,405971
1855,0.0019,74.125.130.0-255,4320,234020,82,405971
1856,0.001903,172.31.47.0-255,66,234086,82,405971
1857,0.001927,74.125.130.0-255,7156,241242,82,405971
1858,0.00193,172.31.47.0-255,66,241308,82,405971
1859,0.001934,74.125.130.0-255,2184,243492,82,405971
1860,0.001936,172.31.47.0-255,66,243558,82,405971
1861,0.002087,74.125.130.0-255,1484,245042,82,405971
1862,0.002093,74.125.130.0-255,2902,247944,82,405971
1863,0.002096,172.31.47.0-255,66,248010,82,405971
1864,0.002112,74.125.130.0-255,1484,249494,82,405971
1865,0.002136,74.125.130.0-255,4320,253814,82,405971
1866,0.002138,172.31.47.0-255,66,253880,82,405971
1867,0.002142,74.125.130.0-255,2902,256782,82,405971
1868,0.002144,172.31.47.0-255,66,256848,82,405971
1869,0.002148,74.125.130.0-255,4320,261168,82,405971
1870,0.00215,172.31.47.0-255,66,261234,82,405971
1871,0.002178,74.125.130.0-255,8574,269808,82,405971
1872,0.002181,172.31.47.0-255,66,269874,82,405971
1873,0.002187,74.125.130.0-255,7156,277030,82,405971
1874,0.002189,172.31.47.0-255,66,277096,82,405971
1875,0.00221,74.125.130.0-255,2902,279998,82,405971
1876,0.002212,172.31.47.0-255,66,280064,82,405971
1877,0.002229,74.125.130.0-255,5020,285084,82,405971
1878,0.002231,172.31.47.0-255,66,285150,82,405971
1879,0.002235,74.125.130.0-255,2902,288052,82,405971
1880,0.002237,172.31.47.0-255,66,288118,82,405971
1881,0.002239,74.125.130.0-255,1484,289602,82,405971
1882,0.004444,74.125.130.0-255,4320,293922,82,405971
1883,0.004452,172.31.47.0-255,66,293988,82,405971
1884,0.006703,74.125.130.0-255,4320,298308,82,405971
1885,0.006707,172.31.47.0-255,66,298374,82,405971
1886,0.006724,74.125.130.0-255,1484,299858,82,405971
1887,0.008922,74.125.130.0-255,4320,304178,82,405971
1888,0.008928,172.31.47.0-255,66,304244,82,405971
1889,0.011183,74.125.130.0-255,5738,309982,82,405971
1890,0.01119,172.31.47.0-255,66,310048,82,405971
1891,0.013474,74.125.130.0-255,5738,315786,82,405971
1892,0.013481,172.31.47.0-255,66,315852,82,405971
1893,0.015711,74.125.130.0-255,5738,321590,82,405971
1894,0.01572,172.31.47.0-255,66,321656,82,405971
1895,0.017952,74.125.130.0-255,5738,327394,82,405971
1896,0.017958,172.31.47.0-255,66,327460,82,405971
1897,0.020178,74.125.130.0-255,5738,333198,82,405971
1898,0.020184,172.31.47.0-255,66,333264,82,405971
1899,0.0224,74.125.130.0-255,5738,339002,82,405971
1900,0.022406,172.31.47.0-255,66,339068,82,405971
1901,0.024644,74.125.130.0-255,2902,341970,82,405971
1902,0.02465,172.31.47.0-255,66,342036,82,405971
1903,0.024679,74.125.130.0-255,2902,344938,82,405971
1904,0.024682,172.31.47.0-255,66,345004,82,405971
1905,0.026871,74.125.130.0-255,2902,347906,82,405971
1906,0.026876,172.31.47.0-255,66,347972,82,405971
1907,0.026906,74.125.130.0-255,2902,350874,82,405971
1908,0.026909,172.31.47.0-255,66,350940,82,405971
1909,0.027663,172.31.47.0-255,172,351112,82,405971
1910,0.027686,172.31.47.0-255,1107,352219,82,405971
1911,0.027722,172.31.47.0-255,1514,353733,82,405971
1912,0.027723,172.31.47.0-255,1292,355025,82,405971
1913,0.02909,74.125.130.0-255,2902,357927,82,405971
1914,0.029096,172.31.47.0-255,66,357993,82,405971
1915,0.029126,74.125.130.0-255,2902,360895,82,405971
1916,0.029128,172.31.47.0-255,66,360961,82,405971
1917,0.0292,104.244.42.0-255,66,361027,82,405971
1918,0.029253,104.244.42.0-255,66,361093,82,405971
1919,0.029257,104.244.42.0-255,66,361159,82,405971
1920,0.031313,74.125.130.0-255,2902,364061,82,405971
1921,0.031318,172.31.47.0-255,66,364127,82,405971
1922,0.031355,74.125.130.0-255,2902,367029,82,405971
1923,0.031358,172.31.47.0-255,66,367095,82,405971
1924,0.033541,74.125.130.0-255,2902,369997,82,405971
1925,0.033546,172.31.47.0-255,66,370063,82,405971
1926,0.033571,74.125.130.0-255,2902,372965,82,405971
1927,0.033573,172.31.47.0-255,66,373031,82,405971
1928,0.035761,74.125.130.0-255,2902,375933,82,405971
1929,0.035766,172.31.47.0-255,66,375999,82,405971
1930,0.035796,74.125.130.0-255,2902,378901,82,405971
1931,0.035801,172.31.47.0-255,66,378967,82,405971
1932,0.037991,74.125.130.0-255,2902,381869,82,405971
1933,0.037996,172.31.47.0-255,66,381935,82,405971
1934,0.038014,74.125.130.0-255,2902,384837,82,405971
1935,0.038017,172.31.47.0-255,66,384903,82,405971
1936,0.04021,74.125.130.0-255,2902,387805,82,405971
1937,0.040214,172.31.47.0-255,66,387871,82,405971
1938,0.040239,74.125.130.0-255,2902,390773,82,405971
1939,0.040242,172.31.47.0-255,66,390839,82,405971
1940,0.042429,74.125.130.0-255,4320,395159,82,405971
1941,0.042433,172.31.47.0-255,66,395225,82,405971
1942,0.042456,74.125.130.0-255,1484,396709,82,405971
1943,0.044638,74.125.130.0-255,4320,401029,82,405971
1944,0.044643,172.31.47.0-255,66,401095,82,405971
1945,0.046866,74.125.130.0-255,4639,405734,82,405971
1946,0.046872,172.31.47.0-255,66,405800,82,405971
1947,0.047072,172.31.47.0-255,105,405905,82,405971
1948,0.049257,74.125.130.0-255,66,405971,82,405971
1949,0.0,74.125.200.0-255,153,153,82,351951
1950,3.4e-05,172.31.47.0-255,66,219,82,351951
1951,4e-05,74.125.200.0-255,1484,1703,82,351951
1952,4.5e-05,172.31.47.0-255,66,1769,82,351951
1953,5e-05,74.125.200.0-255,2902,4671,82,351951
1954,6.1e-05,172.31.47.0-255,66,4737,82,351951
1955,6.9e-05,74.125.200.0-255,7156,11893,82,351951
1956,7.2e-05,172.31.47.0-255,66,11959,82,351951
1957,7.6e-05,74.125.200.0-255,2067,14026,82,351951
1958,7.9e-05,172.31.47.0-255,66,14092,82,351951
1959,0.000108,74.125.200.0-255,2902,16994,82,351951
1960,0.000111,172.31.47.0-255,66,17060,82,351951
1961,0.000138,74.125.200.0-255,4320,21380,82,351951
1962,0.000141,172.31.47.0-255,66,21446,82,351951
1963,0.000172,74.125.200.0-255,7156,28602,82,351951
1964,0.000178,172.31.47.0-255,66,28668,82,351951
1965,0.000202,74.125.200.0-255,1484,30152,82,351951
1966,0.000205,172.31.47.0-255,66,30218,82,351951
1967,0.000208,74.125.200.0-255,1125,31343,82,351951
1968,0.00021,172.31.47.0-255,66,31409,82,351951
1969,0.000251,74.125.200.0-255,1484,32893,82,351951
1970,0.000254,172.31.47.0-255,66,32959,82,351951
1971,0.000283,74.125.200.0-255,2902,35861,82,351951
1972,0.000288,74.125.200.0-255,4320,40181,82,351951
1973,0.000289,172.31.47.0-255,66,40247,82,351951
1974,0.000293,172.31.47.0-255,66,40313,82,351951
1975,0.000324,74.125.200.0-255,9633,49946,82,351951
1976,0.000329,172.31.47.0-255,66,50012,82,351951
1977,0.000334,74.125.200.0-255,4320,54332,82,351951
1978,0.000336,172.31.47.0-255,66,54398,82,351951
1979,0.000383,74.125.200.0-255,7156,61554,82,351951
1980,0.000387,172.31.47.0-255,66,61620,82,351951
1981,0.000418,74.125.200.0-255,4258,65878,82,351951
1982,0.000421,172.31.47.0-255,66,65944,82,351951
1983,0.000424,74.125.200.0-255,130,66074,82,351951
1984,0.000543,74.125.200.0-255,1484,67558,82,351951
1985,0.000547,172.31.47.0-255,66,67624,82,351951
1986,0.000566,74.125.200.0-255,2902,70526,82,351951
1987,0.000569,172.31.47.0-255,66,70592,82,351951
1988,0.000576,74.125.200.0-255,5738,76330,82,351951
1989,0.000579,172.31.47.0-255,66,76396,82,351951
1990,0.000613,74.125.200.0-255,6797,83193,82,351951
1991,0.000617,172.31.47.0-255,66,83259,82,351951
1992,0.00062,74.125.200.0-255,1484,84743,82,351951
1993,0.000649,74.125.200.0-255,7156,91899,82,351951
1994,0.000652,172.31.47.0-255,66,91965,82,351951
1995,0.000708,74.125.200.0-255,4320,96285,82,351951
1996,0.000712,172.31.47.0-255,66,96351,82,351951
1997,0.00074,74.125.200.0-255,3961,100312,82,351951
1998,0.000743,172.31.47.0-255,66,100378,82,351951
1999,0.001145,74.125.200.0-255,1484,101862,82,351951
2000,0.001155,74.125.200.0-255,2902,104764,82,351951
2001,0.001159,172.31.47.0-255,66,104830,82,351951
2002,0.001188,74.125.200.0-255,5738,110568,82,351951
2003,0.00119,172.31.47.0-255,66,110634,82,351951
2004,0.001194,74.125.200.0-255,2902,113536,82,351951
2005,0.001197,172.31.47.0-255,66,113602,82,351951
2006,0.001207,74.125.200.0-255,4320,117922,82,351951
2007,0.00121,172.31.47.0-255,66,117988,82,351951
2008,0.001217,74.125.200.0-255,8574,126562,82,351951
2009,0.00122,172.31.47.0-255,66,126628,82,351951
2010,0.001223,74.125.200.0-255,1484,128112,82,351951
2011,0.00126,74.125.200.0-255,5738,133850,82,351951
2012,0.001264,172.31.47.0-255,66,133916,82,351951
2013,0.001267,74.125.200.0-255,766,134682,82,351951
2014,0.001325,74.125.200.0-255,1484,136166,82,351951
2015,0.001329,172.31.47.0-255,66,136232,82,351951
2016,0.001347,74.125.200.0-255,2902,139134,82,351951
2017,0.00135,172.31.47.0-255,66,139200,82,351951
2018,0.001353,74.125.200.0-255,1484,140684,82,351951
2019,0.001376,74.125.200.0-255,4320,145004,82,351951
2020,0.001379,172.31.47.0-255,66,145070,82,351951
2021,0.001423,74.125.200.0-255,5738,150808,82,351951
2022,0.001426,172.31.47.0-255,66,150874,82,351951
2023,0.001458,74.125.200.0-255,4320,155194,82,351951
2024,0.001461,172.31.47.0-255,66,155260,82,351951
2025,0.001478,172.31.47.0-255,66,155326,82,351951
2026,0.001483,74.125.200.0-255,2184,157510,82,351951
2027,0.001485,172.31.47.0-255,66,157576,82,351951
2028,0.001615,74.125.200.0-255,1484,159060,82,351951
2029,0.001621,74.125.200.0-255,1484,160544,82,351951
2030,0.001625,172.31.47.0-255,66,160610,82,351951
2031,0.001654,74.125.200.0-255,1484,162094,82,351951
2032,0.001657,74.125.200.0-255,1484,163578,82,351951
2033,0.00166,172.31.47.0-255,66,163644,82,351951
2034,0.001665,74.125.200.0-255,2902,166546,82,351951
2035,0.001667,172.31.47.0-255,66,166612,82,351951
2036,0.00168,74.125.200.0-255,5738,172350,82,351951
2037,0.001683,172.31.47.0-255,66,172416,82,351951
2038,0.001686,74.125.200.0-255,1484,173900,82,351951
2039,0.001725,172.31.47.0-255,66,173966,82,351951
2040,0.001729,74.125.200.0-255,1484,175450,82,351951
2041,0.001757,74.125.200.0-255,5020,180470,82,351951
2042,0.00176,172.31.47.0-255,66,180536,82,351951
2043,0.001875,74.125.200.0-255,1484,182020,82,351951
2044,0.00189,74.125.200.0-255,2902,184922,82,351951
2045,0.001893,172.31.47.0-255,66,184988,82,351951
2046,0.001917,74.125.200.0-255,4320,189308,82,351951
2047,0.001919,172.31.47.0-255,66,189374,82,351951
2048,0.001942,74.125.200.0-255,1484,190858,82,351951
2049,0.001947,74.125.200.0-255,4320,195178,82,351951
2050,0.001949,172.31.47.0-255,66,195244,82,351951
2051,0.001962,74.125.200.0-255,2902,198146,82,351951
2052,0.001967,172.31.47.0-255,66,198212,82,351951
2053,0.001994,74.125.200.0-255,2902,201114,82,351951
2054,0.001996,172.31.47.0-255,66,201180,82,351951
2055,0.002003,74.125.200.0-255,8574,209754,82,351951
2056,0.002005,172.31.47.0-255,66,209820,82,351951
2057,0.002026,74.125.200.0-255,2902,212722,82,351951
2058,0.002028,172.31.47.0-255,66,212788,82,351951
2059,0.002056,74.125.200.0-255,6438,219226,82,351951
2060,0.002058,172.31.47.0-255,66,219292,82,351951
2061,0.002064,74.125.200.0-255,4320,223612,82,351951
2062,0.002066,172.31.47.0-255,66,223678,82,351951
2063,0.002092,74.125.200.0-255,5738,229416,82,351951
2064,0.002094,172.31.47.0-255,66,229482,82,351951
2065,0.002126,74.125.200.0-255,9992,239474,82,351951
2066,0.002129,172.31.47.0-255,66,239540,82,351951
2067,0.002135,74.125.200.0-255,5738,245278,82,351951
2068,0.002137,172.31.47.0-255,66,245344,82,351951
2069,0.002177,172.31.47.0-255,66,245410,82,351951
2070,0.002184,74.125.200.0-255,8574,253984,82,351951
2071,0.002186,172.31.47.0-255,66,254050,82,351951
2072,0.002207,74.125.200.0-255,7156,261206,82,351951
2073,0.002213,172.31.47.0-255,66,261272,82,351951
2074,0.00222,74.125.200.0-255,6438,267710,82,351951
2075,0.002222,172.31.47.0-255,66,267776,82,351951
2076,0.00225,74.125.200.0-255,5738,273514,82,351951
2077,0.002253,172.31.47.0-255,66,273580,82,351951
2078,0.002282,74.125.200.0-255,9992,283572,82,351951
2079,0.002285,172.31.47.0-255,66,283638,82,351951
2080,0.002289,74.125.200.0-255,2902,286540,82,351951
2081,0.002291,172.31.47.0-255,66,286606,82,351951
2082,0.002324,172.31.47.0-255,66,286672,82,351951
2083,0.002326,74.125.200.0-255,766,287438,82,351951
2084,0.002394,172.31.47.0-255,66,287504,82,351951
2085,0.004693,74.125.200.0-255,5738,293242,82,351951
2086,0.004698,172.31.47.0-255,66,293308,82,351951
2087,0.007021,74.125.200.0-255,5738,299046,82,351951
2088,0.007028,172.31.47.0-255,66,299112,82,351951
2089,0.009339,74.125.200.0-255,5738,304850,82,351951
2090,0.009346,172.31.47.0-255,66,304916,82,351951
2091,0.011676,74.125.200.0-255,5738,310654,82,351951
2092,0.011685,172.31.47.0-255,66,310720,82,351951
2093,0.014005,74.125.200.0-255,5738,316458,82,351951
2094,0.014013,172.31.47.0-255,66,316524,82,351951
2095,0.016323,74.125.200.0-255,5738,322262,82,351951
2096,0.01633,172.31.47.0-255,66,322328,82,351951
2097,0.018648,74.125.200.0-255,5738,328066,82,351951
2098,0.018656,172.31.47.0-255,66,328132,82,351951
2099,0.020964,74.125.200.0-255,5738,333870,82,351951
2100,0.020971,172.31.47.0-255,66,333936,82,351951
2101,0.023297,74.125.200.0-255,5738,339674,82,351951
2102,0.023303,172.31.47.0-255,66,339740,82,351951
2103,0.025615,74.125.200.0-255,5738,345478,82,351951
2104,0.025621,172.31.47.0-255,66,345544,82,351951
2105,0.027443,172.31.47.0-255,172,345716,82,351951
2106,0.02747,172.31.47.0-255,1107,346823,82,351951
2107,0.027513,172.31.47.0-255,1514,348337,82,351951
2108,0.027514,172.31.47.0-255,330,348667,82,351951
2109,0.027929,74.125.200.0-255,2849,351516,82,351951
2110,0.027936,172.31.47.0-255,66,351582,82,351951
2111,0.028237,172.31.47.0-255,105,351687,82,351951
2112,0.02898,104.244.42.0-255,66,351753,82,351951
2113,0.029015,104.244.42.0-255,66,351819,82,351951
2114,0.029058,104.244.42.0-255,66,351885,82,351951
2115,0.030498,74.125.200.0-255,66,351951,82,351951
2116,0.0,74.125.24.0-255,153,153,82,342539
2117,2.8e-05,172.31.47.0-255,66,219,82,342539
2118,3.5e-05,74.125.24.0-255,1484,1703,82,342539
2119,3.9e-05,172.31.47.0-255,66,1769,82,342539
2120,4.3e-05,74.125.24.0-255,2902,4671,82,342539
2121,4.6e-05,172.31.47.0-255,66,4737,82,342539
2122,5.2e-05,74.125.24.0-255,5738,10475,82,342539
2123,5.5e-05,172.31.47.0-255,66,10541,82,342539
2124,9.2e-05,74.125.24.0-255,5738,16279,82,342539
2125,9.5e-05,172.31.47.0-255,66,16345,82,342539
2126,0.000118,74.125.24.0-255,7735,24080,82,342539
2127,0.000121,172.31.47.0-255,66,24146,82,342539
2128,0.000171,74.125.24.0-255,2902,27048,82,342539
2129,0.000174,172.31.47.0-255,66,27114,82,342539
2130,0.000191,74.125.24.0-255,3961,31075,82,342539
2131,0.000194,172.31.47.0-255,66,31141,82,342539
2132,0.000225,74.125.24.0-255,1484,32625,82,342539
2133,0.000229,172.31.47.0-255,66,32691,82,342539
2134,0.000233,74.125.24.0-255,2902,35593,82,342539
2135,0.000235,172.31.47.0-255,66,35659,82,342539
2136,0.00024,74.125.24.0-255,2902,38561,82,342539
2137,0.000242,172.31.47.0-255,66,38627,82,342539
2138,0.00026,74.125.24.0-255,2902,41529,82,342539
2139,0.000263,172.31.47.0-255,66,41595,82,342539
2140,0.000268,74.125.24.0-255,4320,45915,82,342539
2141,0.000271,172.31.47.0-255,66,45981,82,342539
2142,0.000291,74.125.24.0-255,6797,52778,82,342539
2143,0.000294,172.31.47.0-255,66,52844,82,342539
2144,0.000299,74.125.24.0-255,5738,58582,82,342539
2145,0.000303,172.31.47.0-255,66,58648,82,342539
2146,0.000324,74.125.24.0-255,6797,65445,82,342539
2147,0.000328,172.31.47.0-255,66,65511,82,342539
2148,0.000362,74.125.24.0-255,678,66189,82,342539
2149,0.000443,74.125.24.0-255,1484,67673,82,342539
2150,0.000446,172.31.47.0-255,66,67739,82,342539
2151,0.00045,74.125.24.0-255,1484,69223,82,342539
2152,0.000456,74.125.24.0-255,2902,72125,82,342539
2153,0.000458,172.31.47.0-255,66,72191,82,342539
2154,0.000477,74.125.24.0-255,1484,73675,82,342539
2155,0.000505,172.31.47.0-255,66,73741,82,342539
2156,0.000511,74.125.24.0-255,5738,79479,82,342539
2157,0.000514,172.31.47.0-255,66,79545,82,342539
2158,0.000536,74.125.24.0-255,1484,81029,82,342539
2159,0.000564,74.125.24.0-255,7665,88694,82,342539
2160,0.000567,172.31.47.0-255,66,88760,82,342539
2161,0.000612,74.125.24.0-255,8574,97334,82,342539
2162,0.000615,172.31.47.0-255,66,97400,82,342539
2163,0.000656,74.125.24.0-255,9992,107392,82,342539
2164,0.000659,172.31.47.0-255,66,107458,82,342539
2165,0.000668,74.125.24.0-255,9992,117450,82,342539
2166,0.000672,172.31.47.0-255,66,117516,82,342539
2167,0.000693,74.125.24.0-255,4320,121836,82,342539
2168,0.000696,172.31.47.0-255,66,121902,82,342539
2169,0.000708,74.125.24.0-255,2184,124086,82,342539
2170,0.000712,172.31.47.0-255,66,124152,82,342539
2171,0.000716,74.125.24.0-255,2902,127054,82,342539
2172,0.000719,172.31.47.0-255,66,127120,82,342539
2173,0.000745,74.125.24.0-255,7156,134276,82,342539
2174,0.000748,172.31.47.0-255,66,134342,82,342539
2175,0.00077,74.125.24.0-255,5738,140080,82,342539
2176,0.000773,172.31.47.0-255,66,140146,82,342539
2177,0.000804,74.125.24.0-255,2902,143048,82,342539
2178,0.000807,172.31.47.0-255,66,143114,82,342539
2179,0.000816,74.125.24.0-255,9992,153106,82,342539
2180,0.000818,172.31.47.0-255,66,153172,82,342539
2181,0.00084,74.125.24.0-255,3602,156774,82,342539
2182,0.000844,172.31.47.0-255,66,156840,82,342539
2183,0.000917,74.125.24.0-255,1484,158324,82,342539
2184,0.000936,74.125.24.0-255,2902,161226,82,342539
2185,0.00094,74.125.24.0-255,2902,164128,82,342539
2186,0.000941,172.31.47.0-255,66,164194,82,342539
2187,0.000946,172.31.47.0-255,66,164260,82,342539
2188,0.000961,74.125.24.0-255,2902,167162,82,342539
2189,0.000964,172.31.47.0-255,66,167228,82,342539
2190,0.000994,74.125.24.0-255,1484,168712,82,342539
2191,0.001012,74.125.24.0-255,5379,174091,82,342539
2192,0.001015,172.31.47.0-255,66,174157,82,342539
2193,0.001049,74.125.24.0-255,2902,177059,82,342539
2194,0.001052,172.31.47.0-255,66,177125,82,342539
2195,0.001058,74.125.24.0-255,4320,181445,82,342539
2196,0.00106,172.31.47.0-255,66,181511,82,342539
2197,0.001086,74.125.24.0-255,4320,185831,82,342539
2198,0.001089,172.31.47.0-255,66,185897,82,342539
2199,0.001108,74.125.24.0-255,4320,190217,82,342539
2200,0.001111,172.31.47.0-255,66,190283,82,342539
2201,0.001115,74.125.24.0-255,2902,193185,82,342539
2202,0.001117,172.31.47.0-255,66,193251,82,342539
2203,0.001169,74.125.24.0-255,4320,197571,82,342539
2204,0.001173,172.31.47.0-255,66,197637,82,342539
2205,0.001185,74.125.24.0-255,8574,206211,82,342539
2206,0.001189,74.125.24.0-255,2184,208395,82,342539
2207,0.001191,172.31.47.0-255,66,208461,82,342539
2208,0.001194,172.31.47.0-255,66,208527,82,342539
2209,0.001232,74.125.24.0-255,1484,210011,82,342539
2210,0.001236,74.125.24.0-255,1484,211495,82,342539
2211,0.001239,172.31.47.0-255,66,211561,82,342539
2212,0.001258,74.125.24.0-255,1484,213045,82,342539
2213,0.001264,74.125.24.0-255,5738,218783,82,342539
2214,0.001266,172.31.47.0-255,66,218849,82,342539
2215,0.001308,74.125.24.0-255,5738,224587,82,342539
2216,0.001312,172.31.47.0-255,66,224653,82,342539
2217,0.001326,74.125.24.0-255,1125,225778,82,342539
2218,0.001378,74.125.24.0-255,1484,227262,82,342539
2219,0.001382,172.31.47.0-255,66,227328,82,342539
2220,0.001387,74.125.24.0-255,2902,230230,82,342539
2221,0.001389,172.31.47.0-255,66,230296,82,342539
2222,0.001395,74.125.24.0-255,4320,234616,82,342539
2223,0.001397,172.31.47.0-255,66,234682,82,342539
2224,0.001417,74.125.24.0-255,1484,236166,82,342539
2225,0.001431,74.125.24.0-255,8574,244740,82,342539
2226,0.001434,172.31.47.0-255,66,244806,82,342539
2227,0.001456,74.125.24.0-255,4320,249126,82,342539
2228,0.00146,172.31.47.0-255,66,249192,82,342539
2229,0.00147,74.125.24.0-255,10692,259884,82,342539
2230,0.001473,172.31.47.0-255,66,259950,82,342539
2231,0.001481,74.125.24.0-255,9992,269942,82,342539
2232,0.001484,172.31.47.0-255,66,270008,82,342539
2233,0.001507,74.125.24.0-255,1484,271492,82,342539
2234,0.001517,74.125.24.0-255,8574,280066,82,342539
2235,0.00152,172.31.47.0-255,66,280132,82,342539
2236,0.001554,74.125.24.0-255,766,280898,82,342539
2237,0.001557,172.31.47.0-255,66,280964,82,342539
2238,0.002042,74.125.24.0-255,1484,282448,82,342539
2239,0.002048,172.31.47.0-255,66,282514,82,342539
2240,0.002054,74.125.24.0-255,2902,285416,82,342539
2241,0.002056,172.31.47.0-255,66,285482,82,342539
2242,0.002062,74.125.24.0-255,5738,291220,82,342539
2243,0.002065,172.31.47.0-255,66,291286,82,342539
2244,0.002095,74.125.24.0-255,8574,299860,82,342539
2245,0.002098,172.31.47.0-255,66,299926,82,342539
2246,0.002142,74.125.24.0-255,9992,309918,82,342539
2247,0.002145,172.31.47.0-255,66,309984,82,342539
2248,0.002169,74.125.24.0-255,6438,316422,82,342539
2249,0.002172,172.31.47.0-255,66,316488,82,342539
2250,0.00219,172.31.47.0-255,66,316554,82,342539
2251,0.0022,172.31.47.0-255,66,316620,82,342539
2252,0.002245,74.125.24.0-255,7156,323776,82,342539
2253,0.00225,172.31.47.0-255,66,323842,82,342539
2254,0.002314,172.31.47.0-255,66,323908,82,342539
2255,0.002333,74.125.24.0-255,4320,328228,82,342539
2256,0.002337,172.31.47.0-255,66,328294,82,342539
2257,0.002345,74.125.24.0-255,7773,336067,82,342539
2258,0.002348,172.31.47.0-255,66,336133,82,342539
2259,0.002351,74.125.24.0-255,105,336238,82,342539
2260,0.003393,172.31.47.0-255,66,336304,82,342539
2261,0.003418,172.31.47.0-255,105,336409,82,342539
2262,0.005679,74.125.24.0-255,66,336475,82,342539
2263,0.025884,172.31.47.0-255,171,336646,82,342539
2264,0.025915,172.31.47.0-255,1145,337791,82,342539
2265,0.025956,172.31.47.0-255,1514,339305,82,342539
2266,0.025958,172.31.47.0-255,1514,340819,82,342539
2267,0.02596,172.31.47.0-255,1514,342333,82,342539
2268,0.02596,172.31.47.0-255,74,342407,82,342539
2269,0.027485,104.244.42.0-255,66,342473,82,342539
2270,0.027533,104.244.42.0-255,66,342539,82,342539
2271,0.0,172.217.194.0-255,153,153,82,369178
2272,3.1e-05,172.31.47.0-255,66,219,82,369178
2273,3.8e-05,172.217.194.0-255,1484,1703,82,369178
2274,4.2e-05,172.31.47.0-255,66,1769,82,369178
2275,5.3e-05,172.217.194.0-255,2902,4671,82,369178
2276,5.6e-05,172.31.47.0-255,66,4737,82,369178
2277,6.1e-05,172.217.194.0-255,5738,10475,82,369178
2278,6.3e-05,172.31.47.0-255,66,10541,82,369178
2279,8.6e-05,172.217.194.0-255,2902,13443,82,369178
2280,8.8e-05,172.31.47.0-255,66,13509,82,369178
2281,0.00012,172.217.194.0-255,7927,21436,82,369178
2282,0.000122,172.31.47.0-255,66,21502,82,369178
2283,0.00013,172.217.194.0-255,9633,31135,82,369178
2284,0.000132,172.31.47.0-255,66,31201,82,369178
2285,0.00019,172.217.194.0-255,1484,32685,82,369178
2286,0.000192,172.31.47.0-255,66,32751,82,369178
2287,0.000197,172.217.194.0-255,2902,35653,82,369178
2288,0.000199,172.31.47.0-255,66,35719,82,369178
2289,0.000204,172.217.194.0-255,5738,41457,82,369178
2290,0.000206,172.31.47.0-255,66,41523,82,369178
2291,0.000211,172.217.194.0-255,5738,47261,82,369178
2292,0.000213,172.31.47.0-255,66,47327,82,369178
2293,0.000242,172.217.194.0-255,7156,54483,82,369178
2294,0.000245,172.31.47.0-255,66,54549,82,369178
2295,0.000273,172.217.194.0-255,6797,61346,82,369178
2296,0.000276,172.31.47.0-255,66,61412,82,369178
2297,0.000281,172.217.194.0-255,4211,65623,82,369178
2298,0.000283,172.31.47.0-255,66,65689,82,369178
2299,0.000302,172.217.194.0-255,122,65811,82,369178
2300,0.000304,172.31.47.0-255,66,65877,82,369178
2301,0.00032,172.217.194.0-255,381,66258,82,369178
2302,0.000323,172.31.47.0-255,66,66324,82,369178
2303,0.00063,172.217.194.0-255,1484,67808,82,369178
2304,0.000636,172.217.194.0-255,2902,70710,82,369178
2305,0.000638,172.31.47.0-255,66,70776,82,369178
2306,0.000643,172.217.194.0-255,4320,75096,82,369178
2307,0.000645,172.31.47.0-255,66,75162,82,369178
2308,0.000675,172.217.194.0-255,1484,76646,82,369178
2309,0.000681,172.217.194.0-255,7156,83802,82,369178
2310,0.000684,172.31.47.0-255,66,83868,82,369178
2311,0.00069,172.217.194.0-255,5738,89606,82,369178
2312,0.000692,172.31.47.0-255,66,89672,82,369178
2313,0.000728,172.217.194.0-255,8574,98246,82,369178
2314,0.000731,172.31.47.0-255,66,98312,82,369178
2315,0.000735,172.217.194.0-255,2184,100496,82,369178
2316,0.000737,172.31.47.0-255,66,100562,82,369178
2317,0.001147,172.217.194.0-255,1484,102046,82,369178
2318,0.001155,172.217.194.0-255,2902,104948,82,369178
2319,0.001159,172.31.47.0-255,66,105014,82,369178
2320,0.001165,172.217.194.0-255,5738,110752,82,369178
2321,0.001167,172.31.47.0-255,66,110818,82,369178
2322,0.001179,172.217.194.0-255,5738,116556,82,369178
2323,0.001181,172.31.47.0-255,66,116622,82,369178
2324,0.001202,172.217.194.0-255,2902,119524,82,369178
2325,0.001205,172.31.47.0-255,66,119590,82,369178
2326,0.001243,172.217.194.0-255,9992,129582,82,369178
2327,0.001246,172.31.47.0-255,66,129648,82,369178
2328,0.001251,172.217.194.0-255,5020,134668,82,369178
2329,0.001253,172.31.47.0-255,66,134734,82,369178
2330,0.001506,172.217.194.0-255,1484,136218,82,369178
2331,0.001513,172.217.194.0-255,2902,139120,82,369178
2332,0.001518,172.31.47.0-255,66,139186,82,369178
2333,0.001524,172.217.194.0-255,4320,143506,82,369178
2334,0.001525,172.31.47.0-255,66,143572,82,369178
2335,0.00155,172.217.194.0-255,1484,145056,82,369178
2336,0.001556,172.217.194.0-255,4320,149376,82,369178
2337,0.001559,172.31.47.0-255,66,149442,82,369178
2338,0.001592,172.217.194.0-255,8574,158016,82,369178
2339,0.001595,172.31.47.0-255,66,158082,82,369178
2340,0.001605,172.217.194.0-255,10692,168774,82,369178
2341,0.001611,172.31.47.0-255,66,168840,82,369178
2342,0.003626,172.217.194.0-255,5738,174578,82,369178
2343,0.003632,172.31.47.0-255,66,174644,82,369178
2344,0.005641,172.217.194.0-255,5738,180382,82,369178
2345,0.005645,172.31.47.0-255,66,180448,82,369178
2346,0.007656,172.217.194.0-255,5738,186186,82,369178
2347,0.007666,172.31.47.0-255,66,186252,82,369178
2348,0.009702,172.217.194.0-255,5738,191990,82,369178
2349,0.009716,172.31.47.0-255,66,192056,82,369178
2350,0.011747,172.217.194.0-255,5738,197794,82,369178
2351,0.011759,172.31.47.0-255,66,197860,82,369178
2352,0.013811,172.217.194.0-255,5738,203598,82,369178
2353,0.013827,172.31.47.0-255,66,203664,82,369178
2354,0.015871,172.217.194.0-255,5738,209402,82,369178
2355,0.015886,172.31.47.0-255,66,209468,82,369178
2356,0.017935,172.217.194.0-255,5738,215206,82,369178
2357,0.017949,172.31.47.0-255,66,215272,82,369178
2358,0.019969,172.217.194.0-255,5738,221010,82,369178
2359,0.019982,172.31.47.0-255,66,221076,82,369178
2360,0.022029,172.217.194.0-255,1484,222560,82,369178
2361,0.022072,172.217.194.0-255,4320,226880,82,369178
2362,0.022079,172.31.47.0-255,66,226946,82,369178
2363,0.024103,172.217.194.0-255,5738,232684,82,369178
2364,0.02412,172.31.47.0-255,66,232750,82,369178
2365,0.025341,172.31.47.0-255,172,232922,82,369178
2366,0.025366,172.31.47.0-255,1107,234029,82,369178
2367,0.025402,172.31.47.0-255,1514,235543,82,369178
2368,0.025421,172.31.47.0-255,1514,237057,82,369178
2369,0.025424,172.31.47.0-255,1514,238571,82,369178
2370,0.02544,172.31.47.0-255,1071,239642,82,369178
2371,0.02614,172.217.194.0-255,5738,245380,82,369178
2372,0.026147,172.31.47.0-255,66,245446,82,369178
2373,0.026857,104.244.42.0-255,66,245512,82,369178
2374,0.026951,104.244.42.0-255,66,245578,82,369178
2375,0.026992,104.244.42.0-255,66,245644,82,369178
2376,0.026995,104.244.42.0-255,66,245710,82,369178
2377,0.028174,172.217.194.0-255,1484,247194,82,369178
2378,0.028198,172.217.194.0-255,4320,251514,82,369178
2379,0.028204,172.31.47.0-255,66,251580,82,369178
2380,0.030251,172.217.194.0-255,5738,257318,82,369178
2381,0.030259,172.31.47.0-255,66,257384,82,369178
2382,0.032315,172.217.194.0-255,5738,263122,82,369178
2383,0.032324,172.31.47.0-255,66,263188,82,369178
2384,0.034328,172.217.194.0-255,5738,268926,82,369178
2385,0.034334,172.31.47.0-255,66,268992,82,369178
2386,0.036365,172.217.194.0-255,5738,274730,82,369178
2387,0.036372,172.31.47.0-255,66,274796,82,369178
2388,0.038385,172.217.194.0-255,2902,277698,82,369178
2389,0.038391,172.31.47.0-255,66,277764,82,369178
2390,0.038425,172.217.194.0-255,2902,280666,82,369178
2391,0.038428,172.31.47.0-255,66,280732,82,369178
2392,0.040389,172.217.194.0-255,2902,283634,82,369178
2393,0.040395,172.31.47.0-255,66,283700,82,369178
2394,0.040432,172.217.194.0-255,2902,286602,82,369178
2395,0.040435,172.31.47.0-255,66,286668,82,369178
2396,0.042387,172.217.194.0-255,2902,289570,82,369178
2397,0.042395,172.31.47.0-255,66,289636,82,369178
2398,0.042432,172.217.194.0-255,2902,292538,82,369178
2399,0.042435,172.31.47.0-255,66,292604,82,369178
2400,0.044404,172.217.194.0-255,2902,295506,82,369178
2401,0.044413,172.31.47.0-255,66,295572,82,369178
2402,0.044433,172.217.194.0-255,1484,297056,82,369178
2403,0.044446,172.217.194.0-255,1484,298540,82,369178
2404,0.044448,172.31.47.0-255,66,298606,82,369178
2405,0.046426,172.217.194.0-255,2902,301508,82,369178
2406,0.046432,172.31.47.0-255,66,301574,82,369178
2407,0.046475,172.217.194.0-255,2902,304476,82,369178
2408,0.046478,172.31.47.0-255,66,304542,82,369178
2409,0.048435,172.217.194.0-255,2902,307444,82,369178
2410,0.048441,172.31.47.0-255,66,307510,82,369178
2411,0.048473,172.217.194.0-255,2902,310412,82,369178
2412,0.048476,172.31.47.0-255,66,310478,82,369178
2413,0.050425,172.217.194.0-255,2902,313380,82,369178
2414,0.05043,172.31.47.0-255,66,313446,82,369178
2415,0.05046,172.217.194.0-255,2902,316348,82,369178
2416,0.050463,172.31.47.0-255,66,316414,82,369178
2417,0.052453,172.217.194.0-255,2902,319316,82,369178
2418,0.05246,172.31.47.0-255,66,319382,82,369178
2419,0.052491,172.217.194.0-255,2902,322284,82,369178
2420,0.052494,172.31.47.0-255,66,322350,82,369178
2421,0.054464,172.217.194.0-255,2902,325252,82,369178
2422,0.054471,172.31.47.0-255,66,325318,82,369178
2423,0.054509,172.217.194.0-255,2902,328220,82,369178
2424,0.054512,172.31.47.0-255,66,328286,82,369178
2425,0.056481,172.217.194.0-255,2902,331188,82,369178
2426,0.056486,172.31.47.0-255,66,331254,82,369178
2427,0.056522,172.217.194.0-255,2902,334156,82,369178
2428,0.056525,172.31.47.0-255,66,334222,82,369178
2429,0.05849,172.217.194.0-255,2902,337124,82,369178
2430,0.058498,172.31.47.0-255,66,337190,82,369178
2431,0.058536,172.217.194.0-255,2902,340092,82,369178
2432,0.058539,172.31.47.0-255,66,340158,82,369178
2433,0.06052,172.217.194.0-255,5738,345896,82,369178
2434,0.060527,172.31.47.0-255,66,345962,82,369178
2435,0.062569,172.217.194.0-255,5738,351700,82,369178
2436,0.062579,172.31.47.0-255,66,351766,82,369178
2437,0.064593,172.217.194.0-255,5738,357504,82,369178
2438,0.0646,172.31.47.0-255,66,357570,82,369178
2439,0.066609,172.217.194.0-255,5738,363308,82,369178
2440,0.066616,172.31.47.0-255,66,363374,82,369178
2441,0.068641,172.217.194.0-255,5738,369112,82,369178
2442,0.068647,172.31.47.0-255,66,369178,82,369178
2443,0.0,74.125.24.0-255,162,162,82,302188
2444,2.1e-05,172.31.47.0-255,66,228,82,302188
2445,2.8e-05,74.125.24.0-255,1484,1712,82,302188
2446,3.2e-05,172.31.47.0-255,66,1778,82,302188
2447,3.7e-05,74.125.24.0-255,2902,4680,82,302188
2448,5e-05,172.31.47.0-255,66,4746,82,302188
2449,5.8e-05,74.125.24.0-255,7156,11902,82,302188
2450,6.1e-05,172.31.47.0-255,66,11968,82,302188
2451,9.8e-05,74.125.24.0-255,3392,15360,82,302188
2452,0.000102,172.31.47.0-255,66,15426,82,302188
2453,0.000108,74.125.24.0-255,4320,19746,82,302188
2454,0.000111,172.31.47.0-255,66,19812,82,302188
2455,0.000125,74.125.24.0-255,9992,29804,82,302188
2456,0.000128,172.31.47.0-255,66,29870,82,302188
2457,0.000131,74.125.24.0-255,1125,30995,82,302188
2458,0.000133,172.31.47.0-255,66,31061,82,302188
2459,0.000307,74.125.24.0-255,1484,32545,82,302188
2460,0.000313,172.31.47.0-255,66,32611,82,302188
2461,0.000319,74.125.24.0-255,2902,35513,82,302188
2462,0.000322,172.31.47.0-255,66,35579,82,302188
2463,0.000326,74.125.24.0-255,2902,38481,82,302188
2464,0.000333,172.31.47.0-255,66,38547,82,302188
2465,0.000338,74.125.24.0-255,4320,42867,82,302188
2466,0.000341,172.31.47.0-255,66,42933,82,302188
2467,0.000374,74.125.24.0-255,9633,52566,82,302188
2468,0.000378,172.31.47.0-255,66,52632,82,302188
2469,0.000384,74.125.24.0-255,5738,58370,82,302188
2470,0.000387,172.31.47.0-255,66,58436,82,302188
2471,0.000433,74.125.24.0-255,7142,65578,82,302188
2472,0.000438,172.31.47.0-255,66,65644,82,302188
2473,0.000599,74.125.24.0-255,333,65977,82,302188
2474,0.000605,172.31.47.0-255,66,66043,82,302188
2475,0.000974,74.125.24.0-255,1484,67527,82,302188
2476,0.00098,74.125.24.0-255,2902,70429,82,302188
2477,0.000983,74.125.24.0-255,2902,73331,82,302188
2478,0.001003,172.31.47.0-255,66,73397,82,302188
2479,0.001006,172.31.47.0-255,66,73463,82,302188
2480,0.001011,74.125.24.0-255,2902,76365,82,302188
2481,0.001013,172.31.47.0-255,66,76431,82,302188
2482,0.00103,172.31.47.0-255,66,76497,82,302188
2483,0.001034,74.125.24.0-255,1484,77981,82,302188
2484,0.001074,74.125.24.0-255,9274,87255,82,302188
2485,0.001079,172.31.47.0-255,66,87321,82,302188
2486,0.001247,74.125.24.0-255,1484,88805,82,302188
2487,0.001253,74.125.24.0-255,2902,91707,82,302188
2488,0.001256,172.31.47.0-255,66,91773,82,302188
2489,0.00126,74.125.24.0-255,1484,93257,82,302188
2490,0.001286,74.125.24.0-255,4320,97577,82,302188
2491,0.001289,172.31.47.0-255,66,97643,82,302188
2492,0.001301,172.31.47.0-255,66,97709,82,302188
2493,0.001342,74.125.24.0-255,7156,104865,82,302188
2494,0.001345,172.31.47.0-255,66,104931,82,302188
2495,0.00137,74.125.24.0-255,3602,108533,82,302188
2496,0.001373,172.31.47.0-255,66,108599,82,302188
2497,0.002004,74.125.24.0-255,1484,110083,82,302188
2498,0.002013,74.125.24.0-255,2902,112985,82,302188
2499,0.002016,172.31.47.0-255,66,113051,82,302188
2500,0.002023,74.125.24.0-255,5738,118789,82,302188
2501,0.002025,172.31.47.0-255,66,118855,82,302188
2502,0.002068,172.31.47.0-255,66,118921,82,302188
2503,0.002074,74.125.24.0-255,7156,126077,82,302188
2504,0.002076,172.31.47.0-255,66,126143,82,302188
2505,0.002124,74.125.24.0-255,5020,131163,82,302188
2506,0.002126,172.31.47.0-255,66,131229,82,302188
2507,0.002131,74.125.24.0-255,5738,136967,82,302188
2508,0.002133,172.31.47.0-255,66,137033,82,302188
2509,0.002144,172.31.47.0-255,66,137099,82,302188
2510,0.002169,74.125.24.0-255,1484,138583,82,302188
2511,0.002182,172.31.47.0-255,66,138649,82,302188
2512,0.002185,74.125.24.0-255,766,139415,82,302188
2513,0.00264,172.31.47.0-255,66,139481,82,302188
2514,0.004561,74.125.24.0-255,4320,143801,82,302188
2515,0.004565,172.31.47.0-255,66,143867,82,302188
2516,0.004987,74.125.24.0-255,1484,145351,82,302188
2517,0.006919,74.125.24.0-255,4320,149671,82,302188
2518,0.006925,172.31.47.0-255,66,149737,82,302188
2519,0.009297,74.125.24.0-255,5738,155475,82,302188
2520,0.009303,172.31.47.0-255,66,155541,82,302188
2521,0.011697,74.125.24.0-255,5738,161279,82,302188
2522,0.011705,172.31.47.0-255,66,161345,82,302188
2523,0.01411,74.125.24.0-255,5738,167083,82,302188
2524,0.014119,172.31.47.0-255,66,167149,82,302188
2525,0.016505,74.125.24.0-255,5738,172887,82,302188
2526,0.016511,172.31.47.0-255,66,172953,82,302188
2527,0.018868,74.125.24.0-255,5738,178691,82,302188
2528,0.018875,172.31.47.0-255,66,178757,82,302188
2529,0.021245,74.125.24.0-255,5738,184495,82,302188
2530,0.021255,172.31.47.0-255,66,184561,82,302188
2531,0.021862,172.31.47.0-255,172,184733,82,302188
2532,0.021898,172.31.47.0-255,1113,185846,82,302188
2533,0.021966,172.31.47.0-255,1514,187360,82,302188
2534,0.021968,172.31.47.0-255,1286,188646,82,302188
2535,0.023411,104.244.42.0-255,66,188712,82,302188
2536,0.023462,104.244.42.0-255,66,188778,82,302188
2537,0.023509,104.244.42.0-255,66,188844,82,302188
2538,0.02363,74.125.24.0-255,2902,191746,82,302188
2539,0.023634,172.31.47.0-255,66,191812,82,302188
2540,0.023662,74.125.24.0-255,2902,194714,82,302188
2541,0.023665,172.31.47.0-255,66,194780,82,302188
2542,0.025978,74.125.24.0-255,2902,197682,82,302188
2543,0.025982,172.31.47.0-255,66,197748,82,302188
2544,0.026029,74.125.24.0-255,2902,200650,82,302188
2545,0.026033,172.31.47.0-255,66,200716,82,302188
2546,0.028318,74.125.24.0-255,2902,203618,82,302188
2547,0.028323,172.31.47.0-255,66,203684,82,302188
2548,0.028389,74.125.24.0-255,2902,206586,82,302188
2549,0.028394,172.31.47.0-255,66,206652,82,302188
2550,0.030691,74.125.24.0-255,2902,209554,82,302188
2551,0.030696,172.31.47.0-255,66,209620,82,302188
2552,0.030766,74.125.24.0-255,2902,212522,82,302188
2553,0.030769,172.31.47.0-255,66,212588,82,302188
2554,0.033065,74.125.24.0-255,2902,215490,82,302188
2555,0.03307,172.31.47.0-255,66,215556,82,302188
2556,0.033114,74.125.24.0-255,2902,218458,82,302188
2557,0.033117,172.31.47.0-255,66,218524,82,302188
2558,0.035424,74.125.24.0-255,2902,221426,82,302188
2559,0.03543,172.31.47.0-255,66,221492,82,302188
2560,0.035472,74.125.24.0-255,2902,224394,82,302188
2561,0.035475,172.31.47.0-255,66,224460,82,302188
2562,0.037792,74.125.24.0-255,2902,227362,82,302188
2563,0.037801,172.31.47.0-255,66,227428,82,302188
2564,0.037827,74.125.24.0-255,2902,230330,82,302188
2565,0.03783,172.31.47.0-255,66,230396,82,302188
2566,0.040143,74.125.24.0-255,2902,233298,82,302188
2567,0.040148,172.31.47.0-255,66,233364,82,302188
2568,0.040182,74.125.24.0-255,2902,236266,82,302188
2569,0.040184,172.31.47.0-255,66,236332,82,302188
2570,0.042516,74.125.24.0-255,2902,239234,82,302188
2571,0.042533,172.31.47.0-255,66,239300,82,302188
2572,0.042559,74.125.24.0-255,2902,242202,82,302188
2573,0.042564,172.31.47.0-255,66,242268,82,302188
2574,0.04492,74.125.24.0-255,4320,246588,82,302188
2575,0.044924,172.31.47.0-255,66,246654,82,302188
2576,0.044951,74.125.24.0-255,1484,248138,82,302188
2577,0.047292,74.125.24.0-255,4320,252458,82,302188
2578,0.047298,172.31.47.0-255,66,252524,82,302188
2579,0.049701,74.125.24.0-255,2902,255426,82,302188
2580,0.049707,172.31.47.0-255,66,255492,82,302188
2581,0.049736,74.125.24.0-255,2902,258394,82,302188
2582,0.049738,172.31.47.0-255,66,258460,82,302188
2583,0.052099,74.125.24.0-255,5738,264198,82,302188
2584,0.052107,172.31.47.0-255,66,264264,82,302188
2585,0.054475,74.125.24.0-255,5738,270002,82,302188
2586,0.054483,172.31.47.0-255,66,270068,82,302188
2587,0.056847,74.125.24.0-255,5738,275806,82,302188
2588,0.056857,172.31.47.0-255,66,275872,82,302188
2589,0.059205,74.125.24.0-255,4320,280192,82,302188
2590,0.05921,172.31.47.0-255,66,280258,82,302188
2591,0.059238,74.125.24.0-255,1484,281742,82,302188
2592,0.06157,74.125.24.0-255,4320,286062,82,302188
2593,0.061574,172.31.47.0-255,66,286128,82,302188
2594,0.063974,74.125.24.0-255,4320,290448,82,302188
2595,0.06398,172.31.47.0-255,66,290514,82,302188
2596,0.064002,74.125.24.0-255,1484,291998,82,302188
2597,0.06636,74.125.24.0-255,4320,296318,82,302188
2598,0.066365,172.31.47.0-255,66,296384,82,302188
2599,0.06873,74.125.24.0-255,5738,302122,82,302188
2600,0.068736,172.31.47.0-255,66,302188,82,302188
2601,0.0,172.31.47.0-255,105,105,82,276
2602,0.001783,157.240.13.0-255,105,210,82,276
2603,0.001793,172.31.47.0-255,66,276,82,276
2604,0.0,74.125.24.0-255,153,153,82,197940
2605,2.2e-05,172.31.47.0-255,66,219,82,197940
2606,2.9e-05,74.125.24.0-255,1484,1703,82,197940
2607,3.4e-05,172.31.47.0-255,66,1769,82,197940
2608,3.9e-05,74.125.24.0-255,2902,4671,82,197940
2609,4.2e-05,172.31.47.0-255,66,4737,82,197940
2610,4.9e-05,74.125.24.0-255,7156,11893,82,197940
2611,5.1e-05,172.31.47.0-255,66,11959,82,197940
2612,7.4e-05,74.125.24.0-255,1966,13925,82,197940
2613,7.7e-05,172.31.47.0-255,66,13991,82,197940
2614,9.9e-05,74.125.24.0-255,7156,21147,82,197940
2615,0.000102,172.31.47.0-255,66,21213,82,197940
2616,0.000115,74.125.24.0-255,4320,25533,82,197940
2617,0.000117,172.31.47.0-255,66,25599,82,197940
2618,0.00017,74.125.24.0-255,5379,30978,82,197940
2619,0.000173,172.31.47.0-255,66,31044,82,197940
2620,0.000202,74.125.24.0-255,4320,35364,82,197940
2621,0.000204,172.31.47.0-255,66,35430,82,197940
2622,0.000222,74.125.24.0-255,4320,39750,82,197940
2623,0.000224,172.31.47.0-255,66,39816,82,197940
2624,0.000253,74.125.24.0-255,5738,45554,82,197940
2625,0.000257,172.31.47.0-255,66,45620,82,197940
2626,0.000284,74.125.24.0-255,9633,55253,82,197940
2627,0.000287,172.31.47.0-255,66,55319,82,197940
2628,0.000348,74.125.24.0-255,5738,61057,82,197940
2629,0.000351,172.31.47.0-255,66,61123,82,197940
2630,0.000367,74.125.24.0-255,4270,65393,82,197940
2631,0.000371,172.31.47.0-255,66,65459,82,197940
2632,0.000385,74.125.24.0-255,111,65570,82,197940
2633,0.000387,172.31.47.0-255,66,65636,82,197940
2634,0.000438,74.125.24.0-255,1484,67120,82,197940
2635,0.000442,172.31.47.0-255,66,67186,82,197940
2636,0.000445,74.125.24.0-255,1484,68670,82,197940
2637,0.000462,74.125.24.0-255,1484,70154,82,197940
2638,0.000465,172.31.47.0-255,66,70220,82,197940
2639,0.000472,74.125.24.0-255,5738,75958,82,197940
2640,0.000475,172.31.47.0-255,66,76024,82,197940
2641,0.000498,74.125.24.0-255,4320,80344,82,197940
2642,0.000501,172.31.47.0-255,66,80410,82,197940
2643,0.000526,74.125.24.0-255,9633,90043,82,197940
2644,0.000529,172.31.47.0-255,66,90109,82,197940
2645,0.000588,74.125.24.0-255,7156,97265,82,197940
2646,0.000592,172.31.47.0-255,66,97331,82,197940
2647,0.000609,74.125.24.0-255,2543,99874,82,197940
2648,0.000611,172.31.47.0-255,66,99940,82,197940
2649,0.000769,74.125.24.0-255,1484,101424,82,197940
2650,0.000775,74.125.24.0-255,1484,102908,82,197940
2651,0.000779,172.31.47.0-255,66,102974,82,197940
2652,0.000793,74.125.24.0-255,1484,104458,82,197940
2653,0.000799,74.125.24.0-255,5738,110196,82,197940
2654,0.000802,172.31.47.0-255,66,110262,82,197940
2655,0.000841,172.31.47.0-255,66,110328,82,197940
2656,0.0009,74.125.24.0-255,7156,117484,82,197940
2657,0.000904,172.31.47.0-255,66,117550,82,197940
2658,0.000958,74.125.24.0-255,9992,127542,82,197940
2659,0.000961,172.31.47.0-255,66,127608,82,197940
2660,0.000994,172.31.47.0-255,66,127674,82,197940
2661,0.001132,74.125.24.0-255,8574,136248,82,197940
2662,0.001137,172.31.47.0-255,66,136314,82,197940
2663,0.00115,74.125.24.0-255,1484,137798,82,197940
2664,0.001158,74.125.24.0-255,7156,144954,82,197940
2665,0.001161,172.31.47.0-255,66,145020,82,197940
2666,0.001189,74.125.24.0-255,9274,154294,82,197940
2667,0.001193,172.31.47.0-255,66,154360,82,197940
2668,0.001284,172.31.47.0-255,66,154426,82,197940
2669,0.001304,74.125.24.0-255,2184,156610,82,197940
2670,0.001306,172.31.47.0-255,66,156676,82,197940
2671,0.001414,172.31.47.0-255,66,156742,82,197940
2672,0.001453,172.31.47.0-255,66,156808,82,197940
2673,0.001619,74.125.24.0-255,7156,163964,82,197940
2674,0.001623,172.31.47.0-255,66,164030,82,197940
2675,0.001676,172.31.47.0-255,66,164096,82,197940
2676,0.001858,74.125.24.0-255,5738,169834,82,197940
2677,0.001863,172.31.47.0-255,66,169900,82,197940
2678,0.001893,172.31.47.0-255,66,169966,82,197940
2679,0.002053,74.125.24.0-255,7156,177122,82,197940
2680,0.002057,172.31.47.0-255,66,177188,82,197940
2681,0.002082,74.125.24.0-255,8574,185762,82,197940
2682,0.002085,172.31.47.0-255,66,185828,82,197940
2683,0.002155,74.125.24.0-255,7156,192984,82,197940
2684,0.002159,172.31.47.0-255,66,193050,82,197940
2685,0.002235,172.31.47.0-255,66,193116,82,197940
2686,0.002275,172.31.47.0-255,66,193182,82,197940
2687,0.002461,172.31.47.0-255,66,193248,82,197940
2688,0.002518,172.31.47.0-255,66,193314,82,197940
2689,0.002672,74.125.24.0-255,105,193419,82,197940
2690,0.004418,172.31.47.0-255,66,193485,82,197940
2691,0.00445,172.31.47.0-255,105,193590,82,197940
2692,0.006629,74.125.24.0-255,66,193656,82,197940
2693,0.02972,172.31.47.0-255,172,193828,82,197940
2694,0.029755,172.31.47.0-255,1111,194939,82,197940
2695,0.029818,172.31.47.0-255,1514,196453,82,197940
2696,0.02982,172.31.47.0-255,1289,197742,82,197940
2697,0.031224,104.244.42.0-255,66,197808,82,197940
2698,0.031267,104.244.42.0-255,66,197874,82,197940
2699,0.031382,104.244.42.0-255,66,197940,82,197940
2700,0.0,172.31.47.0-255,105,105,82,105
2701,0.0,172.31.47.0-255,105,105,82,276
2702,0.001472,157.240.13.0-255,105,210,82,276
2703,0.001481,172.31.47.0-255,66,276,82,276
2704,0.0,74.125.24.0-255,153,153,82,269813
2705,1.4e-05,172.31.47.0-255,66,219,82,269813
2706,2e-05,74.125.24.0-255,1484,1703,82,269813
2707,2.3e-05,172.31.47.0-255,66,1769,82,269813
2708,2.8e-05,74.125.24.0-255,2902,4671,82,269813
2709,3e-05,172.31.47.0-255,66,4737,82,269813
2710,4.1e-05,74.125.24.0-255,2902,7639,82,269813
2711,4.4e-05,172.31.47.0-255,66,7705,82,269813
2712,8.2e-05,74.125.24.0-255,2902,10607,82,269813
2713,8.4e-05,172.31.47.0-255,66,10673,82,269813
2714,0.000111,74.125.24.0-255,3555,14228,82,269813
2715,0.000113,172.31.47.0-255,66,14294,82,269813
2716,0.000166,74.125.24.0-255,1484,15778,82,269813
2717,0.000168,172.31.47.0-255,66,15844,82,269813
2718,0.000171,74.125.24.0-255,1484,17328,82,269813
2719,0.000173,172.31.47.0-255,66,17394,82,269813
2720,0.0002,74.125.24.0-255,1484,18878,82,269813
2721,0.000202,172.31.47.0-255,66,18944,82,269813
2722,0.000212,74.125.24.0-255,5738,24682,82,269813
2723,0.000214,172.31.47.0-255,66,24748,82,269813
2724,0.000231,74.125.24.0-255,1484,26232,82,269813
2725,0.000233,172.31.47.0-255,66,26298,82,269813
2726,0.000263,74.125.24.0-255,5379,31677,82,269813
2727,0.000266,172.31.47.0-255,66,31743,82,269813
2728,0.000327,74.125.24.0-255,1484,33227,82,269813
2729,0.000329,172.31.47.0-255,66,33293,82,269813
2730,0.000334,74.125.24.0-255,2902,36195,82,269813
2731,0.000336,172.31.47.0-255,66,36261,82,269813
2732,0.000368,74.125.24.0-255,5738,41999,82,269813
2733,0.000371,172.31.47.0-255,66,42065,82,269813
2734,0.000376,74.125.24.0-255,5738,47803,82,269813
2735,0.000378,172.31.47.0-255,66,47869,82,269813
2736,0.000414,74.125.24.0-255,8215,56084,82,269813
2737,0.000416,172.31.47.0-255,66,56150,82,269813
2738,0.000423,74.125.24.0-255,8574,64724,82,269813
2739,0.000425,172.31.47.0-255,66,64790,82,269813
2740,0.000448,74.125.24.0-255,1400,66190,82,269813
2741,0.000451,74.125.24.0-255,133,66323,82,269813
2742,0.000469,74.125.24.0-255,346,66669,82,269813
2743,0.00047,172.31.47.0-255,66,66735,82,269813
2744,0.000636,74.125.24.0-255,1484,68219,82,269813
2745,0.000642,74.125.24.0-255,2902,71121,82,269813
2746,0.000645,172.31.47.0-255,66,71187,82,269813
2747,0.000651,74.125.24.0-255,2902,74089,82,269813
2748,0.000653,172.31.47.0-255,66,74155,82,269813
2749,0.000672,74.125.24.0-255,2902,77057,82,269813
2750,0.000674,172.31.47.0-255,66,77123,82,269813
2751,0.000693,172.31.47.0-255,66,77189,82,269813
2752,0.000701,74.125.24.0-255,9992,87181,82,269813
2753,0.000705,172.31.47.0-255,66,87247,82,269813
2754,0.000763,74.125.24.0-255,766,88013,82,269813
2755,0.001047,74.125.24.0-255,1484,89497,82,269813
2756,0.001052,172.31.47.0-255,66,89563,82,269813
2757,0.001058,74.125.24.0-255,2902,92465,82,269813
2758,0.001061,172.31.47.0-255,66,92531,82,269813
2759,0.001064,74.125.24.0-255,1484,94015,82,269813
2760,0.0011,74.125.24.0-255,4320,98335,82,269813
2761,0.001103,172.31.47.0-255,66,98401,82,269813
2762,0.001121,172.31.47.0-255,66,98467,82,269813
2763,0.00114,74.125.24.0-255,7156,105623,82,269813
2764,0.001143,172.31.47.0-255,66,105689,82,269813
2765,0.001148,74.125.24.0-255,3602,109291,82,269813
2766,0.00115,172.31.47.0-255,66,109357,82,269813
2767,0.001235,74.125.24.0-255,1484,110841,82,269813
2768,0.001241,74.125.24.0-255,2902,113743,82,269813
2769,0.001244,172.31.47.0-255,66,113809,82,269813
2770,0.001251,74.125.24.0-255,4320,118129,82,269813
2771,0.001253,172.31.47.0-255,66,118195,82,269813
2772,0.00128,74.125.24.0-255,1484,119679,82,269813
2773,0.00129,74.125.24.0-255,9992,129671,82,269813
2774,0.001292,172.31.47.0-255,66,129737,82,269813
2775,0.001316,74.125.24.0-255,2902,132639,82,269813
2776,0.001318,172.31.47.0-255,66,132705,82,269813
2777,0.001329,74.125.24.0-255,10692,143397,82,269813
2778,0.001335,172.31.47.0-255,66,143463,82,269813
2779,0.001417,74.125.24.0-255,1484,144947,82,269813
2780,0.001422,74.125.24.0-255,1484,146431,82,269813
2781,0.001425,172.31.47.0-255,66,146497,82,269813
2782,0.001454,74.125.24.0-255,1484,147981,82,269813
2783,0.00146,74.125.24.0-255,5738,153719,82,269813
2784,0.001463,172.31.47.0-255,66,153785,82,269813
2785,0.001471,74.125.24.0-255,8574,162359,82,269813
2786,0.001473,172.31.47.0-255,66,162425,82,269813
2787,0.00151,74.125.24.0-255,5738,168163,82,269813
2788,0.001515,172.31.47.0-255,66,168229,82,269813
2789,0.001538,74.125.24.0-255,10692,178921,82,269813
2790,0.001541,172.31.47.0-255,66,178987,82,269813
2791,0.001556,172.31.47.0-255,66,179053,82,269813
2792,0.001593,74.125.24.0-255,2902,181955,82,269813
2793,0.001596,172.31.47.0-255,66,182021,82,269813
2794,0.001616,172.31.47.0-255,66,182087,82,269813
2795,0.001679,74.125.24.0-255,1484,183571,82,269813
2796,0.001691,74.125.24.0-255,1484,185055,82,269813
2797,0.001694,172.31.47.0-255,66,185121,82,269813
2798,0.001719,74.125.24.0-255,1484,186605,82,269813
2799,0.001727,74.125.24.0-255,5738,192343,82,269813
2800,0.001729,172.31.47.0-255,66,192409,82,269813
2801,0.001763,172.31.47.0-255,66,192475,82,269813
2802,0.00177,74.125.24.0-255,7156,199631,82,269813
2803,0.001773,172.31.47.0-255,66,199697,82,269813
2804,0.001778,74.125.24.0-255,3602,203299,82,269813
2805,0.001784,172.31.47.0-255,66,203365,82,269813
2806,0.001893,74.125.24.0-255,1484,204849,82,269813
2807,0.0019,74.125.24.0-255,2902,207751,82,269813
2808,0.001903,172.31.47.0-255,66,207817,82,269813
2809,0.001908,74.125.24.0-255,2902,210719,82,269813
2810,0.001911,172.31.47.0-255,66,210785,82,269813
2811,0.001936,74.125.24.0-255,2902,213687,82,269813
2812,0.001944,172.31.47.0-255,66,213753,82,269813
2813,0.001986,74.125.24.0-255,8574,222327,82,269813
2814,0.001989,172.31.47.0-255,66,222393,82,269813
2815,0.002025,74.125.24.0-255,4320,226713,82,269813
2816,0.002029,172.31.47.0-255,66,226779,82,269813
2817,0.002039,74.125.24.0-255,10692,237471,82,269813
2818,0.002042,172.31.47.0-255,66,237537,82,269813
2819,0.00206,172.31.47.0-255,66,237603,82,269813
2820,0.002077,172.31.47.0-255,66,237669,82,269813
2821,0.002086,74.125.24.0-255,10692,248361,82,269813
2822,0.002089,172.31.47.0-255,66,248427,82,269813
2823,0.002094,74.125.24.0-255,4320,252747,82,269813
2824,0.002097,172.31.47.0-255,66,252813,82,269813
2825,0.002129,74.125.24.0-255,7156,259969,82,269813
2826,0.002134,172.31.47.0-255,66,260035,82,269813
2827,0.002154,172.31.47.0-255,66,260101,82,269813
2828,0.002207,172.31.47.0-255,66,260167,82,269813
2829,0.002227,172.31.47.0-255,66,260233,82,269813
2830,0.002233,74.125.24.0-255,4887,265120,82,269813
2831,0.002236,172.31.47.0-255,66,265186,82,269813
2832,0.002247,74.125.24.0-255,105,265291,82,269813
2833,0.004439,172.31.47.0-255,66,265357,82,269813
2834,0.004472,172.31.47.0-255,105,265462,82,269813
2835,0.006725,74.125.24.0-255,66,265528,82,269813
2836,0.04491,172.31.47.0-255,172,265700,82,269813
2837,0.044984,172.31.47.0-255,1103,266803,82,269813
2838,0.045068,172.31.47.0-255,1514,268317,82,269813
2839,0.04507,172.31.47.0-255,1298,269615,82,269813
2840,0.046423,104.244.42.0-255,66,269681,82,269813
2841,0.046474,104.244.42.0-255,66,269747,82,269813
2842,0.046567,104.244.42.0-255,66,269813,82,269813
2843,0.0,172.31.47.0-255,66,66,82,66
2844,0.0,172.31.47.0-255,105,105,82,105
2845,0.0,172.217.194.0-255,153,153,82,329808
2846,2.8e-05,172.31.47.0-255,66,219,82,329808
2847,3.6e-05,172.217.194.0-255,1484,1703,82,329808
2848,4e-05,172.31.47.0-255,66,1769,82,329808
2849,4.4e-05,172.217.194.0-255,2902,4671,82,329808
2850,5.5e-05,172.31.47.0-255,66,4737,82,329808
2851,6.2e-05,172.217.194.0-255,7156,11893,82,329808
2852,6.5e-05,172.31.47.0-255,66,11959,82,329808
2853,9.3e-05,172.217.194.0-255,2093,14052,82,329808
2854,9.6e-05,172.31.47.0-255,66,14118,82,329808
2855,0.000156,172.217.194.0-255,1484,15602,82,329808
2856,0.00016,172.31.47.0-255,66,15668,82,329808
2857,0.000165,172.217.194.0-255,2902,18570,82,329808
2858,0.000167,172.31.47.0-255,66,18636,82,329808
2859,0.000192,172.217.194.0-255,5738,24374,82,329808
2860,0.000195,172.31.47.0-255,66,24440,82,329808
2861,0.000225,172.217.194.0-255,6797,31237,82,329808
2862,0.000228,172.31.47.0-255,66,31303,82,329808
2863,0.000326,172.217.194.0-255,1484,32787,82,329808
2864,0.000329,172.31.47.0-255,66,32853,82,329808
2865,0.000335,172.217.194.0-255,2902,35755,82,329808
2866,0.000336,172.31.47.0-255,66,35821,82,329808
2867,0.000364,172.217.194.0-255,5738,41559,82,329808
2868,0.000368,172.31.47.0-255,66,41625,82,329808
2869,0.000375,172.217.194.0-255,6797,48422,82,329808
2870,0.000377,172.31.47.0-255,66,48488,82,329808
2871,0.000517,172.217.194.0-255,1484,49972,82,329808
2872,0.000525,172.31.47.0-255,66,50038,82,329808
2873,0.00053,172.217.194.0-255,2902,52940,82,329808
2874,0.000532,172.31.47.0-255,66,53006,82,329808
2875,0.000545,172.217.194.0-255,5738,58744,82,329808
2876,0.000548,172.31.47.0-255,66,58810,82,329808
2877,0.000567,172.217.194.0-255,2902,61712,82,329808
2878,0.00057,172.31.47.0-255,66,61778,82,329808
2879,0.000602,172.217.194.0-255,4255,66033,82,329808
2880,0.000605,172.31.47.0-255,66,66099,82,329808
2881,0.000672,172.217.194.0-255,1484,67583,82,329808
2882,0.000678,172.217.194.0-255,2902,70485,82,329808
2883,0.000681,172.31.47.0-255,66,70551,82,329808
2884,0.000685,172.217.194.0-255,1484,72035,82,329808
2885,0.000708,172.217.194.0-255,4320,76355,82,329808
2886,0.000711,172.31.47.0-255,66,76421,82,329808
2887,0.000714,172.217.194.0-255,1484,77905,82,329808
2888,0.000749,172.31.47.0-255,66,77971,82,329808
2889,0.000758,172.217.194.0-255,9992,87963,82,329808
2890,0.00076,172.31.47.0-255,66,88029,82,329808
2891,0.000763,172.217.194.0-255,1125,89154,82,329808
2892,0.00083,172.217.194.0-255,1484,90638,82,329808
2893,0.000835,172.31.47.0-255,66,90704,82,329808
2894,0.00084,172.217.194.0-255,2902,93606,82,329808
2895,0.000842,172.31.47.0-255,66,93672,82,329808
2896,0.00087,172.217.194.0-255,5738,99410,82,329808
2897,0.000873,172.31.47.0-255,66,99476,82,329808
2898,0.000876,172.217.194.0-255,1484,100960,82,329808
2899,0.000905,172.217.194.0-255,8574,109534,82,329808
2900,0.000909,172.31.47.0-255,66,109600,82,329808
2901,0.000922,172.31.47.0-255,66,109666,82,329808
2902,0.000931,172.217.194.0-255,2184,111850,82,329808
2903,0.000933,172.31.47.0-255,66,111916,82,329808
2904,0.001166,172.217.194.0-255,1484,113400,82,329808
2905,0.00117,172.217.194.0-255,1484,114884,82,329808
2906,0.001173,172.31.47.0-255,66,114950,82,329808
2907,0.001197,172.217.194.0-255,1484,116434,82,329808
2908,0.001203,172.217.194.0-255,5738,122172,82,329808
2909,0.001205,172.31.47.0-255,66,122238,82,329808
2910,0.001236,172.217.194.0-255,7156,129394,82,329808
2911,0.001239,172.31.47.0-255,66,129460,82,329808
2912,0.001265,172.217.194.0-255,5738,135198,82,329808
2913,0.001268,172.31.47.0-255,66,135264,82,329808
2914,0.001297,172.217.194.0-255,10692,145956,82,329808
2915,0.0013,172.31.47.0-255,66,146022,82,329808
2916,0.001376,172.217.194.0-255,1484,147506,82,329808
2917,0.001392,172.217.194.0-255,2902,150408,82,329808
2918,0.001395,172.31.47.0-255,66,150474,82,329808
2919,0.001425,172.217.194.0-255,5738,156212,82,329808
2920,0.001429,172.31.47.0-255,66,156278,82,329808
2921,0.001432,172.217.194.0-255,1484,157762,82,329808
2922,0.001472,172.31.47.0-255,66,157828,82,329808
2923,0.001479,172.217.194.0-255,8574,166402,82,329808
2924,0.001481,172.31.47.0-255,66,166468,82,329808
2925,0.001511,172.217.194.0-255,5738,172206,82,329808
2926,0.001514,172.31.47.0-255,66,172272,82,329808
2927,0.001547,172.31.47.0-255,66,172338,82,329808
2928,0.00156,172.31.47.0-255,66,172404,82,329808
2929,0.001621,172.217.194.0-255,1484,173888,82,329808
2930,0.00164,172.217.194.0-255,2902,176790,82,329808
2931,0.001643,172.31.47.0-255,66,176856,82,329808
2932,0.001647,172.217.194.0-255,1484,178340,82,329808
2933,0.00167,172.217.194.0-255,4320,182660,82,329808
2934,0.001674,172.217.194.0-255,2902,185562,82,329808
2935,0.001675,172.31.47.0-255,66,185628,82,329808
2936,0.001679,172.31.47.0-255,66,185694,82,329808
2937,0.001723,172.217.194.0-255,7156,192850,82,329808
2938,0.001727,172.31.47.0-255,66,192916,82,329808
2939,0.001748,172.31.47.0-255,66,192982,82,329808
2940,0.001752,172.217.194.0-255,2184,195166,82,329808
2941,0.001754,172.31.47.0-255,66,195232,82,329808
2942,0.001831,172.217.194.0-255,1484,196716,82,329808
2943,0.001844,172.217.194.0-255,2902,199618,82,329808
2944,0.001849,172.31.47.0-255,66,199684,82,329808
2945,0.001881,172.217.194.0-255,5738,205422,82,329808
2946,0.001884,172.31.47.0-255,66,205488,82,329808
2947,0.00189,172.217.194.0-255,4320,209808,82,329808
2948,0.001891,172.31.47.0-255,66,209874,82,329808
2949,0.001932,172.217.194.0-255,5738,215612,82,329808
2950,0.001932,172.31.47.0-255,66,215678,82,329808
2951,0.001935,172.31.47.0-255,66,215744,82,329808
2952,0.001982,172.217.194.0-255,2184,217928,82,329808
2953,0.001986,172.31.47.0-255,66,217994,82,329808
2954,0.00199,172.217.194.0-255,2902,220896,82,329808
2955,0.001993,172.31.47.0-255,66,220962,82,329808
2956,0.002028,172.217.194.0-255,7156,228118,82,329808
2957,0.002031,172.31.47.0-255,66,228184,82,329808
2958,0.002038,172.217.194.0-255,7156,235340,82,329808
2959,0.00204,172.31.47.0-255,66,235406,82,329808
2960,0.00404,172.217.194.0-255,5738,241144,82,329808
2961,0.004046,172.31.47.0-255,66,241210,82,329808
2962,0.006042,172.217.194.0-255,5738,246948,82,329808
2963,0.006047,172.31.47.0-255,66,247014,82,329808
2964,0.008048,172.217.194.0-255,5738,252752,82,329808
2965,0.008052,172.31.47.0-255,66,252818,82,329808
2966,0.010045,172.217.194.0-255,5738,258556,82,329808
2967,0.010053,172.31.47.0-255,66,258622,82,329808
2968,0.01207,172.217.194.0-255,5738,264360,82,329808
2969,0.012077,172.31.47.0-255,66,264426,82,329808
2970,0.014082,172.217.194.0-255,5738,270164,82,329808
2971,0.01409,172.31.47.0-255,66,270230,82,329808
2972,0.016079,172.217.194.0-255,5738,275968,82,329808
2973,0.016086,172.31.47.0-255,66,276034,82,329808
2974,0.018091,172.217.194.0-255,5738,281772,82,329808
2975,0.018097,172.31.47.0-255,66,281838,82,329808
2976,0.020089,172.217.194.0-255,5738,287576,82,329808
2977,0.020095,172.31.47.0-255,66,287642,82,329808
2978,0.02208,172.217.194.0-255,5738,293380,82,329808
2979,0.022086,172.31.47.0-255,66,293446,82,329808
2980,0.024104,172.217.194.0-255,2902,296348,82,329808
2981,0.02411,172.31.47.0-255,66,296414,82,329808
2982,0.02414,172.217.194.0-255,2902,299316,82,329808
2983,0.024143,172.31.47.0-255,66,299382,82,329808
2984,0.026102,172.217.194.0-255,2902,302284,82,329808
2985,0.026109,172.31.47.0-255,66,302350,82,329808
2986,0.026156,172.217.194.0-255,2902,305252,82,329808
2987,0.02616,172.31.47.0-255,66,305318,82,329808
2988,0.028096,172.217.194.0-255,2902,308220,82,329808
2989,0.028106,172.31.47.0-255,66,308286,82,329808
2990,0.028158,172.217.194.0-255,2902,311188,82,329808
2991,0.028162,172.31.47.0-255,66,311254,82,329808
2992,0.028787,172.31.47.0-255,163,311417,82,329808
2993,0.028817,172.31.47.0-255,1145,312562,82,329808
2994,0.028854,172.31.47.0-255,1514,314076,82,329808
2995,0.028855,172.31.47.0-255,1254,315330,82,329808
2996,0.030106,172.217.194.0-255,2902,318232,82,329808
2997,0.030112,172.31.47.0-255,66,318298,82,329808
2998,0.030153,172.217.194.0-255,2902,321200,82,329808
2999,0.030157,172.31.47.0-255,66,321266,82,329808
3000,0.030326,104.244.42.0-255,66,321332,82,329808
3001,0.030379,104.244.42.0-255,66,321398,82,329808
3002,0.030445,104.244.42.0-255,66,321464,82,329808
3003,0.03212,172.217.194.0-255,2902,324366,82,329808
3004,0.032125,172.31.47.0-255,66,324432,82,329808
3005,0.032164,172.217.194.0-255,1484,325916,82,329808
3006,0.032181,172.217.194.0-255,1484,327400,82,329808
3007,0.032184,172.31.47.0-255,66,327466,82,329808
3008,0.034099,172.217.194.0-255,2105,329571,82,329808
3009,0.034104,172.31.47.0-255,66,329637,82,329808
3010,0.034255,172.31.47.0-255,105,329742,82,329808
3011,0.036221,172.217.194.0-255,66,329808,82,329808
3012,0.0,172.217.160.0-255,153,153,82,309814
3013,2.8e-05,172.31.47.0-255,66,219,82,309814
3014,3.5e-05,172.217.160.0-255,1484,1703,82,309814
3015,3.9e-05,172.31.47.0-255,66,1769,82,309814
3016,4.3e-05,172.217.160.0-255,2902,4671,82,309814
3017,4.6e-05,172.31.47.0-255,66,4737,82,309814
3018,6.2e-05,172.217.160.0-255,7156,11893,82,309814
3019,6.4e-05,172.31.47.0-255,66,11959,82,309814
3020,7e-05,172.217.160.0-255,5052,17011,82,309814
3021,7.3e-05,172.31.47.0-255,66,17077,82,309814
3022,0.000102,172.217.160.0-255,5738,22815,82,309814
3023,0.000105,172.31.47.0-255,66,22881,82,309814
3024,0.000134,172.217.160.0-255,8215,31096,82,309814
3025,0.000138,172.31.47.0-255,66,31162,82,309814
3026,0.000141,172.217.160.0-255,1484,32646,82,309814
3027,0.000143,172.31.47.0-255,66,32712,82,309814
3028,0.000172,172.217.160.0-255,2902,35614,82,309814
3029,0.000175,172.31.47.0-255,66,35680,82,309814
3030,0.000182,172.217.160.0-255,5738,41418,82,309814
3031,0.000184,172.31.47.0-255,66,41484,82,309814
3032,0.000221,172.217.160.0-255,6797,48281,82,309814
3033,0.000224,172.31.47.0-255,66,48347,82,309814
3034,0.000301,172.217.160.0-255,1484,49831,82,309814
3035,0.000305,172.31.47.0-255,66,49897,82,309814
3036,0.000309,172.217.160.0-255,1484,51381,82,309814
3037,0.000311,172.31.47.0-255,66,51447,82,309814
3038,0.000346,172.217.160.0-255,1484,52931,82,309814
3039,0.00035,172.31.47.0-255,66,52997,82,309814
3040,0.000358,172.217.160.0-255,5738,58735,82,309814
3041,0.00036,172.31.47.0-255,66,58801,82,309814
3042,0.000367,172.217.160.0-255,6797,65598,82,309814
3043,0.000369,172.31.47.0-255,66,65664,82,309814
3044,0.000393,172.217.160.0-255,373,66037,82,309814
3045,0.000396,172.31.47.0-255,66,66103,82,309814
3046,0.000922,172.217.160.0-255,102,66205,82,309814
3047,0.000927,172.31.47.0-255,66,66271,82,309814
3048,0.001035,172.217.160.0-255,1484,67755,82,309814
3049,0.001039,172.31.47.0-255,66,67821,82,309814
3050,0.001057,172.217.160.0-255,2902,70723,82,309814
3051,0.00106,172.31.47.0-255,66,70789,82,309814
3052,0.001066,172.217.160.0-255,5738,76527,82,309814
3053,0.001067,172.31.47.0-255,66,76593,82,309814
3054,0.00107,172.217.160.0-255,1484,78077,82,309814
3055,0.001072,172.31.47.0-255,66,78143,82,309814
3056,0.001105,172.217.160.0-255,4320,82463,82,309814
3057,0.001107,172.31.47.0-255,66,82529,82,309814
3058,0.001116,172.217.160.0-255,9633,92162,82,309814
3059,0.001118,172.31.47.0-255,66,92228,82,309814
3060,0.001162,172.217.160.0-255,4320,96548,82,309814
3061,0.001165,172.31.47.0-255,66,96614,82,309814
3062,0.001188,172.217.160.0-255,4259,100873,82,309814
3063,0.00119,172.31.47.0-255,66,100939,82,309814
3064,0.001906,172.217.160.0-255,1484,102423,82,309814
3065,0.001911,172.31.47.0-255,66,102489,82,309814
3066,0.001937,172.217.160.0-255,2902,105391,82,309814
3067,0.001939,172.31.47.0-255,66,105457,82,309814
3068,0.003083,172.217.160.0-255,1484,106941,82,309814
3069,0.003088,172.31.47.0-255,66,107007,82,309814
3070,0.003853,172.217.160.0-255,4320,111327,82,309814
3071,0.003855,172.31.47.0-255,66,111393,82,309814
3072,0.004972,172.217.160.0-255,1484,112877,82,309814
3073,0.004975,172.31.47.0-255,66,112943,82,309814
3074,0.005748,172.217.160.0-255,4320,117263,82,309814
3075,0.00575,172.31.47.0-255,66,117329,82,309814
3076,0.006863,172.217.160.0-255,1484,118813,82,309814
3077,0.007641,172.217.160.0-255,4320,123133,82,309814
3078,0.007647,172.31.47.0-255,66,123199,82,309814
3079,0.009542,172.217.160.0-255,5738,128937,82,309814
3080,0.009552,172.31.47.0-255,66,129003,82,309814
3081,0.011448,172.217.160.0-255,5738,134741,82,309814
3082,0.011455,172.31.47.0-255,66,134807,82,309814
3083,0.013355,172.217.160.0-255,5738,140545,82,309814
3084,0.013364,172.31.47.0-255,66,140611,82,309814
3085,0.015259,172.217.160.0-255,5738,146349,82,309814
3086,0.015265,172.31.47.0-255,66,146415,82,309814
3087,0.017202,172.217.160.0-255,5738,152153,82,309814
3088,0.017208,172.31.47.0-255,66,152219,82,309814
3089,0.01911,172.217.160.0-255,5738,157957,82,309814
3090,0.019116,172.31.47.0-255,66,158023,82,309814
3091,0.021014,172.217.160.0-255,5738,163761,82,309814
3092,0.021022,172.31.47.0-255,66,163827,82,309814
3093,0.022912,172.217.160.0-255,5738,169565,82,309814
3094,0.022918,172.31.47.0-255,66,169631,82,309814
3095,0.024143,172.31.47.0-255,172,169803,82,309814
3096,0.024172,172.31.47.0-255,1107,170910,82,309814
3097,0.024205,172.31.47.0-255,1514,172424,82,309814
3098,0.024207,172.31.47.0-255,1292,173716,82,309814
3099,0.024811,172.217.160.0-255,5738,179454,82,309814
3100,0.024818,172.31.47.0-255,66,179520,82,309814
3101,0.025717,104.244.42.0-255,66,179586,82,309814
3102,0.025724,104.244.42.0-255,66,179652,82,309814
3103,0.025764,104.244.42.0-255,66,179718,82,309814
3104,0.026708,172.217.160.0-255,4320,184038,82,309814
3105,0.026713,172.31.47.0-255,66,184104,82,309814
3106,0.026743,172.217.160.0-255,1484,185588,82,309814
3107,0.028606,172.217.160.0-255,4320,189908,82,309814
3108,0.028612,172.31.47.0-255,66,189974,82,309814
3109,0.030526,172.217.160.0-255,5738,195712,82,309814
3110,0.030532,172.31.47.0-255,66,195778,82,309814
3111,0.032439,172.217.160.0-255,5738,201516,82,309814
3112,0.032451,172.31.47.0-255,66,201582,82,309814
3113,0.03437,172.217.160.0-255,5738,207320,82,309814
3114,0.034376,172.31.47.0-255,66,207386,82,309814
3115,0.036277,172.217.160.0-255,4320,211706,82,309814
3116,0.036282,172.31.47.0-255,66,211772,82,309814
3117,0.03631,172.217.160.0-255,1484,213256,82,309814
3118,0.038179,172.217.160.0-255,4320,217576,82,309814
3119,0.038184,172.31.47.0-255,66,217642,82,309814
3120,0.040078,172.217.160.0-255,4320,221962,82,309814
3121,0.040083,172.31.47.0-255,66,222028,82,309814
3122,0.040118,172.217.160.0-255,1484,223512,82,309814
3123,0.042,172.217.160.0-255,4320,227832,82,309814
3124,0.042005,172.31.47.0-255,66,227898,82,309814
3125,0.043893,172.217.160.0-255,5738,233636,82,309814
3126,0.043899,172.31.47.0-255,66,233702,82,309814
3127,0.045789,172.217.160.0-255,5738,239440,82,309814
3128,0.045796,172.31.47.0-255,66,239506,82,309814
3129,0.047684,172.217.160.0-255,5738,245244,82,309814
3130,0.04769,172.31.47.0-255,66,245310,82,309814
3131,0.04958,172.217.160.0-255,5738,251048,82,309814
3132,0.049587,172.31.47.0-255,66,251114,82,309814
3133,0.05148,172.217.160.0-255,5738,256852,82,309814
3134,0.051485,172.31.47.0-255,66,256918,82,309814
3135,0.05339,172.217.160.0-255,5738,262656,82,309814
3136,0.053404,172.31.47.0-255,66,262722,82,309814
3137,0.055293,172.217.160.0-255,5738,268460,82,309814
3138,0.055302,172.31.47.0-255,66,268526,82,309814
3139,0.057186,172.217.160.0-255,5738,274264,82,309814
3140,0.057191,172.31.47.0-255,66,274330,82,309814
3141,0.059076,172.217.160.0-255,5738,280068,82,309814
3142,0.059082,172.31.47.0-255,66,280134,82,309814
3143,0.060966,172.217.160.0-255,2902,283036,82,309814
3144,0.06097,172.31.47.0-255,66,283102,82,309814
3145,0.060997,172.217.160.0-255,2902,286004,82,309814
3146,0.061,172.31.47.0-255,66,286070,82,309814
3147,0.062857,172.217.160.0-255,2902,288972,82,309814
3148,0.062862,172.31.47.0-255,66,289038,82,309814
3149,0.062888,172.217.160.0-255,2902,291940,82,309814
3150,0.062894,172.31.47.0-255,66,292006,82,309814
3151,0.064755,172.217.160.0-255,2902,294908,82,309814
3152,0.064761,172.31.47.0-255,66,294974,82,309814
3153,0.064789,172.217.160.0-255,2902,297876,82,309814
3154,0.064791,172.31.47.0-255,66,297942,82,309814
3155,0.066646,172.217.160.0-255,2902,300844,82,309814
3156,0.066652,172.31.47.0-255,66,300910,82,309814
3157,0.066689,172.217.160.0-255,2902,303812,82,309814
3158,0.066692,172.31.47.0-255,66,303878,82,309814
3159,0.068541,172.217.160.0-255,2902,306780,82,309814
3160,0.068546,172.31.47.0-255,66,306846,82,309814
3161,0.068579,172.217.160.0-255,2902,309748,82,309814
3162,0.068582,172.31.47.0-255,66,309814,82,309814
3163,0.0,172.31.47.0-255,105,105,82,276
3164,0.001793,157.240.13.0-255,105,210,82,276
3165,0.001805,172.31.47.0-255,66,276,82,276
3166,0.0,172.31.47.0-255,105,105,82,276
3167,0.001531,157.240.13.0-255,105,210,82,276
3168,0.001544,172.31.47.0-255,66,276,82,276
3169,0.0,172.31.47.0-255,130,130,82,1701
3170,0.002633,74.125.130.0-255,630,760,82,1701
3171,0.006484,172.31.47.0-255,236,996,82,1701
3172,0.006513,172.31.47.0-255,379,1375,82,1701
3173,0.008486,172.31.47.0-255,97,1472,82,1701
3174,0.008811,74.125.130.0-255,97,1569,82,1701
3175,0.015287,74.125.130.0-255,66,1635,82,1701
3176,0.048833,172.31.47.0-255,66,1701,82,1701
3177,0.0,74.125.68.0-255,153,153,82,413298
3178,2.2e-05,172.31.47.0-255,66,219,82,413298
3179,2.8e-05,74.125.68.0-255,1484,1703,82,413298
3180,3.1e-05,172.31.47.0-255,66,1769,82,413298
3181,3.3e-05,74.125.68.0-255,1484,3253,82,413298
3182,3.5e-05,172.31.47.0-255,66,3319,82,413298
3183,5.2e-05,74.125.68.0-255,4320,7639,82,413298
3184,5.4e-05,172.31.47.0-255,66,7705,82,413298
3185,9.3e-05,74.125.68.0-255,6393,14098,82,413298
3186,9.5e-05,172.31.47.0-255,66,14164,82,413298
3187,0.000115,74.125.68.0-255,5738,19902,82,413298
3188,0.000118,172.31.47.0-255,66,19968,82,413298
3189,0.000128,74.125.68.0-255,1484,21452,82,413298
3190,0.00013,172.31.47.0-255,66,21518,82,413298
3191,0.000151,74.125.68.0-255,8574,30092,82,413298
3192,0.000153,172.31.47.0-255,66,30158,82,413298
3193,0.000156,74.125.68.0-255,1484,31642,82,413298
3194,0.000157,172.31.47.0-255,66,31708,82,413298
3195,0.000181,74.125.68.0-255,8574,40282,82,413298
3196,0.000184,172.31.47.0-255,66,40348,82,413298
3197,0.000187,74.125.68.0-255,2902,43250,82,413298
3198,0.000189,172.31.47.0-255,66,43316,82,413298
3199,0.000208,74.125.68.0-255,5020,48336,82,413298
3200,0.000211,172.31.47.0-255,66,48402,82,413298
3201,0.000328,74.125.68.0-255,1484,49886,82,413298
3202,0.000331,172.31.47.0-255,66,49952,82,413298
3203,0.000334,74.125.68.0-255,1484,51436,82,413298
3204,0.000339,172.31.47.0-255,66,51502,82,413298
3205,0.000347,74.125.68.0-255,2902,54404,82,413298
3206,0.00035,172.31.47.0-255,66,54470,82,413298
3207,0.000364,74.125.68.0-255,2902,57372,82,413298
3208,0.000366,172.31.47.0-255,66,57438,82,413298
3209,0.000379,74.125.68.0-255,2902,60340,82,413298
3210,0.000385,172.31.47.0-255,66,60406,82,413298
3211,0.000399,74.125.68.0-255,5379,65785,82,413298
3212,0.000407,172.31.47.0-255,66,65851,82,413298
3213,0.000422,74.125.68.0-255,393,66244,82,413298
3214,0.000463,74.125.68.0-255,353,66597,82,413298
3215,0.000841,74.125.68.0-255,1484,68081,82,413298
3216,0.000846,74.125.68.0-255,1484,69565,82,413298
3217,0.000848,74.125.68.0-255,1484,71049,82,413298
3218,0.000859,74.125.68.0-255,1484,72533,82,413298
3219,0.000882,74.125.68.0-255,5738,78271,82,413298
3220,0.0009,74.125.68.0-255,5738,84009,82,413298
3221,0.000922,74.125.68.0-255,5738,89747,82,413298
3222,0.000961,74.125.68.0-255,1484,91231,82,413298
3223,0.000987,74.125.68.0-255,9274,100505,82,413298
3224,0.001074,74.125.68.0-255,1484,101989,82,413298
3225,0.001085,74.125.68.0-255,1484,103473,82,413298
3226,0.001097,74.125.68.0-255,1484,104957,82,413298
3227,0.0011,74.125.68.0-255,2902,107859,82,413298
3228,0.00111,74.125.68.0-255,4320,112179,82,413298
3229,0.001157,74.125.68.0-255,2902,115081,82,413298
3230,0.00117,74.125.68.0-255,5738,120819,82,413298
3231,0.001175,74.125.68.0-255,5738,126557,82,413298
3232,0.00118,74.125.68.0-255,7156,133713,82,413298
3233,0.001189,74.125.68.0-255,766,134479,82,413298
3234,0.001309,74.125.68.0-255,1484,135963,82,413298
3235,0.001324,74.125.68.0-255,2902,138865,82,413298
3236,0.001345,74.125.68.0-255,5738,144603,82,413298
3237,0.001347,74.125.68.0-255,1484,146087,82,413298
3238,0.001364,74.125.68.0-255,4320,150407,82,413298
3239,0.001375,74.125.68.0-255,2902,153309,82,413298
3240,0.001388,74.125.68.0-255,4320,157629,82,413298
3241,0.00141,74.125.68.0-255,2902,160531,82,413298
3242,0.001423,74.125.68.0-255,7856,168387,82,413298
3243,0.00157,74.125.68.0-255,1484,169871,82,413298
3244,0.001572,74.125.68.0-255,1484,171355,82,413298
3245,0.001588,74.125.68.0-255,1484,172839,82,413298
3246,0.00159,74.125.68.0-255,1484,174323,82,413298
3247,0.001606,74.125.68.0-255,2902,177225,82,413298
3248,0.001616,74.125.68.0-255,1484,178709,82,413298
3249,0.001625,74.125.68.0-255,1484,180193,82,413298
3250,0.001635,74.125.68.0-255,2902,183095,82,413298
3251,0.001639,74.125.68.0-255,2902,185997,82,413298
3252,0.001651,74.125.68.0-255,2902,188899,82,413298
3253,0.001655,74.125.68.0-255,4320,193219,82,413298
3254,0.001671,74.125.68.0-255,5738,198957,82,413298
3255,0.001683,74.125.68.0-255,1484,200441,82,413298
3256,0.001687,74.125.68.0-255,2184,202625,82,413298
3257,0.001745,74.125.68.0-255,1484,204109,82,413298
3258,0.001757,74.125.68.0-255,1484,205593,82,413298
3259,0.001768,74.125.68.0-255,1484,207077,82,413298
3260,0.001772,74.125.68.0-255,2902,209979,82,413298
3261,0.001779,74.125.68.0-255,1484,211463,82,413298
3262,0.001804,74.125.68.0-255,4320,215783,82,413298
3263,0.001821,74.125.68.0-255,4320,220103,82,413298
3264,0.001826,74.125.68.0-255,5738,225841,82,413298
3265,0.001835,74.125.68.0-255,1484,227325,82,413298
3266,0.001853,74.125.68.0-255,5738,233063,82,413298
3267,0.001865,74.125.68.0-255,1484,234547,82,413298
3268,0.001877,74.125.68.0-255,5020,239567,82,413298
3269,0.00189,74.125.68.0-255,2902,242469,82,413298
3270,0.001901,74.125.68.0-255,4320,246789,82,413298
3271,0.001942,74.125.68.0-255,2902,249691,82,413298
3272,0.001968,74.125.68.0-255,9992,259683,82,413298
3273,0.00198,74.125.68.0-255,2902,262585,82,413298
3274,0.002002,74.125.68.0-255,7856,270441,82,413298
3275,0.002023,74.125.68.0-255,2902,273343,82,413298
3276,0.002041,74.125.68.0-255,8574,281917,82,413298
3277,0.002068,74.125.68.0-255,9992,291909,82,413298
3278,0.002083,74.125.68.0-255,2902,294811,82,413298
3279,0.002088,74.125.68.0-255,5738,300549,82,413298
3280,0.002132,74.125.68.0-255,7156,307705,82,413298
3281,0.002144,74.125.68.0-255,5020,312725,82,413298
3282,0.002152,74.125.68.0-255,1484,314209,82,413298
3283,0.002168,74.125.68.0-255,7156,321365,82,413298
3284,0.002182,74.125.68.0-255,4320,325685,82,413298
3285,0.002187,74.125.68.0-255,5738,331423,82,413298
3286,0.002191,74.125.68.0-255,4320,335743,82,413298
3287,0.002205,74.125.68.0-255,2184,337927,82,413298
3288,0.002226,74.125.68.0-255,2902,340829,82,413298
3289,0.002242,74.125.68.0-255,4320,345149,82,413298
3290,0.002244,74.125.68.0-255,1484,346633,82,413298
3291,0.002246,74.125.68.0-255,1484,348117,82,413298
3292,0.002258,74.125.68.0-255,1484,349601,82,413298
3293,0.002268,74.125.68.0-255,1484,351085,82,413298
3294,0.002277,74.125.68.0-255,1484,352569,82,413298
3295,0.002288,74.125.68.0-255,4320,356889,82,413298
3296,0.002315,74.125.68.0-255,1484,358373,82,413298
3297,0.002324,74.125.68.0-255,4320,362693,82,413298
3298,0.002336,74.125.68.0-255,1484,364177,82,413298
3299,0.002346,74.125.68.0-255,2902,367079,82,413298
3300,0.002354,74.125.68.0-255,1484,368563,82,413298
3301,0.002372,74.125.68.0-255,1484,370047,82,413298
3302,0.002383,74.125.68.0-255,1484,371531,82,413298
3303,0.002385,74.125.68.0-255,766,372297,82,413298
3304,0.002407,74.125.68.0-255,1484,373781,82,413298
3305,0.002424,74.125.68.0-255,1484,375265,82,413298
3306,0.002437,74.125.68.0-255,1484,376749,82,413298
3307,0.00244,74.125.68.0-255,1484,378233,82,413298
3308,0.002463,74.125.68.0-255,7156,385389,82,413298
3309,0.002476,74.125.68.0-255,4320,389709,82,413298
3310,0.002491,74.125.68.0-255,2902,392611,82,413298
3311,0.002496,74.125.68.0-255,5738,398349,82,413298
3312,0.002546,74.125.68.0-255,1484,399833,82,413298
3313,0.00257,74.125.68.0-255,8841,408674,82,413298
3314,0.002584,74.125.68.0-255,105,408779,82,413298
3315,0.007092,172.31.47.0-255,66,408845,82,413298
3316,0.01376,172.31.47.0-255,105,408950,82,413298
3317,0.015954,74.125.68.0-255,66,409016,82,413298
3318,0.040947,172.31.47.0-255,171,409187,82,413298
3319,0.040977,172.31.47.0-255,1127,410314,82,413298
3320,0.041013,172.31.47.0-255,1514,411828,82,413298
3321,0.041015,172.31.47.0-255,1272,413100,82,413298
3322,0.042449,104.244.42.0-255,66,413166,82,413298
3323,0.042513,104.244.42.0-255,66,413232,82,413298
3324,0.042572,104.244.42.0-255,66,413298,82,413298
3325,0.0,172.31.47.0-255,105,105,82,381
3326,3.5e-05,172.31.47.0-255,105,210,82,381
3327,0.001804,157.240.13.0-255,105,315,82,381
3328,0.001814,172.31.47.0-255,66,381,82,381
3329,0.0,172.217.194.0-255,153,153,82,384835
3330,2.5e-05,172.31.47.0-255,66,219,82,384835
3331,3.1e-05,172.217.194.0-255,1484,1703,82,384835
3332,3.5e-05,172.31.47.0-255,66,1769,82,384835
3333,4e-05,172.217.194.0-255,2902,4671,82,384835
3334,4.9e-05,172.31.47.0-255,66,4737,82,384835
3335,5.5e-05,172.217.194.0-255,7156,11893,82,384835
3336,5.8e-05,172.31.47.0-255,66,11959,82,384835
3337,8.5e-05,172.217.194.0-255,2014,13973,82,384835
3338,9.1e-05,172.31.47.0-255,66,14039,82,384835
3339,0.000173,172.217.194.0-255,1484,15523,82,384835
3340,0.000176,172.31.47.0-255,66,15589,82,384835
3341,0.000182,172.217.194.0-255,2902,18491,82,384835
3342,0.000184,172.31.47.0-255,66,18557,82,384835
3343,0.000211,172.217.194.0-255,5738,24295,82,384835
3344,0.000214,172.31.47.0-255,66,24361,82,384835
3345,0.00022,172.217.194.0-255,6797,31158,82,384835
3346,0.000222,172.31.47.0-255,66,31224,82,384835
3347,0.000271,172.217.194.0-255,1484,32708,82,384835
3348,0.000273,172.217.194.0-255,1484,34192,82,384835
3349,0.000275,172.31.47.0-255,66,34258,82,384835
3350,0.000279,172.31.47.0-255,66,34324,82,384835
3351,0.000285,172.217.194.0-255,1484,35808,82,384835
3352,0.000291,172.31.47.0-255,66,35874,82,384835
3353,0.000298,172.217.194.0-255,5738,41612,82,384835
3354,0.0003,172.31.47.0-255,66,41678,82,384835
3355,0.000335,172.217.194.0-255,6797,48475,82,384835
3356,0.000339,172.31.47.0-255,66,48541,82,384835
3357,0.000999,172.217.194.0-255,1484,50025,82,384835
3358,0.001005,172.31.47.0-255,66,50091,82,384835
3359,0.001013,172.217.194.0-255,2902,52993,82,384835
3360,0.001015,172.31.47.0-255,66,53059,82,384835
3361,0.001026,172.217.194.0-255,5738,58797,82,384835
3362,0.001028,172.31.47.0-255,66,58863,82,384835
3363,0.001035,172.217.194.0-255,6797,65660,82,384835
3364,0.001037,172.31.47.0-255,66,65726,82,384835
3365,0.001039,172.217.194.0-255,647,66373,82,384835
3366,0.001196,172.31.47.0-255,66,66439,82,384835
3367,0.001213,172.217.194.0-255,1484,67923,82,384835
3368,0.001219,172.217.194.0-255,2902,70825,82,384835
3369,0.00122,172.31.47.0-255,66,70891,82,384835
3370,0.001223,172.217.194.0-255,1484,72375,82,384835
3371,0.001245,172.217.194.0-255,4320,76695,82,384835
3372,0.001247,172.31.47.0-255,66,76761,82,384835
3373,0.00125,172.217.194.0-255,1484,78245,82,384835
3374,0.001276,172.217.194.0-255,5738,83983,82,384835
3375,0.001278,172.31.47.0-255,66,84049,82,384835
3376,0.001284,172.217.194.0-255,7156,91205,82,384835
3377,0.001286,172.31.47.0-255,66,91271,82,384835
3378,0.001314,172.217.194.0-255,7156,98427,82,384835
3379,0.001316,172.31.47.0-255,66,98493,82,384835
3380,0.001319,172.217.194.0-255,2184,100677,82,384835
3381,0.00132,172.31.47.0-255,66,100743,82,384835
3382,0.001651,172.217.194.0-255,1484,102227,82,384835
3383,0.001671,172.217.194.0-255,2902,105129,82,384835
3384,0.001674,172.31.47.0-255,66,105195,82,384835
3385,0.001678,172.217.194.0-255,2902,108097,82,384835
3386,0.001679,172.31.47.0-255,66,108163,82,384835
3387,0.001699,172.217.194.0-255,2902,111065,82,384835
3388,0.0017,172.31.47.0-255,66,111131,82,384835
3389,0.001705,172.217.194.0-255,5738,116869,82,384835
3390,0.001707,172.31.47.0-255,66,116935,82,384835
3391,0.001742,172.217.194.0-255,7156,124091,82,384835
3392,0.001744,172.31.47.0-255,66,124157,82,384835
3393,0.001758,172.217.194.0-255,7156,131313,82,384835
3394,0.001763,172.31.47.0-255,66,131379,82,384835
3395,0.001786,172.217.194.0-255,3602,134981,82,384835
3396,0.001788,172.31.47.0-255,66,135047,82,384835
3397,0.001846,172.217.194.0-255,1484,136531,82,384835
3398,0.001848,172.217.194.0-255,1484,138015,82,384835
3399,0.00185,172.31.47.0-255,66,138081,82,384835
3400,0.001861,172.217.194.0-255,1484,139565,82,384835
3401,0.001868,172.217.194.0-255,2902,142467,82,384835
3402,0.001871,172.31.47.0-255,66,142533,82,384835
3403,0.001891,172.217.194.0-255,2902,145435,82,384835
3404,0.001893,172.31.47.0-255,66,145501,82,384835
3405,0.001923,172.217.194.0-255,4320,149821,82,384835
3406,0.001926,172.31.47.0-255,66,149887,82,384835
3407,0.001945,172.217.194.0-255,8574,158461,82,384835
3408,0.001948,172.31.47.0-255,66,158527,82,384835
3409,0.001951,172.217.194.0-255,2902,161429,82,384835
3410,0.001953,172.31.47.0-255,66,161495,82,384835
3411,0.001982,172.217.194.0-255,4320,165815,82,384835
3412,0.001984,172.31.47.0-255,66,165881,82,384835
3413,0.001989,172.217.194.0-255,3602,169483,82,384835
3414,0.00199,172.31.47.0-255,66,169549,82,384835
3415,0.002408,172.217.194.0-255,1484,171033,82,384835
3416,0.002416,172.217.194.0-255,2902,173935,82,384835
3417,0.002418,172.31.47.0-255,66,174001,82,384835
3418,0.002424,172.217.194.0-255,5738,179739,82,384835
3419,0.002426,172.31.47.0-255,66,179805,82,384835
3420,0.002455,172.217.194.0-255,9992,189797,82,384835
3421,0.002457,172.31.47.0-255,66,189863,82,384835
3422,0.002477,172.217.194.0-255,2902,192765,82,384835
3423,0.002479,172.31.47.0-255,66,192831,82,384835
3424,0.002491,172.217.194.0-255,10692,203523,82,384835
3425,0.002492,172.31.47.0-255,66,203589,82,384835
3426,0.002509,172.217.194.0-255,1484,205073,82,384835
3427,0.002529,172.217.194.0-255,2902,207975,82,384835
3428,0.002531,172.31.47.0-255,66,208041,82,384835
3429,0.002536,172.217.194.0-255,4320,212361,82,384835
3430,0.002537,172.31.47.0-255,66,212427,82,384835
3431,0.002553,172.217.194.0-255,1484,213911,82,384835
3432,0.00256,172.217.194.0-255,7156,221067,82,384835
3433,0.002561,172.31.47.0-255,66,221133,82,384835
3434,0.002592,172.217.194.0-255,5738,226871,82,384835
3435,0.002594,172.31.47.0-255,66,226937,82,384835
3436,0.002602,172.217.194.0-255,10692,237629,82,384835
3437,0.002603,172.31.47.0-255,66,237695,82,384835
3438,0.005211,172.217.194.0-255,5738,243433,82,384835
3439,0.005216,172.31.47.0-255,66,243499,82,384835
3440,0.007833,172.217.194.0-255,5738,249237,82,384835
3441,0.007841,172.31.47.0-255,66,249303,82,384835
3442,0.010512,172.217.194.0-255,5738,255041,82,384835
3443,0.010523,172.31.47.0-255,66,255107,82,384835
3444,0.013128,172.217.194.0-255,5738,260845,82,384835
3445,0.013138,172.31.47.0-255,66,260911,82,384835
3446,0.015759,172.217.194.0-255,5738,266649,82,384835
3447,0.015769,172.31.47.0-255,66,266715,82,384835
3448,0.018382,172.217.194.0-255,5738,272453,82,384835
3449,0.018387,172.31.47.0-255,66,272519,82,384835
3450,0.020985,172.217.194.0-255,5738,278257,82,384835
3451,0.02099,172.31.47.0-255,66,278323,82,384835
3452,0.023578,172.217.194.0-255,1484,279807,82,384835
3453,0.023605,172.217.194.0-255,4320,284127,82,384835
3454,0.02361,172.31.47.0-255,66,284193,82,384835
3455,0.024381,172.31.47.0-255,171,284364,82,384835
3456,0.024408,172.31.47.0-255,1137,285501,82,384835
3457,0.024445,172.31.47.0-255,1514,287015,82,384835
3458,0.024463,172.31.47.0-255,1262,288277,82,384835
3459,0.025991,104.244.42.0-255,66,288343,82,384835
3460,0.025999,104.244.42.0-255,66,288409,82,384835
3461,0.026034,104.244.42.0-255,66,288475,82,384835
3462,0.026218,172.217.194.0-255,5738,294213,82,384835
3463,0.026224,172.31.47.0-255,66,294279,82,384835
3464,0.028842,172.217.194.0-255,5738,300017,82,384835
3465,0.02885,172.31.47.0-255,66,300083,82,384835
3466,0.031436,172.217.194.0-255,5738,305821,82,384835
3467,0.031442,172.31.47.0-255,66,305887,82,384835
3468,0.034046,172.217.194.0-255,4320,310207,82,384835
3469,0.034051,172.31.47.0-255,66,310273,82,384835
3470,0.034075,172.217.194.0-255,1484,311757,82,384835
3471,0.036632,172.217.194.0-255,4320,316077,82,384835
3472,0.036638,172.31.47.0-255,66,316143,82,384835
3473,0.039228,172.217.194.0-255,5738,321881,82,384835
3474,0.039237,172.31.47.0-255,66,321947,82,384835
3475,0.041848,172.217.194.0-255,5738,327685,82,384835
3476,0.041857,172.31.47.0-255,66,327751,82,384835
3477,0.044461,172.217.194.0-255,5738,333489,82,384835
3478,0.044465,172.31.47.0-255,66,333555,82,384835
3479,0.047036,172.217.194.0-255,2902,336457,82,384835
3480,0.047041,172.31.47.0-255,66,336523,82,384835
3481,0.047074,172.217.194.0-255,2902,339425,82,384835
3482,0.047078,172.31.47.0-255,66,339491,82,384835
3483,0.049612,172.217.194.0-255,2902,342393,82,384835
3484,0.049616,172.31.47.0-255,66,342459,82,384835
3485,0.049668,172.217.194.0-255,2902,345361,82,384835
3486,0.049671,172.31.47.0-255,66,345427,82,384835
3487,0.052212,172.217.194.0-255,2902,348329,82,384835
3488,0.052217,172.31.47.0-255,66,348395,82,384835
3489,0.05225,172.217.194.0-255,2902,351297,82,384835
3490,0.052253,172.31.47.0-255,66,351363,82,384835
3491,0.054855,172.217.194.0-255,5738,357101,82,384835
3492,0.054863,172.31.47.0-255,66,357167,82,384835
3493,0.057475,172.217.194.0-255,5738,362905,82,384835
3494,0.057486,172.31.47.0-255,66,362971,82,384835
3495,0.060095,172.217.194.0-255,5738,368709,82,384835
3496,0.0601,172.31.47.0-255,66,368775,82,384835
3497,0.0627,172.217.194.0-255,4320,373095,82,384835
3498,0.062705,172.31.47.0-255,66,373161,82,384835
3499,0.062731,172.217.194.0-255,1484,374645,82,384835
3500,0.065309,172.217.194.0-255,4320,378965,82,384835
3501,0.065314,172.31.47.0-255,66,379031,82,384835
3502,0.067922,172.217.194.0-255,5738,384769,82,384835
3503,0.067928,172.31.47.0-255,66,384835,82,384835
3504,0.0,172.217.160.0-255,153,153,82,353679
3505,2.4e-05,172.31.47.0-255,66,219,82,353679
3506,3.1e-05,172.217.160.0-255,1484,1703,82,353679
3507,3.5e-05,172.31.47.0-255,66,1769,82,353679
3508,4e-05,172.217.160.0-255,2902,4671,82,353679
3509,4.2e-05,172.31.47.0-255,66,4737,82,353679
3510,5.8e-05,172.217.160.0-255,7156,11893,82,353679
3511,6e-05,172.31.47.0-255,66,11959,82,353679
3512,6.4e-05,172.217.160.0-255,2098,14057,82,353679
3513,6.6e-05,172.31.47.0-255,66,14123,82,353679
3514,7.5e-05,172.217.160.0-255,8574,22697,82,353679
3515,7.7e-05,172.31.47.0-255,66,22763,82,353679
3516,0.000112,172.217.160.0-255,2902,25665,82,353679
3517,0.000115,172.31.47.0-255,66,25731,82,353679
3518,0.000121,172.217.160.0-255,5379,31110,82,353679
3519,0.000124,172.31.47.0-255,66,31176,82,353679
3520,0.000136,172.217.160.0-255,5738,36914,82,353679
3521,0.000138,172.31.47.0-255,66,36980,82,353679
3522,0.000155,172.217.160.0-255,5738,42718,82,353679
3523,0.000158,172.31.47.0-255,66,42784,82,353679
3524,0.000185,172.217.160.0-255,5379,48163,82,353679
3525,0.000188,172.31.47.0-255,66,48229,82,353679
3526,0.000193,172.217.160.0-255,2902,51131,82,353679
3527,0.000195,172.31.47.0-255,66,51197,82,353679
3528,0.000224,172.217.160.0-255,4320,55517,82,353679
3529,0.000227,172.31.47.0-255,66,55583,82,353679
3530,0.000236,172.217.160.0-255,8574,64157,82,353679
3531,0.000238,172.31.47.0-255,66,64223,82,353679
3532,0.000268,172.217.160.0-255,1434,65657,82,353679
3533,0.000271,172.31.47.0-255,66,65723,82,353679
3534,0.00084,172.217.160.0-255,101,65824,82,353679
3535,0.000845,172.31.47.0-255,66,65890,82,353679
3536,0.000932,172.217.160.0-255,1484,67374,82,353679
3537,0.000937,172.217.160.0-255,1484,68858,82,353679
3538,0.000941,172.31.47.0-255,66,68924,82,353679
3539,0.000972,172.217.160.0-255,1484,70408,82,353679
3540,0.000979,172.217.160.0-255,5738,76146,82,353679
3541,0.000982,172.31.47.0-255,66,76212,82,353679
3542,0.000989,172.217.160.0-255,5738,81950,82,353679
3543,0.000991,172.31.47.0-255,66,82016,82,353679
3544,0.001027,172.217.160.0-255,8215,90231,82,353679
3545,0.001031,172.31.47.0-255,66,90297,82,353679
3546,0.001073,172.217.160.0-255,7156,97453,82,353679
3547,0.001076,172.31.47.0-255,66,97519,82,353679
3548,0.001103,172.217.160.0-255,1484,99003,82,353679
3549,0.001107,172.217.160.0-255,1125,100128,82,353679
3550,0.001109,172.31.47.0-255,66,100194,82,353679
3551,0.001249,172.217.160.0-255,364,100558,82,353679
3552,0.001389,172.217.160.0-255,1484,102042,82,353679
3553,0.001394,172.31.47.0-255,66,102108,82,353679
3554,0.0014,172.217.160.0-255,2902,105010,82,353679
3555,0.001402,172.31.47.0-255,66,105076,82,353679
3556,0.001405,172.217.160.0-255,1484,106560,82,353679
3557,0.001445,172.217.160.0-255,4320,110880,82,353679
3558,0.001448,172.31.47.0-255,66,110946,82,353679
3559,0.001456,172.217.160.0-255,7156,118102,82,353679
3560,0.001457,172.31.47.0-255,66,118168,82,353679
3561,0.001475,172.31.47.0-255,66,118234,82,353679
3562,0.001479,172.217.160.0-255,2184,120418,82,353679
3563,0.001481,172.31.47.0-255,66,120484,82,353679
3564,0.001667,172.217.160.0-255,1484,121968,82,353679
3565,0.001671,172.217.160.0-255,1484,123452,82,353679
3566,0.001674,172.31.47.0-255,66,123518,82,353679
3567,0.001698,172.217.160.0-255,1484,125002,82,353679
3568,0.001704,172.217.160.0-255,5738,130740,82,353679
3569,0.001706,172.31.47.0-255,66,130806,82,353679
3570,0.001711,172.217.160.0-255,4320,135126,82,353679
3571,0.001712,172.31.47.0-255,66,135192,82,353679
3572,0.001741,172.217.160.0-255,8574,143766,82,353679
3573,0.001744,172.31.47.0-255,66,143832,82,353679
3574,0.001753,172.217.160.0-255,10692,154524,82,353679
3575,0.001759,172.31.47.0-255,66,154590,82,353679
3576,0.003699,172.217.160.0-255,5738,160328,82,353679
3577,0.003703,172.31.47.0-255,66,160394,82,353679
3578,0.005655,172.217.160.0-255,5738,166132,82,353679
3579,0.005661,172.31.47.0-255,66,166198,82,353679
3580,0.007605,172.217.160.0-255,5738,171936,82,353679
3581,0.007612,172.31.47.0-255,66,172002,82,353679
3582,0.009562,172.217.160.0-255,5738,177740,82,353679
3583,0.009569,172.31.47.0-255,66,177806,82,353679
3584,0.011517,172.217.160.0-255,5738,183544,82,353679
3585,0.011525,172.31.47.0-255,66,183610,82,353679
3586,0.013466,172.217.160.0-255,5738,189348,82,353679
3587,0.013474,172.31.47.0-255,66,189414,82,353679
3588,0.015423,172.217.160.0-255,5738,195152,82,353679
3589,0.01543,172.31.47.0-255,66,195218,82,353679
3590,0.017371,172.217.160.0-255,5738,200956,82,353679
3591,0.017377,172.31.47.0-255,66,201022,82,353679
3592,0.019325,172.217.160.0-255,5738,206760,82,353679
3593,0.019331,172.31.47.0-255,66,206826,82,353679
3594,0.021274,172.217.160.0-255,5738,212564,82,353679
3595,0.021281,172.31.47.0-255,66,212630,82,353679
3596,0.023231,172.217.160.0-255,5738,218368,82,353679
3597,0.023237,172.31.47.0-255,66,218434,82,353679
3598,0.025182,172.217.160.0-255,5738,224172,82,353679
3599,0.02519,172.31.47.0-255,66,224238,82,353679
3600,0.02592,172.31.47.0-255,172,224410,82,353679
3601,0.025958,172.31.47.0-255,1103,225513,82,353679
3602,0.02602,172.31.47.0-255,1514,227027,82,353679
3603,0.026023,172.31.47.0-255,1296,228323,82,353679
3604,0.027131,172.217.160.0-255,5738,234061,82,353679
3605,0.027137,172.31.47.0-255,66,234127,82,353679
3606,0.027412,104.244.42.0-255,66,234193,82,353679
3607,0.027496,104.244.42.0-255,66,234259,82,353679
3608,0.027543,104.244.42.0-255,66,234325,82,353679
3609,0.029051,104.244.42.0-255,108,234433,82,353679
3610,0.029055,172.31.47.0-255,66,234499,82,353679
3611,0.029091,172.217.160.0-255,5738,240237,82,353679
3612,0.029094,172.31.47.0-255,66,240303,82,353679
3613,0.031058,172.217.160.0-255,5738,246041,82,353679
3614,0.031073,172.31.47.0-255,66,246107,82,353679
3615,0.033037,172.217.160.0-255,5738,251845,82,353679
3616,0.033052,172.31.47.0-255,66,251911,82,353679
3617,0.035022,172.217.160.0-255,5738,257649,82,353679
3618,0.035037,172.31.47.0-255,66,257715,82,353679
3619,0.037041,172.217.160.0-255,5738,263453,82,353679
3620,0.037058,172.31.47.0-255,66,263519,82,353679
3621,0.03903,172.217.160.0-255,5738,269257,82,353679
3622,0.039046,172.31.47.0-255,66,269323,82,353679
3623,0.041002,172.217.160.0-255,5738,275061,82,353679
3624,0.04102,172.31.47.0-255,66,275127,82,353679
3625,0.042994,172.217.160.0-255,5738,280865,82,353679
3626,0.043012,172.31.47.0-255,66,280931,82,353679
3627,0.044964,172.217.160.0-255,5738,286669,82,353679
3628,0.044977,172.31.47.0-255,66,286735,82,353679
3629,0.04693,172.217.160.0-255,5738,292473,82,353679
3630,0.046937,172.31.47.0-255,66,292539,82,353679
3631,0.048907,172.217.160.0-255,5738,298277,82,353679
3632,0.048917,172.31.47.0-255,66,298343,82,353679
3633,0.050856,172.217.160.0-255,4320,302663,82,353679
3634,0.050862,172.31.47.0-255,66,302729,82,353679
3635,0.050892,172.217.160.0-255,1484,304213,82,353679
3636,0.052802,172.217.160.0-255,4320,308533,82,353679
3637,0.052809,172.31.47.0-255,66,308599,82,353679
3638,0.054751,172.217.160.0-255,5738,314337,82,353679
3639,0.054757,172.31.47.0-255,66,314403,82,353679
3640,0.056697,172.217.160.0-255,5738,320141,82,353679
3641,0.056703,172.31.47.0-255,66,320207,82,353679
3642,0.058659,172.217.160.0-255,5738,325945,82,353679
3643,0.058664,172.31.47.0-255,66,326011,82,353679
3644,0.060599,172.217.160.0-255,4320,330331,82,353679
3645,0.060605,172.31.47.0-255,66,330397,82,353679
3646,0.060635,172.217.160.0-255,1484,331881,82,353679
3647,0.062541,172.217.160.0-255,4320,336201,82,353679
3648,0.062546,172.31.47.0-255,66,336267,82,353679
3649,0.064496,172.217.160.0-255,5738,342005,82,353679
3650,0.064501,172.31.47.0-255,66,342071,82,353679
3651,0.066441,172.217.160.0-255,5738,347809,82,353679
3652,0.066447,172.31.47.0-255,66,347875,82,353679
3653,0.068387,172.217.160.0-255,5738,353613,82,353679
3654,0.068392,172.31.47.0-255,66,353679,82,353679
3655,0.0,172.217.194.0-255,153,153,82,349720
3656,2.8e-05,172.31.47.0-255,66,219,82,349720
3657,3.4e-05,172.217.194.0-255,1484,1703,82,349720
3658,3.8e-05,172.31.47.0-255,66,1769,82,349720
3659,4.4e-05,172.217.194.0-255,2902,4671,82,349720
3660,4.6e-05,172.31.47.0-255,66,4737,82,349720
3661,5.9e-05,172.217.194.0-255,7156,11893,82,349720
3662,6.2e-05,172.31.47.0-255,66,11959,82,349720
3663,6.6e-05,172.217.194.0-255,2902,14861,82,349720
3664,6.9e-05,172.31.47.0-255,66,14927,82,349720
3665,0.000102,172.217.194.0-255,4929,19856,82,349720
3666,0.000105,172.31.47.0-255,66,19922,82,349720
3667,0.000109,172.217.194.0-255,2902,22824,82,349720
3668,0.000111,172.31.47.0-255,66,22890,82,349720
3669,0.000136,172.217.194.0-255,8215,31105,82,349720
3670,0.000144,172.31.47.0-255,66,31171,82,349720
3671,0.000169,172.217.194.0-255,7156,38327,82,349720
3672,0.000172,172.31.47.0-255,66,38393,82,349720
3673,0.000194,172.217.194.0-255,1484,39877,82,349720
3674,0.000197,172.31.47.0-255,66,39943,82,349720
3675,0.000204,172.217.194.0-255,9633,49576,82,349720
3676,0.000206,172.31.47.0-255,66,49642,82,349720
3677,0.000228,172.217.194.0-255,8574,58216,82,349720
3678,0.000231,172.31.47.0-255,66,58282,82,349720
3679,0.000257,172.217.194.0-255,6797,65079,82,349720
3680,0.000264,172.31.47.0-255,66,65145,82,349720
3681,0.000266,172.217.194.0-255,389,65534,82,349720
3682,0.000269,172.31.47.0-255,66,65600,82,349720
3683,0.000293,172.217.194.0-255,384,65984,82,349720
3684,0.000296,172.31.47.0-255,66,66050,82,349720
3685,0.000481,172.217.194.0-255,1484,67534,82,349720
3686,0.000484,172.31.47.0-255,66,67600,82,349720
3687,0.000511,172.217.194.0-255,2902,70502,82,349720
3688,0.000513,172.31.47.0-255,66,70568,82,349720
3689,0.000516,172.217.194.0-255,1484,72052,82,349720
3690,0.000541,172.217.194.0-255,2902,74954,82,349720
3691,0.000545,172.31.47.0-255,66,75020,82,349720
3692,0.000546,172.217.194.0-255,5738,80758,82,349720
3693,0.000549,172.31.47.0-255,66,80824,82,349720
3694,0.000581,172.217.194.0-255,7156,87980,82,349720
3695,0.000584,172.31.47.0-255,66,88046,82,349720
3696,0.000594,172.217.194.0-255,1484,89530,82,349720
3697,0.000606,172.217.194.0-255,9992,99522,82,349720
3698,0.000608,172.217.194.0-255,218,99740,82,349720
3699,0.000609,172.31.47.0-255,66,99806,82,349720
3700,0.000881,172.217.194.0-255,1484,101290,82,349720
3701,0.000884,172.31.47.0-255,66,101356,82,349720
3702,0.000888,172.217.194.0-255,1484,102840,82,349720
3703,0.000902,172.217.194.0-255,1484,104324,82,349720
3704,0.000905,172.31.47.0-255,66,104390,82,349720
3705,0.000937,172.217.194.0-255,2902,107292,82,349720
3706,0.00094,172.31.47.0-255,66,107358,82,349720
3707,0.00097,172.217.194.0-255,2902,110260,82,349720
3708,0.000973,172.31.47.0-255,66,110326,82,349720
3709,0.000987,172.217.194.0-255,5738,116064,82,349720
3710,0.000989,172.31.47.0-255,66,116130,82,349720
3711,0.001001,172.31.47.0-255,66,116196,82,349720
3712,0.001007,172.217.194.0-255,5020,121216,82,349720
3713,0.001009,172.31.47.0-255,66,121282,82,349720
3714,0.001053,172.217.194.0-255,1484,122766,82,349720
3715,0.001058,172.217.194.0-255,2902,125668,82,349720
3716,0.001061,172.31.47.0-255,66,125734,82,349720
3717,0.001089,172.217.194.0-255,4320,130054,82,349720
3718,0.001092,172.31.47.0-255,66,130120,82,349720
3719,0.001098,172.217.194.0-255,4320,134440,82,349720
3720,0.0011,172.31.47.0-255,66,134506,82,349720
3721,0.001121,172.217.194.0-255,4320,138826,82,349720
3722,0.001124,172.31.47.0-255,66,138892,82,349720
3723,0.001149,172.217.194.0-255,9992,148884,82,349720
3724,0.001152,172.31.47.0-255,66,148950,82,349720
3725,0.001183,172.217.194.0-255,6438,155388,82,349720
3726,0.001186,172.31.47.0-255,66,155454,82,349720
3727,0.001207,172.31.47.0-255,66,155520,82,349720
3728,0.001219,172.31.47.0-255,66,155586,82,349720
3729,0.001222,172.217.194.0-255,1484,157070,82,349720
3730,0.001254,172.217.194.0-255,3602,160672,82,349720
3731,0.001258,172.31.47.0-255,66,160738,82,349720
3732,0.001645,172.217.194.0-255,1484,162222,82,349720
3733,0.001675,172.217.194.0-255,2902,165124,82,349720
3734,0.001678,172.31.47.0-255,66,165190,82,349720
3735,0.001685,172.217.194.0-255,5738,170928,82,349720
3736,0.001687,172.31.47.0-255,66,170994,82,349720
3737,0.001711,172.217.194.0-255,7156,178150,82,349720
3738,0.001714,172.31.47.0-255,66,178216,82,349720
3739,0.001738,172.217.194.0-255,4320,182536,82,349720
3740,0.001748,172.217.194.0-255,4320,186856,82,349720
3741,0.001743,172.31.47.0-255,66,186922,82,349720
3742,0.00175,172.31.47.0-255,66,186988,82,349720
3743,0.001788,172.217.194.0-255,7856,194844,82,349720
3744,0.001792,172.31.47.0-255,66,194910,82,349720
3745,0.00215,172.217.194.0-255,1484,196394,82,349720
3746,0.002175,172.217.194.0-255,2902,199296,82,349720
3747,0.00218,172.31.47.0-255,66,199362,82,349720
3748,0.002188,172.217.194.0-255,5738,205100,82,349720
3749,0.00219,172.31.47.0-255,66,205166,82,349720
3750,0.002208,172.217.194.0-255,7156,212322,82,349720
3751,0.002212,172.31.47.0-255,66,212388,82,349720
3752,0.002238,172.217.194.0-255,1484,213872,82,349720
3753,0.002266,172.217.194.0-255,8574,222446,82,349720
3754,0.002269,172.31.47.0-255,66,222512,82,349720
3755,0.002309,172.217.194.0-255,6438,228950,82,349720
3756,0.002313,172.31.47.0-255,66,229016,82,349720
3757,0.002334,172.31.47.0-255,66,229082,82,349720
3758,0.002345,172.31.47.0-255,66,229148,82,349720
3759,0.002387,172.217.194.0-255,9992,239140,82,349720
3760,0.00239,172.31.47.0-255,66,239206,82,349720
3761,0.00242,172.217.194.0-255,2184,241390,82,349720
3762,0.002429,172.31.47.0-255,66,241456,82,349720
3763,0.00467,172.217.194.0-255,2902,244358,82,349720
3764,0.004675,172.31.47.0-255,66,244424,82,349720
3765,0.004733,172.217.194.0-255,2902,247326,82,349720
3766,0.004736,172.31.47.0-255,66,247392,82,349720
3767,0.006969,172.217.194.0-255,2902,250294,82,349720
3768,0.006974,172.31.47.0-255,66,250360,82,349720
3769,0.00704,172.217.194.0-255,2902,253262,82,349720
3770,0.007045,172.31.47.0-255,66,253328,82,349720
3771,0.009254,172.217.194.0-255,2902,256230,82,349720
3772,0.00926,172.31.47.0-255,66,256296,82,349720
3773,0.00934,172.217.194.0-255,2902,259198,82,349720
3774,0.009346,172.31.47.0-255,66,259264,82,349720
3775,0.011561,172.217.194.0-255,2902,262166,82,349720
3776,0.011567,172.31.47.0-255,66,262232,82,349720
3777,0.011595,172.217.194.0-255,1484,263716,82,349720
3778,0.011625,172.217.194.0-255,1484,265200,82,349720
3779,0.01163,172.31.47.0-255,66,265266,82,349720
3780,0.013851,172.217.194.0-255,2902,268168,82,349720
3781,0.01386,172.31.47.0-255,66,268234,82,349720
3782,0.013956,172.217.194.0-255,2902,271136,82,349720
3783,0.013961,172.31.47.0-255,66,271202,82,349720
3784,0.016136,172.217.194.0-255,2902,274104,82,349720
3785,0.016142,172.31.47.0-255,66,274170,82,349720
3786,0.016263,172.217.194.0-255,2902,277072,82,349720
3787,0.016268,172.31.47.0-255,66,277138,82,349720
3788,0.018449,172.217.194.0-255,2902,280040,82,349720
3789,0.018454,172.31.47.0-255,66,280106,82,349720
3790,0.01856,172.217.194.0-255,2902,283008,82,349720
3791,0.018565,172.31.47.0-255,66,283074,82,349720
3792,0.020729,172.217.194.0-255,2902,285976,82,349720
3793,0.020734,172.31.47.0-255,66,286042,82,349720
3794,0.020834,172.217.194.0-255,2902,288944,82,349720
3795,0.020839,172.31.47.0-255,66,289010,82,349720
3796,0.023025,172.217.194.0-255,2902,291912,82,349720
3797,0.023032,172.31.47.0-255,66,291978,82,349720
3798,0.023116,172.217.194.0-255,2902,294880,82,349720
3799,0.023122,172.31.47.0-255,66,294946,82,349720
3800,0.02407,172.31.47.0-255,172,295118,82,349720
3801,0.024103,172.31.47.0-255,1107,296225,82,349720
3802,0.024157,172.31.47.0-255,1514,297739,82,349720
3803,0.024159,172.31.47.0-255,1292,299031,82,349720
3804,0.025308,172.217.194.0-255,2902,301933,82,349720
3805,0.025314,172.31.47.0-255,66,301999,82,349720
3806,0.025422,172.217.194.0-255,1484,303483,82,349720
3807,0.02544,172.217.194.0-255,1484,304967,82,349720
3808,0.025445,172.31.47.0-255,66,305033,82,349720
3809,0.025597,104.244.42.0-255,66,305099,82,349720
3810,0.025644,104.244.42.0-255,66,305165,82,349720
3811,0.025705,104.244.42.0-255,66,305231,82,349720
3812,0.027364,104.244.42.0-255,108,305339,82,349720
3813,0.027369,172.31.47.0-255,66,305405,82,349720
3814,0.02763,172.217.194.0-255,2902,308307,82,349720
3815,0.027634,172.31.47.0-255,66,308373,82,349720
3816,0.027766,172.217.194.0-255,2902,311275,82,349720
3817,0.027771,172.31.47.0-255,66,311341,82,349720
3818,0.029901,172.217.194.0-255,2902,314243,82,349720
3819,0.029906,172.31.47.0-255,66,314309,82,349720
3820,0.030068,172.217.194.0-255,2902,317211,82,349720
3821,0.030073,172.31.47.0-255,66,317277,82,349720
3822,0.032194,172.217.194.0-255,2902,320179,82,349720
3823,0.0322,172.31.47.0-255,66,320245,82,349720
3824,0.032368,172.217.194.0-255,2902,323147,82,349720
3825,0.032373,172.31.47.0-255,66,323213,82,349720
3826,0.034511,172.217.194.0-255,2902,326115,82,349720
3827,0.034518,172.31.47.0-255,66,326181,82,349720
3828,0.034621,172.217.194.0-255,1484,327665,82,349720
3829,0.034635,172.217.194.0-255,1484,329149,82,349720
3830,0.034638,172.31.47.0-255,66,329215,82,349720
3831,0.03682,172.217.194.0-255,2902,332117,82,349720
3832,0.036825,172.31.47.0-255,66,332183,82,349720
3833,0.036936,172.217.194.0-255,1484,333667,82,349720
3834,0.036955,172.217.194.0-255,1484,335151,82,349720
3835,0.036959,172.31.47.0-255,66,335217,82,349720
3836,0.039096,172.217.194.0-255,2902,338119,82,349720
3837,0.0391,172.31.47.0-255,66,338185,82,349720
3838,0.039234,172.217.194.0-255,2902,341087,82,349720
3839,0.039239,172.31.47.0-255,66,341153,82,349720
3840,0.041379,172.217.194.0-255,2902,344055,82,349720
3841,0.041383,172.31.47.0-255,66,344121,82,349720
3842,0.041534,172.217.194.0-255,2902,347023,82,349720
3843,0.041539,172.31.47.0-255,66,347089,82,349720
3844,0.043661,172.217.194.0-255,2394,349483,82,349720
3845,0.043666,172.31.47.0-255,66,349549,82,349720
3846,0.04384,172.31.47.0-255,105,349654,82,349720
3847,0.046101,172.217.194.0-255,66,349720,82,349720
3848,0.0,172.31.47.0-255,105,105,82,276
3849,0.002075,157.240.13.0-255,105,210,82,276
3850,0.002084,172.31.47.0-255,66,276,82,276
3851,0.0,74.125.200.0-255,153,153,82,407254
3852,2.3e-05,172.31.47.0-255,66,219,82,407254
3853,4.7e-05,74.125.200.0-255,1484,1703,82,407254
3854,5e-05,172.31.47.0-255,66,1769,82,407254
3855,5.5e-05,74.125.200.0-255,2902,4671,82,407254
3856,5.8e-05,172.31.47.0-255,66,4737,82,407254
3857,8.7e-05,74.125.200.0-255,5738,10475,82,407254
3858,9e-05,172.31.47.0-255,66,10541,82,407254
3859,9.7e-05,74.125.200.0-255,1484,12025,82,407254
3860,9.9e-05,172.31.47.0-255,66,12091,82,407254
3861,0.000103,74.125.200.0-255,2128,14219,82,407254
3862,0.000105,172.31.47.0-255,66,14285,82,407254
3863,0.000142,74.125.200.0-255,5738,20023,82,407254
3864,0.000145,172.31.47.0-255,66,20089,82,407254
3865,0.000149,74.125.200.0-255,2902,22991,82,407254
3866,0.00015,172.31.47.0-255,66,23057,82,407254
3867,0.000197,74.125.200.0-255,1484,24541,82,407254
3868,0.0002,172.31.47.0-255,66,24607,82,407254
3869,0.000232,74.125.200.0-255,6797,31404,82,407254
3870,0.000235,172.31.47.0-255,66,31470,82,407254
3871,0.000336,74.125.200.0-255,1484,32954,82,407254
3872,0.000338,172.31.47.0-255,66,33020,82,407254
3873,0.000342,74.125.200.0-255,1484,34504,82,407254
3874,0.000344,172.31.47.0-255,66,34570,82,407254
3875,0.000361,74.125.200.0-255,1484,36054,82,407254
3876,0.000363,172.31.47.0-255,66,36120,82,407254
3877,0.000369,74.125.200.0-255,5738,41858,82,407254
3878,0.000376,172.31.47.0-255,66,41924,82,407254
3879,0.000399,74.125.200.0-255,5738,47662,82,407254
3880,0.000405,172.31.47.0-255,66,47728,82,407254
3881,0.000432,74.125.200.0-255,1125,48853,82,407254
3882,0.000435,172.31.47.0-255,66,48919,82,407254
3883,0.000442,74.125.200.0-255,7156,56075,82,407254
3884,0.000444,172.31.47.0-255,66,56141,82,407254
3885,0.000453,74.125.200.0-255,4320,60461,82,407254
3886,0.000456,172.31.47.0-255,66,60527,82,407254
3887,0.000483,74.125.200.0-255,4320,64847,82,407254
3888,0.000486,172.31.47.0-255,66,64913,82,407254
3889,0.000488,74.125.200.0-255,1397,66310,82,407254
3890,0.000506,74.125.200.0-255,131,66441,82,407254
3891,0.000627,172.31.47.0-255,66,66507,82,407254
3892,0.001088,74.125.200.0-255,1484,67991,82,407254
3893,0.001097,74.125.200.0-255,2902,70893,82,407254
3894,0.001101,172.31.47.0-255,66,70959,82,407254
3895,0.001133,74.125.200.0-255,4320,75279,82,407254
3896,0.001136,172.31.47.0-255,66,75345,82,407254
3897,0.001143,74.125.200.0-255,8574,83919,82,407254
3898,0.001145,172.31.47.0-255,66,83985,82,407254
3899,0.001149,74.125.200.0-255,2902,86887,82,407254
3900,0.00115,172.31.47.0-255,66,86953,82,407254
3901,0.001179,74.125.200.0-255,4320,91273,82,407254
3902,0.001185,172.31.47.0-255,66,91339,82,407254
3903,0.001193,74.125.200.0-255,8574,99913,82,407254
3904,0.001195,172.31.47.0-255,66,99979,82,407254
3905,0.001199,74.125.200.0-255,2184,102163,82,407254
3906,0.001201,172.31.47.0-255,66,102229,82,407254
3907,0.001222,74.125.200.0-255,2902,105131,82,407254
3908,0.001224,172.31.47.0-255,66,105197,82,407254
3909,0.00125,74.125.200.0-255,7156,112353,82,407254
3910,0.001253,172.31.47.0-255,66,112419,82,407254
3911,0.001256,74.125.200.0-255,1484,113903,82,407254
3912,0.001283,74.125.200.0-255,7156,121059,82,407254
3913,0.001285,172.31.47.0-255,66,121125,82,407254
3914,0.00129,74.125.200.0-255,4320,125445,82,407254
3915,0.001292,172.31.47.0-255,66,125511,82,407254
3916,0.001316,74.125.200.0-255,5738,131249,82,407254
3917,0.001324,172.31.47.0-255,66,131315,82,407254
3918,0.001329,74.125.200.0-255,3884,135199,82,407254
3919,0.001331,172.31.47.0-255,66,135265,82,407254
3920,0.001522,74.125.200.0-255,1484,136749,82,407254
3921,0.001538,74.125.200.0-255,2902,139651,82,407254
3922,0.00154,172.31.47.0-255,66,139717,82,407254
3923,0.001573,74.125.200.0-255,5738,145455,82,407254
3924,0.001575,172.31.47.0-255,66,145521,82,407254
3925,0.001636,172.31.47.0-255,66,145587,82,407254
3926,0.001639,74.125.200.0-255,1484,147071,82,407254
3927,0.001663,74.125.200.0-255,7156,154227,82,407254
3928,0.001665,172.31.47.0-255,66,154293,82,407254
3929,0.001693,74.125.200.0-255,3602,157895,82,407254
3930,0.001695,172.31.47.0-255,66,157961,82,407254
3931,0.001739,74.125.200.0-255,1484,159445,82,407254
3932,0.001771,74.125.200.0-255,2902,162347,82,407254
3933,0.001773,172.31.47.0-255,66,162413,82,407254
3934,0.001786,74.125.200.0-255,1484,163897,82,407254
3935,0.001809,74.125.200.0-255,1484,165381,82,407254
3936,0.001811,172.31.47.0-255,66,165447,82,407254
3937,0.001816,74.125.200.0-255,4320,169767,82,407254
3938,0.001818,172.31.47.0-255,66,169833,82,407254
3939,0.001825,74.125.200.0-255,8574,178407,82,407254
3940,0.001827,172.31.47.0-255,66,178473,82,407254
3941,0.001837,74.125.200.0-255,4320,182793,82,407254
3942,0.001841,172.31.47.0-255,66,182859,82,407254
3943,0.001848,74.125.200.0-255,1484,184343,82,407254
3944,0.001854,74.125.200.0-255,5738,190081,82,407254
3945,0.001856,172.31.47.0-255,66,190147,82,407254
3946,0.001876,74.125.200.0-255,1484,191631,82,407254
3947,0.001878,74.125.200.0-255,766,192397,82,407254
3948,0.00188,172.31.47.0-255,66,192463,82,407254
3949,0.00201,74.125.200.0-255,1484,193947,82,407254
3950,0.002024,74.125.200.0-255,2902,196849,82,407254
3951,0.002027,172.31.47.0-255,66,196915,82,407254
3952,0.00203,74.125.200.0-255,2902,199817,82,407254
3953,0.002032,172.31.47.0-255,66,199883,82,407254
3954,0.002053,74.125.200.0-255,4320,204203,82,407254
3955,0.002056,172.31.47.0-255,66,204269,82,407254
3956,0.002064,74.125.200.0-255,4320,208589,82,407254
3957,0.002067,172.31.47.0-255,66,208655,82,407254
3958,0.002092,74.125.200.0-255,4320,212975,82,407254
3959,0.002095,172.31.47.0-255,66,213041,82,407254
3960,0.002101,74.125.200.0-255,7156,220197,82,407254
3961,0.002103,172.31.47.0-255,66,220263,82,407254
3962,0.002142,74.125.200.0-255,2902,223165,82,407254
3963,0.002144,172.31.47.0-255,66,223231,82,407254
3964,0.00217,74.125.200.0-255,3602,226833,82,407254
3965,0.002172,172.31.47.0-255,66,226899,82,407254
3966,0.002212,74.125.200.0-255,1484,228383,82,407254
3967,0.002241,74.125.200.0-255,2902,231285,82,407254
3968,0.002244,172.31.47.0-255,66,231351,82,407254
3969,0.002247,74.125.200.0-255,1484,232835,82,407254
3970,0.002252,74.125.200.0-255,2902,235737,82,407254
3971,0.002253,172.31.47.0-255,66,235803,82,407254
3972,0.002268,74.125.200.0-255,4320,240123,82,407254
3973,0.002271,172.31.47.0-255,66,240189,82,407254
3974,0.002289,74.125.200.0-255,1484,241673,82,407254
3975,0.002301,74.125.200.0-255,7156,248829,82,407254
3976,0.002305,172.31.47.0-255,66,248895,82,407254
3977,0.00234,74.125.200.0-255,4320,253215,82,407254
3978,0.002343,172.31.47.0-255,66,253281,82,407254
3979,0.00235,74.125.200.0-255,7156,260437,82,407254
3980,0.002352,172.31.47.0-255,66,260503,82,407254
3981,0.004639,74.125.200.0-255,4320,264823,82,407254
3982,0.004644,172.31.47.0-255,66,264889,82,407254
3983,0.004675,74.125.200.0-255,1484,266373,82,407254
3984,0.006931,74.125.200.0-255,4320,270693,82,407254
3985,0.006936,172.31.47.0-255,66,270759,82,407254
3986,0.009222,74.125.200.0-255,5738,276497,82,407254
3987,0.009228,172.31.47.0-255,66,276563,82,407254
3988,0.011528,74.125.200.0-255,5738,282301,82,407254
3989,0.011536,172.31.47.0-255,66,282367,82,407254
3990,0.013859,74.125.200.0-255,5738,288105,82,407254
3991,0.013866,172.31.47.0-255,66,288171,82,407254
3992,0.016164,74.125.200.0-255,5738,293909,82,407254
3993,0.01617,172.31.47.0-255,66,293975,82,407254
3994,0.018498,74.125.200.0-255,5738,299713,82,407254
3995,0.018504,172.31.47.0-255,66,299779,82,407254
3996,0.020818,74.125.200.0-255,5738,305517,82,407254
3997,0.020825,172.31.47.0-255,66,305583,82,407254
3998,0.023118,74.125.200.0-255,2902,308485,82,407254
3999,0.023124,172.31.47.0-255,66,308551,82,407254
4000,0.023155,74.125.200.0-255,2902,311453,82,407254
4001,0.023159,172.31.47.0-255,66,311519,82,407254
4002,0.024208,172.31.47.0-255,172,311691,82,407254
4003,0.02424,172.31.47.0-255,1112,312803,82,407254
4004,0.024273,172.31.47.0-255,1514,314317,82,407254
4005,0.024292,172.31.47.0-255,1287,315604,82,407254
4006,0.025411,74.125.200.0-255,2902,318506,82,407254
4007,0.025415,172.31.47.0-255,66,318572,82,407254
4008,0.025478,74.125.200.0-255,2902,321474,82,407254
4009,0.025482,172.31.47.0-255,66,321540,82,407254
4010,0.025741,104.244.42.0-255,66,321606,82,407254
4011,0.025787,104.244.42.0-255,66,321672,82,407254
4012,0.025842,104.244.42.0-255,66,321738,82,407254
4013,0.026492,104.244.42.0-255,108,321846,82,407254
4014,0.02651,172.31.47.0-255,66,321912,82,407254
4015,0.027706,74.125.200.0-255,2902,324814,82,407254
4016,0.027712,172.31.47.0-255,66,324880,82,407254
4017,0.027762,74.125.200.0-255,2902,327782,82,407254
4018,0.027765,172.31.47.0-255,66,327848,82,407254
4019,0.029996,74.125.200.0-255,1484,329332,82,407254
4020,0.030053,74.125.200.0-255,4320,333652,82,407254
4021,0.030059,172.31.47.0-255,66,333718,82,407254
4022,0.032345,74.125.200.0-255,4320,338038,82,407254
4023,0.03235,172.31.47.0-255,66,338104,82,407254
4024,0.032385,74.125.200.0-255,1484,339588,82,407254
4025,0.034633,74.125.200.0-255,4320,343908,82,407254
4026,0.034638,172.31.47.0-255,66,343974,82,407254
4027,0.036921,74.125.200.0-255,5738,349712,82,407254
4028,0.036925,172.31.47.0-255,66,349778,82,407254
4029,0.039204,74.125.200.0-255,1484,351262,82,407254
4030,0.039231,74.125.200.0-255,4320,355582,82,407254
4031,0.039235,172.31.47.0-255,66,355648,82,407254
4032,0.041529,74.125.200.0-255,5738,361386,82,407254
4033,0.041533,172.31.47.0-255,66,361452,82,407254
4034,0.043823,74.125.200.0-255,5738,367190,82,407254
4035,0.043829,172.31.47.0-255,66,367256,82,407254
4036,0.046122,74.125.200.0-255,5738,372994,82,407254
4037,0.046128,172.31.47.0-255,66,373060,82,407254
4038,0.048412,74.125.200.0-255,4320,377380,82,407254
4039,0.048417,172.31.47.0-255,66,377446,82,407254
4040,0.048454,74.125.200.0-255,1484,378930,82,407254
4041,0.050689,74.125.200.0-255,1484,380414,82,407254
4042,0.050693,172.31.47.0-255,66,380480,82,407254
4043,0.050725,74.125.200.0-255,2902,383382,82,407254
4044,0.050729,172.31.47.0-255,66,383448,82,407254
4045,0.052983,74.125.200.0-255,2902,386350,82,407254
4046,0.052989,172.31.47.0-255,66,386416,82,407254
4047,0.053028,74.125.200.0-255,2902,389318,82,407254
4048,0.053031,172.31.47.0-255,66,389384,82,407254
4049,0.055275,74.125.200.0-255,2902,392286,82,407254
4050,0.055281,172.31.47.0-255,66,392352,82,407254
4051,0.055318,74.125.200.0-255,2902,395254,82,407254
4052,0.055321,172.31.47.0-255,66,395320,82,407254
4053,0.057559,74.125.200.0-255,2902,398222,82,407254
4054,0.057563,172.31.47.0-255,66,398288,82,407254
4055,0.057597,74.125.200.0-255,2902,401190,82,407254
4056,0.057599,172.31.47.0-255,66,401256,82,407254
4057,0.059836,74.125.200.0-255,2902,404158,82,407254
4058,0.059842,172.31.47.0-255,66,404224,82,407254
4059,0.059882,74.125.200.0-255,2793,407017,82,407254
4060,0.059885,172.31.47.0-255,66,407083,82,407254
4061,0.06005,172.31.47.0-255,105,407188,82,407254
4062,0.062291,74.125.200.0-255,66,407254,82,407254
4063,0.0,172.31.47.0-255,105,105,82,276
4064,0.002231,157.240.7.0-255,105,210,82,276
4065,0.002239,172.31.47.0-255,66,276,82,276
4066,0.0,172.217.24.0-255,153,153,82,306930
4067,1.6e-05,172.31.47.0-255,66,219,82,306930
4068,2.3e-05,172.217.24.0-255,1484,1703,82,306930
4069,2.8e-05,172.31.47.0-255,66,1769,82,306930
4070,3.4e-05,172.217.24.0-255,2902,4671,82,306930
4071,3.8e-05,172.31.47.0-255,66,4737,82,306930
4072,4.6e-05,172.217.24.0-255,7156,11893,82,306930
4073,4.9e-05,172.31.47.0-255,66,11959,82,306930
4074,5.3e-05,172.217.24.0-255,2108,14067,82,306930
4075,5.6e-05,172.31.47.0-255,66,14133,82,306930
4076,0.000321,172.217.24.0-255,1484,15617,82,306930
4077,0.000327,172.31.47.0-255,66,15683,82,306930
4078,0.000333,172.217.24.0-255,2902,18585,82,306930
4079,0.000337,172.31.47.0-255,66,18651,82,306930
4080,0.000362,172.217.24.0-255,5738,24389,82,306930
4081,0.000365,172.31.47.0-255,66,24455,82,306930
4082,0.000389,172.217.24.0-255,5738,30193,82,306930
4083,0.000392,172.31.47.0-255,66,30259,82,306930
4084,0.000405,172.217.24.0-255,1125,31384,82,306930
4085,0.000407,172.31.47.0-255,66,31450,82,306930
4086,0.000415,172.217.24.0-255,7156,38606,82,306930
4087,0.000417,172.31.47.0-255,66,38672,82,306930
4088,0.000448,172.217.24.0-255,9633,48305,82,306930
4089,0.000451,172.31.47.0-255,66,48371,82,306930
4090,0.00138,172.217.24.0-255,1484,49855,82,306930
4091,0.001387,172.31.47.0-255,66,49921,82,306930
4092,0.001399,172.217.24.0-255,2902,52823,82,306930
4093,0.001401,172.31.47.0-255,66,52889,82,306930
4094,0.001409,172.217.24.0-255,5738,58627,82,306930
4095,0.001411,172.31.47.0-255,66,58693,82,306930
4096,0.001418,172.217.24.0-255,5738,64431,82,306930
4097,0.00142,172.31.47.0-255,66,64497,82,306930
4098,0.001445,172.217.24.0-255,1705,66202,82,306930
4099,0.001448,172.31.47.0-255,66,66268,82,306930
4100,0.001488,172.217.24.0-255,2902,69170,82,306930
4101,0.001491,172.31.47.0-255,66,69236,82,306930
4102,0.001517,172.217.24.0-255,7156,76392,82,306930
4103,0.001519,172.31.47.0-255,66,76458,82,306930
4104,0.001536,172.217.24.0-255,8215,84673,82,306930
4105,0.001538,172.31.47.0-255,66,84739,82,306930
4106,0.001564,172.217.24.0-255,5738,90477,82,306930
4107,0.001567,172.31.47.0-255,66,90543,82,306930
4108,0.001594,172.217.24.0-255,9633,100176,82,306930
4109,0.001597,172.31.47.0-255,66,100242,82,306930
4110,0.003501,172.217.24.0-255,5738,105980,82,306930
4111,0.003508,172.31.47.0-255,66,106046,82,306930
4112,0.005399,172.217.24.0-255,5738,111784,82,306930
4113,0.005404,172.31.47.0-255,66,111850,82,306930
4114,0.007288,172.217.24.0-255,5738,117588,82,306930
4115,0.007294,172.31.47.0-255,66,117654,82,306930
4116,0.009184,172.217.24.0-255,5738,123392,82,306930
4117,0.009191,172.31.47.0-255,66,123458,82,306930
4118,0.011089,172.217.24.0-255,5738,129196,82,306930
4119,0.011096,172.31.47.0-255,66,129262,82,306930
4120,0.012995,172.217.24.0-255,5738,135000,82,306930
4121,0.013003,172.31.47.0-255,66,135066,82,306930
4122,0.014889,172.217.24.0-255,5738,140804,82,306930
4123,0.014895,172.31.47.0-255,66,140870,82,306930
4124,0.016792,172.217.24.0-255,5738,146608,82,306930
4125,0.016798,172.31.47.0-255,66,146674,82,306930
4126,0.018698,172.217.24.0-255,5738,152412,82,306930
4127,0.018707,172.31.47.0-255,66,152478,82,306930
4128,0.020609,172.217.24.0-255,5738,158216,82,306930
4129,0.020617,172.31.47.0-255,66,158282,82,306930
4130,0.022517,172.217.24.0-255,5738,164020,82,306930
4131,0.022526,172.31.47.0-255,66,164086,82,306930
4132,0.024431,172.217.24.0-255,5738,169824,82,306930
4133,0.024439,172.31.47.0-255,66,169890,82,306930
4134,0.026336,172.217.24.0-255,5738,175628,82,306930
4135,0.026342,172.31.47.0-255,66,175694,82,306930
4136,0.027315,172.31.47.0-255,171,175865,82,306930
4137,0.027347,172.31.47.0-255,1127,176992,82,306930
4138,0.027405,172.31.47.0-255,1514,178506,82,306930
4139,0.027407,172.31.47.0-255,1514,180020,82,306930
4140,0.027409,172.31.47.0-255,310,180330,82,306930
4141,0.028238,172.217.24.0-255,4320,184650,82,306930
4142,0.028246,172.31.47.0-255,66,184716,82,306930
4143,0.028266,172.217.24.0-255,1484,186200,82,306930
4144,0.028868,104.244.42.0-255,66,186266,82,306930
4145,0.028876,104.244.42.0-255,66,186332,82,306930
4146,0.028971,104.244.42.0-255,66,186398,82,306930
4147,0.028975,104.244.42.0-255,66,186464,82,306930
4148,0.030153,172.217.24.0-255,4320,190784,82,306930
4149,0.030159,172.31.47.0-255,66,190850,82,306930
4150,0.032098,172.217.24.0-255,5738,196588,82,306930
4151,0.032105,172.31.47.0-255,66,196654,82,306930
4152,0.034005,172.217.24.0-255,5738,202392,82,306930
4153,0.034012,172.31.47.0-255,66,202458,82,306930
4154,0.035905,172.217.24.0-255,5738,208196,82,306930
4155,0.035912,172.31.47.0-255,66,208262,82,306930
4156,0.037846,172.217.24.0-255,5738,214000,82,306930
4157,0.037853,172.31.47.0-255,66,214066,82,306930
4158,0.039761,172.217.24.0-255,5738,219804,82,306930
4159,0.039768,172.31.47.0-255,66,219870,82,306930
4160,0.041667,172.217.24.0-255,5738,225608,82,306930
4161,0.041673,172.31.47.0-255,66,225674,82,306930
4162,0.04359,172.217.24.0-255,5738,231412,82,306930
4163,0.043596,172.31.47.0-255,66,231478,82,306930
4164,0.045491,172.217.24.0-255,5738,237216,82,306930
4165,0.045498,172.31.47.0-255,66,237282,82,306930
4166,0.0474,172.217.24.0-255,5738,243020,82,306930
4167,0.047407,172.31.47.0-255,66,243086,82,306930
4168,0.049308,172.217.24.0-255,5738,248824,82,306930
4169,0.049314,172.31.47.0-255,66,248890,82,306930
4170,0.05122,172.217.24.0-255,5738,254628,82,306930
4171,0.051227,172.31.47.0-255,66,254694,82,306930
4172,0.053139,172.217.24.0-255,5738,260432,82,306930
4173,0.053153,172.31.47.0-255,66,260498,82,306930
4174,0.055048,172.217.24.0-255,5738,266236,82,306930
4175,0.05506,172.31.47.0-255,66,266302,82,306930
4176,0.056954,172.217.24.0-255,5738,272040,82,306930
4177,0.056965,172.31.47.0-255,66,272106,82,306930
4178,0.058871,172.217.24.0-255,5738,277844,82,306930
4179,0.058883,172.31.47.0-255,66,277910,82,306930
4180,0.060821,172.217.24.0-255,5738,283648,82,306930
4181,0.060834,172.31.47.0-255,66,283714,82,306930
4182,0.062747,172.217.24.0-255,5738,289452,82,306930
4183,0.062779,172.31.47.0-255,66,289518,82,306930
4184,0.064695,172.217.24.0-255,5738,295256,82,306930
4185,0.064708,172.31.47.0-255,66,295322,82,306930
4186,0.066635,172.217.24.0-255,5738,301060,82,306930
4187,0.06665,172.31.47.0-255,66,301126,82,306930
4188,0.068609,172.217.24.0-255,5738,306864,82,306930
4189,0.068624,172.31.47.0-255,66,306930,82,306930
4190,0.0,74.125.24.0-255,143,143,82,247391
4191,2.1e-05,172.31.47.0-255,66,209,82,247391
4192,3.5e-05,74.125.24.0-255,1484,1693,82,247391
4193,3.9e-05,172.31.47.0-255,66,1759,82,247391
4194,4.2e-05,74.125.24.0-255,1484,3243,82,247391
4195,4.5e-05,172.31.47.0-255,66,3309,82,247391
4196,7.2e-05,74.125.24.0-255,1484,4793,82,247391
4197,7.4e-05,172.31.47.0-255,66,4859,82,247391
4198,8.4e-05,74.125.24.0-255,7156,12015,82,247391
4199,8.7e-05,172.31.47.0-255,66,12081,82,247391
4200,9.4e-05,74.125.24.0-255,7734,19815,82,247391
4201,9.6e-05,172.31.47.0-255,66,19881,82,247391
4202,0.000143,172.31.47.0-255,66,19947,82,247391
4203,0.000178,74.125.24.0-255,4320,24267,82,247391
4204,0.000181,172.31.47.0-255,66,24333,82,247391
4205,0.000204,74.125.24.0-255,5738,30071,82,247391
4206,0.000207,172.31.47.0-255,66,30137,82,247391
4207,0.000237,74.125.24.0-255,9992,40129,82,247391
4208,0.000239,172.31.47.0-255,66,40195,82,247391
4209,0.000263,74.125.24.0-255,2543,42738,82,247391
4210,0.000266,172.31.47.0-255,66,42804,82,247391
4211,0.000278,172.31.47.0-255,66,42870,82,247391
4212,0.000281,74.125.24.0-255,400,43270,82,247391
4213,0.000283,172.31.47.0-255,66,43336,82,247391
4214,0.000311,74.125.24.0-255,374,43710,82,247391
4215,0.000315,172.31.47.0-255,66,43776,82,247391
4216,0.000482,74.125.24.0-255,1484,45260,82,247391
4217,0.000486,74.125.24.0-255,2902,48162,82,247391
4218,0.000488,172.31.47.0-255,66,48228,82,247391
4219,0.000491,74.125.24.0-255,5738,53966,82,247391
4220,0.000493,172.31.47.0-255,66,54032,82,247391
4221,0.000508,172.31.47.0-255,66,54098,82,247391
4222,0.000556,74.125.24.0-255,10692,64790,82,247391
4223,0.00056,172.31.47.0-255,66,64856,82,247391
4224,0.000808,74.125.24.0-255,1484,66340,82,247391
4225,0.000813,74.125.24.0-255,2902,69242,82,247391
4226,0.000816,172.31.47.0-255,66,69308,82,247391
4227,0.00084,74.125.24.0-255,5738,75046,82,247391
4228,0.000843,172.31.47.0-255,66,75112,82,247391
4229,0.000846,74.125.24.0-255,1484,76596,82,247391
4230,0.000865,74.125.24.0-255,7156,83752,82,247391
4231,0.000869,172.31.47.0-255,66,83818,82,247391
4232,0.000894,74.125.24.0-255,4320,88138,82,247391
4233,0.000903,74.125.24.0-255,9992,98130,82,247391
4234,0.000905,74.125.24.0-255,766,98896,82,247391
4235,0.000908,172.31.47.0-255,66,98962,82,247391
4236,0.000997,74.125.24.0-255,1484,100446,82,247391
4237,0.001001,172.31.47.0-255,66,100512,82,247391
4238,0.001006,74.125.24.0-255,2902,103414,82,247391
4239,0.001022,172.31.47.0-255,66,103480,82,247391
4240,0.001023,74.125.24.0-255,5738,109218,82,247391
4241,0.001027,172.31.47.0-255,66,109284,82,247391
4242,0.001068,172.31.47.0-255,66,109350,82,247391
4243,0.001098,74.125.24.0-255,10692,120042,82,247391
4244,0.001102,172.31.47.0-255,66,120108,82,247391
4245,0.001413,74.125.24.0-255,1484,121592,82,247391
4246,0.001418,74.125.24.0-255,2902,124494,82,247391
4247,0.001422,172.31.47.0-255,66,124560,82,247391
4248,0.001427,74.125.24.0-255,4320,128880,82,247391
4249,0.001443,74.125.24.0-255,2902,131782,82,247391
4250,0.001446,172.31.47.0-255,66,131848,82,247391
4251,0.001451,172.31.47.0-255,66,131914,82,247391
4252,0.001465,74.125.24.0-255,5738,137652,82,247391
4253,0.001473,172.31.47.0-255,66,137718,82,247391
4254,0.001506,172.31.47.0-255,66,137784,82,247391
4255,0.001528,74.125.24.0-255,3602,141386,82,247391
4256,0.001532,172.31.47.0-255,66,141452,82,247391
4257,0.001636,74.125.24.0-255,1484,142936,82,247391
4258,0.001641,74.125.24.0-255,1484,144420,82,247391
4259,0.001655,172.31.47.0-255,66,144486,82,247391
4260,0.001657,74.125.24.0-255,1484,145970,82,247391
4261,0.001663,74.125.24.0-255,5738,151708,82,247391
4262,0.001668,172.31.47.0-255,66,151774,82,247391
4263,0.001676,74.125.24.0-255,2902,154676,82,247391
4264,0.001683,172.31.47.0-255,66,154742,82,247391
4265,0.001696,74.125.24.0-255,8574,163316,82,247391
4266,0.001698,172.31.47.0-255,66,163382,82,247391
4267,0.001711,74.125.24.0-255,1484,164866,82,247391
4268,0.001721,74.125.24.0-255,9992,174858,82,247391
4269,0.001735,172.31.47.0-255,66,174924,82,247391
4270,0.001807,172.31.47.0-255,66,174990,82,247391
4271,0.00181,74.125.24.0-255,9274,184264,82,247391
4272,0.001821,172.31.47.0-255,66,184330,82,247391
4273,0.001829,74.125.24.0-255,1484,185814,82,247391
4274,0.001833,74.125.24.0-255,2902,188716,82,247391
4275,0.001837,172.31.47.0-255,66,188782,82,247391
4276,0.001853,74.125.24.0-255,5738,194520,82,247391
4277,0.001857,74.125.24.0-255,2902,197422,82,247391
4278,0.001859,172.31.47.0-255,66,197488,82,247391
4279,0.001863,172.31.47.0-255,66,197554,82,247391
4280,0.001883,74.125.24.0-255,2902,200456,82,247391
4281,0.001892,172.31.47.0-255,66,200522,82,247391
4282,0.001896,172.31.47.0-255,66,200588,82,247391
4283,0.001948,172.31.47.0-255,66,200654,82,247391
4284,0.001962,74.125.24.0-255,3602,204256,82,247391
4285,0.00197,74.125.24.0-255,8574,212830,82,247391
4286,0.00197,172.31.47.0-255,66,212896,82,247391
4287,0.001974,172.31.47.0-255,66,212962,82,247391
4288,0.002012,172.31.47.0-255,66,213028,82,247391
4289,0.002025,172.31.47.0-255,66,213094,82,247391
4290,0.002068,172.31.47.0-255,66,213160,82,247391
4291,0.002085,74.125.24.0-255,9274,222434,82,247391
4292,0.002093,74.125.24.0-255,9992,232426,82,247391
4293,0.002093,172.31.47.0-255,66,232492,82,247391
4294,0.002098,172.31.47.0-255,66,232558,82,247391
4295,0.002129,74.125.24.0-255,10206,242764,82,247391
4296,0.002132,74.125.24.0-255,105,242869,82,247391
4297,0.002135,172.31.47.0-255,66,242935,82,247391
4298,0.008085,172.31.47.0-255,105,243040,82,247391
4299,0.010315,74.125.24.0-255,66,243106,82,247391
4300,0.026718,172.31.47.0-255,172,243278,82,247391
4301,0.026747,172.31.47.0-255,1107,244385,82,247391
4302,0.02678,172.31.47.0-255,1514,245899,82,247391
4303,0.026782,172.31.47.0-255,1294,247193,82,247391
4304,0.028256,104.244.42.0-255,66,247259,82,247391
4305,0.028327,104.244.42.0-255,66,247325,82,247391
4306,0.02833,104.244.42.0-255,66,247391,82,247391
4307,0.0,172.31.47.0-255,105,105,82,276
4308,0.002047,157.240.13.0-255,105,210,82,276
4309,0.002062,172.31.47.0-255,66,276,82,276
4310,0.0,74.125.24.0-255,143,143,82,293653
4311,2.7e-05,172.31.47.0-255,66,209,82,293653
4312,3.4e-05,74.125.24.0-255,1484,1693,82,293653
4313,3.8e-05,172.31.47.0-255,66,1759,82,293653
4314,4.3e-05,74.125.24.0-255,2902,4661,82,293653
4315,4.6e-05,172.31.47.0-255,66,4727,82,293653
4316,6e-05,74.125.24.0-255,7156,11883,82,293653
4317,6.3e-05,172.31.47.0-255,66,11949,82,293653
4318,6.7e-05,74.125.24.0-255,2172,14121,82,293653
4319,6.9e-05,172.31.47.0-255,66,14187,82,293653
4320,0.000237,74.125.24.0-255,1484,15671,82,293653
4321,0.000243,172.31.47.0-255,66,15737,82,293653
4322,0.000249,74.125.24.0-255,2902,18639,82,293653
4323,0.000252,172.31.47.0-255,66,18705,82,293653
4324,0.000261,74.125.24.0-255,2902,21607,82,293653
4325,0.000265,172.31.47.0-255,66,21673,82,293653
4326,0.00029,74.125.24.0-255,1484,23157,82,293653
4327,0.000293,172.31.47.0-255,66,23223,82,293653
4328,0.000303,74.125.24.0-255,9633,32856,82,293653
4329,0.000307,172.31.47.0-255,66,32922,82,293653
4330,0.000313,74.125.24.0-255,5738,38660,82,293653
4331,0.000316,172.31.47.0-255,66,38726,82,293653
4332,0.000351,74.125.24.0-255,7156,45882,82,293653
4333,0.000355,172.31.47.0-255,66,45948,82,293653
4334,0.000363,74.125.24.0-255,7156,53104,82,293653
4335,0.000366,172.31.47.0-255,66,53170,82,293653
4336,0.000387,74.125.24.0-255,1484,54654,82,293653
4337,0.00039,172.31.47.0-255,66,54720,82,293653
4338,0.000425,74.125.24.0-255,10692,65412,82,293653
4339,0.000429,172.31.47.0-255,66,65478,82,293653
4340,0.000451,74.125.24.0-255,709,66187,82,293653
4341,0.000454,172.31.47.0-255,66,66253,82,293653
4342,0.000832,74.125.24.0-255,1484,67737,82,293653
4343,0.000841,74.125.24.0-255,2902,70639,82,293653
4344,0.000844,172.31.47.0-255,66,70705,82,293653
4345,0.000874,74.125.24.0-255,5738,76443,82,293653
4346,0.000877,172.31.47.0-255,66,76509,82,293653
4347,0.00088,74.125.24.0-255,1484,77993,82,293653
4348,0.000916,172.31.47.0-255,66,78059,82,293653
4349,0.000948,74.125.24.0-255,10692,88751,82,293653
4350,0.000952,172.31.47.0-255,66,88817,82,293653
4351,0.001814,74.125.24.0-255,1484,90301,82,293653
4352,0.001837,74.125.24.0-255,2902,93203,82,293653
4353,0.001841,172.31.47.0-255,66,93269,82,293653
4354,0.001847,74.125.24.0-255,5738,99007,82,293653
4355,0.001849,172.31.47.0-255,66,99073,82,293653
4356,0.001851,74.125.24.0-255,1484,100557,82,293653
4357,0.001875,74.125.24.0-255,5738,106295,82,293653
4358,0.001878,172.31.47.0-255,66,106361,82,293653
4359,0.001886,74.125.24.0-255,9992,116353,82,293653
4360,0.001887,172.31.47.0-255,66,116419,82,293653
4361,0.001908,74.125.24.0-255,4320,120739,82,293653
4362,0.00191,172.31.47.0-255,66,120805,82,293653
4363,0.001913,74.125.24.0-255,2184,122989,82,293653
4364,0.001915,172.31.47.0-255,66,123055,82,293653
4365,0.004185,74.125.24.0-255,5738,128793,82,293653
4366,0.004191,172.31.47.0-255,66,128859,82,293653
4367,0.006454,74.125.24.0-255,5738,134597,82,293653
4368,0.00646,172.31.47.0-255,66,134663,82,293653
4369,0.008746,74.125.24.0-255,5738,140401,82,293653
4370,0.008752,172.31.47.0-255,66,140467,82,293653
4371,0.01103,74.125.24.0-255,5738,146205,82,293653
4372,0.011037,172.31.47.0-255,66,146271,82,293653
4373,0.013343,74.125.24.0-255,5738,152009,82,293653
4374,0.013354,172.31.47.0-255,66,152075,82,293653
4375,0.015631,74.125.24.0-255,2902,154977,82,293653
4376,0.015638,172.31.47.0-255,66,155043,82,293653
4377,0.015701,74.125.24.0-255,2902,157945,82,293653
4378,0.015706,172.31.47.0-255,66,158011,82,293653
4379,0.017899,74.125.24.0-255,2902,160913,82,293653
4380,0.017905,172.31.47.0-255,66,160979,82,293653
4381,0.017986,74.125.24.0-255,2902,163881,82,293653
4382,0.01799,172.31.47.0-255,66,163947,82,293653
4383,0.020214,74.125.24.0-255,2902,166849,82,293653
4384,0.020223,172.31.47.0-255,66,166915,82,293653
4385,0.020269,74.125.24.0-255,2902,169817,82,293653
4386,0.020276,172.31.47.0-255,66,169883,82,293653
4387,0.022496,74.125.24.0-255,2902,172785,82,293653
4388,0.022501,172.31.47.0-255,66,172851,82,293653
4389,0.022529,74.125.24.0-255,2902,175753,82,293653
4390,0.022532,172.31.47.0-255,66,175819,82,293653
4391,0.024791,74.125.24.0-255,5738,181557,82,293653
4392,0.024797,172.31.47.0-255,66,181623,82,293653
4393,0.024843,172.31.47.0-255,171,181794,82,293653
4394,0.024869,172.31.47.0-255,1135,182929,82,293653
4395,0.024906,172.31.47.0-255,1514,184443,82,293653
4396,0.024908,172.31.47.0-255,1266,185709,82,293653
4397,0.026387,104.244.42.0-255,66,185775,82,293653
4398,0.026407,104.244.42.0-255,66,185841,82,293653
4399,0.02654,104.244.42.0-255,66,185907,82,293653
4400,0.027066,74.125.24.0-255,5738,191645,82,293653
4401,0.02707,172.31.47.0-255,66,191711,82,293653
4402,0.027134,104.244.42.0-255,108,191819,82,293653
4403,0.027138,172.31.47.0-255,66,191885,82,293653
4404,0.029356,74.125.24.0-255,5738,197623,82,293653
4405,0.029362,172.31.47.0-255,66,197689,82,293653
4406,0.031651,74.125.24.0-255,4320,202009,82,293653
4407,0.031656,172.31.47.0-255,66,202075,82,293653
4408,0.031681,74.125.24.0-255,1484,203559,82,293653
4409,0.033939,74.125.24.0-255,4320,207879,82,293653
4410,0.033944,172.31.47.0-255,66,207945,82,293653
4411,0.036231,74.125.24.0-255,5738,213683,82,293653
4412,0.036237,172.31.47.0-255,66,213749,82,293653
4413,0.038514,74.125.24.0-255,5738,219487,82,293653
4414,0.03852,172.31.47.0-255,66,219553,82,293653
4415,0.0408,74.125.24.0-255,5738,225291,82,293653
4416,0.040804,172.31.47.0-255,66,225357,82,293653
4417,0.043083,74.125.24.0-255,5738,231095,82,293653
4418,0.043089,172.31.47.0-255,66,231161,82,293653
4419,0.045341,74.125.24.0-255,5738,236899,82,293653
4420,0.045345,172.31.47.0-255,66,236965,82,293653
4421,0.047649,74.125.24.0-255,5738,242703,82,293653
4422,0.047654,172.31.47.0-255,66,242769,82,293653
4423,0.049922,74.125.24.0-255,5738,248507,82,293653
4424,0.049928,172.31.47.0-255,66,248573,82,293653
4425,0.052198,74.125.24.0-255,5738,254311,82,293653
4426,0.052203,172.31.47.0-255,66,254377,82,293653
4427,0.054487,74.125.24.0-255,4320,258697,82,293653
4428,0.054493,172.31.47.0-255,66,258763,82,293653
4429,0.05452,74.125.24.0-255,1484,260247,82,293653
4430,0.056771,74.125.24.0-255,4320,264567,82,293653
4431,0.056776,172.31.47.0-255,66,264633,82,293653
4432,0.059079,74.125.24.0-255,5738,270371,82,293653
4433,0.059083,172.31.47.0-255,66,270437,82,293653
4434,0.061371,74.125.24.0-255,5738,276175,82,293653
4435,0.061376,172.31.47.0-255,66,276241,82,293653
4436,0.063618,74.125.24.0-255,5738,281979,82,293653
4437,0.063622,172.31.47.0-255,66,282045,82,293653
4438,0.065868,74.125.24.0-255,5738,287783,82,293653
4439,0.065872,172.31.47.0-255,66,287849,82,293653
4440,0.06816,74.125.24.0-255,5738,293587,82,293653
4441,0.068165,172.31.47.0-255,66,293653,82,293653
4442,0.0,74.125.24.0-255,297,297,82,320062
4443,2.9e-05,172.31.47.0-255,66,363,82,320062
4444,3.4e-05,74.125.24.0-255,1484,1847,82,320062
4445,3.8e-05,172.31.47.0-255,66,1913,82,320062
4446,4.3e-05,74.125.24.0-255,4320,6233,82,320062
4447,5.2e-05,172.31.47.0-255,66,6299,82,320062
4448,8.8e-05,74.125.24.0-255,7648,13947,82,320062
4449,9e-05,172.31.47.0-255,66,14013,82,320062
4450,0.00045,74.125.24.0-255,1484,15497,82,320062
4451,0.000455,172.31.47.0-255,66,15563,82,320062
4452,0.000463,74.125.24.0-255,2902,18465,82,320062
4453,0.000465,172.31.47.0-255,66,18531,82,320062
4454,0.000477,74.125.24.0-255,5738,24269,82,320062
4455,0.000479,172.31.47.0-255,66,24335,82,320062
4456,0.000518,74.125.24.0-255,8215,32550,82,320062
4457,0.000522,172.31.47.0-255,66,32616,82,320062
4458,0.000526,74.125.24.0-255,2902,35518,82,320062
4459,0.000529,172.31.47.0-255,66,35584,82,320062
4460,0.000561,74.125.24.0-255,5738,41322,82,320062
4461,0.000565,172.31.47.0-255,66,41388,82,320062
4462,0.000599,74.125.24.0-255,5738,47126,82,320062
4463,0.000603,172.31.47.0-255,66,47192,82,320062
4464,0.000625,74.125.24.0-255,1125,48317,82,320062
4465,0.000628,172.31.47.0-255,66,48383,82,320062
4466,0.00095,74.125.24.0-255,1484,49867,82,320062
4467,0.000955,172.31.47.0-255,66,49933,82,320062
4468,0.000963,74.125.24.0-255,2902,52835,82,320062
4469,0.000965,172.31.47.0-255,66,52901,82,320062
4470,0.000999,74.125.24.0-255,5738,58639,82,320062
4471,0.001002,172.31.47.0-255,66,58705,82,320062
4472,0.001032,74.125.24.0-255,6797,65502,82,320062
4473,0.001035,172.31.47.0-255,66,65568,82,320062
4474,0.001145,74.125.24.0-255,648,66216,82,320062
4475,0.001172,74.125.24.0-255,1484,67700,82,320062
4476,0.001175,172.31.47.0-255,66,67766,82,320062
4477,0.00118,74.125.24.0-255,4320,72086,82,320062
4478,0.001182,172.31.47.0-255,66,72152,82,320062
4479,0.001217,74.125.24.0-255,9992,82144,82,320062
4480,0.001219,172.31.47.0-255,66,82210,82,320062
4481,0.001254,172.31.47.0-255,66,82276,82,320062
4482,0.001265,74.125.24.0-255,2184,84460,82,320062
4483,0.001267,172.31.47.0-255,66,84526,82,320062
4484,0.001269,74.125.24.0-255,1484,86010,82,320062
4485,0.00132,172.31.47.0-255,66,86076,82,320062
4486,0.001323,172.31.47.0-255,66,86142,82,320062
4487,0.001339,74.125.24.0-255,3602,89744,82,320062
4488,0.001341,172.31.47.0-255,66,89810,82,320062
4489,0.00174,74.125.24.0-255,1484,91294,82,320062
4490,0.001745,74.125.24.0-255,2902,94196,82,320062
4491,0.001747,172.31.47.0-255,66,94262,82,320062
4492,0.001776,74.125.24.0-255,5738,100000,82,320062
4493,0.001778,172.31.47.0-255,66,100066,82,320062
4494,0.001782,74.125.24.0-255,4320,104386,82,320062
4495,0.001784,172.31.47.0-255,66,104452,82,320062
4496,0.001828,74.125.24.0-255,8574,113026,82,320062
4497,0.00183,172.31.47.0-255,66,113092,82,320062
4498,0.001837,74.125.24.0-255,8574,121666,82,320062
4499,0.001839,172.31.47.0-255,66,121732,82,320062
4500,0.001842,74.125.24.0-255,2184,123916,82,320062
4501,0.001843,172.31.47.0-255,66,123982,82,320062
4502,0.002065,74.125.24.0-255,1484,125466,82,320062
4503,0.00207,74.125.24.0-255,2902,128368,82,320062
4504,0.002073,172.31.47.0-255,66,128434,82,320062
4505,0.002097,74.125.24.0-255,5738,134172,82,320062
4506,0.002099,172.31.47.0-255,66,134238,82,320062
4507,0.002105,74.125.24.0-255,5738,139976,82,320062
4508,0.002106,172.31.47.0-255,66,140042,82,320062
4509,0.00215,172.31.47.0-255,66,140108,82,320062
4510,0.002155,74.125.24.0-255,5020,145128,82,320062
4511,0.002156,172.31.47.0-255,66,145194,82,320062
4512,0.004372,74.125.24.0-255,5738,150932,82,320062
4513,0.004378,172.31.47.0-255,66,150998,82,320062
4514,0.006585,74.125.24.0-255,5738,156736,82,320062
4515,0.006591,172.31.47.0-255,66,156802,82,320062
4516,0.008787,74.125.24.0-255,5738,162540,82,320062
4517,0.008793,172.31.47.0-255,66,162606,82,320062
4518,0.011013,74.125.24.0-255,5738,168344,82,320062
4519,0.011019,172.31.47.0-255,66,168410,82,320062
4520,0.013275,74.125.24.0-255,5738,174148,82,320062
4521,0.013282,172.31.47.0-255,66,174214,82,320062
4522,0.015495,74.125.24.0-255,5738,179952,82,320062
4523,0.015501,172.31.47.0-255,66,180018,82,320062
4524,0.017702,74.125.24.0-255,5738,185756,82,320062
4525,0.017708,172.31.47.0-255,66,185822,82,320062
4526,0.019803,172.31.47.0-255,172,185994,82,320062
4527,0.019831,172.31.47.0-255,1111,187105,82,320062
4528,0.019861,172.31.47.0-255,1514,188619,82,320062
4529,0.019863,172.31.47.0-255,325,188944,82,320062
4530,0.019919,74.125.24.0-255,4320,193264,82,320062
4531,0.019923,172.31.47.0-255,66,193330,82,320062
4532,0.019964,74.125.24.0-255,1484,194814,82,320062
4533,0.021393,104.244.42.0-255,66,194880,82,320062
4534,0.021399,104.244.42.0-255,66,194946,82,320062
4535,0.021432,104.244.42.0-255,66,195012,82,320062
4536,0.022162,74.125.24.0-255,4320,199332,82,320062
4537,0.022166,172.31.47.0-255,66,199398,82,320062
4538,0.024381,74.125.24.0-255,5738,205136,82,320062
4539,0.024386,172.31.47.0-255,66,205202,82,320062
4540,0.026597,74.125.24.0-255,5738,210940,82,320062
4541,0.026602,172.31.47.0-255,66,211006,82,320062
4542,0.028789,74.125.24.0-255,4320,215326,82,320062
4543,0.028793,172.31.47.0-255,66,215392,82,320062
4544,0.028818,74.125.24.0-255,1484,216876,82,320062
4545,0.03099,74.125.24.0-255,4320,221196,82,320062
4546,0.030995,172.31.47.0-255,66,221262,82,320062
4547,0.033236,74.125.24.0-255,1484,222746,82,320062
4548,0.033262,74.125.24.0-255,4320,227066,82,320062
4549,0.033265,172.31.47.0-255,66,227132,82,320062
4550,0.035479,74.125.24.0-255,5738,232870,82,320062
4551,0.035486,172.31.47.0-255,66,232936,82,320062
4552,0.037676,74.125.24.0-255,5738,238674,82,320062
4553,0.037681,172.31.47.0-255,66,238740,82,320062
4554,0.039893,74.125.24.0-255,5738,244478,82,320062
4555,0.039899,172.31.47.0-255,66,244544,82,320062
4556,0.042081,74.125.24.0-255,1484,246028,82,320062
4557,0.04211,74.125.24.0-255,4320,250348,82,320062
4558,0.042113,172.31.47.0-255,66,250414,82,320062
4559,0.044316,74.125.24.0-255,5738,256152,82,320062
4560,0.044322,172.31.47.0-255,66,256218,82,320062
4561,0.046528,74.125.24.0-255,5738,261956,82,320062
4562,0.046532,172.31.47.0-255,66,262022,82,320062
4563,0.048732,74.125.24.0-255,5738,267760,82,320062
4564,0.048736,172.31.47.0-255,66,267826,82,320062
4565,0.050929,74.125.24.0-255,5738,273564,82,320062
4566,0.050934,172.31.47.0-255,66,273630,82,320062
4567,0.053148,74.125.24.0-255,5738,279368,82,320062
4568,0.053152,172.31.47.0-255,66,279434,82,320062
4569,0.055381,74.125.24.0-255,5738,285172,82,320062
4570,0.055386,172.31.47.0-255,66,285238,82,320062
4571,0.057605,74.125.24.0-255,5738,290976,82,320062
4572,0.057609,172.31.47.0-255,66,291042,82,320062
4573,0.059807,74.125.24.0-255,5738,296780,82,320062
4574,0.059811,172.31.47.0-255,66,296846,82,320062
4575,0.062029,74.125.24.0-255,5738,302584,82,320062
4576,0.062034,172.31.47.0-255,66,302650,82,320062
4577,0.064262,74.125.24.0-255,5738,308388,82,320062
4578,0.064267,172.31.47.0-255,66,308454,82,320062
4579,0.066483,74.125.24.0-255,5738,314192,82,320062
4580,0.066487,172.31.47.0-255,66,314258,82,320062
4581,0.068698,74.125.24.0-255,5738,319996,82,320062
4582,0.068703,172.31.47.0-255,66,320062,82,320062
4583,0.0,74.125.24.0-255,153,153,82,317840
4584,2.5e-05,172.31.47.0-255,66,219,82,317840
4585,3.1e-05,74.125.24.0-255,1484,1703,82,317840
4586,3.5e-05,172.31.47.0-255,66,1769,82,317840
4587,4e-05,74.125.24.0-255,2902,4671,82,317840
4588,4.3e-05,172.31.47.0-255,66,4737,82,317840
4589,6.1e-05,74.125.24.0-255,2902,7639,82,317840
4590,6.3e-05,172.31.47.0-255,66,7705,82,317840
4591,8.5e-05,74.125.24.0-255,2902,10607,82,317840
4592,8.7e-05,172.31.47.0-255,66,10673,82,317840
4593,0.000134,74.125.24.0-255,3590,14263,82,317840
4594,0.000137,172.31.47.0-255,66,14329,82,317840
4595,0.000143,74.125.24.0-255,4320,18649,82,317840
4596,0.000145,172.31.47.0-255,66,18715,82,317840
4597,0.000174,74.125.24.0-255,9992,28707,82,317840
4598,0.000178,172.31.47.0-255,66,28773,82,317840
4599,0.000183,74.125.24.0-255,2543,31316,82,317840
4600,0.000184,172.31.47.0-255,66,31382,82,317840
4601,0.000333,74.125.24.0-255,1484,32866,82,317840
4602,0.000338,172.31.47.0-255,66,32932,82,317840
4603,0.000342,74.125.24.0-255,1484,34416,82,317840
4604,0.000344,172.31.47.0-255,66,34482,82,317840
4605,0.000361,74.125.24.0-255,1484,35966,82,317840
4606,0.000364,172.31.47.0-255,66,36032,82,317840
4607,0.00037,74.125.24.0-255,5738,41770,82,317840
4608,0.000373,172.31.47.0-255,66,41836,82,317840
4609,0.000376,74.125.24.0-255,2902,44738,82,317840
4610,0.000378,172.31.47.0-255,66,44804,82,317840
4611,0.000404,74.125.24.0-255,3961,48765,82,317840
4612,0.000408,172.31.47.0-255,66,48831,82,317840
4613,0.000822,74.125.24.0-255,1484,50315,82,317840
4614,0.000826,172.31.47.0-255,66,50381,82,317840
4615,0.000847,74.125.24.0-255,2902,53283,82,317840
4616,0.000852,172.31.47.0-255,66,53349,82,317840
4617,0.000858,74.125.24.0-255,5738,59087,82,317840
4618,0.00086,172.31.47.0-255,66,59153,82,317840
4619,0.000864,74.125.24.0-255,2902,62055,82,317840
4620,0.000865,172.31.47.0-255,66,62121,82,317840
4621,0.000904,74.125.24.0-255,3961,66082,82,317840
4622,0.000907,172.31.47.0-255,66,66148,82,317840
4623,0.000946,74.125.24.0-255,4320,70468,82,317840
4624,0.000949,172.31.47.0-255,66,70534,82,317840
4625,0.00097,74.125.24.0-255,5738,76272,82,317840
4626,0.000972,172.31.47.0-255,66,76338,82,317840
4627,0.000987,74.125.24.0-255,2902,79240,82,317840
4628,0.000989,172.31.47.0-255,66,79306,82,317840
4629,0.00102,74.125.24.0-255,9633,88939,82,317840
4630,0.001023,172.31.47.0-255,66,89005,82,317840
4631,0.001036,172.31.47.0-255,66,89071,82,317840
4632,0.001556,74.125.24.0-255,1484,90555,82,317840
4633,0.001563,74.125.24.0-255,2902,93457,82,317840
4634,0.001567,172.31.47.0-255,66,93523,82,317840
4635,0.001572,74.125.24.0-255,5738,99261,82,317840
4636,0.001574,172.31.47.0-255,66,99327,82,317840
4637,0.001602,74.125.24.0-255,8097,107424,82,317840
4638,0.001605,172.31.47.0-255,66,107490,82,317840
4639,0.001648,172.31.47.0-255,66,107556,82,317840
4640,0.00165,74.125.24.0-255,404,107960,82,317840
4641,0.001747,74.125.24.0-255,1484,109444,82,317840
4642,0.001749,172.31.47.0-255,66,109510,82,317840
4643,0.001762,74.125.24.0-255,2902,112412,82,317840
4644,0.001765,172.31.47.0-255,66,112478,82,317840
4645,0.001783,74.125.24.0-255,5738,118216,82,317840
4646,0.001785,172.31.47.0-255,66,118282,82,317840
4647,0.001817,172.31.47.0-255,66,118348,82,317840
4648,0.001853,74.125.24.0-255,1484,119832,82,317840
4649,0.001874,74.125.24.0-255,9274,129106,82,317840
4650,0.001876,172.31.47.0-255,66,129172,82,317840
4651,0.001932,74.125.24.0-255,1484,130656,82,317840
4652,0.001935,74.125.24.0-255,1484,132140,82,317840
4653,0.001936,172.31.47.0-255,66,132206,82,317840
4654,0.001948,74.125.24.0-255,1484,133690,82,317840
4655,0.001953,74.125.24.0-255,5738,139428,82,317840
4656,0.001955,172.31.47.0-255,66,139494,82,317840
4657,0.001979,74.125.24.0-255,9992,149486,82,317840
4658,0.001981,172.31.47.0-255,66,149552,82,317840
4659,0.001993,74.125.24.0-255,2902,152454,82,317840
4660,0.001995,172.31.47.0-255,66,152520,82,317840
4661,0.002009,74.125.24.0-255,2902,155422,82,317840
4662,0.002011,172.31.47.0-255,66,155488,82,317840
4663,0.002049,172.31.47.0-255,66,155554,82,317840
4664,0.00206,172.31.47.0-255,66,155620,82,317840
4665,0.002119,172.31.47.0-255,66,155686,82,317840
4666,0.002125,74.125.24.0-255,7156,162842,82,317840
4667,0.002127,172.31.47.0-255,66,162908,82,317840
4668,0.002132,74.125.24.0-255,5738,168646,82,317840
4669,0.002134,172.31.47.0-255,66,168712,82,317840
4670,0.002148,74.125.24.0-255,2902,171614,82,317840
4671,0.00215,172.31.47.0-255,66,171680,82,317840
4672,0.00219,172.31.47.0-255,66,171746,82,317840
4673,0.002193,74.125.24.0-255,766,172512,82,317840
4674,0.004747,74.125.24.0-255,4320,176832,82,317840
4675,0.004752,172.31.47.0-255,66,176898,82,317840
4676,0.007292,74.125.24.0-255,5738,182636,82,317840
4677,0.007298,172.31.47.0-255,66,182702,82,317840
4678,0.009845,74.125.24.0-255,5738,188440,82,317840
4679,0.009853,172.31.47.0-255,66,188506,82,317840
4680,0.01238,74.125.24.0-255,5738,194244,82,317840
4681,0.012386,172.31.47.0-255,66,194310,82,317840
4682,0.014957,74.125.24.0-255,5738,200048,82,317840
4683,0.014971,172.31.47.0-255,66,200114,82,317840
4684,0.017535,74.125.24.0-255,5738,205852,82,317840
4685,0.017542,172.31.47.0-255,66,205918,82,317840
4686,0.020092,74.125.24.0-255,5738,211656,82,317840
4687,0.020098,172.31.47.0-255,66,211722,82,317840
4688,0.02265,74.125.24.0-255,5738,217460,82,317840
4689,0.022655,172.31.47.0-255,66,217526,82,317840
4690,0.025226,74.125.24.0-255,5738,223264,82,317840
4691,0.025233,172.31.47.0-255,66,223330,82,317840
4692,0.026582,172.31.47.0-255,172,223502,82,317840
4693,0.026611,172.31.47.0-255,1111,224613,82,317840
4694,0.026643,172.31.47.0-255,1514,226127,82,317840
4695,0.026644,172.31.47.0-255,325,226452,82,317840
4696,0.027781,74.125.24.0-255,5738,232190,82,317840
4697,0.027787,172.31.47.0-255,66,232256,82,317840
4698,0.028216,104.244.42.0-255,66,232322,82,317840
4699,0.03032,74.125.24.0-255,5738,238060,82,317840
4700,0.030323,172.31.47.0-255,66,238126,82,317840
4701,0.032851,74.125.24.0-255,5738,243864,82,317840
4702,0.032857,172.31.47.0-255,66,243930,82,317840
4703,0.035423,74.125.24.0-255,5738,249668,82,317840
4704,0.035427,172.31.47.0-255,66,249734,82,317840
4705,0.037968,74.125.24.0-255,5738,255472,82,317840
4706,0.037974,172.31.47.0-255,66,255538,82,317840
4707,0.040542,74.125.24.0-255,5738,261276,82,317840
4708,0.040547,172.31.47.0-255,66,261342,82,317840
4709,0.043091,74.125.24.0-255,4320,265662,82,317840
4710,0.043109,172.31.47.0-255,66,265728,82,317840
4711,0.043126,74.125.24.0-255,1484,267212,82,317840
4712,0.045632,74.125.24.0-255,4320,271532,82,317840
4713,0.045636,172.31.47.0-255,66,271598,82,317840
4714,0.048187,74.125.24.0-255,5738,277336,82,317840
4715,0.048193,172.31.47.0-255,66,277402,82,317840
4716,0.050758,74.125.24.0-255,5738,283140,82,317840
4717,0.050763,172.31.47.0-255,66,283206,82,317840
4718,0.053312,74.125.24.0-255,5738,288944,82,317840
4719,0.053318,172.31.47.0-255,66,289010,82,317840
4720,0.055876,74.125.24.0-255,5738,294748,82,317840
4721,0.055881,172.31.47.0-255,66,294814,82,317840
4722,0.05843,74.125.24.0-255,5738,300552,82,317840
4723,0.058435,172.31.47.0-255,66,300618,82,317840
4724,0.060977,74.125.24.0-255,5738,306356,82,317840
4725,0.060981,172.31.47.0-255,66,306422,82,317840
4726,0.063536,74.125.24.0-255,2902,309324,82,317840
4727,0.063541,172.31.47.0-255,66,309390,82,317840
4728,0.063564,74.125.24.0-255,2902,312292,82,317840
4729,0.063567,172.31.47.0-255,66,312358,82,317840
4730,0.066081,74.125.24.0-255,5245,317603,82,317840
4731,0.066085,172.31.47.0-255,66,317669,82,317840
4732,0.066245,172.31.47.0-255,105,317774,82,317840
4733,0.06873,74.125.24.0-255,66,317840,82,317840
4734,0.0,172.31.47.0-255,105,105,82,276
4735,0.001505,157.240.13.0-255,105,210,82,276
4736,0.001517,172.31.47.0-255,66,276,82,276
4737,0.0,172.31.47.0-255,74,74,82,74
4738,0.0,172.217.194.0-255,153,153,82,342274
4739,2.1e-05,172.31.47.0-255,66,219,82,342274
4740,2.7e-05,172.217.194.0-255,1484,1703,82,342274
4741,3.1e-05,172.31.47.0-255,66,1769,82,342274
4742,3.5e-05,172.217.194.0-255,2902,4671,82,342274
4743,4.7e-05,172.31.47.0-255,66,4737,82,342274
4744,5.3e-05,172.217.194.0-255,5738,10475,82,342274
4745,5.6e-05,172.31.47.0-255,66,10541,82,342274
4746,7.7e-05,172.217.194.0-255,1484,12025,82,342274
4747,8.3e-05,172.31.47.0-255,66,12091,82,342274
4748,8.9e-05,172.217.194.0-255,4944,17035,82,342274
4749,9.1e-05,172.31.47.0-255,66,17101,82,342274
4750,0.000135,172.31.47.0-255,66,17167,82,342274
4751,0.000176,172.217.194.0-255,1484,18651,82,342274
4752,0.00018,172.31.47.0-255,66,18717,82,342274
4753,0.000205,172.217.194.0-255,2902,21619,82,342274
4754,0.000208,172.31.47.0-255,66,21685,82,342274
4755,0.000214,172.217.194.0-255,5738,27423,82,342274
4756,0.000216,172.31.47.0-255,66,27489,82,342274
4757,0.000218,172.217.194.0-255,1484,28973,82,342274
4758,0.00022,172.31.47.0-255,66,29039,82,342274
4759,0.000251,172.217.194.0-255,4320,33359,82,342274
4760,0.000254,172.31.47.0-255,66,33425,82,342274
4761,0.000258,172.217.194.0-255,1484,34909,82,342274
4762,0.000259,172.31.47.0-255,66,34975,82,342274
4763,0.0003,172.31.47.0-255,66,35041,82,342274
4764,0.000304,172.217.194.0-255,4250,39291,82,342274
4765,0.000306,172.31.47.0-255,66,39357,82,342274
4766,0.000308,172.217.194.0-255,366,39723,82,342274
4767,0.00031,172.31.47.0-255,66,39789,82,342274
4768,0.000358,172.217.194.0-255,1484,41273,82,342274
4769,0.000374,172.217.194.0-255,4320,45593,82,342274
4770,0.000389,172.217.194.0-255,4320,49913,82,342274
4771,0.000404,172.217.194.0-255,1484,51397,82,342274
4772,0.000422,172.217.194.0-255,8574,59971,82,342274
4773,0.000441,172.217.194.0-255,576,60547,82,342274
4774,0.000447,172.217.194.0-255,7156,67703,82,342274
4775,0.000461,172.217.194.0-255,2902,70605,82,342274
4776,0.000515,172.217.194.0-255,2543,73148,82,342274
4777,0.000579,172.31.47.0-255,66,73214,82,342274
4778,0.000977,172.217.194.0-255,1484,74698,82,342274
4779,0.000985,172.217.194.0-255,2902,77600,82,342274
4780,0.000988,172.31.47.0-255,66,77666,82,342274
4781,0.000991,172.217.194.0-255,1484,79150,82,342274
4782,0.001009,172.217.194.0-255,4320,83470,82,342274
4783,0.001042,172.31.47.0-255,66,83536,82,342274
4784,0.00106,172.217.194.0-255,8574,92110,82,342274
4785,0.001065,172.31.47.0-255,66,92176,82,342274
4786,0.001073,172.217.194.0-255,2902,95078,82,342274
4787,0.001089,172.217.194.0-255,1484,96562,82,342274
4788,0.001094,172.217.194.0-255,5738,102300,82,342274
4789,0.001121,172.217.194.0-255,5020,107320,82,342274
4790,0.001124,172.217.194.0-255,1484,108804,82,342274
4791,0.001127,172.217.194.0-255,2902,111706,82,342274
4792,0.001131,172.217.194.0-255,5738,117444,82,342274
4793,0.001134,172.31.47.0-255,66,117510,82,342274
4794,0.001141,172.31.47.0-255,66,117576,82,342274
4795,0.001157,172.217.194.0-255,6797,124373,82,342274
4796,0.001162,172.217.194.0-255,2902,127275,82,342274
4797,0.001192,172.217.194.0-255,4320,131595,82,342274
4798,0.001198,172.217.194.0-255,5738,137333,82,342274
4799,0.001211,172.31.47.0-255,66,137399,82,342274
4800,0.001223,172.217.194.0-255,9992,147391,82,342274
4801,0.001233,172.31.47.0-255,66,147457,82,342274
4802,0.001261,172.217.194.0-255,10692,158149,82,342274
4803,0.00127,172.31.47.0-255,66,158215,82,342274
4804,0.001331,172.217.194.0-255,1484,159699,82,342274
4805,0.001334,172.217.194.0-255,1484,161183,82,342274
4806,0.001346,172.31.47.0-255,66,161249,82,342274
4807,0.001348,172.217.194.0-255,1484,162733,82,342274
4808,0.001369,172.217.194.0-255,4320,167053,82,342274
4809,0.001378,172.217.194.0-255,1484,168537,82,342274
4810,0.001384,172.31.47.0-255,66,168603,82,342274
4811,0.001394,172.217.194.0-255,2902,171505,82,342274
4812,0.001412,172.217.194.0-255,5738,177243,82,342274
4813,0.001431,172.31.47.0-255,66,177309,82,342274
4814,0.001451,172.217.194.0-255,7156,184465,82,342274
4815,0.001463,172.31.47.0-255,66,184531,82,342274
4816,0.001469,172.217.194.0-255,7856,192387,82,342274
4817,0.001487,172.31.47.0-255,66,192453,82,342274
4818,0.00149,172.217.194.0-255,1484,193937,82,342274
4819,0.001494,172.217.194.0-255,2902,196839,82,342274
4820,0.001495,172.217.194.0-255,1484,198323,82,342274
4821,0.001512,172.217.194.0-255,4320,202643,82,342274
4822,0.001514,172.217.194.0-255,1484,204127,82,342274
4823,0.001531,172.217.194.0-255,9992,214119,82,342274
4824,0.001542,172.217.194.0-255,1484,215603,82,342274
4825,0.001547,172.217.194.0-255,5738,221341,82,342274
4826,0.001551,172.31.47.0-255,66,221407,82,342274
4827,0.001562,172.217.194.0-255,1484,222891,82,342274
4828,0.001564,172.217.194.0-255,1484,224375,82,342274
4829,0.001578,172.217.194.0-255,2184,226559,82,342274
4830,0.001591,172.31.47.0-255,66,226625,82,342274
4831,0.001616,172.217.194.0-255,1484,228109,82,342274
4832,0.001629,172.217.194.0-255,2902,231011,82,342274
4833,0.001632,172.217.194.0-255,1484,232495,82,342274
4834,0.001637,172.31.47.0-255,66,232561,82,342274
4835,0.001649,172.217.194.0-255,4320,236881,82,342274
4836,0.001663,172.31.47.0-255,66,236947,82,342274
4837,0.001673,172.217.194.0-255,7156,244103,82,342274
4838,0.001676,172.31.47.0-255,66,244169,82,342274
4839,0.001692,172.217.194.0-255,2902,247071,82,342274
4840,0.001704,172.31.47.0-255,66,247137,82,342274
4841,0.001715,172.217.194.0-255,2902,250039,82,342274
4842,0.001727,172.31.47.0-255,66,250105,82,342274
4843,0.001745,172.217.194.0-255,10692,260797,82,342274
4844,0.001757,172.31.47.0-255,66,260863,82,342274
4845,0.001783,172.217.194.0-255,1484,262347,82,342274
4846,0.001799,172.217.194.0-255,2902,265249,82,342274
4847,0.001804,172.31.47.0-255,66,265315,82,342274
4848,0.001829,172.217.194.0-255,5738,271053,82,342274
4849,0.001866,172.217.194.0-255,5738,276791,82,342274
4850,0.001886,172.217.194.0-255,7156,283947,82,342274
4851,0.001894,172.217.194.0-255,10692,294639,82,342274
4852,0.001901,172.31.47.0-255,66,294705,82,342274
4853,0.001929,172.217.194.0-255,5738,300443,82,342274
4854,0.001933,172.31.47.0-255,66,300509,82,342274
4855,0.001961,172.217.194.0-255,8574,309083,82,342274
4856,0.001968,172.31.47.0-255,66,309149,82,342274
4857,0.001975,172.217.194.0-255,2902,312051,82,342274
4858,0.001978,172.31.47.0-255,66,312117,82,342274
4859,0.001992,172.217.194.0-255,1484,313601,82,342274
4860,0.002008,172.217.194.0-255,2902,316503,82,342274
4861,0.00203,172.217.194.0-255,4320,320823,82,342274
4862,0.002034,172.31.47.0-255,66,320889,82,342274
4863,0.002064,172.217.194.0-255,8574,329463,82,342274
4864,0.002078,172.217.194.0-255,4320,333783,82,342274
4865,0.002087,172.31.47.0-255,66,333849,82,342274
4866,0.002095,172.217.194.0-255,2184,336033,82,342274
4867,0.00211,172.31.47.0-255,66,336099,82,342274
4868,0.002117,172.217.194.0-255,1484,337583,82,342274
4869,0.002161,172.31.47.0-255,66,337649,82,342274
4870,0.002187,172.217.194.0-255,105,337754,82,342274
4871,0.004102,172.31.47.0-255,66,337820,82,342274
4872,0.004138,172.31.47.0-255,105,337925,82,342274
4873,0.006422,172.217.194.0-255,66,337991,82,342274
4874,0.04044,172.31.47.0-255,172,338163,82,342274
4875,0.040496,172.31.47.0-255,1103,339266,82,342274
4876,0.040575,172.31.47.0-255,1514,340780,82,342274
4877,0.040577,172.31.47.0-255,1296,342076,82,342274
4878,0.041971,104.244.42.0-255,66,342142,82,342274
4879,0.042063,104.244.42.0-255,66,342208,82,342274
4880,0.042119,104.244.42.0-255,66,342274,82,342274
4881,0.0,172.217.194.0-255,299,299,82,348187
4882,3e-05,172.31.47.0-255,66,365,82,348187
4883,3.6e-05,172.217.194.0-255,1484,1849,82,348187
4884,4e-05,172.31.47.0-255,66,1915,82,348187
4885,4.6e-05,172.217.194.0-255,4320,6235,82,348187
4886,5.4e-05,172.31.47.0-255,66,6301,82,348187
4887,6e-05,172.217.194.0-255,5738,12039,82,348187
4888,6.2e-05,172.31.47.0-255,66,12105,82,348187
4889,9.8e-05,172.217.194.0-255,6135,18240,82,348187
4890,0.000101,172.31.47.0-255,66,18306,82,348187
4891,0.000128,172.217.194.0-255,7156,25462,82,348187
4892,0.000131,172.31.47.0-255,66,25528,82,348187
4893,0.000148,172.217.194.0-255,2902,28430,82,348187
4894,0.00015,172.31.47.0-255,66,28496,82,348187
4895,0.000179,172.217.194.0-255,2543,31039,82,348187
4896,0.000181,172.31.47.0-255,66,31105,82,348187
4897,0.000239,172.217.194.0-255,1484,32589,82,348187
4898,0.000241,172.31.47.0-255,66,32655,82,348187
4899,0.000251,172.217.194.0-255,1484,34139,82,348187
4900,0.000255,172.31.47.0-255,66,34205,82,348187
4901,0.00028,172.217.194.0-255,1484,35689,82,348187
4902,0.000282,172.31.47.0-255,66,35755,82,348187
4903,0.000288,172.217.194.0-255,5738,41493,82,348187
4904,0.000291,172.31.47.0-255,66,41559,82,348187
4905,0.000293,172.217.194.0-255,1484,43043,82,348187
4906,0.000295,172.31.47.0-255,66,43109,82,348187
4907,0.000333,172.31.47.0-255,66,43175,82,348187
4908,0.000358,172.217.194.0-255,5738,48913,82,348187
4909,0.000361,172.31.47.0-255,66,48979,82,348187
4910,0.000385,172.217.194.0-255,3961,52940,82,348187
4911,0.000387,172.217.194.0-255,708,53648,82,348187
4912,0.00039,172.31.47.0-255,66,53714,82,348187
4913,0.000723,172.31.47.0-255,66,53780,82,348187
4914,0.000906,172.217.194.0-255,1484,55264,82,348187
4915,0.000914,172.217.194.0-255,2902,58166,82,348187
4916,0.000918,172.31.47.0-255,66,58232,82,348187
4917,0.000924,172.217.194.0-255,5738,63970,82,348187
4918,0.000926,172.31.47.0-255,66,64036,82,348187
4919,0.000973,172.31.47.0-255,66,64102,82,348187
4920,0.000979,172.217.194.0-255,5738,69840,82,348187
4921,0.00098,172.31.47.0-255,66,69906,82,348187
4922,0.001005,172.217.194.0-255,5020,74926,82,348187
4923,0.001012,172.31.47.0-255,66,74992,82,348187
4924,0.001636,172.217.194.0-255,1484,76476,82,348187
4925,0.001645,172.217.194.0-255,2902,79378,82,348187
4926,0.001648,172.31.47.0-255,66,79444,82,348187
4927,0.001655,172.217.194.0-255,5738,85182,82,348187
4928,0.001656,172.31.47.0-255,66,85248,82,348187
4929,0.001686,172.217.194.0-255,5738,90986,82,348187
4930,0.001688,172.31.47.0-255,66,91052,82,348187
4931,0.001714,172.217.194.0-255,7156,98208,82,348187
4932,0.001716,172.31.47.0-255,66,98274,82,348187
4933,0.001737,172.217.194.0-255,2902,101176,82,348187
4934,0.001739,172.31.47.0-255,66,101242,82,348187
4935,0.001768,172.217.194.0-255,7856,109098,82,348187
4936,0.00177,172.31.47.0-255,66,109164,82,348187
4937,0.001839,172.217.194.0-255,1484,110648,82,348187
4938,0.001843,172.217.194.0-255,2902,113550,82,348187
4939,0.001845,172.31.47.0-255,66,113616,82,348187
4940,0.001871,172.217.194.0-255,5738,119354,82,348187
4941,0.001873,172.31.47.0-255,66,119420,82,348187
4942,0.001897,172.217.194.0-255,5738,125158,82,348187
4943,0.0019,172.31.47.0-255,66,125224,82,348187
4944,0.001928,172.217.194.0-255,7156,132380,82,348187
4945,0.001934,172.217.194.0-255,8574,140954,82,348187
4946,0.001938,172.31.47.0-255,66,141020,82,348187
4947,0.001944,172.31.47.0-255,66,141086,82,348187
4948,0.001948,172.217.194.0-255,2184,143270,82,348187
4949,0.001953,172.31.47.0-255,66,143336,82,348187
4950,0.002005,172.217.194.0-255,1484,144820,82,348187
4951,0.002008,172.217.194.0-255,1484,146304,82,348187
4952,0.002011,172.31.47.0-255,66,146370,82,348187
4953,0.00203,172.217.194.0-255,1484,147854,82,348187
4954,0.002036,172.217.194.0-255,5738,153592,82,348187
4955,0.002038,172.31.47.0-255,66,153658,82,348187
4956,0.002083,172.31.47.0-255,66,153724,82,348187
4957,0.002088,172.217.194.0-255,4320,158044,82,348187
4958,0.002089,172.31.47.0-255,66,158110,82,348187
4959,0.004115,172.217.194.0-255,1484,159594,82,348187
4960,0.004144,172.217.194.0-255,4320,163914,82,348187
4961,0.004149,172.31.47.0-255,66,163980,82,348187
4962,0.006197,172.217.194.0-255,5738,169718,82,348187
4963,0.006204,172.31.47.0-255,66,169784,82,348187
4964,0.008259,172.217.194.0-255,5738,175522,82,348187
4965,0.008264,172.31.47.0-255,66,175588,82,348187
4966,0.010284,172.217.194.0-255,5738,181326,82,348187
4967,0.01029,172.31.47.0-255,66,181392,82,348187
4968,0.012319,172.217.194.0-255,5738,187130,82,348187
4969,0.012327,172.31.47.0-255,66,187196,82,348187
4970,0.014384,172.217.194.0-255,5738,192934,82,348187
4971,0.01439,172.31.47.0-255,66,193000,82,348187
4972,0.016449,172.217.194.0-255,5738,198738,82,348187
4973,0.016454,172.31.47.0-255,66,198804,82,348187
4974,0.018496,172.217.194.0-255,5738,204542,82,348187
4975,0.018503,172.31.47.0-255,66,204608,82,348187
4976,0.020556,172.217.194.0-255,5738,210346,82,348187
4977,0.020562,172.31.47.0-255,66,210412,82,348187
4978,0.022623,172.217.194.0-255,5738,216150,82,348187
4979,0.02263,172.31.47.0-255,66,216216,82,348187
4980,0.023809,172.31.47.0-255,172,216388,82,348187
4981,0.023845,172.31.47.0-255,1112,217500,82,348187
4982,0.023905,172.31.47.0-255,1514,219014,82,348187
4983,0.023907,172.31.47.0-255,1287,220301,82,348187
4984,0.024723,172.217.194.0-255,5738,226039,82,348187
4985,0.02473,172.31.47.0-255,66,226105,82,348187
4986,0.025383,104.244.42.0-255,66,226171,82,348187
4987,0.025414,104.244.42.0-255,66,226237,82,348187
4988,0.025465,104.244.42.0-255,66,226303,82,348187
4989,0.0268,172.217.194.0-255,5738,232041,82,348187
4990,0.026806,172.31.47.0-255,66,232107,82,348187
4991,0.028838,172.217.194.0-255,5738,237845,82,348187
4992,0.028845,172.31.47.0-255,66,237911,82,348187
4993,0.030898,172.217.194.0-255,5738,243649,82,348187
4994,0.030905,172.31.47.0-255,66,243715,82,348187
4995,0.032977,172.217.194.0-255,5738,249453,82,348187
4996,0.032982,172.31.47.0-255,66,249519,82,348187
4997,0.035082,172.217.194.0-255,5738,255257,82,348187
4998,0.03509,172.31.47.0-255,66,255323,82,348187
4999,0.037145,172.217.194.0-255,5738,261061,82,348187
5000,0.037154,172.31.47.0-255,66,261127,82,348187
5001,0.039195,172.217.194.0-255,5738,266865,82,348187
5002,0.039201,172.31.47.0-255,66,266931,82,348187
5003,0.041272,172.217.194.0-255,5738,272669,82,348187
5004,0.04128,172.31.47.0-255,66,272735,82,348187
5005,0.043319,172.217.194.0-255,5738,278473,82,348187
5006,0.043328,172.31.47.0-255,66,278539,82,348187
5007,0.045377,172.217.194.0-255,5738,284277,82,348187
5008,0.045384,172.31.47.0-255,66,284343,82,348187
5009,0.047427,172.217.194.0-255,5738,290081,82,348187
5010,0.047433,172.31.47.0-255,66,290147,82,348187
5011,0.049466,172.217.194.0-255,5738,295885,82,348187
5012,0.049473,172.31.47.0-255,66,295951,82,348187
5013,0.051532,172.217.194.0-255,5738,301689,82,348187
5014,0.051538,172.31.47.0-255,66,301755,82,348187
5015,0.053625,172.217.194.0-255,5738,307493,82,348187
5016,0.053633,172.31.47.0-255,66,307559,82,348187
5017,0.055728,172.217.194.0-255,5738,313297,82,348187
5018,0.055735,172.31.47.0-255,66,313363,82,348187
5019,0.057811,172.217.194.0-255,5738,319101,82,348187
5020,0.057818,172.31.47.0-255,66,319167,82,348187
5021,0.059871,172.217.194.0-255,5738,324905,82,348187
5022,0.059876,172.31.47.0-255,66,324971,82,348187
5023,0.061898,172.217.194.0-255,5738,330709,82,348187
5024,0.061903,172.31.47.0-255,66,330775,82,348187
5025,0.063964,172.217.194.0-255,5738,336513,82,348187
5026,0.06397,172.31.47.0-255,66,336579,82,348187
5027,0.066057,172.217.194.0-255,5738,342317,82,348187
5028,0.066076,172.31.47.0-255,66,342383,82,348187
5029,0.06814,172.217.194.0-255,5738,348121,82,348187
5030,0.068146,172.31.47.0-255,66,348187,82,348187
5031,0.0,172.217.194.0-255,153,153,82,406799
5032,2.7e-05,172.31.47.0-255,66,219,82,406799
5033,3.4e-05,172.217.194.0-255,1484,1703,82,406799
5034,3.8e-05,172.31.47.0-255,66,1769,82,406799
5035,4.2e-05,172.217.194.0-255,2902,4671,82,406799
5036,4.5e-05,172.31.47.0-255,66,4737,82,406799
5037,4.8e-05,172.217.194.0-255,1484,6221,82,406799
5038,5.1e-05,172.31.47.0-255,66,6287,82,406799
5039,7.9e-05,172.217.194.0-255,5738,12025,82,406799
5040,8.2e-05,172.31.47.0-255,66,12091,82,406799
5041,8.5e-05,172.217.194.0-255,2251,14342,82,406799
5042,8.9e-05,172.31.47.0-255,66,14408,82,406799
5043,0.00013,172.217.194.0-255,5738,20146,82,406799
5044,0.000133,172.31.47.0-255,66,20212,82,406799
5045,0.000154,172.217.194.0-255,5738,25950,82,406799
5046,0.000157,172.31.47.0-255,66,26016,82,406799
5047,0.000193,172.217.194.0-255,5379,31395,82,406799
5048,0.000197,172.31.47.0-255,66,31461,82,406799
5049,0.000226,172.217.194.0-255,1484,32945,82,406799
5050,0.000228,172.31.47.0-255,66,33011,82,406799
5051,0.000255,172.217.194.0-255,2902,35913,82,406799
5052,0.000258,172.31.47.0-255,66,35979,82,406799
5053,0.000285,172.217.194.0-255,5738,41717,82,406799
5054,0.000288,172.31.47.0-255,66,41783,82,406799
5055,0.000292,172.217.194.0-255,2902,44685,82,406799
5056,0.000294,172.31.47.0-255,66,44751,82,406799
5057,0.00032,172.217.194.0-255,1484,46235,82,406799
5058,0.000323,172.31.47.0-255,66,46301,82,406799
5059,0.000344,172.217.194.0-255,2543,48844,82,406799
5060,0.000348,172.31.47.0-255,66,48910,82,406799
5061,0.000354,172.217.194.0-255,4320,53230,82,406799
5062,0.000356,172.31.47.0-255,66,53296,82,406799
5063,0.000384,172.217.194.0-255,9992,63288,82,406799
5064,0.000387,172.31.47.0-255,66,63354,82,406799
5065,0.000418,172.217.194.0-255,2543,65897,82,406799
5066,0.000421,172.31.47.0-255,66,65963,82,406799
5067,0.000461,172.217.194.0-255,647,66610,82,406799
5068,0.000597,172.217.194.0-255,1484,68094,82,406799
5069,0.000601,172.31.47.0-255,66,68160,82,406799
5070,0.000605,172.217.194.0-255,1484,69644,82,406799
5071,0.000623,172.217.194.0-255,1484,71128,82,406799
5072,0.000626,172.31.47.0-255,66,71194,82,406799
5073,0.000632,172.217.194.0-255,5738,76932,82,406799
5074,0.000635,172.31.47.0-255,66,76998,82,406799
5075,0.000641,172.217.194.0-255,5738,82736,82,406799
5076,0.000644,172.31.47.0-255,66,82802,82,406799
5077,0.000685,172.217.194.0-255,4320,87122,82,406799
5078,0.000689,172.31.47.0-255,66,87188,82,406799
5079,0.000708,172.217.194.0-255,2543,89731,82,406799
5080,0.000711,172.31.47.0-255,66,89797,82,406799
5081,0.000718,172.217.194.0-255,7156,96953,82,406799
5082,0.000721,172.31.47.0-255,66,97019,82,406799
5083,0.000725,172.217.194.0-255,3961,100980,82,406799
5084,0.000727,172.31.47.0-255,66,101046,82,406799
5085,0.000816,172.217.194.0-255,1484,102530,82,406799
5086,0.000832,172.217.194.0-255,2902,105432,82,406799
5087,0.000836,172.31.47.0-255,66,105498,82,406799
5088,0.000842,172.217.194.0-255,4320,109818,82,406799
5089,0.000845,172.31.47.0-255,66,109884,82,406799
5090,0.00086,172.217.194.0-255,5738,115622,82,406799
5091,0.000862,172.31.47.0-255,66,115688,82,406799
5092,0.000893,172.217.194.0-255,1993,117681,82,406799
5093,0.000896,172.31.47.0-255,66,117747,82,406799
5094,0.000997,172.217.194.0-255,1484,119231,82,406799
5095,0.001002,172.217.194.0-255,2902,122133,82,406799
5096,0.001005,172.31.47.0-255,66,122199,82,406799
5097,0.001028,172.217.194.0-255,5738,127937,82,406799
5098,0.001033,172.31.47.0-255,66,128003,82,406799
5099,0.001043,172.217.194.0-255,4320,132323,82,406799
5100,0.001046,172.31.47.0-255,66,132389,82,406799
5101,0.001064,172.217.194.0-255,8574,140963,82,406799
5102,0.001067,172.31.47.0-255,66,141029,82,406799
5103,0.001099,172.217.194.0-255,2902,143931,82,406799
5104,0.001102,172.31.47.0-255,66,143997,82,406799
5105,0.001126,172.217.194.0-255,7856,151853,82,406799
5106,0.001129,172.31.47.0-255,66,151919,82,406799
5107,0.001337,172.217.194.0-255,1484,153403,82,406799
5108,0.001351,172.217.194.0-255,1484,154887,82,406799
5109,0.001355,172.31.47.0-255,66,154953,82,406799
5110,0.001375,172.217.194.0-255,1484,156437,82,406799
5111,0.001382,172.217.194.0-255,5738,162175,82,406799
5112,0.001385,172.31.47.0-255,66,162241,82,406799
5113,0.001421,172.217.194.0-255,4320,166561,82,406799
5114,0.001424,172.31.47.0-255,66,166627,82,406799
5115,0.001445,172.217.194.0-255,8574,175201,82,406799
5116,0.001448,172.31.47.0-255,66,175267,82,406799
5117,0.001457,172.217.194.0-255,10692,185959,82,406799
5118,0.00146,172.31.47.0-255,66,186025,82,406799
5119,0.001486,172.217.194.0-255,1484,187509,82,406799
5120,0.00149,172.217.194.0-255,1484,188993,82,406799
5121,0.001492,172.31.47.0-255,66,189059,82,406799
5122,0.001513,172.217.194.0-255,1484,190543,82,406799
5123,0.001519,172.217.194.0-255,5738,196281,82,406799
5124,0.001522,172.31.47.0-255,66,196347,82,406799
5125,0.001525,172.217.194.0-255,1484,197831,82,406799
5126,0.001549,172.31.47.0-255,66,197897,82,406799
5127,0.001557,172.217.194.0-255,5738,203635,82,406799
5128,0.001559,172.31.47.0-255,66,203701,82,406799
5129,0.001574,172.217.194.0-255,2902,206603,82,406799
5130,0.001576,172.31.47.0-255,66,206669,82,406799
5131,0.001608,172.217.194.0-255,2184,208853,82,406799
5132,0.001611,172.31.47.0-255,66,208919,82,406799
5133,0.00196,172.217.194.0-255,1484,210403,82,406799
5134,0.001965,172.217.194.0-255,1484,211887,82,406799
5135,0.001968,172.31.47.0-255,66,211953,82,406799
5136,0.001984,172.217.194.0-255,1484,213437,82,406799
5137,0.002002,172.217.194.0-255,5738,219175,82,406799
5138,0.002005,172.31.47.0-255,66,219241,82,406799
5139,0.00201,172.217.194.0-255,4320,223561,82,406799
5140,0.002012,172.31.47.0-255,66,223627,82,406799
5141,0.002028,172.217.194.0-255,1484,225111,82,406799
5142,0.002054,172.217.194.0-255,9992,235103,82,406799
5143,0.002057,172.31.47.0-255,66,235169,82,406799
5144,0.002062,172.217.194.0-255,4320,239489,82,406799
5145,0.002063,172.31.47.0-255,66,239555,82,406799
5146,0.002082,172.217.194.0-255,3602,243157,82,406799
5147,0.002084,172.31.47.0-255,66,243223,82,406799
5148,0.004308,172.217.194.0-255,1484,244707,82,406799
5149,0.004321,172.217.194.0-255,4320,249027,82,406799
5150,0.004324,172.31.47.0-255,66,249093,82,406799
5151,0.006627,172.217.194.0-255,5738,254831,82,406799
5152,0.006639,172.31.47.0-255,66,254897,82,406799
5153,0.008932,172.217.194.0-255,5738,260635,82,406799
5154,0.00894,172.31.47.0-255,66,260701,82,406799
5155,0.011238,172.217.194.0-255,5738,266439,82,406799
5156,0.011244,172.31.47.0-255,66,266505,82,406799
5157,0.013548,172.217.194.0-255,5738,272243,82,406799
5158,0.013558,172.31.47.0-255,66,272309,82,406799
5159,0.015835,172.217.194.0-255,5738,278047,82,406799
5160,0.015851,172.31.47.0-255,66,278113,82,406799
5161,0.018128,172.217.194.0-255,5738,283851,82,406799
5162,0.018137,172.31.47.0-255,66,283917,82,406799
5163,0.020436,172.217.194.0-255,5738,289655,82,406799
5164,0.020443,172.31.47.0-255,66,289721,82,406799
5165,0.022692,172.217.194.0-255,5738,295459,82,406799
5166,0.022699,172.31.47.0-255,66,295525,82,406799
5167,0.02494,172.217.194.0-255,5738,301263,82,406799
5168,0.024948,172.31.47.0-255,66,301329,82,406799
5169,0.027225,172.217.194.0-255,5738,307067,82,406799
5170,0.027232,172.31.47.0-255,66,307133,82,406799
5171,0.028781,172.31.47.0-255,172,307305,82,406799
5172,0.02881,172.31.47.0-255,1107,308412,82,406799
5173,0.028838,172.31.47.0-255,1514,309926,82,406799
5174,0.02884,172.31.47.0-255,1293,311219,82,406799
5175,0.029493,172.217.194.0-255,2902,314121,82,406799
5176,0.029498,172.31.47.0-255,66,314187,82,406799
5177,0.029526,172.217.194.0-255,2902,317089,82,406799
5178,0.029529,172.31.47.0-255,66,317155,82,406799
5179,0.030344,104.244.42.0-255,66,317221,82,406799
5180,0.03035,104.244.42.0-255,66,317287,82,406799
5181,0.030376,104.244.42.0-255,66,317353,82,406799
5182,0.031721,172.217.194.0-255,2902,320255,82,406799
5183,0.031726,172.31.47.0-255,66,320321,82,406799
5184,0.031781,172.217.194.0-255,2902,323223,82,406799
5185,0.031785,172.31.47.0-255,66,323289,82,406799
5186,0.033968,172.217.194.0-255,2902,326191,82,406799
5187,0.033974,172.31.47.0-255,66,326257,82,406799
5188,0.034044,172.217.194.0-255,2902,329159,82,406799
5189,0.034049,172.31.47.0-255,66,329225,82,406799
5190,0.036248,172.217.194.0-255,2902,332127,82,406799
5191,0.036254,172.31.47.0-255,66,332193,82,406799
5192,0.036305,172.217.194.0-255,2902,335095,82,406799
5193,0.036309,172.31.47.0-255,66,335161,82,406799
5194,0.038541,172.217.194.0-255,2902,338063,82,406799
5195,0.038547,172.31.47.0-255,66,338129,82,406799
5196,0.038617,172.217.194.0-255,2902,341031,82,406799
5197,0.038622,172.31.47.0-255,66,341097,82,406799
5198,0.04083,172.217.194.0-255,2902,343999,82,406799
5199,0.040835,172.31.47.0-255,66,344065,82,406799
5200,0.040879,172.217.194.0-255,2902,346967,82,406799
5201,0.040882,172.31.47.0-255,66,347033,82,406799
5202,0.043085,172.217.194.0-255,2902,349935,82,406799
5203,0.043106,172.31.47.0-255,66,350001,82,406799
5204,0.043147,172.217.194.0-255,2902,352903,82,406799
5205,0.043152,172.31.47.0-255,66,352969,82,406799
5206,0.045395,172.217.194.0-255,5738,358707,82,406799
5207,0.045405,172.31.47.0-255,66,358773,82,406799
5208,0.047713,172.217.194.0-255,5738,364511,82,406799
5209,0.047722,172.31.47.0-255,66,364577,82,406799
5210,0.049977,172.217.194.0-255,5738,370315,82,406799
5211,0.049984,172.31.47.0-255,66,370381,82,406799
5212,0.05223,172.217.194.0-255,5738,376119,82,406799
5213,0.052238,172.31.47.0-255,66,376185,82,406799
5214,0.054512,172.217.194.0-255,5738,381923,82,406799
5215,0.05452,172.31.47.0-255,66,381989,82,406799
5216,0.056779,172.217.194.0-255,5738,387727,82,406799
5217,0.056785,172.31.47.0-255,66,387793,82,406799
5218,0.059077,172.217.194.0-255,2902,390695,82,406799
5219,0.059082,172.31.47.0-255,66,390761,82,406799
5220,0.059115,172.217.194.0-255,2902,393663,82,406799
5221,0.059118,172.31.47.0-255,66,393729,82,406799
5222,0.061345,172.217.194.0-255,2902,396631,82,406799
5223,0.061351,172.31.47.0-255,66,396697,82,406799
5224,0.06138,172.217.194.0-255,2902,399599,82,406799
5225,0.061384,172.31.47.0-255,66,399665,82,406799
5226,0.063647,172.217.194.0-255,5738,405403,82,406799
5227,0.063653,172.31.47.0-255,66,405469,82,406799
5228,0.065994,172.217.194.0-255,1093,406562,82,406799
5229,0.066206,172.31.47.0-255,66,406628,82,406799
5230,0.066233,172.31.47.0-255,105,406733,82,406799
5231,0.06847,172.217.194.0-255,66,406799,82,406799
5232,0.0,74.125.24.0-255,153,153,82,372275
5233,3.3e-05,172.31.47.0-255,66,219,82,372275
5234,4e-05,74.125.24.0-255,1484,1703,82,372275
5235,4.4e-05,172.31.47.0-255,66,1769,82,372275
5236,4.9e-05,74.125.24.0-255,2902,4671,82,372275
5237,5.1e-05,172.31.47.0-255,66,4737,82,372275
5238,5.8e-05,74.125.24.0-255,7156,11893,82,372275
5239,6.1e-05,172.31.47.0-255,66,11959,82,372275
5240,9.5e-05,74.125.24.0-255,2902,14861,82,372275
5241,9.9e-05,172.31.47.0-255,66,14927,82,372275
5242,0.000118,74.125.24.0-255,9992,24919,82,372275
5243,0.000121,172.31.47.0-255,66,24985,82,372275
5244,0.000143,74.125.24.0-255,2172,27157,82,372275
5245,0.000145,172.31.47.0-255,66,27223,82,372275
5246,0.000151,74.125.24.0-255,3961,31184,82,372275
5247,0.000153,172.31.47.0-255,66,31250,82,372275
5248,0.000175,74.125.24.0-255,1484,32734,82,372275
5249,0.000177,172.31.47.0-255,66,32800,82,372275
5250,0.000183,74.125.24.0-255,2902,35702,82,372275
5251,0.000186,172.31.47.0-255,66,35768,82,372275
5252,0.000204,74.125.24.0-255,1484,37252,82,372275
5253,0.000207,172.31.47.0-255,66,37318,82,372275
5254,0.000228,74.125.24.0-255,4320,41638,82,372275
5255,0.000231,172.31.47.0-255,66,41704,82,372275
5256,0.000238,74.125.24.0-255,6797,48501,82,372275
5257,0.00024,172.31.47.0-255,66,48567,82,372275
5258,0.000405,74.125.24.0-255,1484,50051,82,372275
5259,0.000409,172.31.47.0-255,66,50117,82,372275
5260,0.000414,74.125.24.0-255,2902,53019,82,372275
5261,0.000416,172.31.47.0-255,66,53085,82,372275
5262,0.000432,74.125.24.0-255,5738,58823,82,372275
5263,0.000435,172.31.47.0-255,66,58889,82,372275
5264,0.000438,74.125.24.0-255,1484,60373,82,372275
5265,0.000463,74.125.24.0-255,5379,65752,82,372275
5266,0.000466,172.31.47.0-255,66,65818,82,372275
5267,0.000513,74.125.24.0-255,645,66463,82,372275
5268,0.000794,172.31.47.0-255,66,66529,82,372275
5269,0.001093,74.125.24.0-255,1484,68013,82,372275
5270,0.001102,74.125.24.0-255,2902,70915,82,372275
5271,0.001105,172.31.47.0-255,66,70981,82,372275
5272,0.001109,74.125.24.0-255,1484,72465,82,372275
5273,0.001128,74.125.24.0-255,4320,76785,82,372275
5274,0.00113,172.31.47.0-255,66,76851,82,372275
5275,0.001134,74.125.24.0-255,2902,79753,82,372275
5276,0.001136,172.31.47.0-255,66,79819,82,372275
5277,0.001153,74.125.24.0-255,9992,89811,82,372275
5278,0.001155,172.31.47.0-255,66,89877,82,372275
5279,0.001161,74.125.24.0-255,7156,97033,82,372275
5280,0.001163,172.31.47.0-255,66,97099,82,372275
5281,0.001177,74.125.24.0-255,3602,100701,82,372275
5282,0.001179,172.31.47.0-255,66,100767,82,372275
5283,0.001429,74.125.24.0-255,1484,102251,82,372275
5284,0.001435,74.125.24.0-255,2902,105153,82,372275
5285,0.001438,172.31.47.0-255,66,105219,82,372275
5286,0.001444,74.125.24.0-255,5738,110957,82,372275
5287,0.001446,172.31.47.0-255,66,111023,82,372275
5288,0.001451,74.125.24.0-255,5738,116761,82,372275
5289,0.001452,172.31.47.0-255,66,116827,82,372275
5290,0.001482,74.125.24.0-255,7156,123983,82,372275
5291,0.001484,172.31.47.0-255,66,124049,82,372275
5292,0.001492,74.125.24.0-255,9992,134041,82,372275
5293,0.001494,172.31.47.0-255,66,134107,82,372275
5294,0.001496,74.125.24.0-255,766,134873,82,372275
5295,0.001698,172.31.47.0-255,66,134939,82,372275
5296,0.001767,74.125.24.0-255,1484,136423,82,372275
5297,0.001774,74.125.24.0-255,2902,139325,82,372275
5298,0.001776,172.31.47.0-255,66,139391,82,372275
5299,0.00178,74.125.24.0-255,2902,142293,82,372275
5300,0.001781,172.31.47.0-255,66,142359,82,372275
5301,0.001795,74.125.24.0-255,2902,145261,82,372275
5302,0.001797,172.31.47.0-255,66,145327,82,372275
5303,0.001816,74.125.24.0-255,5738,151065,82,372275
5304,0.001817,172.31.47.0-255,66,151131,82,372275
5305,0.001838,74.125.24.0-255,7156,158287,82,372275
5306,0.00184,172.31.47.0-255,66,158353,82,372275
5307,0.001846,74.125.24.0-255,7156,165509,82,372275
5308,0.001847,172.31.47.0-255,66,165575,82,372275
5309,0.001864,74.125.24.0-255,2902,168477,82,372275
5310,0.001866,172.31.47.0-255,66,168543,82,372275
5311,0.001877,74.125.24.0-255,766,169309,82,372275
5312,0.002033,74.125.24.0-255,1484,170793,82,372275
5313,0.002037,172.31.47.0-255,66,170859,82,372275
5314,0.002041,74.125.24.0-255,2902,173761,82,372275
5315,0.002042,172.31.47.0-255,66,173827,82,372275
5316,0.002044,74.125.24.0-255,1484,175311,82,372275
5317,0.002058,74.125.24.0-255,4320,179631,82,372275
5318,0.00206,172.31.47.0-255,66,179697,82,372275
5319,0.002079,74.125.24.0-255,2902,182599,82,372275
5320,0.002081,172.31.47.0-255,66,182665,82,372275
5321,0.002083,74.125.24.0-255,1484,184149,82,372275
5322,0.002102,74.125.24.0-255,2902,187051,82,372275
5323,0.002104,172.31.47.0-255,66,187117,82,372275
5324,0.002107,74.125.24.0-255,1484,188601,82,372275
5325,0.004151,74.125.24.0-255,1484,190085,82,372275
5326,0.004155,172.31.47.0-255,66,190151,82,372275
5327,0.004178,74.125.24.0-255,2902,193053,82,372275
5328,0.004181,172.31.47.0-255,66,193119,82,372275
5329,0.006215,74.125.24.0-255,2902,196021,82,372275
5330,0.006221,172.31.47.0-255,66,196087,82,372275
5331,0.006255,74.125.24.0-255,2902,198989,82,372275
5332,0.006258,172.31.47.0-255,66,199055,82,372275
5333,0.008285,74.125.24.0-255,2902,201957,82,372275
5334,0.008291,172.31.47.0-255,66,202023,82,372275
5335,0.008314,74.125.24.0-255,2902,204925,82,372275
5336,0.008318,172.31.47.0-255,66,204991,82,372275
5337,0.010351,74.125.24.0-255,2902,207893,82,372275
5338,0.010357,172.31.47.0-255,66,207959,82,372275
5339,0.010378,74.125.24.0-255,2902,210861,82,372275
5340,0.010381,172.31.47.0-255,66,210927,82,372275
5341,0.012447,74.125.24.0-255,5738,216665,82,372275
5342,0.012454,172.31.47.0-255,66,216731,82,372275
5343,0.014559,74.125.24.0-255,5738,222469,82,372275
5344,0.014565,172.31.47.0-255,66,222535,82,372275
5345,0.016609,74.125.24.0-255,2902,225437,82,372275
5346,0.016615,172.31.47.0-255,66,225503,82,372275
5347,0.016636,74.125.24.0-255,2902,228405,82,372275
5348,0.016639,172.31.47.0-255,66,228471,82,372275
5349,0.018673,74.125.24.0-255,2902,231373,82,372275
5350,0.018679,172.31.47.0-255,66,231439,82,372275
5351,0.018701,74.125.24.0-255,2902,234341,82,372275
5352,0.018704,172.31.47.0-255,66,234407,82,372275
5353,0.020725,74.125.24.0-255,2902,237309,82,372275
5354,0.020731,172.31.47.0-255,66,237375,82,372275
5355,0.020751,74.125.24.0-255,2902,240277,82,372275
5356,0.020754,172.31.47.0-255,66,240343,82,372275
5357,0.021997,172.31.47.0-255,172,240515,82,372275
5358,0.022033,172.31.47.0-255,1111,241626,82,372275
5359,0.022111,172.31.47.0-255,1514,243140,82,372275
5360,0.022112,172.31.47.0-255,325,243465,82,372275
5361,0.022804,74.125.24.0-255,5738,249203,82,372275
5362,0.02281,172.31.47.0-255,66,249269,82,372275
5363,0.023574,104.244.42.0-255,66,249335,82,372275
5364,0.023581,104.244.42.0-255,66,249401,82,372275
5365,0.023669,104.244.42.0-255,66,249467,82,372275
5366,0.024883,74.125.24.0-255,5738,255205,82,372275
5367,0.024896,172.31.47.0-255,66,255271,82,372275
5368,0.026935,74.125.24.0-255,4320,259591,82,372275
5369,0.02694,172.31.47.0-255,66,259657,82,372275
5370,0.026966,74.125.24.0-255,1484,261141,82,372275
5371,0.028975,74.125.24.0-255,4320,265461,82,372275
5372,0.028981,172.31.47.0-255,66,265527,82,372275
5373,0.031037,74.125.24.0-255,2902,268429,82,372275
5374,0.031043,172.31.47.0-255,66,268495,82,372275
5375,0.031071,74.125.24.0-255,2902,271397,82,372275
5376,0.031074,172.31.47.0-255,66,271463,82,372275
5377,0.033103,74.125.24.0-255,5738,277201,82,372275
5378,0.033109,172.31.47.0-255,66,277267,82,372275
5379,0.035191,74.125.24.0-255,5738,283005,82,372275
5380,0.035197,172.31.47.0-255,66,283071,82,372275
5381,0.037266,74.125.24.0-255,4320,287391,82,372275
5382,0.037273,172.31.47.0-255,66,287457,82,372275
5383,0.037291,74.125.24.0-255,1484,288941,82,372275
5384,0.03933,74.125.24.0-255,4320,293261,82,372275
5385,0.039338,172.31.47.0-255,66,293327,82,372275
5386,0.041397,74.125.24.0-255,5738,299065,82,372275
5387,0.041406,172.31.47.0-255,66,299131,82,372275
5388,0.043463,74.125.24.0-255,5738,304869,82,372275
5389,0.043468,172.31.47.0-255,66,304935,82,372275
5390,0.045554,74.125.24.0-255,4320,309255,82,372275
5391,0.045558,172.31.47.0-255,66,309321,82,372275
5392,0.045584,74.125.24.0-255,1484,310805,82,372275
5393,0.047601,74.125.24.0-255,4320,315125,82,372275
5394,0.047606,172.31.47.0-255,66,315191,82,372275
5395,0.049658,74.125.24.0-255,5738,320929,82,372275
5396,0.049662,172.31.47.0-255,66,320995,82,372275
5397,0.051709,74.125.24.0-255,5738,326733,82,372275
5398,0.051715,172.31.47.0-255,66,326799,82,372275
5399,0.053779,74.125.24.0-255,5738,332537,82,372275
5400,0.053785,172.31.47.0-255,66,332603,82,372275
5401,0.055831,74.125.24.0-255,5738,338341,82,372275
5402,0.055838,172.31.47.0-255,66,338407,82,372275
5403,0.057913,74.125.24.0-255,5738,344145,82,372275
5404,0.057918,172.31.47.0-255,66,344211,82,372275
5405,0.059965,74.125.24.0-255,5738,349949,82,372275
5406,0.05997,172.31.47.0-255,66,350015,82,372275
5407,0.062015,74.125.24.0-255,4320,354335,82,372275
5408,0.062021,172.31.47.0-255,66,354401,82,372275
5409,0.06205,74.125.24.0-255,1484,355885,82,372275
5410,0.064106,74.125.24.0-255,1484,357369,82,372275
5411,0.06411,172.31.47.0-255,66,357435,82,372275
5412,0.064141,74.125.24.0-255,2902,360337,82,372275
5413,0.064143,172.31.47.0-255,66,360403,82,372275
5414,0.066164,74.125.24.0-255,2902,363305,82,372275
5415,0.066169,172.31.47.0-255,66,363371,82,372275
5416,0.066213,74.125.24.0-255,2902,366273,82,372275
5417,0.066216,172.31.47.0-255,66,366339,82,372275
5418,0.068224,74.125.24.0-255,2902,369241,82,372275
5419,0.068231,172.31.47.0-255,66,369307,82,372275
5420,0.068251,74.125.24.0-255,2902,372209,82,372275
5421,0.068254,172.31.47.0-255,66,372275,82,372275
5422,0.0,172.217.194.0-255,153,153,82,212293
5423,2.4e-05,172.31.47.0-255,66,219,82,212293
5424,3e-05,172.217.194.0-255,1484,1703,82,212293
5425,3.4e-05,172.31.47.0-255,66,1769,82,212293
5426,3.8e-05,172.217.194.0-255,2902,4671,82,212293
5427,4e-05,172.31.47.0-255,66,4737,82,212293
5428,6e-05,172.217.194.0-255,7156,11893,82,212293
5429,6.2e-05,172.31.47.0-255,66,11959,82,212293
5430,9.1e-05,172.217.194.0-255,2147,14106,82,212293
5431,9.3e-05,172.31.47.0-255,66,14172,82,212293
5432,0.000108,172.217.194.0-255,1484,15656,82,212293
5433,0.00011,172.31.47.0-255,66,15722,82,212293
5434,0.000122,172.217.194.0-255,1484,17206,82,212293
5435,0.000124,172.31.47.0-255,66,17272,82,212293
5436,0.000139,172.217.194.0-255,4320,21592,82,212293
5437,0.000141,172.31.47.0-255,66,21658,82,212293
5438,0.000146,172.217.194.0-255,4320,25978,82,212293
5439,0.000148,172.31.47.0-255,66,26044,82,212293
5440,0.000167,172.217.194.0-255,1484,27528,82,212293
5441,0.000169,172.31.47.0-255,66,27594,82,212293
5442,0.000196,172.217.194.0-255,3961,31555,82,212293
5443,0.000199,172.31.47.0-255,66,31621,82,212293
5444,0.000565,172.217.194.0-255,1484,33105,82,212293
5445,0.000571,172.31.47.0-255,66,33171,82,212293
5446,0.00058,172.217.194.0-255,2902,36073,82,212293
5447,0.000583,172.31.47.0-255,66,36139,82,212293
5448,0.000587,172.217.194.0-255,2902,39041,82,212293
5449,0.000589,172.31.47.0-255,66,39107,82,212293
5450,0.000613,172.217.194.0-255,2902,42009,82,212293
5451,0.000616,172.31.47.0-255,66,42075,82,212293
5452,0.000623,172.217.194.0-255,7156,49231,82,212293
5453,0.000625,172.31.47.0-255,66,49297,82,212293
5454,0.000646,172.217.194.0-255,6797,56094,82,212293
5455,0.000649,172.31.47.0-255,66,56160,82,212293
5456,0.000653,172.217.194.0-255,2902,59062,82,212293
5457,0.000654,172.31.47.0-255,66,59128,82,212293
5458,0.000658,172.217.194.0-255,2902,62030,82,212293
5459,0.00066,172.31.47.0-255,66,62096,82,212293
5460,0.000689,172.217.194.0-255,3961,66057,82,212293
5461,0.000692,172.31.47.0-255,66,66123,82,212293
5462,0.001282,172.217.194.0-255,645,66768,82,212293
5463,0.001311,172.31.47.0-255,66,66834,82,212293
5464,0.003641,172.217.194.0-255,1484,68318,82,212293
5465,0.003649,172.217.194.0-255,2902,71220,82,212293
5466,0.003653,172.31.47.0-255,66,71286,82,212293
5467,0.003966,172.217.194.0-255,1484,72770,82,212293
5468,0.006297,172.217.194.0-255,4320,77090,82,212293
5469,0.006304,172.31.47.0-255,66,77156,82,212293
5470,0.008934,172.217.194.0-255,5738,82894,82,212293
5471,0.008941,172.31.47.0-255,66,82960,82,212293
5472,0.011615,172.217.194.0-255,5738,88698,82,212293
5473,0.011624,172.31.47.0-255,66,88764,82,212293
5474,0.014303,172.217.194.0-255,5738,94502,82,212293
5475,0.014312,172.31.47.0-255,66,94568,82,212293
5476,0.016982,172.217.194.0-255,5738,100306,82,212293
5477,0.016993,172.31.47.0-255,66,100372,82,212293
5478,0.018687,172.31.47.0-255,172,100544,82,212293
5479,0.018723,172.31.47.0-255,1106,101650,82,212293
5480,0.018781,172.31.47.0-255,1514,103164,82,212293
5481,0.018783,172.31.47.0-255,1293,104457,82,212293
5482,0.019648,172.217.194.0-255,5738,110195,82,212293
5483,0.019655,172.31.47.0-255,66,110261,82,212293
5484,0.020254,104.244.42.0-255,66,110327,82,212293
5485,0.02026,104.244.42.0-255,66,110393,82,212293
5486,0.020342,104.244.42.0-255,66,110459,82,212293
5487,0.022301,172.217.194.0-255,5738,116197,82,212293
5488,0.022308,172.31.47.0-255,66,116263,82,212293
5489,0.02494,172.217.194.0-255,5738,122001,82,212293
5490,0.024945,172.31.47.0-255,66,122067,82,212293
5491,0.027599,172.217.194.0-255,5738,127805,82,212293
5492,0.027604,172.31.47.0-255,66,127871,82,212293
5493,0.030235,172.217.194.0-255,5738,133609,82,212293
5494,0.030241,172.31.47.0-255,66,133675,82,212293
5495,0.032899,172.217.194.0-255,5738,139413,82,212293
5496,0.032905,172.31.47.0-255,66,139479,82,212293
5497,0.035558,172.217.194.0-255,5738,145217,82,212293
5498,0.035563,172.31.47.0-255,66,145283,82,212293
5499,0.038234,172.217.194.0-255,5738,151021,82,212293
5500,0.038239,172.31.47.0-255,66,151087,82,212293
5501,0.04089,172.217.194.0-255,5738,156825,82,212293
5502,0.040896,172.31.47.0-255,66,156891,82,212293
5503,0.043571,172.217.194.0-255,4320,161211,82,212293
5504,0.043593,172.31.47.0-255,66,161277,82,212293
5505,0.043612,172.217.194.0-255,1484,162761,82,212293
5506,0.046235,172.217.194.0-255,4320,167081,82,212293
5507,0.046241,172.31.47.0-255,66,167147,82,212293
5508,0.048907,172.217.194.0-255,5738,172885,82,212293
5509,0.048912,172.31.47.0-255,66,172951,82,212293
5510,0.051569,172.217.194.0-255,5738,178689,82,212293
5511,0.051574,172.31.47.0-255,66,178755,82,212293
5512,0.054218,172.217.194.0-255,5738,184493,82,212293
5513,0.054224,172.31.47.0-255,66,184559,82,212293
5514,0.056888,172.217.194.0-255,4320,188879,82,212293
5515,0.056894,172.31.47.0-255,66,188945,82,212293
5516,0.056921,172.217.194.0-255,1484,190429,82,212293
5517,0.059544,172.217.194.0-255,4320,194749,82,212293
5518,0.05955,172.31.47.0-255,66,194815,82,212293
5519,0.062193,172.217.194.0-255,5738,200553,82,212293
5520,0.062198,172.31.47.0-255,66,200619,82,212293
5521,0.064841,172.217.194.0-255,5738,206357,82,212293
5522,0.064846,172.31.47.0-255,66,206423,82,212293
5523,0.067503,172.217.194.0-255,1484,207907,82,212293
5524,0.067532,172.217.194.0-255,4320,212227,82,212293
5525,0.067536,172.31.47.0-255,66,212293,82,212293
5526,0.0,172.217.27.0-255,298,298,82,343647
5527,2.1e-05,172.31.47.0-255,66,364,82,343647
5528,2.7e-05,172.217.27.0-255,1484,1848,82,343647
5529,3.1e-05,172.31.47.0-255,66,1914,82,343647
5530,4.5e-05,172.217.27.0-255,4320,6234,82,343647
5531,4.8e-05,172.31.47.0-255,66,6300,82,343647
5532,5.4e-05,172.217.27.0-255,7156,13456,82,343647
5533,5.7e-05,172.31.47.0-255,66,13522,82,343647
5534,7.4e-05,172.217.27.0-255,1484,15006,82,343647
5535,7.6e-05,172.31.47.0-255,66,15072,82,343647
5536,0.000123,172.31.47.0-255,66,15138,82,343647
5537,0.000125,172.217.27.0-255,1125,16263,82,343647
5538,0.000127,172.31.47.0-255,66,16329,82,343647
5539,0.000171,172.217.27.0-255,1484,17813,82,343647
5540,0.000173,172.31.47.0-255,66,17879,82,343647
5541,0.000177,172.217.27.0-255,2902,20781,82,343647
5542,0.000179,172.31.47.0-255,66,20847,82,343647
5543,0.000198,172.217.27.0-255,4320,25167,82,343647
5544,0.000204,172.31.47.0-255,66,25233,82,343647
5545,0.000208,172.217.27.0-255,2902,28135,82,343647
5546,0.00021,172.31.47.0-255,66,28201,82,343647
5547,0.000235,172.217.27.0-255,5738,33939,82,343647
5548,0.000238,172.31.47.0-255,66,34005,82,343647
5549,0.000245,172.217.27.0-255,7156,41161,82,343647
5550,0.000247,172.31.47.0-255,66,41227,82,343647
5551,0.000285,172.217.27.0-255,9274,50501,82,343647
5552,0.000287,172.31.47.0-255,66,50567,82,343647
5553,0.00029,172.217.27.0-255,356,50923,82,343647
5554,0.000291,172.31.47.0-255,66,50989,82,343647
5555,0.000677,172.217.27.0-255,135,51124,82,343647
5556,0.000682,172.31.47.0-255,66,51190,82,343647
5557,0.000841,172.217.27.0-255,1484,52674,82,343647
5558,0.000847,172.217.27.0-255,2902,55576,82,343647
5559,0.00085,172.31.47.0-255,66,55642,82,343647
5560,0.000883,172.217.27.0-255,5738,61380,82,343647
5561,0.000886,172.31.47.0-255,66,61446,82,343647
5562,0.000893,172.217.27.0-255,7156,68602,82,343647
5563,0.000895,172.31.47.0-255,66,68668,82,343647
5564,0.000916,172.217.27.0-255,5738,74406,82,343647
5565,0.000918,172.31.47.0-255,66,74472,82,343647
5566,0.000932,172.217.27.0-255,10692,85164,82,343647
5567,0.000934,172.31.47.0-255,66,85230,82,343647
5568,0.001369,172.217.27.0-255,1484,86714,82,343647
5569,0.001377,172.217.27.0-255,2902,89616,82,343647
5570,0.001381,172.31.47.0-255,66,89682,82,343647
5571,0.001386,172.217.27.0-255,2902,92584,82,343647
5572,0.001388,172.31.47.0-255,66,92650,82,343647
5573,0.001423,172.217.27.0-255,2902,95552,82,343647
5574,0.001425,172.31.47.0-255,66,95618,82,343647
5575,0.001434,172.217.27.0-255,9992,105610,82,343647
5576,0.001435,172.31.47.0-255,66,105676,82,343647
5577,0.00145,172.31.47.0-255,66,105742,82,343647
5578,0.001454,172.217.27.0-255,2184,107926,82,343647
5579,0.001456,172.31.47.0-255,66,107992,82,343647
5580,0.003109,172.217.27.0-255,5738,113730,82,343647
5581,0.003117,172.31.47.0-255,66,113796,82,343647
5582,0.00479,172.217.27.0-255,5738,119534,82,343647
5583,0.004796,172.31.47.0-255,66,119600,82,343647
5584,0.006458,172.217.27.0-255,5738,125338,82,343647
5585,0.006464,172.31.47.0-255,66,125404,82,343647
5586,0.008124,172.217.27.0-255,5738,131142,82,343647
5587,0.00813,172.31.47.0-255,66,131208,82,343647
5588,0.009812,172.217.27.0-255,5738,136946,82,343647
5589,0.009819,172.31.47.0-255,66,137012,82,343647
5590,0.011498,172.217.27.0-255,5738,142750,82,343647
5591,0.011505,172.31.47.0-255,66,142816,82,343647
5592,0.013168,172.217.27.0-255,5738,148554,82,343647
5593,0.013174,172.31.47.0-255,66,148620,82,343647
5594,0.014836,172.217.27.0-255,5738,154358,82,343647
5595,0.014842,172.31.47.0-255,66,154424,82,343647
5596,0.016517,172.217.27.0-255,5738,160162,82,343647
5597,0.016523,172.31.47.0-255,66,160228,82,343647
5598,0.018216,172.217.27.0-255,5738,165966,82,343647
5599,0.018222,172.31.47.0-255,66,166032,82,343647
5600,0.01989,172.217.27.0-255,5738,171770,82,343647
5601,0.019896,172.31.47.0-255,66,171836,82,343647
5602,0.021575,172.217.27.0-255,5738,177574,82,343647
5603,0.021581,172.31.47.0-255,66,177640,82,343647
5604,0.022263,172.31.47.0-255,172,177812,82,343647
5605,0.022292,172.31.47.0-255,1111,178923,82,343647
5606,0.022341,172.31.47.0-255,1514,180437,82,343647
5607,0.022342,172.31.47.0-255,326,180763,82,343647
5608,0.02326,172.217.27.0-255,5738,186501,82,343647
5609,0.023266,172.31.47.0-255,66,186567,82,343647
5610,0.023796,104.244.42.0-255,66,186633,82,343647
5611,0.023819,104.244.42.0-255,66,186699,82,343647
5612,0.023876,104.244.42.0-255,66,186765,82,343647
5613,0.024538,104.244.42.0-255,108,186873,82,343647
5614,0.024543,172.31.47.0-255,66,186939,82,343647
5615,0.024932,172.217.27.0-255,5738,192677,82,343647
5616,0.024936,172.31.47.0-255,66,192743,82,343647
5617,0.02662,172.217.27.0-255,5738,198481,82,343647
5618,0.026626,172.31.47.0-255,66,198547,82,343647
5619,0.0283,172.217.27.0-255,5738,204285,82,343647
5620,0.028306,172.31.47.0-255,66,204351,82,343647
5621,0.029977,172.217.27.0-255,5738,210089,82,343647
5622,0.029983,172.31.47.0-255,66,210155,82,343647
5623,0.031656,172.217.27.0-255,5738,215893,82,343647
5624,0.031662,172.31.47.0-255,66,215959,82,343647
5625,0.033326,172.217.27.0-255,5738,221697,82,343647
5626,0.033331,172.31.47.0-255,66,221763,82,343647
5627,0.035004,172.217.27.0-255,5738,227501,82,343647
5628,0.03501,172.31.47.0-255,66,227567,82,343647
5629,0.036677,172.217.27.0-255,5738,233305,82,343647
5630,0.036683,172.31.47.0-255,66,233371,82,343647
5631,0.038351,172.217.27.0-255,5738,239109,82,343647
5632,0.038359,172.31.47.0-255,66,239175,82,343647
5633,0.040022,172.217.27.0-255,5738,244913,82,343647
5634,0.040028,172.31.47.0-255,66,244979,82,343647
5635,0.041709,172.217.27.0-255,5738,250717,82,343647
5636,0.041717,172.31.47.0-255,66,250783,82,343647
5637,0.043399,172.217.27.0-255,5738,256521,82,343647
5638,0.043404,172.31.47.0-255,66,256587,82,343647
5639,0.045078,172.217.27.0-255,5738,262325,82,343647
5640,0.045083,172.31.47.0-255,66,262391,82,343647
5641,0.046757,172.217.27.0-255,5738,268129,82,343647
5642,0.046762,172.31.47.0-255,66,268195,82,343647
5643,0.048431,172.217.27.0-255,5738,273933,82,343647
5644,0.048436,172.31.47.0-255,66,273999,82,343647
5645,0.050128,172.217.27.0-255,5738,279737,82,343647
5646,0.050133,172.31.47.0-255,66,279803,82,343647
5647,0.051799,172.217.27.0-255,5738,285541,82,343647
5648,0.051804,172.31.47.0-255,66,285607,82,343647
5649,0.053494,172.217.27.0-255,5738,291345,82,343647
5650,0.053503,172.31.47.0-255,66,291411,82,343647
5651,0.055256,172.217.27.0-255,5738,297149,82,343647
5652,0.05527,172.31.47.0-255,66,297215,82,343647
5653,0.056951,172.217.27.0-255,5738,302953,82,343647
5654,0.056961,172.31.47.0-255,66,303019,82,343647
5655,0.058642,172.217.27.0-255,5738,308757,82,343647
5656,0.058651,172.31.47.0-255,66,308823,82,343647
5657,0.060338,172.217.27.0-255,5738,314561,82,343647
5658,0.060348,172.31.47.0-255,66,314627,82,343647
5659,0.062039,172.217.27.0-255,5738,320365,82,343647
5660,0.062053,172.31.47.0-255,66,320431,82,343647
5661,0.063733,172.217.27.0-255,5738,326169,82,343647
5662,0.063741,172.31.47.0-255,66,326235,82,343647
5663,0.065432,172.217.27.0-255,5738,331973,82,343647
5664,0.065439,172.31.47.0-255,66,332039,82,343647
5665,0.067112,172.217.27.0-255,5738,337777,82,343647
5666,0.067117,172.31.47.0-255,66,337843,82,343647
5667,0.068797,172.217.27.0-255,5738,343581,82,343647
5668,0.068803,172.31.47.0-255,66,343647,82,343647
5669,0.0,74.125.130.0-255,298,298,82,307893
5670,2.6e-05,172.31.47.0-255,66,364,82,307893
5671,3.2e-05,74.125.130.0-255,1484,1848,82,307893
5672,3.8e-05,172.31.47.0-255,66,1914,82,307893
5673,8.2e-05,74.125.130.0-255,2902,4816,82,307893
5674,8.6e-05,172.31.47.0-255,66,4882,82,307893
5675,9.3e-05,74.125.130.0-255,5738,10620,82,307893
5676,9.5e-05,172.31.47.0-255,66,10686,82,307893
5677,0.000121,74.125.130.0-255,6101,16787,82,307893
5678,0.000125,172.31.47.0-255,66,16853,82,307893
5679,0.000128,74.125.130.0-255,1484,18337,82,307893
5680,0.00013,172.31.47.0-255,66,18403,82,307893
5681,0.000134,74.125.130.0-255,2902,21305,82,307893
5682,0.000136,172.31.47.0-255,66,21371,82,307893
5683,0.000182,74.125.130.0-255,5738,27109,82,307893
5684,0.000186,172.31.47.0-255,66,27175,82,307893
5685,0.000192,74.125.130.0-255,3961,31136,82,307893
5686,0.000194,172.31.47.0-255,66,31202,82,307893
5687,0.000375,74.125.130.0-255,1484,32686,82,307893
5688,0.000381,172.31.47.0-255,66,32752,82,307893
5689,0.000386,74.125.130.0-255,1484,34236,82,307893
5690,0.000388,172.31.47.0-255,66,34302,82,307893
5691,0.000413,74.125.130.0-255,2902,37204,82,307893
5692,0.000417,172.31.47.0-255,66,37270,82,307893
5693,0.000423,74.125.130.0-255,5738,43008,82,307893
5694,0.000426,172.31.47.0-255,66,43074,82,307893
5695,0.000436,74.125.130.0-255,2902,45976,82,307893
5696,0.000439,172.31.47.0-255,66,46042,82,307893
5697,0.000442,74.125.130.0-255,1484,47526,82,307893
5698,0.000444,172.31.47.0-255,66,47592,82,307893
5699,0.000467,74.125.130.0-255,2902,50494,82,307893
5700,0.000471,172.31.47.0-255,66,50560,82,307893
5701,0.000479,74.125.130.0-255,4320,54880,82,307893
5702,0.000481,172.31.47.0-255,66,54946,82,307893
5703,0.000508,74.125.130.0-255,4320,59266,82,307893
5704,0.000512,172.31.47.0-255,66,59332,82,307893
5705,0.000546,74.125.130.0-255,6710,66042,82,307893
5706,0.00055,172.31.47.0-255,66,66108,82,307893
5707,0.001441,74.125.130.0-255,114,66222,82,307893
5708,0.001634,74.125.130.0-255,1484,67706,82,307893
5709,0.001641,172.31.47.0-255,66,67772,82,307893
5710,0.001647,74.125.130.0-255,2902,70674,82,307893
5711,0.001649,172.31.47.0-255,66,70740,82,307893
5712,0.001674,74.125.130.0-255,5738,76478,82,307893
5713,0.001682,172.31.47.0-255,66,76544,82,307893
5714,0.001687,74.125.130.0-255,2902,79446,82,307893
5715,0.001689,172.31.47.0-255,66,79512,82,307893
5716,0.001725,74.125.130.0-255,9992,89504,82,307893
5717,0.00173,172.31.47.0-255,66,89570,82,307893
5718,0.001751,74.125.130.0-255,5738,95308,82,307893
5719,0.001755,172.31.47.0-255,66,95374,82,307893
5720,0.001783,74.125.130.0-255,5020,100394,82,307893
5721,0.001787,172.31.47.0-255,66,100460,82,307893
5722,0.002064,74.125.130.0-255,1484,101944,82,307893
5723,0.002072,74.125.130.0-255,2902,104846,82,307893
5724,0.002076,172.31.47.0-255,66,104912,82,307893
5725,0.002103,74.125.130.0-255,2902,107814,82,307893
5726,0.002106,172.31.47.0-255,66,107880,82,307893
5727,0.002113,74.125.130.0-255,4320,112200,82,307893
5728,0.002115,172.31.47.0-255,66,112266,82,307893
5729,0.002146,74.125.130.0-255,8574,120840,82,307893
5730,0.00215,172.31.47.0-255,66,120906,82,307893
5731,0.002154,74.125.130.0-255,2902,123808,82,307893
5732,0.002156,172.31.47.0-255,66,123874,82,307893
5733,0.0022,74.125.130.0-255,4320,128194,82,307893
5734,0.002204,172.31.47.0-255,66,128260,82,307893
5735,0.002233,74.125.130.0-255,6438,134698,82,307893
5736,0.002236,172.31.47.0-255,66,134764,82,307893
5737,0.004528,74.125.130.0-255,5738,140502,82,307893
5738,0.004536,172.31.47.0-255,66,140568,82,307893
5739,0.00682,74.125.130.0-255,5738,146306,82,307893
5740,0.006826,172.31.47.0-255,66,146372,82,307893
5741,0.00912,74.125.130.0-255,5738,152110,82,307893
5742,0.009126,172.31.47.0-255,66,152176,82,307893
5743,0.011414,74.125.130.0-255,5738,157914,82,307893
5744,0.011422,172.31.47.0-255,66,157980,82,307893
5745,0.01371,74.125.130.0-255,5738,163718,82,307893
5746,0.013717,172.31.47.0-255,66,163784,82,307893
5747,0.016051,74.125.130.0-255,5738,169522,82,307893
5748,0.016066,172.31.47.0-255,66,169588,82,307893
5749,0.018365,74.125.130.0-255,5738,175326,82,307893
5750,0.018374,172.31.47.0-255,66,175392,82,307893
5751,0.020665,74.125.130.0-255,5738,181130,82,307893
5752,0.020672,172.31.47.0-255,66,181196,82,307893
5753,0.022959,74.125.130.0-255,5738,186934,82,307893
5754,0.022968,172.31.47.0-255,66,187000,82,307893
5755,0.025252,74.125.130.0-255,5738,192738,82,307893
5756,0.025259,172.31.47.0-255,66,192804,82,307893
5757,0.027094,172.31.47.0-255,172,192976,82,307893
5758,0.027122,172.31.47.0-255,1112,194088,82,307893
5759,0.027165,172.31.47.0-255,1514,195602,82,307893
5760,0.027167,172.31.47.0-255,1289,196891,82,307893
5761,0.02754,74.125.130.0-255,5738,202629,82,307893
5762,0.027546,172.31.47.0-255,66,202695,82,307893
5763,0.028636,104.244.42.0-255,66,202761,82,307893
5764,0.028674,104.244.42.0-255,66,202827,82,307893
5765,0.02873,104.244.42.0-255,66,202893,82,307893
5766,0.029828,74.125.130.0-255,5738,208631,82,307893
5767,0.029833,172.31.47.0-255,66,208697,82,307893
5768,0.032112,74.125.130.0-255,5738,214435,82,307893
5769,0.032118,172.31.47.0-255,66,214501,82,307893
5770,0.034409,74.125.130.0-255,5738,220239,82,307893
5771,0.034417,172.31.47.0-255,66,220305,82,307893
5772,0.036707,74.125.130.0-255,5738,226043,82,307893
5773,0.036714,172.31.47.0-255,66,226109,82,307893
5774,0.038993,74.125.130.0-255,5738,231847,82,307893
5775,0.038998,172.31.47.0-255,66,231913,82,307893
5776,0.041285,74.125.130.0-255,5738,237651,82,307893
5777,0.041307,172.31.47.0-255,66,237717,82,307893
5778,0.043599,74.125.130.0-255,5738,243455,82,307893
5779,0.043603,172.31.47.0-255,66,243521,82,307893
5780,0.045887,74.125.130.0-255,5738,249259,82,307893
5781,0.045893,172.31.47.0-255,66,249325,82,307893
5782,0.048195,74.125.130.0-255,5738,255063,82,307893
5783,0.048201,172.31.47.0-255,66,255129,82,307893
5784,0.05049,74.125.130.0-255,5738,260867,82,307893
5785,0.050499,172.31.47.0-255,66,260933,82,307893
5786,0.052782,74.125.130.0-255,5738,266671,82,307893
5787,0.052788,172.31.47.0-255,66,266737,82,307893
5788,0.05507,74.125.130.0-255,5738,272475,82,307893
5789,0.055076,172.31.47.0-255,66,272541,82,307893
5790,0.057364,74.125.130.0-255,5738,278279,82,307893
5791,0.057369,172.31.47.0-255,66,278345,82,307893
5792,0.059665,74.125.130.0-255,5738,284083,82,307893
5793,0.059671,172.31.47.0-255,66,284149,82,307893
5794,0.061946,74.125.130.0-255,2902,287051,82,307893
5795,0.06195,172.31.47.0-255,66,287117,82,307893
5796,0.06198,74.125.130.0-255,2902,290019,82,307893
5797,0.061983,172.31.47.0-255,66,290085,82,307893
5798,0.06423,74.125.130.0-255,2902,292987,82,307893
5799,0.064234,172.31.47.0-255,66,293053,82,307893
5800,0.064265,74.125.130.0-255,2902,295955,82,307893
5801,0.064268,172.31.47.0-255,66,296021,82,307893
5802,0.066505,74.125.130.0-255,2902,298923,82,307893
5803,0.066511,172.31.47.0-255,66,298989,82,307893
5804,0.066546,74.125.130.0-255,2902,301891,82,307893
5805,0.06655,172.31.47.0-255,66,301957,82,307893
5806,0.06879,74.125.130.0-255,2902,304859,82,307893
5807,0.068795,172.31.47.0-255,66,304925,82,307893
5808,0.068835,74.125.130.0-255,2902,307827,82,307893
5809,0.068838,172.31.47.0-255,66,307893,82,307893
5810,0.0,172.31.47.0-255,105,105,82,552
5811,4.7e-05,172.31.47.0-255,105,210,82,552
5812,0.001524,157.240.7.0-255,105,315,82,552
5813,0.001538,172.31.47.0-255,66,381,82,552
5814,0.001745,157.240.7.0-255,105,486,82,552
5815,0.001751,172.31.47.0-255,66,552,82,552
5816,0.0,172.31.47.0-255,105,105,82,105
5817,0.0,74.125.200.0-255,153,153,82,311366
5818,3e-05,172.31.47.0-255,66,219,82,311366
5819,3.6e-05,74.125.200.0-255,1484,1703,82,311366
5820,4e-05,172.31.47.0-255,66,1769,82,311366
5821,4.4e-05,74.125.200.0-255,2902,4671,82,311366
5822,4.6e-05,172.31.47.0-255,66,4737,82,311366
5823,5.8e-05,74.125.200.0-255,5738,10475,82,311366
5824,6.1e-05,172.31.47.0-255,66,10541,82,311366
5825,8.8e-05,74.125.200.0-255,1484,12025,82,311366
5826,9.2e-05,172.31.47.0-255,66,12091,82,311366
5827,9.5e-05,74.125.200.0-255,1987,14078,82,311366
5828,9.7e-05,172.31.47.0-255,66,14144,82,311366
5829,0.0001,74.125.200.0-255,2902,17046,82,311366
5830,0.000102,172.31.47.0-255,66,17112,82,311366
5831,0.00013,74.125.200.0-255,7156,24268,82,311366
5832,0.000132,172.31.47.0-255,66,24334,82,311366
5833,0.000141,74.125.200.0-255,4320,28654,82,311366
5834,0.000143,172.31.47.0-255,66,28720,82,311366
5835,0.000159,74.125.200.0-255,1484,30204,82,311366
5836,0.000161,172.31.47.0-255,66,30270,82,311366
5837,0.000201,172.31.47.0-255,66,30336,82,311366
5838,0.000208,74.125.200.0-255,6438,36774,82,311366
5839,0.000209,172.31.47.0-255,66,36840,82,311366
5840,0.000946,74.125.200.0-255,1484,38324,82,311366
5841,0.000952,172.31.47.0-255,66,38390,82,311366
5842,0.00096,74.125.200.0-255,2902,41292,82,311366
5843,0.000962,172.31.47.0-255,66,41358,82,311366
5844,0.000994,74.125.200.0-255,5738,47096,82,311366
5845,0.000997,172.31.47.0-255,66,47162,82,311366
5846,0.001024,74.125.200.0-255,2902,50064,82,311366
5847,0.001026,172.31.47.0-255,66,50130,82,311366
5848,0.001051,74.125.200.0-255,4234,54364,82,311366
5849,0.001066,74.125.200.0-255,130,54494,82,311366
5850,0.001594,74.125.200.0-255,1484,55978,82,311366
5851,0.001605,74.125.200.0-255,2902,58880,82,311366
5852,0.001625,74.125.200.0-255,4320,63200,82,311366
5853,0.001633,74.125.200.0-255,1484,64684,82,311366
5854,0.001655,74.125.200.0-255,2902,67586,82,311366
5855,0.001673,74.125.200.0-255,7156,74742,82,311366
5856,0.001704,74.125.200.0-255,1484,76226,82,311366
5857,0.001717,74.125.200.0-255,2902,79128,82,311366
5858,0.001726,74.125.200.0-255,2902,82030,82,311366
5859,0.001736,74.125.200.0-255,1484,83514,82,311366
5860,0.001745,74.125.200.0-255,1484,84998,82,311366
5861,0.001764,74.125.200.0-255,1484,86482,82,311366
5862,0.001779,74.125.200.0-255,2184,88666,82,311366
5863,0.002089,74.125.200.0-255,1484,90150,82,311366
5864,0.002103,74.125.200.0-255,1484,91634,82,311366
5865,0.002111,74.125.200.0-255,1484,93118,82,311366
5866,0.002123,74.125.200.0-255,4320,97438,82,311366
5867,0.002135,74.125.200.0-255,1484,98922,82,311366
5868,0.002174,74.125.200.0-255,2902,101824,82,311366
5869,0.002189,74.125.200.0-255,7156,108980,82,311366
5870,0.002207,74.125.200.0-255,4320,113300,82,311366
5871,0.00222,74.125.200.0-255,7156,120456,82,311366
5872,0.002223,74.125.200.0-255,1484,121940,82,311366
5873,0.002226,74.125.200.0-255,2184,124124,82,311366
5874,0.00225,74.125.200.0-255,4320,128444,82,311366
5875,0.002259,74.125.200.0-255,1484,129928,82,311366
5876,0.002263,74.125.200.0-255,4320,134248,82,311366
5877,0.002281,74.125.200.0-255,2902,137150,82,311366
5878,0.00229,74.125.200.0-255,1484,138634,82,311366
5879,0.003404,172.31.47.0-255,66,138700,82,311366
5880,0.00568,74.125.200.0-255,5738,144438,82,311366
5881,0.005686,172.31.47.0-255,66,144504,82,311366
5882,0.007939,74.125.200.0-255,5738,150242,82,311366
5883,0.007946,172.31.47.0-255,66,150308,82,311366
5884,0.010193,74.125.200.0-255,4320,154628,82,311366
5885,0.010206,74.125.200.0-255,1484,156112,82,311366
5886,0.010485,172.31.47.0-255,66,156178,82,311366
5887,0.012773,74.125.200.0-255,5738,161916,82,311366
5888,0.012781,172.31.47.0-255,66,161982,82,311366
5889,0.01507,74.125.200.0-255,5738,167720,82,311366
5890,0.015079,172.31.47.0-255,66,167786,82,311366
5891,0.017343,74.125.200.0-255,5738,173524,82,311366
5892,0.017349,172.31.47.0-255,66,173590,82,311366
5893,0.019605,74.125.200.0-255,5738,179328,82,311366
5894,0.019611,172.31.47.0-255,66,179394,82,311366
5895,0.021527,172.31.47.0-255,171,179565,82,311366
5896,0.021556,172.31.47.0-255,1135,180700,82,311366
5897,0.021584,172.31.47.0-255,1514,182214,82,311366
5898,0.021602,172.31.47.0-255,1264,183478,82,311366
5899,0.021856,74.125.200.0-255,5738,189216,82,311366
5900,0.021862,172.31.47.0-255,66,189282,82,311366
5901,0.023072,104.244.42.0-255,66,189348,82,311366
5902,0.023101,104.244.42.0-255,66,189414,82,311366
5903,0.023173,104.244.42.0-255,66,189480,82,311366
5904,0.024107,74.125.200.0-255,4320,193800,82,311366
5905,0.024111,172.31.47.0-255,66,193866,82,311366
5906,0.024141,74.125.200.0-255,1484,195350,82,311366
5907,0.026359,74.125.200.0-255,4320,199670,82,311366
5908,0.026364,172.31.47.0-255,66,199736,82,311366
5909,0.028607,74.125.200.0-255,4320,204056,82,311366
5910,0.028612,172.31.47.0-255,66,204122,82,311366
5911,0.028648,74.125.200.0-255,1484,205606,82,311366
5912,0.03086,74.125.200.0-255,1484,207090,82,311366
5913,0.030866,172.31.47.0-255,66,207156,82,311366
5914,0.030899,74.125.200.0-255,2902,210058,82,311366
5915,0.030918,172.31.47.0-255,66,210124,82,311366
5916,0.033106,74.125.200.0-255,2902,213026,82,311366
5917,0.03311,172.31.47.0-255,66,213092,82,311366
5918,0.033161,74.125.200.0-255,1484,214576,82,311366
5919,0.033174,74.125.200.0-255,1484,216060,82,311366
5920,0.033195,172.31.47.0-255,66,216126,82,311366
5921,0.035343,74.125.200.0-255,2902,219028,82,311366
5922,0.035348,172.31.47.0-255,66,219094,82,311366
5923,0.035428,74.125.200.0-255,1484,220578,82,311366
5924,0.03544,74.125.200.0-255,1484,222062,82,311366
5925,0.035444,172.31.47.0-255,66,222128,82,311366
5926,0.037599,74.125.200.0-255,2902,225030,82,311366
5927,0.037607,172.31.47.0-255,66,225096,82,311366
5928,0.037684,74.125.200.0-255,2902,227998,82,311366
5929,0.037697,172.31.47.0-255,66,228064,82,311366
5930,0.039848,74.125.200.0-255,2902,230966,82,311366
5931,0.039853,172.31.47.0-255,66,231032,82,311366
5932,0.039938,74.125.200.0-255,2902,233934,82,311366
5933,0.039942,172.31.47.0-255,66,234000,82,311366
5934,0.042105,74.125.200.0-255,2902,236902,82,311366
5935,0.04211,172.31.47.0-255,66,236968,82,311366
5936,0.042176,74.125.200.0-255,2902,239870,82,311366
5937,0.042195,172.31.47.0-255,66,239936,82,311366
5938,0.04435,74.125.200.0-255,1484,241420,82,311366
5939,0.044379,74.125.200.0-255,1484,242904,82,311366
5940,0.044383,172.31.47.0-255,66,242970,82,311366
5941,0.044436,74.125.200.0-255,2902,245872,82,311366
5942,0.04444,172.31.47.0-255,66,245938,82,311366
5943,0.046625,74.125.200.0-255,2902,248840,82,311366
5944,0.046631,172.31.47.0-255,66,248906,82,311366
5945,0.046678,74.125.200.0-255,1484,250390,82,311366
5946,0.04669,74.125.200.0-255,1484,251874,82,311366
5947,0.046712,172.31.47.0-255,66,251940,82,311366
5948,0.048889,74.125.200.0-255,2902,254842,82,311366
5949,0.048896,172.31.47.0-255,66,254908,82,311366
5950,0.048958,74.125.200.0-255,2902,257810,82,311366
5951,0.048988,172.31.47.0-255,66,257876,82,311366
5952,0.051146,74.125.200.0-255,2902,260778,82,311366
5953,0.051159,172.31.47.0-255,66,260844,82,311366
5954,0.05122,74.125.200.0-255,2902,263746,82,311366
5955,0.051254,172.31.47.0-255,66,263812,82,311366
5956,0.053426,74.125.200.0-255,2902,266714,82,311366
5957,0.053441,172.31.47.0-255,66,266780,82,311366
5958,0.053482,74.125.200.0-255,2902,269682,82,311366
5959,0.053558,172.31.47.0-255,66,269748,82,311366
5960,0.055704,74.125.200.0-255,2902,272650,82,311366
5961,0.055718,172.31.47.0-255,66,272716,82,311366
5962,0.055802,74.125.200.0-255,2902,275618,82,311366
5963,0.055818,172.31.47.0-255,66,275684,82,311366
5964,0.057976,74.125.200.0-255,2902,278586,82,311366
5965,0.057982,172.31.47.0-255,66,278652,82,311366
5966,0.058056,74.125.200.0-255,2902,281554,82,311366
5967,0.058094,172.31.47.0-255,66,281620,82,311366
5968,0.060247,74.125.200.0-255,2902,284522,82,311366
5969,0.060264,172.31.47.0-255,66,284588,82,311366
5970,0.060327,74.125.200.0-255,2902,287490,82,311366
5971,0.060354,172.31.47.0-255,66,287556,82,311366
5972,0.062521,74.125.200.0-255,2902,290458,82,311366
5973,0.062536,172.31.47.0-255,66,290524,82,311366
5974,0.062587,74.125.200.0-255,2902,293426,82,311366
5975,0.062632,172.31.47.0-255,66,293492,82,311366
5976,0.064787,74.125.200.0-255,2902,296394,82,311366
5977,0.064799,172.31.47.0-255,66,296460,82,311366
5978,0.064866,74.125.200.0-255,2902,299362,82,311366
5979,0.064882,172.31.47.0-255,66,299428,82,311366
5980,0.067056,74.125.200.0-255,2902,302330,82,311366
5981,0.067068,172.31.47.0-255,66,302396,82,311366
5982,0.067128,74.125.200.0-255,1484,303880,82,311366
5983,0.067146,74.125.200.0-255,1484,305364,82,311366
5984,0.06719,172.31.47.0-255,66,305430,82,311366
5985,0.069324,74.125.200.0-255,2902,308332,82,311366
5986,0.069332,172.31.47.0-255,66,308398,82,311366
5987,0.069453,74.125.200.0-255,2902,311300,82,311366
5988,0.069457,172.31.47.0-255,66,311366,82,311366
5989,0.0,216.58.221.0-255,153,153,82,324377
5990,3.6e-05,172.31.47.0-255,66,219,82,324377
5991,4.3e-05,216.58.221.0-255,1484,1703,82,324377
5992,4.7e-05,172.31.47.0-255,66,1769,82,324377
5993,5.1e-05,216.58.221.0-255,2902,4671,82,324377
5994,5.5e-05,172.31.47.0-255,66,4737,82,324377
5995,6e-05,216.58.221.0-255,4320,9057,82,324377
5996,6.4e-05,172.31.47.0-255,66,9123,82,324377
5997,7.1e-05,216.58.221.0-255,7156,16279,82,324377
5998,7.4e-05,172.31.47.0-255,66,16345,82,324377
5999,9.3e-05,216.58.221.0-255,2164,18509,82,324377
6000,9.9e-05,172.31.47.0-255,66,18575,82,324377
6001,0.000101,216.58.221.0-255,7156,25731,82,324377
6002,0.000103,172.31.47.0-255,66,25797,82,324377
6003,0.000131,216.58.221.0-255,4320,30117,82,324377
6004,0.000133,172.31.47.0-255,66,30183,82,324377
6005,0.000137,216.58.221.0-255,1125,31308,82,324377
6006,0.00014,172.31.47.0-255,66,31374,82,324377
6007,0.00022,216.58.221.0-255,1484,32858,82,324377
6008,0.000224,172.31.47.0-255,66,32924,82,324377
6009,0.000231,216.58.221.0-255,2902,35826,82,324377
6010,0.000234,172.31.47.0-255,66,35892,82,324377
6011,0.000271,216.58.221.0-255,2902,38794,82,324377
6012,0.000276,172.31.47.0-255,66,38860,82,324377
6013,0.000293,216.58.221.0-255,2902,41762,82,324377
6014,0.000296,172.31.47.0-255,66,41828,82,324377
6015,0.000304,216.58.221.0-255,6797,48625,82,324377
6016,0.000306,172.31.47.0-255,66,48691,82,324377
6017,0.000885,216.58.221.0-255,1484,50175,82,324377
6018,0.000891,172.31.47.0-255,66,50241,82,324377
6019,0.000902,216.58.221.0-255,2902,53143,82,324377
6020,0.000905,172.31.47.0-255,66,53209,82,324377
6021,0.000927,216.58.221.0-255,4320,57529,82,324377
6022,0.000936,216.58.221.0-255,5738,63267,82,324377
6023,0.000965,216.58.221.0-255,2832,66099,82,324377
6024,0.000989,172.31.47.0-255,66,66165,82,324377
6025,0.001128,216.58.221.0-255,1484,67649,82,324377
6026,0.001137,216.58.221.0-255,2902,70551,82,324377
6027,0.001141,216.58.221.0-255,2902,73453,82,324377
6028,0.001147,172.31.47.0-255,66,73519,82,324377
6029,0.001165,216.58.221.0-255,2902,76421,82,324377
6030,0.001202,216.58.221.0-255,9992,86413,82,324377
6031,0.00122,172.31.47.0-255,66,86479,82,324377
6032,0.001223,216.58.221.0-255,1484,87963,82,324377
6033,0.001226,216.58.221.0-255,867,88830,82,324377
6034,0.001239,172.31.47.0-255,66,88896,82,324377
6035,0.001251,216.58.221.0-255,645,89541,82,324377
6036,0.001297,216.58.221.0-255,1484,91025,82,324377
6037,0.001312,216.58.221.0-255,2902,93927,82,324377
6038,0.001329,216.58.221.0-255,1484,95411,82,324377
6039,0.001335,216.58.221.0-255,2902,98313,82,324377
6040,0.001349,172.31.47.0-255,66,98379,82,324377
6041,0.001369,216.58.221.0-255,1484,99863,82,324377
6042,0.001394,216.58.221.0-255,6132,105995,82,324377
6043,0.001404,172.31.47.0-255,66,106061,82,324377
6044,0.00194,216.58.221.0-255,1484,107545,82,324377
6045,0.001958,216.58.221.0-255,2902,110447,82,324377
6046,0.001962,172.31.47.0-255,66,110513,82,324377
6047,0.001969,216.58.221.0-255,4320,114833,82,324377
6048,0.001982,216.58.221.0-255,1484,116317,82,324377
6049,0.001994,172.31.47.0-255,66,116383,82,324377
6050,0.002008,216.58.221.0-255,5738,122121,82,324377
6051,0.002026,216.58.221.0-255,1821,123942,82,324377
6052,0.002039,172.31.47.0-255,66,124008,82,324377
6053,0.004652,216.58.221.0-255,2902,126910,82,324377
6054,0.004664,172.31.47.0-255,66,126976,82,324377
6055,0.004685,216.58.221.0-255,2902,129878,82,324377
6056,0.00471,172.31.47.0-255,66,129944,82,324377
6057,0.006662,216.58.221.0-255,2902,132846,82,324377
6058,0.006673,172.31.47.0-255,66,132912,82,324377
6059,0.006692,216.58.221.0-255,2902,135814,82,324377
6060,0.006731,172.31.47.0-255,66,135880,82,324377
6061,0.008666,216.58.221.0-255,2902,138782,82,324377
6062,0.008685,172.31.47.0-255,66,138848,82,324377
6063,0.00871,216.58.221.0-255,2902,141750,82,324377
6064,0.008766,172.31.47.0-255,66,141816,82,324377
6065,0.010691,216.58.221.0-255,2902,144718,82,324377
6066,0.010709,172.31.47.0-255,66,144784,82,324377
6067,0.010737,216.58.221.0-255,2902,147686,82,324377
6068,0.010786,172.31.47.0-255,66,147752,82,324377
6069,0.01271,216.58.221.0-255,2902,150654,82,324377
6070,0.012729,172.31.47.0-255,66,150720,82,324377
6071,0.012755,216.58.221.0-255,2902,153622,82,324377
6072,0.012802,172.31.47.0-255,66,153688,82,324377
6073,0.014733,216.58.221.0-255,2902,156590,82,324377
6074,0.014753,172.31.47.0-255,66,156656,82,324377
6075,0.014786,216.58.221.0-255,2902,159558,82,324377
6076,0.014853,172.31.47.0-255,66,159624,82,324377
6077,0.016744,216.58.221.0-255,2902,162526,82,324377
6078,0.016763,172.31.47.0-255,66,162592,82,324377
6079,0.016819,216.58.221.0-255,2902,165494,82,324377
6080,0.016848,172.31.47.0-255,66,165560,82,324377
6081,0.018756,216.58.221.0-255,2902,168462,82,324377
6082,0.018775,172.31.47.0-255,66,168528,82,324377
6083,0.018829,216.58.221.0-255,2902,171430,82,324377
6084,0.018886,172.31.47.0-255,66,171496,82,324377
6085,0.020798,216.58.221.0-255,2902,174398,82,324377
6086,0.020818,172.31.47.0-255,66,174464,82,324377
6087,0.020858,216.58.221.0-255,2902,177366,82,324377
6088,0.020897,172.31.47.0-255,66,177432,82,324377
6089,0.022813,216.58.221.0-255,2902,180334,82,324377
6090,0.022834,172.31.47.0-255,66,180400,82,324377
6091,0.022881,216.58.221.0-255,2902,183302,82,324377
6092,0.022954,172.31.47.0-255,66,183368,82,324377
6093,0.024817,216.58.221.0-255,2902,186270,82,324377
6094,0.024835,172.31.47.0-255,66,186336,82,324377
6095,0.024919,216.58.221.0-255,2902,189238,82,324377
6096,0.024929,172.31.47.0-255,66,189304,82,324377
6097,0.026662,172.31.47.0-255,172,189476,82,324377
6098,0.026696,172.31.47.0-255,1111,190587,82,324377
6099,0.026749,172.31.47.0-255,1514,192101,82,324377
6100,0.026751,172.31.47.0-255,1288,193389,82,324377
6101,0.026816,216.58.221.0-255,2902,196291,82,324377
6102,0.026825,172.31.47.0-255,66,196357,82,324377
6103,0.026893,216.58.221.0-255,2902,199259,82,324377
6104,0.026916,172.31.47.0-255,66,199325,82,324377
6105,0.028215,104.244.42.0-255,66,199391,82,324377
6106,0.028273,104.244.42.0-255,66,199457,82,324377
6107,0.028323,104.244.42.0-255,66,199523,82,324377
6108,0.028808,216.58.221.0-255,2902,202425,82,324377
6109,0.028815,172.31.47.0-255,66,202491,82,324377
6110,0.028879,216.58.221.0-255,2902,205393,82,324377
6111,0.028907,172.31.47.0-255,66,205459,82,324377
6112,0.030794,216.58.221.0-255,2902,208361,82,324377
6113,0.030804,172.31.47.0-255,66,208427,82,324377
6114,0.030875,216.58.221.0-255,1484,209911,82,324377
6115,0.030892,216.58.221.0-255,1484,211395,82,324377
6116,0.030936,172.31.47.0-255,66,211461,82,324377
6117,0.032799,216.58.221.0-255,2902,214363,82,324377
6118,0.032804,172.31.47.0-255,66,214429,82,324377
6119,0.032914,216.58.221.0-255,2902,217331,82,324377
6120,0.032918,172.31.47.0-255,66,217397,82,324377
6121,0.034766,216.58.221.0-255,2902,220299,82,324377
6122,0.034771,172.31.47.0-255,66,220365,82,324377
6123,0.034886,216.58.221.0-255,2902,223267,82,324377
6124,0.034891,172.31.47.0-255,66,223333,82,324377
6125,0.036748,216.58.221.0-255,2902,226235,82,324377
6126,0.036754,172.31.47.0-255,66,226301,82,324377
6127,0.036857,216.58.221.0-255,1484,227785,82,324377
6128,0.036876,216.58.221.0-255,1484,229269,82,324377
6129,0.036889,172.31.47.0-255,66,229335,82,324377
6130,0.038722,216.58.221.0-255,2902,232237,82,324377
6131,0.038727,172.31.47.0-255,66,232303,82,324377
6132,0.038849,216.58.221.0-255,2902,235205,82,324377
6133,0.038854,172.31.47.0-255,66,235271,82,324377
6134,0.04072,216.58.221.0-255,2902,238173,82,324377
6135,0.040726,172.31.47.0-255,66,238239,82,324377
6136,0.040822,216.58.221.0-255,2902,241141,82,324377
6137,0.041104,172.31.47.0-255,66,241207,82,324377
6138,0.042696,216.58.221.0-255,2902,244109,82,324377
6139,0.042701,172.31.47.0-255,66,244175,82,324377
6140,0.043076,216.58.221.0-255,2902,247077,82,324377
6141,0.04308,172.31.47.0-255,66,247143,82,324377
6142,0.044667,216.58.221.0-255,2902,250045,82,324377
6143,0.044672,172.31.47.0-255,66,250111,82,324377
6144,0.045058,216.58.221.0-255,2902,253013,82,324377
6145,0.045063,172.31.47.0-255,66,253079,82,324377
6146,0.046644,216.58.221.0-255,2902,255981,82,324377
6147,0.046649,172.31.47.0-255,66,256047,82,324377
6148,0.047034,216.58.221.0-255,2902,258949,82,324377
6149,0.047039,172.31.47.0-255,66,259015,82,324377
6150,0.048621,216.58.221.0-255,2902,261917,82,324377
6151,0.048627,172.31.47.0-255,66,261983,82,324377
6152,0.049011,216.58.221.0-255,2902,264885,82,324377
6153,0.049017,172.31.47.0-255,66,264951,82,324377
6154,0.050599,216.58.221.0-255,2902,267853,82,324377
6155,0.050605,172.31.47.0-255,66,267919,82,324377
6156,0.050992,216.58.221.0-255,2902,270821,82,324377
6157,0.050997,172.31.47.0-255,66,270887,82,324377
6158,0.052583,216.58.221.0-255,2902,273789,82,324377
6159,0.052589,172.31.47.0-255,66,273855,82,324377
6160,0.052963,216.58.221.0-255,2902,276757,82,324377
6161,0.052967,172.31.47.0-255,66,276823,82,324377
6162,0.054566,216.58.221.0-255,2902,279725,82,324377
6163,0.05457,172.31.47.0-255,66,279791,82,324377
6164,0.054932,216.58.221.0-255,2902,282693,82,324377
6165,0.054936,172.31.47.0-255,66,282759,82,324377
6166,0.056543,216.58.221.0-255,2902,285661,82,324377
6167,0.056547,172.31.47.0-255,66,285727,82,324377
6168,0.056904,216.58.221.0-255,2902,288629,82,324377
6169,0.056908,172.31.47.0-255,66,288695,82,324377
6170,0.05851,216.58.221.0-255,2902,291597,82,324377
6171,0.058514,172.31.47.0-255,66,291663,82,324377
6172,0.058884,216.58.221.0-255,2902,294565,82,324377
6173,0.058888,172.31.47.0-255,66,294631,82,324377
6174,0.060495,216.58.221.0-255,2902,297533,82,324377
6175,0.060501,172.31.47.0-255,66,297599,82,324377
6176,0.060859,216.58.221.0-255,2902,300501,82,324377
6177,0.060864,172.31.47.0-255,66,300567,82,324377
6178,0.062465,216.58.221.0-255,2902,303469,82,324377
6179,0.062469,172.31.47.0-255,66,303535,82,324377
6180,0.062843,216.58.221.0-255,2902,306437,82,324377
6181,0.062847,172.31.47.0-255,66,306503,82,324377
6182,0.064433,216.58.221.0-255,2902,309405,82,324377
6183,0.064438,172.31.47.0-255,66,309471,82,324377
6184,0.064841,216.58.221.0-255,1484,310955,82,324377
6185,0.064866,216.58.221.0-255,1484,312439,82,324377
6186,0.06487,172.31.47.0-255,66,312505,82,324377
6187,0.066411,216.58.221.0-255,2902,315407,82,324377
6188,0.066416,172.31.47.0-255,66,315473,82,324377
6189,0.066844,216.58.221.0-255,2902,318375,82,324377
6190,0.066849,172.31.47.0-255,66,318441,82,324377
6191,0.068379,216.58.221.0-255,2902,321343,82,324377
6192,0.068384,172.31.47.0-255,66,321409,82,324377
6193,0.06882,216.58.221.0-255,2902,324311,82,324377
6194,0.068825,172.31.47.0-255,66,324377,82,324377
6195,0.0,74.125.24.0-255,153,153,82,287756
6196,3.4e-05,172.31.47.0-255,66,219,82,287756
6197,4.1e-05,74.125.24.0-255,1484,1703,82,287756
6198,4.5e-05,172.31.47.0-255,66,1769,82,287756
6199,5e-05,74.125.24.0-255,2902,4671,82,287756
6200,5.9e-05,172.31.47.0-255,66,4737,82,287756
6201,6.7e-05,74.125.24.0-255,7156,11893,82,287756
6202,6.9e-05,172.31.47.0-255,66,11959,82,287756
6203,7.3e-05,74.125.24.0-255,2166,14125,82,287756
6204,7.6e-05,172.31.47.0-255,66,14191,82,287756
6205,8.9e-05,172.31.47.0-255,66,14257,82,287756
6206,0.000126,74.125.24.0-255,5379,19636,82,287756
6207,0.00013,172.31.47.0-255,66,19702,82,287756
6208,0.000171,74.125.24.0-255,1484,21186,82,287756
6209,0.000174,172.31.47.0-255,66,21252,82,287756
6210,0.00018,74.125.24.0-255,2902,24154,82,287756
6211,0.000182,172.31.47.0-255,66,24220,82,287756
6212,0.000187,74.125.24.0-255,2902,27122,82,287756
6213,0.000196,172.31.47.0-255,66,27188,82,287756
6214,0.00022,74.125.24.0-255,2902,30090,82,287756
6215,0.000223,172.31.47.0-255,66,30156,82,287756
6216,0.000234,74.125.24.0-255,5738,35894,82,287756
6217,0.000237,172.31.47.0-255,66,35960,82,287756
6218,0.000253,74.125.24.0-255,7156,43116,82,287756
6219,0.000257,172.31.47.0-255,66,43182,82,287756
6220,0.000288,74.125.24.0-255,6797,49979,82,287756
6221,0.000292,172.31.47.0-255,66,50045,82,287756
6222,0.000297,74.125.24.0-255,4236,54281,82,287756
6223,0.000299,172.31.47.0-255,66,54347,82,287756
6224,0.000302,74.125.24.0-255,129,54476,82,287756
6225,0.000311,172.31.47.0-255,66,54542,82,287756
6226,0.000314,74.125.24.0-255,348,54890,82,287756
6227,0.000506,74.125.24.0-255,1484,56374,82,287756
6228,0.000512,172.31.47.0-255,66,56440,82,287756
6229,0.000517,74.125.24.0-255,2902,59342,82,287756
6230,0.00052,172.31.47.0-255,66,59408,82,287756
6231,0.000523,74.125.24.0-255,1484,60892,82,287756
6232,0.000558,74.125.24.0-255,4320,65212,82,287756
6233,0.000561,172.31.47.0-255,66,65278,82,287756
6234,0.000572,74.125.24.0-255,9992,75270,82,287756
6235,0.00058,172.31.47.0-255,66,75336,82,287756
6236,0.000642,172.31.47.0-255,66,75402,82,287756
6237,0.000987,74.125.24.0-255,1484,76886,82,287756
6238,0.000993,74.125.24.0-255,2902,79788,82,287756
6239,0.000997,172.31.47.0-255,66,79854,82,287756
6240,0.001001,74.125.24.0-255,1484,81338,82,287756
6241,0.001027,74.125.24.0-255,4320,85658,82,287756
6242,0.00103,172.31.47.0-255,66,85724,82,287756
6243,0.001062,172.31.47.0-255,66,85790,82,287756
6244,0.001092,74.125.24.0-255,1484,87274,82,287756
6245,0.001102,74.125.24.0-255,10692,97966,82,287756
6246,0.001105,172.31.47.0-255,66,98032,82,287756
6247,0.001108,74.125.24.0-255,1484,99516,82,287756
6248,0.001112,74.125.24.0-255,2902,102418,82,287756
6249,0.001114,172.31.47.0-255,66,102484,82,287756
6250,0.001123,74.125.24.0-255,1484,103968,82,287756
6251,0.001148,74.125.24.0-255,4320,108288,82,287756
6252,0.001151,172.31.47.0-255,66,108354,82,287756
6253,0.00116,74.125.24.0-255,9992,118346,82,287756
6254,0.001169,172.31.47.0-255,66,118412,82,287756
6255,0.001209,74.125.24.0-255,5738,124150,82,287756
6256,0.001213,172.31.47.0-255,66,124216,82,287756
6257,0.001243,74.125.24.0-255,7856,132072,82,287756
6258,0.001245,172.31.47.0-255,66,132138,82,287756
6259,0.00126,172.31.47.0-255,66,132204,82,287756
6260,0.001273,74.125.24.0-255,8574,140778,82,287756
6261,0.001277,172.31.47.0-255,66,140844,82,287756
6262,0.001299,74.125.24.0-255,1484,142328,82,287756
6263,0.001332,74.125.24.0-255,9274,151602,82,287756
6264,0.001336,172.31.47.0-255,66,151668,82,287756
6265,0.001369,74.125.24.0-255,1484,153152,82,287756
6266,0.001374,74.125.24.0-255,2902,156054,82,287756
6267,0.001377,172.31.47.0-255,66,156120,82,287756
6268,0.001398,74.125.24.0-255,5738,161858,82,287756
6269,0.001403,172.31.47.0-255,66,161924,82,287756
6270,0.001437,74.125.24.0-255,9992,171916,82,287756
6271,0.001441,172.31.47.0-255,66,171982,82,287756
6272,0.001482,172.31.47.0-255,66,172048,82,287756
6273,0.001562,74.125.24.0-255,1484,173532,82,287756
6274,0.001579,74.125.24.0-255,2902,176434,82,287756
6275,0.001583,172.31.47.0-255,66,176500,82,287756
6276,0.001608,74.125.24.0-255,5738,182238,82,287756
6277,0.001612,172.31.47.0-255,66,182304,82,287756
6278,0.001614,74.125.24.0-255,5738,188042,82,287756
6279,0.001616,172.31.47.0-255,66,188108,82,287756
6280,0.001655,74.125.24.0-255,7156,195264,82,287756
6281,0.001659,172.31.47.0-255,66,195330,82,287756
6282,0.001692,74.125.24.0-255,5738,201068,82,287756
6283,0.001696,172.31.47.0-255,66,201134,82,287756
6284,0.001702,74.125.24.0-255,5020,206154,82,287756
6285,0.001705,172.31.47.0-255,66,206220,82,287756
6286,0.001795,74.125.24.0-255,1484,207704,82,287756
6287,0.001801,74.125.24.0-255,2902,210606,82,287756
6288,0.001804,172.31.47.0-255,66,210672,82,287756
6289,0.00181,74.125.24.0-255,4320,214992,82,287756
6290,0.001812,172.31.47.0-255,66,215058,82,287756
6291,0.001815,74.125.24.0-255,1484,216542,82,287756
6292,0.001851,74.125.24.0-255,7156,223698,82,287756
6293,0.001855,172.31.47.0-255,66,223764,82,287756
6294,0.001869,74.125.24.0-255,4320,228084,82,287756
6295,0.001876,172.31.47.0-255,66,228150,82,287756
6296,0.001916,172.31.47.0-255,66,228216,82,287756
6297,0.001931,172.31.47.0-255,66,228282,82,287756
6298,0.001965,74.125.24.0-255,4320,232602,82,287756
6299,0.001968,172.31.47.0-255,66,232668,82,287756
6300,0.001981,172.31.47.0-255,66,232734,82,287756
6301,0.002007,172.31.47.0-255,66,232800,82,287756
6302,0.002047,74.125.24.0-255,4320,237120,82,287756
6303,0.00205,172.31.47.0-255,66,237186,82,287756
6304,0.002084,74.125.24.0-255,10692,247878,82,287756
6305,0.002098,172.31.47.0-255,66,247944,82,287756
6306,0.004087,74.125.24.0-255,5738,253682,82,287756
6307,0.004094,172.31.47.0-255,66,253748,82,287756
6308,0.006054,74.125.24.0-255,5738,259486,82,287756
6309,0.00606,172.31.47.0-255,66,259552,82,287756
6310,0.008003,74.125.24.0-255,2902,262454,82,287756
6311,0.008005,172.31.47.0-255,66,262520,82,287756
6312,0.008015,74.125.24.0-255,2902,265422,82,287756
6313,0.00802,172.31.47.0-255,66,265488,82,287756
6314,0.009989,74.125.24.0-255,5738,271226,82,287756
6315,0.009995,172.31.47.0-255,66,271292,82,287756
6316,0.01195,74.125.24.0-255,5738,277030,82,287756
6317,0.011957,172.31.47.0-255,66,277096,82,287756
6318,0.013925,74.125.24.0-255,5738,282834,82,287756
6319,0.013935,172.31.47.0-255,66,282900,82,287756
6320,0.015869,74.125.24.0-255,336,283236,82,287756
6321,0.016843,172.31.47.0-255,66,283302,82,287756
6322,0.016867,172.31.47.0-255,105,283407,82,287756
6323,0.018802,74.125.24.0-255,66,283473,82,287756
6324,0.027799,172.31.47.0-255,172,283645,82,287756
6325,0.027828,172.31.47.0-255,1111,284756,82,287756
6326,0.027862,172.31.47.0-255,1514,286270,82,287756
6327,0.027864,172.31.47.0-255,1288,287558,82,287756
6328,0.029338,104.244.42.0-255,66,287624,82,287756
6329,0.029368,104.244.42.0-255,66,287690,82,287756
6330,0.029435,104.244.42.0-255,66,287756,82,287756
6331,0.0,172.31.47.0-255,105,105,82,342
6332,0.00203,157.240.13.0-255,66,171,82,342
6333,0.002053,157.240.13.0-255,105,276,82,342
6334,0.002059,172.31.47.0-255,66,342,82,342
6335,0.0,74.125.24.0-255,153,153,82,234925
6336,1.9e-05,172.31.47.0-255,66,219,82,234925
6337,2.6e-05,74.125.24.0-255,1484,1703,82,234925
6338,3e-05,172.31.47.0-255,66,1769,82,234925
6339,3.5e-05,74.125.24.0-255,2902,4671,82,234925
6340,4.5e-05,172.31.47.0-255,66,4737,82,234925
6341,5.1e-05,74.125.24.0-255,4320,9057,82,234925
6342,5.4e-05,172.31.47.0-255,66,9123,82,234925
6343,8.5e-05,74.125.24.0-255,2902,12025,82,234925
6344,8.8e-05,172.31.47.0-255,66,12091,82,234925
6345,9.2e-05,74.125.24.0-255,2043,14134,82,234925
6346,9.4e-05,172.31.47.0-255,66,14200,82,234925
6347,0.000106,172.31.47.0-255,66,14266,82,234925
6348,0.000109,74.125.24.0-255,1484,15750,82,234925
6349,0.000111,172.31.47.0-255,66,15816,82,234925
6350,0.000144,74.125.24.0-255,3961,19777,82,234925
6351,0.000147,172.31.47.0-255,66,19843,82,234925
6352,0.00021,74.125.24.0-255,1484,21327,82,234925
6353,0.000213,172.31.47.0-255,66,21393,82,234925
6354,0.000229,74.125.24.0-255,2902,24295,82,234925
6355,0.000231,172.31.47.0-255,66,24361,82,234925
6356,0.000237,74.125.24.0-255,4320,28681,82,234925
6357,0.000238,172.31.47.0-255,66,28747,82,234925
6358,0.000261,74.125.24.0-255,1484,30231,82,234925
6359,0.000263,172.31.47.0-255,66,30297,82,234925
6360,0.000289,74.125.24.0-255,7156,37453,82,234925
6361,0.000292,172.31.47.0-255,66,37519,82,234925
6362,0.000303,74.125.24.0-255,2543,40062,82,234925
6363,0.000306,172.31.47.0-255,66,40128,82,234925
6364,0.000332,74.125.24.0-255,2902,43030,82,234925
6365,0.000334,172.31.47.0-255,66,43096,82,234925
6366,0.000368,172.31.47.0-255,66,43162,82,234925
6367,0.001165,74.125.24.0-255,646,43808,82,234925
6368,0.001576,74.125.24.0-255,1484,45292,82,234925
6369,0.001584,172.31.47.0-255,66,45358,82,234925
6370,0.001591,74.125.24.0-255,2902,48260,82,234925
6371,0.001593,172.31.47.0-255,66,48326,82,234925
6372,0.001628,74.125.24.0-255,5738,54064,82,234925
6373,0.001631,172.31.47.0-255,66,54130,82,234925
6374,0.001666,74.125.24.0-255,9992,64122,82,234925
6375,0.001668,172.31.47.0-255,66,64188,82,234925
6376,0.001679,172.31.47.0-255,66,64254,82,234925
6377,0.001687,74.125.24.0-255,2184,66438,82,234925
6378,0.001689,172.31.47.0-255,66,66504,82,234925
6379,0.004007,74.125.24.0-255,5738,72242,82,234925
6380,0.004013,172.31.47.0-255,66,72308,82,234925
6381,0.006377,74.125.24.0-255,5738,78046,82,234925
6382,0.006382,172.31.47.0-255,66,78112,82,234925
6383,0.008765,74.125.24.0-255,5738,83850,82,234925
6384,0.008772,172.31.47.0-255,66,83916,82,234925
6385,0.011132,74.125.24.0-255,5738,89654,82,234925
6386,0.011139,172.31.47.0-255,66,89720,82,234925
6387,0.013499,74.125.24.0-255,5738,95458,82,234925
6388,0.013506,172.31.47.0-255,66,95524,82,234925
6389,0.01585,74.125.24.0-255,5738,101262,82,234925
6390,0.015859,172.31.47.0-255,66,101328,82,234925
6391,0.018226,74.125.24.0-255,5738,107066,82,234925
6392,0.018234,172.31.47.0-255,66,107132,82,234925
6393,0.02059,74.125.24.0-255,5738,112870,82,234925
6394,0.020596,172.31.47.0-255,66,112936,82,234925
6395,0.021763,172.31.47.0-255,172,113108,82,234925
6396,0.021792,172.31.47.0-255,1112,114220,82,234925
6397,0.021842,172.31.47.0-255,1514,115734,82,234925
6398,0.021844,172.31.47.0-255,1287,117021,82,234925
6399,0.02299,74.125.24.0-255,1484,118505,82,234925
6400,0.02301,74.125.24.0-255,1484,119989,82,234925
6401,0.023016,172.31.47.0-255,66,120055,82,234925
6402,0.023047,74.125.24.0-255,2902,122957,82,234925
6403,0.02305,172.31.47.0-255,66,123023,82,234925
6404,0.023285,104.244.42.0-255,66,123089,82,234925
6405,0.023329,104.244.42.0-255,66,123155,82,234925
6406,0.023394,104.244.42.0-255,66,123221,82,234925
6407,0.024056,104.244.42.0-255,108,123329,82,234925
6408,0.024062,172.31.47.0-255,66,123395,82,234925
6409,0.02539,74.125.24.0-255,2902,126297,82,234925
6410,0.025394,172.31.47.0-255,66,126363,82,234925
6411,0.02542,74.125.24.0-255,2902,129265,82,234925
6412,0.025422,172.31.47.0-255,66,129331,82,234925
6413,0.027747,74.125.24.0-255,2902,132233,82,234925
6414,0.027754,172.31.47.0-255,66,132299,82,234925
6415,0.027783,74.125.24.0-255,2902,135201,82,234925
6416,0.027786,172.31.47.0-255,66,135267,82,234925
6417,0.030096,74.125.24.0-255,2902,138169,82,234925
6418,0.030104,172.31.47.0-255,66,138235,82,234925
6419,0.030135,74.125.24.0-255,2902,141137,82,234925
6420,0.030138,172.31.47.0-255,66,141203,82,234925
6421,0.032442,74.125.24.0-255,2902,144105,82,234925
6422,0.032448,172.31.47.0-255,66,144171,82,234925
6423,0.032476,74.125.24.0-255,2902,147073,82,234925
6424,0.032479,172.31.47.0-255,66,147139,82,234925
6425,0.034778,74.125.24.0-255,2902,150041,82,234925
6426,0.034783,172.31.47.0-255,66,150107,82,234925
6427,0.034822,74.125.24.0-255,2902,153009,82,234925
6428,0.034825,172.31.47.0-255,66,153075,82,234925
6429,0.037146,74.125.24.0-255,2902,155977,82,234925
6430,0.037152,172.31.47.0-255,66,156043,82,234925
6431,0.037182,74.125.24.0-255,2902,158945,82,234925
6432,0.037184,172.31.47.0-255,66,159011,82,234925
6433,0.039502,74.125.24.0-255,2902,161913,82,234925
6434,0.039507,172.31.47.0-255,66,161979,82,234925
6435,0.039529,74.125.24.0-255,1484,163463,82,234925
6436,0.039542,74.125.24.0-255,1484,164947,82,234925
6437,0.039544,172.31.47.0-255,66,165013,82,234925
6438,0.041838,74.125.24.0-255,2902,167915,82,234925
6439,0.041844,172.31.47.0-255,66,167981,82,234925
6440,0.041872,74.125.24.0-255,2902,170883,82,234925
6441,0.041875,172.31.47.0-255,66,170949,82,234925
6442,0.044175,74.125.24.0-255,2902,173851,82,234925
6443,0.044182,172.31.47.0-255,66,173917,82,234925
6444,0.044208,74.125.24.0-255,2902,176819,82,234925
6445,0.044211,172.31.47.0-255,66,176885,82,234925
6446,0.04653,74.125.24.0-255,5738,182623,82,234925
6447,0.046536,172.31.47.0-255,66,182689,82,234925
6448,0.048893,74.125.24.0-255,5738,188427,82,234925
6449,0.0489,172.31.47.0-255,66,188493,82,234925
6450,0.051266,74.125.24.0-255,5738,194231,82,234925
6451,0.051272,172.31.47.0-255,66,194297,82,234925
6452,0.05363,74.125.24.0-255,5738,200035,82,234925
6453,0.053635,172.31.47.0-255,66,200101,82,234925
6454,0.056032,74.125.24.0-255,5738,205839,82,234925
6455,0.056039,172.31.47.0-255,66,205905,82,234925
6456,0.058414,74.125.24.0-255,5738,211643,82,234925
6457,0.058421,172.31.47.0-255,66,211709,82,234925
6458,0.060786,74.125.24.0-255,5738,217447,82,234925
6459,0.060792,172.31.47.0-255,66,217513,82,234925
6460,0.063127,74.125.24.0-255,5738,223251,82,234925
6461,0.063133,172.31.47.0-255,66,223317,82,234925
6462,0.065474,74.125.24.0-255,5738,229055,82,234925
6463,0.06548,172.31.47.0-255,66,229121,82,234925
6464,0.067815,74.125.24.0-255,5738,234859,82,234925
6465,0.067822,172.31.47.0-255,66,234925,82,234925
6466,0.0,216.58.203.0-255,153,153,82,371766
6467,2.2e-05,172.31.47.0-255,66,219,82,371766
6468,2.9e-05,216.58.203.0-255,1484,1703,82,371766
6469,3.5e-05,172.31.47.0-255,66,1769,82,371766
6470,4e-05,216.58.203.0-255,2902,4671,82,371766
6471,4.4e-05,172.31.47.0-255,66,4737,82,371766
6472,4.7e-05,216.58.203.0-255,1484,6221,82,371766
6473,5e-05,172.31.47.0-255,66,6287,82,371766
6474,5.4e-05,216.58.203.0-255,2902,9189,82,371766
6475,5.7e-05,172.31.47.0-255,66,9255,82,371766
6476,6.4e-05,216.58.203.0-255,6337,15592,82,371766
6477,6.6e-05,172.31.47.0-255,66,15658,82,371766
6478,8.7e-05,216.58.203.0-255,2902,18560,82,371766
6479,8.9e-05,172.31.47.0-255,66,18626,82,371766
6480,0.000126,172.31.47.0-255,66,18692,82,371766
6481,0.000129,216.58.203.0-255,1125,19817,82,371766
6482,0.00013,172.31.47.0-255,66,19883,82,371766
6483,0.000193,216.58.203.0-255,1484,21367,82,371766
6484,0.000196,172.31.47.0-255,66,21433,82,371766
6485,0.000199,216.58.203.0-255,1484,22917,82,371766
6486,0.000202,172.31.47.0-255,66,22983,82,371766
6487,0.000215,216.58.203.0-255,2902,25885,82,371766
6488,0.000217,172.31.47.0-255,66,25951,82,371766
6489,0.000223,216.58.203.0-255,5738,31689,82,371766
6490,0.000226,172.31.47.0-255,66,31755,82,371766
6491,0.000229,216.58.203.0-255,2902,34657,82,371766
6492,0.000231,172.31.47.0-255,66,34723,82,371766
6493,0.000266,216.58.203.0-255,9992,44715,82,371766
6494,0.000269,172.31.47.0-255,66,44781,82,371766
6495,0.000274,216.58.203.0-255,5738,50519,82,371766
6496,0.000277,172.31.47.0-255,66,50585,82,371766
6497,0.000328,216.58.203.0-255,3894,54479,82,371766
6498,0.00033,172.31.47.0-255,66,54545,82,371766
6499,0.00056,216.58.203.0-255,130,54675,82,371766
6500,0.000836,216.58.203.0-255,1484,56159,82,371766
6501,0.000841,172.31.47.0-255,66,56225,82,371766
6502,0.000847,216.58.203.0-255,2902,59127,82,371766
6503,0.000849,172.31.47.0-255,66,59193,82,371766
6504,0.000854,216.58.203.0-255,4320,63513,82,371766
6505,0.000856,172.31.47.0-255,66,63579,82,371766
6506,0.000888,216.58.203.0-255,8574,72153,82,371766
6507,0.00089,172.31.47.0-255,66,72219,82,371766
6508,0.000916,216.58.203.0-255,9992,82211,82,371766
6509,0.00092,172.31.47.0-255,66,82277,82,371766
6510,0.00097,216.58.203.0-255,1484,83761,82,371766
6511,0.000988,216.58.203.0-255,5020,88781,82,371766
6512,0.00099,172.31.47.0-255,66,88847,82,371766
6513,0.000994,216.58.203.0-255,1484,90331,82,371766
6514,0.001009,216.58.203.0-255,2902,93233,82,371766
6515,0.001011,172.31.47.0-255,66,93299,82,371766
6516,0.001035,216.58.203.0-255,2902,96201,82,371766
6517,0.001038,172.31.47.0-255,66,96267,82,371766
6518,0.00105,172.31.47.0-255,66,96333,82,371766
6519,0.001054,216.58.203.0-255,2902,99235,82,371766
6520,0.001057,172.31.47.0-255,66,99301,82,371766
6521,0.001088,216.58.203.0-255,9992,109293,82,371766
6522,0.001091,172.31.47.0-255,66,109359,82,371766
6523,0.001095,216.58.203.0-255,1890,111249,82,371766
6524,0.001097,172.31.47.0-255,66,111315,82,371766
6525,0.001101,216.58.203.0-255,2902,114217,82,371766
6526,0.001103,172.31.47.0-255,66,114283,82,371766
6527,0.001107,216.58.203.0-255,2902,117185,82,371766
6528,0.001109,172.31.47.0-255,66,117251,82,371766
6529,0.001114,216.58.203.0-255,4320,121571,82,371766
6530,0.001117,172.31.47.0-255,66,121637,82,371766
6531,0.001121,216.58.203.0-255,2902,124539,82,371766
6532,0.001123,172.31.47.0-255,66,124605,82,371766
6533,0.001172,216.58.203.0-255,5738,130343,82,371766
6534,0.001177,172.31.47.0-255,66,130409,82,371766
6535,0.001193,172.31.47.0-255,66,130475,82,371766
6536,0.00282,216.58.203.0-255,5738,136213,82,371766
6537,0.002829,172.31.47.0-255,66,136279,82,371766
6538,0.004454,216.58.203.0-255,5738,142017,82,371766
6539,0.004457,172.31.47.0-255,66,142083,82,371766
6540,0.006079,216.58.203.0-255,5738,147821,82,371766
6541,0.006084,172.31.47.0-255,66,147887,82,371766
6542,0.007704,216.58.203.0-255,5738,153625,82,371766
6543,0.00771,172.31.47.0-255,66,153691,82,371766
6544,0.009336,216.58.203.0-255,5738,159429,82,371766
6545,0.009343,172.31.47.0-255,66,159495,82,371766
6546,0.010972,216.58.203.0-255,4320,163815,82,371766
6547,0.010979,172.31.47.0-255,66,163881,82,371766
6548,0.010997,216.58.203.0-255,1484,165365,82,371766
6549,0.012607,216.58.203.0-255,4320,169685,82,371766
6550,0.012615,172.31.47.0-255,66,169751,82,371766
6551,0.014244,216.58.203.0-255,5738,175489,82,371766
6552,0.01425,172.31.47.0-255,66,175555,82,371766
6553,0.015873,216.58.203.0-255,5738,181293,82,371766
6554,0.015879,172.31.47.0-255,66,181359,82,371766
6555,0.017506,216.58.203.0-255,5738,187097,82,371766
6556,0.017515,172.31.47.0-255,66,187163,82,371766
6557,0.019148,216.58.203.0-255,5738,192901,82,371766
6558,0.019155,172.31.47.0-255,66,192967,82,371766
6559,0.020793,216.58.203.0-255,4320,197287,82,371766
6560,0.020802,172.31.47.0-255,66,197353,82,371766
6561,0.020819,216.58.203.0-255,1484,198837,82,371766
6562,0.022433,216.58.203.0-255,2902,201739,82,371766
6563,0.022439,172.31.47.0-255,66,201805,82,371766
6564,0.022458,216.58.203.0-255,1484,203289,82,371766
6565,0.024094,216.58.203.0-255,4320,207609,82,371766
6566,0.0241,172.31.47.0-255,66,207675,82,371766
6567,0.025731,216.58.203.0-255,5738,213413,82,371766
6568,0.025736,172.31.47.0-255,66,213479,82,371766
6569,0.027362,216.58.203.0-255,5738,219217,82,371766
6570,0.027369,172.31.47.0-255,66,219283,82,371766
6571,0.029019,216.58.203.0-255,5738,225021,82,371766
6572,0.029026,172.31.47.0-255,66,225087,82,371766
6573,0.03065,216.58.203.0-255,5738,230825,82,371766
6574,0.030656,172.31.47.0-255,66,230891,82,371766
6575,0.032273,216.58.203.0-255,5738,236629,82,371766
6576,0.032279,172.31.47.0-255,66,236695,82,371766
6577,0.033902,216.58.203.0-255,5738,242433,82,371766
6578,0.033907,172.31.47.0-255,66,242499,82,371766
6579,0.035538,216.58.203.0-255,5738,248237,82,371766
6580,0.035545,172.31.47.0-255,66,248303,82,371766
6581,0.037182,216.58.203.0-255,5738,254041,82,371766
6582,0.037189,172.31.47.0-255,66,254107,82,371766
6583,0.038821,216.58.203.0-255,5738,259845,82,371766
6584,0.038828,172.31.47.0-255,66,259911,82,371766
6585,0.040462,216.58.203.0-255,5738,265649,82,371766
6586,0.040468,172.31.47.0-255,66,265715,82,371766
6587,0.040923,172.31.47.0-255,172,265887,82,371766
6588,0.040947,172.31.47.0-255,1112,266999,82,371766
6589,0.040995,172.31.47.0-255,1514,268513,82,371766
6590,0.040996,172.31.47.0-255,1287,269800,82,371766
6591,0.042108,216.58.203.0-255,5738,275538,82,371766
6592,0.042113,172.31.47.0-255,66,275604,82,371766
6593,0.042484,104.244.42.0-255,66,275670,82,371766
6594,0.042587,104.244.42.0-255,66,275736,82,371766
6595,0.042591,104.244.42.0-255,66,275802,82,371766
6596,0.043735,216.58.203.0-255,4320,280122,82,371766
6597,0.043739,172.31.47.0-255,66,280188,82,371766
6598,0.043756,216.58.203.0-255,1484,281672,82,371766
6599,0.045356,216.58.203.0-255,4320,285992,82,371766
6600,0.045362,172.31.47.0-255,66,286058,82,371766
6601,0.046997,216.58.203.0-255,5738,291796,82,371766
6602,0.047002,172.31.47.0-255,66,291862,82,371766
6603,0.048626,216.58.203.0-255,5738,297600,82,371766
6604,0.048632,172.31.47.0-255,66,297666,82,371766
6605,0.050266,216.58.203.0-255,5738,303404,82,371766
6606,0.050272,172.31.47.0-255,66,303470,82,371766
6607,0.051908,216.58.203.0-255,5738,309208,82,371766
6608,0.051918,172.31.47.0-255,66,309274,82,371766
6609,0.053546,216.58.203.0-255,5738,315012,82,371766
6610,0.053552,172.31.47.0-255,66,315078,82,371766
6611,0.055184,216.58.203.0-255,5738,320816,82,371766
6612,0.055191,172.31.47.0-255,66,320882,82,371766
6613,0.056816,216.58.203.0-255,5738,326620,82,371766
6614,0.056822,172.31.47.0-255,66,326686,82,371766
6615,0.058452,216.58.203.0-255,5738,332424,82,371766
6616,0.058459,172.31.47.0-255,66,332490,82,371766
6617,0.060085,216.58.203.0-255,5738,338228,82,371766
6618,0.060091,172.31.47.0-255,66,338294,82,371766
6619,0.061719,216.58.203.0-255,5738,344032,82,371766
6620,0.061726,172.31.47.0-255,66,344098,82,371766
6621,0.063356,216.58.203.0-255,5738,349836,82,371766
6622,0.063363,172.31.47.0-255,66,349902,82,371766
6623,0.064988,216.58.203.0-255,4320,354222,82,371766
6624,0.064994,172.31.47.0-255,66,354288,82,371766
6625,0.065013,216.58.203.0-255,1484,355772,82,371766
6626,0.066619,216.58.203.0-255,4320,360092,82,371766
6627,0.066625,172.31.47.0-255,66,360158,82,371766
6628,0.068257,216.58.203.0-255,5738,365896,82,371766
6629,0.068264,172.31.47.0-255,66,365962,82,371766
6630,0.069892,216.58.203.0-255,5738,371700,82,371766
6631,0.069899,172.31.47.0-255,66,371766,82,371766
6632,0.0,172.31.47.0-255,105,105,82,552
6633,4.5e-05,172.31.47.0-255,105,210,82,552
6634,0.001477,157.240.13.0-255,105,315,82,552
6635,0.001488,172.31.47.0-255,66,381,82,552
6636,0.001808,157.240.13.0-255,105,486,82,552
6637,0.001813,172.31.47.0-255,66,552,82,552
6638,0.0,172.253.118.0-255,153,153,82,380327
6639,2.7e-05,172.31.47.0-255,66,219,82,380327
6640,3.3e-05,172.253.118.0-255,1484,1703,82,380327
6641,3.7e-05,172.31.47.0-255,66,1769,82,380327
6642,4.1e-05,172.253.118.0-255,2902,4671,82,380327
6643,5.1e-05,172.31.47.0-255,66,4737,82,380327
6644,5.8e-05,172.253.118.0-255,5738,10475,82,380327
6645,6e-05,172.31.47.0-255,66,10541,82,380327
6646,8.8e-05,172.253.118.0-255,1484,12025,82,380327
6647,9.1e-05,172.31.47.0-255,66,12091,82,380327
6648,0.000107,172.253.118.0-255,2013,14104,82,380327
6649,0.00011,172.31.47.0-255,66,14170,82,380327
6650,0.000263,172.253.118.0-255,1484,15654,82,380327
6651,0.000268,172.31.47.0-255,66,15720,82,380327
6652,0.000274,172.253.118.0-255,2902,18622,82,380327
6653,0.000278,172.31.47.0-255,66,18688,82,380327
6654,0.000289,172.253.118.0-255,4320,23008,82,380327
6655,0.000292,172.31.47.0-255,66,23074,82,380327
6656,0.000338,172.253.118.0-255,9633,32707,82,380327
6657,0.000343,172.31.47.0-255,66,32773,82,380327
6658,0.000347,172.253.118.0-255,2902,35675,82,380327
6659,0.000349,172.31.47.0-255,66,35741,82,380327
6660,0.000378,172.253.118.0-255,7156,42897,82,380327
6661,0.000386,172.31.47.0-255,66,42963,82,380327
6662,0.000393,172.253.118.0-255,5379,48342,82,380327
6663,0.000395,172.31.47.0-255,66,48408,82,380327
6664,0.000435,172.253.118.0-255,1484,49892,82,380327
6665,0.000438,172.31.47.0-255,66,49958,82,380327
6666,0.000444,172.253.118.0-255,2902,52860,82,380327
6667,0.000446,172.31.47.0-255,66,52926,82,380327
6668,0.000458,172.253.118.0-255,5738,58664,82,380327
6669,0.000464,172.31.47.0-255,66,58730,82,380327
6670,0.000509,172.253.118.0-255,6797,65527,82,380327
6671,0.000513,172.31.47.0-255,66,65593,82,380327
6672,0.000652,172.253.118.0-255,401,65994,82,380327
6673,0.00082,172.31.47.0-255,66,66060,82,380327
6674,0.000925,172.253.118.0-255,344,66404,82,380327
6675,0.001073,172.253.118.0-255,1484,67888,82,380327
6676,0.001077,172.31.47.0-255,66,67954,82,380327
6677,0.001082,172.253.118.0-255,2902,70856,82,380327
6678,0.001084,172.31.47.0-255,66,70922,82,380327
6679,0.001087,172.253.118.0-255,2902,73824,82,380327
6680,0.001089,172.31.47.0-255,66,73890,82,380327
6681,0.001115,172.253.118.0-255,2902,76792,82,380327
6682,0.001117,172.31.47.0-255,66,76858,82,380327
6683,0.001129,172.253.118.0-255,8574,85432,82,380327
6684,0.001131,172.31.47.0-255,66,85498,82,380327
6685,0.001164,172.253.118.0-255,5379,90877,82,380327
6686,0.001166,172.31.47.0-255,66,90943,82,380327
6687,0.001174,172.253.118.0-255,9633,100576,82,380327
6688,0.001176,172.31.47.0-255,66,100642,82,380327
6689,0.001793,172.253.118.0-255,1484,102126,82,380327
6690,0.001799,172.253.118.0-255,2902,105028,82,380327
6691,0.001803,172.31.47.0-255,66,105094,82,380327
6692,0.001807,172.253.118.0-255,2902,107996,82,380327
6693,0.001809,172.31.47.0-255,66,108062,82,380327
6694,0.00183,172.253.118.0-255,2902,110964,82,380327
6695,0.001831,172.31.47.0-255,66,111030,82,380327
6696,0.001837,172.253.118.0-255,5738,116768,82,380327
6697,0.001838,172.31.47.0-255,66,116834,82,380327
6698,0.001866,172.253.118.0-255,7156,123990,82,380327
6699,0.001869,172.31.47.0-255,66,124056,82,380327
6700,0.001879,172.253.118.0-255,7156,131212,82,380327
6701,0.001881,172.31.47.0-255,66,131278,82,380327
6702,0.0019,172.253.118.0-255,3602,134880,82,380327
6703,0.001902,172.31.47.0-255,66,134946,82,380327
6704,0.00193,172.253.118.0-255,4320,139266,82,380327
6705,0.001933,172.31.47.0-255,66,139332,82,380327
6706,0.001954,172.253.118.0-255,4320,143652,82,380327
6707,0.001956,172.31.47.0-255,66,143718,82,380327
6708,0.001971,172.253.118.0-255,2902,146620,82,380327
6709,0.001973,172.31.47.0-255,66,146686,82,380327
6710,0.001978,172.253.118.0-255,5738,152424,82,380327
6711,0.00198,172.31.47.0-255,66,152490,82,380327
6712,0.002006,172.253.118.0-255,7156,159646,82,380327
6713,0.002008,172.31.47.0-255,66,159712,82,380327
6714,0.002017,172.253.118.0-255,2902,162614,82,380327
6715,0.002019,172.31.47.0-255,66,162680,82,380327
6716,0.002044,172.253.118.0-255,6438,169118,82,380327
6717,0.002046,172.31.47.0-255,66,169184,82,380327
6718,0.002141,172.253.118.0-255,1484,170668,82,380327
6719,0.002152,172.253.118.0-255,2902,173570,82,380327
6720,0.002154,172.31.47.0-255,66,173636,82,380327
6721,0.002179,172.253.118.0-255,5738,179374,82,380327
6722,0.002181,172.31.47.0-255,66,179440,82,380327
6723,0.00219,172.253.118.0-255,1484,180924,82,380327
6724,0.002215,172.31.47.0-255,66,180990,82,380327
6725,0.002217,172.253.118.0-255,1484,182474,82,380327
6726,0.00224,172.253.118.0-255,2902,185376,82,380327
6727,0.002243,172.31.47.0-255,66,185442,82,380327
6728,0.002251,172.253.118.0-255,1484,186926,82,380327
6729,0.002268,172.253.118.0-255,5020,191946,82,380327
6730,0.00227,172.31.47.0-255,66,192012,82,380327
6731,0.002313,172.253.118.0-255,1484,193496,82,380327
6732,0.002332,172.253.118.0-255,2902,196398,82,380327
6733,0.002334,172.31.47.0-255,66,196464,82,380327
6734,0.002336,172.253.118.0-255,1484,197948,82,380327
6735,0.002361,172.253.118.0-255,4320,202268,82,380327
6736,0.002363,172.31.47.0-255,66,202334,82,380327
6737,0.00237,172.253.118.0-255,8574,210908,82,380327
6738,0.002372,172.31.47.0-255,66,210974,82,380327
6739,0.002376,172.253.118.0-255,4320,215294,82,380327
6740,0.002383,172.31.47.0-255,66,215360,82,380327
6741,0.002407,172.253.118.0-255,5738,221098,82,380327
6742,0.00241,172.31.47.0-255,66,221164,82,380327
6743,0.002415,172.253.118.0-255,5020,226184,82,380327
6744,0.002417,172.31.47.0-255,66,226250,82,380327
6745,0.004962,172.253.118.0-255,5738,231988,82,380327
6746,0.004967,172.31.47.0-255,66,232054,82,380327
6747,0.007493,172.253.118.0-255,5738,237792,82,380327
6748,0.007499,172.31.47.0-255,66,237858,82,380327
6749,0.010054,172.253.118.0-255,5738,243596,82,380327
6750,0.010064,172.31.47.0-255,66,243662,82,380327
6751,0.012603,172.253.118.0-255,5738,249400,82,380327
6752,0.012613,172.31.47.0-255,66,249466,82,380327
6753,0.015161,172.253.118.0-255,5738,255204,82,380327
6754,0.015169,172.31.47.0-255,66,255270,82,380327
6755,0.017703,172.253.118.0-255,5738,261008,82,380327
6756,0.01771,172.31.47.0-255,66,261074,82,380327
6757,0.020249,172.253.118.0-255,5738,266812,82,380327
6758,0.020257,172.31.47.0-255,66,266878,82,380327
6759,0.022786,172.253.118.0-255,5738,272616,82,380327
6760,0.022792,172.31.47.0-255,66,272682,82,380327
6761,0.025315,172.253.118.0-255,5738,278420,82,380327
6762,0.025321,172.31.47.0-255,66,278486,82,380327
6763,0.027807,172.31.47.0-255,172,278658,82,380327
6764,0.027832,172.31.47.0-255,1112,279770,82,380327
6765,0.027861,172.253.118.0-255,5738,285508,82,380327
6766,0.027864,172.31.47.0-255,66,285574,82,380327
6767,0.027869,172.31.47.0-255,1514,287088,82,380327
6768,0.027894,172.31.47.0-255,1289,288377,82,380327
6769,0.029329,104.244.42.0-255,66,288443,82,380327
6770,0.029343,104.244.42.0-255,66,288509,82,380327
6771,0.029443,104.244.42.0-255,66,288575,82,380327
6772,0.030275,104.244.42.0-255,108,288683,82,380327
6773,0.030281,172.31.47.0-255,66,288749,82,380327
6774,0.030406,172.253.118.0-255,5738,294487,82,380327
6775,0.030411,172.31.47.0-255,66,294553,82,380327
6776,0.032937,172.253.118.0-255,5738,300291,82,380327
6777,0.032942,172.31.47.0-255,66,300357,82,380327
6778,0.035479,172.253.118.0-255,5738,306095,82,380327
6779,0.035484,172.31.47.0-255,66,306161,82,380327
6780,0.038015,172.253.118.0-255,4320,310481,82,380327
6781,0.038019,172.31.47.0-255,66,310547,82,380327
6782,0.038052,172.253.118.0-255,1484,312031,82,380327
6783,0.040545,172.253.118.0-255,4320,316351,82,380327
6784,0.04055,172.31.47.0-255,66,316417,82,380327
6785,0.043076,172.253.118.0-255,5738,322155,82,380327
6786,0.043081,172.31.47.0-255,66,322221,82,380327
6787,0.045613,172.253.118.0-255,5738,327959,82,380327
6788,0.045618,172.31.47.0-255,66,328025,82,380327
6789,0.048141,172.253.118.0-255,5738,333763,82,380327
6790,0.048146,172.31.47.0-255,66,333829,82,380327
6791,0.050681,172.253.118.0-255,5738,339567,82,380327
6792,0.050686,172.31.47.0-255,66,339633,82,380327
6793,0.053222,172.253.118.0-255,5738,345371,82,380327
6794,0.053226,172.31.47.0-255,66,345437,82,380327
6795,0.055762,172.253.118.0-255,5738,351175,82,380327
6796,0.055768,172.31.47.0-255,66,351241,82,380327
6797,0.058282,172.253.118.0-255,5738,356979,82,380327
6798,0.058286,172.31.47.0-255,66,357045,82,380327
6799,0.060811,172.253.118.0-255,5738,362783,82,380327
6800,0.060815,172.31.47.0-255,66,362849,82,380327
6801,0.06334,172.253.118.0-255,5738,368587,82,380327
6802,0.063345,172.31.47.0-255,66,368653,82,380327
6803,0.065866,172.253.118.0-255,5738,374391,82,380327
6804,0.065871,172.31.47.0-255,66,374457,82,380327
6805,0.068392,172.253.118.0-255,1484,375941,82,380327
6806,0.068422,172.253.118.0-255,4320,380261,82,380327
6807,0.068426,172.31.47.0-255,66,380327,82,380327
6808,0.0,172.217.194.0-255,153,153,82,294031
6809,2.5e-05,172.31.47.0-255,66,219,82,294031
6810,5.7e-05,172.217.194.0-255,1484,1703,82,294031
6811,6.1e-05,172.31.47.0-255,66,1769,82,294031
6812,8.1e-05,172.217.194.0-255,2902,4671,82,294031
6813,8.3e-05,172.31.47.0-255,66,4737,82,294031
6814,9e-05,172.217.194.0-255,5738,10475,82,294031
6815,9.3e-05,172.31.47.0-255,66,10541,82,294031
6816,9.8e-05,172.217.194.0-255,3463,14004,82,294031
6817,0.0001,172.31.47.0-255,66,14070,82,294031
6818,0.000163,172.31.47.0-255,66,14136,82,294031
6819,0.000169,172.217.194.0-255,5379,19515,82,294031
6820,0.000173,172.31.47.0-255,66,19581,82,294031
6821,0.000215,172.217.194.0-255,1484,21065,82,294031
6822,0.000218,172.31.47.0-255,66,21131,82,294031
6823,0.000238,172.217.194.0-255,2902,24033,82,294031
6824,0.000241,172.31.47.0-255,66,24099,82,294031
6825,0.000246,172.217.194.0-255,5738,29837,82,294031
6826,0.000248,172.31.47.0-255,66,29903,82,294031
6827,0.000253,172.217.194.0-255,2902,32805,82,294031
6828,0.000255,172.31.47.0-255,66,32871,82,294031
6829,0.00028,172.217.194.0-255,2902,35773,82,294031
6830,0.000284,172.31.47.0-255,66,35839,82,294031
6831,0.000302,172.31.47.0-255,66,35905,82,294031
6832,0.000308,172.217.194.0-255,5331,41236,82,294031
6833,0.000311,172.31.47.0-255,66,41302,82,294031
6834,0.000386,172.217.194.0-255,366,41668,82,294031
6835,0.00039,172.31.47.0-255,66,41734,82,294031
6836,0.000561,172.217.194.0-255,1484,43218,82,294031
6837,0.000565,172.31.47.0-255,66,43284,82,294031
6838,0.00057,172.217.194.0-255,2902,46186,82,294031
6839,0.000572,172.31.47.0-255,66,46252,82,294031
6840,0.000583,172.217.194.0-255,4320,50572,82,294031
6841,0.000586,172.31.47.0-255,66,50638,82,294031
6842,0.000612,172.217.194.0-255,1484,52122,82,294031
6843,0.000631,172.31.47.0-255,66,52188,82,294031
6844,0.000639,172.217.194.0-255,8574,60762,82,294031
6845,0.000641,172.31.47.0-255,66,60828,82,294031
6846,0.000693,172.217.194.0-255,2184,63012,82,294031
6847,0.000697,172.31.47.0-255,66,63078,82,294031
6848,0.000911,172.217.194.0-255,1484,64562,82,294031
6849,0.000931,172.217.194.0-255,2902,67464,82,294031
6850,0.000935,172.31.47.0-255,66,67530,82,294031
6851,0.000942,172.217.194.0-255,5738,73268,82,294031
6852,0.000944,172.31.47.0-255,66,73334,82,294031
6853,0.000988,172.31.47.0-255,66,73400,82,294031
6854,0.000997,172.217.194.0-255,10692,84092,82,294031
6855,0.000999,172.31.47.0-255,66,84158,82,294031
6856,0.00179,172.217.194.0-255,1484,85642,82,294031
6857,0.001799,172.217.194.0-255,2902,88544,82,294031
6858,0.001803,172.31.47.0-255,66,88610,82,294031
6859,0.00181,172.217.194.0-255,5738,94348,82,294031
6860,0.001813,172.31.47.0-255,66,94414,82,294031
6861,0.001853,172.31.47.0-255,66,94480,82,294031
6862,0.001861,172.217.194.0-255,8574,103054,82,294031
6863,0.001869,172.31.47.0-255,66,103120,82,294031
6864,0.001896,172.217.194.0-255,2184,105304,82,294031
6865,0.001899,172.31.47.0-255,66,105370,82,294031
6866,0.001932,172.217.194.0-255,2902,108272,82,294031
6867,0.001935,172.31.47.0-255,66,108338,82,294031
6868,0.001958,172.217.194.0-255,4320,112658,82,294031
6869,0.001961,172.31.47.0-255,66,112724,82,294031
6870,0.001991,172.217.194.0-255,8574,121298,82,294031
6871,0.001993,172.31.47.0-255,66,121364,82,294031
6872,0.001997,172.217.194.0-255,4320,125684,82,294031
6873,0.001999,172.31.47.0-255,66,125750,82,294031
6874,0.002027,172.217.194.0-255,9992,135742,82,294031
6875,0.002029,172.31.47.0-255,66,135808,82,294031
6876,0.002032,172.217.194.0-255,1484,137292,82,294031
6877,0.002052,172.217.194.0-255,2184,139476,82,294031
6878,0.002054,172.31.47.0-255,66,139542,82,294031
6879,0.00218,172.217.194.0-255,1484,141026,82,294031
6880,0.002191,172.217.194.0-255,2902,143928,82,294031
6881,0.002194,172.31.47.0-255,66,143994,82,294031
6882,0.002222,172.217.194.0-255,5738,149732,82,294031
6883,0.002224,172.31.47.0-255,66,149798,82,294031
6884,0.002229,172.217.194.0-255,5738,155536,82,294031
6885,0.002231,172.31.47.0-255,66,155602,82,294031
6886,0.002259,172.217.194.0-255,7156,162758,82,294031
6887,0.002261,172.31.47.0-255,66,162824,82,294031
6888,0.00227,172.217.194.0-255,2902,165726,82,294031
6889,0.002271,172.31.47.0-255,66,165792,82,294031
6890,0.002299,172.217.194.0-255,5738,171530,82,294031
6891,0.002302,172.31.47.0-255,66,171596,82,294031
6892,0.00232,172.217.194.0-255,2184,173780,82,294031
6893,0.002322,172.31.47.0-255,66,173846,82,294031
6894,0.00235,172.217.194.0-255,1484,175330,82,294031
6895,0.002371,172.217.194.0-255,1484,176814,82,294031
6896,0.002373,172.31.47.0-255,66,176880,82,294031
6897,0.002398,172.217.194.0-255,1484,178364,82,294031
6898,0.002403,172.217.194.0-255,5738,184102,82,294031
6899,0.002405,172.31.47.0-255,66,184168,82,294031
6900,0.002434,172.217.194.0-255,8574,192742,82,294031
6901,0.002437,172.31.47.0-255,66,192808,82,294031
6902,0.002477,172.217.194.0-255,2902,195710,82,294031
6903,0.00248,172.31.47.0-255,66,195776,82,294031
6904,0.002512,172.31.47.0-255,66,195842,82,294031
6905,0.002544,172.217.194.0-255,1484,197326,82,294031
6906,0.002547,172.217.194.0-255,1484,198810,82,294031
6907,0.002549,172.31.47.0-255,66,198876,82,294031
6908,0.002551,172.217.194.0-255,1484,200360,82,294031
6909,0.002574,172.217.194.0-255,2902,203262,82,294031
6910,0.002576,172.31.47.0-255,66,203328,82,294031
6911,0.002618,172.217.194.0-255,7156,210484,82,294031
6912,0.00262,172.31.47.0-255,66,210550,82,294031
6913,0.002637,172.217.194.0-255,1484,212034,82,294031
6914,0.002639,172.217.194.0-255,1484,213518,82,294031
6915,0.002642,172.31.47.0-255,78,213596,82,294031
6916,0.002653,172.31.47.0-255,66,213662,82,294031
6917,0.002657,172.217.194.0-255,2902,216564,82,294031
6918,0.002658,172.31.47.0-255,66,216630,82,294031
6919,0.00266,172.217.194.0-255,766,217396,82,294031
6920,0.002686,172.217.194.0-255,1484,218880,82,294031
6921,0.002687,172.31.47.0-255,66,218946,82,294031
6922,0.002705,172.217.194.0-255,4320,223266,82,294031
6923,0.002707,172.31.47.0-255,66,223332,82,294031
6924,0.002712,172.217.194.0-255,4320,227652,82,294031
6925,0.002714,172.31.47.0-255,66,227718,82,294031
6926,0.002734,172.217.194.0-255,1484,229202,82,294031
6927,0.002738,172.217.194.0-255,4320,233522,82,294031
6928,0.00274,172.31.47.0-255,66,233588,82,294031
6929,0.00277,172.217.194.0-255,7156,240744,82,294031
6930,0.002772,172.31.47.0-255,66,240810,82,294031
6931,0.002776,172.217.194.0-255,4320,245130,82,294031
6932,0.002778,172.31.47.0-255,66,245196,82,294031
6933,0.002783,172.217.194.0-255,5738,250934,82,294031
6934,0.002789,172.31.47.0-255,66,251000,82,294031
6935,0.002791,172.217.194.0-255,766,251766,82,294031
6936,0.002793,172.217.194.0-255,1484,253250,82,294031
6937,0.002796,172.217.194.0-255,1484,254734,82,294031
6938,0.002799,172.31.47.0-255,66,254800,82,294031
6939,0.002822,172.217.194.0-255,1484,256284,82,294031
6940,0.002824,172.31.47.0-255,66,256350,82,294031
6941,0.002832,172.217.194.0-255,5738,262088,82,294031
6942,0.002835,172.217.194.0-255,2902,264990,82,294031
6943,0.002877,172.217.194.0-255,6438,271428,82,294031
6944,0.002912,172.217.194.0-255,1484,272912,82,294031
6945,0.002958,172.217.194.0-255,1484,274396,82,294031
6946,0.002972,172.217.194.0-255,5738,280134,82,294031
6947,0.002992,172.217.194.0-255,9273,289407,82,294031
6948,0.002994,172.217.194.0-255,105,289512,82,294031
6949,0.007245,172.31.47.0-255,66,289578,82,294031
6950,0.009072,172.31.47.0-255,105,289683,82,294031
6951,0.011559,172.217.194.0-255,66,289749,82,294031
6952,0.025347,172.31.47.0-255,171,289920,82,294031
6953,0.025378,172.31.47.0-255,1136,291056,82,294031
6954,0.025422,172.31.47.0-255,1514,292570,82,294031
6955,0.025423,172.31.47.0-255,1263,293833,82,294031
6956,0.026901,104.244.42.0-255,66,293899,82,294031
6957,0.02691,104.244.42.0-255,66,293965,82,294031
6958,0.026982,104.244.42.0-255,66,294031,82,294031
6959,0.0,74.125.200.0-255,154,154,82,366303
6960,2.9e-05,172.31.47.0-255,66,220,82,366303
6961,3.6e-05,74.125.200.0-255,1484,1704,82,366303
6962,4e-05,172.31.47.0-255,66,1770,82,366303
6963,4.4e-05,74.125.200.0-255,2902,4672,82,366303
6964,5.3e-05,172.31.47.0-255,66,4738,82,366303
6965,6.1e-05,74.125.200.0-255,7156,11894,82,366303
6966,6.4e-05,172.31.47.0-255,66,11960,82,366303
6967,6.7e-05,74.125.200.0-255,2105,14065,82,366303
6968,7e-05,172.31.47.0-255,66,14131,82,366303
6969,7.4e-05,74.125.200.0-255,2902,17033,82,366303
6970,7.7e-05,172.31.47.0-255,66,17099,82,366303
6971,0.000121,74.125.200.0-255,7156,24255,82,366303
6972,0.000124,172.31.47.0-255,66,24321,82,366303
6973,0.000131,74.125.200.0-255,6797,31118,82,366303
6974,0.000133,172.31.47.0-255,66,31184,82,366303
6975,0.000236,74.125.200.0-255,1484,32668,82,366303
6976,0.00024,172.31.47.0-255,66,32734,82,366303
6977,0.000245,74.125.200.0-255,2902,35636,82,366303
6978,0.000247,172.31.47.0-255,66,35702,82,366303
6979,0.000289,74.125.200.0-255,5738,41440,82,366303
6980,0.000293,172.31.47.0-255,66,41506,82,366303
6981,0.000299,74.125.200.0-255,6797,48303,82,366303
6982,0.000302,172.31.47.0-255,66,48369,82,366303
6983,0.000342,74.125.200.0-255,9992,58361,82,366303
6984,0.000346,172.31.47.0-255,66,58427,82,366303
6985,0.000375,74.125.200.0-255,7069,65496,82,366303
6986,0.000379,172.31.47.0-255,66,65562,82,366303
6987,0.000479,74.125.200.0-255,126,65688,82,366303
6988,0.000485,172.31.47.0-255,66,65754,82,366303
6989,0.000609,74.125.200.0-255,1484,67238,82,366303
6990,0.000613,172.31.47.0-255,66,67304,82,366303
6991,0.000619,74.125.200.0-255,2902,70206,82,366303
6992,0.000622,172.31.47.0-255,66,70272,82,366303
6993,0.00065,74.125.200.0-255,5738,76010,82,366303
6994,0.000656,172.31.47.0-255,66,76076,82,366303
6995,0.000664,74.125.200.0-255,5738,81814,82,366303
6996,0.000667,172.31.47.0-255,66,81880,82,366303
6997,0.000702,74.125.200.0-255,7156,89036,82,366303
6998,0.000705,172.31.47.0-255,66,89102,82,366303
6999,0.000711,74.125.200.0-255,5738,94840,82,366303
7000,0.000713,172.31.47.0-255,66,94906,82,366303
7001,0.000779,74.125.200.0-255,5020,99926,82,366303
7002,0.000783,172.31.47.0-255,66,99992,82,366303
7003,0.000787,74.125.200.0-255,1484,101476,82,366303
7004,0.00081,74.125.200.0-255,2902,104378,82,366303
7005,0.000813,172.31.47.0-255,66,104444,82,366303
7006,0.000818,74.125.200.0-255,2902,107346,82,366303
7007,0.000819,172.31.47.0-255,66,107412,82,366303
7008,0.000851,74.125.200.0-255,2902,110314,82,366303
7009,0.000854,172.31.47.0-255,66,110380,82,366303
7010,0.000858,74.125.200.0-255,2902,113282,82,366303
7011,0.000861,172.31.47.0-255,66,113348,82,366303
7012,0.000866,74.125.200.0-255,4320,117668,82,366303
7013,0.000868,172.31.47.0-255,66,117734,82,366303
7014,0.000881,74.125.200.0-255,8574,126308,82,366303
7015,0.000884,172.31.47.0-255,66,126374,82,366303
7016,0.00089,74.125.200.0-255,4320,130694,82,366303
7017,0.000892,172.31.47.0-255,66,130760,82,366303
7018,0.000926,74.125.200.0-255,3310,134070,82,366303
7019,0.000929,172.31.47.0-255,66,134136,82,366303
7020,0.000934,74.125.200.0-255,2902,137038,82,366303
7021,0.000936,172.31.47.0-255,66,137104,82,366303
7022,0.000975,74.125.200.0-255,5738,142842,82,366303
7023,0.000978,172.31.47.0-255,66,142908,82,366303
7024,0.000986,74.125.200.0-255,8574,151482,82,366303
7025,0.000988,172.31.47.0-255,66,151548,82,366303
7026,0.001002,74.125.200.0-255,9992,161540,82,366303
7027,0.001005,172.31.47.0-255,66,161606,82,366303
7028,0.001012,74.125.200.0-255,6438,168044,82,366303
7029,0.001015,172.31.47.0-255,66,168110,82,366303
7030,0.001149,74.125.200.0-255,1484,169594,82,366303
7031,0.001154,74.125.200.0-255,1484,171078,82,366303
7032,0.001159,172.31.47.0-255,66,171144,82,366303
7033,0.001165,74.125.200.0-255,1484,172628,82,366303
7034,0.001186,74.125.200.0-255,2902,175530,82,366303
7035,0.001189,172.31.47.0-255,66,175596,82,366303
7036,0.001216,74.125.200.0-255,2902,178498,82,366303
7037,0.001219,172.31.47.0-255,66,178564,82,366303
7038,0.001224,74.125.200.0-255,2902,181466,82,366303
7039,0.001225,172.31.47.0-255,66,181532,82,366303
7040,0.00124,74.125.200.0-255,9992,191524,82,366303
7041,0.001242,172.31.47.0-255,66,191590,82,366303
7042,0.001279,74.125.200.0-255,10692,202282,82,366303
7043,0.001282,172.31.47.0-255,66,202348,82,366303
7044,0.001459,74.125.200.0-255,1484,203832,82,366303
7045,0.001465,74.125.200.0-255,2902,206734,82,366303
7046,0.001469,172.31.47.0-255,66,206800,82,366303
7047,0.001493,74.125.200.0-255,1484,208284,82,366303
7048,0.001504,74.125.200.0-255,1484,209768,82,366303
7049,0.001507,172.31.47.0-255,66,209834,82,366303
7050,0.001536,74.125.200.0-255,4320,214154,82,366303
7051,0.001539,172.31.47.0-255,66,214220,82,366303
7052,0.001545,74.125.200.0-255,5738,219958,82,366303
7053,0.001547,172.31.47.0-255,66,220024,82,366303
7054,0.00155,74.125.200.0-255,1484,221508,82,366303
7055,0.001587,74.125.200.0-255,5738,227246,82,366303
7056,0.00159,172.31.47.0-255,66,227312,82,366303
7057,0.001595,74.125.200.0-255,2902,230214,82,366303
7058,0.001597,172.31.47.0-255,66,230280,82,366303
7059,0.001626,74.125.200.0-255,6438,236718,82,366303
7060,0.001629,172.31.47.0-255,66,236784,82,366303
7061,0.001652,74.125.200.0-255,9992,246776,82,366303
7062,0.001655,172.31.47.0-255,66,246842,82,366303
7063,0.001673,172.31.47.0-255,66,246908,82,366303
7064,0.001687,172.31.47.0-255,66,246974,82,366303
7065,0.00172,74.125.200.0-255,1484,248458,82,366303
7066,0.001725,74.125.200.0-255,2902,251360,82,366303
7067,0.001728,172.31.47.0-255,66,251426,82,366303
7068,0.001756,74.125.200.0-255,4320,255746,82,366303
7069,0.00176,172.31.47.0-255,66,255812,82,366303
7070,0.001766,74.125.200.0-255,5738,261550,82,366303
7071,0.001768,172.31.47.0-255,66,261616,82,366303
7072,0.001843,172.31.47.0-255,66,261682,82,366303
7073,0.001848,74.125.200.0-255,4320,266002,82,366303
7074,0.00185,172.31.47.0-255,66,266068,82,366303
7075,0.001856,74.125.200.0-255,5020,271088,82,366303
7076,0.001864,172.31.47.0-255,66,271154,82,366303
7077,0.00187,74.125.200.0-255,5738,276892,82,366303
7078,0.001872,172.31.47.0-255,66,276958,82,366303
7079,0.001899,74.125.200.0-255,5738,282696,82,366303
7080,0.001907,172.31.47.0-255,66,282762,82,366303
7081,0.001931,74.125.200.0-255,1484,284246,82,366303
7082,0.001941,74.125.200.0-255,8574,292820,82,366303
7083,0.001945,172.31.47.0-255,66,292886,82,366303
7084,0.001949,74.125.200.0-255,2902,295788,82,366303
7085,0.001951,172.31.47.0-255,66,295854,82,366303
7086,0.001973,74.125.200.0-255,5738,301592,82,366303
7087,0.001977,172.31.47.0-255,66,301658,82,366303
7088,0.00199,74.125.200.0-255,9274,310932,82,366303
7089,0.001993,172.31.47.0-255,66,310998,82,366303
7090,0.001998,74.125.200.0-255,4320,315318,82,366303
7091,0.002003,172.31.47.0-255,66,315384,82,366303
7092,0.002026,74.125.200.0-255,1484,316868,82,366303
7093,0.002057,172.31.47.0-255,66,316934,82,366303
7094,0.002065,74.125.200.0-255,6438,323372,82,366303
7095,0.002067,172.31.47.0-255,66,323438,82,366303
7096,0.00207,74.125.200.0-255,1484,324922,82,366303
7097,0.002099,74.125.200.0-255,5738,330660,82,366303
7098,0.002103,172.31.47.0-255,66,330726,82,366303
7099,0.00211,74.125.200.0-255,7156,337882,82,366303
7100,0.002112,172.31.47.0-255,66,337948,82,366303
7101,0.002117,74.125.200.0-255,4320,342268,82,366303
7102,0.002125,172.31.47.0-255,66,342334,82,366303
7103,0.002155,74.125.200.0-255,4320,346654,82,366303
7104,0.00216,172.31.47.0-255,66,346720,82,366303
7105,0.002164,74.125.200.0-255,10692,357412,82,366303
7106,0.002166,172.31.47.0-255,66,357478,82,366303
7107,0.002197,74.125.200.0-255,4134,361612,82,366303
7108,0.002201,172.31.47.0-255,66,361678,82,366303
7109,0.004393,74.125.200.0-255,105,361783,82,366303
7110,0.008442,172.31.47.0-255,66,361849,82,366303
7111,0.008488,172.31.47.0-255,105,361954,82,366303
7112,0.010705,74.125.200.0-255,66,362020,82,366303
7113,0.033033,172.31.47.0-255,172,362192,82,366303
7114,0.033052,172.31.47.0-255,1107,363299,82,366303
7115,0.0331,172.31.47.0-255,1514,364813,82,366303
7116,0.033119,172.31.47.0-255,1292,366105,82,366303
7117,0.034618,104.244.42.0-255,66,366171,82,366303
7118,0.034627,104.244.42.0-255,66,366237,82,366303
7119,0.034653,104.244.42.0-255,66,366303,82,366303
7120,0.0,172.217.194.0-255,153,153,82,267659
7121,2.9e-05,172.31.47.0-255,66,219,82,267659
7122,3.6e-05,172.217.194.0-255,1484,1703,82,267659
7123,3.9e-05,172.31.47.0-255,66,1769,82,267659
7124,4.4e-05,172.217.194.0-255,2902,4671,82,267659
7125,5.4e-05,172.31.47.0-255,66,4737,82,267659
7126,6e-05,172.217.194.0-255,7156,11893,82,267659
7127,6.3e-05,172.31.47.0-255,66,11959,82,267659
7128,6.6e-05,172.217.194.0-255,1993,13952,82,267659
7129,6.8e-05,172.31.47.0-255,66,14018,82,267659
7130,9.4e-05,172.217.194.0-255,1484,15502,82,267659
7131,9.6e-05,172.31.47.0-255,66,15568,82,267659
7132,0.000133,172.217.194.0-255,9992,25560,82,267659
7133,0.000136,172.31.47.0-255,66,25626,82,267659
7134,0.000141,172.217.194.0-255,5379,31005,82,267659
7135,0.000143,172.31.47.0-255,66,31071,82,267659
7136,0.000246,172.217.194.0-255,1484,32555,82,267659
7137,0.00025,172.31.47.0-255,66,32621,82,267659
7138,0.000255,172.217.194.0-255,2902,35523,82,267659
7139,0.000258,172.31.47.0-255,66,35589,82,267659
7140,0.000269,172.217.194.0-255,5738,41327,82,267659
7141,0.000272,172.31.47.0-255,66,41393,82,267659
7142,0.000277,172.217.194.0-255,4320,45713,82,267659
7143,0.000279,172.31.47.0-255,66,45779,82,267659
7144,0.000301,172.217.194.0-255,1484,47263,82,267659
7145,0.000306,172.31.47.0-255,66,47329,82,267659
7146,0.000319,172.31.47.0-255,66,47395,82,267659
7147,0.000322,172.217.194.0-255,1484,48879,82,267659
7148,0.000323,172.31.47.0-255,66,48945,82,267659
7149,0.000355,172.217.194.0-255,2796,51741,82,267659
7150,0.000358,172.31.47.0-255,66,51807,82,267659
7151,0.000361,172.217.194.0-255,116,51923,82,267659
7152,0.000699,172.31.47.0-255,66,51989,82,267659
7153,0.001057,172.217.194.0-255,383,52372,82,267659
7154,0.001093,172.31.47.0-255,66,52438,82,267659
7155,0.001694,172.217.194.0-255,1484,53922,82,267659
7156,0.001704,172.217.194.0-255,2902,56824,82,267659
7157,0.001709,172.31.47.0-255,66,56890,82,267659
7158,0.001713,172.217.194.0-255,1484,58374,82,267659
7159,0.001741,172.217.194.0-255,4320,62694,82,267659
7160,0.001744,172.31.47.0-255,66,62760,82,267659
7161,0.00175,172.217.194.0-255,5738,68498,82,267659
7162,0.001752,172.31.47.0-255,66,68564,82,267659
7163,0.00179,172.217.194.0-255,7156,75720,82,267659
7164,0.001797,172.217.194.0-255,8574,84294,82,267659
7165,0.0018,172.217.194.0-255,2184,86478,82,267659
7166,0.001804,172.31.47.0-255,66,86544,82,267659
7167,0.001807,172.31.47.0-255,66,86610,82,267659
7168,0.001809,172.31.47.0-255,66,86676,82,267659
7169,0.002259,172.217.194.0-255,1484,88160,82,267659
7170,0.002276,172.217.194.0-255,2902,91062,82,267659
7171,0.002279,172.31.47.0-255,66,91128,82,267659
7172,0.002282,172.217.194.0-255,1484,92612,82,267659
7173,0.002307,172.217.194.0-255,4320,96932,82,267659
7174,0.002309,172.31.47.0-255,66,96998,82,267659
7175,0.002315,172.217.194.0-255,7156,104154,82,267659
7176,0.002317,172.31.47.0-255,66,104220,82,267659
7177,0.002346,172.217.194.0-255,5738,109958,82,267659
7178,0.002348,172.31.47.0-255,66,110024,82,267659
7179,0.002365,172.217.194.0-255,5738,115762,82,267659
7180,0.002367,172.31.47.0-255,66,115828,82,267659
7181,0.002393,172.217.194.0-255,5020,120848,82,267659
7182,0.002395,172.31.47.0-255,66,120914,82,267659
7183,0.005079,172.217.194.0-255,5738,126652,82,267659
7184,0.005085,172.31.47.0-255,66,126718,82,267659
7185,0.007723,172.217.194.0-255,5738,132456,82,267659
7186,0.007731,172.31.47.0-255,66,132522,82,267659
7187,0.010371,172.217.194.0-255,5738,138260,82,267659
7188,0.01038,172.31.47.0-255,66,138326,82,267659
7189,0.013038,172.217.194.0-255,5738,144064,82,267659
7190,0.013049,172.31.47.0-255,66,144130,82,267659
7191,0.01569,172.217.194.0-255,5738,149868,82,267659
7192,0.015704,172.31.47.0-255,66,149934,82,267659
7193,0.018366,172.217.194.0-255,5738,155672,82,267659
7194,0.018382,172.31.47.0-255,66,155738,82,267659
7195,0.021018,172.217.194.0-255,5738,161476,82,267659
7196,0.021026,172.31.47.0-255,66,161542,82,267659
7197,0.023178,172.31.47.0-255,172,161714,82,267659
7198,0.02323,172.31.47.0-255,1111,162825,82,267659
7199,0.023302,172.31.47.0-255,1514,164339,82,267659
7200,0.023304,172.31.47.0-255,1288,165627,82,267659
7201,0.023656,172.217.194.0-255,5738,171365,82,267659
7202,0.023662,172.31.47.0-255,66,171431,82,267659
7203,0.024731,104.244.42.0-255,66,171497,82,267659
7204,0.024792,104.244.42.0-255,66,171563,82,267659
7205,0.024884,104.244.42.0-255,66,171629,82,267659
7206,0.026282,172.217.194.0-255,5738,177367,82,267659
7207,0.026288,172.31.47.0-255,66,177433,82,267659
7208,0.028918,172.217.194.0-255,5738,183171,82,267659
7209,0.028922,172.31.47.0-255,66,183237,82,267659
7210,0.03158,172.217.194.0-255,5738,188975,82,267659
7211,0.031584,172.31.47.0-255,66,189041,82,267659
7212,0.034217,172.217.194.0-255,1484,190525,82,267659
7213,0.034245,172.217.194.0-255,4320,194845,82,267659
7214,0.03425,172.31.47.0-255,66,194911,82,267659
7215,0.036909,172.217.194.0-255,4320,199231,82,267659
7216,0.036913,172.31.47.0-255,66,199297,82,267659
7217,0.03694,172.217.194.0-255,1484,200781,82,267659
7218,0.039544,172.217.194.0-255,4320,205101,82,267659
7219,0.039549,172.31.47.0-255,66,205167,82,267659
7220,0.042164,172.217.194.0-255,5738,210905,82,267659
7221,0.042169,172.31.47.0-255,66,210971,82,267659
7222,0.044818,172.217.194.0-255,5738,216709,82,267659
7223,0.044823,172.31.47.0-255,66,216775,82,267659
7224,0.047454,172.217.194.0-255,5738,222513,82,267659
7225,0.047459,172.31.47.0-255,66,222579,82,267659
7226,0.050091,172.217.194.0-255,5738,228317,82,267659
7227,0.050096,172.31.47.0-255,66,228383,82,267659
7228,0.052745,172.217.194.0-255,5738,234121,82,267659
7229,0.052751,172.31.47.0-255,66,234187,82,267659
7230,0.055392,172.217.194.0-255,5738,239925,82,267659
7231,0.055397,172.31.47.0-255,66,239991,82,267659
7232,0.058055,172.217.194.0-255,5738,245729,82,267659
7233,0.058061,172.31.47.0-255,66,245795,82,267659
7234,0.060694,172.217.194.0-255,4320,250115,82,267659
7235,0.0607,172.31.47.0-255,66,250181,82,267659
7236,0.060738,172.217.194.0-255,1484,251665,82,267659
7237,0.063329,172.217.194.0-255,4320,255985,82,267659
7238,0.063335,172.31.47.0-255,66,256051,82,267659
7239,0.065969,172.217.194.0-255,5738,261789,82,267659
7240,0.065974,172.31.47.0-255,66,261855,82,267659
7241,0.06862,172.217.194.0-255,5738,267593,82,267659
7242,0.068626,172.31.47.0-255,66,267659,82,267659
7243,0.0,172.217.194.0-255,153,153,82,337020
7244,1.4e-05,172.31.47.0-255,66,219,82,337020
7245,2e-05,172.217.194.0-255,1484,1703,82,337020
7246,2.4e-05,172.31.47.0-255,66,1769,82,337020
7247,2.8e-05,172.217.194.0-255,1484,3253,82,337020
7248,3.1e-05,172.31.47.0-255,66,3319,82,337020
7249,6e-05,172.217.194.0-255,1484,4803,82,337020
7250,6.3e-05,172.31.47.0-255,66,4869,82,337020
7251,7.1e-05,172.217.194.0-255,7156,12025,82,337020
7252,7.3e-05,172.31.47.0-255,66,12091,82,337020
7253,7.7e-05,172.217.194.0-255,2174,14265,82,337020
7254,7.9e-05,172.31.47.0-255,66,14331,82,337020
7255,0.000153,172.217.194.0-255,1484,15815,82,337020
7256,0.000157,172.31.47.0-255,66,15881,82,337020
7257,0.000162,172.217.194.0-255,2902,18783,82,337020
7258,0.000165,172.31.47.0-255,66,18849,82,337020
7259,0.00017,172.217.194.0-255,4320,23169,82,337020
7260,0.000172,172.31.47.0-255,66,23235,82,337020
7261,0.000187,172.217.194.0-255,1484,24719,82,337020
7262,0.00019,172.31.47.0-255,66,24785,82,337020
7263,0.000209,172.217.194.0-255,4320,29105,82,337020
7264,0.000213,172.31.47.0-255,66,29171,82,337020
7265,0.000234,172.217.194.0-255,2543,31714,82,337020
7266,0.000237,172.31.47.0-255,66,31780,82,337020
7267,0.000394,172.217.194.0-255,1484,33264,82,337020
7268,0.0004,172.31.47.0-255,66,33330,82,337020
7269,0.000408,172.217.194.0-255,2902,36232,82,337020
7270,0.00041,172.31.47.0-255,66,36298,82,337020
7271,0.000415,172.217.194.0-255,2902,39200,82,337020
7272,0.000418,172.31.47.0-255,66,39266,82,337020
7273,0.000443,172.217.194.0-255,4320,43586,82,337020
7274,0.000446,172.31.47.0-255,66,43652,82,337020
7275,0.000473,172.217.194.0-255,2902,46554,82,337020
7276,0.000491,172.31.47.0-255,66,46620,82,337020
7277,0.000493,172.217.194.0-255,6797,53417,82,337020
7278,0.000496,172.31.47.0-255,66,53483,82,337020
7279,0.000501,172.217.194.0-255,8574,62057,82,337020
7280,0.000513,172.217.194.0-255,1484,63541,82,337020
7281,0.000517,172.217.194.0-255,2543,66084,82,337020
7282,0.000519,172.31.47.0-255,66,66150,82,337020
7283,0.000524,172.31.47.0-255,66,66216,82,337020
7284,0.000553,172.217.194.0-255,382,66598,82,337020
7285,0.000959,172.217.194.0-255,363,66961,82,337020
7286,0.001,172.217.194.0-255,1484,68445,82,337020
7287,0.001004,172.31.47.0-255,66,68511,82,337020
7288,0.001009,172.217.194.0-255,2902,71413,82,337020
7289,0.001021,172.217.194.0-255,1484,72897,82,337020
7290,0.001023,172.31.47.0-255,66,72963,82,337020
7291,0.001025,172.217.194.0-255,2902,75865,82,337020
7292,0.001027,172.31.47.0-255,66,75931,82,337020
7293,0.00105,172.217.194.0-255,2902,78833,82,337020
7294,0.001053,172.31.47.0-255,66,78899,82,337020
7295,0.001072,172.217.194.0-255,5738,84637,82,337020
7296,0.001076,172.217.194.0-255,1484,86121,82,337020
7297,0.001077,172.31.47.0-255,66,86187,82,337020
7298,0.001112,172.31.47.0-255,66,86253,82,337020
7299,0.001145,172.217.194.0-255,3602,89855,82,337020
7300,0.001153,172.31.47.0-255,66,89921,82,337020
7301,0.001206,172.217.194.0-255,1484,91405,82,337020
7302,0.001219,172.217.194.0-255,2902,94307,82,337020
7303,0.001222,172.31.47.0-255,66,94373,82,337020
7304,0.001226,172.217.194.0-255,1484,95857,82,337020
7305,0.001245,172.217.194.0-255,4320,100177,82,337020
7306,0.001255,172.31.47.0-255,66,100243,82,337020
7307,0.001273,172.217.194.0-255,7156,107399,82,337020
7308,0.001283,172.31.47.0-255,66,107465,82,337020
7309,0.00129,172.217.194.0-255,5738,113203,82,337020
7310,0.001293,172.217.194.0-255,1484,114687,82,337020
7311,0.001298,172.31.47.0-255,66,114753,82,337020
7312,0.001351,172.217.194.0-255,9274,124027,82,337020
7313,0.001362,172.31.47.0-255,66,124093,82,337020
7314,0.001455,172.217.194.0-255,1484,125577,82,337020
7315,0.001476,172.217.194.0-255,2902,128479,82,337020
7316,0.00148,172.31.47.0-255,66,128545,82,337020
7317,0.001486,172.217.194.0-255,5738,134283,82,337020
7318,0.001502,172.217.194.0-255,1484,135767,82,337020
7319,0.001527,172.217.194.0-255,8574,144341,82,337020
7320,0.00153,172.217.194.0-255,1484,145825,82,337020
7321,0.001545,172.217.194.0-255,7156,152981,82,337020
7322,0.001562,172.217.194.0-255,2902,155883,82,337020
7323,0.001579,172.217.194.0-255,1484,157367,82,337020
7324,0.001602,172.217.194.0-255,10692,168059,82,337020
7325,0.001642,172.217.194.0-255,2902,170961,82,337020
7326,0.001659,172.217.194.0-255,7856,178817,82,337020
7327,0.001888,172.217.194.0-255,1484,180301,82,337020
7328,0.001894,172.217.194.0-255,2902,183203,82,337020
7329,0.001928,172.217.194.0-255,5738,188941,82,337020
7330,0.001954,172.217.194.0-255,5738,194679,82,337020
7331,0.001971,172.217.194.0-255,7156,201835,82,337020
7332,0.001976,172.217.194.0-255,2902,204737,82,337020
7333,0.002002,172.217.194.0-255,7156,211893,82,337020
7334,0.002005,172.217.194.0-255,766,212659,82,337020
7335,0.002031,172.217.194.0-255,1484,214143,82,337020
7336,0.002037,172.217.194.0-255,2902,217045,82,337020
7337,0.002052,172.217.194.0-255,1484,218529,82,337020
7338,0.002075,172.217.194.0-255,7156,225685,82,337020
7339,0.002086,172.217.194.0-255,1484,227169,82,337020
7340,0.00211,172.217.194.0-255,7156,234325,82,337020
7341,0.002225,172.217.194.0-255,1484,235809,82,337020
7342,0.002231,172.217.194.0-255,2902,238711,82,337020
7343,0.002235,172.217.194.0-255,1484,240195,82,337020
7344,0.00226,172.217.194.0-255,4320,244515,82,337020
7345,0.002316,172.217.194.0-255,7156,251671,82,337020
7346,0.002341,172.217.194.0-255,3602,255273,82,337020
7347,0.002358,172.217.194.0-255,9992,265265,82,337020
7348,0.002383,172.217.194.0-255,2902,268167,82,337020
7349,0.002392,172.217.194.0-255,9274,277441,82,337020
7350,0.002406,172.217.194.0-255,1484,278925,82,337020
7351,0.002422,172.217.194.0-255,5738,284663,82,337020
7352,0.002441,172.217.194.0-255,2902,287565,82,337020
7353,0.002447,172.217.194.0-255,7156,294721,82,337020
7354,0.002497,172.217.194.0-255,7156,301877,82,337020
7355,0.002522,172.217.194.0-255,9274,311151,82,337020
7356,0.002537,172.217.194.0-255,5738,316889,82,337020
7357,0.002563,172.217.194.0-255,8574,325463,82,337020
7358,0.00258,172.217.194.0-255,3602,329065,82,337020
7359,0.002599,172.217.194.0-255,3213,332278,82,337020
7360,0.005518,172.31.47.0-255,66,332344,82,337020
7361,0.008072,172.217.194.0-255,136,332480,82,337020
7362,0.009437,172.31.47.0-255,66,332546,82,337020
7363,0.009484,172.31.47.0-255,105,332651,82,337020
7364,0.012037,172.217.194.0-255,66,332717,82,337020
7365,0.026344,172.31.47.0-255,192,332909,82,337020
7366,0.026386,172.31.47.0-255,1111,334020,82,337020
7367,0.026404,172.31.47.0-255,1514,335534,82,337020
7368,0.026406,172.31.47.0-255,1288,336822,82,337020
7369,0.027925,104.244.42.0-255,66,336888,82,337020
7370,0.027933,104.244.42.0-255,66,336954,82,337020
7371,0.027964,104.244.42.0-255,66,337020,82,337020
7372,0.0,74.125.24.0-255,153,153,82,349776
7373,2.8e-05,172.31.47.0-255,66,219,82,349776
7374,3.5e-05,74.125.24.0-255,1484,1703,82,349776
7375,3.9e-05,172.31.47.0-255,66,1769,82,349776
7376,5.1e-05,74.125.24.0-255,2902,4671,82,349776
7377,5.4e-05,172.31.47.0-255,66,4737,82,349776
7378,6.2e-05,74.125.24.0-255,7156,11893,82,349776
7379,6.4e-05,172.31.47.0-255,66,11959,82,349776
7380,9.5e-05,74.125.24.0-255,2045,14004,82,349776
7381,9.8e-05,172.31.47.0-255,66,14070,82,349776
7382,0.000295,74.125.24.0-255,1484,15554,82,349776
7383,0.0003,172.31.47.0-255,66,15620,82,349776
7384,0.000305,74.125.24.0-255,2902,18522,82,349776
7385,0.000308,172.31.47.0-255,66,18588,82,349776
7386,0.000312,74.125.24.0-255,1484,20072,82,349776
7387,0.000319,172.31.47.0-255,66,20138,82,349776
7388,0.000347,74.125.24.0-255,4320,24458,82,349776
7389,0.00035,172.31.47.0-255,66,24524,82,349776
7390,0.000382,74.125.24.0-255,6797,31321,82,349776
7391,0.000385,172.31.47.0-255,66,31387,82,349776
7392,0.000413,74.125.24.0-255,7156,38543,82,349776
7393,0.000418,172.31.47.0-255,66,38609,82,349776
7394,0.000473,74.125.24.0-255,9633,48242,82,349776
7395,0.000477,172.31.47.0-255,66,48308,82,349776
7396,0.001151,74.125.24.0-255,1484,49792,82,349776
7397,0.001158,172.31.47.0-255,66,49858,82,349776
7398,0.001168,74.125.24.0-255,2902,52760,82,349776
7399,0.00117,172.31.47.0-255,66,52826,82,349776
7400,0.001184,74.125.24.0-255,5738,58564,82,349776
7401,0.001186,172.31.47.0-255,66,58630,82,349776
7402,0.001215,74.125.24.0-255,6797,65427,82,349776
7403,0.001218,172.31.47.0-255,66,65493,82,349776
7404,0.001278,74.125.24.0-255,1484,66977,82,349776
7405,0.001286,74.125.24.0-255,2902,69879,82,349776
7406,0.001289,172.31.47.0-255,66,69945,82,349776
7407,0.001293,74.125.24.0-255,1484,71429,82,349776
7408,0.001326,74.125.24.0-255,4320,75749,82,349776
7409,0.00133,172.31.47.0-255,66,75815,82,349776
7410,0.001353,74.125.24.0-255,7376,83191,82,349776
7411,0.001356,172.31.47.0-255,66,83257,82,349776
7412,0.001379,74.125.24.0-255,1484,84741,82,349776
7413,0.001383,74.125.24.0-255,2902,87643,82,349776
7414,0.001385,172.31.47.0-255,66,87709,82,349776
7415,0.001391,74.125.24.0-255,5738,93447,82,349776
7416,0.001393,172.31.47.0-255,66,93513,82,349776
7417,0.001439,74.125.24.0-255,6797,100310,82,349776
7418,0.001442,172.31.47.0-255,66,100376,82,349776
7419,0.001689,74.125.24.0-255,1484,101860,82,349776
7420,0.001693,74.125.24.0-255,2902,104762,82,349776
7421,0.001696,172.31.47.0-255,66,104828,82,349776
7422,0.00172,74.125.24.0-255,5738,110566,82,349776
7423,0.001722,172.31.47.0-255,66,110632,82,349776
7424,0.001724,74.125.24.0-255,1484,112116,82,349776
7425,0.001755,172.31.47.0-255,66,112182,82,349776
7426,0.001759,74.125.24.0-255,4320,116502,82,349776
7427,0.001761,172.31.47.0-255,66,116568,82,349776
7428,0.00179,74.125.24.0-255,5738,122306,82,349776
7429,0.001793,172.31.47.0-255,66,122372,82,349776
7430,0.001795,74.125.24.0-255,766,123138,82,349776
7431,0.002059,74.125.24.0-255,1484,124622,82,349776
7432,0.002063,172.31.47.0-255,66,124688,82,349776
7433,0.002084,74.125.24.0-255,2902,127590,82,349776
7434,0.002087,172.31.47.0-255,66,127656,82,349776
7435,0.002097,74.125.24.0-255,5738,133394,82,349776
7436,0.002099,172.31.47.0-255,66,133460,82,349776
7437,0.002105,74.125.24.0-255,2902,136362,82,349776
7438,0.002107,172.31.47.0-255,66,136428,82,349776
7439,0.002132,74.125.24.0-255,7156,143584,82,349776
7440,0.002134,172.31.47.0-255,66,143650,82,349776
7441,0.002159,74.125.24.0-255,5738,149388,82,349776
7442,0.002162,172.31.47.0-255,66,149454,82,349776
7443,0.002198,74.125.24.0-255,7856,157310,82,349776
7444,0.002201,172.31.47.0-255,66,157376,82,349776
7445,0.002213,172.31.47.0-255,66,157442,82,349776
7446,0.002246,74.125.24.0-255,2902,160344,82,349776
7447,0.002249,172.31.47.0-255,66,160410,82,349776
7448,0.002263,172.31.47.0-255,66,160476,82,349776
7449,0.002268,74.125.24.0-255,5020,165496,82,349776
7450,0.00227,172.31.47.0-255,66,165562,82,349776
7451,0.00253,74.125.24.0-255,1484,167046,82,349776
7452,0.002535,74.125.24.0-255,2902,169948,82,349776
7453,0.002539,172.31.47.0-255,66,170014,82,349776
7454,0.002542,74.125.24.0-255,1484,171498,82,349776
7455,0.002569,74.125.24.0-255,4320,175818,82,349776
7456,0.002572,172.31.47.0-255,66,175884,82,349776
7457,0.002577,74.125.24.0-255,4320,180204,82,349776
7458,0.002579,172.31.47.0-255,66,180270,82,349776
7459,0.002609,74.125.24.0-255,8574,188844,82,349776
7460,0.002611,172.31.47.0-255,66,188910,82,349776
7461,0.002621,74.125.24.0-255,10692,199602,82,349776
7462,0.002623,172.31.47.0-255,66,199668,82,349776
7463,0.005194,74.125.24.0-255,2902,202570,82,349776
7464,0.0052,172.31.47.0-255,66,202636,82,349776
7465,0.005227,74.125.24.0-255,2902,205538,82,349776
7466,0.00523,172.31.47.0-255,66,205604,82,349776
7467,0.007777,74.125.24.0-255,2902,208506,82,349776
7468,0.007784,172.31.47.0-255,66,208572,82,349776
7469,0.007815,74.125.24.0-255,2902,211474,82,349776
7470,0.007819,172.31.47.0-255,66,211540,82,349776
7471,0.010374,74.125.24.0-255,2902,214442,82,349776
7472,0.010381,172.31.47.0-255,66,214508,82,349776
7473,0.010417,74.125.24.0-255,2902,217410,82,349776
7474,0.010423,172.31.47.0-255,66,217476,82,349776
7475,0.013001,74.125.24.0-255,2902,220378,82,349776
7476,0.013012,172.31.47.0-255,66,220444,82,349776
7477,0.013046,74.125.24.0-255,2902,223346,82,349776
7478,0.01305,172.31.47.0-255,66,223412,82,349776
7479,0.015594,74.125.24.0-255,2902,226314,82,349776
7480,0.015603,172.31.47.0-255,66,226380,82,349776
7481,0.015634,74.125.24.0-255,2902,229282,82,349776
7482,0.015638,172.31.47.0-255,66,229348,82,349776
7483,0.018229,74.125.24.0-255,5738,235086,82,349776
7484,0.018237,172.31.47.0-255,66,235152,82,349776
7485,0.020823,74.125.24.0-255,5738,240890,82,349776
7486,0.02083,172.31.47.0-255,66,240956,82,349776
7487,0.022749,172.31.47.0-255,171,241127,82,349776
7488,0.022784,172.31.47.0-255,1136,242263,82,349776
7489,0.022841,172.31.47.0-255,1514,243777,82,349776
7490,0.022843,172.31.47.0-255,1263,245040,82,349776
7491,0.023435,74.125.24.0-255,5738,250778,82,349776
7492,0.023442,172.31.47.0-255,66,250844,82,349776
7493,0.024299,104.244.42.0-255,66,250910,82,349776
7494,0.024476,104.244.42.0-255,66,250976,82,349776
7495,0.024506,104.244.42.0-255,66,251042,82,349776
7496,0.02605,74.125.24.0-255,5738,256780,82,349776
7497,0.026056,172.31.47.0-255,66,256846,82,349776
7498,0.028654,74.125.24.0-255,5738,262584,82,349776
7499,0.028661,172.31.47.0-255,66,262650,82,349776
7500,0.031275,74.125.24.0-255,5738,268388,82,349776
7501,0.031282,172.31.47.0-255,66,268454,82,349776
7502,0.033867,74.125.24.0-255,5738,274192,82,349776
7503,0.033874,172.31.47.0-255,66,274258,82,349776
7504,0.036439,74.125.24.0-255,5738,279996,82,349776
7505,0.036444,172.31.47.0-255,66,280062,82,349776
7506,0.039051,74.125.24.0-255,5738,285800,82,349776
7507,0.039056,172.31.47.0-255,66,285866,82,349776
7508,0.041641,74.125.24.0-255,5738,291604,82,349776
7509,0.041646,172.31.47.0-255,66,291670,82,349776
7510,0.04426,74.125.24.0-255,5738,297408,82,349776
7511,0.04427,172.31.47.0-255,66,297474,82,349776
7512,0.046868,74.125.24.0-255,5738,303212,82,349776
7513,0.046873,172.31.47.0-255,66,303278,82,349776
7514,0.049461,74.125.24.0-255,5738,309016,82,349776
7515,0.049468,172.31.47.0-255,66,309082,82,349776
7516,0.05209,74.125.24.0-255,5738,314820,82,349776
7517,0.052095,172.31.47.0-255,66,314886,82,349776
7518,0.054721,74.125.24.0-255,5738,320624,82,349776
7519,0.054728,172.31.47.0-255,66,320690,82,349776
7520,0.057312,74.125.24.0-255,5738,326428,82,349776
7521,0.057319,172.31.47.0-255,66,326494,82,349776
7522,0.059915,74.125.24.0-255,5738,332232,82,349776
7523,0.059922,172.31.47.0-255,66,332298,82,349776
7524,0.062531,74.125.24.0-255,5738,338036,82,349776
7525,0.062538,172.31.47.0-255,66,338102,82,349776
7526,0.065136,74.125.24.0-255,5738,343840,82,349776
7527,0.065142,172.31.47.0-255,66,343906,82,349776
7528,0.067728,74.125.24.0-255,4320,348226,82,349776
7529,0.067737,172.31.47.0-255,66,348292,82,349776
7530,0.067752,74.125.24.0-255,1484,349776,82,349776
7531,0.0,172.31.47.0-255,105,105,82,105
7532,0.0,172.217.194.0-255,146,146,82,386527
7533,3.8e-05,172.31.47.0-255,66,212,82,386527
7534,4.7e-05,172.217.194.0-255,1484,1696,82,386527
7535,5.4e-05,172.31.47.0-255,66,1762,82,386527
7536,5.9e-05,172.217.194.0-255,2902,4664,82,386527
7537,6.2e-05,172.31.47.0-255,66,4730,82,386527
7538,7e-05,172.217.194.0-255,7156,11886,82,386527
7539,7.3e-05,172.31.47.0-255,66,11952,82,386527
7540,7.8e-05,172.217.194.0-255,2065,14017,82,386527
7541,8.1e-05,172.31.47.0-255,66,14083,82,386527
7542,0.000106,172.217.194.0-255,4320,18403,82,386527
7543,0.000109,172.31.47.0-255,66,18469,82,386527
7544,0.000138,172.217.194.0-255,5738,24207,82,386527
7545,0.000141,172.31.47.0-255,66,24273,82,386527
7546,0.000156,172.217.194.0-255,4320,28593,82,386527
7547,0.000158,172.31.47.0-255,66,28659,82,386527
7548,0.000182,172.217.194.0-255,2543,31202,82,386527
7549,0.000184,172.31.47.0-255,66,31268,82,386527
7550,0.000386,172.217.194.0-255,1484,32752,82,386527
7551,0.000391,172.31.47.0-255,66,32818,82,386527
7552,0.000406,172.217.194.0-255,1484,34302,82,386527
7553,0.000409,172.31.47.0-255,66,34368,82,386527
7554,0.000414,172.217.194.0-255,2902,37270,82,386527
7555,0.000417,172.31.47.0-255,66,37336,82,386527
7556,0.000451,172.217.194.0-255,5738,43074,82,386527
7557,0.000455,172.31.47.0-255,66,43140,82,386527
7558,0.000475,172.217.194.0-255,5379,48519,82,386527
7559,0.000479,172.31.47.0-255,66,48585,82,386527
7560,0.000502,172.217.194.0-255,5738,54323,82,386527
7561,0.000506,172.31.47.0-255,66,54389,82,386527
7562,0.000509,172.217.194.0-255,1484,55873,82,386527
7563,0.000511,172.31.47.0-255,66,55939,82,386527
7564,0.00053,172.217.194.0-255,4320,60259,82,386527
7565,0.00054,172.31.47.0-255,66,60325,82,386527
7566,0.000561,172.217.194.0-255,1484,61809,82,386527
7567,0.000577,172.217.194.0-255,4541,66350,82,386527
7568,0.000591,172.31.47.0-255,66,66416,82,386527
7569,0.000611,172.217.194.0-255,2902,69318,82,386527
7570,0.000635,172.217.194.0-255,4320,73638,82,386527
7571,0.000643,172.31.47.0-255,66,73704,82,386527
7572,0.00067,172.217.194.0-255,8574,82278,82,386527
7573,0.000674,172.217.194.0-255,1125,83403,82,386527
7574,0.000675,172.31.47.0-255,66,83469,82,386527
7575,0.000731,172.217.194.0-255,1484,84953,82,386527
7576,0.000741,172.31.47.0-255,66,85019,82,386527
7577,0.000748,172.217.194.0-255,2902,87921,82,386527
7578,0.000751,172.217.194.0-255,1484,89405,82,386527
7579,0.000768,172.31.47.0-255,66,89471,82,386527
7580,0.000775,172.217.194.0-255,4320,93791,82,386527
7581,0.000782,172.217.194.0-255,6797,100588,82,386527
7582,0.000785,172.31.47.0-255,66,100654,82,386527
7583,0.000791,172.31.47.0-255,66,100720,82,386527
7584,0.001241,172.217.194.0-255,1484,102204,82,386527
7585,0.001246,172.217.194.0-255,1484,103688,82,386527
7586,0.001249,172.31.47.0-255,66,103754,82,386527
7587,0.001267,172.217.194.0-255,1484,105238,82,386527
7588,0.001274,172.217.194.0-255,5738,110976,82,386527
7589,0.001279,172.31.47.0-255,66,111042,82,386527
7590,0.001308,172.31.47.0-255,66,111108,82,386527
7591,0.00131,172.217.194.0-255,4320,115428,82,386527
7592,0.001337,172.217.194.0-255,7856,123284,82,386527
7593,0.001337,172.31.47.0-255,66,123350,82,386527
7594,0.001343,172.31.47.0-255,66,123416,82,386527
7595,0.00197,172.217.194.0-255,1484,124900,82,386527
7596,0.001985,172.217.194.0-255,2902,127802,82,386527
7597,0.00199,172.31.47.0-255,66,127868,82,386527
7598,0.001998,172.217.194.0-255,5738,133606,82,386527
7599,0.002004,172.217.194.0-255,4320,137926,82,386527
7600,0.002025,172.217.194.0-255,1484,139410,82,386527
7601,0.002036,172.217.194.0-255,8574,147984,82,386527
7602,0.002057,172.217.194.0-255,4320,152304,82,386527
7603,0.002062,172.217.194.0-255,5020,157324,82,386527
7604,0.002137,172.217.194.0-255,1484,158808,82,386527
7605,0.002153,172.217.194.0-255,1484,160292,82,386527
7606,0.002169,172.217.194.0-255,1484,161776,82,386527
7607,0.002174,172.217.194.0-255,2902,164678,82,386527
7608,0.00219,172.217.194.0-255,2902,167580,82,386527
7609,0.002195,172.217.194.0-255,2902,170482,82,386527
7610,0.00221,172.217.194.0-255,1484,171966,82,386527
7611,0.00224,172.217.194.0-255,8574,180540,82,386527
7612,0.002247,172.217.194.0-255,7156,187696,82,386527
7613,0.00226,172.217.194.0-255,4320,192016,82,386527
7614,0.002279,172.217.194.0-255,9992,202008,82,386527
7615,0.002301,172.217.194.0-255,5020,207028,82,386527
7616,0.002346,172.217.194.0-255,1484,208512,82,386527
7617,0.002384,172.217.194.0-255,5738,214250,82,386527
7618,0.00239,172.217.194.0-255,5738,219988,82,386527
7619,0.002401,172.217.194.0-255,1484,221472,82,386527
7620,0.00241,172.217.194.0-255,1484,222956,82,386527
7621,0.002436,172.217.194.0-255,7156,230112,82,386527
7622,0.002452,172.217.194.0-255,5738,235850,82,386527
7623,0.002469,172.217.194.0-255,2902,238752,82,386527
7624,0.002481,172.217.194.0-255,3602,242354,82,386527
7625,0.005086,172.31.47.0-255,66,242420,82,386527
7626,0.007518,172.217.194.0-255,4320,246740,82,386527
7627,0.00753,172.31.47.0-255,66,246806,82,386527
7628,0.007549,172.217.194.0-255,1484,248290,82,386527
7629,0.00992,172.217.194.0-255,4320,252610,82,386527
7630,0.009942,172.31.47.0-255,66,252676,82,386527
7631,0.012412,172.217.194.0-255,5738,258414,82,386527
7632,0.01506,172.31.47.0-255,66,258480,82,386527
7633,0.017493,172.217.194.0-255,5738,264218,82,386527
7634,0.017514,172.31.47.0-255,66,264284,82,386527
7635,0.019944,172.217.194.0-255,5738,270022,82,386527
7636,0.019954,172.31.47.0-255,66,270088,82,386527
7637,0.022336,172.217.194.0-255,5738,275826,82,386527
7638,0.022345,172.31.47.0-255,66,275892,82,386527
7639,0.024787,172.217.194.0-255,5738,281630,82,386527
7640,0.024796,172.31.47.0-255,66,281696,82,386527
7641,0.027212,172.217.194.0-255,5738,287434,82,386527
7642,0.02722,172.31.47.0-255,66,287500,82,386527
7643,0.029632,172.217.194.0-255,5738,293238,82,386527
7644,0.02964,172.31.47.0-255,66,293304,82,386527
7645,0.031068,172.31.47.0-255,172,293476,82,386527
7646,0.031098,172.31.47.0-255,1107,294583,82,386527
7647,0.031151,172.31.47.0-255,1514,296097,82,386527
7648,0.031153,172.31.47.0-255,1292,297389,82,386527
7649,0.03208,172.217.194.0-255,5738,303127,82,386527
7650,0.03209,172.31.47.0-255,66,303193,82,386527
7651,0.032615,104.244.42.0-255,66,303259,82,386527
7652,0.032648,104.244.42.0-255,66,303325,82,386527
7653,0.032721,104.244.42.0-255,66,303391,82,386527
7654,0.034533,172.217.194.0-255,4320,307711,82,386527
7655,0.034541,172.31.47.0-255,66,307777,82,386527
7656,0.03457,172.217.194.0-255,1484,309261,82,386527
7657,0.036942,172.217.194.0-255,4320,313581,82,386527
7658,0.036953,172.31.47.0-255,66,313647,82,386527
7659,0.039408,172.217.194.0-255,5738,319385,82,386527
7660,0.039484,172.31.47.0-255,66,319451,82,386527
7661,0.041924,172.217.194.0-255,5738,325189,82,386527
7662,0.041937,172.31.47.0-255,66,325255,82,386527
7663,0.044399,172.217.194.0-255,5738,330993,82,386527
7664,0.044416,172.31.47.0-255,66,331059,82,386527
7665,0.046856,172.217.194.0-255,5738,336797,82,386527
7666,0.046866,172.31.47.0-255,66,336863,82,386527
7667,0.049302,172.217.194.0-255,5738,342601,82,386527
7668,0.049314,172.31.47.0-255,66,342667,82,386527
7669,0.051725,172.217.194.0-255,5738,348405,82,386527
7670,0.05174,172.31.47.0-255,66,348471,82,386527
7671,0.054162,172.217.194.0-255,4320,352791,82,386527
7672,0.054176,172.31.47.0-255,66,352857,82,386527
7673,0.054211,172.217.194.0-255,1484,354341,82,386527
7674,0.056649,172.217.194.0-255,4320,358661,82,386527
7675,0.056666,172.31.47.0-255,66,358727,82,386527
7676,0.059089,172.217.194.0-255,5738,364465,82,386527
7677,0.059377,172.31.47.0-255,66,364531,82,386527
7678,0.061799,172.217.194.0-255,5738,370269,82,386527
7679,0.061806,172.31.47.0-255,66,370335,82,386527
7680,0.064211,172.217.194.0-255,4320,374655,82,386527
7681,0.064217,172.31.47.0-255,66,374721,82,386527
7682,0.064247,172.217.194.0-255,1484,376205,82,386527
7683,0.066685,172.217.194.0-255,4320,380525,82,386527
7684,0.066691,172.31.47.0-255,66,380591,82,386527
7685,0.069095,172.217.194.0-255,4320,384911,82,386527
7686,0.069101,172.31.47.0-255,66,384977,82,386527
7687,0.069133,172.217.194.0-255,1484,386461,82,386527
7688,0.069136,172.31.47.0-255,66,386527,82,386527
7689,0.0,74.125.24.0-255,162,162,82,233349
7690,2.6e-05,172.31.47.0-255,66,228,82,233349
7691,3.2e-05,74.125.24.0-255,1484,1712,82,233349
7692,3.6e-05,172.31.47.0-255,66,1778,82,233349
7693,4e-05,74.125.24.0-255,2902,4680,82,233349
7694,4.3e-05,172.31.47.0-255,66,4746,82,233349
7695,5e-05,74.125.24.0-255,7156,11902,82,233349
7696,5.2e-05,172.31.47.0-255,66,11968,82,233349
7697,6.8e-05,74.125.24.0-255,1975,13943,82,233349
7698,7e-05,172.31.47.0-255,66,14009,82,233349
7699,0.000848,74.125.24.0-255,1484,15493,82,233349
7700,0.000855,172.31.47.0-255,66,15559,82,233349
7701,0.000865,74.125.24.0-255,2902,18461,82,233349
7702,0.000867,172.31.47.0-255,66,18527,82,233349
7703,0.000872,74.125.24.0-255,4320,22847,82,233349
7704,0.000875,172.31.47.0-255,66,22913,82,233349
7705,0.000897,74.125.24.0-255,1484,24397,82,233349
7706,0.0009,172.31.47.0-255,66,24463,82,233349
7707,0.000938,74.125.24.0-255,4320,28783,82,233349
7708,0.000942,172.31.47.0-255,66,28849,82,233349
7709,0.000959,74.125.24.0-255,2543,31392,82,233349
7710,0.000962,172.31.47.0-255,66,31458,82,233349
7711,0.001328,74.125.24.0-255,1484,32942,82,233349
7712,0.001331,172.31.47.0-255,66,33008,82,233349
7713,0.001338,74.125.24.0-255,2902,35910,82,233349
7714,0.00134,172.31.47.0-255,66,35976,82,233349
7715,0.001342,74.125.24.0-255,1484,37460,82,233349
7716,0.001344,172.31.47.0-255,66,37526,82,233349
7717,0.001371,74.125.24.0-255,4320,41846,82,233349
7718,0.001374,172.31.47.0-255,66,41912,82,233349
7719,0.001395,74.125.24.0-255,5738,47650,82,233349
7720,0.001397,172.31.47.0-255,66,47716,82,233349
7721,0.00142,74.125.24.0-255,8215,55931,82,233349
7722,0.001423,172.31.47.0-255,66,55997,82,233349
7723,0.001425,74.125.24.0-255,1484,57481,82,233349
7724,0.001457,74.125.24.0-255,8215,65696,82,233349
7725,0.00146,172.31.47.0-255,66,65762,82,233349
7726,0.003765,74.125.24.0-255,5738,71500,82,233349
7727,0.00377,172.31.47.0-255,66,71566,82,233349
7728,0.006042,74.125.24.0-255,5738,77304,82,233349
7729,0.006048,172.31.47.0-255,66,77370,82,233349
7730,0.008326,74.125.24.0-255,5738,83108,82,233349
7731,0.008334,172.31.47.0-255,66,83174,82,233349
7732,0.010658,74.125.24.0-255,5738,88912,82,233349
7733,0.010674,172.31.47.0-255,66,88978,82,233349
7734,0.012965,74.125.24.0-255,5738,94716,82,233349
7735,0.012973,172.31.47.0-255,66,94782,82,233349
7736,0.015269,74.125.24.0-255,5738,100520,82,233349
7737,0.015275,172.31.47.0-255,66,100586,82,233349
7738,0.01679,172.31.47.0-255,172,100758,82,233349
7739,0.016827,172.31.47.0-255,1113,101871,82,233349
7740,0.016886,172.31.47.0-255,1514,103385,82,233349
7741,0.016888,172.31.47.0-255,1286,104671,82,233349
7742,0.017589,74.125.24.0-255,5738,110409,82,233349
7743,0.017595,172.31.47.0-255,66,110475,82,233349
7744,0.018378,104.244.42.0-255,66,110541,82,233349
7745,0.018384,104.244.42.0-255,66,110607,82,233349
7746,0.01847,104.244.42.0-255,66,110673,82,233349
7747,0.019894,74.125.24.0-255,1484,112157,82,233349
7748,0.019924,74.125.24.0-255,4320,116477,82,233349
7749,0.019928,172.31.47.0-255,66,116543,82,233349
7750,0.022226,74.125.24.0-255,2902,119445,82,233349
7751,0.022231,172.31.47.0-255,66,119511,82,233349
7752,0.022256,74.125.24.0-255,2902,122413,82,233349
7753,0.022259,172.31.47.0-255,66,122479,82,233349
7754,0.024519,74.125.24.0-255,5738,128217,82,233349
7755,0.024524,172.31.47.0-255,66,128283,82,233349
7756,0.026808,74.125.24.0-255,5738,134021,82,233349
7757,0.026813,172.31.47.0-255,66,134087,82,233349
7758,0.029109,74.125.24.0-255,5738,139825,82,233349
7759,0.029115,172.31.47.0-255,66,139891,82,233349
7760,0.031403,74.125.24.0-255,5738,145629,82,233349
7761,0.031408,172.31.47.0-255,66,145695,82,233349
7762,0.033688,74.125.24.0-255,5738,151433,82,233349
7763,0.033693,172.31.47.0-255,66,151499,82,233349
7764,0.035993,74.125.24.0-255,4320,155819,82,233349
7765,0.035998,172.31.47.0-255,66,155885,82,233349
7766,0.036029,74.125.24.0-255,1484,157369,82,233349
7767,0.038272,74.125.24.0-255,4320,161689,82,233349
7768,0.038277,172.31.47.0-255,66,161755,82,233349
7769,0.040555,74.125.24.0-255,5738,167493,82,233349
7770,0.040561,172.31.47.0-255,66,167559,82,233349
7771,0.042844,74.125.24.0-255,5738,173297,82,233349
7772,0.042849,172.31.47.0-255,66,173363,82,233349
7773,0.045112,74.125.24.0-255,5738,179101,82,233349
7774,0.045116,172.31.47.0-255,66,179167,82,233349
7775,0.047406,74.125.24.0-255,4320,183487,82,233349
7776,0.04741,172.31.47.0-255,66,183553,82,233349
7777,0.047438,74.125.24.0-255,1484,185037,82,233349
7778,0.049674,74.125.24.0-255,4320,189357,82,233349
7779,0.049679,172.31.47.0-255,66,189423,82,233349
7780,0.051946,74.125.24.0-255,5738,195161,82,233349
7781,0.051951,172.31.47.0-255,66,195227,82,233349
7782,0.054253,74.125.24.0-255,5738,200965,82,233349
7783,0.054258,172.31.47.0-255,66,201031,82,233349
7784,0.056546,74.125.24.0-255,4320,205351,82,233349
7785,0.056551,172.31.47.0-255,66,205417,82,233349
7786,0.056574,74.125.24.0-255,1484,206901,82,233349
7787,0.058819,74.125.24.0-255,2902,209803,82,233349
7788,0.058825,172.31.47.0-255,66,209869,82,233349
7789,0.061108,74.125.24.0-255,5738,215607,82,233349
7790,0.061113,172.31.47.0-255,66,215673,82,233349
7791,0.06341,74.125.24.0-255,5738,221411,82,233349
7792,0.063415,172.31.47.0-255,66,221477,82,233349
7793,0.065722,74.125.24.0-255,2902,224379,82,233349
7794,0.065727,172.31.47.0-255,66,224445,82,233349
7795,0.065757,74.125.24.0-255,2902,227347,82,233349
7796,0.06576,172.31.47.0-255,66,227413,82,233349
7797,0.067992,74.125.24.0-255,2902,230315,82,233349
7798,0.067996,172.31.47.0-255,66,230381,82,233349
7799,0.068032,74.125.24.0-255,2902,233283,82,233349
7800,0.068036,172.31.47.0-255,66,233349,82,233349
7801,0.0,172.31.47.0-255,66,66,82,66
7802,0.0,172.31.47.0-255,66,66,82,66
7803,0.0,74.125.130.0-255,298,298,82,381538
7804,2.9e-05,172.31.47.0-255,66,364,82,381538
7805,3.6e-05,74.125.130.0-255,1484,1848,82,381538
7806,4.1e-05,172.31.47.0-255,66,1914,82,381538
7807,4.4e-05,74.125.130.0-255,1484,3398,82,381538
7808,5.3e-05,172.31.47.0-255,66,3464,82,381538
7809,5.9e-05,74.125.130.0-255,2902,6366,82,381538
7810,6.1e-05,172.31.47.0-255,66,6432,82,381538
7811,6.6e-05,74.125.130.0-255,4320,10752,82,381538
7812,6.9e-05,172.31.47.0-255,66,10818,82,381538
7813,0.000101,74.125.130.0-255,1484,12302,82,381538
7814,0.000103,172.31.47.0-255,66,12368,82,381538
7815,0.000107,74.125.130.0-255,2001,14369,82,381538
7816,0.000109,172.31.47.0-255,66,14435,82,381538
7817,0.000112,74.125.130.0-255,2902,17337,82,381538
7818,0.000114,172.31.47.0-255,66,17403,82,381538
7819,0.000126,74.125.130.0-255,7156,24559,82,381538
7820,0.000128,172.31.47.0-255,66,24625,82,381538
7821,0.000159,74.125.130.0-255,6797,31422,82,381538
7822,0.000161,172.31.47.0-255,66,31488,82,381538
7823,0.000215,74.125.130.0-255,1484,32972,82,381538
7824,0.000217,172.31.47.0-255,66,33038,82,381538
7825,0.000235,74.125.130.0-255,2902,35940,82,381538
7826,0.000237,172.31.47.0-255,66,36006,82,381538
7827,0.000263,74.125.130.0-255,4320,40326,82,381538
7828,0.000266,172.31.47.0-255,66,40392,82,381538
7829,0.000289,74.125.130.0-255,4320,44712,82,381538
7830,0.000291,172.31.47.0-255,66,44778,82,381538
7831,0.000315,74.125.130.0-255,3961,48739,82,381538
7832,0.000319,172.31.47.0-255,66,48805,82,381538
7833,0.000422,74.125.130.0-255,1484,50289,82,381538
7834,0.000425,172.31.47.0-255,66,50355,82,381538
7835,0.000429,74.125.130.0-255,1484,51839,82,381538
7836,0.00045,74.125.130.0-255,2902,54741,82,381538
7837,0.000461,172.31.47.0-255,66,54807,82,381538
7838,0.000466,74.125.130.0-255,5738,60545,82,381538
7839,0.000473,172.31.47.0-255,66,60611,82,381538
7840,0.000489,74.125.130.0-255,2902,63513,82,381538
7841,0.000502,172.31.47.0-255,66,63579,82,381538
7842,0.000505,74.125.130.0-255,2543,66122,82,381538
7843,0.000511,74.125.130.0-255,5738,71860,82,381538
7844,0.000516,172.31.47.0-255,66,71926,82,381538
7845,0.000542,74.125.130.0-255,2902,74828,82,381538
7846,0.000551,172.31.47.0-255,66,74894,82,381538
7847,0.000562,74.125.130.0-255,8490,83384,82,381538
7848,0.000569,172.31.47.0-255,66,83450,82,381538
7849,0.000611,74.125.130.0-255,1484,84934,82,381538
7850,0.000616,74.125.130.0-255,2902,87836,82,381538
7851,0.000619,172.31.47.0-255,66,87902,82,381538
7852,0.000646,74.125.130.0-255,5738,93640,82,381538
7853,0.000651,74.125.130.0-255,2902,96542,82,381538
7854,0.000655,172.31.47.0-255,66,96608,82,381538
7855,0.00068,74.125.130.0-255,3695,100303,82,381538
7856,0.000687,172.31.47.0-255,66,100369,82,381538
7857,0.000709,74.125.130.0-255,1484,101853,82,381538
7858,0.00072,74.125.130.0-255,2902,104755,82,381538
7859,0.000722,172.31.47.0-255,66,104821,82,381538
7860,0.000745,74.125.130.0-255,2902,107723,82,381538
7861,0.00075,74.125.130.0-255,4320,112043,82,381538
7862,0.00075,172.31.47.0-255,66,112109,82,381538
7863,0.000754,172.31.47.0-255,66,112175,82,381538
7864,0.000785,74.125.130.0-255,1484,113659,82,381538
7865,0.000798,74.125.130.0-255,3961,117620,82,381538
7866,0.000814,172.31.47.0-255,66,117686,82,381538
7867,0.000856,74.125.130.0-255,1484,119170,82,381538
7868,0.000871,74.125.130.0-255,2902,122072,82,381538
7869,0.000873,172.31.47.0-255,66,122138,82,381538
7870,0.000899,74.125.130.0-255,4320,126458,82,381538
7871,0.000902,74.125.130.0-255,1484,127942,82,381538
7872,0.000906,172.31.47.0-255,66,128008,82,381538
7873,0.00093,74.125.130.0-255,4320,132328,82,381538
7874,0.000935,172.31.47.0-255,66,132394,82,381538
7875,0.000974,74.125.130.0-255,4320,136714,82,381538
7876,0.000976,172.31.47.0-255,66,136780,82,381538
7877,0.00098,172.31.47.0-255,66,136846,82,381538
7878,0.000999,74.125.130.0-255,3602,140448,82,381538
7879,0.001007,172.31.47.0-255,66,140514,82,381538
7880,0.001209,74.125.130.0-255,1484,141998,82,381538
7881,0.001214,74.125.130.0-255,2902,144900,82,381538
7882,0.001217,172.31.47.0-255,66,144966,82,381538
7883,0.001242,74.125.130.0-255,2902,147868,82,381538
7884,0.001246,172.31.47.0-255,66,147934,82,381538
7885,0.001256,74.125.130.0-255,2902,150836,82,381538
7886,0.001259,172.31.47.0-255,66,150902,82,381538
7887,0.001263,74.125.130.0-255,1484,152386,82,381538
7888,0.001266,74.125.130.0-255,1484,153870,82,381538
7889,0.001271,172.31.47.0-255,66,153936,82,381538
7890,0.001294,74.125.130.0-255,1484,155420,82,381538
7891,0.0013,74.125.130.0-255,5738,161158,82,381538
7892,0.001304,74.125.130.0-255,4320,165478,82,381538
7893,0.00131,172.31.47.0-255,66,165544,82,381538
7894,0.001319,74.125.130.0-255,1484,167028,82,381538
7895,0.001329,74.125.130.0-255,7156,174184,82,381538
7896,0.001331,74.125.130.0-255,766,174950,82,381538
7897,0.001334,172.31.47.0-255,66,175016,82,381538
7898,0.00141,74.125.130.0-255,1484,176500,82,381538
7899,0.001414,74.125.130.0-255,1484,177984,82,381538
7900,0.001416,172.31.47.0-255,66,178050,82,381538
7901,0.001426,74.125.130.0-255,1484,179534,82,381538
7902,0.001433,74.125.130.0-255,1484,181018,82,381538
7903,0.001437,172.31.47.0-255,66,181084,82,381538
7904,0.001461,74.125.130.0-255,4320,185404,82,381538
7905,0.001467,74.125.130.0-255,4320,189724,82,381538
7906,0.001474,172.31.47.0-255,66,189790,82,381538
7907,0.001485,74.125.130.0-255,5738,195528,82,381538
7908,0.001492,74.125.130.0-255,1484,197012,82,381538
7909,0.001494,172.31.47.0-255,66,197078,82,381538
7910,0.001521,74.125.130.0-255,9992,207070,82,381538
7911,0.001524,172.31.47.0-255,66,207136,82,381538
7912,0.001528,74.125.130.0-255,2184,209320,82,381538
7913,0.001539,172.31.47.0-255,66,209386,82,381538
7914,0.001586,74.125.130.0-255,1484,210870,82,381538
7915,0.0016,74.125.130.0-255,2902,213772,82,381538
7916,0.001603,74.125.130.0-255,1484,215256,82,381538
7917,0.00161,172.31.47.0-255,66,215322,82,381538
7918,0.001621,74.125.130.0-255,2902,218224,82,381538
7919,0.001625,172.31.47.0-255,66,218290,82,381538
7920,0.001635,74.125.130.0-255,1484,219774,82,381538
7921,0.00165,74.125.130.0-255,4320,224094,82,381538
7922,0.001655,172.31.47.0-255,66,224160,82,381538
7923,0.001682,74.125.130.0-255,9992,234152,82,381538
7924,0.001684,172.31.47.0-255,66,234218,82,381538
7925,0.001717,74.125.130.0-255,4320,238538,82,381538
7926,0.001721,172.31.47.0-255,66,238604,82,381538
7927,0.001756,74.125.130.0-255,5020,243624,82,381538
7928,0.001761,172.31.47.0-255,66,243690,82,381538
7929,0.001876,74.125.130.0-255,1484,245174,82,381538
7930,0.00189,74.125.130.0-255,2902,248076,82,381538
7931,0.001894,172.31.47.0-255,66,248142,82,381538
7932,0.001923,74.125.130.0-255,5738,253880,82,381538
7933,0.001927,74.125.130.0-255,2902,256782,82,381538
7934,0.001931,74.125.130.0-255,4320,261102,82,381538
7935,0.001932,172.31.47.0-255,66,261168,82,381538
7936,0.001936,172.31.47.0-255,66,261234,82,381538
7937,0.002001,74.125.130.0-255,8574,269808,82,381538
7938,0.002006,74.125.130.0-255,4320,274128,82,381538
7939,0.00201,172.31.47.0-255,66,274194,82,381538
7940,0.002023,172.31.47.0-255,66,274260,82,381538
7941,0.002034,74.125.130.0-255,3602,277862,82,381538
7942,0.002039,172.31.47.0-255,66,277928,82,381538
7943,0.00214,74.125.130.0-255,1484,279412,82,381538
7944,0.00216,74.125.130.0-255,2902,282314,82,381538
7945,0.002164,74.125.130.0-255,2902,285216,82,381538
7946,0.002166,172.31.47.0-255,66,285282,82,381538
7947,0.002175,74.125.130.0-255,2902,288184,82,381538
7948,0.002194,74.125.130.0-255,1484,289668,82,381538
7949,0.002197,172.31.47.0-255,101,289769,82,381538
7950,0.002199,74.125.130.0-255,2902,292671,82,381538
7951,0.002209,172.31.47.0-255,66,292737,82,381538
7952,0.002226,74.125.130.0-255,5738,298475,82,381538
7953,0.002234,74.125.130.0-255,4320,302795,82,381538
7954,0.002239,74.125.130.0-255,5738,308533,82,381538
7955,0.002247,172.31.47.0-255,66,308599,82,381538
7956,0.002273,74.125.130.0-255,3602,312201,82,381538
7957,0.002277,172.31.47.0-255,66,312267,82,381538
7958,0.002306,74.125.130.0-255,4320,316587,82,381538
7959,0.00231,74.125.130.0-255,1484,318071,82,381538
7960,0.002315,172.31.47.0-255,66,318137,82,381538
7961,0.002334,74.125.130.0-255,8574,326711,82,381538
7962,0.002339,172.31.47.0-255,66,326777,82,381538
7963,0.00238,74.125.130.0-255,7156,333933,82,381538
7964,0.002382,172.31.47.0-255,66,333999,82,381538
7965,0.002391,172.31.47.0-255,66,334065,82,381538
7966,0.002411,74.125.130.0-255,7856,341921,82,381538
7967,0.002415,172.31.47.0-255,66,341987,82,381538
7968,0.002416,74.125.130.0-255,4320,346307,82,381538
7969,0.002419,172.31.47.0-255,66,346373,82,381538
7970,0.002452,74.125.130.0-255,5738,352111,82,381538
7971,0.002457,172.31.47.0-255,66,352177,82,381538
7972,0.002479,74.125.130.0-255,7156,359333,82,381538
7973,0.002484,172.31.47.0-255,66,359399,82,381538
7974,0.002512,74.125.130.0-255,4320,363719,82,381538
7975,0.002518,74.125.130.0-255,4320,368039,82,381538
7976,0.00252,172.31.47.0-255,66,368105,82,381538
7977,0.002525,172.31.47.0-255,66,368171,82,381538
7978,0.002564,172.31.47.0-255,66,368237,82,381538
7979,0.002573,74.125.130.0-255,766,369003,82,381538
7980,0.00258,74.125.130.0-255,1484,370487,82,381538
7981,0.002582,172.31.47.0-255,66,370553,82,381538
7982,0.002613,74.125.130.0-255,6292,376845,82,381538
7983,0.002617,172.31.47.0-255,66,376911,82,381538
7984,0.004717,74.125.130.0-255,66,376977,82,381538
7985,0.005119,74.125.130.0-255,105,377082,82,381538
7986,0.008224,172.31.47.0-255,105,377187,82,381538
7987,0.014833,74.125.130.0-255,66,377253,82,381538
7988,0.028578,172.31.47.0-255,172,377425,82,381538
7989,0.028608,172.31.47.0-255,1111,378536,82,381538
7990,0.028647,172.31.47.0-255,1514,380050,82,381538
7991,0.028649,172.31.47.0-255,1290,381340,82,381538
7992,0.030054,104.244.42.0-255,66,381406,82,381538
7993,0.030089,104.244.42.0-255,66,381472,82,381538
7994,0.030135,104.244.42.0-255,66,381538,82,381538
7995,0.0,172.31.47.0-255,105,105,82,276
7996,0.001759,157.240.13.0-255,105,210,82,276
7997,0.001769,172.31.47.0-255,66,276,82,276
7998,0.0,172.31.47.0-255,66,66,82,66
7999,0.0,74.125.68.0-255,153,153,82,344331
8000,3.8e-05,172.31.47.0-255,66,219,82,344331
8001,4.6e-05,74.125.68.0-255,1484,1703,82,344331
8002,5.1e-05,172.31.47.0-255,66,1769,82,344331
8003,6.4e-05,74.125.68.0-255,2902,4671,82,344331
8004,6.8e-05,172.31.47.0-255,66,4737,82,344331
8005,7.4e-05,74.125.68.0-255,5738,10475,82,344331
8006,7.7e-05,172.31.47.0-255,66,10541,82,344331
8007,8.3e-05,74.125.68.0-255,3520,14061,82,344331
8008,8.6e-05,172.31.47.0-255,66,14127,82,344331
8009,9.1e-05,74.125.68.0-255,2902,17029,82,344331
8010,9.3e-05,172.31.47.0-255,66,17095,82,344331
8011,0.000111,74.125.68.0-255,1484,18579,82,344331
8012,0.000113,172.31.47.0-255,66,18645,82,344331
8013,0.000123,74.125.68.0-255,8574,27219,82,344331
8014,0.000129,172.31.47.0-255,66,27285,82,344331
8015,0.000149,74.125.68.0-255,1484,28769,82,344331
8016,0.000151,172.31.47.0-255,66,28835,82,344331
8017,0.000156,74.125.68.0-255,2543,31378,82,344331
8018,0.000159,172.31.47.0-255,66,31444,82,344331
8019,0.000277,74.125.68.0-255,1484,32928,82,344331
8020,0.000281,172.31.47.0-255,66,32994,82,344331
8021,0.000301,74.125.68.0-255,2902,35896,82,344331
8022,0.000303,172.31.47.0-255,66,35962,82,344331
8023,0.000308,74.125.68.0-255,2902,38864,82,344331
8024,0.000311,172.31.47.0-255,66,38930,82,344331
8025,0.000332,74.125.68.0-255,2902,41832,82,344331
8026,0.000335,172.31.47.0-255,66,41898,82,344331
8027,0.000341,74.125.68.0-255,5738,47636,82,344331
8028,0.000343,172.31.47.0-255,66,47702,82,344331
8029,0.00038,74.125.68.0-255,6797,54499,82,344331
8030,0.000383,172.31.47.0-255,66,54565,82,344331
8031,0.00039,74.125.68.0-255,5738,60303,82,344331
8032,0.000392,172.31.47.0-255,66,60369,82,344331
8033,0.000411,74.125.68.0-255,2902,63271,82,344331
8034,0.000417,172.31.47.0-255,66,63337,82,344331
8035,0.000442,74.125.68.0-255,2816,66153,82,344331
8036,0.000445,172.31.47.0-255,66,66219,82,344331
8037,0.000715,74.125.68.0-255,127,66346,82,344331
8038,0.001116,172.31.47.0-255,66,66412,82,344331
8039,0.001285,74.125.68.0-255,1484,67896,82,344331
8040,0.001304,74.125.68.0-255,2902,70798,82,344331
8041,0.001307,172.31.47.0-255,66,70864,82,344331
8042,0.001334,74.125.68.0-255,5738,76602,82,344331
8043,0.001337,172.31.47.0-255,66,76668,82,344331
8044,0.001366,74.125.68.0-255,4320,80988,82,344331
8045,0.001369,172.31.47.0-255,66,81054,82,344331
8046,0.001375,74.125.68.0-255,5379,86433,82,344331
8047,0.001377,172.31.47.0-255,66,86499,82,344331
8048,0.001416,74.125.68.0-255,7156,93655,82,344331
8049,0.001418,172.31.47.0-255,66,93721,82,344331
8050,0.001471,74.125.68.0-255,6797,100518,82,344331
8051,0.001474,172.31.47.0-255,66,100584,82,344331
8052,0.001524,74.125.68.0-255,1484,102068,82,344331
8053,0.001538,74.125.68.0-255,2902,104970,82,344331
8054,0.00154,172.31.47.0-255,66,105036,82,344331
8055,0.001573,74.125.68.0-255,2902,107938,82,344331
8056,0.001575,172.31.47.0-255,66,108004,82,344331
8057,0.0016,74.125.68.0-255,2902,110906,82,344331
8058,0.001602,172.31.47.0-255,66,110972,82,344331
8059,0.001609,74.125.68.0-255,7156,118128,82,344331
8060,0.001611,172.31.47.0-255,66,118194,82,344331
8061,0.001624,74.125.68.0-255,8574,126768,82,344331
8062,0.001626,172.31.47.0-255,66,126834,82,344331
8063,0.00165,74.125.68.0-255,2902,129736,82,344331
8064,0.001653,172.31.47.0-255,66,129802,82,344331
8065,0.001685,74.125.68.0-255,5020,134822,82,344331
8066,0.001687,172.31.47.0-255,66,134888,82,344331
8067,0.001792,74.125.68.0-255,1484,136372,82,344331
8068,0.001813,74.125.68.0-255,2902,139274,82,344331
8069,0.001816,172.31.47.0-255,66,139340,82,344331
8070,0.001844,74.125.68.0-255,5738,145078,82,344331
8071,0.001846,172.31.47.0-255,66,145144,82,344331
8072,0.001851,74.125.68.0-255,2902,148046,82,344331
8073,0.001853,172.31.47.0-255,66,148112,82,344331
8074,0.001881,74.125.68.0-255,2902,151014,82,344331
8075,0.001883,172.31.47.0-255,66,151080,82,344331
8076,0.001908,74.125.68.0-255,1484,152564,82,344331
8077,0.001913,74.125.68.0-255,2902,155466,82,344331
8078,0.001915,172.31.47.0-255,66,155532,82,344331
8079,0.001921,74.125.68.0-255,4320,159852,82,344331
8080,0.001923,172.31.47.0-255,66,159918,82,344331
8081,0.001945,74.125.68.0-255,5738,165656,82,344331
8082,0.001948,172.31.47.0-255,66,165722,82,344331
8083,0.001973,74.125.68.0-255,2902,168624,82,344331
8084,0.001975,172.31.47.0-255,66,168690,82,344331
8085,0.001978,74.125.68.0-255,766,169456,82,344331
8086,0.004,74.125.68.0-255,1484,170940,82,344331
8087,0.004005,172.31.47.0-255,66,171006,82,344331
8088,0.004049,74.125.68.0-255,2902,173908,82,344331
8089,0.006073,74.125.68.0-255,2902,176810,82,344331
8090,0.009835,172.31.47.0-255,66,176876,82,344331
8091,0.011918,74.125.68.0-255,5738,182614,82,344331
8092,0.011928,172.31.47.0-255,66,182680,82,344331
8093,0.014034,74.125.68.0-255,5738,188418,82,344331
8094,0.014043,172.31.47.0-255,66,188484,82,344331
8095,0.016115,74.125.68.0-255,5738,194222,82,344331
8096,0.016123,172.31.47.0-255,66,194288,82,344331
8097,0.018203,74.125.68.0-255,5738,200026,82,344331
8098,0.018212,172.31.47.0-255,66,200092,82,344331
8099,0.020278,74.125.68.0-255,5738,205830,82,344331
8100,0.020286,172.31.47.0-255,66,205896,82,344331
8101,0.022363,74.125.68.0-255,5738,211634,82,344331
8102,0.02237,172.31.47.0-255,66,211700,82,344331
8103,0.024439,74.125.68.0-255,5738,217438,82,344331
8104,0.024449,172.31.47.0-255,66,217504,82,344331
8105,0.026531,74.125.68.0-255,5738,223242,82,344331
8106,0.026539,172.31.47.0-255,66,223308,82,344331
8107,0.028613,74.125.68.0-255,5738,229046,82,344331
8108,0.028621,172.31.47.0-255,66,229112,82,344331
8109,0.030698,74.125.68.0-255,5738,234850,82,344331
8110,0.030704,172.31.47.0-255,66,234916,82,344331
8111,0.031775,172.31.47.0-255,172,235088,82,344331
8112,0.031805,172.31.47.0-255,1107,236195,82,344331
8113,0.031863,172.31.47.0-255,1514,237709,82,344331
8114,0.031865,172.31.47.0-255,1292,239001,82,344331
8115,0.032766,74.125.68.0-255,5738,244739,82,344331
8116,0.032773,172.31.47.0-255,66,244805,82,344331
8117,0.033325,104.244.42.0-255,66,244871,82,344331
8118,0.033379,104.244.42.0-255,66,244937,82,344331
8119,0.033416,104.244.42.0-255,66,245003,82,344331
8120,0.034839,74.125.68.0-255,5738,250741,82,344331
8121,0.034844,172.31.47.0-255,66,250807,82,344331
8122,0.036912,74.125.68.0-255,5738,256545,82,344331
8123,0.036922,172.31.47.0-255,66,256611,82,344331
8124,0.038999,74.125.68.0-255,5738,262349,82,344331
8125,0.039005,172.31.47.0-255,66,262415,82,344331
8126,0.041077,74.125.68.0-255,5738,268153,82,344331
8127,0.041083,172.31.47.0-255,66,268219,82,344331
8128,0.043149,74.125.68.0-255,5738,273957,82,344331
8129,0.043155,172.31.47.0-255,66,274023,82,344331
8130,0.045221,74.125.68.0-255,5738,279761,82,344331
8131,0.045231,172.31.47.0-255,66,279827,82,344331
8132,0.047342,74.125.68.0-255,5738,285565,82,344331
8133,0.047349,172.31.47.0-255,66,285631,82,344331
8134,0.049422,74.125.68.0-255,2902,288533,82,344331
8135,0.049428,172.31.47.0-255,66,288599,82,344331
8136,0.049457,74.125.68.0-255,2902,291501,82,344331
8137,0.04946,172.31.47.0-255,66,291567,82,344331
8138,0.051492,74.125.68.0-255,2902,294469,82,344331
8139,0.051499,172.31.47.0-255,66,294535,82,344331
8140,0.051524,74.125.68.0-255,2902,297437,82,344331
8141,0.051527,172.31.47.0-255,66,297503,82,344331
8142,0.05356,74.125.68.0-255,2902,300405,82,344331
8143,0.053566,172.31.47.0-255,66,300471,82,344331
8144,0.053594,74.125.68.0-255,2902,303373,82,344331
8145,0.053596,172.31.47.0-255,66,303439,82,344331
8146,0.055637,74.125.68.0-255,2902,306341,82,344331
8147,0.055646,172.31.47.0-255,66,306407,82,344331
8148,0.055677,74.125.68.0-255,2902,309309,82,344331
8149,0.05568,172.31.47.0-255,66,309375,82,344331
8150,0.057715,74.125.68.0-255,2902,312277,82,344331
8151,0.057722,172.31.47.0-255,66,312343,82,344331
8152,0.057754,74.125.68.0-255,2902,315245,82,344331
8153,0.057757,172.31.47.0-255,66,315311,82,344331
8154,0.059809,74.125.68.0-255,5738,321049,82,344331
8155,0.059816,172.31.47.0-255,66,321115,82,344331
8156,0.061912,74.125.68.0-255,5738,326853,82,344331
8157,0.061918,172.31.47.0-255,66,326919,82,344331
8158,0.063987,74.125.68.0-255,5738,332657,82,344331
8159,0.063993,172.31.47.0-255,66,332723,82,344331
8160,0.06606,74.125.68.0-255,5738,338461,82,344331
8161,0.066072,172.31.47.0-255,66,338527,82,344331
8162,0.068149,74.125.68.0-255,5738,344265,82,344331
8163,0.068156,172.31.47.0-255,66,344331,82,344331
8164,0.0,74.125.24.0-255,153,153,82,375206
8165,2.2e-05,172.31.47.0-255,66,219,82,375206
8166,2.8e-05,74.125.24.0-255,1484,1703,82,375206
8167,3.2e-05,172.31.47.0-255,66,1769,82,375206
8168,3.6e-05,74.125.24.0-255,2902,4671,82,375206
8169,3.8e-05,172.31.47.0-255,66,4737,82,375206
8170,4.3e-05,74.125.24.0-255,4320,9057,82,375206
8171,4.5e-05,172.31.47.0-255,66,9123,82,375206
8172,7.4e-05,74.125.24.0-255,2902,12025,82,375206
8173,7.6e-05,172.31.47.0-255,66,12091,82,375206
8174,8.5e-05,74.125.24.0-255,7844,19935,82,375206
8175,8.7e-05,172.31.47.0-255,66,20001,82,375206
8176,0.000127,74.125.24.0-255,4320,24321,82,375206
8177,0.00013,172.31.47.0-255,66,24387,82,375206
8178,0.000146,74.125.24.0-255,6797,31184,82,375206
8179,0.000148,172.31.47.0-255,66,31250,82,375206
8180,0.00026,74.125.24.0-255,1484,32734,82,375206
8181,0.000263,172.31.47.0-255,66,32800,82,375206
8182,0.000266,74.125.24.0-255,1484,34284,82,375206
8183,0.000268,172.31.47.0-255,66,34350,82,375206
8184,0.000279,74.125.24.0-255,1484,35834,82,375206
8185,0.000281,172.31.47.0-255,66,35900,82,375206
8186,0.000285,74.125.24.0-255,1484,37384,82,375206
8187,0.000286,172.31.47.0-255,66,37450,82,375206
8188,0.0003,74.125.24.0-255,4320,41770,82,375206
8189,0.000304,172.31.47.0-255,66,41836,82,375206
8190,0.000328,74.125.24.0-255,2902,44738,82,375206
8191,0.00033,172.31.47.0-255,66,44804,82,375206
8192,0.000362,172.31.47.0-255,66,44870,82,375206
8193,0.000397,74.125.24.0-255,4320,49190,82,375206
8194,0.000402,172.31.47.0-255,66,49256,82,375206
8195,0.000421,74.125.24.0-255,5379,54635,82,375206
8196,0.000424,172.31.47.0-255,66,54701,82,375206
8197,0.000444,74.125.24.0-255,412,55113,82,375206
8198,0.000502,74.125.24.0-255,330,55443,82,375206
8199,0.000748,172.31.47.0-255,66,55509,82,375206
8200,0.001049,74.125.24.0-255,1484,56993,82,375206
8201,0.001058,74.125.24.0-255,2902,59895,82,375206
8202,0.001063,172.31.47.0-255,66,59961,82,375206
8203,0.001071,74.125.24.0-255,5738,65699,82,375206
8204,0.001073,172.31.47.0-255,66,65765,82,375206
8205,0.001093,74.125.24.0-255,1484,67249,82,375206
8206,0.001123,74.125.24.0-255,9992,77241,82,375206
8207,0.001126,172.31.47.0-255,66,77307,82,375206
8208,0.001143,74.125.24.0-255,1484,78791,82,375206
8209,0.001161,74.125.24.0-255,10692,89483,82,375206
8210,0.001163,172.31.47.0-255,66,89549,82,375206
8211,0.001373,74.125.24.0-255,1484,91033,82,375206
8212,0.001393,74.125.24.0-255,2902,93935,82,375206
8213,0.001397,172.31.47.0-255,66,94001,82,375206
8214,0.001403,74.125.24.0-255,4320,98321,82,375206
8215,0.001405,172.31.47.0-255,66,98387,82,375206
8216,0.001417,74.125.24.0-255,1484,99871,82,375206
8217,0.001427,74.125.24.0-255,1484,101355,82,375206
8218,0.00143,172.31.47.0-255,66,101421,82,375206
8219,0.001456,74.125.24.0-255,8574,109995,82,375206
8220,0.001458,172.31.47.0-255,66,110061,82,375206
8221,0.001466,74.125.24.0-255,9992,120053,82,375206
8222,0.001468,172.31.47.0-255,66,120119,82,375206
8223,0.001503,74.125.24.0-255,1484,121603,82,375206
8224,0.001519,74.125.24.0-255,2184,123787,82,375206
8225,0.001533,172.31.47.0-255,66,123853,82,375206
8226,0.001539,74.125.24.0-255,2902,126755,82,375206
8227,0.001541,172.31.47.0-255,66,126821,82,375206
8228,0.001552,74.125.24.0-255,1484,128305,82,375206
8229,0.001583,74.125.24.0-255,9992,138297,82,375206
8230,0.001586,172.31.47.0-255,66,138363,82,375206
8231,0.001588,74.125.24.0-255,1484,139847,82,375206
8232,0.001637,74.125.24.0-255,4320,144167,82,375206
8233,0.001639,172.31.47.0-255,66,144233,82,375206
8234,0.001672,172.31.47.0-255,66,144299,82,375206
8235,0.001778,74.125.24.0-255,1484,145783,82,375206
8236,0.001797,74.125.24.0-255,2902,148685,82,375206
8237,0.0018,172.31.47.0-255,66,148751,82,375206
8238,0.001803,74.125.24.0-255,1484,150235,82,375206
8239,0.001821,74.125.24.0-255,4320,154555,82,375206
8240,0.001824,172.31.47.0-255,66,154621,82,375206
8241,0.001827,74.125.24.0-255,1484,156105,82,375206
8242,0.001843,74.125.24.0-255,2902,159007,82,375206
8243,0.001846,172.31.47.0-255,66,159073,82,375206
8244,0.001857,74.125.24.0-255,4320,163393,82,375206
8245,0.00186,172.31.47.0-255,66,163459,82,375206
8246,0.001887,74.125.24.0-255,7156,170615,82,375206
8247,0.00189,172.31.47.0-255,66,170681,82,375206
8248,0.001895,74.125.24.0-255,4320,175001,82,375206
8249,0.001897,172.31.47.0-255,66,175067,82,375206
8250,0.001921,74.125.24.0-255,3602,178669,82,375206
8251,0.001924,172.31.47.0-255,66,178735,82,375206
8252,0.002064,74.125.24.0-255,1484,180219,82,375206
8253,0.002067,74.125.24.0-255,1484,181703,82,375206
8254,0.002069,172.31.47.0-255,66,181769,82,375206
8255,0.002086,74.125.24.0-255,1484,183253,82,375206
8256,0.002093,74.125.24.0-255,5738,188991,82,375206
8257,0.002095,172.31.47.0-255,66,189057,82,375206
8258,0.002114,74.125.24.0-255,4320,193377,82,375206
8259,0.002116,172.31.47.0-255,66,193443,82,375206
8260,0.00213,74.125.24.0-255,4320,197763,82,375206
8261,0.002132,172.31.47.0-255,66,197829,82,375206
8262,0.004162,74.125.24.0-255,4320,202149,82,375206
8263,0.004168,172.31.47.0-255,66,202215,82,375206
8264,0.004186,74.125.24.0-255,1484,203699,82,375206
8265,0.006225,74.125.24.0-255,2902,206601,82,375206
8266,0.006228,172.31.47.0-255,66,206667,82,375206
8267,0.006241,74.125.24.0-255,1484,208151,82,375206
8268,0.008311,74.125.24.0-255,4320,212471,82,375206
8269,0.008317,172.31.47.0-255,66,212537,82,375206
8270,0.010408,74.125.24.0-255,4320,216857,82,375206
8271,0.010414,172.31.47.0-255,66,216923,82,375206
8272,0.01043,74.125.24.0-255,1484,218407,82,375206
8273,0.012445,74.125.24.0-255,4320,222727,82,375206
8274,0.012453,172.31.47.0-255,66,222793,82,375206
8275,0.014569,74.125.24.0-255,4320,227113,82,375206
8276,0.014577,172.31.47.0-255,66,227179,82,375206
8277,0.014619,74.125.24.0-255,1484,228663,82,375206
8278,0.016632,74.125.24.0-255,4320,232983,82,375206
8279,0.016638,172.31.47.0-255,66,233049,82,375206
8280,0.018692,74.125.24.0-255,5738,238787,82,375206
8281,0.018697,172.31.47.0-255,66,238853,82,375206
8282,0.020806,74.125.24.0-255,5738,244591,82,375206
8283,0.020812,172.31.47.0-255,66,244657,82,375206
8284,0.022891,74.125.24.0-255,5738,250395,82,375206
8285,0.022898,172.31.47.0-255,66,250461,82,375206
8286,0.023777,172.31.47.0-255,172,250633,82,375206
8287,0.023805,172.31.47.0-255,1111,251744,82,375206
8288,0.023835,172.31.47.0-255,1514,253258,82,375206
8289,0.023837,172.31.47.0-255,325,253583,82,375206
8290,0.024954,74.125.24.0-255,4320,257903,82,375206
8291,0.024959,172.31.47.0-255,66,257969,82,375206
8292,0.024986,74.125.24.0-255,1484,259453,82,375206
8293,0.025397,104.244.42.0-255,66,259519,82,375206
8294,0.026964,74.125.24.0-255,2902,262421,82,375206
8295,0.026968,172.31.47.0-255,66,262487,82,375206
8296,0.026989,74.125.24.0-255,1484,263971,82,375206
8297,0.02904,74.125.24.0-255,4320,268291,82,375206
8298,0.029044,172.31.47.0-255,66,268357,82,375206
8299,0.029142,172.31.47.0-255,101,268458,82,375206
8300,0.031044,74.125.24.0-255,4320,272778,82,375206
8301,0.031048,172.31.47.0-255,66,272844,82,375206
8302,0.031074,74.125.24.0-255,1484,274328,82,375206
8303,0.031121,74.125.24.0-255,66,274394,82,375206
8304,0.033126,74.125.24.0-255,4320,278714,82,375206
8305,0.03313,172.31.47.0-255,66,278780,82,375206
8306,0.035181,74.125.24.0-255,4320,283100,82,375206
8307,0.035185,172.31.47.0-255,66,283166,82,375206
8308,0.035213,74.125.24.0-255,1484,284650,82,375206
8309,0.037238,74.125.24.0-255,4320,288970,82,375206
8310,0.037242,172.31.47.0-255,66,289036,82,375206
8311,0.039272,74.125.24.0-255,5738,294774,82,375206
8312,0.039277,172.31.47.0-255,66,294840,82,375206
8313,0.041306,74.125.24.0-255,5738,300578,82,375206
8314,0.041311,172.31.47.0-255,66,300644,82,375206
8315,0.043369,74.125.24.0-255,5738,306382,82,375206
8316,0.043374,172.31.47.0-255,66,306448,82,375206
8317,0.045436,74.125.24.0-255,5738,312186,82,375206
8318,0.045443,172.31.47.0-255,66,312252,82,375206
8319,0.047525,74.125.24.0-255,2902,315154,82,375206
8320,0.04753,172.31.47.0-255,66,315220,82,375206
8321,0.047556,74.125.24.0-255,2902,318122,82,375206
8322,0.047558,172.31.47.0-255,66,318188,82,375206
8323,0.049592,74.125.24.0-255,5738,323926,82,375206
8324,0.049596,172.31.47.0-255,66,323992,82,375206
8325,0.051631,74.125.24.0-255,4320,328312,82,375206
8326,0.051636,172.31.47.0-255,66,328378,82,375206
8327,0.05166,74.125.24.0-255,1484,329862,82,375206
8328,0.053671,74.125.24.0-255,4320,334182,82,375206
8329,0.053675,172.31.47.0-255,66,334248,82,375206
8330,0.055757,74.125.24.0-255,1484,335732,82,375206
8331,0.055787,74.125.24.0-255,4320,340052,82,375206
8332,0.055792,172.31.47.0-255,66,340118,82,375206
8333,0.057875,74.125.24.0-255,5738,345856,82,375206
8334,0.05788,172.31.47.0-255,66,345922,82,375206
8335,0.059918,74.125.24.0-255,5738,351660,82,375206
8336,0.059923,172.31.47.0-255,66,351726,82,375206
8337,0.062003,74.125.24.0-255,5738,357464,82,375206
8338,0.062008,172.31.47.0-255,66,357530,82,375206
8339,0.06408,74.125.24.0-255,5738,363268,82,375206
8340,0.064085,172.31.47.0-255,66,363334,82,375206
8341,0.066153,74.125.24.0-255,2902,366236,82,375206
8342,0.066158,172.31.47.0-255,66,366302,82,375206
8343,0.066185,74.125.24.0-255,2902,369204,82,375206
8344,0.066188,172.31.47.0-255,66,369270,82,375206
8345,0.068227,74.125.24.0-255,2902,372172,82,375206
8346,0.068231,172.31.47.0-255,66,372238,82,375206
8347,0.068261,74.125.24.0-255,2902,375140,82,375206
8348,0.068263,172.31.47.0-255,66,375206,82,375206
8349,0.0,172.217.194.0-255,153,153,82,337234
8350,2.2e-05,172.31.47.0-255,66,219,82,337234
8351,2.9e-05,172.217.194.0-255,1484,1703,82,337234
8352,3.5e-05,172.31.47.0-255,66,1769,82,337234
8353,4.1e-05,172.217.194.0-255,2902,4671,82,337234
8354,5.2e-05,172.31.47.0-255,66,4737,82,337234
8355,6e-05,172.217.194.0-255,7156,11893,82,337234
8356,6.3e-05,172.31.47.0-255,66,11959,82,337234
8357,6.6e-05,172.217.194.0-255,1484,13443,82,337234
8358,6.9e-05,172.31.47.0-255,66,13509,82,337234
8359,9.9e-05,172.217.194.0-255,558,14067,82,337234
8360,0.000102,172.31.47.0-255,66,14133,82,337234
8361,0.000107,172.217.194.0-255,2902,17035,82,337234
8362,0.000109,172.31.47.0-255,66,17101,82,337234
8363,0.000116,172.217.194.0-255,5738,22839,82,337234
8364,0.000118,172.31.47.0-255,66,22905,82,337234
8365,0.000176,172.217.194.0-255,5738,28643,82,337234
8366,0.000178,172.31.47.0-255,66,28709,82,337234
8367,0.000204,172.217.194.0-255,2543,31252,82,337234
8368,0.000206,172.31.47.0-255,66,31318,82,337234
8369,0.000346,172.217.194.0-255,1484,32802,82,337234
8370,0.00035,172.31.47.0-255,66,32868,82,337234
8371,0.000356,172.217.194.0-255,2902,35770,82,337234
8372,0.000359,172.31.47.0-255,66,35836,82,337234
8373,0.00037,172.217.194.0-255,5738,41574,82,337234
8374,0.000372,172.31.47.0-255,66,41640,82,337234
8375,0.000435,172.31.47.0-255,66,41706,82,337234
8376,0.000442,172.217.194.0-255,7156,48862,82,337234
8377,0.000445,172.31.47.0-255,66,48928,82,337234
8378,0.000474,172.217.194.0-255,2543,51471,82,337234
8379,0.000477,172.31.47.0-255,66,51537,82,337234
8380,0.000778,172.217.194.0-255,647,52184,82,337234
8381,0.000885,172.217.194.0-255,1484,53668,82,337234
8382,0.00089,172.31.47.0-255,66,53734,82,337234
8383,0.000896,172.217.194.0-255,2902,56636,82,337234
8384,0.000898,172.31.47.0-255,66,56702,82,337234
8385,0.000904,172.217.194.0-255,4320,61022,82,337234
8386,0.000906,172.31.47.0-255,66,61088,82,337234
8387,0.00094,172.217.194.0-255,1484,62572,82,337234
8388,0.000954,172.31.47.0-255,66,62638,82,337234
8389,0.000966,172.217.194.0-255,10692,73330,82,337234
8390,0.000968,172.31.47.0-255,66,73396,82,337234
8391,0.001116,172.217.194.0-255,1484,74880,82,337234
8392,0.001132,172.217.194.0-255,2902,77782,82,337234
8393,0.001135,172.31.47.0-255,66,77848,82,337234
8394,0.00114,172.217.194.0-255,2902,80750,82,337234
8395,0.001142,172.31.47.0-255,66,80816,82,337234
8396,0.001163,172.217.194.0-255,2902,83718,82,337234
8397,0.00117,172.31.47.0-255,66,83784,82,337234
8398,0.001191,172.217.194.0-255,7156,90940,82,337234
8399,0.001193,172.31.47.0-255,66,91006,82,337234
8400,0.001223,172.217.194.0-255,7156,98162,82,337234
8401,0.001226,172.31.47.0-255,66,98228,82,337234
8402,0.001256,172.217.194.0-255,4320,102548,82,337234
8403,0.001259,172.31.47.0-255,66,102614,82,337234
8404,0.001286,172.217.194.0-255,5020,107634,82,337234
8405,0.001289,172.31.47.0-255,66,107700,82,337234
8406,0.001309,172.217.194.0-255,1484,109184,82,337234
8407,0.001314,172.217.194.0-255,2902,112086,82,337234
8408,0.001316,172.31.47.0-255,66,112152,82,337234
8409,0.001339,172.217.194.0-255,5738,117890,82,337234
8410,0.001342,172.31.47.0-255,66,117956,82,337234
8411,0.001345,172.217.194.0-255,1484,119440,82,337234
8412,0.001372,172.217.194.0-255,4320,123760,82,337234
8413,0.001375,172.31.47.0-255,66,123826,82,337234
8414,0.001382,172.217.194.0-255,7156,130982,82,337234
8415,0.001384,172.31.47.0-255,66,131048,82,337234
8416,0.001464,172.217.194.0-255,9992,141040,82,337234
8417,0.001467,172.31.47.0-255,66,141106,82,337234
8418,0.001487,172.217.194.0-255,766,141872,82,337234
8419,0.002054,172.217.194.0-255,1484,143356,82,337234
8420,0.002058,172.31.47.0-255,66,143422,82,337234
8421,0.002064,172.217.194.0-255,2902,146324,82,337234
8422,0.002066,172.31.47.0-255,66,146390,82,337234
8423,0.002076,172.217.194.0-255,5738,152128,82,337234
8424,0.002079,172.31.47.0-255,66,152194,82,337234
8425,0.002111,172.31.47.0-255,66,152260,82,337234
8426,0.002133,172.217.194.0-255,1484,153744,82,337234
8427,0.002144,172.217.194.0-255,10692,164436,82,337234
8428,0.002146,172.31.47.0-255,66,164502,82,337234
8429,0.004445,172.217.194.0-255,5738,170240,82,337234
8430,0.004451,172.31.47.0-255,66,170306,82,337234
8431,0.006777,172.217.194.0-255,5738,176044,82,337234
8432,0.006784,172.31.47.0-255,66,176110,82,337234
8433,0.00908,172.217.194.0-255,5738,181848,82,337234
8434,0.009086,172.31.47.0-255,66,181914,82,337234
8435,0.011431,172.217.194.0-255,5738,187652,82,337234
8436,0.011438,172.31.47.0-255,66,187718,82,337234
8437,0.013734,172.217.194.0-255,5738,193456,82,337234
8438,0.013742,172.31.47.0-255,66,193522,82,337234
8439,0.01606,172.217.194.0-255,5738,199260,82,337234
8440,0.016069,172.31.47.0-255,66,199326,82,337234
8441,0.018357,172.217.194.0-255,5738,205064,82,337234
8442,0.018364,172.31.47.0-255,66,205130,82,337234
8443,0.020681,172.217.194.0-255,5738,210868,82,337234
8444,0.020691,172.31.47.0-255,66,210934,82,337234
8445,0.02301,172.217.194.0-255,5738,216672,82,337234
8446,0.023018,172.31.47.0-255,66,216738,82,337234
8447,0.02533,172.217.194.0-255,5738,222476,82,337234
8448,0.025338,172.31.47.0-255,66,222542,82,337234
8449,0.027639,172.217.194.0-255,5738,228280,82,337234
8450,0.027645,172.31.47.0-255,66,228346,82,337234
8451,0.029965,172.217.194.0-255,5738,234084,82,337234
8452,0.029971,172.31.47.0-255,66,234150,82,337234
8453,0.032285,172.217.194.0-255,5738,239888,82,337234
8454,0.032292,172.31.47.0-255,66,239954,82,337234
8455,0.034599,172.217.194.0-255,5738,245692,82,337234
8456,0.034606,172.31.47.0-255,66,245758,82,337234
8457,0.035473,172.31.47.0-255,172,245930,82,337234
8458,0.035504,172.31.47.0-255,1111,247041,82,337234
8459,0.03555,172.31.47.0-255,1514,248555,82,337234
8460,0.035552,172.31.47.0-255,1289,249844,82,337234
8461,0.036916,172.217.194.0-255,5738,255582,82,337234
8462,0.036922,172.31.47.0-255,66,255648,82,337234
8463,0.03704,104.244.42.0-255,66,255714,82,337234
8464,0.037087,104.244.42.0-255,66,255780,82,337234
8465,0.037144,104.244.42.0-255,66,255846,82,337234
8466,0.039222,172.217.194.0-255,5738,261584,82,337234
8467,0.039228,172.31.47.0-255,66,261650,82,337234
8468,0.041517,172.217.194.0-255,5738,267388,82,337234
8469,0.041526,172.31.47.0-255,66,267454,82,337234
8470,0.043858,172.217.194.0-255,5738,273192,82,337234
8471,0.043865,172.31.47.0-255,66,273258,82,337234
8472,0.046172,172.217.194.0-255,5738,278996,82,337234
8473,0.046178,172.31.47.0-255,66,279062,82,337234
8474,0.048481,172.217.194.0-255,5738,284800,82,337234
8475,0.048487,172.31.47.0-255,66,284866,82,337234
8476,0.050806,172.217.194.0-255,5738,290604,82,337234
8477,0.050814,172.31.47.0-255,66,290670,82,337234
8478,0.053109,172.217.194.0-255,5738,296408,82,337234
8479,0.053116,172.31.47.0-255,66,296474,82,337234
8480,0.055437,172.217.194.0-255,5738,302212,82,337234
8481,0.055443,172.31.47.0-255,66,302278,82,337234
8482,0.057741,172.217.194.0-255,5738,308016,82,337234
8483,0.057748,172.31.47.0-255,66,308082,82,337234
8484,0.060056,172.217.194.0-255,2902,310984,82,337234
8485,0.060063,172.31.47.0-255,66,311050,82,337234
8486,0.060095,172.217.194.0-255,2902,313952,82,337234
8487,0.060099,172.31.47.0-255,66,314018,82,337234
8488,0.062392,172.217.194.0-255,5738,319756,82,337234
8489,0.062399,172.31.47.0-255,66,319822,82,337234
8490,0.064724,172.217.194.0-255,5738,325560,82,337234
8491,0.06473,172.31.47.0-255,66,325626,82,337234
8492,0.067057,172.217.194.0-255,5738,331364,82,337234
8493,0.067065,172.31.47.0-255,66,331430,82,337234
8494,0.06939,172.217.194.0-255,5738,337168,82,337234
8495,0.069395,172.31.47.0-255,66,337234,82,337234
8496,0.0,172.217.194.0-255,153,153,82,345904
8497,3.1e-05,172.31.47.0-255,66,219,82,345904
8498,3.8e-05,172.217.194.0-255,1484,1703,82,345904
8499,4.2e-05,172.31.47.0-255,66,1769,82,345904
8500,4.6e-05,172.217.194.0-255,2902,4671,82,345904
8501,5.5e-05,172.31.47.0-255,66,4737,82,345904
8502,6e-05,172.217.194.0-255,5738,10475,82,345904
8503,6.2e-05,172.31.47.0-255,66,10541,82,345904
8504,8.5e-05,172.217.194.0-255,5738,16279,82,345904
8505,8.7e-05,172.31.47.0-255,66,16345,82,345904
8506,0.000121,172.217.194.0-255,7684,24029,82,345904
8507,0.000124,172.31.47.0-255,66,24095,82,345904
8508,0.00013,172.217.194.0-255,6797,30892,82,345904
8509,0.000132,172.31.47.0-255,66,30958,82,345904
8510,0.000157,172.217.194.0-255,1484,32442,82,345904
8511,0.000159,172.31.47.0-255,66,32508,82,345904
8512,0.000183,172.217.194.0-255,2902,35410,82,345904
8513,0.000186,172.31.47.0-255,66,35476,82,345904
8514,0.000192,172.217.194.0-255,5738,41214,82,345904
8515,0.000194,172.31.47.0-255,66,41280,82,345904
8516,0.000197,172.217.194.0-255,2902,44182,82,345904
8517,0.000203,172.31.47.0-255,66,44248,82,345904
8518,0.000246,172.31.47.0-255,66,44314,82,345904
8519,0.00025,172.217.194.0-255,2902,47216,82,345904
8520,0.000252,172.31.47.0-255,66,47282,82,345904
8521,0.000285,172.217.194.0-255,7072,54354,82,345904
8522,0.000287,172.217.194.0-255,120,54474,82,345904
8523,0.00029,172.31.47.0-255,66,54540,82,345904
8524,0.000294,172.31.47.0-255,66,54606,82,345904
8525,0.000378,172.217.194.0-255,379,54985,82,345904
8526,0.000382,172.31.47.0-255,66,55051,82,345904
8527,0.000576,172.217.194.0-255,1484,56535,82,345904
8528,0.000596,172.217.194.0-255,2902,59437,82,345904
8529,0.000599,172.31.47.0-255,66,59503,82,345904
8530,0.000605,172.217.194.0-255,5738,65241,82,345904
8531,0.000607,172.31.47.0-255,66,65307,82,345904
8532,0.000648,172.217.194.0-255,4320,69627,82,345904
8533,0.000651,172.31.47.0-255,66,69693,82,345904
8534,0.000699,172.217.194.0-255,9633,79326,82,345904
8535,0.000702,172.31.47.0-255,66,79392,82,345904
8536,0.000711,172.217.194.0-255,9633,89025,82,345904
8537,0.00072,172.31.47.0-255,66,89091,82,345904
8538,0.001486,172.217.194.0-255,1484,90575,82,345904
8539,0.001495,172.217.194.0-255,2902,93477,82,345904
8540,0.001499,172.31.47.0-255,66,93543,82,345904
8541,0.001505,172.217.194.0-255,4320,97863,82,345904
8542,0.001507,172.31.47.0-255,66,97929,82,345904
8543,0.00153,172.217.194.0-255,1484,99413,82,345904
8544,0.001538,172.217.194.0-255,8574,107987,82,345904
8545,0.001539,172.31.47.0-255,66,108053,82,345904
8546,0.001561,172.217.194.0-255,4320,112373,82,345904
8547,0.001562,172.31.47.0-255,66,112439,82,345904
8548,0.001568,172.217.194.0-255,5738,118177,82,345904
8549,0.001569,172.31.47.0-255,66,118243,82,345904
8550,0.001588,172.217.194.0-255,1484,119727,82,345904
8551,0.001608,172.217.194.0-255,3602,123329,82,345904
8552,0.001609,172.31.47.0-255,66,123395,82,345904
8553,0.001628,172.217.194.0-255,4320,127715,82,345904
8554,0.00163,172.31.47.0-255,66,127781,82,345904
8555,0.00164,172.217.194.0-255,1484,129265,82,345904
8556,0.001664,172.217.194.0-255,8574,137839,82,345904
8557,0.001666,172.31.47.0-255,66,137905,82,345904
8558,0.001729,172.31.47.0-255,66,137971,82,345904
8559,0.001733,172.217.194.0-255,3602,141573,82,345904
8560,0.001734,172.31.47.0-255,66,141639,82,345904
8561,0.002081,172.217.194.0-255,1484,143123,82,345904
8562,0.002086,172.217.194.0-255,2902,146025,82,345904
8563,0.002088,172.31.47.0-255,66,146091,82,345904
8564,0.002107,172.217.194.0-255,5738,151829,82,345904
8565,0.002109,172.31.47.0-255,66,151895,82,345904
8566,0.002134,172.217.194.0-255,7156,159051,82,345904
8567,0.002136,172.31.47.0-255,66,159117,82,345904
8568,0.00216,172.217.194.0-255,5738,164855,82,345904
8569,0.002162,172.31.47.0-255,66,164921,82,345904
8570,0.00217,172.217.194.0-255,10692,175613,82,345904
8571,0.002172,172.31.47.0-255,66,175679,82,345904
8572,0.00444,172.217.194.0-255,2902,178581,82,345904
8573,0.004443,172.31.47.0-255,66,178647,82,345904
8574,0.004467,172.217.194.0-255,2902,181549,82,345904
8575,0.004469,172.31.47.0-255,66,181615,82,345904
8576,0.006683,172.217.194.0-255,2902,184517,82,345904
8577,0.006689,172.31.47.0-255,66,184583,82,345904
8578,0.006717,172.217.194.0-255,2902,187485,82,345904
8579,0.006721,172.31.47.0-255,66,187551,82,345904
8580,0.008972,172.217.194.0-255,5738,193289,82,345904
8581,0.008978,172.31.47.0-255,66,193355,82,345904
8582,0.011245,172.217.194.0-255,5738,199093,82,345904
8583,0.011259,172.31.47.0-255,66,199159,82,345904
8584,0.013547,172.217.194.0-255,5738,204897,82,345904
8585,0.013562,172.31.47.0-255,66,204963,82,345904
8586,0.015819,172.217.194.0-255,5738,210701,82,345904
8587,0.015826,172.31.47.0-255,66,210767,82,345904
8588,0.018072,172.217.194.0-255,5738,216505,82,345904
8589,0.018079,172.31.47.0-255,66,216571,82,345904
8590,0.020336,172.217.194.0-255,5738,222309,82,345904
8591,0.020342,172.31.47.0-255,66,222375,82,345904
8592,0.021114,172.31.47.0-255,172,222547,82,345904
8593,0.021148,172.31.47.0-255,1113,223660,82,345904
8594,0.021205,172.31.47.0-255,1514,225174,82,345904
8595,0.021222,172.31.47.0-255,1286,226460,82,345904
8596,0.02259,172.217.194.0-255,5738,232198,82,345904
8597,0.022595,172.31.47.0-255,66,232264,82,345904
8598,0.022634,104.244.42.0-255,66,232330,82,345904
8599,0.022675,104.244.42.0-255,66,232396,82,345904
8600,0.022794,104.244.42.0-255,66,232462,82,345904
8601,0.024839,172.217.194.0-255,5738,238200,82,345904
8602,0.024843,172.31.47.0-255,66,238266,82,345904
8603,0.027123,172.217.194.0-255,5738,244004,82,345904
8604,0.027129,172.31.47.0-255,66,244070,82,345904
8605,0.029366,172.217.194.0-255,5738,249808,82,345904
8606,0.02937,172.31.47.0-255,66,249874,82,345904
8607,0.031645,172.217.194.0-255,5738,255612,82,345904
8608,0.031649,172.31.47.0-255,66,255678,82,345904
8609,0.033908,172.217.194.0-255,5738,261416,82,345904
8610,0.033913,172.31.47.0-255,66,261482,82,345904
8611,0.036173,172.217.194.0-255,5738,267220,82,345904
8612,0.036178,172.31.47.0-255,66,267286,82,345904
8613,0.038454,172.217.194.0-255,4320,271606,82,345904
8614,0.038459,172.31.47.0-255,66,271672,82,345904
8615,0.038486,172.217.194.0-255,1484,273156,82,345904
8616,0.040742,172.217.194.0-255,4320,277476,82,345904
8617,0.040748,172.31.47.0-255,66,277542,82,345904
8618,0.043024,172.217.194.0-255,5738,283280,82,345904
8619,0.043029,172.31.47.0-255,66,283346,82,345904
8620,0.04528,172.217.194.0-255,4320,287666,82,345904
8621,0.045285,172.31.47.0-255,66,287732,82,345904
8622,0.045325,172.217.194.0-255,1484,289216,82,345904
8623,0.047536,172.217.194.0-255,4320,293536,82,345904
8624,0.047541,172.31.47.0-255,66,293602,82,345904
8625,0.049809,172.217.194.0-255,5738,299340,82,345904
8626,0.049814,172.31.47.0-255,66,299406,82,345904
8627,0.052079,172.217.194.0-255,5738,305144,82,345904
8628,0.052084,172.31.47.0-255,66,305210,82,345904
8629,0.05436,172.217.194.0-255,5738,310948,82,345904
8630,0.054366,172.31.47.0-255,66,311014,82,345904
8631,0.05666,172.217.194.0-255,5738,316752,82,345904
8632,0.056666,172.31.47.0-255,66,316818,82,345904
8633,0.058938,172.217.194.0-255,5738,322556,82,345904
8634,0.058943,172.31.47.0-255,66,322622,82,345904
8635,0.061202,172.217.194.0-255,5738,328360,82,345904
8636,0.061207,172.31.47.0-255,66,328426,82,345904
8637,0.063465,172.217.194.0-255,5738,334164,82,345904
8638,0.063471,172.31.47.0-255,66,334230,82,345904
8639,0.065719,172.217.194.0-255,5738,339968,82,345904
8640,0.065725,172.31.47.0-255,66,340034,82,345904
8641,0.067988,172.217.194.0-255,4320,344354,82,345904
8642,0.067991,172.31.47.0-255,66,344420,82,345904
8643,0.06802,172.217.194.0-255,1484,345904,82,345904
8644,0.0,172.31.47.0-255,105,105,82,105
8645,0.0,74.125.24.0-255,153,153,82,344815
8646,2.2e-05,172.31.47.0-255,66,219,82,344815
8647,2.8e-05,74.125.24.0-255,1484,1703,82,344815
8648,3.2e-05,172.31.47.0-255,66,1769,82,344815
8649,3.4e-05,74.125.24.0-255,1484,3253,82,344815
8650,3.6e-05,172.31.47.0-255,66,3319,82,344815
8651,6.2e-05,74.125.24.0-255,4320,7639,82,344815
8652,6.5e-05,172.31.47.0-255,66,7705,82,344815
8653,0.0001,74.125.24.0-255,2902,10607,82,344815
8654,0.000102,172.31.47.0-255,66,10673,82,344815
8655,0.000122,74.125.24.0-255,3635,14308,82,344815
8656,0.000124,172.31.47.0-255,66,14374,82,344815
8657,0.000131,74.125.24.0-255,7156,21530,82,344815
8658,0.000133,172.31.47.0-255,66,21596,82,344815
8659,0.000157,74.125.24.0-255,1484,23080,82,344815
8660,0.000159,172.31.47.0-255,66,23146,82,344815
8661,0.000197,74.125.24.0-255,9992,33138,82,344815
8662,0.0002,172.31.47.0-255,66,33204,82,344815
8663,0.000211,172.31.47.0-255,66,33270,82,344815
8664,0.000214,74.125.24.0-255,2184,35454,82,344815
8665,0.000216,172.31.47.0-255,66,35520,82,344815
8666,0.00028,74.125.24.0-255,1484,37004,82,344815
8667,0.000283,172.31.47.0-255,66,37070,82,344815
8668,0.0003,74.125.24.0-255,2902,39972,82,344815
8669,0.000303,172.31.47.0-255,66,40038,82,344815
8670,0.000328,74.125.24.0-255,5738,45776,82,344815
8671,0.000331,172.31.47.0-255,66,45842,82,344815
8672,0.000349,74.125.24.0-255,2902,48744,82,344815
8673,0.000352,172.31.47.0-255,66,48810,82,344815
8674,0.000372,74.125.24.0-255,4236,53046,82,344815
8675,0.000375,172.31.47.0-255,66,53112,82,344815
8676,0.000776,74.125.24.0-255,131,53243,82,344815
8677,0.000822,74.125.24.0-255,1484,54727,82,344815
8678,0.000826,172.31.47.0-255,66,54793,82,344815
8679,0.000832,74.125.24.0-255,2902,57695,82,344815
8680,0.000834,172.31.47.0-255,66,57761,82,344815
8681,0.000867,74.125.24.0-255,7156,64917,82,344815
8682,0.00087,172.31.47.0-255,66,64983,82,344815
8683,0.000874,74.125.24.0-255,2902,67885,82,344815
8684,0.000876,172.31.47.0-255,66,67951,82,344815
8685,0.000879,74.125.24.0-255,1484,69435,82,344815
8686,0.000896,74.125.24.0-255,5738,75173,82,344815
8687,0.000898,172.31.47.0-255,66,75239,82,344815
8688,0.000923,74.125.24.0-255,4320,79559,82,344815
8689,0.000926,172.31.47.0-255,66,79625,82,344815
8690,0.000934,74.125.24.0-255,7856,87481,82,344815
8691,0.000936,172.31.47.0-255,66,87547,82,344815
8692,0.001739,74.125.24.0-255,1484,89031,82,344815
8693,0.001744,74.125.24.0-255,1484,90515,82,344815
8694,0.001747,172.31.47.0-255,66,90581,82,344815
8695,0.001762,74.125.24.0-255,1484,92065,82,344815
8696,0.001773,74.125.24.0-255,2902,94967,82,344815
8697,0.001775,172.31.47.0-255,66,95033,82,344815
8698,0.001779,74.125.24.0-255,2902,97935,82,344815
8699,0.001781,172.31.47.0-255,66,98001,82,344815
8700,0.001795,74.125.24.0-255,1484,99485,82,344815
8701,0.0018,74.125.24.0-255,4320,103805,82,344815
8702,0.001801,172.31.47.0-255,66,103871,82,344815
8703,0.001819,74.125.24.0-255,4320,108191,82,344815
8704,0.00182,172.31.47.0-255,66,108257,82,344815
8705,0.001823,74.125.24.0-255,1484,109741,82,344815
8706,0.001835,74.125.24.0-255,2902,112643,82,344815
8707,0.001837,172.31.47.0-255,66,112709,82,344815
8708,0.001857,74.125.24.0-255,9274,121983,82,344815
8709,0.001859,172.31.47.0-255,66,122049,82,344815
8710,0.001865,74.125.24.0-255,7156,129205,82,344815
8711,0.001867,172.31.47.0-255,66,129271,82,344815
8712,0.001898,74.125.24.0-255,7156,136427,82,344815
8713,0.0019,172.31.47.0-255,66,136493,82,344815
8714,0.00191,172.31.47.0-255,66,136559,82,344815
8715,0.001912,74.125.24.0-255,1484,138043,82,344815
8716,0.001927,74.125.24.0-255,4320,142363,82,344815
8717,0.001928,172.31.47.0-255,66,142429,82,344815
8718,0.001939,74.125.24.0-255,2184,144613,82,344815
8719,0.001941,172.31.47.0-255,66,144679,82,344815
8720,0.002099,74.125.24.0-255,1484,146163,82,344815
8721,0.002117,74.125.24.0-255,2902,149065,82,344815
8722,0.002119,172.31.47.0-255,66,149131,82,344815
8723,0.002134,74.125.24.0-255,4320,153451,82,344815
8724,0.002136,172.31.47.0-255,66,153517,82,344815
8725,0.002154,74.125.24.0-255,1484,155001,82,344815
8726,0.002165,172.31.47.0-255,66,155067,82,344815
8727,0.002176,74.125.24.0-255,2902,157969,82,344815
8728,0.002177,172.31.47.0-255,66,158035,82,344815
8729,0.002194,74.125.24.0-255,7856,165891,82,344815
8730,0.002196,172.31.47.0-255,66,165957,82,344815
8731,0.002232,74.125.24.0-255,1484,167441,82,344815
8732,0.002264,74.125.24.0-255,1484,168925,82,344815
8733,0.002266,172.31.47.0-255,66,168991,82,344815
8734,0.002279,74.125.24.0-255,1484,170475,82,344815
8735,0.002283,74.125.24.0-255,5738,176213,82,344815
8736,0.002285,172.31.47.0-255,66,176279,82,344815
8737,0.002296,172.31.47.0-255,66,176345,82,344815
8738,0.002324,74.125.24.0-255,10692,187037,82,344815
8739,0.002326,172.31.47.0-255,66,187103,82,344815
8740,0.002333,74.125.24.0-255,9992,197095,82,344815
8741,0.002335,172.31.47.0-255,66,197161,82,344815
8742,0.002349,74.125.24.0-255,1484,198645,82,344815
8743,0.00237,74.125.24.0-255,4320,202965,82,344815
8744,0.002376,172.31.47.0-255,66,203031,82,344815
8745,0.002393,172.31.47.0-255,66,203097,82,344815
8746,0.002409,74.125.24.0-255,6438,209535,82,344815
8747,0.002411,172.31.47.0-255,66,209601,82,344815
8748,0.002422,74.125.24.0-255,2902,212503,82,344815
8749,0.002424,172.31.47.0-255,66,212569,82,344815
8750,0.002439,74.125.24.0-255,5738,218307,82,344815
8751,0.002441,172.31.47.0-255,66,218373,82,344815
8752,0.002443,74.125.24.0-255,1484,219857,82,344815
8753,0.002446,74.125.24.0-255,1484,221341,82,344815
8754,0.002447,172.31.47.0-255,66,221407,82,344815
8755,0.002475,74.125.24.0-255,8574,229981,82,344815
8756,0.002477,172.31.47.0-255,66,230047,82,344815
8757,0.002479,74.125.24.0-255,1484,231531,82,344815
8758,0.002509,172.31.47.0-255,66,231597,82,344815
8759,0.002544,74.125.24.0-255,2902,234499,82,344815
8760,0.002546,172.31.47.0-255,66,234565,82,344815
8761,0.002567,74.125.24.0-255,7156,241721,82,344815
8762,0.002569,172.31.47.0-255,66,241787,82,344815
8763,0.002572,74.125.24.0-255,1484,243271,82,344815
8764,0.002595,74.125.24.0-255,9992,253263,82,344815
8765,0.002597,172.31.47.0-255,66,253329,82,344815
8766,0.002614,74.125.24.0-255,1484,254813,82,344815
8767,0.002619,74.125.24.0-255,4320,259133,82,344815
8768,0.00262,172.31.47.0-255,66,259199,82,344815
8769,0.002623,74.125.24.0-255,1484,260683,82,344815
8770,0.002626,74.125.24.0-255,2902,263585,82,344815
8771,0.002628,172.31.47.0-255,66,263651,82,344815
8772,0.002631,74.125.24.0-255,2184,265835,82,344815
8773,0.002633,172.31.47.0-255,66,265901,82,344815
8774,0.002635,74.125.24.0-255,1484,267385,82,344815
8775,0.002648,74.125.24.0-255,1484,268869,82,344815
8776,0.002649,172.31.47.0-255,66,268935,82,344815
8777,0.002652,74.125.24.0-255,1484,270419,82,344815
8778,0.002677,74.125.24.0-255,5738,276157,82,344815
8779,0.002679,172.31.47.0-255,66,276223,82,344815
8780,0.002684,74.125.24.0-255,5738,281961,82,344815
8781,0.002686,172.31.47.0-255,66,282027,82,344815
8782,0.002703,74.125.24.0-255,7156,289183,82,344815
8783,0.002705,172.31.47.0-255,66,289249,82,344815
8784,0.002749,74.125.24.0-255,10692,299941,82,344815
8785,0.002751,172.31.47.0-255,66,300007,82,344815
8786,0.002796,74.125.24.0-255,1484,301491,82,344815
8787,0.002807,74.125.24.0-255,2902,304393,82,344815
8788,0.002808,172.31.47.0-255,66,304459,82,344815
8789,0.002812,74.125.24.0-255,2902,307361,82,344815
8790,0.002814,172.31.47.0-255,66,307427,82,344815
8791,0.002835,74.125.24.0-255,2902,310329,82,344815
8792,0.002837,172.31.47.0-255,66,310395,82,344815
8793,0.002844,74.125.24.0-255,8574,318969,82,344815
8794,0.002845,172.31.47.0-255,66,319035,82,344815
8795,0.002892,74.125.24.0-255,5738,324773,82,344815
8796,0.002908,74.125.24.0-255,9274,334047,82,344815
8797,0.002996,74.125.24.0-255,1484,335531,82,344815
8798,0.003014,74.125.24.0-255,2902,338433,82,344815
8799,0.003032,74.125.24.0-255,1757,340190,82,344815
8800,0.003066,74.125.24.0-255,105,340295,82,344815
8801,0.005318,172.31.47.0-255,66,340361,82,344815
8802,0.00758,172.31.47.0-255,105,340466,82,344815
8803,0.009833,74.125.24.0-255,66,340532,82,344815
8804,0.025505,172.31.47.0-255,172,340704,82,344815
8805,0.025533,172.31.47.0-255,1111,341815,82,344815
8806,0.025565,172.31.47.0-255,1514,343329,82,344815
8807,0.025567,172.31.47.0-255,1288,344617,82,344815
8808,0.027052,104.244.42.0-255,66,344683,82,344815
8809,0.027096,104.244.42.0-255,66,344749,82,344815
8810,0.027138,104.244.42.0-255,66,344815,82,344815
8811,0.0,74.125.130.0-255,153,153,82,352545
8812,4.6e-05,172.31.47.0-255,66,219,82,352545
8813,5.3e-05,74.125.130.0-255,1484,1703,82,352545
8814,5.7e-05,172.31.47.0-255,66,1769,82,352545
8815,6.9e-05,74.125.130.0-255,2902,4671,82,352545
8816,7.2e-05,172.31.47.0-255,66,4737,82,352545
8817,7.7e-05,74.125.130.0-255,4320,9057,82,352545
8818,7.9e-05,172.31.47.0-255,66,9123,82,352545
8819,8.5e-05,74.125.130.0-255,4934,14057,82,352545
8820,8.7e-05,172.31.47.0-255,66,14123,82,352545
8821,0.000116,74.125.130.0-255,1484,15607,82,352545
8822,0.000119,172.31.47.0-255,66,15673,82,352545
8823,0.000125,74.125.130.0-255,2902,18575,82,352545
8824,0.000127,172.31.47.0-255,66,18641,82,352545
8825,0.000139,74.125.130.0-255,5738,24379,82,352545
8826,0.000141,172.31.47.0-255,66,24445,82,352545
8827,0.000145,74.125.130.0-255,2902,27347,82,352545
8828,0.000147,172.31.47.0-255,66,27413,82,352545
8829,0.000153,74.125.130.0-255,3961,31374,82,352545
8830,0.000155,172.31.47.0-255,66,31440,82,352545
8831,0.00024,74.125.130.0-255,1484,32924,82,352545
8832,0.000243,172.31.47.0-255,66,32990,82,352545
8833,0.00025,74.125.130.0-255,2902,35892,82,352545
8834,0.000252,172.31.47.0-255,66,35958,82,352545
8835,0.000265,74.125.130.0-255,5738,41696,82,352545
8836,0.000267,172.31.47.0-255,66,41762,82,352545
8837,0.000295,74.125.130.0-255,4320,46082,82,352545
8838,0.000298,172.31.47.0-255,66,46148,82,352545
8839,0.000327,74.125.130.0-255,2543,48691,82,352545
8840,0.00033,172.31.47.0-255,66,48757,82,352545
8841,0.000427,74.125.130.0-255,1484,50241,82,352545
8842,0.00043,172.31.47.0-255,66,50307,82,352545
8843,0.000449,74.125.130.0-255,2902,53209,82,352545
8844,0.000452,172.31.47.0-255,66,53275,82,352545
8845,0.000458,74.125.130.0-255,4320,57595,82,352545
8846,0.000461,172.31.47.0-255,66,57661,82,352545
8847,0.000491,74.125.130.0-255,1484,59145,82,352545
8848,0.000501,74.125.130.0-255,7377,66522,82,352545
8849,0.000509,172.31.47.0-255,66,66588,82,352545
8850,0.000565,74.125.130.0-255,1484,68072,82,352545
8851,0.00057,74.125.130.0-255,2902,70974,82,352545
8852,0.000573,172.31.47.0-255,66,71040,82,352545
8853,0.000602,74.125.130.0-255,5738,76778,82,352545
8854,0.000605,172.31.47.0-255,66,76844,82,352545
8855,0.000613,74.125.130.0-255,4320,81164,82,352545
8856,0.000615,172.31.47.0-255,66,81230,82,352545
8857,0.000627,74.125.130.0-255,5379,86609,82,352545
8858,0.00063,172.31.47.0-255,66,86675,82,352545
8859,0.000637,74.125.130.0-255,7156,93831,82,352545
8860,0.00064,172.31.47.0-255,66,93897,82,352545
8861,0.000668,74.125.130.0-255,4320,98217,82,352545
8862,0.000671,172.31.47.0-255,66,98283,82,352545
8863,0.00068,74.125.130.0-255,2543,100826,82,352545
8864,0.000683,172.31.47.0-255,66,100892,82,352545
8865,0.000813,74.125.130.0-255,1484,102376,82,352545
8866,0.000818,74.125.130.0-255,2902,105278,82,352545
8867,0.000821,172.31.47.0-255,66,105344,82,352545
8868,0.000824,74.125.130.0-255,1484,106828,82,352545
8869,0.000854,74.125.130.0-255,4320,111148,82,352545
8870,0.000858,172.31.47.0-255,66,111214,82,352545
8871,0.000866,74.125.130.0-255,4320,115534,82,352545
8872,0.000868,172.31.47.0-255,66,115600,82,352545
8873,0.000879,74.125.130.0-255,5738,121338,82,352545
8874,0.000882,172.31.47.0-255,66,121404,82,352545
8875,0.000894,172.31.47.0-255,66,121470,82,352545
8876,0.000898,74.125.130.0-255,2184,123654,82,352545
8877,0.000901,172.31.47.0-255,66,123720,82,352545
8878,0.000953,74.125.130.0-255,1484,125204,82,352545
8879,0.000958,74.125.130.0-255,2902,128106,82,352545
8880,0.000961,172.31.47.0-255,66,128172,82,352545
8881,0.000965,74.125.130.0-255,2902,131074,82,352545
8882,0.000967,172.31.47.0-255,66,131140,82,352545
8883,0.000988,74.125.130.0-255,2902,134042,82,352545
8884,0.000993,172.31.47.0-255,66,134108,82,352545
8885,0.000995,74.125.130.0-255,5738,139846,82,352545
8886,0.000997,172.31.47.0-255,66,139912,82,352545
8887,0.001034,74.125.130.0-255,7156,147068,82,352545
8888,0.001042,172.31.47.0-255,66,147134,82,352545
8889,0.00105,74.125.130.0-255,7156,154290,82,352545
8890,0.001053,172.31.47.0-255,66,154356,82,352545
8891,0.001057,74.125.130.0-255,3602,157958,82,352545
8892,0.00106,172.31.47.0-255,66,158024,82,352545
8893,0.001123,74.125.130.0-255,1484,159508,82,352545
8894,0.001128,74.125.130.0-255,2902,162410,82,352545
8895,0.00113,172.31.47.0-255,66,162476,82,352545
8896,0.001136,74.125.130.0-255,5738,168214,82,352545
8897,0.001138,172.31.47.0-255,66,168280,82,352545
8898,0.001142,74.125.130.0-255,2902,171182,82,352545
8899,0.00115,172.31.47.0-255,66,171248,82,352545
8900,0.001188,74.125.130.0-255,9992,181240,82,352545
8901,0.001192,172.31.47.0-255,66,181306,82,352545
8902,0.001199,74.125.130.0-255,7156,188462,82,352545
8903,0.001202,172.31.47.0-255,66,188528,82,352545
8904,0.001206,74.125.130.0-255,3602,192130,82,352545
8905,0.001209,172.31.47.0-255,66,192196,82,352545
8906,0.001259,74.125.130.0-255,1484,193680,82,352545
8907,0.001265,74.125.130.0-255,2902,196582,82,352545
8908,0.001267,172.31.47.0-255,66,196648,82,352545
8909,0.001297,74.125.130.0-255,5738,202386,82,352545
8910,0.0013,172.31.47.0-255,66,202452,82,352545
8911,0.001303,74.125.130.0-255,1484,203936,82,352545
8912,0.001336,172.31.47.0-255,66,204002,82,352545
8913,0.001342,74.125.130.0-255,5738,209740,82,352545
8914,0.001345,172.31.47.0-255,66,209806,82,352545
8915,0.001395,74.125.130.0-255,5020,214826,82,352545
8916,0.001399,172.31.47.0-255,66,214892,82,352545
8917,0.001419,74.125.130.0-255,2902,217794,82,352545
8918,0.001421,172.31.47.0-255,66,217860,82,352545
8919,0.001426,74.125.130.0-255,4320,222180,82,352545
8920,0.001428,172.31.47.0-255,66,222246,82,352545
8921,0.001483,74.125.130.0-255,8574,230820,82,352545
8922,0.001487,172.31.47.0-255,66,230886,82,352545
8923,0.001506,172.31.47.0-255,66,230952,82,352545
8924,0.00152,172.31.47.0-255,66,231018,82,352545
8925,0.001526,74.125.130.0-255,5738,236756,82,352545
8926,0.001532,172.31.47.0-255,66,236822,82,352545
8927,0.001562,74.125.130.0-255,3602,240424,82,352545
8928,0.001566,172.31.47.0-255,66,240490,82,352545
8929,0.001574,74.125.130.0-255,9992,250482,82,352545
8930,0.001577,172.31.47.0-255,66,250548,82,352545
8931,0.001589,74.125.130.0-255,5738,256286,82,352545
8932,0.001592,172.31.47.0-255,66,256352,82,352545
8933,0.00164,172.31.47.0-255,66,256418,82,352545
8934,0.00165,74.125.130.0-255,10692,267110,82,352545
8935,0.001659,172.31.47.0-255,66,267176,82,352545
8936,0.001686,74.125.130.0-255,6797,273973,82,352545
8937,0.001689,172.31.47.0-255,66,274039,82,352545
8938,0.001697,74.125.130.0-255,7156,281195,82,352545
8939,0.0017,172.31.47.0-255,66,281261,82,352545
8940,0.001745,74.125.130.0-255,9633,290894,82,352545
8941,0.00175,172.31.47.0-255,66,290960,82,352545
8942,0.001923,74.125.130.0-255,1484,292444,82,352545
8943,0.001928,74.125.130.0-255,2902,295346,82,352545
8944,0.001932,172.31.47.0-255,66,295412,82,352545
8945,0.001933,74.125.130.0-255,4320,299732,82,352545
8946,0.001936,172.31.47.0-255,66,299798,82,352545
8947,0.001975,74.125.130.0-255,8574,308372,82,352545
8948,0.001978,172.31.47.0-255,66,308438,82,352545
8949,0.001985,74.125.130.0-255,5738,314176,82,352545
8950,0.001987,172.31.47.0-255,66,314242,82,352545
8951,0.00202,74.125.130.0-255,10692,324934,82,352545
8952,0.002024,172.31.47.0-255,66,325000,82,352545
8953,0.002031,74.125.130.0-255,7156,332156,82,352545
8954,0.002033,172.31.47.0-255,66,332222,82,352545
8955,0.002065,74.125.130.0-255,9633,341855,82,352545
8956,0.002069,172.31.47.0-255,66,341921,82,352545
8957,0.002073,74.125.130.0-255,2723,344644,82,352545
8958,0.002076,172.31.47.0-255,66,344710,82,352545
8959,0.002078,74.125.130.0-255,97,344807,82,352545
8960,0.002123,74.125.130.0-255,105,344912,82,352545
8961,0.007989,172.31.47.0-255,66,344978,82,352545
8962,0.008017,172.31.47.0-255,105,345083,82,352545
8963,0.010483,74.125.130.0-255,66,345149,82,352545
8964,0.040863,172.31.47.0-255,172,345321,82,352545
8965,0.040893,172.31.47.0-255,1103,346424,82,352545
8966,0.040936,172.31.47.0-255,1514,347938,82,352545
8967,0.040959,172.31.47.0-255,1514,349452,82,352545
8968,0.040961,172.31.47.0-255,1514,350966,82,352545
8969,0.040988,172.31.47.0-255,1075,352041,82,352545
8970,0.042392,104.244.42.0-255,66,352107,82,352545
8971,0.042456,104.244.42.0-255,66,352173,82,352545
8972,0.042507,104.244.42.0-255,66,352239,82,352545
8973,0.042568,104.244.42.0-255,66,352305,82,352545
8974,0.042574,104.244.42.0-255,66,352371,82,352545
8975,0.043177,104.244.42.0-255,108,352479,82,352545
8976,0.043187,172.31.47.0-255,66,352545,82,352545
8977,0.0,172.217.194.0-255,154,154,82,286122
8978,1.8e-05,172.31.47.0-255,66,220,82,286122
8979,2.5e-05,172.217.194.0-255,1484,1704,82,286122
8980,2.9e-05,172.31.47.0-255,66,1770,82,286122
8981,4.2e-05,172.217.194.0-255,2902,4672,82,286122
8982,4.5e-05,172.31.47.0-255,66,4738,82,286122
8983,5.1e-05,172.217.194.0-255,5738,10476,82,286122
8984,5.5e-05,172.31.47.0-255,66,10542,82,286122
8985,8.6e-05,172.217.194.0-255,3484,14026,82,286122
8986,8.9e-05,172.31.47.0-255,66,14092,82,286122
8987,9.5e-05,172.217.194.0-255,4320,18412,82,286122
8988,9.8e-05,172.31.47.0-255,66,18478,82,286122
8989,0.000109,172.217.194.0-255,9992,28470,82,286122
8990,0.000111,172.31.47.0-255,66,28536,82,286122
8991,0.000115,172.217.194.0-255,2543,31079,82,286122
8992,0.000118,172.31.47.0-255,66,31145,82,286122
8993,0.000142,172.217.194.0-255,2902,34047,82,286122
8994,0.000146,172.31.47.0-255,66,34113,82,286122
8995,0.000178,172.31.47.0-255,66,34179,82,286122
8996,0.000182,172.217.194.0-255,2543,36722,82,286122
8997,0.000184,172.31.47.0-255,66,36788,82,286122
8998,0.000327,172.217.194.0-255,1484,38272,82,286122
8999,0.000333,172.31.47.0-255,66,38338,82,286122
9000,0.000362,172.217.194.0-255,2902,41240,82,286122
9001,0.000365,172.31.47.0-255,66,41306,82,286122
9002,0.000371,172.217.194.0-255,5738,47044,82,286122
9003,0.000374,172.31.47.0-255,66,47110,82,286122
9004,0.000378,172.217.194.0-255,2902,50012,82,286122
9005,0.000381,172.31.47.0-255,66,50078,82,286122
9006,0.000427,172.217.194.0-255,4541,54619,82,286122
9007,0.000431,172.31.47.0-255,66,54685,82,286122
9008,0.000462,172.217.194.0-255,5738,60423,82,286122
9009,0.000466,172.31.47.0-255,66,60489,82,286122
9010,0.000476,172.217.194.0-255,9992,70481,82,286122
9011,0.000483,172.31.47.0-255,66,70547,82,286122
9012,0.000509,172.217.194.0-255,2543,73090,82,286122
9013,0.000512,172.31.47.0-255,66,73156,82,286122
9014,0.00052,172.217.194.0-255,8574,81730,82,286122
9015,0.000523,172.31.47.0-255,66,81796,82,286122
9016,0.000534,172.217.194.0-255,6797,88593,82,286122
9017,0.000537,172.31.47.0-255,66,88659,82,286122
9018,0.00058,172.217.194.0-255,1484,90143,82,286122
9019,0.000587,172.217.194.0-255,2902,93045,82,286122
9020,0.000589,172.31.47.0-255,66,93111,82,286122
9021,0.000593,172.217.194.0-255,1484,94595,82,286122
9022,0.000618,172.217.194.0-255,4320,98915,82,286122
9023,0.000621,172.31.47.0-255,66,98981,82,286122
9024,0.000635,172.31.47.0-255,66,99047,82,286122
9025,0.000641,172.217.194.0-255,5738,104785,82,286122
9026,0.000644,172.31.47.0-255,66,104851,82,286122
9027,0.000672,172.217.194.0-255,5020,109871,82,286122
9028,0.000702,172.31.47.0-255,66,109937,82,286122
9029,0.000706,172.217.194.0-255,1484,111421,82,286122
9030,0.000711,172.217.194.0-255,2902,114323,82,286122
9031,0.000714,172.31.47.0-255,66,114389,82,286122
9032,0.000721,172.217.194.0-255,5738,120127,82,286122
9033,0.000723,172.31.47.0-255,66,120193,82,286122
9034,0.000767,172.217.194.0-255,8574,128767,82,286122
9035,0.00077,172.31.47.0-255,66,128833,82,286122
9036,0.000801,172.217.194.0-255,4320,133153,82,286122
9037,0.000803,172.31.47.0-255,66,133219,82,286122
9038,0.00081,172.217.194.0-255,5738,138957,82,286122
9039,0.000813,172.31.47.0-255,66,139023,82,286122
9040,0.000819,172.217.194.0-255,5020,144043,82,286122
9041,0.000821,172.31.47.0-255,66,144109,82,286122
9042,0.000893,172.217.194.0-255,1484,145593,82,286122
9043,0.000899,172.217.194.0-255,2902,148495,82,286122
9044,0.000902,172.31.47.0-255,66,148561,82,286122
9045,0.000927,172.217.194.0-255,5738,154299,82,286122
9046,0.000931,172.31.47.0-255,66,154365,82,286122
9047,0.00097,172.31.47.0-255,66,154431,82,286122
9048,0.001002,172.217.194.0-255,7156,161587,82,286122
9049,0.001005,172.31.47.0-255,66,161653,82,286122
9050,0.001032,172.217.194.0-255,5020,166673,82,286122
9051,0.001035,172.31.47.0-255,66,166739,82,286122
9052,0.00105,172.31.47.0-255,66,166805,82,286122
9053,0.001096,172.31.47.0-255,66,166871,82,286122
9054,0.001103,172.217.194.0-255,5738,172609,82,286122
9055,0.001105,172.31.47.0-255,66,172675,82,286122
9056,0.001133,172.217.194.0-255,3602,176277,82,286122
9057,0.001136,172.31.47.0-255,66,176343,82,286122
9058,0.001145,172.217.194.0-255,9992,186335,82,286122
9059,0.001148,172.31.47.0-255,66,186401,82,286122
9060,0.001152,172.217.194.0-255,2902,189303,82,286122
9061,0.001154,172.31.47.0-255,66,189369,82,286122
9062,0.001201,172.31.47.0-255,66,189435,82,286122
9063,0.001207,172.217.194.0-255,5020,194455,82,286122
9064,0.00121,172.31.47.0-255,66,194521,82,286122
9065,0.001217,172.217.194.0-255,5738,200259,82,286122
9066,0.001219,172.31.47.0-255,66,200325,82,286122
9067,0.001222,172.217.194.0-255,1484,201809,82,286122
9068,0.001258,172.31.47.0-255,66,201875,82,286122
9069,0.001267,172.217.194.0-255,7156,209031,82,286122
9070,0.001269,172.31.47.0-255,66,209097,82,286122
9071,0.001295,172.217.194.0-255,7156,216253,82,286122
9072,0.001298,172.31.47.0-255,66,216319,82,286122
9073,0.001304,172.217.194.0-255,5738,222057,82,286122
9074,0.001307,172.31.47.0-255,66,222123,82,286122
9075,0.001347,172.217.194.0-255,7856,229979,82,286122
9076,0.001351,172.31.47.0-255,66,230045,82,286122
9077,0.001365,172.31.47.0-255,66,230111,82,286122
9078,0.001372,172.217.194.0-255,6438,236549,82,286122
9079,0.001376,172.31.47.0-255,66,236615,82,286122
9080,0.001509,172.217.194.0-255,1484,238099,82,286122
9081,0.001526,172.217.194.0-255,2902,241001,82,286122
9082,0.00153,172.31.47.0-255,66,241067,82,286122
9083,0.001538,172.217.194.0-255,5738,246805,82,286122
9084,0.001539,172.31.47.0-255,66,246871,82,286122
9085,0.001558,172.217.194.0-255,4320,251191,82,286122
9086,0.00156,172.31.47.0-255,66,251257,82,286122
9087,0.001585,172.217.194.0-255,2902,254159,82,286122
9088,0.001588,172.31.47.0-255,66,254225,82,286122
9089,0.001597,172.217.194.0-255,8574,262799,82,286122
9090,0.0016,172.31.47.0-255,66,262865,82,286122
9091,0.001603,172.217.194.0-255,1484,264349,82,286122
9092,0.001637,172.217.194.0-255,6438,270787,82,286122
9093,0.001645,172.217.194.0-255,8574,279361,82,286122
9094,0.001655,172.31.47.0-255,66,279427,82,286122
9095,0.001658,172.31.47.0-255,66,279493,82,286122
9096,0.001662,172.217.194.0-255,2902,282395,82,286122
9097,0.001664,172.31.47.0-255,66,282461,82,286122
9098,0.00171,172.31.47.0-255,66,282527,82,286122
9099,0.001725,172.31.47.0-255,66,282593,82,286122
9100,0.001747,172.217.194.0-255,105,282698,82,286122
9101,0.00456,172.31.47.0-255,66,282764,82,286122
9102,0.004597,172.31.47.0-255,105,282869,82,286122
9103,0.006656,172.217.194.0-255,66,282935,82,286122
9104,0.026457,172.31.47.0-255,171,283106,82,286122
9105,0.026491,172.31.47.0-255,1131,284237,82,286122
9106,0.026552,172.31.47.0-255,1514,285751,82,286122
9107,0.026553,172.31.47.0-255,305,286056,82,286122
9108,0.02812,104.244.42.0-255,66,286122,82,286122
9109,0.0,74.125.24.0-255,153,153,82,331107
9110,2.4e-05,172.31.47.0-255,66,219,82,331107
9111,3.2e-05,74.125.24.0-255,1484,1703,82,331107
9112,3.6e-05,172.31.47.0-255,66,1769,82,331107
9113,4.8e-05,74.125.24.0-255,2902,4671,82,331107
9114,5.1e-05,172.31.47.0-255,66,4737,82,331107
9115,5.8e-05,74.125.24.0-255,5738,10475,82,331107
9116,6.2e-05,172.31.47.0-255,66,10541,82,331107
9117,9.8e-05,74.125.24.0-255,6357,16898,82,331107
9118,0.000102,172.31.47.0-255,66,16964,82,331107
9119,0.000118,172.31.47.0-255,66,17030,82,331107
9120,0.000296,74.125.24.0-255,1484,18514,82,331107
9121,0.000302,172.31.47.0-255,66,18580,82,331107
9122,0.000308,74.125.24.0-255,2902,21482,82,331107
9123,0.00031,172.31.47.0-255,66,21548,82,331107
9124,0.000326,74.125.24.0-255,1484,23032,82,331107
9125,0.000328,172.31.47.0-255,66,23098,82,331107
9126,0.000357,74.125.24.0-255,4320,27418,82,331107
9127,0.00036,172.31.47.0-255,66,27484,82,331107
9128,0.000369,74.125.24.0-255,8574,36058,82,331107
9129,0.000371,172.31.47.0-255,66,36124,82,331107
9130,0.0004,74.125.24.0-255,4320,40444,82,331107
9131,0.000402,172.31.47.0-255,66,40510,82,331107
9132,0.000408,74.125.24.0-255,4320,44830,82,331107
9133,0.00041,172.31.47.0-255,66,44896,82,331107
9134,0.000416,74.125.24.0-255,4320,49216,82,331107
9135,0.000418,172.31.47.0-255,66,49282,82,331107
9136,0.000445,74.125.24.0-255,2184,51466,82,331107
9137,0.000447,172.31.47.0-255,66,51532,82,331107
9138,0.000513,74.125.24.0-255,358,51890,82,331107
9139,0.000516,172.31.47.0-255,66,51956,82,331107
9140,0.000543,74.125.24.0-255,135,52091,82,331107
9141,0.000673,74.125.24.0-255,1484,53575,82,331107
9142,0.000678,172.31.47.0-255,66,53641,82,331107
9143,0.000684,74.125.24.0-255,2902,56543,82,331107
9144,0.000686,172.31.47.0-255,66,56609,82,331107
9145,0.00069,74.125.24.0-255,2902,59511,82,331107
9146,0.000692,172.31.47.0-255,66,59577,82,331107
9147,0.000717,74.125.24.0-255,2902,62479,82,331107
9148,0.000721,172.31.47.0-255,66,62545,82,331107
9149,0.000737,74.125.24.0-255,1484,64029,82,331107
9150,0.000742,172.31.47.0-255,66,64095,82,331107
9151,0.000771,74.125.24.0-255,9274,73369,82,331107
9152,0.000788,172.31.47.0-255,66,73435,82,331107
9153,0.000831,172.31.47.0-255,66,73501,82,331107
9154,0.000855,74.125.24.0-255,6139,79640,82,331107
9155,0.000876,172.31.47.0-255,66,79706,82,331107
9156,0.001678,74.125.24.0-255,1484,81190,82,331107
9157,0.001687,74.125.24.0-255,2902,84092,82,331107
9158,0.001691,172.31.47.0-255,66,84158,82,331107
9159,0.001699,74.125.24.0-255,5738,89896,82,331107
9160,0.001701,172.31.47.0-255,66,89962,82,331107
9161,0.001732,172.31.47.0-255,66,90028,82,331107
9162,0.001768,74.125.24.0-255,5738,95766,82,331107
9163,0.00177,172.31.47.0-255,66,95832,82,331107
9164,0.001798,74.125.24.0-255,2902,98734,82,331107
9165,0.0018,172.31.47.0-255,66,98800,82,331107
9166,0.001805,74.125.24.0-255,2184,100984,82,331107
9167,0.001808,172.31.47.0-255,66,101050,82,331107
9168,0.001812,74.125.24.0-255,2902,103952,82,331107
9169,0.001815,172.31.47.0-255,66,104018,82,331107
9170,0.001823,74.125.24.0-255,7156,111174,82,331107
9171,0.001825,172.31.47.0-255,66,111240,82,331107
9172,0.001833,74.125.24.0-255,5738,116978,82,331107
9173,0.001835,172.31.47.0-255,66,117044,82,331107
9174,0.001864,74.125.24.0-255,2902,119946,82,331107
9175,0.001874,172.31.47.0-255,66,120012,82,331107
9176,0.001905,74.125.24.0-255,7156,127168,82,331107
9177,0.001914,172.31.47.0-255,66,127234,82,331107
9178,0.001928,74.125.24.0-255,7856,135090,82,331107
9179,0.001948,172.31.47.0-255,66,135156,82,331107
9180,0.003953,74.125.24.0-255,5738,140894,82,331107
9181,0.003967,172.31.47.0-255,66,140960,82,331107
9182,0.00595,74.125.24.0-255,5738,146698,82,331107
9183,0.005956,172.31.47.0-255,66,146764,82,331107
9184,0.007962,74.125.24.0-255,2902,149666,82,331107
9185,0.007966,172.31.47.0-255,66,149732,82,331107
9186,0.007985,74.125.24.0-255,2902,152634,82,331107
9187,0.007988,172.31.47.0-255,66,152700,82,331107
9188,0.009951,74.125.24.0-255,5738,158438,82,331107
9189,0.00996,172.31.47.0-255,66,158504,82,331107
9190,0.011971,74.125.24.0-255,5738,164242,82,331107
9191,0.011984,172.31.47.0-255,66,164308,82,331107
9192,0.013971,74.125.24.0-255,5738,170046,82,331107
9193,0.013987,172.31.47.0-255,66,170112,82,331107
9194,0.015995,74.125.24.0-255,5738,175850,82,331107
9195,0.016009,172.31.47.0-255,66,175916,82,331107
9196,0.018007,74.125.24.0-255,5738,181654,82,331107
9197,0.018026,172.31.47.0-255,66,181720,82,331107
9198,0.020063,74.125.24.0-255,5738,187458,82,331107
9199,0.02008,172.31.47.0-255,66,187524,82,331107
9200,0.022098,74.125.24.0-255,5738,193262,82,331107
9201,0.022112,172.31.47.0-255,66,193328,82,331107
9202,0.024087,74.125.24.0-255,5738,199066,82,331107
9203,0.024102,172.31.47.0-255,66,199132,82,331107
9204,0.026088,74.125.24.0-255,5738,204870,82,331107
9205,0.026102,172.31.47.0-255,66,204936,82,331107
9206,0.028087,74.125.24.0-255,5738,210674,82,331107
9207,0.028103,172.31.47.0-255,66,210740,82,331107
9208,0.030096,74.125.24.0-255,5738,216478,82,331107
9209,0.030112,172.31.47.0-255,66,216544,82,331107
9210,0.032086,74.125.24.0-255,5738,222282,82,331107
9211,0.032124,172.31.47.0-255,66,222348,82,331107
9212,0.034123,74.125.24.0-255,5738,228086,82,331107
9213,0.034142,172.31.47.0-255,66,228152,82,331107
9214,0.036142,74.125.24.0-255,5738,233890,82,331107
9215,0.036154,172.31.47.0-255,66,233956,82,331107
9216,0.036338,172.31.47.0-255,176,234132,82,331107
9217,0.036368,172.31.47.0-255,1107,235239,82,331107
9218,0.036428,172.31.47.0-255,1514,236753,82,331107
9219,0.03643,172.31.47.0-255,1292,238045,82,331107
9220,0.037899,104.244.42.0-255,66,238111,82,331107
9221,0.037911,104.244.42.0-255,66,238177,82,331107
9222,0.037964,104.244.42.0-255,66,238243,82,331107
9223,0.038141,74.125.24.0-255,5738,243981,82,331107
9224,0.038149,172.31.47.0-255,66,244047,82,331107
9225,0.040131,74.125.24.0-255,5738,249785,82,331107
9226,0.040142,172.31.47.0-255,66,249851,82,331107
9227,0.042154,74.125.24.0-255,5738,255589,82,331107
9228,0.042171,172.31.47.0-255,66,255655,82,331107
9229,0.044209,74.125.24.0-255,5738,261393,82,331107
9230,0.044227,172.31.47.0-255,66,261459,82,331107
9231,0.046207,74.125.24.0-255,5738,267197,82,331107
9232,0.046225,172.31.47.0-255,66,267263,82,331107
9233,0.048267,74.125.24.0-255,5738,273001,82,331107
9234,0.048281,172.31.47.0-255,66,273067,82,331107
9235,0.050308,74.125.24.0-255,5738,278805,82,331107
9236,0.050328,172.31.47.0-255,66,278871,82,331107
9237,0.052387,74.125.24.0-255,5738,284609,82,331107
9238,0.052407,172.31.47.0-255,66,284675,82,331107
9239,0.054432,74.125.24.0-255,5738,290413,82,331107
9240,0.054452,172.31.47.0-255,66,290479,82,331107
9241,0.056476,74.125.24.0-255,5738,296217,82,331107
9242,0.056495,172.31.47.0-255,66,296283,82,331107
9243,0.058505,74.125.24.0-255,5738,302021,82,331107
9244,0.058523,172.31.47.0-255,66,302087,82,331107
9245,0.060561,74.125.24.0-255,5738,307825,82,331107
9246,0.060581,172.31.47.0-255,66,307891,82,331107
9247,0.0626,74.125.24.0-255,5738,313629,82,331107
9248,0.06262,172.31.47.0-255,66,313695,82,331107
9249,0.064651,74.125.24.0-255,5738,319433,82,331107
9250,0.064667,172.31.47.0-255,66,319499,82,331107
9251,0.066709,74.125.24.0-255,5738,325237,82,331107
9252,0.066728,172.31.47.0-255,66,325303,82,331107
9253,0.06876,74.125.24.0-255,5738,331041,82,331107
9254,0.06878,172.31.47.0-255,66,331107,82,331107
9255,0.0,74.125.24.0-255,153,153,82,358444
9256,1.4e-05,172.31.47.0-255,66,219,82,358444
9257,2.1e-05,74.125.24.0-255,1484,1703,82,358444
9258,2.4e-05,172.31.47.0-255,66,1769,82,358444
9259,2.9e-05,74.125.24.0-255,2902,4671,82,358444
9260,3.2e-05,172.31.47.0-255,66,4737,82,358444
9261,6.4e-05,74.125.24.0-255,7156,11893,82,358444
9262,6.7e-05,172.31.47.0-255,66,11959,82,358444
9263,7.1e-05,74.125.24.0-255,2091,14050,82,358444
9264,7.2e-05,172.31.47.0-255,66,14116,82,358444
9265,7.6e-05,74.125.24.0-255,2902,17018,82,358444
9266,7.8e-05,172.31.47.0-255,66,17084,82,358444
9267,9.5e-05,74.125.24.0-255,2902,19986,82,358444
9268,9.7e-05,172.31.47.0-255,66,20052,82,358444
9269,0.000113,74.125.24.0-255,4320,24372,82,358444
9270,0.000115,172.31.47.0-255,66,24438,82,358444
9271,0.000119,74.125.24.0-255,4320,28758,82,358444
9272,0.000121,172.31.47.0-255,66,28824,82,358444
9273,0.000142,74.125.24.0-255,2543,31367,82,358444
9274,0.000146,172.31.47.0-255,66,31433,82,358444
9275,0.000407,74.125.24.0-255,1484,32917,82,358444
9276,0.000413,172.31.47.0-255,66,32983,82,358444
9277,0.000417,74.125.24.0-255,2902,35885,82,358444
9278,0.000419,172.31.47.0-255,66,35951,82,358444
9279,0.000433,74.125.24.0-255,2902,38853,82,358444
9280,0.000435,172.31.47.0-255,66,38919,82,358444
9281,0.000456,74.125.24.0-255,2902,41821,82,358444
9282,0.000458,172.31.47.0-255,66,41887,82,358444
9283,0.000475,74.125.24.0-255,4320,46207,82,358444
9284,0.000477,172.31.47.0-255,66,46273,82,358444
9285,0.000502,74.125.24.0-255,3961,50234,82,358444
9286,0.000504,172.31.47.0-255,66,50300,82,358444
9287,0.000534,74.125.24.0-255,7156,57456,82,358444
9288,0.000536,172.31.47.0-255,66,57522,82,358444
9289,0.000548,74.125.24.0-255,1484,59006,82,358444
9290,0.000554,74.125.24.0-255,7071,66077,82,358444
9291,0.000556,172.31.47.0-255,66,66143,82,358444
9292,0.000736,74.125.24.0-255,131,66274,82,358444
9293,0.00087,172.31.47.0-255,66,66340,82,358444
9294,0.001439,74.125.24.0-255,1484,67824,82,358444
9295,0.001449,74.125.24.0-255,2902,70726,82,358444
9296,0.001453,172.31.47.0-255,66,70792,82,358444
9297,0.001469,74.125.24.0-255,4320,75112,82,358444
9298,0.001471,172.31.47.0-255,66,75178,82,358444
9299,0.001486,74.125.24.0-255,1484,76662,82,358444
9300,0.001491,74.125.24.0-255,4320,80982,82,358444
9301,0.001492,172.31.47.0-255,66,81048,82,358444
9302,0.001507,74.125.24.0-255,4320,85368,82,358444
9303,0.00151,172.31.47.0-255,66,85434,82,358444
9304,0.001529,74.125.24.0-255,7156,92590,82,358444
9305,0.001531,172.31.47.0-255,66,92656,82,358444
9306,0.001536,74.125.24.0-255,4320,96976,82,358444
9307,0.001538,172.31.47.0-255,66,97042,82,358444
9308,0.001559,74.125.24.0-255,3602,100644,82,358444
9309,0.001561,172.31.47.0-255,66,100710,82,358444
9310,0.001795,74.125.24.0-255,1484,102194,82,358444
9311,0.001798,74.125.24.0-255,1484,103678,82,358444
9312,0.001801,172.31.47.0-255,66,103744,82,358444
9313,0.001819,74.125.24.0-255,1484,105228,82,358444
9314,0.001824,74.125.24.0-255,5738,110966,82,358444
9315,0.001827,172.31.47.0-255,66,111032,82,358444
9316,0.001855,172.31.47.0-255,66,111098,82,358444
9317,0.001895,74.125.24.0-255,4320,115418,82,358444
9318,0.001898,172.31.47.0-255,66,115484,82,358444
9319,0.001919,74.125.24.0-255,6139,121623,82,358444
9320,0.001922,172.31.47.0-255,66,121689,82,358444
9321,0.001999,74.125.24.0-255,1484,123173,82,358444
9322,0.002011,74.125.24.0-255,2902,126075,82,358444
9323,0.002014,172.31.47.0-255,66,126141,82,358444
9324,0.002019,74.125.24.0-255,2902,129043,82,358444
9325,0.00202,172.31.47.0-255,66,129109,82,358444
9326,0.002033,74.125.24.0-255,2902,132011,82,358444
9327,0.002035,172.31.47.0-255,66,132077,82,358444
9328,0.002038,74.125.24.0-255,1484,133561,82,358444
9329,0.002059,74.125.24.0-255,7156,140717,82,358444
9330,0.002061,172.31.47.0-255,66,140783,82,358444
9331,0.002064,74.125.24.0-255,1484,142267,82,358444
9332,0.00208,74.125.24.0-255,7156,149423,82,358444
9333,0.002083,172.31.47.0-255,66,149489,82,358444
9334,0.002107,74.125.24.0-255,1484,150973,82,358444
9335,0.002113,74.125.24.0-255,5020,155993,82,358444
9336,0.002115,172.31.47.0-255,66,156059,82,358444
9337,0.002143,74.125.24.0-255,5738,161797,82,358444
9338,0.002147,172.31.47.0-255,66,161863,82,358444
9339,0.002168,74.125.24.0-255,5738,167601,82,358444
9340,0.002174,74.125.24.0-255,5738,173339,82,358444
9341,0.002177,172.31.47.0-255,66,173405,82,358444
9342,0.00218,172.31.47.0-255,66,173471,82,358444
9343,0.0022,74.125.24.0-255,7156,180627,82,358444
9344,0.002202,172.31.47.0-255,66,180693,82,358444
9345,0.002211,74.125.24.0-255,10692,191385,82,358444
9346,0.002213,172.31.47.0-255,66,191451,82,358444
9347,0.00222,74.125.24.0-255,7156,198607,82,358444
9348,0.002222,172.31.47.0-255,66,198673,82,358444
9349,0.002241,74.125.24.0-255,4320,202993,82,358444
9350,0.002243,172.31.47.0-255,66,203059,82,358444
9351,0.002246,74.125.24.0-255,1484,204543,82,358444
9352,0.002284,172.31.47.0-255,66,204609,82,358444
9353,0.004863,74.125.24.0-255,5738,210347,82,358444
9354,0.00487,172.31.47.0-255,66,210413,82,358444
9355,0.007424,74.125.24.0-255,5738,216151,82,358444
9356,0.00743,172.31.47.0-255,66,216217,82,358444
9357,0.010038,74.125.24.0-255,5738,221955,82,358444
9358,0.010044,172.31.47.0-255,66,222021,82,358444
9359,0.012569,74.125.24.0-255,5738,227759,82,358444
9360,0.012577,172.31.47.0-255,66,227825,82,358444
9361,0.015166,74.125.24.0-255,5738,233563,82,358444
9362,0.015175,172.31.47.0-255,66,233629,82,358444
9363,0.017743,74.125.24.0-255,5738,239367,82,358444
9364,0.01775,172.31.47.0-255,66,239433,82,358444
9365,0.020295,74.125.24.0-255,5738,245171,82,358444
9366,0.020303,172.31.47.0-255,66,245237,82,358444
9367,0.022888,74.125.24.0-255,5738,250975,82,358444
9368,0.022895,172.31.47.0-255,66,251041,82,358444
9369,0.025451,74.125.24.0-255,5738,256779,82,358444
9370,0.025459,172.31.47.0-255,66,256845,82,358444
9371,0.025631,172.31.47.0-255,172,257017,82,358444
9372,0.025659,172.31.47.0-255,1112,258129,82,358444
9373,0.025774,172.31.47.0-255,1514,259643,82,358444
9374,0.025777,172.31.47.0-255,1287,260930,82,358444
9375,0.027189,104.244.42.0-255,66,260996,82,358444
9376,0.027224,104.244.42.0-255,66,261062,82,358444
9377,0.027332,104.244.42.0-255,66,261128,82,358444
9378,0.028001,74.125.24.0-255,4320,265448,82,358444
9379,0.028006,172.31.47.0-255,66,265514,82,358444
9380,0.028026,74.125.24.0-255,1484,266998,82,358444
9381,0.030597,74.125.24.0-255,4320,271318,82,358444
9382,0.030604,172.31.47.0-255,66,271384,82,358444
9383,0.033142,74.125.24.0-255,5738,277122,82,358444
9384,0.033148,172.31.47.0-255,66,277188,82,358444
9385,0.035683,74.125.24.0-255,5738,282926,82,358444
9386,0.035691,172.31.47.0-255,66,282992,82,358444
9387,0.038247,74.125.24.0-255,5738,288730,82,358444
9388,0.038253,172.31.47.0-255,66,288796,82,358444
9389,0.040823,74.125.24.0-255,5738,294534,82,358444
9390,0.040829,172.31.47.0-255,66,294600,82,358444
9391,0.043385,74.125.24.0-255,5738,300338,82,358444
9392,0.043391,172.31.47.0-255,66,300404,82,358444
9393,0.045974,74.125.24.0-255,5738,306142,82,358444
9394,0.04598,172.31.47.0-255,66,306208,82,358444
9395,0.048517,74.125.24.0-255,5738,311946,82,358444
9396,0.048523,172.31.47.0-255,66,312012,82,358444
9397,0.051112,74.125.24.0-255,5738,317750,82,358444
9398,0.051118,172.31.47.0-255,66,317816,82,358444
9399,0.053656,74.125.24.0-255,5738,323554,82,358444
9400,0.053663,172.31.47.0-255,66,323620,82,358444
9401,0.056231,74.125.24.0-255,5738,329358,82,358444
9402,0.056238,172.31.47.0-255,66,329424,82,358444
9403,0.058794,74.125.24.0-255,5738,335162,82,358444
9404,0.0588,172.31.47.0-255,66,335228,82,358444
9405,0.061347,74.125.24.0-255,5738,340966,82,358444
9406,0.061352,172.31.47.0-255,66,341032,82,358444
9407,0.063904,74.125.24.0-255,5738,346770,82,358444
9408,0.063909,172.31.47.0-255,66,346836,82,358444
9409,0.066456,74.125.24.0-255,5738,352574,82,358444
9410,0.066463,172.31.47.0-255,66,352640,82,358444
9411,0.069025,74.125.24.0-255,5738,358378,82,358444
9412,0.069033,172.31.47.0-255,66,358444,82,358444
9413,0.0,74.125.24.0-255,153,153,82,228954
9414,2.3e-05,172.31.47.0-255,66,219,82,228954
9415,3e-05,74.125.24.0-255,1484,1703,82,228954
9416,3.4e-05,172.31.47.0-255,66,1769,82,228954
9417,4e-05,74.125.24.0-255,2902,4671,82,228954
9418,5.2e-05,172.31.47.0-255,66,4737,82,228954
9419,5.9e-05,74.125.24.0-255,7156,11893,82,228954
9420,6.1e-05,172.31.47.0-255,66,11959,82,228954
9421,6.5e-05,74.125.24.0-255,2005,13964,82,228954
9422,6.8e-05,172.31.47.0-255,66,14030,82,228954
9423,0.001049,74.125.24.0-255,1484,15514,82,228954
9424,0.001056,172.31.47.0-255,66,15580,82,228954
9425,0.001067,74.125.24.0-255,2902,18482,82,228954
9426,0.001078,172.31.47.0-255,66,18548,82,228954
9427,0.001085,74.125.24.0-255,5738,24286,82,228954
9428,0.001087,172.31.47.0-255,66,24352,82,228954
9429,0.001091,74.125.24.0-255,1484,25836,82,228954
9430,0.001093,172.31.47.0-255,66,25902,82,228954
9431,0.001136,172.31.47.0-255,66,25968,82,228954
9432,0.001144,74.125.24.0-255,8574,34542,82,228954
9433,0.001146,172.31.47.0-255,66,34608,82,228954
9434,0.00117,74.125.24.0-255,4320,38928,82,228954
9435,0.001172,172.31.47.0-255,66,38994,82,228954
9436,0.001212,172.31.47.0-255,66,39060,82,228954
9437,0.001605,74.125.24.0-255,382,39442,82,228954
9438,0.001607,172.31.47.0-255,66,39508,82,228954
9439,0.00164,74.125.24.0-255,1484,40992,82,228954
9440,0.001642,172.31.47.0-255,66,41058,82,228954
9441,0.001645,74.125.24.0-255,1484,42542,82,228954
9442,0.001647,172.31.47.0-255,66,42608,82,228954
9443,0.001679,74.125.24.0-255,2902,45510,82,228954
9444,0.001684,74.125.24.0-255,2902,48412,82,228954
9445,0.001691,74.125.24.0-255,8574,56986,82,228954
9446,0.001705,74.125.24.0-255,2902,59888,82,228954
9447,0.001718,74.125.24.0-255,5738,65626,82,228954
9448,0.00174,74.125.24.0-255,7856,73482,82,228954
9449,0.002005,74.125.24.0-255,1484,74966,82,228954
9450,0.002018,74.125.24.0-255,2902,77868,82,228954
9451,0.002021,74.125.24.0-255,2902,80770,82,228954
9452,0.00203,74.125.24.0-255,2902,83672,82,228954
9453,0.002044,74.125.24.0-255,1484,85156,82,228954
9454,0.002079,74.125.24.0-255,2902,88058,82,228954
9455,0.002099,74.125.24.0-255,7856,95914,82,228954
9456,0.002118,74.125.24.0-255,8574,104488,82,228954
9457,0.002146,74.125.24.0-255,4320,108808,82,228954
9458,0.002161,74.125.24.0-255,3602,112410,82,228954
9459,0.002175,74.125.24.0-255,4320,116730,82,228954
9460,0.0022,74.125.24.0-255,4320,121050,82,228954
9461,0.002207,74.125.24.0-255,9992,131042,82,228954
9462,0.002221,74.125.24.0-255,4320,135362,82,228954
9463,0.002245,74.125.24.0-255,10692,146054,82,228954
9464,0.00228,74.125.24.0-255,1484,147538,82,228954
9465,0.002344,74.125.24.0-255,4320,151858,82,228954
9466,0.00236,74.125.24.0-255,7156,159014,82,228954
9467,0.002371,74.125.24.0-255,2902,161916,82,228954
9468,0.002392,74.125.24.0-255,3602,165518,82,228954
9469,0.002396,74.125.24.0-255,2902,168420,82,228954
9470,0.002404,74.125.24.0-255,5738,174158,82,228954
9471,0.00244,74.125.24.0-255,9992,184150,82,228954
9472,0.002442,74.125.24.0-255,1484,185634,82,228954
9473,0.002493,74.125.24.0-255,9274,194908,82,228954
9474,0.002499,74.125.24.0-255,8574,203482,82,228954
9475,0.002553,74.125.24.0-255,7156,210638,82,228954
9476,0.002588,74.125.24.0-255,7856,218494,82,228954
9477,0.00262,74.125.24.0-255,5738,224232,82,228954
9478,0.002649,74.125.24.0-255,97,224329,82,228954
9479,0.002651,74.125.24.0-255,105,224434,82,228954
9480,0.003385,172.31.47.0-255,66,224500,82,228954
9481,0.006222,172.31.47.0-255,105,224605,82,228954
9482,0.008496,74.125.24.0-255,66,224671,82,228954
9483,0.024955,172.31.47.0-255,172,224843,82,228954
9484,0.025006,172.31.47.0-255,1112,225955,82,228954
9485,0.02506,172.31.47.0-255,1514,227469,82,228954
9486,0.025062,172.31.47.0-255,1287,228756,82,228954
9487,0.026521,104.244.42.0-255,66,228822,82,228954
9488,0.026687,104.244.42.0-255,66,228888,82,228954
9489,0.026733,104.244.42.0-255,66,228954,82,228954
9490,0.0,74.125.200.0-255,226,226,82,220021
9491,2.1e-05,172.31.47.0-255,66,292,82,220021
9492,2.7e-05,74.125.200.0-255,1484,1776,82,220021
9493,3.2e-05,172.31.47.0-255,66,1842,82,220021
9494,9.7e-05,74.125.200.0-255,2902,4744,82,220021
9495,0.0001,172.31.47.0-255,66,4810,82,220021
9496,0.000292,74.125.200.0-255,5738,10548,82,220021
9497,0.000298,172.31.47.0-255,66,10614,82,220021
9498,0.000687,74.125.200.0-255,3545,14159,82,220021
9499,0.000693,172.31.47.0-255,66,14225,82,220021
9500,0.000947,172.31.47.0-255,66,14291,82,220021
9501,0.001724,74.125.200.0-255,5493,19784,82,220021
9502,0.001729,172.31.47.0-255,66,19850,82,220021
9503,0.003743,74.125.200.0-255,5738,25588,82,220021
9504,0.003749,172.31.47.0-255,66,25654,82,220021
9505,0.005755,74.125.200.0-255,5738,31392,82,220021
9506,0.005762,172.31.47.0-255,66,31458,82,220021
9507,0.007765,74.125.200.0-255,2902,34360,82,220021
9508,0.007776,172.31.47.0-255,66,34426,82,220021
9509,0.00784,74.125.200.0-255,2902,37328,82,220021
9510,0.007843,172.31.47.0-255,66,37394,82,220021
9511,0.009779,74.125.200.0-255,2902,40296,82,220021
9512,0.009786,172.31.47.0-255,66,40362,82,220021
9513,0.009862,74.125.200.0-255,2902,43264,82,220021
9514,0.009866,172.31.47.0-255,66,43330,82,220021
9515,0.011795,74.125.200.0-255,2902,46232,82,220021
9516,0.011802,172.31.47.0-255,66,46298,82,220021
9517,0.011881,74.125.200.0-255,1484,47782,82,220021
9518,0.011884,172.31.47.0-255,66,47848,82,220021
9519,0.011908,74.125.200.0-255,1484,49332,82,220021
9520,0.011911,172.31.47.0-255,66,49398,82,220021
9521,0.013826,74.125.200.0-255,2902,52300,82,220021
9522,0.013833,172.31.47.0-255,66,52366,82,220021
9523,0.013921,74.125.200.0-255,2902,55268,82,220021
9524,0.013927,172.31.47.0-255,66,55334,82,220021
9525,0.015561,172.31.47.0-255,172,55506,82,220021
9526,0.015589,172.31.47.0-255,1111,56617,82,220021
9527,0.015637,172.31.47.0-255,1514,58131,82,220021
9528,0.015638,172.31.47.0-255,1288,59419,82,220021
9529,0.015841,74.125.200.0-255,2902,62321,82,220021
9530,0.015846,172.31.47.0-255,66,62387,82,220021
9531,0.015933,74.125.200.0-255,2902,65289,82,220021
9532,0.015938,172.31.47.0-255,66,65355,82,220021
9533,0.017104,104.244.42.0-255,66,65421,82,220021
9534,0.017134,104.244.42.0-255,66,65487,82,220021
9535,0.017188,104.244.42.0-255,66,65553,82,220021
9536,0.017853,74.125.200.0-255,2902,68455,82,220021
9537,0.017858,172.31.47.0-255,66,68521,82,220021
9538,0.017937,74.125.200.0-255,2902,71423,82,220021
9539,0.017942,172.31.47.0-255,66,71489,82,220021
9540,0.019852,74.125.200.0-255,2902,74391,82,220021
9541,0.019858,172.31.47.0-255,66,74457,82,220021
9542,0.019944,74.125.200.0-255,2902,77359,82,220021
9543,0.019948,172.31.47.0-255,66,77425,82,220021
9544,0.02187,74.125.200.0-255,2902,80327,82,220021
9545,0.021877,172.31.47.0-255,66,80393,82,220021
9546,0.021961,74.125.200.0-255,2902,83295,82,220021
9547,0.021965,172.31.47.0-255,66,83361,82,220021
9548,0.02392,74.125.200.0-255,2902,86263,82,220021
9549,0.023928,172.31.47.0-255,66,86329,82,220021
9550,0.023975,74.125.200.0-255,1484,87813,82,220021
9551,0.02399,74.125.200.0-255,1484,89297,82,220021
9552,0.023993,172.31.47.0-255,66,89363,82,220021
9553,0.025948,74.125.200.0-255,2902,92265,82,220021
9554,0.025954,172.31.47.0-255,66,92331,82,220021
9555,0.026025,74.125.200.0-255,2902,95233,82,220021
9556,0.02603,172.31.47.0-255,66,95299,82,220021
9557,0.027969,74.125.200.0-255,2902,98201,82,220021
9558,0.027976,172.31.47.0-255,66,98267,82,220021
9559,0.028043,74.125.200.0-255,1484,99751,82,220021
9560,0.028055,74.125.200.0-255,1484,101235,82,220021
9561,0.028059,172.31.47.0-255,66,101301,82,220021
9562,0.029979,74.125.200.0-255,2902,104203,82,220021
9563,0.029984,172.31.47.0-255,66,104269,82,220021
9564,0.030061,74.125.200.0-255,2902,107171,82,220021
9565,0.030069,172.31.47.0-255,66,107237,82,220021
9566,0.032011,74.125.200.0-255,2902,110139,82,220021
9567,0.032017,172.31.47.0-255,66,110205,82,220021
9568,0.032086,74.125.200.0-255,2902,113107,82,220021
9569,0.03209,172.31.47.0-255,66,113173,82,220021
9570,0.034053,74.125.200.0-255,2902,116075,82,220021
9571,0.034058,172.31.47.0-255,66,116141,82,220021
9572,0.034107,74.125.200.0-255,2902,119043,82,220021
9573,0.03411,172.31.47.0-255,66,119109,82,220021
9574,0.036072,74.125.200.0-255,2902,122011,82,220021
9575,0.036078,172.31.47.0-255,66,122077,82,220021
9576,0.036151,74.125.200.0-255,2902,124979,82,220021
9577,0.036154,172.31.47.0-255,66,125045,82,220021
9578,0.038104,74.125.200.0-255,2902,127947,82,220021
9579,0.038111,172.31.47.0-255,66,128013,82,220021
9580,0.038171,74.125.200.0-255,2902,130915,82,220021
9581,0.038175,172.31.47.0-255,66,130981,82,220021
9582,0.040139,74.125.200.0-255,2902,133883,82,220021
9583,0.040144,172.31.47.0-255,66,133949,82,220021
9584,0.040207,74.125.200.0-255,2902,136851,82,220021
9585,0.040211,172.31.47.0-255,66,136917,82,220021
9586,0.042168,74.125.200.0-255,2902,139819,82,220021
9587,0.042173,172.31.47.0-255,66,139885,82,220021
9588,0.042252,74.125.200.0-255,2902,142787,82,220021
9589,0.042255,172.31.47.0-255,66,142853,82,220021
9590,0.044195,74.125.200.0-255,2902,145755,82,220021
9591,0.044201,172.31.47.0-255,66,145821,82,220021
9592,0.044265,74.125.200.0-255,2902,148723,82,220021
9593,0.044269,172.31.47.0-255,66,148789,82,220021
9594,0.046212,74.125.200.0-255,2902,151691,82,220021
9595,0.046219,172.31.47.0-255,66,151757,82,220021
9596,0.046289,74.125.200.0-255,2902,154659,82,220021
9597,0.046293,172.31.47.0-255,66,154725,82,220021
9598,0.048229,74.125.200.0-255,2902,157627,82,220021
9599,0.048235,172.31.47.0-255,66,157693,82,220021
9600,0.048311,74.125.200.0-255,2902,160595,82,220021
9601,0.048315,172.31.47.0-255,66,160661,82,220021
9602,0.050253,74.125.200.0-255,2902,163563,82,220021
9603,0.050258,172.31.47.0-255,66,163629,82,220021
9604,0.05033,74.125.200.0-255,2902,166531,82,220021
9605,0.050334,172.31.47.0-255,66,166597,82,220021
9606,0.052279,74.125.200.0-255,2902,169499,82,220021
9607,0.052285,172.31.47.0-255,66,169565,82,220021
9608,0.05236,74.125.200.0-255,2902,172467,82,220021
9609,0.052364,172.31.47.0-255,66,172533,82,220021
9610,0.054307,74.125.200.0-255,2902,175435,82,220021
9611,0.054315,172.31.47.0-255,66,175501,82,220021
9612,0.054375,74.125.200.0-255,2902,178403,82,220021
9613,0.054378,172.31.47.0-255,66,178469,82,220021
9614,0.056316,74.125.200.0-255,2902,181371,82,220021
9615,0.056322,172.31.47.0-255,66,181437,82,220021
9616,0.056393,74.125.200.0-255,2902,184339,82,220021
9617,0.056397,172.31.47.0-255,66,184405,82,220021
9618,0.058343,74.125.200.0-255,2902,187307,82,220021
9619,0.05835,172.31.47.0-255,66,187373,82,220021
9620,0.058413,74.125.200.0-255,2902,190275,82,220021
9621,0.058417,172.31.47.0-255,66,190341,82,220021
9622,0.060381,74.125.200.0-255,2902,193243,82,220021
9623,0.060387,172.31.47.0-255,66,193309,82,220021
9624,0.060444,74.125.200.0-255,2902,196211,82,220021
9625,0.060447,172.31.47.0-255,66,196277,82,220021
9626,0.062413,74.125.200.0-255,2902,199179,82,220021
9627,0.062419,172.31.47.0-255,66,199245,82,220021
9628,0.062481,74.125.200.0-255,2902,202147,82,220021
9629,0.062485,172.31.47.0-255,66,202213,82,220021
9630,0.064436,74.125.200.0-255,2902,205115,82,220021
9631,0.064446,172.31.47.0-255,66,205181,82,220021
9632,0.064518,74.125.200.0-255,2902,208083,82,220021
9633,0.064524,172.31.47.0-255,66,208149,82,220021
9634,0.06646,74.125.200.0-255,2902,211051,82,220021
9635,0.066467,172.31.47.0-255,66,211117,82,220021
9636,0.066531,74.125.200.0-255,2902,214019,82,220021
9637,0.066535,172.31.47.0-255,66,214085,82,220021
9638,0.068473,74.125.200.0-255,2902,216987,82,220021
9639,0.06848,172.31.47.0-255,66,217053,82,220021
9640,0.068558,74.125.200.0-255,2902,219955,82,220021
9641,0.068562,172.31.47.0-255,66,220021,82,220021
9642,0.0,74.125.68.0-255,153,153,82,306755
9643,2.2e-05,172.31.47.0-255,66,219,82,306755
9644,7.7e-05,74.125.68.0-255,1484,1703,82,306755
9645,8.1e-05,172.31.47.0-255,66,1769,82,306755
9646,9.6e-05,74.125.68.0-255,2902,4671,82,306755
9647,0.0001,172.31.47.0-255,66,4737,82,306755
9648,0.00012,74.125.68.0-255,1484,6221,82,306755
9649,0.000122,172.31.47.0-255,66,6287,82,306755
9650,0.000128,74.125.68.0-255,2902,9189,82,306755
9651,0.00013,172.31.47.0-255,66,9255,82,306755
9652,0.000182,74.125.68.0-255,4974,14229,82,306755
9653,0.000185,172.31.47.0-255,66,14295,82,306755
9654,0.000313,74.125.68.0-255,1484,15779,82,306755
9655,0.000317,172.31.47.0-255,66,15845,82,306755
9656,0.000322,74.125.68.0-255,2902,18747,82,306755
9657,0.000324,172.31.47.0-255,66,18813,82,306755
9658,0.000326,74.125.68.0-255,1484,20297,82,306755
9659,0.000329,172.31.47.0-255,66,20363,82,306755
9660,0.000349,74.125.68.0-255,4320,24683,82,306755
9661,0.000352,172.31.47.0-255,66,24749,82,306755
9662,0.000356,74.125.68.0-255,2902,27651,82,306755
9663,0.000358,172.31.47.0-255,66,27717,82,306755
9664,0.000378,74.125.68.0-255,3961,31678,82,306755
9665,0.000382,172.31.47.0-255,66,31744,82,306755
9666,0.000397,74.125.68.0-255,4320,36064,82,306755
9667,0.000401,172.31.47.0-255,66,36130,82,306755
9668,0.000409,74.125.68.0-255,2902,39032,82,306755
9669,0.000411,172.31.47.0-255,66,39098,82,306755
9670,0.00043,74.125.68.0-255,5738,44836,82,306755
9671,0.000434,172.31.47.0-255,66,44902,82,306755
9672,0.000439,74.125.68.0-255,5738,50640,82,306755
9673,0.000443,172.31.47.0-255,66,50706,82,306755
9674,0.000453,74.125.68.0-255,1484,52190,82,306755
9675,0.000464,74.125.68.0-255,1484,53674,82,306755
9676,0.000466,172.31.47.0-255,66,53740,82,306755
9677,0.000484,74.125.68.0-255,7156,60896,82,306755
9678,0.000487,172.31.47.0-255,66,60962,82,306755
9679,0.000505,74.125.68.0-255,5020,65982,82,306755
9680,0.000508,172.31.47.0-255,66,66048,82,306755
9681,0.000511,74.125.68.0-255,361,66409,82,306755
9682,0.000513,74.125.68.0-255,383,66792,82,306755
9683,0.000641,74.125.68.0-255,1484,68276,82,306755
9684,0.000646,172.31.47.0-255,66,68342,82,306755
9685,0.000664,74.125.68.0-255,1484,69826,82,306755
9686,0.000679,74.125.68.0-255,1484,71310,82,306755
9687,0.000682,172.31.47.0-255,66,71376,82,306755
9688,0.000709,74.125.68.0-255,2902,74278,82,306755
9689,0.000711,172.31.47.0-255,66,74344,82,306755
9690,0.000737,74.125.68.0-255,1484,75828,82,306755
9691,0.000744,74.125.68.0-255,8574,84402,82,306755
9692,0.000747,172.31.47.0-255,66,84468,82,306755
9693,0.000756,74.125.68.0-255,9992,94460,82,306755
9694,0.000758,172.31.47.0-255,66,94526,82,306755
9695,0.00079,74.125.68.0-255,6438,100964,82,306755
9696,0.000796,172.31.47.0-255,66,101030,82,306755
9697,0.001502,74.125.68.0-255,1484,102514,82,306755
9698,0.001514,74.125.68.0-255,2902,105416,82,306755
9699,0.001519,172.31.47.0-255,66,105482,82,306755
9700,0.001546,74.125.68.0-255,4320,109802,82,306755
9701,0.001548,172.31.47.0-255,66,109868,82,306755
9702,0.001554,74.125.68.0-255,4320,114188,82,306755
9703,0.001555,172.31.47.0-255,66,114254,82,306755
9704,0.001574,74.125.68.0-255,1484,115738,82,306755
9705,0.001602,74.125.68.0-255,2902,118640,82,306755
9706,0.001606,172.31.47.0-255,66,118706,82,306755
9707,0.001634,74.125.68.0-255,8574,127280,82,306755
9708,0.001637,172.31.47.0-255,66,127346,82,306755
9709,0.001645,74.125.68.0-255,7856,135202,82,306755
9710,0.001647,172.31.47.0-255,66,135268,82,306755
9711,0.003977,74.125.68.0-255,5738,141006,82,306755
9712,0.003983,172.31.47.0-255,66,141072,82,306755
9713,0.006299,74.125.68.0-255,5738,146810,82,306755
9714,0.006304,172.31.47.0-255,66,146876,82,306755
9715,0.008626,74.125.68.0-255,5738,152614,82,306755
9716,0.008634,172.31.47.0-255,66,152680,82,306755
9717,0.010957,74.125.68.0-255,5738,158418,82,306755
9718,0.010964,172.31.47.0-255,66,158484,82,306755
9719,0.013292,74.125.68.0-255,5738,164222,82,306755
9720,0.013302,172.31.47.0-255,66,164288,82,306755
9721,0.015618,74.125.68.0-255,5738,170026,82,306755
9722,0.015629,172.31.47.0-255,66,170092,82,306755
9723,0.017945,74.125.68.0-255,4320,174412,82,306755
9724,0.017952,172.31.47.0-255,66,174478,82,306755
9725,0.017971,74.125.68.0-255,1484,175962,82,306755
9726,0.020269,74.125.68.0-255,4320,180282,82,306755
9727,0.020278,172.31.47.0-255,66,180348,82,306755
9728,0.022595,74.125.68.0-255,5738,186086,82,306755
9729,0.022602,172.31.47.0-255,66,186152,82,306755
9730,0.024092,172.31.47.0-255,172,186324,82,306755
9731,0.024134,172.31.47.0-255,1103,187427,82,306755
9732,0.024207,172.31.47.0-255,1514,188941,82,306755
9733,0.024209,172.31.47.0-255,1296,190237,82,306755
9734,0.024913,74.125.68.0-255,1484,191721,82,306755
9735,0.024946,74.125.68.0-255,4320,196041,82,306755
9736,0.024951,172.31.47.0-255,66,196107,82,306755
9737,0.025611,104.244.42.0-255,66,196173,82,306755
9738,0.025664,104.244.42.0-255,66,196239,82,306755
9739,0.02576,104.244.42.0-255,66,196305,82,306755
9740,0.027268,74.125.68.0-255,5738,202043,82,306755
9741,0.027276,172.31.47.0-255,66,202109,82,306755
9742,0.027429,104.244.42.0-255,108,202217,82,306755
9743,0.027434,172.31.47.0-255,66,202283,82,306755
9744,0.029582,74.125.68.0-255,5738,208021,82,306755
9745,0.029589,172.31.47.0-255,66,208087,82,306755
9746,0.031902,74.125.68.0-255,5738,213825,82,306755
9747,0.031913,172.31.47.0-255,66,213891,82,306755
9748,0.034235,74.125.68.0-255,5738,219629,82,306755
9749,0.034245,172.31.47.0-255,66,219695,82,306755
9750,0.036563,74.125.68.0-255,5738,225433,82,306755
9751,0.036575,172.31.47.0-255,66,225499,82,306755
9752,0.038897,74.125.68.0-255,5738,231237,82,306755
9753,0.038912,172.31.47.0-255,66,231303,82,306755
9754,0.041245,74.125.68.0-255,5738,237041,82,306755
9755,0.041265,172.31.47.0-255,66,237107,82,306755
9756,0.043578,74.125.68.0-255,5738,242845,82,306755
9757,0.043594,172.31.47.0-255,66,242911,82,306755
9758,0.045909,74.125.68.0-255,5738,248649,82,306755
9759,0.045921,172.31.47.0-255,66,248715,82,306755
9760,0.048257,74.125.68.0-255,5738,254453,82,306755
9761,0.048272,172.31.47.0-255,66,254519,82,306755
9762,0.050661,74.125.68.0-255,5738,260257,82,306755
9763,0.050681,172.31.47.0-255,66,260323,82,306755
9764,0.053037,74.125.68.0-255,5738,266061,82,306755
9765,0.053056,172.31.47.0-255,66,266127,82,306755
9766,0.055375,74.125.68.0-255,5738,271865,82,306755
9767,0.055392,172.31.47.0-255,66,271931,82,306755
9768,0.057728,74.125.68.0-255,5738,277669,82,306755
9769,0.057745,172.31.47.0-255,66,277735,82,306755
9770,0.060068,74.125.68.0-255,5738,283473,82,306755
9771,0.060086,172.31.47.0-255,66,283539,82,306755
9772,0.062421,74.125.68.0-255,5738,289277,82,306755
9773,0.062441,172.31.47.0-255,66,289343,82,306755
9774,0.064798,74.125.68.0-255,5738,295081,82,306755
9775,0.064838,172.31.47.0-255,66,295147,82,306755
9776,0.067177,74.125.68.0-255,5738,300885,82,306755
9777,0.067197,172.31.47.0-255,66,300951,82,306755
9778,0.069511,74.125.68.0-255,5738,306689,82,306755
9779,0.06952,172.31.47.0-255,66,306755,82,306755
9780,0.0,74.125.200.0-255,157,157,82,275424
9781,2.8e-05,172.31.47.0-255,66,223,82,275424
9782,3.4e-05,74.125.200.0-255,1484,1707,82,275424
9783,3.8e-05,172.31.47.0-255,66,1773,82,275424
9784,4.2e-05,74.125.200.0-255,2902,4675,82,275424
9785,4.4e-05,172.31.47.0-255,66,4741,82,275424
9786,7.4e-05,74.125.200.0-255,7156,11897,82,275424
9787,7.7e-05,172.31.47.0-255,66,11963,82,275424
9788,8e-05,74.125.200.0-255,2165,14128,82,275424
9789,8.1e-05,172.31.47.0-255,66,14194,82,275424
9790,0.000157,74.125.200.0-255,1484,15678,82,275424
9791,0.00016,172.31.47.0-255,66,15744,82,275424
9792,0.000178,74.125.200.0-255,1484,17228,82,275424
9793,0.00018,172.31.47.0-255,66,17294,82,275424
9794,0.000194,74.125.200.0-255,2902,20196,82,275424
9795,0.000197,172.31.47.0-255,66,20262,82,275424
9796,0.0002,74.125.200.0-255,2902,23164,82,275424
9797,0.000202,172.31.47.0-255,66,23230,82,275424
9798,0.000224,74.125.200.0-255,2902,26132,82,275424
9799,0.000226,172.31.47.0-255,66,26198,82,275424
9800,0.000231,74.125.200.0-255,5379,31577,82,275424
9801,0.000233,172.31.47.0-255,66,31643,82,275424
9802,0.000319,74.125.200.0-255,1484,33127,82,275424
9803,0.000322,172.31.47.0-255,66,33193,82,275424
9804,0.000325,74.125.200.0-255,1484,34677,82,275424
9805,0.000327,172.31.47.0-255,66,34743,82,275424
9806,0.000343,74.125.200.0-255,2902,37645,82,275424
9807,0.000346,172.31.47.0-255,66,37711,82,275424
9808,0.00035,74.125.200.0-255,2902,40613,82,275424
9809,0.000352,172.31.47.0-255,66,40679,82,275424
9810,0.000363,74.125.200.0-255,2902,43581,82,275424
9811,0.000365,172.31.47.0-255,66,43647,82,275424
9812,0.000394,74.125.200.0-255,5379,49026,82,275424
9813,0.000401,172.31.47.0-255,66,49092,82,275424
9814,0.001235,74.125.200.0-255,1484,50576,82,275424
9815,0.001245,74.125.200.0-255,2902,53478,82,275424
9816,0.00125,172.31.47.0-255,66,53544,82,275424
9817,0.001255,74.125.200.0-255,2902,56446,82,275424
9818,0.00127,74.125.200.0-255,2902,59348,82,275424
9819,0.001298,74.125.200.0-255,6797,66145,82,275424
9820,0.001457,74.125.200.0-255,1484,67629,82,275424
9821,0.001469,74.125.200.0-255,2902,70531,82,275424
9822,0.00151,74.125.200.0-255,5738,76269,82,275424
9823,0.001515,74.125.200.0-255,4320,80589,82,275424
9824,0.001529,74.125.200.0-255,5379,85968,82,275424
9825,0.001547,74.125.200.0-255,1484,87452,82,275424
9826,0.001571,74.125.200.0-255,9992,97444,82,275424
9827,0.00159,74.125.200.0-255,2543,99987,82,275424
9828,0.002933,172.31.47.0-255,66,100053,82,275424
9829,0.005189,74.125.200.0-255,5738,105791,82,275424
9830,0.005195,172.31.47.0-255,66,105857,82,275424
9831,0.007441,74.125.200.0-255,5738,111595,82,275424
9832,0.007447,172.31.47.0-255,66,111661,82,275424
9833,0.009692,74.125.200.0-255,5738,117399,82,275424
9834,0.010787,172.31.47.0-255,66,117465,82,275424
9835,0.01303,74.125.200.0-255,5738,123203,82,275424
9836,0.013036,172.31.47.0-255,66,123269,82,275424
9837,0.015278,74.125.200.0-255,5738,129007,82,275424
9838,0.015283,172.31.47.0-255,66,129073,82,275424
9839,0.017546,74.125.200.0-255,5738,134811,82,275424
9840,0.017556,172.31.47.0-255,66,134877,82,275424
9841,0.019821,74.125.200.0-255,5738,140615,82,275424
9842,0.019828,172.31.47.0-255,66,140681,82,275424
9843,0.022075,74.125.200.0-255,5738,146419,82,275424
9844,0.022083,172.31.47.0-255,66,146485,82,275424
9845,0.024333,74.125.200.0-255,2902,149387,82,275424
9846,0.024339,172.31.47.0-255,66,149453,82,275424
9847,0.024361,74.125.200.0-255,2902,152355,82,275424
9848,0.024579,172.31.47.0-255,66,152421,82,275424
9849,0.02659,74.125.200.0-255,2902,155323,82,275424
9850,0.026597,172.31.47.0-255,66,155389,82,275424
9851,0.026824,74.125.200.0-255,2902,158291,82,275424
9852,0.02683,172.31.47.0-255,66,158357,82,275424
9853,0.028829,74.125.200.0-255,2902,161259,82,275424
9854,0.028835,172.31.47.0-255,66,161325,82,275424
9855,0.029074,74.125.200.0-255,2902,164227,82,275424
9856,0.02908,172.31.47.0-255,66,164293,82,275424
9857,0.029965,172.31.47.0-255,172,164465,82,275424
9858,0.029991,172.31.47.0-255,1111,165576,82,275424
9859,0.030025,172.31.47.0-255,1514,167090,82,275424
9860,0.030044,172.31.47.0-255,1288,168378,82,275424
9861,0.031079,74.125.200.0-255,2902,171280,82,275424
9862,0.031085,172.31.47.0-255,66,171346,82,275424
9863,0.031313,74.125.200.0-255,2902,174248,82,275424
9864,0.031317,172.31.47.0-255,66,174314,82,275424
9865,0.031491,104.244.42.0-255,66,174380,82,275424
9866,0.031538,104.244.42.0-255,66,174446,82,275424
9867,0.031583,104.244.42.0-255,66,174512,82,275424
9868,0.033318,74.125.200.0-255,2902,177414,82,275424
9869,0.033323,172.31.47.0-255,66,177480,82,275424
9870,0.033556,74.125.200.0-255,2902,180382,82,275424
9871,0.033561,172.31.47.0-255,66,180448,82,275424
9872,0.03556,74.125.200.0-255,2902,183350,82,275424
9873,0.035566,172.31.47.0-255,66,183416,82,275424
9874,0.035791,74.125.200.0-255,2902,186318,82,275424
9875,0.035811,172.31.47.0-255,66,186384,82,275424
9876,0.037803,74.125.200.0-255,2902,189286,82,275424
9877,0.037808,172.31.47.0-255,66,189352,82,275424
9878,0.038079,74.125.200.0-255,2902,192254,82,275424
9879,0.038084,172.31.47.0-255,66,192320,82,275424
9880,0.040044,74.125.200.0-255,2902,195222,82,275424
9881,0.040049,172.31.47.0-255,66,195288,82,275424
9882,0.040329,74.125.200.0-255,2902,198190,82,275424
9883,0.040336,172.31.47.0-255,66,198256,82,275424
9884,0.042295,74.125.200.0-255,2902,201158,82,275424
9885,0.0423,172.31.47.0-255,66,201224,82,275424
9886,0.042567,74.125.200.0-255,2902,204126,82,275424
9887,0.042571,172.31.47.0-255,66,204192,82,275424
9888,0.044529,74.125.200.0-255,2902,207094,82,275424
9889,0.044533,172.31.47.0-255,66,207160,82,275424
9890,0.044801,74.125.200.0-255,2902,210062,82,275424
9891,0.044805,172.31.47.0-255,66,210128,82,275424
9892,0.046778,74.125.200.0-255,2902,213030,82,275424
9893,0.046783,172.31.47.0-255,66,213096,82,275424
9894,0.047045,74.125.200.0-255,2902,215998,82,275424
9895,0.04705,172.31.47.0-255,66,216064,82,275424
9896,0.04902,74.125.200.0-255,2902,218966,82,275424
9897,0.049025,172.31.47.0-255,66,219032,82,275424
9898,0.049294,74.125.200.0-255,2902,221934,82,275424
9899,0.049299,172.31.47.0-255,66,222000,82,275424
9900,0.051268,74.125.200.0-255,2902,224902,82,275424
9901,0.051273,172.31.47.0-255,66,224968,82,275424
9902,0.051537,74.125.200.0-255,2902,227870,82,275424
9903,0.051543,172.31.47.0-255,66,227936,82,275424
9904,0.053504,74.125.200.0-255,2902,230838,82,275424
9905,0.05351,172.31.47.0-255,66,230904,82,275424
9906,0.053775,74.125.200.0-255,2902,233806,82,275424
9907,0.053779,172.31.47.0-255,66,233872,82,275424
9908,0.055744,74.125.200.0-255,2902,236774,82,275424
9909,0.05575,172.31.47.0-255,66,236840,82,275424
9910,0.056023,74.125.200.0-255,2902,239742,82,275424
9911,0.056029,172.31.47.0-255,66,239808,82,275424
9912,0.057988,74.125.200.0-255,2902,242710,82,275424
9913,0.057992,172.31.47.0-255,66,242776,82,275424
9914,0.058258,74.125.200.0-255,2902,245678,82,275424
9915,0.058263,172.31.47.0-255,66,245744,82,275424
9916,0.060237,74.125.200.0-255,2902,248646,82,275424
9917,0.060242,172.31.47.0-255,66,248712,82,275424
9918,0.0605,74.125.200.0-255,2902,251614,82,275424
9919,0.060507,172.31.47.0-255,66,251680,82,275424
9920,0.062482,74.125.200.0-255,2902,254582,82,275424
9921,0.062487,172.31.47.0-255,66,254648,82,275424
9922,0.062775,74.125.200.0-255,2902,257550,82,275424
9923,0.062779,172.31.47.0-255,66,257616,82,275424
9924,0.064752,74.125.200.0-255,2902,260518,82,275424
9925,0.064772,172.31.47.0-255,66,260584,82,275424
9926,0.065025,74.125.200.0-255,2902,263486,82,275424
9927,0.065031,172.31.47.0-255,66,263552,82,275424
9928,0.067008,74.125.200.0-255,2902,266454,82,275424
9929,0.067014,172.31.47.0-255,66,266520,82,275424
9930,0.067267,74.125.200.0-255,2902,269422,82,275424
9931,0.067274,172.31.47.0-255,66,269488,82,275424
9932,0.069239,74.125.200.0-255,2902,272390,82,275424
9933,0.069244,172.31.47.0-255,66,272456,82,275424
9934,0.069503,74.125.200.0-255,2902,275358,82,275424
9935,0.069507,172.31.47.0-255,66,275424,82,275424
9936,0.0,74.125.68.0-255,153,153,82,405467
9937,2.4e-05,172.31.47.0-255,66,219,82,405467
9938,3e-05,74.125.68.0-255,1484,1703,82,405467
9939,3.6e-05,172.31.47.0-255,66,1769,82,405467
9940,4.6e-05,74.125.68.0-255,2902,4671,82,405467
9941,4.9e-05,172.31.47.0-255,66,4737,82,405467
9942,8.3e-05,74.125.68.0-255,4320,9057,82,405467
9943,8.6e-05,172.31.47.0-255,66,9123,82,405467
9944,0.000107,74.125.68.0-255,5090,14213,82,405467
9945,0.00011,172.31.47.0-255,66,14279,82,405467
9946,0.000135,74.125.68.0-255,1484,15763,82,405467
9947,0.000137,172.31.47.0-255,66,15829,82,405467
9948,0.000167,74.125.68.0-255,2902,18731,82,405467
9949,0.00017,172.31.47.0-255,66,18797,82,405467
9950,0.000198,74.125.68.0-255,4320,23117,82,405467
9951,0.000201,172.31.47.0-255,66,23183,82,405467
9952,0.000233,74.125.68.0-255,1484,24667,82,405467
9953,0.000236,172.31.47.0-255,66,24733,82,405467
9954,0.000243,74.125.68.0-255,6797,31530,82,405467
9955,0.000251,172.31.47.0-255,66,31596,82,405467
9956,0.000325,74.125.68.0-255,1484,33080,82,405467
9957,0.000329,172.31.47.0-255,66,33146,82,405467
9958,0.000335,74.125.68.0-255,2902,36048,82,405467
9959,0.000337,172.31.47.0-255,66,36114,82,405467
9960,0.000379,74.125.68.0-255,4320,40434,82,405467
9961,0.000383,172.31.47.0-255,66,40500,82,405467
9962,0.000388,74.125.68.0-255,4320,44820,82,405467
9963,0.000391,172.31.47.0-255,66,44886,82,405467
9964,0.000422,74.125.68.0-255,5379,50265,82,405467
9965,0.000425,172.31.47.0-255,66,50331,82,405467
9966,0.000429,74.125.68.0-255,2902,53233,82,405467
9967,0.000432,172.31.47.0-255,66,53299,82,405467
9968,0.00047,74.125.68.0-255,5738,59037,82,405467
9969,0.000474,172.31.47.0-255,66,59103,82,405467
9970,0.000508,74.125.68.0-255,7068,66171,82,405467
9971,0.000511,172.31.47.0-255,66,66237,82,405467
9972,0.000514,74.125.68.0-255,384,66621,82,405467
9973,0.000584,74.125.68.0-255,1484,68105,82,405467
9974,0.000587,172.31.47.0-255,66,68171,82,405467
9975,0.000592,74.125.68.0-255,2902,71073,82,405467
9976,0.000595,172.31.47.0-255,66,71139,82,405467
9977,0.000617,74.125.68.0-255,2902,74041,82,405467
9978,0.000622,172.31.47.0-255,66,74107,82,405467
9979,0.000627,74.125.68.0-255,4320,78427,82,405467
9980,0.00063,172.31.47.0-255,66,78493,82,405467
9981,0.000672,74.125.68.0-255,8574,87067,82,405467
9982,0.000677,172.31.47.0-255,66,87133,82,405467
9983,0.000678,74.125.68.0-255,7156,94289,82,405467
9984,0.00068,172.31.47.0-255,66,94355,82,405467
9985,0.000717,74.125.68.0-255,2902,97257,82,405467
9986,0.00072,172.31.47.0-255,66,97323,82,405467
9987,0.000746,74.125.68.0-255,3602,100925,82,405467
9988,0.000749,172.31.47.0-255,66,100991,82,405467
9989,0.000758,74.125.68.0-255,1484,102475,82,405467
9990,0.000774,74.125.68.0-255,2902,105377,82,405467
9991,0.000776,172.31.47.0-255,66,105443,82,405467
9992,0.000804,74.125.68.0-255,5738,111181,82,405467
9993,0.000808,172.31.47.0-255,66,111247,82,405467
9994,0.000813,74.125.68.0-255,4320,115567,82,405467
9995,0.000815,172.31.47.0-255,66,115633,82,405467
9996,0.00084,74.125.68.0-255,4320,119953,82,405467
9997,0.000843,172.31.47.0-255,66,120019,82,405467
9998,0.000849,74.125.68.0-255,5738,125757,82,405467
9999,0.000851,172.31.47.0-255,66,125823,82,405467
10000,0.000875,74.125.68.0-255,4320,130143,82,405467
10001,0.000878,172.31.47.0-255,66,130209,82,405467
10002,0.000883,74.125.68.0-255,5020,135229,82,405467
10003,0.000885,172.31.47.0-255,66,135295,82,405467
10004,0.000931,74.125.68.0-255,2902,138197,82,405467
10005,0.000935,172.31.47.0-255,66,138263,82,405467
10006,0.000939,74.125.68.0-255,2902,141165,82,405467
10007,0.00094,172.31.47.0-255,66,141231,82,405467
10008,0.000963,74.125.68.0-255,1484,142715,82,405467
10009,0.000969,74.125.68.0-255,8574,151289,82,405467
10010,0.000971,172.31.47.0-255,66,151355,82,405467
10011,0.001008,74.125.68.0-255,2902,154257,82,405467
10012,0.001011,172.31.47.0-255,66,154323,82,405467
10013,0.001033,74.125.68.0-255,1484,155807,82,405467
10014,0.001038,74.125.68.0-255,5738,161545,82,405467
10015,0.001041,172.31.47.0-255,66,161611,82,405467
10016,0.001047,74.125.68.0-255,7156,168767,82,405467
10017,0.001049,172.31.47.0-255,66,168833,82,405467
10018,0.001071,74.125.68.0-255,766,169599,82,405467
10019,0.001441,172.31.47.0-255,66,169665,82,405467
10020,0.001676,74.125.68.0-255,1484,171149,82,405467
10021,0.001684,74.125.68.0-255,2902,174051,82,405467
10022,0.001688,172.31.47.0-255,66,174117,82,405467
10023,0.001694,74.125.68.0-255,5738,179855,82,405467
10024,0.001697,172.31.47.0-255,66,179921,82,405467
10025,0.001737,172.31.47.0-255,66,179987,82,405467
10026,0.00177,74.125.68.0-255,1484,181471,82,405467
10027,0.001788,74.125.68.0-255,2902,184373,82,405467
10028,0.00179,172.31.47.0-255,66,184439,82,405467
10029,0.001816,74.125.68.0-255,5738,190177,82,405467
10030,0.001819,172.31.47.0-255,66,190243,82,405467
10031,0.001844,74.125.68.0-255,766,191009,82,405467
10032,0.001847,74.125.68.0-255,1484,192493,82,405467
10033,0.001849,172.31.47.0-255,66,192559,82,405467
10034,0.001852,74.125.68.0-255,1484,194043,82,405467
10035,0.00188,74.125.68.0-255,1484,195527,82,405467
10036,0.001882,172.31.47.0-255,66,195593,82,405467
10037,0.001888,74.125.68.0-255,5738,201331,82,405467
10038,0.00189,172.31.47.0-255,66,201397,82,405467
10039,0.001895,74.125.68.0-255,5738,207135,82,405467
10040,0.001896,172.31.47.0-255,66,207201,82,405467
10041,0.001921,74.125.68.0-255,1484,208685,82,405467
10042,0.001933,74.125.68.0-255,9992,218677,82,405467
10043,0.001936,172.31.47.0-255,66,218743,82,405467
10044,0.001965,74.125.68.0-255,6438,225181,82,405467
10045,0.001967,172.31.47.0-255,66,225247,82,405467
10046,0.002272,74.125.68.0-255,1484,226731,82,405467
10047,0.004204,74.125.68.0-255,4320,231051,82,405467
10048,0.004208,172.31.47.0-255,66,231117,82,405467
10049,0.00646,74.125.68.0-255,5738,236855,82,405467
10050,0.006466,172.31.47.0-255,66,236921,82,405467
10051,0.008715,74.125.68.0-255,2902,239823,82,405467
10052,0.008721,172.31.47.0-255,66,239889,82,405467
10053,0.008751,74.125.68.0-255,2902,242791,82,405467
10054,0.008754,172.31.47.0-255,66,242857,82,405467
10055,0.010985,74.125.68.0-255,2902,245759,82,405467
10056,0.010998,172.31.47.0-255,66,245825,82,405467
10057,0.011026,74.125.68.0-255,2902,248727,82,405467
10058,0.01103,172.31.47.0-255,66,248793,82,405467
10059,0.013251,74.125.68.0-255,2902,251695,82,405467
10060,0.013261,172.31.47.0-255,66,251761,82,405467
10061,0.0133,74.125.68.0-255,2902,254663,82,405467
10062,0.013304,172.31.47.0-255,66,254729,82,405467
10063,0.015521,74.125.68.0-255,2902,257631,82,405467
10064,0.015528,172.31.47.0-255,66,257697,82,405467
10065,0.015564,74.125.68.0-255,2902,260599,82,405467
10066,0.015567,172.31.47.0-255,66,260665,82,405467
10067,0.0178,74.125.68.0-255,2902,263567,82,405467
10068,0.017809,172.31.47.0-255,66,263633,82,405467
10069,0.01785,74.125.68.0-255,2902,266535,82,405467
10070,0.017854,172.31.47.0-255,66,266601,82,405467
10071,0.020069,74.125.68.0-255,2902,269503,82,405467
10072,0.020075,172.31.47.0-255,66,269569,82,405467
10073,0.020108,74.125.68.0-255,2902,272471,82,405467
10074,0.020111,172.31.47.0-255,66,272537,82,405467
10075,0.022331,74.125.68.0-255,2902,275439,82,405467
10076,0.022339,172.31.47.0-255,66,275505,82,405467
10077,0.022383,74.125.68.0-255,2902,278407,82,405467
10078,0.022387,172.31.47.0-255,66,278473,82,405467
10079,0.024589,74.125.68.0-255,2902,281375,82,405467
10080,0.024595,172.31.47.0-255,66,281441,82,405467
10081,0.024642,74.125.68.0-255,2902,284343,82,405467
10082,0.024646,172.31.47.0-255,66,284409,82,405467
10083,0.026848,74.125.68.0-255,2902,287311,82,405467
10084,0.026855,172.31.47.0-255,66,287377,82,405467
10085,0.026896,74.125.68.0-255,2902,290279,82,405467
10086,0.026901,172.31.47.0-255,66,290345,82,405467
10087,0.028639,172.31.47.0-255,172,290517,82,405467
10088,0.028672,172.31.47.0-255,1107,291624,82,405467
10089,0.02871,172.31.47.0-255,1514,293138,82,405467
10090,0.028712,172.31.47.0-255,1293,294431,82,405467
10091,0.029103,74.125.68.0-255,1484,295915,82,405467
10092,0.029137,74.125.68.0-255,4320,300235,82,405467
10093,0.029142,172.31.47.0-255,66,300301,82,405467
10094,0.030235,104.244.42.0-255,66,300367,82,405467
10095,0.030242,104.244.42.0-255,66,300433,82,405467
10096,0.030259,104.244.42.0-255,66,300499,82,405467
10097,0.031384,74.125.68.0-255,2902,303401,82,405467
10098,0.031387,172.31.47.0-255,66,303467,82,405467
10099,0.031418,74.125.68.0-255,2902,306369,82,405467
10100,0.031421,172.31.47.0-255,66,306435,82,405467
10101,0.033641,74.125.68.0-255,2902,309337,82,405467
10102,0.033647,172.31.47.0-255,66,309403,82,405467
10103,0.033673,74.125.68.0-255,2902,312305,82,405467
10104,0.033676,172.31.47.0-255,66,312371,82,405467
10105,0.035894,74.125.68.0-255,2902,315273,82,405467
10106,0.035898,172.31.47.0-255,66,315339,82,405467
10107,0.035931,74.125.68.0-255,2902,318241,82,405467
10108,0.035934,172.31.47.0-255,66,318307,82,405467
10109,0.03814,74.125.68.0-255,2902,321209,82,405467
10110,0.038145,172.31.47.0-255,66,321275,82,405467
10111,0.038171,74.125.68.0-255,2902,324177,82,405467
10112,0.038174,172.31.47.0-255,66,324243,82,405467
10113,0.040415,74.125.68.0-255,2902,327145,82,405467
10114,0.040421,172.31.47.0-255,66,327211,82,405467
10115,0.040456,74.125.68.0-255,2902,330113,82,405467
10116,0.04046,172.31.47.0-255,66,330179,82,405467
10117,0.042686,74.125.68.0-255,2902,333081,82,405467
10118,0.04269,172.31.47.0-255,66,333147,82,405467
10119,0.042725,74.125.68.0-255,2902,336049,82,405467
10120,0.042728,172.31.47.0-255,66,336115,82,405467
10121,0.044926,74.125.68.0-255,2902,339017,82,405467
10122,0.044931,172.31.47.0-255,66,339083,82,405467
10123,0.044967,74.125.68.0-255,2902,341985,82,405467
10124,0.04497,172.31.47.0-255,66,342051,82,405467
10125,0.047176,74.125.68.0-255,2902,344953,82,405467
10126,0.047181,172.31.47.0-255,66,345019,82,405467
10127,0.047212,74.125.68.0-255,2902,347921,82,405467
10128,0.047215,172.31.47.0-255,66,347987,82,405467
10129,0.049423,74.125.68.0-255,2902,350889,82,405467
10130,0.049428,172.31.47.0-255,66,350955,82,405467
10131,0.049464,74.125.68.0-255,2902,353857,82,405467
10132,0.049468,172.31.47.0-255,66,353923,82,405467
10133,0.051677,74.125.68.0-255,2902,356825,82,405467
10134,0.051681,172.31.47.0-255,66,356891,82,405467
10135,0.051714,74.125.68.0-255,2902,359793,82,405467
10136,0.051717,172.31.47.0-255,66,359859,82,405467
10137,0.053927,74.125.68.0-255,1484,361343,82,405467
10138,0.053951,74.125.68.0-255,2902,364245,82,405467
10139,0.053955,172.31.47.0-255,66,364311,82,405467
10140,0.05398,74.125.68.0-255,1484,365795,82,405467
10141,0.056198,74.125.68.0-255,4320,370115,82,405467
10142,0.056203,172.31.47.0-255,66,370181,82,405467
10143,0.058454,74.125.68.0-255,5738,375919,82,405467
10144,0.058458,172.31.47.0-255,66,375985,82,405467
10145,0.060711,74.125.68.0-255,5738,381723,82,405467
10146,0.060716,172.31.47.0-255,66,381789,82,405467
10147,0.062961,74.125.68.0-255,5738,387527,82,405467
10148,0.062966,172.31.47.0-255,66,387593,82,405467
10149,0.065214,74.125.68.0-255,2902,390495,82,405467
10150,0.065218,172.31.47.0-255,66,390561,82,405467
10151,0.065252,74.125.68.0-255,2902,393463,82,405467
10152,0.065255,172.31.47.0-255,66,393529,82,405467
10153,0.067443,74.125.68.0-255,1484,395013,82,405467
10154,0.067469,74.125.68.0-255,1484,396497,82,405467
10155,0.067473,172.31.47.0-255,66,396563,82,405467
10156,0.067485,74.125.68.0-255,1484,398047,82,405467
10157,0.067498,74.125.68.0-255,1484,399531,82,405467
10158,0.0675,172.31.47.0-255,66,399597,82,405467
10159,0.069871,74.125.68.0-255,4320,403917,82,405467
10160,0.069877,172.31.47.0-255,66,403983,82,405467
10161,0.069904,74.125.68.0-255,1484,405467,82,405467
10162,0.0,172.253.118.0-255,153,153,82,356419
10163,2.7e-05,172.31.47.0-255,66,219,82,356419
10164,3.4e-05,172.253.118.0-255,1484,1703,82,356419
10165,3.8e-05,172.31.47.0-255,66,1769,82,356419
10166,4.3e-05,172.253.118.0-255,2902,4671,82,356419
10167,4.6e-05,172.31.47.0-255,66,4737,82,356419
10168,5e-05,172.253.118.0-255,2902,7639,82,356419
10169,5.2e-05,172.31.47.0-255,66,7705,82,356419
10170,7.4e-05,172.253.118.0-255,4320,12025,82,356419
10171,7.6e-05,172.31.47.0-255,66,12091,82,356419
10172,8e-05,172.253.118.0-255,2182,14273,82,356419
10173,8.2e-05,172.31.47.0-255,66,14339,82,356419
10174,0.000182,172.253.118.0-255,1484,15823,82,356419
10175,0.000186,172.31.47.0-255,66,15889,82,356419
10176,0.000191,172.253.118.0-255,2902,18791,82,356419
10177,0.000194,172.31.47.0-255,66,18857,82,356419
10178,0.000198,172.253.118.0-255,4320,23177,82,356419
10179,0.0002,172.31.47.0-255,66,23243,82,356419
10180,0.000218,172.253.118.0-255,1484,24727,82,356419
10181,0.000221,172.31.47.0-255,66,24793,82,356419
10182,0.000226,172.253.118.0-255,4320,29113,82,356419
10183,0.000228,172.31.47.0-255,66,29179,82,356419
10184,0.000258,172.253.118.0-255,2902,32081,82,356419
10185,0.000261,172.31.47.0-255,66,32147,82,356419
10186,0.000276,172.253.118.0-255,7156,39303,82,356419
10187,0.00028,172.31.47.0-255,66,39369,82,356419
10188,0.000305,172.253.118.0-255,2543,41912,82,356419
10189,0.000308,172.31.47.0-255,66,41978,82,356419
10190,0.000315,172.253.118.0-255,6797,48775,82,356419
10191,0.000318,172.31.47.0-255,66,48841,82,356419
10192,0.000375,172.253.118.0-255,1484,50325,82,356419
10193,0.000379,172.31.47.0-255,66,50391,82,356419
10194,0.000384,172.253.118.0-255,2902,53293,82,356419
10195,0.000387,172.31.47.0-255,66,53359,82,356419
10196,0.00039,172.253.118.0-255,1484,54843,82,356419
10197,0.000405,172.253.118.0-255,4320,59163,82,356419
10198,0.000408,172.31.47.0-255,66,59229,82,356419
10199,0.000431,172.253.118.0-255,6797,66026,82,356419
10200,0.000433,172.31.47.0-255,66,66092,82,356419
10201,0.00082,172.253.118.0-255,415,66507,82,356419
10202,0.000859,172.253.118.0-255,1484,67991,82,356419
10203,0.000862,172.253.118.0-255,1484,69475,82,356419
10204,0.000866,172.31.47.0-255,66,69541,82,356419
10205,0.000876,172.31.47.0-255,66,69607,82,356419
10206,0.000881,172.253.118.0-255,2902,72509,82,356419
10207,0.000884,172.31.47.0-255,66,72575,82,356419
10208,0.000888,172.253.118.0-255,2902,75477,82,356419
10209,0.000889,172.31.47.0-255,66,75543,82,356419
10210,0.000917,172.253.118.0-255,8574,84117,82,356419
10211,0.000921,172.31.47.0-255,66,84183,82,356419
10212,0.000927,172.253.118.0-255,4320,88503,82,356419
10213,0.000929,172.31.47.0-255,66,88569,82,356419
10214,0.000961,172.253.118.0-255,8574,97143,82,356419
10215,0.000966,172.31.47.0-255,66,97209,82,356419
10216,0.001009,172.253.118.0-255,3602,100811,82,356419
10217,0.001011,172.253.118.0-255,328,101139,82,356419
10218,0.001016,172.31.47.0-255,66,101205,82,356419
10219,0.001304,172.31.47.0-255,66,101271,82,356419
10220,0.001491,172.253.118.0-255,1484,102755,82,356419
10221,0.0015,172.253.118.0-255,2902,105657,82,356419
10222,0.001503,172.31.47.0-255,66,105723,82,356419
10223,0.001529,172.253.118.0-255,5738,111461,82,356419
10224,0.001531,172.31.47.0-255,66,111527,82,356419
10225,0.001537,172.253.118.0-255,4320,115847,82,356419
10226,0.001538,172.31.47.0-255,66,115913,82,356419
10227,0.001558,172.253.118.0-255,5738,121651,82,356419
10228,0.00156,172.31.47.0-255,66,121717,82,356419
10229,0.001597,172.253.118.0-255,4320,126037,82,356419
10230,0.001599,172.31.47.0-255,66,126103,82,356419
10231,0.001626,172.253.118.0-255,9274,135377,82,356419
10232,0.001629,172.31.47.0-255,66,135443,82,356419
10233,0.001841,172.253.118.0-255,1484,136927,82,356419
10234,0.001854,172.253.118.0-255,2902,139829,82,356419
10235,0.001857,172.31.47.0-255,66,139895,82,356419
10236,0.001863,172.253.118.0-255,4320,144215,82,356419
10237,0.001865,172.31.47.0-255,66,144281,82,356419
10238,0.001875,172.253.118.0-255,1484,145765,82,356419
10239,0.001907,172.31.47.0-255,66,145831,82,356419
10240,0.001915,172.253.118.0-255,7156,152987,82,356419
10241,0.001917,172.31.47.0-255,66,153053,82,356419
10242,0.001948,172.253.118.0-255,1484,154537,82,356419
10243,0.001963,172.253.118.0-255,2184,156721,82,356419
10244,0.001965,172.31.47.0-255,66,156787,82,356419
10245,0.003835,172.253.118.0-255,1484,158271,82,356419
10246,0.003905,172.253.118.0-255,4320,162591,82,356419
10247,0.003909,172.31.47.0-255,66,162657,82,356419
10248,0.005835,172.253.118.0-255,5738,168395,82,356419
10249,0.00584,172.31.47.0-255,66,168461,82,356419
10250,0.007781,172.253.118.0-255,5738,174199,82,356419
10251,0.007788,172.31.47.0-255,66,174265,82,356419
10252,0.009757,172.253.118.0-255,5738,180003,82,356419
10253,0.009765,172.31.47.0-255,66,180069,82,356419
10254,0.011728,172.253.118.0-255,5738,185807,82,356419
10255,0.011735,172.31.47.0-255,66,185873,82,356419
10256,0.013695,172.253.118.0-255,5738,191611,82,356419
10257,0.013701,172.31.47.0-255,66,191677,82,356419
10258,0.015653,172.253.118.0-255,5738,197415,82,356419
10259,0.015666,172.31.47.0-255,66,197481,82,356419
10260,0.017616,172.253.118.0-255,5738,203219,82,356419
10261,0.017623,172.31.47.0-255,66,203285,82,356419
10262,0.019571,172.253.118.0-255,5738,209023,82,356419
10263,0.019577,172.31.47.0-255,66,209089,82,356419
10264,0.02151,172.253.118.0-255,5738,214827,82,356419
10265,0.021516,172.31.47.0-255,66,214893,82,356419
10266,0.02234,172.31.47.0-255,163,215056,82,356419
10267,0.022374,172.31.47.0-255,1144,216200,82,356419
10268,0.022434,172.31.47.0-255,1514,217714,82,356419
10269,0.022436,172.31.47.0-255,1255,218969,82,356419
10270,0.023457,172.253.118.0-255,5738,224707,82,356419
10271,0.023464,172.31.47.0-255,66,224773,82,356419
10272,0.023913,104.244.42.0-255,66,224839,82,356419
10273,0.023921,104.244.42.0-255,66,224905,82,356419
10274,0.023982,104.244.42.0-255,66,224971,82,356419
10275,0.025411,172.253.118.0-255,5738,230709,82,356419
10276,0.025417,172.31.47.0-255,66,230775,82,356419
10277,0.027361,172.253.118.0-255,5738,236513,82,356419
10278,0.027367,172.31.47.0-255,66,236579,82,356419
10279,0.029317,172.253.118.0-255,5738,242317,82,356419
10280,0.029323,172.31.47.0-255,66,242383,82,356419
10281,0.031258,172.253.118.0-255,5738,248121,82,356419
10282,0.031264,172.31.47.0-255,66,248187,82,356419
10283,0.033196,172.253.118.0-255,4320,252507,82,356419
10284,0.033201,172.31.47.0-255,66,252573,82,356419
10285,0.033233,172.253.118.0-255,1484,254057,82,356419
10286,0.035128,172.253.118.0-255,4320,258377,82,356419
10287,0.035134,172.31.47.0-255,66,258443,82,356419
10288,0.037071,172.253.118.0-255,5738,264181,82,356419
10289,0.037077,172.31.47.0-255,66,264247,82,356419
10290,0.039019,172.253.118.0-255,5738,269985,82,356419
10291,0.039025,172.31.47.0-255,66,270051,82,356419
10292,0.040991,172.253.118.0-255,5738,275789,82,356419
10293,0.040996,172.31.47.0-255,66,275855,82,356419
10294,0.042931,172.253.118.0-255,5738,281593,82,356419
10295,0.042936,172.31.47.0-255,66,281659,82,356419
10296,0.044878,172.253.118.0-255,5738,287397,82,356419
10297,0.044884,172.31.47.0-255,66,287463,82,356419
10298,0.046819,172.253.118.0-255,5738,293201,82,356419
10299,0.046824,172.31.47.0-255,66,293267,82,356419
10300,0.048754,172.253.118.0-255,2902,296169,82,356419
10301,0.04876,172.31.47.0-255,66,296235,82,356419
10302,0.048788,172.253.118.0-255,2902,299137,82,356419
10303,0.048791,172.31.47.0-255,66,299203,82,356419
10304,0.050705,172.253.118.0-255,2902,302105,82,356419
10305,0.050711,172.31.47.0-255,66,302171,82,356419
10306,0.050745,172.253.118.0-255,2902,305073,82,356419
10307,0.050748,172.31.47.0-255,66,305139,82,356419
10308,0.052646,172.253.118.0-255,2902,308041,82,356419
10309,0.052651,172.31.47.0-255,66,308107,82,356419
10310,0.052685,172.253.118.0-255,2902,311009,82,356419
10311,0.052688,172.31.47.0-255,66,311075,82,356419
10312,0.054589,172.253.118.0-255,2902,313977,82,356419
10313,0.054594,172.31.47.0-255,66,314043,82,356419
10314,0.05463,172.253.118.0-255,2902,316945,82,356419
10315,0.054633,172.31.47.0-255,66,317011,82,356419
10316,0.056548,172.253.118.0-255,2902,319913,82,356419
10317,0.056554,172.31.47.0-255,66,319979,82,356419
10318,0.056585,172.253.118.0-255,2902,322881,82,356419
10319,0.056588,172.31.47.0-255,66,322947,82,356419
10320,0.058542,172.253.118.0-255,5738,328685,82,356419
10321,0.058547,172.31.47.0-255,66,328751,82,356419
10322,0.060494,172.253.118.0-255,5738,334489,82,356419
10323,0.060499,172.31.47.0-255,66,334555,82,356419
10324,0.062428,172.253.118.0-255,4320,338875,82,356419
10325,0.062432,172.31.47.0-255,66,338941,82,356419
10326,0.062456,172.253.118.0-255,1484,340425,82,356419
10327,0.064365,172.253.118.0-255,4320,344745,82,356419
10328,0.06437,172.31.47.0-255,66,344811,82,356419
10329,0.066318,172.253.118.0-255,5738,350549,82,356419
10330,0.066324,172.31.47.0-255,66,350615,82,356419
10331,0.068295,172.253.118.0-255,5738,356353,82,356419
10332,0.0683,172.31.47.0-255,66,356419,82,356419
10333,0.0,172.217.194.0-255,153,153,82,385618
10334,3.1e-05,172.31.47.0-255,66,219,82,385618
10335,3.8e-05,172.217.194.0-255,1484,1703,82,385618
10336,4.3e-05,172.31.47.0-255,66,1769,82,385618
10337,4.8e-05,172.217.194.0-255,2902,4671,82,385618
10338,5.1e-05,172.31.47.0-255,66,4737,82,385618
10339,5.8e-05,172.217.194.0-255,7156,11893,82,385618
10340,6.1e-05,172.31.47.0-255,66,11959,82,385618
10341,6.5e-05,172.217.194.0-255,2206,14165,82,385618
10342,6.8e-05,172.31.47.0-255,66,14231,82,385618
10343,0.000145,172.217.194.0-255,1484,15715,82,385618
10344,0.000148,172.31.47.0-255,66,15781,82,385618
10345,0.000153,172.217.194.0-255,2902,18683,82,385618
10346,0.000156,172.31.47.0-255,66,18749,82,385618
10347,0.000188,172.217.194.0-255,5738,24487,82,385618
10348,0.000191,172.31.47.0-255,66,24553,82,385618
10349,0.000217,172.217.194.0-255,1484,26037,82,385618
10350,0.00022,172.31.47.0-255,66,26103,82,385618
10351,0.00024,172.217.194.0-255,5379,31482,82,385618
10352,0.000243,172.31.47.0-255,66,31548,82,385618
10353,0.000275,172.217.194.0-255,7156,38704,82,385618
10354,0.000278,172.31.47.0-255,66,38770,82,385618
10355,0.000281,172.217.194.0-255,1484,40254,82,385618
10356,0.000283,172.31.47.0-255,66,40320,82,385618
10357,0.000308,172.217.194.0-255,7156,47476,82,385618
10358,0.000312,172.31.47.0-255,66,47542,82,385618
10359,0.000315,172.217.194.0-255,1125,48667,82,385618
10360,0.000316,172.31.47.0-255,66,48733,82,385618
10361,0.001223,172.217.194.0-255,1484,50217,82,385618
10362,0.001228,172.31.47.0-255,66,50283,82,385618
10363,0.001235,172.217.194.0-255,1484,51767,82,385618
10364,0.001237,172.31.47.0-255,66,51833,82,385618
10365,0.001251,172.217.194.0-255,1484,53317,82,385618
10366,0.001256,172.217.194.0-255,4320,57637,82,385618
10367,0.001258,172.31.47.0-255,66,57703,82,385618
10368,0.001277,172.217.194.0-255,1484,59187,82,385618
10369,0.001294,172.217.194.0-255,2902,62089,82,385618
10370,0.001296,172.31.47.0-255,66,62155,82,385618
10371,0.001316,172.217.194.0-255,3961,66116,82,385618
10372,0.001318,172.31.47.0-255,66,66182,82,385618
10373,0.001353,172.217.194.0-255,1484,67666,82,385618
10374,0.00137,172.217.194.0-255,2902,70568,82,385618
10375,0.001372,172.31.47.0-255,66,70634,82,385618
10376,0.001377,172.217.194.0-255,5738,76372,82,385618
10377,0.001379,172.31.47.0-255,66,76438,82,385618
10378,0.001389,172.217.194.0-255,1484,77922,82,385618
10379,0.001412,172.217.194.0-255,5958,83880,82,385618
10380,0.001414,172.31.47.0-255,66,83946,82,385618
10381,0.001469,172.217.194.0-255,1484,85430,82,385618
10382,0.001472,172.217.194.0-255,1484,86914,82,385618
10383,0.001474,172.31.47.0-255,66,86980,82,385618
10384,0.00149,172.217.194.0-255,1484,88464,82,385618
10385,0.001496,172.217.194.0-255,5738,94202,82,385618
10386,0.001497,172.31.47.0-255,66,94268,82,385618
10387,0.001531,172.217.194.0-255,1484,95752,82,385618
10388,0.001545,172.217.194.0-255,5379,101131,82,385618
10389,0.001548,172.31.47.0-255,66,101197,82,385618
10390,0.002244,172.217.194.0-255,1484,102681,82,385618
10391,0.002268,172.217.194.0-255,2902,105583,82,385618
10392,0.002272,172.31.47.0-255,66,105649,82,385618
10393,0.002295,172.217.194.0-255,5738,111387,82,385618
10394,0.002298,172.31.47.0-255,66,111453,82,385618
10395,0.002302,172.217.194.0-255,2902,114355,82,385618
10396,0.002303,172.31.47.0-255,66,114421,82,385618
10397,0.002339,172.217.194.0-255,9992,124413,82,385618
10398,0.002342,172.31.47.0-255,66,124479,82,385618
10399,0.002345,172.217.194.0-255,1484,125963,82,385618
10400,0.002365,172.217.194.0-255,7156,133119,82,385618
10401,0.002368,172.31.47.0-255,66,133185,82,385618
10402,0.002401,172.217.194.0-255,2184,135369,82,385618
10403,0.002404,172.31.47.0-255,66,135435,82,385618
10404,0.003824,172.217.194.0-255,1484,136919,82,385618
10405,0.00383,172.217.194.0-255,2902,139821,82,385618
10406,0.003833,172.31.47.0-255,66,139887,82,385618
10407,0.003839,172.217.194.0-255,5738,145625,82,385618
10408,0.00384,172.31.47.0-255,66,145691,82,385618
10409,0.003865,172.217.194.0-255,7156,152847,82,385618
10410,0.003867,172.31.47.0-255,66,152913,82,385618
10411,0.003879,172.217.194.0-255,5738,158651,82,385618
10412,0.003881,172.31.47.0-255,66,158717,82,385618
10413,0.003887,172.217.194.0-255,7156,165873,82,385618
10414,0.003888,172.31.47.0-255,66,165939,82,385618
10415,0.003903,172.217.194.0-255,2902,168841,82,385618
10416,0.003905,172.31.47.0-255,66,168907,82,385618
10417,0.003908,172.217.194.0-255,766,169673,82,385618
10418,0.004096,172.31.47.0-255,66,169739,82,385618
10419,0.004131,172.217.194.0-255,1484,171223,82,385618
10420,0.004135,172.217.194.0-255,2902,174125,82,385618
10421,0.004137,172.31.47.0-255,66,174191,82,385618
10422,0.004142,172.217.194.0-255,4320,178511,82,385618
10423,0.004143,172.31.47.0-255,66,178577,82,385618
10424,0.004154,172.217.194.0-255,1484,180061,82,385618
10425,0.004158,172.217.194.0-255,2902,182963,82,385618
10426,0.004159,172.31.47.0-255,66,183029,82,385618
10427,0.004181,172.217.194.0-255,9992,193021,82,385618
10428,0.004183,172.31.47.0-255,66,193087,82,385618
10429,0.004188,172.217.194.0-255,7156,200243,82,385618
10430,0.00419,172.31.47.0-255,66,200309,82,385618
10431,0.004216,172.217.194.0-255,2902,203211,82,385618
10432,0.004218,172.31.47.0-255,66,203277,82,385618
10433,0.00422,172.217.194.0-255,766,204043,82,385618
10434,0.004222,172.217.194.0-255,1484,205527,82,385618
10435,0.004223,172.31.47.0-255,66,205593,82,385618
10436,0.004228,172.217.194.0-255,4320,209913,82,385618
10437,0.004229,172.31.47.0-255,66,209979,82,385618
10438,0.004234,172.217.194.0-255,5738,215717,82,385618
10439,0.004236,172.31.47.0-255,66,215783,82,385618
10440,0.004251,172.217.194.0-255,4320,220103,82,385618
10441,0.004252,172.31.47.0-255,66,220169,82,385618
10442,0.004257,172.217.194.0-255,5738,225907,82,385618
10443,0.004259,172.31.47.0-255,66,225973,82,385618
10444,0.004279,172.217.194.0-255,5738,231711,82,385618
10445,0.004282,172.31.47.0-255,66,231777,82,385618
10446,0.004286,172.217.194.0-255,4320,236097,82,385618
10447,0.004287,172.31.47.0-255,66,236163,82,385618
10448,0.00429,172.217.194.0-255,2184,238347,82,385618
10449,0.004292,172.31.47.0-255,66,238413,82,385618
10450,0.004294,172.217.194.0-255,1484,239897,82,385618
10451,0.004306,172.217.194.0-255,1484,241381,82,385618
10452,0.004308,172.31.47.0-255,66,241447,82,385618
10453,0.004323,172.217.194.0-255,5738,247185,82,385618
10454,0.004325,172.31.47.0-255,66,247251,82,385618
10455,0.004334,172.217.194.0-255,1484,248735,82,385618
10456,0.004337,172.217.194.0-255,1484,250219,82,385618
10457,0.004338,172.31.47.0-255,66,250285,82,385618
10458,0.004357,172.217.194.0-255,5738,256023,82,385618
10459,0.004359,172.31.47.0-255,66,256089,82,385618
10460,0.004383,172.217.194.0-255,4320,260409,82,385618
10461,0.004386,172.31.47.0-255,66,260475,82,385618
10462,0.004391,172.217.194.0-255,4320,264795,82,385618
10463,0.004392,172.31.47.0-255,66,264861,82,385618
10464,0.004408,172.217.194.0-255,7856,272717,82,385618
10465,0.004411,172.31.47.0-255,66,272783,82,385618
10466,0.004426,172.217.194.0-255,1484,274267,82,385618
10467,0.004444,172.217.194.0-255,8574,282841,82,385618
10468,0.004447,172.31.47.0-255,66,282907,82,385618
10469,0.00447,172.217.194.0-255,2902,285809,82,385618
10470,0.004473,172.31.47.0-255,66,285875,82,385618
10471,0.00448,172.217.194.0-255,8574,294449,82,385618
10472,0.004482,172.31.47.0-255,66,294515,82,385618
10473,0.004532,172.31.47.0-255,66,294581,82,385618
10474,0.004535,172.217.194.0-255,1484,296065,82,385618
10475,0.004558,172.31.47.0-255,66,296131,82,385618
10476,0.004579,172.217.194.0-255,5738,301869,82,385618
10477,0.004582,172.31.47.0-255,66,301935,82,385618
10478,0.004604,172.217.194.0-255,5738,307673,82,385618
10479,0.004608,172.31.47.0-255,66,307739,82,385618
10480,0.004626,172.217.194.0-255,2902,310641,82,385618
10481,0.004629,172.31.47.0-255,66,310707,82,385618
10482,0.004635,172.217.194.0-255,6438,317145,82,385618
10483,0.004637,172.31.47.0-255,66,317211,82,385618
10484,0.004721,172.217.194.0-255,1484,318695,82,385618
10485,0.004726,172.217.194.0-255,2902,321597,82,385618
10486,0.004729,172.31.47.0-255,66,321663,82,385618
10487,0.004743,172.217.194.0-255,4320,325983,82,385618
10488,0.004745,172.31.47.0-255,66,326049,82,385618
10489,0.004762,172.217.194.0-255,1484,327533,82,385618
10490,0.004768,172.217.194.0-255,5738,333271,82,385618
10491,0.00477,172.31.47.0-255,66,333337,82,385618
10492,0.004773,172.217.194.0-255,1484,334821,82,385618
10493,0.004798,172.31.47.0-255,66,334887,82,385618
10494,0.004801,172.217.194.0-255,2902,337789,82,385618
10495,0.004803,172.31.47.0-255,66,337855,82,385618
10496,0.004825,172.217.194.0-255,2184,340039,82,385618
10497,0.004827,172.31.47.0-255,66,340105,82,385618
10498,0.004845,172.217.194.0-255,4320,344425,82,385618
10499,0.004847,172.31.47.0-255,66,344491,82,385618
10500,0.004866,172.217.194.0-255,1484,345975,82,385618
10501,0.004874,172.217.194.0-255,9992,355967,82,385618
10502,0.004876,172.31.47.0-255,66,356033,82,385618
10503,0.004878,172.217.194.0-255,1484,357517,82,385618
10504,0.004893,172.217.194.0-255,7156,364673,82,385618
10505,0.004895,172.31.47.0-255,66,364739,82,385618
10506,0.004916,172.217.194.0-255,8574,373313,82,385618
10507,0.004918,172.31.47.0-255,66,373379,82,385618
10508,0.004921,172.217.194.0-255,766,374145,82,385618
10509,0.004954,172.217.194.0-255,4872,379017,82,385618
10510,0.004957,172.31.47.0-255,66,379083,82,385618
10511,0.004969,172.217.194.0-255,105,379188,82,385618
10512,0.006237,172.31.47.0-255,66,379254,82,385618
10513,0.006274,172.31.47.0-255,105,379359,82,385618
10514,0.008186,172.217.194.0-255,66,379425,82,385618
10515,0.021931,172.31.47.0-255,172,379597,82,385618
10516,0.02196,172.31.47.0-255,1111,380708,82,385618
10517,0.022022,172.31.47.0-255,1514,382222,82,385618
10518,0.022024,172.31.47.0-255,1514,383736,82,385618
10519,0.022025,172.31.47.0-255,1514,385250,82,385618
10520,0.022026,172.31.47.0-255,104,385354,82,385618
10521,0.023447,104.244.42.0-255,66,385420,82,385618
10522,0.023518,104.244.42.0-255,66,385486,82,385618
10523,0.023585,104.244.42.0-255,66,385552,82,385618
10524,0.023587,104.244.42.0-255,66,385618,82,385618
10525,0.0,172.217.194.0-255,153,153,82,337389
10526,2.2e-05,172.31.47.0-255,66,219,82,337389
10527,2.8e-05,172.217.194.0-255,1484,1703,82,337389
10528,3.3e-05,172.31.47.0-255,66,1769,82,337389
10529,3.7e-05,172.217.194.0-255,2902,4671,82,337389
10530,4.7e-05,172.31.47.0-255,66,4737,82,337389
10531,5e-05,172.217.194.0-255,2902,7639,82,337389
10532,5.3e-05,172.31.47.0-255,66,7705,82,337389
10533,6.7e-05,172.217.194.0-255,4320,12025,82,337389
10534,7e-05,172.217.194.0-255,2211,14236,82,337389
10535,7.1e-05,172.31.47.0-255,66,14302,82,337389
10536,7.4e-05,172.31.47.0-255,66,14368,82,337389
10537,9.3e-05,172.217.194.0-255,1484,15852,82,337389
10538,9.5e-05,172.31.47.0-255,66,15918,82,337389
10539,0.000124,172.217.194.0-255,9992,25910,82,337389
10540,0.000127,172.31.47.0-255,66,25976,82,337389
10541,0.000133,172.217.194.0-255,5379,31355,82,337389
10542,0.000136,172.31.47.0-255,66,31421,82,337389
10543,0.000587,172.217.194.0-255,1484,32905,82,337389
10544,0.000593,172.31.47.0-255,66,32971,82,337389
10545,0.0006,172.217.194.0-255,2902,35873,82,337389
10546,0.000602,172.31.47.0-255,66,35939,82,337389
10547,0.000614,172.217.194.0-255,5738,41677,82,337389
10548,0.000617,172.31.47.0-255,66,41743,82,337389
10549,0.000656,172.217.194.0-255,9633,51376,82,337389
10550,0.00066,172.31.47.0-255,66,51442,82,337389
10551,0.000696,172.31.47.0-255,66,51508,82,337389
10552,0.000699,172.217.194.0-255,117,51625,82,337389
10553,0.000702,172.31.47.0-255,66,51691,82,337389
10554,0.00077,172.217.194.0-255,1484,53175,82,337389
10555,0.000774,172.31.47.0-255,66,53241,82,337389
10556,0.000802,172.217.194.0-255,2902,56143,82,337389
10557,0.000805,172.31.47.0-255,66,56209,82,337389
10558,0.000811,172.217.194.0-255,5738,61947,82,337389
10559,0.000813,172.31.47.0-255,66,62013,82,337389
10560,0.000824,172.217.194.0-255,1484,63497,82,337389
10561,0.000853,172.217.194.0-255,5115,68612,82,337389
10562,0.000856,172.31.47.0-255,66,68678,82,337389
10563,0.000892,172.217.194.0-255,1484,70162,82,337389
10564,0.000897,172.217.194.0-255,2902,73064,82,337389
10565,0.0009,172.31.47.0-255,66,73130,82,337389
10566,0.000935,172.217.194.0-255,5738,78868,82,337389
10567,0.000938,172.31.47.0-255,66,78934,82,337389
10568,0.000947,172.217.194.0-255,8574,87508,82,337389
10569,0.00095,172.31.47.0-255,66,87574,82,337389
10570,0.001008,172.217.194.0-255,9992,97566,82,337389
10571,0.001013,172.31.47.0-255,66,97632,82,337389
10572,0.00104,172.217.194.0-255,5020,102652,82,337389
10573,0.001043,172.31.47.0-255,66,102718,82,337389
10574,0.001439,172.217.194.0-255,1484,104202,82,337389
10575,0.001449,172.217.194.0-255,2902,107104,82,337389
10576,0.001453,172.31.47.0-255,66,107170,82,337389
10577,0.001462,172.217.194.0-255,4320,111490,82,337389
10578,0.001464,172.31.47.0-255,66,111556,82,337389
10579,0.001483,172.217.194.0-255,1484,113040,82,337389
10580,0.00149,172.217.194.0-255,5738,118778,82,337389
10581,0.001493,172.31.47.0-255,66,118844,82,337389
10582,0.001524,172.217.194.0-255,7156,126000,82,337389
10583,0.001527,172.31.47.0-255,66,126066,82,337389
10584,0.00153,172.217.194.0-255,1484,127550,82,337389
10585,0.00156,172.217.194.0-255,9274,136824,82,337389
10586,0.001564,172.31.47.0-255,66,136890,82,337389
10587,0.002149,172.217.194.0-255,1484,138374,82,337389
10588,0.002156,172.217.194.0-255,1484,139858,82,337389
10589,0.002159,172.31.47.0-255,66,139924,82,337389
10590,0.002186,172.217.194.0-255,1484,141408,82,337389
10591,0.002192,172.217.194.0-255,5738,147146,82,337389
10592,0.002195,172.31.47.0-255,66,147212,82,337389
10593,0.002203,172.217.194.0-255,8574,155786,82,337389
10594,0.002206,172.31.47.0-255,66,155852,82,337389
10595,0.002227,172.217.194.0-255,4320,160172,82,337389
10596,0.00223,172.31.47.0-255,66,160238,82,337389
10597,0.002238,172.217.194.0-255,8574,168812,82,337389
10598,0.00224,172.31.47.0-255,66,168878,82,337389
10599,0.002269,172.217.194.0-255,2184,171062,82,337389
10600,0.002272,172.31.47.0-255,66,171128,82,337389
10601,0.004572,172.217.194.0-255,2902,174030,82,337389
10602,0.004576,172.31.47.0-255,66,174096,82,337389
10603,0.004611,172.217.194.0-255,1484,175580,82,337389
10604,0.004626,172.217.194.0-255,1484,177064,82,337389
10605,0.00463,172.31.47.0-255,66,177130,82,337389
10606,0.006926,172.217.194.0-255,2902,180032,82,337389
10607,0.006931,172.31.47.0-255,66,180098,82,337389
10608,0.006961,172.217.194.0-255,2902,183000,82,337389
10609,0.006964,172.31.47.0-255,66,183066,82,337389
10610,0.009244,172.217.194.0-255,2902,185968,82,337389
10611,0.00925,172.31.47.0-255,66,186034,82,337389
10612,0.009282,172.217.194.0-255,2902,188936,82,337389
10613,0.009287,172.31.47.0-255,66,189002,82,337389
10614,0.011633,172.217.194.0-255,5738,194740,82,337389
10615,0.011639,172.31.47.0-255,66,194806,82,337389
10616,0.013982,172.217.194.0-255,5738,200544,82,337389
10617,0.01399,172.31.47.0-255,66,200610,82,337389
10618,0.016312,172.217.194.0-255,5738,206348,82,337389
10619,0.016318,172.31.47.0-255,66,206414,82,337389
10620,0.018655,172.217.194.0-255,5738,212152,82,337389
10621,0.018662,172.31.47.0-255,66,212218,82,337389
10622,0.019725,172.31.47.0-255,171,212389,82,337389
10623,0.019773,172.31.47.0-255,1135,213524,82,337389
10624,0.019838,172.31.47.0-255,1514,215038,82,337389
10625,0.01984,172.31.47.0-255,301,215339,82,337389
10626,0.02098,172.217.194.0-255,5738,221077,82,337389
10627,0.020985,172.31.47.0-255,66,221143,82,337389
10628,0.02125,104.244.42.0-255,66,221209,82,337389
10629,0.021337,104.244.42.0-255,66,221275,82,337389
10630,0.021387,104.244.42.0-255,66,221341,82,337389
10631,0.023276,172.217.194.0-255,1484,222825,82,337389
10632,0.023306,172.217.194.0-255,4320,227145,82,337389
10633,0.023311,172.31.47.0-255,66,227211,82,337389
10634,0.025651,172.217.194.0-255,5738,232949,82,337389
10635,0.025656,172.31.47.0-255,66,233015,82,337389
10636,0.027976,172.217.194.0-255,5738,238753,82,337389
10637,0.027981,172.31.47.0-255,66,238819,82,337389
10638,0.030317,172.217.194.0-255,5738,244557,82,337389
10639,0.030322,172.31.47.0-255,66,244623,82,337389
10640,0.032666,172.217.194.0-255,1484,246107,82,337389
10641,0.032696,172.217.194.0-255,4320,250427,82,337389
10642,0.0327,172.31.47.0-255,66,250493,82,337389
10643,0.035049,172.217.194.0-255,5738,256231,82,337389
10644,0.035054,172.31.47.0-255,66,256297,82,337389
10645,0.037391,172.217.194.0-255,4320,260617,82,337389
10646,0.037396,172.31.47.0-255,66,260683,82,337389
10647,0.037426,172.217.194.0-255,1484,262167,82,337389
10648,0.039721,172.217.194.0-255,4320,266487,82,337389
10649,0.039726,172.31.47.0-255,66,266553,82,337389
10650,0.042081,172.217.194.0-255,5738,272291,82,337389
10651,0.042086,172.31.47.0-255,66,272357,82,337389
10652,0.044419,172.217.194.0-255,5738,278095,82,337389
10653,0.044424,172.31.47.0-255,66,278161,82,337389
10654,0.046756,172.217.194.0-255,2902,281063,82,337389
10655,0.04676,172.31.47.0-255,66,281129,82,337389
10656,0.046788,172.217.194.0-255,2902,284031,82,337389
10657,0.046791,172.31.47.0-255,66,284097,82,337389
10658,0.049078,172.217.194.0-255,2902,286999,82,337389
10659,0.049082,172.31.47.0-255,66,287065,82,337389
10660,0.049118,172.217.194.0-255,2902,289967,82,337389
10661,0.049121,172.31.47.0-255,66,290033,82,337389
10662,0.051421,172.217.194.0-255,2902,292935,82,337389
10663,0.051426,172.31.47.0-255,66,293001,82,337389
10664,0.051459,172.217.194.0-255,2902,295903,82,337389
10665,0.051463,172.31.47.0-255,66,295969,82,337389
10666,0.053752,172.217.194.0-255,2902,298871,82,337389
10667,0.053758,172.31.47.0-255,66,298937,82,337389
10668,0.053798,172.217.194.0-255,2902,301839,82,337389
10669,0.053802,172.31.47.0-255,66,301905,82,337389
10670,0.056077,172.217.194.0-255,2902,304807,82,337389
10671,0.056083,172.31.47.0-255,66,304873,82,337389
10672,0.056146,172.217.194.0-255,2902,307775,82,337389
10673,0.056151,172.31.47.0-255,66,307841,82,337389
10674,0.058391,172.217.194.0-255,1484,309325,82,337389
10675,0.058474,172.217.194.0-255,4320,313645,82,337389
10676,0.058479,172.31.47.0-255,66,313711,82,337389
10677,0.060779,172.217.194.0-255,5738,319449,82,337389
10678,0.060784,172.31.47.0-255,66,319515,82,337389
10679,0.06312,172.217.194.0-255,2902,322417,82,337389
10680,0.063126,172.31.47.0-255,66,322483,82,337389
10681,0.063157,172.217.194.0-255,2902,325385,82,337389
10682,0.06316,172.31.47.0-255,66,325451,82,337389
10683,0.065443,172.217.194.0-255,2902,328353,82,337389
10684,0.065448,172.31.47.0-255,66,328419,82,337389
10685,0.065483,172.217.194.0-255,1484,329903,82,337389
10686,0.065501,172.217.194.0-255,1484,331387,82,337389
10687,0.065506,172.31.47.0-255,66,331453,82,337389
10688,0.067785,172.217.194.0-255,2902,334355,82,337389
10689,0.06779,172.31.47.0-255,66,334421,82,337389
10690,0.067818,172.217.194.0-255,2902,337323,82,337389
10691,0.067821,172.31.47.0-255,66,337389,82,337389
10692,0.0,172.217.194.0-255,153,153,82,304896
10693,3e-05,172.31.47.0-255,66,219,82,304896
10694,3.8e-05,172.217.194.0-255,1484,1703,82,304896
10695,4.2e-05,172.31.47.0-255,66,1769,82,304896
10696,4.7e-05,172.217.194.0-255,2902,4671,82,304896
10697,5.6e-05,172.31.47.0-255,66,4737,82,304896
10698,6.1e-05,172.217.194.0-255,2902,7639,82,304896
10699,6.4e-05,172.31.47.0-255,66,7705,82,304896
10700,0.000107,172.217.194.0-255,6356,14061,82,304896
10701,0.000111,172.31.47.0-255,66,14127,82,304896
10702,0.000431,172.217.194.0-255,1484,15611,82,304896
10703,0.000436,172.31.47.0-255,66,15677,82,304896
10704,0.000445,172.217.194.0-255,2902,18579,82,304896
10705,0.000447,172.31.47.0-255,66,18645,82,304896
10706,0.000459,172.217.194.0-255,5738,24383,82,304896
10707,0.000462,172.31.47.0-255,66,24449,82,304896
10708,0.000486,172.217.194.0-255,1484,25933,82,304896
10709,0.00049,172.31.47.0-255,66,25999,82,304896
10710,0.000504,172.217.194.0-255,5379,31378,82,304896
10711,0.000513,172.31.47.0-255,66,31444,82,304896
10712,0.000626,172.217.194.0-255,1484,32928,82,304896
10713,0.00063,172.31.47.0-255,66,32994,82,304896
10714,0.000636,172.217.194.0-255,2902,35896,82,304896
10715,0.000638,172.31.47.0-255,66,35962,82,304896
10716,0.000654,172.217.194.0-255,1484,37446,82,304896
10717,0.000656,172.31.47.0-255,66,37512,82,304896
10718,0.000682,172.217.194.0-255,4320,41832,82,304896
10719,0.000687,172.31.47.0-255,66,41898,82,304896
10720,0.000693,172.217.194.0-255,5738,47636,82,304896
10721,0.000696,172.31.47.0-255,66,47702,82,304896
10722,0.000736,172.217.194.0-255,8215,55917,82,304896
10723,0.00074,172.31.47.0-255,66,55983,82,304896
10724,0.000748,172.217.194.0-255,9633,65616,82,304896
10725,0.000751,172.31.47.0-255,66,65682,82,304896
10726,0.000788,172.217.194.0-255,378,66060,82,304896
10727,0.000834,172.217.194.0-255,365,66425,82,304896
10728,0.001049,172.217.194.0-255,1484,67909,82,304896
10729,0.001055,172.31.47.0-255,66,67975,82,304896
10730,0.00106,172.217.194.0-255,1484,69459,82,304896
10731,0.00108,172.217.194.0-255,1484,70943,82,304896
10732,0.001084,172.31.47.0-255,66,71009,82,304896
10733,0.00109,172.217.194.0-255,5738,76747,82,304896
10734,0.001092,172.31.47.0-255,66,76813,82,304896
10735,0.001126,172.217.194.0-255,7156,83969,82,304896
10736,0.00113,172.31.47.0-255,66,84035,82,304896
10737,0.00116,172.217.194.0-255,4320,88355,82,304896
10738,0.001163,172.31.47.0-255,66,88421,82,304896
10739,0.001211,172.217.194.0-255,4320,92741,82,304896
10740,0.001234,172.217.194.0-255,8574,101315,82,304896
10741,0.001258,172.217.194.0-255,1484,102799,82,304896
10742,0.001276,172.217.194.0-255,6438,109237,82,304896
10743,0.001328,172.217.194.0-255,1484,110721,82,304896
10744,0.001331,172.217.194.0-255,1484,112205,82,304896
10745,0.001342,172.217.194.0-255,1484,113689,82,304896
10746,0.001347,172.217.194.0-255,4320,118009,82,304896
10747,0.001366,172.217.194.0-255,1484,119493,82,304896
10748,0.001371,172.217.194.0-255,5738,125231,82,304896
10749,0.001386,172.217.194.0-255,1484,126715,82,304896
10750,0.001419,172.217.194.0-255,766,127481,82,304896
10751,0.001564,172.217.194.0-255,1484,128965,82,304896
10752,0.001567,172.217.194.0-255,1484,130449,82,304896
10753,0.001582,172.217.194.0-255,1484,131933,82,304896
10754,0.001585,172.217.194.0-255,1484,133417,82,304896
10755,0.001598,172.217.194.0-255,4320,137737,82,304896
10756,0.001622,172.217.194.0-255,7156,144893,82,304896
10757,0.001639,172.217.194.0-255,4320,149213,82,304896
10758,0.001661,172.217.194.0-255,766,149979,82,304896
10759,0.001926,172.31.47.0-255,66,150045,82,304896
10760,0.00209,172.217.194.0-255,1484,151529,82,304896
10761,0.002102,172.217.194.0-255,2902,154431,82,304896
10762,0.002116,172.31.47.0-255,66,154497,82,304896
10763,0.002116,172.217.194.0-255,1484,155981,82,304896
10764,0.002141,172.217.194.0-255,4320,160301,82,304896
10765,0.002144,172.217.194.0-255,1484,161785,82,304896
10766,0.002154,172.31.47.0-255,66,161851,82,304896
10767,0.002174,172.217.194.0-255,9992,171843,82,304896
10768,0.002182,172.31.47.0-255,66,171909,82,304896
10769,0.002194,172.31.47.0-255,66,171975,82,304896
10770,0.002225,172.217.194.0-255,1484,173459,82,304896
10771,0.002254,172.217.194.0-255,4320,177779,82,304896
10772,0.002264,172.31.47.0-255,66,177845,82,304896
10773,0.002285,172.217.194.0-255,5738,183583,82,304896
10774,0.002291,172.217.194.0-255,4320,187903,82,304896
10775,0.002296,172.31.47.0-255,66,187969,82,304896
10776,0.002337,172.31.47.0-255,66,188035,82,304896
10777,0.002351,172.31.47.0-255,66,188101,82,304896
10778,0.002364,172.217.194.0-255,3602,191703,82,304896
10779,0.002374,172.31.47.0-255,66,191769,82,304896
10780,0.002398,172.217.194.0-255,1484,193253,82,304896
10781,0.004666,172.217.194.0-255,4320,197573,82,304896
10782,0.004673,172.31.47.0-255,66,197639,82,304896
10783,0.006977,172.217.194.0-255,5738,203377,82,304896
10784,0.006987,172.31.47.0-255,66,203443,82,304896
10785,0.009273,172.217.194.0-255,5738,209181,82,304896
10786,0.009295,172.31.47.0-255,66,209247,82,304896
10787,0.011639,172.217.194.0-255,5738,214985,82,304896
10788,0.011649,172.31.47.0-255,66,215051,82,304896
10789,0.013936,172.217.194.0-255,5738,220789,82,304896
10790,0.013943,172.31.47.0-255,66,220855,82,304896
10791,0.01623,172.217.194.0-255,5738,226593,82,304896
10792,0.016238,172.31.47.0-255,66,226659,82,304896
10793,0.018557,172.217.194.0-255,5738,232397,82,304896
10794,0.018566,172.31.47.0-255,66,232463,82,304896
10795,0.020894,172.217.194.0-255,5738,238201,82,304896
10796,0.020902,172.31.47.0-255,66,238267,82,304896
10797,0.023246,172.217.194.0-255,5738,244005,82,304896
10798,0.023266,172.31.47.0-255,66,244071,82,304896
10799,0.025607,172.217.194.0-255,5738,249809,82,304896
10800,0.025624,172.31.47.0-255,66,249875,82,304896
10801,0.027919,172.217.194.0-255,5738,255613,82,304896
10802,0.027926,172.31.47.0-255,66,255679,82,304896
10803,0.030199,172.217.194.0-255,5738,261417,82,304896
10804,0.030206,172.31.47.0-255,66,261483,82,304896
10805,0.032539,172.217.194.0-255,5738,267221,82,304896
10806,0.032553,172.31.47.0-255,66,267287,82,304896
10807,0.03486,172.217.194.0-255,5738,273025,82,304896
10808,0.034879,172.31.47.0-255,66,273091,82,304896
10809,0.037208,172.217.194.0-255,5738,278829,82,304896
10810,0.037227,172.31.47.0-255,66,278895,82,304896
10811,0.039543,172.217.194.0-255,5738,284633,82,304896
10812,0.039555,172.31.47.0-255,66,284699,82,304896
10813,0.0412,172.31.47.0-255,172,284871,82,304896
10814,0.041244,172.31.47.0-255,1103,285974,82,304896
10815,0.041447,172.31.47.0-255,1514,287488,82,304896
10816,0.041449,172.31.47.0-255,1514,289002,82,304896
10817,0.04145,172.31.47.0-255,1156,290158,82,304896
10818,0.041913,172.217.194.0-255,5738,295896,82,304896
10819,0.041925,172.31.47.0-255,66,295962,82,304896
10820,0.042753,104.244.42.0-255,66,296028,82,304896
10821,0.042806,104.244.42.0-255,66,296094,82,304896
10822,0.043003,104.244.42.0-255,66,296160,82,304896
10823,0.043007,104.244.42.0-255,66,296226,82,304896
10824,0.044231,172.217.194.0-255,5738,301964,82,304896
10825,0.044243,172.31.47.0-255,66,302030,82,304896
10826,0.045597,104.244.42.0-255,108,302138,82,304896
10827,0.046558,172.217.194.0-255,2521,304659,82,304896
10828,0.046565,172.31.47.0-255,66,304725,82,304896
10829,0.048639,172.31.47.0-255,105,304830,82,304896
10830,0.050896,172.217.194.0-255,66,304896,82,304896
10831,0.0,172.217.24.0-255,146,146,82,359789
10832,2.6e-05,172.31.47.0-255,66,212,82,359789
10833,3.3e-05,172.217.24.0-255,1484,1696,82,359789
10834,3.7e-05,172.31.47.0-255,66,1762,82,359789
10835,4.1e-05,172.217.24.0-255,2902,4664,82,359789
10836,5e-05,172.31.47.0-255,66,4730,82,359789
10837,5.4e-05,172.217.24.0-255,2902,7632,82,359789
10838,5.6e-05,172.31.47.0-255,66,7698,82,359789
10839,8.9e-05,172.217.24.0-255,2902,10600,82,359789
10840,9.2e-05,172.31.47.0-255,66,10666,82,359789
10841,0.000104,172.217.24.0-255,3546,14212,82,359789
10842,0.00011,172.31.47.0-255,66,14278,82,359789
10843,0.000113,172.217.24.0-255,1484,15762,82,359789
10844,0.000115,172.31.47.0-255,66,15828,82,359789
10845,0.000143,172.217.24.0-255,5738,21566,82,359789
10846,0.000147,172.31.47.0-255,66,21632,82,359789
10847,0.000161,172.217.24.0-255,9633,31265,82,359789
10848,0.000164,172.31.47.0-255,66,31331,82,359789
10849,0.000208,172.217.24.0-255,1484,32815,82,359789
10850,0.00021,172.31.47.0-255,66,32881,82,359789
10851,0.000215,172.217.24.0-255,2902,35783,82,359789
10852,0.000216,172.31.47.0-255,66,35849,82,359789
10853,0.000226,172.217.24.0-255,5738,41587,82,359789
10854,0.000229,172.31.47.0-255,66,41653,82,359789
10855,0.000274,172.217.24.0-255,6797,48450,82,359789
10856,0.000278,172.31.47.0-255,66,48516,82,359789
10857,0.000353,172.217.24.0-255,1484,50000,82,359789
10858,0.000356,172.31.47.0-255,66,50066,82,359789
10859,0.000383,172.217.24.0-255,2902,52968,82,359789
10860,0.000394,172.31.47.0-255,66,53034,82,359789
10861,0.0004,172.217.24.0-255,5738,58772,82,359789
10862,0.000402,172.31.47.0-255,66,58838,82,359789
10863,0.000406,172.217.24.0-255,2902,61740,82,359789
10864,0.000412,172.31.47.0-255,66,61806,82,359789
10865,0.000436,172.217.24.0-255,3961,65767,82,359789
10866,0.000442,172.31.47.0-255,66,65833,82,359789
10867,0.000469,172.217.24.0-255,392,66225,82,359789
10868,0.000716,172.31.47.0-255,66,66291,82,359789
10869,0.000892,172.217.24.0-255,116,66407,82,359789
10870,0.001024,172.217.24.0-255,1484,67891,82,359789
10871,0.00103,172.31.47.0-255,66,67957,82,359789
10872,0.001037,172.217.24.0-255,2902,70859,82,359789
10873,0.001039,172.31.47.0-255,66,70925,82,359789
10874,0.001052,172.217.24.0-255,4320,75245,82,359789
10875,0.001054,172.31.47.0-255,66,75311,82,359789
10876,0.001085,172.217.24.0-255,9633,84944,82,359789
10877,0.001092,172.31.47.0-255,66,85010,82,359789
10878,0.001098,172.217.24.0-255,2902,87912,82,359789
10879,0.001099,172.31.47.0-255,66,87978,82,359789
10880,0.001132,172.217.24.0-255,9992,97970,82,359789
10881,0.001136,172.31.47.0-255,66,98036,82,359789
10882,0.001162,172.217.24.0-255,2543,100579,82,359789
10883,0.001165,172.31.47.0-255,66,100645,82,359789
10884,0.001332,172.217.24.0-255,1484,102129,82,359789
10885,0.001338,172.217.24.0-255,2902,105031,82,359789
10886,0.001341,172.31.47.0-255,66,105097,82,359789
10887,0.001347,172.217.24.0-255,2902,107999,82,359789
10888,0.001348,172.31.47.0-255,66,108065,82,359789
10889,0.001352,172.217.24.0-255,2902,110967,82,359789
10890,0.001354,172.31.47.0-255,66,111033,82,359789
10891,0.001382,172.217.24.0-255,1484,112517,82,359789
10892,0.001394,172.217.24.0-255,8574,121091,82,359789
10893,0.001397,172.31.47.0-255,66,121157,82,359789
10894,0.001399,172.217.24.0-255,1484,122641,82,359789
10895,0.00143,172.31.47.0-255,66,122707,82,359789
10896,0.001532,172.217.24.0-255,1484,124191,82,359789
10897,0.001551,172.217.24.0-255,2902,127093,82,359789
10898,0.001553,172.31.47.0-255,66,127159,82,359789
10899,0.001558,172.217.24.0-255,4320,131479,82,359789
10900,0.00156,172.31.47.0-255,66,131545,82,359789
10901,0.001563,172.217.24.0-255,1484,133029,82,359789
10902,0.001592,172.217.24.0-255,7156,140185,82,359789
10903,0.001595,172.31.47.0-255,66,140251,82,359789
10904,0.001611,172.217.24.0-255,7156,147407,82,359789
10905,0.001632,172.217.24.0-255,9274,156681,82,359789
10906,0.005131,172.31.47.0-255,66,156747,82,359789
10907,0.007033,172.217.24.0-255,5738,162485,82,359789
10908,0.007041,172.31.47.0-255,66,162551,82,359789
10909,0.00894,172.217.24.0-255,5738,168289,82,359789
10910,0.008947,172.31.47.0-255,66,168355,82,359789
10911,0.010851,172.217.24.0-255,5738,174093,82,359789
10912,0.010859,172.31.47.0-255,66,174159,82,359789
10913,0.012763,172.217.24.0-255,5738,179897,82,359789
10914,0.012772,172.31.47.0-255,66,179963,82,359789
10915,0.014673,172.217.24.0-255,5738,185701,82,359789
10916,0.014679,172.31.47.0-255,66,185767,82,359789
10917,0.016575,172.217.24.0-255,5738,191505,82,359789
10918,0.01658,172.31.47.0-255,66,191571,82,359789
10919,0.018475,172.217.24.0-255,5738,197309,82,359789
10920,0.018481,172.31.47.0-255,66,197375,82,359789
10921,0.020419,172.217.24.0-255,5738,203113,82,359789
10922,0.020425,172.31.47.0-255,66,203179,82,359789
10923,0.022338,172.217.24.0-255,5738,208917,82,359789
10924,0.022344,172.31.47.0-255,66,208983,82,359789
10925,0.022367,172.31.47.0-255,172,209155,82,359789
10926,0.022387,172.31.47.0-255,1111,210266,82,359789
10927,0.022475,172.31.47.0-255,1514,211780,82,359789
10928,0.022477,172.31.47.0-255,1514,213294,82,359789
10929,0.02248,172.31.47.0-255,1514,214808,82,359789
10930,0.022481,172.31.47.0-255,1067,215875,82,359789
10931,0.023922,104.244.42.0-255,66,215941,82,359789
10932,0.02393,104.244.42.0-255,66,216007,82,359789
10933,0.024065,104.244.42.0-255,66,216073,82,359789
10934,0.024069,104.244.42.0-255,66,216139,82,359789
10935,0.024234,172.217.24.0-255,5738,221877,82,359789
10936,0.024238,172.31.47.0-255,66,221943,82,359789
10937,0.026137,172.217.24.0-255,4320,226263,82,359789
10938,0.026141,172.31.47.0-255,66,226329,82,359789
10939,0.026174,172.217.24.0-255,1484,227813,82,359789
10940,0.028036,172.217.24.0-255,4320,232133,82,359789
10941,0.028041,172.31.47.0-255,66,232199,82,359789
10942,0.029938,172.217.24.0-255,5738,237937,82,359789
10943,0.029942,172.31.47.0-255,66,238003,82,359789
10944,0.031843,172.217.24.0-255,5738,243741,82,359789
10945,0.031848,172.31.47.0-255,66,243807,82,359789
10946,0.033734,172.217.24.0-255,4320,248127,82,359789
10947,0.033738,172.31.47.0-255,66,248193,82,359789
10948,0.033766,172.217.24.0-255,1484,249677,82,359789
10949,0.035631,172.217.24.0-255,4320,253997,82,359789
10950,0.035636,172.31.47.0-255,66,254063,82,359789
10951,0.037527,172.217.24.0-255,5738,259801,82,359789
10952,0.037531,172.31.47.0-255,66,259867,82,359789
10953,0.039431,172.217.24.0-255,5738,265605,82,359789
10954,0.039435,172.31.47.0-255,66,265671,82,359789
10955,0.041334,172.217.24.0-255,2902,268573,82,359789
10956,0.04134,172.31.47.0-255,66,268639,82,359789
10957,0.041377,172.217.24.0-255,2902,271541,82,359789
10958,0.041381,172.31.47.0-255,66,271607,82,359789
10959,0.043245,172.217.24.0-255,2902,274509,82,359789
10960,0.043249,172.31.47.0-255,66,274575,82,359789
10961,0.043282,172.217.24.0-255,2902,277477,82,359789
10962,0.043285,172.31.47.0-255,66,277543,82,359789
10963,0.045137,172.217.24.0-255,2902,280445,82,359789
10964,0.045143,172.31.47.0-255,66,280511,82,359789
10965,0.045192,172.217.24.0-255,2902,283413,82,359789
10966,0.045195,172.31.47.0-255,66,283479,82,359789
10967,0.047025,172.217.24.0-255,2902,286381,82,359789
10968,0.04703,172.31.47.0-255,66,286447,82,359789
10969,0.047086,172.217.24.0-255,2902,289349,82,359789
10970,0.04709,172.31.47.0-255,66,289415,82,359789
10971,0.048917,172.217.24.0-255,2902,292317,82,359789
10972,0.048921,172.31.47.0-255,66,292383,82,359789
10973,0.048977,172.217.24.0-255,2902,295285,82,359789
10974,0.048981,172.31.47.0-255,66,295351,82,359789
10975,0.050807,172.217.24.0-255,2902,298253,82,359789
10976,0.050812,172.31.47.0-255,66,298319,82,359789
10977,0.050867,172.217.24.0-255,2902,301221,82,359789
10978,0.050871,172.31.47.0-255,66,301287,82,359789
10979,0.052709,172.217.24.0-255,2902,304189,82,359789
10980,0.052713,172.31.47.0-255,66,304255,82,359789
10981,0.052753,172.217.24.0-255,1484,305739,82,359789
10982,0.052767,172.217.24.0-255,1484,307223,82,359789
10983,0.052769,172.31.47.0-255,66,307289,82,359789
10984,0.054618,172.217.24.0-255,2902,310191,82,359789
10985,0.054624,172.31.47.0-255,66,310257,82,359789
10986,0.05465,172.217.24.0-255,2902,313159,82,359789
10987,0.054652,172.31.47.0-255,66,313225,82,359789
10988,0.056526,172.217.24.0-255,2902,316127,82,359789
10989,0.056531,172.31.47.0-255,66,316193,82,359789
10990,0.056561,172.217.24.0-255,2902,319095,82,359789
10991,0.056563,172.31.47.0-255,66,319161,82,359789
10992,0.05844,172.217.24.0-255,5738,324899,82,359789
10993,0.058447,172.31.47.0-255,66,324965,82,359789
10994,0.060363,172.217.24.0-255,5738,330703,82,359789
10995,0.060371,172.31.47.0-255,66,330769,82,359789
10996,0.062279,172.217.24.0-255,5738,336507,82,359789
10997,0.062288,172.31.47.0-255,66,336573,82,359789
10998,0.064197,172.217.24.0-255,5738,342311,82,359789
10999,0.064204,172.31.47.0-255,66,342377,82,359789
11000,0.066126,172.217.24.0-255,5738,348115,82,359789
11001,0.066132,172.31.47.0-255,66,348181,82,359789
11002,0.068029,172.217.24.0-255,5738,353919,82,359789
11003,0.068036,172.31.47.0-255,66,353985,82,359789
11004,0.069931,172.217.24.0-255,5738,359723,82,359789
11005,0.069936,172.31.47.0-255,66,359789,82,359789
11006,0.0,172.217.194.0-255,153,153,82,348584
11007,1.9e-05,172.31.47.0-255,66,219,82,348584
11008,2.4e-05,172.217.194.0-255,1484,1703,82,348584
11009,2.8e-05,172.31.47.0-255,66,1769,82,348584
11010,5.4e-05,172.217.194.0-255,2902,4671,82,348584
11011,5.7e-05,172.31.47.0-255,66,4737,82,348584
11012,6.2e-05,172.217.194.0-255,5738,10475,82,348584
11013,6.4e-05,172.31.47.0-255,66,10541,82,348584
11014,0.0001,172.217.194.0-255,10508,21049,82,348584
11015,0.000103,172.31.47.0-255,66,21115,82,348584
11016,0.000123,172.217.194.0-255,1484,22599,82,348584
11017,0.000125,172.31.47.0-255,66,22665,82,348584
11018,0.000149,172.217.194.0-255,7156,29821,82,348584
11019,0.000152,172.31.47.0-255,66,29887,82,348584
11020,0.000154,172.217.194.0-255,1125,31012,82,348584
11021,0.000156,172.31.47.0-255,66,31078,82,348584
11022,0.00022,172.217.194.0-255,1484,32562,82,348584
11023,0.000222,172.31.47.0-255,66,32628,82,348584
11024,0.000247,172.217.194.0-255,2902,35530,82,348584
11025,0.000249,172.31.47.0-255,66,35596,82,348584
11026,0.000254,172.217.194.0-255,5738,41334,82,348584
11027,0.000256,172.31.47.0-255,66,41400,82,348584
11028,0.000258,172.217.194.0-255,1484,42884,82,348584
11029,0.000265,172.31.47.0-255,66,42950,82,348584
11030,0.000292,172.217.194.0-255,2902,45852,82,348584
11031,0.000295,172.31.47.0-255,66,45918,82,348584
11032,0.0003,172.217.194.0-255,7156,53074,82,348584
11033,0.000302,172.31.47.0-255,66,53140,82,348584
11034,0.000323,172.217.194.0-255,5379,58519,82,348584
11035,0.00033,172.31.47.0-255,66,58585,82,348584
11036,0.000334,172.217.194.0-255,5738,64323,82,348584
11037,0.000336,172.31.47.0-255,66,64389,82,348584
11038,0.000358,172.217.194.0-255,1747,66136,82,348584
11039,0.00036,172.31.47.0-255,66,66202,82,348584
11040,0.000456,172.217.194.0-255,1484,67686,82,348584
11041,0.000468,172.217.194.0-255,2902,70588,82,348584
11042,0.000471,172.31.47.0-255,66,70654,82,348584
11043,0.000507,172.217.194.0-255,5738,76392,82,348584
11044,0.00051,172.31.47.0-255,66,76458,82,348584
11045,0.000533,172.217.194.0-255,2902,79360,82,348584
11046,0.000536,172.31.47.0-255,66,79426,82,348584
11047,0.000571,172.217.194.0-255,5379,84805,82,348584
11048,0.000574,172.31.47.0-255,66,84871,82,348584
11049,0.000581,172.217.194.0-255,5738,90609,82,348584
11050,0.000583,172.31.47.0-255,66,90675,82,348584
11051,0.000621,172.217.194.0-255,7156,97831,82,348584
11052,0.000624,172.31.47.0-255,66,97897,82,348584
11053,0.000651,172.217.194.0-255,2543,100440,82,348584
11054,0.000655,172.31.47.0-255,66,100506,82,348584
11055,0.001318,172.217.194.0-255,1484,101990,82,348584
11056,0.001328,172.217.194.0-255,2902,104892,82,348584
11057,0.001332,172.31.47.0-255,66,104958,82,348584
11058,0.001338,172.217.194.0-255,5738,110696,82,348584
11059,0.00134,172.31.47.0-255,66,110762,82,348584
11060,0.001372,172.31.47.0-255,66,110828,82,348584
11061,0.001375,172.217.194.0-255,1484,112312,82,348584
11062,0.001392,172.217.194.0-255,5738,118050,82,348584
11063,0.001394,172.31.47.0-255,66,118116,82,348584
11064,0.001427,172.217.194.0-255,3602,121718,82,348584
11065,0.00143,172.31.47.0-255,66,121784,82,348584
11066,0.001433,172.217.194.0-255,1484,123268,82,348584
11067,0.001456,172.217.194.0-255,2902,126170,82,348584
11068,0.001459,172.31.47.0-255,66,126236,82,348584
11069,0.001466,172.217.194.0-255,8574,134810,82,348584
11070,0.001468,172.31.47.0-255,66,134876,82,348584
11071,0.001484,172.217.194.0-255,1484,136360,82,348584
11072,0.001492,172.217.194.0-255,4320,140680,82,348584
11073,0.001493,172.31.47.0-255,66,140746,82,348584
11074,0.00152,172.217.194.0-255,7156,147902,82,348584
11075,0.001522,172.31.47.0-255,66,147968,82,348584
11076,0.001527,172.217.194.0-255,4320,152288,82,348584
11077,0.001528,172.31.47.0-255,66,152354,82,348584
11078,0.001548,172.217.194.0-255,3602,155956,82,348584
11079,0.00155,172.31.47.0-255,66,156022,82,348584
11080,0.001851,172.217.194.0-255,1484,157506,82,348584
11081,0.00187,172.217.194.0-255,2902,160408,82,348584
11082,0.001873,172.31.47.0-255,66,160474,82,348584
11083,0.001878,172.217.194.0-255,4320,164794,82,348584
11084,0.00188,172.31.47.0-255,66,164860,82,348584
11085,0.001889,172.217.194.0-255,5738,170598,82,348584
11086,0.001891,172.31.47.0-255,66,170664,82,348584
11087,0.001926,172.31.47.0-255,66,170730,82,348584
11088,0.001958,172.217.194.0-255,7856,178586,82,348584
11089,0.00196,172.31.47.0-255,66,178652,82,348584
11090,0.002295,172.217.194.0-255,1484,180136,82,348584
11091,0.002313,172.217.194.0-255,2902,183038,82,348584
11092,0.002316,172.31.47.0-255,66,183104,82,348584
11093,0.002348,172.217.194.0-255,4320,187424,82,348584
11094,0.00235,172.31.47.0-255,66,187490,82,348584
11095,0.002373,172.217.194.0-255,1484,188974,82,348584
11096,0.002375,172.217.194.0-255,1484,190458,82,348584
11097,0.002377,172.31.47.0-255,66,190524,82,348584
11098,0.002392,172.31.47.0-255,66,190590,82,348584
11099,0.002398,172.217.194.0-255,6438,197028,82,348584
11100,0.002399,172.31.47.0-255,66,197094,82,348584
11101,0.002431,172.217.194.0-255,1484,198578,82,348584
11102,0.002445,172.217.194.0-255,4320,202898,82,348584
11103,0.002447,172.31.47.0-255,66,202964,82,348584
11104,0.002476,172.217.194.0-255,7156,210120,82,348584
11105,0.002479,172.217.194.0-255,2902,213022,82,348584
11106,0.00249,172.31.47.0-255,66,213088,82,348584
11107,0.002493,172.31.47.0-255,66,213154,82,348584
11108,0.002517,172.217.194.0-255,7156,220310,82,348584
11109,0.002519,172.31.47.0-255,66,220376,82,348584
11110,0.002555,172.217.194.0-255,10692,231068,82,348584
11111,0.002559,172.31.47.0-255,66,231134,82,348584
11112,0.002563,172.217.194.0-255,2902,234036,82,348584
11113,0.002564,172.31.47.0-255,66,234102,82,348584
11114,0.00257,172.217.194.0-255,7156,241258,82,348584
11115,0.002572,172.31.47.0-255,66,241324,82,348584
11116,0.002583,172.217.194.0-255,9992,251316,82,348584
11117,0.002585,172.31.47.0-255,66,251382,82,348584
11118,0.002589,172.217.194.0-255,4320,255702,82,348584
11119,0.002591,172.31.47.0-255,66,255768,82,348584
11120,0.002616,172.217.194.0-255,4320,260088,82,348584
11121,0.002618,172.31.47.0-255,66,260154,82,348584
11122,0.002626,172.217.194.0-255,5020,265174,82,348584
11123,0.002628,172.31.47.0-255,66,265240,82,348584
11124,0.002633,172.217.194.0-255,5738,270978,82,348584
11125,0.002635,172.31.47.0-255,66,271044,82,348584
11126,0.002637,172.217.194.0-255,1484,272528,82,348584
11127,0.002665,172.217.194.0-255,7156,279684,82,348584
11128,0.002668,172.31.47.0-255,66,279750,82,348584
11129,0.002675,172.217.194.0-255,8574,288324,82,348584
11130,0.002676,172.31.47.0-255,66,288390,82,348584
11131,0.002681,172.217.194.0-255,4320,292710,82,348584
11132,0.002682,172.31.47.0-255,66,292776,82,348584
11133,0.002708,172.217.194.0-255,1484,294260,82,348584
11134,0.002724,172.217.194.0-255,5020,299280,82,348584
11135,0.002727,172.31.47.0-255,66,299346,82,348584
11136,0.002754,172.217.194.0-255,7156,306502,82,348584
11137,0.002757,172.31.47.0-255,66,306568,82,348584
11138,0.002759,172.217.194.0-255,1484,308052,82,348584
11139,0.0028,172.31.47.0-255,66,308118,82,348584
11140,0.002802,172.217.194.0-255,1484,309602,82,348584
11141,0.002804,172.217.194.0-255,1484,311086,82,348584
11142,0.002806,172.31.47.0-255,66,311152,82,348584
11143,0.002813,172.217.194.0-255,7856,319008,82,348584
11144,0.002818,172.31.47.0-255,66,319074,82,348584
11145,0.002846,172.217.194.0-255,4320,323394,82,348584
11146,0.002849,172.31.47.0-255,66,323460,82,348584
11147,0.002869,172.217.194.0-255,4320,327780,82,348584
11148,0.002871,172.31.47.0-255,66,327846,82,348584
11149,0.002874,172.217.194.0-255,1484,329330,82,348584
11150,0.002883,172.31.47.0-255,66,329396,82,348584
11151,0.002916,172.217.194.0-255,5738,335134,82,348584
11152,0.002918,172.31.47.0-255,66,335200,82,348584
11153,0.002946,172.217.194.0-255,1484,336684,82,348584
11154,0.002952,172.217.194.0-255,5020,341704,82,348584
11155,0.002954,172.31.47.0-255,66,341770,82,348584
11156,0.002958,172.217.194.0-255,2123,343893,82,348584
11157,0.002959,172.31.47.0-255,66,343959,82,348584
11158,0.002984,172.217.194.0-255,105,344064,82,348584
11159,0.004109,172.31.47.0-255,66,344130,82,348584
11160,0.004139,172.31.47.0-255,105,344235,82,348584
11161,0.006423,172.217.194.0-255,66,344301,82,348584
11162,0.024597,172.31.47.0-255,172,344473,82,348584
11163,0.024643,172.31.47.0-255,1112,345585,82,348584
11164,0.024708,172.31.47.0-255,1514,347099,82,348584
11165,0.02471,172.31.47.0-255,1287,348386,82,348584
11166,0.026155,104.244.42.0-255,66,348452,82,348584
11167,0.026192,104.244.42.0-255,66,348518,82,348584
11168,0.026239,104.244.42.0-255,66,348584,82,348584
11169,0.0,172.31.47.0-255,105,105,82,276
11170,0.001761,157.240.7.0-255,105,210,82,276
11171,0.001776,172.31.47.0-255,66,276,82,276
11172,0.0,172.217.194.0-255,153,153,82,383142
11173,2.9e-05,172.31.47.0-255,66,219,82,383142
11174,3.5e-05,172.217.194.0-255,1484,1703,82,383142
11175,3.9e-05,172.31.47.0-255,66,1769,82,383142
11176,4.5e-05,172.217.194.0-255,2902,4671,82,383142
11177,4.8e-05,172.31.47.0-255,66,4737,82,383142
11178,5.6e-05,172.217.194.0-255,7156,11893,82,383142
11179,5.8e-05,172.31.47.0-255,66,11959,82,383142
11180,6.3e-05,172.217.194.0-255,2138,14097,82,383142
11181,6.6e-05,172.31.47.0-255,66,14163,82,383142
11182,0.000127,172.217.194.0-255,1484,15647,82,383142
11183,0.00013,172.31.47.0-255,66,15713,82,383142
11184,0.000135,172.217.194.0-255,2902,18615,82,383142
11185,0.000138,172.31.47.0-255,66,18681,82,383142
11186,0.000142,172.217.194.0-255,2902,21583,82,383142
11187,0.000144,172.31.47.0-255,66,21649,82,383142
11188,0.000163,172.217.194.0-255,2902,24551,82,383142
11189,0.000166,172.31.47.0-255,66,24617,82,383142
11190,0.000201,172.217.194.0-255,4320,28937,82,383142
11191,0.000204,172.31.47.0-255,66,29003,82,383142
11192,0.00023,172.217.194.0-255,6797,35800,82,383142
11193,0.000233,172.31.47.0-255,66,35866,82,383142
11194,0.000241,172.217.194.0-255,8574,44440,82,383142
11195,0.000243,172.31.47.0-255,66,44506,82,383142
11196,0.000281,172.217.194.0-255,3961,48467,82,383142
11197,0.000284,172.31.47.0-255,66,48533,82,383142
11198,0.00029,172.217.194.0-255,4320,52853,82,383142
11199,0.000292,172.31.47.0-255,66,52919,82,383142
11200,0.000301,172.217.194.0-255,9992,62911,82,383142
11201,0.000304,172.31.47.0-255,66,62977,82,383142
11202,0.000308,172.217.194.0-255,2543,65520,82,383142
11203,0.000311,172.31.47.0-255,66,65586,82,383142
11204,0.000342,172.217.194.0-255,677,66263,82,383142
11205,0.000478,172.217.194.0-255,1484,67747,82,383142
11206,0.000482,172.31.47.0-255,66,67813,82,383142
11207,0.000488,172.217.194.0-255,2902,70715,82,383142
11208,0.00049,172.31.47.0-255,66,70781,82,383142
11209,0.000493,172.217.194.0-255,1484,72265,82,383142
11210,0.000518,172.217.194.0-255,4320,76585,82,383142
11211,0.000521,172.31.47.0-255,66,76651,82,383142
11212,0.000526,172.217.194.0-255,4320,80971,82,383142
11213,0.000528,172.31.47.0-255,66,81037,82,383142
11214,0.00055,172.217.194.0-255,1484,82521,82,383142
11215,0.000567,172.217.194.0-255,3961,86482,82,383142
11216,0.00057,172.31.47.0-255,66,86548,82,383142
11217,0.000574,172.217.194.0-255,2902,89450,82,383142
11218,0.000576,172.31.47.0-255,66,89516,82,383142
11219,0.00059,172.217.194.0-255,4320,93836,82,383142
11220,0.000593,172.31.47.0-255,66,93902,82,383142
11221,0.000607,172.217.194.0-255,5738,99640,82,383142
11222,0.00061,172.31.47.0-255,66,99706,82,383142
11223,0.000613,172.217.194.0-255,1125,100831,82,383142
11224,0.00108,172.31.47.0-255,66,100897,82,383142
11225,0.001293,172.217.194.0-255,1484,102381,82,383142
11226,0.001304,172.217.194.0-255,2902,105283,82,383142
11227,0.001308,172.31.47.0-255,66,105349,82,383142
11228,0.001315,172.217.194.0-255,5738,111087,82,383142
11229,0.001317,172.31.47.0-255,66,111153,82,383142
11230,0.001344,172.217.194.0-255,7156,118309,82,383142
11231,0.001347,172.31.47.0-255,66,118375,82,383142
11232,0.001388,172.217.194.0-255,5738,124113,82,383142
11233,0.001391,172.31.47.0-255,66,124179,82,383142
11234,0.001401,172.217.194.0-255,10692,134871,82,383142
11235,0.001404,172.31.47.0-255,66,134937,82,383142
11236,0.001441,172.217.194.0-255,1484,136421,82,383142
11237,0.001446,172.217.194.0-255,2902,139323,82,383142
11238,0.001449,172.31.47.0-255,66,139389,82,383142
11239,0.001469,172.217.194.0-255,5738,145127,82,383142
11240,0.001471,172.31.47.0-255,66,145193,82,383142
11241,0.00149,172.217.194.0-255,5738,150931,82,383142
11242,0.001492,172.31.47.0-255,66,150997,82,383142
11243,0.001511,172.217.194.0-255,7156,158153,82,383142
11244,0.001513,172.31.47.0-255,66,158219,82,383142
11245,0.001518,172.217.194.0-255,2902,161121,82,383142
11246,0.001519,172.31.47.0-255,66,161187,82,383142
11247,0.001548,172.217.194.0-255,7856,169043,82,383142
11248,0.001551,172.31.47.0-255,66,169109,82,383142
11249,0.001786,172.217.194.0-255,1484,170593,82,383142
11250,0.001793,172.217.194.0-255,2902,173495,82,383142
11251,0.001797,172.31.47.0-255,66,173561,82,383142
11252,0.001818,172.217.194.0-255,5738,179299,82,383142
11253,0.001821,172.31.47.0-255,66,179365,82,383142
11254,0.001838,172.217.194.0-255,1484,180849,82,383142
11255,0.001869,172.217.194.0-255,8574,189423,82,383142
11256,0.001872,172.31.47.0-255,66,189489,82,383142
11257,0.001885,172.31.47.0-255,66,189555,82,383142
11258,0.002306,172.217.194.0-255,1484,191039,82,383142
11259,0.002309,172.217.194.0-255,1484,192523,82,383142
11260,0.002311,172.31.47.0-255,66,192589,82,383142
11261,0.002322,172.217.194.0-255,1484,194073,82,383142
11262,0.002328,172.217.194.0-255,5738,199811,82,383142
11263,0.00233,172.31.47.0-255,66,199877,82,383142
11264,0.002362,172.217.194.0-255,7156,207033,82,383142
11265,0.002364,172.31.47.0-255,66,207099,82,383142
11266,0.004698,172.217.194.0-255,5738,212837,82,383142
11267,0.004704,172.31.47.0-255,66,212903,82,383142
11268,0.00709,172.217.194.0-255,5738,218641,82,383142
11269,0.007095,172.31.47.0-255,66,218707,82,383142
11270,0.009403,172.217.194.0-255,5738,224445,82,383142
11271,0.009408,172.31.47.0-255,66,224511,82,383142
11272,0.011721,172.217.194.0-255,5738,230249,82,383142
11273,0.011729,172.31.47.0-255,66,230315,82,383142
11274,0.014051,172.217.194.0-255,5738,236053,82,383142
11275,0.014059,172.31.47.0-255,66,236119,82,383142
11276,0.016406,172.217.194.0-255,5738,241857,82,383142
11277,0.016414,172.31.47.0-255,66,241923,82,383142
11278,0.01875,172.217.194.0-255,5738,247661,82,383142
11279,0.018771,172.31.47.0-255,66,247727,82,383142
11280,0.021102,172.217.194.0-255,5738,253465,82,383142
11281,0.021118,172.31.47.0-255,66,253531,82,383142
11282,0.023482,172.217.194.0-255,5738,259269,82,383142
11283,0.023499,172.31.47.0-255,66,259335,82,383142
11284,0.025837,172.217.194.0-255,5738,265073,82,383142
11285,0.025849,172.31.47.0-255,66,265139,82,383142
11286,0.028149,172.217.194.0-255,5738,270877,82,383142
11287,0.028155,172.31.47.0-255,66,270943,82,383142
11288,0.03048,172.217.194.0-255,5738,276681,82,383142
11289,0.030486,172.31.47.0-255,66,276747,82,383142
11290,0.032811,172.217.194.0-255,5738,282485,82,383142
11291,0.032832,172.31.47.0-255,66,282551,82,383142
11292,0.035141,172.217.194.0-255,5738,288289,82,383142
11293,0.035149,172.31.47.0-255,66,288355,82,383142
11294,0.037469,172.217.194.0-255,5738,294093,82,383142
11295,0.037479,172.31.47.0-255,66,294159,82,383142
11296,0.039794,172.217.194.0-255,5738,299897,82,383142
11297,0.039812,172.31.47.0-255,66,299963,82,383142
11298,0.042173,172.217.194.0-255,5738,305701,82,383142
11299,0.042186,172.31.47.0-255,66,305767,82,383142
11300,0.044505,172.217.194.0-255,5738,311505,82,383142
11301,0.044526,172.31.47.0-255,66,311571,82,383142
11302,0.045312,172.31.47.0-255,171,311742,82,383142
11303,0.045344,172.31.47.0-255,1127,312869,82,383142
11304,0.045392,172.31.47.0-255,1514,314383,82,383142
11305,0.045394,172.31.47.0-255,1514,315897,82,383142
11306,0.045395,172.31.47.0-255,1514,317411,82,383142
11307,0.045396,172.31.47.0-255,1053,318464,82,383142
11308,0.046847,172.217.194.0-255,5738,324202,82,383142
11309,0.046852,172.31.47.0-255,66,324268,82,383142
11310,0.046898,104.244.42.0-255,66,324334,82,383142
11311,0.046934,104.244.42.0-255,66,324400,82,383142
11312,0.046986,104.244.42.0-255,66,324466,82,383142
11313,0.04699,104.244.42.0-255,66,324532,82,383142
11314,0.04775,104.244.42.0-255,108,324640,82,383142
11315,0.047754,172.31.47.0-255,66,324706,82,383142
11316,0.049163,172.217.194.0-255,2902,327608,82,383142
11317,0.049168,172.31.47.0-255,66,327674,82,383142
11318,0.049184,172.217.194.0-255,2902,330576,82,383142
11319,0.049187,172.31.47.0-255,66,330642,82,383142
11320,0.051469,172.217.194.0-255,5738,336380,82,383142
11321,0.051475,172.31.47.0-255,66,336446,82,383142
11322,0.05377,172.217.194.0-255,5738,342184,82,383142
11323,0.053775,172.31.47.0-255,66,342250,82,383142
11324,0.056066,172.217.194.0-255,5738,347988,82,383142
11325,0.056071,172.31.47.0-255,66,348054,82,383142
11326,0.058373,172.217.194.0-255,5738,353792,82,383142
11327,0.058378,172.31.47.0-255,66,353858,82,383142
11328,0.060704,172.217.194.0-255,5738,359596,82,383142
11329,0.06071,172.31.47.0-255,66,359662,82,383142
11330,0.063029,172.217.194.0-255,5738,365400,82,383142
11331,0.063033,172.31.47.0-255,66,365466,82,383142
11332,0.065312,172.217.194.0-255,5738,371204,82,383142
11333,0.065317,172.31.47.0-255,66,371270,82,383142
11334,0.067602,172.217.194.0-255,2902,374172,82,383142
11335,0.067608,172.31.47.0-255,66,374238,82,383142
11336,0.067638,172.217.194.0-255,2902,377140,82,383142
11337,0.067641,172.31.47.0-255,66,377206,82,383142
11338,0.069886,172.217.194.0-255,2902,380108,82,383142
11339,0.069891,172.31.47.0-255,66,380174,82,383142
11340,0.069935,172.217.194.0-255,2902,383076,82,383142
11341,0.069938,172.31.47.0-255,66,383142,82,383142
11342,0.0,172.31.47.0-255,105,105,82,105
11343,0.0,74.125.68.0-255,66,66,82,66
11344,0.0,74.125.24.0-255,153,153,82,362126
11345,2.7e-05,172.31.47.0-255,66,219,82,362126
11346,3.3e-05,74.125.24.0-255,1484,1703,82,362126
11347,3.8e-05,172.31.47.0-255,66,1769,82,362126
11348,4.3e-05,74.125.24.0-255,2902,4671,82,362126
11349,5.2e-05,172.31.47.0-255,66,4737,82,362126
11350,6e-05,74.125.24.0-255,7156,11893,82,362126
11351,6.2e-05,172.31.47.0-255,66,11959,82,362126
11352,9.9e-05,74.125.24.0-255,3500,15459,82,362126
11353,0.000102,172.31.47.0-255,66,15525,82,362126
11354,0.000107,74.125.24.0-255,4320,19845,82,362126
11355,0.00011,172.31.47.0-255,66,19911,82,362126
11356,0.000119,74.125.24.0-255,9992,29903,82,362126
11357,0.000121,172.31.47.0-255,66,29969,82,362126
11358,0.000128,74.125.24.0-255,7156,37125,82,362126
11359,0.000133,172.31.47.0-255,66,37191,82,362126
11360,0.000179,74.125.24.0-255,2902,40093,82,362126
11361,0.000183,172.31.47.0-255,66,40159,82,362126
11362,0.000213,74.125.24.0-255,7856,48015,82,362126
11363,0.000216,172.31.47.0-255,66,48081,82,362126
11364,0.000377,74.125.24.0-255,1484,49565,82,362126
11365,0.000382,172.31.47.0-255,66,49631,82,362126
11366,0.000389,74.125.24.0-255,2902,52533,82,362126
11367,0.000392,172.31.47.0-255,66,52599,82,362126
11368,0.000412,74.125.24.0-255,5738,58337,82,362126
11369,0.000419,172.31.47.0-255,66,58403,82,362126
11370,0.000423,74.125.24.0-255,1484,59887,82,362126
11371,0.000425,172.31.47.0-255,66,59953,82,362126
11372,0.000459,74.125.24.0-255,5649,65602,82,362126
11373,0.000463,172.31.47.0-255,66,65668,82,362126
11374,0.000466,74.125.24.0-255,130,65798,82,362126
11375,0.000468,172.31.47.0-255,66,65864,82,362126
11376,0.000569,74.125.24.0-255,1484,67348,82,362126
11377,0.000584,74.125.24.0-255,2902,70250,82,362126
11378,0.000587,172.31.47.0-255,66,70316,82,362126
11379,0.00059,74.125.24.0-255,1484,71800,82,362126
11380,0.00061,74.125.24.0-255,4320,76120,82,362126
11381,0.000613,172.31.47.0-255,66,76186,82,362126
11382,0.000649,172.31.47.0-255,66,76252,82,362126
11383,0.000651,74.125.24.0-255,5738,81990,82,362126
11384,0.000653,172.31.47.0-255,66,82056,82,362126
11385,0.000693,74.125.24.0-255,5020,87076,82,362126
11386,0.000702,172.31.47.0-255,66,87142,82,362126
11387,0.000886,74.125.24.0-255,1484,88626,82,362126
11388,0.000912,74.125.24.0-255,2902,91528,82,362126
11389,0.000915,172.31.47.0-255,66,91594,82,362126
11390,0.000921,74.125.24.0-255,4320,95914,82,362126
11391,0.000923,172.31.47.0-255,66,95980,82,362126
11392,0.000939,74.125.24.0-255,1484,97464,82,362126
11393,0.000943,74.125.24.0-255,2902,100366,82,362126
11394,0.000945,172.31.47.0-255,66,100432,82,362126
11395,0.00097,74.125.24.0-255,4320,104752,82,362126
11396,0.000972,172.31.47.0-255,66,104818,82,362126
11397,0.000975,74.125.24.0-255,1484,106302,82,362126
11398,0.001008,172.31.47.0-255,66,106368,82,362126
11399,0.001012,74.125.24.0-255,2184,108552,82,362126
11400,0.001045,74.125.24.0-255,1484,110036,82,362126
11401,0.00108,74.125.24.0-255,2902,112938,82,362126
11402,0.00111,74.125.24.0-255,766,113704,82,362126
11403,0.001192,74.125.24.0-255,351,114055,82,362126
11404,0.001222,74.125.24.0-255,1484,115539,82,362126
11405,0.001237,74.125.24.0-255,2902,118441,82,362126
11406,0.001247,74.125.24.0-255,1484,119925,82,362126
11407,0.001249,74.125.24.0-255,1484,121409,82,362126
11408,0.001258,74.125.24.0-255,1484,122893,82,362126
11409,0.001273,74.125.24.0-255,2902,125795,82,362126
11410,0.001293,74.125.24.0-255,5738,131533,82,362126
11411,0.001316,74.125.24.0-255,4320,135853,82,362126
11412,0.00134,74.125.24.0-255,8574,144427,82,362126
11413,0.001374,74.125.24.0-255,2902,147329,82,362126
11414,0.001388,74.125.24.0-255,766,148095,82,362126
11415,0.001463,74.125.24.0-255,1484,149579,82,362126
11416,0.001481,74.125.24.0-255,2902,152481,82,362126
11417,0.001489,74.125.24.0-255,5738,158219,82,362126
11418,0.001549,74.125.24.0-255,8574,166793,82,362126
11419,0.001563,74.125.24.0-255,4320,171113,82,362126
11420,0.001575,74.125.24.0-255,9992,181105,82,362126
11421,0.001577,74.125.24.0-255,766,181871,82,362126
11422,0.001622,74.125.24.0-255,1484,183355,82,362126
11423,0.001633,74.125.24.0-255,2902,186257,82,362126
11424,0.00165,74.125.24.0-255,4320,190577,82,362126
11425,0.00166,74.125.24.0-255,1484,192061,82,362126
11426,0.001664,74.125.24.0-255,2902,194963,82,362126
11427,0.001682,74.125.24.0-255,2902,197865,82,362126
11428,0.001703,74.125.24.0-255,4320,202185,82,362126
11429,0.001718,74.125.24.0-255,7156,209341,82,362126
11430,0.001738,74.125.24.0-255,1484,210825,82,362126
11431,0.001743,74.125.24.0-255,5020,215845,82,362126
11432,0.002248,74.125.24.0-255,1484,217329,82,362126
11433,0.002251,74.125.24.0-255,1484,218813,82,362126
11434,0.00226,74.125.24.0-255,1484,220297,82,362126
11435,0.002277,74.125.24.0-255,2902,223199,82,362126
11436,0.005207,172.31.47.0-255,66,223265,82,362126
11437,0.007492,74.125.24.0-255,5738,229003,82,362126
11438,0.007499,172.31.47.0-255,66,229069,82,362126
11439,0.009769,74.125.24.0-255,5738,234807,82,362126
11440,0.009774,172.31.47.0-255,66,234873,82,362126
11441,0.012042,74.125.24.0-255,5738,240611,82,362126
11442,0.01205,172.31.47.0-255,66,240677,82,362126
11443,0.0143,74.125.24.0-255,5738,246415,82,362126
11444,0.01431,172.31.47.0-255,66,246481,82,362126
11445,0.016559,74.125.24.0-255,5738,252219,82,362126
11446,0.016568,172.31.47.0-255,66,252285,82,362126
11447,0.01884,74.125.24.0-255,5738,258023,82,362126
11448,0.018846,172.31.47.0-255,66,258089,82,362126
11449,0.021075,74.125.24.0-255,5738,263827,82,362126
11450,0.021081,172.31.47.0-255,66,263893,82,362126
11451,0.023312,74.125.24.0-255,5738,269631,82,362126
11452,0.023318,172.31.47.0-255,66,269697,82,362126
11453,0.023397,172.31.47.0-255,171,269868,82,362126
11454,0.023417,172.31.47.0-255,1136,271004,82,362126
11455,0.023454,172.31.47.0-255,1514,272518,82,362126
11456,0.023472,172.31.47.0-255,1514,274032,82,362126
11457,0.023475,172.31.47.0-255,301,274333,82,362126
11458,0.024925,104.244.42.0-255,66,274399,82,362126
11459,0.024956,104.244.42.0-255,66,274465,82,362126
11460,0.025006,104.244.42.0-255,66,274531,82,362126
11461,0.025007,104.244.42.0-255,66,274597,82,362126
11462,0.025585,74.125.24.0-255,4320,278917,82,362126
11463,0.025589,172.31.47.0-255,66,278983,82,362126
11464,0.025618,74.125.24.0-255,1484,280467,82,362126
11465,0.027855,74.125.24.0-255,4320,284787,82,362126
11466,0.02786,172.31.47.0-255,66,284853,82,362126
11467,0.030119,74.125.24.0-255,5738,290591,82,362126
11468,0.030124,172.31.47.0-255,66,290657,82,362126
11469,0.032408,74.125.24.0-255,5738,296395,82,362126
11470,0.032414,172.31.47.0-255,66,296461,82,362126
11471,0.03465,74.125.24.0-255,5738,302199,82,362126
11472,0.034655,172.31.47.0-255,66,302265,82,362126
11473,0.036912,74.125.24.0-255,5738,308003,82,362126
11474,0.036919,172.31.47.0-255,66,308069,82,362126
11475,0.039189,74.125.24.0-255,5738,313807,82,362126
11476,0.039194,172.31.47.0-255,66,313873,82,362126
11477,0.041441,74.125.24.0-255,5738,319611,82,362126
11478,0.041446,172.31.47.0-255,66,319677,82,362126
11479,0.043701,74.125.24.0-255,4320,323997,82,362126
11480,0.043706,172.31.47.0-255,66,324063,82,362126
11481,0.043737,74.125.24.0-255,1484,325547,82,362126
11482,0.045964,74.125.24.0-255,4320,329867,82,362126
11483,0.04597,172.31.47.0-255,66,329933,82,362126
11484,0.048223,74.125.24.0-255,5738,335671,82,362126
11485,0.048229,172.31.47.0-255,66,335737,82,362126
11486,0.050488,74.125.24.0-255,5738,341475,82,362126
11487,0.050492,172.31.47.0-255,66,341541,82,362126
11488,0.052765,74.125.24.0-255,5738,347279,82,362126
11489,0.05277,172.31.47.0-255,66,347345,82,362126
11490,0.055033,74.125.24.0-255,5738,353083,82,362126
11491,0.055037,172.31.47.0-255,66,353149,82,362126
11492,0.057303,74.125.24.0-255,5738,358887,82,362126
11493,0.057308,172.31.47.0-255,66,358953,82,362126
11494,0.059553,74.125.24.0-255,2936,361889,82,362126
11495,0.059557,172.31.47.0-255,66,361955,82,362126
11496,0.059703,172.31.47.0-255,105,362060,82,362126
11497,0.061903,74.125.24.0-255,66,362126,82,362126
11498,0.0,172.31.47.0-255,105,105,82,105
11499,0.0,172.31.47.0-255,105,105,82,342
11500,0.001741,157.240.13.0-255,66,171,82,342
11501,0.001767,157.240.13.0-255,105,276,82,342
11502,0.001771,172.31.47.0-255,66,342,82,342
11503,0.0,172.217.194.0-255,298,298,82,295833
11504,2.2e-05,172.31.47.0-255,66,364,82,295833
11505,2.8e-05,172.217.194.0-255,1484,1848,82,295833
11506,3.2e-05,172.31.47.0-255,66,1914,82,295833
11507,3.8e-05,172.217.194.0-255,2902,4816,82,295833
11508,4.1e-05,172.31.47.0-255,66,4882,82,295833
11509,4.6e-05,172.217.194.0-255,4320,9202,82,295833
11510,4.8e-05,172.31.47.0-255,66,9268,82,295833
11511,7.4e-05,172.217.194.0-255,1484,10752,82,295833
11512,7.6e-05,172.31.47.0-255,66,10818,82,295833
11513,7.9e-05,172.217.194.0-255,1484,12302,82,295833
11514,8.1e-05,172.31.47.0-255,66,12368,82,295833
11515,9.8e-05,172.217.194.0-255,1819,14187,82,295833
11516,0.000101,172.31.47.0-255,66,14253,82,295833
11517,0.000113,172.217.194.0-255,1484,15737,82,295833
11518,0.000115,172.31.47.0-255,66,15803,82,295833
11519,0.000133,172.217.194.0-255,2902,18705,82,295833
11520,0.000136,172.31.47.0-255,66,18771,82,295833
11521,0.000142,172.217.194.0-255,5738,24509,82,295833
11522,0.000144,172.31.47.0-255,66,24575,82,295833
11523,0.000203,172.217.194.0-255,6797,31372,82,295833
11524,0.000208,172.31.47.0-255,66,31438,82,295833
11525,0.000607,172.217.194.0-255,1484,32922,82,295833
11526,0.000612,172.31.47.0-255,66,32988,82,295833
11527,0.000618,172.217.194.0-255,2902,35890,82,295833
11528,0.00062,172.31.47.0-255,66,35956,82,295833
11529,0.000625,172.217.194.0-255,5738,41694,82,295833
11530,0.000627,172.31.47.0-255,66,41760,82,295833
11531,0.000658,172.217.194.0-255,9633,51393,82,295833
11532,0.000661,172.31.47.0-255,66,51459,82,295833
11533,0.000683,172.217.194.0-255,5738,57197,82,295833
11534,0.000686,172.31.47.0-255,66,57263,82,295833
11535,0.000701,172.217.194.0-255,4320,61583,82,295833
11536,0.000705,172.31.47.0-255,66,61649,82,295833
11537,0.000707,172.217.194.0-255,1484,63133,82,295833
11538,0.000755,172.217.194.0-255,2543,65676,82,295833
11539,0.000758,172.31.47.0-255,66,65742,82,295833
11540,0.001891,172.217.194.0-255,646,66388,82,295833
11541,0.001916,172.217.194.0-255,1484,67872,82,295833
11542,0.00192,172.31.47.0-255,66,67938,82,295833
11543,0.00194,172.217.194.0-255,2902,70840,82,295833
11544,0.001942,172.31.47.0-255,66,70906,82,295833
11545,0.001967,172.217.194.0-255,5738,76644,82,295833
11546,0.001991,172.31.47.0-255,66,76710,82,295833
11547,0.002016,172.31.47.0-255,66,76776,82,295833
11548,0.002027,172.217.194.0-255,2902,79678,82,295833
11549,0.00203,172.31.47.0-255,66,79744,82,295833
11550,0.002047,172.217.194.0-255,9274,89018,82,295833
11551,0.002049,172.31.47.0-255,66,89084,82,295833
11552,0.002153,172.217.194.0-255,1484,90568,82,295833
11553,0.002164,172.217.194.0-255,2902,93470,82,295833
11554,0.002167,172.31.47.0-255,66,93536,82,295833
11555,0.002187,172.217.194.0-255,4320,97856,82,295833
11556,0.00219,172.31.47.0-255,66,97922,82,295833
11557,0.002202,172.217.194.0-255,2902,100824,82,295833
11558,0.002203,172.31.47.0-255,66,100890,82,295833
11559,0.002217,172.217.194.0-255,5738,106628,82,295833
11560,0.002219,172.31.47.0-255,66,106694,82,295833
11561,0.002244,172.217.194.0-255,7156,113850,82,295833
11562,0.002248,172.31.47.0-255,66,113916,82,295833
11563,0.002254,172.217.194.0-255,1484,115400,82,295833
11564,0.002293,172.217.194.0-255,5738,121138,82,295833
11565,0.002296,172.31.47.0-255,66,121204,82,295833
11566,0.002312,172.217.194.0-255,2184,123388,82,295833
11567,0.002314,172.31.47.0-255,66,123454,82,295833
11568,0.004582,172.217.194.0-255,2902,126356,82,295833
11569,0.004589,172.31.47.0-255,66,126422,82,295833
11570,0.004608,172.217.194.0-255,1484,127906,82,295833
11571,0.00462,172.217.194.0-255,1484,129390,82,295833
11572,0.004623,172.31.47.0-255,66,129456,82,295833
11573,0.006904,172.217.194.0-255,5738,135194,82,295833
11574,0.006909,172.31.47.0-255,66,135260,82,295833
11575,0.009196,172.217.194.0-255,4320,139580,82,295833
11576,0.009202,172.31.47.0-255,66,139646,82,295833
11577,0.00922,172.217.194.0-255,1484,141130,82,295833
11578,0.011499,172.217.194.0-255,4320,145450,82,295833
11579,0.011505,172.31.47.0-255,66,145516,82,295833
11580,0.013783,172.217.194.0-255,5738,151254,82,295833
11581,0.013789,172.31.47.0-255,66,151320,82,295833
11582,0.016063,172.217.194.0-255,5738,157058,82,295833
11583,0.01607,172.31.47.0-255,66,157124,82,295833
11584,0.01838,172.217.194.0-255,5738,162862,82,295833
11585,0.018385,172.31.47.0-255,66,162928,82,295833
11586,0.020675,172.217.194.0-255,5738,168666,82,295833
11587,0.020681,172.31.47.0-255,66,168732,82,295833
11588,0.022289,172.31.47.0-255,172,168904,82,295833
11589,0.022334,172.31.47.0-255,1113,170017,82,295833
11590,0.022393,172.31.47.0-255,1514,171531,82,295833
11591,0.022395,172.31.47.0-255,1286,172817,82,295833
11592,0.022972,172.217.194.0-255,5738,178555,82,295833
11593,0.022977,172.31.47.0-255,66,178621,82,295833
11594,0.023848,104.244.42.0-255,66,178687,82,295833
11595,0.023905,104.244.42.0-255,66,178753,82,295833
11596,0.023942,104.244.42.0-255,66,178819,82,295833
11597,0.024757,104.244.42.0-255,108,178927,82,295833
11598,0.024762,172.31.47.0-255,66,178993,82,295833
11599,0.025256,172.217.194.0-255,2902,181895,82,295833
11600,0.02526,172.31.47.0-255,66,181961,82,295833
11601,0.02529,172.217.194.0-255,2902,184863,82,295833
11602,0.025293,172.31.47.0-255,66,184929,82,295833
11603,0.027519,172.217.194.0-255,2902,187831,82,295833
11604,0.027525,172.31.47.0-255,66,187897,82,295833
11605,0.02757,172.217.194.0-255,2902,190799,82,295833
11606,0.027573,172.31.47.0-255,66,190865,82,295833
11607,0.029833,172.217.194.0-255,2902,193767,82,295833
11608,0.029838,172.31.47.0-255,66,193833,82,295833
11609,0.029891,172.217.194.0-255,2902,196735,82,295833
11610,0.029895,172.31.47.0-255,66,196801,82,295833
11611,0.032105,172.217.194.0-255,2902,199703,82,295833
11612,0.03211,172.31.47.0-255,66,199769,82,295833
11613,0.03217,172.217.194.0-255,2902,202671,82,295833
11614,0.032174,172.31.47.0-255,66,202737,82,295833
11615,0.034401,172.217.194.0-255,2902,205639,82,295833
11616,0.034406,172.31.47.0-255,66,205705,82,295833
11617,0.034466,172.217.194.0-255,2902,208607,82,295833
11618,0.03447,172.31.47.0-255,66,208673,82,295833
11619,0.036679,172.217.194.0-255,2902,211575,82,295833
11620,0.036684,172.31.47.0-255,66,211641,82,295833
11621,0.036773,172.217.194.0-255,2902,214543,82,295833
11622,0.036776,172.31.47.0-255,66,214609,82,295833
11623,0.038965,172.217.194.0-255,2902,217511,82,295833
11624,0.038969,172.31.47.0-255,66,217577,82,295833
11625,0.039109,172.217.194.0-255,2902,220479,82,295833
11626,0.039114,172.31.47.0-255,66,220545,82,295833
11627,0.041241,172.217.194.0-255,2902,223447,82,295833
11628,0.041246,172.31.47.0-255,66,223513,82,295833
11629,0.041399,172.217.194.0-255,2902,226415,82,295833
11630,0.041404,172.31.47.0-255,66,226481,82,295833
11631,0.043592,172.217.194.0-255,2902,229383,82,295833
11632,0.043598,172.31.47.0-255,66,229449,82,295833
11633,0.043695,172.217.194.0-255,1484,230933,82,295833
11634,0.043714,172.217.194.0-255,1484,232417,82,295833
11635,0.043718,172.31.47.0-255,66,232483,82,295833
11636,0.045889,172.217.194.0-255,2902,235385,82,295833
11637,0.045894,172.31.47.0-255,66,235451,82,295833
11638,0.045982,172.217.194.0-255,2902,238353,82,295833
11639,0.045986,172.31.47.0-255,66,238419,82,295833
11640,0.04821,172.217.194.0-255,2902,241321,82,295833
11641,0.048216,172.31.47.0-255,66,241387,82,295833
11642,0.04824,172.217.194.0-255,2902,244289,82,295833
11643,0.048243,172.31.47.0-255,66,244355,82,295833
11644,0.050517,172.217.194.0-255,2902,247257,82,295833
11645,0.050527,172.31.47.0-255,66,247323,82,295833
11646,0.050549,172.217.194.0-255,2902,250225,82,295833
11647,0.050552,172.31.47.0-255,66,250291,82,295833
11648,0.052857,172.217.194.0-255,5738,256029,82,295833
11649,0.052863,172.31.47.0-255,66,256095,82,295833
11650,0.055169,172.217.194.0-255,5738,261833,82,295833
11651,0.055175,172.31.47.0-255,66,261899,82,295833
11652,0.057455,172.217.194.0-255,1484,263383,82,295833
11653,0.057485,172.217.194.0-255,4320,267703,82,295833
11654,0.057489,172.31.47.0-255,66,267769,82,295833
11655,0.059797,172.217.194.0-255,4320,272089,82,295833
11656,0.059801,172.31.47.0-255,66,272155,82,295833
11657,0.059825,172.217.194.0-255,1484,273639,82,295833
11658,0.062076,172.217.194.0-255,4320,277959,82,295833
11659,0.06208,172.31.47.0-255,66,278025,82,295833
11660,0.064353,172.217.194.0-255,2902,280927,82,295833
11661,0.064357,172.31.47.0-255,66,280993,82,295833
11662,0.064429,172.217.194.0-255,2902,283895,82,295833
11663,0.064432,172.31.47.0-255,66,283961,82,295833
11664,0.06662,172.217.194.0-255,2902,286863,82,295833
11665,0.066625,172.31.47.0-255,66,286929,82,295833
11666,0.066695,172.217.194.0-255,2902,289831,82,295833
11667,0.066699,172.31.47.0-255,66,289897,82,295833
11668,0.068919,172.217.194.0-255,2902,292799,82,295833
11669,0.068924,172.31.47.0-255,66,292865,82,295833
11670,0.068975,172.217.194.0-255,2902,295767,82,295833
11671,0.068979,172.31.47.0-255,66,295833,82,295833
11672,0.0,172.31.47.0-255,105,105,82,105
11673,0.0,74.125.130.0-255,153,153,82,366960
11674,1.2e-05,172.31.47.0-255,66,219,82,366960
11675,1.9e-05,74.125.130.0-255,1484,1703,82,366960
11676,2.3e-05,172.31.47.0-255,66,1769,82,366960
11677,2.8e-05,74.125.130.0-255,2902,4671,82,366960
11678,3.1e-05,172.31.47.0-255,66,4737,82,366960
11679,4.2e-05,74.125.130.0-255,4320,9057,82,366960
11680,4.4e-05,172.31.47.0-255,66,9123,82,366960
11681,5e-05,74.125.130.0-255,5045,14168,82,366960
11682,5.2e-05,172.31.47.0-255,66,14234,82,366960
11683,8.4e-05,74.125.130.0-255,4320,18554,82,366960
11684,8.6e-05,172.31.47.0-255,66,18620,82,366960
11685,8.9e-05,74.125.130.0-255,1484,20104,82,366960
11686,9.1e-05,172.31.47.0-255,66,20170,82,366960
11687,0.000124,74.125.130.0-255,4320,24490,82,366960
11688,0.000127,172.31.47.0-255,66,24556,82,366960
11689,0.000153,74.125.130.0-255,5738,30294,82,366960
11690,0.000156,172.31.47.0-255,66,30360,82,366960
11691,0.000167,74.125.130.0-255,1125,31485,82,366960
11692,0.000172,172.31.47.0-255,66,31551,82,366960
11693,0.000271,74.125.130.0-255,1484,33035,82,366960
11694,0.000275,172.31.47.0-255,66,33101,82,366960
11695,0.000279,74.125.130.0-255,1484,34585,82,366960
11696,0.000281,172.31.47.0-255,66,34651,82,366960
11697,0.000306,74.125.130.0-255,1484,36135,82,366960
11698,0.000308,172.31.47.0-255,66,36201,82,366960
11699,0.000314,74.125.130.0-255,5738,41939,82,366960
11700,0.000316,172.31.47.0-255,66,42005,82,366960
11701,0.000346,74.125.130.0-255,2902,44907,82,366960
11702,0.000348,172.31.47.0-255,66,44973,82,366960
11703,0.000375,74.125.130.0-255,8215,53188,82,366960
11704,0.000378,172.31.47.0-255,66,53254,82,366960
11705,0.000389,172.31.47.0-255,66,53320,82,366960
11706,0.000391,74.125.130.0-255,1377,54697,82,366960
11707,0.000412,74.125.130.0-255,120,54817,82,366960
11708,0.000596,74.125.130.0-255,380,55197,82,366960
11709,0.000601,172.31.47.0-255,66,55263,82,366960
11710,0.000975,74.125.130.0-255,1484,56747,82,366960
11711,0.000988,74.125.130.0-255,2902,59649,82,366960
11712,0.000991,172.31.47.0-255,66,59715,82,366960
11713,0.000995,74.125.130.0-255,1484,61199,82,366960
11714,0.001022,74.125.130.0-255,2902,64101,82,366960
11715,0.001024,172.31.47.0-255,66,64167,82,366960
11716,0.001029,74.125.130.0-255,4320,68487,82,366960
11717,0.001031,172.31.47.0-255,66,68553,82,366960
11718,0.001047,74.125.130.0-255,1484,70037,82,366960
11719,0.001051,74.125.130.0-255,2902,72939,82,366960
11720,0.001053,172.31.47.0-255,66,73005,82,366960
11721,0.001078,74.125.130.0-255,4320,77325,82,366960
11722,0.00108,172.31.47.0-255,66,77391,82,366960
11723,0.001088,74.125.130.0-255,8574,85965,82,366960
11724,0.00109,172.31.47.0-255,66,86031,82,366960
11725,0.00111,74.125.130.0-255,3602,89633,82,366960
11726,0.001112,172.31.47.0-255,66,89699,82,366960
11727,0.00163,74.125.130.0-255,1484,91183,82,366960
11728,0.001636,74.125.130.0-255,1484,92667,82,366960
11729,0.00164,172.31.47.0-255,66,92733,82,366960
11730,0.001663,74.125.130.0-255,1484,94217,82,366960
11731,0.001666,74.125.130.0-255,1484,95701,82,366960
11732,0.001668,172.31.47.0-255,66,95767,82,366960
11733,0.001694,74.125.130.0-255,2902,98669,82,366960
11734,0.001697,172.31.47.0-255,66,98735,82,366960
11735,0.001704,74.125.130.0-255,5738,104473,82,366960
11736,0.001706,172.31.47.0-255,66,104539,82,366960
11737,0.001709,74.125.130.0-255,1484,106023,82,366960
11738,0.001737,74.125.130.0-255,5738,111761,82,366960
11739,0.00174,172.31.47.0-255,66,111827,82,366960
11740,0.001767,74.125.130.0-255,1484,113311,82,366960
11741,0.001772,74.125.130.0-255,2902,116213,82,366960
11742,0.001775,172.31.47.0-255,66,116279,82,366960
11743,0.00178,74.125.130.0-255,5738,122017,82,366960
11744,0.001782,172.31.47.0-255,66,122083,82,366960
11745,0.001809,74.125.130.0-255,2184,124267,82,366960
11746,0.001812,172.31.47.0-255,66,124333,82,366960
11747,0.001861,74.125.130.0-255,1484,125817,82,366960
11748,0.001882,74.125.130.0-255,2902,128719,82,366960
11749,0.001886,172.31.47.0-255,66,128785,82,366960
11750,0.001893,74.125.130.0-255,5738,134523,82,366960
11751,0.001894,172.31.47.0-255,66,134589,82,366960
11752,0.001897,74.125.130.0-255,1484,136073,82,366960
11753,0.001928,74.125.130.0-255,5738,141811,82,366960
11754,0.001931,172.31.47.0-255,66,141877,82,366960
11755,0.001938,74.125.130.0-255,8574,150451,82,366960
11756,0.00194,172.31.47.0-255,66,150517,82,366960
11757,0.001969,74.125.130.0-255,4320,154837,82,366960
11758,0.001972,172.31.47.0-255,66,154903,82,366960
11759,0.002004,74.125.130.0-255,7856,162759,82,366960
11760,0.002007,172.31.47.0-255,66,162825,82,366960
11761,0.002019,172.31.47.0-255,66,162891,82,366960
11762,0.002025,74.125.130.0-255,7156,170047,82,366960
11763,0.002028,172.31.47.0-255,66,170113,82,366960
11764,0.004053,74.125.130.0-255,5738,175851,82,366960
11765,0.00406,172.31.47.0-255,66,175917,82,366960
11766,0.006069,74.125.130.0-255,5738,181655,82,366960
11767,0.006073,172.31.47.0-255,66,181721,82,366960
11768,0.008102,74.125.130.0-255,5738,187459,82,366960
11769,0.008108,172.31.47.0-255,66,187525,82,366960
11770,0.010136,74.125.130.0-255,5738,193263,82,366960
11771,0.010145,172.31.47.0-255,66,193329,82,366960
11772,0.01218,74.125.130.0-255,5738,199067,82,366960
11773,0.012188,172.31.47.0-255,66,199133,82,366960
11774,0.014215,74.125.130.0-255,5738,204871,82,366960
11775,0.014224,172.31.47.0-255,66,204937,82,366960
11776,0.016255,74.125.130.0-255,5738,210675,82,366960
11777,0.016263,172.31.47.0-255,66,210741,82,366960
11778,0.018289,74.125.130.0-255,5738,216479,82,366960
11779,0.018297,172.31.47.0-255,66,216545,82,366960
11780,0.019424,172.31.47.0-255,172,216717,82,366960
11781,0.019451,172.31.47.0-255,1111,217828,82,366960
11782,0.0195,172.31.47.0-255,1514,219342,82,366960
11783,0.019502,172.31.47.0-255,1288,220630,82,366960
11784,0.020315,74.125.130.0-255,2902,223532,82,366960
11785,0.020321,172.31.47.0-255,66,223598,82,366960
11786,0.020348,74.125.130.0-255,2902,226500,82,366960
11787,0.020351,172.31.47.0-255,66,226566,82,366960
11788,0.020987,104.244.42.0-255,66,226632,82,366960
11789,0.021011,104.244.42.0-255,66,226698,82,366960
11790,0.021081,104.244.42.0-255,66,226764,82,366960
11791,0.022348,74.125.130.0-255,2902,229666,82,366960
11792,0.022353,172.31.47.0-255,66,229732,82,366960
11793,0.02238,74.125.130.0-255,2902,232634,82,366960
11794,0.022383,172.31.47.0-255,66,232700,82,366960
11795,0.023963,104.244.42.0-255,108,232808,82,366960
11796,0.023969,172.31.47.0-255,66,232874,82,366960
11797,0.024378,74.125.130.0-255,2902,235776,82,366960
11798,0.024382,172.31.47.0-255,66,235842,82,366960
11799,0.024407,74.125.130.0-255,2902,238744,82,366960
11800,0.024409,172.31.47.0-255,66,238810,82,366960
11801,0.0264,74.125.130.0-255,2902,241712,82,366960
11802,0.026405,172.31.47.0-255,66,241778,82,366960
11803,0.026451,74.125.130.0-255,2902,244680,82,366960
11804,0.026454,172.31.47.0-255,66,244746,82,366960
11805,0.028437,74.125.130.0-255,2902,247648,82,366960
11806,0.028444,172.31.47.0-255,66,247714,82,366960
11807,0.028475,74.125.130.0-255,2902,250616,82,366960
11808,0.028478,172.31.47.0-255,66,250682,82,366960
11809,0.030467,74.125.130.0-255,2902,253584,82,366960
11810,0.030473,172.31.47.0-255,66,253650,82,366960
11811,0.030499,74.125.130.0-255,2902,256552,82,366960
11812,0.030501,172.31.47.0-255,66,256618,82,366960
11813,0.032511,74.125.130.0-255,5738,262356,82,366960
11814,0.032517,172.31.47.0-255,66,262422,82,366960
11815,0.034549,74.125.130.0-255,5738,268160,82,366960
11816,0.034555,172.31.47.0-255,66,268226,82,366960
11817,0.036586,74.125.130.0-255,5738,273964,82,366960
11818,0.036593,172.31.47.0-255,66,274030,82,366960
11819,0.038625,74.125.130.0-255,5738,279768,82,366960
11820,0.038634,172.31.47.0-255,66,279834,82,366960
11821,0.040661,74.125.130.0-255,5738,285572,82,366960
11822,0.040666,172.31.47.0-255,66,285638,82,366960
11823,0.042681,74.125.130.0-255,5738,291376,82,366960
11824,0.042687,172.31.47.0-255,66,291442,82,366960
11825,0.044709,74.125.130.0-255,5738,297180,82,366960
11826,0.044714,172.31.47.0-255,66,297246,82,366960
11827,0.046752,74.125.130.0-255,5738,302984,82,366960
11828,0.046758,172.31.47.0-255,66,303050,82,366960
11829,0.04881,74.125.130.0-255,5738,308788,82,366960
11830,0.048816,172.31.47.0-255,66,308854,82,366960
11831,0.050834,74.125.130.0-255,1484,310338,82,366960
11832,0.05086,74.125.130.0-255,4320,314658,82,366960
11833,0.050864,172.31.47.0-255,66,314724,82,366960
11834,0.052902,74.125.130.0-255,5738,320462,82,366960
11835,0.052908,172.31.47.0-255,66,320528,82,366960
11836,0.054956,74.125.130.0-255,5738,326266,82,366960
11837,0.054961,172.31.47.0-255,66,326332,82,366960
11838,0.056983,74.125.130.0-255,5738,332070,82,366960
11839,0.056989,172.31.47.0-255,66,332136,82,366960
11840,0.059034,74.125.130.0-255,5738,337874,82,366960
11841,0.059041,172.31.47.0-255,66,337940,82,366960
11842,0.061068,74.125.130.0-255,5738,343678,82,366960
11843,0.061076,172.31.47.0-255,66,343744,82,366960
11844,0.063092,74.125.130.0-255,5738,349482,82,366960
11845,0.063098,172.31.47.0-255,66,349548,82,366960
11846,0.065133,74.125.130.0-255,5738,355286,82,366960
11847,0.065139,172.31.47.0-255,66,355352,82,366960
11848,0.067174,74.125.130.0-255,5738,361090,82,366960
11849,0.06718,172.31.47.0-255,66,361156,82,366960
11850,0.069235,74.125.130.0-255,5738,366894,82,366960
11851,0.069242,172.31.47.0-255,66,366960,82,366960
11852,0.0,172.217.194.0-255,153,153,82,260440
11853,3.4e-05,172.31.47.0-255,66,219,82,260440
11854,4e-05,172.217.194.0-255,1484,1703,82,260440
11855,4.4e-05,172.31.47.0-255,66,1769,82,260440
11856,4.9e-05,172.217.194.0-255,2902,4671,82,260440
11857,5.2e-05,172.31.47.0-255,66,4737,82,260440
11858,6.6e-05,172.217.194.0-255,7156,11893,82,260440
11859,7e-05,172.31.47.0-255,66,11959,82,260440
11860,7.3e-05,172.217.194.0-255,2173,14132,82,260440
11861,7.5e-05,172.31.47.0-255,66,14198,82,260440
11862,0.000153,172.217.194.0-255,1484,15682,82,260440
11863,0.000157,172.31.47.0-255,66,15748,82,260440
11864,0.000163,172.217.194.0-255,2902,18650,82,260440
11865,0.000165,172.31.47.0-255,66,18716,82,260440
11866,0.000172,172.217.194.0-255,5738,24454,82,260440
11867,0.000184,172.31.47.0-255,66,24520,82,260440
11868,0.000231,172.217.194.0-255,6797,31317,82,260440
11869,0.000235,172.31.47.0-255,66,31383,82,260440
11870,0.000301,172.217.194.0-255,1484,32867,82,260440
11871,0.000305,172.31.47.0-255,66,32933,82,260440
11872,0.00031,172.217.194.0-255,2902,35835,82,260440
11873,0.000312,172.31.47.0-255,66,35901,82,260440
11874,0.000342,172.217.194.0-255,5738,41639,82,260440
11875,0.000346,172.31.47.0-255,66,41705,82,260440
11876,0.000349,172.217.194.0-255,1484,43189,82,260440
11877,0.000353,172.31.47.0-255,66,43255,82,260440
11878,0.000386,172.217.194.0-255,6797,50052,82,260440
11879,0.000389,172.31.47.0-255,66,50118,82,260440
11880,0.000397,172.217.194.0-255,8574,58692,82,260440
11881,0.0004,172.31.47.0-255,66,58758,82,260440
11882,0.000402,172.217.194.0-255,1484,60242,82,260440
11883,0.000405,172.31.47.0-255,66,60308,82,260440
11884,0.000439,172.217.194.0-255,5701,66009,82,260440
11885,0.000443,172.31.47.0-255,66,66075,82,260440
11886,0.00086,172.217.194.0-255,364,66439,82,260440
11887,0.001288,172.217.194.0-255,1484,67923,82,260440
11888,0.001294,172.31.47.0-255,66,67989,82,260440
11889,0.0013,172.217.194.0-255,2902,70891,82,260440
11890,0.001302,172.31.47.0-255,66,70957,82,260440
11891,0.001315,172.217.194.0-255,4320,75277,82,260440
11892,0.001317,172.31.47.0-255,66,75343,82,260440
11893,0.001344,172.217.194.0-255,1484,76827,82,260440
11894,0.001353,172.217.194.0-255,8574,85401,82,260440
11895,0.001355,172.31.47.0-255,66,85467,82,260440
11896,0.00139,172.31.47.0-255,66,85533,82,260440
11897,0.001414,172.217.194.0-255,3602,89135,82,260440
11898,0.001416,172.31.47.0-255,66,89201,82,260440
11899,0.001802,172.217.194.0-255,1484,90685,82,260440
11900,0.001807,172.217.194.0-255,2902,93587,82,260440
11901,0.001809,172.31.47.0-255,66,93653,82,260440
11902,0.001812,172.217.194.0-255,1484,95137,82,260440
11903,0.001836,172.217.194.0-255,4320,99457,82,260440
11904,0.001838,172.31.47.0-255,66,99523,82,260440
11905,0.001841,172.217.194.0-255,1484,101007,82,260440
11906,0.001868,172.31.47.0-255,66,101073,82,260440
11907,0.001898,172.217.194.0-255,10692,111765,82,260440
11908,0.0019,172.31.47.0-255,66,111831,82,260440
11909,0.001923,172.217.194.0-255,8574,120405,82,260440
11910,0.001925,172.31.47.0-255,66,120471,82,260440
11911,0.001936,172.217.194.0-255,2902,123373,82,260440
11912,0.001939,172.31.47.0-255,66,123439,82,260440
11913,0.00195,172.217.194.0-255,8574,132013,82,260440
11914,0.001952,172.31.47.0-255,66,132079,82,260440
11915,0.001984,172.217.194.0-255,4320,136399,82,260440
11916,0.00199,172.31.47.0-255,66,136465,82,260440
11917,0.002018,172.217.194.0-255,9274,145739,82,260440
11918,0.002021,172.31.47.0-255,66,145805,82,260440
11919,0.002085,172.217.194.0-255,1484,147289,82,260440
11920,0.002088,172.217.194.0-255,1484,148773,82,260440
11921,0.00209,172.31.47.0-255,66,148839,82,260440
11922,0.002114,172.217.194.0-255,1484,150323,82,260440
11923,0.002119,172.217.194.0-255,5738,156061,82,260440
11924,0.002121,172.31.47.0-255,66,156127,82,260440
11925,0.002135,172.31.47.0-255,66,156193,82,260440
11926,0.00214,172.217.194.0-255,5738,161931,82,260440
11927,0.002142,172.31.47.0-255,66,161997,82,260440
11928,0.002173,172.217.194.0-255,5020,167017,82,260440
11929,0.002175,172.31.47.0-255,66,167083,82,260440
11930,0.002438,172.217.194.0-255,1484,168567,82,260440
11931,0.002441,172.217.194.0-255,1484,170051,82,260440
11932,0.002443,172.31.47.0-255,66,170117,82,260440
11933,0.002453,172.217.194.0-255,1484,171601,82,260440
11934,0.002506,172.217.194.0-255,5738,177339,82,260440
11935,0.002509,172.31.47.0-255,66,177405,82,260440
11936,0.002514,172.217.194.0-255,4320,181725,82,260440
11937,0.002516,172.31.47.0-255,66,181791,82,260440
11938,0.00253,172.31.47.0-255,66,181857,82,260440
11939,0.002569,172.217.194.0-255,7856,189713,82,260440
11940,0.002571,172.31.47.0-255,66,189779,82,260440
11941,0.002655,172.217.194.0-255,1484,191263,82,260440
11942,0.002671,172.217.194.0-255,2902,194165,82,260440
11943,0.002673,172.31.47.0-255,66,194231,82,260440
11944,0.002676,172.217.194.0-255,1484,195715,82,260440
11945,0.002702,172.217.194.0-255,1484,197199,82,260440
11946,0.002705,172.31.47.0-255,66,197265,82,260440
11947,0.002712,172.217.194.0-255,7156,204421,82,260440
11948,0.002714,172.31.47.0-255,66,204487,82,260440
11949,0.002756,172.31.47.0-255,66,204553,82,260440
11950,0.002761,172.217.194.0-255,3602,208155,82,260440
11951,0.002763,172.31.47.0-255,66,208221,82,260440
11952,0.002769,172.217.194.0-255,5738,213959,82,260440
11953,0.002771,172.31.47.0-255,66,214025,82,260440
11954,0.002791,172.217.194.0-255,1484,215509,82,260440
11955,0.002794,172.217.194.0-255,1484,216993,82,260440
11956,0.002796,172.31.47.0-255,66,217059,82,260440
11957,0.002798,172.217.194.0-255,1484,218543,82,260440
11958,0.002805,172.217.194.0-255,7156,225699,82,260440
11959,0.002808,172.31.47.0-255,66,225765,82,260440
11960,0.002837,172.217.194.0-255,4320,230085,82,260440
11961,0.00284,172.31.47.0-255,66,230151,82,260440
11962,0.002852,172.31.47.0-255,66,230217,82,260440
11963,0.002864,172.31.47.0-255,66,230283,82,260440
11964,0.002866,172.217.194.0-255,1484,231767,82,260440
11965,0.002919,172.31.47.0-255,66,231833,82,260440
11966,0.002925,172.217.194.0-255,6438,238271,82,260440
11967,0.002927,172.31.47.0-255,66,238337,82,260440
11968,0.002933,172.217.194.0-255,7156,245493,82,260440
11969,0.002935,172.31.47.0-255,66,245559,82,260440
11970,0.002938,172.217.194.0-255,1484,247043,82,260440
11971,0.003041,172.31.47.0-255,66,247109,82,260440
11972,0.003048,172.217.194.0-255,7156,254265,82,260440
11973,0.00305,172.31.47.0-255,66,254331,82,260440
11974,0.003053,172.217.194.0-255,1484,255815,82,260440
11975,0.003143,172.217.194.0-255,105,255920,82,260440
11976,0.003859,172.31.47.0-255,66,255986,82,260440
11977,0.006619,172.31.47.0-255,105,256091,82,260440
11978,0.009169,172.217.194.0-255,66,256157,82,260440
11979,0.03503,172.31.47.0-255,172,256329,82,260440
11980,0.035062,172.31.47.0-255,1111,257440,82,260440
11981,0.0351,172.31.47.0-255,1514,258954,82,260440
11982,0.035102,172.31.47.0-255,1288,260242,82,260440
11983,0.036593,104.244.42.0-255,66,260308,82,260440
11984,0.03663,104.244.42.0-255,66,260374,82,260440
11985,0.036682,104.244.42.0-255,66,260440,82,260440
11986,0.0,74.125.68.0-255,153,153,82,288871
11987,3.1e-05,172.31.47.0-255,66,219,82,288871
11988,3.8e-05,74.125.68.0-255,1484,1703,82,288871
11989,4.3e-05,172.31.47.0-255,66,1769,82,288871
11990,8e-05,74.125.68.0-255,2902,4671,82,288871
11991,8.3e-05,172.31.47.0-255,66,4737,82,288871
11992,9.1e-05,74.125.68.0-255,5738,10475,82,288871
11993,9.4e-05,172.31.47.0-255,66,10541,82,288871
11994,9.9e-05,74.125.68.0-255,3519,14060,82,288871
11995,0.000102,172.31.47.0-255,66,14126,82,288871
11996,0.000168,74.125.68.0-255,1484,15610,82,288871
11997,0.000171,172.31.47.0-255,66,15676,82,288871
11998,0.000174,74.125.68.0-255,1484,17160,82,288871
11999,0.000176,172.31.47.0-255,66,17226,82,288871
12000,0.000209,74.125.68.0-255,1484,18710,82,288871
12001,0.000213,172.31.47.0-255,66,18776,82,288871
12002,0.000219,74.125.68.0-255,5738,24514,82,288871
12003,0.000222,172.31.47.0-255,66,24580,82,288871
12004,0.000235,74.125.68.0-255,6797,31377,82,288871
12005,0.000237,172.31.47.0-255,66,31443,82,288871
12006,0.000282,74.125.68.0-255,7156,38599,82,288871
12007,0.000286,172.31.47.0-255,66,38665,82,288871
12008,0.000293,74.125.68.0-255,7156,45821,82,288871
12009,0.000295,172.31.47.0-255,66,45887,82,288871
12010,0.00031,74.125.68.0-255,8574,54461,82,288871
12011,0.000312,172.31.47.0-255,66,54527,82,288871
12012,0.000317,74.125.68.0-255,4320,58847,82,288871
12013,0.00032,172.31.47.0-255,66,58913,82,288871
12014,0.000352,74.125.68.0-255,5738,64651,82,288871
12015,0.000359,172.31.47.0-255,66,64717,82,288871
12016,0.000361,74.125.68.0-255,766,65483,82,288871
12017,0.000363,172.31.47.0-255,66,65549,82,288871
12018,0.000387,74.125.68.0-255,413,65962,82,288871
12019,0.000585,74.125.68.0-255,331,66293,82,288871
12020,0.001026,74.125.68.0-255,1484,67777,82,288871
12021,0.001032,172.31.47.0-255,66,67843,82,288871
12022,0.001039,74.125.68.0-255,2902,70745,82,288871
12023,0.001041,172.31.47.0-255,66,70811,82,288871
12024,0.001069,74.125.68.0-255,5738,76549,82,288871
12025,0.001071,172.31.47.0-255,66,76615,82,288871
12026,0.001084,74.125.68.0-255,7156,83771,82,288871
12027,0.001086,172.31.47.0-255,66,83837,82,288871
12028,0.00109,74.125.68.0-255,1484,85321,82,288871
12029,0.001131,74.125.68.0-255,7156,92477,82,288871
12030,0.001134,172.31.47.0-255,66,92543,82,288871
12031,0.001143,74.125.68.0-255,7856,100399,82,288871
12032,0.001145,172.31.47.0-255,66,100465,82,288871
12033,0.001794,74.125.68.0-255,1484,101949,82,288871
12034,0.001805,74.125.68.0-255,2902,104851,82,288871
12035,0.00181,172.31.47.0-255,66,104917,82,288871
12036,0.001816,74.125.68.0-255,2902,107819,82,288871
12037,0.001818,172.31.47.0-255,66,107885,82,288871
12038,0.00184,74.125.68.0-255,2902,110787,82,288871
12039,0.001842,172.31.47.0-255,66,110853,82,288871
12040,0.001851,74.125.68.0-255,2902,113755,82,288871
12041,0.001853,172.31.47.0-255,66,113821,82,288871
12042,0.001858,74.125.68.0-255,4320,118141,82,288871
12043,0.00186,172.31.47.0-255,66,118207,82,288871
12044,0.00189,74.125.68.0-255,5738,123945,82,288871
12045,0.001892,172.31.47.0-255,66,124011,82,288871
12046,0.001922,74.125.68.0-255,2902,126913,82,288871
12047,0.001925,172.31.47.0-255,66,126979,82,288871
12048,0.001932,74.125.68.0-255,5738,132717,82,288871
12049,0.001934,172.31.47.0-255,66,132783,82,288871
12050,0.001943,74.125.68.0-255,2184,134967,82,288871
12051,0.001945,172.31.47.0-255,66,135033,82,288871
12052,0.004443,74.125.68.0-255,5738,140771,82,288871
12053,0.00445,172.31.47.0-255,66,140837,82,288871
12054,0.006966,74.125.68.0-255,5738,146575,82,288871
12055,0.006974,172.31.47.0-255,66,146641,82,288871
12056,0.009493,74.125.68.0-255,5738,152379,82,288871
12057,0.009503,172.31.47.0-255,66,152445,82,288871
12058,0.01204,74.125.68.0-255,5738,158183,82,288871
12059,0.012078,172.31.47.0-255,66,158249,82,288871
12060,0.014617,74.125.68.0-255,5738,163987,82,288871
12061,0.014632,172.31.47.0-255,66,164053,82,288871
12062,0.017167,74.125.68.0-255,5738,169791,82,288871
12063,0.017179,172.31.47.0-255,66,169857,82,288871
12064,0.019741,74.125.68.0-255,5738,175595,82,288871
12065,0.019759,172.31.47.0-255,66,175661,82,288871
12066,0.022273,74.125.68.0-255,5738,181399,82,288871
12067,0.022281,172.31.47.0-255,66,181465,82,288871
12068,0.024826,74.125.68.0-255,5738,187203,82,288871
12069,0.024844,172.31.47.0-255,66,187269,82,288871
12070,0.027364,74.125.68.0-255,5738,193007,82,288871
12071,0.027373,172.31.47.0-255,66,193073,82,288871
12072,0.029899,74.125.68.0-255,5738,198811,82,288871
12073,0.029915,172.31.47.0-255,66,198877,82,288871
12074,0.03244,74.125.68.0-255,5738,204615,82,288871
12075,0.032446,172.31.47.0-255,66,204681,82,288871
12076,0.033257,172.31.47.0-255,175,204856,82,288871
12077,0.033288,172.31.47.0-255,1127,205983,82,288871
12078,0.033344,172.31.47.0-255,1514,207497,82,288871
12079,0.033346,172.31.47.0-255,1272,208769,82,288871
12080,0.034807,104.244.42.0-255,66,208835,82,288871
12081,0.034866,104.244.42.0-255,66,208901,82,288871
12082,0.034902,104.244.42.0-255,66,208967,82,288871
12083,0.034959,74.125.68.0-255,5738,214705,82,288871
12084,0.034964,172.31.47.0-255,66,214771,82,288871
12085,0.037493,74.125.68.0-255,4320,219091,82,288871
12086,0.037501,172.31.47.0-255,66,219157,82,288871
12087,0.037534,74.125.68.0-255,1484,220641,82,288871
12088,0.040025,74.125.68.0-255,4320,224961,82,288871
12089,0.040038,172.31.47.0-255,66,225027,82,288871
12090,0.042585,74.125.68.0-255,5738,230765,82,288871
12091,0.042595,172.31.47.0-255,66,230831,82,288871
12092,0.045121,74.125.68.0-255,5738,236569,82,288871
12093,0.045133,172.31.47.0-255,66,236635,82,288871
12094,0.047648,74.125.68.0-255,5738,242373,82,288871
12095,0.047658,172.31.47.0-255,66,242439,82,288871
12096,0.050193,74.125.68.0-255,5738,248177,82,288871
12097,0.050213,172.31.47.0-255,66,248243,82,288871
12098,0.052754,74.125.68.0-255,5738,253981,82,288871
12099,0.052772,172.31.47.0-255,66,254047,82,288871
12100,0.055307,74.125.68.0-255,5738,259785,82,288871
12101,0.055325,172.31.47.0-255,66,259851,82,288871
12102,0.057858,74.125.68.0-255,5738,265589,82,288871
12103,0.057877,172.31.47.0-255,66,265655,82,288871
12104,0.060408,74.125.68.0-255,5738,271393,82,288871
12105,0.060424,172.31.47.0-255,66,271459,82,288871
12106,0.062974,74.125.68.0-255,5738,277197,82,288871
12107,0.062993,172.31.47.0-255,66,277263,82,288871
12108,0.065538,74.125.68.0-255,5738,283001,82,288871
12109,0.065557,172.31.47.0-255,66,283067,82,288871
12110,0.068111,74.125.68.0-255,5738,288805,82,288871
12111,0.068131,172.31.47.0-255,66,288871,82,288871
12112,0.0,74.125.68.0-255,153,153,82,312342
12113,2.2e-05,172.31.47.0-255,66,219,82,312342
12114,2.9e-05,74.125.68.0-255,1484,1703,82,312342
12115,3.4e-05,172.31.47.0-255,66,1769,82,312342
12116,6.1e-05,74.125.68.0-255,1484,3253,82,312342
12117,6.4e-05,172.31.47.0-255,66,3319,82,312342
12118,8.5e-05,74.125.68.0-255,2902,6221,82,312342
12119,8.8e-05,172.31.47.0-255,66,6287,82,312342
12120,9.2e-05,74.125.68.0-255,2902,9189,82,312342
12121,9.9e-05,172.31.47.0-255,66,9255,82,312342
12122,0.000124,74.125.68.0-255,4320,13575,82,312342
12123,0.000126,172.31.47.0-255,66,13641,82,312342
12124,0.000129,74.125.68.0-255,801,14442,82,312342
12125,0.000135,172.31.47.0-255,66,14508,82,312342
12126,0.000157,74.125.68.0-255,1484,15992,82,312342
12127,0.000159,172.31.47.0-255,66,16058,82,312342
12128,0.000183,74.125.68.0-255,4320,20378,82,312342
12129,0.000186,172.31.47.0-255,66,20444,82,312342
12130,0.000212,74.125.68.0-255,7156,27600,82,312342
12131,0.000216,172.31.47.0-255,66,27666,82,312342
12132,0.000249,74.125.68.0-255,1484,29150,82,312342
12133,0.000251,172.31.47.0-255,66,29216,82,312342
12134,0.000277,74.125.68.0-255,2543,31759,82,312342
12135,0.00028,172.31.47.0-255,66,31825,82,312342
12136,0.000342,74.125.68.0-255,1484,33309,82,312342
12137,0.000346,172.31.47.0-255,66,33375,82,312342
12138,0.00035,74.125.68.0-255,1484,34859,82,312342
12139,0.000353,172.31.47.0-255,66,34925,82,312342
12140,0.000378,74.125.68.0-255,2902,37827,82,312342
12141,0.00038,172.31.47.0-255,66,37893,82,312342
12142,0.000387,74.125.68.0-255,5738,43631,82,312342
12143,0.00039,172.31.47.0-255,66,43697,82,312342
12144,0.000415,74.125.68.0-255,4320,48017,82,312342
12145,0.00045,74.125.68.0-255,2902,50919,82,312342
12146,0.000461,74.125.68.0-255,2543,53462,82,312342
12147,0.000466,74.125.68.0-255,4320,57782,82,312342
12148,0.000483,74.125.68.0-255,5738,63520,82,312342
12149,0.000503,74.125.68.0-255,2856,66376,82,312342
12150,0.00053,74.125.68.0-255,373,66749,82,312342
12151,0.000662,172.31.47.0-255,66,66815,82,312342
12152,0.000797,74.125.68.0-255,1484,68299,82,312342
12153,0.000815,74.125.68.0-255,2902,71201,82,312342
12154,0.000835,172.31.47.0-255,66,71267,82,312342
12155,0.000881,74.125.68.0-255,4320,75587,82,312342
12156,0.000894,74.125.68.0-255,1484,77071,82,312342
12157,0.000906,74.125.68.0-255,2902,79973,82,312342
12158,0.000919,172.31.47.0-255,66,80039,82,312342
12159,0.000957,74.125.68.0-255,2902,82941,82,312342
12160,0.000963,172.31.47.0-255,66,83007,82,312342
12161,0.000971,74.125.68.0-255,1484,84491,82,312342
12162,0.001011,74.125.68.0-255,5738,90229,82,312342
12163,0.001018,74.125.68.0-255,5738,95967,82,312342
12164,0.001037,172.31.47.0-255,66,96033,82,312342
12165,0.001067,74.125.68.0-255,5020,101053,82,312342
12166,0.001081,172.31.47.0-255,66,101119,82,312342
12167,0.001205,74.125.68.0-255,1484,102603,82,312342
12168,0.001227,74.125.68.0-255,2902,105505,82,312342
12169,0.001235,172.31.47.0-255,66,105571,82,312342
12170,0.001268,74.125.68.0-255,5738,111309,82,312342
12171,0.001272,74.125.68.0-255,1484,112793,82,312342
12172,0.001284,74.125.68.0-255,2902,115695,82,312342
12173,0.001288,172.31.47.0-255,66,115761,82,312342
12174,0.001293,172.31.47.0-255,66,115827,82,312342
12175,0.001329,74.125.68.0-255,5738,121565,82,312342
12176,0.001337,74.125.68.0-255,5738,127303,82,312342
12177,0.001344,74.125.68.0-255,7156,134459,82,312342
12178,0.001347,74.125.68.0-255,766,135225,82,312342
12179,0.00136,172.31.47.0-255,66,135291,82,312342
12180,0.003554,74.125.68.0-255,5738,141029,82,312342
12181,0.003562,172.31.47.0-255,66,141095,82,312342
12182,0.005763,74.125.68.0-255,4320,145415,82,312342
12183,0.005776,74.125.68.0-255,1484,146899,82,312342
12184,0.007495,172.31.47.0-255,66,146965,82,312342
12185,0.0097,74.125.68.0-255,5738,152703,82,312342
12186,0.009707,172.31.47.0-255,66,152769,82,312342
12187,0.011909,74.125.68.0-255,5738,158507,82,312342
12188,0.012467,172.31.47.0-255,66,158573,82,312342
12189,0.014685,74.125.68.0-255,5738,164311,82,312342
12190,0.014698,172.31.47.0-255,66,164377,82,312342
12191,0.016891,74.125.68.0-255,5738,170115,82,312342
12192,0.016903,172.31.47.0-255,66,170181,82,312342
12193,0.019103,74.125.68.0-255,5738,175919,82,312342
12194,0.019108,172.31.47.0-255,66,175985,82,312342
12195,0.0213,74.125.68.0-255,5738,181723,82,312342
12196,0.021307,172.31.47.0-255,66,181789,82,312342
12197,0.023508,74.125.68.0-255,5738,187527,82,312342
12198,0.023522,172.31.47.0-255,66,187593,82,312342
12199,0.025725,74.125.68.0-255,4320,191913,82,312342
12200,0.025732,172.31.47.0-255,66,191979,82,312342
12201,0.025759,74.125.68.0-255,1484,193463,82,312342
12202,0.026213,172.31.47.0-255,172,193635,82,312342
12203,0.02624,172.31.47.0-255,1107,194742,82,312342
12204,0.026292,172.31.47.0-255,1514,196256,82,312342
12205,0.026293,172.31.47.0-255,1292,197548,82,312342
12206,0.02775,104.244.42.0-255,66,197614,82,312342
12207,0.027802,104.244.42.0-255,66,197680,82,312342
12208,0.027838,104.244.42.0-255,66,197746,82,312342
12209,0.027933,74.125.68.0-255,4320,202066,82,312342
12210,0.027937,172.31.47.0-255,66,202132,82,312342
12211,0.030133,74.125.68.0-255,5738,207870,82,312342
12212,0.030165,172.31.47.0-255,66,207936,82,312342
12213,0.032374,74.125.68.0-255,5738,213674,82,312342
12214,0.03238,172.31.47.0-255,66,213740,82,312342
12215,0.034602,74.125.68.0-255,5738,219478,82,312342
12216,0.034608,172.31.47.0-255,66,219544,82,312342
12217,0.03681,74.125.68.0-255,5738,225282,82,312342
12218,0.036816,172.31.47.0-255,66,225348,82,312342
12219,0.039064,74.125.68.0-255,5738,231086,82,312342
12220,0.03907,172.31.47.0-255,66,231152,82,312342
12221,0.041267,74.125.68.0-255,5738,236890,82,312342
12222,0.041273,172.31.47.0-255,66,236956,82,312342
12223,0.043463,74.125.68.0-255,5738,242694,82,312342
12224,0.04347,172.31.47.0-255,66,242760,82,312342
12225,0.045666,74.125.68.0-255,5738,248498,82,312342
12226,0.045674,172.31.47.0-255,66,248564,82,312342
12227,0.047867,74.125.68.0-255,5738,254302,82,312342
12228,0.047872,172.31.47.0-255,66,254368,82,312342
12229,0.050087,74.125.68.0-255,5738,260106,82,312342
12230,0.050103,172.31.47.0-255,66,260172,82,312342
12231,0.052298,74.125.68.0-255,5738,265910,82,312342
12232,0.052308,172.31.47.0-255,66,265976,82,312342
12233,0.054508,74.125.68.0-255,5738,271714,82,312342
12234,0.05452,172.31.47.0-255,66,271780,82,312342
12235,0.056736,74.125.68.0-255,5738,277518,82,312342
12236,0.056743,172.31.47.0-255,66,277584,82,312342
12237,0.058957,74.125.68.0-255,5738,283322,82,312342
12238,0.058962,172.31.47.0-255,66,283388,82,312342
12239,0.061164,74.125.68.0-255,5738,289126,82,312342
12240,0.061171,172.31.47.0-255,66,289192,82,312342
12241,0.063369,74.125.68.0-255,5738,294930,82,312342
12242,0.063376,172.31.47.0-255,66,294996,82,312342
12243,0.065576,74.125.68.0-255,5738,300734,82,312342
12244,0.065582,172.31.47.0-255,66,300800,82,312342
12245,0.06777,74.125.68.0-255,5738,306538,82,312342
12246,0.067785,172.31.47.0-255,66,306604,82,312342
12247,0.069996,74.125.68.0-255,5738,312342,82,312342
12248,0.0,172.217.194.0-255,143,143,82,335643
12249,2.6e-05,172.31.47.0-255,66,209,82,335643
12250,3.2e-05,172.217.194.0-255,1484,1693,82,335643
12251,3.6e-05,172.31.47.0-255,66,1759,82,335643
12252,4e-05,172.217.194.0-255,2902,4661,82,335643
12253,5e-05,172.31.47.0-255,66,4727,82,335643
12254,5.3e-05,172.217.194.0-255,1484,6211,82,335643
12255,5.5e-05,172.31.47.0-255,66,6277,82,335643
12256,8.4e-05,172.217.194.0-255,4320,10597,82,335643
12257,8.8e-05,172.31.47.0-255,66,10663,82,335643
12258,9.5e-05,172.217.194.0-255,5738,16401,82,335643
12259,9.8e-05,172.31.47.0-255,66,16467,82,335643
12260,0.000129,172.217.194.0-255,7882,24349,82,335643
12261,0.000132,172.31.47.0-255,66,24415,82,335643
12262,0.00014,172.217.194.0-255,6797,31212,82,335643
12263,0.000142,172.31.47.0-255,66,31278,82,335643
12264,0.000176,172.217.194.0-255,7156,38434,82,335643
12265,0.00018,172.31.47.0-255,66,38500,82,335643
12266,0.000187,172.217.194.0-255,5738,44238,82,335643
12267,0.000189,172.31.47.0-255,66,44304,82,335643
12268,0.000245,172.31.47.0-255,66,44370,82,335643
12269,0.000252,172.217.194.0-255,6713,51083,82,335643
12270,0.000254,172.31.47.0-255,66,51149,82,335643
12271,0.000257,172.217.194.0-255,114,51263,82,335643
12272,0.000259,172.31.47.0-255,66,51329,82,335643
12273,0.000336,172.217.194.0-255,385,51714,82,335643
12274,0.00034,172.31.47.0-255,66,51780,82,335643
12275,0.000539,172.217.194.0-255,1484,53264,82,335643
12276,0.000543,172.31.47.0-255,66,53330,82,335643
12277,0.000547,172.217.194.0-255,2902,56232,82,335643
12278,0.000549,172.31.47.0-255,66,56298,82,335643
12279,0.000582,172.217.194.0-255,5738,62036,82,335643
12280,0.000585,172.31.47.0-255,66,62102,82,335643
12281,0.000589,172.217.194.0-255,2902,65004,82,335643
12282,0.000591,172.31.47.0-255,66,65070,82,335643
12283,0.000613,172.217.194.0-255,3961,69031,82,335643
12284,0.000616,172.31.47.0-255,66,69097,82,335643
12285,0.000622,172.217.194.0-255,7156,76253,82,335643
12286,0.000624,172.31.47.0-255,66,76319,82,335643
12287,0.000659,172.217.194.0-255,9633,85952,82,335643
12288,0.000662,172.31.47.0-255,66,86018,82,335643
12289,0.00122,172.217.194.0-255,1484,87502,82,335643
12290,0.00123,172.217.194.0-255,2902,90404,82,335643
12291,0.001234,172.31.47.0-255,66,90470,82,335643
12292,0.001262,172.217.194.0-255,5738,96208,82,335643
12293,0.001265,172.31.47.0-255,66,96274,82,335643
12294,0.00127,172.217.194.0-255,5738,102012,82,335643
12295,0.001271,172.31.47.0-255,66,102078,82,335643
12296,0.001276,172.217.194.0-255,2902,104980,82,335643
12297,0.001283,172.31.47.0-255,66,105046,82,335643
12298,0.001316,172.217.194.0-255,9992,115038,82,335643
12299,0.001318,172.31.47.0-255,66,115104,82,335643
12300,0.001324,172.217.194.0-255,5020,120124,82,335643
12301,0.001326,172.31.47.0-255,66,120190,82,335643
12302,0.001665,172.217.194.0-255,1484,121674,82,335643
12303,0.001671,172.217.194.0-255,2902,124576,82,335643
12304,0.001674,172.31.47.0-255,66,124642,82,335643
12305,0.001688,172.217.194.0-255,2902,127544,82,335643
12306,0.001693,172.31.47.0-255,66,127610,82,335643
12307,0.001713,172.217.194.0-255,2902,130512,82,335643
12308,0.001715,172.31.47.0-255,66,130578,82,335643
12309,0.001721,172.217.194.0-255,8574,139152,82,335643
12310,0.001723,172.31.47.0-255,66,139218,82,335643
12311,0.001743,172.217.194.0-255,4320,143538,82,335643
12312,0.001745,172.31.47.0-255,66,143604,82,335643
12313,0.001747,172.217.194.0-255,1484,145088,82,335643
12314,0.001776,172.217.194.0-255,8574,153662,82,335643
12315,0.001778,172.31.47.0-255,66,153728,82,335643
12316,0.001788,172.217.194.0-255,766,154494,82,335643
12317,0.001877,172.217.194.0-255,1484,155978,82,335643
12318,0.00188,172.31.47.0-255,66,156044,82,335643
12319,0.001891,172.217.194.0-255,2902,158946,82,335643
12320,0.001896,172.31.47.0-255,66,159012,82,335643
12321,0.00192,172.217.194.0-255,4320,163332,82,335643
12322,0.001922,172.31.47.0-255,66,163398,82,335643
12323,0.001929,172.217.194.0-255,8574,171972,82,335643
12324,0.001931,172.31.47.0-255,66,172038,82,335643
12325,0.001967,172.217.194.0-255,2902,174940,82,335643
12326,0.001969,172.31.47.0-255,66,175006,82,335643
12327,0.001992,172.217.194.0-255,2902,177908,82,335643
12328,0.001994,172.31.47.0-255,66,177974,82,335643
12329,0.002,172.217.194.0-255,7156,185130,82,335643
12330,0.002002,172.31.47.0-255,66,185196,82,335643
12331,0.002018,172.217.194.0-255,3602,188798,82,335643
12332,0.00202,172.31.47.0-255,66,188864,82,335643
12333,0.002216,172.217.194.0-255,1484,190348,82,335643
12334,0.002219,172.217.194.0-255,1484,191832,82,335643
12335,0.00222,172.31.47.0-255,66,191898,82,335643
12336,0.002244,172.217.194.0-255,1484,193382,82,335643
12337,0.002249,172.217.194.0-255,5738,199120,82,335643
12338,0.002251,172.31.47.0-255,66,199186,82,335643
12339,0.002255,172.217.194.0-255,4320,203506,82,335643
12340,0.002257,172.31.47.0-255,66,203572,82,335643
12341,0.002282,172.217.194.0-255,8574,212146,82,335643
12342,0.002284,172.31.47.0-255,66,212212,82,335643
12343,0.002324,172.217.194.0-255,8574,220786,82,335643
12344,0.002326,172.31.47.0-255,66,220852,82,335643
12345,0.002355,172.217.194.0-255,2184,223036,82,335643
12346,0.002356,172.31.47.0-255,66,223102,82,335643
12347,0.002359,172.217.194.0-255,1484,224586,82,335643
12348,0.002366,172.217.194.0-255,9992,234578,82,335643
12349,0.002368,172.31.47.0-255,66,234644,82,335643
12350,0.002371,172.217.194.0-255,1484,236128,82,335643
12351,0.002388,172.217.194.0-255,2902,239030,82,335643
12352,0.002391,172.217.194.0-255,1484,240514,82,335643
12353,0.002395,172.217.194.0-255,2902,243416,82,335643
12354,0.002398,172.217.194.0-255,766,244182,82,335643
12355,0.0024,172.217.194.0-255,1484,245666,82,335643
12356,0.002404,172.217.194.0-255,1484,247150,82,335643
12357,0.002407,172.31.47.0-255,66,247216,82,335643
12358,0.002409,172.31.47.0-255,66,247282,82,335643
12359,0.002409,172.31.47.0-255,66,247348,82,335643
12360,0.00241,172.31.47.0-255,66,247414,82,335643
12361,0.002431,172.217.194.0-255,4320,251734,82,335643
12362,0.002433,172.31.47.0-255,66,251800,82,335643
12363,0.002454,172.217.194.0-255,2902,254702,82,335643
12364,0.002456,172.31.47.0-255,66,254768,82,335643
12365,0.002487,172.217.194.0-255,7156,261924,82,335643
12366,0.002489,172.31.47.0-255,66,261990,82,335643
12367,0.002499,172.31.47.0-255,66,262056,82,335643
12368,0.002503,172.217.194.0-255,5020,267076,82,335643
12369,0.002505,172.31.47.0-255,66,267142,82,335643
12370,0.002507,172.217.194.0-255,1484,268626,82,335643
12371,0.002529,172.217.194.0-255,1484,270110,82,335643
12372,0.00253,172.31.47.0-255,66,270176,82,335643
12373,0.002547,172.217.194.0-255,2902,273078,82,335643
12374,0.002549,172.31.47.0-255,66,273144,82,335643
12375,0.002584,172.31.47.0-255,66,273210,82,335643
12376,0.002597,172.31.47.0-255,66,273276,82,335643
12377,0.002605,172.217.194.0-255,4320,277596,82,335643
12378,0.002607,172.31.47.0-255,66,277662,82,335643
12379,0.002612,172.217.194.0-255,7156,284818,82,335643
12380,0.002614,172.31.47.0-255,66,284884,82,335643
12381,0.002616,172.217.194.0-255,1484,286368,82,335643
12382,0.00262,172.217.194.0-255,4320,290688,82,335643
12383,0.002622,172.31.47.0-255,66,290754,82,335643
12384,0.002653,172.217.194.0-255,7156,297910,82,335643
12385,0.002655,172.31.47.0-255,66,297976,82,335643
12386,0.002662,172.217.194.0-255,7856,305832,82,335643
12387,0.002664,172.31.47.0-255,66,305898,82,335643
12388,0.002666,172.217.194.0-255,1484,307382,82,335643
12389,0.002694,172.31.47.0-255,66,307448,82,335643
12390,0.002724,172.217.194.0-255,4320,311768,82,335643
12391,0.002726,172.31.47.0-255,66,311834,82,335643
12392,0.002732,172.217.194.0-255,8574,320408,82,335643
12393,0.002734,172.31.47.0-255,66,320474,82,335643
12394,0.002737,172.217.194.0-255,2902,323376,82,335643
12395,0.002739,172.31.47.0-255,66,323442,82,335643
12396,0.002763,172.217.194.0-255,6438,329880,82,335643
12397,0.002765,172.31.47.0-255,66,329946,82,335643
12398,0.002768,172.217.194.0-255,1968,331914,82,335643
12399,0.00277,172.31.47.0-255,66,331980,82,335643
12400,0.002861,172.217.194.0-255,105,332085,82,335643
12401,0.005133,172.31.47.0-255,66,332151,82,335643
12402,0.005157,172.31.47.0-255,105,332256,82,335643
12403,0.007362,172.217.194.0-255,66,332322,82,335643
12404,0.018117,172.31.47.0-255,172,332494,82,335643
12405,0.01816,172.31.47.0-255,1111,333605,82,335643
12406,0.018196,172.31.47.0-255,1514,335119,82,335643
12407,0.018214,172.31.47.0-255,326,335445,82,335643
12408,0.019711,104.244.42.0-255,66,335511,82,335643
12409,0.019834,104.244.42.0-255,66,335577,82,335643
12410,0.01984,104.244.42.0-255,66,335643,82,335643
12411,0.0,74.125.24.0-255,153,153,82,287160
12412,2.5e-05,172.31.47.0-255,66,219,82,287160
12413,3.2e-05,74.125.24.0-255,1484,1703,82,287160
12414,3.6e-05,172.31.47.0-255,66,1769,82,287160
12415,4e-05,74.125.24.0-255,2902,4671,82,287160
12416,5e-05,172.31.47.0-255,66,4737,82,287160
12417,5.6e-05,74.125.24.0-255,5738,10475,82,287160
12418,5.8e-05,172.31.47.0-255,66,10541,82,287160
12419,9.2e-05,74.125.24.0-255,3433,13974,82,287160
12420,9.5e-05,172.31.47.0-255,66,14040,82,287160
12421,0.000708,74.125.24.0-255,1484,15524,82,287160
12422,0.000714,172.31.47.0-255,66,15590,82,287160
12423,0.000724,74.125.24.0-255,2902,18492,82,287160
12424,0.000733,172.31.47.0-255,66,18558,82,287160
12425,0.000741,74.125.24.0-255,5738,24296,82,287160
12426,0.000744,172.31.47.0-255,66,24362,82,287160
12427,0.000749,74.125.24.0-255,4320,28682,82,287160
12428,0.000752,172.31.47.0-255,66,28748,82,287160
12429,0.000804,74.125.24.0-255,2543,31291,82,287160
12430,0.000809,172.31.47.0-255,66,31357,82,287160
12431,0.000869,74.125.24.0-255,1484,32841,82,287160
12432,0.000873,172.31.47.0-255,66,32907,82,287160
12433,0.000878,74.125.24.0-255,2902,35809,82,287160
12434,0.000881,172.31.47.0-255,66,35875,82,287160
12435,0.000908,74.125.24.0-255,2902,38777,82,287160
12436,0.000911,172.31.47.0-255,66,38843,82,287160
12437,0.000916,74.125.24.0-255,4320,43163,82,287160
12438,0.000918,172.31.47.0-255,66,43229,82,287160
12439,0.000962,74.125.24.0-255,5379,48608,82,287160
12440,0.000967,172.31.47.0-255,66,48674,82,287160
12441,0.000994,74.125.24.0-255,1484,50158,82,287160
12442,0.000997,172.31.47.0-255,66,50224,82,287160
12443,0.001002,74.125.24.0-255,2902,53126,82,287160
12444,0.001004,172.31.47.0-255,66,53192,82,287160
12445,0.001009,74.125.24.0-255,2902,56094,82,287160
12446,0.00102,172.31.47.0-255,66,56160,82,287160
12447,0.001045,74.125.24.0-255,2902,59062,82,287160
12448,0.001047,172.31.47.0-255,66,59128,82,287160
12449,0.00106,74.125.24.0-255,7135,66263,82,287160
12450,0.001063,172.31.47.0-255,66,66329,82,287160
12451,0.001265,74.125.24.0-255,110,66439,82,287160
12452,0.001277,74.125.24.0-255,330,66769,82,287160
12453,0.001507,74.125.24.0-255,1484,68253,82,287160
12454,0.00151,172.31.47.0-255,66,68319,82,287160
12455,0.001515,74.125.24.0-255,2902,71221,82,287160
12456,0.001517,172.31.47.0-255,66,71287,82,287160
12457,0.001545,74.125.24.0-255,5738,77025,82,287160
12458,0.001547,172.31.47.0-255,66,77091,82,287160
12459,0.00155,74.125.24.0-255,2902,79993,82,287160
12460,0.001551,172.31.47.0-255,66,80059,82,287160
12461,0.001597,74.125.24.0-255,1484,81543,82,287160
12462,0.001616,74.125.24.0-255,5379,86922,82,287160
12463,0.001618,172.31.47.0-255,66,86988,82,287160
12464,0.001624,74.125.24.0-255,7156,94144,82,287160
12465,0.001625,172.31.47.0-255,66,94210,82,287160
12466,0.001667,74.125.24.0-255,6797,101007,82,287160
12467,0.00167,172.31.47.0-255,66,101073,82,287160
12468,0.002234,74.125.24.0-255,1484,102557,82,287160
12469,0.002238,74.125.24.0-255,2902,105459,82,287160
12470,0.00224,172.31.47.0-255,66,105525,82,287160
12471,0.002264,74.125.24.0-255,5738,111263,82,287160
12472,0.002266,172.31.47.0-255,66,111329,82,287160
12473,0.004483,74.125.24.0-255,5738,117067,82,287160
12474,0.00449,172.31.47.0-255,66,117133,82,287160
12475,0.006739,74.125.24.0-255,5738,122871,82,287160
12476,0.006745,172.31.47.0-255,66,122937,82,287160
12477,0.008994,74.125.24.0-255,5738,128675,82,287160
12478,0.009002,172.31.47.0-255,66,128741,82,287160
12479,0.011223,74.125.24.0-255,5738,134479,82,287160
12480,0.01123,172.31.47.0-255,66,134545,82,287160
12481,0.013459,74.125.24.0-255,5738,140283,82,287160
12482,0.013465,172.31.47.0-255,66,140349,82,287160
12483,0.015708,74.125.24.0-255,5738,146087,82,287160
12484,0.015713,172.31.47.0-255,66,146153,82,287160
12485,0.017946,74.125.24.0-255,5738,151891,82,287160
12486,0.017953,172.31.47.0-255,66,151957,82,287160
12487,0.018218,172.31.47.0-255,172,152129,82,287160
12488,0.018246,172.31.47.0-255,1112,153241,82,287160
12489,0.018279,172.31.47.0-255,1514,154755,82,287160
12490,0.01828,172.31.47.0-255,1287,156042,82,287160
12491,0.019749,104.244.42.0-255,66,156108,82,287160
12492,0.019773,104.244.42.0-255,66,156174,82,287160
12493,0.019802,104.244.42.0-255,66,156240,82,287160
12494,0.020234,74.125.24.0-255,5738,161978,82,287160
12495,0.020239,172.31.47.0-255,66,162044,82,287160
12496,0.022507,74.125.24.0-255,5738,167782,82,287160
12497,0.022514,172.31.47.0-255,66,167848,82,287160
12498,0.024741,74.125.24.0-255,5738,173586,82,287160
12499,0.024746,172.31.47.0-255,66,173652,82,287160
12500,0.026983,74.125.24.0-255,5738,179390,82,287160
12501,0.026991,172.31.47.0-255,66,179456,82,287160
12502,0.029215,74.125.24.0-255,5738,185194,82,287160
12503,0.029219,172.31.47.0-255,66,185260,82,287160
12504,0.031482,74.125.24.0-255,5738,190998,82,287160
12505,0.031487,172.31.47.0-255,66,191064,82,287160
12506,0.033694,74.125.24.0-255,4320,195384,82,287160
12507,0.033698,172.31.47.0-255,66,195450,82,287160
12508,0.033726,74.125.24.0-255,1484,196934,82,287160
12509,0.035954,74.125.24.0-255,4320,201254,82,287160
12510,0.035959,172.31.47.0-255,66,201320,82,287160
12511,0.038198,74.125.24.0-255,5738,207058,82,287160
12512,0.038202,172.31.47.0-255,66,207124,82,287160
12513,0.040448,74.125.24.0-255,5738,212862,82,287160
12514,0.040453,172.31.47.0-255,66,212928,82,287160
12515,0.042727,74.125.24.0-255,5738,218666,82,287160
12516,0.042732,172.31.47.0-255,66,218732,82,287160
12517,0.044958,74.125.24.0-255,5738,224470,82,287160
12518,0.044963,172.31.47.0-255,66,224536,82,287160
12519,0.047204,74.125.24.0-255,5738,230274,82,287160
12520,0.04721,172.31.47.0-255,66,230340,82,287160
12521,0.04947,74.125.24.0-255,5738,236078,82,287160
12522,0.049475,172.31.47.0-255,66,236144,82,287160
12523,0.051719,74.125.24.0-255,4320,240464,82,287160
12524,0.051723,172.31.47.0-255,66,240530,82,287160
12525,0.051755,74.125.24.0-255,1484,242014,82,287160
12526,0.053965,74.125.24.0-255,4320,246334,82,287160
12527,0.05397,172.31.47.0-255,66,246400,82,287160
12528,0.056219,74.125.24.0-255,2902,249302,82,287160
12529,0.056224,172.31.47.0-255,66,249368,82,287160
12530,0.056254,74.125.24.0-255,2902,252270,82,287160
12531,0.056258,172.31.47.0-255,66,252336,82,287160
12532,0.058465,74.125.24.0-255,5738,258074,82,287160
12533,0.058469,172.31.47.0-255,66,258140,82,287160
12534,0.060697,74.125.24.0-255,5738,263878,82,287160
12535,0.060702,172.31.47.0-255,66,263944,82,287160
12536,0.062936,74.125.24.0-255,5738,269682,82,287160
12537,0.06294,172.31.47.0-255,66,269748,82,287160
12538,0.065177,74.125.24.0-255,5738,275486,82,287160
12539,0.065181,172.31.47.0-255,66,275552,82,287160
12540,0.067418,74.125.24.0-255,5738,281290,82,287160
12541,0.067423,172.31.47.0-255,66,281356,82,287160
12542,0.069669,74.125.24.0-255,5738,287094,82,287160
12543,0.069674,172.31.47.0-255,66,287160,82,287160
12544,0.0,74.125.24.0-255,153,153,82,315853
12545,3.4e-05,172.31.47.0-255,66,219,82,315853
12546,4.1e-05,74.125.24.0-255,1484,1703,82,315853
12547,4.6e-05,172.31.47.0-255,66,1769,82,315853
12548,5.1e-05,74.125.24.0-255,2902,4671,82,315853
12549,6.2e-05,172.31.47.0-255,66,4737,82,315853
12550,6.9e-05,74.125.24.0-255,7156,11893,82,315853
12551,7.2e-05,172.31.47.0-255,66,11959,82,315853
12552,7.5e-05,74.125.24.0-255,1484,13443,82,315853
12553,7.7e-05,172.31.47.0-255,66,13509,82,315853
12554,0.000121,74.125.24.0-255,10512,24021,82,315853
12555,0.000125,172.31.47.0-255,66,24087,82,315853
12556,0.000131,74.125.24.0-255,6797,30884,82,315853
12557,0.000134,172.31.47.0-255,66,30950,82,315853
12558,0.000168,74.125.24.0-255,1484,32434,82,315853
12559,0.000171,172.31.47.0-255,66,32500,82,315853
12560,0.000175,74.125.24.0-255,2902,35402,82,315853
12561,0.000177,172.31.47.0-255,66,35468,82,315853
12562,0.000183,74.125.24.0-255,5738,41206,82,315853
12563,0.000191,172.31.47.0-255,66,41272,82,315853
12564,0.000196,74.125.24.0-255,2902,44174,82,315853
12565,0.000201,172.31.47.0-255,66,44240,82,315853
12566,0.000229,74.125.24.0-255,2902,47142,82,315853
12567,0.000232,172.31.47.0-255,66,47208,82,315853
12568,0.000247,172.31.47.0-255,66,47274,82,315853
12569,0.000253,74.125.24.0-255,3961,51235,82,315853
12570,0.000255,172.31.47.0-255,66,51301,82,315853
12571,0.001127,74.125.24.0-255,646,51947,82,315853
12572,0.001132,172.31.47.0-255,66,52013,82,315853
12573,0.001514,74.125.24.0-255,1484,53497,82,315853
12574,0.001519,172.31.47.0-255,66,53563,82,315853
12575,0.001525,74.125.24.0-255,2902,56465,82,315853
12576,0.001526,172.31.47.0-255,66,56531,82,315853
12577,0.001531,74.125.24.0-255,5738,62269,82,315853
12578,0.001533,172.31.47.0-255,66,62335,82,315853
12579,0.001558,74.125.24.0-255,7156,69491,82,315853
12580,0.00156,172.31.47.0-255,66,69557,82,315853
12581,0.00159,74.125.24.0-255,5738,75295,82,315853
12582,0.001592,172.31.47.0-255,66,75361,82,315853
12583,0.001595,74.125.24.0-255,2902,78263,82,315853
12584,0.001597,172.31.47.0-255,66,78329,82,315853
12585,0.001616,74.125.24.0-255,7856,86185,82,315853
12586,0.001618,172.31.47.0-255,66,86251,82,315853
12587,0.001981,74.125.24.0-255,1484,87735,82,315853
12588,0.001994,74.125.24.0-255,2902,90637,82,315853
12589,0.001996,172.31.47.0-255,66,90703,82,315853
12590,0.002025,74.125.24.0-255,5738,96441,82,315853
12591,0.002027,172.31.47.0-255,66,96507,82,315853
12592,0.002033,74.125.24.0-255,7156,103663,82,315853
12593,0.002035,172.31.47.0-255,66,103729,82,315853
12594,0.002041,74.125.24.0-255,8574,112303,82,315853
12595,0.002043,172.31.47.0-255,66,112369,82,315853
12596,0.002076,74.125.24.0-255,7856,120225,82,315853
12597,0.002078,172.31.47.0-255,66,120291,82,315853
12598,0.004085,74.125.24.0-255,5738,126029,82,315853
12599,0.004088,172.31.47.0-255,66,126095,82,315853
12600,0.006088,74.125.24.0-255,5738,131833,82,315853
12601,0.006095,172.31.47.0-255,66,131899,82,315853
12602,0.008102,74.125.24.0-255,5738,137637,82,315853
12603,0.008107,172.31.47.0-255,66,137703,82,315853
12604,0.010116,74.125.24.0-255,5738,143441,82,315853
12605,0.010122,172.31.47.0-255,66,143507,82,315853
12606,0.012139,74.125.24.0-255,5738,149245,82,315853
12607,0.012148,172.31.47.0-255,66,149311,82,315853
12608,0.014146,74.125.24.0-255,5738,155049,82,315853
12609,0.014153,172.31.47.0-255,66,155115,82,315853
12610,0.016183,74.125.24.0-255,5738,160853,82,315853
12611,0.016189,172.31.47.0-255,66,160919,82,315853
12612,0.018179,74.125.24.0-255,5738,166657,82,315853
12613,0.018186,172.31.47.0-255,66,166723,82,315853
12614,0.020192,74.125.24.0-255,5738,172461,82,315853
12615,0.020199,172.31.47.0-255,66,172527,82,315853
12616,0.022201,74.125.24.0-255,5738,178265,82,315853
12617,0.022207,172.31.47.0-255,66,178331,82,315853
12618,0.022488,172.31.47.0-255,171,178502,82,315853
12619,0.022566,172.31.47.0-255,1135,179637,82,315853
12620,0.022619,172.31.47.0-255,1514,181151,82,315853
12621,0.022621,172.31.47.0-255,1266,182417,82,315853
12622,0.023973,104.244.42.0-255,66,182483,82,315853
12623,0.02405,104.244.42.0-255,66,182549,82,315853
12624,0.024112,104.244.42.0-255,66,182615,82,315853
12625,0.024228,74.125.24.0-255,5738,188353,82,315853
12626,0.024235,172.31.47.0-255,66,188419,82,315853
12627,0.024743,104.244.42.0-255,108,188527,82,315853
12628,0.024749,172.31.47.0-255,66,188593,82,315853
12629,0.026244,74.125.24.0-255,5738,194331,82,315853
12630,0.02625,172.31.47.0-255,66,194397,82,315853
12631,0.028242,74.125.24.0-255,5738,200135,82,315853
12632,0.028248,172.31.47.0-255,66,200201,82,315853
12633,0.030256,74.125.24.0-255,5738,205939,82,315853
12634,0.030262,172.31.47.0-255,66,206005,82,315853
12635,0.032266,74.125.24.0-255,5738,211743,82,315853
12636,0.032273,172.31.47.0-255,66,211809,82,315853
12637,0.03427,74.125.24.0-255,5738,217547,82,315853
12638,0.034275,172.31.47.0-255,66,217613,82,315853
12639,0.036273,74.125.24.0-255,5738,223351,82,315853
12640,0.036278,172.31.47.0-255,66,223417,82,315853
12641,0.038294,74.125.24.0-255,5738,229155,82,315853
12642,0.038298,172.31.47.0-255,66,229221,82,315853
12643,0.04031,74.125.24.0-255,5738,234959,82,315853
12644,0.040314,172.31.47.0-255,66,235025,82,315853
12645,0.042326,74.125.24.0-255,5738,240763,82,315853
12646,0.042335,172.31.47.0-255,66,240829,82,315853
12647,0.044344,74.125.24.0-255,2902,243731,82,315853
12648,0.04435,172.31.47.0-255,66,243797,82,315853
12649,0.044383,74.125.24.0-255,2902,246699,82,315853
12650,0.044386,172.31.47.0-255,66,246765,82,315853
12651,0.046359,74.125.24.0-255,2902,249667,82,315853
12652,0.046366,172.31.47.0-255,66,249733,82,315853
12653,0.046401,74.125.24.0-255,2902,252635,82,315853
12654,0.046404,172.31.47.0-255,66,252701,82,315853
12655,0.048381,74.125.24.0-255,2902,255603,82,315853
12656,0.048387,172.31.47.0-255,66,255669,82,315853
12657,0.04842,74.125.24.0-255,2902,258571,82,315853
12658,0.048423,172.31.47.0-255,66,258637,82,315853
12659,0.050393,74.125.24.0-255,2902,261539,82,315853
12660,0.0504,172.31.47.0-255,66,261605,82,315853
12661,0.050429,74.125.24.0-255,2902,264507,82,315853
12662,0.050432,172.31.47.0-255,66,264573,82,315853
12663,0.052387,74.125.24.0-255,2902,267475,82,315853
12664,0.052393,172.31.47.0-255,66,267541,82,315853
12665,0.052429,74.125.24.0-255,2902,270443,82,315853
12666,0.052432,172.31.47.0-255,66,270509,82,315853
12667,0.054392,74.125.24.0-255,2902,273411,82,315853
12668,0.054396,172.31.47.0-255,66,273477,82,315853
12669,0.054434,74.125.24.0-255,2902,276379,82,315853
12670,0.054437,172.31.47.0-255,66,276445,82,315853
12671,0.056414,74.125.24.0-255,2902,279347,82,315853
12672,0.056418,172.31.47.0-255,66,279413,82,315853
12673,0.056443,74.125.24.0-255,2902,282315,82,315853
12674,0.056446,172.31.47.0-255,66,282381,82,315853
12675,0.058421,74.125.24.0-255,5738,288119,82,315853
12676,0.058424,172.31.47.0-255,66,288185,82,315853
12677,0.060414,74.125.24.0-255,4320,292505,82,315853
12678,0.060419,172.31.47.0-255,66,292571,82,315853
12679,0.06045,74.125.24.0-255,1484,294055,82,315853
12680,0.062427,74.125.24.0-255,4320,298375,82,315853
12681,0.062434,172.31.47.0-255,66,298441,82,315853
12682,0.064425,74.125.24.0-255,5738,304179,82,315853
12683,0.06443,172.31.47.0-255,66,304245,82,315853
12684,0.066435,74.125.24.0-255,5738,309983,82,315853
12685,0.06644,172.31.47.0-255,66,310049,82,315853
12686,0.068444,74.125.24.0-255,5738,315787,82,315853
12687,0.068449,172.31.47.0-255,66,315853,82,315853
12688,0.0,172.31.47.0-255,105,105,82,276
12689,0.002066,157.240.13.0-255,105,210,82,276
12690,0.002078,172.31.47.0-255,66,276,82,276
12691,0.0,172.253.118.0-255,162,162,82,372924
12692,2.2e-05,172.31.47.0-255,66,228,82,372924
12693,4e-05,172.253.118.0-255,1484,1712,82,372924
12694,4.4e-05,172.31.47.0-255,66,1778,82,372924
12695,6.6e-05,172.253.118.0-255,2902,4680,82,372924
12696,7e-05,172.31.47.0-255,66,4746,82,372924
12697,7.1e-05,172.253.118.0-255,4320,9066,82,372924
12698,7.4e-05,172.31.47.0-255,66,9132,82,372924
12699,8.7e-05,172.253.118.0-255,1484,10616,82,372924
12700,9e-05,172.31.47.0-255,66,10682,82,372924
12701,9.4e-05,172.253.118.0-255,2902,13584,82,372924
12702,9.7e-05,172.31.47.0-255,66,13650,82,372924
12703,0.000113,172.253.118.0-255,6464,20114,82,372924
12704,0.000117,172.31.47.0-255,66,20180,82,372924
12705,0.000125,172.253.118.0-255,9992,30172,82,372924
12706,0.000127,172.31.47.0-255,66,30238,82,372924
12707,0.000129,172.253.118.0-255,1125,31363,82,372924
12708,0.000131,172.31.47.0-255,66,31429,82,372924
12709,0.000229,172.253.118.0-255,1484,32913,82,372924
12710,0.000232,172.31.47.0-255,66,32979,82,372924
12711,0.000245,172.253.118.0-255,2902,35881,82,372924
12712,0.000248,172.31.47.0-255,66,35947,82,372924
12713,0.000253,172.253.118.0-255,4320,40267,82,372924
12714,0.000256,172.31.47.0-255,66,40333,82,372924
12715,0.000271,172.253.118.0-255,1484,41817,82,372924
12716,0.000274,172.31.47.0-255,66,41883,82,372924
12717,0.00029,172.253.118.0-255,1484,43367,82,372924
12718,0.000292,172.31.47.0-255,66,43433,82,372924
12719,0.000319,172.31.47.0-255,66,43499,82,372924
12720,0.000324,172.253.118.0-255,5738,49237,82,372924
12721,0.000326,172.31.47.0-255,66,49303,82,372924
12722,0.00036,172.253.118.0-255,4234,53537,82,372924
12723,0.000376,172.31.47.0-255,66,53603,82,372924
12724,0.000378,172.253.118.0-255,130,53733,82,372924
12725,0.000529,172.253.118.0-255,1484,55217,82,372924
12726,0.000533,172.31.47.0-255,66,55283,82,372924
12727,0.000536,172.253.118.0-255,1484,56767,82,372924
12728,0.000551,172.253.118.0-255,1484,58251,82,372924
12729,0.000554,172.253.118.0-255,1484,59735,82,372924
12730,0.000555,172.31.47.0-255,66,59801,82,372924
12731,0.000568,172.253.118.0-255,4320,64121,82,372924
12732,0.000571,172.253.118.0-255,1484,65605,82,372924
12733,0.000579,172.31.47.0-255,66,65671,82,372924
12734,0.000596,172.253.118.0-255,4320,69991,82,372924
12735,0.000601,172.31.47.0-255,66,70057,82,372924
12736,0.000629,172.253.118.0-255,9633,79690,82,372924
12737,0.000635,172.253.118.0-255,7156,86846,82,372924
12738,0.00064,172.31.47.0-255,66,86912,82,372924
12739,0.000657,172.253.118.0-255,1408,88320,82,372924
12740,0.000887,172.253.118.0-255,1484,89804,82,372924
12741,0.00089,172.31.47.0-255,66,89870,82,372924
12742,0.000909,172.253.118.0-255,2902,92772,82,372924
12743,0.000911,172.253.118.0-255,1484,94256,82,372924
12744,0.000922,172.31.47.0-255,66,94322,82,372924
12745,0.000932,172.253.118.0-255,4320,98642,82,372924
12746,0.000935,172.253.118.0-255,1484,100126,82,372924
12747,0.000936,172.31.47.0-255,66,100192,82,372924
12748,0.000966,172.253.118.0-255,8574,108766,82,372924
12749,0.000969,172.31.47.0-255,66,108832,82,372924
12750,0.000977,172.253.118.0-255,9992,118824,82,372924
12751,0.000984,172.31.47.0-255,66,118890,82,372924
12752,0.001026,172.253.118.0-255,3602,122492,82,372924
12753,0.001034,172.31.47.0-255,66,122558,82,372924
12754,0.001558,172.253.118.0-255,1484,124042,82,372924
12755,0.001568,172.253.118.0-255,2902,126944,82,372924
12756,0.001571,172.31.47.0-255,66,127010,82,372924
12757,0.001575,172.253.118.0-255,1484,128494,82,372924
12758,0.001593,172.253.118.0-255,4320,132814,82,372924
12759,0.001625,172.253.118.0-255,1484,134298,82,372924
12760,0.001648,172.253.118.0-255,9274,143572,82,372924
12761,0.001705,172.253.118.0-255,1484,145056,82,372924
12762,0.001724,172.253.118.0-255,2902,147958,82,372924
12763,0.001729,172.253.118.0-255,4320,152278,82,372924
12764,0.001743,172.253.118.0-255,1484,153762,82,372924
12765,0.001756,172.253.118.0-255,2902,156664,82,372924
12766,0.00178,172.253.118.0-255,9992,166656,82,372924
12767,0.001785,172.253.118.0-255,5738,172394,82,372924
12768,0.001802,172.253.118.0-255,5020,177414,82,372924
12769,0.001882,172.253.118.0-255,1484,178898,82,372924
12770,0.001888,172.253.118.0-255,2902,181800,82,372924
12771,0.00189,172.253.118.0-255,1484,183284,82,372924
12772,0.001906,172.253.118.0-255,4320,187604,82,372924
12773,0.001921,172.253.118.0-255,2902,190506,82,372924
12774,0.001936,172.253.118.0-255,8574,199080,82,372924
12775,0.001944,172.253.118.0-255,1484,200564,82,372924
12776,0.001983,172.253.118.0-255,5738,206302,82,372924
12777,0.001998,172.253.118.0-255,5020,211322,82,372924
12778,0.002128,172.253.118.0-255,1484,212806,82,372924
12779,0.002142,172.253.118.0-255,2902,215708,82,372924
12780,0.002163,172.253.118.0-255,5738,221446,82,372924
12781,0.002176,172.253.118.0-255,2902,224348,82,372924
12782,0.002201,172.253.118.0-255,9992,234340,82,372924
12783,0.002216,172.253.118.0-255,2902,237242,82,372924
12784,0.002235,172.253.118.0-255,10692,247934,82,372924
12785,0.002238,172.253.118.0-255,1484,249418,82,372924
12786,0.002259,172.253.118.0-255,7156,256574,82,372924
12787,0.002295,172.253.118.0-255,4320,260894,82,372924
12788,0.002332,172.253.118.0-255,2902,263796,82,372924
12789,0.002344,172.253.118.0-255,2902,266698,82,372924
12790,0.0033,172.31.47.0-255,66,266764,82,372924
12791,0.005673,172.253.118.0-255,5738,272502,82,372924
12792,0.005677,172.31.47.0-255,66,272568,82,372924
12793,0.007974,172.253.118.0-255,4320,276888,82,372924
12794,0.007979,172.31.47.0-255,66,276954,82,372924
12795,0.007993,172.253.118.0-255,1484,278438,82,372924
12796,0.010291,172.253.118.0-255,4320,282758,82,372924
12797,0.010298,172.31.47.0-255,66,282824,82,372924
12798,0.012599,172.253.118.0-255,5738,288562,82,372924
12799,0.01337,172.31.47.0-255,66,288628,82,372924
12800,0.015681,172.253.118.0-255,5738,294366,82,372924
12801,0.015689,172.31.47.0-255,66,294432,82,372924
12802,0.018,172.253.118.0-255,5738,300170,82,372924
12803,0.018006,172.31.47.0-255,66,300236,82,372924
12804,0.02031,172.253.118.0-255,5738,305974,82,372924
12805,0.020319,172.31.47.0-255,66,306040,82,372924
12806,0.02255,172.31.47.0-255,172,306212,82,372924
12807,0.022581,172.31.47.0-255,1111,307323,82,372924
12808,0.022612,172.31.47.0-255,1514,308837,82,372924
12809,0.022613,172.31.47.0-255,1453,310290,82,372924
12810,0.022662,172.253.118.0-255,5738,316028,82,372924
12811,0.022666,172.31.47.0-255,66,316094,82,372924
12812,0.024044,104.244.42.0-255,66,316160,82,372924
12813,0.024056,104.244.42.0-255,66,316226,82,372924
12814,0.024122,104.244.42.0-255,66,316292,82,372924
12815,0.024969,172.253.118.0-255,2902,319194,82,372924
12816,0.024973,172.31.47.0-255,66,319260,82,372924
12817,0.025001,172.253.118.0-255,2902,322162,82,372924
12818,0.025026,172.31.47.0-255,66,322228,82,372924
12819,0.027252,172.253.118.0-255,2902,325130,82,372924
12820,0.027258,172.31.47.0-255,66,325196,82,372924
12821,0.027315,172.253.118.0-255,2902,328098,82,372924
12822,0.027324,172.31.47.0-255,66,328164,82,372924
12823,0.029532,172.253.118.0-255,2902,331066,82,372924
12824,0.029536,172.31.47.0-255,66,331132,82,372924
12825,0.029611,172.253.118.0-255,2902,334034,82,372924
12826,0.029614,172.31.47.0-255,66,334100,82,372924
12827,0.031827,172.253.118.0-255,2902,337002,82,372924
12828,0.031832,172.31.47.0-255,66,337068,82,372924
12829,0.031888,172.253.118.0-255,2902,339970,82,372924
12830,0.031899,172.31.47.0-255,66,340036,82,372924
12831,0.034117,172.253.118.0-255,2902,342938,82,372924
12832,0.034121,172.31.47.0-255,66,343004,82,372924
12833,0.034182,172.253.118.0-255,2902,345906,82,372924
12834,0.034189,172.31.47.0-255,66,345972,82,372924
12835,0.036443,172.253.118.0-255,2902,348874,82,372924
12836,0.036448,172.31.47.0-255,66,348940,82,372924
12837,0.03648,172.253.118.0-255,2902,351842,82,372924
12838,0.036497,172.31.47.0-255,66,351908,82,372924
12839,0.038752,172.253.118.0-255,2902,354810,82,372924
12840,0.038756,172.31.47.0-255,66,354876,82,372924
12841,0.038793,172.253.118.0-255,2902,357778,82,372924
12842,0.038799,172.31.47.0-255,66,357844,82,372924
12843,0.041085,172.253.118.0-255,4320,362164,82,372924
12844,0.04109,172.31.47.0-255,66,362230,82,372924
12845,0.041114,172.253.118.0-255,1484,363714,82,372924
12846,0.043428,172.253.118.0-255,4320,368034,82,372924
12847,0.043432,172.31.47.0-255,66,368100,82,372924
12848,0.045771,172.253.118.0-255,4587,372687,82,372924
12849,0.045821,172.31.47.0-255,66,372753,82,372924
12850,0.045968,172.31.47.0-255,105,372858,82,372924
12851,0.048259,172.253.118.0-255,66,372924,82,372924
12852,0.0,172.31.47.0-255,105,105,82,105
12853,0.0,172.31.47.0-255,105,105,82,342
12854,0.001427,157.240.13.0-255,66,171,82,342
12855,0.001459,157.240.13.0-255,105,276,82,342
12856,0.001462,172.31.47.0-255,66,342,82,342
12857,0.0,172.217.194.0-255,153,153,82,351580
12858,1.4e-05,172.31.47.0-255,66,219,82,351580
12859,2e-05,172.217.194.0-255,1484,1703,82,351580
12860,2.4e-05,172.31.47.0-255,66,1769,82,351580
12861,3e-05,172.217.194.0-255,2902,4671,82,351580
12862,4e-05,172.31.47.0-255,66,4737,82,351580
12863,4.7e-05,172.217.194.0-255,5738,10475,82,351580
12864,5e-05,172.31.47.0-255,66,10541,82,351580
12865,9.1e-05,172.217.194.0-255,6464,17005,82,351580
12866,9.5e-05,172.31.47.0-255,66,17071,82,351580
12867,0.000109,172.31.47.0-255,66,17137,82,351580
12868,0.000139,172.217.194.0-255,2543,19680,82,351580
12869,0.000141,172.31.47.0-255,66,19746,82,351580
12870,0.00019,172.217.194.0-255,1484,21230,82,351580
12871,0.000192,172.31.47.0-255,66,21296,82,351580
12872,0.000197,172.217.194.0-255,2902,24198,82,351580
12873,0.000199,172.31.47.0-255,66,24264,82,351580
12874,0.000227,172.217.194.0-255,5738,30002,82,351580
12875,0.000229,172.31.47.0-255,66,30068,82,351580
12876,0.000261,172.31.47.0-255,66,30134,82,351580
12877,0.000301,172.217.194.0-255,2902,33036,82,351580
12878,0.000303,172.31.47.0-255,66,33102,82,351580
12879,0.000335,172.217.194.0-255,7050,40152,82,351580
12880,0.000338,172.31.47.0-255,66,40218,82,351580
12881,0.00034,172.217.194.0-255,115,40333,82,351580
12882,0.000342,172.31.47.0-255,66,40399,82,351580
12883,0.000344,172.217.194.0-255,384,40783,82,351580
12884,0.000346,172.31.47.0-255,66,40849,82,351580
12885,0.000488,172.217.194.0-255,1484,42333,82,351580
12886,0.000492,172.31.47.0-255,66,42399,82,351580
12887,0.000497,172.217.194.0-255,2902,45301,82,351580
12888,0.000499,172.31.47.0-255,66,45367,82,351580
12889,0.000527,172.217.194.0-255,5738,51105,82,351580
12890,0.00053,172.31.47.0-255,66,51171,82,351580
12891,0.00056,172.217.194.0-255,5738,56909,82,351580
12892,0.000562,172.31.47.0-255,66,56975,82,351580
12893,0.000589,172.217.194.0-255,7156,64131,82,351580
12894,0.000591,172.31.47.0-255,66,64197,82,351580
12895,0.000599,172.217.194.0-255,8574,72771,82,351580
12896,0.000601,172.31.47.0-255,66,72837,82,351580
12897,0.000604,172.217.194.0-255,2184,75021,82,351580
12898,0.000606,172.31.47.0-255,66,75087,82,351580
12899,0.000684,172.217.194.0-255,1484,76571,82,351580
12900,0.000689,172.217.194.0-255,2902,79473,82,351580
12901,0.000692,172.31.47.0-255,66,79539,82,351580
12902,0.000716,172.217.194.0-255,5738,85277,82,351580
12903,0.000719,172.31.47.0-255,66,85343,82,351580
12904,0.000756,172.31.47.0-255,66,85409,82,351580
12905,0.000765,172.217.194.0-255,10692,96101,82,351580
12906,0.000767,172.31.47.0-255,66,96167,82,351580
12907,0.000807,172.217.194.0-255,4320,100487,82,351580
12908,0.00081,172.31.47.0-255,66,100553,82,351580
12909,0.000816,172.217.194.0-255,5738,106291,82,351580
12910,0.000818,172.31.47.0-255,66,106357,82,351580
12911,0.000848,172.217.194.0-255,9992,116349,82,351580
12912,0.000851,172.31.47.0-255,66,116415,82,351580
12913,0.000862,172.217.194.0-255,1484,117899,82,351580
12914,0.000874,172.217.194.0-255,9992,127891,82,351580
12915,0.000876,172.31.47.0-255,66,127957,82,351580
12916,0.0009,172.217.194.0-255,2184,130141,82,351580
12917,0.000903,172.31.47.0-255,66,130207,82,351580
12918,0.00093,172.217.194.0-255,2902,133109,82,351580
12919,0.000933,172.31.47.0-255,66,133175,82,351580
12920,0.000962,172.217.194.0-255,5738,138913,82,351580
12921,0.000965,172.31.47.0-255,66,138979,82,351580
12922,0.000976,172.217.194.0-255,1484,140463,82,351580
12923,0.000999,172.217.194.0-255,8574,149037,82,351580
12924,0.001002,172.31.47.0-255,66,149103,82,351580
12925,0.001011,172.217.194.0-255,9992,159095,82,351580
12926,0.001013,172.31.47.0-255,66,159161,82,351580
12927,0.001032,172.217.194.0-255,1484,160645,82,351580
12928,0.001052,172.217.194.0-255,3602,164247,82,351580
12929,0.001054,172.31.47.0-255,66,164313,82,351580
12930,0.001193,172.217.194.0-255,1484,165797,82,351580
12931,0.001199,172.217.194.0-255,2902,168699,82,351580
12932,0.001202,172.31.47.0-255,66,168765,82,351580
12933,0.001207,172.217.194.0-255,2902,171667,82,351580
12934,0.001209,172.31.47.0-255,66,171733,82,351580
12935,0.001229,172.217.194.0-255,2902,174635,82,351580
12936,0.001231,172.31.47.0-255,66,174701,82,351580
12937,0.001237,172.217.194.0-255,5738,180439,82,351580
12938,0.00124,172.31.47.0-255,66,180505,82,351580
12939,0.001264,172.217.194.0-255,7156,187661,82,351580
12940,0.001266,172.31.47.0-255,66,187727,82,351580
12941,0.001271,172.217.194.0-255,4320,192047,82,351580
12942,0.001273,172.31.47.0-255,66,192113,82,351580
12943,0.001299,172.217.194.0-255,6438,198551,82,351580
12944,0.001302,172.31.47.0-255,66,198617,82,351580
12945,0.001326,172.217.194.0-255,1484,200101,82,351580
12946,0.001341,172.217.194.0-255,2902,203003,82,351580
12947,0.001343,172.31.47.0-255,66,203069,82,351580
12948,0.001349,172.217.194.0-255,4320,207389,82,351580
12949,0.001351,172.31.47.0-255,66,207455,82,351580
12950,0.001376,172.217.194.0-255,1484,208939,82,351580
12951,0.001388,172.217.194.0-255,7156,216095,82,351580
12952,0.001395,172.217.194.0-255,8574,224669,82,351580
12953,0.0014,172.31.47.0-255,66,224735,82,351580
12954,0.001403,172.31.47.0-255,66,224801,82,351580
12955,0.001426,172.217.194.0-255,5738,230539,82,351580
12956,0.001429,172.31.47.0-255,66,230605,82,351580
12957,0.001433,172.217.194.0-255,2184,232789,82,351580
12958,0.001435,172.31.47.0-255,66,232855,82,351580
12959,0.001499,172.31.47.0-255,66,232921,82,351580
12960,0.001505,172.217.194.0-255,7156,240077,82,351580
12961,0.001507,172.31.47.0-255,66,240143,82,351580
12962,0.001531,172.217.194.0-255,7156,247299,82,351580
12963,0.001533,172.31.47.0-255,66,247365,82,351580
12964,0.001539,172.217.194.0-255,6438,253803,82,351580
12965,0.001541,172.31.47.0-255,66,253869,82,351580
12966,0.001707,172.217.194.0-255,1484,255353,82,351580
12967,0.001711,172.217.194.0-255,1484,256837,82,351580
12968,0.001713,172.31.47.0-255,66,256903,82,351580
12969,0.00174,172.217.194.0-255,1484,258387,82,351580
12970,0.001746,172.217.194.0-255,5738,264125,82,351580
12971,0.001748,172.31.47.0-255,66,264191,82,351580
12972,0.001755,172.217.194.0-255,7156,271347,82,351580
12973,0.001757,172.31.47.0-255,66,271413,82,351580
12974,0.00178,172.217.194.0-255,5738,277151,82,351580
12975,0.001795,172.31.47.0-255,66,277217,82,351580
12976,0.001802,172.217.194.0-255,8574,285791,82,351580
12977,0.001808,172.31.47.0-255,66,285857,82,351580
12978,0.001812,172.217.194.0-255,2184,288041,82,351580
12979,0.001814,172.31.47.0-255,66,288107,82,351580
12980,0.001995,172.217.194.0-255,1484,289591,82,351580
12981,0.002011,172.217.194.0-255,2902,292493,82,351580
12982,0.002015,172.31.47.0-255,66,292559,82,351580
12983,0.002021,172.217.194.0-255,5738,298297,82,351580
12984,0.002023,172.31.47.0-255,66,298363,82,351580
12985,0.002052,172.217.194.0-255,9992,308355,82,351580
12986,0.002054,172.31.47.0-255,66,308421,82,351580
12987,0.002078,172.217.194.0-255,7156,315577,82,351580
12988,0.002081,172.31.47.0-255,66,315643,82,351580
12989,0.002112,172.217.194.0-255,6438,322081,82,351580
12990,0.002114,172.31.47.0-255,66,322147,82,351580
12991,0.002149,172.31.47.0-255,66,322213,82,351580
12992,0.002155,172.217.194.0-255,7156,329369,82,351580
12993,0.002184,172.217.194.0-255,8574,337943,82,351580
12994,0.002188,172.217.194.0-255,3602,341545,82,351580
12995,0.00222,172.217.194.0-255,3501,345046,82,351580
12996,0.00224,172.217.194.0-255,105,345151,82,351580
12997,0.005827,172.31.47.0-255,66,345217,82,351580
12998,0.008034,172.31.47.0-255,105,345322,82,351580
12999,0.01063,172.217.194.0-255,66,345388,82,351580
13000,0.026716,172.31.47.0-255,171,345559,82,351580
13001,0.026745,172.31.47.0-255,1135,346694,82,351580
13002,0.026802,172.31.47.0-255,1514,348208,82,351580
13003,0.026821,172.31.47.0-255,1514,349722,82,351580
13004,0.026823,172.31.47.0-255,1514,351236,82,351580
13005,0.026844,172.31.47.0-255,80,351316,82,351580
13006,0.028269,104.244.42.0-255,66,351382,82,351580
13007,0.028295,104.244.42.0-255,66,351448,82,351580
13008,0.028329,104.244.42.0-255,66,351514,82,351580
13009,0.028352,104.244.42.0-255,66,351580,82,351580
13010,0.0,172.31.47.0-255,66,66,82,66
13011,0.0,172.31.47.0-255,105,105,82,276
13012,0.001809,157.240.13.0-255,105,210,82,276
13013,0.001822,172.31.47.0-255,66,276,82,276
13014,0.0,74.125.24.0-255,153,153,82,210587
13015,1.6e-05,172.31.47.0-255,66,219,82,210587
13016,2.3e-05,74.125.24.0-255,1484,1703,82,210587
13017,2.8e-05,172.31.47.0-255,66,1769,82,210587
13018,3.3e-05,74.125.24.0-255,2902,4671,82,210587
13019,3.7e-05,172.31.47.0-255,66,4737,82,210587
13020,4e-05,74.125.24.0-255,1484,6221,82,210587
13021,4.3e-05,172.31.47.0-255,66,6287,82,210587
13022,7.1e-05,74.125.24.0-255,5738,12025,82,210587
13023,7.4e-05,172.31.47.0-255,66,12091,82,210587
13024,0.000147,74.125.24.0-255,7156,19247,82,210587
13025,0.000151,172.31.47.0-255,66,19313,82,210587
13026,0.000171,74.125.24.0-255,9250,28563,82,210587
13027,0.000174,172.31.47.0-255,66,28629,82,210587
13028,0.000345,74.125.24.0-255,2543,31172,82,210587
13029,0.00035,172.31.47.0-255,66,31238,82,210587
13030,0.000384,74.125.24.0-255,4320,35558,82,210587
13031,0.000388,172.31.47.0-255,66,35624,82,210587
13032,0.000415,172.31.47.0-255,66,35690,82,210587
13033,0.000837,74.125.24.0-255,1484,37174,82,210587
13034,0.000842,172.31.47.0-255,66,37240,82,210587
13035,0.000847,74.125.24.0-255,2902,40142,82,210587
13036,0.000849,172.31.47.0-255,66,40208,82,210587
13037,0.000883,74.125.24.0-255,5738,45946,82,210587
13038,0.000891,172.31.47.0-255,66,46012,82,210587
13039,0.00095,74.125.24.0-255,4320,50332,82,210587
13040,0.000953,172.31.47.0-255,66,50398,82,210587
13041,0.000977,74.125.24.0-255,6797,57195,82,210587
13042,0.00098,172.31.47.0-255,66,57261,82,210587
13043,0.001077,74.125.24.0-255,1484,58745,82,210587
13044,0.001081,172.31.47.0-255,66,58811,82,210587
13045,0.001089,74.125.24.0-255,1484,60295,82,210587
13046,0.001109,74.125.24.0-255,7156,67451,82,210587
13047,0.001112,172.31.47.0-255,66,67517,82,210587
13048,0.001205,74.125.24.0-255,2543,70060,82,210587
13049,0.001208,172.31.47.0-255,66,70126,82,210587
13050,0.001243,74.125.24.0-255,5738,75864,82,210587
13051,0.001246,172.31.47.0-255,66,75930,82,210587
13052,0.001271,74.125.24.0-255,8574,84504,82,210587
13053,0.001273,172.31.47.0-255,66,84570,82,210587
13054,0.00141,74.125.24.0-255,5738,90308,82,210587
13055,0.001414,172.31.47.0-255,66,90374,82,210587
13056,0.001499,74.125.24.0-255,4320,94694,82,210587
13057,0.001503,172.31.47.0-255,66,94760,82,210587
13058,0.001527,74.125.24.0-255,9159,103919,82,210587
13059,0.001531,172.31.47.0-255,66,103985,82,210587
13060,0.001658,74.125.24.0-255,7156,111141,82,210587
13061,0.001661,172.31.47.0-255,66,111207,82,210587
13062,0.001689,74.125.24.0-255,9757,120964,82,210587
13063,0.001691,172.31.47.0-255,66,121030,82,210587
13064,0.001866,74.125.24.0-255,8574,129604,82,210587
13065,0.00187,172.31.47.0-255,66,129670,82,210587
13066,0.001908,172.31.47.0-255,66,129736,82,210587
13067,0.002294,74.125.24.0-255,9992,139728,82,210587
13068,0.0023,172.31.47.0-255,66,139794,82,210587
13069,0.002409,74.125.24.0-255,2902,142696,82,210587
13070,0.002413,172.31.47.0-255,66,142762,82,210587
13071,0.002434,172.31.47.0-255,66,142828,82,210587
13072,0.002467,172.31.47.0-255,66,142894,82,210587
13073,0.002499,172.31.47.0-255,66,142960,82,210587
13074,0.003084,74.125.24.0-255,766,143726,82,210587
13075,0.003104,74.125.24.0-255,1484,145210,82,210587
13076,0.003106,172.31.47.0-255,66,145276,82,210587
13077,0.003121,74.125.24.0-255,2902,148178,82,210587
13078,0.003123,172.31.47.0-255,66,148244,82,210587
13079,0.003136,74.125.24.0-255,1484,149728,82,210587
13080,0.003176,74.125.24.0-255,2902,152630,82,210587
13081,0.003178,172.31.47.0-255,66,152696,82,210587
13082,0.003204,74.125.24.0-255,7156,159852,82,210587
13083,0.003207,172.31.47.0-255,66,159918,82,210587
13084,0.003302,74.125.24.0-255,4320,164238,82,210587
13085,0.003555,74.125.24.0-255,1484,165722,82,210587
13086,0.00357,74.125.24.0-255,2902,168624,82,210587
13087,0.003615,74.125.24.0-255,2902,171526,82,210587
13088,0.004153,74.125.24.0-255,2902,174428,82,210587
13089,0.004177,74.125.24.0-255,9992,184420,82,210587
13090,0.00474,74.125.24.0-255,1484,185904,82,210587
13091,0.00479,74.125.24.0-255,7156,193060,82,210587
13092,0.004806,74.125.24.0-255,2902,195962,82,210587
13093,0.004824,74.125.24.0-255,10105,206067,82,210587
13094,0.006573,172.31.47.0-255,66,206133,82,210587
13095,0.009244,172.31.47.0-255,105,206238,82,210587
13096,0.011802,74.125.24.0-255,66,206304,82,210587
13097,0.028866,172.31.47.0-255,172,206476,82,210587
13098,0.028895,172.31.47.0-255,1111,207587,82,210587
13099,0.028945,172.31.47.0-255,1514,209101,82,210587
13100,0.028947,172.31.47.0-255,1288,210389,82,210587
13101,0.030543,104.244.42.0-255,66,210455,82,210587
13102,0.030744,104.244.42.0-255,66,210521,82,210587
13103,0.030773,104.244.42.0-255,66,210587,82,210587
13104,0.0,172.217.24.0-255,298,298,82,323071
13105,1.3e-05,172.31.47.0-255,66,364,82,323071
13106,1.9e-05,172.217.24.0-255,1484,1848,82,323071
13107,2.3e-05,172.31.47.0-255,66,1914,82,323071
13108,3e-05,172.217.24.0-255,4320,6234,82,323071
13109,3.2e-05,172.31.47.0-255,66,6300,82,323071
13110,3.8e-05,172.217.24.0-255,5738,12038,82,323071
13111,4e-05,172.31.47.0-255,66,12104,82,323071
13112,5.8e-05,172.217.24.0-255,4320,16424,82,323071
13113,6e-05,172.31.47.0-255,66,16490,82,323071
13114,7.6e-05,172.217.24.0-255,7730,24220,82,323071
13115,7.8e-05,172.31.47.0-255,66,24286,82,323071
13116,8.5e-05,172.217.24.0-255,6797,31083,82,323071
13117,8.7e-05,172.31.47.0-255,66,31149,82,323071
13118,0.0002,172.217.24.0-255,1484,32633,82,323071
13119,0.000203,172.31.47.0-255,66,32699,82,323071
13120,0.000208,172.217.24.0-255,2902,35601,82,323071
13121,0.000211,172.31.47.0-255,66,35667,82,323071
13122,0.000215,172.217.24.0-255,2902,38569,82,323071
13123,0.000217,172.31.47.0-255,66,38635,82,323071
13124,0.000221,172.217.24.0-255,2902,41537,82,323071
13125,0.000223,172.31.47.0-255,66,41603,82,323071
13126,0.000244,172.217.24.0-255,1484,43087,82,323071
13127,0.000246,172.31.47.0-255,66,43153,82,323071
13128,0.000285,172.217.24.0-255,5379,48532,82,323071
13129,0.000288,172.31.47.0-255,66,48598,82,323071
13130,0.00051,172.217.24.0-255,1484,50082,82,323071
13131,0.000515,172.31.47.0-255,66,50148,82,323071
13132,0.000521,172.217.24.0-255,2902,53050,82,323071
13133,0.000524,172.31.47.0-255,66,53116,82,323071
13134,0.00053,172.217.24.0-255,4320,57436,82,323071
13135,0.000532,172.31.47.0-255,66,57502,82,323071
13136,0.000579,172.217.24.0-255,8215,65717,82,323071
13137,0.000594,172.31.47.0-255,66,65783,82,323071
13138,0.000659,172.217.24.0-255,359,66142,82,323071
13139,0.000921,172.217.24.0-255,386,66528,82,323071
13140,0.001034,172.31.47.0-255,66,66594,82,323071
13141,0.001115,172.217.24.0-255,1484,68078,82,323071
13142,0.001123,172.217.24.0-255,2902,70980,82,323071
13143,0.001129,172.217.24.0-255,4320,75300,82,323071
13144,0.001145,172.217.24.0-255,1484,76784,82,323071
13145,0.001183,172.217.24.0-255,6797,83581,82,323071
13146,0.001207,172.217.24.0-255,7156,90737,82,323071
13147,0.001219,172.217.24.0-255,1484,92221,82,323071
13148,0.001238,172.217.24.0-255,8215,100436,82,323071
13149,0.001728,172.217.24.0-255,1484,101920,82,323071
13150,0.001736,172.217.24.0-255,2902,104822,82,323071
13151,0.001741,172.217.24.0-255,4320,109142,82,323071
13152,0.001754,172.217.24.0-255,1484,110626,82,323071
13153,0.001786,172.217.24.0-255,7156,117782,82,323071
13154,0.001802,172.217.24.0-255,5738,123520,82,323071
13155,0.001873,172.217.24.0-255,8574,132094,82,323071
13156,0.001885,172.217.24.0-255,2184,134278,82,323071
13157,0.006061,172.31.47.0-255,66,134344,82,323071
13158,0.008003,172.217.24.0-255,5738,140082,82,323071
13159,0.00801,172.31.47.0-255,66,140148,82,323071
13160,0.009942,172.217.24.0-255,5738,145886,82,323071
13161,0.009949,172.31.47.0-255,66,145952,82,323071
13162,0.011883,172.217.24.0-255,5738,151690,82,323071
13163,0.011889,172.31.47.0-255,66,151756,82,323071
13164,0.013825,172.217.24.0-255,5738,157494,82,323071
13165,0.013833,172.31.47.0-255,66,157560,82,323071
13166,0.01584,172.217.24.0-255,5738,163298,82,323071
13167,0.015849,172.31.47.0-255,66,163364,82,323071
13168,0.017777,172.217.24.0-255,5738,169102,82,323071
13169,0.017784,172.31.47.0-255,66,169168,82,323071
13170,0.019717,172.217.24.0-255,5738,174906,82,323071
13171,0.019722,172.31.47.0-255,66,174972,82,323071
13172,0.02166,172.217.24.0-255,5738,180710,82,323071
13173,0.021667,172.31.47.0-255,66,180776,82,323071
13174,0.023604,172.217.24.0-255,5738,186514,82,323071
13175,0.02361,172.31.47.0-255,66,186580,82,323071
13176,0.025528,172.217.24.0-255,1484,188064,82,323071
13177,0.025551,172.217.24.0-255,4320,192384,82,323071
13178,0.025556,172.31.47.0-255,66,192450,82,323071
13179,0.026111,172.31.47.0-255,172,192622,82,323071
13180,0.026156,172.31.47.0-255,1107,193729,82,323071
13181,0.026216,172.31.47.0-255,1514,195243,82,323071
13182,0.026218,172.31.47.0-255,1294,196537,82,323071
13183,0.027491,172.217.24.0-255,5738,202275,82,323071
13184,0.027496,172.31.47.0-255,66,202341,82,323071
13185,0.027576,104.244.42.0-255,66,202407,82,323071
13186,0.027624,104.244.42.0-255,66,202473,82,323071
13187,0.027697,104.244.42.0-255,66,202539,82,323071
13188,0.029433,172.217.24.0-255,5738,208277,82,323071
13189,0.029439,172.31.47.0-255,66,208343,82,323071
13190,0.031364,172.217.24.0-255,5738,214081,82,323071
13191,0.03137,172.31.47.0-255,66,214147,82,323071
13192,0.033304,172.217.24.0-255,5738,219885,82,323071
13193,0.03331,172.31.47.0-255,66,219951,82,323071
13194,0.035251,172.217.24.0-255,5738,225689,82,323071
13195,0.035261,172.31.47.0-255,66,225755,82,323071
13196,0.0372,172.217.24.0-255,5738,231493,82,323071
13197,0.037206,172.31.47.0-255,66,231559,82,323071
13198,0.03914,172.217.24.0-255,5738,237297,82,323071
13199,0.039145,172.31.47.0-255,66,237363,82,323071
13200,0.041074,172.217.24.0-255,5738,243101,82,323071
13201,0.04108,172.31.47.0-255,66,243167,82,323071
13202,0.043026,172.217.24.0-255,5738,248905,82,323071
13203,0.043031,172.31.47.0-255,66,248971,82,323071
13204,0.044963,172.217.24.0-255,5738,254709,82,323071
13205,0.044968,172.31.47.0-255,66,254775,82,323071
13206,0.046899,172.217.24.0-255,5738,260513,82,323071
13207,0.046907,172.31.47.0-255,66,260579,82,323071
13208,0.048835,172.217.24.0-255,5738,266317,82,323071
13209,0.048841,172.31.47.0-255,66,266383,82,323071
13210,0.05078,172.217.24.0-255,5738,272121,82,323071
13211,0.050787,172.31.47.0-255,66,272187,82,323071
13212,0.052723,172.217.24.0-255,5738,277925,82,323071
13213,0.052729,172.31.47.0-255,66,277991,82,323071
13214,0.054657,172.217.24.0-255,5738,283729,82,323071
13215,0.054662,172.31.47.0-255,66,283795,82,323071
13216,0.056587,172.217.24.0-255,5738,289533,82,323071
13217,0.056592,172.31.47.0-255,66,289599,82,323071
13218,0.058523,172.217.24.0-255,5738,295337,82,323071
13219,0.058528,172.31.47.0-255,66,295403,82,323071
13220,0.06045,172.217.24.0-255,5738,301141,82,323071
13221,0.060453,172.31.47.0-255,66,301207,82,323071
13222,0.062382,172.217.24.0-255,4320,305527,82,323071
13223,0.062388,172.31.47.0-255,66,305593,82,323071
13224,0.062407,172.217.24.0-255,1484,307077,82,323071
13225,0.064327,172.217.24.0-255,4320,311397,82,323071
13226,0.064337,172.31.47.0-255,66,311463,82,323071
13227,0.066278,172.217.24.0-255,5738,317201,82,323071
13228,0.066337,172.31.47.0-255,66,317267,82,323071
13229,0.068286,172.217.24.0-255,5738,323005,82,323071
13230,0.068293,172.31.47.0-255,66,323071,82,323071
13231,0.0,74.125.24.0-255,153,153,82,337152
13232,2.9e-05,172.31.47.0-255,66,219,82,337152
13233,3.5e-05,74.125.24.0-255,1484,1703,82,337152
13234,3.8e-05,172.31.47.0-255,66,1769,82,337152
13235,4.3e-05,74.125.24.0-255,2902,4671,82,337152
13236,4.5e-05,172.31.47.0-255,66,4737,82,337152
13237,7.4e-05,74.125.24.0-255,5738,10475,82,337152
13238,7.7e-05,172.31.47.0-255,66,10541,82,337152
13239,9.4e-05,74.125.24.0-255,3463,14004,82,337152
13240,9.6e-05,172.31.47.0-255,66,14070,82,337152
13241,0.000107,74.125.24.0-255,1484,15554,82,337152
13242,0.00011,172.31.47.0-255,66,15620,82,337152
13243,0.000125,74.125.24.0-255,2902,18522,82,337152
13244,0.000128,172.31.47.0-255,66,18588,82,337152
13245,0.000134,74.125.24.0-255,5738,24326,82,337152
13246,0.000135,172.31.47.0-255,66,24392,82,337152
13247,0.000159,74.125.24.0-255,4320,28712,82,337152
13248,0.000162,172.31.47.0-255,66,28778,82,337152
13249,0.000166,74.125.24.0-255,2543,31321,82,337152
13250,0.000168,172.31.47.0-255,66,31387,82,337152
13251,0.000294,74.125.24.0-255,1484,32871,82,337152
13252,0.000298,172.31.47.0-255,66,32937,82,337152
13253,0.000301,74.125.24.0-255,1484,34421,82,337152
13254,0.000303,172.31.47.0-255,66,34487,82,337152
13255,0.000315,74.125.24.0-255,1484,35971,82,337152
13256,0.000318,172.31.47.0-255,66,36037,82,337152
13257,0.000322,74.125.24.0-255,2902,38939,82,337152
13258,0.000325,172.31.47.0-255,66,39005,82,337152
13259,0.000341,74.125.24.0-255,2902,41907,82,337152
13260,0.000344,172.31.47.0-255,66,41973,82,337152
13261,0.000358,74.125.24.0-255,1484,43457,82,337152
13262,0.00036,172.31.47.0-255,66,43523,82,337152
13263,0.00038,74.125.24.0-255,5379,48902,82,337152
13264,0.000382,172.31.47.0-255,66,48968,82,337152
13265,0.000389,74.125.24.0-255,7156,56124,82,337152
13266,0.000391,172.31.47.0-255,66,56190,82,337152
13267,0.000427,74.125.24.0-255,7156,63346,82,337152
13268,0.00043,172.31.47.0-255,66,63412,82,337152
13269,0.000447,74.125.24.0-255,2543,65955,82,337152
13270,0.00045,172.31.47.0-255,66,66021,82,337152
13271,0.001067,74.125.24.0-255,645,66666,82,337152
13272,0.001094,74.125.24.0-255,1484,68150,82,337152
13273,0.001098,172.31.47.0-255,66,68216,82,337152
13274,0.001102,74.125.24.0-255,1484,69700,82,337152
13275,0.001117,74.125.24.0-255,2902,72602,82,337152
13276,0.001119,172.31.47.0-255,66,72668,82,337152
13277,0.001122,74.125.24.0-255,1484,74152,82,337152
13278,0.001133,74.125.24.0-255,1484,75636,82,337152
13279,0.001135,172.31.47.0-255,66,75702,82,337152
13280,0.00115,74.125.24.0-255,5738,81440,82,337152
13281,0.001152,172.31.47.0-255,66,81506,82,337152
13282,0.001158,74.125.24.0-255,2902,84408,82,337152
13283,0.001162,172.31.47.0-255,66,84474,82,337152
13284,0.0012,172.31.47.0-255,66,84540,82,337152
13285,0.001218,74.125.24.0-255,3602,88142,82,337152
13286,0.00122,172.31.47.0-255,66,88208,82,337152
13287,0.001357,74.125.24.0-255,1484,89692,82,337152
13288,0.001369,74.125.24.0-255,1484,91176,82,337152
13289,0.001371,172.31.47.0-255,66,91242,82,337152
13290,0.001382,74.125.24.0-255,1484,92726,82,337152
13291,0.0014,74.125.24.0-255,2902,95628,82,337152
13292,0.001402,172.31.47.0-255,66,95694,82,337152
13293,0.001415,74.125.24.0-255,2902,98596,82,337152
13294,0.001416,172.31.47.0-255,66,98662,82,337152
13295,0.001419,74.125.24.0-255,1484,100146,82,337152
13296,0.001436,74.125.24.0-255,9992,110138,82,337152
13297,0.001438,172.31.47.0-255,66,110204,82,337152
13298,0.001461,74.125.24.0-255,1484,111688,82,337152
13299,0.001469,74.125.24.0-255,9992,121680,82,337152
13300,0.001471,172.31.47.0-255,66,121746,82,337152
13301,0.001473,74.125.24.0-255,766,122512,82,337152
13302,0.002309,74.125.24.0-255,1484,123996,82,337152
13303,0.002312,172.31.47.0-255,66,124062,82,337152
13304,0.002322,74.125.24.0-255,2902,126964,82,337152
13305,0.002325,172.31.47.0-255,66,127030,82,337152
13306,0.002327,74.125.24.0-255,1484,128514,82,337152
13307,0.002339,74.125.24.0-255,4320,132834,82,337152
13308,0.002341,172.31.47.0-255,66,132900,82,337152
13309,0.002358,74.125.24.0-255,7156,140056,82,337152
13310,0.00236,172.31.47.0-255,66,140122,82,337152
13311,0.002376,74.125.24.0-255,5738,145860,82,337152
13312,0.002378,172.31.47.0-255,66,145926,82,337152
13313,0.002383,74.125.24.0-255,7156,153082,82,337152
13314,0.002385,172.31.47.0-255,66,153148,82,337152
13315,0.002406,74.125.24.0-255,2902,156050,82,337152
13316,0.002408,172.31.47.0-255,66,156116,82,337152
13317,0.00241,74.125.24.0-255,766,156882,82,337152
13318,0.002509,74.125.24.0-255,1484,158366,82,337152
13319,0.002511,172.31.47.0-255,66,158432,82,337152
13320,0.002521,74.125.24.0-255,2902,161334,82,337152
13321,0.002524,172.31.47.0-255,66,161400,82,337152
13322,0.002549,74.125.24.0-255,5738,167138,82,337152
13323,0.002551,172.31.47.0-255,66,167204,82,337152
13324,0.002563,172.31.47.0-255,66,167270,82,337152
13325,0.002581,74.125.24.0-255,5738,173008,82,337152
13326,0.002583,172.31.47.0-255,66,173074,82,337152
13327,0.002607,74.125.24.0-255,5020,178094,82,337152
13328,0.00261,172.31.47.0-255,66,178160,82,337152
13329,0.00264,74.125.24.0-255,7156,185316,82,337152
13330,0.002642,172.31.47.0-255,66,185382,82,337152
13331,0.002645,74.125.24.0-255,1484,186866,82,337152
13332,0.002647,74.125.24.0-255,1484,188350,82,337152
13333,0.002648,172.31.47.0-255,66,188416,82,337152
13334,0.002669,74.125.24.0-255,5738,194154,82,337152
13335,0.002671,172.31.47.0-255,66,194220,82,337152
13336,0.002695,74.125.24.0-255,7156,201376,82,337152
13337,0.002697,172.31.47.0-255,66,201442,82,337152
13338,0.002703,74.125.24.0-255,8574,210016,82,337152
13339,0.002705,172.31.47.0-255,66,210082,82,337152
13340,0.002708,74.125.24.0-255,1484,211566,82,337152
13341,0.002711,74.125.24.0-255,766,212332,82,337152
13342,0.002713,172.31.47.0-255,66,212398,82,337152
13343,0.002787,74.125.24.0-255,1484,213882,82,337152
13344,0.00286,74.125.24.0-255,2902,216784,82,337152
13345,0.002864,172.31.47.0-255,66,216850,82,337152
13346,0.00287,74.125.24.0-255,5738,222588,82,337152
13347,0.002872,172.31.47.0-255,66,222654,82,337152
13348,0.002888,172.31.47.0-255,66,222720,82,337152
13349,0.002897,74.125.24.0-255,9992,232712,82,337152
13350,0.002899,172.31.47.0-255,66,232778,82,337152
13351,0.002902,74.125.24.0-255,766,233544,82,337152
13352,0.002934,74.125.24.0-255,1484,235028,82,337152
13353,0.002937,172.31.47.0-255,66,235094,82,337152
13354,0.002942,74.125.24.0-255,2902,237996,82,337152
13355,0.002943,172.31.47.0-255,66,238062,82,337152
13356,0.002966,74.125.24.0-255,5738,243800,82,337152
13357,0.00297,172.31.47.0-255,66,243866,82,337152
13358,0.002975,74.125.24.0-255,4320,248186,82,337152
13359,0.002977,172.31.47.0-255,66,248252,82,337152
13360,0.003,74.125.24.0-255,8574,256826,82,337152
13361,0.003003,172.31.47.0-255,66,256892,82,337152
13362,0.003006,74.125.24.0-255,1484,258376,82,337152
13363,0.003039,74.125.24.0-255,9274,267650,82,337152
13364,0.003042,172.31.47.0-255,66,267716,82,337152
13365,0.003046,74.125.24.0-255,2902,270618,82,337152
13366,0.003048,172.31.47.0-255,66,270684,82,337152
13367,0.003051,74.125.24.0-255,1484,272168,82,337152
13368,0.003065,74.125.24.0-255,2902,275070,82,337152
13369,0.003068,172.31.47.0-255,66,275136,82,337152
13370,0.003071,74.125.24.0-255,1484,276620,82,337152
13371,0.003098,74.125.24.0-255,7156,283776,82,337152
13372,0.003101,172.31.47.0-255,66,283842,82,337152
13373,0.003118,74.125.24.0-255,1484,285326,82,337152
13374,0.003142,172.31.47.0-255,66,285392,82,337152
13375,0.003164,74.125.24.0-255,5020,290412,82,337152
13376,0.003167,172.31.47.0-255,66,290478,82,337152
13377,0.00318,172.31.47.0-255,66,290544,82,337152
13378,0.003197,74.125.24.0-255,5738,296282,82,337152
13379,0.0032,172.31.47.0-255,66,296348,82,337152
13380,0.003219,74.125.24.0-255,5738,302086,82,337152
13381,0.003221,172.31.47.0-255,66,302152,82,337152
13382,0.003247,74.125.24.0-255,7156,309308,82,337152
13383,0.00325,172.31.47.0-255,66,309374,82,337152
13384,0.003276,74.125.24.0-255,10692,320066,82,337152
13385,0.003279,172.31.47.0-255,66,320132,82,337152
13386,0.003295,172.31.47.0-255,66,320198,82,337152
13387,0.003325,74.125.24.0-255,7156,327354,82,337152
13388,0.003329,172.31.47.0-255,66,327420,82,337152
13389,0.003334,74.125.24.0-255,3602,331022,82,337152
13390,0.003336,172.31.47.0-255,66,331088,82,337152
13391,0.003338,74.125.24.0-255,1435,332523,82,337152
13392,0.003368,74.125.24.0-255,105,332628,82,337152
13393,0.007813,172.31.47.0-255,66,332694,82,337152
13394,0.007839,172.31.47.0-255,105,332799,82,337152
13395,0.010178,74.125.24.0-255,66,332865,82,337152
13396,0.026898,172.31.47.0-255,176,333041,82,337152
13397,0.026924,172.31.47.0-255,1112,334153,82,337152
13398,0.026953,172.31.47.0-255,1514,335667,82,337152
13399,0.026955,172.31.47.0-255,1287,336954,82,337152
13400,0.028441,104.244.42.0-255,66,337020,82,337152
13401,0.028462,104.244.42.0-255,66,337086,82,337152
13402,0.028464,104.244.42.0-255,66,337152,82,337152
13403,0.0,172.31.47.0-255,105,105,82,342
13404,0.06861,31.13.82.0-255,66,171,82,342
13405,0.06862,31.13.82.0-255,105,276,82,342
13406,0.068626,172.31.47.0-255,66,342,82,342
13407,0.0,172.217.194.0-255,158,158,82,338776
13408,3e-05,172.31.47.0-255,66,224,82,338776
13409,3.6e-05,172.217.194.0-255,1484,1708,82,338776
13410,4e-05,172.31.47.0-255,66,1774,82,338776
13411,4.4e-05,172.217.194.0-255,2902,4676,82,338776
13412,4.7e-05,172.31.47.0-255,66,4742,82,338776
13413,5.1e-05,172.217.194.0-255,2902,7644,82,338776
13414,5.4e-05,172.31.47.0-255,66,7710,82,338776
13415,5.9e-05,172.217.194.0-255,4320,12030,82,338776
13416,6.1e-05,172.31.47.0-255,66,12096,82,338776
13417,9.9e-05,172.217.194.0-255,1484,13580,82,338776
13418,0.000101,172.31.47.0-255,66,13646,82,338776
13419,0.000123,172.217.194.0-255,6262,19908,82,338776
13420,0.000126,172.31.47.0-255,66,19974,82,338776
13421,0.000133,172.217.194.0-255,8574,28548,82,338776
13422,0.000135,172.31.47.0-255,66,28614,82,338776
13423,0.000168,172.217.194.0-255,2902,31516,82,338776
13424,0.00017,172.31.47.0-255,66,31582,82,338776
13425,0.000198,172.31.47.0-255,66,31648,82,338776
13426,0.000204,172.217.194.0-255,5020,36668,82,338776
13427,0.000206,172.31.47.0-255,66,36734,82,338776
13428,0.000252,172.217.194.0-255,2902,39636,82,338776
13429,0.000256,172.31.47.0-255,66,39702,82,338776
13430,0.000275,172.217.194.0-255,1484,41186,82,338776
13431,0.000278,172.31.47.0-255,66,41252,82,338776
13432,0.000285,172.217.194.0-255,5738,46990,82,338776
13433,0.000287,172.31.47.0-255,66,47056,82,338776
13434,0.000299,172.217.194.0-255,1484,48540,82,338776
13435,0.000301,172.31.47.0-255,66,48606,82,338776
13436,0.000319,172.217.194.0-255,5379,53985,82,338776
13437,0.000322,172.31.47.0-255,66,54051,82,338776
13438,0.000335,172.217.194.0-255,648,54699,82,338776
13439,0.000378,172.217.194.0-255,1484,56183,82,338776
13440,0.00038,172.31.47.0-255,66,56249,82,338776
13441,0.000396,172.217.194.0-255,4320,60569,82,338776
13442,0.000399,172.31.47.0-255,66,60635,82,338776
13443,0.000426,172.217.194.0-255,5738,66373,82,338776
13444,0.000428,172.31.47.0-255,66,66439,82,338776
13445,0.000435,172.217.194.0-255,7156,73595,82,338776
13446,0.000437,172.31.47.0-255,66,73661,82,338776
13447,0.000452,172.217.194.0-255,4320,77981,82,338776
13448,0.000455,172.31.47.0-255,66,78047,82,338776
13449,0.000459,172.217.194.0-255,4320,82367,82,338776
13450,0.000461,172.31.47.0-255,66,82433,82,338776
13451,0.000486,172.217.194.0-255,6438,88871,82,338776
13452,0.000489,172.31.47.0-255,66,88937,82,338776
13453,0.000885,172.217.194.0-255,1484,90421,82,338776
13454,0.000891,172.217.194.0-255,2902,93323,82,338776
13455,0.000895,172.31.47.0-255,66,93389,82,338776
13456,0.000899,172.217.194.0-255,1484,94873,82,338776
13457,0.000918,172.217.194.0-255,4320,99193,82,338776
13458,0.00092,172.31.47.0-255,66,99259,82,338776
13459,0.000925,172.217.194.0-255,5738,104997,82,338776
13460,0.000927,172.31.47.0-255,66,105063,82,338776
13461,0.000937,172.217.194.0-255,1484,106547,82,338776
13462,0.000968,172.31.47.0-255,66,106613,82,338776
13463,0.000979,172.217.194.0-255,2902,109515,82,338776
13464,0.000982,172.31.47.0-255,66,109581,82,338776
13465,0.001002,172.217.194.0-255,2184,111765,82,338776
13466,0.001007,172.31.47.0-255,66,111831,82,338776
13467,0.001255,172.217.194.0-255,1484,113315,82,338776
13468,0.001264,172.217.194.0-255,2902,116217,82,338776
13469,0.001267,172.31.47.0-255,66,116283,82,338776
13470,0.001272,172.217.194.0-255,2902,119185,82,338776
13471,0.001274,172.31.47.0-255,66,119251,82,338776
13472,0.001291,172.217.194.0-255,2902,122153,82,338776
13473,0.001293,172.31.47.0-255,66,122219,82,338776
13474,0.001296,172.217.194.0-255,1484,123703,82,338776
13475,0.001319,172.217.194.0-255,8574,132277,82,338776
13476,0.001321,172.31.47.0-255,66,132343,82,338776
13477,0.001333,172.217.194.0-255,2902,135245,82,338776
13478,0.001335,172.31.47.0-255,66,135311,82,338776
13479,0.001338,172.217.194.0-255,1484,136795,82,338776
13480,0.001352,172.217.194.0-255,4320,141115,82,338776
13481,0.001354,172.31.47.0-255,66,141181,82,338776
13482,0.001369,172.217.194.0-255,5020,146201,82,338776
13483,0.001372,172.31.47.0-255,66,146267,82,338776
13484,0.001553,172.217.194.0-255,1484,147751,82,338776
13485,0.001558,172.217.194.0-255,1484,149235,82,338776
13486,0.001561,172.31.47.0-255,66,149301,82,338776
13487,0.001578,172.217.194.0-255,1484,150785,82,338776
13488,0.001585,172.217.194.0-255,5738,156523,82,338776
13489,0.001586,172.31.47.0-255,66,156589,82,338776
13490,0.001604,172.217.194.0-255,5738,162327,82,338776
13491,0.001606,172.31.47.0-255,66,162393,82,338776
13492,0.001629,172.217.194.0-255,7156,169549,82,338776
13493,0.001631,172.31.47.0-255,66,169615,82,338776
13494,0.001636,172.217.194.0-255,5738,175353,82,338776
13495,0.001638,172.31.47.0-255,66,175419,82,338776
13496,0.001658,172.217.194.0-255,5020,180439,82,338776
13497,0.00166,172.31.47.0-255,66,180505,82,338776
13498,0.001693,172.31.47.0-255,66,180571,82,338776
13499,0.001719,172.217.194.0-255,9992,190563,82,338776
13500,0.00172,172.31.47.0-255,66,190629,82,338776
13501,0.001727,172.217.194.0-255,7856,198485,82,338776
13502,0.001729,172.31.47.0-255,66,198551,82,338776
13503,0.001779,172.217.194.0-255,8574,207125,82,338776
13504,0.001781,172.31.47.0-255,66,207191,82,338776
13505,0.001792,172.217.194.0-255,9992,217183,82,338776
13506,0.001794,172.31.47.0-255,66,217249,82,338776
13507,0.001797,172.217.194.0-255,2902,220151,82,338776
13508,0.001799,172.31.47.0-255,66,220217,82,338776
13509,0.001835,172.31.47.0-255,66,220283,82,338776
13510,0.001842,172.217.194.0-255,8574,228857,82,338776
13511,0.001844,172.31.47.0-255,66,228923,82,338776
13512,0.001857,172.217.194.0-255,7156,236079,82,338776
13513,0.001859,172.31.47.0-255,66,236145,82,338776
13514,0.001863,172.217.194.0-255,4320,240465,82,338776
13515,0.001865,172.31.47.0-255,66,240531,82,338776
13516,0.001898,172.31.47.0-255,66,240597,82,338776
13517,0.0019,172.217.194.0-255,766,241363,82,338776
13518,0.001927,172.217.194.0-255,1484,242847,82,338776
13519,0.001929,172.31.47.0-255,66,242913,82,338776
13520,0.001934,172.217.194.0-255,4320,247233,82,338776
13521,0.001936,172.31.47.0-255,66,247299,82,338776
13522,0.001938,172.217.194.0-255,1484,248783,82,338776
13523,0.001962,172.217.194.0-255,5738,254521,82,338776
13524,0.001964,172.31.47.0-255,66,254587,82,338776
13525,0.001968,172.217.194.0-255,2902,257489,82,338776
13526,0.00197,172.31.47.0-255,66,257555,82,338776
13527,0.001991,172.31.47.0-255,66,257621,82,338776
13528,0.002008,172.217.194.0-255,5020,262641,82,338776
13529,0.00201,172.31.47.0-255,66,262707,82,338776
13530,0.002078,172.217.194.0-255,1484,264191,82,338776
13531,0.00209,172.217.194.0-255,2902,267093,82,338776
13532,0.002092,172.31.47.0-255,66,267159,82,338776
13533,0.002113,172.217.194.0-255,5738,272897,82,338776
13534,0.002115,172.31.47.0-255,66,272963,82,338776
13535,0.002133,172.217.194.0-255,2902,275865,82,338776
13536,0.002134,172.31.47.0-255,66,275931,82,338776
13537,0.002146,172.217.194.0-255,5738,281669,82,338776
13538,0.002148,172.31.47.0-255,66,281735,82,338776
13539,0.002165,172.217.194.0-255,4320,286055,82,338776
13540,0.002167,172.31.47.0-255,66,286121,82,338776
13541,0.002192,172.217.194.0-255,4320,290441,82,338776
13542,0.002194,172.31.47.0-255,66,290507,82,338776
13543,0.002214,172.217.194.0-255,6438,296945,82,338776
13544,0.002216,172.31.47.0-255,66,297011,82,338776
13545,0.002355,172.217.194.0-255,1484,298495,82,338776
13546,0.004518,172.217.194.0-255,4320,302815,82,338776
13547,0.004522,172.31.47.0-255,66,302881,82,338776
13548,0.006851,172.217.194.0-255,5738,308619,82,338776
13549,0.006856,172.31.47.0-255,66,308685,82,338776
13550,0.009199,172.217.194.0-255,5738,314423,82,338776
13551,0.009208,172.31.47.0-255,66,314489,82,338776
13552,0.01152,172.217.194.0-255,5738,320227,82,338776
13553,0.011527,172.31.47.0-255,66,320293,82,338776
13554,0.013852,172.217.194.0-255,5738,326031,82,338776
13555,0.013864,172.31.47.0-255,66,326097,82,338776
13556,0.016204,172.217.194.0-255,5738,331835,82,338776
13557,0.016211,172.31.47.0-255,66,331901,82,338776
13558,0.018528,172.217.194.0-255,2355,334256,82,338776
13559,0.018534,172.31.47.0-255,66,334322,82,338776
13560,0.018764,172.31.47.0-255,105,334427,82,338776
13561,0.02105,172.217.194.0-255,66,334493,82,338776
13562,0.026219,172.31.47.0-255,172,334665,82,338776
13563,0.026253,172.31.47.0-255,1112,335777,82,338776
13564,0.026288,172.31.47.0-255,1514,337291,82,338776
13565,0.026289,172.31.47.0-255,1287,338578,82,338776
13566,0.027769,104.244.42.0-255,66,338644,82,338776
13567,0.027803,104.244.42.0-255,66,338710,82,338776
13568,0.027863,104.244.42.0-255,66,338776,82,338776
13569,0.0,172.217.194.0-255,153,153,82,365006
13570,2.9e-05,172.31.47.0-255,66,219,82,365006
13571,3.7e-05,172.217.194.0-255,1484,1703,82,365006
13572,4.2e-05,172.31.47.0-255,66,1769,82,365006
13573,4.7e-05,172.217.194.0-255,2902,4671,82,365006
13574,5e-05,172.31.47.0-255,66,4737,82,365006
13575,6.5e-05,172.217.194.0-255,7156,11893,82,365006
13576,6.7e-05,172.31.47.0-255,66,11959,82,365006
13577,0.000113,172.31.47.0-255,66,12025,82,365006
13578,0.000138,172.217.194.0-255,3582,15607,82,365006
13579,0.000142,172.31.47.0-255,66,15673,82,365006
13580,0.000146,172.217.194.0-255,2543,18216,82,365006
13581,0.000148,172.31.47.0-255,66,18282,82,365006
13582,0.000152,172.217.194.0-255,2902,21184,82,365006
13583,0.000153,172.31.47.0-255,66,21250,82,365006
13584,0.000187,172.217.194.0-255,7156,28406,82,365006
13585,0.00019,172.31.47.0-255,66,28472,82,365006
13586,0.000217,172.217.194.0-255,8215,36687,82,365006
13587,0.00022,172.31.47.0-255,66,36753,82,365006
13588,0.000233,172.217.194.0-255,5738,42491,82,365006
13589,0.000236,172.31.47.0-255,66,42557,82,365006
13590,0.000266,172.217.194.0-255,9633,52190,82,365006
13591,0.000269,172.31.47.0-255,66,52256,82,365006
13592,0.000272,172.217.194.0-255,647,52903,82,365006
13593,0.000274,172.31.47.0-255,66,52969,82,365006
13594,0.000454,172.217.194.0-255,1484,54453,82,365006
13595,0.000458,172.31.47.0-255,66,54519,82,365006
13596,0.000463,172.217.194.0-255,2902,57421,82,365006
13597,0.000465,172.31.47.0-255,66,57487,82,365006
13598,0.000496,172.217.194.0-255,5738,63225,82,365006
13599,0.000499,172.31.47.0-255,66,63291,82,365006
13600,0.000502,172.217.194.0-255,1484,64775,82,365006
13601,0.000536,172.217.194.0-255,4829,69604,82,365006
13602,0.000539,172.31.47.0-255,66,69670,82,365006
13603,0.000789,172.217.194.0-255,1484,71154,82,365006
13604,0.000793,172.217.194.0-255,2902,74056,82,365006
13605,0.000799,172.31.47.0-255,66,74122,82,365006
13606,0.000817,172.217.194.0-255,5738,79860,82,365006
13607,0.00082,172.31.47.0-255,66,79926,82,365006
13608,0.000849,172.31.47.0-255,66,79992,82,365006
13609,0.000857,172.217.194.0-255,8574,88566,82,365006
13610,0.000859,172.31.47.0-255,66,88632,82,365006
13611,0.00088,172.217.194.0-255,1484,90116,82,365006
13612,0.000883,172.217.194.0-255,766,90882,82,365006
13613,0.000889,172.31.47.0-255,66,90948,82,365006
13614,0.001185,172.217.194.0-255,1484,92432,82,365006
13615,0.001195,172.217.194.0-255,2902,95334,82,365006
13616,0.001199,172.31.47.0-255,66,95400,82,365006
13617,0.001207,172.217.194.0-255,5738,101138,82,365006
13618,0.001209,172.31.47.0-255,66,101204,82,365006
13619,0.001258,172.31.47.0-255,66,101270,82,365006
13620,0.001275,172.217.194.0-255,10692,111962,82,365006
13621,0.001278,172.31.47.0-255,66,112028,82,365006
13622,0.001567,172.217.194.0-255,1484,113512,82,365006
13623,0.001574,172.217.194.0-255,2902,116414,82,365006
13624,0.001579,172.31.47.0-255,66,116480,82,365006
13625,0.001587,172.217.194.0-255,5738,122218,82,365006
13626,0.001589,172.31.47.0-255,66,122284,82,365006
13627,0.001617,172.217.194.0-255,6797,129081,82,365006
13628,0.00162,172.31.47.0-255,66,129147,82,365006
13629,0.001678,172.217.194.0-255,1484,130631,82,365006
13630,0.001682,172.217.194.0-255,1484,132115,82,365006
13631,0.001684,172.31.47.0-255,66,132181,82,365006
13632,0.001708,172.217.194.0-255,1484,133665,82,365006
13633,0.001714,172.217.194.0-255,5738,139403,82,365006
13634,0.001716,172.31.47.0-255,66,139469,82,365006
13635,0.001723,172.217.194.0-255,5738,145207,82,365006
13636,0.001725,172.31.47.0-255,66,145273,82,365006
13637,0.001754,172.217.194.0-255,7156,152429,82,365006
13638,0.001757,172.31.47.0-255,66,152495,82,365006
13639,0.001762,172.217.194.0-255,5738,158233,82,365006
13640,0.001765,172.31.47.0-255,66,158299,82,365006
13641,0.001795,172.217.194.0-255,5020,163319,82,365006
13642,0.001797,172.31.47.0-255,66,163385,82,365006
13643,0.003772,172.217.194.0-255,5738,169123,82,365006
13644,0.003776,172.31.47.0-255,66,169189,82,365006
13645,0.005753,172.217.194.0-255,5738,174927,82,365006
13646,0.005757,172.31.47.0-255,66,174993,82,365006
13647,0.007742,172.217.194.0-255,5738,180731,82,365006
13648,0.007748,172.31.47.0-255,66,180797,82,365006
13649,0.009728,172.217.194.0-255,5738,186535,82,365006
13650,0.009737,172.31.47.0-255,66,186601,82,365006
13651,0.011714,172.217.194.0-255,5738,192339,82,365006
13652,0.011725,172.31.47.0-255,66,192405,82,365006
13653,0.013714,172.217.194.0-255,5738,198143,82,365006
13654,0.013725,172.31.47.0-255,66,198209,82,365006
13655,0.015691,172.217.194.0-255,5738,203947,82,365006
13656,0.015699,172.31.47.0-255,66,204013,82,365006
13657,0.017675,172.217.194.0-255,5738,209751,82,365006
13658,0.017682,172.31.47.0-255,66,209817,82,365006
13659,0.019649,172.217.194.0-255,5738,215555,82,365006
13660,0.019656,172.31.47.0-255,66,215621,82,365006
13661,0.02166,172.217.194.0-255,5738,221359,82,365006
13662,0.021679,172.31.47.0-255,66,221425,82,365006
13663,0.023126,172.31.47.0-255,172,221597,82,365006
13664,0.023162,172.31.47.0-255,1103,222700,82,365006
13665,0.023226,172.31.47.0-255,1514,224214,82,365006
13666,0.023228,172.31.47.0-255,1298,225512,82,365006
13667,0.023712,172.217.194.0-255,5738,231250,82,365006
13668,0.023722,172.31.47.0-255,66,231316,82,365006
13669,0.024619,104.244.42.0-255,66,231382,82,365006
13670,0.024647,104.244.42.0-255,66,231448,82,365006
13671,0.024737,104.244.42.0-255,66,231514,82,365006
13672,0.025676,172.217.194.0-255,5738,237252,82,365006
13673,0.02568,172.31.47.0-255,66,237318,82,365006
13674,0.027668,172.217.194.0-255,5738,243056,82,365006
13675,0.027674,172.31.47.0-255,66,243122,82,365006
13676,0.029704,172.217.194.0-255,5738,248860,82,365006
13677,0.029724,172.31.47.0-255,66,248926,82,365006
13678,0.031718,172.217.194.0-255,5738,254664,82,365006
13679,0.031736,172.31.47.0-255,66,254730,82,365006
13680,0.033749,172.217.194.0-255,5738,260468,82,365006
13681,0.033765,172.31.47.0-255,66,260534,82,365006
13682,0.035752,172.217.194.0-255,5738,266272,82,365006
13683,0.035765,172.31.47.0-255,66,266338,82,365006
13684,0.037769,172.217.194.0-255,5738,272076,82,365006
13685,0.037781,172.31.47.0-255,66,272142,82,365006
13686,0.039776,172.217.194.0-255,5738,277880,82,365006
13687,0.039783,172.31.47.0-255,66,277946,82,365006
13688,0.041744,172.217.194.0-255,5738,283684,82,365006
13689,0.041754,172.31.47.0-255,66,283750,82,365006
13690,0.043725,172.217.194.0-255,5738,289488,82,365006
13691,0.043733,172.31.47.0-255,66,289554,82,365006
13692,0.045714,172.217.194.0-255,5738,295292,82,365006
13693,0.04572,172.31.47.0-255,66,295358,82,365006
13694,0.047698,172.217.194.0-255,5738,301096,82,365006
13695,0.047703,172.31.47.0-255,66,301162,82,365006
13696,0.049677,172.217.194.0-255,5738,306900,82,365006
13697,0.049684,172.31.47.0-255,66,306966,82,365006
13698,0.051671,172.217.194.0-255,5738,312704,82,365006
13699,0.051677,172.31.47.0-255,66,312770,82,365006
13700,0.053643,172.217.194.0-255,5738,318508,82,365006
13701,0.053648,172.31.47.0-255,66,318574,82,365006
13702,0.055627,172.217.194.0-255,5738,324312,82,365006
13703,0.055632,172.31.47.0-255,66,324378,82,365006
13704,0.057611,172.217.194.0-255,5738,330116,82,365006
13705,0.057616,172.31.47.0-255,66,330182,82,365006
13706,0.059599,172.217.194.0-255,5738,335920,82,365006
13707,0.059606,172.31.47.0-255,66,335986,82,365006
13708,0.061579,172.217.194.0-255,5738,341724,82,365006
13709,0.061584,172.31.47.0-255,66,341790,82,365006
13710,0.063565,172.217.194.0-255,5738,347528,82,365006
13711,0.063571,172.31.47.0-255,66,347594,82,365006
13712,0.065541,172.217.194.0-255,5738,353332,82,365006
13713,0.065547,172.31.47.0-255,66,353398,82,365006
13714,0.067539,172.217.194.0-255,5738,359136,82,365006
13715,0.067546,172.31.47.0-255,66,359202,82,365006
13716,0.069521,172.217.194.0-255,5738,364940,82,365006
13717,0.069526,172.31.47.0-255,66,365006,82,365006
13718,0.0,172.31.47.0-255,105,105,82,342
13719,0.066993,31.13.82.0-255,66,171,82,342
13720,0.067028,31.13.82.0-255,105,276,82,342
13721,0.067036,172.31.47.0-255,66,342,82,342
13722,0.0,172.217.24.0-255,298,298,82,279600
13723,3.2e-05,172.31.47.0-255,66,364,82,279600
13724,3.8e-05,172.217.24.0-255,1484,1848,82,279600
13725,4.2e-05,172.31.47.0-255,66,1914,82,279600
13726,4.6e-05,172.217.24.0-255,2902,4816,82,279600
13727,4.9e-05,172.31.47.0-255,66,4882,82,279600
13728,6.1e-05,172.217.24.0-255,5738,10620,82,279600
13729,6.3e-05,172.31.47.0-255,66,10686,82,279600
13730,9.7e-05,172.217.24.0-255,3282,13968,82,279600
13731,0.0001,172.31.47.0-255,66,14034,82,279600
13732,0.000328,172.217.24.0-255,1484,15518,82,279600
13733,0.000332,172.217.24.0-255,2902,18420,82,279600
13734,0.000335,172.31.47.0-255,66,18486,82,279600
13735,0.000338,172.31.47.0-255,66,18552,82,279600
13736,0.000367,172.217.24.0-255,5738,24290,82,279600
13737,0.00037,172.31.47.0-255,66,24356,82,279600
13738,0.000377,172.217.24.0-255,5738,30094,82,279600
13739,0.000379,172.31.47.0-255,66,30160,82,279600
13740,0.000413,172.217.24.0-255,6797,36957,82,279600
13741,0.000417,172.31.47.0-255,66,37023,82,279600
13742,0.000455,172.31.47.0-255,66,37089,82,279600
13743,0.000458,172.217.24.0-255,1484,38573,82,279600
13744,0.00046,172.31.47.0-255,66,38639,82,279600
13745,0.000505,172.31.47.0-255,66,38705,82,279600
13746,0.000507,172.217.24.0-255,766,39471,82,279600
13747,0.000509,172.31.47.0-255,66,39537,82,279600
13748,0.000535,172.217.24.0-255,396,39933,82,279600
13749,0.000537,172.31.47.0-255,66,39999,82,279600
13750,0.001186,172.217.24.0-255,116,40115,82,279600
13751,0.001192,172.31.47.0-255,66,40181,82,279600
13752,0.001407,172.217.24.0-255,1484,41665,82,279600
13753,0.001415,172.217.24.0-255,2902,44567,82,279600
13754,0.001419,172.31.47.0-255,66,44633,82,279600
13755,0.001424,172.217.24.0-255,2902,47535,82,279600
13756,0.001425,172.31.47.0-255,66,47601,82,279600
13757,0.001445,172.217.24.0-255,2902,50503,82,279600
13758,0.001447,172.31.47.0-255,66,50569,82,279600
13759,0.001453,172.217.24.0-255,4320,54889,82,279600
13760,0.001458,172.217.24.0-255,4320,59209,82,279600
13761,0.001463,172.31.47.0-255,66,59275,82,279600
13762,0.001464,172.31.47.0-255,66,59341,82,279600
13763,0.001499,172.217.24.0-255,7156,66497,82,279600
13764,0.001509,172.217.24.0-255,7856,74353,82,279600
13765,0.001542,172.31.47.0-255,66,74419,82,279600
13766,0.001543,172.31.47.0-255,66,74485,82,279600
13767,0.001945,172.217.24.0-255,1484,75969,82,279600
13768,0.001949,172.217.24.0-255,1484,77453,82,279600
13769,0.001952,172.31.47.0-255,66,77519,82,279600
13770,0.001972,172.217.24.0-255,1484,79003,82,279600
13771,0.001975,172.217.24.0-255,1484,80487,82,279600
13772,0.001976,172.31.47.0-255,66,80553,82,279600
13773,0.001979,172.217.24.0-255,1484,82037,82,279600
13774,0.003921,172.217.24.0-255,4320,86357,82,279600
13775,0.003927,172.31.47.0-255,66,86423,82,279600
13776,0.005883,172.217.24.0-255,5738,92161,82,279600
13777,0.005888,172.31.47.0-255,66,92227,82,279600
13778,0.007834,172.217.24.0-255,5738,97965,82,279600
13779,0.007844,172.31.47.0-255,66,98031,82,279600
13780,0.009807,172.217.24.0-255,5738,103769,82,279600
13781,0.009818,172.31.47.0-255,66,103835,82,279600
13782,0.011766,172.217.24.0-255,5738,109573,82,279600
13783,0.011779,172.31.47.0-255,66,109639,82,279600
13784,0.013738,172.217.24.0-255,5738,115377,82,279600
13785,0.013754,172.31.47.0-255,66,115443,82,279600
13786,0.015714,172.217.24.0-255,5738,121181,82,279600
13787,0.015725,172.31.47.0-255,66,121247,82,279600
13788,0.017681,172.217.24.0-255,5738,126985,82,279600
13789,0.017692,172.31.47.0-255,66,127051,82,279600
13790,0.019637,172.217.24.0-255,4320,131371,82,279600
13791,0.019645,172.31.47.0-255,66,131437,82,279600
13792,0.019674,172.217.24.0-255,1484,132921,82,279600
13793,0.020381,172.31.47.0-255,172,133093,82,279600
13794,0.020413,172.31.47.0-255,1107,134200,82,279600
13795,0.020465,172.31.47.0-255,1514,135714,82,279600
13796,0.020467,172.31.47.0-255,1292,137006,82,279600
13797,0.021597,172.217.24.0-255,4320,141326,82,279600
13798,0.02161,172.31.47.0-255,66,141392,82,279600
13799,0.021971,104.244.42.0-255,66,141458,82,279600
13800,0.02198,104.244.42.0-255,66,141524,82,279600
13801,0.022055,104.244.42.0-255,66,141590,82,279600
13802,0.023556,172.217.24.0-255,5738,147328,82,279600
13803,0.023563,172.31.47.0-255,66,147394,82,279600
13804,0.025496,172.217.24.0-255,1484,148878,82,279600
13805,0.025534,172.217.24.0-255,4320,153198,82,279600
13806,0.025538,172.31.47.0-255,66,153264,82,279600
13807,0.027486,172.217.24.0-255,4320,157584,82,279600
13808,0.027491,172.31.47.0-255,66,157650,82,279600
13809,0.027516,172.217.24.0-255,1484,159134,82,279600
13810,0.029429,172.217.24.0-255,4320,163454,82,279600
13811,0.029435,172.31.47.0-255,66,163520,82,279600
13812,0.031421,172.217.24.0-255,5738,169258,82,279600
13813,0.031431,172.31.47.0-255,66,169324,82,279600
13814,0.03337,172.217.24.0-255,5738,175062,82,279600
13815,0.033376,172.31.47.0-255,66,175128,82,279600
13816,0.035308,172.217.24.0-255,5738,180866,82,279600
13817,0.035313,172.31.47.0-255,66,180932,82,279600
13818,0.037267,172.217.24.0-255,5738,186670,82,279600
13819,0.037273,172.31.47.0-255,66,186736,82,279600
13820,0.039218,172.217.24.0-255,5738,192474,82,279600
13821,0.039224,172.31.47.0-255,66,192540,82,279600
13822,0.041165,172.217.24.0-255,5738,198278,82,279600
13823,0.04117,172.31.47.0-255,66,198344,82,279600
13824,0.043105,172.217.24.0-255,5738,204082,82,279600
13825,0.04311,172.31.47.0-255,66,204148,82,279600
13826,0.045048,172.217.24.0-255,5738,209886,82,279600
13827,0.045053,172.31.47.0-255,66,209952,82,279600
13828,0.046996,172.217.24.0-255,5738,215690,82,279600
13829,0.047001,172.31.47.0-255,66,215756,82,279600
13830,0.048938,172.217.24.0-255,5738,221494,82,279600
13831,0.048943,172.31.47.0-255,66,221560,82,279600
13832,0.0509,172.217.24.0-255,5738,227298,82,279600
13833,0.050907,172.31.47.0-255,66,227364,82,279600
13834,0.052844,172.217.24.0-255,5738,233102,82,279600
13835,0.052849,172.31.47.0-255,66,233168,82,279600
13836,0.054794,172.217.24.0-255,5738,238906,82,279600
13837,0.054801,172.31.47.0-255,66,238972,82,279600
13838,0.05674,172.217.24.0-255,5738,244710,82,279600
13839,0.056745,172.31.47.0-255,66,244776,82,279600
13840,0.05868,172.217.24.0-255,5738,250514,82,279600
13841,0.058685,172.31.47.0-255,66,250580,82,279600
13842,0.060628,172.217.24.0-255,5738,256318,82,279600
13843,0.060632,172.31.47.0-255,66,256384,82,279600
13844,0.062579,172.217.24.0-255,5738,262122,82,279600
13845,0.062584,172.31.47.0-255,66,262188,82,279600
13846,0.064564,172.217.24.0-255,5738,267926,82,279600
13847,0.06457,172.31.47.0-255,66,267992,82,279600
13848,0.066526,172.217.24.0-255,5738,273730,82,279600
13849,0.06653,172.31.47.0-255,66,273796,82,279600
13850,0.068472,172.217.24.0-255,5738,279534,82,279600
13851,0.06849,172.31.47.0-255,66,279600,82,279600
13852,0.0,172.31.47.0-255,105,105,82,105
13853,0.0,172.217.194.0-255,150,150,82,388048
13854,2.3e-05,172.31.47.0-255,66,216,82,388048
13855,2.9e-05,172.217.194.0-255,1484,1700,82,388048
13856,3.2e-05,172.31.47.0-255,66,1766,82,388048
13857,3.7e-05,172.217.194.0-255,2902,4668,82,388048
13858,3.9e-05,172.31.47.0-255,66,4734,82,388048
13859,5.3e-05,172.217.194.0-255,7156,11890,82,388048
13860,5.5e-05,172.31.47.0-255,66,11956,82,388048
13861,5.8e-05,172.217.194.0-255,1484,13440,82,388048
13862,6e-05,172.31.47.0-255,66,13506,82,388048
13863,9.2e-05,172.217.194.0-255,7156,20662,82,388048
13864,9.5e-05,172.31.47.0-255,66,20728,82,388048
13865,0.000125,172.217.194.0-255,7622,28350,82,388048
13866,0.000128,172.31.47.0-255,66,28416,82,388048
13867,0.000132,172.217.194.0-255,2543,30959,82,388048
13868,0.000133,172.31.47.0-255,66,31025,82,388048
13869,0.000163,172.217.194.0-255,5738,36763,82,388048
13870,0.000165,172.31.47.0-255,66,36829,82,388048
13871,0.000172,172.217.194.0-255,7156,43985,82,388048
13872,0.000174,172.31.47.0-255,66,44051,82,388048
13873,0.000206,172.217.194.0-255,3961,48012,82,388048
13874,0.000209,172.31.47.0-255,66,48078,82,388048
13875,0.000213,172.217.194.0-255,4320,52398,82,388048
13876,0.000215,172.31.47.0-255,66,52464,82,388048
13877,0.00022,172.217.194.0-255,4320,56784,82,388048
13878,0.000221,172.31.47.0-255,66,56850,82,388048
13879,0.000249,172.217.194.0-255,5738,62588,82,388048
13880,0.000252,172.31.47.0-255,66,62654,82,388048
13881,0.000261,172.217.194.0-255,2854,65508,82,388048
13882,0.000264,172.31.47.0-255,66,65574,82,388048
13883,0.000311,172.217.194.0-255,367,65941,82,388048
13884,0.000314,172.31.47.0-255,66,66007,82,388048
13885,0.000676,172.217.194.0-255,1484,67491,82,388048
13886,0.000681,172.217.194.0-255,2902,70393,82,388048
13887,0.000684,172.31.47.0-255,66,70459,82,388048
13888,0.000714,172.217.194.0-255,5738,76197,82,388048
13889,0.000716,172.31.47.0-255,66,76263,82,388048
13890,0.000721,172.217.194.0-255,5738,82001,82,388048
13891,0.000723,172.31.47.0-255,66,82067,82,388048
13892,0.000746,172.217.194.0-255,7156,89223,82,388048
13893,0.000749,172.31.47.0-255,66,89289,82,388048
13894,0.000759,172.217.194.0-255,7156,96445,82,388048
13895,0.000762,172.31.47.0-255,66,96511,82,388048
13896,0.000794,172.217.194.0-255,3602,100113,82,388048
13897,0.000797,172.31.47.0-255,66,100179,82,388048
13898,0.001075,172.217.194.0-255,1484,101663,82,388048
13899,0.001084,172.217.194.0-255,2902,104565,82,388048
13900,0.001087,172.31.47.0-255,66,104631,82,388048
13901,0.001091,172.217.194.0-255,1484,106115,82,388048
13902,0.001117,172.217.194.0-255,4320,110435,82,388048
13903,0.00112,172.31.47.0-255,66,110501,82,388048
13904,0.001125,172.217.194.0-255,4320,114821,82,388048
13905,0.001127,172.31.47.0-255,66,114887,82,388048
13906,0.001132,172.217.194.0-255,5738,120625,82,388048
13907,0.001134,172.31.47.0-255,66,120691,82,388048
13908,0.001166,172.217.194.0-255,5738,126429,82,388048
13909,0.001169,172.31.47.0-255,66,126495,82,388048
13910,0.001175,172.217.194.0-255,7856,134351,82,388048
13911,0.001177,172.31.47.0-255,66,134417,82,388048
13912,0.001684,172.217.194.0-255,1484,135901,82,388048
13913,0.001691,172.217.194.0-255,2902,138803,82,388048
13914,0.001694,172.31.47.0-255,66,138869,82,388048
13915,0.001698,172.217.194.0-255,1484,140353,82,388048
13916,0.001723,172.217.194.0-255,4320,144673,82,388048
13917,0.001725,172.31.47.0-255,66,144739,82,388048
13918,0.001733,172.217.194.0-255,9992,154731,82,388048
13919,0.001734,172.31.47.0-255,66,154797,82,388048
13920,0.00177,172.217.194.0-255,2902,157699,82,388048
13921,0.001771,172.31.47.0-255,66,157765,82,388048
13922,0.001792,172.217.194.0-255,9992,167757,82,388048
13923,0.001793,172.31.47.0-255,66,167823,82,388048
13924,0.001815,172.217.194.0-255,766,168589,82,388048
13925,0.001825,172.217.194.0-255,1484,170073,82,388048
13926,0.001827,172.31.47.0-255,66,170139,82,388048
13927,0.001843,172.217.194.0-255,2902,173041,82,388048
13928,0.001845,172.31.47.0-255,66,173107,82,388048
13929,0.00185,172.217.194.0-255,5738,178845,82,388048
13930,0.001852,172.31.47.0-255,66,178911,82,388048
13931,0.001883,172.31.47.0-255,66,178977,82,388048
13932,0.001901,172.217.194.0-255,1484,180461,82,388048
13933,0.001923,172.217.194.0-255,5738,186199,82,388048
13934,0.001925,172.31.47.0-255,66,186265,82,388048
13935,0.001947,172.217.194.0-255,5020,191285,82,388048
13936,0.001949,172.31.47.0-255,66,191351,82,388048
13937,0.001994,172.217.194.0-255,1484,192835,82,388048
13938,0.002008,172.217.194.0-255,2902,195737,82,388048
13939,0.002009,172.31.47.0-255,66,195803,82,388048
13940,0.002031,172.217.194.0-255,4320,200123,82,388048
13941,0.002034,172.31.47.0-255,66,200189,82,388048
13942,0.002039,172.217.194.0-255,5738,205927,82,388048
13943,0.00204,172.31.47.0-255,66,205993,82,388048
13944,0.002058,172.217.194.0-255,2902,208895,82,388048
13945,0.00206,172.31.47.0-255,66,208961,82,388048
13946,0.002082,172.217.194.0-255,8574,217535,82,388048
13947,0.002084,172.31.47.0-255,66,217601,82,388048
13948,0.002094,172.217.194.0-255,7856,225457,82,388048
13949,0.002096,172.31.47.0-255,66,225523,82,388048
13950,0.002223,172.217.194.0-255,1484,227007,82,388048
13951,0.002241,172.217.194.0-255,2902,229909,82,388048
13952,0.002243,172.31.47.0-255,66,229975,82,388048
13953,0.002263,172.217.194.0-255,5738,235713,82,388048
13954,0.002265,172.31.47.0-255,66,235779,82,388048
13955,0.002295,172.217.194.0-255,9992,245771,82,388048
13956,0.002297,172.31.47.0-255,66,245837,82,388048
13957,0.00233,172.217.194.0-255,2902,248739,82,388048
13958,0.002332,172.31.47.0-255,66,248805,82,388048
13959,0.002365,172.31.47.0-255,66,248871,82,388048
13960,0.002368,172.217.194.0-255,1484,250355,82,388048
13961,0.002375,172.217.194.0-255,9992,260347,82,388048
13962,0.002381,172.31.47.0-255,66,260413,82,388048
13963,0.004683,172.217.194.0-255,5738,266151,82,388048
13964,0.00469,172.31.47.0-255,66,266217,82,388048
13965,0.007003,172.217.194.0-255,5738,271955,82,388048
13966,0.007007,172.31.47.0-255,66,272021,82,388048
13967,0.009367,172.217.194.0-255,5738,277759,82,388048
13968,0.009373,172.31.47.0-255,66,277825,82,388048
13969,0.011661,172.217.194.0-255,5738,283563,82,388048
13970,0.011668,172.31.47.0-255,66,283629,82,388048
13971,0.013987,172.217.194.0-255,5738,289367,82,388048
13972,0.014002,172.31.47.0-255,66,289433,82,388048
13973,0.016343,172.217.194.0-255,5738,295171,82,388048
13974,0.016351,172.31.47.0-255,66,295237,82,388048
13975,0.018659,172.217.194.0-255,5738,300975,82,388048
13976,0.018665,172.31.47.0-255,66,301041,82,388048
13977,0.020974,172.217.194.0-255,5738,306779,82,388048
13978,0.020983,172.31.47.0-255,66,306845,82,388048
13979,0.023284,172.217.194.0-255,5738,312583,82,388048
13980,0.02329,172.31.47.0-255,66,312649,82,388048
13981,0.025608,172.217.194.0-255,5738,318387,82,388048
13982,0.025614,172.31.47.0-255,66,318453,82,388048
13983,0.027931,172.217.194.0-255,5738,324191,82,388048
13984,0.027937,172.31.47.0-255,66,324257,82,388048
13985,0.028719,172.31.47.0-255,176,324433,82,388048
13986,0.028744,172.31.47.0-255,1111,325544,82,388048
13987,0.028777,172.31.47.0-255,1514,327058,82,388048
13988,0.028779,172.31.47.0-255,1288,328346,82,388048
13989,0.030197,104.244.42.0-255,66,328412,82,388048
13990,0.030235,172.217.194.0-255,1484,329896,82,388048
13991,0.030268,104.244.42.0-255,66,329962,82,388048
13992,0.030271,172.217.194.0-255,4320,334282,82,388048
13993,0.030275,172.31.47.0-255,66,334348,82,388048
13994,0.030361,104.244.42.0-255,66,334414,82,388048
13995,0.032581,172.217.194.0-255,5738,340152,82,388048
13996,0.032588,172.31.47.0-255,66,340218,82,388048
13997,0.034899,172.217.194.0-255,5738,345956,82,388048
13998,0.034904,172.31.47.0-255,66,346022,82,388048
13999,0.037199,172.217.194.0-255,5738,351760,82,388048
14000,0.037203,172.31.47.0-255,66,351826,82,388048
14001,0.039493,172.217.194.0-255,5738,357564,82,388048
14002,0.039497,172.31.47.0-255,66,357630,82,388048
14003,0.041801,172.217.194.0-255,5738,363368,82,388048
14004,0.041806,172.31.47.0-255,66,363434,82,388048
14005,0.044099,172.217.194.0-255,5738,369172,82,388048
14006,0.044105,172.31.47.0-255,66,369238,82,388048
14007,0.046411,172.217.194.0-255,5738,374976,82,388048
14008,0.046416,172.31.47.0-255,66,375042,82,388048
14009,0.048756,172.217.194.0-255,5738,380780,82,388048
14010,0.048761,172.31.47.0-255,66,380846,82,388048
14011,0.051097,172.217.194.0-255,5738,386584,82,388048
14012,0.051101,172.31.47.0-255,66,386650,82,388048
14013,0.053417,172.217.194.0-255,1161,387811,82,388048
14014,0.053607,172.31.47.0-255,66,387877,82,388048
14015,0.053635,172.31.47.0-255,105,387982,82,388048
14016,0.055921,172.217.194.0-255,66,388048,82,388048
14017,0.0,74.125.24.0-255,153,153,82,272915
14018,2e-05,172.31.47.0-255,66,219,82,272915
14019,2.6e-05,74.125.24.0-255,1484,1703,82,272915
14020,3e-05,172.31.47.0-255,66,1769,82,272915
14021,3.5e-05,74.125.24.0-255,2902,4671,82,272915
14022,3.8e-05,172.31.47.0-255,66,4737,82,272915
14023,4.6e-05,74.125.24.0-255,7156,11893,82,272915
14024,4.9e-05,172.31.47.0-255,66,11959,82,272915
14025,9.9e-05,74.125.24.0-255,2045,14004,82,272915
14026,0.000102,172.31.47.0-255,66,14070,82,272915
14027,0.000107,74.125.24.0-255,2902,16972,82,272915
14028,0.00011,172.31.47.0-255,66,17038,82,272915
14029,0.000141,74.125.24.0-255,7156,24194,82,272915
14030,0.000143,172.31.47.0-255,66,24260,82,272915
14031,0.00015,74.125.24.0-255,4320,28580,82,272915
14032,0.000153,172.31.47.0-255,66,28646,82,272915
14033,0.000167,74.125.24.0-255,2543,31189,82,272915
14034,0.00017,172.31.47.0-255,66,31255,82,272915
14035,0.000274,74.125.24.0-255,1484,32739,82,272915
14036,0.000278,172.31.47.0-255,66,32805,82,272915
14037,0.000284,74.125.24.0-255,2902,35707,82,272915
14038,0.000287,172.31.47.0-255,66,35773,82,272915
14039,0.000289,74.125.24.0-255,1484,37257,82,272915
14040,0.000291,172.31.47.0-255,66,37323,82,272915
14041,0.000313,74.125.24.0-255,4320,41643,82,272915
14042,0.000316,172.31.47.0-255,66,41709,82,272915
14043,0.000323,74.125.24.0-255,5738,47447,82,272915
14044,0.000326,172.31.47.0-255,66,47513,82,272915
14045,0.000366,172.31.47.0-255,66,47579,82,272915
14046,0.000372,74.125.24.0-255,3961,51540,82,272915
14047,0.000374,172.31.47.0-255,66,51606,82,272915
14048,0.000417,74.125.24.0-255,399,52005,82,272915
14049,0.000669,74.125.24.0-255,343,52348,82,272915
14050,0.000763,172.31.47.0-255,66,52414,82,272915
14051,0.001236,74.125.24.0-255,1484,53898,82,272915
14052,0.001247,74.125.24.0-255,2902,56800,82,272915
14053,0.001252,172.31.47.0-255,66,56866,82,272915
14054,0.00126,74.125.24.0-255,5738,62604,82,272915
14055,0.001262,172.31.47.0-255,66,62670,82,272915
14056,0.001315,172.31.47.0-255,66,62736,82,272915
14057,0.001323,74.125.24.0-255,7156,69892,82,272915
14058,0.001325,172.31.47.0-255,66,69958,82,272915
14059,0.001347,74.125.24.0-255,2543,72501,82,272915
14060,0.00135,172.31.47.0-255,66,72567,82,272915
14061,0.00147,74.125.24.0-255,1484,74051,82,272915
14062,0.001483,74.125.24.0-255,2902,76953,82,272915
14063,0.001485,172.31.47.0-255,66,77019,82,272915
14064,0.001505,74.125.24.0-255,4320,81339,82,272915
14065,0.001507,172.31.47.0-255,66,81405,82,272915
14066,0.00151,74.125.24.0-255,1484,82889,82,272915
14067,0.001529,74.125.24.0-255,7156,90045,82,272915
14068,0.001531,172.31.47.0-255,66,90111,82,272915
14069,0.001561,74.125.24.0-255,4320,94431,82,272915
14070,0.001562,172.31.47.0-255,66,94497,82,272915
14071,0.001577,74.125.24.0-255,9992,104489,82,272915
14072,0.001579,172.31.47.0-255,66,104555,82,272915
14073,0.0016,74.125.24.0-255,2184,106739,82,272915
14074,0.001601,172.31.47.0-255,66,106805,82,272915
14075,0.001846,74.125.24.0-255,1484,108289,82,272915
14076,0.001861,74.125.24.0-255,2902,111191,82,272915
14077,0.001863,172.31.47.0-255,66,111257,82,272915
14078,0.001883,74.125.24.0-255,5738,116995,82,272915
14079,0.001885,172.31.47.0-255,66,117061,82,272915
14080,0.001912,74.125.24.0-255,2902,119963,82,272915
14081,0.001914,172.31.47.0-255,66,120029,82,272915
14082,0.001939,74.125.24.0-255,8574,128603,82,272915
14083,0.001941,172.31.47.0-255,66,128669,82,272915
14084,0.001952,172.31.47.0-255,66,128735,82,272915
14085,0.002102,74.125.24.0-255,1484,130219,82,272915
14086,0.002118,74.125.24.0-255,1484,131703,82,272915
14087,0.00212,172.31.47.0-255,66,131769,82,272915
14088,0.002134,74.125.24.0-255,1484,133253,82,272915
14089,0.002139,74.125.24.0-255,4320,137573,82,272915
14090,0.002141,172.31.47.0-255,66,137639,82,272915
14091,0.002156,74.125.24.0-255,1484,139123,82,272915
14092,0.00216,74.125.24.0-255,4320,143443,82,272915
14093,0.002162,172.31.47.0-255,66,143509,82,272915
14094,0.002179,74.125.24.0-255,4320,147829,82,272915
14095,0.002181,172.31.47.0-255,66,147895,82,272915
14096,0.002217,74.125.24.0-255,2902,150797,82,272915
14097,0.002219,172.31.47.0-255,66,150863,82,272915
14098,0.002239,74.125.24.0-255,8574,159437,82,272915
14099,0.002241,172.31.47.0-255,66,159503,82,272915
14100,0.002253,74.125.24.0-255,3602,163105,82,272915
14101,0.002255,172.31.47.0-255,66,163171,82,272915
14102,0.002538,74.125.24.0-255,1484,164655,82,272915
14103,0.00256,74.125.24.0-255,2902,167557,82,272915
14104,0.002562,172.31.47.0-255,66,167623,82,272915
14105,0.002586,74.125.24.0-255,4320,171943,82,272915
14106,0.002588,172.31.47.0-255,66,172009,82,272915
14107,0.002624,74.125.24.0-255,4320,176329,82,272915
14108,0.002626,172.31.47.0-255,66,176395,82,272915
14109,0.002642,74.125.24.0-255,1484,177879,82,272915
14110,0.00265,74.125.24.0-255,1484,179363,82,272915
14111,0.002652,172.31.47.0-255,66,179429,82,272915
14112,0.00267,74.125.24.0-255,5738,185167,82,272915
14113,0.002672,172.31.47.0-255,66,185233,82,272915
14114,0.002676,74.125.24.0-255,4320,189553,82,272915
14115,0.002678,172.31.47.0-255,66,189619,82,272915
14116,0.002681,74.125.24.0-255,2902,192521,82,272915
14117,0.002683,172.31.47.0-255,66,192587,82,272915
14118,0.002685,74.125.24.0-255,1484,194071,82,272915
14119,0.002723,74.125.24.0-255,3602,197673,82,272915
14120,0.002726,172.31.47.0-255,66,197739,82,272915
14121,0.002974,74.125.24.0-255,1484,199223,82,272915
14122,0.002989,74.125.24.0-255,2902,202125,82,272915
14123,0.002991,172.31.47.0-255,66,202191,82,272915
14124,0.003011,74.125.24.0-255,5738,207929,82,272915
14125,0.003013,172.31.47.0-255,66,207995,82,272915
14126,0.003078,172.31.47.0-255,66,208061,82,272915
14127,0.003089,172.31.47.0-255,66,208127,82,272915
14128,0.003093,74.125.24.0-255,4320,212447,82,272915
14129,0.003095,172.31.47.0-255,66,212513,82,272915
14130,0.00313,172.31.47.0-255,66,212579,82,272915
14131,0.003134,74.125.24.0-255,4320,216899,82,272915
14132,0.003136,172.31.47.0-255,66,216965,82,272915
14133,0.003168,74.125.24.0-255,6438,223403,82,272915
14134,0.003171,172.31.47.0-255,66,223469,82,272915
14135,0.003183,74.125.24.0-255,1484,224953,82,272915
14136,0.003218,172.31.47.0-255,66,225019,82,272915
14137,0.003241,74.125.24.0-255,9992,235011,82,272915
14138,0.003244,172.31.47.0-255,66,235077,82,272915
14139,0.003251,74.125.24.0-255,8574,243651,82,272915
14140,0.003254,172.31.47.0-255,66,243717,82,272915
14141,0.003276,74.125.24.0-255,10692,254409,82,272915
14142,0.003279,172.31.47.0-255,66,254475,82,272915
14143,0.003282,74.125.24.0-255,2902,257377,82,272915
14144,0.003284,172.31.47.0-255,66,257443,82,272915
14145,0.003308,172.31.47.0-255,66,257509,82,272915
14146,0.003339,74.125.24.0-255,2902,260411,82,272915
14147,0.003341,172.31.47.0-255,66,260477,82,272915
14148,0.003369,172.31.47.0-255,66,260543,82,272915
14149,0.003392,74.125.24.0-255,1484,262027,82,272915
14150,0.003421,74.125.24.0-255,6131,268158,82,272915
14151,0.003422,172.31.47.0-255,66,268224,82,272915
14152,0.003428,172.31.47.0-255,66,268290,82,272915
14153,0.003452,74.125.24.0-255,105,268395,82,272915
14154,0.005567,172.31.47.0-255,66,268461,82,272915
14155,0.005591,172.31.47.0-255,105,268566,82,272915
14156,0.008096,74.125.24.0-255,66,268632,82,272915
14157,0.026159,172.31.47.0-255,172,268804,82,272915
14158,0.026184,172.31.47.0-255,1112,269916,82,272915
14159,0.026217,172.31.47.0-255,1514,271430,82,272915
14160,0.026219,172.31.47.0-255,1287,272717,82,272915
14161,0.027718,104.244.42.0-255,66,272783,82,272915
14162,0.027728,104.244.42.0-255,66,272849,82,272915
14163,0.027758,104.244.42.0-255,66,272915,82,272915
14164,0.0,172.217.194.0-255,153,153,82,350749
14165,1.8e-05,172.31.47.0-255,66,219,82,350749
14166,3.2e-05,172.217.194.0-255,1484,1703,82,350749
14167,3.5e-05,172.31.47.0-255,66,1769,82,350749
14168,3.8e-05,172.217.194.0-255,1484,3253,82,350749
14169,4e-05,172.31.47.0-255,66,3319,82,350749
14170,5.9e-05,172.217.194.0-255,1484,4803,82,350749
14171,6.1e-05,172.31.47.0-255,66,4869,82,350749
14172,6.8e-05,172.217.194.0-255,7156,12025,82,350749
14173,7e-05,172.31.47.0-255,66,12091,82,350749
14174,7.3e-05,172.217.194.0-255,1958,14049,82,350749
14175,7.4e-05,172.31.47.0-255,66,14115,82,350749
14176,0.000185,172.217.194.0-255,1484,15599,82,350749
14177,0.00019,172.31.47.0-255,66,15665,82,350749
14178,0.000199,172.217.194.0-255,1484,17149,82,350749
14179,0.000201,172.31.47.0-255,66,17215,82,350749
14180,0.000225,172.217.194.0-255,1484,18699,82,350749
14181,0.000227,172.31.47.0-255,66,18765,82,350749
14182,0.000232,172.217.194.0-255,4320,23085,82,350749
14183,0.000234,172.31.47.0-255,66,23151,82,350749
14184,0.000247,172.217.194.0-255,1484,24635,82,350749
14185,0.000249,172.31.47.0-255,66,24701,82,350749
14186,0.000255,172.217.194.0-255,5738,30439,82,350749
14187,0.000257,172.31.47.0-255,66,30505,82,350749
14188,0.000286,172.217.194.0-255,3961,34466,82,350749
14189,0.000289,172.31.47.0-255,66,34532,82,350749
14190,0.000296,172.217.194.0-255,9992,44524,82,350749
14191,0.000299,172.31.47.0-255,66,44590,82,350749
14192,0.000303,172.217.194.0-255,4320,48910,82,350749
14193,0.000304,172.31.47.0-255,66,48976,82,350749
14194,0.000347,172.31.47.0-255,66,49042,82,350749
14195,0.000379,172.217.194.0-255,367,49409,82,350749
14196,0.000656,172.217.194.0-255,1484,50893,82,350749
14197,0.000658,172.31.47.0-255,66,50959,82,350749
14198,0.000661,172.217.194.0-255,2902,53861,82,350749
14199,0.000662,172.31.47.0-255,66,53927,82,350749
14200,0.000681,172.217.194.0-255,1484,55411,82,350749
14201,0.0007,172.217.194.0-255,4320,59731,82,350749
14202,0.000703,172.31.47.0-255,66,59797,82,350749
14203,0.000708,172.217.194.0-255,4320,64117,82,350749
14204,0.00071,172.31.47.0-255,66,64183,82,350749
14205,0.00073,172.217.194.0-255,8574,72757,82,350749
14206,0.000733,172.31.47.0-255,66,72823,82,350749
14207,0.000739,172.217.194.0-255,7156,79979,82,350749
14208,0.00074,172.31.47.0-255,66,80045,82,350749
14209,0.000762,172.217.194.0-255,2902,82947,82,350749
14210,0.000765,172.31.47.0-255,66,83013,82,350749
14211,0.000768,172.217.194.0-255,766,83779,82,350749
14212,0.000883,172.31.47.0-255,66,83845,82,350749
14213,0.001044,172.217.194.0-255,1484,85329,82,350749
14214,0.001053,172.217.194.0-255,2902,88231,82,350749
14215,0.001056,172.31.47.0-255,66,88297,82,350749
14216,0.001078,172.217.194.0-255,5738,94035,82,350749
14217,0.001081,172.31.47.0-255,66,94101,82,350749
14218,0.001107,172.217.194.0-255,9992,104093,82,350749
14219,0.00111,172.31.47.0-255,66,104159,82,350749
14220,0.001124,172.217.194.0-255,2902,107061,82,350749
14221,0.001126,172.31.47.0-255,66,107127,82,350749
14222,0.001135,172.217.194.0-255,8574,115701,82,350749
14223,0.001137,172.31.47.0-255,66,115767,82,350749
14224,0.001157,172.217.194.0-255,2184,117951,82,350749
14225,0.00116,172.31.47.0-255,66,118017,82,350749
14226,0.001175,172.217.194.0-255,4320,122337,82,350749
14227,0.001178,172.31.47.0-255,66,122403,82,350749
14228,0.001181,172.217.194.0-255,1484,123887,82,350749
14229,0.001218,172.217.194.0-255,4320,128207,82,350749
14230,0.00122,172.31.47.0-255,66,128273,82,350749
14231,0.001231,172.31.47.0-255,66,128339,82,350749
14232,0.00124,172.217.194.0-255,8574,136913,82,350749
14233,0.001242,172.31.47.0-255,66,136979,82,350749
14234,0.001263,172.217.194.0-255,3602,140581,82,350749
14235,0.001265,172.31.47.0-255,66,140647,82,350749
14236,0.001408,172.217.194.0-255,1484,142131,82,350749
14237,0.001425,172.217.194.0-255,2902,145033,82,350749
14238,0.001428,172.31.47.0-255,66,145099,82,350749
14239,0.001434,172.217.194.0-255,5738,150837,82,350749
14240,0.001436,172.31.47.0-255,66,150903,82,350749
14241,0.001456,172.217.194.0-255,1484,152387,82,350749
14242,0.00149,172.31.47.0-255,66,152453,82,350749
14243,0.001498,172.217.194.0-255,10692,163145,82,350749
14244,0.0015,172.31.47.0-255,66,163211,82,350749
14245,0.001618,172.217.194.0-255,1484,164695,82,350749
14246,0.001623,172.217.194.0-255,2902,167597,82,350749
14247,0.001625,172.31.47.0-255,66,167663,82,350749
14248,0.001646,172.217.194.0-255,5738,173401,82,350749
14249,0.001648,172.31.47.0-255,66,173467,82,350749
14250,0.001676,172.31.47.0-255,66,173533,82,350749
14251,0.001702,172.217.194.0-255,2902,176435,82,350749
14252,0.001704,172.31.47.0-255,66,176501,82,350749
14253,0.001713,172.217.194.0-255,2902,179403,82,350749
14254,0.001715,172.31.47.0-255,66,179469,82,350749
14255,0.001726,172.217.194.0-255,5020,184489,82,350749
14256,0.001728,172.31.47.0-255,66,184555,82,350749
14257,0.002004,172.217.194.0-255,1484,186039,82,350749
14258,0.002014,172.217.194.0-255,2902,188941,82,350749
14259,0.002016,172.31.47.0-255,66,189007,82,350749
14260,0.00204,172.217.194.0-255,2902,191909,82,350749
14261,0.002041,172.31.47.0-255,66,191975,82,350749
14262,0.002044,172.217.194.0-255,1484,193459,82,350749
14263,0.002055,172.217.194.0-255,2902,196361,82,350749
14264,0.002057,172.31.47.0-255,66,196427,82,350749
14265,0.002106,172.217.194.0-255,4320,200747,82,350749
14266,0.002109,172.31.47.0-255,66,200813,82,350749
14267,0.002114,172.217.194.0-255,5738,206551,82,350749
14268,0.002115,172.31.47.0-255,66,206617,82,350749
14269,0.00213,172.217.194.0-255,4320,210937,82,350749
14270,0.002131,172.31.47.0-255,66,211003,82,350749
14271,0.002158,172.217.194.0-255,7156,218159,82,350749
14272,0.00216,172.31.47.0-255,66,218225,82,350749
14273,0.002162,172.217.194.0-255,766,218991,82,350749
14274,0.002302,172.217.194.0-255,1484,220475,82,350749
14275,0.002304,172.31.47.0-255,66,220541,82,350749
14276,0.002316,172.217.194.0-255,2902,223443,82,350749
14277,0.002318,172.31.47.0-255,66,223509,82,350749
14278,0.002348,172.217.194.0-255,2902,226411,82,350749
14279,0.002349,172.31.47.0-255,66,226477,82,350749
14280,0.002353,172.217.194.0-255,2902,229379,82,350749
14281,0.002354,172.31.47.0-255,66,229445,82,350749
14282,0.002365,172.217.194.0-255,1484,230929,82,350749
14283,0.002378,172.217.194.0-255,2902,233831,82,350749
14284,0.002379,172.31.47.0-255,66,233897,82,350749
14285,0.002396,172.217.194.0-255,5738,239635,82,350749
14286,0.002398,172.31.47.0-255,66,239701,82,350749
14287,0.002401,172.217.194.0-255,1484,241185,82,350749
14288,0.002425,172.217.194.0-255,7156,248341,82,350749
14289,0.002427,172.31.47.0-255,66,248407,82,350749
14290,0.002457,172.217.194.0-255,2902,251309,82,350749
14291,0.002459,172.31.47.0-255,66,251375,82,350749
14292,0.002476,172.217.194.0-255,2184,253559,82,350749
14293,0.002478,172.31.47.0-255,66,253625,82,350749
14294,0.00248,172.217.194.0-255,1484,255109,82,350749
14295,0.002492,172.217.194.0-255,4320,259429,82,350749
14296,0.002494,172.31.47.0-255,66,259495,82,350749
14297,0.00252,172.217.194.0-255,1484,260979,82,350749
14298,0.00253,172.217.194.0-255,1484,262463,82,350749
14299,0.002532,172.31.47.0-255,66,262529,82,350749
14300,0.002553,172.217.194.0-255,4320,266849,82,350749
14301,0.002555,172.31.47.0-255,66,266915,82,350749
14302,0.002557,172.217.194.0-255,1484,268399,82,350749
14303,0.00256,172.217.194.0-255,1484,269883,82,350749
14304,0.002561,172.31.47.0-255,66,269949,82,350749
14305,0.002574,172.217.194.0-255,4320,274269,82,350749
14306,0.002576,172.31.47.0-255,66,274335,82,350749
14307,0.002599,172.217.194.0-255,5738,280073,82,350749
14308,0.002601,172.31.47.0-255,66,280139,82,350749
14309,0.002603,172.217.194.0-255,1484,281623,82,350749
14310,0.002605,172.217.194.0-255,1484,283107,82,350749
14311,0.002607,172.31.47.0-255,66,283173,82,350749
14312,0.002612,172.217.194.0-255,5020,288193,82,350749
14313,0.002614,172.31.47.0-255,66,288259,82,350749
14314,0.002647,172.217.194.0-255,5738,293997,82,350749
14315,0.002649,172.31.47.0-255,66,294063,82,350749
14316,0.002675,172.217.194.0-255,8574,302637,82,350749
14317,0.002677,172.31.47.0-255,66,302703,82,350749
14318,0.002681,172.217.194.0-255,4320,307023,82,350749
14319,0.002683,172.31.47.0-255,66,307089,82,350749
14320,0.002695,172.217.194.0-255,4320,311409,82,350749
14321,0.002698,172.31.47.0-255,66,311475,82,350749
14322,0.002725,172.217.194.0-255,10692,322167,82,350749
14323,0.002727,172.31.47.0-255,66,322233,82,350749
14324,0.002741,172.217.194.0-255,1484,323717,82,350749
14325,0.002751,172.217.194.0-255,5738,329455,82,350749
14326,0.002753,172.31.47.0-255,66,329521,82,350749
14327,0.002758,172.217.194.0-255,5738,335259,82,350749
14328,0.002761,172.31.47.0-255,66,335325,82,350749
14329,0.002774,172.217.194.0-255,2902,338227,82,350749
14330,0.002776,172.31.47.0-255,66,338293,82,350749
14331,0.002789,172.217.194.0-255,4320,342613,82,350749
14332,0.002791,172.31.47.0-255,66,342679,82,350749
14333,0.002828,172.31.47.0-255,66,342745,82,350749
14334,0.002831,172.217.194.0-255,2184,344929,82,350749
14335,0.002833,172.31.47.0-255,66,344995,82,350749
14336,0.002835,172.217.194.0-255,1138,346133,82,350749
14337,0.002848,172.217.194.0-255,105,346238,82,350749
14338,0.008169,172.31.47.0-255,66,346304,82,350749
14339,0.008194,172.31.47.0-255,105,346409,82,350749
14340,0.010436,172.217.194.0-255,66,346475,82,350749
14341,0.026807,172.31.47.0-255,163,346638,82,350749
14342,0.026837,172.31.47.0-255,1145,347783,82,350749
14343,0.026878,172.31.47.0-255,1514,349297,82,350749
14344,0.02688,172.31.47.0-255,1254,350551,82,350749
14345,0.028328,104.244.42.0-255,66,350617,82,350749
14346,0.028351,104.244.42.0-255,66,350683,82,350749
14347,0.028399,104.244.42.0-255,66,350749,82,350749
14348,0.0,74.125.24.0-255,153,153,82,375558
14349,2e-05,172.31.47.0-255,66,219,82,375558
14350,2.6e-05,74.125.24.0-255,1484,1703,82,375558
14351,3e-05,172.31.47.0-255,66,1769,82,375558
14352,3.5e-05,74.125.24.0-255,2902,4671,82,375558
14353,3.7e-05,172.31.47.0-255,66,4737,82,375558
14354,7.5e-05,74.125.24.0-255,7156,11893,82,375558
14355,7.7e-05,172.31.47.0-255,66,11959,82,375558
14356,8e-05,74.125.24.0-255,1484,13443,82,375558
14357,8.2e-05,172.31.47.0-255,66,13509,82,375558
14358,9.8e-05,74.125.24.0-255,4320,17829,82,375558
14359,0.0001,172.31.47.0-255,66,17895,82,375558
14360,0.000129,74.125.24.0-255,10680,28575,82,375558
14361,0.000131,172.31.47.0-255,66,28641,82,375558
14362,0.000142,172.31.47.0-255,66,28707,82,375558
14363,0.000187,74.125.24.0-255,7856,36563,82,375558
14364,0.000189,172.31.47.0-255,66,36629,82,375558
14365,0.00028,74.125.24.0-255,1484,38113,82,375558
14366,0.000284,172.31.47.0-255,66,38179,82,375558
14367,0.000289,74.125.24.0-255,2902,41081,82,375558
14368,0.000292,172.31.47.0-255,66,41147,82,375558
14369,0.000294,74.125.24.0-255,1484,42631,82,375558
14370,0.000296,172.31.47.0-255,66,42697,82,375558
14371,0.000324,74.125.24.0-255,4320,47017,82,375558
14372,0.000327,172.31.47.0-255,66,47083,82,375558
14373,0.000333,74.125.24.0-255,5738,52821,82,375558
14374,0.000335,172.31.47.0-255,66,52887,82,375558
14375,0.000357,74.125.24.0-255,1713,54600,82,375558
14376,0.000359,172.31.47.0-255,66,54666,82,375558
14377,0.000508,74.125.24.0-255,1484,56150,82,375558
14378,0.000514,172.31.47.0-255,66,56216,82,375558
14379,0.000525,74.125.24.0-255,2902,59118,82,375558
14380,0.00053,74.125.24.0-255,2902,62020,82,375558
14381,0.000546,74.125.24.0-255,2902,64922,82,375558
14382,0.000553,74.125.24.0-255,8574,73496,82,375558
14383,0.000567,172.31.47.0-255,66,73562,82,375558
14384,0.000578,74.125.24.0-255,4320,77882,82,375558
14385,0.000586,74.125.24.0-255,9992,87874,82,375558
14386,0.000613,172.31.47.0-255,66,87940,82,375558
14387,0.000617,74.125.24.0-255,2184,90124,82,375558
14388,0.000622,172.31.47.0-255,66,90190,82,375558
14389,0.000632,74.125.24.0-255,2902,93092,82,375558
14390,0.000657,172.31.47.0-255,66,93158,82,375558
14391,0.000664,74.125.24.0-255,7156,100314,82,375558
14392,0.00067,74.125.24.0-255,8574,108888,82,375558
14393,0.000675,172.31.47.0-255,66,108954,82,375558
14394,0.000711,74.125.24.0-255,7156,116110,82,375558
14395,0.000718,172.31.47.0-255,66,116176,82,375558
14396,0.000746,74.125.24.0-255,10692,126868,82,375558
14397,0.000755,74.125.24.0-255,9992,136860,82,375558
14398,0.00076,172.31.47.0-255,66,136926,82,375558
14399,0.000782,74.125.24.0-255,4320,141246,82,375558
14400,0.000793,172.31.47.0-255,66,141312,82,375558
14401,0.000833,172.31.47.0-255,66,141378,82,375558
14402,0.000867,74.125.24.0-255,1484,142862,82,375558
14403,0.000872,74.125.24.0-255,2902,145764,82,375558
14404,0.000886,74.125.24.0-255,1484,147248,82,375558
14405,0.000897,172.31.47.0-255,66,147314,82,375558
14406,0.000903,74.125.24.0-255,4320,151634,82,375558
14407,0.000908,172.31.47.0-255,66,151700,82,375558
14408,0.000918,74.125.24.0-255,5738,157438,82,375558
14409,0.000937,74.125.24.0-255,7156,164594,82,375558
14410,0.000943,74.125.24.0-255,7156,171750,82,375558
14411,0.000957,172.31.47.0-255,66,171816,82,375558
14412,0.000973,74.125.24.0-255,3602,175418,82,375558
14413,0.000994,172.31.47.0-255,66,175484,82,375558
14414,0.001037,74.125.24.0-255,1484,176968,82,375558
14415,0.001055,74.125.24.0-255,2902,179870,82,375558
14416,0.001071,172.31.47.0-255,66,179936,82,375558
14417,0.001081,74.125.24.0-255,5738,185674,82,375558
14418,0.001083,74.125.24.0-255,1484,187158,82,375558
14419,0.001089,172.31.47.0-255,66,187224,82,375558
14420,0.001099,74.125.24.0-255,2902,190126,82,375558
14421,0.001114,172.31.47.0-255,66,190192,82,375558
14422,0.001126,74.125.24.0-255,9992,200184,82,375558
14423,0.001165,172.31.47.0-255,66,200250,82,375558
14424,0.001186,74.125.24.0-255,9274,209524,82,375558
14425,0.001202,172.31.47.0-255,66,209590,82,375558
14426,0.001256,74.125.24.0-255,1484,211074,82,375558
14427,0.001268,74.125.24.0-255,2902,213976,82,375558
14428,0.001278,74.125.24.0-255,1484,215460,82,375558
14429,0.001284,172.31.47.0-255,66,215526,82,375558
14430,0.001296,74.125.24.0-255,4320,219846,82,375558
14431,0.001313,74.125.24.0-255,7156,227002,82,375558
14432,0.001323,172.31.47.0-255,66,227068,82,375558
14433,0.001337,74.125.24.0-255,5738,232806,82,375558
14434,0.001344,74.125.24.0-255,7156,239962,82,375558
14435,0.001361,74.125.24.0-255,3602,243564,82,375558
14436,0.001383,172.31.47.0-255,66,243630,82,375558
14437,0.001397,74.125.24.0-255,1484,245114,82,375558
14438,0.00141,74.125.24.0-255,2902,248016,82,375558
14439,0.001418,172.31.47.0-255,66,248082,82,375558
14440,0.001429,74.125.24.0-255,5738,253820,82,375558
14441,0.001434,74.125.24.0-255,4320,258140,82,375558
14442,0.001446,74.125.24.0-255,2902,261042,82,375558
14443,0.00146,74.125.24.0-255,5738,266780,82,375558
14444,0.001471,172.31.47.0-255,66,266846,82,375558
14445,0.001485,74.125.24.0-255,8574,275420,82,375558
14446,0.001488,74.125.24.0-255,2902,278322,82,375558
14447,0.001514,74.125.24.0-255,9274,287596,82,375558
14448,0.001527,172.31.47.0-255,66,287662,82,375558
14449,0.001534,74.125.24.0-255,1484,289146,82,375558
14450,0.001537,74.125.24.0-255,2902,292048,82,375558
14451,0.001541,172.31.47.0-255,66,292114,82,375558
14452,0.001559,74.125.24.0-255,7856,299970,82,375558
14453,0.001574,172.31.47.0-255,66,300036,82,375558
14454,0.001611,74.125.24.0-255,1484,301520,82,375558
14455,0.001615,74.125.24.0-255,2902,304422,82,375558
14456,0.001619,74.125.24.0-255,2902,307324,82,375558
14457,0.001627,172.31.47.0-255,66,307390,82,375558
14458,0.001639,74.125.24.0-255,2902,310292,82,375558
14459,0.001643,74.125.24.0-255,2902,313194,82,375558
14460,0.001654,172.31.47.0-255,66,313260,82,375558
14461,0.001664,74.125.24.0-255,4320,317580,82,375558
14462,0.001667,74.125.24.0-255,2902,320482,82,375558
14463,0.001682,74.125.24.0-255,7156,327638,82,375558
14464,0.001702,172.31.47.0-255,66,327704,82,375558
14465,0.001707,74.125.24.0-255,4320,332024,82,375558
14466,0.00171,74.125.24.0-255,2184,334208,82,375558
14467,0.001715,172.31.47.0-255,66,334274,82,375558
14468,0.001748,74.125.24.0-255,2902,337176,82,375558
14469,0.001765,172.31.47.0-255,66,337242,82,375558
14470,0.001772,74.125.24.0-255,7156,344398,82,375558
14471,0.001777,172.31.47.0-255,66,344464,82,375558
14472,0.00179,74.125.24.0-255,2902,347366,82,375558
14473,0.001803,74.125.24.0-255,2902,350268,82,375558
14474,0.001816,74.125.24.0-255,5738,356006,82,375558
14475,0.001822,172.31.47.0-255,66,356072,82,375558
14476,0.001844,74.125.24.0-255,2902,358974,82,375558
14477,0.001854,172.31.47.0-255,66,359040,82,375558
14478,0.001866,74.125.24.0-255,9992,369032,82,375558
14479,0.001875,172.31.47.0-255,66,369098,82,375558
14480,0.00188,74.125.24.0-255,2702,371800,82,375558
14481,0.001882,74.125.24.0-255,97,371897,82,375558
14482,0.001924,74.125.24.0-255,105,372002,82,375558
14483,0.001936,172.31.47.0-255,66,372068,82,375558
14484,0.004695,172.31.47.0-255,105,372173,82,375558
14485,0.006937,74.125.24.0-255,66,372239,82,375558
14486,0.02586,172.31.47.0-255,171,372410,82,375558
14487,0.025904,172.31.47.0-255,1135,373545,82,375558
14488,0.025973,172.31.47.0-255,1514,375059,82,375558
14489,0.025974,172.31.47.0-255,301,375360,82,375558
14490,0.027426,104.244.42.0-255,66,375426,82,375558
14491,0.027472,104.244.42.0-255,66,375492,82,375558
14492,0.027538,104.244.42.0-255,66,375558,82,375558
14493,0.0,74.125.200.0-255,299,299,82,342659
14494,2.1e-05,172.31.47.0-255,66,365,82,342659
14495,2.7e-05,74.125.200.0-255,1484,1849,82,342659
14496,3e-05,172.31.47.0-255,66,1915,82,342659
14497,3.5e-05,74.125.200.0-255,2902,4817,82,342659
14498,3.8e-05,172.31.47.0-255,66,4883,82,342659
14499,6.5e-05,74.125.200.0-255,5738,10621,82,342659
14500,6.7e-05,172.31.47.0-255,66,10687,82,342659
14501,8.9e-05,74.125.200.0-255,3205,13892,82,342659
14502,9.2e-05,172.31.47.0-255,66,13958,82,342659
14503,0.000265,74.125.200.0-255,1484,15442,82,342659
14504,0.00027,172.31.47.0-255,66,15508,82,342659
14505,0.000274,74.125.200.0-255,1484,16992,82,342659
14506,0.000276,172.31.47.0-255,66,17058,82,342659
14507,0.000311,74.125.200.0-255,2902,19960,82,342659
14508,0.000314,172.31.47.0-255,66,20026,82,342659
14509,0.000318,74.125.200.0-255,2902,22928,82,342659
14510,0.00032,172.31.47.0-255,66,22994,82,342659
14511,0.000351,74.125.200.0-255,2902,25896,82,342659
14512,0.000353,172.31.47.0-255,66,25962,82,342659
14513,0.000356,74.125.200.0-255,1484,27446,82,342659
14514,0.000358,172.31.47.0-255,66,27512,82,342659
14515,0.000362,74.125.200.0-255,2902,30414,82,342659
14516,0.000365,74.125.200.0-255,1125,31539,82,342659
14517,0.00037,172.31.47.0-255,66,31605,82,342659
14518,0.000371,172.31.47.0-255,66,31671,82,342659
14519,0.000389,74.125.200.0-255,1484,33155,82,342659
14520,0.000393,172.31.47.0-255,66,33221,82,342659
14521,0.000414,74.125.200.0-255,4320,37541,82,342659
14522,0.000417,172.31.47.0-255,66,37607,82,342659
14523,0.000419,74.125.200.0-255,1484,39091,82,342659
14524,0.000421,172.31.47.0-255,66,39157,82,342659
14525,0.000444,74.125.200.0-255,2902,42059,82,342659
14526,0.000447,172.31.47.0-255,66,42125,82,342659
14527,0.000476,74.125.200.0-255,5738,47863,82,342659
14528,0.000482,172.31.47.0-255,66,47929,82,342659
14529,0.000484,74.125.200.0-255,1125,49054,82,342659
14530,0.000772,74.125.200.0-255,1484,50538,82,342659
14531,0.000776,172.31.47.0-255,66,50604,82,342659
14532,0.000804,74.125.200.0-255,2902,53506,82,342659
14533,0.000807,172.31.47.0-255,66,53572,82,342659
14534,0.000812,74.125.200.0-255,5738,59310,82,342659
14535,0.000814,172.31.47.0-255,66,59376,82,342659
14536,0.000845,74.125.200.0-255,6797,66173,82,342659
14537,0.000848,172.31.47.0-255,66,66239,82,342659
14538,0.000873,74.125.200.0-255,7156,73395,82,342659
14539,0.000875,172.31.47.0-255,66,73461,82,342659
14540,0.00088,74.125.200.0-255,4320,77781,82,342659
14541,0.000883,172.31.47.0-255,66,77847,82,342659
14542,0.000893,74.125.200.0-255,1484,79331,82,342659
14543,0.000918,74.125.200.0-255,4320,83651,82,342659
14544,0.000921,74.125.200.0-255,287,83938,82,342659
14545,0.000925,172.31.47.0-255,66,84004,82,342659
14546,0.000958,74.125.200.0-255,1484,85488,82,342659
14547,0.00096,172.31.47.0-255,66,85554,82,342659
14548,0.000981,74.125.200.0-255,1484,87038,82,342659
14549,0.000986,74.125.200.0-255,2902,89940,82,342659
14550,0.000988,172.31.47.0-255,66,90006,82,342659
14551,0.001017,74.125.200.0-255,2902,92908,82,342659
14552,0.001019,172.31.47.0-255,66,92974,82,342659
14553,0.001042,74.125.200.0-255,2902,95876,82,342659
14554,0.001045,172.31.47.0-255,66,95942,82,342659
14555,0.001049,74.125.200.0-255,2902,98844,82,342659
14556,0.001051,172.31.47.0-255,66,98910,82,342659
14557,0.001079,74.125.200.0-255,2543,101453,82,342659
14558,0.001081,172.31.47.0-255,66,101519,82,342659
14559,0.001111,74.125.200.0-255,1484,103003,82,342659
14560,0.001122,74.125.200.0-255,1484,104487,82,342659
14561,0.001124,172.31.47.0-255,66,104553,82,342659
14562,0.001129,74.125.200.0-255,2902,107455,82,342659
14563,0.00113,172.31.47.0-255,66,107521,82,342659
14564,0.001161,74.125.200.0-255,4320,111841,82,342659
14565,0.001164,172.31.47.0-255,66,111907,82,342659
14566,0.001188,74.125.200.0-255,2902,114809,82,342659
14567,0.001193,172.31.47.0-255,66,114875,82,342659
14568,0.001217,74.125.200.0-255,3294,118169,82,342659
14569,0.001249,172.31.47.0-255,66,118235,82,342659
14570,0.001732,74.125.200.0-255,1484,119719,82,342659
14571,0.001751,74.125.200.0-255,2902,122621,82,342659
14572,0.001754,172.31.47.0-255,66,122687,82,342659
14573,0.001786,74.125.200.0-255,5738,128425,82,342659
14574,0.001789,172.31.47.0-255,66,128491,82,342659
14575,0.001797,74.125.200.0-255,5738,134229,82,342659
14576,0.001799,172.31.47.0-255,66,134295,82,342659
14577,0.001821,74.125.200.0-255,1823,136118,82,342659
14578,0.001823,172.31.47.0-255,66,136184,82,342659
14579,0.001854,74.125.200.0-255,1484,137668,82,342659
14580,0.001859,74.125.200.0-255,2902,140570,82,342659
14581,0.001861,172.31.47.0-255,66,140636,82,342659
14582,0.001885,74.125.200.0-255,2902,143538,82,342659
14583,0.001887,172.31.47.0-255,66,143604,82,342659
14584,0.001916,74.125.200.0-255,2902,146506,82,342659
14585,0.001919,172.31.47.0-255,66,146572,82,342659
14586,0.001925,74.125.200.0-255,5738,152310,82,342659
14587,0.001927,172.31.47.0-255,66,152376,82,342659
14588,0.001935,74.125.200.0-255,7156,159532,82,342659
14589,0.001937,172.31.47.0-255,66,159598,82,342659
14590,0.001975,74.125.200.0-255,10692,170290,82,342659
14591,0.001978,172.31.47.0-255,66,170356,82,342659
14592,0.004238,74.125.200.0-255,5738,176094,82,342659
14593,0.004248,172.31.47.0-255,66,176160,82,342659
14594,0.006504,74.125.200.0-255,5738,181898,82,342659
14595,0.006513,172.31.47.0-255,66,181964,82,342659
14596,0.008774,74.125.200.0-255,5738,187702,82,342659
14597,0.008782,172.31.47.0-255,66,187768,82,342659
14598,0.011046,74.125.200.0-255,5738,193506,82,342659
14599,0.011054,172.31.47.0-255,66,193572,82,342659
14600,0.013322,74.125.200.0-255,5738,199310,82,342659
14601,0.013334,172.31.47.0-255,66,199376,82,342659
14602,0.015595,74.125.200.0-255,5738,205114,82,342659
14603,0.015604,172.31.47.0-255,66,205180,82,342659
14604,0.017861,74.125.200.0-255,5738,210918,82,342659
14605,0.017869,172.31.47.0-255,66,210984,82,342659
14606,0.020127,74.125.200.0-255,5738,216722,82,342659
14607,0.020134,172.31.47.0-255,66,216788,82,342659
14608,0.022389,74.125.200.0-255,5738,222526,82,342659
14609,0.022397,172.31.47.0-255,66,222592,82,342659
14610,0.024688,74.125.200.0-255,5738,228330,82,342659
14611,0.024694,172.31.47.0-255,66,228396,82,342659
14612,0.02695,74.125.200.0-255,5738,234134,82,342659
14613,0.026956,172.31.47.0-255,66,234200,82,342659
14614,0.028955,172.31.47.0-255,172,234372,82,342659
14615,0.029209,74.125.200.0-255,5738,240110,82,342659
14616,0.029216,172.31.47.0-255,66,240176,82,342659
14617,0.029234,172.31.47.0-255,1112,241288,82,342659
14618,0.029316,172.31.47.0-255,1514,242802,82,342659
14619,0.029336,172.31.47.0-255,1287,244089,82,342659
14620,0.030503,104.244.42.0-255,66,244155,82,342659
14621,0.030778,104.244.42.0-255,66,244221,82,342659
14622,0.030893,104.244.42.0-255,66,244287,82,342659
14623,0.031462,74.125.200.0-255,1484,245771,82,342659
14624,0.031494,74.125.200.0-255,4320,250091,82,342659
14625,0.031498,172.31.47.0-255,66,250157,82,342659
14626,0.033762,74.125.200.0-255,4320,254477,82,342659
14627,0.033768,172.31.47.0-255,66,254543,82,342659
14628,0.033796,74.125.200.0-255,1484,256027,82,342659
14629,0.036013,74.125.200.0-255,4320,260347,82,342659
14630,0.036018,172.31.47.0-255,66,260413,82,342659
14631,0.038271,74.125.200.0-255,2902,263315,82,342659
14632,0.038274,172.31.47.0-255,66,263381,82,342659
14633,0.038302,74.125.200.0-255,2902,266283,82,342659
14634,0.038304,172.31.47.0-255,66,266349,82,342659
14635,0.040523,74.125.200.0-255,2902,269251,82,342659
14636,0.040528,172.31.47.0-255,66,269317,82,342659
14637,0.040554,74.125.200.0-255,2902,272219,82,342659
14638,0.040557,172.31.47.0-255,66,272285,82,342659
14639,0.042774,74.125.200.0-255,2902,275187,82,342659
14640,0.042779,172.31.47.0-255,66,275253,82,342659
14641,0.042806,74.125.200.0-255,2902,278155,82,342659
14642,0.042809,172.31.47.0-255,66,278221,82,342659
14643,0.045027,74.125.200.0-255,2902,281123,82,342659
14644,0.045033,172.31.47.0-255,66,281189,82,342659
14645,0.045061,74.125.200.0-255,2902,284091,82,342659
14646,0.045064,172.31.47.0-255,66,284157,82,342659
14647,0.047292,74.125.200.0-255,2902,287059,82,342659
14648,0.0473,172.31.47.0-255,66,287125,82,342659
14649,0.047342,74.125.200.0-255,2902,290027,82,342659
14650,0.047345,172.31.47.0-255,66,290093,82,342659
14651,0.049551,74.125.200.0-255,2902,292995,82,342659
14652,0.049557,172.31.47.0-255,66,293061,82,342659
14653,0.049598,74.125.200.0-255,2902,295963,82,342659
14654,0.049601,172.31.47.0-255,66,296029,82,342659
14655,0.051804,74.125.200.0-255,2902,298931,82,342659
14656,0.05181,172.31.47.0-255,66,298997,82,342659
14657,0.051863,74.125.200.0-255,2902,301899,82,342659
14658,0.051867,172.31.47.0-255,66,301965,82,342659
14659,0.054058,74.125.200.0-255,1484,303449,82,342659
14660,0.054164,74.125.200.0-255,4320,307769,82,342659
14661,0.05417,172.31.47.0-255,66,307835,82,342659
14662,0.056427,74.125.200.0-255,5738,313573,82,342659
14663,0.056433,172.31.47.0-255,66,313639,82,342659
14664,0.058684,74.125.200.0-255,5738,319377,82,342659
14665,0.058691,172.31.47.0-255,66,319443,82,342659
14666,0.060956,74.125.200.0-255,5738,325181,82,342659
14667,0.060961,172.31.47.0-255,66,325247,82,342659
14668,0.063218,74.125.200.0-255,5738,330985,82,342659
14669,0.063224,172.31.47.0-255,66,331051,82,342659
14670,0.065503,74.125.200.0-255,5738,336789,82,342659
14671,0.06551,172.31.47.0-255,66,336855,82,342659
14672,0.06776,74.125.200.0-255,5738,342593,82,342659
14673,0.067764,172.31.47.0-255,66,342659,82,342659
14674,0.0,74.125.24.0-255,153,153,82,390089
14675,1.5e-05,172.31.47.0-255,66,219,82,390089
14676,2.2e-05,74.125.24.0-255,1484,1703,82,390089
14677,2.6e-05,172.31.47.0-255,66,1769,82,390089
14678,3.1e-05,74.125.24.0-255,2902,4671,82,390089
14679,3.4e-05,172.31.47.0-255,66,4737,82,390089
14680,3.7e-05,74.125.24.0-255,1484,6221,82,390089
14681,3.9e-05,172.31.47.0-255,66,6287,82,390089
14682,6.6e-05,74.125.24.0-255,5738,12025,82,390089
14683,6.9e-05,172.31.47.0-255,66,12091,82,390089
14684,7.3e-05,74.125.24.0-255,2046,14137,82,390089
14685,7.4e-05,172.31.47.0-255,66,14203,82,390089
14686,0.000177,74.125.24.0-255,1484,15687,82,390089
14687,0.000181,172.31.47.0-255,66,15753,82,390089
14688,0.000195,74.125.24.0-255,2902,18655,82,390089
14689,0.000198,172.31.47.0-255,66,18721,82,390089
14690,0.000223,74.125.24.0-255,5738,24459,82,390089
14691,0.000226,172.31.47.0-255,66,24525,82,390089
14692,0.000252,74.125.24.0-255,6797,31322,82,390089
14693,0.000254,172.31.47.0-255,66,31388,82,390089
14694,0.000313,74.125.24.0-255,1484,32872,82,390089
14695,0.000316,172.31.47.0-255,66,32938,82,390089
14696,0.00032,74.125.24.0-255,2902,35840,82,390089
14697,0.000322,172.31.47.0-255,66,35906,82,390089
14698,0.000334,74.125.24.0-255,1484,37390,82,390089
14699,0.000335,172.31.47.0-255,66,37456,82,390089
14700,0.000353,74.125.24.0-255,4320,41776,82,390089
14701,0.000355,172.31.47.0-255,66,41842,82,390089
14702,0.000394,74.125.24.0-255,1484,43326,82,390089
14703,0.000396,172.31.47.0-255,66,43392,82,390089
14704,0.000416,74.125.24.0-255,4320,47712,82,390089
14705,0.000419,172.31.47.0-255,66,47778,82,390089
14706,0.000442,74.125.24.0-255,1125,48903,82,390089
14707,0.000752,172.31.47.0-255,66,48969,82,390089
14708,0.001148,74.125.24.0-255,1484,50453,82,390089
14709,0.001157,74.125.24.0-255,2902,53355,82,390089
14710,0.001161,172.31.47.0-255,66,53421,82,390089
14711,0.001168,74.125.24.0-255,5738,59159,82,390089
14712,0.00117,172.31.47.0-255,66,59225,82,390089
14713,0.001187,74.125.24.0-255,6797,66022,82,390089
14714,0.001189,172.31.47.0-255,66,66088,82,390089
14715,0.001215,74.125.24.0-255,648,66736,82,390089
14716,0.001318,74.125.24.0-255,1484,68220,82,390089
14717,0.001322,172.31.47.0-255,66,68286,82,390089
14718,0.001326,74.125.24.0-255,1484,69770,82,390089
14719,0.001329,74.125.24.0-255,1484,71254,82,390089
14720,0.001331,172.31.47.0-255,66,71320,82,390089
14721,0.001345,74.125.24.0-255,1484,72804,82,390089
14722,0.001351,74.125.24.0-255,5738,78542,82,390089
14723,0.001353,172.31.47.0-255,66,78608,82,390089
14724,0.001396,74.125.24.0-255,8574,87182,82,390089
14725,0.001399,172.31.47.0-255,66,87248,82,390089
14726,0.001422,74.125.24.0-255,5379,92627,82,390089
14727,0.001424,172.31.47.0-255,66,92693,82,390089
14728,0.001427,74.125.24.0-255,1484,94177,82,390089
14729,0.001432,74.125.24.0-255,4320,98497,82,390089
14730,0.001436,172.31.47.0-255,66,98563,82,390089
14731,0.001458,74.125.24.0-255,2543,101106,82,390089
14732,0.00146,172.31.47.0-255,66,101172,82,390089
14733,0.001511,74.125.24.0-255,1484,102656,82,390089
14734,0.001517,74.125.24.0-255,2902,105558,82,390089
14735,0.00152,172.31.47.0-255,66,105624,82,390089
14736,0.001523,74.125.24.0-255,1484,107108,82,390089
14737,0.001543,74.125.24.0-255,4320,111428,82,390089
14738,0.001545,172.31.47.0-255,66,111494,82,390089
14739,0.001553,74.125.24.0-255,7156,118650,82,390089
14740,0.001556,172.31.47.0-255,66,118716,82,390089
14741,0.001571,74.125.24.0-255,5738,124454,82,390089
14742,0.001574,172.31.47.0-255,66,124520,82,390089
14743,0.001607,74.125.24.0-255,10692,135212,82,390089
14744,0.001611,172.31.47.0-255,66,135278,82,390089
14745,0.001835,74.125.24.0-255,1484,136762,82,390089
14746,0.001841,74.125.24.0-255,2902,139664,82,390089
14747,0.001844,172.31.47.0-255,66,139730,82,390089
14748,0.00185,74.125.24.0-255,2902,142632,82,390089
14749,0.001852,172.31.47.0-255,66,142698,82,390089
14750,0.001864,74.125.24.0-255,2902,145600,82,390089
14751,0.001867,172.31.47.0-255,66,145666,82,390089
14752,0.001901,172.31.47.0-255,66,145732,82,390089
14753,0.001926,74.125.24.0-255,7156,152888,82,390089
14754,0.001928,172.31.47.0-255,66,152954,82,390089
14755,0.001938,74.125.24.0-255,1484,154438,82,390089
14756,0.001953,74.125.24.0-255,2184,156622,82,390089
14757,0.001955,172.31.47.0-255,66,156688,82,390089
14758,0.001972,74.125.24.0-255,2902,159590,82,390089
14759,0.001974,172.31.47.0-255,66,159656,82,390089
14760,0.001993,74.125.24.0-255,1484,161140,82,390089
14761,0.001999,74.125.24.0-255,5738,166878,82,390089
14762,0.002001,172.31.47.0-255,66,166944,82,390089
14763,0.00208,172.31.47.0-255,66,167010,82,390089
14764,0.00209,74.125.24.0-255,10692,177702,82,390089
14765,0.002093,172.31.47.0-255,66,177768,82,390089
14766,0.002132,74.125.24.0-255,1484,179252,82,390089
14767,0.002138,74.125.24.0-255,2902,182154,82,390089
14768,0.00214,172.31.47.0-255,66,182220,82,390089
14769,0.002143,74.125.24.0-255,1484,183704,82,390089
14770,0.00216,74.125.24.0-255,4320,188024,82,390089
14771,0.002163,172.31.47.0-255,66,188090,82,390089
14772,0.002192,74.125.24.0-255,7156,195246,82,390089
14773,0.002195,172.31.47.0-255,66,195312,82,390089
14774,0.002217,74.125.24.0-255,5738,201050,82,390089
14775,0.00222,172.31.47.0-255,66,201116,82,390089
14776,0.002224,74.125.24.0-255,2902,204018,82,390089
14777,0.002227,172.31.47.0-255,66,204084,82,390089
14778,0.002242,74.125.24.0-255,5738,209822,82,390089
14779,0.002245,172.31.47.0-255,66,209888,82,390089
14780,0.002268,74.125.24.0-255,2184,212072,82,390089
14781,0.002271,172.31.47.0-255,66,212138,82,390089
14782,0.00445,74.125.24.0-255,2902,215040,82,390089
14783,0.004455,172.31.47.0-255,66,215106,82,390089
14784,0.0045,74.125.24.0-255,2902,218008,82,390089
14785,0.004502,172.31.47.0-255,66,218074,82,390089
14786,0.006734,74.125.24.0-255,5738,223812,82,390089
14787,0.006739,172.31.47.0-255,66,223878,82,390089
14788,0.008929,74.125.24.0-255,5738,229616,82,390089
14789,0.008937,172.31.47.0-255,66,229682,82,390089
14790,0.011169,74.125.24.0-255,5738,235420,82,390089
14791,0.011179,172.31.47.0-255,66,235486,82,390089
14792,0.013421,74.125.24.0-255,5738,241224,82,390089
14793,0.013428,172.31.47.0-255,66,241290,82,390089
14794,0.015663,74.125.24.0-255,5738,247028,82,390089
14795,0.015672,172.31.47.0-255,66,247094,82,390089
14796,0.017915,74.125.24.0-255,5738,252832,82,390089
14797,0.017923,172.31.47.0-255,66,252898,82,390089
14798,0.02016,74.125.24.0-255,4320,257218,82,390089
14799,0.020166,172.31.47.0-255,66,257284,82,390089
14800,0.020186,74.125.24.0-255,1484,258768,82,390089
14801,0.022423,74.125.24.0-255,4320,263088,82,390089
14802,0.02243,172.31.47.0-255,66,263154,82,390089
14803,0.024694,74.125.24.0-255,1484,264638,82,390089
14804,0.02472,74.125.24.0-255,4320,268958,82,390089
14805,0.024724,172.31.47.0-255,66,269024,82,390089
14806,0.025791,172.31.47.0-255,172,269196,82,390089
14807,0.025825,172.31.47.0-255,1112,270308,82,390089
14808,0.025892,172.31.47.0-255,1514,271822,82,390089
14809,0.025894,172.31.47.0-255,1287,273109,82,390089
14810,0.026988,74.125.24.0-255,5738,278847,82,390089
14811,0.026996,172.31.47.0-255,66,278913,82,390089
14812,0.027309,104.244.42.0-255,66,278979,82,390089
14813,0.027376,104.244.42.0-255,66,279045,82,390089
14814,0.027458,104.244.42.0-255,66,279111,82,390089
14815,0.028161,104.244.42.0-255,108,279219,82,390089
14816,0.028166,172.31.47.0-255,66,279285,82,390089
14817,0.0292,74.125.24.0-255,5738,285023,82,390089
14818,0.029205,172.31.47.0-255,66,285089,82,390089
14819,0.031449,74.125.24.0-255,5738,290827,82,390089
14820,0.031456,172.31.47.0-255,66,290893,82,390089
14821,0.033704,74.125.24.0-255,5738,296631,82,390089
14822,0.033711,172.31.47.0-255,66,296697,82,390089
14823,0.035931,74.125.24.0-255,5738,302435,82,390089
14824,0.035936,172.31.47.0-255,66,302501,82,390089
14825,0.038131,74.125.24.0-255,5738,308239,82,390089
14826,0.038138,172.31.47.0-255,66,308305,82,390089
14827,0.040344,74.125.24.0-255,5738,314043,82,390089
14828,0.04035,172.31.47.0-255,66,314109,82,390089
14829,0.042554,74.125.24.0-255,2902,317011,82,390089
14830,0.042559,172.31.47.0-255,66,317077,82,390089
14831,0.042573,74.125.24.0-255,2902,319979,82,390089
14832,0.042575,172.31.47.0-255,66,320045,82,390089
14833,0.044754,74.125.24.0-255,2902,322947,82,390089
14834,0.044759,172.31.47.0-255,66,323013,82,390089
14835,0.044794,74.125.24.0-255,2902,325915,82,390089
14836,0.044797,172.31.47.0-255,66,325981,82,390089
14837,0.046967,74.125.24.0-255,2902,328883,82,390089
14838,0.046972,172.31.47.0-255,66,328949,82,390089
14839,0.047004,74.125.24.0-255,2902,331851,82,390089
14840,0.047007,172.31.47.0-255,66,331917,82,390089
14841,0.049182,74.125.24.0-255,2902,334819,82,390089
14842,0.049189,172.31.47.0-255,66,334885,82,390089
14843,0.049213,74.125.24.0-255,2902,337787,82,390089
14844,0.049215,172.31.47.0-255,66,337853,82,390089
14845,0.051463,74.125.24.0-255,5738,343591,82,390089
14846,0.05147,172.31.47.0-255,66,343657,82,390089
14847,0.053715,74.125.24.0-255,5738,349395,82,390089
14848,0.053721,172.31.47.0-255,66,349461,82,390089
14849,0.055955,74.125.24.0-255,5738,355199,82,390089
14850,0.05596,172.31.47.0-255,66,355265,82,390089
14851,0.058199,74.125.24.0-255,5738,361003,82,390089
14852,0.058204,172.31.47.0-255,66,361069,82,390089
14853,0.060413,74.125.24.0-255,5738,366807,82,390089
14854,0.060419,172.31.47.0-255,66,366873,82,390089
14855,0.062636,74.125.24.0-255,5738,372611,82,390089
14856,0.062643,172.31.47.0-255,66,372677,82,390089
14857,0.064846,74.125.24.0-255,5738,378415,82,390089
14858,0.064852,172.31.47.0-255,66,378481,82,390089
14859,0.067099,74.125.24.0-255,5738,384219,82,390089
14860,0.067106,172.31.47.0-255,66,384285,82,390089
14861,0.069308,74.125.24.0-255,5738,390023,82,390089
14862,0.069315,172.31.47.0-255,66,390089,82,390089
14863,0.0,172.217.194.0-255,153,153,82,296701
14864,2.9e-05,172.31.47.0-255,66,219,82,296701
14865,3.5e-05,172.217.194.0-255,1484,1703,82,296701
14866,3.9e-05,172.31.47.0-255,66,1769,82,296701
14867,4.3e-05,172.217.194.0-255,2902,4671,82,296701
14868,4.5e-05,172.31.47.0-255,66,4737,82,296701
14869,5.2e-05,172.217.194.0-255,7156,11893,82,296701
14870,5.5e-05,172.31.47.0-255,66,11959,82,296701
14871,6e-05,172.217.194.0-255,5018,16977,82,296701
14872,6.3e-05,172.31.47.0-255,66,17043,82,296701
14873,9.6e-05,172.217.194.0-255,9992,27035,82,296701
14874,0.0001,172.31.47.0-255,66,27101,82,296701
14875,0.000113,172.217.194.0-255,3961,31062,82,296701
14876,0.000115,172.31.47.0-255,66,31128,82,296701
14877,0.000134,172.217.194.0-255,1484,32612,82,296701
14878,0.000138,172.31.47.0-255,66,32678,82,296701
14879,0.000142,172.217.194.0-255,2902,35580,82,296701
14880,0.000144,172.31.47.0-255,66,35646,82,296701
14881,0.000147,172.217.194.0-255,2902,38548,82,296701
14882,0.000149,172.31.47.0-255,66,38614,82,296701
14883,0.000177,172.217.194.0-255,2902,41516,82,296701
14884,0.00018,172.31.47.0-255,66,41582,82,296701
14885,0.000186,172.217.194.0-255,5738,47320,82,296701
14886,0.000189,172.31.47.0-255,66,47386,82,296701
14887,0.0002,172.31.47.0-255,66,47452,82,296701
14888,0.00022,172.217.194.0-255,1484,48936,82,296701
14889,0.000222,172.31.47.0-255,66,49002,82,296701
14890,0.000247,172.217.194.0-255,1484,50486,82,296701
14891,0.000249,172.31.47.0-255,66,50552,82,296701
14892,0.000263,172.217.194.0-255,3602,54154,82,296701
14893,0.000266,172.31.47.0-255,66,54220,82,296701
14894,0.000268,172.217.194.0-255,677,54897,82,296701
14895,0.000271,172.217.194.0-255,1484,56381,82,296701
14896,0.000273,172.31.47.0-255,66,56447,82,296701
14897,0.000276,172.217.194.0-255,2902,59349,82,296701
14898,0.00028,172.31.47.0-255,66,59415,82,296701
14899,0.000315,172.217.194.0-255,1484,60899,82,296701
14900,0.000324,172.217.194.0-255,9992,70891,82,296701
14901,0.000327,172.31.47.0-255,66,70957,82,296701
14902,0.00033,172.217.194.0-255,576,71533,82,296701
14903,0.000458,172.217.194.0-255,1484,73017,82,296701
14904,0.000462,172.31.47.0-255,66,73083,82,296701
14905,0.000477,172.217.194.0-255,1484,74567,82,296701
14906,0.000489,172.217.194.0-255,1484,76051,82,296701
14907,0.000492,172.31.47.0-255,66,76117,82,296701
14908,0.000515,172.217.194.0-255,5738,81855,82,296701
14909,0.000518,172.31.47.0-255,66,81921,82,296701
14910,0.000526,172.217.194.0-255,9992,91913,82,296701
14911,0.000529,172.31.47.0-255,66,91979,82,296701
14912,0.000545,172.217.194.0-255,2902,94881,82,296701
14913,0.000548,172.31.47.0-255,66,94947,82,296701
14914,0.000558,172.217.194.0-255,10692,105639,82,296701
14915,0.00056,172.31.47.0-255,66,105705,82,296701
14916,0.000583,172.217.194.0-255,4320,110025,82,296701
14917,0.000588,172.31.47.0-255,66,110091,82,296701
14918,0.000597,172.217.194.0-255,5738,115829,82,296701
14919,0.000599,172.31.47.0-255,66,115895,82,296701
14920,0.00063,172.217.194.0-255,2902,118797,82,296701
14921,0.000633,172.31.47.0-255,66,118863,82,296701
14922,0.000651,172.217.194.0-255,3961,122824,82,296701
14923,0.000654,172.31.47.0-255,66,122890,82,296701
14924,0.000678,172.217.194.0-255,5738,128628,82,296701
14925,0.00068,172.31.47.0-255,66,128694,82,296701
14926,0.000693,172.217.194.0-255,1484,130178,82,296701
14927,0.0007,172.217.194.0-255,7156,137334,82,296701
14928,0.000702,172.31.47.0-255,66,137400,82,296701
14929,0.000707,172.217.194.0-255,4320,141720,82,296701
14930,0.000709,172.31.47.0-255,66,141786,82,296701
14931,0.000741,172.31.47.0-255,66,141852,82,296701
14932,0.000745,172.217.194.0-255,3602,145454,82,296701
14933,0.000748,172.31.47.0-255,66,145520,82,296701
14934,0.000958,172.217.194.0-255,1484,147004,82,296701
14935,0.000971,172.217.194.0-255,2902,149906,82,296701
14936,0.000973,172.217.194.0-255,1484,151390,82,296701
14937,0.000975,172.31.47.0-255,66,151456,82,296701
14938,0.001,172.217.194.0-255,4320,155776,82,296701
14939,0.001003,172.31.47.0-255,66,155842,82,296701
14940,0.001009,172.217.194.0-255,7156,162998,82,296701
14941,0.001011,172.31.47.0-255,66,163064,82,296701
14942,0.001015,172.217.194.0-255,2902,165966,82,296701
14943,0.001017,172.31.47.0-255,66,166032,82,296701
14944,0.001056,172.31.47.0-255,66,166098,82,296701
14945,0.00106,172.217.194.0-255,2184,168282,82,296701
14946,0.001061,172.31.47.0-255,66,168348,82,296701
14947,0.001104,172.217.194.0-255,1484,169832,82,296701
14948,0.001109,172.217.194.0-255,2902,172734,82,296701
14949,0.001113,172.31.47.0-255,66,172800,82,296701
14950,0.001131,172.217.194.0-255,5738,178538,82,296701
14951,0.001133,172.31.47.0-255,66,178604,82,296701
14952,0.00114,172.217.194.0-255,7156,185760,82,296701
14953,0.001142,172.31.47.0-255,66,185826,82,296701
14954,0.001167,172.217.194.0-255,5738,191564,82,296701
14955,0.001171,172.31.47.0-255,66,191630,82,296701
14956,0.001175,172.217.194.0-255,9992,201622,82,296701
14957,0.001177,172.31.47.0-255,66,201688,82,296701
14958,0.001179,172.217.194.0-255,766,202454,82,296701
14959,0.001251,172.217.194.0-255,1484,203938,82,296701
14960,0.001255,172.31.47.0-255,66,204004,82,296701
14961,0.001259,172.217.194.0-255,2902,206906,82,296701
14962,0.001267,172.31.47.0-255,66,206972,82,296701
14963,0.00128,172.217.194.0-255,5738,212710,82,296701
14964,0.001282,172.31.47.0-255,66,212776,82,296701
14965,0.001358,172.31.47.0-255,66,212842,82,296701
14966,0.001366,172.217.194.0-255,9992,222834,82,296701
14967,0.001368,172.31.47.0-255,66,222900,82,296701
14968,0.001372,172.217.194.0-255,4320,227220,82,296701
14969,0.001374,172.31.47.0-255,66,227286,82,296701
14970,0.001421,172.31.47.0-255,66,227352,82,296701
14971,0.001441,172.31.47.0-255,66,227418,82,296701
14972,0.001452,172.31.47.0-255,66,227484,82,296701
14973,0.001476,172.217.194.0-255,3602,231086,82,296701
14974,0.001479,172.31.47.0-255,66,231152,82,296701
14975,0.001481,172.217.194.0-255,1484,232636,82,296701
14976,0.001485,172.217.194.0-255,2902,235538,82,296701
14977,0.001487,172.31.47.0-255,66,235604,82,296701
14978,0.001491,172.217.194.0-255,4320,239924,82,296701
14979,0.001493,172.31.47.0-255,66,239990,82,296701
14980,0.001513,172.217.194.0-255,1484,241474,82,296701
14981,0.001517,172.217.194.0-255,2902,244376,82,296701
14982,0.00152,172.31.47.0-255,66,244442,82,296701
14983,0.001556,172.31.47.0-255,66,244508,82,296701
14984,0.001563,172.217.194.0-255,9633,254141,82,296701
14985,0.001581,172.217.194.0-255,7156,261297,82,296701
14986,0.001594,172.217.194.0-255,4320,265617,82,296701
14987,0.001599,172.217.194.0-255,5738,271355,82,296701
14988,0.001623,172.217.194.0-255,7156,278511,82,296701
14989,0.001627,172.217.194.0-255,2902,281413,82,296701
14990,0.001643,172.217.194.0-255,6438,287851,82,296701
14991,0.001672,172.217.194.0-255,2902,290753,82,296701
14992,0.001684,172.217.194.0-255,1223,291976,82,296701
14993,0.001693,172.217.194.0-255,97,292073,82,296701
14994,0.001734,172.217.194.0-255,105,292178,82,296701
14995,0.004315,172.31.47.0-255,66,292244,82,296701
14996,0.006486,172.31.47.0-255,105,292349,82,296701
14997,0.0085,172.217.194.0-255,66,292415,82,296701
14998,0.028856,172.31.47.0-255,175,292590,82,296701
14999,0.028884,172.31.47.0-255,1135,293725,82,296701
15000,0.028916,172.31.47.0-255,1514,295239,82,296701
15001,0.028917,172.31.47.0-255,1264,296503,82,296701
15002,0.030403,104.244.42.0-255,66,296569,82,296701
15003,0.030443,104.244.42.0-255,66,296635,82,296701
15004,0.030487,104.244.42.0-255,66,296701,82,296701
15005,0.0,172.31.47.0-255,105,105,82,276
15006,0.001786,157.240.13.0-255,105,210,82,276
15007,0.001798,172.31.47.0-255,66,276,82,276
15008,0.0,172.31.47.0-255,105,105,82,105
15009,0.0,172.217.194.0-255,153,153,82,344197
15010,1.8e-05,172.31.47.0-255,66,219,82,344197
15011,2.5e-05,172.217.194.0-255,1484,1703,82,344197
15012,3e-05,172.31.47.0-255,66,1769,82,344197
15013,4.2e-05,172.217.194.0-255,2902,4671,82,344197
15014,4.5e-05,172.31.47.0-255,66,4737,82,344197
15015,5.1e-05,172.217.194.0-255,4320,9057,82,344197
15016,5.4e-05,172.31.47.0-255,66,9123,82,344197
15017,6.1e-05,172.217.194.0-255,4928,14051,82,344197
15018,7.7e-05,172.31.47.0-255,66,14117,82,344197
15019,0.000108,172.217.194.0-255,1484,15601,82,344197
15020,0.000111,172.31.47.0-255,66,15667,82,344197
15021,0.000117,172.217.194.0-255,2902,18569,82,344197
15022,0.000119,172.31.47.0-255,66,18635,82,344197
15023,0.000131,172.217.194.0-255,5738,24373,82,344197
15024,0.000133,172.31.47.0-255,66,24439,82,344197
15025,0.000139,172.217.194.0-255,5738,30177,82,344197
15026,0.000142,172.31.47.0-255,66,30243,82,344197
15027,0.000183,172.217.194.0-255,1125,31368,82,344197
15028,0.000185,172.31.47.0-255,66,31434,82,344197
15029,0.000228,172.217.194.0-255,1484,32918,82,344197
15030,0.00023,172.31.47.0-255,66,32984,82,344197
15031,0.000235,172.217.194.0-255,4320,37304,82,344197
15032,0.000237,172.31.47.0-255,66,37370,82,344197
15033,0.000251,172.217.194.0-255,9992,47362,82,344197
15034,0.000254,172.31.47.0-255,66,47428,82,344197
15035,0.000256,172.217.194.0-255,1125,48553,82,344197
15036,0.000259,172.31.47.0-255,66,48619,82,344197
15037,0.000285,172.217.194.0-255,2902,51521,82,344197
15038,0.000288,172.31.47.0-255,66,51587,82,344197
15039,0.000325,172.217.194.0-255,9992,61579,82,344197
15040,0.000328,172.31.47.0-255,66,61645,82,344197
15041,0.000334,172.217.194.0-255,3961,65606,82,344197
15042,0.000336,172.31.47.0-255,66,65672,82,344197
15043,0.000374,172.217.194.0-255,645,66317,82,344197
15044,0.000489,172.217.194.0-255,1484,67801,82,344197
15045,0.000494,172.31.47.0-255,66,67867,82,344197
15046,0.000499,172.217.194.0-255,2902,70769,82,344197
15047,0.000502,172.31.47.0-255,66,70835,82,344197
15048,0.000525,172.217.194.0-255,5738,76573,82,344197
15049,0.000527,172.31.47.0-255,66,76639,82,344197
15050,0.000564,172.31.47.0-255,66,76705,82,344197
15051,0.000571,172.217.194.0-255,7156,83861,82,344197
15052,0.000574,172.31.47.0-255,66,83927,82,344197
15053,0.000595,172.217.194.0-255,1484,85411,82,344197
15054,0.000609,172.217.194.0-255,2184,87595,82,344197
15055,0.000611,172.31.47.0-255,66,87661,82,344197
15056,0.000787,172.217.194.0-255,1484,89145,82,344197
15057,0.000811,172.217.194.0-255,2902,92047,82,344197
15058,0.000815,172.31.47.0-255,66,92113,82,344197
15059,0.000821,172.217.194.0-255,4320,96433,82,344197
15060,0.000823,172.31.47.0-255,66,96499,82,344197
15061,0.000849,172.217.194.0-255,8574,105073,82,344197
15062,0.000851,172.31.47.0-255,66,105139,82,344197
15063,0.000856,172.217.194.0-255,2902,108041,82,344197
15064,0.000858,172.31.47.0-255,66,108107,82,344197
15065,0.0009,172.217.194.0-255,9992,118099,82,344197
15066,0.000904,172.31.47.0-255,66,118165,82,344197
15067,0.00091,172.217.194.0-255,3054,121219,82,344197
15068,0.000912,172.31.47.0-255,66,121285,82,344197
15069,0.000931,172.217.194.0-255,1484,122769,82,344197
15070,0.000955,172.217.194.0-255,2902,125671,82,344197
15071,0.000957,172.31.47.0-255,66,125737,82,344197
15072,0.000961,172.217.194.0-255,2902,128639,82,344197
15073,0.000964,172.31.47.0-255,66,128705,82,344197
15074,0.00097,172.217.194.0-255,5738,134443,82,344197
15075,0.000977,172.31.47.0-255,66,134509,82,344197
15076,0.001006,172.217.194.0-255,2902,137411,82,344197
15077,0.001009,172.31.47.0-255,66,137477,82,344197
15078,0.001051,172.31.47.0-255,66,137543,82,344197
15079,0.001069,172.217.194.0-255,3602,141145,82,344197
15080,0.001071,172.31.47.0-255,66,141211,82,344197
15081,0.00136,172.217.194.0-255,1484,142695,82,344197
15082,0.001365,172.217.194.0-255,1484,144179,82,344197
15083,0.001368,172.31.47.0-255,66,144245,82,344197
15084,0.001397,172.217.194.0-255,1484,145729,82,344197
15085,0.001404,172.217.194.0-255,5738,151467,82,344197
15086,0.001406,172.31.47.0-255,66,151533,82,344197
15087,0.001412,172.217.194.0-255,4320,155853,82,344197
15088,0.001414,172.31.47.0-255,66,155919,82,344197
15089,0.001456,172.217.194.0-255,8574,164493,82,344197
15090,0.001459,172.31.47.0-255,66,164559,82,344197
15091,0.001467,172.217.194.0-255,7156,171715,82,344197
15092,0.00147,172.31.47.0-255,66,171781,82,344197
15093,0.00148,172.217.194.0-255,4320,176101,82,344197
15094,0.001483,172.31.47.0-255,66,176167,82,344197
15095,0.001512,172.217.194.0-255,5020,181187,82,344197
15096,0.001514,172.31.47.0-255,66,181253,82,344197
15097,0.001523,172.217.194.0-255,9992,191245,82,344197
15098,0.001526,172.31.47.0-255,66,191311,82,344197
15099,0.0016,172.31.47.0-255,66,191377,82,344197
15100,0.001628,172.217.194.0-255,5738,197115,82,344197
15101,0.001631,172.31.47.0-255,66,197181,82,344197
15102,0.001677,172.31.47.0-255,66,197247,82,344197
15103,0.001681,172.217.194.0-255,1484,198731,82,344197
15104,0.00172,172.31.47.0-255,66,198797,82,344197
15105,0.002132,172.217.194.0-255,1484,200281,82,344197
15106,0.002137,172.217.194.0-255,1484,201765,82,344197
15107,0.002141,172.31.47.0-255,66,201831,82,344197
15108,0.002169,172.217.194.0-255,1484,203315,82,344197
15109,0.002176,172.217.194.0-255,5738,209053,82,344197
15110,0.002181,172.217.194.0-255,4320,213373,82,344197
15111,0.002187,172.31.47.0-255,66,213439,82,344197
15112,0.00219,172.31.47.0-255,66,213505,82,344197
15113,0.002218,172.217.194.0-255,8574,222079,82,344197
15114,0.002225,172.31.47.0-255,66,222145,82,344197
15115,0.002235,172.217.194.0-255,10692,232837,82,344197
15116,0.002237,172.31.47.0-255,66,232903,82,344197
15117,0.004576,172.217.194.0-255,5738,238641,82,344197
15118,0.004584,172.31.47.0-255,66,238707,82,344197
15119,0.006925,172.217.194.0-255,1484,240191,82,344197
15120,0.006941,172.217.194.0-255,4320,244511,82,344197
15121,0.006945,172.31.47.0-255,66,244577,82,344197
15122,0.009287,172.217.194.0-255,5738,250315,82,344197
15123,0.009293,172.31.47.0-255,66,250381,82,344197
15124,0.011638,172.217.194.0-255,5738,256119,82,344197
15125,0.011647,172.31.47.0-255,66,256185,82,344197
15126,0.013983,172.217.194.0-255,1484,257669,82,344197
15127,0.014004,172.217.194.0-255,4320,261989,82,344197
15128,0.014009,172.31.47.0-255,66,262055,82,344197
15129,0.016379,172.217.194.0-255,5738,267793,82,344197
15130,0.01639,172.31.47.0-255,66,267859,82,344197
15131,0.018727,172.217.194.0-255,5738,273597,82,344197
15132,0.018734,172.31.47.0-255,66,273663,82,344197
15133,0.021112,172.217.194.0-255,5738,279401,82,344197
15134,0.021122,172.31.47.0-255,66,279467,82,344197
15135,0.023434,172.217.194.0-255,5738,285205,82,344197
15136,0.023441,172.31.47.0-255,66,285271,82,344197
15137,0.025799,172.217.194.0-255,5738,291009,82,344197
15138,0.025807,172.31.47.0-255,66,291075,82,344197
15139,0.028175,172.217.194.0-255,4320,295395,82,344197
15140,0.028181,172.31.47.0-255,66,295461,82,344197
15141,0.028209,172.217.194.0-255,1484,296945,82,344197
15142,0.029582,172.31.47.0-255,172,297117,82,344197
15143,0.029611,172.31.47.0-255,1112,298229,82,344197
15144,0.029667,172.31.47.0-255,1514,299743,82,344197
15145,0.029669,172.31.47.0-255,1287,301030,82,344197
15146,0.030555,172.217.194.0-255,2902,303932,82,344197
15147,0.030562,172.31.47.0-255,66,303998,82,344197
15148,0.031123,104.244.42.0-255,66,304064,82,344197
15149,0.03115,104.244.42.0-255,66,304130,82,344197
15150,0.031207,104.244.42.0-255,66,304196,82,344197
15151,0.03289,172.217.194.0-255,5738,309934,82,344197
15152,0.032895,172.31.47.0-255,66,310000,82,344197
15153,0.035245,172.217.194.0-255,5738,315738,82,344197
15154,0.03525,172.31.47.0-255,66,315804,82,344197
15155,0.037586,172.217.194.0-255,5738,321542,82,344197
15156,0.037592,172.31.47.0-255,66,321608,82,344197
15157,0.039914,172.217.194.0-255,5738,327346,82,344197
15158,0.03992,172.31.47.0-255,66,327412,82,344197
15159,0.042317,172.217.194.0-255,5738,333150,82,344197
15160,0.042325,172.31.47.0-255,66,333216,82,344197
15161,0.044668,172.217.194.0-255,5738,338954,82,344197
15162,0.044675,172.31.47.0-255,66,339020,82,344197
15163,0.047043,172.217.194.0-255,4940,343960,82,344197
15164,0.04705,172.31.47.0-255,66,344026,82,344197
15165,0.047231,172.31.47.0-255,105,344131,82,344197
15166,0.049551,172.217.194.0-255,66,344197,82,344197
15167,0.0,74.125.24.0-255,153,153,82,391513
15168,2.5e-05,172.31.47.0-255,66,219,82,391513
15169,3.1e-05,74.125.24.0-255,1484,1703,82,391513
15170,3.5e-05,172.31.47.0-255,66,1769,82,391513
15171,3.8e-05,74.125.24.0-255,1484,3253,82,391513
15172,4.1e-05,172.31.47.0-255,66,3319,82,391513
15173,7.4e-05,74.125.24.0-255,1484,4803,82,391513
15174,7.6e-05,172.31.47.0-255,66,4869,82,391513
15175,8.3e-05,74.125.24.0-255,5738,10607,82,391513
15176,8.6e-05,172.31.47.0-255,66,10673,82,391513
15177,0.000116,74.125.24.0-255,7156,17829,82,391513
15178,0.00012,172.31.47.0-255,66,17895,82,391513
15179,0.000133,74.125.24.0-255,2209,20104,82,391513
15180,0.000136,172.31.47.0-255,66,20170,82,391513
15181,0.000151,74.125.24.0-255,9992,30162,82,391513
15182,0.000155,172.31.47.0-255,66,30228,82,391513
15183,0.000158,74.125.24.0-255,1125,31353,82,391513
15184,0.00016,172.31.47.0-255,66,31419,82,391513
15185,0.000238,74.125.24.0-255,1484,32903,82,391513
15186,0.000242,172.31.47.0-255,66,32969,82,391513
15187,0.000247,74.125.24.0-255,2902,35871,82,391513
15188,0.00025,172.31.47.0-255,66,35937,82,391513
15189,0.000254,74.125.24.0-255,2902,38839,82,391513
15190,0.000262,172.31.47.0-255,66,38905,82,391513
15191,0.000283,74.125.24.0-255,2902,41807,82,391513
15192,0.000287,74.125.24.0-255,2902,44709,82,391513
15193,0.000288,172.31.47.0-255,66,44775,82,391513
15194,0.000293,172.31.47.0-255,66,44841,82,391513
15195,0.000323,172.31.47.0-255,66,44907,82,391513
15196,0.000332,74.125.24.0-255,8574,53481,82,391513
15197,0.000335,172.31.47.0-255,66,53547,82,391513
15198,0.000366,74.125.24.0-255,1400,54947,82,391513
15199,0.000376,74.125.24.0-255,129,55076,82,391513
15200,0.000566,74.125.24.0-255,1484,56560,82,391513
15201,0.000571,172.31.47.0-255,66,56626,82,391513
15202,0.000592,74.125.24.0-255,2902,59528,82,391513
15203,0.000595,172.31.47.0-255,66,59594,82,391513
15204,0.000603,74.125.24.0-255,5738,65332,82,391513
15205,0.000605,172.31.47.0-255,66,65398,82,391513
15206,0.000609,74.125.24.0-255,2902,68300,82,391513
15207,0.000611,172.31.47.0-255,66,68366,82,391513
15208,0.000642,74.125.24.0-255,8574,76940,82,391513
15209,0.000645,172.31.47.0-255,66,77006,82,391513
15210,0.00068,74.125.24.0-255,2543,79549,82,391513
15211,0.000683,172.31.47.0-255,66,79615,82,391513
15212,0.000693,74.125.24.0-255,9892,89507,82,391513
15213,0.000701,172.31.47.0-255,66,89573,82,391513
15214,0.001105,74.125.24.0-255,1484,91057,82,391513
15215,0.00111,74.125.24.0-255,2902,93959,82,391513
15216,0.001114,172.31.47.0-255,66,94025,82,391513
15217,0.001118,74.125.24.0-255,1484,95509,82,391513
15218,0.001145,74.125.24.0-255,4320,99829,82,391513
15219,0.001149,74.125.24.0-255,2902,102731,82,391513
15220,0.001149,172.31.47.0-255,66,102797,82,391513
15221,0.001153,172.31.47.0-255,66,102863,82,391513
15222,0.001191,74.125.24.0-255,9992,112855,82,391513
15223,0.001195,172.31.47.0-255,66,112921,82,391513
15224,0.001205,74.125.24.0-255,10692,123613,82,391513
15225,0.001207,172.31.47.0-255,66,123679,82,391513
15226,0.001232,74.125.24.0-255,1484,125163,82,391513
15227,0.001237,74.125.24.0-255,2902,128065,82,391513
15228,0.001239,172.31.47.0-255,66,128131,82,391513
15229,0.00125,74.125.24.0-255,5738,133869,82,391513
15230,0.001253,172.31.47.0-255,66,133935,82,391513
15231,0.001259,74.125.24.0-255,7156,141091,82,391513
15232,0.001261,172.31.47.0-255,66,141157,82,391513
15233,0.001299,74.125.24.0-255,5738,146895,82,391513
15234,0.001302,172.31.47.0-255,66,146961,82,391513
15235,0.001311,74.125.24.0-255,8574,155535,82,391513
15236,0.001313,172.31.47.0-255,66,155601,82,391513
15237,0.001323,74.125.24.0-255,2184,157785,82,391513
15238,0.001325,172.31.47.0-255,66,157851,82,391513
15239,0.001329,74.125.24.0-255,2902,160753,82,391513
15240,0.001331,172.31.47.0-255,66,160819,82,391513
15241,0.001362,74.125.24.0-255,7156,167975,82,391513
15242,0.001365,172.31.47.0-255,66,168041,82,391513
15243,0.00137,74.125.24.0-255,2902,170943,82,391513
15244,0.001372,172.31.47.0-255,66,171009,82,391513
15245,0.0014,74.125.24.0-255,5738,176747,82,391513
15246,0.001403,172.31.47.0-255,66,176813,82,391513
15247,0.001436,74.125.24.0-255,9992,186805,82,391513
15248,0.00144,172.31.47.0-255,66,186871,82,391513
15249,0.001452,74.125.24.0-255,5020,191891,82,391513
15250,0.001459,172.31.47.0-255,66,191957,82,391513
15251,0.0015,74.125.24.0-255,1484,193441,82,391513
15252,0.001505,74.125.24.0-255,2902,196343,82,391513
15253,0.001508,172.31.47.0-255,66,196409,82,391513
15254,0.001538,74.125.24.0-255,5738,202147,82,391513
15255,0.00154,172.31.47.0-255,66,202213,82,391513
15256,0.001543,74.125.24.0-255,1484,203697,82,391513
15257,0.00155,74.125.24.0-255,7156,210853,82,391513
15258,0.001553,172.31.47.0-255,66,210919,82,391513
15259,0.00158,74.125.24.0-255,1484,212403,82,391513
15260,0.001588,74.125.24.0-255,8574,220977,82,391513
15261,0.001592,172.31.47.0-255,66,221043,82,391513
15262,0.001602,74.125.24.0-255,5020,226063,82,391513
15263,0.001609,172.31.47.0-255,66,226129,82,391513
15264,0.001865,74.125.24.0-255,1484,227613,82,391513
15265,0.001883,74.125.24.0-255,2902,230515,82,391513
15266,0.001886,172.31.47.0-255,66,230581,82,391513
15267,0.001892,74.125.24.0-255,5738,236319,82,391513
15268,0.001894,172.31.47.0-255,66,236385,82,391513
15269,0.001974,172.31.47.0-255,66,236451,82,391513
15270,0.001981,74.125.24.0-255,8574,245025,82,391513
15271,0.001983,172.31.47.0-255,66,245091,82,391513
15272,0.001992,74.125.24.0-255,2184,247275,82,391513
15273,0.001994,172.31.47.0-255,66,247341,82,391513
15274,0.002011,74.125.24.0-255,2902,250243,82,391513
15275,0.002017,172.31.47.0-255,66,250309,82,391513
15276,0.002044,74.125.24.0-255,7156,257465,82,391513
15277,0.002047,172.31.47.0-255,66,257531,82,391513
15278,0.002053,74.125.24.0-255,7156,264687,82,391513
15279,0.002055,172.31.47.0-255,66,264753,82,391513
15280,0.002084,74.125.24.0-255,5738,270491,82,391513
15281,0.002087,172.31.47.0-255,66,270557,82,391513
15282,0.002095,74.125.24.0-255,10692,281249,82,391513
15283,0.002098,172.31.47.0-255,66,281315,82,391513
15284,0.004145,74.125.24.0-255,5738,287053,82,391513
15285,0.004151,172.31.47.0-255,66,287119,82,391513
15286,0.00618,74.125.24.0-255,2902,290021,82,391513
15287,0.006182,172.31.47.0-255,66,290087,82,391513
15288,0.006199,74.125.24.0-255,2902,292989,82,391513
15289,0.0062,172.31.47.0-255,66,293055,82,391513
15290,0.00822,74.125.24.0-255,4320,297375,82,391513
15291,0.008227,172.31.47.0-255,66,297441,82,391513
15292,0.008255,74.125.24.0-255,1484,298925,82,391513
15293,0.010251,74.125.24.0-255,4320,303245,82,391513
15294,0.010258,172.31.47.0-255,66,303311,82,391513
15295,0.012319,74.125.24.0-255,5738,309049,82,391513
15296,0.012325,172.31.47.0-255,66,309115,82,391513
15297,0.014371,74.125.24.0-255,5738,314853,82,391513
15298,0.014377,172.31.47.0-255,66,314919,82,391513
15299,0.016427,74.125.24.0-255,5738,320657,82,391513
15300,0.016432,172.31.47.0-255,66,320723,82,391513
15301,0.018435,74.125.24.0-255,5738,326461,82,391513
15302,0.018441,172.31.47.0-255,66,326527,82,391513
15303,0.0205,74.125.24.0-255,5738,332265,82,391513
15304,0.020507,172.31.47.0-255,66,332331,82,391513
15305,0.022579,74.125.24.0-255,5738,338069,82,391513
15306,0.022586,172.31.47.0-255,66,338135,82,391513
15307,0.023913,172.31.47.0-255,172,338307,82,391513
15308,0.023942,172.31.47.0-255,1111,339418,82,391513
15309,0.023982,172.31.47.0-255,1514,340932,82,391513
15310,0.023984,172.31.47.0-255,325,341257,82,391513
15311,0.024623,74.125.24.0-255,5738,346995,82,391513
15312,0.024629,172.31.47.0-255,66,347061,82,391513
15313,0.025482,104.244.42.0-255,66,347127,82,391513
15314,0.025489,104.244.42.0-255,66,347193,82,391513
15315,0.025528,104.244.42.0-255,66,347259,82,391513
15316,0.026653,74.125.24.0-255,2902,350161,82,391513
15317,0.026657,172.31.47.0-255,66,350227,82,391513
15318,0.026691,74.125.24.0-255,2902,353129,82,391513
15319,0.026694,172.31.47.0-255,66,353195,82,391513
15320,0.028676,74.125.24.0-255,2902,356097,82,391513
15321,0.02868,172.31.47.0-255,66,356163,82,391513
15322,0.02873,74.125.24.0-255,2902,359065,82,391513
15323,0.028733,172.31.47.0-255,66,359131,82,391513
15324,0.030706,74.125.24.0-255,2902,362033,82,391513
15325,0.03071,172.31.47.0-255,66,362099,82,391513
15326,0.030747,74.125.24.0-255,2902,365001,82,391513
15327,0.03075,172.31.47.0-255,66,365067,82,391513
15328,0.032733,74.125.24.0-255,2902,367969,82,391513
15329,0.032737,172.31.47.0-255,66,368035,82,391513
15330,0.03277,74.125.24.0-255,2902,370937,82,391513
15331,0.032773,172.31.47.0-255,66,371003,82,391513
15332,0.034774,74.125.24.0-255,5738,376741,82,391513
15333,0.034779,172.31.47.0-255,66,376807,82,391513
15334,0.036787,74.125.24.0-255,4320,381127,82,391513
15335,0.036793,172.31.47.0-255,66,381193,82,391513
15336,0.036828,74.125.24.0-255,1484,382677,82,391513
15337,0.038797,74.125.24.0-255,4320,386997,82,391513
15338,0.038802,172.31.47.0-255,66,387063,82,391513
15339,0.040818,74.125.24.0-255,4213,391276,82,391513
15340,0.040823,172.31.47.0-255,66,391342,82,391513
15341,0.041006,172.31.47.0-255,105,391447,82,391513
15342,0.043004,74.125.24.0-255,66,391513,82,391513
15343,0.0,74.125.24.0-255,153,153,82,318126
15344,2.5e-05,172.31.47.0-255,66,219,82,318126
15345,4.7e-05,74.125.24.0-255,1484,1703,82,318126
15346,5.1e-05,172.31.47.0-255,66,1769,82,318126
15347,7.3e-05,74.125.24.0-255,2902,4671,82,318126
15348,7.6e-05,172.31.47.0-255,66,4737,82,318126
15349,8.1e-05,74.125.24.0-255,4320,9057,82,318126
15350,8.3e-05,172.31.47.0-255,66,9123,82,318126
15351,0.000114,74.125.24.0-255,4320,13443,82,318126
15352,0.000117,172.31.47.0-255,66,13509,82,318126
15353,0.000135,74.125.24.0-255,4893,18402,82,318126
15354,0.000137,172.31.47.0-255,66,18468,82,318126
15355,0.000147,74.125.24.0-255,1484,19952,82,318126
15356,0.000149,172.31.47.0-255,66,20018,82,318126
15357,0.00018,74.125.24.0-255,8574,28592,82,318126
15358,0.000183,172.31.47.0-255,66,28658,82,318126
15359,0.000187,74.125.24.0-255,2543,31201,82,318126
15360,0.000188,172.31.47.0-255,66,31267,82,318126
15361,0.000303,74.125.24.0-255,1484,32751,82,318126
15362,0.000307,172.31.47.0-255,66,32817,82,318126
15363,0.000328,74.125.24.0-255,2902,35719,82,318126
15364,0.000331,172.31.47.0-255,66,35785,82,318126
15365,0.000333,74.125.24.0-255,1484,37269,82,318126
15366,0.000335,172.31.47.0-255,66,37335,82,318126
15367,0.000353,74.125.24.0-255,4320,41655,82,318126
15368,0.000355,172.31.47.0-255,66,41721,82,318126
15369,0.000388,74.125.24.0-255,8574,50295,82,318126
15370,0.000391,172.31.47.0-255,66,50361,82,318126
15371,0.000416,74.125.24.0-255,9992,60353,82,318126
15372,0.00042,172.31.47.0-255,66,60419,82,318126
15373,0.000439,74.125.24.0-255,5020,65439,82,318126
15374,0.000442,172.31.47.0-255,66,65505,82,318126
15375,0.000475,74.125.24.0-255,395,65900,82,318126
15376,0.000493,74.125.24.0-255,113,66013,82,318126
15377,0.000678,74.125.24.0-255,1484,67497,82,318126
15378,0.000682,172.31.47.0-255,66,67563,82,318126
15379,0.000687,74.125.24.0-255,2902,70465,82,318126
15380,0.000689,172.31.47.0-255,66,70531,82,318126
15381,0.000702,74.125.24.0-255,2902,73433,82,318126
15382,0.000705,172.31.47.0-255,66,73499,82,318126
15383,0.000726,74.125.24.0-255,2902,76401,82,318126
15384,0.000728,172.31.47.0-255,66,76467,82,318126
15385,0.000734,74.125.24.0-255,5738,82205,82,318126
15386,0.000736,172.31.47.0-255,66,82271,82,318126
15387,0.000757,74.125.24.0-255,2902,85173,82,318126
15388,0.000759,172.31.47.0-255,66,85239,82,318126
15389,0.000784,74.125.24.0-255,9992,95231,82,318126
15390,0.000788,172.31.47.0-255,66,95297,82,318126
15391,0.000792,74.125.24.0-255,5020,100317,82,318126
15392,0.000793,172.31.47.0-255,66,100383,82,318126
15393,0.000854,74.125.24.0-255,331,100714,82,318126
15394,0.002229,74.125.24.0-255,1484,102198,82,318126
15395,0.002234,172.31.47.0-255,66,102264,82,318126
15396,0.002238,74.125.24.0-255,2902,105166,82,318126
15397,0.00224,172.31.47.0-255,66,105232,82,318126
15398,0.002253,74.125.24.0-255,2902,108134,82,318126
15399,0.002255,172.31.47.0-255,66,108200,82,318126
15400,0.00227,74.125.24.0-255,2902,111102,82,318126
15401,0.002271,172.31.47.0-255,66,111168,82,318126
15402,0.002277,74.125.24.0-255,7156,118324,82,318126
15403,0.002279,172.31.47.0-255,66,118390,82,318126
15404,0.002292,74.125.24.0-255,5738,124128,82,318126
15405,0.002294,172.31.47.0-255,66,124194,82,318126
15406,0.002299,74.125.24.0-255,5738,129932,82,318126
15407,0.0023,172.31.47.0-255,66,129998,82,318126
15408,0.002314,74.125.24.0-255,2902,132900,82,318126
15409,0.002316,172.31.47.0-255,66,132966,82,318126
15410,0.002355,74.125.24.0-255,2902,135868,82,318126
15411,0.002357,172.31.47.0-255,66,135934,82,318126
15412,0.002382,172.31.47.0-255,66,136000,82,318126
15413,0.002396,74.125.24.0-255,5020,141020,82,318126
15414,0.002398,172.31.47.0-255,66,141086,82,318126
15415,0.002401,74.125.24.0-255,2902,143988,82,318126
15416,0.002403,172.31.47.0-255,66,144054,82,318126
15417,0.002419,74.125.24.0-255,10692,154746,82,318126
15418,0.002421,172.31.47.0-255,66,154812,82,318126
15419,0.002425,74.125.24.0-255,4320,159132,82,318126
15420,0.002427,172.31.47.0-255,66,159198,82,318126
15421,0.002456,74.125.24.0-255,9992,169190,82,318126
15422,0.002458,172.31.47.0-255,66,169256,82,318126
15423,0.002464,74.125.24.0-255,5738,174994,82,318126
15424,0.002465,172.31.47.0-255,66,175060,82,318126
15425,0.002483,74.125.24.0-255,9992,185052,82,318126
15426,0.002485,172.31.47.0-255,66,185118,82,318126
15427,0.002497,74.125.24.0-255,3602,188720,82,318126
15428,0.002499,172.31.47.0-255,66,188786,82,318126
15429,0.002533,74.125.24.0-255,4320,193106,82,318126
15430,0.002535,172.31.47.0-255,66,193172,82,318126
15431,0.002555,74.125.24.0-255,8574,201746,82,318126
15432,0.002557,172.31.47.0-255,66,201812,82,318126
15433,0.002562,74.125.24.0-255,5738,207550,82,318126
15434,0.002563,172.31.47.0-255,66,207616,82,318126
15435,0.002577,74.125.24.0-255,4320,211936,82,318126
15436,0.002578,172.31.47.0-255,66,212002,82,318126
15437,0.002627,74.125.24.0-255,2902,214904,82,318126
15438,0.002628,172.31.47.0-255,66,214970,82,318126
15439,0.002641,74.125.24.0-255,7156,222126,82,318126
15440,0.002643,172.31.47.0-255,66,222192,82,318126
15441,0.002655,74.125.24.0-255,766,222958,82,318126
15442,0.002728,74.125.24.0-255,1484,224442,82,318126
15443,0.00273,172.31.47.0-255,66,224508,82,318126
15444,0.002734,74.125.24.0-255,2902,227410,82,318126
15445,0.002735,172.31.47.0-255,66,227476,82,318126
15446,0.002774,74.125.24.0-255,4320,231796,82,318126
15447,0.002776,172.31.47.0-255,66,231862,82,318126
15448,0.002799,74.125.24.0-255,1484,233346,82,318126
15449,0.002815,172.31.47.0-255,66,233412,82,318126
15450,0.00282,74.125.24.0-255,7156,240568,82,318126
15451,0.002822,172.31.47.0-255,66,240634,82,318126
15452,0.002848,74.125.24.0-255,7856,248490,82,318126
15453,0.00285,172.31.47.0-255,66,248556,82,318126
15454,0.002878,74.125.24.0-255,5738,254294,82,318126
15455,0.00288,172.31.47.0-255,66,254360,82,318126
15456,0.002883,74.125.24.0-255,1484,255844,82,318126
15457,0.002901,74.125.24.0-255,2902,258746,82,318126
15458,0.002902,172.31.47.0-255,66,258812,82,318126
15459,0.002905,74.125.24.0-255,1484,260296,82,318126
15460,0.00293,172.31.47.0-255,66,260362,82,318126
15461,0.002947,74.125.24.0-255,2902,263264,82,318126
15462,0.002949,172.31.47.0-255,66,263330,82,318126
15463,0.002969,74.125.24.0-255,10692,274022,82,318126
15464,0.002971,172.31.47.0-255,66,274088,82,318126
15465,0.002976,74.125.24.0-255,4320,278408,82,318126
15466,0.002978,172.31.47.0-255,66,278474,82,318126
15467,0.002999,74.125.24.0-255,4320,282794,82,318126
15468,0.003002,172.31.47.0-255,66,282860,82,318126
15469,0.003021,74.125.24.0-255,2902,285762,82,318126
15470,0.003023,172.31.47.0-255,66,285828,82,318126
15471,0.00305,172.31.47.0-255,66,285894,82,318126
15472,0.003082,74.125.24.0-255,3602,289496,82,318126
15473,0.003084,172.31.47.0-255,66,289562,82,318126
15474,0.003089,74.125.24.0-255,5738,295300,82,318126
15475,0.003091,172.31.47.0-255,66,295366,82,318126
15476,0.003114,74.125.24.0-255,1484,296850,82,318126
15477,0.003133,74.125.24.0-255,9274,306124,82,318126
15478,0.00318,74.125.24.0-255,1484,307608,82,318126
15479,0.003216,74.125.24.0-255,1484,309092,82,318126
15480,0.003229,74.125.24.0-255,4418,313510,82,318126
15481,0.00329,74.125.24.0-255,105,313615,82,318126
15482,0.004682,172.31.47.0-255,66,313681,82,318126
15483,0.007498,172.31.47.0-255,105,313786,82,318126
15484,0.010048,74.125.24.0-255,66,313852,82,318126
15485,0.0241,172.31.47.0-255,163,314015,82,318126
15486,0.024127,172.31.47.0-255,1140,315155,82,318126
15487,0.02416,172.31.47.0-255,1514,316669,82,318126
15488,0.024162,172.31.47.0-255,1259,317928,82,318126
15489,0.025648,104.244.42.0-255,66,317994,82,318126
15490,0.025836,104.244.42.0-255,66,318060,82,318126
15491,0.025839,104.244.42.0-255,66,318126,82,318126
15492,0.0,172.31.47.0-255,66,66,82,66
15493,0.0,74.125.68.0-255,153,153,82,319707
15494,2.2e-05,172.31.47.0-255,66,219,82,319707
15495,2.8e-05,74.125.68.0-255,1484,1703,82,319707
15496,3.2e-05,172.31.47.0-255,66,1769,82,319707
15497,5.5e-05,74.125.68.0-255,1484,3253,82,319707
15498,5.6e-05,172.31.47.0-255,66,3319,82,319707
15499,6.6e-05,74.125.68.0-255,2902,6221,82,319707
15500,6.9e-05,172.31.47.0-255,66,6287,82,319707
15501,9.8e-05,74.125.68.0-255,1484,7771,82,319707
15502,0.0001,172.31.47.0-255,66,7837,82,319707
15503,0.000123,74.125.68.0-255,2902,10739,82,319707
15504,0.000126,172.31.47.0-255,66,10805,82,319707
15505,0.000154,74.125.68.0-255,4933,15738,82,319707
15506,0.000157,172.31.47.0-255,66,15804,82,319707
15507,0.000162,74.125.68.0-255,5738,21542,82,319707
15508,0.000164,172.31.47.0-255,66,21608,82,319707
15509,0.000198,74.125.68.0-255,4320,25928,82,319707
15510,0.000201,172.31.47.0-255,66,25994,82,319707
15511,0.000225,74.125.68.0-255,5379,31373,82,319707
15512,0.000227,172.31.47.0-255,66,31439,82,319707
15513,0.000314,74.125.68.0-255,1484,32923,82,319707
15514,0.000317,172.31.47.0-255,66,32989,82,319707
15515,0.000341,74.125.68.0-255,2902,35891,82,319707
15516,0.000344,172.31.47.0-255,66,35957,82,319707
15517,0.000349,74.125.68.0-255,2902,38859,82,319707
15518,0.000351,172.31.47.0-255,66,38925,82,319707
15519,0.000376,74.125.68.0-255,1484,40409,82,319707
15520,0.000382,74.125.68.0-255,5738,46147,82,319707
15521,0.000382,172.31.47.0-255,66,46213,82,319707
15522,0.000387,172.31.47.0-255,66,46279,82,319707
15523,0.000406,74.125.68.0-255,3961,50240,82,319707
15524,0.000409,172.31.47.0-255,66,50306,82,319707
15525,0.000414,74.125.68.0-255,4320,54626,82,319707
15526,0.000433,172.31.47.0-255,66,54692,82,319707
15527,0.000466,74.125.68.0-255,9992,64684,82,319707
15528,0.000469,172.31.47.0-255,66,64750,82,319707
15529,0.000472,74.125.68.0-255,1402,66152,82,319707
15530,0.000474,74.125.68.0-255,130,66282,82,319707
15531,0.00064,74.125.68.0-255,344,66626,82,319707
15532,0.000644,172.31.47.0-255,66,66692,82,319707
15533,0.000917,74.125.68.0-255,1484,68176,82,319707
15534,0.000927,74.125.68.0-255,2902,71078,82,319707
15535,0.000931,172.31.47.0-255,66,71144,82,319707
15536,0.000961,74.125.68.0-255,4320,75464,82,319707
15537,0.000964,172.31.47.0-255,66,75530,82,319707
15538,0.000999,74.125.68.0-255,1484,77014,82,319707
15539,0.001013,172.31.47.0-255,66,77080,82,319707
15540,0.001038,74.125.68.0-255,1484,78564,82,319707
15541,0.001081,74.125.68.0-255,2902,81466,82,319707
15542,0.001085,172.31.47.0-255,66,81532,82,319707
15543,0.00112,74.125.68.0-255,7856,89388,82,319707
15544,0.001124,172.31.47.0-255,66,89454,82,319707
15545,0.001428,74.125.68.0-255,1484,90938,82,319707
15546,0.001443,74.125.68.0-255,2902,93840,82,319707
15547,0.001447,172.31.47.0-255,66,93906,82,319707
15548,0.001475,74.125.68.0-255,2902,96808,82,319707
15549,0.001478,172.31.47.0-255,66,96874,82,319707
15550,0.001489,74.125.68.0-255,2902,99776,82,319707
15551,0.001495,172.31.47.0-255,66,99842,82,319707
15552,0.001526,74.125.68.0-255,7156,106998,82,319707
15553,0.001529,172.31.47.0-255,66,107064,82,319707
15554,0.001535,74.125.68.0-255,4320,111384,82,319707
15555,0.001538,172.31.47.0-255,66,111450,82,319707
15556,0.001549,74.125.68.0-255,5738,117188,82,319707
15557,0.001552,172.31.47.0-255,66,117254,82,319707
15558,0.001559,74.125.68.0-255,6438,123692,82,319707
15559,0.001562,172.31.47.0-255,66,123758,82,319707
15560,0.003593,74.125.68.0-255,1484,125242,82,319707
15561,0.003622,74.125.68.0-255,4320,129562,82,319707
15562,0.003626,172.31.47.0-255,66,129628,82,319707
15563,0.005671,74.125.68.0-255,4320,133948,82,319707
15564,0.005675,172.31.47.0-255,66,134014,82,319707
15565,0.005699,74.125.68.0-255,1484,135498,82,319707
15566,0.00771,74.125.68.0-255,4320,139818,82,319707
15567,0.007716,172.31.47.0-255,66,139884,82,319707
15568,0.009756,74.125.68.0-255,5738,145622,82,319707
15569,0.009762,172.31.47.0-255,66,145688,82,319707
15570,0.011821,74.125.68.0-255,5738,151426,82,319707
15571,0.011827,172.31.47.0-255,66,151492,82,319707
15572,0.013889,74.125.68.0-255,5738,157230,82,319707
15573,0.013895,172.31.47.0-255,66,157296,82,319707
15574,0.015944,74.125.68.0-255,5738,163034,82,319707
15575,0.015955,172.31.47.0-255,66,163100,82,319707
15576,0.018005,74.125.68.0-255,5738,168838,82,319707
15577,0.018015,172.31.47.0-255,66,168904,82,319707
15578,0.020078,74.125.68.0-255,5738,174642,82,319707
15579,0.020086,172.31.47.0-255,66,174708,82,319707
15580,0.021184,172.31.47.0-255,172,174880,82,319707
15581,0.021228,172.31.47.0-255,1107,175987,82,319707
15582,0.021348,172.31.47.0-255,1514,177501,82,319707
15583,0.021378,172.31.47.0-255,1292,178793,82,319707
15584,0.02213,74.125.68.0-255,5738,184531,82,319707
15585,0.022135,172.31.47.0-255,66,184597,82,319707
15586,0.022703,104.244.42.0-255,66,184663,82,319707
15587,0.022741,104.244.42.0-255,66,184729,82,319707
15588,0.022901,104.244.42.0-255,66,184795,82,319707
15589,0.024188,74.125.68.0-255,5738,190533,82,319707
15590,0.024193,172.31.47.0-255,66,190599,82,319707
15591,0.02623,74.125.68.0-255,2902,193501,82,319707
15592,0.026235,172.31.47.0-255,66,193567,82,319707
15593,0.026271,74.125.68.0-255,2902,196469,82,319707
15594,0.026275,172.31.47.0-255,66,196535,82,319707
15595,0.028278,74.125.68.0-255,2902,199437,82,319707
15596,0.028282,172.31.47.0-255,66,199503,82,319707
15597,0.028311,74.125.68.0-255,2902,202405,82,319707
15598,0.028314,172.31.47.0-255,66,202471,82,319707
15599,0.030321,74.125.68.0-255,2902,205373,82,319707
15600,0.030325,172.31.47.0-255,66,205439,82,319707
15601,0.030358,74.125.68.0-255,2902,208341,82,319707
15602,0.030361,172.31.47.0-255,66,208407,82,319707
15603,0.032358,74.125.68.0-255,2902,211309,82,319707
15604,0.032364,172.31.47.0-255,66,211375,82,319707
15605,0.032397,74.125.68.0-255,2902,214277,82,319707
15606,0.0324,172.31.47.0-255,66,214343,82,319707
15607,0.034389,74.125.68.0-255,2902,217245,82,319707
15608,0.034394,172.31.47.0-255,66,217311,82,319707
15609,0.034436,74.125.68.0-255,2902,220213,82,319707
15610,0.03444,172.31.47.0-255,66,220279,82,319707
15611,0.036445,74.125.68.0-255,2902,223181,82,319707
15612,0.036451,172.31.47.0-255,66,223247,82,319707
15613,0.036492,74.125.68.0-255,2902,226149,82,319707
15614,0.036495,172.31.47.0-255,66,226215,82,319707
15615,0.038521,74.125.68.0-255,2902,229117,82,319707
15616,0.038526,172.31.47.0-255,66,229183,82,319707
15617,0.038557,74.125.68.0-255,2902,232085,82,319707
15618,0.038559,172.31.47.0-255,66,232151,82,319707
15619,0.04056,74.125.68.0-255,2902,235053,82,319707
15620,0.040565,172.31.47.0-255,66,235119,82,319707
15621,0.040602,74.125.68.0-255,2902,238021,82,319707
15622,0.040605,172.31.47.0-255,66,238087,82,319707
15623,0.042616,74.125.68.0-255,2902,240989,82,319707
15624,0.042622,172.31.47.0-255,66,241055,82,319707
15625,0.042649,74.125.68.0-255,2902,243957,82,319707
15626,0.042651,172.31.47.0-255,66,244023,82,319707
15627,0.044663,74.125.68.0-255,2902,246925,82,319707
15628,0.044668,172.31.47.0-255,66,246991,82,319707
15629,0.044691,74.125.68.0-255,2902,249893,82,319707
15630,0.044693,172.31.47.0-255,66,249959,82,319707
15631,0.046714,74.125.68.0-255,4320,254279,82,319707
15632,0.046721,172.31.47.0-255,66,254345,82,319707
15633,0.046738,74.125.68.0-255,1484,255829,82,319707
15634,0.048758,74.125.68.0-255,1484,257313,82,319707
15635,0.048764,172.31.47.0-255,66,257379,82,319707
15636,0.048782,74.125.68.0-255,2902,260281,82,319707
15637,0.048785,172.31.47.0-255,66,260347,82,319707
15638,0.050804,74.125.68.0-255,2902,263249,82,319707
15639,0.050809,172.31.47.0-255,66,263315,82,319707
15640,0.050861,74.125.68.0-255,2902,266217,82,319707
15641,0.050864,172.31.47.0-255,66,266283,82,319707
15642,0.052847,74.125.68.0-255,2902,269185,82,319707
15643,0.052851,172.31.47.0-255,66,269251,82,319707
15644,0.052896,74.125.68.0-255,2902,272153,82,319707
15645,0.052901,172.31.47.0-255,66,272219,82,319707
15646,0.05489,74.125.68.0-255,2902,275121,82,319707
15647,0.054894,172.31.47.0-255,66,275187,82,319707
15648,0.054925,74.125.68.0-255,2902,278089,82,319707
15649,0.054928,172.31.47.0-255,66,278155,82,319707
15650,0.056934,74.125.68.0-255,2902,281057,82,319707
15651,0.056938,172.31.47.0-255,66,281123,82,319707
15652,0.056977,74.125.68.0-255,2902,284025,82,319707
15653,0.056981,172.31.47.0-255,66,284091,82,319707
15654,0.058992,74.125.68.0-255,2902,286993,82,319707
15655,0.058997,172.31.47.0-255,66,287059,82,319707
15656,0.059033,74.125.68.0-255,2902,289961,82,319707
15657,0.059036,172.31.47.0-255,66,290027,82,319707
15658,0.061045,74.125.68.0-255,2902,292929,82,319707
15659,0.06105,172.31.47.0-255,66,292995,82,319707
15660,0.061115,74.125.68.0-255,2902,295897,82,319707
15661,0.061118,172.31.47.0-255,66,295963,82,319707
15662,0.063086,74.125.68.0-255,2902,298865,82,319707
15663,0.06309,172.31.47.0-255,66,298931,82,319707
15664,0.063161,74.125.68.0-255,2902,301833,82,319707
15665,0.063165,172.31.47.0-255,66,301899,82,319707
15666,0.065142,74.125.68.0-255,2902,304801,82,319707
15667,0.065146,172.31.47.0-255,66,304867,82,319707
15668,0.065192,74.125.68.0-255,2902,307769,82,319707
15669,0.065195,172.31.47.0-255,66,307835,82,319707
15670,0.067192,74.125.68.0-255,2902,310737,82,319707
15671,0.067196,172.31.47.0-255,66,310803,82,319707
15672,0.067232,74.125.68.0-255,2902,313705,82,319707
15673,0.067235,172.31.47.0-255,66,313771,82,319707
15674,0.06924,74.125.68.0-255,2902,316673,82,319707
15675,0.069244,172.31.47.0-255,66,316739,82,319707
15676,0.069275,74.125.68.0-255,2902,319641,82,319707
15677,0.069277,172.31.47.0-255,66,319707,82,319707
15678,0.0,172.217.194.0-255,153,153,82,302862
15679,3.3e-05,172.31.47.0-255,66,219,82,302862
15680,4e-05,172.217.194.0-255,1484,1703,82,302862
15681,4.4e-05,172.31.47.0-255,66,1769,82,302862
15682,5e-05,172.217.194.0-255,2902,4671,82,302862
15683,5.4e-05,172.31.47.0-255,66,4737,82,302862
15684,6.2e-05,172.217.194.0-255,7156,11893,82,302862
15685,6.5e-05,172.31.47.0-255,66,11959,82,302862
15686,6.7e-05,172.217.194.0-255,1484,13443,82,302862
15687,6.9e-05,172.31.47.0-255,66,13509,82,302862
15688,0.000109,172.217.194.0-255,9217,22726,82,302862
15689,0.000112,172.31.47.0-255,66,22792,82,302862
15690,0.000125,172.217.194.0-255,2902,25694,82,302862
15691,0.000127,172.31.47.0-255,66,25760,82,302862
15692,0.000146,172.217.194.0-255,5379,31139,82,302862
15693,0.000149,172.31.47.0-255,66,31205,82,302862
15694,0.000225,172.217.194.0-255,1484,32689,82,302862
15695,0.000227,172.31.47.0-255,66,32755,82,302862
15696,0.000231,172.217.194.0-255,2902,35657,82,302862
15697,0.000233,172.31.47.0-255,66,35723,82,302862
15698,0.000254,172.217.194.0-255,5738,41461,82,302862
15699,0.000257,172.31.47.0-255,66,41527,82,302862
15700,0.00026,172.217.194.0-255,1484,43011,82,302862
15701,0.000261,172.31.47.0-255,66,43077,82,302862
15702,0.00028,172.217.194.0-255,9992,53069,82,302862
15703,0.000282,172.31.47.0-255,66,53135,82,302862
15704,0.000311,172.217.194.0-255,1484,54619,82,302862
15705,0.000313,172.31.47.0-255,66,54685,82,302862
15706,0.000323,172.217.194.0-255,10692,65377,82,302862
15707,0.000325,172.31.47.0-255,66,65443,82,302862
15708,0.000327,172.217.194.0-255,377,65820,82,302862
15709,0.00033,172.31.47.0-255,66,65886,82,302862
15710,0.000468,172.217.194.0-255,1484,67370,82,302862
15711,0.000489,172.217.194.0-255,2902,70272,82,302862
15712,0.000493,172.31.47.0-255,66,70338,82,302862
15713,0.000525,172.217.194.0-255,2902,73240,82,302862
15714,0.000528,172.31.47.0-255,66,73306,82,302862
15715,0.000544,172.217.194.0-255,2902,76208,82,302862
15716,0.000547,172.31.47.0-255,66,76274,82,302862
15717,0.000559,172.31.47.0-255,66,76340,82,302862
15718,0.000568,172.217.194.0-255,10412,86752,82,302862
15719,0.00057,172.31.47.0-255,66,86818,82,302862
15720,0.000607,172.31.47.0-255,66,86884,82,302862
15721,0.000624,172.217.194.0-255,5265,92149,82,302862
15722,0.000627,172.31.47.0-255,66,92215,82,302862
15723,0.000639,172.31.47.0-255,66,92281,82,302862
15724,0.000669,172.217.194.0-255,5738,98019,82,302862
15725,0.000672,172.31.47.0-255,66,98085,82,302862
15726,0.000685,172.31.47.0-255,66,98151,82,302862
15727,0.00072,172.217.194.0-255,10692,108843,82,302862
15728,0.000723,172.31.47.0-255,66,108909,82,302862
15729,0.00073,172.217.194.0-255,8574,117483,82,302862
15730,0.000733,172.31.47.0-255,66,117549,82,302862
15731,0.000753,172.217.194.0-255,2902,120451,82,302862
15732,0.000755,172.31.47.0-255,66,120517,82,302862
15733,0.000759,172.217.194.0-255,2902,123419,82,302862
15734,0.000763,172.31.47.0-255,66,123485,82,302862
15735,0.000786,172.217.194.0-255,10692,134177,82,302862
15736,0.000789,172.31.47.0-255,66,134243,82,302862
15737,0.000797,172.217.194.0-255,9992,144235,82,302862
15738,0.0008,172.31.47.0-255,66,144301,82,302862
15739,0.000815,172.217.194.0-255,4465,148766,82,302862
15740,0.000818,172.31.47.0-255,66,148832,82,302862
15741,0.000823,172.217.194.0-255,4320,153152,82,302862
15742,0.000825,172.31.47.0-255,66,153218,82,302862
15743,0.000852,172.217.194.0-255,7156,160374,82,302862
15744,0.000856,172.31.47.0-255,66,160440,82,302862
15745,0.000859,172.217.194.0-255,7856,168296,82,302862
15746,0.000861,172.31.47.0-255,66,168362,82,302862
15747,0.001336,172.217.194.0-255,1484,169846,82,302862
15748,0.001352,172.217.194.0-255,2902,172748,82,302862
15749,0.001355,172.31.47.0-255,66,172814,82,302862
15750,0.001361,172.217.194.0-255,5738,178552,82,302862
15751,0.001363,172.31.47.0-255,66,178618,82,302862
15752,0.001386,172.217.194.0-255,2902,181520,82,302862
15753,0.001389,172.31.47.0-255,66,181586,82,302862
15754,0.001411,172.217.194.0-255,9992,191578,82,302862
15755,0.001413,172.31.47.0-255,66,191644,82,302862
15756,0.001433,172.217.194.0-255,1484,193128,82,302862
15757,0.001459,172.217.194.0-255,9274,202402,82,302862
15758,0.001461,172.31.47.0-255,66,202468,82,302862
15759,0.001472,172.217.194.0-255,7156,209624,82,302862
15760,0.001474,172.31.47.0-255,66,209690,82,302862
15761,0.001492,172.217.194.0-255,4320,214010,82,302862
15762,0.001495,172.31.47.0-255,66,214076,82,302862
15763,0.001498,172.217.194.0-255,1484,215560,82,302862
15764,0.001503,172.217.194.0-255,4320,219880,82,302862
15765,0.001504,172.31.47.0-255,66,219946,82,302862
15766,0.00153,172.217.194.0-255,9992,229938,82,302862
15767,0.001532,172.31.47.0-255,66,230004,82,302862
15768,0.001538,172.217.194.0-255,6438,236442,82,302862
15769,0.00154,172.31.47.0-255,66,236508,82,302862
15770,0.001603,172.217.194.0-255,1484,237992,82,302862
15771,0.001616,172.217.194.0-255,2902,240894,82,302862
15772,0.001619,172.31.47.0-255,66,240960,82,302862
15773,0.001623,172.217.194.0-255,1484,242444,82,302862
15774,0.001641,172.217.194.0-255,4320,246764,82,302862
15775,0.001643,172.31.47.0-255,66,246830,82,302862
15776,0.001646,172.217.194.0-255,1484,248314,82,302862
15777,0.001688,172.31.47.0-255,66,248380,82,302862
15778,0.001692,172.217.194.0-255,10692,259072,82,302862
15779,0.001694,172.31.47.0-255,66,259138,82,302862
15780,0.001732,172.217.194.0-255,1484,260622,82,302862
15781,0.001743,172.217.194.0-255,2902,263524,82,302862
15782,0.001746,172.31.47.0-255,66,263590,82,302862
15783,0.00175,172.217.194.0-255,2902,266492,82,302862
15784,0.001752,172.31.47.0-255,66,266558,82,302862
15785,0.001763,172.217.194.0-255,2902,269460,82,302862
15786,0.001766,172.31.47.0-255,66,269526,82,302862
15787,0.001769,172.217.194.0-255,2902,272428,82,302862
15788,0.001771,172.31.47.0-255,66,272494,82,302862
15789,0.001792,172.217.194.0-255,7156,279650,82,302862
15790,0.001794,172.31.47.0-255,66,279716,82,302862
15791,0.001834,172.217.194.0-255,2902,282618,82,302862
15792,0.001837,172.31.47.0-255,66,282684,82,302862
15793,0.001867,172.31.47.0-255,66,282750,82,302862
15794,0.001874,172.217.194.0-255,8574,291324,82,302862
15795,0.001876,172.31.47.0-255,66,291390,82,302862
15796,0.001922,172.217.194.0-255,5738,297128,82,302862
15797,0.001925,172.31.47.0-255,66,297194,82,302862
15798,0.001947,172.217.194.0-255,977,298171,82,302862
15799,0.001948,172.31.47.0-255,66,298237,82,302862
15800,0.001948,172.217.194.0-255,105,298342,82,302862
15801,0.002999,172.31.47.0-255,66,298408,82,302862
15802,0.003025,172.31.47.0-255,105,298513,82,302862
15803,0.005524,172.217.194.0-255,66,298579,82,302862
15804,0.042807,172.31.47.0-255,172,298751,82,302862
15805,0.042843,172.31.47.0-255,1103,299854,82,302862
15806,0.04288,172.31.47.0-255,1514,301368,82,302862
15807,0.042882,172.31.47.0-255,1296,302664,82,302862
15808,0.044381,104.244.42.0-255,66,302730,82,302862
15809,0.044415,104.244.42.0-255,66,302796,82,302862
15810,0.044418,104.244.42.0-255,66,302862,82,302862
15811,0.0,172.217.194.0-255,153,153,82,299032
15812,2.3e-05,172.31.47.0-255,66,219,82,299032
15813,2.9e-05,172.217.194.0-255,1484,1703,82,299032
15814,3.4e-05,172.31.47.0-255,66,1769,82,299032
15815,3.9e-05,172.217.194.0-255,2902,4671,82,299032
15816,4.2e-05,172.31.47.0-255,66,4737,82,299032
15817,4.9e-05,172.217.194.0-255,7156,11893,82,299032
15818,5.3e-05,172.31.47.0-255,66,11959,82,299032
15819,7.2e-05,172.217.194.0-255,1975,13934,82,299032
15820,7.5e-05,172.31.47.0-255,66,14000,82,299032
15821,0.000206,172.217.194.0-255,1484,15484,82,299032
15822,0.000212,172.31.47.0-255,66,15550,82,299032
15823,0.000218,172.217.194.0-255,2902,18452,82,299032
15824,0.00022,172.31.47.0-255,66,18518,82,299032
15825,0.000226,172.217.194.0-255,5738,24256,82,299032
15826,0.000228,172.31.47.0-255,66,24322,82,299032
15827,0.000232,172.217.194.0-255,2902,27224,82,299032
15828,0.000235,172.31.47.0-255,66,27290,82,299032
15829,0.000264,172.217.194.0-255,3961,31251,82,299032
15830,0.000268,172.31.47.0-255,66,31317,82,299032
15831,0.000273,172.217.194.0-255,2902,34219,82,299032
15832,0.000275,172.31.47.0-255,66,34285,82,299032
15833,0.000302,172.31.47.0-255,66,34351,82,299032
15834,0.000307,172.217.194.0-255,2543,36894,82,299032
15835,0.000309,172.31.47.0-255,66,36960,82,299032
15836,0.000995,172.217.194.0-255,1484,38444,82,299032
15837,0.001001,172.31.47.0-255,66,38510,82,299032
15838,0.00101,172.217.194.0-255,2902,41412,82,299032
15839,0.001013,172.31.47.0-255,66,41478,82,299032
15840,0.001021,172.217.194.0-255,5738,47216,82,299032
15841,0.001023,172.31.47.0-255,66,47282,82,299032
15842,0.001052,172.217.194.0-255,7377,54659,82,299032
15843,0.001056,172.31.47.0-255,66,54725,82,299032
15844,0.001089,172.217.194.0-255,2902,57627,82,299032
15845,0.001092,172.31.47.0-255,66,57693,82,299032
15846,0.001113,172.217.194.0-255,4320,62013,82,299032
15847,0.001115,172.31.47.0-255,66,62079,82,299032
15848,0.00112,172.217.194.0-255,2902,64981,82,299032
15849,0.001122,172.31.47.0-255,66,65047,82,299032
15850,0.001143,172.217.194.0-255,5738,70785,82,299032
15851,0.001146,172.31.47.0-255,66,70851,82,299032
15852,0.001161,172.217.194.0-255,7156,78007,82,299032
15853,0.001163,172.31.47.0-255,66,78073,82,299032
15854,0.001187,172.217.194.0-255,10692,88765,82,299032
15855,0.001191,172.31.47.0-255,66,88831,82,299032
15856,0.001346,172.217.194.0-255,1484,90315,82,299032
15857,0.001353,172.217.194.0-255,2902,93217,82,299032
15858,0.001355,172.31.47.0-255,66,93283,82,299032
15859,0.00137,172.217.194.0-255,1484,94767,82,299032
15860,0.001386,172.217.194.0-255,4320,99087,82,299032
15861,0.001388,172.31.47.0-255,66,99153,82,299032
15862,0.001413,172.31.47.0-255,66,99219,82,299032
15863,0.001431,172.217.194.0-255,1484,100703,82,299032
15864,0.001459,172.217.194.0-255,2902,103605,82,299032
15865,0.001462,172.31.47.0-255,66,103671,82,299032
15866,0.001487,172.217.194.0-255,7856,111527,82,299032
15867,0.00149,172.31.47.0-255,66,111593,82,299032
15868,0.001545,172.217.194.0-255,1484,113077,82,299032
15869,0.001549,172.217.194.0-255,2902,115979,82,299032
15870,0.001551,172.31.47.0-255,66,116045,82,299032
15871,0.001557,172.217.194.0-255,5738,121783,82,299032
15872,0.001559,172.31.47.0-255,66,121849,82,299032
15873,0.001571,172.31.47.0-255,66,121915,82,299032
15874,0.001579,172.217.194.0-255,10692,132607,82,299032
15875,0.001582,172.31.47.0-255,66,132673,82,299032
15876,0.001668,172.217.194.0-255,1484,134157,82,299032
15877,0.001673,172.217.194.0-255,2902,137059,82,299032
15878,0.001676,172.31.47.0-255,66,137125,82,299032
15879,0.001697,172.217.194.0-255,5738,142863,82,299032
15880,0.0017,172.31.47.0-255,66,142929,82,299032
15881,0.001704,172.217.194.0-255,2902,145831,82,299032
15882,0.001706,172.31.47.0-255,66,145897,82,299032
15883,0.001727,172.217.194.0-255,4320,150217,82,299032
15884,0.00173,172.31.47.0-255,66,150283,82,299032
15885,0.001743,172.217.194.0-255,5738,156021,82,299032
15886,0.001745,172.31.47.0-255,66,156087,82,299032
15887,0.001763,172.217.194.0-255,1484,157571,82,299032
15888,0.001792,172.217.194.0-255,9274,166845,82,299032
15889,0.001796,172.31.47.0-255,66,166911,82,299032
15890,0.001967,172.217.194.0-255,1484,168395,82,299032
15891,0.001972,172.217.194.0-255,2902,171297,82,299032
15892,0.001975,172.31.47.0-255,66,171363,82,299032
15893,0.001996,172.217.194.0-255,5738,177101,82,299032
15894,0.001999,172.31.47.0-255,66,177167,82,299032
15895,0.002027,172.217.194.0-255,2902,180069,82,299032
15896,0.00203,172.31.47.0-255,66,180135,82,299032
15897,0.002041,172.217.194.0-255,7156,187291,82,299032
15898,0.002043,172.31.47.0-255,66,187357,82,299032
15899,0.002049,172.217.194.0-255,5738,193095,82,299032
15900,0.002052,172.31.47.0-255,66,193161,82,299032
15901,0.002073,172.217.194.0-255,5738,198899,82,299032
15902,0.002075,172.31.47.0-255,66,198965,82,299032
15903,0.002081,172.217.194.0-255,5020,203985,82,299032
15904,0.002083,172.31.47.0-255,66,204051,82,299032
15905,0.002088,172.217.194.0-255,5738,209789,82,299032
15906,0.00209,172.31.47.0-255,66,209855,82,299032
15907,0.002135,172.31.47.0-255,66,209921,82,299032
15908,0.002141,172.217.194.0-255,7156,217077,82,299032
15909,0.002144,172.31.47.0-255,66,217143,82,299032
15910,0.002181,172.217.194.0-255,2902,220045,82,299032
15911,0.002184,172.31.47.0-255,66,220111,82,299032
15912,0.002216,172.31.47.0-255,66,220177,82,299032
15913,0.002242,172.217.194.0-255,9992,230169,82,299032
15914,0.002245,172.31.47.0-255,66,230235,82,299032
15915,0.002275,172.217.194.0-255,10692,240927,82,299032
15916,0.002279,172.31.47.0-255,66,240993,82,299032
15917,0.002286,172.217.194.0-255,8574,249567,82,299032
15918,0.002288,172.31.47.0-255,66,249633,82,299032
15919,0.002318,172.31.47.0-255,66,249699,82,299032
15920,0.002326,172.217.194.0-255,9992,259691,82,299032
15921,0.002328,172.31.47.0-255,66,259757,82,299032
15922,0.002402,172.31.47.0-255,66,259823,82,299032
15923,0.002415,172.31.47.0-255,66,259889,82,299032
15924,0.002442,172.217.194.0-255,10692,270581,82,299032
15925,0.002444,172.31.47.0-255,66,270647,82,299032
15926,0.002452,172.217.194.0-255,8574,279221,82,299032
15927,0.002454,172.31.47.0-255,66,279287,82,299032
15928,0.00248,172.217.194.0-255,10692,289979,82,299032
15929,0.002483,172.31.47.0-255,66,290045,82,299032
15930,0.002488,172.217.194.0-255,4296,294341,82,299032
15931,0.00249,172.31.47.0-255,66,294407,82,299032
15932,0.002492,172.217.194.0-255,105,294512,82,299032
15933,0.004699,172.31.47.0-255,66,294578,82,299032
15934,0.004737,172.31.47.0-255,105,294683,82,299032
15935,0.007258,172.217.194.0-255,66,294749,82,299032
15936,0.030858,172.31.47.0-255,172,294921,82,299032
15937,0.030891,172.31.47.0-255,1113,296034,82,299032
15938,0.030943,172.31.47.0-255,1514,297548,82,299032
15939,0.030945,172.31.47.0-255,1286,298834,82,299032
15940,0.032403,104.244.42.0-255,66,298900,82,299032
15941,0.032448,104.244.42.0-255,66,298966,82,299032
15942,0.032498,104.244.42.0-255,66,299032,82,299032
15943,0.0,172.31.47.0-255,66,66,82,66
15944,0.0,172.31.47.0-255,105,105,82,276
15945,0.002051,157.240.13.0-255,105,210,82,276
15946,0.002064,172.31.47.0-255,66,276,82,276
15947,0.0,172.31.47.0-255,105,105,82,105
15948,0.0,74.125.130.0-255,153,153,82,412567
15949,2.3e-05,172.31.47.0-255,66,219,82,412567
15950,2.9e-05,74.125.130.0-255,1484,1703,82,412567
15951,3.2e-05,172.31.47.0-255,66,1769,82,412567
15952,3.5e-05,74.125.130.0-255,1484,3253,82,412567
15953,3.7e-05,172.31.47.0-255,66,3319,82,412567
15954,4.2e-05,74.125.130.0-255,2902,6221,82,412567
15955,4.5e-05,172.31.47.0-255,66,6287,82,412567
15956,6.6e-05,74.125.130.0-255,2902,9189,82,412567
15957,6.8e-05,172.31.47.0-255,66,9255,82,412567
15958,8.8e-05,74.125.130.0-255,2902,12157,82,412567
15959,9e-05,172.31.47.0-255,66,12223,82,412567
15960,0.000109,74.125.130.0-255,1976,14199,82,412567
15961,0.000112,172.31.47.0-255,66,14265,82,412567
15962,0.00025,74.125.130.0-255,1484,15749,82,412567
15963,0.000255,172.31.47.0-255,66,15815,82,412567
15964,0.000259,74.125.130.0-255,2902,18717,82,412567
15965,0.000262,172.31.47.0-255,66,18783,82,412567
15966,0.000285,74.125.130.0-255,4320,23103,82,412567
15967,0.000288,172.31.47.0-255,66,23169,82,412567
15968,0.000319,74.125.130.0-255,1484,24653,82,412567
15969,0.000321,172.31.47.0-255,66,24719,82,412567
15970,0.000336,74.125.130.0-255,5738,30457,82,412567
15971,0.00034,172.31.47.0-255,66,30523,82,412567
15972,0.000353,74.125.130.0-255,1125,31648,82,412567
15973,0.000355,172.31.47.0-255,66,31714,82,412567
15974,0.000384,74.125.130.0-255,8574,40288,82,412567
15975,0.000388,172.31.47.0-255,66,40354,82,412567
15976,0.000437,74.125.130.0-255,9992,50346,82,412567
15977,0.000441,172.31.47.0-255,66,50412,82,412567
15978,0.000446,74.125.130.0-255,5738,56150,82,412567
15979,0.000448,172.31.47.0-255,66,56216,82,412567
15980,0.000455,74.125.130.0-255,7156,63372,82,412567
15981,0.000457,172.31.47.0-255,66,63438,82,412567
15982,0.00046,74.125.130.0-255,2184,65622,82,412567
15983,0.000462,172.31.47.0-255,66,65688,82,412567
15984,0.000508,74.125.130.0-255,377,66065,82,412567
15985,0.000544,74.125.130.0-255,366,66431,82,412567
15986,0.00066,74.125.130.0-255,1484,67915,82,412567
15987,0.000663,172.31.47.0-255,66,67981,82,412567
15988,0.00068,74.125.130.0-255,2902,70883,82,412567
15989,0.000682,172.31.47.0-255,66,70949,82,412567
15990,0.000685,74.125.130.0-255,1484,72433,82,412567
15991,0.0007,74.125.130.0-255,2902,75335,82,412567
15992,0.000702,172.31.47.0-255,66,75401,82,412567
15993,0.000721,74.125.130.0-255,1484,76885,82,412567
15994,0.000737,74.125.130.0-255,2902,79787,82,412567
15995,0.000739,172.31.47.0-255,66,79853,82,412567
15996,0.000753,74.125.130.0-255,7156,87009,82,412567
15997,0.000756,172.31.47.0-255,66,87075,82,412567
15998,0.000768,74.125.130.0-255,2902,89977,82,412567
15999,0.00077,172.31.47.0-255,66,90043,82,412567
16000,0.000809,74.125.130.0-255,1484,91527,82,412567
16001,0.000832,74.125.130.0-255,7156,98683,82,412567
16002,0.000835,172.31.47.0-255,66,98749,82,412567
16003,0.000852,74.125.130.0-255,2184,100933,82,412567
16004,0.000854,172.31.47.0-255,66,100999,82,412567
16005,0.001283,74.125.130.0-255,1484,102483,82,412567
16006,0.001317,74.125.130.0-255,2902,105385,82,412567
16007,0.001321,172.31.47.0-255,66,105451,82,412567
16008,0.001325,74.125.130.0-255,1484,106935,82,412567
16009,0.001342,74.125.130.0-255,2902,109837,82,412567
16010,0.001344,172.31.47.0-255,66,109903,82,412567
16011,0.001347,74.125.130.0-255,1484,111387,82,412567
16012,0.001368,74.125.130.0-255,4320,115707,82,412567
16013,0.00137,172.31.47.0-255,66,115773,82,412567
16014,0.001384,74.125.130.0-255,5738,121511,82,412567
16015,0.001387,172.31.47.0-255,66,121577,82,412567
16016,0.001407,74.125.130.0-255,5738,127315,82,412567
16017,0.00141,172.31.47.0-255,66,127381,82,412567
16018,0.001451,74.125.130.0-255,4320,131701,82,412567
16019,0.001454,172.31.47.0-255,66,131767,82,412567
16020,0.001474,74.125.130.0-255,3602,135369,82,412567
16021,0.001477,172.31.47.0-255,66,135435,82,412567
16022,0.001504,74.125.130.0-255,1484,136919,82,412567
16023,0.001528,74.125.130.0-255,2902,139821,82,412567
16024,0.001532,172.31.47.0-255,66,139887,82,412567
16025,0.001535,74.125.130.0-255,1484,141371,82,412567
16026,0.00155,74.125.130.0-255,2902,144273,82,412567
16027,0.001551,172.31.47.0-255,66,144339,82,412567
16028,0.001565,74.125.130.0-255,2902,147241,82,412567
16029,0.001568,172.31.47.0-255,66,147307,82,412567
16030,0.001593,74.125.130.0-255,5738,153045,82,412567
16031,0.001596,172.31.47.0-255,66,153111,82,412567
16032,0.001603,74.125.130.0-255,8574,161685,82,412567
16033,0.001605,172.31.47.0-255,66,161751,82,412567
16034,0.001631,74.125.130.0-255,2902,164653,82,412567
16035,0.001634,172.31.47.0-255,66,164719,82,412567
16036,0.001651,74.125.130.0-255,5020,169739,82,412567
16037,0.001654,172.31.47.0-255,66,169805,82,412567
16038,0.00173,74.125.130.0-255,1484,171289,82,412567
16039,0.001747,74.125.130.0-255,2902,174191,82,412567
16040,0.001749,172.31.47.0-255,66,174257,82,412567
16041,0.001752,74.125.130.0-255,1484,175741,82,412567
16042,0.001771,74.125.130.0-255,4320,180061,82,412567
16043,0.001773,172.31.47.0-255,66,180127,82,412567
16044,0.001776,74.125.130.0-255,1484,181611,82,412567
16045,0.001793,74.125.130.0-255,5738,187349,82,412567
16046,0.001794,172.31.47.0-255,66,187415,82,412567
16047,0.001809,74.125.130.0-255,1484,188899,82,412567
16048,0.001813,74.125.130.0-255,4320,193219,82,412567
16049,0.001815,172.31.47.0-255,66,193285,82,412567
16050,0.001841,74.125.130.0-255,5738,199023,82,412567
16051,0.001843,172.31.47.0-255,66,199089,82,412567
16052,0.001848,74.125.130.0-255,5020,204109,82,412567
16053,0.001849,172.31.47.0-255,66,204175,82,412567
16054,0.001992,74.125.130.0-255,1484,205659,82,412567
16055,0.00201,74.125.130.0-255,2902,208561,82,412567
16056,0.002013,172.31.47.0-255,66,208627,82,412567
16057,0.00204,74.125.130.0-255,1484,210111,82,412567
16058,0.002052,74.125.130.0-255,1484,211595,82,412567
16059,0.002054,172.31.47.0-255,66,211661,82,412567
16060,0.002063,74.125.130.0-255,1484,213145,82,412567
16061,0.002087,74.125.130.0-255,5738,218883,82,412567
16062,0.002089,172.31.47.0-255,66,218949,82,412567
16063,0.002153,74.125.130.0-255,4320,223269,82,412567
16064,0.002156,172.31.47.0-255,66,223335,82,412567
16065,0.002173,74.125.130.0-255,2902,226237,82,412567
16066,0.002175,172.31.47.0-255,66,226303,82,412567
16067,0.002181,74.125.130.0-255,7156,233459,82,412567
16068,0.002182,172.31.47.0-255,66,233525,82,412567
16069,0.002196,74.125.130.0-255,5020,238545,82,412567
16070,0.002199,172.31.47.0-255,66,238611,82,412567
16071,0.004477,74.125.130.0-255,5738,244349,82,412567
16072,0.004482,172.31.47.0-255,66,244415,82,412567
16073,0.006784,74.125.130.0-255,5738,250153,82,412567
16074,0.00679,172.31.47.0-255,66,250219,82,412567
16075,0.009095,74.125.130.0-255,5738,255957,82,412567
16076,0.009103,172.31.47.0-255,66,256023,82,412567
16077,0.01139,74.125.130.0-255,5738,261761,82,412567
16078,0.011399,172.31.47.0-255,66,261827,82,412567
16079,0.0137,74.125.130.0-255,5738,267565,82,412567
16080,0.01371,172.31.47.0-255,66,267631,82,412567
16081,0.015989,74.125.130.0-255,5738,273369,82,412567
16082,0.015996,172.31.47.0-255,66,273435,82,412567
16083,0.018292,74.125.130.0-255,5738,279173,82,412567
16084,0.0183,172.31.47.0-255,66,279239,82,412567
16085,0.020575,74.125.130.0-255,5738,284977,82,412567
16086,0.020581,172.31.47.0-255,66,285043,82,412567
16087,0.02285,74.125.130.0-255,5738,290781,82,412567
16088,0.022857,172.31.47.0-255,66,290847,82,412567
16089,0.02514,74.125.130.0-255,5738,296585,82,412567
16090,0.025146,172.31.47.0-255,66,296651,82,412567
16091,0.025476,172.31.47.0-255,172,296823,82,412567
16092,0.025502,172.31.47.0-255,1112,297935,82,412567
16093,0.025546,172.31.47.0-255,1514,299449,82,412567
16094,0.025548,172.31.47.0-255,1514,300963,82,412567
16095,0.025552,172.31.47.0-255,1514,302477,82,412567
16096,0.025553,172.31.47.0-255,1066,303543,82,412567
16097,0.027011,104.244.42.0-255,66,303609,82,412567
16098,0.027017,104.244.42.0-255,66,303675,82,412567
16099,0.027093,104.244.42.0-255,66,303741,82,412567
16100,0.027113,104.244.42.0-255,66,303807,82,412567
16101,0.027398,74.125.130.0-255,1484,305291,82,412567
16102,0.027428,74.125.130.0-255,4320,309611,82,412567
16103,0.027432,172.31.47.0-255,66,309677,82,412567
16104,0.029706,74.125.130.0-255,2902,312579,82,412567
16105,0.029711,172.31.47.0-255,66,312645,82,412567
16106,0.029738,74.125.130.0-255,2902,315547,82,412567
16107,0.02974,172.31.47.0-255,66,315613,82,412567
16108,0.031979,74.125.130.0-255,2902,318515,82,412567
16109,0.031983,172.31.47.0-255,66,318581,82,412567
16110,0.032009,74.125.130.0-255,2902,321483,82,412567
16111,0.032012,172.31.47.0-255,66,321549,82,412567
16112,0.034247,74.125.130.0-255,1484,323033,82,412567
16113,0.034274,74.125.130.0-255,4320,327353,82,412567
16114,0.034278,172.31.47.0-255,66,327419,82,412567
16115,0.036559,74.125.130.0-255,5738,333157,82,412567
16116,0.036564,172.31.47.0-255,66,333223,82,412567
16117,0.038832,74.125.130.0-255,4320,337543,82,412567
16118,0.038837,172.31.47.0-255,66,337609,82,412567
16119,0.038866,74.125.130.0-255,1484,339093,82,412567
16120,0.041114,74.125.130.0-255,4320,343413,82,412567
16121,0.041118,172.31.47.0-255,66,343479,82,412567
16122,0.043393,74.125.130.0-255,5738,349217,82,412567
16123,0.043398,172.31.47.0-255,66,349283,82,412567
16124,0.045766,74.125.130.0-255,2902,352185,82,412567
16125,0.04577,172.31.47.0-255,66,352251,82,412567
16126,0.045801,74.125.130.0-255,2902,355153,82,412567
16127,0.045803,172.31.47.0-255,66,355219,82,412567
16128,0.048045,74.125.130.0-255,1484,356703,82,412567
16129,0.048077,74.125.130.0-255,4320,361023,82,412567
16130,0.048082,172.31.47.0-255,66,361089,82,412567
16131,0.05035,74.125.130.0-255,4320,365409,82,412567
16132,0.050355,172.31.47.0-255,66,365475,82,412567
16133,0.050381,74.125.130.0-255,1484,366959,82,412567
16134,0.052634,74.125.130.0-255,4320,371279,82,412567
16135,0.05264,172.31.47.0-255,66,371345,82,412567
16136,0.054903,74.125.130.0-255,2902,374247,82,412567
16137,0.054907,172.31.47.0-255,66,374313,82,412567
16138,0.054932,74.125.130.0-255,2902,377215,82,412567
16139,0.054935,172.31.47.0-255,66,377281,82,412567
16140,0.057179,74.125.130.0-255,2902,380183,82,412567
16141,0.057183,172.31.47.0-255,66,380249,82,412567
16142,0.057214,74.125.130.0-255,2902,383151,82,412567
16143,0.057216,172.31.47.0-255,66,383217,82,412567
16144,0.059462,74.125.130.0-255,2902,386119,82,412567
16145,0.059476,172.31.47.0-255,66,386185,82,412567
16146,0.059504,74.125.130.0-255,2902,389087,82,412567
16147,0.059507,172.31.47.0-255,66,389153,82,412567
16148,0.061756,74.125.130.0-255,2902,392055,82,412567
16149,0.061761,172.31.47.0-255,66,392121,82,412567
16150,0.061784,74.125.130.0-255,2902,395023,82,412567
16151,0.061786,172.31.47.0-255,66,395089,82,412567
16152,0.064031,74.125.130.0-255,1484,396573,82,412567
16153,0.064056,74.125.130.0-255,4320,400893,82,412567
16154,0.06406,172.31.47.0-255,66,400959,82,412567
16155,0.066338,74.125.130.0-255,5738,406697,82,412567
16156,0.066342,172.31.47.0-255,66,406763,82,412567
16157,0.068623,74.125.130.0-255,5738,412501,82,412567
16158,0.068628,172.31.47.0-255,66,412567,82,412567
16159,0.0,74.125.24.0-255,153,153,82,324371
16160,2.3e-05,172.31.47.0-255,66,219,82,324371
16161,3e-05,74.125.24.0-255,1484,1703,82,324371
16162,3.5e-05,172.31.47.0-255,66,1769,82,324371
16163,4.2e-05,74.125.24.0-255,2902,4671,82,324371
16164,4.6e-05,172.31.47.0-255,66,4737,82,324371
16165,5.2e-05,74.125.24.0-255,4320,9057,82,324371
16166,5.6e-05,172.31.47.0-255,66,9123,82,324371
16167,8.5e-05,74.125.24.0-255,4899,14022,82,324371
16168,8.8e-05,172.31.47.0-255,66,14088,82,324371
16169,0.00021,74.125.24.0-255,1484,15572,82,324371
16170,0.000215,172.31.47.0-255,66,15638,82,324371
16171,0.000221,74.125.24.0-255,2902,18540,82,324371
16172,0.000223,172.31.47.0-255,66,18606,82,324371
16173,0.00023,74.125.24.0-255,5738,24344,82,324371
16174,0.000232,172.31.47.0-255,66,24410,82,324371
16175,0.000282,74.125.24.0-255,8574,32984,82,324371
16176,0.000285,172.31.47.0-255,66,33050,82,324371
16177,0.000308,74.125.24.0-255,5379,38429,82,324371
16178,0.000311,172.31.47.0-255,66,38495,82,324371
16179,0.00032,74.125.24.0-255,9633,48128,82,324371
16180,0.000322,172.31.47.0-255,66,48194,82,324371
16181,0.000978,74.125.24.0-255,1484,49678,82,324371
16182,0.000985,172.31.47.0-255,66,49744,82,324371
16183,0.000994,74.125.24.0-255,2902,52646,82,324371
16184,0.000996,172.31.47.0-255,66,52712,82,324371
16185,0.001003,74.125.24.0-255,5738,58450,82,324371
16186,0.001005,172.31.47.0-255,66,58516,82,324371
16187,0.001012,74.125.24.0-255,5738,64254,82,324371
16188,0.001014,172.31.47.0-255,66,64320,82,324371
16189,0.001049,74.125.24.0-255,1484,65804,82,324371
16190,0.001052,172.31.47.0-255,66,65870,82,324371
16191,0.001083,172.31.47.0-255,66,65936,82,324371
16192,0.00109,74.125.24.0-255,4540,70476,82,324371
16193,0.001092,172.31.47.0-255,66,70542,82,324371
16194,0.001138,74.125.24.0-255,2902,73444,82,324371
16195,0.001142,172.31.47.0-255,66,73510,82,324371
16196,0.001148,74.125.24.0-255,4320,77830,82,324371
16197,0.00115,172.31.47.0-255,66,77896,82,324371
16198,0.001178,74.125.24.0-255,4320,82216,82,324371
16199,0.001181,172.31.47.0-255,66,82282,82,324371
16200,0.001201,74.125.24.0-255,4320,86602,82,324371
16201,0.001204,172.31.47.0-255,66,86668,82,324371
16202,0.001207,74.125.24.0-255,1125,87793,82,324371
16203,0.001434,74.125.24.0-255,1484,89277,82,324371
16204,0.00144,172.31.47.0-255,66,89343,82,324371
16205,0.001447,74.125.24.0-255,2902,92245,82,324371
16206,0.00145,172.31.47.0-255,66,92311,82,324371
16207,0.001455,74.125.24.0-255,2902,95213,82,324371
16208,0.001456,172.31.47.0-255,66,95279,82,324371
16209,0.001481,74.125.24.0-255,2902,98181,82,324371
16210,0.001483,172.31.47.0-255,66,98247,82,324371
16211,0.001486,74.125.24.0-255,1484,99731,82,324371
16212,0.001527,74.125.24.0-255,4713,104444,82,324371
16213,0.00153,172.31.47.0-255,66,104510,82,324371
16214,0.001613,74.125.24.0-255,1484,105994,82,324371
16215,0.001627,74.125.24.0-255,2902,108896,82,324371
16216,0.00163,172.31.47.0-255,66,108962,82,324371
16217,0.001645,74.125.24.0-255,1484,110446,82,324371
16218,0.001661,74.125.24.0-255,4320,114766,82,324371
16219,0.001664,172.31.47.0-255,66,114832,82,324371
16220,0.001678,74.125.24.0-255,4320,119152,82,324371
16221,0.00168,172.31.47.0-255,66,119218,82,324371
16222,0.00171,74.125.24.0-255,8574,127792,82,324371
16223,0.001713,172.31.47.0-255,66,127858,82,324371
16224,0.001716,74.125.24.0-255,1484,129342,82,324371
16225,0.001754,74.125.24.0-255,9274,138616,82,324371
16226,0.001757,172.31.47.0-255,66,138682,82,324371
16227,0.0021,74.125.24.0-255,1484,140166,82,324371
16228,0.002118,74.125.24.0-255,2902,143068,82,324371
16229,0.002121,172.31.47.0-255,66,143134,82,324371
16230,0.002127,74.125.24.0-255,4320,147454,82,324371
16231,0.00213,172.31.47.0-255,66,147520,82,324371
16232,0.002151,74.125.24.0-255,1484,149004,82,324371
16233,0.002155,74.125.24.0-255,4320,153324,82,324371
16234,0.002158,172.31.47.0-255,66,153390,82,324371
16235,0.002188,172.31.47.0-255,66,153456,82,324371
16236,0.002255,74.125.24.0-255,5738,159194,82,324371
16237,0.002257,172.31.47.0-255,66,159260,82,324371
16238,0.002274,74.125.24.0-255,2184,161444,82,324371
16239,0.002276,172.31.47.0-255,66,161510,82,324371
16240,0.002542,74.125.24.0-255,1484,162994,82,324371
16241,0.002558,74.125.24.0-255,2902,165896,82,324371
16242,0.00258,74.125.24.0-255,4320,170216,82,324371
16243,0.002597,74.125.24.0-255,1484,171700,82,324371
16244,0.002623,74.125.24.0-255,7156,178856,82,324371
16245,0.002626,74.125.24.0-255,1484,180340,82,324371
16246,0.00263,172.31.47.0-255,78,180418,82,324371
16247,0.002637,74.125.24.0-255,7156,187574,82,324371
16248,0.00265,74.125.24.0-255,2902,190476,82,324371
16249,0.002667,74.125.24.0-255,5020,195496,82,324371
16250,0.002847,74.125.24.0-255,1484,196980,82,324371
16251,0.002865,74.125.24.0-255,2902,199882,82,324371
16252,0.00287,74.125.24.0-255,4320,204202,82,324371
16253,0.00288,74.125.24.0-255,1484,205686,82,324371
16254,0.002903,74.125.24.0-255,5738,211424,82,324371
16255,0.002923,74.125.24.0-255,7156,218580,82,324371
16256,0.002931,74.125.24.0-255,8574,227154,82,324371
16257,0.002977,74.125.24.0-255,5738,232892,82,324371
16258,0.003029,74.125.24.0-255,5738,238630,82,324371
16259,0.003078,74.125.24.0-255,5738,244368,82,324371
16260,0.003102,74.125.24.0-255,4320,248688,82,324371
16261,0.003118,74.125.24.0-255,4320,253008,82,324371
16262,0.003131,74.125.24.0-255,1484,254492,82,324371
16263,0.003147,74.125.24.0-255,4320,258812,82,324371
16264,0.00316,74.125.24.0-255,2184,260996,82,324371
16265,0.003185,74.125.24.0-255,1484,262480,82,324371
16266,0.003206,74.125.24.0-255,5738,268218,82,324371
16267,0.003227,74.125.24.0-255,4320,272538,82,324371
16268,0.003277,74.125.24.0-255,9992,282530,82,324371
16269,0.003299,74.125.24.0-255,6438,288968,82,324371
16270,0.003341,74.125.24.0-255,7156,296124,82,324371
16271,0.003355,74.125.24.0-255,1484,297608,82,324371
16272,0.003404,74.125.24.0-255,2902,300510,82,324371
16273,0.003423,74.125.24.0-255,4320,304830,82,324371
16274,0.003432,74.125.24.0-255,8574,313404,82,324371
16275,0.003451,74.125.24.0-255,2902,316306,82,324371
16276,0.003509,74.125.24.0-255,3266,319572,82,324371
16277,0.003513,74.125.24.0-255,105,319677,82,324371
16278,0.003765,172.31.47.0-255,66,319743,82,324371
16279,0.006613,172.31.47.0-255,105,319848,82,324371
16280,0.008887,74.125.24.0-255,66,319914,82,324371
16281,0.034636,172.31.47.0-255,172,320086,82,324371
16282,0.034674,172.31.47.0-255,1107,321193,82,324371
16283,0.034738,172.31.47.0-255,1514,322707,82,324371
16284,0.03474,172.31.47.0-255,1292,323999,82,324371
16285,0.036181,104.244.42.0-255,66,324065,82,324371
16286,0.036215,104.244.42.0-255,66,324131,82,324371
16287,0.036311,104.244.42.0-255,66,324197,82,324371
16288,0.037193,104.244.42.0-255,108,324305,82,324371
16289,0.037204,172.31.47.0-255,66,324371,82,324371
16290,0.0,172.31.47.0-255,66,66,82,66
16291,0.0,74.125.130.0-255,153,153,82,277208
16292,2.7e-05,172.31.47.0-255,66,219,82,277208
16293,5.4e-05,74.125.130.0-255,1484,1703,82,277208
16294,5.7e-05,172.31.47.0-255,66,1769,82,277208
16295,6.2e-05,74.125.130.0-255,2902,4671,82,277208
16296,6.4e-05,172.31.47.0-255,66,4737,82,277208
16297,8.1e-05,74.125.130.0-255,2902,7639,82,277208
16298,8.3e-05,172.31.47.0-255,66,7705,82,277208
16299,9.7e-05,74.125.130.0-255,2902,10607,82,277208
16300,9.9e-05,172.31.47.0-255,66,10673,82,277208
16301,0.000112,74.125.130.0-255,2902,13575,82,277208
16302,0.000114,172.31.47.0-255,66,13641,82,277208
16303,0.000139,74.125.130.0-255,3611,17252,82,277208
16304,0.000141,172.31.47.0-255,66,17318,82,277208
16305,0.000144,74.125.130.0-255,2902,20220,82,277208
16306,0.000146,172.31.47.0-255,66,20286,82,277208
16307,0.000166,74.125.130.0-255,7156,27442,82,277208
16308,0.000168,172.31.47.0-255,66,27508,82,277208
16309,0.000202,74.125.130.0-255,3961,31469,82,277208
16310,0.000205,172.31.47.0-255,66,31535,82,277208
16311,0.000304,74.125.130.0-255,1484,33019,82,277208
16312,0.000307,172.31.47.0-255,66,33085,82,277208
16313,0.000311,74.125.130.0-255,1484,34569,82,277208
16314,0.000312,172.31.47.0-255,66,34635,82,277208
16315,0.000326,74.125.130.0-255,1484,36119,82,277208
16316,0.000328,172.31.47.0-255,66,36185,82,277208
16317,0.00034,74.125.130.0-255,2902,39087,82,277208
16318,0.000343,172.31.47.0-255,66,39153,82,277208
16319,0.000365,74.125.130.0-255,2902,42055,82,277208
16320,0.000368,172.31.47.0-255,66,42121,82,277208
16321,0.000375,74.125.130.0-255,6797,48918,82,277208
16322,0.000376,172.31.47.0-255,66,48984,82,277208
16323,0.000408,74.125.130.0-255,9992,58976,82,277208
16324,0.000413,172.31.47.0-255,66,59042,82,277208
16325,0.000449,74.125.130.0-255,1484,60526,82,277208
16326,0.000469,74.125.130.0-255,5633,66159,82,277208
16327,0.00048,172.31.47.0-255,66,66225,82,277208
16328,0.000647,74.125.130.0-255,119,66344,82,277208
16329,0.000702,172.31.47.0-255,66,66410,82,277208
16330,0.000843,74.125.130.0-255,1484,67894,82,277208
16331,0.000868,74.125.130.0-255,2902,70796,82,277208
16332,0.00089,74.125.130.0-255,5738,76534,82,277208
16333,0.000893,74.125.130.0-255,1484,78018,82,277208
16334,0.000898,172.31.47.0-255,66,78084,82,277208
16335,0.000907,74.125.130.0-255,1484,79568,82,277208
16336,0.00091,74.125.130.0-255,1484,81052,82,277208
16337,0.000913,172.31.47.0-255,66,81118,82,277208
16338,0.000922,74.125.130.0-255,2543,83661,82,277208
16339,0.000939,74.125.130.0-255,4320,87981,82,277208
16340,0.000964,74.125.130.0-255,4320,92301,82,277208
16341,0.000967,74.125.130.0-255,1484,93785,82,277208
16342,0.00099,172.31.47.0-255,66,93851,82,277208
16343,0.001006,74.125.130.0-255,4320,98171,82,277208
16344,0.00102,74.125.130.0-255,2543,100714,82,277208
16345,0.001035,172.31.47.0-255,66,100780,82,277208
16346,0.003377,74.125.130.0-255,2902,103682,82,277208
16347,0.003383,172.31.47.0-255,66,103748,82,277208
16348,0.003405,74.125.130.0-255,2902,106650,82,277208
16349,0.00342,172.31.47.0-255,66,106716,82,277208
16350,0.005732,74.125.130.0-255,2902,109618,82,277208
16351,0.005736,172.31.47.0-255,66,109684,82,277208
16352,0.00576,74.125.130.0-255,2902,112586,82,277208
16353,0.005775,172.31.47.0-255,66,112652,82,277208
16354,0.008085,74.125.130.0-255,2902,115554,82,277208
16355,0.008092,172.31.47.0-255,66,115620,82,277208
16356,0.008113,74.125.130.0-255,2902,118522,82,277208
16357,0.008136,172.31.47.0-255,66,118588,82,277208
16358,0.010444,74.125.130.0-255,2902,121490,82,277208
16359,0.010454,172.31.47.0-255,66,121556,82,277208
16360,0.010491,74.125.130.0-255,2902,124458,82,277208
16361,0.010523,172.31.47.0-255,66,124524,82,277208
16362,0.012806,74.125.130.0-255,2902,127426,82,277208
16363,0.012813,172.31.47.0-255,66,127492,82,277208
16364,0.012864,74.125.130.0-255,2902,130394,82,277208
16365,0.012913,172.31.47.0-255,66,130460,82,277208
16366,0.015165,74.125.130.0-255,2902,133362,82,277208
16367,0.015171,172.31.47.0-255,66,133428,82,277208
16368,0.015245,74.125.130.0-255,2902,136330,82,277208
16369,0.015249,172.31.47.0-255,66,136396,82,277208
16370,0.017523,74.125.130.0-255,2902,139298,82,277208
16371,0.01753,172.31.47.0-255,66,139364,82,277208
16372,0.017581,74.125.130.0-255,2902,142266,82,277208
16373,0.017613,172.31.47.0-255,66,142332,82,277208
16374,0.019877,74.125.130.0-255,2902,145234,82,277208
16375,0.019883,172.31.47.0-255,66,145300,82,277208
16376,0.019948,74.125.130.0-255,2902,148202,82,277208
16377,0.019972,172.31.47.0-255,172,148374,82,277208
16378,0.020003,172.31.47.0-255,1103,149477,82,277208
16379,0.020063,172.31.47.0-255,1514,150991,82,277208
16380,0.020064,172.31.47.0-255,1297,152288,82,277208
16381,0.020099,172.31.47.0-255,66,152354,82,277208
16382,0.021515,104.244.42.0-255,66,152420,82,277208
16383,0.02153,104.244.42.0-255,66,152486,82,277208
16384,0.021572,104.244.42.0-255,66,152552,82,277208
16385,0.022227,74.125.130.0-255,2902,155454,82,277208
16386,0.022231,172.31.47.0-255,66,155520,82,277208
16387,0.02244,74.125.130.0-255,2902,158422,82,277208
16388,0.022446,172.31.47.0-255,66,158488,82,277208
16389,0.02457,74.125.130.0-255,2902,161390,82,277208
16390,0.024575,172.31.47.0-255,66,161456,82,277208
16391,0.02481,74.125.130.0-255,2902,164358,82,277208
16392,0.024815,172.31.47.0-255,66,164424,82,277208
16393,0.026914,74.125.130.0-255,2902,167326,82,277208
16394,0.026919,172.31.47.0-255,66,167392,82,277208
16395,0.027155,74.125.130.0-255,2902,170294,82,277208
16396,0.02716,172.31.47.0-255,66,170360,82,277208
16397,0.029283,74.125.130.0-255,2902,173262,82,277208
16398,0.029288,172.31.47.0-255,66,173328,82,277208
16399,0.029504,74.125.130.0-255,2902,176230,82,277208
16400,0.029509,172.31.47.0-255,66,176296,82,277208
16401,0.031638,74.125.130.0-255,2902,179198,82,277208
16402,0.031643,172.31.47.0-255,66,179264,82,277208
16403,0.031846,74.125.130.0-255,2902,182166,82,277208
16404,0.03185,172.31.47.0-255,66,182232,82,277208
16405,0.033976,74.125.130.0-255,2902,185134,82,277208
16406,0.033982,172.31.47.0-255,66,185200,82,277208
16407,0.034188,74.125.130.0-255,2902,188102,82,277208
16408,0.034194,172.31.47.0-255,66,188168,82,277208
16409,0.036326,74.125.130.0-255,2902,191070,82,277208
16410,0.03633,172.31.47.0-255,66,191136,82,277208
16411,0.036553,74.125.130.0-255,2902,194038,82,277208
16412,0.036557,172.31.47.0-255,66,194104,82,277208
16413,0.038676,74.125.130.0-255,2902,197006,82,277208
16414,0.038681,172.31.47.0-255,66,197072,82,277208
16415,0.038892,74.125.130.0-255,2902,199974,82,277208
16416,0.038897,172.31.47.0-255,66,200040,82,277208
16417,0.041016,74.125.130.0-255,2902,202942,82,277208
16418,0.04102,172.31.47.0-255,66,203008,82,277208
16419,0.041237,74.125.130.0-255,2902,205910,82,277208
16420,0.041242,172.31.47.0-255,66,205976,82,277208
16421,0.043361,74.125.130.0-255,2902,208878,82,277208
16422,0.043367,172.31.47.0-255,66,208944,82,277208
16423,0.043579,74.125.130.0-255,2902,211846,82,277208
16424,0.043585,172.31.47.0-255,66,211912,82,277208
16425,0.045708,74.125.130.0-255,2902,214814,82,277208
16426,0.045714,172.31.47.0-255,66,214880,82,277208
16427,0.045927,74.125.130.0-255,2902,217782,82,277208
16428,0.045931,172.31.47.0-255,66,217848,82,277208
16429,0.048054,74.125.130.0-255,2902,220750,82,277208
16430,0.048059,172.31.47.0-255,66,220816,82,277208
16431,0.048275,74.125.130.0-255,2902,223718,82,277208
16432,0.04828,172.31.47.0-255,66,223784,82,277208
16433,0.050398,74.125.130.0-255,2902,226686,82,277208
16434,0.050402,172.31.47.0-255,66,226752,82,277208
16435,0.050609,74.125.130.0-255,2902,229654,82,277208
16436,0.050614,172.31.47.0-255,66,229720,82,277208
16437,0.052749,74.125.130.0-255,2902,232622,82,277208
16438,0.052755,172.31.47.0-255,66,232688,82,277208
16439,0.052947,74.125.130.0-255,2902,235590,82,277208
16440,0.052952,172.31.47.0-255,66,235656,82,277208
16441,0.055101,74.125.130.0-255,2902,238558,82,277208
16442,0.055105,172.31.47.0-255,66,238624,82,277208
16443,0.055339,74.125.130.0-255,2902,241526,82,277208
16444,0.055344,172.31.47.0-255,66,241592,82,277208
16445,0.05745,74.125.130.0-255,2902,244494,82,277208
16446,0.057454,172.31.47.0-255,66,244560,82,277208
16447,0.057681,74.125.130.0-255,2902,247462,82,277208
16448,0.057686,172.31.47.0-255,66,247528,82,277208
16449,0.059819,74.125.130.0-255,2902,250430,82,277208
16450,0.059828,172.31.47.0-255,66,250496,82,277208
16451,0.060025,74.125.130.0-255,2902,253398,82,277208
16452,0.06003,172.31.47.0-255,66,253464,82,277208
16453,0.062195,74.125.130.0-255,2902,256366,82,277208
16454,0.062215,172.31.47.0-255,66,256432,82,277208
16455,0.062362,74.125.130.0-255,2902,259334,82,277208
16456,0.062397,172.31.47.0-255,66,259400,82,277208
16457,0.064576,74.125.130.0-255,2902,262302,82,277208
16458,0.064587,172.31.47.0-255,66,262368,82,277208
16459,0.064749,74.125.130.0-255,2902,265270,82,277208
16460,0.064754,172.31.47.0-255,66,265336,82,277208
16461,0.066934,74.125.130.0-255,2902,268238,82,277208
16462,0.066948,172.31.47.0-255,66,268304,82,277208
16463,0.067089,74.125.130.0-255,2902,271206,82,277208
16464,0.067094,172.31.47.0-255,66,271272,82,277208
16465,0.069312,74.125.130.0-255,2902,274174,82,277208
16466,0.069328,172.31.47.0-255,66,274240,82,277208
16467,0.069431,74.125.130.0-255,2902,277142,82,277208
16468,0.069489,172.31.47.0-255,66,277208,82,277208
16469,0.0,172.31.47.0-255,105,105,82,276
16470,0.001537,157.240.13.0-255,105,210,82,276
16471,0.00155,172.31.47.0-255,66,276,82,276
16472,0.0,172.217.24.0-255,153,153,82,315907
16473,2.3e-05,172.31.47.0-255,66,219,82,315907
16474,2.9e-05,172.217.24.0-255,1484,1703,82,315907
16475,3.3e-05,172.31.47.0-255,66,1769,82,315907
16476,3.7e-05,172.217.24.0-255,2902,4671,82,315907
16477,4e-05,172.31.47.0-255,66,4737,82,315907
16478,7.3e-05,172.217.24.0-255,5738,10475,82,315907
16479,7.6e-05,172.31.47.0-255,66,10541,82,315907
16480,8.1e-05,172.217.24.0-255,3589,14130,82,315907
16481,8.3e-05,172.31.47.0-255,66,14196,82,315907
16482,0.00012,172.217.24.0-255,4320,18516,82,315907
16483,0.000123,172.31.47.0-255,66,18582,82,315907
16484,0.000145,172.217.24.0-255,5738,24320,82,315907
16485,0.000149,172.31.47.0-255,66,24386,82,315907
16486,0.000153,172.217.24.0-255,2902,27288,82,315907
16487,0.000155,172.31.47.0-255,66,27354,82,315907
16488,0.000178,172.217.24.0-255,3961,31315,82,315907
16489,0.000185,172.31.47.0-255,66,31381,82,315907
16490,0.000453,172.217.24.0-255,1484,32865,82,315907
16491,0.000457,172.31.47.0-255,66,32931,82,315907
16492,0.000483,172.217.24.0-255,2902,35833,82,315907
16493,0.000486,172.31.47.0-255,66,35899,82,315907
16494,0.00049,172.217.24.0-255,4320,40219,82,315907
16495,0.000492,172.31.47.0-255,66,40285,82,315907
16496,0.000528,172.217.24.0-255,1484,41769,82,315907
16497,0.000531,172.31.47.0-255,66,41835,82,315907
16498,0.000558,172.217.24.0-255,6797,48632,82,315907
16499,0.00056,172.31.47.0-255,66,48698,82,315907
16500,0.000587,172.217.24.0-255,7156,55854,82,315907
16501,0.00059,172.31.47.0-255,66,55920,82,315907
16502,0.000612,172.217.24.0-255,1484,57404,82,315907
16503,0.000615,172.31.47.0-255,66,57470,82,315907
16504,0.000641,172.217.24.0-255,8215,65685,82,315907
16505,0.000644,172.31.47.0-255,66,65751,82,315907
16506,0.000666,172.217.24.0-255,394,66145,82,315907
16507,0.000724,172.31.47.0-255,66,66211,82,315907
16508,0.001311,172.217.24.0-255,349,66560,82,315907
16509,0.001349,172.31.47.0-255,66,66626,82,315907
16510,0.001392,172.217.24.0-255,1484,68110,82,315907
16511,0.001398,172.217.24.0-255,2902,71012,82,315907
16512,0.001401,172.31.47.0-255,66,71078,82,315907
16513,0.001404,172.217.24.0-255,1484,72562,82,315907
16514,0.001432,172.217.24.0-255,4320,76882,82,315907
16515,0.001435,172.31.47.0-255,66,76948,82,315907
16516,0.00144,172.217.24.0-255,4320,81268,82,315907
16517,0.001442,172.31.47.0-255,66,81334,82,315907
16518,0.001462,172.217.24.0-255,2543,83877,82,315907
16519,0.001468,172.31.47.0-255,66,83943,82,315907
16520,0.001495,172.217.24.0-255,7156,91099,82,315907
16521,0.001498,172.31.47.0-255,66,91165,82,315907
16522,0.001502,172.217.24.0-255,4320,95485,82,315907
16523,0.001504,172.31.47.0-255,66,95551,82,315907
16524,0.001554,172.217.24.0-255,5379,100930,82,315907
16525,0.001571,172.31.47.0-255,66,100996,82,315907
16526,0.001894,172.217.24.0-255,1484,102480,82,315907
16527,0.001911,172.217.24.0-255,2902,105382,82,315907
16528,0.001914,172.31.47.0-255,66,105448,82,315907
16529,0.001919,172.217.24.0-255,2902,108350,82,315907
16530,0.001921,172.31.47.0-255,66,108416,82,315907
16531,0.003816,172.217.24.0-255,4320,112736,82,315907
16532,0.003821,172.31.47.0-255,66,112802,82,315907
16533,0.003842,172.217.24.0-255,1484,114286,82,315907
16534,0.005723,172.217.24.0-255,4320,118606,82,315907
16535,0.00573,172.31.47.0-255,66,118672,82,315907
16536,0.007632,172.217.24.0-255,5738,124410,82,315907
16537,0.007638,172.31.47.0-255,66,124476,82,315907
16538,0.009573,172.217.24.0-255,5738,130214,82,315907
16539,0.00958,172.31.47.0-255,66,130280,82,315907
16540,0.01149,172.217.24.0-255,5738,136018,82,315907
16541,0.011497,172.31.47.0-255,66,136084,82,315907
16542,0.013433,172.217.24.0-255,5738,141822,82,315907
16543,0.01344,172.31.47.0-255,66,141888,82,315907
16544,0.015344,172.217.24.0-255,5738,147626,82,315907
16545,0.015351,172.31.47.0-255,66,147692,82,315907
16546,0.017264,172.217.24.0-255,5738,153430,82,315907
16547,0.017271,172.31.47.0-255,66,153496,82,315907
16548,0.019171,172.217.24.0-255,5738,159234,82,315907
16549,0.019178,172.31.47.0-255,66,159300,82,315907
16550,0.02004,172.31.47.0-255,172,159472,82,315907
16551,0.020074,172.31.47.0-255,1111,160583,82,315907
16552,0.020136,172.31.47.0-255,1514,162097,82,315907
16553,0.020138,172.31.47.0-255,1288,163385,82,315907
16554,0.021077,172.217.24.0-255,5738,169123,82,315907
16555,0.021082,172.31.47.0-255,66,169189,82,315907
16556,0.021574,104.244.42.0-255,66,169255,82,315907
16557,0.021633,104.244.42.0-255,66,169321,82,315907
16558,0.02169,104.244.42.0-255,66,169387,82,315907
16559,0.022992,172.217.24.0-255,5738,175125,82,315907
16560,0.022997,172.31.47.0-255,66,175191,82,315907
16561,0.024907,172.217.24.0-255,5738,180929,82,315907
16562,0.024912,172.31.47.0-255,66,180995,82,315907
16563,0.02682,172.217.24.0-255,4320,185315,82,315907
16564,0.026824,172.31.47.0-255,66,185381,82,315907
16565,0.026851,172.217.24.0-255,1484,186865,82,315907
16566,0.028724,172.217.24.0-255,4320,191185,82,315907
16567,0.028728,172.31.47.0-255,66,191251,82,315907
16568,0.030631,172.217.24.0-255,5738,196989,82,315907
16569,0.030635,172.31.47.0-255,66,197055,82,315907
16570,0.032531,172.217.24.0-255,2902,199957,82,315907
16571,0.032535,172.31.47.0-255,66,200023,82,315907
16572,0.03257,172.217.24.0-255,2902,202925,82,315907
16573,0.032573,172.31.47.0-255,66,202991,82,315907
16574,0.034439,172.217.24.0-255,2902,205893,82,315907
16575,0.034443,172.31.47.0-255,66,205959,82,315907
16576,0.034476,172.217.24.0-255,2902,208861,82,315907
16577,0.034478,172.31.47.0-255,66,208927,82,315907
16578,0.036336,172.217.24.0-255,2902,211829,82,315907
16579,0.036342,172.31.47.0-255,66,211895,82,315907
16580,0.036378,172.217.24.0-255,2902,214797,82,315907
16581,0.036382,172.31.47.0-255,66,214863,82,315907
16582,0.038237,172.217.24.0-255,2902,217765,82,315907
16583,0.038242,172.31.47.0-255,66,217831,82,315907
16584,0.038275,172.217.24.0-255,2902,220733,82,315907
16585,0.038278,172.31.47.0-255,66,220799,82,315907
16586,0.040132,172.217.24.0-255,2902,223701,82,315907
16587,0.040136,172.31.47.0-255,66,223767,82,315907
16588,0.040178,172.217.24.0-255,2902,226669,82,315907
16589,0.040181,172.31.47.0-255,66,226735,82,315907
16590,0.042031,172.217.24.0-255,2902,229637,82,315907
16591,0.042036,172.31.47.0-255,66,229703,82,315907
16592,0.04207,172.217.24.0-255,1484,231187,82,315907
16593,0.042083,172.217.24.0-255,1484,232671,82,315907
16594,0.042085,172.31.47.0-255,66,232737,82,315907
16595,0.043933,172.217.24.0-255,2902,235639,82,315907
16596,0.043937,172.31.47.0-255,66,235705,82,315907
16597,0.04398,172.217.24.0-255,2902,238607,82,315907
16598,0.043983,172.31.47.0-255,66,238673,82,315907
16599,0.045833,172.217.24.0-255,2902,241575,82,315907
16600,0.045837,172.31.47.0-255,66,241641,82,315907
16601,0.045869,172.217.24.0-255,1484,243125,82,315907
16602,0.045879,172.217.24.0-255,1484,244609,82,315907
16603,0.045882,172.31.47.0-255,66,244675,82,315907
16604,0.047733,172.217.24.0-255,2902,247577,82,315907
16605,0.047737,172.31.47.0-255,66,247643,82,315907
16606,0.047782,172.217.24.0-255,2902,250545,82,315907
16607,0.047785,172.31.47.0-255,66,250611,82,315907
16608,0.049638,172.217.24.0-255,2902,253513,82,315907
16609,0.049644,172.31.47.0-255,66,253579,82,315907
16610,0.049678,172.217.24.0-255,2902,256481,82,315907
16611,0.049681,172.31.47.0-255,66,256547,82,315907
16612,0.051542,172.217.24.0-255,2902,259449,82,315907
16613,0.051548,172.31.47.0-255,66,259515,82,315907
16614,0.051576,172.217.24.0-255,2902,262417,82,315907
16615,0.051579,172.31.47.0-255,66,262483,82,315907
16616,0.053444,172.217.24.0-255,2902,265385,82,315907
16617,0.053448,172.31.47.0-255,66,265451,82,315907
16618,0.053475,172.217.24.0-255,2902,268353,82,315907
16619,0.053478,172.31.47.0-255,66,268419,82,315907
16620,0.055342,172.217.24.0-255,2902,271321,82,315907
16621,0.055349,172.31.47.0-255,66,271387,82,315907
16622,0.05538,172.217.24.0-255,2902,274289,82,315907
16623,0.055383,172.31.47.0-255,66,274355,82,315907
16624,0.057251,172.217.24.0-255,2902,277257,82,315907
16625,0.057256,172.31.47.0-255,66,277323,82,315907
16626,0.057287,172.217.24.0-255,2902,280225,82,315907
16627,0.05729,172.31.47.0-255,66,280291,82,315907
16628,0.059142,172.217.24.0-255,2902,283193,82,315907
16629,0.059147,172.31.47.0-255,66,283259,82,315907
16630,0.059176,172.217.24.0-255,2902,286161,82,315907
16631,0.059179,172.31.47.0-255,66,286227,82,315907
16632,0.06105,172.217.24.0-255,2902,289129,82,315907
16633,0.061055,172.31.47.0-255,66,289195,82,315907
16634,0.061087,172.217.24.0-255,2902,292097,82,315907
16635,0.06109,172.31.47.0-255,66,292163,82,315907
16636,0.062954,172.217.24.0-255,2902,295065,82,315907
16637,0.062959,172.31.47.0-255,66,295131,82,315907
16638,0.062986,172.217.24.0-255,2902,298033,82,315907
16639,0.062989,172.31.47.0-255,66,298099,82,315907
16640,0.064857,172.217.24.0-255,2902,301001,82,315907
16641,0.064861,172.31.47.0-255,66,301067,82,315907
16642,0.064891,172.217.24.0-255,2902,303969,82,315907
16643,0.064894,172.31.47.0-255,66,304035,82,315907
16644,0.06676,172.217.24.0-255,2902,306937,82,315907
16645,0.066766,172.31.47.0-255,66,307003,82,315907
16646,0.066809,172.217.24.0-255,2902,309905,82,315907
16647,0.066813,172.31.47.0-255,66,309971,82,315907
16648,0.068663,172.217.24.0-255,2902,312873,82,315907
16649,0.068668,172.31.47.0-255,66,312939,82,315907
16650,0.068702,172.217.24.0-255,2902,315841,82,315907
16651,0.068705,172.31.47.0-255,66,315907,82,315907
16652,0.0,172.31.47.0-255,105,105,82,342
16653,0.001724,157.240.13.0-255,66,171,82,342
16654,0.001743,157.240.13.0-255,105,276,82,342
16655,0.001748,172.31.47.0-255,66,342,82,342
16656,0.0,172.31.47.0-255,105,105,82,276
16657,0.001748,157.240.13.0-255,105,210,82,276
16658,0.001755,172.31.47.0-255,66,276,82,276
16659,0.0,172.31.47.0-255,66,66,82,66
16660,0.0,74.125.130.0-255,66,66,82,132
16661,0.033066,172.31.47.0-255,66,132,82,132
16662,0.0,74.125.24.0-255,298,298,82,352744
16663,1.6e-05,172.31.47.0-255,66,364,82,352744
16664,2.2e-05,74.125.24.0-255,1484,1848,82,352744
16665,2.5e-05,172.31.47.0-255,66,1914,82,352744
16666,3.2e-05,74.125.24.0-255,4320,6234,82,352744
16667,3.5e-05,172.31.47.0-255,66,6300,82,352744
16668,5e-05,74.125.24.0-255,7614,13914,82,352744
16669,5.4e-05,172.31.47.0-255,66,13980,82,352744
16670,6.3e-05,74.125.24.0-255,8574,22554,82,352744
16671,6.6e-05,172.31.47.0-255,66,22620,82,352744
16672,7.4e-05,74.125.24.0-255,7156,29776,82,352744
16673,7.6e-05,172.31.47.0-255,66,29842,82,352744
16674,0.00012,74.125.24.0-255,1125,30967,82,352744
16675,0.000124,172.31.47.0-255,66,31033,82,352744
16676,0.000199,74.125.24.0-255,1484,32517,82,352744
16677,0.000202,172.31.47.0-255,66,32583,82,352744
16678,0.00022,74.125.24.0-255,2902,35485,82,352744
16679,0.000226,74.125.24.0-255,5738,41223,82,352744
16680,0.000231,172.31.47.0-255,66,41289,82,352744
16681,0.000234,172.31.47.0-255,66,41355,82,352744
16682,0.000281,172.31.47.0-255,66,41421,82,352744
16683,0.000335,172.31.47.0-255,66,41487,82,352744
16684,0.000339,74.125.24.0-255,129,41616,82,352744
16685,0.000341,172.31.47.0-255,66,41682,82,352744
16686,0.000443,74.125.24.0-255,1484,43166,82,352744
16687,0.000447,172.31.47.0-255,66,43232,82,352744
16688,0.000453,74.125.24.0-255,2902,46134,82,352744
16689,0.000455,172.31.47.0-255,66,46200,82,352744
16690,0.000482,74.125.24.0-255,5738,51938,82,352744
16691,0.000485,172.31.47.0-255,66,52004,82,352744
16692,0.00049,74.125.24.0-255,4320,56324,82,352744
16693,0.000493,172.31.47.0-255,66,56390,82,352744
16694,0.000522,74.125.24.0-255,9633,66023,82,352744
16695,0.000529,172.31.47.0-255,66,66089,82,352744
16696,0.000538,74.125.24.0-255,9633,75722,82,352744
16697,0.000541,172.31.47.0-255,66,75788,82,352744
16698,0.000543,74.125.24.0-255,350,76138,82,352744
16699,0.000995,74.125.24.0-255,1484,77622,82,352744
16700,0.001001,172.31.47.0-255,66,77688,82,352744
16701,0.001007,74.125.24.0-255,2902,80590,82,352744
16702,0.001009,172.31.47.0-255,66,80656,82,352744
16703,0.001021,74.125.24.0-255,5738,86394,82,352744
16704,0.001023,172.31.47.0-255,66,86460,82,352744
16705,0.001045,74.125.24.0-255,1484,87944,82,352744
16706,0.001085,172.31.47.0-255,66,88010,82,352744
16707,0.001124,74.125.24.0-255,10141,98151,82,352744
16708,0.001128,172.31.47.0-255,66,98217,82,352744
16709,0.001253,74.125.24.0-255,1484,99701,82,352744
16710,0.001259,74.125.24.0-255,2902,102603,82,352744
16711,0.001262,172.31.47.0-255,66,102669,82,352744
16712,0.001276,74.125.24.0-255,2902,105571,82,352744
16713,0.001283,172.31.47.0-255,66,105637,82,352744
16714,0.001314,74.125.24.0-255,2902,108539,82,352744
16715,0.001317,172.31.47.0-255,66,108605,82,352744
16716,0.001331,172.31.47.0-255,66,108671,82,352744
16717,0.00134,74.125.24.0-255,10692,119363,82,352744
16718,0.001342,172.31.47.0-255,66,119429,82,352744
16719,0.00179,74.125.24.0-255,1484,120913,82,352744
16720,0.001796,74.125.24.0-255,2902,123815,82,352744
16721,0.001799,172.31.47.0-255,66,123881,82,352744
16722,0.001802,74.125.24.0-255,1484,125365,82,352744
16723,0.001827,74.125.24.0-255,4320,129685,82,352744
16724,0.001829,172.31.47.0-255,66,129751,82,352744
16725,0.001836,74.125.24.0-255,7156,136907,82,352744
16726,0.001838,172.31.47.0-255,66,136973,82,352744
16727,0.001863,74.125.24.0-255,8574,145547,82,352744
16728,0.001865,172.31.47.0-255,66,145613,82,352744
16729,0.001896,74.125.24.0-255,5738,151351,82,352744
16730,0.001898,172.31.47.0-255,66,151417,82,352744
16731,0.001902,74.125.24.0-255,2184,153601,82,352744
16732,0.001904,172.31.47.0-255,66,153667,82,352744
16733,0.001907,74.125.24.0-255,2902,156569,82,352744
16734,0.001909,172.31.47.0-255,66,156635,82,352744
16735,0.00194,74.125.24.0-255,1484,158119,82,352744
16736,0.001947,74.125.24.0-255,5738,163857,82,352744
16737,0.001949,172.31.47.0-255,66,163923,82,352744
16738,0.001981,74.125.24.0-255,5738,169661,82,352744
16739,0.001983,172.31.47.0-255,66,169727,82,352744
16740,0.002004,74.125.24.0-255,7156,176883,82,352744
16741,0.002006,172.31.47.0-255,66,176949,82,352744
16742,0.002013,74.125.24.0-255,8574,185523,82,352744
16743,0.002014,172.31.47.0-255,66,185589,82,352744
16744,0.002018,74.125.24.0-255,2184,187773,82,352744
16745,0.002019,172.31.47.0-255,66,187839,82,352744
16746,0.002412,74.125.24.0-255,1484,189323,82,352744
16747,0.002418,74.125.24.0-255,2902,192225,82,352744
16748,0.002421,172.31.47.0-255,66,192291,82,352744
16749,0.002432,74.125.24.0-255,2902,195193,82,352744
16750,0.002438,172.31.47.0-255,66,195259,82,352744
16751,0.002459,74.125.24.0-255,2902,198161,82,352744
16752,0.002461,172.31.47.0-255,66,198227,82,352744
16753,0.002482,172.31.47.0-255,66,198293,82,352744
16754,0.002491,74.125.24.0-255,10692,208985,82,352744
16755,0.002493,172.31.47.0-255,66,209051,82,352744
16756,0.005096,74.125.24.0-255,5738,214789,82,352744
16757,0.005109,172.31.47.0-255,66,214855,82,352744
16758,0.007702,74.125.24.0-255,5738,220593,82,352744
16759,0.007718,172.31.47.0-255,66,220659,82,352744
16760,0.010299,74.125.24.0-255,5738,226397,82,352744
16761,0.010308,172.31.47.0-255,66,226463,82,352744
16762,0.01286,74.125.24.0-255,5738,232201,82,352744
16763,0.012865,172.31.47.0-255,66,232267,82,352744
16764,0.015453,74.125.24.0-255,5738,238005,82,352744
16765,0.015467,172.31.47.0-255,66,238071,82,352744
16766,0.018041,74.125.24.0-255,5738,243809,82,352744
16767,0.018058,172.31.47.0-255,66,243875,82,352744
16768,0.020644,74.125.24.0-255,5738,249613,82,352744
16769,0.020652,172.31.47.0-255,66,249679,82,352744
16770,0.023263,74.125.24.0-255,5738,255417,82,352744
16771,0.023272,172.31.47.0-255,66,255483,82,352744
16772,0.02585,74.125.24.0-255,5738,261221,82,352744
16773,0.025856,172.31.47.0-255,66,261287,82,352744
16774,0.028409,74.125.24.0-255,5738,267025,82,352744
16775,0.028421,172.31.47.0-255,66,267091,82,352744
16776,0.031015,74.125.24.0-255,5738,272829,82,352744
16777,0.031023,172.31.47.0-255,66,272895,82,352744
16778,0.033581,74.125.24.0-255,5738,278633,82,352744
16779,0.033588,172.31.47.0-255,66,278699,82,352744
16780,0.036189,74.125.24.0-255,5738,284437,82,352744
16781,0.036208,172.31.47.0-255,66,284503,82,352744
16782,0.038773,74.125.24.0-255,5738,290241,82,352744
16783,0.038782,172.31.47.0-255,66,290307,82,352744
16784,0.040972,172.31.47.0-255,172,290479,82,352744
16785,0.04102,172.31.47.0-255,1106,291585,82,352744
16786,0.041079,172.31.47.0-255,1514,293099,82,352744
16787,0.041081,172.31.47.0-255,1293,294392,82,352744
16788,0.041332,74.125.24.0-255,5738,300130,82,352744
16789,0.041343,172.31.47.0-255,66,300196,82,352744
16790,0.0425,104.244.42.0-255,66,300262,82,352744
16791,0.04254,104.244.42.0-255,66,300328,82,352744
16792,0.042646,104.244.42.0-255,66,300394,82,352744
16793,0.043923,74.125.24.0-255,5738,306132,82,352744
16794,0.043929,172.31.47.0-255,66,306198,82,352744
16795,0.046504,74.125.24.0-255,5738,311936,82,352744
16796,0.046513,172.31.47.0-255,66,312002,82,352744
16797,0.049126,74.125.24.0-255,5738,317740,82,352744
16798,0.049138,172.31.47.0-255,66,317806,82,352744
16799,0.051705,74.125.24.0-255,5738,323544,82,352744
16800,0.051712,172.31.47.0-255,66,323610,82,352744
16801,0.054307,74.125.24.0-255,5738,329348,82,352744
16802,0.054313,172.31.47.0-255,66,329414,82,352744
16803,0.056873,74.125.24.0-255,5738,335152,82,352744
16804,0.05688,172.31.47.0-255,66,335218,82,352744
16805,0.059467,74.125.24.0-255,5738,340956,82,352744
16806,0.059475,172.31.47.0-255,66,341022,82,352744
16807,0.062079,74.125.24.0-255,5738,346760,82,352744
16808,0.062086,172.31.47.0-255,66,346826,82,352744
16809,0.064643,74.125.24.0-255,5681,352507,82,352744
16810,0.06465,172.31.47.0-255,66,352573,82,352744
16811,0.064926,172.31.47.0-255,105,352678,82,352744
16812,0.067473,74.125.24.0-255,66,352744,82,352744
16813,0.0,172.31.47.0-255,105,105,82,105
16814,0.0,74.125.68.0-255,146,146,82,320157
16815,2.8e-05,172.31.47.0-255,66,212,82,320157
16816,4.2e-05,74.125.68.0-255,1484,1696,82,320157
16817,5.1e-05,172.31.47.0-255,66,1762,82,320157
16818,7.4e-05,74.125.68.0-255,2902,4664,82,320157
16819,7.6e-05,74.125.68.0-255,1484,6148,82,320157
16820,7.8e-05,172.31.47.0-255,66,6214,82,320157
16821,8.2e-05,172.31.47.0-255,66,6280,82,320157
16822,8.9e-05,74.125.68.0-255,2902,9182,82,320157
16823,9.1e-05,172.31.47.0-255,66,9248,82,320157
16824,0.00013,74.125.68.0-255,4320,13568,82,320157
16825,0.000135,172.31.47.0-255,66,13634,82,320157
16826,0.000144,74.125.68.0-255,709,14343,82,320157
16827,0.000146,172.31.47.0-255,66,14409,82,320157
16828,0.000243,74.125.68.0-255,1484,15893,82,320157
16829,0.000246,172.31.47.0-255,66,15959,82,320157
16830,0.000251,74.125.68.0-255,2902,18861,82,320157
16831,0.000253,172.31.47.0-255,66,18927,82,320157
16832,0.000285,74.125.68.0-255,5738,24665,82,320157
16833,0.000289,172.31.47.0-255,66,24731,82,320157
16834,0.000318,74.125.68.0-255,6797,31528,82,320157
16835,0.000321,172.31.47.0-255,66,31594,82,320157
16836,0.000351,74.125.68.0-255,5738,37332,82,320157
16837,0.000354,172.31.47.0-255,66,37398,82,320157
16838,0.000359,74.125.68.0-255,4320,41718,82,320157
16839,0.000361,172.31.47.0-255,66,41784,82,320157
16840,0.00038,74.125.68.0-255,2902,44686,82,320157
16841,0.000386,172.31.47.0-255,66,44752,82,320157
16842,0.000398,74.125.68.0-255,4320,49072,82,320157
16843,0.000401,172.31.47.0-255,66,49138,82,320157
16844,0.000428,74.125.68.0-255,5738,54876,82,320157
16845,0.000432,172.31.47.0-255,66,54942,82,320157
16846,0.000434,74.125.68.0-255,7156,62098,82,320157
16847,0.000439,172.31.47.0-255,66,62164,82,320157
16848,0.00046,74.125.68.0-255,3602,65766,82,320157
16849,0.000467,172.31.47.0-255,66,65832,82,320157
16850,0.000469,74.125.68.0-255,427,66259,82,320157
16851,0.000699,74.125.68.0-255,1484,67743,82,320157
16852,0.000703,172.31.47.0-255,66,67809,82,320157
16853,0.00073,74.125.68.0-255,2902,70711,82,320157
16854,0.000734,172.31.47.0-255,66,70777,82,320157
16855,0.000734,74.125.68.0-255,4320,75097,82,320157
16856,0.000736,172.31.47.0-255,66,75163,82,320157
16857,0.000759,74.125.68.0-255,1484,76647,82,320157
16858,0.000769,74.125.68.0-255,7156,83803,82,320157
16859,0.000771,172.31.47.0-255,66,83869,82,320157
16860,0.000791,74.125.68.0-255,4320,88189,82,320157
16861,0.000794,172.31.47.0-255,66,88255,82,320157
16862,0.000822,74.125.68.0-255,9992,98247,82,320157
16863,0.000824,172.31.47.0-255,66,98313,82,320157
16864,0.000847,74.125.68.0-255,2184,100497,82,320157
16865,0.00085,172.31.47.0-255,66,100563,82,320157
16866,0.001221,74.125.68.0-255,1484,102047,82,320157
16867,0.001249,74.125.68.0-255,2902,104949,82,320157
16868,0.001252,172.31.47.0-255,66,105015,82,320157
16869,0.001258,74.125.68.0-255,4320,109335,82,320157
16870,0.001259,172.31.47.0-255,66,109401,82,320157
16871,0.001263,74.125.68.0-255,2902,112303,82,320157
16872,0.001264,172.31.47.0-255,66,112369,82,320157
16873,0.001301,74.125.68.0-255,2902,115271,82,320157
16874,0.001305,172.31.47.0-255,66,115337,82,320157
16875,0.001315,172.31.47.0-255,66,115403,82,320157
16876,0.001324,74.125.68.0-255,5738,121141,82,320157
16877,0.001326,172.31.47.0-255,66,121207,82,320157
16878,0.001366,74.125.68.0-255,5738,126945,82,320157
16879,0.00137,172.31.47.0-255,66,127011,82,320157
16880,0.001399,74.125.68.0-255,7856,134867,82,320157
16881,0.001402,172.31.47.0-255,66,134933,82,320157
16882,0.001414,172.31.47.0-255,66,134999,82,320157
16883,0.001427,74.125.68.0-255,4320,139319,82,320157
16884,0.00143,172.31.47.0-255,66,139385,82,320157
16885,0.001469,74.125.68.0-255,2902,142287,82,320157
16886,0.001474,172.31.47.0-255,66,142353,82,320157
16887,0.001477,74.125.68.0-255,766,143119,82,320157
16888,0.001508,74.125.68.0-255,347,143466,82,320157
16889,0.001986,172.31.47.0-255,66,143532,82,320157
16890,0.003758,74.125.68.0-255,2902,146434,82,320157
16891,0.003763,172.31.47.0-255,66,146500,82,320157
16892,0.004269,74.125.68.0-255,2902,149402,82,320157
16893,0.004274,172.31.47.0-255,66,149468,82,320157
16894,0.006047,74.125.68.0-255,2902,152370,82,320157
16895,0.006052,172.31.47.0-255,66,152436,82,320157
16896,0.006556,74.125.68.0-255,2902,155338,82,320157
16897,0.006562,172.31.47.0-255,66,155404,82,320157
16898,0.00833,74.125.68.0-255,2902,158306,82,320157
16899,0.008336,172.31.47.0-255,66,158372,82,320157
16900,0.008837,74.125.68.0-255,2902,161274,82,320157
16901,0.008843,172.31.47.0-255,66,161340,82,320157
16902,0.010626,74.125.68.0-255,2902,164242,82,320157
16903,0.010632,172.31.47.0-255,66,164308,82,320157
16904,0.01113,74.125.68.0-255,2902,167210,82,320157
16905,0.011136,172.31.47.0-255,66,167276,82,320157
16906,0.012912,74.125.68.0-255,2902,170178,82,320157
16907,0.012919,172.31.47.0-255,66,170244,82,320157
16908,0.013411,74.125.68.0-255,2902,173146,82,320157
16909,0.013417,172.31.47.0-255,66,173212,82,320157
16910,0.015214,74.125.68.0-255,2902,176114,82,320157
16911,0.01522,172.31.47.0-255,66,176180,82,320157
16912,0.015692,74.125.68.0-255,2902,179082,82,320157
16913,0.015697,172.31.47.0-255,66,179148,82,320157
16914,0.0175,74.125.68.0-255,2902,182050,82,320157
16915,0.017504,172.31.47.0-255,66,182116,82,320157
16916,0.017973,74.125.68.0-255,2902,185018,82,320157
16917,0.017977,172.31.47.0-255,66,185084,82,320157
16918,0.01979,74.125.68.0-255,2902,187986,82,320157
16919,0.019798,172.31.47.0-255,66,188052,82,320157
16920,0.02026,74.125.68.0-255,1484,189536,82,320157
16921,0.020281,74.125.68.0-255,1484,191020,82,320157
16922,0.020286,172.31.47.0-255,66,191086,82,320157
16923,0.022072,74.125.68.0-255,2902,193988,82,320157
16924,0.022078,172.31.47.0-255,66,194054,82,320157
16925,0.022567,74.125.68.0-255,2902,196956,82,320157
16926,0.022573,172.31.47.0-255,66,197022,82,320157
16927,0.023893,172.31.47.0-255,172,197194,82,320157
16928,0.023933,172.31.47.0-255,1112,198306,82,320157
16929,0.024006,172.31.47.0-255,1514,199820,82,320157
16930,0.024009,172.31.47.0-255,1287,201107,82,320157
16931,0.024358,74.125.68.0-255,2902,204009,82,320157
16932,0.024365,172.31.47.0-255,66,204075,82,320157
16933,0.024856,74.125.68.0-255,2902,206977,82,320157
16934,0.024861,172.31.47.0-255,66,207043,82,320157
16935,0.025455,104.244.42.0-255,66,207109,82,320157
16936,0.025499,104.244.42.0-255,66,207175,82,320157
16937,0.025536,104.244.42.0-255,66,207241,82,320157
16938,0.026646,74.125.68.0-255,1484,208725,82,320157
16939,0.026677,74.125.68.0-255,1484,210209,82,320157
16940,0.026682,172.31.47.0-255,66,210275,82,320157
16941,0.027142,74.125.68.0-255,2902,213177,82,320157
16942,0.027147,172.31.47.0-255,66,213243,82,320157
16943,0.028969,74.125.68.0-255,2902,216145,82,320157
16944,0.028974,172.31.47.0-255,66,216211,82,320157
16945,0.029443,74.125.68.0-255,2902,219113,82,320157
16946,0.029448,172.31.47.0-255,66,219179,82,320157
16947,0.031255,74.125.68.0-255,2902,222081,82,320157
16948,0.03126,172.31.47.0-255,66,222147,82,320157
16949,0.031747,74.125.68.0-255,2902,225049,82,320157
16950,0.031753,172.31.47.0-255,66,225115,82,320157
16951,0.033553,74.125.68.0-255,2902,228017,82,320157
16952,0.033559,172.31.47.0-255,66,228083,82,320157
16953,0.034041,74.125.68.0-255,2902,230985,82,320157
16954,0.034046,172.31.47.0-255,66,231051,82,320157
16955,0.035837,74.125.68.0-255,2902,233953,82,320157
16956,0.035842,172.31.47.0-255,66,234019,82,320157
16957,0.036322,74.125.68.0-255,2902,236921,82,320157
16958,0.036328,172.31.47.0-255,66,236987,82,320157
16959,0.038119,74.125.68.0-255,2902,239889,82,320157
16960,0.038123,172.31.47.0-255,66,239955,82,320157
16961,0.03861,74.125.68.0-255,2902,242857,82,320157
16962,0.038615,172.31.47.0-255,66,242923,82,320157
16963,0.040398,74.125.68.0-255,2902,245825,82,320157
16964,0.040402,172.31.47.0-255,66,245891,82,320157
16965,0.040886,74.125.68.0-255,2902,248793,82,320157
16966,0.04089,172.31.47.0-255,66,248859,82,320157
16967,0.042687,74.125.68.0-255,2902,251761,82,320157
16968,0.042693,172.31.47.0-255,66,251827,82,320157
16969,0.043162,74.125.68.0-255,2902,254729,82,320157
16970,0.043167,172.31.47.0-255,66,254795,82,320157
16971,0.044988,74.125.68.0-255,2902,257697,82,320157
16972,0.044996,172.31.47.0-255,66,257763,82,320157
16973,0.045467,74.125.68.0-255,2902,260665,82,320157
16974,0.045473,172.31.47.0-255,66,260731,82,320157
16975,0.047332,74.125.68.0-255,2902,263633,82,320157
16976,0.047339,172.31.47.0-255,66,263699,82,320157
16977,0.047759,74.125.68.0-255,2902,266601,82,320157
16978,0.047763,172.31.47.0-255,66,266667,82,320157
16979,0.049625,74.125.68.0-255,2902,269569,82,320157
16980,0.04963,172.31.47.0-255,66,269635,82,320157
16981,0.050036,74.125.68.0-255,2902,272537,82,320157
16982,0.05004,172.31.47.0-255,66,272603,82,320157
16983,0.051908,74.125.68.0-255,2902,275505,82,320157
16984,0.051912,172.31.47.0-255,66,275571,82,320157
16985,0.052327,74.125.68.0-255,2902,278473,82,320157
16986,0.052332,172.31.47.0-255,66,278539,82,320157
16987,0.054195,74.125.68.0-255,2902,281441,82,320157
16988,0.054199,172.31.47.0-255,66,281507,82,320157
16989,0.054614,74.125.68.0-255,2902,284409,82,320157
16990,0.054618,172.31.47.0-255,66,284475,82,320157
16991,0.056497,74.125.68.0-255,2902,287377,82,320157
16992,0.056501,172.31.47.0-255,66,287443,82,320157
16993,0.056889,74.125.68.0-255,2902,290345,82,320157
16994,0.056893,172.31.47.0-255,66,290411,82,320157
16995,0.058779,74.125.68.0-255,2902,293313,82,320157
16996,0.058784,172.31.47.0-255,66,293379,82,320157
16997,0.059175,74.125.68.0-255,2902,296281,82,320157
16998,0.05918,172.31.47.0-255,66,296347,82,320157
16999,0.061068,74.125.68.0-255,2902,299249,82,320157
17000,0.061072,172.31.47.0-255,66,299315,82,320157
17001,0.061458,74.125.68.0-255,2902,302217,82,320157
17002,0.061462,172.31.47.0-255,66,302283,82,320157
17003,0.063355,74.125.68.0-255,1484,303767,82,320157
17004,0.063381,74.125.68.0-255,1484,305251,82,320157
17005,0.063385,172.31.47.0-255,66,305317,82,320157
17006,0.063746,74.125.68.0-255,2902,308219,82,320157
17007,0.063751,172.31.47.0-255,66,308285,82,320157
17008,0.065664,74.125.68.0-255,2902,311187,82,320157
17009,0.065669,172.31.47.0-255,66,311253,82,320157
17010,0.066025,74.125.68.0-255,2902,314155,82,320157
17011,0.06603,172.31.47.0-255,66,314221,82,320157
17012,0.067952,74.125.68.0-255,2902,317123,82,320157
17013,0.067957,172.31.47.0-255,66,317189,82,320157
17014,0.06831,74.125.68.0-255,2902,320091,82,320157
17015,0.068315,172.31.47.0-255,66,320157,82,320157
17016,0.0,172.217.194.0-255,153,153,82,260437
17017,1.6e-05,172.31.47.0-255,66,219,82,260437
17018,4.6e-05,172.217.194.0-255,1484,1703,82,260437
17019,5e-05,172.31.47.0-255,66,1769,82,260437
17020,5.4e-05,172.217.194.0-255,2902,4671,82,260437
17021,5.7e-05,172.31.47.0-255,66,4737,82,260437
17022,6.3e-05,172.217.194.0-255,7156,11893,82,260437
17023,6.6e-05,172.31.47.0-255,66,11959,82,260437
17024,9.9e-05,172.217.194.0-255,6379,18338,82,260437
17025,0.000102,172.31.47.0-255,66,18404,82,260437
17026,0.000137,172.217.194.0-255,4320,22724,82,260437
17027,0.000139,172.31.47.0-255,66,22790,82,260437
17028,0.000166,172.217.194.0-255,8215,31005,82,260437
17029,0.000168,172.31.47.0-255,66,31071,82,260437
17030,0.000178,172.217.194.0-255,1484,32555,82,260437
17031,0.000183,172.31.47.0-255,66,32621,82,260437
17032,0.000187,172.217.194.0-255,2902,35523,82,260437
17033,0.000189,172.31.47.0-255,66,35589,82,260437
17034,0.000221,172.217.194.0-255,5738,41327,82,260437
17035,0.000223,172.31.47.0-255,66,41393,82,260437
17036,0.000226,172.217.194.0-255,1484,42877,82,260437
17037,0.000227,172.31.47.0-255,66,42943,82,260437
17038,0.000266,172.31.47.0-255,66,43009,82,260437
17039,0.000268,172.217.194.0-255,1484,44493,82,260437
17040,0.00027,172.31.47.0-255,66,44559,82,260437
17041,0.000291,172.217.194.0-255,8574,53133,82,260437
17042,0.000293,172.31.47.0-255,66,53199,82,260437
17043,0.000317,172.217.194.0-255,1115,54314,82,260437
17044,0.000318,172.31.47.0-255,66,54380,82,260437
17045,0.000355,172.217.194.0-255,1484,55864,82,260437
17046,0.000357,172.31.47.0-255,66,55930,82,260437
17047,0.000379,172.217.194.0-255,2902,58832,82,260437
17048,0.000381,172.31.47.0-255,66,58898,82,260437
17049,0.000386,172.217.194.0-255,5738,64636,82,260437
17050,0.000387,172.31.47.0-255,66,64702,82,260437
17051,0.000425,172.31.47.0-255,66,64768,82,260437
17052,0.000451,172.217.194.0-255,1484,66252,82,260437
17053,0.000475,172.217.194.0-255,9274,75526,82,260437
17054,0.000477,172.31.47.0-255,66,75592,82,260437
17055,0.000479,172.217.194.0-255,360,75952,82,260437
17056,0.000789,172.217.194.0-255,1484,77436,82,260437
17057,0.000792,172.31.47.0-255,66,77502,82,260437
17058,0.000796,172.217.194.0-255,2902,80404,82,260437
17059,0.000798,172.31.47.0-255,66,80470,82,260437
17060,0.000829,172.217.194.0-255,5738,86208,82,260437
17061,0.000831,172.31.47.0-255,66,86274,82,260437
17062,0.000834,172.217.194.0-255,1484,87758,82,260437
17063,0.000868,172.31.47.0-255,66,87824,82,260437
17064,0.000897,172.217.194.0-255,8574,96398,82,260437
17065,0.000899,172.31.47.0-255,66,96464,82,260437
17066,0.000921,172.217.194.0-255,2184,98648,82,260437
17067,0.000923,172.31.47.0-255,66,98714,82,260437
17068,0.001419,172.217.194.0-255,1484,100198,82,260437
17069,0.001426,172.217.194.0-255,2902,103100,82,260437
17070,0.001429,172.31.47.0-255,66,103166,82,260437
17071,0.001457,172.217.194.0-255,5738,108904,82,260437
17072,0.001458,172.31.47.0-255,66,108970,82,260437
17073,0.001462,172.217.194.0-255,4320,113290,82,260437
17074,0.001464,172.31.47.0-255,66,113356,82,260437
17075,0.00149,172.217.194.0-255,5738,119094,82,260437
17076,0.001492,172.31.47.0-255,66,119160,82,260437
17077,0.001511,172.217.194.0-255,4320,123480,82,260437
17078,0.001513,172.31.47.0-255,66,123546,82,260437
17079,0.001541,172.217.194.0-255,9274,132820,82,260437
17080,0.001543,172.31.47.0-255,66,132886,82,260437
17081,0.001545,172.217.194.0-255,1484,134370,82,260437
17082,0.001568,172.217.194.0-255,2902,137272,82,260437
17083,0.00157,172.31.47.0-255,66,137338,82,260437
17084,0.001575,172.217.194.0-255,5738,143076,82,260437
17085,0.001576,172.31.47.0-255,66,143142,82,260437
17086,0.00158,172.217.194.0-255,2902,146044,82,260437
17087,0.001583,172.31.47.0-255,66,146110,82,260437
17088,0.001603,172.217.194.0-255,9992,156102,82,260437
17089,0.001605,172.31.47.0-255,66,156168,82,260437
17090,0.001612,172.217.194.0-255,9992,166160,82,260437
17091,0.001615,172.31.47.0-255,66,166226,82,260437
17092,0.001641,172.217.194.0-255,766,166992,82,260437
17093,0.00172,172.217.194.0-255,1484,168476,82,260437
17094,0.001724,172.31.47.0-255,66,168542,82,260437
17095,0.001729,172.217.194.0-255,2902,171444,82,260437
17096,0.00173,172.31.47.0-255,66,171510,82,260437
17097,0.001751,172.217.194.0-255,5738,177248,82,260437
17098,0.001753,172.31.47.0-255,66,177314,82,260437
17099,0.001756,172.217.194.0-255,1484,178798,82,260437
17100,0.001783,172.217.194.0-255,8574,187372,82,260437
17101,0.001785,172.31.47.0-255,66,187438,82,260437
17102,0.001827,172.31.47.0-255,66,187504,82,260437
17103,0.0019,172.217.194.0-255,1484,188988,82,260437
17104,0.001913,172.217.194.0-255,2902,191890,82,260437
17105,0.001916,172.31.47.0-255,66,191956,82,260437
17106,0.001919,172.217.194.0-255,1484,193440,82,260437
17107,0.001938,172.217.194.0-255,4320,197760,82,260437
17108,0.00194,172.31.47.0-255,66,197826,82,260437
17109,0.001945,172.217.194.0-255,4320,202146,82,260437
17110,0.001947,172.31.47.0-255,66,202212,82,260437
17111,0.001992,172.217.194.0-255,8574,210786,82,260437
17112,0.001995,172.31.47.0-255,66,210852,82,260437
17113,0.002004,172.217.194.0-255,10692,221544,82,260437
17114,0.002006,172.31.47.0-255,66,221610,82,260437
17115,0.00206,172.217.194.0-255,9992,231602,82,260437
17116,0.002064,172.31.47.0-255,66,231668,82,260437
17117,0.002109,172.31.47.0-255,66,231734,82,260437
17118,0.002128,172.31.47.0-255,66,231800,82,260437
17119,0.002146,172.31.47.0-255,66,231866,82,260437
17120,0.002197,172.31.47.0-255,66,231932,82,260437
17121,0.002205,172.217.194.0-255,8574,240506,82,260437
17122,0.002208,172.31.47.0-255,66,240572,82,260437
17123,0.002248,172.217.194.0-255,8574,249146,82,260437
17124,0.002253,172.31.47.0-255,66,249212,82,260437
17125,0.002256,172.217.194.0-255,766,249978,82,260437
17126,0.002259,172.217.194.0-255,1484,251462,82,260437
17127,0.002261,172.31.47.0-255,66,251528,82,260437
17128,0.00231,172.31.47.0-255,66,251594,82,260437
17129,0.002322,172.31.47.0-255,66,251660,82,260437
17130,0.002328,172.217.194.0-255,4087,255747,82,260437
17131,0.002331,172.31.47.0-255,66,255813,82,260437
17132,0.002358,172.217.194.0-255,105,255918,82,260437
17133,0.010609,172.31.47.0-255,66,255984,82,260437
17134,0.014843,172.31.47.0-255,105,256089,82,260437
17135,0.017326,172.217.194.0-255,66,256155,82,260437
17136,0.028242,172.31.47.0-255,171,256326,82,260437
17137,0.028274,172.31.47.0-255,1135,257461,82,260437
17138,0.028296,172.31.47.0-255,1514,258975,82,260437
17139,0.028298,172.31.47.0-255,1264,260239,82,260437
17140,0.029739,104.244.42.0-255,66,260305,82,260437
17141,0.029794,104.244.42.0-255,66,260371,82,260437
17142,0.029846,104.244.42.0-255,66,260437,82,260437
17143,0.0,172.31.47.0-255,105,105,82,276
17144,0.001757,157.240.13.0-255,105,210,82,276
17145,0.00177,172.31.47.0-255,66,276,82,276
17146,0.0,74.125.200.0-255,160,160,82,394067
17147,1.8e-05,172.31.47.0-255,66,226,82,394067
17148,2.4e-05,74.125.200.0-255,1484,1710,82,394067
17149,2.9e-05,172.31.47.0-255,66,1776,82,394067
17150,4.6e-05,74.125.200.0-255,2902,4678,82,394067
17151,4.8e-05,172.31.47.0-255,66,4744,82,394067
17152,5.8e-05,74.125.200.0-255,1484,6228,82,394067
17153,6e-05,172.31.47.0-255,66,6294,82,394067
17154,7.9e-05,74.125.200.0-255,4320,10614,82,394067
17155,8.1e-05,172.31.47.0-255,66,10680,82,394067
17156,8.6e-05,74.125.200.0-255,2902,13582,82,394067
17157,8.8e-05,172.31.47.0-255,66,13648,82,394067
17158,0.000115,74.125.200.0-255,3668,17316,82,394067
17159,0.000118,172.31.47.0-255,66,17382,82,394067
17160,0.000139,74.125.200.0-255,1484,18866,82,394067
17161,0.000141,172.31.47.0-255,66,18932,82,394067
17162,0.000157,74.125.200.0-255,1484,20416,82,394067
17163,0.000159,172.31.47.0-255,66,20482,82,394067
17164,0.000164,74.125.200.0-255,4320,24802,82,394067
17165,0.000166,172.31.47.0-255,66,24868,82,394067
17166,0.000185,74.125.200.0-255,5738,30606,82,394067
17167,0.000187,172.31.47.0-255,66,30672,82,394067
17168,0.000201,74.125.200.0-255,1125,31797,82,394067
17169,0.000203,172.31.47.0-255,66,31863,82,394067
17170,0.000441,74.125.200.0-255,1484,33347,82,394067
17171,0.000446,172.31.47.0-255,66,33413,82,394067
17172,0.000451,74.125.200.0-255,2902,36315,82,394067
17173,0.000454,172.31.47.0-255,66,36381,82,394067
17174,0.000465,74.125.200.0-255,1484,37865,82,394067
17175,0.000467,172.31.47.0-255,66,37931,82,394067
17176,0.000486,74.125.200.0-255,4320,42251,82,394067
17177,0.000489,172.31.47.0-255,66,42317,82,394067
17178,0.000491,74.125.200.0-255,1484,43801,82,394067
17179,0.000543,74.125.200.0-255,4320,48121,82,394067
17180,0.000548,172.31.47.0-255,66,48187,82,394067
17181,0.000568,74.125.200.0-255,5379,53566,82,394067
17182,0.000571,172.31.47.0-255,66,53632,82,394067
17183,0.00058,74.125.200.0-255,9992,63624,82,394067
17184,0.000582,172.31.47.0-255,66,63690,82,394067
17185,0.000597,74.125.200.0-255,2820,66510,82,394067
17186,0.000599,172.31.47.0-255,66,66576,82,394067
17187,0.000602,74.125.200.0-255,133,66709,82,394067
17188,0.000736,74.125.200.0-255,1484,68193,82,394067
17189,0.00074,172.31.47.0-255,66,68259,82,394067
17190,0.000756,74.125.200.0-255,2902,71161,82,394067
17191,0.000758,172.31.47.0-255,66,71227,82,394067
17192,0.000792,74.125.200.0-255,4320,75547,82,394067
17193,0.000794,172.31.47.0-255,66,75613,82,394067
17194,0.000808,74.125.200.0-255,1484,77097,82,394067
17195,0.000811,74.125.200.0-255,1484,78581,82,394067
17196,0.000812,172.31.47.0-255,66,78647,82,394067
17197,0.000816,74.125.200.0-255,2902,81549,82,394067
17198,0.000818,172.31.47.0-255,66,81615,82,394067
17199,0.000856,74.125.200.0-255,3961,85576,82,394067
17200,0.000858,172.31.47.0-255,66,85642,82,394067
17201,0.000863,74.125.200.0-255,4320,89962,82,394067
17202,0.000865,172.31.47.0-255,66,90028,82,394067
17203,0.000903,74.125.200.0-255,7156,97184,82,394067
17204,0.000906,172.31.47.0-255,66,97250,82,394067
17205,0.000945,74.125.200.0-255,4216,101466,82,394067
17206,0.000947,172.31.47.0-255,66,101532,82,394067
17207,0.001104,74.125.200.0-255,1484,103016,82,394067
17208,0.001116,74.125.200.0-255,2902,105918,82,394067
17209,0.001119,172.31.47.0-255,66,105984,82,394067
17210,0.001122,74.125.200.0-255,1484,107468,82,394067
17211,0.001138,74.125.200.0-255,4320,111788,82,394067
17212,0.00114,172.31.47.0-255,66,111854,82,394067
17213,0.001144,74.125.200.0-255,2902,114756,82,394067
17214,0.001146,172.31.47.0-255,66,114822,82,394067
17215,0.001158,74.125.200.0-255,1484,116306,82,394067
17216,0.001173,74.125.200.0-255,4320,120626,82,394067
17217,0.001175,172.31.47.0-255,66,120692,82,394067
17218,0.001186,74.125.200.0-255,1484,122176,82,394067
17219,0.001209,74.125.200.0-255,8574,130750,82,394067
17220,0.001212,172.31.47.0-255,66,130816,82,394067
17221,0.001242,74.125.200.0-255,2902,133718,82,394067
17222,0.001245,172.31.47.0-255,66,133784,82,394067
17223,0.00126,74.125.200.0-255,2184,135968,82,394067
17224,0.001262,172.31.47.0-255,66,136034,82,394067
17225,0.001302,74.125.200.0-255,1484,137518,82,394067
17226,0.00134,74.125.200.0-255,2902,140420,82,394067
17227,0.001342,172.31.47.0-255,66,140486,82,394067
17228,0.001356,74.125.200.0-255,2902,143388,82,394067
17229,0.001358,172.31.47.0-255,66,143454,82,394067
17230,0.001367,74.125.200.0-255,1484,144938,82,394067
17231,0.001387,74.125.200.0-255,2902,147840,82,394067
17232,0.001389,172.31.47.0-255,66,147906,82,394067
17233,0.001407,74.125.200.0-255,5738,153644,82,394067
17234,0.001409,74.125.200.0-255,1484,155128,82,394067
17235,0.001412,172.31.47.0-255,66,155194,82,394067
17236,0.001427,74.125.200.0-255,2902,158096,82,394067
17237,0.001429,172.31.47.0-255,66,158162,82,394067
17238,0.001455,74.125.200.0-255,5738,163900,82,394067
17239,0.001458,172.31.47.0-255,66,163966,82,394067
17240,0.001462,74.125.200.0-255,2902,166868,82,394067
17241,0.001464,172.31.47.0-255,66,166934,82,394067
17242,0.001469,74.125.200.0-255,3602,170536,82,394067
17243,0.001471,172.31.47.0-255,66,170602,82,394067
17244,0.001771,74.125.200.0-255,1484,172086,82,394067
17245,0.001786,74.125.200.0-255,2902,174988,82,394067
17246,0.001789,172.31.47.0-255,66,175054,82,394067
17247,0.001805,74.125.200.0-255,5738,180792,82,394067
17248,0.001807,172.31.47.0-255,66,180858,82,394067
17249,0.001835,74.125.200.0-255,7156,188014,82,394067
17250,0.001838,172.31.47.0-255,66,188080,82,394067
17251,0.001861,74.125.200.0-255,5738,193818,82,394067
17252,0.001864,172.31.47.0-255,66,193884,82,394067
17253,0.001893,74.125.200.0-255,8574,202458,82,394067
17254,0.001896,172.31.47.0-255,66,202524,82,394067
17255,0.001905,74.125.200.0-255,2184,204708,82,394067
17256,0.001907,172.31.47.0-255,66,204774,82,394067
17257,0.001941,74.125.200.0-255,2902,207676,82,394067
17258,0.001943,172.31.47.0-255,66,207742,82,394067
17259,0.001967,74.125.200.0-255,7156,214898,82,394067
17260,0.001969,172.31.47.0-255,66,214964,82,394067
17261,0.001973,74.125.200.0-255,2902,217866,82,394067
17262,0.001975,172.31.47.0-255,66,217932,82,394067
17263,0.001991,74.125.200.0-255,5738,223670,82,394067
17264,0.001995,172.31.47.0-255,66,223736,82,394067
17265,0.002017,74.125.200.0-255,8574,232310,82,394067
17266,0.002019,172.31.47.0-255,66,232376,82,394067
17267,0.00204,74.125.200.0-255,6438,238814,82,394067
17268,0.002043,172.31.47.0-255,66,238880,82,394067
17269,0.004557,74.125.200.0-255,5738,244618,82,394067
17270,0.004564,172.31.47.0-255,66,244684,82,394067
17271,0.007084,74.125.200.0-255,5738,250422,82,394067
17272,0.007088,172.31.47.0-255,66,250488,82,394067
17273,0.009628,74.125.200.0-255,5738,256226,82,394067
17274,0.009635,172.31.47.0-255,66,256292,82,394067
17275,0.012171,74.125.200.0-255,5738,262030,82,394067
17276,0.012181,172.31.47.0-255,66,262096,82,394067
17277,0.014719,74.125.200.0-255,5738,267834,82,394067
17278,0.01473,172.31.47.0-255,66,267900,82,394067
17279,0.017281,74.125.200.0-255,5738,273638,82,394067
17280,0.01729,172.31.47.0-255,66,273704,82,394067
17281,0.019853,74.125.200.0-255,5738,279442,82,394067
17282,0.019863,172.31.47.0-255,66,279508,82,394067
17283,0.022396,74.125.200.0-255,5738,285246,82,394067
17284,0.022402,172.31.47.0-255,66,285312,82,394067
17285,0.024931,74.125.200.0-255,5738,291050,82,394067
17286,0.024937,172.31.47.0-255,66,291116,82,394067
17287,0.026289,172.31.47.0-255,172,291288,82,394067
17288,0.026316,172.31.47.0-255,1107,292395,82,394067
17289,0.026366,172.31.47.0-255,1514,293909,82,394067
17290,0.026368,172.31.47.0-255,1292,295201,82,394067
17291,0.027482,74.125.200.0-255,5738,300939,82,394067
17292,0.027488,172.31.47.0-255,66,301005,82,394067
17293,0.027839,104.244.42.0-255,66,301071,82,394067
17294,0.027881,104.244.42.0-255,66,301137,82,394067
17295,0.027912,104.244.42.0-255,66,301203,82,394067
17296,0.030015,74.125.200.0-255,5738,306941,82,394067
17297,0.03002,172.31.47.0-255,66,307007,82,394067
17298,0.032561,74.125.200.0-255,5738,312745,82,394067
17299,0.032567,172.31.47.0-255,66,312811,82,394067
17300,0.035111,74.125.200.0-255,5738,318549,82,394067
17301,0.035117,172.31.47.0-255,66,318615,82,394067
17302,0.03765,74.125.200.0-255,5738,324353,82,394067
17303,0.037657,172.31.47.0-255,66,324419,82,394067
17304,0.040188,74.125.200.0-255,5738,330157,82,394067
17305,0.040196,172.31.47.0-255,66,330223,82,394067
17306,0.042727,74.125.200.0-255,5738,335961,82,394067
17307,0.042733,172.31.47.0-255,66,336027,82,394067
17308,0.045262,74.125.200.0-255,5738,341765,82,394067
17309,0.045267,172.31.47.0-255,66,341831,82,394067
17310,0.047815,74.125.200.0-255,5738,347569,82,394067
17311,0.047822,172.31.47.0-255,66,347635,82,394067
17312,0.050369,74.125.200.0-255,5738,353373,82,394067
17313,0.050374,172.31.47.0-255,66,353439,82,394067
17314,0.052918,74.125.200.0-255,5738,359177,82,394067
17315,0.052923,172.31.47.0-255,66,359243,82,394067
17316,0.055457,74.125.200.0-255,5738,364981,82,394067
17317,0.055463,172.31.47.0-255,66,365047,82,394067
17318,0.058009,74.125.200.0-255,5738,370785,82,394067
17319,0.058015,172.31.47.0-255,66,370851,82,394067
17320,0.060551,74.125.200.0-255,5738,376589,82,394067
17321,0.060556,172.31.47.0-255,66,376655,82,394067
17322,0.063097,74.125.200.0-255,5738,382393,82,394067
17323,0.063102,172.31.47.0-255,66,382459,82,394067
17324,0.065674,74.125.200.0-255,5738,388197,82,394067
17325,0.06568,172.31.47.0-255,66,388263,82,394067
17326,0.068213,74.125.200.0-255,5738,394001,82,394067
17327,0.068218,172.31.47.0-255,66,394067,82,394067
17328,0.0,74.125.24.0-255,153,153,82,366208
17329,2.8e-05,172.31.47.0-255,66,219,82,366208
17330,3.5e-05,74.125.24.0-255,1484,1703,82,366208
17331,3.9e-05,172.31.47.0-255,66,1769,82,366208
17332,4.4e-05,74.125.24.0-255,2902,4671,82,366208
17333,5.4e-05,172.31.47.0-255,66,4737,82,366208
17334,6.1e-05,74.125.24.0-255,7156,11893,82,366208
17335,6.4e-05,172.31.47.0-255,66,11959,82,366208
17336,0.000112,74.125.24.0-255,2100,14059,82,366208
17337,0.000114,172.31.47.0-255,66,14125,82,366208
17338,0.000223,74.125.24.0-255,1484,15609,82,366208
17339,0.000227,172.31.47.0-255,66,15675,82,366208
17340,0.000232,74.125.24.0-255,2902,18577,82,366208
17341,0.000236,172.31.47.0-255,66,18643,82,366208
17342,0.000265,74.125.24.0-255,5738,24381,82,366208
17343,0.000269,172.31.47.0-255,66,24447,82,366208
17344,0.000273,74.125.24.0-255,2902,27349,82,366208
17345,0.000275,172.31.47.0-255,66,27415,82,366208
17346,0.000301,74.125.24.0-255,1484,28899,82,366208
17347,0.00031,172.31.47.0-255,66,28965,82,366208
17348,0.000331,74.125.24.0-255,3961,32926,82,366208
17349,0.000335,172.31.47.0-255,66,32992,82,366208
17350,0.000341,74.125.24.0-255,5738,38730,82,366208
17351,0.000343,172.31.47.0-255,66,38796,82,366208
17352,0.000371,74.125.24.0-255,5738,44534,82,366208
17353,0.000379,172.31.47.0-255,66,44600,82,366208
17354,0.000406,74.125.24.0-255,3961,48561,82,366208
17355,0.000409,172.31.47.0-255,66,48627,82,366208
17356,0.001252,74.125.24.0-255,1484,50111,82,366208
17357,0.001258,172.31.47.0-255,66,50177,82,366208
17358,0.001267,74.125.24.0-255,2902,53079,82,366208
17359,0.001268,172.31.47.0-255,66,53145,82,366208
17360,0.001278,74.125.24.0-255,5738,58883,82,366208
17361,0.00128,172.31.47.0-255,66,58949,82,366208
17362,0.001286,74.125.24.0-255,4320,63269,82,366208
17363,0.001287,172.31.47.0-255,66,63335,82,366208
17364,0.001328,74.125.24.0-255,2543,65878,82,366208
17365,0.00133,172.31.47.0-255,66,65944,82,366208
17366,0.001353,74.125.24.0-255,1484,67428,82,366208
17367,0.001369,74.125.24.0-255,1484,68912,82,366208
17368,0.001371,172.31.47.0-255,66,68978,82,366208
17369,0.001374,74.125.24.0-255,2902,71880,82,366208
17370,0.001376,172.31.47.0-255,66,71946,82,366208
17371,0.001398,74.125.24.0-255,7156,79102,82,366208
17372,0.001403,172.31.47.0-255,66,79168,82,366208
17373,0.001432,74.125.24.0-255,9992,89160,82,366208
17374,0.001434,172.31.47.0-255,66,89226,82,366208
17375,0.001462,74.125.24.0-255,6797,96023,82,366208
17376,0.001464,172.31.47.0-255,66,96089,82,366208
17377,0.001492,74.125.24.0-255,4540,100629,82,366208
17378,0.001496,172.31.47.0-255,66,100695,82,366208
17379,0.001591,74.125.24.0-255,1484,102179,82,366208
17380,0.001608,74.125.24.0-255,2902,105081,82,366208
17381,0.001611,172.31.47.0-255,66,105147,82,366208
17382,0.001622,74.125.24.0-255,1484,106631,82,366208
17383,0.001647,74.125.24.0-255,2902,109533,82,366208
17384,0.001649,172.31.47.0-255,66,109599,82,366208
17385,0.001655,74.125.24.0-255,5738,115337,82,366208
17386,0.001656,172.31.47.0-255,66,115403,82,366208
17387,0.001691,74.125.24.0-255,9992,125395,82,366208
17388,0.001693,172.31.47.0-255,66,125461,82,366208
17389,0.001716,74.125.24.0-255,1484,126945,82,366208
17390,0.001761,74.125.24.0-255,2902,129847,82,366208
17391,0.001764,172.31.47.0-255,66,129913,82,366208
17392,0.001792,74.125.24.0-255,5020,134933,82,366208
17393,0.001795,172.31.47.0-255,66,134999,82,366208
17394,0.001916,74.125.24.0-255,1484,136483,82,366208
17395,0.001922,74.125.24.0-255,2902,139385,82,366208
17396,0.001925,172.31.47.0-255,66,139451,82,366208
17397,0.001951,74.125.24.0-255,5738,145189,82,366208
17398,0.001955,74.125.24.0-255,2902,148091,82,366208
17399,0.001964,172.31.47.0-255,66,148157,82,366208
17400,0.001967,172.31.47.0-255,66,148223,82,366208
17401,0.001984,74.125.24.0-255,9992,158215,82,366208
17402,0.001986,172.31.47.0-255,66,158281,82,366208
17403,0.001993,74.125.24.0-255,7156,165437,82,366208
17404,0.001995,172.31.47.0-255,66,165503,82,366208
17405,0.002016,74.125.24.0-255,1484,166987,82,366208
17406,0.002034,74.125.24.0-255,2184,169171,82,366208
17407,0.002037,172.31.47.0-255,66,169237,82,366208
17408,0.004021,74.125.24.0-255,1484,170721,82,366208
17409,0.004059,74.125.24.0-255,4320,175041,82,366208
17410,0.004063,172.31.47.0-255,66,175107,82,366208
17411,0.006118,74.125.24.0-255,5738,180845,82,366208
17412,0.006127,172.31.47.0-255,66,180911,82,366208
17413,0.008184,74.125.24.0-255,5738,186649,82,366208
17414,0.008193,172.31.47.0-255,66,186715,82,366208
17415,0.010223,74.125.24.0-255,5738,192453,82,366208
17416,0.010232,172.31.47.0-255,66,192519,82,366208
17417,0.012266,74.125.24.0-255,5738,198257,82,366208
17418,0.012277,172.31.47.0-255,66,198323,82,366208
17419,0.014325,74.125.24.0-255,5738,204061,82,366208
17420,0.014335,172.31.47.0-255,66,204127,82,366208
17421,0.016398,74.125.24.0-255,5738,209865,82,366208
17422,0.016409,172.31.47.0-255,66,209931,82,366208
17423,0.018444,74.125.24.0-255,5738,215669,82,366208
17424,0.018453,172.31.47.0-255,66,215735,82,366208
17425,0.020488,74.125.24.0-255,5738,221473,82,366208
17426,0.020496,172.31.47.0-255,66,221539,82,366208
17427,0.021205,172.31.47.0-255,172,221711,82,366208
17428,0.021244,172.31.47.0-255,1106,222817,82,366208
17429,0.021316,172.31.47.0-255,1514,224331,82,366208
17430,0.021318,172.31.47.0-255,1293,225624,82,366208
17431,0.02255,74.125.24.0-255,5738,231362,82,366208
17432,0.022555,172.31.47.0-255,66,231428,82,366208
17433,0.022777,104.244.42.0-255,66,231494,82,366208
17434,0.022839,104.244.42.0-255,66,231560,82,366208
17435,0.022883,104.244.42.0-255,66,231626,82,366208
17436,0.024612,74.125.24.0-255,5738,237364,82,366208
17437,0.024617,172.31.47.0-255,66,237430,82,366208
17438,0.026662,74.125.24.0-255,2902,240332,82,366208
17439,0.026666,172.31.47.0-255,66,240398,82,366208
17440,0.026696,74.125.24.0-255,2902,243300,82,366208
17441,0.026699,172.31.47.0-255,66,243366,82,366208
17442,0.028694,74.125.24.0-255,2902,246268,82,366208
17443,0.028699,172.31.47.0-255,66,246334,82,366208
17444,0.028771,74.125.24.0-255,2902,249236,82,366208
17445,0.028775,172.31.47.0-255,66,249302,82,366208
17446,0.030745,74.125.24.0-255,2902,252204,82,366208
17447,0.030752,172.31.47.0-255,66,252270,82,366208
17448,0.030818,74.125.24.0-255,2902,255172,82,366208
17449,0.030822,172.31.47.0-255,66,255238,82,366208
17450,0.032815,74.125.24.0-255,2902,258140,82,366208
17451,0.032836,172.31.47.0-255,66,258206,82,366208
17452,0.032884,74.125.24.0-255,2902,261108,82,366208
17453,0.032888,172.31.47.0-255,66,261174,82,366208
17454,0.034866,74.125.24.0-255,2902,264076,82,366208
17455,0.034878,172.31.47.0-255,66,264142,82,366208
17456,0.034938,74.125.24.0-255,2902,267044,82,366208
17457,0.034942,172.31.47.0-255,66,267110,82,366208
17458,0.036917,74.125.24.0-255,2902,270012,82,366208
17459,0.036931,172.31.47.0-255,66,270078,82,366208
17460,0.036981,74.125.24.0-255,2902,272980,82,366208
17461,0.036984,172.31.47.0-255,66,273046,82,366208
17462,0.03897,74.125.24.0-255,2902,275948,82,366208
17463,0.038978,172.31.47.0-255,66,276014,82,366208
17464,0.03903,74.125.24.0-255,2902,278916,82,366208
17465,0.039034,172.31.47.0-255,66,278982,82,366208
17466,0.040988,74.125.24.0-255,2902,281884,82,366208
17467,0.040993,172.31.47.0-255,66,281950,82,366208
17468,0.041052,74.125.24.0-255,2902,284852,82,366208
17469,0.041055,172.31.47.0-255,66,284918,82,366208
17470,0.043003,74.125.24.0-255,2902,287820,82,366208
17471,0.04302,172.31.47.0-255,66,287886,82,366208
17472,0.043086,74.125.24.0-255,2902,290788,82,366208
17473,0.04309,172.31.47.0-255,66,290854,82,366208
17474,0.045038,74.125.24.0-255,2902,293756,82,366208
17475,0.045044,172.31.47.0-255,66,293822,82,366208
17476,0.045103,74.125.24.0-255,2902,296724,82,366208
17477,0.045108,172.31.47.0-255,66,296790,82,366208
17478,0.047084,74.125.24.0-255,2902,299692,82,366208
17479,0.047088,172.31.47.0-255,66,299758,82,366208
17480,0.047117,74.125.24.0-255,1484,301242,82,366208
17481,0.047128,74.125.24.0-255,1484,302726,82,366208
17482,0.047131,172.31.47.0-255,66,302792,82,366208
17483,0.049141,74.125.24.0-255,4320,307112,82,366208
17484,0.049145,172.31.47.0-255,66,307178,82,366208
17485,0.049174,74.125.24.0-255,1484,308662,82,366208
17486,0.051192,74.125.24.0-255,4320,312982,82,366208
17487,0.051196,172.31.47.0-255,66,313048,82,366208
17488,0.053228,74.125.24.0-255,2902,315950,82,366208
17489,0.053233,172.31.47.0-255,66,316016,82,366208
17490,0.053261,74.125.24.0-255,2902,318918,82,366208
17491,0.053263,172.31.47.0-255,66,318984,82,366208
17492,0.055271,74.125.24.0-255,2902,321886,82,366208
17493,0.055276,172.31.47.0-255,66,321952,82,366208
17494,0.055306,74.125.24.0-255,2902,324854,82,366208
17495,0.05531,172.31.47.0-255,66,324920,82,366208
17496,0.057293,74.125.24.0-255,2902,327822,82,366208
17497,0.057298,172.31.47.0-255,66,327888,82,366208
17498,0.057347,74.125.24.0-255,2902,330790,82,366208
17499,0.057351,172.31.47.0-255,66,330856,82,366208
17500,0.059319,74.125.24.0-255,2902,333758,82,366208
17501,0.059324,172.31.47.0-255,66,333824,82,366208
17502,0.059356,74.125.24.0-255,2902,336726,82,366208
17503,0.059358,172.31.47.0-255,66,336792,82,366208
17504,0.06136,74.125.24.0-255,2902,339694,82,366208
17505,0.061366,172.31.47.0-255,66,339760,82,366208
17506,0.061397,74.125.24.0-255,2902,342662,82,366208
17507,0.061399,172.31.47.0-255,66,342728,82,366208
17508,0.06342,74.125.24.0-255,5738,348466,82,366208
17509,0.063425,172.31.47.0-255,66,348532,82,366208
17510,0.065461,74.125.24.0-255,5738,354270,82,366208
17511,0.065466,172.31.47.0-255,66,354336,82,366208
17512,0.067498,74.125.24.0-255,2902,357238,82,366208
17513,0.067503,172.31.47.0-255,66,357304,82,366208
17514,0.067532,74.125.24.0-255,2902,360206,82,366208
17515,0.067534,172.31.47.0-255,66,360272,82,366208
17516,0.069545,74.125.24.0-255,2902,363174,82,366208
17517,0.069551,172.31.47.0-255,66,363240,82,366208
17518,0.06958,74.125.24.0-255,2902,366142,82,366208
17519,0.069583,172.31.47.0-255,66,366208,82,366208
17520,0.0,74.125.24.0-255,153,153,82,268599
17521,2.1e-05,172.31.47.0-255,66,219,82,268599
17522,2.8e-05,74.125.24.0-255,1484,1703,82,268599
17523,3.2e-05,172.31.47.0-255,66,1769,82,268599
17524,3.8e-05,74.125.24.0-255,2902,4671,82,268599
17525,4.9e-05,172.31.47.0-255,66,4737,82,268599
17526,5.6e-05,74.125.24.0-255,5738,10475,82,268599
17527,5.9e-05,172.31.47.0-255,66,10541,82,268599
17528,0.000101,172.31.47.0-255,66,10607,82,268599
17529,0.000155,74.125.24.0-255,6797,17404,82,268599
17530,0.000158,172.31.47.0-255,66,17470,82,268599
17531,0.000162,74.125.24.0-255,2902,20372,82,268599
17532,0.000164,172.31.47.0-255,66,20438,82,268599
17533,0.000193,74.125.24.0-255,4320,24758,82,268599
17534,0.000195,172.31.47.0-255,66,24824,82,268599
17535,0.000202,74.125.24.0-255,7156,31980,82,268599
17536,0.000204,172.31.47.0-255,66,32046,82,268599
17537,0.000236,74.125.24.0-255,2543,34589,82,268599
17538,0.000238,172.31.47.0-255,66,34655,82,268599
17539,0.000247,74.125.24.0-255,9992,44647,82,268599
17540,0.000248,172.31.47.0-255,66,44713,82,268599
17541,0.000257,74.125.24.0-255,5738,50451,82,268599
17542,0.000259,172.31.47.0-255,66,50517,82,268599
17543,0.000262,74.125.24.0-255,1125,51642,82,268599
17544,0.000264,172.31.47.0-255,66,51708,82,268599
17545,0.001584,74.125.24.0-255,646,52354,82,268599
17546,0.00159,172.31.47.0-255,66,52420,82,268599
17547,0.001596,74.125.24.0-255,1484,53904,82,268599
17548,0.001598,172.31.47.0-255,66,53970,82,268599
17549,0.001603,74.125.24.0-255,2902,56872,82,268599
17550,0.00161,172.31.47.0-255,66,56938,82,268599
17551,0.001616,74.125.24.0-255,5738,62676,82,268599
17552,0.001618,172.31.47.0-255,66,62742,82,268599
17553,0.001621,74.125.24.0-255,1484,64226,82,268599
17554,0.001658,172.31.47.0-255,66,64292,82,268599
17555,0.001667,74.125.24.0-255,10692,74984,82,268599
17556,0.001668,172.31.47.0-255,66,75050,82,268599
17557,0.003733,74.125.24.0-255,5738,80788,82,268599
17558,0.003736,172.31.47.0-255,66,80854,82,268599
17559,0.005795,74.125.24.0-255,5738,86592,82,268599
17560,0.005801,172.31.47.0-255,66,86658,82,268599
17561,0.007832,74.125.24.0-255,5738,92396,82,268599
17562,0.007839,172.31.47.0-255,66,92462,82,268599
17563,0.009902,74.125.24.0-255,5738,98200,82,268599
17564,0.00991,172.31.47.0-255,66,98266,82,268599
17565,0.011945,74.125.24.0-255,5738,104004,82,268599
17566,0.011953,172.31.47.0-255,66,104070,82,268599
17567,0.01402,74.125.24.0-255,5738,109808,82,268599
17568,0.014029,172.31.47.0-255,66,109874,82,268599
17569,0.016105,74.125.24.0-255,5738,115612,82,268599
17570,0.016111,172.31.47.0-255,66,115678,82,268599
17571,0.018167,74.125.24.0-255,5738,121416,82,268599
17572,0.018174,172.31.47.0-255,66,121482,82,268599
17573,0.020219,74.125.24.0-255,5738,127220,82,268599
17574,0.020226,172.31.47.0-255,66,127286,82,268599
17575,0.022264,74.125.24.0-255,5738,133024,82,268599
17576,0.022271,172.31.47.0-255,66,133090,82,268599
17577,0.024367,74.125.24.0-255,5738,138828,82,268599
17578,0.024374,172.31.47.0-255,66,138894,82,268599
17579,0.026414,74.125.24.0-255,5738,144632,82,268599
17580,0.026421,172.31.47.0-255,66,144698,82,268599
17581,0.027107,172.31.47.0-255,172,144870,82,268599
17582,0.027139,172.31.47.0-255,1103,145973,82,268599
17583,0.027195,172.31.47.0-255,1514,147487,82,268599
17584,0.027197,172.31.47.0-255,1296,148783,82,268599
17585,0.028436,74.125.24.0-255,5738,154521,82,268599
17586,0.028442,172.31.47.0-255,66,154587,82,268599
17587,0.028642,104.244.42.0-255,66,154653,82,268599
17588,0.028691,104.244.42.0-255,66,154719,82,268599
17589,0.028746,104.244.42.0-255,66,154785,82,268599
17590,0.029948,104.244.42.0-255,108,154893,82,268599
17591,0.029954,172.31.47.0-255,66,154959,82,268599
17592,0.030461,74.125.24.0-255,5738,160697,82,268599
17593,0.030466,172.31.47.0-255,66,160763,82,268599
17594,0.03251,74.125.24.0-255,5738,166501,82,268599
17595,0.032515,172.31.47.0-255,66,166567,82,268599
17596,0.034584,74.125.24.0-255,5738,172305,82,268599
17597,0.034592,172.31.47.0-255,66,172371,82,268599
17598,0.036669,74.125.24.0-255,5738,178109,82,268599
17599,0.036675,172.31.47.0-255,66,178175,82,268599
17600,0.038784,74.125.24.0-255,5738,183913,82,268599
17601,0.038791,172.31.47.0-255,66,183979,82,268599
17602,0.040807,74.125.24.0-255,4320,188299,82,268599
17603,0.040813,172.31.47.0-255,66,188365,82,268599
17604,0.04083,74.125.24.0-255,1484,189849,82,268599
17605,0.042845,74.125.24.0-255,4320,194169,82,268599
17606,0.04285,172.31.47.0-255,66,194235,82,268599
17607,0.044884,74.125.24.0-255,5738,199973,82,268599
17608,0.04489,172.31.47.0-255,66,200039,82,268599
17609,0.046958,74.125.24.0-255,2902,202941,82,268599
17610,0.046962,172.31.47.0-255,66,203007,82,268599
17611,0.046989,74.125.24.0-255,2902,205909,82,268599
17612,0.046992,172.31.47.0-255,66,205975,82,268599
17613,0.049002,74.125.24.0-255,2902,208877,82,268599
17614,0.049009,172.31.47.0-255,66,208943,82,268599
17615,0.049035,74.125.24.0-255,2902,211845,82,268599
17616,0.049038,172.31.47.0-255,66,211911,82,268599
17617,0.051071,74.125.24.0-255,5738,217649,82,268599
17618,0.051079,172.31.47.0-255,66,217715,82,268599
17619,0.053116,74.125.24.0-255,5738,223453,82,268599
17620,0.053122,172.31.47.0-255,66,223519,82,268599
17621,0.055239,74.125.24.0-255,4320,227839,82,268599
17622,0.055245,172.31.47.0-255,66,227905,82,268599
17623,0.055269,74.125.24.0-255,1484,229389,82,268599
17624,0.057319,74.125.24.0-255,4320,233709,82,268599
17625,0.057333,172.31.47.0-255,66,233775,82,268599
17626,0.059413,74.125.24.0-255,5738,239513,82,268599
17627,0.059429,172.31.47.0-255,66,239579,82,268599
17628,0.061468,74.125.24.0-255,5738,245317,82,268599
17629,0.061478,172.31.47.0-255,66,245383,82,268599
17630,0.063554,74.125.24.0-255,5738,251121,82,268599
17631,0.06357,172.31.47.0-255,66,251187,82,268599
17632,0.065628,74.125.24.0-255,5738,256925,82,268599
17633,0.065635,172.31.47.0-255,66,256991,82,268599
17634,0.067665,74.125.24.0-255,5738,262729,82,268599
17635,0.067673,172.31.47.0-255,66,262795,82,268599
17636,0.069721,74.125.24.0-255,5738,268533,82,268599
17637,0.069751,172.31.47.0-255,66,268599,82,268599
17638,0.0,172.217.194.0-255,153,153,82,307386
17639,2.1e-05,172.31.47.0-255,66,219,82,307386
17640,2.8e-05,172.217.194.0-255,1484,1703,82,307386
17641,3.2e-05,172.31.47.0-255,66,1769,82,307386
17642,3.7e-05,172.217.194.0-255,2902,4671,82,307386
17643,4.6e-05,172.31.47.0-255,66,4737,82,307386
17644,5.3e-05,172.217.194.0-255,7156,11893,82,307386
17645,5.5e-05,172.31.47.0-255,66,11959,82,307386
17646,9.3e-05,172.217.194.0-255,2139,14098,82,307386
17647,9.5e-05,172.31.47.0-255,66,14164,82,307386
17648,9.9e-05,172.217.194.0-255,2902,17066,82,307386
17649,0.000101,172.31.47.0-255,66,17132,82,307386
17650,0.000105,172.217.194.0-255,1484,18616,82,307386
17651,0.000106,172.31.47.0-255,66,18682,82,307386
17652,0.00014,172.217.194.0-255,5738,24420,82,307386
17653,0.000142,172.31.47.0-255,66,24486,82,307386
17654,0.000168,172.217.194.0-255,6797,31283,82,307386
17655,0.000171,172.31.47.0-255,66,31349,82,307386
17656,0.000209,172.217.194.0-255,1484,32833,82,307386
17657,0.000211,172.31.47.0-255,66,32899,82,307386
17658,0.000214,172.217.194.0-255,1484,34383,82,307386
17659,0.000216,172.31.47.0-255,66,34449,82,307386
17660,0.000234,172.217.194.0-255,1484,35933,82,307386
17661,0.000236,172.31.47.0-255,66,35999,82,307386
17662,0.000245,172.217.194.0-255,5738,41737,82,307386
17663,0.000248,172.31.47.0-255,66,41803,82,307386
17664,0.000296,172.217.194.0-255,5738,47541,82,307386
17665,0.000299,172.31.47.0-255,66,47607,82,307386
17666,0.000328,172.217.194.0-255,1125,48732,82,307386
17667,0.00033,172.31.47.0-255,66,48798,82,307386
17668,0.000338,172.217.194.0-255,7156,55954,82,307386
17669,0.00034,172.31.47.0-255,66,56020,82,307386
17670,0.000347,172.217.194.0-255,2902,58922,82,307386
17671,0.000349,172.31.47.0-255,66,58988,82,307386
17672,0.000371,172.217.194.0-255,7109,66097,82,307386
17673,0.000377,172.31.47.0-255,66,66163,82,307386
17674,0.00038,172.217.194.0-255,367,66530,82,307386
17675,0.000446,172.217.194.0-255,1484,68014,82,307386
17676,0.000449,172.31.47.0-255,66,68080,82,307386
17677,0.000453,172.217.194.0-255,2902,70982,82,307386
17678,0.000455,172.31.47.0-255,66,71048,82,307386
17679,0.000492,172.217.194.0-255,1484,72532,82,307386
17680,0.000521,172.217.194.0-255,4320,76852,82,307386
17681,0.000524,172.31.47.0-255,66,76918,82,307386
17682,0.000531,172.217.194.0-255,6797,83715,82,307386
17683,0.000533,172.31.47.0-255,66,83781,82,307386
17684,0.000658,172.217.194.0-255,1484,85265,82,307386
17685,0.000677,172.217.194.0-255,2902,88167,82,307386
17686,0.000681,172.31.47.0-255,66,88233,82,307386
17687,0.000688,172.217.194.0-255,5738,93971,82,307386
17688,0.00069,172.31.47.0-255,66,94037,82,307386
17689,0.000693,172.217.194.0-255,1484,95521,82,307386
17690,0.00072,172.217.194.0-255,1484,97005,82,307386
17691,0.000722,172.31.47.0-255,66,97071,82,307386
17692,0.000732,172.217.194.0-255,9992,107063,82,307386
17693,0.000739,172.31.47.0-255,66,107129,82,307386
17694,0.000778,172.217.194.0-255,10692,117821,82,307386
17695,0.000781,172.31.47.0-255,66,117887,82,307386
17696,0.000863,172.217.194.0-255,1484,119371,82,307386
17697,0.000869,172.217.194.0-255,2902,122273,82,307386
17698,0.000871,172.31.47.0-255,66,122339,82,307386
17699,0.0009,172.217.194.0-255,5738,128077,82,307386
17700,0.000903,172.31.47.0-255,66,128143,82,307386
17701,0.00091,172.217.194.0-255,7156,135299,82,307386
17702,0.000912,172.31.47.0-255,66,135365,82,307386
17703,0.000925,172.217.194.0-255,7156,142521,82,307386
17704,0.000927,172.31.47.0-255,66,142587,82,307386
17705,0.000962,172.217.194.0-255,7156,149743,82,307386
17706,0.000965,172.31.47.0-255,66,149809,82,307386
17707,0.00097,172.217.194.0-255,2184,151993,82,307386
17708,0.000971,172.31.47.0-255,66,152059,82,307386
17709,0.00098,172.217.194.0-255,2902,154961,82,307386
17710,0.000983,172.31.47.0-255,66,155027,82,307386
17711,0.000989,172.217.194.0-255,5738,160765,82,307386
17712,0.000992,172.31.47.0-255,66,160831,82,307386
17713,0.001022,172.217.194.0-255,1484,162315,82,307386
17714,0.00103,172.217.194.0-255,7156,169471,82,307386
17715,0.001033,172.31.47.0-255,66,169537,82,307386
17716,0.001053,172.31.47.0-255,66,169603,82,307386
17717,0.001056,172.217.194.0-255,766,170369,82,307386
17718,0.001124,172.217.194.0-255,1484,171853,82,307386
17719,0.001128,172.31.47.0-255,66,171919,82,307386
17720,0.001133,172.217.194.0-255,2902,174821,82,307386
17721,0.001135,172.31.47.0-255,66,174887,82,307386
17722,0.001166,172.217.194.0-255,5738,180625,82,307386
17723,0.001169,172.31.47.0-255,66,180691,82,307386
17724,0.001176,172.217.194.0-255,7156,187847,82,307386
17725,0.001178,172.31.47.0-255,66,187913,82,307386
17726,0.001189,172.217.194.0-255,5738,193651,82,307386
17727,0.001192,172.31.47.0-255,66,193717,82,307386
17728,0.001229,172.217.194.0-255,8574,202291,82,307386
17729,0.001232,172.31.47.0-255,66,202357,82,307386
17730,0.001236,172.217.194.0-255,2184,204541,82,307386
17731,0.001239,172.31.47.0-255,66,204607,82,307386
17732,0.001303,172.217.194.0-255,2902,207509,82,307386
17733,0.001343,172.31.47.0-255,66,207575,82,307386
17734,0.001346,172.31.47.0-255,66,207641,82,307386
17735,0.001349,172.31.47.0-255,66,207707,82,307386
17736,0.001397,172.217.194.0-255,4320,212027,82,307386
17737,0.0014,172.31.47.0-255,66,212093,82,307386
17738,0.001433,172.217.194.0-255,2902,214995,82,307386
17739,0.001449,172.31.47.0-255,66,215061,82,307386
17740,0.001458,172.217.194.0-255,8574,223635,82,307386
17741,0.001461,172.31.47.0-255,66,223701,82,307386
17742,0.001481,172.31.47.0-255,66,223767,82,307386
17743,0.001484,172.217.194.0-255,766,224533,82,307386
17744,0.001517,172.217.194.0-255,6438,230971,82,307386
17745,0.001541,172.31.47.0-255,66,231037,82,307386
17746,0.001566,172.217.194.0-255,1484,232521,82,307386
17747,0.001571,172.217.194.0-255,2902,235423,82,307386
17748,0.001585,172.31.47.0-255,66,235489,82,307386
17749,0.001603,172.217.194.0-255,5738,241227,82,307386
17750,0.001614,172.217.194.0-255,9992,251219,82,307386
17751,0.001632,172.217.194.0-255,2902,254121,82,307386
17752,0.001642,172.217.194.0-255,9992,264113,82,307386
17753,0.001645,172.217.194.0-255,766,264879,82,307386
17754,0.001661,172.31.47.0-255,66,264945,82,307386
17755,0.001701,172.217.194.0-255,1484,266429,82,307386
17756,0.001717,172.217.194.0-255,4320,270749,82,307386
17757,0.001736,172.217.194.0-255,7156,277905,82,307386
17758,0.001739,172.31.47.0-255,66,277971,82,307386
17759,0.001744,172.31.47.0-255,66,278037,82,307386
17760,0.001788,172.217.194.0-255,5020,283057,82,307386
17761,0.001809,172.31.47.0-255,66,283123,82,307386
17762,0.001834,172.217.194.0-255,1484,284607,82,307386
17763,0.001839,172.217.194.0-255,2902,287509,82,307386
17764,0.001841,172.217.194.0-255,1484,288993,82,307386
17765,0.001848,172.31.47.0-255,66,289059,82,307386
17766,0.001872,172.217.194.0-255,4320,293379,82,307386
17767,0.001879,172.217.194.0-255,5738,299117,82,307386
17768,0.001895,172.217.194.0-255,3643,302760,82,307386
17769,0.001912,172.217.194.0-255,105,302865,82,307386
17770,0.001919,172.31.47.0-255,66,302931,82,307386
17771,0.004482,172.31.47.0-255,105,303036,82,307386
17772,0.006712,172.217.194.0-255,66,303102,82,307386
17773,0.04336,172.31.47.0-255,172,303274,82,307386
17774,0.04339,172.31.47.0-255,1103,304377,82,307386
17775,0.043444,172.31.47.0-255,1514,305891,82,307386
17776,0.043446,172.31.47.0-255,1297,307188,82,307386
17777,0.044856,104.244.42.0-255,66,307254,82,307386
17778,0.045048,104.244.42.0-255,66,307320,82,307386
17779,0.045052,104.244.42.0-255,66,307386,82,307386
17780,0.0,172.31.47.0-255,105,105,82,105
17781,0.0,172.31.47.0-255,66,66,82,66
17782,0.0,172.31.47.0-255,105,105,82,276
17783,0.001764,157.240.13.0-255,105,210,82,276
17784,0.001774,172.31.47.0-255,66,276,82,276
17785,0.0,74.125.24.0-255,66,66,82,66
17786,0.0,172.217.194.0-255,152,152,82,365510
17787,2.5e-05,172.31.47.0-255,66,218,82,365510
17788,3.1e-05,172.217.194.0-255,1484,1702,82,365510
17789,3.5e-05,172.31.47.0-255,66,1768,82,365510
17790,4.1e-05,172.217.194.0-255,2902,4670,82,365510
17791,4.4e-05,172.31.47.0-255,66,4736,82,365510
17792,4.8e-05,172.217.194.0-255,4320,9056,82,365510
17793,5.1e-05,172.31.47.0-255,66,9122,82,365510
17794,7e-05,172.217.194.0-255,2902,12024,82,365510
17795,7.2e-05,172.31.47.0-255,66,12090,82,365510
17796,0.000114,172.217.194.0-255,2093,14183,82,365510
17797,0.000118,172.31.47.0-255,66,14249,82,365510
17798,0.000143,172.217.194.0-255,2902,17151,82,365510
17799,0.000146,172.31.47.0-255,66,17217,82,365510
17800,0.000167,172.217.194.0-255,7156,24373,82,365510
17801,0.00017,172.31.47.0-255,66,24439,82,365510
17802,0.000232,172.217.194.0-255,6797,31236,82,365510
17803,0.000235,172.31.47.0-255,66,31302,82,365510
17804,0.000288,172.217.194.0-255,4320,35622,82,365510
17805,0.000293,172.31.47.0-255,66,35688,82,365510
17806,0.000322,172.31.47.0-255,66,35754,82,365510
17807,0.000429,172.217.194.0-255,1484,37238,82,365510
17808,0.000433,172.31.47.0-255,66,37304,82,365510
17809,0.000455,172.217.194.0-255,5379,42683,82,365510
17810,0.000459,172.31.47.0-255,66,42749,82,365510
17811,0.000493,172.217.194.0-255,2902,45651,82,365510
17812,0.000496,172.31.47.0-255,66,45717,82,365510
17813,0.000513,172.217.194.0-255,8467,54184,82,365510
17814,0.000518,172.31.47.0-255,66,54250,82,365510
17815,0.000582,172.217.194.0-255,434,54684,82,365510
17816,0.000586,172.31.47.0-255,66,54750,82,365510
17817,0.000601,172.217.194.0-255,1484,56234,82,365510
17818,0.000618,172.217.194.0-255,4320,60554,82,365510
17819,0.000628,172.31.47.0-255,66,60620,82,365510
17820,0.000661,172.217.194.0-255,2902,63522,82,365510
17821,0.000667,172.31.47.0-255,66,63588,82,365510
17822,0.000683,172.217.194.0-255,7156,70744,82,365510
17823,0.000694,172.31.47.0-255,66,70810,82,365510
17824,0.000754,172.217.194.0-255,4320,75130,82,365510
17825,0.000759,172.31.47.0-255,66,75196,82,365510
17826,0.000767,172.217.194.0-255,7156,82352,82,365510
17827,0.000776,172.31.47.0-255,66,82418,82,365510
17828,0.00078,172.217.194.0-255,2902,85320,82,365510
17829,0.00079,172.31.47.0-255,66,85386,82,365510
17830,0.000884,172.217.194.0-255,3602,88988,82,365510
17831,0.000888,172.31.47.0-255,66,89054,82,365510
17832,0.000926,172.217.194.0-255,4320,93374,82,365510
17833,0.000933,172.31.47.0-255,66,93440,82,365510
17834,0.000963,172.217.194.0-255,7156,100596,82,365510
17835,0.000968,172.31.47.0-255,66,100662,82,365510
17836,0.000984,172.217.194.0-255,2902,103564,82,365510
17837,0.000997,172.31.47.0-255,66,103630,82,365510
17838,0.001077,172.217.194.0-255,4320,107950,82,365510
17839,0.001082,172.31.47.0-255,66,108016,82,365510
17840,0.001113,172.31.47.0-255,66,108082,82,365510
17841,0.001234,172.217.194.0-255,4320,112402,82,365510
17842,0.001242,172.31.47.0-255,66,112468,82,365510
17843,0.001253,172.217.194.0-255,8574,121042,82,365510
17844,0.001258,172.31.47.0-255,66,121108,82,365510
17845,0.001271,172.217.194.0-255,7156,128264,82,365510
17846,0.001291,172.31.47.0-255,66,128330,82,365510
17847,0.0014,172.217.194.0-255,5738,134068,82,365510
17848,0.001404,172.31.47.0-255,66,134134,82,365510
17849,0.001423,172.217.194.0-255,7856,141990,82,365510
17850,0.001429,172.31.47.0-255,66,142056,82,365510
17851,0.001524,172.217.194.0-255,4320,146376,82,365510
17852,0.001528,172.31.47.0-255,66,146442,82,365510
17853,0.001554,172.217.194.0-255,9992,156434,82,365510
17854,0.001564,172.31.47.0-255,66,156500,82,365510
17855,0.001658,172.217.194.0-255,2543,159043,82,365510
17856,0.001662,172.31.47.0-255,66,159109,82,365510
17857,0.001681,172.217.194.0-255,2902,162011,82,365510
17858,0.001687,172.31.47.0-255,66,162077,82,365510
17859,0.001695,172.217.194.0-255,5738,167815,82,365510
17860,0.001701,172.31.47.0-255,66,167881,82,365510
17861,0.001711,172.217.194.0-255,7156,175037,82,365510
17862,0.001723,172.31.47.0-255,66,175103,82,365510
17863,0.001727,172.217.194.0-255,2902,178005,82,365510
17864,0.001737,172.31.47.0-255,66,178071,82,365510
17865,0.00186,172.217.194.0-255,1484,179555,82,365510
17866,0.001874,172.217.194.0-255,4320,183875,82,365510
17867,0.001876,172.31.47.0-255,66,183941,82,365510
17868,0.001897,172.217.194.0-255,4320,188261,82,365510
17869,0.001909,172.31.47.0-255,66,188327,82,365510
17870,0.001913,172.217.194.0-255,5020,193347,82,365510
17871,0.001921,172.31.47.0-255,66,193413,82,365510
17872,0.001996,172.217.194.0-255,7156,200569,82,365510
17873,0.001999,172.31.47.0-255,66,200635,82,365510
17874,0.002023,172.217.194.0-255,8574,209209,82,365510
17875,0.002031,172.31.47.0-255,66,209275,82,365510
17876,0.002136,172.217.194.0-255,7156,216431,82,365510
17877,0.00214,172.31.47.0-255,66,216497,82,365510
17878,0.002162,172.217.194.0-255,10692,227189,82,365510
17879,0.002179,172.31.47.0-255,66,227255,82,365510
17880,0.002315,172.217.194.0-255,7156,234411,82,365510
17881,0.002319,172.31.47.0-255,66,234477,82,365510
17882,0.008436,172.31.47.0-255,66,234543,82,365510
17883,0.010504,172.217.194.0-255,5738,240281,82,365510
17884,0.010512,172.31.47.0-255,66,240347,82,365510
17885,0.012614,172.217.194.0-255,5738,246085,82,365510
17886,0.015791,172.31.47.0-255,66,246151,82,365510
17887,0.017915,172.217.194.0-255,5738,251889,82,365510
17888,0.017925,172.31.47.0-255,66,251955,82,365510
17889,0.020007,172.217.194.0-255,5738,257693,82,365510
17890,0.020012,172.31.47.0-255,66,257759,82,365510
17891,0.022128,172.217.194.0-255,5738,263497,82,365510
17892,0.022134,172.31.47.0-255,66,263563,82,365510
17893,0.023254,172.31.47.0-255,175,263738,82,365510
17894,0.023295,172.31.47.0-255,1136,264874,82,365510
17895,0.023367,172.31.47.0-255,1514,266388,82,365510
17896,0.023369,172.31.47.0-255,1514,267902,82,365510
17897,0.023398,172.31.47.0-255,301,268203,82,365510
17898,0.024222,172.217.194.0-255,5738,273941,82,365510
17899,0.024228,172.31.47.0-255,66,274007,82,365510
17900,0.024798,104.244.42.0-255,66,274073,82,365510
17901,0.024844,104.244.42.0-255,66,274139,82,365510
17902,0.024971,104.244.42.0-255,66,274205,82,365510
17903,0.024973,104.244.42.0-255,66,274271,82,365510
17904,0.026312,172.217.194.0-255,5738,280009,82,365510
17905,0.026316,172.31.47.0-255,66,280075,82,365510
17906,0.028401,172.217.194.0-255,5738,285813,82,365510
17907,0.028407,172.31.47.0-255,66,285879,82,365510
17908,0.03048,172.217.194.0-255,5738,291617,82,365510
17909,0.030485,172.31.47.0-255,66,291683,82,365510
17910,0.032531,172.217.194.0-255,5738,297421,82,365510
17911,0.032537,172.31.47.0-255,66,297487,82,365510
17912,0.034616,172.217.194.0-255,5738,303225,82,365510
17913,0.034622,172.31.47.0-255,66,303291,82,365510
17914,0.036674,172.217.194.0-255,5738,309029,82,365510
17915,0.036679,172.31.47.0-255,66,309095,82,365510
17916,0.038758,172.217.194.0-255,5738,314833,82,365510
17917,0.038762,172.31.47.0-255,66,314899,82,365510
17918,0.040817,172.217.194.0-255,1484,316383,82,365510
17919,0.040847,172.217.194.0-255,4320,320703,82,365510
17920,0.040851,172.31.47.0-255,66,320769,82,365510
17921,0.042909,172.217.194.0-255,4320,325089,82,365510
17922,0.042914,172.31.47.0-255,66,325155,82,365510
17923,0.042937,172.217.194.0-255,1484,326639,82,365510
17924,0.045005,172.217.194.0-255,1484,328123,82,365510
17925,0.04501,172.31.47.0-255,66,328189,82,365510
17926,0.045041,172.217.194.0-255,2902,331091,82,365510
17927,0.045066,172.31.47.0-255,66,331157,82,365510
17928,0.04708,172.217.194.0-255,2902,334059,82,365510
17929,0.047085,172.31.47.0-255,66,334125,82,365510
17930,0.047156,172.217.194.0-255,2902,337027,82,365510
17931,0.047166,172.31.47.0-255,66,337093,82,365510
17932,0.049121,172.217.194.0-255,1484,338577,82,365510
17933,0.049148,172.217.194.0-255,1484,340061,82,365510
17934,0.049152,172.31.47.0-255,66,340127,82,365510
17935,0.049237,172.217.194.0-255,2902,343029,82,365510
17936,0.049242,172.31.47.0-255,66,343095,82,365510
17937,0.05123,172.217.194.0-255,2902,345997,82,365510
17938,0.051234,172.31.47.0-255,66,346063,82,365510
17939,0.05133,172.217.194.0-255,2902,348965,82,365510
17940,0.051334,172.31.47.0-255,66,349031,82,365510
17941,0.053292,172.217.194.0-255,2902,351933,82,365510
17942,0.053297,172.31.47.0-255,66,351999,82,365510
17943,0.053394,172.217.194.0-255,2902,354901,82,365510
17944,0.053398,172.31.47.0-255,66,354967,82,365510
17945,0.055391,172.217.194.0-255,2902,357869,82,365510
17946,0.055396,172.31.47.0-255,66,357935,82,365510
17947,0.055444,172.217.194.0-255,2902,360837,82,365510
17948,0.055453,172.31.47.0-255,66,360903,82,365510
17949,0.057483,172.217.194.0-255,2902,363805,82,365510
17950,0.057487,172.31.47.0-255,66,363871,82,365510
17951,0.05752,172.217.194.0-255,1402,365273,82,365510
17952,0.057636,172.31.47.0-255,66,365339,82,365510
17953,0.057658,172.31.47.0-255,105,365444,82,365510
17954,0.059692,172.217.194.0-255,66,365510,82,365510
17955,0.0,74.125.68.0-255,153,153,82,406817
17956,3.6e-05,172.31.47.0-255,66,219,82,406817
17957,4.3e-05,74.125.68.0-255,1484,1703,82,406817
17958,4.6e-05,172.31.47.0-255,66,1769,82,406817
17959,5.1e-05,74.125.68.0-255,2902,4671,82,406817
17960,5.4e-05,172.31.47.0-255,66,4737,82,406817
17961,6e-05,74.125.68.0-255,4320,9057,82,406817
17962,6.2e-05,172.31.47.0-255,66,9123,82,406817
17963,6.7e-05,74.125.68.0-255,4816,13939,82,406817
17964,7e-05,172.31.47.0-255,66,14005,82,406817
17965,9.3e-05,74.125.68.0-255,2902,16907,82,406817
17966,9.5e-05,172.31.47.0-255,66,16973,82,406817
17967,0.000112,74.125.68.0-255,7156,24129,82,406817
17968,0.000115,172.31.47.0-255,66,24195,82,406817
17969,0.000138,74.125.68.0-255,1484,25679,82,406817
17970,0.000141,172.31.47.0-255,66,25745,82,406817
17971,0.000163,74.125.68.0-255,5379,31124,82,406817
17972,0.000168,172.31.47.0-255,66,31190,82,406817
17973,0.000203,74.125.68.0-255,1484,32674,82,406817
17974,0.000205,172.31.47.0-255,66,32740,82,406817
17975,0.00021,74.125.68.0-255,2902,35642,82,406817
17976,0.000211,172.31.47.0-255,66,35708,82,406817
17977,0.000224,74.125.68.0-255,2902,38610,82,406817
17978,0.000227,172.31.47.0-255,66,38676,82,406817
17979,0.000239,74.125.68.0-255,2902,41578,82,406817
17980,0.000242,172.31.47.0-255,66,41644,82,406817
17981,0.000246,74.125.68.0-255,2902,44546,82,406817
17982,0.000248,172.31.47.0-255,66,44612,82,406817
17983,0.000274,74.125.68.0-255,1484,46096,82,406817
17984,0.000277,172.31.47.0-255,66,46162,82,406817
17985,0.000283,74.125.68.0-255,5738,51900,82,406817
17986,0.000286,172.31.47.0-255,66,51966,82,406817
17987,0.000316,74.125.68.0-255,9992,61958,82,406817
17988,0.000319,172.31.47.0-255,66,62024,82,406817
17989,0.000348,74.125.68.0-255,3602,65626,82,406817
17990,0.000352,172.31.47.0-255,66,65692,82,406817
17991,0.000375,74.125.68.0-255,678,66370,82,406817
17992,0.000426,74.125.68.0-255,1484,67854,82,406817
17993,0.00043,172.31.47.0-255,66,67920,82,406817
17994,0.000452,74.125.68.0-255,1484,69404,82,406817
17995,0.000458,74.125.68.0-255,2902,72306,82,406817
17996,0.000464,172.31.47.0-255,66,72372,82,406817
17997,0.000471,74.125.68.0-255,4320,76692,82,406817
17998,0.000473,172.31.47.0-255,66,76758,82,406817
17999,0.000486,74.125.68.0-255,1484,78242,82,406817
18000,0.000502,74.125.68.0-255,7156,85398,82,406817
18001,0.000505,172.31.47.0-255,66,85464,82,406817
18002,0.000524,74.125.68.0-255,4320,89784,82,406817
18003,0.000527,172.31.47.0-255,66,89850,82,406817
18004,0.00054,74.125.68.0-255,2902,92752,82,406817
18005,0.000543,172.31.47.0-255,66,92818,82,406817
18006,0.000562,74.125.68.0-255,9274,102092,82,406817
18007,0.000565,172.31.47.0-255,66,102158,82,406817
18008,0.00057,74.125.68.0-255,2902,105060,82,406817
18009,0.000572,172.31.47.0-255,66,105126,82,406817
18010,0.000577,74.125.68.0-255,4320,109446,82,406817
18011,0.000579,172.31.47.0-255,66,109512,82,406817
18012,0.000602,74.125.68.0-255,1484,110996,82,406817
18013,0.000618,74.125.68.0-255,6233,117229,82,406817
18014,0.000622,172.31.47.0-255,66,117295,82,406817
18015,0.000796,74.125.68.0-255,1484,118779,82,406817
18016,0.0008,74.125.68.0-255,1484,120263,82,406817
18017,0.000803,172.31.47.0-255,66,120329,82,406817
18018,0.000819,74.125.68.0-255,2902,123231,82,406817
18019,0.000821,172.31.47.0-255,66,123297,82,406817
18020,0.000824,74.125.68.0-255,1484,124781,82,406817
18021,0.000846,74.125.68.0-255,4320,129101,82,406817
18022,0.000849,172.31.47.0-255,66,129167,82,406817
18023,0.000906,172.31.47.0-255,66,129233,82,406817
18024,0.000923,74.125.68.0-255,5738,134971,82,406817
18025,0.000926,172.31.47.0-255,66,135037,82,406817
18026,0.000941,74.125.68.0-255,5020,140057,82,406817
18027,0.000944,172.31.47.0-255,66,140123,82,406817
18028,0.001086,74.125.68.0-255,1484,141607,82,406817
18029,0.001099,74.125.68.0-255,2902,144509,82,406817
18030,0.001102,172.31.47.0-255,66,144575,82,406817
18031,0.001123,74.125.68.0-255,5738,150313,82,406817
18032,0.001126,172.31.47.0-255,66,150379,82,406817
18033,0.001143,74.125.68.0-255,1484,151863,82,406817
18034,0.001157,74.125.68.0-255,1484,153347,82,406817
18035,0.001161,172.31.47.0-255,66,153413,82,406817
18036,0.001167,74.125.68.0-255,1484,154897,82,406817
18037,0.001189,74.125.68.0-255,1484,156381,82,406817
18038,0.001192,172.31.47.0-255,66,156447,82,406817
18039,0.001196,74.125.68.0-255,2902,159349,82,406817
18040,0.001199,172.31.47.0-255,66,159415,82,406817
18041,0.001227,74.125.68.0-255,5738,165153,82,406817
18042,0.001231,172.31.47.0-255,66,165219,82,406817
18043,0.001235,74.125.68.0-255,2902,168121,82,406817
18044,0.001238,172.31.47.0-255,66,168187,82,406817
18045,0.001251,74.125.68.0-255,4320,172507,82,406817
18046,0.001254,172.31.47.0-255,66,172573,82,406817
18047,0.001299,74.125.68.0-255,2184,174757,82,406817
18048,0.001305,172.31.47.0-255,66,174823,82,406817
18049,0.001407,74.125.68.0-255,1484,176307,82,406817
18050,0.001424,74.125.68.0-255,2902,179209,82,406817
18051,0.001428,172.31.47.0-255,66,179275,82,406817
18052,0.001432,74.125.68.0-255,2902,182177,82,406817
18053,0.001434,172.31.47.0-255,66,182243,82,406817
18054,0.001446,74.125.68.0-255,1484,183727,82,406817
18055,0.001449,74.125.68.0-255,1484,185211,82,406817
18056,0.001451,172.31.47.0-255,66,185277,82,406817
18057,0.00147,74.125.68.0-255,4320,189597,82,406817
18058,0.001473,172.31.47.0-255,66,189663,82,406817
18059,0.001488,74.125.68.0-255,4320,193983,82,406817
18060,0.001491,172.31.47.0-255,66,194049,82,406817
18061,0.00151,74.125.68.0-255,7156,201205,82,406817
18062,0.001513,172.31.47.0-255,66,201271,82,406817
18063,0.001518,74.125.68.0-255,4320,205591,82,406817
18064,0.00152,172.31.47.0-255,66,205657,82,406817
18065,0.001551,74.125.68.0-255,3602,209259,82,406817
18066,0.001554,172.31.47.0-255,66,209325,82,406817
18067,0.00177,74.125.68.0-255,1484,210809,82,406817
18068,0.001791,74.125.68.0-255,2902,213711,82,406817
18069,0.001795,172.31.47.0-255,66,213777,82,406817
18070,0.001799,74.125.68.0-255,2902,216679,82,406817
18071,0.001801,172.31.47.0-255,66,216745,82,406817
18072,0.001805,74.125.68.0-255,2902,219647,82,406817
18073,0.001806,172.31.47.0-255,66,219713,82,406817
18074,0.001826,74.125.68.0-255,1484,221197,82,406817
18075,0.001832,74.125.68.0-255,5738,226935,82,406817
18076,0.001834,172.31.47.0-255,66,227001,82,406817
18077,0.001854,74.125.68.0-255,2902,229903,82,406817
18078,0.001857,172.31.47.0-255,66,229969,82,406817
18079,0.001863,74.125.68.0-255,5738,235707,82,406817
18080,0.001864,172.31.47.0-255,66,235773,82,406817
18081,0.00188,74.125.68.0-255,2902,238675,82,406817
18082,0.001882,172.31.47.0-255,66,238741,82,406817
18083,0.001917,74.125.68.0-255,4320,243061,82,406817
18084,0.00192,172.31.47.0-255,66,243127,82,406817
18085,0.001923,74.125.68.0-255,766,243893,82,406817
18086,0.002456,172.31.47.0-255,66,243959,82,406817
18087,0.003859,74.125.68.0-255,4320,248279,82,406817
18088,0.003864,172.31.47.0-255,66,248345,82,406817
18089,0.004396,74.125.68.0-255,1484,249829,82,406817
18090,0.005812,74.125.68.0-255,4320,254149,82,406817
18091,0.005816,172.31.47.0-255,66,254215,82,406817
18092,0.007772,74.125.68.0-255,5738,259953,82,406817
18093,0.007795,172.31.47.0-255,66,260019,82,406817
18094,0.009738,74.125.68.0-255,5738,265757,82,406817
18095,0.009745,172.31.47.0-255,66,265823,82,406817
18096,0.011689,74.125.68.0-255,5738,271561,82,406817
18097,0.011695,172.31.47.0-255,66,271627,82,406817
18098,0.01365,74.125.68.0-255,4320,275947,82,406817
18099,0.013655,172.31.47.0-255,66,276013,82,406817
18100,0.013684,74.125.68.0-255,1484,277497,82,406817
18101,0.015607,74.125.68.0-255,4320,281817,82,406817
18102,0.015612,172.31.47.0-255,66,281883,82,406817
18103,0.017566,74.125.68.0-255,5738,287621,82,406817
18104,0.017572,172.31.47.0-255,66,287687,82,406817
18105,0.01954,74.125.68.0-255,5738,293425,82,406817
18106,0.019549,172.31.47.0-255,66,293491,82,406817
18107,0.021505,74.125.68.0-255,5738,299229,82,406817
18108,0.021513,172.31.47.0-255,66,299295,82,406817
18109,0.023489,74.125.68.0-255,5738,305033,82,406817
18110,0.023496,172.31.47.0-255,66,305099,82,406817
18111,0.025438,172.31.47.0-255,172,305271,82,406817
18112,0.025439,74.125.68.0-255,4320,309591,82,406817
18113,0.025443,172.31.47.0-255,66,309657,82,406817
18114,0.02546,74.125.68.0-255,1484,311141,82,406817
18115,0.025466,172.31.47.0-255,1111,312252,82,406817
18116,0.0255,172.31.47.0-255,1514,313766,82,406817
18117,0.025501,172.31.47.0-255,1290,315056,82,406817
18118,0.02692,104.244.42.0-255,66,315122,82,406817
18119,0.026943,104.244.42.0-255,66,315188,82,406817
18120,0.026992,104.244.42.0-255,66,315254,82,406817
18121,0.027391,74.125.68.0-255,4320,319574,82,406817
18122,0.027397,172.31.47.0-255,66,319640,82,406817
18123,0.029336,74.125.68.0-255,5738,325378,82,406817
18124,0.029341,172.31.47.0-255,66,325444,82,406817
18125,0.031286,74.125.68.0-255,5738,331182,82,406817
18126,0.031291,172.31.47.0-255,66,331248,82,406817
18127,0.033224,74.125.68.0-255,5738,336986,82,406817
18128,0.033229,172.31.47.0-255,66,337052,82,406817
18129,0.035174,74.125.68.0-255,2902,339954,82,406817
18130,0.035179,172.31.47.0-255,66,340020,82,406817
18131,0.035204,74.125.68.0-255,2902,342922,82,406817
18132,0.035206,172.31.47.0-255,66,342988,82,406817
18133,0.037109,74.125.68.0-255,2902,345890,82,406817
18134,0.037113,172.31.47.0-255,66,345956,82,406817
18135,0.037144,74.125.68.0-255,2902,348858,82,406817
18136,0.037146,172.31.47.0-255,66,348924,82,406817
18137,0.039054,74.125.68.0-255,2902,351826,82,406817
18138,0.039058,172.31.47.0-255,66,351892,82,406817
18139,0.039084,74.125.68.0-255,2902,354794,82,406817
18140,0.039086,172.31.47.0-255,66,354860,82,406817
18141,0.041006,74.125.68.0-255,2902,357762,82,406817
18142,0.041012,172.31.47.0-255,66,357828,82,406817
18143,0.041041,74.125.68.0-255,2902,360730,82,406817
18144,0.041044,172.31.47.0-255,66,360796,82,406817
18145,0.042957,74.125.68.0-255,2902,363698,82,406817
18146,0.042961,172.31.47.0-255,66,363764,82,406817
18147,0.042986,74.125.68.0-255,2902,366666,82,406817
18148,0.042988,172.31.47.0-255,66,366732,82,406817
18149,0.044897,74.125.68.0-255,2902,369634,82,406817
18150,0.044901,172.31.47.0-255,66,369700,82,406817
18151,0.04493,74.125.68.0-255,2902,372602,82,406817
18152,0.044932,172.31.47.0-255,66,372668,82,406817
18153,0.046828,74.125.68.0-255,2902,375570,82,406817
18154,0.046833,172.31.47.0-255,66,375636,82,406817
18155,0.046861,74.125.68.0-255,2902,378538,82,406817
18156,0.046864,172.31.47.0-255,66,378604,82,406817
18157,0.048778,74.125.68.0-255,2902,381506,82,406817
18158,0.048783,172.31.47.0-255,66,381572,82,406817
18159,0.048816,74.125.68.0-255,2902,384474,82,406817
18160,0.048819,172.31.47.0-255,66,384540,82,406817
18161,0.050733,74.125.68.0-255,2902,387442,82,406817
18162,0.050741,172.31.47.0-255,66,387508,82,406817
18163,0.05077,74.125.68.0-255,2902,390410,82,406817
18164,0.050773,172.31.47.0-255,66,390476,82,406817
18165,0.052681,74.125.68.0-255,2902,393378,82,406817
18166,0.052687,172.31.47.0-255,66,393444,82,406817
18167,0.052706,74.125.68.0-255,2902,396346,82,406817
18168,0.052709,172.31.47.0-255,66,396412,82,406817
18169,0.054631,74.125.68.0-255,4320,400732,82,406817
18170,0.054637,172.31.47.0-255,66,400798,82,406817
18171,0.054653,74.125.68.0-255,1484,402282,82,406817
18172,0.056585,74.125.68.0-255,4298,406580,82,406817
18173,0.05659,172.31.47.0-255,66,406646,82,406817
18174,0.056754,172.31.47.0-255,105,406751,82,406817
18175,0.058673,74.125.68.0-255,66,406817,82,406817
18176,0.0,74.125.24.0-255,153,153,82,298844
18177,3.3e-05,172.31.47.0-255,66,219,82,298844
18178,4.1e-05,74.125.24.0-255,1484,1703,82,298844
18179,4.5e-05,172.31.47.0-255,66,1769,82,298844
18180,5e-05,74.125.24.0-255,2902,4671,82,298844
18181,6e-05,172.31.47.0-255,66,4737,82,298844
18182,6.7e-05,74.125.24.0-255,7156,11893,82,298844
18183,7e-05,172.31.47.0-255,66,11959,82,298844
18184,9.5e-05,74.125.24.0-255,2101,14060,82,298844
18185,0.000104,172.31.47.0-255,66,14126,82,298844
18186,0.00013,74.125.24.0-255,2902,17028,82,298844
18187,0.000132,172.31.47.0-255,66,17094,82,298844
18188,0.000135,74.125.24.0-255,1484,18578,82,298844
18189,0.000137,172.31.47.0-255,66,18644,82,298844
18190,0.000141,74.125.24.0-255,1484,20128,82,298844
18191,0.000143,172.31.47.0-255,66,20194,82,298844
18192,0.00017,74.125.24.0-255,4320,24514,82,298844
18193,0.000172,172.31.47.0-255,66,24580,82,298844
18194,0.000195,74.125.24.0-255,6797,31377,82,298844
18195,0.000198,172.31.47.0-255,66,31443,82,298844
18196,0.00024,74.125.24.0-255,1484,32927,82,298844
18197,0.000243,172.31.47.0-255,66,32993,82,298844
18198,0.000247,74.125.24.0-255,2902,35895,82,298844
18199,0.00025,172.31.47.0-255,66,35961,82,298844
18200,0.000268,74.125.24.0-255,5738,41699,82,298844
18201,0.000271,172.31.47.0-255,66,41765,82,298844
18202,0.000279,74.125.24.0-255,1484,43249,82,298844
18203,0.000281,172.31.47.0-255,66,43315,82,298844
18204,0.000308,74.125.24.0-255,5379,48694,82,298844
18205,0.000312,172.31.47.0-255,66,48760,82,298844
18206,0.000327,74.125.24.0-255,1484,50244,82,298844
18207,0.000335,172.31.47.0-255,66,50310,82,298844
18208,0.00034,74.125.24.0-255,2902,53212,82,298844
18209,0.000342,172.31.47.0-255,66,53278,82,298844
18210,0.000379,74.125.24.0-255,5738,59016,82,298844
18211,0.000383,172.31.47.0-255,66,59082,82,298844
18212,0.000388,74.125.24.0-255,2902,61984,82,298844
18213,0.00039,172.31.47.0-255,66,62050,82,298844
18214,0.000416,74.125.24.0-255,4258,66308,82,298844
18215,0.000418,172.31.47.0-255,66,66374,82,298844
18216,0.000961,74.125.24.0-255,379,66753,82,298844
18217,0.001064,74.125.24.0-255,1484,68237,82,298844
18218,0.001068,172.31.47.0-255,66,68303,82,298844
18219,0.001073,74.125.24.0-255,1484,69787,82,298844
18220,0.001094,74.125.24.0-255,1484,71271,82,298844
18221,0.001096,172.31.47.0-255,66,71337,82,298844
18222,0.001101,74.125.24.0-255,4320,75657,82,298844
18223,0.001103,172.31.47.0-255,66,75723,82,298844
18224,0.001131,74.125.24.0-255,1484,77207,82,298844
18225,0.001138,74.125.24.0-255,6797,84004,82,298844
18226,0.00114,172.31.47.0-255,66,84070,82,298844
18227,0.001183,74.125.24.0-255,1484,85554,82,298844
18228,0.001202,74.125.24.0-255,2902,88456,82,298844
18229,0.001205,172.31.47.0-255,66,88522,82,298844
18230,0.001232,74.125.24.0-255,5738,94260,82,298844
18231,0.001235,172.31.47.0-255,66,94326,82,298844
18232,0.001241,74.125.24.0-255,6797,101123,82,298844
18233,0.001242,172.31.47.0-255,66,101189,82,298844
18234,0.003285,74.125.24.0-255,5738,106927,82,298844
18235,0.00329,172.31.47.0-255,66,106993,82,298844
18236,0.00531,74.125.24.0-255,5738,112731,82,298844
18237,0.005316,172.31.47.0-255,66,112797,82,298844
18238,0.007331,74.125.24.0-255,5738,118535,82,298844
18239,0.007336,172.31.47.0-255,66,118601,82,298844
18240,0.00938,74.125.24.0-255,5738,124339,82,298844
18241,0.009393,172.31.47.0-255,66,124405,82,298844
18242,0.011484,74.125.24.0-255,5738,130143,82,298844
18243,0.011496,172.31.47.0-255,66,130209,82,298844
18244,0.013509,74.125.24.0-255,5738,135947,82,298844
18245,0.013519,172.31.47.0-255,66,136013,82,298844
18246,0.015544,74.125.24.0-255,5738,141751,82,298844
18247,0.015552,172.31.47.0-255,66,141817,82,298844
18248,0.017567,74.125.24.0-255,5738,147555,82,298844
18249,0.017574,172.31.47.0-255,66,147621,82,298844
18250,0.019578,74.125.24.0-255,5738,153359,82,298844
18251,0.019585,172.31.47.0-255,66,153425,82,298844
18252,0.02161,74.125.24.0-255,5738,159163,82,298844
18253,0.021617,172.31.47.0-255,66,159229,82,298844
18254,0.023241,172.31.47.0-255,172,159401,82,298844
18255,0.023271,172.31.47.0-255,1107,160508,82,298844
18256,0.023301,172.31.47.0-255,1514,162022,82,298844
18257,0.023303,172.31.47.0-255,1514,163536,82,298844
18258,0.023324,172.31.47.0-255,330,163866,82,298844
18259,0.023619,74.125.24.0-255,5738,169604,82,298844
18260,0.023625,172.31.47.0-255,66,169670,82,298844
18261,0.024764,104.244.42.0-255,66,169736,82,298844
18262,0.024823,104.244.42.0-255,66,169802,82,298844
18263,0.024879,104.244.42.0-255,66,169868,82,298844
18264,0.024882,104.244.42.0-255,66,169934,82,298844
18265,0.025643,74.125.24.0-255,2902,172836,82,298844
18266,0.025647,172.31.47.0-255,66,172902,82,298844
18267,0.025676,74.125.24.0-255,2902,175804,82,298844
18268,0.025679,172.31.47.0-255,66,175870,82,298844
18269,0.027658,74.125.24.0-255,2902,178772,82,298844
18270,0.027665,172.31.47.0-255,66,178838,82,298844
18271,0.027706,74.125.24.0-255,2902,181740,82,298844
18272,0.027709,172.31.47.0-255,66,181806,82,298844
18273,0.029643,74.125.24.0-255,2902,184708,82,298844
18274,0.029649,172.31.47.0-255,66,184774,82,298844
18275,0.029712,74.125.24.0-255,2902,187676,82,298844
18276,0.029716,172.31.47.0-255,66,187742,82,298844
18277,0.031638,74.125.24.0-255,2902,190644,82,298844
18278,0.031642,172.31.47.0-255,66,190710,82,298844
18279,0.031728,74.125.24.0-255,2902,193612,82,298844
18280,0.031732,172.31.47.0-255,66,193678,82,298844
18281,0.033657,74.125.24.0-255,2902,196580,82,298844
18282,0.033662,172.31.47.0-255,66,196646,82,298844
18283,0.033753,74.125.24.0-255,2902,199548,82,298844
18284,0.033757,172.31.47.0-255,66,199614,82,298844
18285,0.035673,74.125.24.0-255,2902,202516,82,298844
18286,0.035679,172.31.47.0-255,66,202582,82,298844
18287,0.035761,74.125.24.0-255,2902,205484,82,298844
18288,0.035766,172.31.47.0-255,66,205550,82,298844
18289,0.037685,74.125.24.0-255,2902,208452,82,298844
18290,0.037697,172.31.47.0-255,66,208518,82,298844
18291,0.037802,74.125.24.0-255,2902,211420,82,298844
18292,0.037805,172.31.47.0-255,66,211486,82,298844
18293,0.039718,74.125.24.0-255,2902,214388,82,298844
18294,0.039724,172.31.47.0-255,66,214454,82,298844
18295,0.039838,74.125.24.0-255,2902,217356,82,298844
18296,0.039841,172.31.47.0-255,66,217422,82,298844
18297,0.041738,74.125.24.0-255,2902,220324,82,298844
18298,0.041748,172.31.47.0-255,66,220390,82,298844
18299,0.04189,74.125.24.0-255,2902,223292,82,298844
18300,0.041894,172.31.47.0-255,66,223358,82,298844
18301,0.04376,74.125.24.0-255,2902,226260,82,298844
18302,0.043764,172.31.47.0-255,66,226326,82,298844
18303,0.043896,74.125.24.0-255,2902,229228,82,298844
18304,0.043901,172.31.47.0-255,66,229294,82,298844
18305,0.045805,74.125.24.0-255,2902,232196,82,298844
18306,0.045811,172.31.47.0-255,66,232262,82,298844
18307,0.045926,74.125.24.0-255,2902,235164,82,298844
18308,0.045931,172.31.47.0-255,66,235230,82,298844
18309,0.047838,74.125.24.0-255,2902,238132,82,298844
18310,0.047843,172.31.47.0-255,66,238198,82,298844
18311,0.047948,74.125.24.0-255,2902,241100,82,298844
18312,0.047952,172.31.47.0-255,66,241166,82,298844
18313,0.049825,74.125.24.0-255,1484,242650,82,298844
18314,0.049856,74.125.24.0-255,1484,244134,82,298844
18315,0.049861,172.31.47.0-255,66,244200,82,298844
18316,0.04995,74.125.24.0-255,2902,247102,82,298844
18317,0.049954,172.31.47.0-255,66,247168,82,298844
18318,0.051859,74.125.24.0-255,2902,250070,82,298844
18319,0.051864,172.31.47.0-255,66,250136,82,298844
18320,0.051924,74.125.24.0-255,2902,253038,82,298844
18321,0.051927,172.31.47.0-255,66,253104,82,298844
18322,0.053915,74.125.24.0-255,2902,256006,82,298844
18323,0.053924,172.31.47.0-255,66,256072,82,298844
18324,0.053953,74.125.24.0-255,2902,258974,82,298844
18325,0.053956,172.31.47.0-255,66,259040,82,298844
18326,0.055921,74.125.24.0-255,2902,261942,82,298844
18327,0.055929,172.31.47.0-255,66,262008,82,298844
18328,0.055971,74.125.24.0-255,2902,264910,82,298844
18329,0.055975,172.31.47.0-255,66,264976,82,298844
18330,0.05794,74.125.24.0-255,2902,267878,82,298844
18331,0.057947,172.31.47.0-255,66,267944,82,298844
18332,0.057985,74.125.24.0-255,2902,270846,82,298844
18333,0.057987,172.31.47.0-255,66,270912,82,298844
18334,0.059963,74.125.24.0-255,2902,273814,82,298844
18335,0.059969,172.31.47.0-255,66,273880,82,298844
18336,0.060014,74.125.24.0-255,2902,276782,82,298844
18337,0.060018,172.31.47.0-255,66,276848,82,298844
18338,0.061972,74.125.24.0-255,2902,279750,82,298844
18339,0.061977,172.31.47.0-255,66,279816,82,298844
18340,0.062011,74.125.24.0-255,2902,282718,82,298844
18341,0.062015,172.31.47.0-255,66,282784,82,298844
18342,0.064007,74.125.24.0-255,5738,288522,82,298844
18343,0.064012,172.31.47.0-255,66,288588,82,298844
18344,0.06601,74.125.24.0-255,4320,292908,82,298844
18345,0.066014,172.31.47.0-255,66,292974,82,298844
18346,0.06604,74.125.24.0-255,1484,294458,82,298844
18347,0.068049,74.125.24.0-255,4320,298778,82,298844
18348,0.068054,172.31.47.0-255,66,298844,82,298844
18349,0.0,172.217.27.0-255,153,153,82,407349
18350,2.4e-05,172.31.47.0-255,66,219,82,407349
18351,3e-05,172.217.27.0-255,1484,1703,82,407349
18352,3.3e-05,172.31.47.0-255,66,1769,82,407349
18353,3.8e-05,172.217.27.0-255,2902,4671,82,407349
18354,4e-05,172.31.47.0-255,66,4737,82,407349
18355,4.2e-05,172.217.27.0-255,1484,6221,82,407349
18356,4.5e-05,172.31.47.0-255,66,6287,82,407349
18357,6.7e-05,172.217.27.0-255,1484,7771,82,407349
18358,6.9e-05,172.31.47.0-255,66,7837,82,407349
18359,7.4e-05,172.217.27.0-255,4320,12157,82,407349
18360,7.6e-05,172.31.47.0-255,66,12223,82,407349
18361,0.000104,172.217.27.0-255,7156,19379,82,407349
18362,0.000107,172.31.47.0-255,66,19445,82,407349
18363,0.000123,172.217.27.0-255,2168,21613,82,407349
18364,0.000125,172.31.47.0-255,66,21679,82,407349
18365,0.000133,172.217.27.0-255,9633,31312,82,407349
18366,0.000136,172.31.47.0-255,66,31378,82,407349
18367,0.000197,172.217.27.0-255,1484,32862,82,407349
18368,0.0002,172.31.47.0-255,66,32928,82,407349
18369,0.000203,172.217.27.0-255,1484,34412,82,407349
18370,0.000204,172.31.47.0-255,66,34478,82,407349
18371,0.00022,172.217.27.0-255,1484,35962,82,407349
18372,0.000222,172.31.47.0-255,66,36028,82,407349
18373,0.000228,172.217.27.0-255,5738,41766,82,407349
18374,0.00023,172.31.47.0-255,66,41832,82,407349
18375,0.000259,172.217.27.0-255,2902,44734,82,407349
18376,0.000261,172.31.47.0-255,66,44800,82,407349
18377,0.000289,172.217.27.0-255,8215,53015,82,407349
18378,0.000292,172.31.47.0-255,66,53081,82,407349
18379,0.000297,172.217.27.0-255,7156,60237,82,407349
18380,0.000299,172.31.47.0-255,66,60303,82,407349
18381,0.000313,172.217.27.0-255,4320,64623,82,407349
18382,0.000316,172.31.47.0-255,66,64689,82,407349
18383,0.000318,172.217.27.0-255,1391,66080,82,407349
18384,0.000603,172.217.27.0-255,132,66212,82,407349
18385,0.000694,172.31.47.0-255,66,66278,82,407349
18386,0.000765,172.217.27.0-255,1484,67762,82,407349
18387,0.000772,172.217.27.0-255,2902,70664,82,407349
18388,0.000775,172.31.47.0-255,66,70730,82,407349
18389,0.000798,172.217.27.0-255,5738,76468,82,407349
18390,0.0008,172.31.47.0-255,66,76534,82,407349
18391,0.000806,172.217.27.0-255,6797,83331,82,407349
18392,0.000808,172.31.47.0-255,66,83397,82,407349
18393,0.00081,172.217.27.0-255,1484,84881,82,407349
18394,0.000832,172.217.27.0-255,5738,90619,82,407349
18395,0.000835,172.31.47.0-255,66,90685,82,407349
18396,0.000856,172.217.27.0-255,5738,96423,82,407349
18397,0.000859,172.31.47.0-255,66,96489,82,407349
18398,0.00088,172.217.27.0-255,3961,100450,82,407349
18399,0.000883,172.31.47.0-255,66,100516,82,407349
18400,0.001283,172.217.27.0-255,1484,102000,82,407349
18401,0.00129,172.217.27.0-255,2902,104902,82,407349
18402,0.001293,172.31.47.0-255,66,104968,82,407349
18403,0.001298,172.217.27.0-255,2902,107870,82,407349
18404,0.001299,172.31.47.0-255,66,107936,82,407349
18405,0.001314,172.217.27.0-255,2902,110838,82,407349
18406,0.001316,172.31.47.0-255,66,110904,82,407349
18407,0.001322,172.217.27.0-255,7156,118060,82,407349
18408,0.001323,172.31.47.0-255,66,118126,82,407349
18409,0.001348,172.217.27.0-255,1484,119610,82,407349
18410,0.001355,172.217.27.0-255,9992,129602,82,407349
18411,0.001357,172.31.47.0-255,66,129668,82,407349
18412,0.001365,172.217.27.0-255,1484,131152,82,407349
18413,0.001377,172.217.27.0-255,3602,134754,82,407349
18414,0.00138,172.31.47.0-255,66,134820,82,407349
18415,0.001473,172.217.27.0-255,1484,136304,82,407349
18416,0.001475,172.217.27.0-255,1484,137788,82,407349
18417,0.001477,172.31.47.0-255,66,137854,82,407349
18418,0.001491,172.217.27.0-255,1484,139338,82,407349
18419,0.001494,172.217.27.0-255,1484,140822,82,407349
18420,0.001496,172.31.47.0-255,66,140888,82,407349
18421,0.001522,172.217.27.0-255,4320,145208,82,407349
18422,0.001524,172.31.47.0-255,66,145274,82,407349
18423,0.00153,172.217.27.0-255,7156,152430,82,407349
18424,0.001532,172.31.47.0-255,66,152496,82,407349
18425,0.00154,172.217.27.0-255,8574,161070,82,407349
18426,0.001542,172.31.47.0-255,66,161136,82,407349
18427,0.001567,172.217.27.0-255,2902,164038,82,407349
18428,0.001569,172.31.47.0-255,66,164104,82,407349
18429,0.001586,172.217.27.0-255,5020,169124,82,407349
18430,0.001588,172.31.47.0-255,66,169190,82,407349
18431,0.003247,172.217.27.0-255,5738,174928,82,407349
18432,0.003259,172.31.47.0-255,66,174994,82,407349
18433,0.004921,172.217.27.0-255,5738,180732,82,407349
18434,0.004928,172.31.47.0-255,66,180798,82,407349
18435,0.006603,172.217.27.0-255,5738,186536,82,407349
18436,0.006608,172.31.47.0-255,66,186602,82,407349
18437,0.008267,172.217.27.0-255,5738,192340,82,407349
18438,0.008278,172.31.47.0-255,66,192406,82,407349
18439,0.009957,172.217.27.0-255,5738,198144,82,407349
18440,0.009966,172.31.47.0-255,66,198210,82,407349
18441,0.011665,172.217.27.0-255,5738,203948,82,407349
18442,0.011677,172.31.47.0-255,66,204014,82,407349
18443,0.013346,172.217.27.0-255,5738,209752,82,407349
18444,0.013357,172.31.47.0-255,66,209818,82,407349
18445,0.015035,172.217.27.0-255,5738,215556,82,407349
18446,0.015047,172.31.47.0-255,66,215622,82,407349
18447,0.016724,172.217.27.0-255,5738,221360,82,407349
18448,0.016735,172.31.47.0-255,66,221426,82,407349
18449,0.018401,172.217.27.0-255,5738,227164,82,407349
18450,0.018411,172.31.47.0-255,66,227230,82,407349
18451,0.02009,172.217.27.0-255,5738,232968,82,407349
18452,0.020102,172.31.47.0-255,66,233034,82,407349
18453,0.021778,172.217.27.0-255,5738,238772,82,407349
18454,0.021787,172.31.47.0-255,66,238838,82,407349
18455,0.023457,172.217.27.0-255,5738,244576,82,407349
18456,0.023465,172.31.47.0-255,66,244642,82,407349
18457,0.023672,172.31.47.0-255,172,244814,82,407349
18458,0.023722,172.31.47.0-255,1103,245917,82,407349
18459,0.023864,172.31.47.0-255,1514,247431,82,407349
18460,0.023866,172.31.47.0-255,1296,248727,82,407349
18461,0.02517,172.217.27.0-255,5738,254465,82,407349
18462,0.025177,172.31.47.0-255,66,254531,82,407349
18463,0.025206,104.244.42.0-255,66,254597,82,407349
18464,0.025376,104.244.42.0-255,66,254663,82,407349
18465,0.025416,104.244.42.0-255,66,254729,82,407349
18466,0.026854,172.217.27.0-255,5738,260467,82,407349
18467,0.026871,172.31.47.0-255,66,260533,82,407349
18468,0.028557,172.217.27.0-255,5738,266271,82,407349
18469,0.028572,172.31.47.0-255,66,266337,82,407349
18470,0.03025,172.217.27.0-255,5738,272075,82,407349
18471,0.030263,172.31.47.0-255,66,272141,82,407349
18472,0.031954,172.217.27.0-255,5738,277879,82,407349
18473,0.031974,172.31.47.0-255,66,277945,82,407349
18474,0.033655,172.217.27.0-255,5738,283683,82,407349
18475,0.033671,172.31.47.0-255,66,283749,82,407349
18476,0.03536,172.217.27.0-255,5738,289487,82,407349
18477,0.035379,172.31.47.0-255,66,289553,82,407349
18478,0.03707,172.217.27.0-255,5738,295291,82,407349
18479,0.037091,172.31.47.0-255,66,295357,82,407349
18480,0.038805,172.217.27.0-255,5738,301095,82,407349
18481,0.038826,172.31.47.0-255,66,301161,82,407349
18482,0.040503,172.217.27.0-255,5738,306899,82,407349
18483,0.040516,172.31.47.0-255,66,306965,82,407349
18484,0.042183,172.217.27.0-255,5738,312703,82,407349
18485,0.042193,172.31.47.0-255,66,312769,82,407349
18486,0.043869,172.217.27.0-255,5738,318507,82,407349
18487,0.043899,172.31.47.0-255,66,318573,82,407349
18488,0.045577,172.217.27.0-255,5738,324311,82,407349
18489,0.045584,172.31.47.0-255,66,324377,82,407349
18490,0.04725,172.217.27.0-255,5738,330115,82,407349
18491,0.047259,172.31.47.0-255,66,330181,82,407349
18492,0.048936,172.217.27.0-255,2902,333083,82,407349
18493,0.048947,172.31.47.0-255,66,333149,82,407349
18494,0.048982,172.217.27.0-255,2902,336051,82,407349
18495,0.048986,172.31.47.0-255,66,336117,82,407349
18496,0.050616,172.217.27.0-255,2902,339019,82,407349
18497,0.050633,172.31.47.0-255,66,339085,82,407349
18498,0.050654,172.217.27.0-255,2902,341987,82,407349
18499,0.050657,172.31.47.0-255,66,342053,82,407349
18500,0.052301,172.217.27.0-255,2902,344955,82,407349
18501,0.052316,172.31.47.0-255,66,345021,82,407349
18502,0.052348,172.217.27.0-255,2902,347923,82,407349
18503,0.052351,172.31.47.0-255,66,347989,82,407349
18504,0.053982,172.217.27.0-255,2902,350891,82,407349
18505,0.05399,172.31.47.0-255,66,350957,82,407349
18506,0.054024,172.217.27.0-255,2902,353859,82,407349
18507,0.054027,172.31.47.0-255,66,353925,82,407349
18508,0.055643,172.217.27.0-255,2902,356827,82,407349
18509,0.05565,172.31.47.0-255,66,356893,82,407349
18510,0.055683,172.217.27.0-255,2902,359795,82,407349
18511,0.055687,172.31.47.0-255,66,359861,82,407349
18512,0.057317,172.217.27.0-255,2902,362763,82,407349
18513,0.057328,172.31.47.0-255,66,362829,82,407349
18514,0.057363,172.217.27.0-255,2902,365731,82,407349
18515,0.057366,172.31.47.0-255,66,365797,82,407349
18516,0.059003,172.217.27.0-255,2902,368699,82,407349
18517,0.059012,172.31.47.0-255,66,368765,82,407349
18518,0.059046,172.217.27.0-255,2902,371667,82,407349
18519,0.059049,172.31.47.0-255,66,371733,82,407349
18520,0.060676,172.217.27.0-255,2902,374635,82,407349
18521,0.060681,172.31.47.0-255,66,374701,82,407349
18522,0.060714,172.217.27.0-255,2902,377603,82,407349
18523,0.060717,172.31.47.0-255,66,377669,82,407349
18524,0.062348,172.217.27.0-255,2902,380571,82,407349
18525,0.062354,172.31.47.0-255,66,380637,82,407349
18526,0.06239,172.217.27.0-255,2902,383539,82,407349
18527,0.062394,172.31.47.0-255,66,383605,82,407349
18528,0.064003,172.217.27.0-255,2902,386507,82,407349
18529,0.064009,172.31.47.0-255,66,386573,82,407349
18530,0.064044,172.217.27.0-255,2902,389475,82,407349
18531,0.064047,172.31.47.0-255,66,389541,82,407349
18532,0.065695,172.217.27.0-255,2902,392443,82,407349
18533,0.065702,172.31.47.0-255,66,392509,82,407349
18534,0.065737,172.217.27.0-255,2902,395411,82,407349
18535,0.06574,172.31.47.0-255,66,395477,82,407349
18536,0.067375,172.217.27.0-255,2902,398379,82,407349
18537,0.067382,172.31.47.0-255,66,398445,82,407349
18538,0.067403,172.217.27.0-255,2902,401347,82,407349
18539,0.067407,172.31.47.0-255,66,401413,82,407349
18540,0.069036,172.217.27.0-255,2902,404315,82,407349
18541,0.069041,172.31.47.0-255,66,404381,82,407349
18542,0.069069,172.217.27.0-255,2902,407283,82,407349
18543,0.069072,172.31.47.0-255,66,407349,82,407349
18544,0.0,172.31.47.0-255,66,66,82,66
18545,0.0,172.31.47.0-255,66,66,82,66
18546,0.0,172.31.47.0-255,105,105,82,276
18547,0.001776,157.240.13.0-255,105,210,82,276
18548,0.001789,172.31.47.0-255,66,276,82,276
18549,0.0,74.125.24.0-255,153,153,82,353130
18550,2.4e-05,172.31.47.0-255,66,219,82,353130
18551,5.7e-05,74.125.24.0-255,1484,1703,82,353130
18552,6.1e-05,172.31.47.0-255,66,1769,82,353130
18553,6.4e-05,74.125.24.0-255,1484,3253,82,353130
18554,6.7e-05,172.31.47.0-255,66,3319,82,353130
18555,7.8e-05,74.125.24.0-255,4320,7639,82,353130
18556,8.1e-05,172.31.47.0-255,66,7705,82,353130
18557,8.7e-05,74.125.24.0-255,5738,13443,82,353130
18558,8.9e-05,172.31.47.0-255,66,13509,82,353130
18559,0.000126,74.125.24.0-255,5045,18554,82,353130
18560,0.000129,172.31.47.0-255,66,18620,82,353130
18561,0.00014,172.31.47.0-255,66,18686,82,353130
18562,0.000143,74.125.24.0-255,1125,19811,82,353130
18563,0.000145,172.31.47.0-255,66,19877,82,353130
18564,0.000275,74.125.24.0-255,1484,21361,82,353130
18565,0.000279,172.31.47.0-255,66,21427,82,353130
18566,0.000296,74.125.24.0-255,2902,24329,82,353130
18567,0.000299,172.31.47.0-255,66,24395,82,353130
18568,0.000302,74.125.24.0-255,1484,25879,82,353130
18569,0.000304,172.31.47.0-255,66,25945,82,353130
18570,0.000325,74.125.24.0-255,4320,30265,82,353130
18571,0.000332,172.31.47.0-255,66,30331,82,353130
18572,0.000362,74.125.24.0-255,6797,37128,82,353130
18573,0.000364,172.31.47.0-255,66,37194,82,353130
18574,0.000648,74.125.24.0-255,1484,38678,82,353130
18575,0.000653,172.31.47.0-255,66,38744,82,353130
18576,0.000661,74.125.24.0-255,2902,41646,82,353130
18577,0.000664,172.31.47.0-255,66,41712,82,353130
18578,0.000668,74.125.24.0-255,1484,43196,82,353130
18579,0.000676,172.31.47.0-255,66,43262,82,353130
18580,0.000705,74.125.24.0-255,4320,47582,82,353130
18581,0.000721,74.125.24.0-255,1484,49066,82,353130
18582,0.000783,74.125.24.0-255,4320,53386,82,353130
18583,0.0008,74.125.24.0-255,5738,59124,82,353130
18584,0.000818,74.125.24.0-255,3602,62726,82,353130
18585,0.000873,74.125.24.0-255,1484,64210,82,353130
18586,0.00088,74.125.24.0-255,2902,67112,82,353130
18587,0.000901,74.125.24.0-255,5738,72850,82,353130
18588,0.000928,74.125.24.0-255,1484,74334,82,353130
18589,0.000946,74.125.24.0-255,5365,79699,82,353130
18590,0.001323,74.125.24.0-255,1484,81183,82,353130
18591,0.001332,74.125.24.0-255,2902,84085,82,353130
18592,0.001351,74.125.24.0-255,4320,88405,82,353130
18593,0.001366,74.125.24.0-255,1484,89889,82,353130
18594,0.001371,74.125.24.0-255,2902,92791,82,353130
18595,0.001394,74.125.24.0-255,8574,101365,82,353130
18596,0.001412,74.125.24.0-255,7156,108521,82,353130
18597,0.001435,74.125.24.0-255,5020,113541,82,353130
18598,0.001614,74.125.24.0-255,1484,115025,82,353130
18599,0.001625,74.125.24.0-255,2902,117927,82,353130
18600,0.001637,74.125.24.0-255,2902,120829,82,353130
18601,0.001649,74.125.24.0-255,2902,123731,82,353130
18602,0.001662,74.125.24.0-255,1484,125215,82,353130
18603,0.001679,74.125.24.0-255,8574,133789,82,353130
18604,0.00169,74.125.24.0-255,2902,136691,82,353130
18605,0.001702,74.125.24.0-255,2902,139593,82,353130
18606,0.001719,74.125.24.0-255,5738,145331,82,353130
18607,0.00173,74.125.24.0-255,2184,147515,82,353130
18608,0.002043,74.125.24.0-255,1484,148999,82,353130
18609,0.002057,74.125.24.0-255,2902,151901,82,353130
18610,0.002065,74.125.24.0-255,1484,153385,82,353130
18611,0.002082,74.125.24.0-255,4320,157705,82,353130
18612,0.002099,74.125.24.0-255,1484,159189,82,353130
18613,0.002122,74.125.24.0-255,2902,162091,82,353130
18614,0.002141,74.125.24.0-255,5738,167829,82,353130
18615,0.002154,74.125.24.0-255,2902,170731,82,353130
18616,0.002175,74.125.24.0-255,10692,181423,82,353130
18617,0.002191,74.125.24.0-255,2902,184325,82,353130
18618,0.002195,74.125.24.0-255,4320,188645,82,353130
18619,0.002251,74.125.24.0-255,5738,194383,82,353130
18620,0.002269,74.125.24.0-255,2902,197285,82,353130
18621,0.002295,74.125.24.0-255,7156,204441,82,353130
18622,0.002316,74.125.24.0-255,6438,210879,82,353130
18623,0.00232,74.125.24.0-255,2902,213781,82,353130
18624,0.002358,74.125.24.0-255,9992,223773,82,353130
18625,0.002396,74.125.24.0-255,2184,225957,82,353130
18626,0.002646,172.31.47.0-255,66,226023,82,353130
18627,0.004949,74.125.24.0-255,1484,227507,82,353130
18628,0.004967,74.125.24.0-255,4320,231827,82,353130
18629,0.00497,172.31.47.0-255,66,231893,82,353130
18630,0.007233,74.125.24.0-255,5738,237631,82,353130
18631,0.007576,172.31.47.0-255,66,237697,82,353130
18632,0.009857,74.125.24.0-255,5738,243435,82,353130
18633,0.009864,172.31.47.0-255,66,243501,82,353130
18634,0.012158,74.125.24.0-255,5738,249239,82,353130
18635,0.012165,172.31.47.0-255,66,249305,82,353130
18636,0.014446,74.125.24.0-255,5738,255043,82,353130
18637,0.014453,172.31.47.0-255,66,255109,82,353130
18638,0.016757,74.125.24.0-255,5738,260847,82,353130
18639,0.016764,172.31.47.0-255,66,260913,82,353130
18640,0.019037,74.125.24.0-255,5738,266651,82,353130
18641,0.019044,172.31.47.0-255,66,266717,82,353130
18642,0.021369,74.125.24.0-255,5738,272455,82,353130
18643,0.021377,172.31.47.0-255,66,272521,82,353130
18644,0.02364,74.125.24.0-255,5738,278259,82,353130
18645,0.023647,172.31.47.0-255,66,278325,82,353130
18646,0.024188,172.31.47.0-255,172,278497,82,353130
18647,0.024216,172.31.47.0-255,1111,279608,82,353130
18648,0.024262,172.31.47.0-255,1514,281122,82,353130
18649,0.024264,172.31.47.0-255,325,281447,82,353130
18650,0.025738,104.244.42.0-255,66,281513,82,353130
18651,0.025783,104.244.42.0-255,66,281579,82,353130
18652,0.025838,104.244.42.0-255,66,281645,82,353130
18653,0.025936,74.125.24.0-255,2902,284547,82,353130
18654,0.02594,172.31.47.0-255,66,284613,82,353130
18655,0.025967,74.125.24.0-255,2902,287515,82,353130
18656,0.025986,172.31.47.0-255,66,287581,82,353130
18657,0.028272,74.125.24.0-255,4320,291901,82,353130
18658,0.028278,172.31.47.0-255,66,291967,82,353130
18659,0.028313,74.125.24.0-255,1484,293451,82,353130
18660,0.030537,74.125.24.0-255,2902,296353,82,353130
18661,0.030541,172.31.47.0-255,66,296419,82,353130
18662,0.032826,74.125.24.0-255,5738,302157,82,353130
18663,0.032868,172.31.47.0-255,66,302223,82,353130
18664,0.035162,74.125.24.0-255,5738,307961,82,353130
18665,0.035167,172.31.47.0-255,66,308027,82,353130
18666,0.037454,74.125.24.0-255,4320,312347,82,353130
18667,0.037458,172.31.47.0-255,66,312413,82,353130
18668,0.037486,74.125.24.0-255,1484,313897,82,353130
18669,0.039763,74.125.24.0-255,2902,316799,82,353130
18670,0.039767,172.31.47.0-255,66,316865,82,353130
18671,0.039804,74.125.24.0-255,1484,318349,82,353130
18672,0.042062,74.125.24.0-255,4320,322669,82,353130
18673,0.04211,172.31.47.0-255,66,322735,82,353130
18674,0.044382,74.125.24.0-255,5738,328473,82,353130
18675,0.044434,172.31.47.0-255,66,328539,82,353130
18676,0.046709,74.125.24.0-255,5738,334277,82,353130
18677,0.046714,172.31.47.0-255,66,334343,82,353130
18678,0.049047,74.125.24.0-255,5738,340081,82,353130
18679,0.049053,172.31.47.0-255,66,340147,82,353130
18680,0.051333,74.125.24.0-255,5738,345885,82,353130
18681,0.051337,172.31.47.0-255,66,345951,82,353130
18682,0.053598,74.125.24.0-255,2902,348853,82,353130
18683,0.053602,172.31.47.0-255,66,348919,82,353130
18684,0.053628,74.125.24.0-255,2902,351821,82,353130
18685,0.053649,172.31.47.0-255,66,351887,82,353130
18686,0.055877,74.125.24.0-255,1006,352893,82,353130
18687,0.056023,172.31.47.0-255,66,352959,82,353130
18688,0.056049,172.31.47.0-255,105,353064,82,353130
18689,0.058267,74.125.24.0-255,66,353130,82,353130
18690,0.0,172.31.47.0-255,105,105,82,552
18691,3.9e-05,172.31.47.0-255,105,210,82,552
18692,0.002075,157.240.13.0-255,105,315,82,552
18693,0.002084,172.31.47.0-255,66,381,82,552
18694,0.0677,31.13.82.0-255,105,486,82,552
18695,0.067715,172.31.47.0-255,66,552,82,552
18696,0.0,172.217.194.0-255,153,153,82,320607
18697,3.2e-05,172.31.47.0-255,66,219,82,320607
18698,4e-05,172.217.194.0-255,1484,1703,82,320607
18699,4.5e-05,172.31.47.0-255,66,1769,82,320607
18700,5e-05,172.217.194.0-255,2902,4671,82,320607
18701,5.3e-05,172.31.47.0-255,66,4737,82,320607
18702,6.1e-05,172.217.194.0-255,7156,11893,82,320607
18703,6.3e-05,172.31.47.0-255,66,11959,82,320607
18704,7.9e-05,172.217.194.0-255,2902,14861,82,320607
18705,8.1e-05,172.31.47.0-255,66,14927,82,320607
18706,0.00012,172.31.47.0-255,66,14993,82,320607
18707,0.000126,172.217.194.0-255,3961,18954,82,320607
18708,0.000128,172.31.47.0-255,66,19020,82,320607
18709,0.000695,172.217.194.0-255,1484,20504,82,320607
18710,0.0007,172.31.47.0-255,66,20570,82,320607
18711,0.000709,172.217.194.0-255,2902,23472,82,320607
18712,0.000711,172.31.47.0-255,66,23538,82,320607
18713,0.000718,172.217.194.0-255,5738,29276,82,320607
18714,0.000719,172.31.47.0-255,66,29342,82,320607
18715,0.000726,172.217.194.0-255,5738,35080,82,320607
18716,0.000728,172.31.47.0-255,66,35146,82,320607
18717,0.000764,172.217.194.0-255,4320,39466,82,320607
18718,0.000768,172.31.47.0-255,66,39532,82,320607
18719,0.000793,172.217.194.0-255,9633,49165,82,320607
18720,0.000797,172.31.47.0-255,66,49231,82,320607
18721,0.000803,172.217.194.0-255,3961,53192,82,320607
18722,0.000805,172.31.47.0-255,66,53258,82,320607
18723,0.0011,172.217.194.0-255,1484,54742,82,320607
18724,0.001106,172.31.47.0-255,66,54808,82,320607
18725,0.001113,172.217.194.0-255,2902,57710,82,320607
18726,0.001116,172.31.47.0-255,66,57776,82,320607
18727,0.001123,172.217.194.0-255,5738,63514,82,320607
18728,0.001125,172.31.47.0-255,66,63580,82,320607
18729,0.001146,172.217.194.0-255,9992,73572,82,320607
18730,0.00117,172.217.194.0-255,2902,76474,82,320607
18731,0.001181,172.217.194.0-255,10692,87166,82,320607
18732,0.001187,172.217.194.0-255,2902,90068,82,320607
18733,0.001209,172.217.194.0-255,1484,91552,82,320607
18734,0.001216,172.217.194.0-255,5738,97290,82,320607
18735,0.00122,172.217.194.0-255,1484,98774,82,320607
18736,0.001247,172.217.194.0-255,9992,108766,82,320607
18737,0.00125,172.217.194.0-255,1484,110250,82,320607
18738,0.001279,172.217.194.0-255,9646,119896,82,320607
18739,0.001308,172.217.194.0-255,4320,124216,82,320607
18740,0.001319,172.217.194.0-255,2902,127118,82,320607
18741,0.00133,172.217.194.0-255,4320,131438,82,320607
18742,0.001348,172.217.194.0-255,8574,140012,82,320607
18743,0.001455,172.217.194.0-255,1484,141496,82,320607
18744,0.001478,172.217.194.0-255,2902,144398,82,320607
18745,0.00149,172.217.194.0-255,5738,150136,82,320607
18746,0.001503,172.217.194.0-255,5738,155874,82,320607
18747,0.001521,172.217.194.0-255,2902,158776,82,320607
18748,0.001558,172.217.194.0-255,2902,161678,82,320607
18749,0.001569,172.217.194.0-255,2902,164580,82,320607
18750,0.001589,172.217.194.0-255,9274,173854,82,320607
18751,0.001645,172.217.194.0-255,1484,175338,82,320607
18752,0.00165,172.217.194.0-255,2902,178240,82,320607
18753,0.001656,172.217.194.0-255,5738,183978,82,320607
18754,0.001658,172.217.194.0-255,1484,185462,82,320607
18755,0.001678,172.217.194.0-255,2902,188364,82,320607
18756,0.001683,172.217.194.0-255,5738,194102,82,320607
18757,0.00169,172.217.194.0-255,7156,201258,82,320607
18758,0.001707,172.217.194.0-255,4320,205578,82,320607
18759,0.00171,172.217.194.0-255,2184,207762,82,320607
18760,0.001751,172.217.194.0-255,8574,216336,82,320607
18761,0.00178,172.217.194.0-255,7156,223492,82,320607
18762,0.001817,172.217.194.0-255,6438,229930,82,320607
18763,0.00191,172.217.194.0-255,1484,231414,82,320607
18764,0.001915,172.217.194.0-255,2902,234316,82,320607
18765,0.00194,172.217.194.0-255,5738,240054,82,320607
18766,0.001956,172.217.194.0-255,1484,241538,82,320607
18767,0.002019,172.217.194.0-255,5738,247276,82,320607
18768,0.002042,172.217.194.0-255,5020,252296,82,320607
18769,0.002066,172.217.194.0-255,4320,256616,82,320607
18770,0.002082,172.217.194.0-255,7156,263772,82,320607
18771,0.002088,172.217.194.0-255,4320,268092,82,320607
18772,0.00211,172.217.194.0-255,8574,276666,82,320607
18773,0.002132,172.217.194.0-255,4320,280986,82,320607
18774,0.002184,172.217.194.0-255,9992,290978,82,320607
18775,0.002202,172.217.194.0-255,8574,299552,82,320607
18776,0.00223,172.217.194.0-255,7856,307408,82,320607
18777,0.002237,172.217.194.0-255,8574,315982,82,320607
18778,0.002311,172.217.194.0-255,105,316087,82,320607
18779,0.005988,172.31.47.0-255,66,316153,82,320607
18780,0.008787,172.31.47.0-255,105,316258,82,320607
18781,0.011319,172.217.194.0-255,66,316324,82,320607
18782,0.029002,172.31.47.0-255,172,316496,82,320607
18783,0.029034,172.31.47.0-255,1107,317603,82,320607
18784,0.029077,172.31.47.0-255,1514,319117,82,320607
18785,0.029078,172.31.47.0-255,1292,320409,82,320607
18786,0.030551,104.244.42.0-255,66,320475,82,320607
18787,0.030599,104.244.42.0-255,66,320541,82,320607
18788,0.030646,104.244.42.0-255,66,320607,82,320607
18789,0.0,172.217.194.0-255,153,153,82,352533
18790,2.3e-05,172.31.47.0-255,66,219,82,352533
18791,3.1e-05,172.217.194.0-255,1484,1703,82,352533
18792,3.5e-05,172.31.47.0-255,66,1769,82,352533
18793,4e-05,172.217.194.0-255,2902,4671,82,352533
18794,4.3e-05,172.31.47.0-255,66,4737,82,352533
18795,5.1e-05,172.217.194.0-255,7156,11893,82,352533
18796,5.3e-05,172.31.47.0-255,66,11959,82,352533
18797,7.9e-05,172.217.194.0-255,2902,14861,82,352533
18798,8.1e-05,172.31.47.0-255,66,14927,82,352533
18799,0.000106,172.31.47.0-255,66,14993,82,352533
18800,0.000125,172.217.194.0-255,3961,18954,82,352533
18801,0.000127,172.31.47.0-255,66,19020,82,352533
18802,0.000171,172.217.194.0-255,1484,20504,82,352533
18803,0.000174,172.31.47.0-255,66,20570,82,352533
18804,0.0002,172.217.194.0-255,1484,22054,82,352533
18805,0.000202,172.31.47.0-255,66,22120,82,352533
18806,0.000217,172.217.194.0-255,1484,23604,82,352533
18807,0.000219,172.31.47.0-255,66,23670,82,352533
18808,0.000225,172.217.194.0-255,5738,29408,82,352533
18809,0.000227,172.31.47.0-255,66,29474,82,352533
18810,0.000233,172.217.194.0-255,6797,36271,82,352533
18811,0.000235,172.31.47.0-255,66,36337,82,352533
18812,0.000262,172.217.194.0-255,7156,43493,82,352533
18813,0.000264,172.31.47.0-255,66,43559,82,352533
18814,0.000281,172.217.194.0-255,7156,50715,82,352533
18815,0.000283,172.31.47.0-255,66,50781,82,352533
18816,0.000286,172.217.194.0-255,2834,53615,82,352533
18817,0.000288,172.31.47.0-255,66,53681,82,352533
18818,0.000305,172.217.194.0-255,397,54078,82,352533
18819,0.000306,172.31.47.0-255,66,54144,82,352533
18820,0.000491,172.217.194.0-255,1484,55628,82,352533
18821,0.000505,172.217.194.0-255,2902,58530,82,352533
18822,0.000527,172.217.194.0-255,5738,64268,82,352533
18823,0.000532,172.217.194.0-255,5738,70006,82,352533
18824,0.000537,172.217.194.0-255,4320,74326,82,352533
18825,0.00055,172.217.194.0-255,2902,77228,82,352533
18826,0.000579,172.217.194.0-255,1484,78712,82,352533
18827,0.000607,172.217.194.0-255,9274,87986,82,352533
18828,0.000859,172.31.47.0-255,66,88052,82,352533
18829,0.00088,172.217.194.0-255,1484,89536,82,352533
18830,0.000883,172.217.194.0-255,1484,91020,82,352533
18831,0.000893,172.217.194.0-255,1484,92504,82,352533
18832,0.0009,172.217.194.0-255,5738,98242,82,352533
18833,0.000924,172.217.194.0-255,2902,101144,82,352533
18834,0.000949,172.217.194.0-255,9992,111136,82,352533
18835,0.000955,172.217.194.0-255,5738,116874,82,352533
18836,0.000984,172.217.194.0-255,2902,119776,82,352533
18837,0.000998,172.217.194.0-255,2184,121960,82,352533
18838,0.001052,172.31.47.0-255,66,122026,82,352533
18839,0.001675,172.217.194.0-255,1484,123510,82,352533
18840,0.001681,172.217.194.0-255,2902,126412,82,352533
18841,0.001684,172.31.47.0-255,66,126478,82,352533
18842,0.001702,172.217.194.0-255,2902,129380,82,352533
18843,0.001708,172.31.47.0-255,66,129446,82,352533
18844,0.001716,172.217.194.0-255,2902,132348,82,352533
18845,0.001722,172.31.47.0-255,66,132414,82,352533
18846,0.001731,172.217.194.0-255,5738,138152,82,352533
18847,0.001735,172.31.47.0-255,66,138218,82,352533
18848,0.001746,172.217.194.0-255,7156,145374,82,352533
18849,0.001752,172.217.194.0-255,5738,151112,82,352533
18850,0.001757,172.31.47.0-255,66,151178,82,352533
18851,0.001764,172.217.194.0-255,1484,152662,82,352533
18852,0.001812,172.217.194.0-255,2902,155564,82,352533
18853,0.001815,172.31.47.0-255,66,155630,82,352533
18854,0.001856,172.31.47.0-255,66,155696,82,352533
18855,0.001865,172.217.194.0-255,1484,157180,82,352533
18856,0.001876,172.217.194.0-255,1484,158664,82,352533
18857,0.001891,172.31.47.0-255,66,158730,82,352533
18858,0.001896,172.217.194.0-255,8574,167304,82,352533
18859,0.00191,172.31.47.0-255,66,167370,82,352533
18860,0.001912,172.217.194.0-255,6438,173808,82,352533
18861,0.001923,172.31.47.0-255,66,173874,82,352533
18862,0.001935,172.217.194.0-255,1484,175358,82,352533
18863,0.001948,172.217.194.0-255,2902,178260,82,352533
18864,0.00195,172.217.194.0-255,1484,179744,82,352533
18865,0.001954,172.31.47.0-255,66,179810,82,352533
18866,0.001974,172.217.194.0-255,4320,184130,82,352533
18867,0.001977,172.217.194.0-255,1484,185614,82,352533
18868,0.001979,172.31.47.0-255,66,185680,82,352533
18869,0.002013,172.31.47.0-255,66,185746,82,352533
18870,0.002066,172.217.194.0-255,10692,196438,82,352533
18871,0.002085,172.31.47.0-255,66,196504,82,352533
18872,0.002114,172.217.194.0-255,1484,197988,82,352533
18873,0.002126,172.217.194.0-255,2902,200890,82,352533
18874,0.002133,172.31.47.0-255,66,200956,82,352533
18875,0.002138,172.217.194.0-255,2902,203858,82,352533
18876,0.002147,172.31.47.0-255,66,203924,82,352533
18877,0.00216,172.217.194.0-255,2902,206826,82,352533
18878,0.002164,172.31.47.0-255,66,206892,82,352533
18879,0.002172,172.217.194.0-255,7156,214048,82,352533
18880,0.002176,172.217.194.0-255,2902,216950,82,352533
18881,0.002177,172.31.47.0-255,66,217016,82,352533
18882,0.002182,172.31.47.0-255,66,217082,82,352533
18883,0.00222,172.31.47.0-255,66,217148,82,352533
18884,0.002224,172.217.194.0-255,10692,227840,82,352533
18885,0.002233,172.31.47.0-255,66,227906,82,352533
18886,0.00224,172.217.194.0-255,1484,229390,82,352533
18887,0.002258,172.217.194.0-255,7156,236546,82,352533
18888,0.002269,172.31.47.0-255,66,236612,82,352533
18889,0.002271,172.217.194.0-255,2902,239514,82,352533
18890,0.00229,172.31.47.0-255,66,239580,82,352533
18891,0.002306,172.31.47.0-255,66,239646,82,352533
18892,0.002312,172.217.194.0-255,2184,241830,82,352533
18893,0.002319,172.31.47.0-255,66,241896,82,352533
18894,0.002329,172.217.194.0-255,7156,249052,82,352533
18895,0.002337,172.31.47.0-255,66,249118,82,352533
18896,0.00463,172.217.194.0-255,5738,254856,82,352533
18897,0.004637,172.31.47.0-255,66,254922,82,352533
18898,0.006924,172.217.194.0-255,4320,259242,82,352533
18899,0.00693,172.31.47.0-255,66,259308,82,352533
18900,0.00695,172.217.194.0-255,1484,260792,82,352533
18901,0.0092,172.217.194.0-255,4320,265112,82,352533
18902,0.009207,172.31.47.0-255,66,265178,82,352533
18903,0.011516,172.217.194.0-255,5738,270916,82,352533
18904,0.011632,172.31.47.0-255,66,270982,82,352533
18905,0.013949,172.217.194.0-255,5738,276720,82,352533
18906,0.013966,172.31.47.0-255,66,276786,82,352533
18907,0.016294,172.217.194.0-255,5738,282524,82,352533
18908,0.016309,172.31.47.0-255,66,282590,82,352533
18909,0.018608,172.217.194.0-255,5738,288328,82,352533
18910,0.018615,172.31.47.0-255,66,288394,82,352533
18911,0.020894,172.217.194.0-255,5738,294132,82,352533
18912,0.020902,172.31.47.0-255,66,294198,82,352533
18913,0.023167,172.217.194.0-255,5738,299936,82,352533
18914,0.023174,172.31.47.0-255,66,300002,82,352533
18915,0.025459,172.217.194.0-255,5738,305740,82,352533
18916,0.025465,172.31.47.0-255,66,305806,82,352533
18917,0.027763,172.217.194.0-255,5738,311544,82,352533
18918,0.02777,172.31.47.0-255,66,311610,82,352533
18919,0.030053,172.217.194.0-255,5738,317348,82,352533
18920,0.03006,172.31.47.0-255,66,317414,82,352533
18921,0.032362,172.217.194.0-255,5738,323152,82,352533
18922,0.032374,172.31.47.0-255,66,323218,82,352533
18923,0.034661,172.217.194.0-255,5738,328956,82,352533
18924,0.034673,172.31.47.0-255,66,329022,82,352533
18925,0.036971,172.217.194.0-255,5738,334760,82,352533
18926,0.036979,172.31.47.0-255,66,334826,82,352533
18927,0.039294,172.217.194.0-255,5738,340564,82,352533
18928,0.039309,172.31.47.0-255,66,340630,82,352533
18929,0.041644,172.217.194.0-255,5738,346368,82,352533
18930,0.043693,172.31.47.0-255,66,346434,82,352533
18931,0.044676,172.31.47.0-255,176,346610,82,352533
18932,0.04471,172.31.47.0-255,1103,347713,82,352533
18933,0.044778,172.31.47.0-255,1514,349227,82,352533
18934,0.04478,172.31.47.0-255,1514,350741,82,352533
18935,0.044806,172.31.47.0-255,704,351445,82,352533
18936,0.045966,172.217.194.0-255,365,351810,82,352533
18937,0.04623,104.244.42.0-255,66,351876,82,352533
18938,0.046275,104.244.42.0-255,66,351942,82,352533
18939,0.046324,104.244.42.0-255,66,352008,82,352533
18940,0.049925,172.31.47.0-255,105,352113,82,352533
18941,0.050151,172.31.47.0-255,90,352203,82,352533
18942,0.050161,172.31.47.0-255,66,352269,82,352533
18943,0.052181,172.217.194.0-255,66,352335,82,352533
18944,0.052405,172.217.194.0-255,66,352401,82,352533
18945,0.052436,172.217.194.0-255,66,352467,82,352533
18946,0.052441,172.31.47.0-255,66,352533,82,352533
18947,0.0,172.217.194.0-255,153,153,82,391244
18948,3e-05,172.31.47.0-255,66,219,82,391244
18949,3.6e-05,172.217.194.0-255,1484,1703,82,391244
18950,4e-05,172.31.47.0-255,66,1769,82,391244
18951,4.5e-05,172.217.194.0-255,2902,4671,82,391244
18952,4.7e-05,172.31.47.0-255,66,4737,82,391244
18953,5.3e-05,172.217.194.0-255,7156,11893,82,391244
18954,5.6e-05,172.31.47.0-255,66,11959,82,391244
18955,5.9e-05,172.217.194.0-255,2902,14861,82,391244
18956,6.1e-05,172.31.47.0-255,66,14927,82,391244
18957,7.8e-05,172.217.194.0-255,2137,17064,82,391244
18958,8.3e-05,172.31.47.0-255,66,17130,82,391244
18959,8.7e-05,172.217.194.0-255,1484,18614,82,391244
18960,8.9e-05,172.31.47.0-255,66,18680,82,391244
18961,0.000109,172.217.194.0-255,9992,28672,82,391244
18962,0.000111,172.31.47.0-255,66,28738,82,391244
18963,0.000127,172.217.194.0-255,2543,31281,82,391244
18964,0.000129,172.31.47.0-255,66,31347,82,391244
18965,0.000146,172.217.194.0-255,1484,32831,82,391244
18966,0.000148,172.31.47.0-255,66,32897,82,391244
18967,0.000168,172.217.194.0-255,2902,35799,82,391244
18968,0.00017,172.31.47.0-255,66,35865,82,391244
18969,0.000175,172.217.194.0-255,4320,40185,82,391244
18970,0.000176,172.31.47.0-255,66,40251,82,391244
18971,0.000189,172.217.194.0-255,1484,41735,82,391244
18972,0.000191,172.31.47.0-255,66,41801,82,391244
18973,0.000201,172.217.194.0-255,1484,43285,82,391244
18974,0.000203,172.31.47.0-255,66,43351,82,391244
18975,0.000238,172.217.194.0-255,7156,50507,82,391244
18976,0.000241,172.31.47.0-255,66,50573,82,391244
18977,0.000257,172.217.194.0-255,5379,55952,82,391244
18978,0.00026,172.31.47.0-255,66,56018,82,391244
18979,0.000268,172.217.194.0-255,9921,65939,82,391244
18980,0.000272,172.217.194.0-255,99,66038,82,391244
18981,0.000276,172.31.47.0-255,66,66104,82,391244
18982,0.000362,172.217.194.0-255,1484,67588,82,391244
18983,0.000366,172.217.194.0-255,2902,70490,82,391244
18984,0.000371,172.31.47.0-255,66,70556,82,391244
18985,0.000392,172.217.194.0-255,5738,76294,82,391244
18986,0.000396,172.31.47.0-255,66,76360,82,391244
18987,0.00041,172.217.194.0-255,4320,80680,82,391244
18988,0.00042,172.31.47.0-255,66,80746,82,391244
18989,0.000429,172.217.194.0-255,8215,88961,82,391244
18990,0.000435,172.31.47.0-255,66,89027,82,391244
18991,0.00046,172.217.194.0-255,2902,91929,82,391244
18992,0.000465,172.31.47.0-255,66,91995,82,391244
18993,0.000488,172.217.194.0-255,8492,100487,82,391244
18994,0.000502,172.31.47.0-255,66,100553,82,391244
18995,0.000693,172.217.194.0-255,1484,102037,82,391244
18996,0.000698,172.217.194.0-255,2902,104939,82,391244
18997,0.000701,172.31.47.0-255,66,105005,82,391244
18998,0.000706,172.217.194.0-255,5738,110743,82,391244
18999,0.000719,172.31.47.0-255,66,110809,82,391244
19000,0.000725,172.217.194.0-255,9992,120801,82,391244
19001,0.000727,172.31.47.0-255,66,120867,82,391244
19002,0.000764,172.217.194.0-255,7156,128023,82,391244
19003,0.000769,172.31.47.0-255,66,128089,82,391244
19004,0.00079,172.217.194.0-255,6438,134527,82,391244
19005,0.000797,172.217.194.0-255,7156,141683,82,391244
19006,0.000799,172.31.47.0-255,66,141749,82,391244
19007,0.000802,172.31.47.0-255,66,141815,82,391244
19008,0.00083,172.217.194.0-255,7156,148971,82,391244
19009,0.000839,172.31.47.0-255,66,149037,82,391244
19010,0.000843,172.31.47.0-255,66,149103,82,391244
19011,0.000856,172.217.194.0-255,1484,150587,82,391244
19012,0.000876,172.217.194.0-255,6438,157025,82,391244
19013,0.000883,172.31.47.0-255,66,157091,82,391244
19014,0.001074,172.217.194.0-255,1484,158575,82,391244
19015,0.001078,172.217.194.0-255,1484,160059,82,391244
19016,0.00108,172.31.47.0-255,66,160125,82,391244
19017,0.001098,172.217.194.0-255,1484,161609,82,391244
19018,0.001104,172.217.194.0-255,5738,167347,82,391244
19019,0.001112,172.31.47.0-255,66,167413,82,391244
19020,0.001123,172.217.194.0-255,7156,174569,82,391244
19021,0.001134,172.31.47.0-255,66,174635,82,391244
19022,0.001135,172.217.194.0-255,4320,178955,82,391244
19023,0.001138,172.31.47.0-255,66,179021,82,391244
19024,0.00114,172.217.194.0-255,4320,183341,82,391244
19025,0.001148,172.31.47.0-255,66,183407,82,391244
19026,0.001158,172.217.194.0-255,7856,191263,82,391244
19027,0.001169,172.31.47.0-255,66,191329,82,391244
19028,0.001226,172.217.194.0-255,1484,192813,82,391244
19029,0.001237,172.217.194.0-255,2902,195715,82,391244
19030,0.00124,172.31.47.0-255,66,195781,82,391244
19031,0.001244,172.217.194.0-255,2902,198683,82,391244
19032,0.001252,172.31.47.0-255,66,198749,82,391244
19033,0.001259,172.217.194.0-255,2902,201651,82,391244
19034,0.001262,172.217.194.0-255,1484,203135,82,391244
19035,0.001265,172.31.47.0-255,66,203201,82,391244
19036,0.001274,172.217.194.0-255,7156,210357,82,391244
19037,0.001277,172.31.47.0-255,66,210423,82,391244
19038,0.001301,172.217.194.0-255,5738,216161,82,391244
19039,0.001305,172.31.47.0-255,66,216227,82,391244
19040,0.001331,172.217.194.0-255,10692,226919,82,391244
19041,0.001342,172.31.47.0-255,66,226985,82,391244
19042,0.001372,172.217.194.0-255,9992,236977,82,391244
19043,0.001385,172.31.47.0-255,66,237043,82,391244
19044,0.001401,172.217.194.0-255,5738,242781,82,391244
19045,0.001406,172.31.47.0-255,66,242847,82,391244
19046,0.001418,172.31.47.0-255,66,242913,82,391244
19047,0.001897,172.217.194.0-255,1484,244397,82,391244
19048,0.001902,172.217.194.0-255,2902,247299,82,391244
19049,0.001905,172.31.47.0-255,66,247365,82,391244
19050,0.001908,172.217.194.0-255,1484,248849,82,391244
19051,0.001929,172.217.194.0-255,4320,253169,82,391244
19052,0.001933,172.31.47.0-255,66,253235,82,391244
19053,0.001959,172.217.194.0-255,8574,261809,82,391244
19054,0.001965,172.31.47.0-255,66,261875,82,391244
19055,0.001994,172.217.194.0-255,7156,269031,82,391244
19056,0.001999,172.31.47.0-255,66,269097,82,391244
19057,0.002012,172.217.194.0-255,7856,276953,82,391244
19058,0.002018,172.31.47.0-255,66,277019,82,391244
19059,0.004093,172.217.194.0-255,5738,282757,82,391244
19060,0.004106,172.31.47.0-255,66,282823,82,391244
19061,0.006173,172.217.194.0-255,5738,288561,82,391244
19062,0.006184,172.31.47.0-255,66,288627,82,391244
19063,0.008204,172.217.194.0-255,5738,294365,82,391244
19064,0.008212,172.31.47.0-255,66,294431,82,391244
19065,0.010237,172.217.194.0-255,5738,300169,82,391244
19066,0.010243,172.31.47.0-255,66,300235,82,391244
19067,0.012239,172.217.194.0-255,4320,304555,82,391244
19068,0.012244,172.31.47.0-255,66,304621,82,391244
19069,0.01226,172.217.194.0-255,1484,306105,82,391244
19070,0.014273,172.217.194.0-255,4320,310425,82,391244
19071,0.014283,172.31.47.0-255,66,310491,82,391244
19072,0.016325,172.217.194.0-255,5738,316229,82,391244
19073,0.01634,172.31.47.0-255,66,316295,82,391244
19074,0.018374,172.217.194.0-255,5738,322033,82,391244
19075,0.01838,172.31.47.0-255,66,322099,82,391244
19076,0.020407,172.217.194.0-255,5738,327837,82,391244
19077,0.020414,172.31.47.0-255,66,327903,82,391244
19078,0.022458,172.217.194.0-255,5738,333641,82,391244
19079,0.022465,172.31.47.0-255,66,333707,82,391244
19080,0.024501,172.217.194.0-255,5738,339445,82,391244
19081,0.024509,172.31.47.0-255,66,339511,82,391244
19082,0.02655,172.217.194.0-255,5738,345249,82,391244
19083,0.026557,172.31.47.0-255,66,345315,82,391244
19084,0.028616,172.217.194.0-255,5738,351053,82,391244
19085,0.028623,172.31.47.0-255,66,351119,82,391244
19086,0.03064,172.217.194.0-255,5738,356857,82,391244
19087,0.030651,172.31.47.0-255,66,356923,82,391244
19088,0.032674,172.217.194.0-255,5738,362661,82,391244
19089,0.032688,172.31.47.0-255,66,362727,82,391244
19090,0.034706,172.217.194.0-255,5738,368465,82,391244
19091,0.034713,172.31.47.0-255,66,368531,82,391244
19092,0.036763,172.217.194.0-255,5738,374269,82,391244
19093,0.036772,172.31.47.0-255,66,374335,82,391244
19094,0.038825,172.217.194.0-255,5738,380073,82,391244
19095,0.038838,172.31.47.0-255,66,380139,82,391244
19096,0.040856,172.217.194.0-255,3713,383852,82,391244
19097,0.040869,172.31.47.0-255,66,383918,82,391244
19098,0.041093,172.31.47.0-255,105,384023,82,391244
19099,0.0424,172.31.47.0-255,171,384194,82,391244
19100,0.042431,172.31.47.0-255,1127,385321,82,391244
19101,0.042475,172.31.47.0-255,1514,386835,82,391244
19102,0.042477,172.31.47.0-255,1514,388349,82,391244
19103,0.042479,172.31.47.0-255,1514,389863,82,391244
19104,0.04248,172.31.47.0-255,1051,390914,82,391244
19105,0.043071,172.217.194.0-255,66,390980,82,391244
19106,0.043973,104.244.42.0-255,66,391046,82,391244
19107,0.04401,104.244.42.0-255,66,391112,82,391244
19108,0.044059,104.244.42.0-255,66,391178,82,391244
19109,0.044062,104.244.42.0-255,66,391244,82,391244
19110,0.0,172.31.47.0-255,247,247,82,313
19111,0.006173,74.125.24.0-255,66,313,82,313
19112,0.0,172.31.47.0-255,66,66,82,66
19113,0.0,172.31.47.0-255,105,105,82,276
19114,0.001795,157.240.13.0-255,105,210,82,276
19115,0.001808,172.31.47.0-255,66,276,82,276
19116,0.0,172.217.194.0-255,148,148,82,313351
19117,1.7e-05,172.31.47.0-255,66,214,82,313351
19118,2.4e-05,172.217.194.0-255,1484,1698,82,313351
19119,2.8e-05,172.31.47.0-255,66,1764,82,313351
19120,3.4e-05,172.217.194.0-255,2902,4666,82,313351
19121,4.2e-05,172.31.47.0-255,66,4732,82,313351
19122,4.7e-05,172.217.194.0-255,4320,9052,82,313351
19123,5e-05,172.31.47.0-255,66,9118,82,313351
19124,7.8e-05,172.217.194.0-255,2902,12020,82,313351
19125,8.1e-05,172.31.47.0-255,66,12086,82,313351
19126,8.4e-05,172.217.194.0-255,2062,14148,82,313351
19127,8.6e-05,172.31.47.0-255,66,14214,82,313351
19128,0.000102,172.31.47.0-255,66,14280,82,313351
19129,0.000105,172.217.194.0-255,1484,15764,82,313351
19130,0.000107,172.31.47.0-255,66,15830,82,313351
19131,0.000134,172.217.194.0-255,3961,19791,82,313351
19132,0.000139,172.31.47.0-255,66,19857,82,313351
19133,0.000159,172.217.194.0-255,1484,21341,82,313351
19134,0.000161,172.31.47.0-255,66,21407,82,313351
19135,0.000178,172.217.194.0-255,2902,24309,82,313351
19136,0.00018,172.31.47.0-255,66,24375,82,313351
19137,0.000207,172.217.194.0-255,5738,30113,82,313351
19138,0.000209,172.31.47.0-255,66,30179,82,313351
19139,0.000213,172.217.194.0-255,2902,33081,82,313351
19140,0.000215,172.31.47.0-255,66,33147,82,313351
19141,0.000248,172.217.194.0-255,7156,40303,82,313351
19142,0.00025,172.31.47.0-255,66,40369,82,313351
19143,0.000277,172.31.47.0-255,66,40435,82,313351
19144,0.000297,172.217.194.0-255,381,40816,82,313351
19145,0.000299,172.31.47.0-255,66,40882,82,313351
19146,0.000334,172.217.194.0-255,362,41244,82,313351
19147,0.000419,172.217.194.0-255,1484,42728,82,313351
19148,0.000423,172.31.47.0-255,66,42794,82,313351
19149,0.000428,172.217.194.0-255,2902,45696,82,313351
19150,0.00043,172.31.47.0-255,66,45762,82,313351
19151,0.000459,172.217.194.0-255,5738,51500,82,313351
19152,0.000461,172.31.47.0-255,66,51566,82,313351
19153,0.000467,172.217.194.0-255,5738,57304,82,313351
19154,0.000469,172.31.47.0-255,66,57370,82,313351
19155,0.000489,172.217.194.0-255,4320,61690,82,313351
19156,0.000494,172.31.47.0-255,66,61756,82,313351
19157,0.000498,172.217.194.0-255,2902,64658,82,313351
19158,0.0005,172.31.47.0-255,66,64724,82,313351
19159,0.00053,172.31.47.0-255,66,64790,82,313351
19160,0.000545,172.31.47.0-255,66,64856,82,313351
19161,0.000547,172.217.194.0-255,576,65432,82,313351
19162,0.000607,172.217.194.0-255,1484,66916,82,313351
19163,0.000609,172.31.47.0-255,66,66982,82,313351
19164,0.000631,172.217.194.0-255,2902,69884,82,313351
19165,0.000633,172.31.47.0-255,66,69950,82,313351
19166,0.000639,172.217.194.0-255,5738,75688,82,313351
19167,0.000641,172.31.47.0-255,66,75754,82,313351
19168,0.000671,172.31.47.0-255,66,75820,82,313351
19169,0.000675,172.217.194.0-255,2902,78722,82,313351
19170,0.000677,172.31.47.0-255,66,78788,82,313351
19171,0.000716,172.217.194.0-255,4320,83108,82,313351
19172,0.000718,172.31.47.0-255,66,83174,82,313351
19173,0.000735,172.217.194.0-255,3602,86776,82,313351
19174,0.000737,172.31.47.0-255,66,86842,82,313351
19175,0.000757,172.217.194.0-255,8574,95416,82,313351
19176,0.000759,172.31.47.0-255,66,95482,82,313351
19177,0.000764,172.217.194.0-255,4320,99802,82,313351
19178,0.000765,172.31.47.0-255,66,99868,82,313351
19179,0.000793,172.217.194.0-255,2902,102770,82,313351
19180,0.000795,172.31.47.0-255,66,102836,82,313351
19181,0.000803,172.217.194.0-255,8574,111410,82,313351
19182,0.000804,172.31.47.0-255,66,111476,82,313351
19183,0.000828,172.217.194.0-255,8574,120050,82,313351
19184,0.00083,172.31.47.0-255,66,120116,82,313351
19185,0.000832,172.217.194.0-255,766,120882,82,313351
19186,0.000874,172.217.194.0-255,7156,128038,82,313351
19187,0.000877,172.31.47.0-255,66,128104,82,313351
19188,0.000895,172.217.194.0-255,4320,132424,82,313351
19189,0.000897,172.31.47.0-255,66,132490,82,313351
19190,0.000904,172.217.194.0-255,7156,139646,82,313351
19191,0.000905,172.31.47.0-255,66,139712,82,313351
19192,0.000925,172.217.194.0-255,5738,145450,82,313351
19193,0.000933,172.31.47.0-255,66,145516,82,313351
19194,0.000984,172.217.194.0-255,5738,151254,82,313351
19195,0.000987,172.31.47.0-255,66,151320,82,313351
19196,0.001011,172.217.194.0-255,3602,154922,82,313351
19197,0.001013,172.31.47.0-255,66,154988,82,313351
19198,0.001093,172.217.194.0-255,1484,156472,82,313351
19199,0.001106,172.217.194.0-255,2902,159374,82,313351
19200,0.001108,172.31.47.0-255,66,159440,82,313351
19201,0.00112,172.217.194.0-255,2902,162342,82,313351
19202,0.001125,172.31.47.0-255,66,162408,82,313351
19203,0.001156,172.217.194.0-255,2902,165310,82,313351
19204,0.001158,172.31.47.0-255,66,165376,82,313351
19205,0.001174,172.31.47.0-255,66,165442,82,313351
19206,0.001181,172.217.194.0-255,7156,172598,82,313351
19207,0.001182,172.31.47.0-255,66,172664,82,313351
19208,0.001203,172.217.194.0-255,3602,176266,82,313351
19209,0.001205,172.31.47.0-255,66,176332,82,313351
19210,0.001256,172.217.194.0-255,1484,177816,82,313351
19211,0.001261,172.217.194.0-255,2902,180718,82,313351
19212,0.001263,172.31.47.0-255,66,180784,82,313351
19213,0.001266,172.217.194.0-255,1484,182268,82,313351
19214,0.001293,172.217.194.0-255,4320,186588,82,313351
19215,0.001295,172.31.47.0-255,66,186654,82,313351
19216,0.001301,172.217.194.0-255,7156,193810,82,313351
19217,0.001309,172.31.47.0-255,66,193876,82,313351
19218,0.001333,172.217.194.0-255,5738,199614,82,313351
19219,0.00134,172.217.194.0-255,8574,208188,82,313351
19220,0.001351,172.217.194.0-255,2184,210372,82,313351
19221,0.001358,172.31.47.0-255,66,210438,82,313351
19222,0.001392,172.217.194.0-255,9992,220430,82,313351
19223,0.001425,172.217.194.0-255,2902,223332,82,313351
19224,0.001443,172.217.194.0-255,8574,231906,82,313351
19225,0.001447,172.217.194.0-255,3602,235508,82,313351
19226,0.00145,172.217.194.0-255,4320,239828,82,313351
19227,0.001457,172.217.194.0-255,8574,248402,82,313351
19228,0.001461,172.31.47.0-255,66,248468,82,313351
19229,0.001469,172.217.194.0-255,1484,249952,82,313351
19230,0.001485,172.217.194.0-255,5738,255690,82,313351
19231,0.001505,172.217.194.0-255,10692,266382,82,313351
19232,0.001517,172.31.47.0-255,66,266448,82,313351
19233,0.001537,172.217.194.0-255,1484,267932,82,313351
19234,0.001577,172.217.194.0-255,8574,276506,82,313351
19235,0.001586,172.31.47.0-255,66,276572,82,313351
19236,0.001597,172.217.194.0-255,7156,283728,82,313351
19237,0.0016,172.217.194.0-255,3602,287330,82,313351
19238,0.00161,172.31.47.0-255,66,287396,82,313351
19239,0.001675,172.217.194.0-255,1484,288880,82,313351
19240,0.001678,172.217.194.0-255,1484,290364,82,313351
19241,0.001689,172.217.194.0-255,1484,291848,82,313351
19242,0.001693,172.217.194.0-255,2902,294750,82,313351
19243,0.001696,172.31.47.0-255,66,294816,82,313351
19244,0.001704,172.217.194.0-255,2902,297718,82,313351
19245,0.001709,172.31.47.0-255,66,297784,82,313351
19246,0.001741,172.217.194.0-255,4320,302104,82,313351
19247,0.001748,172.31.47.0-255,66,302170,82,313351
19248,0.001759,172.217.194.0-255,6555,308725,82,313351
19249,0.001764,172.217.194.0-255,105,308830,82,313351
19250,0.00179,172.31.47.0-255,66,308896,82,313351
19251,0.008493,172.31.47.0-255,105,309001,82,313351
19252,0.010795,172.217.194.0-255,66,309067,82,313351
19253,0.028776,172.31.47.0-255,171,309238,82,313351
19254,0.028806,172.31.47.0-255,1131,310369,82,313351
19255,0.028858,172.31.47.0-255,1514,311883,82,313351
19256,0.028878,172.31.47.0-255,1270,313153,82,313351
19257,0.030309,104.244.42.0-255,66,313219,82,313351
19258,0.030406,104.244.42.0-255,66,313285,82,313351
19259,0.030409,104.244.42.0-255,66,313351,82,313351
19260,0.0,172.217.194.0-255,153,153,82,336696
19261,2.7e-05,172.31.47.0-255,66,219,82,336696
19262,3.3e-05,172.217.194.0-255,1484,1703,82,336696
19263,3.8e-05,172.31.47.0-255,66,1769,82,336696
19264,4.7e-05,172.217.194.0-255,1484,3253,82,336696
19265,5e-05,172.31.47.0-255,66,3319,82,336696
19266,7.7e-05,172.217.194.0-255,1484,4803,82,336696
19267,8e-05,172.31.47.0-255,66,4869,82,336696
19268,8.8e-05,172.217.194.0-255,7156,12025,82,336696
19269,9e-05,172.31.47.0-255,66,12091,82,336696
19270,9.4e-05,172.217.194.0-255,1984,14075,82,336696
19271,9.7e-05,172.31.47.0-255,66,14141,82,336696
19272,0.00014,172.31.47.0-255,66,14207,82,336696
19273,0.000146,172.217.194.0-255,5379,19586,82,336696
19274,0.000149,172.31.47.0-255,66,19652,82,336696
19275,0.000489,172.217.194.0-255,1484,21136,82,336696
19276,0.000494,172.31.47.0-255,66,21202,82,336696
19277,0.0005,172.217.194.0-255,2902,24104,82,336696
19278,0.000503,172.31.47.0-255,66,24170,82,336696
19279,0.000518,172.217.194.0-255,5738,29908,82,336696
19280,0.00052,172.31.47.0-255,66,29974,82,336696
19281,0.000568,172.31.47.0-255,66,30040,82,336696
19282,0.000595,172.217.194.0-255,4320,34360,82,336696
19283,0.000599,172.31.47.0-255,66,34426,82,336696
19284,0.00063,172.217.194.0-255,5687,40113,82,336696
19285,0.000634,172.31.47.0-255,66,40179,82,336696
19286,0.000667,172.217.194.0-255,9992,50171,82,336696
19287,0.000671,172.31.47.0-255,66,50237,82,336696
19288,0.000702,172.217.194.0-255,6797,57034,82,336696
19289,0.000706,172.31.47.0-255,66,57100,82,336696
19290,0.000734,172.217.194.0-255,7156,64256,82,336696
19291,0.000747,172.31.47.0-255,66,64322,82,336696
19292,0.000773,172.217.194.0-255,9948,74270,82,336696
19293,0.000783,172.31.47.0-255,66,74336,82,336696
19294,0.00093,172.217.194.0-255,1484,75820,82,336696
19295,0.000936,172.217.194.0-255,2902,78722,82,336696
19296,0.000939,172.31.47.0-255,66,78788,82,336696
19297,0.000943,172.217.194.0-255,1484,80272,82,336696
19298,0.000969,172.217.194.0-255,4320,84592,82,336696
19299,0.000974,172.217.194.0-255,2902,87494,82,336696
19300,0.000976,172.31.47.0-255,66,87560,82,336696
19301,0.00098,172.31.47.0-255,66,87626,82,336696
19302,0.000987,172.217.194.0-255,5738,93364,82,336696
19303,0.000993,172.31.47.0-255,66,93430,82,336696
19304,0.001021,172.217.194.0-255,4320,97750,82,336696
19305,0.00103,172.217.194.0-255,10140,107890,82,336696
19306,0.001035,172.31.47.0-255,66,107956,82,336696
19307,0.001062,172.217.194.0-255,7156,115112,82,336696
19308,0.00107,172.217.194.0-255,8574,123686,82,336696
19309,0.001071,172.31.47.0-255,66,123752,82,336696
19310,0.001075,172.31.47.0-255,66,123818,82,336696
19311,0.001117,172.217.194.0-255,766,124584,82,336696
19312,0.001127,172.31.47.0-255,66,124650,82,336696
19313,0.001409,172.217.194.0-255,1484,126134,82,336696
19314,0.001414,172.217.194.0-255,2902,129036,82,336696
19315,0.001417,172.31.47.0-255,66,129102,82,336696
19316,0.001443,172.217.194.0-255,5738,134840,82,336696
19317,0.00145,172.31.47.0-255,66,134906,82,336696
19318,0.001455,172.217.194.0-255,1484,136390,82,336696
19319,0.001486,172.31.47.0-255,66,136456,82,336696
19320,0.00149,172.217.194.0-255,4320,140776,82,336696
19321,0.0015,172.31.47.0-255,66,140842,82,336696
19322,0.001525,172.217.194.0-255,6438,147280,82,336696
19323,0.001528,172.31.47.0-255,66,147346,82,336696
19324,0.001692,172.217.194.0-255,1484,148830,82,336696
19325,0.001696,172.217.194.0-255,1484,150314,82,336696
19326,0.001699,172.31.47.0-255,66,150380,82,336696
19327,0.001709,172.217.194.0-255,1484,151864,82,336696
19328,0.001731,172.217.194.0-255,2902,154766,82,336696
19329,0.001735,172.31.47.0-255,66,154832,82,336696
19330,0.001768,172.217.194.0-255,2902,157734,82,336696
19331,0.001775,172.217.194.0-255,7156,164890,82,336696
19332,0.001777,172.31.47.0-255,66,164956,82,336696
19333,0.001783,172.31.47.0-255,66,165022,82,336696
19334,0.001804,172.217.194.0-255,5738,170760,82,336696
19335,0.001809,172.31.47.0-255,66,170826,82,336696
19336,0.00182,172.217.194.0-255,8574,179400,82,336696
19337,0.001828,172.217.194.0-255,2184,181584,82,336696
19338,0.001831,172.31.47.0-255,66,181650,82,336696
19339,0.001836,172.31.47.0-255,66,181716,82,336696
19340,0.001866,172.217.194.0-255,1484,183200,82,336696
19341,0.00187,172.217.194.0-255,1484,184684,82,336696
19342,0.001881,172.31.47.0-255,66,184750,82,336696
19343,0.001892,172.217.194.0-255,1484,186234,82,336696
19344,0.001902,172.217.194.0-255,5738,191972,82,336696
19345,0.001904,172.217.194.0-255,1484,193456,82,336696
19346,0.001912,172.31.47.0-255,66,193522,82,336696
19347,0.001919,172.217.194.0-255,5738,199260,82,336696
19348,0.001931,172.31.47.0-255,66,199326,82,336696
19349,0.00194,172.217.194.0-255,1484,200810,82,336696
19350,0.001978,172.217.194.0-255,2184,202994,82,336696
19351,0.001986,172.31.47.0-255,66,203060,82,336696
19352,0.002037,172.217.194.0-255,1484,204544,82,336696
19353,0.002042,172.217.194.0-255,2902,207446,82,336696
19354,0.002045,172.31.47.0-255,66,207512,82,336696
19355,0.002071,172.217.194.0-255,5738,213250,82,336696
19356,0.002081,172.31.47.0-255,66,213316,82,336696
19357,0.002119,172.217.194.0-255,4320,217636,82,336696
19358,0.00212,172.31.47.0-255,66,217702,82,336696
19359,0.002124,172.31.47.0-255,66,217768,82,336696
19360,0.002139,172.217.194.0-255,6438,224206,82,336696
19361,0.002146,172.31.47.0-255,66,224272,82,336696
19362,0.002236,172.217.194.0-255,1484,225756,82,336696
19363,0.002241,172.217.194.0-255,2902,228658,82,336696
19364,0.002244,172.31.47.0-255,66,228724,82,336696
19365,0.002249,172.217.194.0-255,5738,234462,82,336696
19366,0.002252,172.217.194.0-255,1484,235946,82,336696
19367,0.002264,172.31.47.0-255,66,236012,82,336696
19368,0.002273,172.217.194.0-255,4320,240332,82,336696
19369,0.002276,172.31.47.0-255,66,240398,82,336696
19370,0.002281,172.217.194.0-255,5738,246136,82,336696
19371,0.002287,172.31.47.0-255,66,246202,82,336696
19372,0.00231,172.217.194.0-255,7156,253358,82,336696
19373,0.002314,172.217.194.0-255,1484,254842,82,336696
19374,0.002316,172.31.47.0-255,66,254908,82,336696
19375,0.00234,172.217.194.0-255,10692,265600,82,336696
19376,0.002346,172.217.194.0-255,5738,271338,82,336696
19377,0.002346,172.31.47.0-255,66,271404,82,336696
19378,0.00235,172.31.47.0-255,66,271470,82,336696
19379,0.004652,172.217.194.0-255,5738,277208,82,336696
19380,0.004659,172.31.47.0-255,66,277274,82,336696
19381,0.006942,172.217.194.0-255,5738,283012,82,336696
19382,0.008201,172.31.47.0-255,66,283078,82,336696
19383,0.010516,172.217.194.0-255,5738,288816,82,336696
19384,0.010522,172.31.47.0-255,66,288882,82,336696
19385,0.012835,172.217.194.0-255,2902,291784,82,336696
19386,0.012855,172.217.194.0-255,2902,294686,82,336696
19387,0.016146,172.31.47.0-255,66,294752,82,336696
19388,0.018455,172.217.194.0-255,5738,300490,82,336696
19389,0.018465,172.31.47.0-255,66,300556,82,336696
19390,0.02076,172.217.194.0-255,5738,306294,82,336696
19391,0.020765,172.31.47.0-255,66,306360,82,336696
19392,0.023072,172.217.194.0-255,5738,312098,82,336696
19393,0.023884,172.31.47.0-255,66,312164,82,336696
19394,0.026173,172.217.194.0-255,5738,317902,82,336696
19395,0.02618,172.31.47.0-255,66,317968,82,336696
19396,0.028488,172.217.194.0-255,5738,323706,82,336696
19397,0.028494,172.31.47.0-255,66,323772,82,336696
19398,0.030826,172.217.194.0-255,5738,329510,82,336696
19399,0.030832,172.31.47.0-255,66,329576,82,336696
19400,0.033122,172.217.194.0-255,2600,332176,82,336696
19401,0.033128,172.31.47.0-255,66,332242,82,336696
19402,0.033278,172.31.47.0-255,105,332347,82,336696
19403,0.035554,172.217.194.0-255,66,332413,82,336696
19404,0.035865,172.31.47.0-255,172,332585,82,336696
19405,0.035891,172.31.47.0-255,1111,333696,82,336696
19406,0.035932,172.31.47.0-255,1514,335210,82,336696
19407,0.035934,172.31.47.0-255,1288,336498,82,336696
19408,0.037434,104.244.42.0-255,66,336564,82,336696
19409,0.037441,104.244.42.0-255,66,336630,82,336696
19410,0.037465,104.244.42.0-255,66,336696,82,336696
19411,0.0,172.217.194.0-255,153,153,82,363626
19412,2.7e-05,172.31.47.0-255,66,219,82,363626
19413,3.3e-05,172.217.194.0-255,1484,1703,82,363626
19414,3.7e-05,172.31.47.0-255,66,1769,82,363626
19415,4.3e-05,172.217.194.0-255,2902,4671,82,363626
19416,5.3e-05,172.31.47.0-255,66,4737,82,363626
19417,5.6e-05,172.217.194.0-255,1484,6221,82,363626
19418,5.9e-05,172.31.47.0-255,66,6287,82,363626
19419,9.2e-05,172.217.194.0-255,4320,10607,82,363626
19420,9.5e-05,172.31.47.0-255,66,10673,82,363626
19421,0.000107,172.217.194.0-255,1484,12157,82,363626
19422,0.000114,172.31.47.0-255,66,12223,82,363626
19423,0.000139,172.217.194.0-255,8574,20797,82,363626
19424,0.000142,172.31.47.0-255,66,20863,82,363626
19425,0.000153,172.217.194.0-255,2138,23001,82,363626
19426,0.00016,172.31.47.0-255,66,23067,82,363626
19427,0.000167,172.217.194.0-255,5738,28805,82,363626
19428,0.000169,172.31.47.0-255,66,28871,82,363626
19429,0.000196,172.217.194.0-255,2543,31414,82,363626
19430,0.0002,172.31.47.0-255,66,31480,82,363626
19431,0.000251,172.217.194.0-255,1484,32964,82,363626
19432,0.000254,172.31.47.0-255,66,33030,82,363626
19433,0.000268,172.217.194.0-255,2902,35932,82,363626
19434,0.000275,172.31.47.0-255,66,35998,82,363626
19435,0.0003,172.217.194.0-255,2902,38900,82,363626
19436,0.000305,172.31.47.0-255,66,38966,82,363626
19437,0.000315,172.217.194.0-255,2902,41868,82,363626
19438,0.000318,172.31.47.0-255,66,41934,82,363626
19439,0.000321,172.217.194.0-255,1484,43418,82,363626
19440,0.000328,172.31.47.0-255,66,43484,82,363626
19441,0.000355,172.217.194.0-255,5379,48863,82,363626
19442,0.000358,172.31.47.0-255,66,48929,82,363626
19443,0.000373,172.31.47.0-255,66,48995,82,363626
19444,0.000398,172.217.194.0-255,2902,51897,82,363626
19445,0.000401,172.31.47.0-255,66,51963,82,363626
19446,0.000406,172.217.194.0-255,2798,54761,82,363626
19447,0.000409,172.31.47.0-255,66,54827,82,363626
19448,0.000434,172.217.194.0-255,113,54940,82,363626
19449,0.0005,172.217.194.0-255,1484,56424,82,363626
19450,0.000503,172.31.47.0-255,66,56490,82,363626
19451,0.000529,172.217.194.0-255,2902,59392,82,363626
19452,0.000533,172.31.47.0-255,66,59458,82,363626
19453,0.000539,172.217.194.0-255,5738,65196,82,363626
19454,0.000542,172.31.47.0-255,66,65262,82,363626
19455,0.000579,172.217.194.0-255,9992,75254,82,363626
19456,0.000582,172.31.47.0-255,66,75320,82,363626
19457,0.000614,172.217.194.0-255,3961,79281,82,363626
19458,0.000618,172.31.47.0-255,66,79347,82,363626
19459,0.000625,172.217.194.0-255,8574,87921,82,363626
19460,0.000628,172.31.47.0-255,66,87987,82,363626
19461,0.00065,172.217.194.0-255,863,88850,82,363626
19462,0.000677,172.217.194.0-255,1484,90334,82,363626
19463,0.00068,172.31.47.0-255,66,90400,82,363626
19464,0.0007,172.217.194.0-255,4320,94720,82,363626
19465,0.000704,172.31.47.0-255,66,94786,82,363626
19466,0.000721,172.217.194.0-255,2902,97688,82,363626
19467,0.000724,172.31.47.0-255,66,97754,82,363626
19468,0.000749,172.217.194.0-255,2902,100656,82,363626
19469,0.000752,172.31.47.0-255,66,100722,82,363626
19470,0.000792,172.217.194.0-255,4320,105042,82,363626
19471,0.000795,172.31.47.0-255,66,105108,82,363626
19472,0.000806,172.217.194.0-255,1111,106219,82,363626
19473,0.001,172.217.194.0-255,1484,107703,82,363626
19474,0.001004,172.31.47.0-255,66,107769,82,363626
19475,0.00101,172.217.194.0-255,2902,110671,82,363626
19476,0.001012,172.31.47.0-255,66,110737,82,363626
19477,0.001021,172.217.194.0-255,1484,112221,82,363626
19478,0.001041,172.217.194.0-255,4320,116541,82,363626
19479,0.001043,172.31.47.0-255,66,116607,82,363626
19480,0.001066,172.217.194.0-255,1484,118091,82,363626
19481,0.001081,172.217.194.0-255,5738,123829,82,363626
19482,0.001084,172.31.47.0-255,66,123895,82,363626
19483,0.001112,172.217.194.0-255,5738,129633,82,363626
19484,0.001114,172.31.47.0-255,66,129699,82,363626
19485,0.00112,172.217.194.0-255,5738,135437,82,363626
19486,0.001123,172.31.47.0-255,66,135503,82,363626
19487,0.001152,172.217.194.0-255,2902,138405,82,363626
19488,0.001155,172.31.47.0-255,66,138471,82,363626
19489,0.001173,172.217.194.0-255,2184,140655,82,363626
19490,0.001178,172.31.47.0-255,66,140721,82,363626
19491,0.001852,172.217.194.0-255,1484,142205,82,363626
19492,0.00186,172.217.194.0-255,2902,145107,82,363626
19493,0.001865,172.31.47.0-255,66,145173,82,363626
19494,0.00187,172.217.194.0-255,2902,148075,82,363626
19495,0.001872,172.31.47.0-255,66,148141,82,363626
19496,0.00191,172.217.194.0-255,2902,151043,82,363626
19497,0.001913,172.31.47.0-255,66,151109,82,363626
19498,0.00192,172.217.194.0-255,5738,156847,82,363626
19499,0.001922,172.31.47.0-255,66,156913,82,363626
19500,0.001936,172.31.47.0-255,66,156979,82,363626
19501,0.001941,172.217.194.0-255,5020,161999,82,363626
19502,0.001944,172.31.47.0-255,66,162065,82,363626
19503,0.002326,172.217.194.0-255,1484,163549,82,363626
19504,0.002333,172.217.194.0-255,2902,166451,82,363626
19505,0.002337,172.31.47.0-255,66,166517,82,363626
19506,0.002341,172.217.194.0-255,1484,168001,82,363626
19507,0.00237,172.217.194.0-255,4320,172321,82,363626
19508,0.002372,172.31.47.0-255,66,172387,82,363626
19509,0.002379,172.217.194.0-255,7156,179543,82,363626
19510,0.002381,172.31.47.0-255,66,179609,82,363626
19511,0.002407,172.217.194.0-255,5738,185347,82,363626
19512,0.002409,172.31.47.0-255,66,185413,82,363626
19513,0.002413,172.217.194.0-255,4320,189733,82,363626
19514,0.002415,172.31.47.0-255,66,189799,82,363626
19515,0.002439,172.217.194.0-255,1484,191283,82,363626
19516,0.002461,172.217.194.0-255,5020,196303,82,363626
19517,0.002464,172.31.47.0-255,66,196369,82,363626
19518,0.002547,172.217.194.0-255,1484,197853,82,363626
19519,0.002561,172.217.194.0-255,2902,200755,82,363626
19520,0.002563,172.31.47.0-255,66,200821,82,363626
19521,0.002588,172.217.194.0-255,5738,206559,82,363626
19522,0.00259,172.31.47.0-255,66,206625,82,363626
19523,0.002611,172.217.194.0-255,2902,209527,82,363626
19524,0.002613,172.31.47.0-255,66,209593,82,363626
19525,0.002637,172.217.194.0-255,5738,215331,82,363626
19526,0.002639,172.31.47.0-255,66,215397,82,363626
19527,0.00266,172.217.194.0-255,1484,216881,82,363626
19528,0.002679,172.31.47.0-255,66,216947,82,363626
19529,0.005276,172.217.194.0-255,5738,222685,82,363626
19530,0.00528,172.31.47.0-255,66,222751,82,363626
19531,0.007895,172.217.194.0-255,5738,228489,82,363626
19532,0.007919,172.31.47.0-255,66,228555,82,363626
19533,0.010583,172.217.194.0-255,5738,234293,82,363626
19534,0.010593,172.31.47.0-255,66,234359,82,363626
19535,0.01326,172.217.194.0-255,5738,240097,82,363626
19536,0.01328,172.31.47.0-255,66,240163,82,363626
19537,0.015895,172.217.194.0-255,4320,244483,82,363626
19538,0.015907,172.31.47.0-255,66,244549,82,363626
19539,0.015933,172.217.194.0-255,1484,246033,82,363626
19540,0.01849,172.217.194.0-255,4320,250353,82,363626
19541,0.018497,172.31.47.0-255,66,250419,82,363626
19542,0.021132,172.217.194.0-255,5738,256157,82,363626
19543,0.021142,172.31.47.0-255,66,256223,82,363626
19544,0.023793,172.217.194.0-255,5738,261961,82,363626
19545,0.023803,172.31.47.0-255,66,262027,82,363626
19546,0.026448,172.217.194.0-255,5738,267765,82,363626
19547,0.026462,172.31.47.0-255,66,267831,82,363626
19548,0.029052,172.217.194.0-255,5738,273569,82,363626
19549,0.02906,172.31.47.0-255,66,273635,82,363626
19550,0.031697,172.217.194.0-255,5738,279373,82,363626
19551,0.031704,172.31.47.0-255,66,279439,82,363626
19552,0.034328,172.217.194.0-255,5738,285177,82,363626
19553,0.034347,172.31.47.0-255,66,285243,82,363626
19554,0.036965,172.217.194.0-255,5738,290981,82,363626
19555,0.036971,172.31.47.0-255,66,291047,82,363626
19556,0.039606,172.217.194.0-255,5738,296785,82,363626
19557,0.039614,172.31.47.0-255,66,296851,82,363626
19558,0.042269,172.217.194.0-255,5738,302589,82,363626
19559,0.042283,172.31.47.0-255,66,302655,82,363626
19560,0.04492,172.217.194.0-255,5738,308393,82,363626
19561,0.04494,172.31.47.0-255,66,308459,82,363626
19562,0.047605,172.217.194.0-255,5738,314197,82,363626
19563,0.047614,172.31.47.0-255,66,314263,82,363626
19564,0.047801,172.31.47.0-255,172,314435,82,363626
19565,0.047829,172.31.47.0-255,1103,315538,82,363626
19566,0.047867,172.31.47.0-255,1514,317052,82,363626
19567,0.047869,172.31.47.0-255,1296,318348,82,363626
19568,0.049338,104.244.42.0-255,66,318414,82,363626
19569,0.049377,104.244.42.0-255,66,318480,82,363626
19570,0.04943,104.244.42.0-255,66,318546,82,363626
19571,0.050231,172.217.194.0-255,5738,324284,82,363626
19572,0.050243,172.31.47.0-255,66,324350,82,363626
19573,0.052847,172.217.194.0-255,5738,330088,82,363626
19574,0.052853,172.31.47.0-255,66,330154,82,363626
19575,0.055471,172.217.194.0-255,4320,334474,82,363626
19576,0.055494,172.31.47.0-255,66,334540,82,363626
19577,0.055519,172.217.194.0-255,1484,336024,82,363626
19578,0.058076,172.217.194.0-255,4320,340344,82,363626
19579,0.058082,172.31.47.0-255,66,340410,82,363626
19580,0.060676,172.217.194.0-255,5738,346148,82,363626
19581,0.060682,172.31.47.0-255,66,346214,82,363626
19582,0.063289,172.217.194.0-255,5738,351952,82,363626
19583,0.063296,172.31.47.0-255,66,352018,82,363626
19584,0.065949,172.217.194.0-255,5738,357756,82,363626
19585,0.065955,172.31.47.0-255,66,357822,82,363626
19586,0.068658,172.217.194.0-255,5738,363560,82,363626
19587,0.068669,172.31.47.0-255,66,363626,82,363626
19588,0.0,172.217.194.0-255,153,153,82,221980
19589,1.6e-05,172.31.47.0-255,66,219,82,221980
19590,2.2e-05,172.217.194.0-255,1484,1703,82,221980
19591,2.6e-05,172.31.47.0-255,66,1769,82,221980
19592,6.6e-05,172.217.194.0-255,2902,4671,82,221980
19593,6.9e-05,172.31.47.0-255,66,4737,82,221980
19594,9.7e-05,172.217.194.0-255,5738,10475,82,221980
19595,0.0001,172.31.47.0-255,66,10541,82,221980
19596,0.00021,172.217.194.0-255,3374,13915,82,221980
19597,0.000215,172.31.47.0-255,66,13981,82,221980
19598,0.000289,172.217.194.0-255,2902,16883,82,221980
19599,0.000293,172.31.47.0-255,66,16949,82,221980
19600,0.000317,172.217.194.0-255,1484,18433,82,221980
19601,0.00032,172.31.47.0-255,66,18499,82,221980
19602,0.000358,172.217.194.0-255,1484,19983,82,221980
19603,0.000361,172.31.47.0-255,66,20049,82,221980
19604,0.000391,172.217.194.0-255,8574,28623,82,221980
19605,0.000394,172.31.47.0-255,66,28689,82,221980
19606,0.000574,172.217.194.0-255,7156,35845,82,221980
19607,0.000579,172.31.47.0-255,66,35911,82,221980
19608,0.000609,172.217.194.0-255,9633,45544,82,221980
19609,0.000612,172.31.47.0-255,66,45610,82,221980
19610,0.000909,172.217.194.0-255,2543,48153,82,221980
19611,0.000914,172.31.47.0-255,66,48219,82,221980
19612,0.000958,172.217.194.0-255,1484,49703,82,221980
19613,0.000961,172.31.47.0-255,66,49769,82,221980
19614,0.001,172.31.47.0-255,66,49835,82,221980
19615,0.001316,172.217.194.0-255,9992,59827,82,221980
19616,0.001322,172.31.47.0-255,66,59893,82,221980
19617,0.001375,172.31.47.0-255,66,59959,82,221980
19618,0.001758,172.217.194.0-255,7156,67115,82,221980
19619,0.001782,172.217.194.0-255,5020,72135,82,221980
19620,0.001996,172.217.194.0-255,5738,77873,82,221980
19621,0.00243,172.217.194.0-255,2902,80775,82,221980
19622,0.003449,172.217.194.0-255,4320,85095,82,221980
19623,0.003824,172.31.47.0-255,66,85161,82,221980
19624,0.004422,172.217.194.0-255,2902,88063,82,221980
19625,0.004427,172.31.47.0-255,66,88129,82,221980
19626,0.004493,172.31.47.0-255,66,88195,82,221980
19627,0.00703,172.217.194.0-255,2902,91097,82,221980
19628,0.007037,172.31.47.0-255,66,91163,82,221980
19629,0.007064,172.217.194.0-255,2902,94065,82,221980
19630,0.008528,172.31.47.0-255,66,94131,82,221980
19631,0.009558,172.217.194.0-255,2902,97033,82,221980
19632,0.009564,172.31.47.0-255,66,97099,82,221980
19633,0.011078,172.217.194.0-255,2902,100001,82,221980
19634,0.012061,172.217.194.0-255,2902,102903,82,221980
19635,0.016628,172.31.47.0-255,66,102969,82,221980
19636,0.019233,172.217.194.0-255,5738,108707,82,221980
19637,0.019247,172.31.47.0-255,66,108773,82,221980
19638,0.021802,172.217.194.0-255,5738,114511,82,221980
19639,0.021813,172.31.47.0-255,66,114577,82,221980
19640,0.024303,172.217.194.0-255,5738,120315,82,221980
19641,0.02431,172.31.47.0-255,66,120381,82,221980
19642,0.025637,172.31.47.0-255,172,120553,82,221980
19643,0.025664,172.31.47.0-255,1111,121664,82,221980
19644,0.02573,172.31.47.0-255,1514,123178,82,221980
19645,0.025731,172.31.47.0-255,1288,124466,82,221980
19646,0.026908,172.217.194.0-255,5738,130204,82,221980
19647,0.026915,172.31.47.0-255,66,130270,82,221980
19648,0.027163,104.244.42.0-255,66,130336,82,221980
19649,0.027226,104.244.42.0-255,66,130402,82,221980
19650,0.027281,104.244.42.0-255,66,130468,82,221980
19651,0.029479,172.217.194.0-255,4320,134788,82,221980
19652,0.029486,172.31.47.0-255,66,134854,82,221980
19653,0.029506,172.217.194.0-255,1484,136338,82,221980
19654,0.03204,172.217.194.0-255,4320,140658,82,221980
19655,0.032045,172.31.47.0-255,66,140724,82,221980
19656,0.034589,172.217.194.0-255,5738,146462,82,221980
19657,0.034622,172.31.47.0-255,66,146528,82,221980
19658,0.037167,172.217.194.0-255,5738,152266,82,221980
19659,0.037173,172.31.47.0-255,66,152332,82,221980
19660,0.039725,172.217.194.0-255,5738,158070,82,221980
19661,0.039731,172.31.47.0-255,66,158136,82,221980
19662,0.042252,172.217.194.0-255,5738,163874,82,221980
19663,0.042258,172.31.47.0-255,66,163940,82,221980
19664,0.044786,172.217.194.0-255,5738,169678,82,221980
19665,0.044791,172.31.47.0-255,66,169744,82,221980
19666,0.047317,172.217.194.0-255,5738,175482,82,221980
19667,0.047322,172.31.47.0-255,66,175548,82,221980
19668,0.049848,172.217.194.0-255,5738,181286,82,221980
19669,0.049854,172.31.47.0-255,66,181352,82,221980
19670,0.052403,172.217.194.0-255,5738,187090,82,221980
19671,0.052407,172.31.47.0-255,66,187156,82,221980
19672,0.054962,172.217.194.0-255,5738,192894,82,221980
19673,0.054968,172.31.47.0-255,66,192960,82,221980
19674,0.057513,172.217.194.0-255,5738,198698,82,221980
19675,0.057519,172.31.47.0-255,66,198764,82,221980
19676,0.060072,172.217.194.0-255,5738,204502,82,221980
19677,0.060077,172.31.47.0-255,66,204568,82,221980
19678,0.062626,172.217.194.0-255,5738,210306,82,221980
19679,0.062632,172.31.47.0-255,66,210372,82,221980
19680,0.065207,172.217.194.0-255,5738,216110,82,221980
19681,0.065212,172.31.47.0-255,66,216176,82,221980
19682,0.06779,172.217.194.0-255,5738,221914,82,221980
19683,0.067795,172.31.47.0-255,66,221980,82,221980
19684,0.0,172.217.194.0-255,153,153,82,307723
19685,2.8e-05,172.31.47.0-255,66,219,82,307723
19686,3.4e-05,172.217.194.0-255,1484,1703,82,307723
19687,3.7e-05,172.31.47.0-255,66,1769,82,307723
19688,4.2e-05,172.217.194.0-255,2902,4671,82,307723
19689,4.5e-05,172.31.47.0-255,66,4737,82,307723
19690,5.2e-05,172.217.194.0-255,7156,11893,82,307723
19691,5.4e-05,172.31.47.0-255,66,11959,82,307723
19692,9.4e-05,172.217.194.0-255,4320,16279,82,307723
19693,9.7e-05,172.31.47.0-255,66,16345,82,307723
19694,0.000113,172.217.194.0-255,3429,19774,82,307723
19695,0.000116,172.31.47.0-255,66,19840,82,307723
19696,0.000123,172.217.194.0-255,7156,26996,82,307723
19697,0.000125,172.31.47.0-255,66,27062,82,307723
19698,0.000158,172.217.194.0-255,3961,31023,82,307723
19699,0.000161,172.31.47.0-255,66,31089,82,307723
19700,0.000203,172.217.194.0-255,1484,32573,82,307723
19701,0.000206,172.31.47.0-255,66,32639,82,307723
19702,0.000209,172.217.194.0-255,2902,35541,82,307723
19703,0.000211,172.31.47.0-255,66,35607,82,307723
19704,0.000214,172.217.194.0-255,1484,37091,82,307723
19705,0.000216,172.31.47.0-255,66,37157,82,307723
19706,0.00024,172.217.194.0-255,4320,41477,82,307723
19707,0.000243,172.31.47.0-255,66,41543,82,307723
19708,0.000282,172.217.194.0-255,4320,45863,82,307723
19709,0.000286,172.31.47.0-255,66,45929,82,307723
19710,0.000304,172.217.194.0-255,2543,48472,82,307723
19711,0.000306,172.31.47.0-255,66,48538,82,307723
19712,0.000312,172.217.194.0-255,7156,55694,82,307723
19713,0.000314,172.31.47.0-255,66,55760,82,307723
19714,0.000323,172.217.194.0-255,9910,65670,82,307723
19715,0.000325,172.31.47.0-255,66,65736,82,307723
19716,0.000368,172.217.194.0-255,121,65857,82,307723
19717,0.00041,172.217.194.0-255,377,66234,82,307723
19718,0.000683,172.31.47.0-255,66,66300,82,307723
19719,0.000715,172.217.194.0-255,1484,67784,82,307723
19720,0.00072,172.217.194.0-255,1484,69268,82,307723
19721,0.000722,172.31.47.0-255,66,69334,82,307723
19722,0.000742,172.217.194.0-255,1484,70818,82,307723
19723,0.000748,172.217.194.0-255,5738,76556,82,307723
19724,0.00075,172.31.47.0-255,66,76622,82,307723
19725,0.000763,172.217.194.0-255,4320,80942,82,307723
19726,0.000766,172.31.47.0-255,66,81008,82,307723
19727,0.000784,172.217.194.0-255,8574,89582,82,307723
19728,0.000788,172.31.47.0-255,66,89648,82,307723
19729,0.000808,172.217.194.0-255,7156,96804,82,307723
19730,0.00081,172.31.47.0-255,66,96870,82,307723
19731,0.000831,172.217.194.0-255,2902,99772,82,307723
19732,0.000833,172.31.47.0-255,66,99838,82,307723
19733,0.000836,172.217.194.0-255,766,100604,82,307723
19734,0.000941,172.31.47.0-255,66,100670,82,307723
19735,0.000976,172.217.194.0-255,1484,102154,82,307723
19736,0.000984,172.217.194.0-255,2902,105056,82,307723
19737,0.000987,172.31.47.0-255,66,105122,82,307723
19738,0.001012,172.217.194.0-255,5738,110860,82,307723
19739,0.001014,172.31.47.0-255,66,110926,82,307723
19740,0.00102,172.217.194.0-255,5738,116664,82,307723
19741,0.001022,172.31.47.0-255,66,116730,82,307723
19742,0.00104,172.217.194.0-255,7156,123886,82,307723
19743,0.001047,172.217.194.0-255,9992,133878,82,307723
19744,0.001052,172.31.47.0-255,66,133944,82,307723
19745,0.001054,172.31.47.0-255,66,134010,82,307723
19746,0.001071,172.217.194.0-255,766,134776,82,307723
19747,0.001136,172.217.194.0-255,1484,136260,82,307723
19748,0.00114,172.31.47.0-255,66,136326,82,307723
19749,0.001145,172.217.194.0-255,2902,139228,82,307723
19750,0.001146,172.31.47.0-255,66,139294,82,307723
19751,0.00115,172.217.194.0-255,2902,142196,82,307723
19752,0.001152,172.31.47.0-255,66,142262,82,307723
19753,0.001178,172.217.194.0-255,2902,145164,82,307723
19754,0.001181,172.31.47.0-255,66,145230,82,307723
19755,0.001193,172.31.47.0-255,66,145296,82,307723
19756,0.001196,172.217.194.0-255,1484,146780,82,307723
19757,0.001233,172.217.194.0-255,4320,151100,82,307723
19758,0.001236,172.31.47.0-255,66,151166,82,307723
19759,0.001258,172.217.194.0-255,5020,156186,82,307723
19760,0.001261,172.31.47.0-255,66,156252,82,307723
19761,0.001268,172.217.194.0-255,9992,166244,82,307723
19762,0.001271,172.31.47.0-255,66,166310,82,307723
19763,0.001296,172.217.194.0-255,7156,173466,82,307723
19764,0.0013,172.31.47.0-255,66,173532,82,307723
19765,0.001332,172.31.47.0-255,66,173598,82,307723
19766,0.001337,172.217.194.0-255,3602,177200,82,307723
19767,0.00134,172.31.47.0-255,66,177266,82,307723
19768,0.001345,172.217.194.0-255,4320,181586,82,307723
19769,0.001347,172.31.47.0-255,66,181652,82,307723
19770,0.001349,172.217.194.0-255,1484,183136,82,307723
19771,0.00138,172.217.194.0-255,8574,191710,82,307723
19772,0.001385,172.31.47.0-255,66,191776,82,307723
19773,0.001395,172.217.194.0-255,5738,197514,82,307723
19774,0.001398,172.31.47.0-255,66,197580,82,307723
19775,0.001441,172.31.47.0-255,66,197646,82,307723
19776,0.001461,172.31.47.0-255,66,197712,82,307723
19777,0.001474,172.31.47.0-255,66,197778,82,307723
19778,0.001476,172.217.194.0-255,766,198544,82,307723
19779,0.001528,172.217.194.0-255,1484,200028,82,307723
19780,0.001534,172.217.194.0-255,4320,204348,82,307723
19781,0.001541,172.217.194.0-255,9992,214340,82,307723
19782,0.001545,172.31.47.0-255,66,214406,82,307723
19783,0.001548,172.31.47.0-255,66,214472,82,307723
19784,0.001551,172.31.47.0-255,66,214538,82,307723
19785,0.001576,172.31.47.0-255,66,214604,82,307723
19786,0.001596,172.217.194.0-255,6438,221042,82,307723
19787,0.001598,172.31.47.0-255,66,221108,82,307723
19788,0.001805,172.217.194.0-255,1484,222592,82,307723
19789,0.00181,172.217.194.0-255,2902,225494,82,307723
19790,0.001812,172.31.47.0-255,66,225560,82,307723
19791,0.001815,172.217.194.0-255,1484,227044,82,307723
19792,0.001832,172.217.194.0-255,4320,231364,82,307723
19793,0.001834,172.31.47.0-255,66,231430,82,307723
19794,0.00187,172.31.47.0-255,66,231496,82,307723
19795,0.001899,172.217.194.0-255,1484,232980,82,307723
19796,0.001924,172.217.194.0-255,10692,243672,82,307723
19797,0.001927,172.31.47.0-255,66,243738,82,307723
19798,0.001951,172.217.194.0-255,4320,248058,82,307723
19799,0.001954,172.31.47.0-255,66,248124,82,307723
19800,0.001976,172.217.194.0-255,8574,256698,82,307723
19801,0.001979,172.31.47.0-255,66,256764,82,307723
19802,0.001989,172.31.47.0-255,66,256830,82,307723
19803,0.002011,172.217.194.0-255,2902,259732,82,307723
19804,0.002013,172.31.47.0-255,66,259798,82,307723
19805,0.002018,172.217.194.0-255,6438,266236,82,307723
19806,0.00202,172.31.47.0-255,66,266302,82,307723
19807,0.002048,172.217.194.0-255,7156,273458,82,307723
19808,0.002051,172.31.47.0-255,66,273524,82,307723
19809,0.002056,172.217.194.0-255,5738,279262,82,307723
19810,0.002057,172.31.47.0-255,66,279328,82,307723
19811,0.002073,172.217.194.0-255,8574,287902,82,307723
19812,0.002075,172.31.47.0-255,66,287968,82,307723
19813,0.002098,172.217.194.0-255,4320,292288,82,307723
19814,0.002101,172.31.47.0-255,66,292354,82,307723
19815,0.002123,172.217.194.0-255,10504,302858,82,307723
19816,0.002126,172.31.47.0-255,66,302924,82,307723
19817,0.002134,172.217.194.0-255,105,303029,82,307723
19818,0.003521,172.31.47.0-255,66,303095,82,307723
19819,0.003554,172.31.47.0-255,105,303200,82,307723
19820,0.005865,172.217.194.0-255,66,303266,82,307723
19821,0.023742,172.31.47.0-255,172,303438,82,307723
19822,0.023825,172.31.47.0-255,1112,304550,82,307723
19823,0.023905,172.31.47.0-255,1514,306064,82,307723
19824,0.023907,172.31.47.0-255,1287,307351,82,307723
19825,0.025323,104.244.42.0-255,66,307417,82,307723
19826,0.025366,104.244.42.0-255,66,307483,82,307723
19827,0.025454,104.244.42.0-255,66,307549,82,307723
19828,0.026072,104.244.42.0-255,108,307657,82,307723
19829,0.026077,172.31.47.0-255,66,307723,82,307723
19830,0.0,74.125.24.0-255,298,298,82,301588
19831,3.6e-05,172.31.47.0-255,66,364,82,301588
19832,4.3e-05,74.125.24.0-255,1484,1848,82,301588
19833,4.8e-05,172.31.47.0-255,66,1914,82,301588
19834,5.4e-05,74.125.24.0-255,4320,6234,82,301588
19835,5.7e-05,172.31.47.0-255,66,6300,82,301588
19836,6.3e-05,74.125.24.0-255,5738,12038,82,301588
19837,6.6e-05,172.31.47.0-255,66,12104,82,301588
19838,9.8e-05,74.125.24.0-255,1902,14006,82,301588
19839,0.000102,172.31.47.0-255,66,14072,82,301588
19840,0.000138,74.125.24.0-255,2902,16974,82,301588
19841,0.000142,172.31.47.0-255,66,17040,82,301588
19842,0.000146,74.125.24.0-255,1484,18524,82,301588
19843,0.000148,172.31.47.0-255,66,18590,82,301588
19844,0.000161,74.125.24.0-255,4320,22910,82,301588
19845,0.000164,172.31.47.0-255,66,22976,82,301588
19846,0.000179,74.125.24.0-255,1484,24460,82,301588
19847,0.000181,172.31.47.0-255,66,24526,82,301588
19848,0.000199,74.125.24.0-255,1484,26010,82,301588
19849,0.000201,172.31.47.0-255,66,26076,82,301588
19850,0.00022,74.125.24.0-255,5379,31455,82,301588
19851,0.000224,172.31.47.0-255,66,31521,82,301588
19852,0.000327,74.125.24.0-255,1484,33005,82,301588
19853,0.000332,172.31.47.0-255,66,33071,82,301588
19854,0.000337,74.125.24.0-255,2902,35973,82,301588
19855,0.000341,172.31.47.0-255,66,36039,82,301588
19856,0.000346,74.125.24.0-255,4320,40359,82,301588
19857,0.000348,172.31.47.0-255,66,40425,82,301588
19858,0.000372,74.125.24.0-255,1484,41909,82,301588
19859,0.000375,172.31.47.0-255,66,41975,82,301588
19860,0.000382,74.125.24.0-255,5738,47713,82,301588
19861,0.000384,172.31.47.0-255,66,47779,82,301588
19862,0.000389,74.125.24.0-255,4320,52099,82,301588
19863,0.000395,172.31.47.0-255,66,52165,82,301588
19864,0.000421,74.125.24.0-255,9633,61798,82,301588
19865,0.000427,74.125.24.0-255,4271,66069,82,301588
19866,0.000432,172.31.47.0-255,66,66135,82,301588
19867,0.000448,74.125.24.0-255,113,66248,82,301588
19868,0.000461,74.125.24.0-255,331,66579,82,301588
19869,0.000881,172.31.47.0-255,66,66645,82,301588
19870,0.001082,74.125.24.0-255,1484,68129,82,301588
19871,0.001092,74.125.24.0-255,2902,71031,82,301588
19872,0.001096,74.125.24.0-255,1484,72515,82,301588
19873,0.001113,74.125.24.0-255,4320,76835,82,301588
19874,0.001135,74.125.24.0-255,7156,83991,82,301588
19875,0.00116,74.125.24.0-255,5738,89729,82,301588
19876,0.001166,74.125.24.0-255,7156,96885,82,301588
19877,0.001171,172.31.47.0-255,66,96951,82,301588
19878,0.001181,74.125.24.0-255,1484,98435,82,301588
19879,0.001186,172.31.47.0-255,66,98501,82,301588
19880,0.001203,74.125.24.0-255,2184,100685,82,301588
19881,0.001245,172.31.47.0-255,66,100751,82,301588
19882,0.002034,74.125.24.0-255,1484,102235,82,301588
19883,0.002043,74.125.24.0-255,2902,105137,82,301588
19884,0.002048,172.31.47.0-255,66,105203,82,301588
19885,0.002055,74.125.24.0-255,4320,109523,82,301588
19886,0.002069,74.125.24.0-255,1484,111007,82,301588
19887,0.002075,74.125.24.0-255,7156,118163,82,301588
19888,0.00209,74.125.24.0-255,5738,123901,82,301588
19889,0.002109,172.31.47.0-255,66,123967,82,301588
19890,0.002117,74.125.24.0-255,10692,134659,82,301588
19891,0.00215,172.31.47.0-255,66,134725,82,301588
19892,0.002336,74.125.24.0-255,1484,136209,82,301588
19893,0.00444,74.125.24.0-255,4320,140529,82,301588
19894,0.004445,172.31.47.0-255,66,140595,82,301588
19895,0.006744,74.125.24.0-255,5738,146333,82,301588
19896,0.006782,172.31.47.0-255,66,146399,82,301588
19897,0.009078,74.125.24.0-255,5738,152137,82,301588
19898,0.009091,172.31.47.0-255,66,152203,82,301588
19899,0.011377,74.125.24.0-255,5738,157941,82,301588
19900,0.011388,172.31.47.0-255,66,158007,82,301588
19901,0.013678,74.125.24.0-255,5738,163745,82,301588
19902,0.013685,172.31.47.0-255,66,163811,82,301588
19903,0.015979,74.125.24.0-255,5738,169549,82,301588
19904,0.015984,172.31.47.0-255,66,169615,82,301588
19905,0.018283,74.125.24.0-255,5738,175353,82,301588
19906,0.018289,172.31.47.0-255,66,175419,82,301588
19907,0.020581,74.125.24.0-255,5738,181157,82,301588
19908,0.020587,172.31.47.0-255,66,181223,82,301588
19909,0.021137,172.31.47.0-255,172,181395,82,301588
19910,0.021174,172.31.47.0-255,1103,182498,82,301588
19911,0.021251,172.31.47.0-255,1514,184012,82,301588
19912,0.021253,172.31.47.0-255,1298,185310,82,301588
19913,0.022618,104.244.42.0-255,66,185376,82,301588
19914,0.02266,104.244.42.0-255,66,185442,82,301588
19915,0.022741,104.244.42.0-255,66,185508,82,301588
19916,0.022869,74.125.24.0-255,5738,191246,82,301588
19917,0.022872,172.31.47.0-255,66,191312,82,301588
19918,0.025153,74.125.24.0-255,5738,197050,82,301588
19919,0.025159,172.31.47.0-255,66,197116,82,301588
19920,0.027468,74.125.24.0-255,5738,202854,82,301588
19921,0.027475,172.31.47.0-255,66,202920,82,301588
19922,0.029763,74.125.24.0-255,5738,208658,82,301588
19923,0.029769,172.31.47.0-255,66,208724,82,301588
19924,0.032062,74.125.24.0-255,5738,214462,82,301588
19925,0.032067,172.31.47.0-255,66,214528,82,301588
19926,0.03433,74.125.24.0-255,5738,220266,82,301588
19927,0.034335,172.31.47.0-255,66,220332,82,301588
19928,0.036624,74.125.24.0-255,5738,226070,82,301588
19929,0.036629,172.31.47.0-255,66,226136,82,301588
19930,0.038901,74.125.24.0-255,5738,231874,82,301588
19931,0.038908,172.31.47.0-255,66,231940,82,301588
19932,0.041203,74.125.24.0-255,5738,237678,82,301588
19933,0.04121,172.31.47.0-255,66,237744,82,301588
19934,0.043495,74.125.24.0-255,5738,243482,82,301588
19935,0.0435,172.31.47.0-255,66,243548,82,301588
19936,0.045795,74.125.24.0-255,5738,249286,82,301588
19937,0.045813,172.31.47.0-255,66,249352,82,301588
19938,0.048113,74.125.24.0-255,5738,255090,82,301588
19939,0.048118,172.31.47.0-255,66,255156,82,301588
19940,0.050463,74.125.24.0-255,5738,260894,82,301588
19941,0.052707,172.31.47.0-255,66,260960,82,301588
19942,0.055025,74.125.24.0-255,5738,266698,82,301588
19943,0.055047,172.31.47.0-255,66,266764,82,301588
19944,0.057347,74.125.24.0-255,5738,272502,82,301588
19945,0.057365,172.31.47.0-255,66,272568,82,301588
19946,0.05964,74.125.24.0-255,5738,278306,82,301588
19947,0.059646,172.31.47.0-255,66,278372,82,301588
19948,0.061979,74.125.24.0-255,5738,284110,82,301588
19949,0.061999,172.31.47.0-255,66,284176,82,301588
19950,0.064347,74.125.24.0-255,5738,289914,82,301588
19951,0.064367,172.31.47.0-255,66,289980,82,301588
19952,0.066672,74.125.24.0-255,5738,295718,82,301588
19953,0.066687,172.31.47.0-255,66,295784,82,301588
19954,0.068991,74.125.24.0-255,5738,301522,82,301588
19955,0.06901,172.31.47.0-255,66,301588,82,301588
19956,0.0,172.217.194.0-255,153,153,82,303568
19957,3.4e-05,172.31.47.0-255,66,219,82,303568
19958,4e-05,172.217.194.0-255,1484,1703,82,303568
19959,4.5e-05,172.31.47.0-255,66,1769,82,303568
19960,5e-05,172.217.194.0-255,2902,4671,82,303568
19961,6e-05,172.31.47.0-255,66,4737,82,303568
19962,9.4e-05,172.217.194.0-255,5738,10475,82,303568
19963,9.7e-05,172.31.47.0-255,66,10541,82,303568
19964,0.000102,172.217.194.0-255,2902,13443,82,303568
19965,0.000104,172.31.47.0-255,66,13509,82,303568
19966,0.000135,172.217.194.0-255,6267,19776,82,303568
19967,0.000137,172.31.47.0-255,66,19842,82,303568
19968,0.000148,172.217.194.0-255,8574,28416,82,303568
19969,0.00015,172.31.47.0-255,66,28482,82,303568
19970,0.000177,172.217.194.0-255,1484,29966,82,303568
19971,0.00018,172.31.47.0-255,66,30032,82,303568
19972,0.00019,172.217.194.0-255,1125,31157,82,303568
19973,0.000194,172.31.47.0-255,66,31223,82,303568
19974,0.000223,172.217.194.0-255,1484,32707,82,303568
19975,0.000226,172.31.47.0-255,66,32773,82,303568
19976,0.000231,172.217.194.0-255,2902,35675,82,303568
19977,0.000234,172.31.47.0-255,66,35741,82,303568
19978,0.00024,172.217.194.0-255,5738,41479,82,303568
19979,0.000243,172.31.47.0-255,66,41545,82,303568
19980,0.000282,172.217.194.0-255,6797,48342,82,303568
19981,0.000286,172.31.47.0-255,66,48408,82,303568
19982,0.000638,172.217.194.0-255,1484,49892,82,303568
19983,0.000643,172.31.47.0-255,66,49958,82,303568
19984,0.000649,172.217.194.0-255,2902,52860,82,303568
19985,0.000651,172.31.47.0-255,66,52926,82,303568
19986,0.000664,172.217.194.0-255,5738,58664,82,303568
19987,0.000667,172.31.47.0-255,66,58730,82,303568
19988,0.000701,172.217.194.0-255,6797,65527,82,303568
19989,0.000705,172.31.47.0-255,66,65593,82,303568
19990,0.000732,172.217.194.0-255,4902,70495,82,303568
19991,0.000738,172.217.194.0-255,2902,73397,82,303568
19992,0.000744,172.31.47.0-255,66,73463,82,303568
19993,0.000755,172.217.194.0-255,2902,76365,82,303568
19994,0.000762,172.31.47.0-255,66,76431,82,303568
19995,0.000768,172.217.194.0-255,8574,85005,82,303568
19996,0.000777,172.31.47.0-255,66,85071,82,303568
19997,0.000806,172.217.194.0-255,4320,89391,82,303568
19998,0.000813,172.31.47.0-255,66,89457,82,303568
19999,0.000817,172.217.194.0-255,10692,100149,82,303568
20000,0.000828,172.31.47.0-255,66,100215,82,303568
20001,0.00101,172.217.194.0-255,1484,101699,82,303568
20002,0.001029,172.217.194.0-255,2902,104601,82,303568
20003,0.001033,172.31.47.0-255,66,104667,82,303568
20004,0.001039,172.217.194.0-255,5738,110405,82,303568
20005,0.001042,172.31.47.0-255,66,110471,82,303568
20006,0.001056,172.217.194.0-255,4320,114791,82,303568
20007,0.001069,172.31.47.0-255,66,114857,82,303568
20008,0.001079,172.217.194.0-255,8574,123431,82,303568
20009,0.001087,172.31.47.0-255,66,123497,82,303568
20010,0.001097,172.217.194.0-255,10692,134189,82,303568
20011,0.001108,172.31.47.0-255,66,134255,82,303568
20012,0.001294,172.217.194.0-255,1484,135739,82,303568
20013,0.001298,172.217.194.0-255,1484,137223,82,303568
20014,0.001301,172.31.47.0-255,66,137289,82,303568
20015,0.001318,172.217.194.0-255,1484,138773,82,303568
20016,0.001325,172.217.194.0-255,5738,144511,82,303568
20017,0.001328,172.217.194.0-255,1484,145995,82,303568
20018,0.001333,172.31.47.0-255,66,146061,82,303568
20019,0.001343,172.217.194.0-255,5738,151799,82,303568
20020,0.001356,172.31.47.0-255,66,151865,82,303568
20021,0.001366,172.217.194.0-255,5738,157603,82,303568
20022,0.001372,172.31.47.0-255,66,157669,82,303568
20023,0.001393,172.217.194.0-255,8574,166243,82,303568
20024,0.001406,172.31.47.0-255,66,166309,82,303568
20025,0.001429,172.217.194.0-255,2184,168493,82,303568
20026,0.001441,172.31.47.0-255,66,168559,82,303568
20027,0.001482,172.217.194.0-255,2902,171461,82,303568
20028,0.001486,172.31.47.0-255,66,171527,82,303568
20029,0.001489,172.217.194.0-255,1484,173011,82,303568
20030,0.001516,172.217.194.0-255,2902,175913,82,303568
20031,0.001522,172.31.47.0-255,66,175979,82,303568
20032,0.001523,172.217.194.0-255,8574,184553,82,303568
20033,0.001526,172.217.194.0-255,1484,186037,82,303568
20034,0.001526,172.31.47.0-255,66,186103,82,303568
20035,0.001566,172.217.194.0-255,8574,194677,82,303568
20036,0.001568,172.217.194.0-255,1484,196161,82,303568
20037,0.001571,172.31.47.0-255,66,196227,82,303568
20038,0.001602,172.217.194.0-255,6438,202665,82,303568
20039,0.001611,172.31.47.0-255,66,202731,82,303568
20040,0.001631,172.217.194.0-255,4320,207051,82,303568
20041,0.001637,172.31.47.0-255,66,207117,82,303568
20042,0.001656,172.217.194.0-255,1484,208601,82,303568
20043,0.001663,172.217.194.0-255,7156,215757,82,303568
20044,0.001666,172.31.47.0-255,66,215823,82,303568
20045,0.001683,172.31.47.0-255,66,215889,82,303568
20046,0.001708,172.217.194.0-255,1484,217373,82,303568
20047,0.00172,172.217.194.0-255,6438,223811,82,303568
20048,0.001729,172.31.47.0-255,66,223877,82,303568
20049,0.001805,172.217.194.0-255,1484,225361,82,303568
20050,0.00181,172.217.194.0-255,2902,228263,82,303568
20051,0.001814,172.31.47.0-255,66,228329,82,303568
20052,0.00184,172.217.194.0-255,5738,234067,82,303568
20053,0.001848,172.31.47.0-255,66,234133,82,303568
20054,0.001881,172.31.47.0-255,66,234199,82,303568
20055,0.001887,172.217.194.0-255,1484,235683,82,303568
20056,0.001911,172.217.194.0-255,10692,246375,82,303568
20057,0.001921,172.31.47.0-255,66,246441,82,303568
20058,0.001932,172.217.194.0-255,1484,247925,82,303568
20059,0.001941,172.217.194.0-255,2902,250827,82,303568
20060,0.001945,172.31.47.0-255,66,250893,82,303568
20061,0.001955,172.217.194.0-255,4320,255213,82,303568
20062,0.001963,172.31.47.0-255,66,255279,82,303568
20063,0.00197,172.217.194.0-255,1484,256763,82,303568
20064,0.002003,172.31.47.0-255,66,256829,82,303568
20065,0.002004,172.217.194.0-255,9992,266821,82,303568
20066,0.002007,172.31.47.0-255,66,266887,82,303568
20067,0.00211,172.217.194.0-255,9274,276161,82,303568
20068,0.002113,172.31.47.0-255,66,276227,82,303568
20069,0.002118,172.31.47.0-255,66,276293,82,303568
20070,0.002172,172.31.47.0-255,66,276359,82,303568
20071,0.002182,172.217.194.0-255,2902,279261,82,303568
20072,0.002186,172.31.47.0-255,66,279327,82,303568
20073,0.002219,172.31.47.0-255,66,279393,82,303568
20074,0.002236,172.217.194.0-255,9274,288667,82,303568
20075,0.002245,172.31.47.0-255,66,288733,82,303568
20076,0.002248,172.217.194.0-255,5738,294471,82,303568
20077,0.002261,172.31.47.0-255,66,294537,82,303568
20078,0.002269,172.217.194.0-255,4340,298877,82,303568
20079,0.002272,172.217.194.0-255,105,298982,82,303568
20080,0.002273,172.31.47.0-255,66,299048,82,303568
20081,0.009703,172.31.47.0-255,66,299114,82,303568
20082,0.009732,172.31.47.0-255,105,299219,82,303568
20083,0.012334,172.217.194.0-255,66,299285,82,303568
20084,0.031375,172.31.47.0-255,171,299456,82,303568
20085,0.031402,172.31.47.0-255,1136,300592,82,303568
20086,0.031453,172.31.47.0-255,1514,302106,82,303568
20087,0.031455,172.31.47.0-255,1264,303370,82,303568
20088,0.032886,104.244.42.0-255,66,303436,82,303568
20089,0.032925,104.244.42.0-255,66,303502,82,303568
20090,0.032969,104.244.42.0-255,66,303568,82,303568
20091,0.0,74.125.24.0-255,298,298,82,392367
20092,3.4e-05,172.31.47.0-255,66,364,82,392367
20093,4.1e-05,74.125.24.0-255,1484,1848,82,392367
20094,4.5e-05,172.31.47.0-255,66,1914,82,392367
20095,5.1e-05,74.125.24.0-255,4320,6234,82,392367
20096,6.1e-05,172.31.47.0-255,66,6300,82,392367
20097,6.9e-05,74.125.24.0-255,8883,15183,82,392367
20098,7.2e-05,172.31.47.0-255,66,15249,82,392367
20099,9.8e-05,74.125.24.0-255,7156,22405,82,392367
20100,0.000102,172.31.47.0-255,66,22471,82,392367
20101,0.000123,74.125.24.0-255,2902,25373,82,392367
20102,0.000126,172.31.47.0-255,66,25439,82,392367
20103,0.000161,74.125.24.0-255,5379,30818,82,392367
20104,0.000164,172.31.47.0-255,66,30884,82,392367
20105,0.000168,74.125.24.0-255,1484,32368,82,392367
20106,0.00017,172.31.47.0-255,66,32434,82,392367
20107,0.000201,74.125.24.0-255,4320,36754,82,392367
20108,0.000205,172.31.47.0-255,66,36820,82,392367
20109,0.000211,74.125.24.0-255,5738,42558,82,392367
20110,0.000214,172.31.47.0-255,66,42624,82,392367
20111,0.000245,74.125.24.0-255,5379,48003,82,392367
20112,0.000248,172.31.47.0-255,66,48069,82,392367
20113,0.001062,74.125.24.0-255,1484,49553,82,392367
20114,0.001069,172.31.47.0-255,66,49619,82,392367
20115,0.001079,74.125.24.0-255,2902,52521,82,392367
20116,0.001082,172.31.47.0-255,66,52587,82,392367
20117,0.001094,74.125.24.0-255,5738,58325,82,392367
20118,0.001097,172.31.47.0-255,66,58391,82,392367
20119,0.001104,74.125.24.0-255,6797,65188,82,392367
20120,0.001123,172.31.47.0-255,66,65254,82,392367
20121,0.001181,74.125.24.0-255,1484,66738,82,392367
20122,0.001187,172.31.47.0-255,66,66804,82,392367
20123,0.001193,74.125.24.0-255,2902,69706,82,392367
20124,0.001195,172.31.47.0-255,66,69772,82,392367
20125,0.001236,74.125.24.0-255,5738,75510,82,392367
20126,0.001239,172.31.47.0-255,66,75576,82,392367
20127,0.001248,74.125.24.0-255,7378,82954,82,392367
20128,0.00125,172.31.47.0-255,66,83020,82,392367
20129,0.001398,74.125.24.0-255,1484,84504,82,392367
20130,0.001406,74.125.24.0-255,2902,87406,82,392367
20131,0.001411,172.31.47.0-255,66,87472,82,392367
20132,0.001418,74.125.24.0-255,5738,93210,82,392367
20133,0.00142,172.31.47.0-255,66,93276,82,392367
20134,0.001441,74.125.24.0-255,8574,101850,82,392367
20135,0.001444,172.31.47.0-255,66,101916,82,392367
20136,0.001477,74.125.24.0-255,4320,106236,82,392367
20137,0.00148,172.31.47.0-255,66,106302,82,392367
20138,0.001487,74.125.24.0-255,5738,112040,82,392367
20139,0.001489,172.31.47.0-255,66,112106,82,392367
20140,0.001522,74.125.24.0-255,4456,116562,82,392367
20141,0.001527,172.31.47.0-255,66,116628,82,392367
20142,0.001546,74.125.24.0-255,5738,122366,82,392367
20143,0.001549,172.31.47.0-255,66,122432,82,392367
20144,0.001556,74.125.24.0-255,7156,129588,82,392367
20145,0.001558,172.31.47.0-255,66,129654,82,392367
20146,0.001561,74.125.24.0-255,1484,131138,82,392367
20147,0.001611,172.31.47.0-255,66,131204,82,392367
20148,0.001618,74.125.24.0-255,6438,137642,82,392367
20149,0.00162,172.31.47.0-255,66,137708,82,392367
20150,0.001779,74.125.24.0-255,1484,139192,82,392367
20151,0.001783,74.125.24.0-255,1484,140676,82,392367
20152,0.001786,172.31.47.0-255,66,140742,82,392367
20153,0.001809,74.125.24.0-255,1484,142226,82,392367
20154,0.001815,74.125.24.0-255,5738,147964,82,392367
20155,0.001817,172.31.47.0-255,66,148030,82,392367
20156,0.001823,74.125.24.0-255,5738,153768,82,392367
20157,0.001825,172.31.47.0-255,66,153834,82,392367
20158,0.001854,74.125.24.0-255,7156,160990,82,392367
20159,0.001856,172.31.47.0-255,66,161056,82,392367
20160,0.001865,74.125.24.0-255,10692,171748,82,392367
20161,0.001868,172.31.47.0-255,66,171814,82,392367
20162,0.001893,74.125.24.0-255,4320,176134,82,392367
20163,0.001896,172.31.47.0-255,66,176200,82,392367
20164,0.001902,74.125.24.0-255,5738,181938,82,392367
20165,0.001904,172.31.47.0-255,66,182004,82,392367
20166,0.00193,172.31.47.0-255,66,182070,82,392367
20167,0.001932,74.125.24.0-255,1484,183554,82,392367
20168,0.001963,74.125.24.0-255,10692,194246,82,392367
20169,0.001965,172.31.47.0-255,66,194312,82,392367
20170,0.00199,74.125.24.0-255,4320,198632,82,392367
20171,0.001992,172.31.47.0-255,66,198698,82,392367
20172,0.002019,74.125.24.0-255,4320,203018,82,392367
20173,0.002022,172.31.47.0-255,66,203084,82,392367
20174,0.002027,74.125.24.0-255,7156,210240,82,392367
20175,0.002029,172.31.47.0-255,66,210306,82,392367
20176,0.003966,74.125.24.0-255,5738,216044,82,392367
20177,0.00397,172.31.47.0-255,66,216110,82,392367
20178,0.005913,74.125.24.0-255,5738,221848,82,392367
20179,0.00592,172.31.47.0-255,66,221914,82,392367
20180,0.00787,74.125.24.0-255,5738,227652,82,392367
20181,0.007878,172.31.47.0-255,66,227718,82,392367
20182,0.009867,74.125.24.0-255,5738,233456,82,392367
20183,0.009873,172.31.47.0-255,66,233522,82,392367
20184,0.011796,74.125.24.0-255,5738,239260,82,392367
20185,0.011803,172.31.47.0-255,66,239326,82,392367
20186,0.01379,74.125.24.0-255,5738,245064,82,392367
20187,0.013797,172.31.47.0-255,66,245130,82,392367
20188,0.015758,74.125.24.0-255,5738,250868,82,392367
20189,0.015775,172.31.47.0-255,66,250934,82,392367
20190,0.01775,74.125.24.0-255,5738,256672,82,392367
20191,0.017758,172.31.47.0-255,66,256738,82,392367
20192,0.019697,74.125.24.0-255,4320,261058,82,392367
20193,0.019704,172.31.47.0-255,66,261124,82,392367
20194,0.019734,74.125.24.0-255,1484,262608,82,392367
20195,0.02163,74.125.24.0-255,4320,266928,82,392367
20196,0.021636,172.31.47.0-255,66,266994,82,392367
20197,0.02326,172.31.47.0-255,172,267166,82,392367
20198,0.023309,172.31.47.0-255,1111,268277,82,392367
20199,0.023452,172.31.47.0-255,1514,269791,82,392367
20200,0.023476,172.31.47.0-255,1288,271079,82,392367
20201,0.02358,74.125.24.0-255,5738,276817,82,392367
20202,0.023586,172.31.47.0-255,66,276883,82,392367
20203,0.024862,104.244.42.0-255,66,276949,82,392367
20204,0.024868,104.244.42.0-255,66,277015,82,392367
20205,0.025013,104.244.42.0-255,66,277081,82,392367
20206,0.025079,104.244.42.0-255,66,277147,82,392367
20207,0.02553,74.125.24.0-255,5738,282885,82,392367
20208,0.025537,172.31.47.0-255,66,282951,82,392367
20209,0.02748,74.125.24.0-255,5738,288689,82,392367
20210,0.027485,172.31.47.0-255,66,288755,82,392367
20211,0.02945,74.125.24.0-255,5738,294493,82,392367
20212,0.029454,172.31.47.0-255,66,294559,82,392367
20213,0.03141,74.125.24.0-255,4320,298879,82,392367
20214,0.031415,172.31.47.0-255,66,298945,82,392367
20215,0.031445,74.125.24.0-255,1484,300429,82,392367
20216,0.033354,74.125.24.0-255,2902,303331,82,392367
20217,0.033359,172.31.47.0-255,66,303397,82,392367
20218,0.033388,74.125.24.0-255,1484,304881,82,392367
20219,0.035278,74.125.24.0-255,4320,309201,82,392367
20220,0.035283,172.31.47.0-255,66,309267,82,392367
20221,0.037216,74.125.24.0-255,5738,315005,82,392367
20222,0.037221,172.31.47.0-255,66,315071,82,392367
20223,0.039172,74.125.24.0-255,5738,320809,82,392367
20224,0.039177,172.31.47.0-255,66,320875,82,392367
20225,0.041119,74.125.24.0-255,5738,326613,82,392367
20226,0.041125,172.31.47.0-255,66,326679,82,392367
20227,0.043068,74.125.24.0-255,5738,332417,82,392367
20228,0.043073,172.31.47.0-255,66,332483,82,392367
20229,0.045007,74.125.24.0-255,5738,338221,82,392367
20230,0.045013,172.31.47.0-255,66,338287,82,392367
20231,0.04696,74.125.24.0-255,5738,344025,82,392367
20232,0.046967,172.31.47.0-255,66,344091,82,392367
20233,0.048879,74.125.24.0-255,2902,346993,82,392367
20234,0.048883,172.31.47.0-255,66,347059,82,392367
20235,0.048911,74.125.24.0-255,2902,349961,82,392367
20236,0.048914,172.31.47.0-255,66,350027,82,392367
20237,0.050842,74.125.24.0-255,5738,355765,82,392367
20238,0.050848,172.31.47.0-255,66,355831,82,392367
20239,0.052785,74.125.24.0-255,5738,361569,82,392367
20240,0.05279,172.31.47.0-255,66,361635,82,392367
20241,0.054745,74.125.24.0-255,2902,364537,82,392367
20242,0.05475,172.31.47.0-255,66,364603,82,392367
20243,0.054779,74.125.24.0-255,2902,367505,82,392367
20244,0.054781,172.31.47.0-255,66,367571,82,392367
20245,0.05673,74.125.24.0-255,5738,373309,82,392367
20246,0.056736,172.31.47.0-255,66,373375,82,392367
20247,0.05872,74.125.24.0-255,5738,379113,82,392367
20248,0.058726,172.31.47.0-255,66,379179,82,392367
20249,0.0607,74.125.24.0-255,5738,384917,82,392367
20250,0.060705,172.31.47.0-255,66,384983,82,392367
20251,0.062641,74.125.24.0-255,5738,390721,82,392367
20252,0.062646,172.31.47.0-255,66,390787,82,392367
20253,0.06459,74.125.24.0-255,1343,392130,82,392367
20254,0.064717,172.31.47.0-255,66,392196,82,392367
20255,0.064741,172.31.47.0-255,105,392301,82,392367
20256,0.066676,74.125.24.0-255,66,392367,82,392367
20257,0.0,74.125.24.0-255,153,153,82,333477
20258,2.9e-05,172.31.47.0-255,66,219,82,333477
20259,3.5e-05,74.125.24.0-255,1484,1703,82,333477
20260,3.9e-05,172.31.47.0-255,66,1769,82,333477
20261,4.3e-05,74.125.24.0-255,2902,4671,82,333477
20262,4.6e-05,172.31.47.0-255,66,4737,82,333477
20263,5.2e-05,74.125.24.0-255,5738,10475,82,333477
20264,5.5e-05,172.31.47.0-255,66,10541,82,333477
20265,7.9e-05,74.125.24.0-255,8574,19115,82,333477
20266,8.1e-05,172.31.47.0-255,66,19181,82,333477
20267,0.000104,74.125.24.0-255,4880,24061,82,333477
20268,0.000106,172.31.47.0-255,66,24127,82,333477
20269,0.000109,74.125.24.0-255,1484,25611,82,333477
20270,0.000111,172.31.47.0-255,66,25677,82,333477
20271,0.000114,74.125.24.0-255,1484,27161,82,333477
20272,0.000116,172.31.47.0-255,66,27227,82,333477
20273,0.000141,74.125.24.0-255,3961,31188,82,333477
20274,0.000143,172.31.47.0-255,66,31254,82,333477
20275,0.000192,74.125.24.0-255,1484,32738,82,333477
20276,0.000195,172.31.47.0-255,66,32804,82,333477
20277,0.0002,74.125.24.0-255,2902,35706,82,333477
20278,0.000202,172.31.47.0-255,66,35772,82,333477
20279,0.000208,74.125.24.0-255,4320,40092,82,333477
20280,0.00021,172.31.47.0-255,66,40158,82,333477
20281,0.000229,74.125.24.0-255,1484,41642,82,333477
20282,0.000231,172.31.47.0-255,66,41708,82,333477
20283,0.000237,74.125.24.0-255,5738,47446,82,333477
20284,0.000239,172.31.47.0-255,66,47512,82,333477
20285,0.000242,74.125.24.0-255,1484,48996,82,333477
20286,0.000243,172.31.47.0-255,66,49062,82,333477
20287,0.000288,172.31.47.0-255,66,49128,82,333477
20288,0.000293,74.125.24.0-255,3961,53089,82,333477
20289,0.000295,172.31.47.0-255,66,53155,82,333477
20290,0.00031,74.125.24.0-255,677,53832,82,333477
20291,0.000432,74.125.24.0-255,1484,55316,82,333477
20292,0.000436,172.31.47.0-255,66,55382,82,333477
20293,0.000441,74.125.24.0-255,2902,58284,82,333477
20294,0.000443,172.31.47.0-255,66,58350,82,333477
20295,0.000461,74.125.24.0-255,5738,64088,82,333477
20296,0.000464,172.31.47.0-255,66,64154,82,333477
20297,0.000469,74.125.24.0-255,2902,67056,82,333477
20298,0.000473,172.31.47.0-255,66,67122,82,333477
20299,0.000491,74.125.24.0-255,3961,71083,82,333477
20300,0.000495,172.31.47.0-255,66,71149,82,333477
20301,0.000525,74.125.24.0-255,5738,76887,82,333477
20302,0.00053,172.31.47.0-255,66,76953,82,333477
20303,0.000548,74.125.24.0-255,8574,85527,82,333477
20304,0.000551,172.31.47.0-255,66,85593,82,333477
20305,0.000567,74.125.24.0-255,2543,88136,82,333477
20306,0.00057,172.31.47.0-255,66,88202,82,333477
20307,0.001066,74.125.24.0-255,1484,89686,82,333477
20308,0.001076,74.125.24.0-255,2902,92588,82,333477
20309,0.00108,172.31.47.0-255,66,92654,82,333477
20310,0.001105,74.125.24.0-255,5738,98392,82,333477
20311,0.001107,172.31.47.0-255,66,98458,82,333477
20312,0.001133,172.31.47.0-255,66,98524,82,333477
20313,0.001141,74.125.24.0-255,7156,105680,82,333477
20314,0.001143,172.31.47.0-255,66,105746,82,333477
20315,0.001163,74.125.24.0-255,3602,109348,82,333477
20316,0.001167,172.31.47.0-255,66,109414,82,333477
20317,0.001197,74.125.24.0-255,1484,110898,82,333477
20318,0.001203,74.125.24.0-255,2902,113800,82,333477
20319,0.001206,172.31.47.0-255,66,113866,82,333477
20320,0.001211,74.125.24.0-255,4320,118186,82,333477
20321,0.001214,172.31.47.0-255,66,118252,82,333477
20322,0.001226,74.125.24.0-255,1484,119736,82,333477
20323,0.001257,74.125.24.0-255,9992,129728,82,333477
20324,0.001261,172.31.47.0-255,66,129794,82,333477
20325,0.001278,74.125.24.0-255,2902,132696,82,333477
20326,0.001281,172.31.47.0-255,66,132762,82,333477
20327,0.001286,74.125.24.0-255,2902,135664,82,333477
20328,0.001288,172.31.47.0-255,66,135730,82,333477
20329,0.001305,74.125.24.0-255,7856,143586,82,333477
20330,0.001308,172.31.47.0-255,66,143652,82,333477
20331,0.001327,74.125.24.0-255,2902,146554,82,333477
20332,0.001329,172.31.47.0-255,66,146620,82,333477
20333,0.001348,74.125.24.0-255,8574,155194,82,333477
20334,0.001352,172.31.47.0-255,66,155260,82,333477
20335,0.00136,74.125.24.0-255,8574,163834,82,333477
20336,0.001362,172.31.47.0-255,66,163900,82,333477
20337,0.001391,74.125.24.0-255,1484,165384,82,333477
20338,0.001425,172.31.47.0-255,66,165450,82,333477
20339,0.001428,74.125.24.0-255,1484,166934,82,333477
20340,0.001442,74.125.24.0-255,1484,168418,82,333477
20341,0.001445,172.31.47.0-255,66,168484,82,333477
20342,0.001466,172.31.47.0-255,66,168550,82,333477
20343,0.001472,74.125.24.0-255,7156,175706,82,333477
20344,0.001475,172.31.47.0-255,66,175772,82,333477
20345,0.001541,172.31.47.0-255,66,175838,82,333477
20346,0.001547,74.125.24.0-255,5738,181576,82,333477
20347,0.00155,172.31.47.0-255,66,181642,82,333477
20348,0.001568,74.125.24.0-255,7156,188798,82,333477
20349,0.001571,172.31.47.0-255,66,188864,82,333477
20350,0.001583,74.125.24.0-255,8574,197438,82,333477
20351,0.001587,172.31.47.0-255,66,197504,82,333477
20352,0.001609,74.125.24.0-255,4320,201824,82,333477
20353,0.001612,172.31.47.0-255,66,201890,82,333477
20354,0.001635,74.125.24.0-255,7156,209046,82,333477
20355,0.001638,172.31.47.0-255,66,209112,82,333477
20356,0.001655,74.125.24.0-255,766,209878,82,333477
20357,0.001696,74.125.24.0-255,1484,211362,82,333477
20358,0.001699,172.31.47.0-255,66,211428,82,333477
20359,0.001704,74.125.24.0-255,2902,214330,82,333477
20360,0.001708,172.31.47.0-255,66,214396,82,333477
20361,0.001726,74.125.24.0-255,5738,220134,82,333477
20362,0.001731,172.31.47.0-255,66,220200,82,333477
20363,0.001761,172.31.47.0-255,66,220266,82,333477
20364,0.001763,74.125.24.0-255,1484,221750,82,333477
20365,0.001783,74.125.24.0-255,8574,230324,82,333477
20366,0.001786,172.31.47.0-255,66,230390,82,333477
20367,0.001802,74.125.24.0-255,766,231156,82,333477
20368,0.001812,74.125.24.0-255,1484,232640,82,333477
20369,0.001814,172.31.47.0-255,66,232706,82,333477
20370,0.001827,74.125.24.0-255,2902,235608,82,333477
20371,0.00183,172.31.47.0-255,66,235674,82,333477
20372,0.001834,74.125.24.0-255,2902,238576,82,333477
20373,0.001837,172.31.47.0-255,66,238642,82,333477
20374,0.001848,74.125.24.0-255,2902,241544,82,333477
20375,0.00185,172.31.47.0-255,66,241610,82,333477
20376,0.001864,74.125.24.0-255,2902,244512,82,333477
20377,0.001866,172.31.47.0-255,66,244578,82,333477
20378,0.001883,74.125.24.0-255,9992,254570,82,333477
20379,0.001885,172.31.47.0-255,66,254636,82,333477
20380,0.001891,74.125.24.0-255,7156,261792,82,333477
20381,0.001893,172.31.47.0-255,66,261858,82,333477
20382,0.001925,74.125.24.0-255,3602,265460,82,333477
20383,0.001927,172.31.47.0-255,66,265526,82,333477
20384,0.001952,74.125.24.0-255,2902,268428,82,333477
20385,0.001954,172.31.47.0-255,66,268494,82,333477
20386,0.001971,74.125.24.0-255,1484,269978,82,333477
20387,0.001976,74.125.24.0-255,5738,275716,82,333477
20388,0.001978,172.31.47.0-255,66,275782,82,333477
20389,0.001995,74.125.24.0-255,2902,278684,82,333477
20390,0.001997,172.31.47.0-255,66,278750,82,333477
20391,0.002001,74.125.24.0-255,2902,281652,82,333477
20392,0.002003,172.31.47.0-255,66,281718,82,333477
20393,0.002027,172.31.47.0-255,66,281784,82,333477
20394,0.002034,74.125.24.0-255,9274,291058,82,333477
20395,0.002037,172.31.47.0-255,66,291124,82,333477
20396,0.002075,74.125.24.0-255,1484,292608,82,333477
20397,0.002086,74.125.24.0-255,4320,296928,82,333477
20398,0.002089,172.31.47.0-255,66,296994,82,333477
20399,0.002108,74.125.24.0-255,9992,306986,82,333477
20400,0.00211,172.31.47.0-255,66,307052,82,333477
20401,0.002139,74.125.24.0-255,9992,317044,82,333477
20402,0.002142,172.31.47.0-255,66,317110,82,333477
20403,0.002147,74.125.24.0-255,5020,322130,82,333477
20404,0.002148,172.31.47.0-255,66,322196,82,333477
20405,0.002155,74.125.24.0-255,6491,328687,82,333477
20406,0.002157,172.31.47.0-255,66,328753,82,333477
20407,0.00216,74.125.24.0-255,97,328850,82,333477
20408,0.002251,74.125.24.0-255,105,328955,82,333477
20409,0.009124,172.31.47.0-255,66,329021,82,333477
20410,0.00915,172.31.47.0-255,105,329126,82,333477
20411,0.011513,74.125.24.0-255,66,329192,82,333477
20412,0.036809,172.31.47.0-255,172,329364,82,333477
20413,0.036838,172.31.47.0-255,1112,330476,82,333477
20414,0.03688,172.31.47.0-255,1514,331990,82,333477
20415,0.036881,172.31.47.0-255,1289,333279,82,333477
20416,0.038286,104.244.42.0-255,66,333345,82,333477
20417,0.038319,104.244.42.0-255,66,333411,82,333477
20418,0.038381,104.244.42.0-255,66,333477,82,333477
20419,0.0,172.31.47.0-255,105,105,82,276
20420,0.001794,157.240.13.0-255,105,210,82,276
20421,0.001812,172.31.47.0-255,66,276,82,276
20422,0.0,172.217.194.0-255,161,161,82,299676
20423,2.8e-05,172.31.47.0-255,66,227,82,299676
20424,3.4e-05,172.217.194.0-255,1484,1711,82,299676
20425,3.7e-05,172.31.47.0-255,66,1777,82,299676
20426,4.2e-05,172.217.194.0-255,2902,4679,82,299676
20427,5.1e-05,172.31.47.0-255,66,4745,82,299676
20428,5.8e-05,172.217.194.0-255,7156,11901,82,299676
20429,6e-05,172.31.47.0-255,66,11967,82,299676
20430,6.2e-05,172.217.194.0-255,1484,13451,82,299676
20431,6.4e-05,172.31.47.0-255,66,13517,82,299676
20432,0.000101,172.217.194.0-255,6300,19817,82,299676
20433,0.000104,172.31.47.0-255,66,19883,82,299676
20434,0.000135,172.217.194.0-255,7156,27039,82,299676
20435,0.000138,172.31.47.0-255,66,27105,82,299676
20436,0.000144,172.217.194.0-255,3961,31066,82,299676
20437,0.000145,172.31.47.0-255,66,31132,82,299676
20438,0.000213,172.217.194.0-255,1484,32616,82,299676
20439,0.000216,172.31.47.0-255,66,32682,82,299676
20440,0.00022,172.217.194.0-255,2902,35584,82,299676
20441,0.000222,172.31.47.0-255,66,35650,82,299676
20442,0.000243,172.217.194.0-255,5738,41388,82,299676
20443,0.000246,172.31.47.0-255,66,41454,82,299676
20444,0.000251,172.217.194.0-255,4320,45774,82,299676
20445,0.000255,172.31.47.0-255,66,45840,82,299676
20446,0.000286,172.217.194.0-255,2543,48383,82,299676
20447,0.000289,172.31.47.0-255,66,48449,82,299676
20448,0.000296,172.217.194.0-255,8574,57023,82,299676
20449,0.000298,172.31.47.0-255,66,57089,82,299676
20450,0.000326,172.217.194.0-255,5738,62827,82,299676
20451,0.00033,172.31.47.0-255,66,62893,82,299676
20452,0.000333,172.217.194.0-255,2832,65725,82,299676
20453,0.000335,172.31.47.0-255,66,65791,82,299676
20454,0.000338,172.217.194.0-255,366,66157,82,299676
20455,0.000651,172.217.194.0-255,1484,67641,82,299676
20456,0.000655,172.31.47.0-255,66,67707,82,299676
20457,0.000659,172.217.194.0-255,1484,69191,82,299676
20458,0.000678,172.217.194.0-255,1484,70675,82,299676
20459,0.000681,172.31.47.0-255,66,70741,82,299676
20460,0.000687,172.217.194.0-255,5738,76479,82,299676
20461,0.000689,172.31.47.0-255,66,76545,82,299676
20462,0.000706,172.31.47.0-255,66,76611,82,299676
20463,0.000735,172.217.194.0-255,1484,78095,82,299676
20464,0.000744,172.217.194.0-255,9992,88087,82,299676
20465,0.000746,172.31.47.0-255,66,88153,82,299676
20466,0.000749,172.217.194.0-255,217,88370,82,299676
20467,0.000913,172.31.47.0-255,66,88436,82,299676
20468,0.000945,172.217.194.0-255,1484,89920,82,299676
20469,0.00095,172.217.194.0-255,2902,92822,82,299676
20470,0.000952,172.31.47.0-255,66,92888,82,299676
20471,0.000976,172.217.194.0-255,5738,98626,82,299676
20472,0.000978,172.217.194.0-255,1484,100110,82,299676
20473,0.00098,172.31.47.0-255,66,100176,82,299676
20474,0.001016,172.31.47.0-255,66,100242,82,299676
20475,0.001043,172.217.194.0-255,7156,107398,82,299676
20476,0.001046,172.31.47.0-255,66,107464,82,299676
20477,0.001072,172.217.194.0-255,3602,111066,82,299676
20478,0.001075,172.31.47.0-255,66,111132,82,299676
20479,0.001218,172.217.194.0-255,1484,112616,82,299676
20480,0.001226,172.217.194.0-255,2902,115518,82,299676
20481,0.001229,172.31.47.0-255,66,115584,82,299676
20482,0.001234,172.217.194.0-255,5738,121322,82,299676
20483,0.001236,172.31.47.0-255,66,121388,82,299676
20484,0.00126,172.217.194.0-255,8574,129962,82,299676
20485,0.001263,172.31.47.0-255,66,130028,82,299676
20486,0.001286,172.217.194.0-255,4320,134348,82,299676
20487,0.001289,172.31.47.0-255,66,134414,82,299676
20488,0.001297,172.217.194.0-255,9992,144406,82,299676
20489,0.001299,172.31.47.0-255,66,144472,82,299676
20490,0.001302,172.217.194.0-255,766,145238,82,299676
20491,0.001431,172.217.194.0-255,1484,146722,82,299676
20492,0.001435,172.31.47.0-255,66,146788,82,299676
20493,0.00144,172.217.194.0-255,2902,149690,82,299676
20494,0.001443,172.31.47.0-255,66,149756,82,299676
20495,0.001452,172.217.194.0-255,4320,154076,82,299676
20496,0.001455,172.31.47.0-255,66,154142,82,299676
20497,0.001486,172.217.194.0-255,1484,155626,82,299676
20498,0.0015,172.31.47.0-255,66,155692,82,299676
20499,0.001502,172.217.194.0-255,1484,157176,82,299676
20500,0.001526,172.217.194.0-255,7156,164332,82,299676
20501,0.001528,172.31.47.0-255,66,164398,82,299676
20502,0.001557,172.217.194.0-255,3602,168000,82,299676
20503,0.00156,172.31.47.0-255,66,168066,82,299676
20504,0.001576,172.31.47.0-255,66,168132,82,299676
20505,0.001588,172.31.47.0-255,66,168198,82,299676
20506,0.001625,172.217.194.0-255,5738,173936,82,299676
20507,0.001628,172.31.47.0-255,66,174002,82,299676
20508,0.001651,172.217.194.0-255,3602,177604,82,299676
20509,0.001654,172.31.47.0-255,66,177670,82,299676
20510,0.0017,172.217.194.0-255,1484,179154,82,299676
20511,0.001704,172.217.194.0-255,2902,182056,82,299676
20512,0.001707,172.31.47.0-255,66,182122,82,299676
20513,0.001732,172.217.194.0-255,5738,187860,82,299676
20514,0.001736,172.31.47.0-255,66,187926,82,299676
20515,0.001739,172.217.194.0-255,1484,189410,82,299676
20516,0.001776,172.31.47.0-255,66,189476,82,299676
20517,0.001787,172.217.194.0-255,8574,198050,82,299676
20518,0.001789,172.31.47.0-255,66,198116,82,299676
20519,0.001811,172.217.194.0-255,2184,200300,82,299676
20520,0.001813,172.31.47.0-255,66,200366,82,299676
20521,0.001858,172.217.194.0-255,1484,201850,82,299676
20522,0.001868,172.217.194.0-255,2902,204752,82,299676
20523,0.00187,172.31.47.0-255,66,204818,82,299676
20524,0.00188,172.217.194.0-255,2902,207720,82,299676
20525,0.001882,172.31.47.0-255,66,207786,82,299676
20526,0.001896,172.217.194.0-255,2902,210688,82,299676
20527,0.001898,172.31.47.0-255,66,210754,82,299676
20528,0.001908,172.217.194.0-255,8574,219328,82,299676
20529,0.00191,172.31.47.0-255,66,219394,82,299676
20530,0.001929,172.217.194.0-255,4320,223714,82,299676
20531,0.001931,172.31.47.0-255,66,223780,82,299676
20532,0.001939,172.217.194.0-255,10692,234472,82,299676
20533,0.001941,172.31.47.0-255,66,234538,82,299676
20534,0.001992,172.217.194.0-255,8574,243112,82,299676
20535,0.001994,172.31.47.0-255,66,243178,82,299676
20536,0.002019,172.217.194.0-255,2902,246080,82,299676
20537,0.002021,172.31.47.0-255,66,246146,82,299676
20538,0.002028,172.217.194.0-255,8574,254720,82,299676
20539,0.00203,172.31.47.0-255,66,254786,82,299676
20540,0.002041,172.31.47.0-255,66,254852,82,299676
20541,0.002062,172.217.194.0-255,10692,265544,82,299676
20542,0.002064,172.31.47.0-255,66,265610,82,299676
20543,0.002075,172.31.47.0-255,66,265676,82,299676
20544,0.002121,172.31.47.0-255,66,265742,82,299676
20545,0.00215,172.217.194.0-255,10692,276434,82,299676
20546,0.002152,172.31.47.0-255,66,276500,82,299676
20547,0.00216,172.217.194.0-255,10692,287192,82,299676
20548,0.002162,172.31.47.0-255,66,287258,82,299676
20549,0.002188,172.217.194.0-255,4855,292113,82,299676
20550,0.00219,172.31.47.0-255,66,292179,82,299676
20551,0.00221,172.217.194.0-255,105,292284,82,299676
20552,0.006827,172.31.47.0-255,66,292350,82,299676
20553,0.006854,172.31.47.0-255,105,292455,82,299676
20554,0.009079,172.217.194.0-255,66,292521,82,299676
20555,0.029809,172.31.47.0-255,171,292692,82,299676
20556,0.029839,172.31.47.0-255,1136,293828,82,299676
20557,0.02987,172.31.47.0-255,1514,295342,82,299676
20558,0.029872,172.31.47.0-255,1514,296856,82,299676
20559,0.029876,172.31.47.0-255,1514,298370,82,299676
20560,0.029877,172.31.47.0-255,1042,299412,82,299676
20561,0.031362,104.244.42.0-255,66,299478,82,299676
20562,0.03141,104.244.42.0-255,66,299544,82,299676
20563,0.031413,104.244.42.0-255,66,299610,82,299676
20564,0.031415,104.244.42.0-255,66,299676,82,299676
20565,0.0,172.31.47.0-255,105,105,82,276
20566,0.068813,31.13.82.0-255,105,210,82,276
20567,0.068839,172.31.47.0-255,66,276,82,276
20568,0.0,74.125.68.0-255,153,153,82,420104
20569,3e-05,172.31.47.0-255,66,219,82,420104
20570,3.6e-05,74.125.68.0-255,1484,1703,82,420104
20571,3.9e-05,172.31.47.0-255,66,1769,82,420104
20572,4.5e-05,74.125.68.0-255,2902,4671,82,420104
20573,6.1e-05,172.31.47.0-255,66,4737,82,420104
20574,6.3e-05,74.125.68.0-255,1484,6221,82,420104
20575,6.6e-05,172.31.47.0-255,66,6287,82,420104
20576,7.1e-05,74.125.68.0-255,2902,9189,82,420104
20577,7.4e-05,74.125.68.0-255,2902,12091,82,420104
20578,7.6e-05,172.31.47.0-255,66,12157,82,420104
20579,7.9e-05,172.31.47.0-255,66,12223,82,420104
20580,9.3e-05,74.125.68.0-255,2126,14349,82,420104
20581,9.6e-05,172.31.47.0-255,66,14415,82,420104
20582,0.000343,74.125.68.0-255,1484,15899,82,420104
20583,0.000348,172.31.47.0-255,66,15965,82,420104
20584,0.000365,74.125.68.0-255,2902,18867,82,420104
20585,0.000369,172.31.47.0-255,66,18933,82,420104
20586,0.000389,74.125.68.0-255,2902,21835,82,420104
20587,0.000392,172.31.47.0-255,66,21901,82,420104
20588,0.000416,74.125.68.0-255,4320,26221,82,420104
20589,0.000419,172.31.47.0-255,66,26287,82,420104
20590,0.000437,74.125.68.0-255,5379,31666,82,420104
20591,0.00044,172.31.47.0-255,66,31732,82,420104
20592,0.00056,74.125.68.0-255,1484,33216,82,420104
20593,0.000565,172.31.47.0-255,66,33282,82,420104
20594,0.00057,74.125.68.0-255,2902,36184,82,420104
20595,0.000572,172.31.47.0-255,66,36250,82,420104
20596,0.000576,74.125.68.0-255,1484,37734,82,420104
20597,0.000578,172.31.47.0-255,66,37800,82,420104
20598,0.000581,74.125.68.0-255,1484,39284,82,420104
20599,0.000583,172.31.47.0-255,66,39350,82,420104
20600,0.0006,74.125.68.0-255,1484,40834,82,420104
20601,0.000606,74.125.68.0-255,4320,45154,82,420104
20602,0.000614,172.31.47.0-255,66,45220,82,420104
20603,0.000623,74.125.68.0-255,1484,46704,82,420104
20604,0.000655,74.125.68.0-255,2543,49247,82,420104
20605,0.000662,172.31.47.0-255,66,49313,82,420104
20606,0.000671,74.125.68.0-255,2902,52215,82,420104
20607,0.000676,172.31.47.0-255,66,52281,82,420104
20608,0.000714,74.125.68.0-255,5738,58019,82,420104
20609,0.000719,172.31.47.0-255,66,58085,82,420104
20610,0.000742,74.125.68.0-255,7156,65241,82,420104
20611,0.000746,74.125.68.0-255,1125,66366,82,420104
20612,0.000751,172.31.47.0-255,66,66432,82,420104
20613,0.000841,74.125.68.0-255,645,67077,82,420104
20614,0.000932,172.31.47.0-255,66,67143,82,420104
20615,0.000945,74.125.68.0-255,1484,68627,82,420104
20616,0.000958,74.125.68.0-255,2902,71529,82,420104
20617,0.00098,74.125.68.0-255,5738,77267,82,420104
20618,0.000984,74.125.68.0-255,2902,80169,82,420104
20619,0.000984,172.31.47.0-255,66,80235,82,420104
20620,0.000989,172.31.47.0-255,66,80301,82,420104
20621,0.000996,74.125.68.0-255,1484,81785,82,420104
20622,0.001011,74.125.68.0-255,2543,84328,82,420104
20623,0.001014,172.31.47.0-255,66,84394,82,420104
20624,0.001058,74.125.68.0-255,1484,85878,82,420104
20625,0.001072,74.125.68.0-255,2902,88780,82,420104
20626,0.001075,172.31.47.0-255,66,88846,82,420104
20627,0.001093,74.125.68.0-255,2902,91748,82,420104
20628,0.001098,172.31.47.0-255,66,91814,82,420104
20629,0.001106,74.125.68.0-255,2902,94716,82,420104
20630,0.001115,172.31.47.0-255,66,94782,82,420104
20631,0.001118,74.125.68.0-255,1484,96266,82,420104
20632,0.001152,74.125.68.0-255,5379,101645,82,420104
20633,0.001169,172.31.47.0-255,66,101711,82,420104
20634,0.001364,74.125.68.0-255,1484,103195,82,420104
20635,0.001381,74.125.68.0-255,2902,106097,82,420104
20636,0.001385,172.31.47.0-255,66,106163,82,420104
20637,0.00141,74.125.68.0-255,4320,110483,82,420104
20638,0.001416,74.125.68.0-255,5738,116221,82,420104
20639,0.001428,172.31.47.0-255,66,116287,82,420104
20640,0.001435,74.125.68.0-255,1484,117771,82,420104
20641,0.001452,74.125.68.0-255,9992,127763,82,420104
20642,0.001457,74.125.68.0-255,4320,132083,82,420104
20643,0.001459,172.31.47.0-255,66,132149,82,420104
20644,0.001462,172.31.47.0-255,66,132215,82,420104
20645,0.001498,74.125.68.0-255,3602,135817,82,420104
20646,0.001507,172.31.47.0-255,66,135883,82,420104
20647,0.0022,74.125.68.0-255,1484,137367,82,420104
20648,0.002219,74.125.68.0-255,1484,138851,82,420104
20649,0.002222,172.31.47.0-255,66,138917,82,420104
20650,0.002228,74.125.68.0-255,2902,141819,82,420104
20651,0.002236,172.31.47.0-255,66,141885,82,420104
20652,0.002261,74.125.68.0-255,4320,146205,82,420104
20653,0.002282,172.31.47.0-255,66,146271,82,420104
20654,0.002283,74.125.68.0-255,1484,147755,82,420104
20655,0.002289,74.125.68.0-255,5738,153493,82,420104
20656,0.002298,172.31.47.0-255,66,153559,82,420104
20657,0.002304,74.125.68.0-255,5738,159297,82,420104
20658,0.002313,172.31.47.0-255,66,159363,82,420104
20659,0.002321,74.125.68.0-255,1484,160847,82,420104
20660,0.002324,74.125.68.0-255,1484,162331,82,420104
20661,0.002331,172.31.47.0-255,66,162397,82,420104
20662,0.002376,74.125.68.0-255,4320,166717,82,420104
20663,0.002382,172.31.47.0-255,66,166783,82,420104
20664,0.002394,74.125.68.0-255,3602,170385,82,420104
20665,0.002399,172.31.47.0-255,66,170451,82,420104
20666,0.002438,74.125.68.0-255,1484,171935,82,420104
20667,0.002457,74.125.68.0-255,1484,173419,82,420104
20668,0.002462,172.31.47.0-255,66,173485,82,420104
20669,0.002475,74.125.68.0-255,1484,174969,82,420104
20670,0.00248,74.125.68.0-255,4320,179289,82,420104
20671,0.002487,172.31.47.0-255,66,179355,82,420104
20672,0.002494,74.125.68.0-255,1484,180839,82,420104
20673,0.002514,74.125.68.0-255,7156,187995,82,420104
20674,0.002518,74.125.68.0-255,2902,190897,82,420104
20675,0.002521,74.125.68.0-255,2902,193799,82,420104
20676,0.002522,172.31.47.0-255,66,193865,82,420104
20677,0.002527,172.31.47.0-255,66,193931,82,420104
20678,0.002545,74.125.68.0-255,1484,195415,82,420104
20679,0.002549,74.125.68.0-255,1484,196899,82,420104
20680,0.002551,74.125.68.0-255,1484,198383,82,420104
20681,0.002552,172.31.47.0-255,66,198449,82,420104
20682,0.002563,74.125.68.0-255,1484,199933,82,420104
20683,0.002579,172.31.47.0-255,66,199999,82,420104
20684,0.002583,74.125.68.0-255,4320,204319,82,420104
20685,0.002586,74.125.68.0-255,766,205085,82,420104
20686,0.002601,172.31.47.0-255,66,205151,82,420104
20687,0.002614,74.125.68.0-255,4320,209471,82,420104
20688,0.002622,172.31.47.0-255,66,209537,82,420104
20689,0.002645,74.125.68.0-255,7156,216693,82,420104
20690,0.002647,74.125.68.0-255,1484,218177,82,420104
20691,0.002649,172.31.47.0-255,66,218243,82,420104
20692,0.002668,74.125.68.0-255,5738,223981,82,420104
20693,0.002675,172.31.47.0-255,66,224047,82,420104
20694,0.002682,74.125.68.0-255,2902,226949,82,420104
20695,0.002685,74.125.68.0-255,1484,228433,82,420104
20696,0.002688,172.31.47.0-255,66,228499,82,420104
20697,0.002702,74.125.68.0-255,8574,237073,82,420104
20698,0.002713,172.31.47.0-255,66,237139,82,420104
20699,0.002724,74.125.68.0-255,2184,239323,82,420104
20700,0.002731,172.31.47.0-255,66,239389,82,420104
20701,0.002737,74.125.68.0-255,2902,242291,82,420104
20702,0.002746,172.31.47.0-255,66,242357,82,420104
20703,0.002748,74.125.68.0-255,1484,243841,82,420104
20704,0.002772,74.125.68.0-255,5738,249579,82,420104
20705,0.002781,74.125.68.0-255,2902,252481,82,420104
20706,0.002781,172.31.47.0-255,66,252547,82,420104
20707,0.002787,172.31.47.0-255,66,252613,82,420104
20708,0.002802,74.125.68.0-255,1484,254097,82,420104
20709,0.002818,74.125.68.0-255,2902,256999,82,420104
20710,0.002823,172.31.47.0-255,66,257065,82,420104
20711,0.002831,74.125.68.0-255,2902,259967,82,420104
20712,0.002835,74.125.68.0-255,2902,262869,82,420104
20713,0.00284,172.31.47.0-255,66,262935,82,420104
20714,0.002852,74.125.68.0-255,4320,267255,82,420104
20715,0.002855,74.125.68.0-255,2902,270157,82,420104
20716,0.002856,172.31.47.0-255,66,270223,82,420104
20717,0.002857,74.125.68.0-255,1484,271707,82,420104
20718,0.002871,172.31.47.0-255,66,271773,82,420104
20719,0.002875,74.125.68.0-255,2184,273957,82,420104
20720,0.002891,74.125.68.0-255,4320,278277,82,420104
20721,0.002891,172.31.47.0-255,66,278343,82,420104
20722,0.002893,74.125.68.0-255,1484,279827,82,420104
20723,0.002902,172.31.47.0-255,66,279893,82,420104
20724,0.002916,74.125.68.0-255,1484,281377,82,420104
20725,0.002936,74.125.68.0-255,5738,287115,82,420104
20726,0.002952,172.31.47.0-255,66,287181,82,420104
20727,0.002955,74.125.68.0-255,4320,291501,82,420104
20728,0.002961,74.125.68.0-255,5738,297239,82,420104
20729,0.002969,172.31.47.0-255,66,297305,82,420104
20730,0.002983,74.125.68.0-255,7156,304461,82,420104
20731,0.002997,172.31.47.0-255,66,304527,82,420104
20732,0.003,74.125.68.0-255,5020,309547,82,420104
20733,0.003014,172.31.47.0-255,66,309613,82,420104
20734,0.00302,74.125.68.0-255,2902,312515,82,420104
20735,0.003029,172.31.47.0-255,66,312581,82,420104
20736,0.003037,74.125.68.0-255,4320,316901,82,420104
20737,0.003042,74.125.68.0-255,2902,319803,82,420104
20738,0.003045,74.125.68.0-255,1484,321287,82,420104
20739,0.003047,172.31.47.0-255,66,321353,82,420104
20740,0.003069,74.125.68.0-255,1484,322837,82,420104
20741,0.003072,74.125.68.0-255,1484,324321,82,420104
20742,0.003074,172.31.47.0-255,66,324387,82,420104
20743,0.003093,74.125.68.0-255,1484,325871,82,420104
20744,0.003099,74.125.68.0-255,4320,330191,82,420104
20745,0.003107,172.31.47.0-255,66,330257,82,420104
20746,0.003156,74.125.68.0-255,2902,333159,82,420104
20747,0.00316,172.31.47.0-255,66,333225,82,420104
20748,0.003169,74.125.68.0-255,2902,336127,82,420104
20749,0.003174,74.125.68.0-255,2902,339029,82,420104
20750,0.003176,74.125.68.0-255,1484,340513,82,420104
20751,0.003177,172.31.47.0-255,66,340579,82,420104
20752,0.003179,74.125.68.0-255,2184,342763,82,420104
20753,0.003193,172.31.47.0-255,66,342829,82,420104
20754,0.003319,74.125.68.0-255,1484,344313,82,420104
20755,0.003338,74.125.68.0-255,2902,347215,82,420104
20756,0.003346,172.31.47.0-255,66,347281,82,420104
20757,0.003376,74.125.68.0-255,5738,353019,82,420104
20758,0.00338,172.31.47.0-255,66,353085,82,420104
20759,0.003384,74.125.68.0-255,1484,354569,82,420104
20760,0.003406,74.125.68.0-255,2902,357471,82,420104
20761,0.003412,74.125.68.0-255,5738,363209,82,420104
20762,0.003412,172.31.47.0-255,66,363275,82,420104
20763,0.003417,172.31.47.0-255,66,363341,82,420104
20764,0.003444,74.125.68.0-255,9992,373333,82,420104
20765,0.003448,172.31.47.0-255,66,373399,82,420104
20766,0.003463,74.125.68.0-255,3602,377001,82,420104
20767,0.003472,172.31.47.0-255,66,377067,82,420104
20768,0.003837,74.125.68.0-255,1484,378551,82,420104
20769,0.003851,74.125.68.0-255,2902,381453,82,420104
20770,0.003854,172.31.47.0-255,66,381519,82,420104
20771,0.003862,74.125.68.0-255,1484,383003,82,420104
20772,0.003885,74.125.68.0-255,2902,385905,82,420104
20773,0.003892,172.31.47.0-255,66,385971,82,420104
20774,0.003914,74.125.68.0-255,5738,391709,82,420104
20775,0.003919,172.31.47.0-255,66,391775,82,420104
20776,0.003926,74.125.68.0-255,1484,393259,82,420104
20777,0.003948,74.125.68.0-255,2902,396161,82,420104
20778,0.003952,172.31.47.0-255,66,396227,82,420104
20779,0.003969,74.125.68.0-255,1484,397711,82,420104
20780,0.003984,74.125.68.0-255,4320,402031,82,420104
20781,0.003987,74.125.68.0-255,1484,403515,82,420104
20782,0.003989,172.31.47.0-255,66,403581,82,420104
20783,0.004004,74.125.68.0-255,2902,406483,82,420104
20784,0.004008,172.31.47.0-255,66,406549,82,420104
20785,0.004039,74.125.68.0-255,2902,409451,82,420104
20786,0.004045,172.31.47.0-255,66,409517,82,420104
20787,0.004055,74.125.68.0-255,2184,411701,82,420104
20788,0.004059,172.31.47.0-255,66,411767,82,420104
20789,0.004087,74.125.68.0-255,3646,415413,82,420104
20790,0.00409,172.31.47.0-255,66,415479,82,420104
20791,0.004154,74.125.68.0-255,105,415584,82,420104
20792,0.004427,172.31.47.0-255,66,415650,82,420104
20793,0.00445,172.31.47.0-255,105,415755,82,420104
20794,0.00688,74.125.68.0-255,66,415821,82,420104
20795,0.033562,172.31.47.0-255,172,415993,82,420104
20796,0.033591,172.31.47.0-255,1111,417104,82,420104
20797,0.033637,172.31.47.0-255,1514,418618,82,420104
20798,0.033639,172.31.47.0-255,1288,419906,82,420104
20799,0.0351,104.244.42.0-255,66,419972,82,420104
20800,0.035118,104.244.42.0-255,66,420038,82,420104
20801,0.035183,104.244.42.0-255,66,420104,82,420104
20802,0.0,172.31.47.0-255,105,105,82,105
20803,0.0,74.125.24.0-255,298,298,82,419843
20804,3e-05,172.31.47.0-255,66,364,82,419843
20805,3.7e-05,74.125.24.0-255,1484,1848,82,419843
20806,4.1e-05,172.31.47.0-255,66,1914,82,419843
20807,4.6e-05,74.125.24.0-255,4320,6234,82,419843
20808,4.8e-05,172.31.47.0-255,66,6300,82,419843
20809,5.4e-05,74.125.24.0-255,4320,10620,82,419843
20810,5.6e-05,172.31.47.0-255,66,10686,82,419843
20811,7.4e-05,74.125.24.0-255,4856,15542,82,419843
20812,7.7e-05,172.31.47.0-255,66,15608,82,419843
20813,8.5e-05,74.125.24.0-255,7156,22764,82,419843
20814,8.6e-05,172.31.47.0-255,66,22830,82,419843
20815,0.000124,74.125.24.0-255,5738,28568,82,419843
20816,0.000127,172.31.47.0-255,66,28634,82,419843
20817,0.000145,74.125.24.0-255,2543,31177,82,419843
20818,0.000148,172.31.47.0-255,66,31243,82,419843
20819,0.000188,74.125.24.0-255,1484,32727,82,419843
20820,0.000191,172.31.47.0-255,66,32793,82,419843
20821,0.000195,74.125.24.0-255,2902,35695,82,419843
20822,0.000198,172.31.47.0-255,66,35761,82,419843
20823,0.000214,74.125.24.0-255,5738,41499,82,419843
20824,0.000217,172.31.47.0-255,66,41565,82,419843
20825,0.000223,74.125.24.0-255,5738,47303,82,419843
20826,0.000225,172.31.47.0-255,66,47369,82,419843
20827,0.00023,74.125.24.0-255,2902,50271,82,419843
20828,0.000231,172.31.47.0-255,66,50337,82,419843
20829,0.00025,74.125.24.0-255,4320,54657,82,419843
20830,0.000252,172.31.47.0-255,66,54723,82,419843
20831,0.000259,74.125.24.0-255,7156,61879,82,419843
20832,0.000261,172.31.47.0-255,66,61945,82,419843
20833,0.000281,74.125.24.0-255,3602,65547,82,419843
20834,0.000283,172.31.47.0-255,66,65613,82,419843
20835,0.000286,74.125.24.0-255,443,66056,82,419843
20836,0.000339,74.125.24.0-255,332,66388,82,419843
20837,0.000529,74.125.24.0-255,1484,67872,82,419843
20838,0.000533,172.31.47.0-255,66,67938,82,419843
20839,0.000538,74.125.24.0-255,2902,70840,82,419843
20840,0.000541,172.31.47.0-255,66,70906,82,419843
20841,0.000571,74.125.24.0-255,5738,76644,82,419843
20842,0.000574,172.31.47.0-255,66,76710,82,419843
20843,0.000589,74.125.24.0-255,2902,79612,82,419843
20844,0.000592,172.31.47.0-255,66,79678,82,419843
20845,0.000614,74.125.24.0-255,7156,86834,82,419843
20846,0.000617,172.31.47.0-255,66,86900,82,419843
20847,0.000637,74.125.24.0-255,4320,91220,82,419843
20848,0.000639,172.31.47.0-255,66,91286,82,419843
20849,0.000658,74.125.24.0-255,5738,97024,82,419843
20850,0.00066,172.31.47.0-255,66,97090,82,419843
20851,0.000666,74.125.24.0-255,3602,100692,82,419843
20852,0.000668,172.31.47.0-255,66,100758,82,419843
20853,0.000834,74.125.24.0-255,1484,102242,82,419843
20854,0.000848,74.125.24.0-255,2902,105144,82,419843
20855,0.000852,172.31.47.0-255,66,105210,82,419843
20856,0.000857,74.125.24.0-255,4320,109530,82,419843
20857,0.000859,172.31.47.0-255,66,109596,82,419843
20858,0.000876,74.125.24.0-255,1484,111080,82,419843
20859,0.000892,74.125.24.0-255,4320,115400,82,419843
20860,0.000895,172.31.47.0-255,66,115466,82,419843
20861,0.000902,74.125.24.0-255,5738,121204,82,419843
20862,0.000904,172.31.47.0-255,66,121270,82,419843
20863,0.000933,74.125.24.0-255,8574,129844,82,419843
20864,0.000936,172.31.47.0-255,66,129910,82,419843
20865,0.000985,74.125.24.0-255,5020,134930,82,419843
20866,0.000988,172.31.47.0-255,66,134996,82,419843
20867,0.001006,74.125.24.0-255,5738,140734,82,419843
20868,0.001008,172.31.47.0-255,66,140800,82,419843
20869,0.001012,74.125.24.0-255,2902,143702,82,419843
20870,0.001014,172.31.47.0-255,66,143768,82,419843
20871,0.001034,74.125.24.0-255,1484,145252,82,419843
20872,0.001039,74.125.24.0-255,4320,149572,82,419843
20873,0.001041,172.31.47.0-255,66,149638,82,419843
20874,0.001063,74.125.24.0-255,7156,156794,82,419843
20875,0.001066,172.31.47.0-255,66,156860,82,419843
20876,0.001073,74.125.24.0-255,8574,165434,82,419843
20877,0.001075,172.31.47.0-255,66,165500,82,419843
20878,0.001089,74.125.24.0-255,3602,169102,82,419843
20879,0.001091,172.31.47.0-255,66,169168,82,419843
20880,0.001127,74.125.24.0-255,4320,173488,82,419843
20881,0.00113,172.31.47.0-255,66,173554,82,419843
20882,0.001145,74.125.24.0-255,8574,182128,82,419843
20883,0.001148,172.31.47.0-255,66,182194,82,419843
20884,0.001155,74.125.24.0-255,9992,192186,82,419843
20885,0.001157,172.31.47.0-255,66,192252,82,419843
20886,0.00116,74.125.24.0-255,1484,193736,82,419843
20887,0.001187,74.125.24.0-255,9274,203010,82,419843
20888,0.001189,172.31.47.0-255,66,203076,82,419843
20889,0.001362,74.125.24.0-255,1484,204560,82,419843
20890,0.001391,74.125.24.0-255,2902,207462,82,419843
20891,0.001394,172.31.47.0-255,66,207528,82,419843
20892,0.001412,74.125.24.0-255,2902,210430,82,419843
20893,0.001415,172.31.47.0-255,66,210496,82,419843
20894,0.001433,74.125.24.0-255,2902,213398,82,419843
20895,0.001435,172.31.47.0-255,66,213464,82,419843
20896,0.001439,74.125.24.0-255,2902,216366,82,419843
20897,0.001441,172.31.47.0-255,66,216432,82,419843
20898,0.001447,74.125.24.0-255,7156,223588,82,419843
20899,0.001449,172.31.47.0-255,66,223654,82,419843
20900,0.001471,74.125.24.0-255,2902,226556,82,419843
20901,0.001473,172.31.47.0-255,66,226622,82,419843
20902,0.001479,74.125.24.0-255,5738,232360,82,419843
20903,0.001481,172.31.47.0-255,66,232426,82,419843
20904,0.001496,74.125.24.0-255,5020,237446,82,419843
20905,0.001498,172.31.47.0-255,66,237512,82,419843
20906,0.001663,74.125.24.0-255,1484,238996,82,419843
20907,0.001679,74.125.24.0-255,2902,241898,82,419843
20908,0.001682,172.31.47.0-255,66,241964,82,419843
20909,0.001688,74.125.24.0-255,5738,247702,82,419843
20910,0.001689,172.31.47.0-255,66,247768,82,419843
20911,0.001718,74.125.24.0-255,1484,249252,82,419843
20912,0.001742,74.125.24.0-255,7156,256408,82,419843
20913,0.001745,172.31.47.0-255,66,256474,82,419843
20914,0.001772,74.125.24.0-255,9992,266466,82,419843
20915,0.001775,172.31.47.0-255,66,266532,82,419843
20916,0.001779,74.125.24.0-255,2902,269434,82,419843
20917,0.001781,172.31.47.0-255,66,269500,82,419843
20918,0.001794,74.125.24.0-255,2184,271684,82,419843
20919,0.001796,172.31.47.0-255,66,271750,82,419843
20920,0.001815,74.125.24.0-255,1484,273234,82,419843
20921,0.001834,74.125.24.0-255,2902,276136,82,419843
20922,0.001837,172.31.47.0-255,66,276202,82,419843
20923,0.001861,74.125.24.0-255,5738,281940,82,419843
20924,0.001863,172.31.47.0-255,66,282006,82,419843
20925,0.001875,74.125.24.0-255,2902,284908,82,419843
20926,0.001878,172.31.47.0-255,66,284974,82,419843
20927,0.001892,74.125.24.0-255,2902,287876,82,419843
20928,0.001895,172.31.47.0-255,66,287942,82,419843
20929,0.0019,74.125.24.0-255,7156,295098,82,419843
20930,0.001902,172.31.47.0-255,66,295164,82,419843
20931,0.001933,74.125.24.0-255,4320,299484,82,419843
20932,0.001936,172.31.47.0-255,66,299550,82,419843
20933,0.001957,74.125.24.0-255,6438,305988,82,419843
20934,0.00196,172.31.47.0-255,66,306054,82,419843
20935,0.001965,74.125.24.0-255,5738,311792,82,419843
20936,0.001967,172.31.47.0-255,66,311858,82,419843
20937,0.001988,74.125.24.0-255,5738,317596,82,419843
20938,0.001991,172.31.47.0-255,66,317662,82,419843
20939,0.001997,74.125.24.0-255,7156,324818,82,419843
20940,0.001999,172.31.47.0-255,66,324884,82,419843
20941,0.002017,74.125.24.0-255,2902,327786,82,419843
20942,0.00202,172.31.47.0-255,66,327852,82,419843
20943,0.002042,74.125.24.0-255,7156,335008,82,419843
20944,0.002044,172.31.47.0-255,66,335074,82,419843
20945,0.002066,74.125.24.0-255,5020,340094,82,419843
20946,0.00207,172.31.47.0-255,66,340160,82,419843
20947,0.002073,74.125.24.0-255,2902,343062,82,419843
20948,0.002075,172.31.47.0-255,66,343128,82,419843
20949,0.002089,74.125.24.0-255,1484,344612,82,419843
20950,0.004107,74.125.24.0-255,4320,348932,82,419843
20951,0.004113,172.31.47.0-255,66,348998,82,419843
20952,0.006159,74.125.24.0-255,2902,351900,82,419843
20953,0.006161,172.31.47.0-255,66,351966,82,419843
20954,0.006178,74.125.24.0-255,2902,354868,82,419843
20955,0.006179,172.31.47.0-255,66,354934,82,419843
20956,0.008249,74.125.24.0-255,5738,360672,82,419843
20957,0.008258,172.31.47.0-255,66,360738,82,419843
20958,0.010293,74.125.24.0-255,5738,366476,82,419843
20959,0.010302,172.31.47.0-255,66,366542,82,419843
20960,0.012346,74.125.24.0-255,5738,372280,82,419843
20961,0.012352,172.31.47.0-255,66,372346,82,419843
20962,0.014399,74.125.24.0-255,5738,378084,82,419843
20963,0.014406,172.31.47.0-255,66,378150,82,419843
20964,0.016455,74.125.24.0-255,5738,383888,82,419843
20965,0.016463,172.31.47.0-255,66,383954,82,419843
20966,0.018482,74.125.24.0-255,1484,385438,82,419843
20967,0.018509,74.125.24.0-255,4320,389758,82,419843
20968,0.018513,172.31.47.0-255,66,389824,82,419843
20969,0.020585,74.125.24.0-255,5738,395562,82,419843
20970,0.020592,172.31.47.0-255,66,395628,82,419843
20971,0.022639,74.125.24.0-255,5738,401366,82,419843
20972,0.022645,172.31.47.0-255,66,401432,82,419843
20973,0.024697,74.125.24.0-255,5738,407170,82,419843
20974,0.024702,172.31.47.0-255,66,407236,82,419843
20975,0.026721,74.125.24.0-255,5738,412974,82,419843
20976,0.026728,172.31.47.0-255,66,413040,82,419843
20977,0.02875,74.125.24.0-255,2283,415323,82,419843
20978,0.028756,172.31.47.0-255,66,415389,82,419843
20979,0.028983,172.31.47.0-255,105,415494,82,419843
20980,0.030969,74.125.24.0-255,66,415560,82,419843
20981,0.036189,172.31.47.0-255,172,415732,82,419843
20982,0.036213,172.31.47.0-255,1107,416839,82,419843
20983,0.036248,172.31.47.0-255,1514,418353,82,419843
20984,0.03625,172.31.47.0-255,1292,419645,82,419843
20985,0.037707,104.244.42.0-255,66,419711,82,419843
20986,0.037755,104.244.42.0-255,66,419777,82,419843
20987,0.037817,104.244.42.0-255,66,419843,82,419843
20988,0.0,74.125.24.0-255,153,153,82,276861
20989,1.8e-05,172.31.47.0-255,66,219,82,276861
20990,2.5e-05,74.125.24.0-255,1484,1703,82,276861
20991,3e-05,172.31.47.0-255,66,1769,82,276861
20992,3.5e-05,74.125.24.0-255,2902,4671,82,276861
20993,3.8e-05,172.31.47.0-255,66,4737,82,276861
20994,4.5e-05,74.125.24.0-255,5738,10475,82,276861
20995,4.8e-05,172.31.47.0-255,66,10541,82,276861
20996,7.5e-05,74.125.24.0-255,1484,12025,82,276861
20997,7.7e-05,172.31.47.0-255,66,12091,82,276861
20998,9.1e-05,74.125.24.0-255,2082,14173,82,276861
20999,9.4e-05,172.31.47.0-255,66,14239,82,276861
21000,0.000451,74.125.24.0-255,1484,15723,82,276861
21001,0.000458,172.31.47.0-255,66,15789,82,276861
21002,0.000463,74.125.24.0-255,2902,18691,82,276861
21003,0.000465,172.31.47.0-255,66,18757,82,276861
21004,0.000471,74.125.24.0-255,5738,24495,82,276861
21005,0.000473,172.31.47.0-255,66,24561,82,276861
21006,0.000498,74.125.24.0-255,4320,28881,82,276861
21007,0.0005,172.31.47.0-255,66,28947,82,276861
21008,0.00054,74.125.24.0-255,2543,31490,82,276861
21009,0.000543,172.31.47.0-255,66,31556,82,276861
21010,0.000612,74.125.24.0-255,1484,33040,82,276861
21011,0.000615,172.31.47.0-255,66,33106,82,276861
21012,0.00062,74.125.24.0-255,2902,36008,82,276861
21013,0.000622,172.31.47.0-255,66,36074,82,276861
21014,0.000624,74.125.24.0-255,1484,37558,82,276861
21015,0.000626,172.31.47.0-255,66,37624,82,276861
21016,0.000657,74.125.24.0-255,4320,41944,82,276861
21017,0.00066,172.31.47.0-255,66,42010,82,276861
21018,0.000665,74.125.24.0-255,6797,48807,82,276861
21019,0.000668,172.31.47.0-255,66,48873,82,276861
21020,0.001264,74.125.24.0-255,1484,50357,82,276861
21021,0.001275,74.125.24.0-255,2902,53259,82,276861
21022,0.001279,172.31.47.0-255,66,53325,82,276861
21023,0.001287,74.125.24.0-255,5738,59063,82,276861
21024,0.001289,172.31.47.0-255,66,59129,82,276861
21025,0.001338,74.125.24.0-255,5738,64867,82,276861
21026,0.001341,172.31.47.0-255,66,64933,82,276861
21027,0.001356,74.125.24.0-255,1454,66387,82,276861
21028,0.001959,74.125.24.0-255,347,66734,82,276861
21029,0.001965,172.31.47.0-255,66,66800,82,276861
21030,0.002,74.125.24.0-255,1484,68284,82,276861
21031,0.002002,74.125.24.0-255,1484,69768,82,276861
21032,0.002004,172.31.47.0-255,66,69834,82,276861
21033,0.002021,74.125.24.0-255,2902,72736,82,276861
21034,0.002023,172.31.47.0-255,66,72802,82,276861
21035,0.002039,74.125.24.0-255,4320,77122,82,276861
21036,0.002041,172.31.47.0-255,66,77188,82,276861
21037,0.002057,74.125.24.0-255,2902,80090,82,276861
21038,0.002059,172.31.47.0-255,66,80156,82,276861
21039,0.00209,172.31.47.0-255,66,80222,82,276861
21040,0.002097,74.125.24.0-255,7856,88078,82,276861
21041,0.002099,172.31.47.0-255,66,88144,82,276861
21042,0.00419,74.125.24.0-255,4320,92464,82,276861
21043,0.004192,172.31.47.0-255,66,92530,82,276861
21044,0.004208,74.125.24.0-255,1484,94014,82,276861
21045,0.006263,74.125.24.0-255,4320,98334,82,276861
21046,0.00627,172.31.47.0-255,66,98400,82,276861
21047,0.008345,74.125.24.0-255,5738,104138,82,276861
21048,0.008351,172.31.47.0-255,66,104204,82,276861
21049,0.010461,74.125.24.0-255,5738,109942,82,276861
21050,0.010468,172.31.47.0-255,66,110008,82,276861
21051,0.012585,74.125.24.0-255,5738,115746,82,276861
21052,0.012595,172.31.47.0-255,66,115812,82,276861
21053,0.014679,74.125.24.0-255,5738,121550,82,276861
21054,0.014686,172.31.47.0-255,66,121616,82,276861
21055,0.016769,74.125.24.0-255,5738,127354,82,276861
21056,0.016777,172.31.47.0-255,66,127420,82,276861
21057,0.018818,74.125.24.0-255,5738,133158,82,276861
21058,0.018825,172.31.47.0-255,66,133224,82,276861
21059,0.020867,74.125.24.0-255,5738,138962,82,276861
21060,0.020873,172.31.47.0-255,66,139028,82,276861
21061,0.022952,74.125.24.0-255,5738,144766,82,276861
21062,0.022958,172.31.47.0-255,66,144832,82,276861
21063,0.024311,172.31.47.0-255,172,145004,82,276861
21064,0.024351,172.31.47.0-255,1112,146116,82,276861
21065,0.024401,172.31.47.0-255,1514,147630,82,276861
21066,0.024402,172.31.47.0-255,1514,149144,82,276861
21067,0.024424,172.31.47.0-255,325,149469,82,276861
21068,0.025035,74.125.24.0-255,4320,153789,82,276861
21069,0.02504,172.31.47.0-255,66,153855,82,276861
21070,0.025059,74.125.24.0-255,1484,155339,82,276861
21071,0.025854,104.244.42.0-255,66,155405,82,276861
21072,0.025906,104.244.42.0-255,66,155471,82,276861
21073,0.025952,104.244.42.0-255,66,155537,82,276861
21074,0.025996,104.244.42.0-255,66,155603,82,276861
21075,0.027115,74.125.24.0-255,4320,159923,82,276861
21076,0.027122,172.31.47.0-255,66,159989,82,276861
21077,0.02923,74.125.24.0-255,5738,165727,82,276861
21078,0.029237,172.31.47.0-255,66,165793,82,276861
21079,0.032001,74.125.24.0-255,5738,171531,82,276861
21080,0.032007,172.31.47.0-255,66,171597,82,276861
21081,0.034058,74.125.24.0-255,5738,177335,82,276861
21082,0.034064,172.31.47.0-255,66,177401,82,276861
21083,0.036181,74.125.24.0-255,5738,183139,82,276861
21084,0.036186,172.31.47.0-255,66,183205,82,276861
21085,0.038221,74.125.24.0-255,5738,188943,82,276861
21086,0.038227,172.31.47.0-255,66,189009,82,276861
21087,0.040283,74.125.24.0-255,5738,194747,82,276861
21088,0.04029,172.31.47.0-255,66,194813,82,276861
21089,0.042391,74.125.24.0-255,5738,200551,82,276861
21090,0.042397,172.31.47.0-255,66,200617,82,276861
21091,0.044449,74.125.24.0-255,2902,203519,82,276861
21092,0.044455,172.31.47.0-255,66,203585,82,276861
21093,0.044474,74.125.24.0-255,2902,206487,82,276861
21094,0.044477,172.31.47.0-255,66,206553,82,276861
21095,0.046496,74.125.24.0-255,2902,209455,82,276861
21096,0.046501,172.31.47.0-255,66,209521,82,276861
21097,0.046538,74.125.24.0-255,2902,212423,82,276861
21098,0.046542,172.31.47.0-255,66,212489,82,276861
21099,0.0486,74.125.24.0-255,2902,215391,82,276861
21100,0.048606,172.31.47.0-255,66,215457,82,276861
21101,0.048624,74.125.24.0-255,2902,218359,82,276861
21102,0.048626,172.31.47.0-255,66,218425,82,276861
21103,0.050673,74.125.24.0-255,5738,224163,82,276861
21104,0.050679,172.31.47.0-255,66,224229,82,276861
21105,0.052835,74.125.24.0-255,5738,229967,82,276861
21106,0.052842,172.31.47.0-255,66,230033,82,276861
21107,0.054897,74.125.24.0-255,5738,235771,82,276861
21108,0.054902,172.31.47.0-255,66,235837,82,276861
21109,0.05701,74.125.24.0-255,5738,241575,82,276861
21110,0.057017,172.31.47.0-255,66,241641,82,276861
21111,0.059111,74.125.24.0-255,5738,247379,82,276861
21112,0.059118,172.31.47.0-255,66,247445,82,276861
21113,0.061202,74.125.24.0-255,5738,253183,82,276861
21114,0.061207,172.31.47.0-255,66,253249,82,276861
21115,0.063259,74.125.24.0-255,5738,258987,82,276861
21116,0.063264,172.31.47.0-255,66,259053,82,276861
21117,0.06534,74.125.24.0-255,2902,261955,82,276861
21118,0.065348,172.31.47.0-255,66,262021,82,276861
21119,0.065367,74.125.24.0-255,2902,264923,82,276861
21120,0.06537,172.31.47.0-255,66,264989,82,276861
21121,0.067388,74.125.24.0-255,2902,267891,82,276861
21122,0.067393,172.31.47.0-255,66,267957,82,276861
21123,0.067424,74.125.24.0-255,2902,270859,82,276861
21124,0.067427,172.31.47.0-255,66,270925,82,276861
21125,0.069464,74.125.24.0-255,2902,273827,82,276861
21126,0.06947,172.31.47.0-255,66,273893,82,276861
21127,0.069493,74.125.24.0-255,2902,276795,82,276861
21128,0.069496,172.31.47.0-255,66,276861,82,276861
21129,0.0,172.217.194.0-255,298,298,82,259532
21130,3.3e-05,172.31.47.0-255,66,364,82,259532
21131,3.9e-05,172.217.194.0-255,1484,1848,82,259532
21132,4.3e-05,172.31.47.0-255,66,1914,82,259532
21133,4.8e-05,172.217.194.0-255,4320,6234,82,259532
21134,5e-05,172.31.47.0-255,66,6300,82,259532
21135,5.7e-05,172.217.194.0-255,7156,13456,82,259532
21136,6e-05,172.31.47.0-255,66,13522,82,259532
21137,0.0001,172.31.47.0-255,66,13588,82,259532
21138,0.000105,172.217.194.0-255,3961,17549,82,259532
21139,0.000107,172.31.47.0-255,66,17615,82,259532
21140,0.000142,172.217.194.0-255,2902,20517,82,259532
21141,0.000145,172.31.47.0-255,66,20583,82,259532
21142,0.00015,172.217.194.0-255,4320,24903,82,259532
21143,0.000152,172.31.47.0-255,66,24969,82,259532
21144,0.000162,172.217.194.0-255,2902,27871,82,259532
21145,0.000164,172.31.47.0-255,66,27937,82,259532
21146,0.00019,172.217.194.0-255,5738,33675,82,259532
21147,0.000192,172.31.47.0-255,66,33741,82,259532
21148,0.000199,172.217.194.0-255,7156,40897,82,259532
21149,0.0002,172.31.47.0-255,66,40963,82,259532
21150,0.000217,172.217.194.0-255,7156,48119,82,259532
21151,0.000219,172.31.47.0-255,66,48185,82,259532
21152,0.000261,172.217.194.0-255,4216,52401,82,259532
21153,0.000263,172.31.47.0-255,66,52467,82,259532
21154,0.00034,172.217.194.0-255,1484,53951,82,259532
21155,0.000343,172.31.47.0-255,66,54017,82,259532
21156,0.000347,172.217.194.0-255,2902,56919,82,259532
21157,0.000349,172.31.47.0-255,66,56985,82,259532
21158,0.000352,172.217.194.0-255,1484,58469,82,259532
21159,0.000354,172.31.47.0-255,66,58535,82,259532
21160,0.00038,172.217.194.0-255,4320,62855,82,259532
21161,0.000382,172.31.47.0-255,66,62921,82,259532
21162,0.000389,172.217.194.0-255,8574,71495,82,259532
21163,0.000391,172.31.47.0-255,66,71561,82,259532
21164,0.000406,172.217.194.0-255,4320,75881,82,259532
21165,0.000408,172.31.47.0-255,66,75947,82,259532
21166,0.000416,172.217.194.0-255,9992,85939,82,259532
21167,0.000418,172.31.47.0-255,66,86005,82,259532
21168,0.00045,172.217.194.0-255,7156,93161,82,259532
21169,0.000453,172.31.47.0-255,66,93227,82,259532
21170,0.00047,172.217.194.0-255,9781,103008,82,259532
21171,0.000475,172.31.47.0-255,66,103074,82,259532
21172,0.000521,172.217.194.0-255,1484,104558,82,259532
21173,0.000526,172.217.194.0-255,2902,107460,82,259532
21174,0.000529,172.31.47.0-255,66,107526,82,259532
21175,0.000549,172.217.194.0-255,5738,113264,82,259532
21176,0.000552,172.31.47.0-255,66,113330,82,259532
21177,0.00058,172.31.47.0-255,66,113396,82,259532
21178,0.000622,172.217.194.0-255,10692,124088,82,259532
21179,0.000627,172.31.47.0-255,66,124154,82,259532
21180,0.000729,172.217.194.0-255,1484,125638,82,259532
21181,0.000742,172.217.194.0-255,2902,128540,82,259532
21182,0.000745,172.31.47.0-255,66,128606,82,259532
21183,0.000768,172.217.194.0-255,5738,134344,82,259532
21184,0.000771,172.31.47.0-255,66,134410,82,259532
21185,0.000778,172.217.194.0-255,8574,142984,82,259532
21186,0.00078,172.31.47.0-255,66,143050,82,259532
21187,0.000799,172.217.194.0-255,4320,147370,82,259532
21188,0.000802,172.31.47.0-255,66,147436,82,259532
21189,0.00081,172.217.194.0-255,10692,158128,82,259532
21190,0.000814,172.31.47.0-255,66,158194,82,259532
21191,0.001041,172.217.194.0-255,1484,159678,82,259532
21192,0.001053,172.217.194.0-255,2902,162580,82,259532
21193,0.001057,172.31.47.0-255,66,162646,82,259532
21194,0.001074,172.217.194.0-255,5738,168384,82,259532
21195,0.001077,172.31.47.0-255,66,168450,82,259532
21196,0.00109,172.217.194.0-255,1484,169934,82,259532
21197,0.00112,172.31.47.0-255,66,170000,82,259532
21198,0.001124,172.217.194.0-255,4320,174320,82,259532
21199,0.001126,172.31.47.0-255,66,174386,82,259532
21200,0.001159,172.217.194.0-255,5738,180124,82,259532
21201,0.001162,172.31.47.0-255,66,180190,82,259532
21202,0.001172,172.217.194.0-255,766,180956,82,259532
21203,0.001253,172.217.194.0-255,1484,182440,82,259532
21204,0.001256,172.31.47.0-255,66,182506,82,259532
21205,0.001261,172.217.194.0-255,2902,185408,82,259532
21206,0.001263,172.31.47.0-255,66,185474,82,259532
21207,0.001292,172.217.194.0-255,5738,191212,82,259532
21208,0.001295,172.31.47.0-255,66,191278,82,259532
21209,0.001309,172.217.194.0-255,5738,197016,82,259532
21210,0.001312,172.31.47.0-255,66,197082,82,259532
21211,0.00133,172.217.194.0-255,5738,202820,82,259532
21212,0.001333,172.31.47.0-255,66,202886,82,259532
21213,0.001373,172.31.47.0-255,66,202952,82,259532
21214,0.001461,172.217.194.0-255,1484,204436,82,259532
21215,0.00148,172.217.194.0-255,2902,207338,82,259532
21216,0.001483,172.31.47.0-255,66,207404,82,259532
21217,0.001489,172.217.194.0-255,5738,213142,82,259532
21218,0.001491,172.31.47.0-255,66,213208,82,259532
21219,0.001513,172.217.194.0-255,1484,214692,82,259532
21220,0.001543,172.217.194.0-255,1484,216176,82,259532
21221,0.001545,172.31.47.0-255,66,216242,82,259532
21222,0.001566,172.217.194.0-255,5738,221980,82,259532
21223,0.001568,172.31.47.0-255,66,222046,82,259532
21224,0.001594,172.217.194.0-255,3602,225648,82,259532
21225,0.001597,172.31.47.0-255,66,225714,82,259532
21226,0.001604,172.217.194.0-255,9992,235706,82,259532
21227,0.001606,172.31.47.0-255,66,235772,82,259532
21228,0.001656,172.31.47.0-255,66,235838,82,259532
21229,0.001658,172.217.194.0-255,1484,237322,82,259532
21230,0.00169,172.31.47.0-255,66,237388,82,259532
21231,0.001702,172.31.47.0-255,66,237454,82,259532
21232,0.001743,172.217.194.0-255,5738,243192,82,259532
21233,0.001746,172.31.47.0-255,66,243258,82,259532
21234,0.001784,172.31.47.0-255,66,243324,82,259532
21235,0.001791,172.217.194.0-255,8574,251898,82,259532
21236,0.001793,172.31.47.0-255,66,251964,82,259532
21237,0.001816,172.31.47.0-255,66,252030,82,259532
21238,0.001818,172.217.194.0-255,105,252135,82,259532
21239,0.003408,172.31.47.0-255,66,252201,82,259532
21240,0.003432,172.31.47.0-255,105,252306,82,259532
21241,0.005442,172.217.194.0-255,66,252372,82,259532
21242,0.027082,172.31.47.0-255,172,252544,82,259532
21243,0.027109,172.31.47.0-255,1112,253656,82,259532
21244,0.027145,172.31.47.0-255,1514,255170,82,259532
21245,0.027146,172.31.47.0-255,1514,256684,82,259532
21246,0.02715,172.31.47.0-255,1514,258198,82,259532
21247,0.027152,172.31.47.0-255,1070,259268,82,259532
21248,0.028579,104.244.42.0-255,66,259334,82,259532
21249,0.028636,104.244.42.0-255,66,259400,82,259532
21250,0.028693,104.244.42.0-255,66,259466,82,259532
21251,0.028696,104.244.42.0-255,66,259532,82,259532
21252,0.0,172.31.47.0-255,105,105,82,276
21253,0.001802,157.240.13.0-255,105,210,82,276
21254,0.001815,172.31.47.0-255,66,276,82,276
21255,0.0,172.31.47.0-255,105,105,82,276
21256,0.00174,157.240.7.0-255,105,210,82,276
21257,0.001749,172.31.47.0-255,66,276,82,276
21258,0.0,172.31.47.0-255,105,105,82,276
21259,0.001523,157.240.13.0-255,105,210,82,276
21260,0.001531,172.31.47.0-255,66,276,82,276
21261,0.0,172.31.47.0-255,232,232,82,298
21262,0.00721,74.125.130.0-255,66,298,82,298
21263,0.0,172.31.47.0-255,105,105,82,210
21264,6.2e-05,172.31.47.0-255,105,210,82,210
21265,0.0,172.31.47.0-255,105,105,82,276
21266,0.001513,157.240.13.0-255,105,210,82,276
21267,0.001525,172.31.47.0-255,66,276,82,276
21268,0.0,74.125.200.0-255,153,153,82,298813
21269,2.4e-05,172.31.47.0-255,66,219,82,298813
21270,3.1e-05,74.125.200.0-255,1484,1703,82,298813
21271,3.6e-05,172.31.47.0-255,66,1769,82,298813
21272,5e-05,74.125.200.0-255,2902,4671,82,298813
21273,5.4e-05,172.31.47.0-255,66,4737,82,298813
21274,6.1e-05,74.125.200.0-255,5738,10475,82,298813
21275,6.4e-05,172.31.47.0-255,66,10541,82,298813
21276,6.8e-05,74.125.200.0-255,1484,12025,82,298813
21277,7e-05,172.31.47.0-255,66,12091,82,298813
21278,7.4e-05,74.125.200.0-255,1484,13575,82,298813
21279,7.6e-05,172.31.47.0-255,66,13641,82,298813
21280,9.6e-05,74.125.200.0-255,798,14439,82,298813
21281,9.9e-05,172.31.47.0-255,66,14505,82,298813
21282,0.000124,74.125.200.0-255,5738,20243,82,298813
21283,0.000127,172.31.47.0-255,66,20309,82,298813
21284,0.000154,74.125.200.0-255,7156,27465,82,298813
21285,0.000157,172.31.47.0-255,66,27531,82,298813
21286,0.000182,74.125.200.0-255,3961,31492,82,298813
21287,0.000185,172.31.47.0-255,66,31558,82,298813
21288,0.000922,74.125.200.0-255,1484,33042,82,298813
21289,0.000928,172.31.47.0-255,66,33108,82,298813
21290,0.000937,74.125.200.0-255,2902,36010,82,298813
21291,0.000945,172.31.47.0-255,66,36076,82,298813
21292,0.000977,74.125.200.0-255,5738,41814,82,298813
21293,0.000979,172.31.47.0-255,66,41880,82,298813
21294,0.000986,74.125.200.0-255,4320,46200,82,298813
21295,0.000988,172.31.47.0-255,66,46266,82,298813
21296,0.001018,74.125.200.0-255,1484,47750,82,298813
21297,0.001021,172.31.47.0-255,66,47816,82,298813
21298,0.001029,74.125.200.0-255,6797,54613,82,298813
21299,0.001031,172.31.47.0-255,66,54679,82,298813
21300,0.001034,74.125.200.0-255,1484,56163,82,298813
21301,0.001038,74.125.200.0-255,1484,57647,82,298813
21302,0.001041,172.31.47.0-255,66,57713,82,298813
21303,0.001061,74.125.200.0-255,1484,59197,82,298813
21304,0.001067,74.125.200.0-255,4320,63517,82,298813
21305,0.001069,172.31.47.0-255,66,63583,82,298813
21306,0.001097,74.125.200.0-255,1484,65067,82,298813
21307,0.001101,74.125.200.0-255,1435,66502,82,298813
21308,0.001103,172.31.47.0-255,66,66568,82,298813
21309,0.001364,74.125.200.0-255,344,66912,82,298813
21310,0.001509,74.125.200.0-255,1484,68396,82,298813
21311,0.001517,172.31.47.0-255,66,68462,82,298813
21312,0.001523,74.125.200.0-255,2902,71364,82,298813
21313,0.001525,172.31.47.0-255,66,71430,82,298813
21314,0.001528,74.125.200.0-255,1484,72914,82,298813
21315,0.001558,74.125.200.0-255,2902,75816,82,298813
21316,0.00156,172.31.47.0-255,66,75882,82,298813
21317,0.001587,74.125.200.0-255,5738,81620,82,298813
21318,0.00159,172.31.47.0-255,66,81686,82,298813
21319,0.001593,74.125.200.0-255,1484,83170,82,298813
21320,0.001645,74.125.200.0-255,5738,88908,82,298813
21321,0.001648,172.31.47.0-255,66,88974,82,298813
21322,0.001671,74.125.200.0-255,3961,92935,82,298813
21323,0.001674,172.31.47.0-255,66,93001,82,298813
21324,0.001702,74.125.200.0-255,5738,98739,82,298813
21325,0.001705,172.31.47.0-255,66,98805,82,298813
21326,0.001728,74.125.200.0-255,2543,101348,82,298813
21327,0.001731,172.31.47.0-255,66,101414,82,298813
21328,0.003725,74.125.200.0-255,2902,104316,82,298813
21329,0.003732,172.31.47.0-255,66,104382,82,298813
21330,0.003758,74.125.200.0-255,2902,107284,82,298813
21331,0.00376,172.31.47.0-255,66,107350,82,298813
21332,0.00574,74.125.200.0-255,2902,110252,82,298813
21333,0.005745,172.31.47.0-255,66,110318,82,298813
21334,0.00577,74.125.200.0-255,2902,113220,82,298813
21335,0.005773,172.31.47.0-255,66,113286,82,298813
21336,0.007761,74.125.200.0-255,2902,116188,82,298813
21337,0.007767,172.31.47.0-255,66,116254,82,298813
21338,0.007792,74.125.200.0-255,2902,119156,82,298813
21339,0.007795,172.31.47.0-255,66,119222,82,298813
21340,0.009789,74.125.200.0-255,2902,122124,82,298813
21341,0.009796,172.31.47.0-255,66,122190,82,298813
21342,0.00983,74.125.200.0-255,2902,125092,82,298813
21343,0.009833,172.31.47.0-255,66,125158,82,298813
21344,0.011815,74.125.200.0-255,2902,128060,82,298813
21345,0.011825,172.31.47.0-255,66,128126,82,298813
21346,0.011856,74.125.200.0-255,2902,131028,82,298813
21347,0.01186,172.31.47.0-255,66,131094,82,298813
21348,0.013849,74.125.200.0-255,2902,133996,82,298813
21349,0.01386,172.31.47.0-255,66,134062,82,298813
21350,0.013899,74.125.200.0-255,2902,136964,82,298813
21351,0.013904,172.31.47.0-255,66,137030,82,298813
21352,0.015895,74.125.200.0-255,2902,139932,82,298813
21353,0.015904,172.31.47.0-255,66,139998,82,298813
21354,0.015939,74.125.200.0-255,2902,142900,82,298813
21355,0.015943,172.31.47.0-255,66,142966,82,298813
21356,0.017924,74.125.200.0-255,2902,145868,82,298813
21357,0.01793,172.31.47.0-255,66,145934,82,298813
21358,0.017957,74.125.200.0-255,2902,148836,82,298813
21359,0.01796,172.31.47.0-255,66,148902,82,298813
21360,0.018805,172.31.47.0-255,172,149074,82,298813
21361,0.018831,172.31.47.0-255,1107,150181,82,298813
21362,0.018885,172.31.47.0-255,1514,151695,82,298813
21363,0.018887,172.31.47.0-255,1292,152987,82,298813
21364,0.019947,74.125.200.0-255,2902,155889,82,298813
21365,0.019954,172.31.47.0-255,66,155955,82,298813
21366,0.019989,74.125.200.0-255,2902,158857,82,298813
21367,0.019992,172.31.47.0-255,66,158923,82,298813
21368,0.020357,104.244.42.0-255,66,158989,82,298813
21369,0.020365,104.244.42.0-255,66,159055,82,298813
21370,0.02046,104.244.42.0-255,66,159121,82,298813
21371,0.021971,74.125.200.0-255,2902,162023,82,298813
21372,0.021976,172.31.47.0-255,66,162089,82,298813
21373,0.022003,74.125.200.0-255,2902,164991,82,298813
21374,0.022005,172.31.47.0-255,66,165057,82,298813
21375,0.024002,74.125.200.0-255,2902,167959,82,298813
21376,0.024009,172.31.47.0-255,66,168025,82,298813
21377,0.024036,74.125.200.0-255,2902,170927,82,298813
21378,0.024039,172.31.47.0-255,66,170993,82,298813
21379,0.026036,74.125.200.0-255,2902,173895,82,298813
21380,0.026044,172.31.47.0-255,66,173961,82,298813
21381,0.026073,74.125.200.0-255,2902,176863,82,298813
21382,0.026077,172.31.47.0-255,66,176929,82,298813
21383,0.028122,74.125.200.0-255,5738,182667,82,298813
21384,0.028129,172.31.47.0-255,66,182733,82,298813
21385,0.030166,74.125.200.0-255,5738,188471,82,298813
21386,0.030173,172.31.47.0-255,66,188537,82,298813
21387,0.032187,74.125.200.0-255,5738,194275,82,298813
21388,0.032191,172.31.47.0-255,66,194341,82,298813
21389,0.034217,74.125.200.0-255,5738,200079,82,298813
21390,0.034224,172.31.47.0-255,66,200145,82,298813
21391,0.036247,74.125.200.0-255,5738,205883,82,298813
21392,0.036253,172.31.47.0-255,66,205949,82,298813
21393,0.038277,74.125.200.0-255,5738,211687,82,298813
21394,0.038283,172.31.47.0-255,66,211753,82,298813
21395,0.040301,74.125.200.0-255,5738,217491,82,298813
21396,0.040309,172.31.47.0-255,66,217557,82,298813
21397,0.042333,74.125.200.0-255,5738,223295,82,298813
21398,0.042339,172.31.47.0-255,66,223361,82,298813
21399,0.044364,74.125.200.0-255,5738,229099,82,298813
21400,0.044369,172.31.47.0-255,66,229165,82,298813
21401,0.046391,74.125.200.0-255,5738,234903,82,298813
21402,0.046397,172.31.47.0-255,66,234969,82,298813
21403,0.048422,74.125.200.0-255,5738,240707,82,298813
21404,0.048427,172.31.47.0-255,66,240773,82,298813
21405,0.050463,74.125.200.0-255,5738,246511,82,298813
21406,0.050468,172.31.47.0-255,66,246577,82,298813
21407,0.052505,74.125.200.0-255,5738,252315,82,298813
21408,0.052515,172.31.47.0-255,66,252381,82,298813
21409,0.054553,74.125.200.0-255,5738,258119,82,298813
21410,0.054571,172.31.47.0-255,66,258185,82,298813
21411,0.056621,74.125.200.0-255,5738,263923,82,298813
21412,0.056633,172.31.47.0-255,66,263989,82,298813
21413,0.058669,74.125.200.0-255,5738,269727,82,298813
21414,0.058676,172.31.47.0-255,66,269793,82,298813
21415,0.060711,74.125.200.0-255,5738,275531,82,298813
21416,0.060718,172.31.47.0-255,66,275597,82,298813
21417,0.062768,74.125.200.0-255,5738,281335,82,298813
21418,0.062775,172.31.47.0-255,66,281401,82,298813
21419,0.064803,74.125.200.0-255,5738,287139,82,298813
21420,0.064809,172.31.47.0-255,66,287205,82,298813
21421,0.066832,74.125.200.0-255,5738,292943,82,298813
21422,0.066837,172.31.47.0-255,66,293009,82,298813
21423,0.06886,74.125.200.0-255,5738,298747,82,298813
21424,0.068865,172.31.47.0-255,66,298813,82,298813
21425,0.0,172.217.194.0-255,153,153,82,352973
21426,2.7e-05,172.31.47.0-255,66,219,82,352973
21427,3.4e-05,172.217.194.0-255,1484,1703,82,352973
21428,3.9e-05,172.31.47.0-255,66,1769,82,352973
21429,4.4e-05,172.217.194.0-255,2902,4671,82,352973
21430,5.5e-05,172.31.47.0-255,66,4737,82,352973
21431,6.2e-05,172.217.194.0-255,7156,11893,82,352973
21432,6.4e-05,172.31.47.0-255,66,11959,82,352973
21433,6.7e-05,172.217.194.0-255,1484,13443,82,352973
21434,7e-05,172.31.47.0-255,66,13509,82,352973
21435,9.9e-05,172.217.194.0-255,714,14223,82,352973
21436,0.000103,172.31.47.0-255,66,14289,82,352973
21437,0.000183,172.217.194.0-255,1484,15773,82,352973
21438,0.000187,172.31.47.0-255,66,15839,82,352973
21439,0.000208,172.217.194.0-255,2902,18741,82,352973
21440,0.000212,172.31.47.0-255,66,18807,82,352973
21441,0.000216,172.217.194.0-255,2902,21709,82,352973
21442,0.000219,172.31.47.0-255,66,21775,82,352973
21443,0.000225,172.217.194.0-255,7156,28931,82,352973
21444,0.000228,172.31.47.0-255,66,28997,82,352973
21445,0.000259,172.217.194.0-255,5738,34735,82,352973
21446,0.000263,172.31.47.0-255,66,34801,82,352973
21447,0.000297,172.31.47.0-255,66,34867,82,352973
21448,0.000311,172.31.47.0-255,66,34933,82,352973
21449,0.000315,172.217.194.0-255,2902,37835,82,352973
21450,0.000318,172.31.47.0-255,66,37901,82,352973
21451,0.000342,172.217.194.0-255,2825,40726,82,352973
21452,0.000345,172.31.47.0-255,66,40792,82,352973
21453,0.000617,172.217.194.0-255,1484,42276,82,352973
21454,0.000622,172.217.194.0-255,2902,45178,82,352973
21455,0.000623,172.31.47.0-255,66,45244,82,352973
21456,0.000627,172.31.47.0-255,66,45310,82,352973
21457,0.000656,172.217.194.0-255,5738,51048,82,352973
21458,0.000659,172.31.47.0-255,66,51114,82,352973
21459,0.000668,172.217.194.0-255,9992,61106,82,352973
21460,0.00067,172.31.47.0-255,66,61172,82,352973
21461,0.000702,172.217.194.0-255,2902,64074,82,352973
21462,0.000705,172.31.47.0-255,66,64140,82,352973
21463,0.000716,172.217.194.0-255,10692,74832,82,352973
21464,0.000719,172.31.47.0-255,66,74898,82,352973
21465,0.001139,172.217.194.0-255,1484,76382,82,352973
21466,0.001149,172.217.194.0-255,2902,79284,82,352973
21467,0.001153,172.31.47.0-255,66,79350,82,352973
21468,0.00116,172.217.194.0-255,5738,85088,82,352973
21469,0.001163,172.31.47.0-255,66,85154,82,352973
21470,0.00121,172.31.47.0-255,66,85220,82,352973
21471,0.001244,172.217.194.0-255,10692,95912,82,352973
21472,0.001247,172.31.47.0-255,66,95978,82,352973
21473,0.001454,172.217.194.0-255,1484,97462,82,352973
21474,0.001461,172.217.194.0-255,2902,100364,82,352973
21475,0.001465,172.31.47.0-255,66,100430,82,352973
21476,0.001474,172.217.194.0-255,5738,106168,82,352973
21477,0.001476,172.31.47.0-255,66,106234,82,352973
21478,0.001488,172.217.194.0-255,5738,111972,82,352973
21479,0.00149,172.31.47.0-255,66,112038,82,352973
21480,0.001523,172.217.194.0-255,1484,113522,82,352973
21481,0.001541,172.31.47.0-255,66,113588,82,352973
21482,0.001545,172.217.194.0-255,2184,115772,82,352973
21483,0.001547,172.31.47.0-255,66,115838,82,352973
21484,0.00184,172.217.194.0-255,1484,117322,82,352973
21485,0.001847,172.217.194.0-255,2902,120224,82,352973
21486,0.001851,172.31.47.0-255,66,120290,82,352973
21487,0.001857,172.217.194.0-255,2902,123192,82,352973
21488,0.001858,172.31.47.0-255,66,123258,82,352973
21489,0.001897,172.217.194.0-255,2902,126160,82,352973
21490,0.0019,172.31.47.0-255,66,126226,82,352973
21491,0.001911,172.31.47.0-255,66,126292,82,352973
21492,0.001919,172.217.194.0-255,9992,136284,82,352973
21493,0.00192,172.31.47.0-255,66,136350,82,352973
21494,0.001922,172.217.194.0-255,766,137116,82,352973
21495,0.001962,172.217.194.0-255,1484,138600,82,352973
21496,0.001965,172.31.47.0-255,66,138666,82,352973
21497,0.001968,172.217.194.0-255,1484,140150,82,352973
21498,0.001989,172.217.194.0-255,2902,143052,82,352973
21499,0.001991,172.31.47.0-255,66,143118,82,352973
21500,0.001997,172.217.194.0-255,7156,150274,82,352973
21501,0.002,172.31.47.0-255,66,150340,82,352973
21502,0.002025,172.217.194.0-255,7156,157496,82,352973
21503,0.002043,172.217.194.0-255,5738,163234,82,352973
21504,0.00205,172.217.194.0-255,7856,171090,82,352973
21505,0.002055,172.31.47.0-255,66,171156,82,352973
21506,0.004159,172.217.194.0-255,2902,174058,82,352973
21507,0.004163,172.31.47.0-255,66,174124,82,352973
21508,0.004188,172.217.194.0-255,2902,177026,82,352973
21509,0.00419,172.31.47.0-255,66,177092,82,352973
21510,0.006263,172.217.194.0-255,5738,182830,82,352973
21511,0.006268,172.31.47.0-255,66,182896,82,352973
21512,0.008361,172.217.194.0-255,5738,188634,82,352973
21513,0.008395,172.31.47.0-255,66,188700,82,352973
21514,0.010472,172.217.194.0-255,5738,194438,82,352973
21515,0.01048,172.31.47.0-255,66,194504,82,352973
21516,0.012569,172.217.194.0-255,2902,197406,82,352973
21517,0.012579,172.31.47.0-255,66,197472,82,352973
21518,0.012614,172.217.194.0-255,2902,200374,82,352973
21519,0.012619,172.31.47.0-255,66,200440,82,352973
21520,0.014664,172.217.194.0-255,2902,203342,82,352973
21521,0.014672,172.31.47.0-255,66,203408,82,352973
21522,0.014703,172.217.194.0-255,2902,206310,82,352973
21523,0.014709,172.31.47.0-255,66,206376,82,352973
21524,0.016758,172.217.194.0-255,2902,209278,82,352973
21525,0.016764,172.31.47.0-255,66,209344,82,352973
21526,0.0168,172.217.194.0-255,2902,212246,82,352973
21527,0.016804,172.31.47.0-255,66,212312,82,352973
21528,0.018825,172.217.194.0-255,2902,215214,82,352973
21529,0.018831,172.31.47.0-255,66,215280,82,352973
21530,0.018872,172.217.194.0-255,2902,218182,82,352973
21531,0.018876,172.31.47.0-255,66,218248,82,352973
21532,0.020968,172.217.194.0-255,2902,221150,82,352973
21533,0.020975,172.31.47.0-255,66,221216,82,352973
21534,0.021009,172.217.194.0-255,2902,224118,82,352973
21535,0.021014,172.31.47.0-255,66,224184,82,352973
21536,0.022303,172.31.47.0-255,172,224356,82,352973
21537,0.022337,172.31.47.0-255,1112,225468,82,352973
21538,0.022399,172.31.47.0-255,1514,226982,82,352973
21539,0.022401,172.31.47.0-255,1514,228496,82,352973
21540,0.022425,172.31.47.0-255,965,229461,82,352973
21541,0.023063,172.217.194.0-255,2902,232363,82,352973
21542,0.023067,172.31.47.0-255,66,232429,82,352973
21543,0.023102,172.217.194.0-255,2902,235331,82,352973
21544,0.023106,172.31.47.0-255,66,235397,82,352973
21545,0.023859,104.244.42.0-255,66,235463,82,352973
21546,0.023893,104.244.42.0-255,66,235529,82,352973
21547,0.023944,104.244.42.0-255,66,235595,82,352973
21548,0.023946,104.244.42.0-255,66,235661,82,352973
21549,0.02514,172.217.194.0-255,2902,238563,82,352973
21550,0.025143,172.31.47.0-255,66,238629,82,352973
21551,0.025199,172.217.194.0-255,2902,241531,82,352973
21552,0.025203,172.31.47.0-255,66,241597,82,352973
21553,0.027234,172.217.194.0-255,2902,244499,82,352973
21554,0.027238,172.31.47.0-255,66,244565,82,352973
21555,0.02727,172.217.194.0-255,2902,247467,82,352973
21556,0.027273,172.31.47.0-255,66,247533,82,352973
21557,0.029305,172.217.194.0-255,2902,250435,82,352973
21558,0.029311,172.31.47.0-255,66,250501,82,352973
21559,0.029347,172.217.194.0-255,2902,253403,82,352973
21560,0.029351,172.31.47.0-255,66,253469,82,352973
21561,0.031397,172.217.194.0-255,2902,256371,82,352973
21562,0.031403,172.31.47.0-255,66,256437,82,352973
21563,0.031435,172.217.194.0-255,2902,259339,82,352973
21564,0.031438,172.31.47.0-255,66,259405,82,352973
21565,0.033488,172.217.194.0-255,2902,262307,82,352973
21566,0.033492,172.31.47.0-255,66,262373,82,352973
21567,0.033525,172.217.194.0-255,2902,265275,82,352973
21568,0.033528,172.31.47.0-255,66,265341,82,352973
21569,0.035556,172.217.194.0-255,2902,268243,82,352973
21570,0.03556,172.31.47.0-255,66,268309,82,352973
21571,0.035607,172.217.194.0-255,2902,271211,82,352973
21572,0.035611,172.31.47.0-255,66,271277,82,352973
21573,0.037656,172.217.194.0-255,2902,274179,82,352973
21574,0.037661,172.31.47.0-255,66,274245,82,352973
21575,0.037692,172.217.194.0-255,2902,277147,82,352973
21576,0.037695,172.31.47.0-255,66,277213,82,352973
21577,0.039787,172.217.194.0-255,5738,282951,82,352973
21578,0.039806,172.31.47.0-255,66,283017,82,352973
21579,0.041879,172.217.194.0-255,5738,288755,82,352973
21580,0.041885,172.31.47.0-255,66,288821,82,352973
21581,0.043977,172.217.194.0-255,5738,294559,82,352973
21582,0.043982,172.31.47.0-255,66,294625,82,352973
21583,0.046066,172.217.194.0-255,5738,300363,82,352973
21584,0.046071,172.31.47.0-255,66,300429,82,352973
21585,0.048167,172.217.194.0-255,5738,306167,82,352973
21586,0.048172,172.31.47.0-255,66,306233,82,352973
21587,0.05026,172.217.194.0-255,5738,311971,82,352973
21588,0.050266,172.31.47.0-255,66,312037,82,352973
21589,0.052396,172.217.194.0-255,5738,317775,82,352973
21590,0.052401,172.31.47.0-255,66,317841,82,352973
21591,0.054497,172.217.194.0-255,5738,323579,82,352973
21592,0.054502,172.31.47.0-255,66,323645,82,352973
21593,0.056586,172.217.194.0-255,5738,329383,82,352973
21594,0.05659,172.31.47.0-255,66,329449,82,352973
21595,0.058668,172.217.194.0-255,4320,333769,82,352973
21596,0.058673,172.31.47.0-255,66,333835,82,352973
21597,0.058705,172.217.194.0-255,1484,335319,82,352973
21598,0.060753,172.217.194.0-255,4320,339639,82,352973
21599,0.060759,172.31.47.0-255,66,339705,82,352973
21600,0.062821,172.217.194.0-255,2902,342607,82,352973
21601,0.062826,172.31.47.0-255,66,342673,82,352973
21602,0.062856,172.217.194.0-255,2902,345575,82,352973
21603,0.062858,172.31.47.0-255,66,345641,82,352973
21604,0.064921,172.217.194.0-255,5738,351379,82,352973
21605,0.064926,172.31.47.0-255,66,351445,82,352973
21606,0.066996,172.217.194.0-255,1291,352736,82,352973
21607,0.067117,172.31.47.0-255,66,352802,82,352973
21608,0.067142,172.31.47.0-255,105,352907,82,352973
21609,0.069177,172.217.194.0-255,66,352973,82,352973
21610,0.0,74.125.24.0-255,152,152,82,213409
21611,2.7e-05,172.31.47.0-255,66,218,82,213409
21612,3.5e-05,74.125.24.0-255,1484,1702,82,213409
21613,3.9e-05,172.31.47.0-255,66,1768,82,213409
21614,6.3e-05,74.125.24.0-255,1484,3252,82,213409
21615,6.5e-05,172.31.47.0-255,66,3318,82,213409
21616,8.1e-05,74.125.24.0-255,1484,4802,82,213409
21617,8.4e-05,172.31.47.0-255,66,4868,82,213409
21618,0.000226,74.125.24.0-255,7156,12024,82,213409
21619,0.000231,172.31.47.0-255,66,12090,82,213409
21620,0.000562,74.125.24.0-255,1997,14087,82,213409
21621,0.000568,172.31.47.0-255,66,14153,82,213409
21622,0.000661,74.125.24.0-255,8574,22727,82,213409
21623,0.000666,172.31.47.0-255,66,22793,82,213409
21624,0.000686,74.125.24.0-255,2902,25695,82,213409
21625,0.000689,172.31.47.0-255,66,25761,82,213409
21626,0.001238,74.125.24.0-255,7156,32917,82,213409
21627,0.001243,172.31.47.0-255,66,32983,82,213409
21628,0.001276,172.31.47.0-255,66,33049,82,213409
21629,0.002208,74.125.24.0-255,7156,40205,82,213409
21630,0.002212,172.31.47.0-255,66,40271,82,213409
21631,0.002236,74.125.24.0-255,10692,50963,82,213409
21632,0.002238,172.31.47.0-255,66,51029,82,213409
21633,0.003087,74.125.24.0-255,5738,56767,82,213409
21634,0.003092,172.31.47.0-255,66,56833,82,213409
21635,0.003125,172.31.47.0-255,66,56899,82,213409
21636,0.004069,74.125.24.0-255,4320,61219,82,213409
21637,0.004073,172.31.47.0-255,66,61285,82,213409
21638,0.004105,172.31.47.0-255,66,61351,82,213409
21639,0.006664,74.125.24.0-255,5738,67089,82,213409
21640,0.006672,172.31.47.0-255,66,67155,82,213409
21641,0.009255,74.125.24.0-255,5738,72893,82,213409
21642,0.009262,172.31.47.0-255,66,72959,82,213409
21643,0.01183,74.125.24.0-255,5738,78697,82,213409
21644,0.011836,172.31.47.0-255,66,78763,82,213409
21645,0.011912,172.31.47.0-255,101,78864,82,213409
21646,0.014396,74.125.24.0-255,5738,84602,82,213409
21647,0.014419,172.31.47.0-255,66,84668,82,213409
21648,0.014507,74.125.24.0-255,66,84734,82,213409
21649,0.017001,74.125.24.0-255,5738,90472,82,213409
21650,0.017009,172.31.47.0-255,66,90538,82,213409
21651,0.019571,74.125.24.0-255,5738,96276,82,213409
21652,0.019586,172.31.47.0-255,66,96342,82,213409
21653,0.022164,74.125.24.0-255,5738,102080,82,213409
21654,0.022174,172.31.47.0-255,66,102146,82,213409
21655,0.024767,74.125.24.0-255,5738,107884,82,213409
21656,0.024776,172.31.47.0-255,66,107950,82,213409
21657,0.02548,172.31.47.0-255,172,108122,82,213409
21658,0.025515,172.31.47.0-255,1112,109234,82,213409
21659,0.025589,172.31.47.0-255,1514,110748,82,213409
21660,0.025591,172.31.47.0-255,1287,112035,82,213409
21661,0.026981,104.244.42.0-255,66,112101,82,213409
21662,0.027072,104.244.42.0-255,66,112167,82,213409
21663,0.02713,104.244.42.0-255,66,112233,82,213409
21664,0.027341,74.125.24.0-255,2902,115135,82,213409
21665,0.027346,172.31.47.0-255,66,115201,82,213409
21666,0.02737,74.125.24.0-255,2902,118103,82,213409
21667,0.027394,172.31.47.0-255,66,118169,82,213409
21668,0.029898,74.125.24.0-255,2902,121071,82,213409
21669,0.029903,172.31.47.0-255,66,121137,82,213409
21670,0.02996,74.125.24.0-255,2902,124039,82,213409
21671,0.029988,172.31.47.0-255,66,124105,82,213409
21672,0.03246,74.125.24.0-255,2902,127007,82,213409
21673,0.032464,172.31.47.0-255,66,127073,82,213409
21674,0.032518,74.125.24.0-255,1484,128557,82,213409
21675,0.03253,74.125.24.0-255,1484,130041,82,213409
21676,0.03254,172.31.47.0-255,66,130107,82,213409
21677,0.035076,74.125.24.0-255,2902,133009,82,213409
21678,0.035081,172.31.47.0-255,66,133075,82,213409
21679,0.035108,74.125.24.0-255,1484,134559,82,213409
21680,0.035118,74.125.24.0-255,1484,136043,82,213409
21681,0.035123,172.31.47.0-255,66,136109,82,213409
21682,0.037654,74.125.24.0-255,2902,139011,82,213409
21683,0.037659,172.31.47.0-255,66,139077,82,213409
21684,0.03772,74.125.24.0-255,2902,141979,82,213409
21685,0.037735,172.31.47.0-255,66,142045,82,213409
21686,0.040195,74.125.24.0-255,1484,143529,82,213409
21687,0.04023,74.125.24.0-255,1484,145013,82,213409
21688,0.040235,172.31.47.0-255,66,145079,82,213409
21689,0.040285,74.125.24.0-255,2902,147981,82,213409
21690,0.040289,172.31.47.0-255,66,148047,82,213409
21691,0.04281,74.125.24.0-255,2902,150949,82,213409
21692,0.042816,172.31.47.0-255,66,151015,82,213409
21693,0.042865,74.125.24.0-255,2902,153917,82,213409
21694,0.042891,172.31.47.0-255,66,153983,82,213409
21695,0.045379,74.125.24.0-255,2902,156885,82,213409
21696,0.045384,172.31.47.0-255,66,156951,82,213409
21697,0.045466,74.125.24.0-255,1484,158435,82,213409
21698,0.045476,74.125.24.0-255,1484,159919,82,213409
21699,0.045479,172.31.47.0-255,66,159985,82,213409
21700,0.047917,74.125.24.0-255,2902,162887,82,213409
21701,0.047922,172.31.47.0-255,66,162953,82,213409
21702,0.048049,74.125.24.0-255,2902,165855,82,213409
21703,0.048054,172.31.47.0-255,66,165921,82,213409
21704,0.050485,74.125.24.0-255,2902,168823,82,213409
21705,0.050496,172.31.47.0-255,66,168889,82,213409
21706,0.050607,74.125.24.0-255,2902,171791,82,213409
21707,0.051896,172.31.47.0-255,66,171857,82,213409
21708,0.053065,74.125.24.0-255,2902,174759,82,213409
21709,0.053071,172.31.47.0-255,66,174825,82,213409
21710,0.054471,74.125.24.0-255,2902,177727,82,213409
21711,0.054476,172.31.47.0-255,66,177793,82,213409
21712,0.055636,74.125.24.0-255,2902,180695,82,213409
21713,0.055642,172.31.47.0-255,66,180761,82,213409
21714,0.057034,74.125.24.0-255,2902,183663,82,213409
21715,0.05704,172.31.47.0-255,66,183729,82,213409
21716,0.0582,74.125.24.0-255,2902,186631,82,213409
21717,0.058205,172.31.47.0-255,66,186697,82,213409
21718,0.059581,74.125.24.0-255,2902,189599,82,213409
21719,0.059586,172.31.47.0-255,66,189665,82,213409
21720,0.060766,74.125.24.0-255,2902,192567,82,213409
21721,0.060771,172.31.47.0-255,66,192633,82,213409
21722,0.062165,74.125.24.0-255,2902,195535,82,213409
21723,0.06217,172.31.47.0-255,66,195601,82,213409
21724,0.063319,74.125.24.0-255,2902,198503,82,213409
21725,0.063324,172.31.47.0-255,66,198569,82,213409
21726,0.064716,74.125.24.0-255,2902,201471,82,213409
21727,0.064721,172.31.47.0-255,66,201537,82,213409
21728,0.065891,74.125.24.0-255,2902,204439,82,213409
21729,0.065897,172.31.47.0-255,66,204505,82,213409
21730,0.067327,74.125.24.0-255,2902,207407,82,213409
21731,0.067333,172.31.47.0-255,66,207473,82,213409
21732,0.068486,74.125.24.0-255,2902,210375,82,213409
21733,0.068493,172.31.47.0-255,66,210441,82,213409
21734,0.06989,74.125.24.0-255,2902,213343,82,213409
21735,0.069896,172.31.47.0-255,66,213409,82,213409
21736,0.0,172.31.47.0-255,105,105,82,176188
21737,0.05882,74.125.24.0-255,153,258,82,176188
21738,0.058854,172.31.47.0-255,66,324,82,176188
21739,0.058861,74.125.24.0-255,1484,1808,82,176188
21740,0.058866,172.31.47.0-255,66,1874,82,176188
21741,0.058878,74.125.24.0-255,2902,4776,82,176188
21742,0.058882,172.31.47.0-255,66,4842,82,176188
21743,0.058888,74.125.24.0-255,7156,11998,82,176188
21744,0.058891,172.31.47.0-255,66,12064,82,176188
21745,0.058895,74.125.24.0-255,2100,14164,82,176188
21746,0.058897,172.31.47.0-255,66,14230,82,176188
21747,0.058901,74.125.24.0-255,2902,17132,82,176188
21748,0.058904,172.31.47.0-255,66,17198,82,176188
21749,0.058945,74.125.24.0-255,7156,24354,82,176188
21750,0.058949,172.31.47.0-255,66,24420,82,176188
21751,0.058956,74.125.24.0-255,5738,30158,82,176188
21752,0.058958,172.31.47.0-255,66,30224,82,176188
21753,0.058998,172.31.47.0-255,66,30290,82,176188
21754,0.059012,74.125.24.0-255,1484,31774,82,176188
21755,0.05902,172.31.47.0-255,66,31840,82,176188
21756,0.059025,74.125.24.0-255,3602,35442,82,176188
21757,0.059027,172.31.47.0-255,66,35508,82,176188
21758,0.059077,74.125.24.0-255,1484,36992,82,176188
21759,0.05908,172.31.47.0-255,66,37058,82,176188
21760,0.059086,74.125.24.0-255,2902,39960,82,176188
21761,0.059089,172.31.47.0-255,66,40026,82,176188
21762,0.059127,74.125.24.0-255,5738,45764,82,176188
21763,0.05913,172.31.47.0-255,66,45830,82,176188
21764,0.059137,74.125.24.0-255,5738,51568,82,176188
21765,0.05914,172.31.47.0-255,66,51634,82,176188
21766,0.059159,74.125.24.0-255,1450,53084,82,176188
21767,0.059162,172.31.47.0-255,66,53150,82,176188
21768,0.059187,74.125.24.0-255,1484,54634,82,176188
21769,0.059194,74.125.24.0-255,2902,57536,82,176188
21770,0.059205,172.31.47.0-255,66,57602,82,176188
21771,0.059207,74.125.24.0-255,4320,61922,82,176188
21772,0.05921,172.31.47.0-255,66,61988,82,176188
21773,0.059228,74.125.24.0-255,1484,63472,82,176188
21774,0.059248,74.125.24.0-255,4320,67792,82,176188
21775,0.059252,172.31.47.0-255,66,67858,82,176188
21776,0.05928,74.125.24.0-255,4320,72178,82,176188
21777,0.059285,74.125.24.0-255,2450,74628,82,176188
21778,0.059285,172.31.47.0-255,66,74694,82,176188
21779,0.059305,172.31.47.0-255,66,74760,82,176188
21780,0.059789,74.125.24.0-255,1484,76244,82,176188
21781,0.059802,74.125.24.0-255,2902,79146,82,176188
21782,0.059806,172.31.47.0-255,66,79212,82,176188
21783,0.059812,74.125.24.0-255,4320,83532,82,176188
21784,0.059813,172.31.47.0-255,66,83598,82,176188
21785,0.059837,74.125.24.0-255,1484,85082,82,176188
21786,0.059847,74.125.24.0-255,9992,95074,82,176188
21787,0.05985,172.31.47.0-255,66,95140,82,176188
21788,0.059871,74.125.24.0-255,2902,98042,82,176188
21789,0.059874,172.31.47.0-255,66,98108,82,176188
21790,0.05988,74.125.24.0-255,4320,102428,82,176188
21791,0.059882,172.31.47.0-255,66,102494,82,176188
21792,0.059897,74.125.24.0-255,1484,103978,82,176188
21793,0.059923,74.125.24.0-255,5020,108998,82,176188
21794,0.059926,172.31.47.0-255,66,109064,82,176188
21795,0.059956,74.125.24.0-255,2902,111966,82,176188
21796,0.059959,172.31.47.0-255,66,112032,82,176188
21797,0.059985,74.125.24.0-255,1484,113516,82,176188
21798,0.059991,74.125.24.0-255,5738,119254,82,176188
21799,0.059995,172.31.47.0-255,66,119320,82,176188
21800,0.060003,172.31.47.0-255,66,119386,82,176188
21801,0.060006,74.125.24.0-255,1484,120870,82,176188
21802,0.060034,74.125.24.0-255,10692,131562,82,176188
21803,0.060056,172.31.47.0-255,66,131628,82,176188
21804,0.06021,74.125.24.0-255,1484,133112,82,176188
21805,0.060216,74.125.24.0-255,2902,136014,82,176188
21806,0.060219,172.31.47.0-255,66,136080,82,176188
21807,0.060223,74.125.24.0-255,1484,137564,82,176188
21808,0.060252,74.125.24.0-255,4320,141884,82,176188
21809,0.060256,172.31.47.0-255,66,141950,82,176188
21810,0.06027,172.31.47.0-255,66,142016,82,176188
21811,0.060272,74.125.24.0-255,1484,143500,82,176188
21812,0.060314,74.125.24.0-255,4320,147820,82,176188
21813,0.060317,172.31.47.0-255,66,147886,82,176188
21814,0.060347,74.125.24.0-255,5020,152906,82,176188
21815,0.060353,172.31.47.0-255,66,152972,82,176188
21816,0.062351,74.125.24.0-255,5738,158710,82,176188
21817,0.062358,172.31.47.0-255,66,158776,82,176188
21818,0.064339,74.125.24.0-255,5738,164514,82,176188
21819,0.064343,172.31.47.0-255,66,164580,82,176188
21820,0.066327,74.125.24.0-255,5738,170318,82,176188
21821,0.066334,172.31.47.0-255,66,170384,82,176188
21822,0.068314,74.125.24.0-255,5738,176122,82,176188
21823,0.068323,172.31.47.0-255,66,176188,82,176188
21824,0.0,74.125.200.0-255,153,153,82,311951
21825,2.5e-05,172.31.47.0-255,66,219,82,311951
21826,3.2e-05,74.125.200.0-255,1484,1703,82,311951
21827,3.5e-05,172.31.47.0-255,66,1769,82,311951
21828,4e-05,74.125.200.0-255,2902,4671,82,311951
21829,4.2e-05,172.31.47.0-255,66,4737,82,311951
21830,6.7e-05,74.125.200.0-255,2902,7639,82,311951
21831,6.9e-05,172.31.47.0-255,66,7705,82,311951
21832,0.0001,74.125.200.0-255,4320,12025,82,311951
21833,0.000103,172.31.47.0-255,66,12091,82,311951
21834,0.000106,74.125.200.0-255,1957,14048,82,311951
21835,0.000108,172.31.47.0-255,66,14114,82,311951
21836,0.000125,172.31.47.0-255,66,14180,82,311951
21837,0.00013,74.125.200.0-255,5379,19559,82,311951
21838,0.000133,172.31.47.0-255,66,19625,82,311951
21839,0.000189,74.125.200.0-255,1484,21109,82,311951
21840,0.000192,172.31.47.0-255,66,21175,82,311951
21841,0.000196,74.125.200.0-255,2902,24077,82,311951
21842,0.000198,172.31.47.0-255,66,24143,82,311951
21843,0.000219,74.125.200.0-255,5738,29881,82,311951
21844,0.000221,172.31.47.0-255,66,29947,82,311951
21845,0.000249,74.125.200.0-255,5738,35685,82,311951
21846,0.000252,172.31.47.0-255,66,35751,82,311951
21847,0.000275,74.125.200.0-255,1125,36876,82,311951
21848,0.000278,172.31.47.0-255,66,36942,82,311951
21849,0.000281,74.125.200.0-255,1484,38426,82,311951
21850,0.000283,172.31.47.0-255,66,38492,82,311951
21851,0.000313,74.125.200.0-255,4320,42812,82,311951
21852,0.000316,172.31.47.0-255,66,42878,82,311951
21853,0.000345,74.125.200.0-255,9992,52870,82,311951
21854,0.000349,172.31.47.0-255,66,52936,82,311951
21855,0.000373,74.125.200.0-255,1125,54061,82,311951
21856,0.000669,172.31.47.0-255,66,54127,82,311951
21857,0.001146,74.125.200.0-255,647,54774,82,311951
21858,0.001384,74.125.200.0-255,1484,56258,82,311951
21859,0.001388,172.31.47.0-255,66,56324,82,311951
21860,0.001418,74.125.200.0-255,1484,57808,82,311951
21861,0.001431,74.125.200.0-255,1484,59292,82,311951
21862,0.001432,172.31.47.0-255,66,59358,82,311951
21863,0.001437,74.125.200.0-255,2902,62260,82,311951
21864,0.001438,172.31.47.0-255,66,62326,82,311951
21865,0.001465,74.125.200.0-255,2902,65228,82,311951
21866,0.001467,172.31.47.0-255,66,65294,82,311951
21867,0.001471,74.125.200.0-255,2902,68196,82,311951
21868,0.001472,172.31.47.0-255,66,68262,82,311951
21869,0.001476,74.125.200.0-255,4320,72582,82,311951
21870,0.001478,172.31.47.0-255,66,72648,82,311951
21871,0.00151,74.125.200.0-255,8574,81222,82,311951
21872,0.001512,172.31.47.0-255,66,81288,82,311951
21873,0.001547,74.125.200.0-255,1484,82772,82,311951
21874,0.00156,74.125.200.0-255,6438,89210,82,311951
21875,0.001562,172.31.47.0-255,66,89276,82,311951
21876,0.002145,74.125.200.0-255,1484,90760,82,311951
21877,0.002158,74.125.200.0-255,2902,93662,82,311951
21878,0.00216,172.31.47.0-255,66,93728,82,311951
21879,0.002194,74.125.200.0-255,2902,96630,82,311951
21880,0.002196,172.31.47.0-255,66,96696,82,311951
21881,0.002218,74.125.200.0-255,2902,99598,82,311951
21882,0.002219,172.31.47.0-255,66,99664,82,311951
21883,0.002223,74.125.200.0-255,2902,102566,82,311951
21884,0.002225,172.31.47.0-255,66,102632,82,311951
21885,0.00223,74.125.200.0-255,4320,106952,82,311951
21886,0.002231,172.31.47.0-255,66,107018,82,311951
21887,0.002249,74.125.200.0-255,1484,108502,82,311951
21888,0.002273,74.125.200.0-255,5738,114240,82,311951
21889,0.002275,172.31.47.0-255,66,114306,82,311951
21890,0.002287,74.125.200.0-255,4320,118626,82,311951
21891,0.002293,172.31.47.0-255,66,118692,82,311951
21892,0.002314,74.125.200.0-255,4320,123012,82,311951
21893,0.002316,172.31.47.0-255,66,123078,82,311951
21894,0.002318,74.125.200.0-255,766,123844,82,311951
21895,0.002348,74.125.200.0-255,1484,125328,82,311951
21896,0.00235,172.31.47.0-255,66,125394,82,311951
21897,0.002407,74.125.200.0-255,1484,126878,82,311951
21898,0.002427,74.125.200.0-255,1484,128362,82,311951
21899,0.002429,172.31.47.0-255,66,128428,82,311951
21900,0.002434,74.125.200.0-255,5738,134166,82,311951
21901,0.002436,172.31.47.0-255,66,134232,82,311951
21902,0.002441,74.125.200.0-255,7156,141388,82,311951
21903,0.002442,172.31.47.0-255,66,141454,82,311951
21904,0.002476,74.125.200.0-255,1484,142938,82,311951
21905,0.002483,74.125.200.0-255,9992,152930,82,311951
21906,0.002485,172.31.47.0-255,66,152996,82,311951
21907,0.00249,74.125.200.0-255,5020,158016,82,311951
21908,0.002492,172.31.47.0-255,66,158082,82,311951
21909,0.005006,74.125.200.0-255,5738,163820,82,311951
21910,0.005011,172.31.47.0-255,66,163886,82,311951
21911,0.007508,74.125.200.0-255,5738,169624,82,311951
21912,0.007516,172.31.47.0-255,66,169690,82,311951
21913,0.010015,74.125.200.0-255,5738,175428,82,311951
21914,0.01002,172.31.47.0-255,66,175494,82,311951
21915,0.012519,74.125.200.0-255,5738,181232,82,311951
21916,0.012528,172.31.47.0-255,66,181298,82,311951
21917,0.015056,74.125.200.0-255,5738,187036,82,311951
21918,0.015072,172.31.47.0-255,66,187102,82,311951
21919,0.017585,74.125.200.0-255,5738,192840,82,311951
21920,0.01759,172.31.47.0-255,66,192906,82,311951
21921,0.020087,74.125.200.0-255,5738,198644,82,311951
21922,0.020096,172.31.47.0-255,66,198710,82,311951
21923,0.021772,172.31.47.0-255,172,198882,82,311951
21924,0.0218,172.31.47.0-255,1112,199994,82,311951
21925,0.021834,172.31.47.0-255,1514,201508,82,311951
21926,0.021835,172.31.47.0-255,1287,202795,82,311951
21927,0.02259,74.125.200.0-255,5738,208533,82,311951
21928,0.022595,172.31.47.0-255,66,208599,82,311951
21929,0.023342,104.244.42.0-255,66,208665,82,311951
21930,0.023396,104.244.42.0-255,66,208731,82,311951
21931,0.023398,104.244.42.0-255,66,208797,82,311951
21932,0.025091,74.125.200.0-255,1484,210281,82,311951
21933,0.025117,74.125.200.0-255,4320,214601,82,311951
21934,0.025121,172.31.47.0-255,66,214667,82,311951
21935,0.02761,74.125.200.0-255,5738,220405,82,311951
21936,0.027614,172.31.47.0-255,66,220471,82,311951
21937,0.030119,74.125.200.0-255,5738,226209,82,311951
21938,0.030124,172.31.47.0-255,66,226275,82,311951
21939,0.032616,74.125.200.0-255,5738,232013,82,311951
21940,0.032621,172.31.47.0-255,66,232079,82,311951
21941,0.035109,74.125.200.0-255,4320,236399,82,311951
21942,0.035114,172.31.47.0-255,66,236465,82,311951
21943,0.035165,74.125.200.0-255,1484,237949,82,311951
21944,0.03762,74.125.200.0-255,4320,242269,82,311951
21945,0.037625,172.31.47.0-255,66,242335,82,311951
21946,0.040109,74.125.200.0-255,2902,245237,82,311951
21947,0.040113,172.31.47.0-255,66,245303,82,311951
21948,0.040144,74.125.200.0-255,2902,248205,82,311951
21949,0.040146,172.31.47.0-255,66,248271,82,311951
21950,0.042598,74.125.200.0-255,2902,251173,82,311951
21951,0.042603,172.31.47.0-255,66,251239,82,311951
21952,0.042637,74.125.200.0-255,2902,254141,82,311951
21953,0.042639,172.31.47.0-255,66,254207,82,311951
21954,0.045098,74.125.200.0-255,2902,257109,82,311951
21955,0.045103,172.31.47.0-255,66,257175,82,311951
21956,0.04514,74.125.200.0-255,2902,260077,82,311951
21957,0.045143,172.31.47.0-255,66,260143,82,311951
21958,0.047588,74.125.200.0-255,2902,263045,82,311951
21959,0.047593,172.31.47.0-255,66,263111,82,311951
21960,0.047633,74.125.200.0-255,2902,266013,82,311951
21961,0.047636,172.31.47.0-255,66,266079,82,311951
21962,0.050082,74.125.200.0-255,2902,268981,82,311951
21963,0.050086,172.31.47.0-255,66,269047,82,311951
21964,0.050126,74.125.200.0-255,2902,271949,82,311951
21965,0.050128,172.31.47.0-255,66,272015,82,311951
21966,0.052571,74.125.200.0-255,2902,274917,82,311951
21967,0.052575,172.31.47.0-255,66,274983,82,311951
21968,0.05262,74.125.200.0-255,2902,277885,82,311951
21969,0.052623,172.31.47.0-255,66,277951,82,311951
21970,0.05507,74.125.200.0-255,2902,280853,82,311951
21971,0.055074,172.31.47.0-255,66,280919,82,311951
21972,0.055108,74.125.200.0-255,1484,282403,82,311951
21973,0.055131,74.125.200.0-255,1484,283887,82,311951
21974,0.055134,172.31.47.0-255,66,283953,82,311951
21975,0.057564,74.125.200.0-255,2902,286855,82,311951
21976,0.05757,172.31.47.0-255,66,286921,82,311951
21977,0.057616,74.125.200.0-255,2902,289823,82,311951
21978,0.05762,172.31.47.0-255,66,289889,82,311951
21979,0.060057,74.125.200.0-255,1484,291373,82,311951
21980,0.060113,74.125.200.0-255,4320,295693,82,311951
21981,0.060117,172.31.47.0-255,66,295759,82,311951
21982,0.062629,74.125.200.0-255,5738,301497,82,311951
21983,0.062633,172.31.47.0-255,66,301563,82,311951
21984,0.065118,74.125.200.0-255,4320,305883,82,311951
21985,0.065122,172.31.47.0-255,66,305949,82,311951
21986,0.065152,74.125.200.0-255,1484,307433,82,311951
21987,0.067624,74.125.200.0-255,1484,308917,82,311951
21988,0.067628,172.31.47.0-255,66,308983,82,311951
21989,0.067658,74.125.200.0-255,2902,311885,82,311951
21990,0.067661,172.31.47.0-255,66,311951,82,311951
21991,0.0,172.31.47.0-255,105,105,82,105
21992,0.0,74.125.68.0-255,298,298,82,418125
21993,3.1e-05,172.31.47.0-255,66,364,82,418125
21994,3.8e-05,74.125.68.0-255,1484,1848,82,418125
21995,4.2e-05,172.31.47.0-255,66,1914,82,418125
21996,4.9e-05,74.125.68.0-255,4320,6234,82,418125
21997,5.1e-05,172.31.47.0-255,66,6300,82,418125
21998,5.5e-05,74.125.68.0-255,2902,9202,82,418125
21999,5.7e-05,172.31.47.0-255,66,9268,82,418125
22000,6.1e-05,74.125.68.0-255,1484,10752,82,418125
22001,6.3e-05,172.31.47.0-255,66,10818,82,418125
22002,8.2e-05,74.125.68.0-255,2902,13720,82,418125
22003,8.4e-05,172.31.47.0-255,66,13786,82,418125
22004,0.000101,74.125.68.0-255,4320,18106,82,418125
22005,0.000103,172.31.47.0-255,66,18172,82,418125
22006,0.000118,74.125.68.0-255,4847,23019,82,418125
22007,0.00012,172.31.47.0-255,66,23085,82,418125
22008,0.000146,74.125.68.0-255,1484,24569,82,418125
22009,0.000148,172.31.47.0-255,66,24635,82,418125
22010,0.00017,74.125.68.0-255,6797,31432,82,418125
22011,0.000173,172.31.47.0-255,66,31498,82,418125
22012,0.000225,74.125.68.0-255,1484,32982,82,418125
22013,0.000228,172.31.47.0-255,66,33048,82,418125
22014,0.000245,74.125.68.0-255,2902,35950,82,418125
22015,0.000248,172.31.47.0-255,66,36016,82,418125
22016,0.00025,74.125.68.0-255,1484,37500,82,418125
22017,0.000252,172.31.47.0-255,66,37566,82,418125
22018,0.000276,74.125.68.0-255,4320,41886,82,418125
22019,0.000282,172.31.47.0-255,66,41952,82,418125
22020,0.000291,74.125.68.0-255,1484,43436,82,418125
22021,0.000293,172.31.47.0-255,66,43502,82,418125
22022,0.000317,74.125.68.0-255,5379,48881,82,418125
22023,0.000322,172.31.47.0-255,66,48947,82,418125
22024,0.000446,74.125.68.0-255,1484,50431,82,418125
22025,0.000463,74.125.68.0-255,2902,53333,82,418125
22026,0.000467,172.31.47.0-255,66,53399,82,418125
22027,0.000491,74.125.68.0-255,4320,57719,82,418125
22028,0.000494,172.31.47.0-255,66,57785,82,418125
22029,0.000505,74.125.68.0-255,1484,59269,82,418125
22030,0.000508,74.125.68.0-255,1484,60753,82,418125
22031,0.00051,172.31.47.0-255,66,60819,82,418125
22032,0.000558,74.125.68.0-255,5379,66198,82,418125
22033,0.000562,172.31.47.0-255,66,66264,82,418125
22034,0.000632,74.125.68.0-255,1484,67748,82,418125
22035,0.00065,74.125.68.0-255,2902,70650,82,418125
22036,0.000654,172.31.47.0-255,66,70716,82,418125
22037,0.000657,74.125.68.0-255,1484,72200,82,418125
22038,0.000661,74.125.68.0-255,2902,75102,82,418125
22039,0.000663,172.31.47.0-255,66,75168,82,418125
22040,0.00069,74.125.68.0-255,5738,80906,82,418125
22041,0.000693,172.31.47.0-255,66,80972,82,418125
22042,0.000711,74.125.68.0-255,2543,83515,82,418125
22043,0.000714,172.31.47.0-255,66,83581,82,418125
22044,0.000718,74.125.68.0-255,2902,86483,82,418125
22045,0.00072,172.31.47.0-255,66,86549,82,418125
22046,0.000742,74.125.68.0-255,4320,90869,82,418125
22047,0.000745,172.31.47.0-255,66,90935,82,418125
22048,0.000762,74.125.68.0-255,2902,93837,82,418125
22049,0.000765,172.31.47.0-255,66,93903,82,418125
22050,0.000772,74.125.68.0-255,5738,99641,82,418125
22051,0.000774,172.31.47.0-255,66,99707,82,418125
22052,0.000796,74.125.68.0-255,1125,100832,82,418125
22053,0.000843,74.125.68.0-255,1484,102316,82,418125
22054,0.000847,172.31.47.0-255,66,102382,82,418125
22055,0.00087,74.125.68.0-255,4320,106702,82,418125
22056,0.000873,172.31.47.0-255,66,106768,82,418125
22057,0.00089,74.125.68.0-255,2902,109670,82,418125
22058,0.000893,172.31.47.0-255,66,109736,82,418125
22059,0.000905,74.125.68.0-255,2902,112638,82,418125
22060,0.000908,172.31.47.0-255,66,112704,82,418125
22061,0.000911,74.125.68.0-255,1484,114188,82,418125
22062,0.000932,74.125.68.0-255,2902,117090,82,418125
22063,0.000935,172.31.47.0-255,66,117156,82,418125
22064,0.000952,74.125.68.0-255,1111,118267,82,418125
22065,0.000999,74.125.68.0-255,1484,119751,82,418125
22066,0.001003,172.31.47.0-255,66,119817,82,418125
22067,0.001006,74.125.68.0-255,1484,121301,82,418125
22068,0.001018,74.125.68.0-255,1484,122785,82,418125
22069,0.00102,74.125.68.0-255,1484,124269,82,418125
22070,0.001021,172.31.47.0-255,66,124335,82,418125
22071,0.001046,74.125.68.0-255,2902,127237,82,418125
22072,0.001049,172.31.47.0-255,66,127303,82,418125
22073,0.001057,74.125.68.0-255,8574,135877,82,418125
22074,0.001059,172.31.47.0-255,66,135943,82,418125
22075,0.001064,74.125.68.0-255,4320,140263,82,418125
22076,0.001066,172.31.47.0-255,66,140329,82,418125
22077,0.0011,74.125.68.0-255,1484,141813,82,418125
22078,0.001121,74.125.68.0-255,4320,146133,82,418125
22079,0.001124,172.31.47.0-255,66,146199,82,418125
22080,0.00113,74.125.68.0-255,5406,151605,82,418125
22081,0.001133,172.31.47.0-255,66,151671,82,418125
22082,0.001201,74.125.68.0-255,1484,153155,82,418125
22083,0.001219,74.125.68.0-255,2902,156057,82,418125
22084,0.001222,172.31.47.0-255,66,156123,82,418125
22085,0.001241,74.125.68.0-255,1484,157607,82,418125
22086,0.001256,74.125.68.0-255,4320,161927,82,418125
22087,0.001259,172.31.47.0-255,66,161993,82,418125
22088,0.001262,74.125.68.0-255,1484,163477,82,418125
22089,0.001275,74.125.68.0-255,2902,166379,82,418125
22090,0.001278,172.31.47.0-255,66,166445,82,418125
22091,0.001309,74.125.68.0-255,5738,172183,82,418125
22092,0.001312,172.31.47.0-255,66,172249,82,418125
22093,0.001317,74.125.68.0-255,2902,175151,82,418125
22094,0.001319,172.31.47.0-255,66,175217,82,418125
22095,0.001323,74.125.68.0-255,2902,178119,82,418125
22096,0.001325,172.31.47.0-255,66,178185,82,418125
22097,0.001337,74.125.68.0-255,1484,179669,82,418125
22098,0.001375,74.125.68.0-255,2902,182571,82,418125
22099,0.001379,172.31.47.0-255,66,182637,82,418125
22100,0.001395,74.125.68.0-255,3602,186239,82,418125
22101,0.001398,172.31.47.0-255,66,186305,82,418125
22102,0.001944,74.125.68.0-255,1484,187789,82,418125
22103,0.001954,74.125.68.0-255,2902,190691,82,418125
22104,0.001958,172.31.47.0-255,66,190757,82,418125
22105,0.001978,74.125.68.0-255,5738,196495,82,418125
22106,0.001981,172.31.47.0-255,66,196561,82,418125
22107,0.001985,74.125.68.0-255,2902,199463,82,418125
22108,0.001987,172.31.47.0-255,66,199529,82,418125
22109,0.002032,74.125.68.0-255,9992,209521,82,418125
22110,0.002037,172.31.47.0-255,66,209587,82,418125
22111,0.002045,74.125.68.0-255,5738,215325,82,418125
22112,0.002047,172.31.47.0-255,66,215391,82,418125
22113,0.002085,74.125.68.0-255,4320,219711,82,418125
22114,0.002087,172.31.47.0-255,66,219777,82,418125
22115,0.002102,74.125.68.0-255,2184,221961,82,418125
22116,0.002104,172.31.47.0-255,66,222027,82,418125
22117,0.00214,74.125.68.0-255,7156,229183,82,418125
22118,0.002143,172.31.47.0-255,66,229249,82,418125
22119,0.002147,74.125.68.0-255,2902,232151,82,418125
22120,0.002149,172.31.47.0-255,66,232217,82,418125
22121,0.002162,74.125.68.0-255,2902,235119,82,418125
22122,0.002164,172.31.47.0-255,66,235185,82,418125
22123,0.002175,74.125.68.0-255,1484,236669,82,418125
22124,0.002187,74.125.68.0-255,5738,242407,82,418125
22125,0.002189,172.31.47.0-255,66,242473,82,418125
22126,0.002206,74.125.68.0-255,2902,245375,82,418125
22127,0.002208,172.31.47.0-255,66,245441,82,418125
22128,0.002212,74.125.68.0-255,2902,248343,82,418125
22129,0.002214,172.31.47.0-255,66,248409,82,418125
22130,0.002234,74.125.68.0-255,2902,251311,82,418125
22131,0.002236,172.31.47.0-255,66,251377,82,418125
22132,0.002254,74.125.68.0-255,3602,254979,82,418125
22133,0.002256,172.31.47.0-255,66,255045,82,418125
22134,0.004425,74.125.68.0-255,1484,256529,82,418125
22135,0.004446,74.125.68.0-255,4320,260849,82,418125
22136,0.00445,172.31.47.0-255,66,260915,82,418125
22137,0.006642,74.125.68.0-255,5738,266653,82,418125
22138,0.006648,172.31.47.0-255,66,266719,82,418125
22139,0.008843,74.125.68.0-255,4320,271039,82,418125
22140,0.008849,172.31.47.0-255,66,271105,82,418125
22141,0.008881,74.125.68.0-255,1484,272589,82,418125
22142,0.011057,74.125.68.0-255,4320,276909,82,418125
22143,0.011069,172.31.47.0-255,66,276975,82,418125
22144,0.013284,74.125.68.0-255,5738,282713,82,418125
22145,0.013291,172.31.47.0-255,66,282779,82,418125
22146,0.015502,74.125.68.0-255,5738,288517,82,418125
22147,0.015508,172.31.47.0-255,66,288583,82,418125
22148,0.01773,74.125.68.0-255,5738,294321,82,418125
22149,0.017735,172.31.47.0-255,66,294387,82,418125
22150,0.01993,74.125.68.0-255,5738,300125,82,418125
22151,0.019936,172.31.47.0-255,66,300191,82,418125
22152,0.022153,74.125.68.0-255,5738,305929,82,418125
22153,0.022158,172.31.47.0-255,66,305995,82,418125
22154,0.023563,172.31.47.0-255,172,306167,82,418125
22155,0.023592,172.31.47.0-255,1111,307278,82,418125
22156,0.02362,172.31.47.0-255,1514,308792,82,418125
22157,0.023621,172.31.47.0-255,325,309117,82,418125
22158,0.024364,74.125.68.0-255,5738,314855,82,418125
22159,0.024369,172.31.47.0-255,66,314921,82,418125
22160,0.025202,104.244.42.0-255,66,314987,82,418125
22161,0.026562,74.125.68.0-255,1484,316471,82,418125
22162,0.026586,74.125.68.0-255,4320,320791,82,418125
22163,0.02659,172.31.47.0-255,66,320857,82,418125
22164,0.028785,74.125.68.0-255,1484,322341,82,418125
22165,0.028812,74.125.68.0-255,4320,326661,82,418125
22166,0.028816,172.31.47.0-255,66,326727,82,418125
22167,0.031042,74.125.68.0-255,5738,332465,82,418125
22168,0.031048,172.31.47.0-255,66,332531,82,418125
22169,0.033249,74.125.68.0-255,2902,335433,82,418125
22170,0.033253,172.31.47.0-255,66,335499,82,418125
22171,0.033279,74.125.68.0-255,2902,338401,82,418125
22172,0.033281,172.31.47.0-255,66,338467,82,418125
22173,0.035464,74.125.68.0-255,2902,341369,82,418125
22174,0.035468,172.31.47.0-255,66,341435,82,418125
22175,0.035493,74.125.68.0-255,2902,344337,82,418125
22176,0.035495,172.31.47.0-255,66,344403,82,418125
22177,0.037692,74.125.68.0-255,4320,348723,82,418125
22178,0.037696,172.31.47.0-255,66,348789,82,418125
22179,0.037723,74.125.68.0-255,1484,350273,82,418125
22180,0.039896,74.125.68.0-255,4320,354593,82,418125
22181,0.0399,172.31.47.0-255,66,354659,82,418125
22182,0.042096,74.125.68.0-255,5738,360397,82,418125
22183,0.0421,172.31.47.0-255,66,360463,82,418125
22184,0.044304,74.125.68.0-255,5738,366201,82,418125
22185,0.044309,172.31.47.0-255,66,366267,82,418125
22186,0.046512,74.125.68.0-255,4320,370587,82,418125
22187,0.046517,172.31.47.0-255,66,370653,82,418125
22188,0.046544,74.125.68.0-255,1484,372137,82,418125
22189,0.048712,74.125.68.0-255,4320,376457,82,418125
22190,0.048716,172.31.47.0-255,66,376523,82,418125
22191,0.050912,74.125.68.0-255,4320,380843,82,418125
22192,0.050918,172.31.47.0-255,66,380909,82,418125
22193,0.050943,74.125.68.0-255,1484,382393,82,418125
22194,0.05312,74.125.68.0-255,4320,386713,82,418125
22195,0.053124,172.31.47.0-255,66,386779,82,418125
22196,0.055335,74.125.68.0-255,5738,392517,82,418125
22197,0.055341,172.31.47.0-255,66,392583,82,418125
22198,0.057545,74.125.68.0-255,5738,398321,82,418125
22199,0.057551,172.31.47.0-255,66,398387,82,418125
22200,0.059759,74.125.68.0-255,5738,404125,82,418125
22201,0.059763,172.31.47.0-255,66,404191,82,418125
22202,0.061975,74.125.68.0-255,5738,409929,82,418125
22203,0.06198,172.31.47.0-255,66,409995,82,418125
22204,0.064184,74.125.68.0-255,5738,415733,82,418125
22205,0.064188,172.31.47.0-255,66,415799,82,418125
22206,0.066397,74.125.68.0-255,2089,417888,82,418125
22207,0.066405,172.31.47.0-255,66,417954,82,418125
22208,0.067022,172.31.47.0-255,105,418059,82,418125
22209,0.069187,74.125.68.0-255,66,418125,82,418125
22210,0.0,172.217.194.0-255,153,153,82,293901
22211,3.3e-05,172.31.47.0-255,66,219,82,293901
22212,4e-05,172.217.194.0-255,1484,1703,82,293901
22213,4.3e-05,172.31.47.0-255,66,1769,82,293901
22214,4.8e-05,172.217.194.0-255,2902,4671,82,293901
22215,4.9e-05,172.31.47.0-255,66,4737,82,293901
22216,6.2e-05,172.217.194.0-255,7156,11893,82,293901
22217,6.5e-05,172.31.47.0-255,66,11959,82,293901
22218,7.1e-05,172.217.194.0-255,5008,16967,82,293901
22219,7.3e-05,172.31.47.0-255,66,17033,82,293901
22220,0.000111,172.31.47.0-255,66,17099,82,293901
22221,0.000163,172.217.194.0-255,1484,18583,82,293901
22222,0.000166,172.31.47.0-255,66,18649,82,293901
22223,0.00017,172.217.194.0-255,2902,21551,82,293901
22224,0.000173,172.31.47.0-255,66,21617,82,293901
22225,0.000183,172.217.194.0-255,5738,27355,82,293901
22226,0.000185,172.31.47.0-255,66,27421,82,293901
22227,0.000207,172.217.194.0-255,1484,28905,82,293901
22228,0.000209,172.31.47.0-255,66,28971,82,293901
22229,0.000247,172.31.47.0-255,66,29037,82,293901
22230,0.000273,172.217.194.0-255,5738,34775,82,293901
22231,0.000276,172.31.47.0-255,66,34841,82,293901
22232,0.000301,172.217.194.0-255,4284,39125,82,293901
22233,0.000304,172.31.47.0-255,66,39191,82,293901
22234,0.000307,172.217.194.0-255,364,39555,82,293901
22235,0.000308,172.31.47.0-255,66,39621,82,293901
22236,0.000348,172.217.194.0-255,1484,41105,82,293901
22237,0.000351,172.31.47.0-255,66,41171,82,293901
22238,0.000369,172.217.194.0-255,4320,45491,82,293901
22239,0.000373,172.31.47.0-255,66,45557,82,293901
22240,0.000377,172.217.194.0-255,4320,49877,82,293901
22241,0.00038,172.31.47.0-255,66,49943,82,293901
22242,0.000397,172.217.194.0-255,2902,52845,82,293901
22243,0.000403,172.31.47.0-255,66,52911,82,293901
22244,0.000431,172.217.194.0-255,3961,56872,82,293901
22245,0.000434,172.31.47.0-255,66,56938,82,293901
22246,0.000439,172.217.194.0-255,4320,61258,82,293901
22247,0.000441,172.31.47.0-255,66,61324,82,293901
22248,0.000457,172.217.194.0-255,9992,71316,82,293901
22249,0.00046,172.31.47.0-255,66,71382,82,293901
22250,0.000471,172.217.194.0-255,2543,73925,82,293901
22251,0.000475,172.31.47.0-255,66,73991,82,293901
22252,0.001067,172.217.194.0-255,1484,75475,82,293901
22253,0.001077,172.217.194.0-255,2902,78377,82,293901
22254,0.00108,172.31.47.0-255,66,78443,82,293901
22255,0.001087,172.217.194.0-255,5738,84181,82,293901
22256,0.001089,172.31.47.0-255,66,84247,82,293901
22257,0.001115,172.217.194.0-255,4320,88567,82,293901
22258,0.001118,172.31.47.0-255,66,88633,82,293901
22259,0.001149,172.217.194.0-255,8574,97207,82,293901
22260,0.001152,172.31.47.0-255,66,97273,82,293901
22261,0.00116,172.217.194.0-255,10692,107965,82,293901
22262,0.001167,172.31.47.0-255,66,108031,82,293901
22263,0.00119,172.217.194.0-255,1484,109515,82,293901
22264,0.001204,172.217.194.0-255,2902,112417,82,293901
22265,0.001207,172.31.47.0-255,66,112483,82,293901
22266,0.001212,172.217.194.0-255,5738,118221,82,293901
22267,0.001214,172.31.47.0-255,66,118287,82,293901
22268,0.001239,172.217.194.0-255,8574,126861,82,293901
22269,0.001242,172.31.47.0-255,66,126927,82,293901
22270,0.001283,172.217.194.0-255,2902,129829,82,293901
22271,0.001286,172.31.47.0-255,66,129895,82,293901
22272,0.001325,172.31.47.0-255,66,129961,82,293901
22273,0.00133,172.217.194.0-255,2902,132863,82,293901
22274,0.001332,172.31.47.0-255,66,132929,82,293901
22275,0.001336,172.217.194.0-255,4320,137249,82,293901
22276,0.001338,172.31.47.0-255,66,137315,82,293901
22277,0.00138,172.217.194.0-255,2902,140217,82,293901
22278,0.001383,172.31.47.0-255,66,140283,82,293901
22279,0.001416,172.217.194.0-255,5738,146021,82,293901
22280,0.001419,172.31.47.0-255,66,146087,82,293901
22281,0.001435,172.31.47.0-255,66,146153,82,293901
22282,0.001449,172.31.47.0-255,66,146219,82,293901
22283,0.001454,172.217.194.0-255,5738,151957,82,293901
22284,0.001456,172.31.47.0-255,66,152023,82,293901
22285,0.001488,172.217.194.0-255,8574,160597,82,293901
22286,0.00149,172.31.47.0-255,66,160663,82,293901
22287,0.001495,172.217.194.0-255,6438,167101,82,293901
22288,0.001497,172.31.47.0-255,66,167167,82,293901
22289,0.001526,172.217.194.0-255,7156,174323,82,293901
22290,0.001529,172.31.47.0-255,66,174389,82,293901
22291,0.001536,172.217.194.0-255,8574,182963,82,293901
22292,0.001537,172.31.47.0-255,66,183029,82,293901
22293,0.00158,172.217.194.0-255,7156,190185,82,293901
22294,0.001583,172.31.47.0-255,66,190251,82,293901
22295,0.001586,172.217.194.0-255,1484,191735,82,293901
22296,0.001593,172.217.194.0-255,9274,201009,82,293901
22297,0.001595,172.31.47.0-255,66,201075,82,293901
22298,0.001634,172.217.194.0-255,9992,211067,82,293901
22299,0.001638,172.31.47.0-255,66,211133,82,293901
22300,0.001643,172.217.194.0-255,5738,216871,82,293901
22301,0.001645,172.31.47.0-255,66,216937,82,293901
22302,0.001689,172.31.47.0-255,66,217003,82,293901
22303,0.001693,172.217.194.0-255,3602,220605,82,293901
22304,0.001695,172.31.47.0-255,66,220671,82,293901
22305,0.001714,172.217.194.0-255,4320,224991,82,293901
22306,0.001717,172.31.47.0-255,66,225057,82,293901
22307,0.001754,172.217.194.0-255,9992,235049,82,293901
22308,0.001758,172.31.47.0-255,66,235115,82,293901
22309,0.001765,172.217.194.0-255,8574,243689,82,293901
22310,0.001767,172.31.47.0-255,66,243755,82,293901
22311,0.001791,172.217.194.0-255,2902,246657,82,293901
22312,0.001793,172.31.47.0-255,66,246723,82,293901
22313,0.001822,172.217.194.0-255,7856,254579,82,293901
22314,0.001826,172.31.47.0-255,66,254645,82,293901
22315,0.001831,172.217.194.0-255,5738,260383,82,293901
22316,0.001833,172.31.47.0-255,66,260449,82,293901
22317,0.001865,172.217.194.0-255,5738,266187,82,293901
22318,0.001868,172.31.47.0-255,66,266253,82,293901
22319,0.001874,172.217.194.0-255,5738,271991,82,293901
22320,0.001876,172.31.47.0-255,66,272057,82,293901
22321,0.001929,172.217.194.0-255,5738,277795,82,293901
22322,0.001933,172.31.47.0-255,66,277861,82,293901
22323,0.001969,172.31.47.0-255,66,277927,82,293901
22324,0.001972,172.217.194.0-255,1484,279411,82,293901
22325,0.001996,172.31.47.0-255,66,279477,82,293901
22326,0.002003,172.217.194.0-255,9731,289208,82,293901
22327,0.002006,172.31.47.0-255,66,289274,82,293901
22328,0.002008,172.217.194.0-255,105,289379,82,293901
22329,0.003873,172.31.47.0-255,66,289445,82,293901
22330,0.003896,172.31.47.0-255,105,289550,82,293901
22331,0.006438,172.217.194.0-255,66,289616,82,293901
22332,0.025206,172.31.47.0-255,172,289788,82,293901
22333,0.025237,172.31.47.0-255,1111,290899,82,293901
22334,0.025263,172.31.47.0-255,1514,292413,82,293901
22335,0.025265,172.31.47.0-255,1290,293703,82,293901
22336,0.026758,104.244.42.0-255,66,293769,82,293901
22337,0.026795,104.244.42.0-255,66,293835,82,293901
22338,0.026799,104.244.42.0-255,66,293901,82,293901
22339,0.0,172.31.47.0-255,66,66,82,66
22340,0.0,172.31.47.0-255,105,105,82,276
22341,0.001474,157.240.13.0-255,105,210,82,276
22342,0.001486,172.31.47.0-255,66,276,82,276
22343,0.0,172.31.47.0-255,105,105,82,276
22344,0.001767,157.240.13.0-255,105,210,82,276
22345,0.001779,172.31.47.0-255,66,276,82,276
22346,0.0,172.217.194.0-255,154,154,82,270654
22347,2.1e-05,172.31.47.0-255,66,220,82,270654
22348,2.7e-05,172.217.194.0-255,1484,1704,82,270654
22349,3.1e-05,172.31.47.0-255,66,1770,82,270654
22350,3.6e-05,172.217.194.0-255,2902,4672,82,270654
22351,3.9e-05,172.31.47.0-255,66,4738,82,270654
22352,5.4e-05,172.217.194.0-255,7156,11894,82,270654
22353,5.8e-05,172.31.47.0-255,66,11960,82,270654
22354,8.7e-05,172.217.194.0-255,9143,21103,82,270654
22355,9.2e-05,172.31.47.0-255,66,21169,82,270654
22356,0.0001,172.217.194.0-255,9633,30802,82,270654
22357,0.000108,172.31.47.0-255,66,30868,82,270654
22358,0.000166,172.217.194.0-255,1484,32352,82,270654
22359,0.000169,172.31.47.0-255,66,32418,82,270654
22360,0.000174,172.217.194.0-255,2902,35320,82,270654
22361,0.000176,172.31.47.0-255,66,35386,82,270654
22362,0.000193,172.217.194.0-255,5738,41124,82,270654
22363,0.000196,172.31.47.0-255,66,41190,82,270654
22364,0.000225,172.217.194.0-255,8574,49764,82,270654
22365,0.000229,172.31.47.0-255,66,49830,82,270654
22366,0.000254,172.217.194.0-255,5379,55209,82,270654
22367,0.000257,172.31.47.0-255,66,55275,82,270654
22368,0.00028,172.217.194.0-255,9925,65200,82,270654
22369,0.000284,172.31.47.0-255,66,65266,82,270654
22370,0.000286,172.217.194.0-255,98,65364,82,270654
22371,0.000288,172.31.47.0-255,66,65430,82,270654
22372,0.000345,172.217.194.0-255,1484,66914,82,270654
22373,0.000349,172.31.47.0-255,66,66980,82,270654
22374,0.000352,172.217.194.0-255,1484,68464,82,270654
22375,0.000354,172.31.47.0-255,66,68530,82,270654
22376,0.000373,172.217.194.0-255,1484,70014,82,270654
22377,0.000376,172.31.47.0-255,66,70080,82,270654
22378,0.000383,172.217.194.0-255,7156,77236,82,270654
22379,0.000385,172.31.47.0-255,66,77302,82,270654
22380,0.000423,172.217.194.0-255,8215,85517,82,270654
22381,0.000427,172.31.47.0-255,66,85583,82,270654
22382,0.000435,172.217.194.0-255,9992,95575,82,270654
22383,0.000437,172.31.47.0-255,66,95641,82,270654
22384,0.000455,172.217.194.0-255,3961,99602,82,270654
22385,0.000461,172.31.47.0-255,66,99668,82,270654
22386,0.000464,172.217.194.0-255,362,100030,82,270654
22387,0.000636,172.217.194.0-255,1484,101514,82,270654
22388,0.00064,172.31.47.0-255,66,101580,82,270654
22389,0.000644,172.217.194.0-255,2902,104482,82,270654
22390,0.000647,172.31.47.0-255,66,104548,82,270654
22391,0.000651,172.217.194.0-255,4320,108868,82,270654
22392,0.000653,172.31.47.0-255,66,108934,82,270654
22393,0.000666,172.217.194.0-255,1484,110418,82,270654
22394,0.000701,172.31.47.0-255,66,110484,82,270654
22395,0.000724,172.217.194.0-255,1484,111968,82,270654
22396,0.000742,172.217.194.0-255,8725,120693,82,270654
22397,0.000745,172.31.47.0-255,66,120759,82,270654
22398,0.000782,172.31.47.0-255,66,120825,82,270654
22399,0.000792,172.31.47.0-255,66,120891,82,270654
22400,0.000836,172.217.194.0-255,1484,122375,82,270654
22401,0.00086,172.217.194.0-255,9274,131649,82,270654
22402,0.000863,172.31.47.0-255,66,131715,82,270654
22403,0.000867,172.217.194.0-255,4320,136035,82,270654
22404,0.000869,172.31.47.0-255,66,136101,82,270654
22405,0.0009,172.217.194.0-255,7156,143257,82,270654
22406,0.000903,172.31.47.0-255,66,143323,82,270654
22407,0.000908,172.217.194.0-255,5738,149061,82,270654
22408,0.00091,172.31.47.0-255,66,149127,82,270654
22409,0.000937,172.217.194.0-255,7156,156283,82,270654
22410,0.000939,172.31.47.0-255,66,156349,82,270654
22411,0.000964,172.217.194.0-255,9274,165623,82,270654
22412,0.000967,172.31.47.0-255,66,165689,82,270654
22413,0.001008,172.31.47.0-255,66,165755,82,270654
22414,0.001031,172.217.194.0-255,3961,169716,82,270654
22415,0.001036,172.31.47.0-255,66,169782,82,270654
22416,0.00105,172.31.47.0-255,66,169848,82,270654
22417,0.001088,172.217.194.0-255,2902,172750,82,270654
22418,0.00109,172.31.47.0-255,66,172816,82,270654
22419,0.001126,172.31.47.0-255,66,172882,82,270654
22420,0.001153,172.31.47.0-255,66,172948,82,270654
22421,0.001164,172.31.47.0-255,66,173014,82,270654
22422,0.001193,172.217.194.0-255,7156,180170,82,270654
22423,0.001196,172.31.47.0-255,66,180236,82,270654
22424,0.001226,172.217.194.0-255,3602,183838,82,270654
22425,0.001228,172.31.47.0-255,66,183904,82,270654
22426,0.001239,172.31.47.0-255,66,183970,82,270654
22427,0.001244,172.217.194.0-255,4320,188290,82,270654
22428,0.001251,172.31.47.0-255,66,188356,82,270654
22429,0.001283,172.31.47.0-255,66,188422,82,270654
22430,0.001307,172.217.194.0-255,1484,189906,82,270654
22431,0.001312,172.217.194.0-255,2902,192808,82,270654
22432,0.001314,172.31.47.0-255,66,192874,82,270654
22433,0.001317,172.217.194.0-255,1484,194358,82,270654
22434,0.001344,172.217.194.0-255,4320,198678,82,270654
22435,0.001347,172.31.47.0-255,66,198744,82,270654
22436,0.001352,172.217.194.0-255,4320,203064,82,270654
22437,0.001354,172.31.47.0-255,66,203130,82,270654
22438,0.001357,172.217.194.0-255,2902,206032,82,270654
22439,0.001361,172.31.47.0-255,66,206098,82,270654
22440,0.001396,172.217.194.0-255,8574,214672,82,270654
22441,0.001399,172.31.47.0-255,66,214738,82,270654
22442,0.001406,172.217.194.0-255,7856,222594,82,270654
22443,0.001408,172.31.47.0-255,66,222660,82,270654
22444,0.001447,172.217.194.0-255,8574,231234,82,270654
22445,0.00145,172.31.47.0-255,66,231300,82,270654
22446,0.001452,172.217.194.0-255,1484,232784,82,270654
22447,0.001457,172.217.194.0-255,4320,237104,82,270654
22448,0.001458,172.31.47.0-255,66,237170,82,270654
22449,0.001482,172.217.194.0-255,7156,244326,82,270654
22450,0.001486,172.217.194.0-255,2902,247228,82,270654
22451,0.001487,172.31.47.0-255,66,247294,82,270654
22452,0.001522,172.217.194.0-255,9274,256568,82,270654
22453,0.001568,172.217.194.0-255,5738,262306,82,270654
22454,0.001586,172.217.194.0-255,3721,266027,82,270654
22455,0.001589,172.217.194.0-255,105,266132,82,270654
22456,0.001657,172.31.47.0-255,66,266198,82,270654
22457,0.004382,172.31.47.0-255,105,266303,82,270654
22458,0.006278,172.217.194.0-255,66,266369,82,270654
22459,0.033323,172.31.47.0-255,172,266541,82,270654
22460,0.033363,172.31.47.0-255,1112,267653,82,270654
22461,0.033388,172.31.47.0-255,1514,269167,82,270654
22462,0.03339,172.31.47.0-255,1289,270456,82,270654
22463,0.034845,104.244.42.0-255,66,270522,82,270654
22464,0.034935,104.244.42.0-255,66,270588,82,270654
22465,0.034938,104.244.42.0-255,66,270654,82,270654
22466,0.0,172.31.47.0-255,105,105,82,105
22467,0.0,172.31.47.0-255,105,105,82,276
22468,0.00149,157.240.13.0-255,105,210,82,276
22469,0.001504,172.31.47.0-255,66,276,82,276
22470,0.0,172.217.194.0-255,153,153,82,344196
22471,2.4e-05,172.31.47.0-255,66,219,82,344196
22472,3e-05,172.217.194.0-255,1484,1703,82,344196
22473,3.3e-05,172.31.47.0-255,66,1769,82,344196
22474,3.6e-05,172.217.194.0-255,1484,3253,82,344196
22475,3.8e-05,172.31.47.0-255,66,3319,82,344196
22476,6.6e-05,172.217.194.0-255,1484,4803,82,344196
22477,6.9e-05,172.31.47.0-255,66,4869,82,344196
22478,7.6e-05,172.217.194.0-255,7156,12025,82,344196
22479,7.8e-05,172.217.194.0-255,1484,13509,82,344196
22480,7.9e-05,172.31.47.0-255,66,13575,82,344196
22481,8e-05,172.217.194.0-255,1484,15059,82,344196
22482,8.2e-05,172.31.47.0-255,66,15125,82,344196
22483,8.5e-05,172.31.47.0-255,66,15191,82,344196
22484,0.000121,172.217.194.0-255,9192,24383,82,344196
22485,0.000124,172.31.47.0-255,66,24449,82,344196
22486,0.00013,172.217.194.0-255,6797,31246,82,344196
22487,0.000132,172.31.47.0-255,66,31312,82,344196
22488,0.000187,172.217.194.0-255,1484,32796,82,344196
22489,0.000192,172.31.47.0-255,66,32862,82,344196
22490,0.000195,172.217.194.0-255,1484,34346,82,344196
22491,0.000197,172.31.47.0-255,66,34412,82,344196
22492,0.000213,172.217.194.0-255,1484,35896,82,344196
22493,0.000216,172.31.47.0-255,66,35962,82,344196
22494,0.000222,172.217.194.0-255,5738,41700,82,344196
22495,0.000225,172.31.47.0-255,66,41766,82,344196
22496,0.000237,172.31.47.0-255,66,41832,82,344196
22497,0.000269,172.217.194.0-255,4320,46152,82,344196
22498,0.000272,172.31.47.0-255,66,46218,82,344196
22499,0.000293,172.217.194.0-255,6751,52969,82,344196
22500,0.000296,172.31.47.0-255,66,53035,82,344196
22501,0.000551,172.217.194.0-255,101,53136,82,344196
22502,0.00063,172.217.194.0-255,1484,54620,82,344196
22503,0.000633,172.31.47.0-255,66,54686,82,344196
22504,0.000663,172.217.194.0-255,2902,57588,82,344196
22505,0.000666,172.31.47.0-255,66,57654,82,344196
22506,0.000672,172.217.194.0-255,5738,63392,82,344196
22507,0.000674,172.31.47.0-255,66,63458,82,344196
22508,0.000679,172.217.194.0-255,5738,69196,82,344196
22509,0.000681,172.31.47.0-255,66,69262,82,344196
22510,0.0007,172.217.194.0-255,839,70101,82,344196
22511,0.000774,172.217.194.0-255,1484,71585,82,344196
22512,0.000778,172.31.47.0-255,66,71651,82,344196
22513,0.000783,172.217.194.0-255,2902,74553,82,344196
22514,0.000785,172.31.47.0-255,66,74619,82,344196
22515,0.000803,172.217.194.0-255,4320,78939,82,344196
22516,0.000805,172.31.47.0-255,66,79005,82,344196
22517,0.000821,172.217.194.0-255,1484,80489,82,344196
22518,0.000824,172.217.194.0-255,1484,81973,82,344196
22519,0.000826,172.31.47.0-255,66,82039,82,344196
22520,0.000854,172.217.194.0-255,9992,92031,82,344196
22521,0.000857,172.31.47.0-255,66,92097,82,344196
22522,0.000885,172.217.194.0-255,1484,93581,82,344196
22523,0.000893,172.217.194.0-255,8574,102155,82,344196
22524,0.000895,172.31.47.0-255,66,102221,82,344196
22525,0.000921,172.217.194.0-255,2184,104405,82,344196
22526,0.000924,172.31.47.0-255,66,104471,82,344196
22527,0.000934,172.31.47.0-255,66,104537,82,344196
22528,0.000947,172.217.194.0-255,9992,114529,82,344196
22529,0.000951,172.31.47.0-255,66,114595,82,344196
22530,0.00098,172.217.194.0-255,2902,117497,82,344196
22531,0.000987,172.31.47.0-255,66,117563,82,344196
22532,0.001016,172.217.194.0-255,9274,126837,82,344196
22533,0.001019,172.31.47.0-255,66,126903,82,344196
22534,0.001067,172.217.194.0-255,1484,128387,82,344196
22535,0.001113,172.217.194.0-255,2902,131289,82,344196
22536,0.001117,172.31.47.0-255,66,131355,82,344196
22537,0.001118,172.217.194.0-255,5738,137093,82,344196
22538,0.001121,172.217.194.0-255,2902,139995,82,344196
22539,0.001121,172.31.47.0-255,66,140061,82,344196
22540,0.001124,172.31.47.0-255,66,140127,82,344196
22541,0.001148,172.217.194.0-255,9992,150119,82,344196
22542,0.001152,172.31.47.0-255,66,150185,82,344196
22543,0.001159,172.217.194.0-255,9992,160177,82,344196
22544,0.001161,172.31.47.0-255,66,160243,82,344196
22545,0.001164,172.217.194.0-255,766,161009,82,344196
22546,0.001214,172.217.194.0-255,1484,162493,82,344196
22547,0.001217,172.31.47.0-255,66,162559,82,344196
22548,0.00122,172.217.194.0-255,1484,164043,82,344196
22549,0.001243,172.217.194.0-255,1484,165527,82,344196
22550,0.001246,172.31.47.0-255,66,165593,82,344196
22551,0.001252,172.217.194.0-255,5738,171331,82,344196
22552,0.001254,172.31.47.0-255,66,171397,82,344196
22553,0.001258,172.217.194.0-255,4320,175717,82,344196
22554,0.00126,172.31.47.0-255,66,175783,82,344196
22555,0.001292,172.217.194.0-255,8574,184357,82,344196
22556,0.001295,172.31.47.0-255,66,184423,82,344196
22557,0.001307,172.217.194.0-255,10692,195115,82,344196
22558,0.00131,172.31.47.0-255,66,195181,82,344196
22559,0.001358,172.217.194.0-255,1484,196665,82,344196
22560,0.001361,172.217.194.0-255,1484,198149,82,344196
22561,0.001364,172.31.47.0-255,66,198215,82,344196
22562,0.001375,172.217.194.0-255,1484,199699,82,344196
22563,0.001392,172.217.194.0-255,5738,205437,82,344196
22564,0.001394,172.31.47.0-255,66,205503,82,344196
22565,0.001397,172.217.194.0-255,1484,206987,82,344196
22566,0.001401,172.217.194.0-255,4320,211307,82,344196
22567,0.001403,172.31.47.0-255,66,211373,82,344196
22568,0.001423,172.217.194.0-255,4320,215693,82,344196
22569,0.001429,172.31.47.0-255,66,215759,82,344196
22570,0.001432,172.217.194.0-255,1484,217243,82,344196
22571,0.001451,172.217.194.0-255,7156,224399,82,344196
22572,0.001454,172.31.47.0-255,66,224465,82,344196
22573,0.001484,172.217.194.0-255,5020,229485,82,344196
22574,0.001487,172.31.47.0-255,66,229551,82,344196
22575,0.001541,172.217.194.0-255,1484,231035,82,344196
22576,0.001552,172.217.194.0-255,2902,233937,82,344196
22577,0.001554,172.31.47.0-255,66,234003,82,344196
22578,0.001577,172.217.194.0-255,5738,239741,82,344196
22579,0.00158,172.31.47.0-255,66,239807,82,344196
22580,0.0016,172.217.194.0-255,5738,245545,82,344196
22581,0.001602,172.31.47.0-255,66,245611,82,344196
22582,0.001628,172.217.194.0-255,4320,249931,82,344196
22583,0.001631,172.31.47.0-255,66,249997,82,344196
22584,0.001652,172.217.194.0-255,1484,251481,82,344196
22585,0.001668,172.217.194.0-255,4320,255801,82,344196
22586,0.00167,172.31.47.0-255,66,255867,82,344196
22587,0.0017,172.217.194.0-255,7856,263723,82,344196
22588,0.001703,172.31.47.0-255,66,263789,82,344196
22589,0.001708,172.217.194.0-255,4320,268109,82,344196
22590,0.00171,172.31.47.0-255,66,268175,82,344196
22591,0.001749,172.217.194.0-255,9992,278167,82,344196
22592,0.001752,172.31.47.0-255,66,278233,82,344196
22593,0.001758,172.217.194.0-255,7156,285389,82,344196
22594,0.00176,172.31.47.0-255,66,285455,82,344196
22595,0.001765,172.217.194.0-255,5738,291193,82,344196
22596,0.001772,172.31.47.0-255,66,291259,82,344196
22597,0.001797,172.217.194.0-255,6438,297697,82,344196
22598,0.0018,172.31.47.0-255,66,297763,82,344196
22599,0.001828,172.217.194.0-255,1484,299247,82,344196
22600,0.001843,172.217.194.0-255,2902,302149,82,344196
22601,0.001846,172.31.47.0-255,66,302215,82,344196
22602,0.001851,172.217.194.0-255,4320,306535,82,344196
22603,0.001853,172.31.47.0-255,66,306601,82,344196
22604,0.001874,172.217.194.0-255,1484,308085,82,344196
22605,0.001889,172.31.47.0-255,66,308151,82,344196
22606,0.001951,172.31.47.0-255,66,308217,82,344196
22607,0.001958,172.217.194.0-255,7156,315373,82,344196
22608,0.00196,172.31.47.0-255,66,315439,82,344196
22609,0.001998,172.217.194.0-255,7156,322595,82,344196
22610,0.002001,172.31.47.0-255,66,322661,82,344196
22611,0.002017,172.31.47.0-255,66,322727,82,344196
22612,0.002024,172.217.194.0-255,8574,331301,82,344196
22613,0.002029,172.31.47.0-255,66,331367,82,344196
22614,0.002057,172.217.194.0-255,8138,339505,82,344196
22615,0.002061,172.31.47.0-255,66,339571,82,344196
22616,0.002064,172.217.194.0-255,105,339676,82,344196
22617,0.012109,172.31.47.0-255,66,339742,82,344196
22618,0.012138,172.31.47.0-255,105,339847,82,344196
22619,0.014155,172.217.194.0-255,66,339913,82,344196
22620,0.035221,172.31.47.0-255,172,340085,82,344196
22621,0.035249,172.31.47.0-255,1106,341191,82,344196
22622,0.03529,172.31.47.0-255,1514,342705,82,344196
22623,0.035291,172.31.47.0-255,1293,343998,82,344196
22624,0.036796,104.244.42.0-255,66,344064,82,344196
22625,0.036807,104.244.42.0-255,66,344130,82,344196
22626,0.036893,104.244.42.0-255,66,344196,82,344196
22627,0.0,172.217.194.0-255,298,298,82,369475
22628,2.8e-05,172.31.47.0-255,66,364,82,369475
22629,3.5e-05,172.217.194.0-255,1484,1848,82,369475
22630,3.8e-05,172.31.47.0-255,66,1914,82,369475
22631,4.5e-05,172.217.194.0-255,4320,6234,82,369475
22632,4.7e-05,172.31.47.0-255,66,6300,82,369475
22633,6.1e-05,172.217.194.0-255,7156,13456,82,369475
22634,6.3e-05,172.31.47.0-255,66,13522,82,369475
22635,9.5e-05,172.217.194.0-255,546,14068,82,369475
22636,9.8e-05,172.31.47.0-255,66,14134,82,369475
22637,0.000123,172.217.194.0-255,1484,15618,82,369475
22638,0.000125,172.31.47.0-255,66,15684,82,369475
22639,0.000131,172.217.194.0-255,4320,20004,82,369475
22640,0.000133,172.31.47.0-255,66,20070,82,369475
22641,0.000145,172.217.194.0-255,5738,25808,82,369475
22642,0.000147,172.31.47.0-255,66,25874,82,369475
22643,0.000176,172.217.194.0-255,4320,30194,82,369475
22644,0.000178,172.31.47.0-255,66,30260,82,369475
22645,0.000182,172.217.194.0-255,1125,31385,82,369475
22646,0.000184,172.31.47.0-255,66,31451,82,369475
22647,0.000225,172.217.194.0-255,1484,32935,82,369475
22648,0.000227,172.31.47.0-255,66,33001,82,369475
22649,0.000232,172.217.194.0-255,2902,35903,82,369475
22650,0.000234,172.31.47.0-255,66,35969,82,369475
22651,0.000237,172.217.194.0-255,1484,37453,82,369475
22652,0.000238,172.31.47.0-255,66,37519,82,369475
22653,0.000281,172.217.194.0-255,4320,41839,82,369475
22654,0.000284,172.31.47.0-255,66,41905,82,369475
22655,0.000292,172.217.194.0-255,6797,48702,82,369475
22656,0.0003,172.31.47.0-255,66,48768,82,369475
22657,0.000303,172.217.194.0-255,1484,50252,82,369475
22658,0.000305,172.31.47.0-255,66,50318,82,369475
22659,0.000329,172.217.194.0-255,2902,53220,82,369475
22660,0.000339,172.217.194.0-255,5738,58958,82,369475
22661,0.000341,172.31.47.0-255,66,59024,82,369475
22662,0.000357,172.31.47.0-255,66,59090,82,369475
22663,0.000378,172.217.194.0-255,6797,65887,82,369475
22664,0.000382,172.31.47.0-255,66,65953,82,369475
22665,0.000662,172.217.194.0-255,646,66599,82,369475
22666,0.000825,172.31.47.0-255,66,66665,82,369475
22667,0.000995,172.217.194.0-255,1484,68149,82,369475
22668,0.001004,172.217.194.0-255,2902,71051,82,369475
22669,0.001007,172.31.47.0-255,66,71117,82,369475
22670,0.001012,172.217.194.0-255,2902,74019,82,369475
22671,0.001014,172.31.47.0-255,66,74085,82,369475
22672,0.001035,172.217.194.0-255,2902,76987,82,369475
22673,0.001038,172.31.47.0-255,66,77053,82,369475
22674,0.00107,172.217.194.0-255,9992,87045,82,369475
22675,0.001073,172.31.47.0-255,66,87111,82,369475
22676,0.0011,172.217.194.0-255,2902,90013,82,369475
22677,0.001103,172.31.47.0-255,66,90079,82,369475
22678,0.001111,172.217.194.0-255,10692,100771,82,369475
22679,0.001442,172.217.194.0-255,1484,102255,82,369475
22680,0.001448,172.217.194.0-255,1484,103739,82,369475
22681,0.001464,172.217.194.0-255,1484,105223,82,369475
22682,0.001469,172.217.194.0-255,4320,109543,82,369475
22683,0.001489,172.217.194.0-255,1484,111027,82,369475
22684,0.001495,172.217.194.0-255,7156,118183,82,369475
22685,0.001501,172.217.194.0-255,7156,125339,82,369475
22686,0.001519,172.217.194.0-255,7156,132495,82,369475
22687,0.001523,172.217.194.0-255,2184,134679,82,369475
22688,0.001609,172.217.194.0-255,1484,136163,82,369475
22689,0.001616,172.217.194.0-255,2902,139065,82,369475
22690,0.001646,172.217.194.0-255,5738,144803,82,369475
22691,0.001659,172.217.194.0-255,2902,147705,82,369475
22692,0.001683,172.217.194.0-255,9992,157697,82,369475
22693,0.001691,172.217.194.0-255,10692,168389,82,369475
22694,0.001827,172.217.194.0-255,1484,169873,82,369475
22695,0.001831,172.217.194.0-255,2902,172775,82,369475
22696,0.001847,172.217.194.0-255,4320,177095,82,369475
22697,0.001857,172.217.194.0-255,1484,178579,82,369475
22698,0.001869,172.217.194.0-255,5738,184317,82,369475
22699,0.001888,172.217.194.0-255,7156,191473,82,369475
22700,0.001895,172.217.194.0-255,9992,201465,82,369475
22701,0.001921,172.217.194.0-255,766,202231,82,369475
22702,0.002057,172.217.194.0-255,1484,203715,82,369475
22703,0.00206,172.217.194.0-255,1484,205199,82,369475
22704,0.002074,172.217.194.0-255,1484,206683,82,369475
22705,0.002077,172.217.194.0-255,1484,208167,82,369475
22706,0.002088,172.217.194.0-255,4320,212487,82,369475
22707,0.002106,172.217.194.0-255,2902,215389,82,369475
22708,0.002131,172.217.194.0-255,9992,225381,82,369475
22709,0.002138,172.217.194.0-255,8574,233955,82,369475
22710,0.002151,172.217.194.0-255,2184,236139,82,369475
22711,0.002181,172.217.194.0-255,1484,237623,82,369475
22712,0.002197,172.217.194.0-255,2902,240525,82,369475
22713,0.002202,172.217.194.0-255,4320,244845,82,369475
22714,0.002215,172.217.194.0-255,1484,246329,82,369475
22715,0.002231,172.217.194.0-255,5738,252067,82,369475
22716,0.002263,172.217.194.0-255,7156,259223,82,369475
22717,0.002272,172.217.194.0-255,10692,269915,82,369475
22718,0.00234,172.217.194.0-255,4320,274235,82,369475
22719,0.002347,172.217.194.0-255,7856,282091,82,369475
22720,0.002367,172.217.194.0-255,1484,283575,82,369475
22721,0.002371,172.217.194.0-255,2902,286477,82,369475
22722,0.002387,172.217.194.0-255,5738,292215,82,369475
22723,0.002427,172.217.194.0-255,10692,302907,82,369475
22724,0.002462,172.217.194.0-255,4320,307227,82,369475
22725,0.002466,172.217.194.0-255,1484,308711,82,369475
22726,0.002481,172.217.194.0-255,4320,313031,82,369475
22727,0.002485,172.217.194.0-255,2902,315933,82,369475
22728,0.002503,172.217.194.0-255,8574,324507,82,369475
22729,0.00252,172.217.194.0-255,4320,328827,82,369475
22730,0.002539,172.217.194.0-255,7856,336683,82,369475
22731,0.003129,172.31.47.0-255,66,336749,82,369475
22732,0.005656,172.217.194.0-255,5738,342487,82,369475
22733,0.005663,172.31.47.0-255,66,342553,82,369475
22734,0.008179,172.217.194.0-255,5738,348291,82,369475
22735,0.008184,172.31.47.0-255,66,348357,82,369475
22736,0.010695,172.217.194.0-255,5738,354095,82,369475
22737,0.010702,172.31.47.0-255,66,354161,82,369475
22738,0.013224,172.217.194.0-255,5738,359899,82,369475
22739,0.013236,172.31.47.0-255,66,359965,82,369475
22740,0.015761,172.217.194.0-255,4816,364781,82,369475
22741,0.015768,172.31.47.0-255,66,364847,82,369475
22742,0.017589,172.31.47.0-255,105,364952,82,369475
22743,0.020078,172.217.194.0-255,66,365018,82,369475
22744,0.029024,172.31.47.0-255,172,365190,82,369475
22745,0.029053,172.31.47.0-255,1111,366301,82,369475
22746,0.029085,172.31.47.0-255,1514,367815,82,369475
22747,0.029086,172.31.47.0-255,1288,369103,82,369475
22748,0.030559,104.244.42.0-255,66,369169,82,369475
22749,0.030567,104.244.42.0-255,66,369235,82,369475
22750,0.030664,104.244.42.0-255,66,369301,82,369475
22751,0.031436,104.244.42.0-255,108,369409,82,369475
22752,0.03144,172.31.47.0-255,66,369475,82,369475
22753,0.0,172.217.194.0-255,153,153,82,254609
22754,2.1e-05,172.31.47.0-255,66,219,82,254609
22755,2.7e-05,172.217.194.0-255,1484,1703,82,254609
22756,3.1e-05,172.31.47.0-255,66,1769,82,254609
22757,3.6e-05,172.217.194.0-255,2902,4671,82,254609
22758,4.9e-05,172.31.47.0-255,66,4737,82,254609
22759,5.6e-05,172.217.194.0-255,5738,10475,82,254609
22760,5.9e-05,172.31.47.0-255,66,10541,82,254609
22761,8.4e-05,172.217.194.0-255,1484,12025,82,254609
22762,8.7e-05,172.31.47.0-255,66,12091,82,254609
22763,9.2e-05,172.217.194.0-255,2111,14202,82,254609
22764,9.4e-05,172.31.47.0-255,66,14268,82,254609
22765,0.000111,172.31.47.0-255,66,14334,82,254609
22766,0.000116,172.217.194.0-255,2902,17236,82,254609
22767,0.000119,172.31.47.0-255,66,17302,82,254609
22768,0.000153,172.217.194.0-255,2543,19845,82,254609
22769,0.000156,172.31.47.0-255,66,19911,82,254609
22770,0.00016,172.217.194.0-255,1484,21395,82,254609
22771,0.000162,172.31.47.0-255,66,21461,82,254609
22772,0.000193,172.217.194.0-255,2902,24363,82,254609
22773,0.000196,172.31.47.0-255,66,24429,82,254609
22774,0.000202,172.217.194.0-255,5738,30167,82,254609
22775,0.000204,172.31.47.0-255,66,30233,82,254609
22776,0.000235,172.217.194.0-255,8574,38807,82,254609
22777,0.000239,172.31.47.0-255,66,38873,82,254609
22778,0.000273,172.217.194.0-255,3961,42834,82,254609
22779,0.000276,172.31.47.0-255,66,42900,82,254609
22780,0.000285,172.217.194.0-255,8574,51474,82,254609
22781,0.000287,172.31.47.0-255,66,51540,82,254609
22782,0.000318,172.217.194.0-255,3132,54672,82,254609
22783,0.000321,172.31.47.0-255,66,54738,82,254609
22784,0.00034,172.31.47.0-255,66,54804,82,254609
22785,0.000359,172.217.194.0-255,1484,56288,82,254609
22786,0.000366,172.217.194.0-255,3961,60249,82,254609
22787,0.000368,172.31.47.0-255,66,60315,82,254609
22788,0.0004,172.217.194.0-255,8574,68889,82,254609
22789,0.000404,172.31.47.0-255,66,68955,82,254609
22790,0.000437,172.217.194.0-255,8215,77170,82,254609
22791,0.00044,172.31.47.0-255,66,77236,82,254609
22792,0.000622,172.217.194.0-255,1484,78720,82,254609
22793,0.000629,172.217.194.0-255,2902,81622,82,254609
22794,0.000633,172.31.47.0-255,66,81688,82,254609
22795,0.000636,172.217.194.0-255,1484,83172,82,254609
22796,0.000666,172.217.194.0-255,4320,87492,82,254609
22797,0.000669,172.31.47.0-255,66,87558,82,254609
22798,0.000689,172.31.47.0-255,66,87624,82,254609
22799,0.000699,172.217.194.0-255,10143,97767,82,254609
22800,0.000702,172.31.47.0-255,66,97833,82,254609
22801,0.000762,172.217.194.0-255,1484,99317,82,254609
22802,0.000781,172.217.194.0-255,2902,102219,82,254609
22803,0.000784,172.31.47.0-255,66,102285,82,254609
22804,0.000791,172.217.194.0-255,5738,108023,82,254609
22805,0.000793,172.31.47.0-255,66,108089,82,254609
22806,0.000814,172.217.194.0-255,5738,113827,82,254609
22807,0.000816,172.31.47.0-255,66,113893,82,254609
22808,0.000852,172.217.194.0-255,7156,121049,82,254609
22809,0.000861,172.31.47.0-255,66,121115,82,254609
22810,0.00087,172.217.194.0-255,10692,131807,82,254609
22811,0.000872,172.31.47.0-255,66,131873,82,254609
22812,0.001151,172.217.194.0-255,1484,133357,82,254609
22813,0.001158,172.217.194.0-255,2902,136259,82,254609
22814,0.001162,172.31.47.0-255,66,136325,82,254609
22815,0.001169,172.217.194.0-255,4320,140645,82,254609
22816,0.001172,172.31.47.0-255,66,140711,82,254609
22817,0.001192,172.217.194.0-255,1484,142195,82,254609
22818,0.001212,172.31.47.0-255,66,142261,82,254609
22819,0.001248,172.217.194.0-255,10692,152953,82,254609
22820,0.001252,172.31.47.0-255,66,153019,82,254609
22821,0.001468,172.217.194.0-255,1484,154503,82,254609
22822,0.001476,172.217.194.0-255,2902,157405,82,254609
22823,0.00148,172.31.47.0-255,66,157471,82,254609
22824,0.001484,172.217.194.0-255,1484,158955,82,254609
22825,0.001518,172.217.194.0-255,4320,163275,82,254609
22826,0.001522,172.31.47.0-255,66,163341,82,254609
22827,0.001525,172.217.194.0-255,1484,164825,82,254609
22828,0.001532,172.217.194.0-255,8574,173399,82,254609
22829,0.001534,172.31.47.0-255,66,173465,82,254609
22830,0.001542,172.217.194.0-255,1484,174949,82,254609
22831,0.001581,172.31.47.0-255,66,175015,82,254609
22832,0.001794,172.217.194.0-255,1484,176499,82,254609
22833,0.001812,172.217.194.0-255,2902,179401,82,254609
22834,0.001815,172.31.47.0-255,66,179467,82,254609
22835,0.001821,172.217.194.0-255,4320,183787,82,254609
22836,0.001823,172.31.47.0-255,66,183853,82,254609
22837,0.001853,172.217.194.0-255,1484,185337,82,254609
22838,0.001871,172.31.47.0-255,66,185403,82,254609
22839,0.001899,172.217.194.0-255,4320,189723,82,254609
22840,0.001902,172.31.47.0-255,66,189789,82,254609
22841,0.001928,172.217.194.0-255,6438,196227,82,254609
22842,0.001931,172.31.47.0-255,66,196293,82,254609
22843,0.001966,172.217.194.0-255,1484,197777,82,254609
22844,0.001988,172.217.194.0-255,2902,200679,82,254609
22845,0.001991,172.31.47.0-255,66,200745,82,254609
22846,0.002026,172.217.194.0-255,5738,206483,82,254609
22847,0.002029,172.31.47.0-255,66,206549,82,254609
22848,0.002032,172.217.194.0-255,1484,208033,82,254609
22849,0.002044,172.31.47.0-255,66,208099,82,254609
22850,0.002071,172.217.194.0-255,1484,209583,82,254609
22851,0.00208,172.217.194.0-255,9274,218857,82,254609
22852,0.002082,172.31.47.0-255,66,218923,82,254609
22853,0.002119,172.217.194.0-255,1484,220407,82,254609
22854,0.002125,172.217.194.0-255,2902,223309,82,254609
22855,0.002127,172.31.47.0-255,66,223375,82,254609
22856,0.002155,172.217.194.0-255,5738,229113,82,254609
22857,0.002161,172.217.194.0-255,7156,236269,82,254609
22858,0.002195,172.31.47.0-255,66,236335,82,254609
22859,0.002199,172.31.47.0-255,66,236401,82,254609
22860,0.002268,172.31.47.0-255,66,236467,82,254609
22861,0.002271,172.31.47.0-255,66,236533,82,254609
22862,0.002274,172.31.47.0-255,66,236599,82,254609
22863,0.002312,172.31.47.0-255,66,236665,82,254609
22864,0.002328,172.31.47.0-255,66,236731,82,254609
22865,0.002331,172.217.194.0-255,1484,238215,82,254609
22866,0.002337,172.217.194.0-255,7156,245371,82,254609
22867,0.002341,172.217.194.0-255,2184,247555,82,254609
22868,0.002344,172.217.194.0-255,1645,249200,82,254609
22869,0.002346,172.217.194.0-255,97,249297,82,254609
22870,0.002368,172.31.47.0-255,66,249363,82,254609
22871,0.002382,172.217.194.0-255,105,249468,82,254609
22872,0.004573,172.31.47.0-255,66,249534,82,254609
22873,0.00461,172.31.47.0-255,105,249639,82,254609
22874,0.006842,172.217.194.0-255,66,249705,82,254609
22875,0.039487,172.31.47.0-255,175,249880,82,254609
22876,0.039522,172.31.47.0-255,1127,251007,82,254609
22877,0.03958,172.31.47.0-255,1514,252521,82,254609
22878,0.039581,172.31.47.0-255,1514,254035,82,254609
22879,0.039582,172.31.47.0-255,310,254345,82,254609
22880,0.041035,104.244.42.0-255,66,254411,82,254609
22881,0.04109,104.244.42.0-255,66,254477,82,254609
22882,0.041129,104.244.42.0-255,66,254543,82,254609
22883,0.041136,104.244.42.0-255,66,254609,82,254609
22884,0.0,172.217.194.0-255,162,162,82,283243
22885,2e-05,172.31.47.0-255,66,228,82,283243
22886,2.7e-05,172.217.194.0-255,1484,1712,82,283243
22887,3.2e-05,172.31.47.0-255,66,1778,82,283243
22888,3.7e-05,172.217.194.0-255,2902,4680,82,283243
22889,4.1e-05,172.31.47.0-255,66,4746,82,283243
22890,4.9e-05,172.217.194.0-255,7156,11902,82,283243
22891,5.2e-05,172.31.47.0-255,66,11968,82,283243
22892,5.7e-05,172.217.194.0-255,1974,13942,82,283243
22893,6e-05,172.31.47.0-255,66,14008,82,283243
22894,0.00013,172.31.47.0-255,66,14074,82,283243
22895,0.000135,172.217.194.0-255,2902,16976,82,283243
22896,0.000137,172.31.47.0-255,66,17042,82,283243
22897,0.000162,172.217.194.0-255,7156,24198,82,283243
22898,0.000164,172.31.47.0-255,66,24264,82,283243
22899,0.000188,172.217.194.0-255,8574,32838,82,283243
22900,0.000191,172.31.47.0-255,66,32904,82,283243
22901,0.000196,172.217.194.0-255,3602,36506,82,283243
22902,0.000199,172.31.47.0-255,66,36572,82,283243
22903,0.000229,172.217.194.0-255,1484,38056,82,283243
22904,0.000231,172.31.47.0-255,66,38122,82,283243
22905,0.000236,172.217.194.0-255,2902,41024,82,283243
22906,0.000238,172.31.47.0-255,66,41090,82,283243
22907,0.000258,172.217.194.0-255,5738,46828,82,283243
22908,0.000261,172.31.47.0-255,66,46894,82,283243
22909,0.000285,172.217.194.0-255,5738,52632,82,283243
22910,0.000288,172.31.47.0-255,66,52698,82,283243
22911,0.000314,172.217.194.0-255,1448,54146,82,283243
22912,0.000316,172.31.47.0-255,66,54212,82,283243
22913,0.000612,172.217.194.0-255,1484,55696,82,283243
22914,0.000618,172.31.47.0-255,66,55762,82,283243
22915,0.000624,172.217.194.0-255,2902,58664,82,283243
22916,0.000626,172.31.47.0-255,66,58730,82,283243
22917,0.000647,172.217.194.0-255,5738,64468,82,283243
22918,0.000651,172.31.47.0-255,66,64534,82,283243
22919,0.000675,172.217.194.0-255,2902,67436,82,283243
22920,0.000678,172.31.47.0-255,66,67502,82,283243
22921,0.000704,172.217.194.0-255,9992,77494,82,283243
22922,0.000707,172.31.47.0-255,66,77560,82,283243
22923,0.000711,172.217.194.0-255,2902,80462,82,283243
22924,0.000714,172.31.47.0-255,66,80528,82,283243
22925,0.000725,172.217.194.0-255,1484,82012,82,283243
22926,0.000731,172.217.194.0-255,2902,84914,82,283243
22927,0.000733,172.31.47.0-255,66,84980,82,283243
22928,0.000758,172.217.194.0-255,3602,88582,82,283243
22929,0.000761,172.31.47.0-255,66,88648,82,283243
22930,0.002763,172.217.194.0-255,5738,94386,82,283243
22931,0.002769,172.31.47.0-255,66,94452,82,283243
22932,0.004835,172.217.194.0-255,4320,98772,82,283243
22933,0.004838,172.31.47.0-255,66,98838,82,283243
22934,0.004853,172.217.194.0-255,1484,100322,82,283243
22935,0.006898,172.217.194.0-255,4320,104642,82,283243
22936,0.006904,172.31.47.0-255,66,104708,82,283243
22937,0.008967,172.217.194.0-255,5738,110446,82,283243
22938,0.008973,172.31.47.0-255,66,110512,82,283243
22939,0.011036,172.217.194.0-255,5738,116250,82,283243
22940,0.011049,172.31.47.0-255,66,116316,82,283243
22941,0.013074,172.217.194.0-255,5738,122054,82,283243
22942,0.013082,172.31.47.0-255,66,122120,82,283243
22943,0.015143,172.217.194.0-255,5738,127858,82,283243
22944,0.015153,172.31.47.0-255,66,127924,82,283243
22945,0.017234,172.217.194.0-255,5738,133662,82,283243
22946,0.017242,172.31.47.0-255,66,133728,82,283243
22947,0.019251,172.217.194.0-255,5738,139466,82,283243
22948,0.01926,172.31.47.0-255,66,139532,82,283243
22949,0.021269,172.217.194.0-255,5738,145270,82,283243
22950,0.021277,172.31.47.0-255,66,145336,82,283243
22951,0.02209,172.31.47.0-255,172,145508,82,283243
22952,0.022115,172.31.47.0-255,1113,146621,82,283243
22953,0.022173,172.31.47.0-255,1514,148135,82,283243
22954,0.022174,172.31.47.0-255,1286,149421,82,283243
22955,0.023285,172.217.194.0-255,5738,155159,82,283243
22956,0.023293,172.31.47.0-255,66,155225,82,283243
22957,0.023623,104.244.42.0-255,66,155291,82,283243
22958,0.023631,104.244.42.0-255,66,155357,82,283243
22959,0.023699,104.244.42.0-255,66,155423,82,283243
22960,0.025326,172.217.194.0-255,5738,161161,82,283243
22961,0.025332,172.31.47.0-255,66,161227,82,283243
22962,0.027351,172.217.194.0-255,5738,166965,82,283243
22963,0.027358,172.31.47.0-255,66,167031,82,283243
22964,0.029396,172.217.194.0-255,5738,172769,82,283243
22965,0.029402,172.31.47.0-255,66,172835,82,283243
22966,0.031437,172.217.194.0-255,5738,178573,82,283243
22967,0.031444,172.31.47.0-255,66,178639,82,283243
22968,0.033484,172.217.194.0-255,5738,184377,82,283243
22969,0.033491,172.31.47.0-255,66,184443,82,283243
22970,0.035558,172.217.194.0-255,5738,190181,82,283243
22971,0.035563,172.31.47.0-255,66,190247,82,283243
22972,0.037642,172.217.194.0-255,5738,195985,82,283243
22973,0.037649,172.31.47.0-255,66,196051,82,283243
22974,0.039735,172.217.194.0-255,5738,201789,82,283243
22975,0.039741,172.31.47.0-255,66,201855,82,283243
22976,0.041763,172.217.194.0-255,5738,207593,82,283243
22977,0.041769,172.31.47.0-255,66,207659,82,283243
22978,0.043805,172.217.194.0-255,5738,213397,82,283243
22979,0.043815,172.31.47.0-255,66,213463,82,283243
22980,0.045884,172.217.194.0-255,5738,219201,82,283243
22981,0.04589,172.31.47.0-255,66,219267,82,283243
22982,0.047945,172.217.194.0-255,5738,225005,82,283243
22983,0.04795,172.31.47.0-255,66,225071,82,283243
22984,0.050017,172.217.194.0-255,5738,230809,82,283243
22985,0.050023,172.31.47.0-255,66,230875,82,283243
22986,0.052057,172.217.194.0-255,2902,233777,82,283243
22987,0.052063,172.31.47.0-255,66,233843,82,283243
22988,0.052084,172.217.194.0-255,2902,236745,82,283243
22989,0.052086,172.31.47.0-255,66,236811,82,283243
22990,0.05413,172.217.194.0-255,5738,242549,82,283243
22991,0.054136,172.31.47.0-255,66,242615,82,283243
22992,0.056223,172.217.194.0-255,5738,248353,82,283243
22993,0.056228,172.31.47.0-255,66,248419,82,283243
22994,0.058282,172.217.194.0-255,5738,254157,82,283243
22995,0.058287,172.31.47.0-255,66,254223,82,283243
22996,0.060365,172.217.194.0-255,5738,259961,82,283243
22997,0.060371,172.31.47.0-255,66,260027,82,283243
22998,0.062443,172.217.194.0-255,5738,265765,82,283243
22999,0.06245,172.31.47.0-255,66,265831,82,283243
23000,0.064468,172.217.194.0-255,5738,271569,82,283243
23001,0.064475,172.31.47.0-255,66,271635,82,283243
23002,0.066488,172.217.194.0-255,5738,277373,82,283243
23003,0.066494,172.31.47.0-255,66,277439,82,283243
23004,0.068557,172.217.194.0-255,5738,283177,82,283243
23005,0.068564,172.31.47.0-255,66,283243,82,283243
23006,0.0,74.125.200.0-255,153,153,82,371187
23007,1.7e-05,172.31.47.0-255,66,219,82,371187
23008,2.4e-05,74.125.200.0-255,1484,1703,82,371187
23009,2.8e-05,172.31.47.0-255,66,1769,82,371187
23010,3.3e-05,74.125.200.0-255,2902,4671,82,371187
23011,3.6e-05,172.31.47.0-255,66,4737,82,371187
23012,3.9e-05,74.125.200.0-255,1484,6221,82,371187
23013,4.2e-05,172.31.47.0-255,66,6287,82,371187
23014,4.6e-05,74.125.200.0-255,2902,9189,82,371187
23015,4.9e-05,172.31.47.0-255,66,9255,82,371187
23016,6.8e-05,74.125.200.0-255,4320,13575,82,371187
23017,7e-05,172.31.47.0-255,66,13641,82,371187
23018,9.7e-05,74.125.200.0-255,2254,15895,82,371187
23019,9.9e-05,172.31.47.0-255,66,15961,82,371187
23020,0.000106,74.125.200.0-255,5738,21699,82,371187
23021,0.000109,172.31.47.0-255,66,21765,82,371187
23022,0.000115,74.125.200.0-255,7156,28921,82,371187
23023,0.000117,172.31.47.0-255,66,28987,82,371187
23024,0.000137,74.125.200.0-255,2543,31530,82,371187
23025,0.000139,172.31.47.0-255,66,31596,82,371187
23026,0.000219,74.125.200.0-255,1484,33080,82,371187
23027,0.000222,172.31.47.0-255,66,33146,82,371187
23028,0.000225,74.125.200.0-255,1484,34630,82,371187
23029,0.000228,172.31.47.0-255,66,34696,82,371187
23030,0.00024,74.125.200.0-255,1484,36180,82,371187
23031,0.000242,172.31.47.0-255,66,36246,82,371187
23032,0.000247,74.125.200.0-255,2902,39148,82,371187
23033,0.000249,172.31.47.0-255,66,39214,82,371187
23034,0.000271,74.125.200.0-255,1484,40698,82,371187
23035,0.000273,172.31.47.0-255,66,40764,82,371187
23036,0.00028,74.125.200.0-255,5738,46502,82,371187
23037,0.000282,172.31.47.0-255,66,46568,82,371187
23038,0.000297,74.125.200.0-255,3961,50529,82,371187
23039,0.000302,74.125.200.0-255,4320,54849,82,371187
23040,0.000346,74.125.200.0-255,5738,60587,82,371187
23041,0.000367,74.125.200.0-255,5650,66237,82,371187
23042,0.000369,74.125.200.0-255,387,66624,82,371187
23043,0.000401,172.31.47.0-255,66,66690,82,371187
23044,0.000433,74.125.200.0-255,1484,68174,82,371187
23045,0.000436,74.125.200.0-255,1484,69658,82,371187
23046,0.000452,74.125.200.0-255,2902,72560,82,371187
23047,0.000475,74.125.200.0-255,5738,78298,82,371187
23048,0.000491,74.125.200.0-255,2902,81200,82,371187
23049,0.000503,74.125.200.0-255,4320,85520,82,371187
23050,0.00052,74.125.200.0-255,5738,91258,82,371187
23051,0.000548,74.125.200.0-255,5738,96996,82,371187
23052,0.00057,74.125.200.0-255,3602,100598,82,371187
23053,0.000674,172.31.47.0-255,66,100664,82,371187
23054,0.000959,74.125.200.0-255,1484,102148,82,371187
23055,0.000974,74.125.200.0-255,2902,105050,82,371187
23056,0.000995,172.31.47.0-255,66,105116,82,371187
23057,0.001001,74.125.200.0-255,4320,109436,82,371187
23058,0.001005,172.31.47.0-255,66,109502,82,371187
23059,0.001013,74.125.200.0-255,1484,110986,82,371187
23060,0.00102,74.125.200.0-255,7156,118142,82,371187
23061,0.001038,172.31.47.0-255,66,118208,82,371187
23062,0.001047,74.125.200.0-255,4320,122528,82,371187
23063,0.001051,172.31.47.0-255,66,122594,82,371187
23064,0.001077,74.125.200.0-255,8574,131168,82,371187
23065,0.001088,172.31.47.0-255,66,131234,82,371187
23066,0.001098,74.125.200.0-255,3602,134836,82,371187
23067,0.001114,172.31.47.0-255,66,134902,82,371187
23068,0.001222,74.125.200.0-255,1484,136386,82,371187
23069,0.001242,74.125.200.0-255,2902,139288,82,371187
23070,0.001246,74.125.200.0-255,2902,142190,82,371187
23071,0.001254,172.31.47.0-255,66,142256,82,371187
23072,0.001261,74.125.200.0-255,1484,143740,82,371187
23073,0.001266,74.125.200.0-255,5738,149478,82,371187
23074,0.001274,172.31.47.0-255,66,149544,82,371187
23075,0.001277,74.125.200.0-255,1484,151028,82,371187
23076,0.001304,74.125.200.0-255,9992,161020,82,371187
23077,0.00131,74.125.200.0-255,5738,166758,82,371187
23078,0.001318,172.31.47.0-255,66,166824,82,371187
23079,0.001347,74.125.200.0-255,2184,169008,82,371187
23080,0.001352,172.31.47.0-255,66,169074,82,371187
23081,0.001538,74.125.200.0-255,1484,170558,82,371187
23082,0.001549,74.125.200.0-255,2902,173460,82,371187
23083,0.001552,172.31.47.0-255,66,173526,82,371187
23084,0.001557,74.125.200.0-255,2902,176428,82,371187
23085,0.001571,74.125.200.0-255,1484,177912,82,371187
23086,0.001578,172.31.47.0-255,66,177978,82,371187
23087,0.001591,74.125.200.0-255,8574,186552,82,371187
23088,0.00161,74.125.200.0-255,9992,196544,82,371187
23089,0.001615,172.31.47.0-255,66,196610,82,371187
23090,0.001655,74.125.200.0-255,1484,198094,82,371187
23091,0.001682,74.125.200.0-255,5020,203114,82,371187
23092,0.001705,172.31.47.0-255,66,203180,82,371187
23093,0.001708,74.125.200.0-255,1484,204664,82,371187
23094,0.00172,74.125.200.0-255,2902,207566,82,371187
23095,0.001741,74.125.200.0-255,5738,213304,82,371187
23096,0.001746,172.31.47.0-255,66,213370,82,371187
23097,0.001768,74.125.200.0-255,7156,220526,82,371187
23098,0.001773,74.125.200.0-255,2902,223428,82,371187
23099,0.001792,74.125.200.0-255,5738,229166,82,371187
23100,0.001795,172.31.47.0-255,66,229232,82,371187
23101,0.001804,74.125.200.0-255,2902,232134,82,371187
23102,0.001807,172.31.47.0-255,66,232200,82,371187
23103,0.001816,74.125.200.0-255,5020,237220,82,371187
23104,0.001819,74.125.200.0-255,1484,238704,82,371187
23105,0.001831,172.31.47.0-255,66,238770,82,371187
23106,0.001847,74.125.200.0-255,7156,245926,82,371187
23107,0.001856,172.31.47.0-255,66,245992,82,371187
23108,0.001895,74.125.200.0-255,2902,248894,82,371187
23109,0.00191,74.125.200.0-255,4320,253214,82,371187
23110,0.001912,172.31.47.0-255,66,253280,82,371187
23111,0.001923,74.125.200.0-255,7156,260436,82,371187
23112,0.001927,172.31.47.0-255,66,260502,82,371187
23113,0.001949,74.125.200.0-255,5020,265522,82,371187
23114,0.002,74.125.200.0-255,5738,271260,82,371187
23115,0.002006,74.125.200.0-255,5738,276998,82,371187
23116,0.002011,74.125.200.0-255,4320,281318,82,371187
23117,0.002017,172.31.47.0-255,66,281384,82,371187
23118,0.002044,74.125.200.0-255,10692,292076,82,371187
23119,0.002058,74.125.200.0-255,4320,296396,82,371187
23120,0.002083,74.125.200.0-255,5738,302134,82,371187
23121,0.002101,74.125.200.0-255,5738,307872,82,371187
23122,0.002135,74.125.200.0-255,2902,310774,82,371187
23123,0.002151,74.125.200.0-255,7156,317930,82,371187
23124,0.002179,74.125.200.0-255,6438,324368,82,371187
23125,0.002197,74.125.200.0-255,5738,330106,82,371187
23126,0.002221,74.125.200.0-255,5738,335844,82,371187
23127,0.002243,74.125.200.0-255,10692,346536,82,371187
23128,0.002245,74.125.200.0-255,1484,348020,82,371187
23129,0.002262,74.125.200.0-255,8574,356594,82,371187
23130,0.002287,74.125.200.0-255,7156,363750,82,371187
23131,0.002289,74.125.200.0-255,766,364516,82,371187
23132,0.007448,172.31.47.0-255,66,364582,82,371187
23133,0.009708,74.125.200.0-255,2083,366665,82,371187
23134,0.009713,172.31.47.0-255,66,366731,82,371187
23135,0.010782,172.31.47.0-255,105,366836,82,371187
23136,0.013002,74.125.200.0-255,66,366902,82,371187
23137,0.032684,172.31.47.0-255,172,367074,82,371187
23138,0.032717,172.31.47.0-255,1107,368181,82,371187
23139,0.03278,172.31.47.0-255,1514,369695,82,371187
23140,0.032782,172.31.47.0-255,1294,370989,82,371187
23141,0.034177,104.244.42.0-255,66,371055,82,371187
23142,0.034207,104.244.42.0-255,66,371121,82,371187
23143,0.034281,104.244.42.0-255,66,371187,82,371187
23144,0.0,74.125.200.0-255,153,153,82,396541
23145,2.4e-05,172.31.47.0-255,66,219,82,396541
23146,3e-05,74.125.200.0-255,1484,1703,82,396541
23147,3.3e-05,172.31.47.0-255,66,1769,82,396541
23148,6.5e-05,74.125.200.0-255,2902,4671,82,396541
23149,6.7e-05,172.31.47.0-255,66,4737,82,396541
23150,7.2e-05,74.125.200.0-255,5738,10475,82,396541
23151,7.4e-05,172.31.47.0-255,66,10541,82,396541
23152,0.000119,74.125.200.0-255,6318,16859,82,396541
23153,0.000122,172.31.47.0-255,66,16925,82,396541
23154,0.000151,74.125.200.0-255,7156,24081,82,396541
23155,0.000154,172.31.47.0-255,66,24147,82,396541
23156,0.000183,74.125.200.0-255,6797,30944,82,396541
23157,0.000185,172.31.47.0-255,66,31010,82,396541
23158,0.00025,74.125.200.0-255,1484,32494,82,396541
23159,0.000253,172.31.47.0-255,66,32560,82,396541
23160,0.000256,74.125.200.0-255,1484,34044,82,396541
23161,0.000258,172.31.47.0-255,66,34110,82,396541
23162,0.00029,74.125.200.0-255,1484,35594,82,396541
23163,0.000293,172.31.47.0-255,66,35660,82,396541
23164,0.000298,74.125.200.0-255,4320,39980,82,396541
23165,0.0003,74.125.200.0-255,1484,41464,82,396541
23166,0.000301,172.31.47.0-255,66,41530,82,396541
23167,0.000304,172.31.47.0-255,66,41596,82,396541
23168,0.00032,74.125.200.0-255,5738,47334,82,396541
23169,0.000323,172.31.47.0-255,66,47400,82,396541
23170,0.000355,74.125.200.0-255,2543,49943,82,396541
23171,0.000358,172.31.47.0-255,66,50009,82,396541
23172,0.000362,74.125.200.0-255,4320,54329,82,396541
23173,0.000365,172.31.47.0-255,66,54395,82,396541
23174,0.000368,74.125.200.0-255,1484,55879,82,396541
23175,0.00037,172.31.47.0-255,66,55945,82,396541
23176,0.000407,74.125.200.0-255,9633,65578,82,396541
23177,0.000411,172.31.47.0-255,66,65644,82,396541
23178,0.000452,74.125.200.0-255,646,66290,82,396541
23179,0.000874,74.125.200.0-255,1484,67774,82,396541
23180,0.00088,172.31.47.0-255,66,67840,82,396541
23181,0.000885,74.125.200.0-255,2902,70742,82,396541
23182,0.000887,172.31.47.0-255,66,70808,82,396541
23183,0.000911,74.125.200.0-255,1484,72292,82,396541
23184,0.000938,74.125.200.0-255,4320,76612,82,396541
23185,0.000941,172.31.47.0-255,66,76678,82,396541
23186,0.000952,172.31.47.0-255,66,76744,82,396541
23187,0.000975,74.125.200.0-255,1484,78228,82,396541
23188,0.000992,74.125.200.0-255,5738,83966,82,396541
23189,0.000995,172.31.47.0-255,66,84032,82,396541
23190,0.00101,74.125.200.0-255,3053,87085,82,396541
23191,0.001012,172.31.47.0-255,66,87151,82,396541
23192,0.001032,74.125.200.0-255,1484,88635,82,396541
23193,0.001035,74.125.200.0-255,1484,90119,82,396541
23194,0.001037,172.31.47.0-255,66,90185,82,396541
23195,0.001047,74.125.200.0-255,1484,91669,82,396541
23196,0.001061,74.125.200.0-255,2902,94571,82,396541
23197,0.001063,172.31.47.0-255,66,94637,82,396541
23198,0.00109,74.125.200.0-255,2902,97539,82,396541
23199,0.001091,172.31.47.0-255,66,97605,82,396541
23200,0.001095,74.125.200.0-255,4320,101925,82,396541
23201,0.001097,172.31.47.0-255,66,101991,82,396541
23202,0.001101,74.125.200.0-255,5738,107729,82,396541
23203,0.001106,172.31.47.0-255,66,107795,82,396541
23204,0.00114,172.31.47.0-255,66,107861,82,396541
23205,0.001177,74.125.200.0-255,2184,110045,82,396541
23206,0.001179,172.31.47.0-255,66,110111,82,396541
23207,0.0012,74.125.200.0-255,2902,113013,82,396541
23208,0.001202,172.31.47.0-255,66,113079,82,396541
23209,0.001219,74.125.200.0-255,5738,118817,82,396541
23210,0.001221,172.31.47.0-255,66,118883,82,396541
23211,0.001245,74.125.200.0-255,1484,120367,82,396541
23212,0.001248,74.125.200.0-255,2902,123269,82,396541
23213,0.00125,172.31.47.0-255,66,123335,82,396541
23214,0.001269,74.125.200.0-255,1484,124819,82,396541
23215,0.00129,74.125.200.0-255,9992,134811,82,396541
23216,0.001292,172.31.47.0-255,66,134877,82,396541
23217,0.001295,74.125.200.0-255,2902,137779,82,396541
23218,0.001297,172.31.47.0-255,66,137845,82,396541
23219,0.001324,74.125.200.0-255,1484,139329,82,396541
23220,0.001341,74.125.200.0-255,4320,143649,82,396541
23221,0.001343,172.31.47.0-255,66,143715,82,396541
23222,0.001365,74.125.200.0-255,766,144481,82,396541
23223,0.001369,74.125.200.0-255,4320,148801,82,396541
23224,0.001371,172.31.47.0-255,66,148867,82,396541
23225,0.001393,74.125.200.0-255,1484,150351,82,396541
23226,0.0014,74.125.200.0-255,8574,158925,82,396541
23227,0.001402,172.31.47.0-255,66,158991,82,396541
23228,0.001429,74.125.200.0-255,8574,167565,82,396541
23229,0.001431,172.31.47.0-255,66,167631,82,396541
23230,0.001453,74.125.200.0-255,1484,169115,82,396541
23231,0.001458,74.125.200.0-255,5738,174853,82,396541
23232,0.001459,172.31.47.0-255,66,174919,82,396541
23233,0.001489,74.125.200.0-255,3602,178521,82,396541
23234,0.001491,172.31.47.0-255,66,178587,82,396541
23235,0.00152,74.125.200.0-255,2902,181489,82,396541
23236,0.001522,172.31.47.0-255,66,181555,82,396541
23237,0.001541,74.125.200.0-255,1484,183039,82,396541
23238,0.001548,74.125.200.0-255,7156,190195,82,396541
23239,0.00155,172.31.47.0-255,66,190261,82,396541
23240,0.00157,74.125.200.0-255,8574,198835,82,396541
23241,0.001571,172.31.47.0-255,66,198901,82,396541
23242,0.001598,74.125.200.0-255,8574,207475,82,396541
23243,0.0016,172.31.47.0-255,66,207541,82,396541
23244,0.001634,74.125.200.0-255,1484,209025,82,396541
23245,0.001645,74.125.200.0-255,3602,212627,82,396541
23246,0.001646,172.31.47.0-255,66,212693,82,396541
23247,0.001681,74.125.200.0-255,1484,214177,82,396541
23248,0.001696,74.125.200.0-255,2902,217079,82,396541
23249,0.001697,172.31.47.0-255,66,217145,82,396541
23250,0.001724,74.125.200.0-255,5738,222883,82,396541
23251,0.001726,172.31.47.0-255,66,222949,82,396541
23252,0.001728,74.125.200.0-255,1484,224433,82,396541
23253,0.001755,74.125.200.0-255,7156,231589,82,396541
23254,0.001757,172.31.47.0-255,66,231655,82,396541
23255,0.001764,74.125.200.0-255,9992,241647,82,396541
23256,0.001767,172.31.47.0-255,66,241713,82,396541
23257,0.001818,74.125.200.0-255,5020,246733,82,396541
23258,0.00182,172.31.47.0-255,66,246799,82,396541
23259,0.001866,74.125.200.0-255,1484,248283,82,396541
23260,0.001874,74.125.200.0-255,1484,249767,82,396541
23261,0.001876,172.31.47.0-255,66,249833,82,396541
23262,0.0019,74.125.200.0-255,1484,251317,82,396541
23263,0.001904,74.125.200.0-255,4320,255637,82,396541
23264,0.001906,172.31.47.0-255,66,255703,82,396541
23265,0.001908,74.125.200.0-255,1484,257187,82,396541
23266,0.001928,74.125.200.0-255,7156,264343,82,396541
23267,0.00193,172.31.47.0-255,66,264409,82,396541
23268,0.001935,74.125.200.0-255,5738,270147,82,396541
23269,0.001937,172.31.47.0-255,66,270213,82,396541
23270,0.001959,74.125.200.0-255,1484,271697,82,396541
23271,0.001965,74.125.200.0-255,8574,280271,82,396541
23272,0.001967,172.31.47.0-255,66,280337,82,396541
23273,0.001969,74.125.200.0-255,766,281103,82,396541
23274,0.001998,74.125.200.0-255,1484,282587,82,396541
23275,0.002,172.31.47.0-255,66,282653,82,396541
23276,0.002004,74.125.200.0-255,2902,285555,82,396541
23277,0.002006,172.31.47.0-255,66,285621,82,396541
23278,0.00203,74.125.200.0-255,1484,287105,82,396541
23279,0.002033,74.125.200.0-255,2902,290007,82,396541
23280,0.002035,172.31.47.0-255,66,290073,82,396541
23281,0.002058,74.125.200.0-255,4320,294393,82,396541
23282,0.00206,172.31.47.0-255,66,294459,82,396541
23283,0.002101,74.125.200.0-255,8574,303033,82,396541
23284,0.002103,172.31.47.0-255,66,303099,82,396541
23285,0.002122,74.125.200.0-255,9992,313091,82,396541
23286,0.002124,172.31.47.0-255,66,313157,82,396541
23287,0.002127,74.125.200.0-255,2184,315341,82,396541
23288,0.002129,172.31.47.0-255,66,315407,82,396541
23289,0.00216,74.125.200.0-255,2902,318309,82,396541
23290,0.002163,172.31.47.0-255,66,318375,82,396541
23291,0.002191,74.125.200.0-255,5738,324113,82,396541
23292,0.002193,172.31.47.0-255,66,324179,82,396541
23293,0.002206,74.125.200.0-255,1484,325663,82,396541
23294,0.002215,74.125.200.0-255,8574,334237,82,396541
23295,0.002217,172.31.47.0-255,66,334303,82,396541
23296,0.002241,74.125.200.0-255,7156,341459,82,396541
23297,0.002243,172.31.47.0-255,66,341525,82,396541
23298,0.002271,74.125.200.0-255,7156,348681,82,396541
23299,0.002273,172.31.47.0-255,66,348747,82,396541
23300,0.002275,74.125.200.0-255,766,349513,82,396541
23301,0.0023,74.125.200.0-255,1484,350997,82,396541
23302,0.002301,172.31.47.0-255,66,351063,82,396541
23303,0.002326,74.125.200.0-255,1484,352547,82,396541
23304,0.002339,74.125.200.0-255,2902,355449,82,396541
23305,0.002341,172.31.47.0-255,66,355515,82,396541
23306,0.002344,74.125.200.0-255,1484,356999,82,396541
23307,0.002349,74.125.200.0-255,2902,359901,82,396541
23308,0.002351,172.31.47.0-255,66,359967,82,396541
23309,0.002384,74.125.200.0-255,5738,365705,82,396541
23310,0.002387,172.31.47.0-255,66,365771,82,396541
23311,0.002412,74.125.200.0-255,5738,371509,82,396541
23312,0.002414,172.31.47.0-255,66,371575,82,396541
23313,0.002435,74.125.200.0-255,1484,373059,82,396541
23314,0.002438,74.125.200.0-255,1484,374543,82,396541
23315,0.002439,172.31.47.0-255,66,374609,82,396541
23316,0.002463,74.125.200.0-255,2902,377511,82,396541
23317,0.002466,172.31.47.0-255,66,377577,82,396541
23318,0.002472,74.125.200.0-255,5738,383315,82,396541
23319,0.002474,172.31.47.0-255,66,383381,82,396541
23320,0.002477,74.125.200.0-255,766,384147,82,396541
23321,0.002519,74.125.200.0-255,1484,385631,82,396541
23322,0.002522,172.31.47.0-255,66,385697,82,396541
23323,0.002538,74.125.200.0-255,1484,387181,82,396541
23324,0.002541,74.125.200.0-255,1484,388665,82,396541
23325,0.002543,172.31.47.0-255,66,388731,82,396541
23326,0.002545,74.125.200.0-255,312,389043,82,396541
23327,0.002637,74.125.200.0-255,105,389148,82,396541
23328,0.005618,172.31.47.0-255,66,389214,82,396541
23329,0.005641,172.31.47.0-255,105,389319,82,396541
23330,0.007872,74.125.200.0-255,66,389385,82,396541
23331,0.021823,172.31.47.0-255,172,389557,82,396541
23332,0.02185,172.31.47.0-255,1107,390664,82,396541
23333,0.021916,172.31.47.0-255,1514,392178,82,396541
23334,0.021936,172.31.47.0-255,1514,393692,82,396541
23335,0.02194,172.31.47.0-255,1514,395206,82,396541
23336,0.021954,172.31.47.0-255,1071,396277,82,396541
23337,0.023402,104.244.42.0-255,66,396343,82,396541
23338,0.023432,104.244.42.0-255,66,396409,82,396541
23339,0.023484,104.244.42.0-255,66,396475,82,396541
23340,0.023541,104.244.42.0-255,66,396541,82,396541
23341,0.0,74.125.24.0-255,153,153,82,263495
23342,3.7e-05,172.31.47.0-255,66,219,82,263495
23343,4.4e-05,74.125.24.0-255,1484,1703,82,263495
23344,4.9e-05,172.31.47.0-255,66,1769,82,263495
23345,5.4e-05,74.125.24.0-255,2902,4671,82,263495
23346,5.6e-05,172.31.47.0-255,66,4737,82,263495
23347,6.2e-05,74.125.24.0-255,4320,9057,82,263495
23348,6.5e-05,172.31.47.0-255,66,9123,82,263495
23349,8.9e-05,74.125.24.0-255,2902,12025,82,263495
23350,9.1e-05,172.31.47.0-255,66,12091,82,263495
23351,9.9e-05,74.125.24.0-255,7773,19864,82,263495
23352,0.000102,172.31.47.0-255,66,19930,82,263495
23353,0.000117,74.125.24.0-255,2902,22832,82,263495
23354,0.00012,172.31.47.0-255,66,22898,82,263495
23355,0.000148,74.125.24.0-255,8215,31113,82,263495
23356,0.000152,172.31.47.0-255,66,31179,82,263495
23357,0.000184,74.125.24.0-255,1484,32663,82,263495
23358,0.000187,172.31.47.0-255,66,32729,82,263495
23359,0.000204,74.125.24.0-255,2902,35631,82,263495
23360,0.000207,172.31.47.0-255,66,35697,82,263495
23361,0.000212,74.125.24.0-255,5738,41435,82,263495
23362,0.000215,172.31.47.0-255,66,41501,82,263495
23363,0.000219,74.125.24.0-255,1484,42985,82,263495
23364,0.000221,172.31.47.0-255,66,43051,82,263495
23365,0.000258,74.125.24.0-255,9633,52684,82,263495
23366,0.000261,172.31.47.0-255,66,52750,82,263495
23367,0.000268,74.125.24.0-255,7156,59906,82,263495
23368,0.000271,172.31.47.0-255,66,59972,82,263495
23369,0.000302,74.125.24.0-255,5379,65351,82,263495
23370,0.000305,172.31.47.0-255,66,65417,82,263495
23371,0.000307,74.125.24.0-255,363,65780,82,263495
23372,0.000309,172.31.47.0-255,66,65846,82,263495
23373,0.0004,74.125.24.0-255,131,65977,82,263495
23374,0.000474,74.125.24.0-255,1484,67461,82,263495
23375,0.000479,172.31.47.0-255,66,67527,82,263495
23376,0.000484,74.125.24.0-255,2902,70429,82,263495
23377,0.000487,172.31.47.0-255,66,70495,82,263495
23378,0.000514,74.125.24.0-255,5738,76233,82,263495
23379,0.000517,172.31.47.0-255,66,76299,82,263495
23380,0.000521,74.125.24.0-255,2902,79201,82,263495
23381,0.000528,172.31.47.0-255,66,79267,82,263495
23382,0.00058,172.31.47.0-255,66,79333,82,263495
23383,0.00059,74.125.24.0-255,8574,87907,82,263495
23384,0.000592,172.31.47.0-255,66,87973,82,263495
23385,0.000645,74.125.24.0-255,1405,89378,82,263495
23386,0.000671,74.125.24.0-255,1484,90862,82,263495
23387,0.000674,172.31.47.0-255,66,90928,82,263495
23388,0.000679,74.125.24.0-255,2902,93830,82,263495
23389,0.000682,172.31.47.0-255,66,93896,82,263495
23390,0.000709,74.125.24.0-255,5738,99634,82,263495
23391,0.000711,172.31.47.0-255,66,99700,82,263495
23392,0.000725,172.31.47.0-255,66,99766,82,263495
23393,0.000732,74.125.24.0-255,5738,105504,82,263495
23394,0.000735,172.31.47.0-255,66,105570,82,263495
23395,0.000759,74.125.24.0-255,5020,110590,82,263495
23396,0.000762,172.31.47.0-255,66,110656,82,263495
23397,0.000851,74.125.24.0-255,1484,112140,82,263495
23398,0.000865,74.125.24.0-255,2902,115042,82,263495
23399,0.000868,172.31.47.0-255,66,115108,82,263495
23400,0.000873,74.125.24.0-255,2902,118010,82,263495
23401,0.000879,172.31.47.0-255,66,118076,82,263495
23402,0.000889,74.125.24.0-255,1484,119560,82,263495
23403,0.000897,74.125.24.0-255,7156,126716,82,263495
23404,0.000899,172.31.47.0-255,66,126782,82,263495
23405,0.000923,74.125.24.0-255,1484,128266,82,263495
23406,0.00093,74.125.24.0-255,5738,134004,82,263495
23407,0.000932,172.31.47.0-255,66,134070,82,263495
23408,0.000952,74.125.24.0-255,10692,144762,82,263495
23409,0.000956,172.31.47.0-255,66,144828,82,263495
23410,0.000983,74.125.24.0-255,1484,146312,82,263495
23411,0.000988,74.125.24.0-255,2902,149214,82,263495
23412,0.000991,172.31.47.0-255,66,149280,82,263495
23413,0.001034,74.125.24.0-255,4320,153600,82,263495
23414,0.001037,172.31.47.0-255,66,153666,82,263495
23415,0.001058,74.125.24.0-255,1484,155150,82,263495
23416,0.001073,172.31.47.0-255,66,155216,82,263495
23417,0.001083,74.125.24.0-255,8574,163790,82,263495
23418,0.001085,172.31.47.0-255,66,163856,82,263495
23419,0.001089,74.125.24.0-255,2184,166040,82,263495
23420,0.001093,172.31.47.0-255,66,166106,82,263495
23421,0.001361,74.125.24.0-255,1484,167590,82,263495
23422,0.00138,74.125.24.0-255,2902,170492,82,263495
23423,0.001384,172.31.47.0-255,66,170558,82,263495
23424,0.001392,74.125.24.0-255,5738,176296,82,263495
23425,0.001394,172.31.47.0-255,66,176362,82,263495
23426,0.001429,172.31.47.0-255,66,176428,82,263495
23427,0.001441,74.125.24.0-255,1484,177912,82,263495
23428,0.001452,74.125.24.0-255,10692,188604,82,263495
23429,0.001454,172.31.47.0-255,66,188670,82,263495
23430,0.001582,74.125.24.0-255,1484,190154,82,263495
23431,0.001587,74.125.24.0-255,2902,193056,82,263495
23432,0.00159,172.31.47.0-255,66,193122,82,263495
23433,0.001614,74.125.24.0-255,5738,198860,82,263495
23434,0.001616,172.31.47.0-255,66,198926,82,263495
23435,0.001633,74.125.24.0-255,1484,200410,82,263495
23436,0.001666,74.125.24.0-255,8574,208984,82,263495
23437,0.001669,172.31.47.0-255,66,209050,82,263495
23438,0.001682,172.31.47.0-255,66,209116,82,263495
23439,0.001708,74.125.24.0-255,7156,216272,82,263495
23440,0.001712,172.31.47.0-255,66,216338,82,263495
23441,0.001739,74.125.24.0-255,9274,225612,82,263495
23442,0.001743,172.31.47.0-255,66,225678,82,263495
23443,0.00176,74.125.24.0-255,2184,227862,82,263495
23444,0.001763,172.31.47.0-255,66,227928,82,263495
23445,0.001766,172.31.47.0-255,66,227994,82,263495
23446,0.001798,74.125.24.0-255,7156,235150,82,263495
23447,0.001802,172.31.47.0-255,66,235216,82,263495
23448,0.001808,74.125.24.0-255,4320,239536,82,263495
23449,0.001811,172.31.47.0-255,66,239602,82,263495
23450,0.001828,74.125.24.0-255,4320,243922,82,263495
23451,0.001832,172.31.47.0-255,66,243988,82,263495
23452,0.001838,74.125.24.0-255,5738,249726,82,263495
23453,0.00184,172.31.47.0-255,66,249792,82,263495
23454,0.001883,74.125.24.0-255,2184,251976,82,263495
23455,0.00189,172.31.47.0-255,66,252042,82,263495
23456,0.001905,172.31.47.0-255,66,252108,82,263495
23457,0.001915,74.125.24.0-255,5738,257846,82,263495
23458,0.001919,172.31.47.0-255,66,257912,82,263495
23459,0.001935,172.31.47.0-255,66,257978,82,263495
23460,0.002017,74.125.24.0-255,890,258868,82,263495
23461,0.002019,74.125.24.0-255,105,258973,82,263495
23462,0.002023,172.31.47.0-255,66,259039,82,263495
23463,0.003622,172.31.47.0-255,105,259144,82,263495
23464,0.005914,74.125.24.0-255,66,259210,82,263495
23465,0.030508,172.31.47.0-255,172,259382,82,263495
23466,0.030542,172.31.47.0-255,1107,260489,82,263495
23467,0.030579,172.31.47.0-255,1514,262003,82,263495
23468,0.030582,172.31.47.0-255,1294,263297,82,263495
23469,0.031999,104.244.42.0-255,66,263363,82,263495
23470,0.032031,104.244.42.0-255,66,263429,82,263495
23471,0.03207,104.244.42.0-255,66,263495,82,263495
23472,0.0,74.125.24.0-255,153,153,82,283877
23473,4.6e-05,172.31.47.0-255,66,219,82,283877
23474,5.3e-05,74.125.24.0-255,1484,1703,82,283877
23475,5.7e-05,172.31.47.0-255,66,1769,82,283877
23476,6.2e-05,74.125.24.0-255,2902,4671,82,283877
23477,6.4e-05,172.31.47.0-255,66,4737,82,283877
23478,7.2e-05,74.125.24.0-255,7156,11893,82,283877
23479,7.4e-05,172.31.47.0-255,66,11959,82,283877
23480,7.7e-05,74.125.24.0-255,1484,13443,82,283877
23481,7.9e-05,172.31.47.0-255,66,13509,82,283877
23482,0.000103,74.125.24.0-255,2066,15575,82,283877
23483,0.000104,172.31.47.0-255,66,15641,82,283877
23484,0.000109,74.125.24.0-255,4320,19961,82,283877
23485,0.000112,172.31.47.0-255,66,20027,82,283877
23486,0.000146,74.125.24.0-255,9992,30019,82,283877
23487,0.000148,172.31.47.0-255,66,30085,82,283877
23488,0.000151,74.125.24.0-255,1125,31210,82,283877
23489,0.000154,172.31.47.0-255,66,31276,82,283877
23490,0.00052,74.125.24.0-255,1484,32760,82,283877
23491,0.000525,172.31.47.0-255,66,32826,82,283877
23492,0.000531,74.125.24.0-255,2902,35728,82,283877
23493,0.000533,172.31.47.0-255,66,35794,82,283877
23494,0.000562,74.125.24.0-255,5738,41532,82,283877
23495,0.000568,172.31.47.0-255,66,41598,82,283877
23496,0.000573,74.125.24.0-255,1484,43082,82,283877
23497,0.000576,172.31.47.0-255,66,43148,82,283877
23498,0.000607,172.31.47.0-255,66,43214,82,283877
23499,0.000615,74.125.24.0-255,8574,51788,82,283877
23500,0.000617,172.31.47.0-255,66,51854,82,283877
23501,0.000644,74.125.24.0-255,1125,52979,82,283877
23502,0.000647,172.31.47.0-255,66,53045,82,283877
23503,0.001688,74.125.24.0-255,645,53690,82,283877
23504,0.001865,74.125.24.0-255,1484,55174,82,283877
23505,0.001868,172.31.47.0-255,66,55240,82,283877
23506,0.001874,74.125.24.0-255,2902,58142,82,283877
23507,0.001875,172.31.47.0-255,66,58208,82,283877
23508,0.001895,74.125.24.0-255,5738,63946,82,283877
23509,0.001897,172.31.47.0-255,66,64012,82,283877
23510,0.0019,74.125.24.0-255,2902,66914,82,283877
23511,0.001902,172.31.47.0-255,66,66980,82,283877
23512,0.001904,74.125.24.0-255,1484,68464,82,283877
23513,0.001916,74.125.24.0-255,2902,71366,82,283877
23514,0.001917,172.31.47.0-255,66,71432,82,283877
23515,0.001936,74.125.24.0-255,2902,74334,82,283877
23516,0.001937,172.31.47.0-255,66,74400,82,283877
23517,0.001958,74.125.24.0-255,5738,80138,82,283877
23518,0.001959,172.31.47.0-255,66,80204,82,283877
23519,0.001965,74.125.24.0-255,5738,85942,82,283877
23520,0.001966,172.31.47.0-255,66,86008,82,283877
23521,0.002001,74.125.24.0-255,2184,88192,82,283877
23522,0.002004,172.31.47.0-255,66,88258,82,283877
23523,0.003994,74.125.24.0-255,2902,91160,82,283877
23524,0.004,172.31.47.0-255,66,91226,82,283877
23525,0.004035,74.125.24.0-255,2902,94128,82,283877
23526,0.004037,172.31.47.0-255,66,94194,82,283877
23527,0.006004,74.125.24.0-255,1484,95678,82,283877
23528,0.006017,74.125.24.0-255,1484,97162,82,283877
23529,0.006019,172.31.47.0-255,66,97228,82,283877
23530,0.006051,74.125.24.0-255,2902,100130,82,283877
23531,0.006053,172.31.47.0-255,66,100196,82,283877
23532,0.008031,74.125.24.0-255,2902,103098,82,283877
23533,0.008039,172.31.47.0-255,66,103164,82,283877
23534,0.00806,74.125.24.0-255,2902,106066,82,283877
23535,0.008063,172.31.47.0-255,66,106132,82,283877
23536,0.010055,74.125.24.0-255,2902,109034,82,283877
23537,0.010064,172.31.47.0-255,66,109100,82,283877
23538,0.010097,74.125.24.0-255,2902,112002,82,283877
23539,0.010101,172.31.47.0-255,66,112068,82,283877
23540,0.012084,74.125.24.0-255,2902,114970,82,283877
23541,0.012089,172.31.47.0-255,66,115036,82,283877
23542,0.012107,74.125.24.0-255,1484,116520,82,283877
23543,0.012116,74.125.24.0-255,1484,118004,82,283877
23544,0.012118,172.31.47.0-255,66,118070,82,283877
23545,0.014109,74.125.24.0-255,5738,123808,82,283877
23546,0.014114,172.31.47.0-255,66,123874,82,283877
23547,0.016123,74.125.24.0-255,5738,129612,82,283877
23548,0.016137,172.31.47.0-255,66,129678,82,283877
23549,0.018135,74.125.24.0-255,5738,135416,82,283877
23550,0.018142,172.31.47.0-255,66,135482,82,283877
23551,0.020187,74.125.24.0-255,5738,141220,82,283877
23552,0.020194,172.31.47.0-255,66,141286,82,283877
23553,0.022224,74.125.24.0-255,5738,147024,82,283877
23554,0.02223,172.31.47.0-255,66,147090,82,283877
23555,0.024263,74.125.24.0-255,5738,152828,82,283877
23556,0.024271,172.31.47.0-255,66,152894,82,283877
23557,0.0263,74.125.24.0-255,5738,158632,82,283877
23558,0.026306,172.31.47.0-255,66,158698,82,283877
23559,0.028334,74.125.24.0-255,5738,164436,82,283877
23560,0.02834,172.31.47.0-255,66,164502,82,283877
23561,0.028652,172.31.47.0-255,172,164674,82,283877
23562,0.028682,172.31.47.0-255,1107,165781,82,283877
23563,0.028705,172.31.47.0-255,1514,167295,82,283877
23564,0.028707,172.31.47.0-255,1292,168587,82,283877
23565,0.030206,104.244.42.0-255,66,168653,82,283877
23566,0.03025,104.244.42.0-255,66,168719,82,283877
23567,0.030254,104.244.42.0-255,66,168785,82,283877
23568,0.030343,74.125.24.0-255,2902,171687,82,283877
23569,0.030346,172.31.47.0-255,66,171753,82,283877
23570,0.030381,74.125.24.0-255,2902,174655,82,283877
23571,0.030384,172.31.47.0-255,66,174721,82,283877
23572,0.032337,74.125.24.0-255,2902,177623,82,283877
23573,0.032342,172.31.47.0-255,66,177689,82,283877
23574,0.032388,74.125.24.0-255,2902,180591,82,283877
23575,0.032392,172.31.47.0-255,66,180657,82,283877
23576,0.03438,74.125.24.0-255,5738,186395,82,283877
23577,0.034386,172.31.47.0-255,66,186461,82,283877
23578,0.036415,74.125.24.0-255,5738,192199,82,283877
23579,0.03642,172.31.47.0-255,66,192265,82,283877
23580,0.038437,74.125.24.0-255,5738,198003,82,283877
23581,0.038443,172.31.47.0-255,66,198069,82,283877
23582,0.040454,74.125.24.0-255,5738,203807,82,283877
23583,0.04046,172.31.47.0-255,66,203873,82,283877
23584,0.042466,74.125.24.0-255,4320,208193,82,283877
23585,0.04247,172.31.47.0-255,66,208259,82,283877
23586,0.042497,74.125.24.0-255,1484,209743,82,283877
23587,0.044489,74.125.24.0-255,4320,214063,82,283877
23588,0.044495,172.31.47.0-255,66,214129,82,283877
23589,0.046491,74.125.24.0-255,5738,219867,82,283877
23590,0.046495,172.31.47.0-255,66,219933,82,283877
23591,0.048513,74.125.24.0-255,4320,224253,82,283877
23592,0.048518,172.31.47.0-255,66,224319,82,283877
23593,0.04854,74.125.24.0-255,1484,225803,82,283877
23594,0.050522,74.125.24.0-255,1484,227287,82,283877
23595,0.050527,172.31.47.0-255,66,227353,82,283877
23596,0.050563,74.125.24.0-255,2902,230255,82,283877
23597,0.050566,172.31.47.0-255,66,230321,82,283877
23598,0.052531,74.125.24.0-255,2902,233223,82,283877
23599,0.052536,172.31.47.0-255,66,233289,82,283877
23600,0.052587,74.125.24.0-255,2902,236191,82,283877
23601,0.05259,172.31.47.0-255,66,236257,82,283877
23602,0.054539,74.125.24.0-255,2902,239159,82,283877
23603,0.054548,172.31.47.0-255,66,239225,82,283877
23604,0.054597,74.125.24.0-255,2902,242127,82,283877
23605,0.054602,172.31.47.0-255,66,242193,82,283877
23606,0.056577,74.125.24.0-255,2902,245095,82,283877
23607,0.056583,172.31.47.0-255,66,245161,82,283877
23608,0.056612,74.125.24.0-255,2902,248063,82,283877
23609,0.056615,172.31.47.0-255,66,248129,82,283877
23610,0.058576,74.125.24.0-255,2902,251031,82,283877
23611,0.058581,172.31.47.0-255,66,251097,82,283877
23612,0.058622,74.125.24.0-255,2902,253999,82,283877
23613,0.058625,172.31.47.0-255,66,254065,82,283877
23614,0.060576,74.125.24.0-255,2902,256967,82,283877
23615,0.060582,172.31.47.0-255,66,257033,82,283877
23616,0.060634,74.125.24.0-255,1484,258517,82,283877
23617,0.060651,74.125.24.0-255,1484,260001,82,283877
23618,0.060654,172.31.47.0-255,66,260067,82,283877
23619,0.062599,74.125.24.0-255,2902,262969,82,283877
23620,0.062604,172.31.47.0-255,66,263035,82,283877
23621,0.062663,74.125.24.0-255,2902,265937,82,283877
23622,0.062667,172.31.47.0-255,66,266003,82,283877
23623,0.064595,74.125.24.0-255,1484,267487,82,283877
23624,0.064622,74.125.24.0-255,1484,268971,82,283877
23625,0.064626,172.31.47.0-255,66,269037,82,283877
23626,0.064707,74.125.24.0-255,2902,271939,82,283877
23627,0.064711,172.31.47.0-255,66,272005,82,283877
23628,0.066623,74.125.24.0-255,2902,274907,82,283877
23629,0.066628,172.31.47.0-255,66,274973,82,283877
23630,0.066748,74.125.24.0-255,2902,277875,82,283877
23631,0.066753,172.31.47.0-255,66,277941,82,283877
23632,0.068635,74.125.24.0-255,2902,280843,82,283877
23633,0.068641,172.31.47.0-255,66,280909,82,283877
23634,0.068754,74.125.24.0-255,2902,283811,82,283877
23635,0.068759,172.31.47.0-255,66,283877,82,283877
23636,0.0,172.31.47.0-255,105,105,82,276
23637,0.001778,157.240.13.0-255,105,210,82,276
23638,0.001789,172.31.47.0-255,66,276,82,276
23639,0.0,74.125.68.0-255,153,153,82,366952
23640,1.3e-05,172.31.47.0-255,66,219,82,366952
23641,3.7e-05,74.125.68.0-255,1484,1703,82,366952
23642,4.1e-05,172.31.47.0-255,66,1769,82,366952
23643,4.6e-05,74.125.68.0-255,2902,4671,82,366952
23644,4.8e-05,172.31.47.0-255,66,4737,82,366952
23645,7.7e-05,74.125.68.0-255,5738,10475,82,366952
23646,8e-05,172.31.47.0-255,66,10541,82,366952
23647,8.5e-05,74.125.68.0-255,3465,14006,82,366952
23648,8.6e-05,172.31.47.0-255,66,14072,82,366952
23649,0.000113,74.125.68.0-255,4320,18392,82,366952
23650,0.000117,172.31.47.0-255,66,18458,82,366952
23651,0.000133,74.125.68.0-255,1484,19942,82,366952
23652,0.000135,172.31.47.0-255,66,20008,82,366952
23653,0.000157,74.125.68.0-255,8574,28582,82,366952
23654,0.000159,172.31.47.0-255,66,28648,82,366952
23655,0.000171,74.125.68.0-255,2543,31191,82,366952
23656,0.000173,172.31.47.0-255,66,31257,82,366952
23657,0.000244,74.125.68.0-255,1484,32741,82,366952
23658,0.000248,172.31.47.0-255,66,32807,82,366952
23659,0.000253,74.125.68.0-255,2902,35709,82,366952
23660,0.000256,172.31.47.0-255,66,35775,82,366952
23661,0.000287,74.125.68.0-255,5738,41513,82,366952
23662,0.000291,172.31.47.0-255,66,41579,82,366952
23663,0.000295,74.125.68.0-255,2902,44481,82,366952
23664,0.000297,172.31.47.0-255,66,44547,82,366952
23665,0.000311,74.125.68.0-255,1484,46031,82,366952
23666,0.000314,172.31.47.0-255,66,46097,82,366952
23667,0.000348,74.125.68.0-255,9633,55730,82,366952
23668,0.000352,172.31.47.0-255,66,55796,82,366952
23669,0.000357,74.125.68.0-255,4320,60116,82,366952
23670,0.00036,172.31.47.0-255,66,60182,82,366952
23671,0.000386,74.125.68.0-255,4320,64502,82,366952
23672,0.000404,74.125.68.0-255,1433,65935,82,366952
23673,0.000489,172.31.47.0-255,66,66001,82,366952
23674,0.000707,74.125.68.0-255,112,66113,82,366952
23675,0.00087,74.125.68.0-255,1484,67597,82,366952
23676,0.000877,74.125.68.0-255,2902,70499,82,366952
23677,0.000911,74.125.68.0-255,2902,73401,82,366952
23678,0.000916,74.125.68.0-255,4320,77721,82,366952
23679,0.000934,74.125.68.0-255,4320,82041,82,366952
23680,0.000957,74.125.68.0-255,5379,87420,82,366952
23681,0.000961,74.125.68.0-255,2902,90322,82,366952
23682,0.000985,172.31.47.0-255,66,90388,82,366952
23683,0.001,74.125.68.0-255,2902,93290,82,366952
23684,0.001029,74.125.68.0-255,6797,100087,82,366952
23685,0.00107,172.31.47.0-255,66,100153,82,366952
23686,0.001424,74.125.68.0-255,1484,101637,82,366952
23687,0.001431,74.125.68.0-255,2902,104539,82,366952
23688,0.001435,172.31.47.0-255,66,104605,82,366952
23689,0.001441,74.125.68.0-255,2902,107507,82,366952
23690,0.001456,74.125.68.0-255,2902,110409,82,366952
23691,0.001459,74.125.68.0-255,2902,113311,82,366952
23692,0.001463,74.125.68.0-255,2902,116213,82,366952
23693,0.001469,172.31.47.0-255,66,116279,82,366952
23694,0.001478,74.125.68.0-255,1484,117763,82,366952
23695,0.001483,74.125.68.0-255,4320,122083,82,366952
23696,0.001503,74.125.68.0-255,4320,126403,82,366952
23697,0.001508,74.125.68.0-255,5738,132141,82,366952
23698,0.001512,172.31.47.0-255,66,132207,82,366952
23699,0.001549,74.125.68.0-255,2184,134391,82,366952
23700,0.001558,172.31.47.0-255,66,134457,82,366952
23701,0.001669,74.125.68.0-255,1484,135941,82,366952
23702,0.001685,74.125.68.0-255,2902,138843,82,366952
23703,0.001688,172.31.47.0-255,66,138909,82,366952
23704,0.001691,74.125.68.0-255,1484,140393,82,366952
23705,0.001707,74.125.68.0-255,4320,144713,82,366952
23706,0.001712,74.125.68.0-255,2902,147615,82,366952
23707,0.001718,172.31.47.0-255,66,147681,82,366952
23708,0.001736,74.125.68.0-255,4320,152001,82,366952
23709,0.001748,74.125.68.0-255,2902,154903,82,366952
23710,0.00175,172.31.47.0-255,66,154969,82,366952
23711,0.001755,172.31.47.0-255,66,155035,82,366952
23712,0.001797,172.31.47.0-255,66,155101,82,366952
23713,0.001802,74.125.68.0-255,2902,158003,82,366952
23714,0.001806,172.31.47.0-255,66,158069,82,366952
23715,0.001816,74.125.68.0-255,4320,162389,82,366952
23716,0.001839,74.125.68.0-255,7856,170245,82,366952
23717,0.001845,74.125.68.0-255,4320,174565,82,366952
23718,0.00185,172.31.47.0-255,66,174631,82,366952
23719,0.00186,74.125.68.0-255,1484,176115,82,366952
23720,0.001907,172.31.47.0-255,66,176181,82,366952
23721,0.001945,74.125.68.0-255,1484,177665,82,366952
23722,0.003843,74.125.68.0-255,4320,181985,82,366952
23723,0.003848,172.31.47.0-255,66,182051,82,366952
23724,0.005781,74.125.68.0-255,5738,187789,82,366952
23725,0.005809,172.31.47.0-255,66,187855,82,366952
23726,0.007747,74.125.68.0-255,5738,193593,82,366952
23727,0.007754,172.31.47.0-255,66,193659,82,366952
23728,0.009684,74.125.68.0-255,5738,199397,82,366952
23729,0.009691,172.31.47.0-255,66,199463,82,366952
23730,0.011638,74.125.68.0-255,5738,205201,82,366952
23731,0.011645,172.31.47.0-255,66,205267,82,366952
23732,0.013578,74.125.68.0-255,5738,211005,82,366952
23733,0.013584,172.31.47.0-255,66,211071,82,366952
23734,0.015556,74.125.68.0-255,5738,216809,82,366952
23735,0.015562,172.31.47.0-255,66,216875,82,366952
23736,0.017541,74.125.68.0-255,5738,222613,82,366952
23737,0.01755,172.31.47.0-255,66,222679,82,366952
23738,0.019534,74.125.68.0-255,5738,228417,82,366952
23739,0.019542,172.31.47.0-255,66,228483,82,366952
23740,0.021475,74.125.68.0-255,5738,234221,82,366952
23741,0.02148,172.31.47.0-255,66,234287,82,366952
23742,0.023404,74.125.68.0-255,5738,240025,82,366952
23743,0.023411,172.31.47.0-255,66,240091,82,366952
23744,0.025342,74.125.68.0-255,4320,244411,82,366952
23745,0.025348,172.31.47.0-255,66,244477,82,366952
23746,0.025365,74.125.68.0-255,1484,245961,82,366952
23747,0.027271,74.125.68.0-255,4320,250281,82,366952
23748,0.027278,172.31.47.0-255,66,250347,82,366952
23749,0.029219,74.125.68.0-255,5738,256085,82,366952
23750,0.029267,172.31.47.0-255,66,256151,82,366952
23751,0.031206,74.125.68.0-255,4320,260471,82,366952
23752,0.031213,172.31.47.0-255,66,260537,82,366952
23753,0.031235,74.125.68.0-255,1484,262021,82,366952
23754,0.033144,74.125.68.0-255,4320,266341,82,366952
23755,0.03315,172.31.47.0-255,66,266407,82,366952
23756,0.033302,172.31.47.0-255,172,266579,82,366952
23757,0.033352,172.31.47.0-255,1112,267691,82,366952
23758,0.033458,172.31.47.0-255,1514,269205,82,366952
23759,0.03346,172.31.47.0-255,1287,270492,82,366952
23760,0.034868,104.244.42.0-255,66,270558,82,366952
23761,0.034916,104.244.42.0-255,66,270624,82,366952
23762,0.035008,104.244.42.0-255,66,270690,82,366952
23763,0.03507,74.125.68.0-255,2902,273592,82,366952
23764,0.035074,172.31.47.0-255,66,273658,82,366952
23765,0.035093,74.125.68.0-255,2902,276560,82,366952
23766,0.035106,172.31.47.0-255,66,276626,82,366952
23767,0.036998,74.125.68.0-255,2902,279528,82,366952
23768,0.037003,172.31.47.0-255,66,279594,82,366952
23769,0.037036,74.125.68.0-255,2902,282496,82,366952
23770,0.037056,172.31.47.0-255,66,282562,82,366952
23771,0.038925,74.125.68.0-255,2902,285464,82,366952
23772,0.03893,172.31.47.0-255,66,285530,82,366952
23773,0.038971,74.125.68.0-255,2902,288432,82,366952
23774,0.039182,172.31.47.0-255,66,288498,82,366952
23775,0.040858,74.125.68.0-255,2902,291400,82,366952
23776,0.040863,172.31.47.0-255,66,291466,82,366952
23777,0.041111,74.125.68.0-255,2902,294368,82,366952
23778,0.041117,172.31.47.0-255,66,294434,82,366952
23779,0.042907,74.125.68.0-255,2902,297336,82,366952
23780,0.042914,172.31.47.0-255,66,297402,82,366952
23781,0.043134,74.125.68.0-255,2902,300304,82,366952
23782,0.043193,172.31.47.0-255,66,300370,82,366952
23783,0.044847,74.125.68.0-255,2902,303272,82,366952
23784,0.044852,172.31.47.0-255,66,303338,82,366952
23785,0.045141,74.125.68.0-255,2902,306240,82,366952
23786,0.045175,172.31.47.0-255,66,306306,82,366952
23787,0.046779,74.125.68.0-255,2902,309208,82,366952
23788,0.046784,172.31.47.0-255,66,309274,82,366952
23789,0.047096,74.125.68.0-255,2902,312176,82,366952
23790,0.048698,74.125.68.0-255,1484,313660,82,366952
23791,0.048712,74.125.68.0-255,1484,315144,82,366952
23792,0.050751,172.31.47.0-255,66,315210,82,366952
23793,0.052683,74.125.68.0-255,5738,320948,82,366952
23794,0.052688,172.31.47.0-255,66,321014,82,366952
23795,0.05461,74.125.68.0-255,4320,325334,82,366952
23796,0.054614,172.31.47.0-255,66,325400,82,366952
23797,0.054638,74.125.68.0-255,1484,326884,82,366952
23798,0.056556,74.125.68.0-255,4320,331204,82,366952
23799,0.056562,172.31.47.0-255,66,331270,82,366952
23800,0.058488,74.125.68.0-255,2902,334172,82,366952
23801,0.058493,172.31.47.0-255,66,334238,82,366952
23802,0.05851,74.125.68.0-255,2902,337140,82,366952
23803,0.05885,172.31.47.0-255,66,337206,82,366952
23804,0.060423,74.125.68.0-255,2902,340108,82,366952
23805,0.060428,172.31.47.0-255,66,340174,82,366952
23806,0.060773,74.125.68.0-255,2902,343076,82,366952
23807,0.060778,172.31.47.0-255,66,343142,82,366952
23808,0.062358,74.125.68.0-255,2902,346044,82,366952
23809,0.062362,172.31.47.0-255,66,346110,82,366952
23810,0.062705,74.125.68.0-255,2902,349012,82,366952
23811,0.062709,172.31.47.0-255,66,349078,82,366952
23812,0.064291,74.125.68.0-255,2902,351980,82,366952
23813,0.064296,172.31.47.0-255,66,352046,82,366952
23814,0.064639,74.125.68.0-255,2902,354948,82,366952
23815,0.064645,172.31.47.0-255,66,355014,82,366952
23816,0.06622,74.125.68.0-255,2902,357916,82,366952
23817,0.066225,172.31.47.0-255,66,357982,82,366952
23818,0.066569,74.125.68.0-255,2902,360884,82,366952
23819,0.066575,172.31.47.0-255,66,360950,82,366952
23820,0.068155,74.125.68.0-255,2902,363852,82,366952
23821,0.06816,172.31.47.0-255,66,363918,82,366952
23822,0.068493,74.125.68.0-255,1484,365402,82,366952
23823,0.068516,74.125.68.0-255,1484,366886,82,366952
23824,0.068519,172.31.47.0-255,66,366952,82,366952
23825,0.0,172.217.194.0-255,153,153,82,378369
23826,2.6e-05,172.31.47.0-255,66,219,82,378369
23827,3.2e-05,172.217.194.0-255,1484,1703,82,378369
23828,3.6e-05,172.31.47.0-255,66,1769,82,378369
23829,4.1e-05,172.217.194.0-255,2902,4671,82,378369
23830,5e-05,172.31.47.0-255,66,4737,82,378369
23831,5.3e-05,172.217.194.0-255,1484,6221,82,378369
23832,5.5e-05,172.31.47.0-255,66,6287,82,378369
23833,0.000105,172.217.194.0-255,7750,14037,82,378369
23834,0.00011,172.31.47.0-255,66,14103,82,378369
23835,0.000619,172.217.194.0-255,1484,15587,82,378369
23836,0.000625,172.31.47.0-255,66,15653,82,378369
23837,0.000635,172.217.194.0-255,2902,18555,82,378369
23838,0.000647,172.31.47.0-255,66,18621,82,378369
23839,0.000654,172.217.194.0-255,5738,24359,82,378369
23840,0.000656,172.31.47.0-255,66,24425,82,378369
23841,0.000663,172.217.194.0-255,6797,31222,82,378369
23842,0.000665,172.31.47.0-255,66,31288,82,378369
23843,0.000863,172.217.194.0-255,1484,32772,82,378369
23844,0.000868,172.217.194.0-255,2902,35674,82,378369
23845,0.000875,172.31.47.0-255,66,35740,82,378369
23846,0.000885,172.31.47.0-255,66,35806,82,378369
23847,0.000895,172.217.194.0-255,5738,41544,82,378369
23848,0.000898,172.31.47.0-255,66,41610,82,378369
23849,0.00093,172.217.194.0-255,9633,51243,82,378369
23850,0.000938,172.31.47.0-255,66,51309,82,378369
23851,0.000948,172.217.194.0-255,9992,61301,82,378369
23852,0.000951,172.31.47.0-255,66,61367,82,378369
23853,0.000956,172.217.194.0-255,4217,65584,82,378369
23854,0.000958,172.31.47.0-255,66,65650,82,378369
23855,0.001045,172.217.194.0-255,398,66048,82,378369
23856,0.00105,172.31.47.0-255,66,66114,82,378369
23857,0.001163,172.217.194.0-255,1484,67598,82,378369
23858,0.001169,172.217.194.0-255,2902,70500,82,378369
23859,0.001172,172.31.47.0-255,66,70566,82,378369
23860,0.001175,172.217.194.0-255,1484,72050,82,378369
23861,0.001202,172.217.194.0-255,4320,76370,82,378369
23862,0.001205,172.31.47.0-255,66,76436,82,378369
23863,0.001209,172.217.194.0-255,2902,79338,82,378369
23864,0.001211,172.31.47.0-255,66,79404,82,378369
23865,0.001233,172.217.194.0-255,5379,84783,82,378369
23866,0.001236,172.31.47.0-255,66,84849,82,378369
23867,0.001248,172.217.194.0-255,8574,93423,82,378369
23868,0.00125,172.31.47.0-255,66,93489,82,378369
23869,0.001284,172.217.194.0-255,6797,100286,82,378369
23870,0.001287,172.31.47.0-255,66,100352,82,378369
23871,0.001311,172.217.194.0-255,1484,101836,82,378369
23872,0.001333,172.217.194.0-255,1484,103320,82,378369
23873,0.001335,172.31.47.0-255,66,103386,82,378369
23874,0.001365,172.217.194.0-255,1484,104870,82,378369
23875,0.001371,172.217.194.0-255,5738,110608,82,378369
23876,0.001373,172.31.47.0-255,66,110674,82,378369
23877,0.001382,172.217.194.0-255,8574,119248,82,378369
23878,0.001384,172.31.47.0-255,66,119314,82,378369
23879,0.001397,172.217.194.0-255,9992,129306,82,378369
23880,0.001401,172.31.47.0-255,66,129372,82,378369
23881,0.001418,172.217.194.0-255,2902,132274,82,378369
23882,0.001424,172.31.47.0-255,66,132340,82,378369
23883,0.001456,172.217.194.0-255,5020,137360,82,378369
23884,0.001459,172.31.47.0-255,66,137426,82,378369
23885,0.001467,172.217.194.0-255,8574,146000,82,378369
23886,0.001469,172.31.47.0-255,66,146066,82,378369
23887,0.001489,172.31.47.0-255,66,146132,82,378369
23888,0.00155,172.217.194.0-255,5020,151152,82,378369
23889,0.001553,172.31.47.0-255,66,151218,82,378369
23890,0.001556,172.217.194.0-255,1484,152702,82,378369
23891,0.001559,172.217.194.0-255,2902,155604,82,378369
23892,0.001562,172.31.47.0-255,66,155670,82,378369
23893,0.001589,172.217.194.0-255,5738,161408,82,378369
23894,0.001592,172.31.47.0-255,66,161474,82,378369
23895,0.001597,172.217.194.0-255,4320,165794,82,378369
23896,0.001599,172.31.47.0-255,66,165860,82,378369
23897,0.001628,172.217.194.0-255,8574,174434,82,378369
23898,0.001631,172.31.47.0-255,66,174500,82,378369
23899,0.001639,172.217.194.0-255,10692,185192,82,378369
23900,0.001641,172.31.47.0-255,66,185258,82,378369
23901,0.003657,172.217.194.0-255,5738,190996,82,378369
23902,0.003662,172.31.47.0-255,66,191062,82,378369
23903,0.005679,172.217.194.0-255,5738,196800,82,378369
23904,0.005686,172.31.47.0-255,66,196866,82,378369
23905,0.007682,172.217.194.0-255,5738,202604,82,378369
23906,0.007691,172.31.47.0-255,66,202670,82,378369
23907,0.009713,172.217.194.0-255,5738,208408,82,378369
23908,0.00972,172.31.47.0-255,66,208474,82,378369
23909,0.01173,172.217.194.0-255,5738,214212,82,378369
23910,0.011738,172.31.47.0-255,66,214278,82,378369
23911,0.013759,172.217.194.0-255,5738,220016,82,378369
23912,0.013766,172.31.47.0-255,66,220082,82,378369
23913,0.015782,172.217.194.0-255,5738,225820,82,378369
23914,0.015788,172.31.47.0-255,66,225886,82,378369
23915,0.017804,172.217.194.0-255,5738,231624,82,378369
23916,0.017811,172.31.47.0-255,66,231690,82,378369
23917,0.019801,172.217.194.0-255,4320,236010,82,378369
23918,0.019807,172.31.47.0-255,66,236076,82,378369
23919,0.019842,172.217.194.0-255,1484,237560,82,378369
23920,0.020729,172.31.47.0-255,172,237732,82,378369
23921,0.02077,172.31.47.0-255,1112,238844,82,378369
23922,0.020836,172.31.47.0-255,1514,240358,82,378369
23923,0.020838,172.31.47.0-255,1287,241645,82,378369
23924,0.02182,172.217.194.0-255,4320,245965,82,378369
23925,0.021825,172.31.47.0-255,66,246031,82,378369
23926,0.022275,104.244.42.0-255,66,246097,82,378369
23927,0.022318,104.244.42.0-255,66,246163,82,378369
23928,0.022414,104.244.42.0-255,66,246229,82,378369
23929,0.023822,172.217.194.0-255,5738,251967,82,378369
23930,0.023827,172.31.47.0-255,66,252033,82,378369
23931,0.02582,172.217.194.0-255,5738,257771,82,378369
23932,0.025825,172.31.47.0-255,66,257837,82,378369
23933,0.027825,172.217.194.0-255,4320,262157,82,378369
23934,0.02783,172.31.47.0-255,66,262223,82,378369
23935,0.027864,172.217.194.0-255,1484,263707,82,378369
23936,0.029877,172.217.194.0-255,4320,268027,82,378369
23937,0.029881,172.31.47.0-255,66,268093,82,378369
23938,0.031893,172.217.194.0-255,5738,273831,82,378369
23939,0.031899,172.31.47.0-255,66,273897,82,378369
23940,0.033901,172.217.194.0-255,5738,279635,82,378369
23941,0.033907,172.31.47.0-255,66,279701,82,378369
23942,0.035896,172.217.194.0-255,5738,285439,82,378369
23943,0.0359,172.31.47.0-255,66,285505,82,378369
23944,0.037888,172.217.194.0-255,5738,291243,82,378369
23945,0.037894,172.31.47.0-255,66,291309,82,378369
23946,0.039895,172.217.194.0-255,5738,297047,82,378369
23947,0.039901,172.31.47.0-255,66,297113,82,378369
23948,0.041917,172.217.194.0-255,5738,302851,82,378369
23949,0.041922,172.31.47.0-255,66,302917,82,378369
23950,0.043914,172.217.194.0-255,5738,308655,82,378369
23951,0.04392,172.31.47.0-255,66,308721,82,378369
23952,0.045926,172.217.194.0-255,5738,314459,82,378369
23953,0.045931,172.31.47.0-255,66,314525,82,378369
23954,0.047913,172.217.194.0-255,5738,320263,82,378369
23955,0.047918,172.31.47.0-255,66,320329,82,378369
23956,0.04994,172.217.194.0-255,5738,326067,82,378369
23957,0.049947,172.31.47.0-255,66,326133,82,378369
23958,0.051959,172.217.194.0-255,5738,331871,82,378369
23959,0.051964,172.31.47.0-255,66,331937,82,378369
23960,0.053982,172.217.194.0-255,5738,337675,82,378369
23961,0.053986,172.31.47.0-255,66,337741,82,378369
23962,0.05599,172.217.194.0-255,5738,343479,82,378369
23963,0.055996,172.31.47.0-255,66,343545,82,378369
23964,0.057998,172.217.194.0-255,5738,349283,82,378369
23965,0.058002,172.31.47.0-255,66,349349,82,378369
23966,0.059999,172.217.194.0-255,5738,355087,82,378369
23967,0.060003,172.31.47.0-255,66,355153,82,378369
23968,0.062015,172.217.194.0-255,5738,360891,82,378369
23969,0.06202,172.31.47.0-255,66,360957,82,378369
23970,0.064006,172.217.194.0-255,5738,366695,82,378369
23971,0.064011,172.31.47.0-255,66,366761,82,378369
23972,0.065997,172.217.194.0-255,5738,372499,82,378369
23973,0.066001,172.31.47.0-255,66,372565,82,378369
23974,0.068008,172.217.194.0-255,5738,378303,82,378369
23975,0.068012,172.31.47.0-255,66,378369,82,378369
23976,0.0,74.125.68.0-255,153,153,82,291907
23977,2.3e-05,172.31.47.0-255,66,219,82,291907
23978,2.9e-05,74.125.68.0-255,1484,1703,82,291907
23979,3.2e-05,172.31.47.0-255,66,1769,82,291907
23980,4.8e-05,74.125.68.0-255,2902,4671,82,291907
23981,5e-05,172.31.47.0-255,66,4737,82,291907
23982,6.3e-05,74.125.68.0-255,4320,9057,82,291907
23983,6.5e-05,172.31.47.0-255,66,9123,82,291907
23984,9.1e-05,74.125.68.0-255,5006,14129,82,291907
23985,9.4e-05,172.31.47.0-255,66,14195,82,291907
23986,0.00013,74.125.68.0-255,1484,15679,82,291907
23987,0.000133,172.31.47.0-255,66,15745,82,291907
23988,0.000147,74.125.68.0-255,2902,18647,82,291907
23989,0.00015,172.31.47.0-255,66,18713,82,291907
23990,0.000173,74.125.68.0-255,4320,23033,82,291907
23991,0.000176,172.31.47.0-255,66,23099,82,291907
23992,0.000217,74.125.68.0-255,4320,27419,82,291907
23993,0.00022,172.31.47.0-255,66,27485,82,291907
23994,0.000237,74.125.68.0-255,3961,31446,82,291907
23995,0.00024,172.31.47.0-255,66,31512,82,291907
23996,0.0004,74.125.68.0-255,1484,32996,82,291907
23997,0.000405,172.31.47.0-255,66,33062,82,291907
23998,0.000409,74.125.68.0-255,1484,34546,82,291907
23999,0.00041,172.31.47.0-255,66,34612,82,291907
24000,0.000425,74.125.68.0-255,2902,37514,82,291907
24001,0.000428,172.31.47.0-255,66,37580,82,291907
24002,0.000456,74.125.68.0-255,5738,43318,82,291907
24003,0.000459,172.31.47.0-255,66,43384,82,291907
24004,0.000464,74.125.68.0-255,5379,48763,82,291907
24005,0.000466,172.31.47.0-255,66,48829,82,291907
24006,0.000493,74.125.68.0-255,5738,54567,82,291907
24007,0.000496,172.31.47.0-255,66,54633,82,291907
24008,0.000514,74.125.68.0-255,2902,57535,82,291907
24009,0.000517,172.31.47.0-255,66,57601,82,291907
24010,0.000541,74.125.68.0-255,8525,66126,82,291907
24011,0.000545,172.31.47.0-255,66,66192,82,291907
24012,0.000547,74.125.68.0-255,111,66303,82,291907
24013,0.00055,74.125.68.0-255,330,66633,82,291907
24014,0.000748,74.125.68.0-255,1484,68117,82,291907
24015,0.000753,172.31.47.0-255,66,68183,82,291907
24016,0.000759,74.125.68.0-255,2902,71085,82,291907
24017,0.000761,172.31.47.0-255,66,71151,82,291907
24018,0.000764,74.125.68.0-255,1484,72635,82,291907
24019,0.000778,74.125.68.0-255,1484,74119,82,291907
24020,0.000781,172.31.47.0-255,66,74185,82,291907
24021,0.000801,74.125.68.0-255,4320,78505,82,291907
24022,0.000804,172.31.47.0-255,66,78571,82,291907
24023,0.000807,74.125.68.0-255,1484,80055,82,291907
24024,0.000827,74.125.68.0-255,7156,87211,82,291907
24025,0.000829,172.31.47.0-255,66,87277,82,291907
24026,0.000834,74.125.68.0-255,4320,91597,82,291907
24027,0.000836,172.31.47.0-255,66,91663,82,291907
24028,0.000882,74.125.68.0-255,4320,95983,82,291907
24029,0.000885,172.31.47.0-255,66,96049,82,291907
24030,0.0009,74.125.68.0-255,5020,101069,82,291907
24031,0.000902,172.31.47.0-255,66,101135,82,291907
24032,0.001099,74.125.68.0-255,1484,102619,82,291907
24033,0.001111,74.125.68.0-255,2902,105521,82,291907
24034,0.001113,172.31.47.0-255,66,105587,82,291907
24035,0.001115,74.125.68.0-255,1484,107071,82,291907
24036,0.001131,74.125.68.0-255,2902,109973,82,291907
24037,0.001132,172.31.47.0-255,66,110039,82,291907
24038,0.001142,74.125.68.0-255,1484,111523,82,291907
24039,0.001155,74.125.68.0-255,4320,115843,82,291907
24040,0.001156,172.31.47.0-255,66,115909,82,291907
24041,0.001173,74.125.68.0-255,2902,118811,82,291907
24042,0.001175,172.31.47.0-255,66,118877,82,291907
24043,0.001196,74.125.68.0-255,7156,126033,82,291907
24044,0.001198,172.31.47.0-255,66,126099,82,291907
24045,0.001227,74.125.68.0-255,1484,127583,82,291907
24046,0.001244,74.125.68.0-255,7156,134739,82,291907
24047,0.001246,172.31.47.0-255,66,134805,82,291907
24048,0.001261,74.125.68.0-255,766,135571,82,291907
24049,0.003393,172.31.47.0-255,66,135637,82,291907
24050,0.003765,74.125.68.0-255,4320,139957,82,291907
24051,0.00377,172.31.47.0-255,66,140023,82,291907
24052,0.005877,74.125.68.0-255,1484,141507,82,291907
24053,0.006265,74.125.68.0-255,4320,145827,82,291907
24054,0.006272,172.31.47.0-255,66,145893,82,291907
24055,0.008771,74.125.68.0-255,5738,151631,82,291907
24056,0.008778,172.31.47.0-255,66,151697,82,291907
24057,0.011275,74.125.68.0-255,5738,157435,82,291907
24058,0.011282,172.31.47.0-255,66,157501,82,291907
24059,0.013777,74.125.68.0-255,5738,163239,82,291907
24060,0.013783,172.31.47.0-255,66,163305,82,291907
24061,0.015934,172.31.47.0-255,172,163477,82,291907
24062,0.015963,172.31.47.0-255,1111,164588,82,291907
24063,0.01601,172.31.47.0-255,1514,166102,82,291907
24064,0.016012,172.31.47.0-255,325,166427,82,291907
24065,0.016281,74.125.68.0-255,5738,172165,82,291907
24066,0.016287,172.31.47.0-255,66,172231,82,291907
24067,0.017501,104.244.42.0-255,66,172297,82,291907
24068,0.017507,104.244.42.0-255,66,172363,82,291907
24069,0.017595,104.244.42.0-255,66,172429,82,291907
24070,0.018779,74.125.68.0-255,4320,176749,82,291907
24071,0.018783,172.31.47.0-255,66,176815,82,291907
24072,0.018815,74.125.68.0-255,1484,178299,82,291907
24073,0.02128,74.125.68.0-255,4320,182619,82,291907
24074,0.021285,172.31.47.0-255,66,182685,82,291907
24075,0.023776,74.125.68.0-255,2902,185587,82,291907
24076,0.02378,172.31.47.0-255,66,185653,82,291907
24077,0.023805,74.125.68.0-255,2902,188555,82,291907
24078,0.023807,172.31.47.0-255,66,188621,82,291907
24079,0.026274,74.125.68.0-255,2902,191523,82,291907
24080,0.02628,172.31.47.0-255,66,191589,82,291907
24081,0.026312,74.125.68.0-255,2902,194491,82,291907
24082,0.026316,172.31.47.0-255,66,194557,82,291907
24083,0.028782,74.125.68.0-255,2902,197459,82,291907
24084,0.028788,172.31.47.0-255,66,197525,82,291907
24085,0.028819,74.125.68.0-255,2902,200427,82,291907
24086,0.028822,172.31.47.0-255,66,200493,82,291907
24087,0.03128,74.125.68.0-255,2902,203395,82,291907
24088,0.031285,172.31.47.0-255,66,203461,82,291907
24089,0.031316,74.125.68.0-255,2902,206363,82,291907
24090,0.031319,172.31.47.0-255,66,206429,82,291907
24091,0.033777,74.125.68.0-255,2902,209331,82,291907
24092,0.033781,172.31.47.0-255,66,209397,82,291907
24093,0.033806,74.125.68.0-255,2902,212299,82,291907
24094,0.033808,172.31.47.0-255,66,212365,82,291907
24095,0.036268,74.125.68.0-255,2902,215267,82,291907
24096,0.036274,172.31.47.0-255,66,215333,82,291907
24097,0.0363,74.125.68.0-255,2902,218235,82,291907
24098,0.036303,172.31.47.0-255,66,218301,82,291907
24099,0.03877,74.125.68.0-255,2902,221203,82,291907
24100,0.038777,172.31.47.0-255,66,221269,82,291907
24101,0.038808,74.125.68.0-255,1484,222753,82,291907
24102,0.038824,74.125.68.0-255,1484,224237,82,291907
24103,0.038827,172.31.47.0-255,66,224303,82,291907
24104,0.041264,74.125.68.0-255,2902,227205,82,291907
24105,0.041269,172.31.47.0-255,66,227271,82,291907
24106,0.041303,74.125.68.0-255,1484,228755,82,291907
24107,0.041313,74.125.68.0-255,1484,230239,82,291907
24108,0.041316,172.31.47.0-255,66,230305,82,291907
24109,0.043776,74.125.68.0-255,2902,233207,82,291907
24110,0.043779,172.31.47.0-255,66,233273,82,291907
24111,0.043812,74.125.68.0-255,2902,236175,82,291907
24112,0.043815,172.31.47.0-255,66,236241,82,291907
24113,0.046271,74.125.68.0-255,2902,239143,82,291907
24114,0.046275,172.31.47.0-255,66,239209,82,291907
24115,0.046311,74.125.68.0-255,2902,242111,82,291907
24116,0.046314,172.31.47.0-255,66,242177,82,291907
24117,0.048766,74.125.68.0-255,1484,243661,82,291907
24118,0.048797,74.125.68.0-255,1484,245145,82,291907
24119,0.048801,172.31.47.0-255,66,245211,82,291907
24120,0.048819,74.125.68.0-255,2902,248113,82,291907
24121,0.048822,172.31.47.0-255,66,248179,82,291907
24122,0.051352,74.125.68.0-255,1484,249663,82,291907
24123,0.051374,74.125.68.0-255,4320,253983,82,291907
24124,0.05138,172.31.47.0-255,66,254049,82,291907
24125,0.053885,74.125.68.0-255,5738,259787,82,291907
24126,0.053893,172.31.47.0-255,66,259853,82,291907
24127,0.056395,74.125.68.0-255,4320,264173,82,291907
24128,0.0564,172.31.47.0-255,66,264239,82,291907
24129,0.056429,74.125.68.0-255,1484,265723,82,291907
24130,0.058894,74.125.68.0-255,2902,268625,82,291907
24131,0.0589,172.31.47.0-255,66,268691,82,291907
24132,0.061393,74.125.68.0-255,5738,274429,82,291907
24133,0.061399,172.31.47.0-255,66,274495,82,291907
24134,0.063902,74.125.68.0-255,5738,280233,82,291907
24135,0.063907,172.31.47.0-255,66,280299,82,291907
24136,0.06641,74.125.68.0-255,5738,286037,82,291907
24137,0.066414,172.31.47.0-255,66,286103,82,291907
24138,0.068908,74.125.68.0-255,5738,291841,82,291907
24139,0.068914,172.31.47.0-255,66,291907,82,291907
24140,0.0,74.125.24.0-255,153,153,82,360307
24141,3.7e-05,172.31.47.0-255,66,219,82,360307
24142,4.5e-05,74.125.24.0-255,1484,1703,82,360307
24143,5e-05,172.31.47.0-255,66,1769,82,360307
24144,5.5e-05,74.125.24.0-255,2902,4671,82,360307
24145,5.7e-05,172.31.47.0-255,66,4737,82,360307
24146,6.1e-05,74.125.24.0-255,2902,7639,82,360307
24147,6.4e-05,172.31.47.0-255,66,7705,82,360307
24148,7.9e-05,74.125.24.0-255,1484,9189,82,360307
24149,8.1e-05,172.31.47.0-255,66,9255,82,360307
24150,0.000116,74.125.24.0-255,6356,15611,82,360307
24151,0.000119,172.31.47.0-255,66,15677,82,360307
24152,0.00013,74.125.24.0-255,7156,22833,82,360307
24153,0.000132,172.31.47.0-255,66,22899,82,360307
24154,0.000186,74.125.24.0-255,8215,31114,82,360307
24155,0.000189,172.31.47.0-255,66,31180,82,360307
24156,0.000344,74.125.24.0-255,1484,32664,82,360307
24157,0.000348,172.31.47.0-255,66,32730,82,360307
24158,0.000353,74.125.24.0-255,2902,35632,82,360307
24159,0.000356,172.31.47.0-255,66,35698,82,360307
24160,0.000363,74.125.24.0-255,5738,41436,82,360307
24161,0.000366,172.31.47.0-255,66,41502,82,360307
24162,0.000406,172.31.47.0-255,66,41568,82,360307
24163,0.000433,74.125.24.0-255,9992,51560,82,360307
24164,0.000438,172.31.47.0-255,66,51626,82,360307
24165,0.000448,74.125.24.0-255,766,52392,82,360307
24166,0.000451,172.31.47.0-255,66,52458,82,360307
24167,0.000453,74.125.24.0-255,363,52821,82,360307
24168,0.000455,172.31.47.0-255,66,52887,82,360307
24169,0.000458,74.125.24.0-255,379,53266,82,360307
24170,0.00046,172.31.47.0-255,66,53332,82,360307
24171,0.000528,74.125.24.0-255,1484,54816,82,360307
24172,0.000535,74.125.24.0-255,2902,57718,82,360307
24173,0.000538,172.31.47.0-255,66,57784,82,360307
24174,0.000561,74.125.24.0-255,5738,63522,82,360307
24175,0.000564,172.31.47.0-255,66,63588,82,360307
24176,0.00057,74.125.24.0-255,5738,69326,82,360307
24177,0.000572,172.31.47.0-255,66,69392,82,360307
24178,0.000598,74.125.24.0-255,577,69969,82,360307
24179,0.00085,74.125.24.0-255,1484,71453,82,360307
24180,0.000855,172.31.47.0-255,66,71519,82,360307
24181,0.00086,74.125.24.0-255,2902,74421,82,360307
24182,0.000863,172.31.47.0-255,66,74487,82,360307
24183,0.000884,74.125.24.0-255,5738,80225,82,360307
24184,0.000888,172.31.47.0-255,66,80291,82,360307
24185,0.000932,74.125.24.0-255,2902,83193,82,360307
24186,0.000937,172.31.47.0-255,66,83259,82,360307
24187,0.000953,74.125.24.0-255,3961,87220,82,360307
24188,0.000956,172.31.47.0-255,66,87286,82,360307
24189,0.001108,74.125.24.0-255,1484,88770,82,360307
24190,0.001114,74.125.24.0-255,2902,91672,82,360307
24191,0.001117,172.31.47.0-255,66,91738,82,360307
24192,0.001142,74.125.24.0-255,5738,97476,82,360307
24193,0.001145,172.31.47.0-255,66,97542,82,360307
24194,0.001149,74.125.24.0-255,2902,100444,82,360307
24195,0.001151,172.31.47.0-255,66,100510,82,360307
24196,0.00117,74.125.24.0-255,9992,110502,82,360307
24197,0.001173,172.31.47.0-255,66,110568,82,360307
24198,0.001178,74.125.24.0-255,2902,113470,82,360307
24199,0.00118,172.31.47.0-255,66,113536,82,360307
24200,0.001199,74.125.24.0-255,7856,121392,82,360307
24201,0.001202,172.31.47.0-255,66,121458,82,360307
24202,0.001719,74.125.24.0-255,1484,122942,82,360307
24203,0.001729,74.125.24.0-255,2902,125844,82,360307
24204,0.001733,172.31.47.0-255,66,125910,82,360307
24205,0.001757,74.125.24.0-255,4320,130230,82,360307
24206,0.00176,172.31.47.0-255,66,130296,82,360307
24207,0.001766,74.125.24.0-255,5738,136034,82,360307
24208,0.001769,172.31.47.0-255,66,136100,82,360307
24209,0.001797,74.125.24.0-255,7156,143256,82,360307
24210,0.001801,172.31.47.0-255,66,143322,82,360307
24211,0.001825,74.125.24.0-255,4320,147642,82,360307
24212,0.001828,172.31.47.0-255,66,147708,82,360307
24213,0.00185,74.125.24.0-255,4320,152028,82,360307
24214,0.001852,172.31.47.0-255,66,152094,82,360307
24215,0.00189,74.125.24.0-255,3602,155696,82,360307
24216,0.001892,172.31.47.0-255,66,155762,82,360307
24217,0.002439,74.125.24.0-255,1484,157246,82,360307
24218,0.002448,74.125.24.0-255,2902,160148,82,360307
24219,0.002452,172.31.47.0-255,66,160214,82,360307
24220,0.002492,74.125.24.0-255,4320,164534,82,360307
24221,0.002494,172.31.47.0-255,66,164600,82,360307
24222,0.002507,74.125.24.0-255,1484,166084,82,360307
24223,0.00252,172.31.47.0-255,66,166150,82,360307
24224,0.002528,74.125.24.0-255,9992,176142,82,360307
24225,0.00253,172.31.47.0-255,66,176208,82,360307
24226,0.002562,74.125.24.0-255,7156,183364,82,360307
24227,0.002564,172.31.47.0-255,66,183430,82,360307
24228,0.002586,74.125.24.0-255,8574,192004,82,360307
24229,0.002589,172.31.47.0-255,66,192070,82,360307
24230,0.002618,74.125.24.0-255,7856,199926,82,360307
24231,0.00262,172.31.47.0-255,66,199992,82,360307
24232,0.002629,74.125.24.0-255,10692,210684,82,360307
24233,0.002631,172.31.47.0-255,66,210750,82,360307
24234,0.005209,74.125.24.0-255,5738,216488,82,360307
24235,0.005212,172.31.47.0-255,66,216554,82,360307
24236,0.007796,74.125.24.0-255,5738,222292,82,360307
24237,0.007809,172.31.47.0-255,66,222358,82,360307
24238,0.010437,74.125.24.0-255,5738,228096,82,360307
24239,0.010449,172.31.47.0-255,66,228162,82,360307
24240,0.013041,74.125.24.0-255,5738,233900,82,360307
24241,0.013056,172.31.47.0-255,66,233966,82,360307
24242,0.015661,74.125.24.0-255,5738,239704,82,360307
24243,0.015676,172.31.47.0-255,66,239770,82,360307
24244,0.018273,74.125.24.0-255,5738,245508,82,360307
24245,0.01829,172.31.47.0-255,66,245574,82,360307
24246,0.020846,74.125.24.0-255,5738,251312,82,360307
24247,0.020853,172.31.47.0-255,66,251378,82,360307
24248,0.02346,74.125.24.0-255,5738,257116,82,360307
24249,0.023473,172.31.47.0-255,66,257182,82,360307
24250,0.026059,74.125.24.0-255,5738,262920,82,360307
24251,0.026069,172.31.47.0-255,66,262986,82,360307
24252,0.028627,74.125.24.0-255,5738,268724,82,360307
24253,0.028634,172.31.47.0-255,66,268790,82,360307
24254,0.030157,172.31.47.0-255,172,268962,82,360307
24255,0.030187,172.31.47.0-255,1107,270069,82,360307
24256,0.030224,172.31.47.0-255,1514,271583,82,360307
24257,0.030225,172.31.47.0-255,1292,272875,82,360307
24258,0.03122,74.125.24.0-255,5738,278613,82,360307
24259,0.031226,172.31.47.0-255,66,278679,82,360307
24260,0.031699,104.244.42.0-255,66,278745,82,360307
24261,0.031733,104.244.42.0-255,66,278811,82,360307
24262,0.031781,104.244.42.0-255,66,278877,82,360307
24263,0.032462,104.244.42.0-255,108,278985,82,360307
24264,0.032466,172.31.47.0-255,66,279051,82,360307
24265,0.033796,74.125.24.0-255,5738,284789,82,360307
24266,0.033802,172.31.47.0-255,66,284855,82,360307
24267,0.036377,74.125.24.0-255,5738,290593,82,360307
24268,0.036384,172.31.47.0-255,66,290659,82,360307
24269,0.038955,74.125.24.0-255,5738,296397,82,360307
24270,0.038966,172.31.47.0-255,66,296463,82,360307
24271,0.041541,74.125.24.0-255,5738,302201,82,360307
24272,0.041553,172.31.47.0-255,66,302267,82,360307
24273,0.044159,74.125.24.0-255,5738,308005,82,360307
24274,0.044199,172.31.47.0-255,66,308071,82,360307
24275,0.046775,74.125.24.0-255,5738,313809,82,360307
24276,0.046786,172.31.47.0-255,66,313875,82,360307
24277,0.049357,74.125.24.0-255,5738,319613,82,360307
24278,0.049383,172.31.47.0-255,66,319679,82,360307
24279,0.051987,74.125.24.0-255,5738,325417,82,360307
24280,0.052004,172.31.47.0-255,66,325483,82,360307
24281,0.054606,74.125.24.0-255,5738,331221,82,360307
24282,0.054621,172.31.47.0-255,66,331287,82,360307
24283,0.057264,74.125.24.0-255,5738,337025,82,360307
24284,0.057278,172.31.47.0-255,66,337091,82,360307
24285,0.059878,74.125.24.0-255,5738,342829,82,360307
24286,0.059904,172.31.47.0-255,66,342895,82,360307
24287,0.062489,74.125.24.0-255,5738,348633,82,360307
24288,0.062508,172.31.47.0-255,66,348699,82,360307
24289,0.065112,74.125.24.0-255,5738,354437,82,360307
24290,0.065126,172.31.47.0-255,66,354503,82,360307
24291,0.067705,74.125.24.0-255,5738,360241,82,360307
24292,0.067723,172.31.47.0-255,66,360307,82,360307
24293,0.0,172.31.47.0-255,105,105,82,276
24294,0.001499,157.240.13.0-255,105,210,82,276
24295,0.001515,172.31.47.0-255,66,276,82,276
24296,0.0,74.125.24.0-255,153,153,82,381460
24297,3.3e-05,172.31.47.0-255,66,219,82,381460
24298,3.9e-05,74.125.24.0-255,1484,1703,82,381460
24299,4.3e-05,172.31.47.0-255,66,1769,82,381460
24300,4.9e-05,74.125.24.0-255,2902,4671,82,381460
24301,5.1e-05,172.31.47.0-255,66,4737,82,381460
24302,5.9e-05,74.125.24.0-255,7156,11893,82,381460
24303,6.2e-05,172.31.47.0-255,66,11959,82,381460
24304,6.6e-05,74.125.24.0-255,2090,14049,82,381460
24305,6.9e-05,172.31.47.0-255,66,14115,82,381460
24306,7.3e-05,74.125.24.0-255,2902,17017,82,381460
24307,7.8e-05,172.31.47.0-255,66,17083,82,381460
24308,0.000108,74.125.24.0-255,7156,24239,82,381460
24309,0.000111,172.31.47.0-255,66,24305,82,381460
24310,0.000128,74.125.24.0-255,6797,31102,82,381460
24311,0.000131,172.31.47.0-255,66,31168,82,381460
24312,0.000196,74.125.24.0-255,1484,32652,82,381460
24313,0.0002,172.31.47.0-255,66,32718,82,381460
24314,0.000205,74.125.24.0-255,2902,35620,82,381460
24315,0.000208,172.31.47.0-255,66,35686,82,381460
24316,0.000211,74.125.24.0-255,1484,37170,82,381460
24317,0.000212,172.31.47.0-255,66,37236,82,381460
24318,0.00023,74.125.24.0-255,2902,40138,82,381460
24319,0.000233,172.31.47.0-255,66,40204,82,381460
24320,0.000239,74.125.24.0-255,5738,45942,82,381460
24321,0.000241,172.31.47.0-255,66,46008,82,381460
24322,0.000263,74.125.24.0-255,5738,51746,82,381460
24323,0.000266,172.31.47.0-255,66,51812,82,381460
24324,0.0003,74.125.24.0-255,7156,58968,82,381460
24325,0.000304,172.31.47.0-255,66,59034,82,381460
24326,0.000311,74.125.24.0-255,6438,65472,82,381460
24327,0.000313,172.31.47.0-255,66,65538,82,381460
24328,0.000316,74.125.24.0-255,362,65900,82,381460
24329,0.000375,74.125.24.0-255,133,66033,82,381460
24330,0.000532,74.125.24.0-255,1484,67517,82,381460
24331,0.000537,172.31.47.0-255,66,67583,82,381460
24332,0.000544,74.125.24.0-255,2902,70485,82,381460
24333,0.000546,172.31.47.0-255,66,70551,82,381460
24334,0.000552,74.125.24.0-255,5738,76289,82,381460
24335,0.000556,172.31.47.0-255,66,76355,82,381460
24336,0.000576,74.125.24.0-255,1484,77839,82,381460
24337,0.000613,172.31.47.0-255,66,77905,82,381460
24338,0.000624,74.125.24.0-255,9992,87897,82,381460
24339,0.000627,172.31.47.0-255,66,87963,82,381460
24340,0.00063,74.125.24.0-255,766,88729,82,381460
24341,0.000786,74.125.24.0-255,1484,90213,82,381460
24342,0.00079,172.31.47.0-255,66,90279,82,381460
24343,0.000796,74.125.24.0-255,2902,93181,82,381460
24344,0.000799,172.31.47.0-255,66,93247,82,381460
24345,0.000802,74.125.24.0-255,1484,94731,82,381460
24346,0.00083,74.125.24.0-255,4320,99051,82,381460
24347,0.000834,172.31.47.0-255,66,99117,82,381460
24348,0.000853,74.125.24.0-255,5738,104855,82,381460
24349,0.000856,172.31.47.0-255,66,104921,82,381460
24350,0.000884,74.125.24.0-255,5738,110659,82,381460
24351,0.000887,172.31.47.0-255,66,110725,82,381460
24352,0.000892,74.125.24.0-255,4320,115045,82,381460
24353,0.000894,172.31.47.0-255,66,115111,82,381460
24354,0.000923,74.125.24.0-255,7156,122267,82,381460
24355,0.000927,172.31.47.0-255,66,122333,82,381460
24356,0.00093,74.125.24.0-255,766,123099,82,381460
24357,0.001352,172.31.47.0-255,66,123165,82,381460
24358,0.001452,74.125.24.0-255,1484,124649,82,381460
24359,0.00146,74.125.24.0-255,2902,127551,82,381460
24360,0.001463,172.31.47.0-255,66,127617,82,381460
24361,0.001481,74.125.24.0-255,5738,133355,82,381460
24362,0.001484,172.31.47.0-255,66,133421,82,381460
24363,0.001506,74.125.24.0-255,5738,139159,82,381460
24364,0.001509,172.31.47.0-255,66,139225,82,381460
24365,0.001547,74.125.24.0-255,5738,144963,82,381460
24366,0.001551,172.31.47.0-255,66,145029,82,381460
24367,0.001575,74.125.24.0-255,7156,152185,82,381460
24368,0.001578,172.31.47.0-255,66,152251,82,381460
24369,0.001584,74.125.24.0-255,5020,157271,82,381460
24370,0.001586,172.31.47.0-255,66,157337,82,381460
24371,0.001618,74.125.24.0-255,2902,160239,82,381460
24372,0.001621,172.31.47.0-255,66,160305,82,381460
24373,0.001647,74.125.24.0-255,8574,168879,82,381460
24374,0.00165,172.31.47.0-255,66,168945,82,381460
24375,0.001663,172.31.47.0-255,66,169011,82,381460
24376,0.00167,74.125.24.0-255,7156,176167,82,381460
24377,0.001672,172.31.47.0-255,66,176233,82,381460
24378,0.001688,74.125.24.0-255,2184,178417,82,381460
24379,0.00169,172.31.47.0-255,66,178483,82,381460
24380,0.001795,74.125.24.0-255,1484,179967,82,381460
24381,0.001801,74.125.24.0-255,2902,182869,82,381460
24382,0.001805,172.31.47.0-255,66,182935,82,381460
24383,0.001809,74.125.24.0-255,2902,185837,82,381460
24384,0.001811,172.31.47.0-255,66,185903,82,381460
24385,0.001827,74.125.24.0-255,2902,188805,82,381460
24386,0.001829,172.31.47.0-255,66,188871,82,381460
24387,0.001832,74.125.24.0-255,1484,190355,82,381460
24388,0.001864,172.31.47.0-255,66,190421,82,381460
24389,0.001868,74.125.24.0-255,2902,193323,82,381460
24390,0.00187,172.31.47.0-255,66,193389,82,381460
24391,0.001891,74.125.24.0-255,7856,201245,82,381460
24392,0.001894,172.31.47.0-255,66,201311,82,381460
24393,0.001976,74.125.24.0-255,1484,202795,82,381460
24394,0.001993,74.125.24.0-255,2902,205697,82,381460
24395,0.001996,172.31.47.0-255,66,205763,82,381460
24396,0.001999,74.125.24.0-255,1484,207247,82,381460
24397,0.002016,74.125.24.0-255,4320,211567,82,381460
24398,0.002018,172.31.47.0-255,66,211633,82,381460
24399,0.002022,74.125.24.0-255,4320,215953,82,381460
24400,0.002024,172.31.47.0-255,66,216019,82,381460
24401,0.002051,74.125.24.0-255,8574,224593,82,381460
24402,0.002054,172.31.47.0-255,66,224659,82,381460
24403,0.002073,74.125.24.0-255,2902,227561,82,381460
24404,0.002075,172.31.47.0-255,66,227627,82,381460
24405,0.00208,74.125.24.0-255,5738,233365,82,381460
24406,0.002082,172.31.47.0-255,66,233431,82,381460
24407,0.002101,74.125.24.0-255,2902,236333,82,381460
24408,0.002103,172.31.47.0-255,66,236399,82,381460
24409,0.00212,74.125.24.0-255,3602,240001,82,381460
24410,0.002122,172.31.47.0-255,66,240067,82,381460
24411,0.002125,74.125.24.0-255,2902,242969,82,381460
24412,0.002127,172.31.47.0-255,66,243035,82,381460
24413,0.002146,74.125.24.0-255,5738,248773,82,381460
24414,0.002148,172.31.47.0-255,66,248839,82,381460
24415,0.002163,74.125.24.0-255,5738,254577,82,381460
24416,0.002166,172.31.47.0-255,66,254643,82,381460
24417,0.00218,74.125.24.0-255,2902,257545,82,381460
24418,0.002182,172.31.47.0-255,66,257611,82,381460
24419,0.002208,74.125.24.0-255,4320,261931,82,381460
24420,0.00221,172.31.47.0-255,66,261997,82,381460
24421,0.002217,74.125.24.0-255,7856,269853,82,381460
24422,0.002219,172.31.47.0-255,66,269919,82,381460
24423,0.002304,74.125.24.0-255,1484,271403,82,381460
24424,0.002325,74.125.24.0-255,2902,274305,82,381460
24425,0.002328,172.31.47.0-255,66,274371,82,381460
24426,0.004503,74.125.24.0-255,1484,275855,82,381460
24427,0.004604,74.125.24.0-255,4320,280175,82,381460
24428,0.004608,172.31.47.0-255,66,280241,82,381460
24429,0.006917,74.125.24.0-255,5738,285979,82,381460
24430,0.006924,172.31.47.0-255,66,286045,82,381460
24431,0.009186,74.125.24.0-255,2902,288947,82,381460
24432,0.009191,172.31.47.0-255,66,289013,82,381460
24433,0.009205,74.125.24.0-255,2902,291915,82,381460
24434,0.009209,172.31.47.0-255,66,291981,82,381460
24435,0.01148,74.125.24.0-255,5738,297719,82,381460
24436,0.011489,172.31.47.0-255,66,297785,82,381460
24437,0.013765,74.125.24.0-255,5738,303523,82,381460
24438,0.013773,172.31.47.0-255,66,303589,82,381460
24439,0.016076,74.125.24.0-255,5738,309327,82,381460
24440,0.016086,172.31.47.0-255,66,309393,82,381460
24441,0.018375,74.125.24.0-255,5738,315131,82,381460
24442,0.018383,172.31.47.0-255,66,315197,82,381460
24443,0.020661,74.125.24.0-255,5738,320935,82,381460
24444,0.020668,172.31.47.0-255,66,321001,82,381460
24445,0.022235,172.31.47.0-255,172,321173,82,381460
24446,0.02226,172.31.47.0-255,1112,322285,82,381460
24447,0.022305,172.31.47.0-255,1514,323799,82,381460
24448,0.022306,172.31.47.0-255,1287,325086,82,381460
24449,0.022945,74.125.24.0-255,5738,330824,82,381460
24450,0.022951,172.31.47.0-255,66,330890,82,381460
24451,0.023782,104.244.42.0-255,66,330956,82,381460
24452,0.023977,104.244.42.0-255,66,331022,82,381460
24453,0.023998,104.244.42.0-255,66,331088,82,381460
24454,0.025252,74.125.24.0-255,5738,336826,82,381460
24455,0.025258,172.31.47.0-255,66,336892,82,381460
24456,0.027546,74.125.24.0-255,5738,342630,82,381460
24457,0.027552,172.31.47.0-255,66,342696,82,381460
24458,0.029829,74.125.24.0-255,5738,348434,82,381460
24459,0.029836,172.31.47.0-255,66,348500,82,381460
24460,0.032113,74.125.24.0-255,5738,354238,82,381460
24461,0.03212,172.31.47.0-255,66,354304,82,381460
24462,0.034406,74.125.24.0-255,5738,360042,82,381460
24463,0.034413,172.31.47.0-255,66,360108,82,381460
24464,0.036693,74.125.24.0-255,5738,365846,82,381460
24465,0.036701,172.31.47.0-255,66,365912,82,381460
24466,0.038997,74.125.24.0-255,5738,371650,82,381460
24467,0.039003,172.31.47.0-255,66,371716,82,381460
24468,0.041345,74.125.24.0-255,5738,377454,82,381460
24469,0.041353,172.31.47.0-255,66,377520,82,381460
24470,0.043653,74.125.24.0-255,3703,381223,82,381460
24471,0.043661,172.31.47.0-255,66,381289,82,381460
24472,0.043812,172.31.47.0-255,105,381394,82,381460
24473,0.046064,74.125.24.0-255,66,381460,82,381460
24474,0.0,74.125.24.0-255,153,153,82,246245
24475,3e-05,172.31.47.0-255,66,219,82,246245
24476,3.7e-05,74.125.24.0-255,1484,1703,82,246245
24477,4.1e-05,172.31.47.0-255,66,1769,82,246245
24478,4.5e-05,74.125.24.0-255,2902,4671,82,246245
24479,4.6e-05,172.31.47.0-255,66,4737,82,246245
24480,5.8e-05,74.125.24.0-255,4320,9057,82,246245
24481,5.9e-05,172.31.47.0-255,66,9123,82,246245
24482,8.3e-05,74.125.24.0-255,2902,12025,82,246245
24483,8.5e-05,172.31.47.0-255,66,12091,82,246245
24484,0.000114,74.125.24.0-255,2255,14346,82,246245
24485,0.000117,172.31.47.0-255,66,14412,82,246245
24486,0.000123,74.125.24.0-255,5738,20150,82,246245
24487,0.000124,172.31.47.0-255,66,20216,82,246245
24488,0.000159,172.31.47.0-255,66,20282,82,246245
24489,0.000265,74.125.24.0-255,1484,21766,82,246245
24490,0.000269,172.31.47.0-255,66,21832,82,246245
24491,0.000275,74.125.24.0-255,2902,24734,82,246245
24492,0.000277,172.31.47.0-255,66,24800,82,246245
24493,0.000283,74.125.24.0-255,4320,29120,82,246245
24494,0.000291,172.31.47.0-255,66,29186,82,246245
24495,0.000316,74.125.24.0-255,1484,30670,82,246245
24496,0.000321,172.31.47.0-255,66,30736,82,246245
24497,0.000323,74.125.24.0-255,6797,37533,82,246245
24498,0.000332,172.31.47.0-255,66,37599,82,246245
24499,0.000348,172.31.47.0-255,66,37665,82,246245
24500,0.000352,74.125.24.0-255,2836,40501,82,246245
24501,0.000354,172.31.47.0-255,66,40567,82,246245
24502,0.000434,74.125.24.0-255,384,40951,82,246245
24503,0.000438,172.31.47.0-255,66,41017,82,246245
24504,0.000529,74.125.24.0-255,1484,42501,82,246245
24505,0.000534,74.125.24.0-255,1484,43985,82,246245
24506,0.000537,172.31.47.0-255,66,44051,82,246245
24507,0.000567,74.125.24.0-255,1484,45535,82,246245
24508,0.000574,74.125.24.0-255,5738,51273,82,246245
24509,0.000576,172.31.47.0-255,66,51339,82,246245
24510,0.000606,74.125.24.0-255,8574,59913,82,246245
24511,0.00061,172.31.47.0-255,66,59979,82,246245
24512,0.000636,74.125.24.0-255,2543,62522,82,246245
24513,0.000639,172.31.47.0-255,66,62588,82,246245
24514,0.000656,172.31.47.0-255,66,62654,82,246245
24515,0.000659,74.125.24.0-255,1125,63779,82,246245
24516,0.000832,74.125.24.0-255,1484,65263,82,246245
24517,0.000836,172.31.47.0-255,66,65329,82,246245
24518,0.00084,74.125.24.0-255,2902,68231,82,246245
24519,0.000842,172.31.47.0-255,66,68297,82,246245
24520,0.000845,74.125.24.0-255,1484,69781,82,246245
24521,0.00087,74.125.24.0-255,4320,74101,82,246245
24522,0.000873,172.31.47.0-255,66,74167,82,246245
24523,0.000882,74.125.24.0-255,9992,84159,82,246245
24524,0.000884,172.31.47.0-255,66,84225,82,246245
24525,0.000908,74.125.24.0-255,2902,87127,82,246245
24526,0.000911,172.31.47.0-255,66,87193,82,246245
24527,0.00092,74.125.24.0-255,10692,97885,82,246245
24528,0.000928,172.31.47.0-255,66,97951,82,246245
24529,0.001004,74.125.24.0-255,1484,99435,82,246245
24530,0.001009,74.125.24.0-255,2902,102337,82,246245
24531,0.001013,172.31.47.0-255,66,102403,82,246245
24532,0.001031,74.125.24.0-255,5738,108141,82,246245
24533,0.001035,172.31.47.0-255,66,108207,82,246245
24534,0.001039,74.125.24.0-255,1484,109691,82,246245
24535,0.00108,172.31.47.0-255,66,109757,82,246245
24536,0.001088,74.125.24.0-255,8574,118331,82,246245
24537,0.00109,172.31.47.0-255,66,118397,82,246245
24538,0.001156,74.125.24.0-255,2184,120581,82,246245
24539,0.001159,172.31.47.0-255,66,120647,82,246245
24540,0.001487,74.125.24.0-255,1484,122131,82,246245
24541,0.00149,74.125.24.0-255,1484,123615,82,246245
24542,0.001493,172.31.47.0-255,66,123681,82,246245
24543,0.001519,74.125.24.0-255,1484,125165,82,246245
24544,0.001525,74.125.24.0-255,4320,129485,82,246245
24545,0.001528,172.31.47.0-255,66,129551,82,246245
24546,0.001532,74.125.24.0-255,2902,132453,82,246245
24547,0.001535,172.31.47.0-255,66,132519,82,246245
24548,0.001559,74.125.24.0-255,5738,138257,82,246245
24549,0.001562,172.31.47.0-255,66,138323,82,246245
24550,0.001593,172.31.47.0-255,66,138389,82,246245
24551,0.001654,74.125.24.0-255,1484,139873,82,246245
24552,0.001675,74.125.24.0-255,2902,142775,82,246245
24553,0.001679,172.31.47.0-255,66,142841,82,246245
24554,0.001685,74.125.24.0-255,5738,148579,82,246245
24555,0.001688,172.31.47.0-255,66,148645,82,246245
24556,0.001719,172.31.47.0-255,66,148711,82,246245
24557,0.001725,74.125.24.0-255,7156,155867,82,246245
24558,0.001728,172.31.47.0-255,66,155933,82,246245
24559,0.001757,74.125.24.0-255,3602,159535,82,246245
24560,0.001765,172.31.47.0-255,66,159601,82,246245
24561,0.001813,74.125.24.0-255,1484,161085,82,246245
24562,0.001826,74.125.24.0-255,2902,163987,82,246245
24563,0.001829,172.31.47.0-255,66,164053,82,246245
24564,0.001834,74.125.24.0-255,2902,166955,82,246245
24565,0.001837,172.31.47.0-255,66,167021,82,246245
24566,0.001856,74.125.24.0-255,2902,169923,82,246245
24567,0.001859,172.31.47.0-255,66,169989,82,246245
24568,0.00189,74.125.24.0-255,9992,179981,82,246245
24569,0.001894,172.31.47.0-255,66,180047,82,246245
24570,0.00192,74.125.24.0-255,2902,182949,82,246245
24571,0.001922,172.31.47.0-255,66,183015,82,246245
24572,0.001929,74.125.24.0-255,7156,190171,82,246245
24573,0.00193,172.31.47.0-255,66,190237,82,246245
24574,0.00194,74.125.24.0-255,3602,193839,82,246245
24575,0.001942,172.31.47.0-255,66,193905,82,246245
24576,0.001947,74.125.24.0-255,4320,198225,82,246245
24577,0.001949,172.31.47.0-255,66,198291,82,246245
24578,0.001954,74.125.24.0-255,4320,202611,82,246245
24579,0.001956,172.31.47.0-255,66,202677,82,246245
24580,0.001987,74.125.24.0-255,5738,208415,82,246245
24581,0.001992,172.31.47.0-255,66,208481,82,246245
24582,0.002011,172.31.47.0-255,66,208547,82,246245
24583,0.002028,172.31.47.0-255,66,208613,82,246245
24584,0.002037,74.125.24.0-255,9992,218605,82,246245
24585,0.002039,172.31.47.0-255,66,218671,82,246245
24586,0.002072,74.125.24.0-255,4320,222991,82,246245
24587,0.002075,172.31.47.0-255,66,223057,82,246245
24588,0.002081,74.125.24.0-255,5738,228795,82,246245
24589,0.002084,172.31.47.0-255,66,228861,82,246245
24590,0.00214,172.31.47.0-255,66,228927,82,246245
24591,0.002192,172.31.47.0-255,66,228993,82,246245
24592,0.002233,172.31.47.0-255,66,229059,82,246245
24593,0.002242,74.125.24.0-255,9622,238681,82,246245
24594,0.002249,172.31.47.0-255,66,238747,82,246245
24595,0.002252,74.125.24.0-255,105,238852,82,246245
24596,0.007912,172.31.47.0-255,66,238918,82,246245
24597,0.007937,172.31.47.0-255,105,239023,82,246245
24598,0.01051,74.125.24.0-255,66,239089,82,246245
24599,0.029936,172.31.47.0-255,172,239261,82,246245
24600,0.029968,172.31.47.0-255,1107,240368,82,246245
24601,0.030012,172.31.47.0-255,1514,241882,82,246245
24602,0.030014,172.31.47.0-255,1514,243396,82,246245
24603,0.030019,172.31.47.0-255,1514,244910,82,246245
24604,0.03002,172.31.47.0-255,1071,245981,82,246245
24605,0.031469,104.244.42.0-255,66,246047,82,246245
24606,0.03151,104.244.42.0-255,66,246113,82,246245
24607,0.031545,104.244.42.0-255,66,246179,82,246245
24608,0.031547,104.244.42.0-255,66,246245,82,246245
24609,0.0,74.125.130.0-255,153,153,82,338254
24610,1.7e-05,172.31.47.0-255,66,219,82,338254
24611,2.4e-05,74.125.130.0-255,1484,1703,82,338254
24612,2.8e-05,172.31.47.0-255,66,1769,82,338254
24613,3.1e-05,74.125.130.0-255,1484,3253,82,338254
24614,3.3e-05,172.31.47.0-255,66,3319,82,338254
24615,3.8e-05,74.125.130.0-255,2902,6221,82,338254
24616,4.1e-05,172.31.47.0-255,66,6287,82,338254
24617,6.9e-05,74.125.130.0-255,5738,12025,82,338254
24618,7.2e-05,172.31.47.0-255,66,12091,82,338254
24619,7.6e-05,74.125.130.0-255,2013,14104,82,338254
24620,7.7e-05,172.31.47.0-255,66,14170,82,338254
24621,0.000355,74.125.130.0-255,1484,15654,82,338254
24622,0.000361,172.31.47.0-255,66,15720,82,338254
24623,0.000366,74.125.130.0-255,2902,18622,82,338254
24624,0.000368,172.31.47.0-255,66,18688,82,338254
24625,0.000374,74.125.130.0-255,5738,24426,82,338254
24626,0.000376,172.31.47.0-255,66,24492,82,338254
24627,0.00038,74.125.130.0-255,2902,27394,82,338254
24628,0.000382,172.31.47.0-255,66,27460,82,338254
24629,0.000406,74.125.130.0-255,1484,28944,82,338254
24630,0.000408,172.31.47.0-255,66,29010,82,338254
24631,0.000439,74.125.130.0-255,2543,31553,82,338254
24632,0.000442,172.31.47.0-255,66,31619,82,338254
24633,0.000615,74.125.130.0-255,1484,33103,82,338254
24634,0.000619,172.31.47.0-255,66,33169,82,338254
24635,0.000625,74.125.130.0-255,2902,36071,82,338254
24636,0.000627,172.31.47.0-255,66,36137,82,338254
24637,0.000631,74.125.130.0-255,2902,39039,82,338254
24638,0.000633,172.31.47.0-255,66,39105,82,338254
24639,0.000656,74.125.130.0-255,2902,42007,82,338254
24640,0.000659,172.31.47.0-255,66,42073,82,338254
24641,0.000665,74.125.130.0-255,6797,48870,82,338254
24642,0.000667,172.31.47.0-255,66,48936,82,338254
24643,0.000692,74.125.130.0-255,2902,51838,82,338254
24644,0.000694,172.31.47.0-255,66,51904,82,338254
24645,0.000719,172.31.47.0-255,66,51970,82,338254
24646,0.000765,74.125.130.0-255,2849,54819,82,338254
24647,0.000768,172.31.47.0-255,66,54885,82,338254
24648,0.00077,74.125.130.0-255,381,55266,82,338254
24649,0.001089,74.125.130.0-255,1484,56750,82,338254
24650,0.001096,172.31.47.0-255,66,56816,82,338254
24651,0.001103,74.125.130.0-255,2902,59718,82,338254
24652,0.001105,172.31.47.0-255,66,59784,82,338254
24653,0.001112,74.125.130.0-255,5738,65522,82,338254
24654,0.001114,172.31.47.0-255,66,65588,82,338254
24655,0.001152,172.31.47.0-255,66,65654,82,338254
24656,0.001158,74.125.130.0-255,4320,69974,82,338254
24657,0.00116,172.31.47.0-255,66,70040,82,338254
24658,0.001176,74.125.130.0-255,6438,76478,82,338254
24659,0.001178,172.31.47.0-255,66,76544,82,338254
24660,0.00134,74.125.130.0-255,1484,78028,82,338254
24661,0.001347,74.125.130.0-255,2902,80930,82,338254
24662,0.001351,172.31.47.0-255,66,80996,82,338254
24663,0.001358,74.125.130.0-255,4320,85316,82,338254
24664,0.001361,172.31.47.0-255,66,85382,82,338254
24665,0.001375,74.125.130.0-255,1484,86866,82,338254
24666,0.001407,74.125.130.0-255,7156,94022,82,338254
24667,0.00141,172.31.47.0-255,66,94088,82,338254
24668,0.001427,74.125.130.0-255,1484,95572,82,338254
24669,0.001431,74.125.130.0-255,1484,97056,82,338254
24670,0.001433,172.31.47.0-255,66,97122,82,338254
24671,0.00146,74.125.130.0-255,8574,105696,82,338254
24672,0.001463,172.31.47.0-255,66,105762,82,338254
24673,0.001469,74.125.130.0-255,5020,110782,82,338254
24674,0.001472,172.31.47.0-255,66,110848,82,338254
24675,0.001504,74.125.130.0-255,1484,112332,82,338254
24676,0.001545,74.125.130.0-255,2902,115234,82,338254
24677,0.001549,172.31.47.0-255,66,115300,82,338254
24678,0.001582,74.125.130.0-255,4320,119620,82,338254
24679,0.001585,172.31.47.0-255,66,119686,82,338254
24680,0.001609,74.125.130.0-255,8574,128260,82,338254
24681,0.001612,172.31.47.0-255,66,128326,82,338254
24682,0.001637,74.125.130.0-255,9992,138318,82,338254
24683,0.00164,172.31.47.0-255,66,138384,82,338254
24684,0.001666,74.125.130.0-255,6438,144822,82,338254
24685,0.001669,172.31.47.0-255,66,144888,82,338254
24686,0.001777,74.125.130.0-255,1484,146372,82,338254
24687,0.001793,74.125.130.0-255,2902,149274,82,338254
24688,0.001797,172.31.47.0-255,66,149340,82,338254
24689,0.001801,74.125.130.0-255,1484,150824,82,338254
24690,0.001817,74.125.130.0-255,1484,152308,82,338254
24691,0.001819,172.31.47.0-255,66,152374,82,338254
24692,0.001825,74.125.130.0-255,4320,156694,82,338254
24693,0.001827,172.31.47.0-255,66,156760,82,338254
24694,0.001835,74.125.130.0-255,7156,163916,82,338254
24695,0.001837,172.31.47.0-255,66,163982,82,338254
24696,0.001861,74.125.130.0-255,1484,165466,82,338254
24697,0.001876,172.31.47.0-255,66,165532,82,338254
24698,0.001992,74.125.130.0-255,1484,167016,82,338254
24699,0.002011,74.125.130.0-255,2902,169918,82,338254
24700,0.002014,172.31.47.0-255,66,169984,82,338254
24701,0.002041,74.125.130.0-255,1484,171468,82,338254
24702,0.002062,74.125.130.0-255,2902,174370,82,338254
24703,0.002064,172.31.47.0-255,66,174436,82,338254
24704,0.002068,74.125.130.0-255,2902,177338,82,338254
24705,0.002071,172.31.47.0-255,66,177404,82,338254
24706,0.002076,74.125.130.0-255,4320,181724,82,338254
24707,0.002078,172.31.47.0-255,66,181790,82,338254
24708,0.002087,74.125.130.0-255,8574,190364,82,338254
24709,0.002089,172.31.47.0-255,66,190430,82,338254
24710,0.002106,74.125.130.0-255,1484,191914,82,338254
24711,0.002124,74.125.130.0-255,7856,199770,82,338254
24712,0.002127,172.31.47.0-255,66,199836,82,338254
24713,0.002329,74.125.130.0-255,1484,201320,82,338254
24714,0.002344,74.125.130.0-255,2902,204222,82,338254
24715,0.002347,172.31.47.0-255,66,204288,82,338254
24716,0.002367,74.125.130.0-255,5738,210026,82,338254
24717,0.002369,172.31.47.0-255,66,210092,82,338254
24718,0.002432,74.125.130.0-255,7156,217248,82,338254
24719,0.002435,172.31.47.0-255,66,217314,82,338254
24720,0.002448,172.31.47.0-255,66,217380,82,338254
24721,0.002462,172.31.47.0-255,66,217446,82,338254
24722,0.002479,74.125.130.0-255,766,218212,82,338254
24723,0.002486,74.125.130.0-255,5738,223950,82,338254
24724,0.002488,172.31.47.0-255,66,224016,82,338254
24725,0.00254,172.31.47.0-255,66,224082,82,338254
24726,0.002559,74.125.130.0-255,2184,226266,82,338254
24727,0.002562,172.31.47.0-255,66,226332,82,338254
24728,0.002603,74.125.130.0-255,1484,227816,82,338254
24729,0.002607,74.125.130.0-255,1484,229300,82,338254
24730,0.00261,172.31.47.0-255,66,229366,82,338254
24731,0.002628,74.125.130.0-255,4320,233686,82,338254
24732,0.002631,172.31.47.0-255,66,233752,82,338254
24733,0.00266,74.125.130.0-255,9992,243744,82,338254
24734,0.002662,172.31.47.0-255,66,243810,82,338254
24735,0.002665,74.125.130.0-255,1484,245294,82,338254
24736,0.00267,74.125.130.0-255,2902,248196,82,338254
24737,0.002672,172.31.47.0-255,66,248262,82,338254
24738,0.002677,74.125.130.0-255,4320,252582,82,338254
24739,0.00268,172.31.47.0-255,66,252648,82,338254
24740,0.002717,74.125.130.0-255,7856,260504,82,338254
24741,0.00272,172.31.47.0-255,66,260570,82,338254
24742,0.002768,74.125.130.0-255,1484,262054,82,338254
24743,0.002782,74.125.130.0-255,2902,264956,82,338254
24744,0.002785,172.31.47.0-255,66,265022,82,338254
24745,0.00279,74.125.130.0-255,4320,269342,82,338254
24746,0.002793,172.31.47.0-255,66,269408,82,338254
24747,0.002808,74.125.130.0-255,1484,270892,82,338254
24748,0.002815,74.125.130.0-255,5738,276630,82,338254
24749,0.002817,172.31.47.0-255,66,276696,82,338254
24750,0.002839,74.125.130.0-255,4320,281016,82,338254
24751,0.002842,172.31.47.0-255,66,281082,82,338254
24752,0.002848,74.125.130.0-255,7156,288238,82,338254
24753,0.002851,172.31.47.0-255,66,288304,82,338254
24754,0.002874,74.125.130.0-255,5738,294042,82,338254
24755,0.002876,172.31.47.0-255,66,294108,82,338254
24756,0.002879,74.125.130.0-255,766,294874,82,338254
24757,0.002919,74.125.130.0-255,4320,299194,82,338254
24758,0.002922,172.31.47.0-255,66,299260,82,338254
24759,0.002938,74.125.130.0-255,2902,302162,82,338254
24760,0.00294,172.31.47.0-255,66,302228,82,338254
24761,0.002943,74.125.130.0-255,1484,303712,82,338254
24762,0.002948,74.125.130.0-255,2902,306614,82,338254
24763,0.002951,172.31.47.0-255,66,306680,82,338254
24764,0.00298,74.125.130.0-255,7156,313836,82,338254
24765,0.002983,172.31.47.0-255,66,313902,82,338254
24766,0.00299,74.125.130.0-255,9992,323894,82,338254
24767,0.002992,172.31.47.0-255,66,323960,82,338254
24768,0.002997,74.125.130.0-255,5020,328980,82,338254
24769,0.002999,172.31.47.0-255,66,329046,82,338254
24770,0.003018,74.125.130.0-255,3893,332939,82,338254
24771,0.00302,172.31.47.0-255,66,333005,82,338254
24772,0.00306,74.125.130.0-255,105,333110,82,338254
24773,0.009736,172.31.47.0-255,66,333176,82,338254
24774,0.009774,172.31.47.0-255,105,333281,82,338254
24775,0.011968,74.125.130.0-255,66,333347,82,338254
24776,0.027677,172.31.47.0-255,176,333523,82,338254
24777,0.027713,172.31.47.0-255,1113,334636,82,338254
24778,0.027776,172.31.47.0-255,1514,336150,82,338254
24779,0.027778,172.31.47.0-255,1514,337664,82,338254
24780,0.027779,172.31.47.0-255,326,337990,82,338254
24781,0.029222,104.244.42.0-255,66,338056,82,338254
24782,0.029274,104.244.42.0-255,66,338122,82,338254
24783,0.029327,104.244.42.0-255,66,338188,82,338254
24784,0.02933,104.244.42.0-255,66,338254,82,338254
24785,0.0,74.125.200.0-255,153,153,82,421086
24786,2.2e-05,172.31.47.0-255,66,219,82,421086
24787,2.9e-05,74.125.200.0-255,1484,1703,82,421086
24788,3.3e-05,172.31.47.0-255,66,1769,82,421086
24789,4.9e-05,74.125.200.0-255,2902,4671,82,421086
24790,5.1e-05,172.31.47.0-255,66,4737,82,421086
24791,7.5e-05,74.125.200.0-255,4320,9057,82,421086
24792,7.7e-05,172.31.47.0-255,66,9123,82,421086
24793,9.3e-05,74.125.200.0-255,1484,10607,82,421086
24794,9.5e-05,172.31.47.0-255,66,10673,82,421086
24795,0.000107,74.125.200.0-255,3593,14266,82,421086
24796,0.000109,172.31.47.0-255,66,14332,82,421086
24797,0.000144,74.125.200.0-255,1484,15816,82,421086
24798,0.000146,172.31.47.0-255,66,15882,82,421086
24799,0.000162,74.125.200.0-255,1484,17366,82,421086
24800,0.000164,172.31.47.0-255,66,17432,82,421086
24801,0.000183,74.125.200.0-255,4320,21752,82,421086
24802,0.000185,172.31.47.0-255,66,21818,82,421086
24803,0.000206,74.125.200.0-255,5738,27556,82,421086
24804,0.000208,172.31.47.0-255,66,27622,82,421086
24805,0.000223,74.125.200.0-255,2902,30524,82,421086
24806,0.000226,172.31.47.0-255,66,30590,82,421086
24807,0.000231,74.125.200.0-255,4320,34910,82,421086
24808,0.000234,172.31.47.0-255,66,34976,82,421086
24809,0.000254,74.125.200.0-255,5738,40714,82,421086
24810,0.000256,172.31.47.0-255,66,40780,82,421086
24811,0.000262,74.125.200.0-255,5738,46518,82,421086
24812,0.000263,172.31.47.0-255,66,46584,82,421086
24813,0.0003,74.125.200.0-255,2184,48768,82,421086
24814,0.000302,172.31.47.0-255,66,48834,82,421086
24815,0.000358,74.125.200.0-255,1484,50318,82,421086
24816,0.000361,172.31.47.0-255,66,50384,82,421086
24817,0.000378,74.125.200.0-255,2902,53286,82,421086
24818,0.00038,172.31.47.0-255,66,53352,82,421086
24819,0.000383,74.125.200.0-255,1484,54836,82,421086
24820,0.000404,74.125.200.0-255,4320,59156,82,421086
24821,0.000406,172.31.47.0-255,66,59222,82,421086
24822,0.000409,74.125.200.0-255,1484,60706,82,421086
24823,0.000413,74.125.200.0-255,2902,63608,82,421086
24824,0.000415,172.31.47.0-255,66,63674,82,421086
24825,0.000466,74.125.200.0-255,2818,66492,82,421086
24826,0.000469,172.31.47.0-255,66,66558,82,421086
24827,0.000506,74.125.200.0-255,126,66684,82,421086
24828,0.000559,74.125.200.0-255,1484,68168,82,421086
24829,0.000563,172.31.47.0-255,66,68234,82,421086
24830,0.000575,74.125.200.0-255,2902,71136,82,421086
24831,0.000577,172.31.47.0-255,66,71202,82,421086
24832,0.000605,74.125.200.0-255,4320,75522,82,421086
24833,0.000608,172.31.47.0-255,66,75588,82,421086
24834,0.000626,74.125.200.0-255,1484,77072,82,421086
24835,0.000629,74.125.200.0-255,1484,78556,82,421086
24836,0.000631,172.31.47.0-255,66,78622,82,421086
24837,0.000637,74.125.200.0-255,5738,84360,82,421086
24838,0.000639,172.31.47.0-255,66,84426,82,421086
24839,0.000652,74.125.200.0-255,2902,87328,82,421086
24840,0.000654,172.31.47.0-255,66,87394,82,421086
24841,0.000658,74.125.200.0-255,2902,90296,82,421086
24842,0.00066,172.31.47.0-255,66,90362,82,421086
24843,0.000682,74.125.200.0-255,4320,94682,82,421086
24844,0.000684,172.31.47.0-255,66,94748,82,421086
24845,0.000704,74.125.200.0-255,1484,96232,82,421086
24846,0.000722,74.125.200.0-255,5020,101252,82,421086
24847,0.000724,172.31.47.0-255,66,101318,82,421086
24848,0.000738,74.125.200.0-255,353,101671,82,421086
24849,0.000791,74.125.200.0-255,1484,103155,82,421086
24850,0.000794,172.31.47.0-255,66,103221,82,421086
24851,0.000805,74.125.200.0-255,1484,104705,82,421086
24852,0.000818,74.125.200.0-255,2902,107607,82,421086
24853,0.00082,172.31.47.0-255,66,107673,82,421086
24854,0.000863,74.125.200.0-255,5738,113411,82,421086
24855,0.000866,172.31.47.0-255,66,113477,82,421086
24856,0.000903,74.125.200.0-255,7156,120633,82,421086
24857,0.000906,172.31.47.0-255,66,120699,82,421086
24858,0.000911,74.125.200.0-255,4320,125019,82,421086
24859,0.000913,172.31.47.0-255,66,125085,82,421086
24860,0.000923,74.125.200.0-255,1484,126569,82,421086
24861,0.000942,74.125.200.0-255,4320,130889,82,421086
24862,0.000954,172.31.47.0-255,66,130955,82,421086
24863,0.001002,74.125.200.0-255,5020,135975,82,421086
24864,0.001005,172.31.47.0-255,66,136041,82,421086
24865,0.001076,74.125.200.0-255,1484,137525,82,421086
24866,0.00109,74.125.200.0-255,2902,140427,82,421086
24867,0.001093,172.31.47.0-255,66,140493,82,421086
24868,0.001106,74.125.200.0-255,2902,143395,82,421086
24869,0.001108,172.31.47.0-255,66,143461,82,421086
24870,0.001122,74.125.200.0-255,2902,146363,82,421086
24871,0.001124,172.31.47.0-255,66,146429,82,421086
24872,0.001137,74.125.200.0-255,5738,152167,82,421086
24873,0.00114,172.31.47.0-255,66,152233,82,421086
24874,0.001159,74.125.200.0-255,1484,153717,82,421086
24875,0.001174,74.125.200.0-255,7156,160873,82,421086
24876,0.001177,172.31.47.0-255,66,160939,82,421086
24877,0.00119,74.125.200.0-255,1484,162423,82,421086
24878,0.001216,74.125.200.0-255,1484,163907,82,421086
24879,0.001219,172.31.47.0-255,66,163973,82,421086
24880,0.001241,74.125.200.0-255,6438,170411,82,421086
24881,0.001244,172.31.47.0-255,66,170477,82,421086
24882,0.001461,74.125.200.0-255,1484,171961,82,421086
24883,0.001477,74.125.200.0-255,2902,174863,82,421086
24884,0.00148,172.31.47.0-255,66,174929,82,421086
24885,0.001503,74.125.200.0-255,5738,180667,82,421086
24886,0.001505,172.31.47.0-255,66,180733,82,421086
24887,0.001508,74.125.200.0-255,1484,182217,82,421086
24888,0.001552,74.125.200.0-255,2902,185119,82,421086
24889,0.001555,172.31.47.0-255,66,185185,82,421086
24890,0.00156,74.125.200.0-255,5738,190923,82,421086
24891,0.001562,172.31.47.0-255,66,190989,82,421086
24892,0.001565,74.125.200.0-255,1484,192473,82,421086
24893,0.001567,74.125.200.0-255,1484,193957,82,421086
24894,0.001569,172.31.47.0-255,66,194023,82,421086
24895,0.001592,74.125.200.0-255,1484,195507,82,421086
24896,0.001614,74.125.200.0-255,5738,201245,82,421086
24897,0.001616,172.31.47.0-255,66,201311,82,421086
24898,0.001621,74.125.200.0-255,2902,204213,82,421086
24899,0.001622,172.31.47.0-255,66,204279,82,421086
24900,0.00166,74.125.200.0-255,766,205045,82,421086
24901,0.001744,74.125.200.0-255,1484,206529,82,421086
24902,0.001748,172.31.47.0-255,66,206595,82,421086
24903,0.001753,74.125.200.0-255,2902,209497,82,421086
24904,0.001754,172.31.47.0-255,66,209563,82,421086
24905,0.001759,74.125.200.0-255,4320,213883,82,421086
24906,0.001761,172.31.47.0-255,66,213949,82,421086
24907,0.001778,74.125.200.0-255,4320,218269,82,421086
24908,0.00178,172.31.47.0-255,66,218335,82,421086
24909,0.001799,74.125.200.0-255,1484,219819,82,421086
24910,0.001821,74.125.200.0-255,8574,228393,82,421086
24911,0.001824,172.31.47.0-255,66,228459,82,421086
24912,0.001871,74.125.200.0-255,9992,238451,82,421086
24913,0.001874,172.31.47.0-255,66,238517,82,421086
24914,0.001887,74.125.200.0-255,766,239283,82,421086
24915,0.002032,74.125.200.0-255,1484,240767,82,421086
24916,0.002036,172.31.47.0-255,66,240833,82,421086
24917,0.002066,74.125.200.0-255,1484,242317,82,421086
24918,0.002085,74.125.200.0-255,2902,245219,82,421086
24919,0.002088,172.31.47.0-255,66,245285,82,421086
24920,0.002122,74.125.200.0-255,5738,251023,82,421086
24921,0.002125,172.31.47.0-255,66,251089,82,421086
24922,0.002131,74.125.200.0-255,4320,255409,82,421086
24923,0.002133,172.31.47.0-255,66,255475,82,421086
24924,0.002139,74.125.200.0-255,5738,261213,82,421086
24925,0.002142,172.31.47.0-255,66,261279,82,421086
24926,0.002162,74.125.200.0-255,7156,268435,82,421086
24927,0.002166,172.31.47.0-255,66,268501,82,421086
24928,0.002187,74.125.200.0-255,4320,272821,82,421086
24929,0.002189,172.31.47.0-255,66,272887,82,421086
24930,0.002201,74.125.200.0-255,766,273653,82,421086
24931,0.002295,74.125.200.0-255,1484,275137,82,421086
24932,0.002299,172.31.47.0-255,66,275203,82,421086
24933,0.002305,74.125.200.0-255,2902,278105,82,421086
24934,0.002307,172.31.47.0-255,66,278171,82,421086
24935,0.002326,74.125.200.0-255,2902,281073,82,421086
24936,0.002329,172.31.47.0-255,66,281139,82,421086
24937,0.002335,74.125.200.0-255,4320,285459,82,421086
24938,0.002337,172.31.47.0-255,66,285525,82,421086
24939,0.002371,74.125.200.0-255,8574,294099,82,421086
24940,0.002374,172.31.47.0-255,66,294165,82,421086
24941,0.002381,74.125.200.0-255,7156,301321,82,421086
24942,0.002383,172.31.47.0-255,66,301387,82,421086
24943,0.002422,74.125.200.0-255,4320,305707,82,421086
24944,0.002425,172.31.47.0-255,66,305773,82,421086
24945,0.002441,74.125.200.0-255,2184,307957,82,421086
24946,0.002443,172.31.47.0-255,66,308023,82,421086
24947,0.002484,74.125.200.0-255,1484,309507,82,421086
24948,0.002492,74.125.200.0-255,2902,312409,82,421086
24949,0.002495,172.31.47.0-255,66,312475,82,421086
24950,0.002518,74.125.200.0-255,5738,318213,82,421086
24951,0.00252,172.31.47.0-255,66,318279,82,421086
24952,0.002524,74.125.200.0-255,2902,321181,82,421086
24953,0.002526,172.31.47.0-255,66,321247,82,421086
24954,0.00253,74.125.200.0-255,2902,324149,82,421086
24955,0.002533,172.31.47.0-255,66,324215,82,421086
24956,0.002548,74.125.200.0-255,1484,325699,82,421086
24957,0.002551,74.125.200.0-255,1484,327183,82,421086
24958,0.002554,172.31.47.0-255,66,327249,82,421086
24959,0.002572,74.125.200.0-255,2902,330151,82,421086
24960,0.002575,172.31.47.0-255,66,330217,82,421086
24961,0.00258,74.125.200.0-255,4320,334537,82,421086
24962,0.002583,172.31.47.0-255,66,334603,82,421086
24963,0.005109,74.125.200.0-255,1484,336087,82,421086
24964,0.005126,74.125.200.0-255,4320,340407,82,421086
24965,0.005131,172.31.47.0-255,66,340473,82,421086
24966,0.007672,74.125.200.0-255,5738,346211,82,421086
24967,0.007678,172.31.47.0-255,66,346277,82,421086
24968,0.010248,74.125.200.0-255,5738,352015,82,421086
24969,0.010265,172.31.47.0-255,66,352081,82,421086
24970,0.012816,74.125.200.0-255,5738,357819,82,421086
24971,0.012826,172.31.47.0-255,66,357885,82,421086
24972,0.01538,74.125.200.0-255,5738,363623,82,421086
24973,0.015394,172.31.47.0-255,66,363689,82,421086
24974,0.017986,74.125.200.0-255,5738,369427,82,421086
24975,0.018002,172.31.47.0-255,66,369493,82,421086
24976,0.020538,74.125.200.0-255,4320,373813,82,421086
24977,0.020545,172.31.47.0-255,66,373879,82,421086
24978,0.020562,74.125.200.0-255,1484,375363,82,421086
24979,0.023085,74.125.200.0-255,4320,379683,82,421086
24980,0.023093,172.31.47.0-255,66,379749,82,421086
24981,0.025641,74.125.200.0-255,5738,385487,82,421086
24982,0.025652,172.31.47.0-255,66,385553,82,421086
24983,0.028206,74.125.200.0-255,5738,391291,82,421086
24984,0.028213,172.31.47.0-255,66,391357,82,421086
24985,0.030776,74.125.200.0-255,5738,397095,82,421086
24986,0.030793,172.31.47.0-255,66,397161,82,421086
24987,0.033324,74.125.200.0-255,5738,402899,82,421086
24988,0.033331,172.31.47.0-255,66,402965,82,421086
24989,0.035883,74.125.200.0-255,5738,408703,82,421086
24990,0.035895,172.31.47.0-255,66,408769,82,421086
24991,0.03846,74.125.200.0-255,4747,413516,82,421086
24992,0.038473,172.31.47.0-255,66,413582,82,421086
24993,0.038688,172.31.47.0-255,105,413687,82,421086
24994,0.041194,74.125.200.0-255,66,413753,82,421086
24995,0.043869,172.31.47.0-255,171,413924,82,421086
24996,0.043899,172.31.47.0-255,1127,415051,82,421086
24997,0.043955,172.31.47.0-255,1514,416565,82,421086
24998,0.043957,172.31.47.0-255,1514,418079,82,421086
24999,0.043961,172.31.47.0-255,1514,419593,82,421086
25000,0.043962,172.31.47.0-255,1055,420648,82,421086
25001,0.045406,104.244.42.0-255,66,420714,82,421086
25002,0.04545,104.244.42.0-255,66,420780,82,421086
25003,0.045507,104.244.42.0-255,66,420846,82,421086
25004,0.045511,104.244.42.0-255,66,420912,82,421086
25005,0.046222,104.244.42.0-255,108,421020,82,421086
25006,0.046232,172.31.47.0-255,66,421086,82,421086
25007,0.0,172.31.47.0-255,105,105,82,105
25008,0.0,74.125.68.0-255,146,146,82,308865
25009,1.7e-05,172.31.47.0-255,66,212,82,308865
25010,2.4e-05,74.125.68.0-255,1484,1696,82,308865
25011,2.7e-05,172.31.47.0-255,66,1762,82,308865
25012,4.3e-05,74.125.68.0-255,1484,3246,82,308865
25013,4.5e-05,172.31.47.0-255,66,3312,82,308865
25014,6.9e-05,74.125.68.0-255,2902,6214,82,308865
25015,7.1e-05,172.31.47.0-255,66,6280,82,308865
25016,7.7e-05,74.125.68.0-255,5738,12018,82,308865
25017,7.9e-05,172.31.47.0-255,66,12084,82,308865
25018,8.3e-05,74.125.68.0-255,1960,14044,82,308865
25019,8.5e-05,172.31.47.0-255,66,14110,82,308865
25020,0.000469,74.125.68.0-255,1484,15594,82,308865
25021,0.000473,172.31.47.0-255,66,15660,82,308865
25022,0.000481,74.125.68.0-255,2902,18562,82,308865
25023,0.000483,172.31.47.0-255,66,18628,82,308865
25024,0.000489,74.125.68.0-255,5738,24366,82,308865
25025,0.00049,172.31.47.0-255,66,24432,82,308865
25026,0.000513,74.125.68.0-255,6797,31229,82,308865
25027,0.000515,172.31.47.0-255,66,31295,82,308865
25028,0.000648,74.125.68.0-255,1484,32779,82,308865
25029,0.000652,172.31.47.0-255,66,32845,82,308865
25030,0.000656,74.125.68.0-255,1484,34329,82,308865
25031,0.000658,172.31.47.0-255,66,34395,82,308865
25032,0.000674,74.125.68.0-255,1484,35879,82,308865
25033,0.000676,172.31.47.0-255,66,35945,82,308865
25034,0.000682,74.125.68.0-255,5738,41683,82,308865
25035,0.000685,172.31.47.0-255,66,41749,82,308865
25036,0.000713,74.125.68.0-255,6797,48546,82,308865
25037,0.000717,172.31.47.0-255,66,48612,82,308865
25038,0.001416,74.125.68.0-255,1484,50096,82,308865
25039,0.001423,172.31.47.0-255,66,50162,82,308865
25040,0.001428,74.125.68.0-255,2902,53064,82,308865
25041,0.00143,172.31.47.0-255,66,53130,82,308865
25042,0.001448,74.125.68.0-255,4320,57450,82,308865
25043,0.001451,172.31.47.0-255,66,57516,82,308865
25044,0.00147,74.125.68.0-255,1484,59000,82,308865
25045,0.001475,74.125.68.0-255,2902,61902,82,308865
25046,0.001477,172.31.47.0-255,66,61968,82,308865
25047,0.001482,74.125.68.0-255,3961,65929,82,308865
25048,0.001483,172.31.47.0-255,66,65995,82,308865
25049,0.001502,74.125.68.0-255,1484,67479,82,308865
25050,0.001534,74.125.68.0-255,2902,70381,82,308865
25051,0.001536,172.31.47.0-255,66,70447,82,308865
25052,0.001553,74.125.68.0-255,1484,71931,82,308865
25053,0.00156,74.125.68.0-255,7156,79087,82,308865
25054,0.001562,172.31.47.0-255,66,79153,82,308865
25055,0.001566,74.125.68.0-255,3961,83114,82,308865
25056,0.001584,172.31.47.0-255,66,83180,82,308865
25057,0.001637,74.125.68.0-255,1484,84664,82,308865
25058,0.001655,74.125.68.0-255,1484,86148,82,308865
25059,0.001657,172.31.47.0-255,66,86214,82,308865
25060,0.00166,74.125.68.0-255,1484,87698,82,308865
25061,0.001676,74.125.68.0-255,1484,89182,82,308865
25062,0.001678,172.31.47.0-255,66,89248,82,308865
25063,0.001692,74.125.68.0-255,4320,93568,82,308865
25064,0.001694,172.31.47.0-255,66,93634,82,308865
25065,0.001714,74.125.68.0-255,1484,95118,82,308865
25066,0.001717,74.125.68.0-255,1484,96602,82,308865
25067,0.001719,172.31.47.0-255,66,96668,82,308865
25068,0.001757,74.125.68.0-255,1484,98152,82,308865
25069,0.00177,74.125.68.0-255,1484,99636,82,308865
25070,0.001772,172.31.47.0-255,66,99702,82,308865
25071,0.001807,74.125.68.0-255,1706,101408,82,308865
25072,0.00181,172.31.47.0-255,66,101474,82,308865
25073,0.001958,74.125.68.0-255,1484,102958,82,308865
25074,0.001961,74.125.68.0-255,1484,104442,82,308865
25075,0.001962,172.31.47.0-255,66,104508,82,308865
25076,0.001982,74.125.68.0-255,2902,107410,82,308865
25077,0.001985,172.31.47.0-255,66,107476,82,308865
25078,0.001997,74.125.68.0-255,2902,110378,82,308865
25079,0.001999,172.31.47.0-255,66,110444,82,308865
25080,0.002012,74.125.68.0-255,2902,113346,82,308865
25081,0.002014,172.31.47.0-255,66,113412,82,308865
25082,0.002017,74.125.68.0-255,1484,114896,82,308865
25083,0.002034,74.125.68.0-255,5738,120634,82,308865
25084,0.002036,172.31.47.0-255,66,120700,82,308865
25085,0.004036,74.125.68.0-255,5738,126438,82,308865
25086,0.004043,172.31.47.0-255,66,126504,82,308865
25087,0.006058,74.125.68.0-255,5738,132242,82,308865
25088,0.006067,172.31.47.0-255,66,132308,82,308865
25089,0.00809,74.125.68.0-255,5738,138046,82,308865
25090,0.008097,172.31.47.0-255,66,138112,82,308865
25091,0.010124,74.125.68.0-255,5738,143850,82,308865
25092,0.010133,172.31.47.0-255,66,143916,82,308865
25093,0.012154,74.125.68.0-255,5738,149654,82,308865
25094,0.012163,172.31.47.0-255,66,149720,82,308865
25095,0.014184,74.125.68.0-255,5738,155458,82,308865
25096,0.01419,172.31.47.0-255,66,155524,82,308865
25097,0.016206,74.125.68.0-255,5738,161262,82,308865
25098,0.016214,172.31.47.0-255,66,161328,82,308865
25099,0.017594,172.31.47.0-255,172,161500,82,308865
25100,0.017852,172.31.47.0-255,1112,162612,82,308865
25101,0.017908,172.31.47.0-255,1514,164126,82,308865
25102,0.01791,172.31.47.0-255,1287,165413,82,308865
25103,0.018222,74.125.68.0-255,5738,171151,82,308865
25104,0.018227,172.31.47.0-255,66,171217,82,308865
25105,0.019122,104.244.42.0-255,66,171283,82,308865
25106,0.019415,104.244.42.0-255,66,171349,82,308865
25107,0.019474,104.244.42.0-255,66,171415,82,308865
25108,0.020238,74.125.68.0-255,2902,174317,82,308865
25109,0.020241,172.31.47.0-255,66,174383,82,308865
25110,0.020263,74.125.68.0-255,2902,177285,82,308865
25111,0.020265,172.31.47.0-255,66,177351,82,308865
25112,0.022296,74.125.68.0-255,5738,183089,82,308865
25113,0.022301,172.31.47.0-255,66,183155,82,308865
25114,0.024306,74.125.68.0-255,2902,186057,82,308865
25115,0.024309,172.31.47.0-255,66,186123,82,308865
25116,0.024334,74.125.68.0-255,2902,189025,82,308865
25117,0.024337,172.31.47.0-255,66,189091,82,308865
25118,0.026313,74.125.68.0-255,2902,191993,82,308865
25119,0.026318,172.31.47.0-255,66,192059,82,308865
25120,0.02634,74.125.68.0-255,2902,194961,82,308865
25121,0.026342,172.31.47.0-255,66,195027,82,308865
25122,0.02835,74.125.68.0-255,4320,199347,82,308865
25123,0.028354,172.31.47.0-255,66,199413,82,308865
25124,0.028378,74.125.68.0-255,1484,200897,82,308865
25125,0.03036,74.125.68.0-255,4320,205217,82,308865
25126,0.030366,172.31.47.0-255,66,205283,82,308865
25127,0.032376,74.125.68.0-255,5738,211021,82,308865
25128,0.032381,172.31.47.0-255,66,211087,82,308865
25129,0.034388,74.125.68.0-255,4320,215407,82,308865
25130,0.034394,172.31.47.0-255,66,215473,82,308865
25131,0.034425,74.125.68.0-255,1484,216957,82,308865
25132,0.036398,74.125.68.0-255,4320,221277,82,308865
25133,0.036402,172.31.47.0-255,66,221343,82,308865
25134,0.038407,74.125.68.0-255,1484,222827,82,308865
25135,0.038433,74.125.68.0-255,4320,227147,82,308865
25136,0.038436,172.31.47.0-255,66,227213,82,308865
25137,0.040451,74.125.68.0-255,5738,232951,82,308865
25138,0.040457,172.31.47.0-255,66,233017,82,308865
25139,0.04248,74.125.68.0-255,5738,238755,82,308865
25140,0.042485,172.31.47.0-255,66,238821,82,308865
25141,0.044492,74.125.68.0-255,5738,244559,82,308865
25142,0.044498,172.31.47.0-255,66,244625,82,308865
25143,0.046519,74.125.68.0-255,5738,250363,82,308865
25144,0.046524,172.31.47.0-255,66,250429,82,308865
25145,0.048522,74.125.68.0-255,5738,256167,82,308865
25146,0.048527,172.31.47.0-255,66,256233,82,308865
25147,0.050581,74.125.68.0-255,5738,261971,82,308865
25148,0.050586,172.31.47.0-255,66,262037,82,308865
25149,0.052597,74.125.68.0-255,5738,267775,82,308865
25150,0.052603,172.31.47.0-255,66,267841,82,308865
25151,0.054603,74.125.68.0-255,5738,273579,82,308865
25152,0.054608,172.31.47.0-255,66,273645,82,308865
25153,0.05662,74.125.68.0-255,4320,277965,82,308865
25154,0.056625,172.31.47.0-255,66,278031,82,308865
25155,0.056647,74.125.68.0-255,1484,279515,82,308865
25156,0.058633,74.125.68.0-255,2902,282417,82,308865
25157,0.058638,172.31.47.0-255,66,282483,82,308865
25158,0.058667,74.125.68.0-255,1484,283967,82,308865
25159,0.060649,74.125.68.0-255,4320,288287,82,308865
25160,0.060653,172.31.47.0-255,66,288353,82,308865
25161,0.06267,74.125.68.0-255,5738,294091,82,308865
25162,0.062674,172.31.47.0-255,66,294157,82,308865
25163,0.064684,74.125.68.0-255,4320,298477,82,308865
25164,0.064688,172.31.47.0-255,66,298543,82,308865
25165,0.064711,74.125.68.0-255,1484,300027,82,308865
25166,0.066695,74.125.68.0-255,2902,302929,82,308865
25167,0.066699,172.31.47.0-255,66,302995,82,308865
25168,0.06673,74.125.68.0-255,1484,304479,82,308865
25169,0.068704,74.125.68.0-255,4320,308799,82,308865
25170,0.068709,172.31.47.0-255,66,308865,82,308865
25171,0.0,172.217.194.0-255,291,291,82,336878
25172,2.8e-05,172.31.47.0-255,66,357,82,336878
25173,3.3e-05,172.217.194.0-255,1484,1841,82,336878
25174,3.7e-05,172.31.47.0-255,66,1907,82,336878
25175,4.3e-05,172.217.194.0-255,4320,6227,82,336878
25176,4.5e-05,172.31.47.0-255,66,6293,82,336878
25177,4.7e-05,172.217.194.0-255,1484,7777,82,336878
25178,4.9e-05,172.31.47.0-255,66,7843,82,336878
25179,0.000101,172.217.194.0-255,2902,10745,82,336878
25180,0.000104,172.31.47.0-255,66,10811,82,336878
25181,0.000123,172.217.194.0-255,3323,14134,82,336878
25182,0.000125,172.31.47.0-255,66,14200,82,336878
25183,0.000204,172.217.194.0-255,1484,15684,82,336878
25184,0.000206,172.31.47.0-255,66,15750,82,336878
25185,0.000225,172.217.194.0-255,2902,18652,82,336878
25186,0.000227,172.31.47.0-255,66,18718,82,336878
25187,0.000231,172.217.194.0-255,2902,21620,82,336878
25188,0.000233,172.31.47.0-255,66,21686,82,336878
25189,0.000256,172.217.194.0-255,2902,24588,82,336878
25190,0.000259,172.31.47.0-255,66,24654,82,336878
25191,0.000265,172.217.194.0-255,6797,31451,82,336878
25192,0.000268,172.31.47.0-255,66,31517,82,336878
25193,0.000294,172.217.194.0-255,5738,37255,82,336878
25194,0.000297,172.31.47.0-255,66,37321,82,336878
25195,0.000319,172.217.194.0-255,7156,44477,82,336878
25196,0.000323,172.31.47.0-255,66,44543,82,336878
25197,0.000342,172.217.194.0-255,3961,48504,82,336878
25198,0.000345,172.31.47.0-255,66,48570,82,336878
25199,0.000759,172.217.194.0-255,1484,50054,82,336878
25200,0.000763,172.31.47.0-255,66,50120,82,336878
25201,0.000781,172.217.194.0-255,2902,53022,82,336878
25202,0.000784,172.31.47.0-255,66,53088,82,336878
25203,0.000789,172.217.194.0-255,5738,58826,82,336878
25204,0.000791,172.31.47.0-255,66,58892,82,336878
25205,0.000837,172.217.194.0-255,6797,65689,82,336878
25206,0.00084,172.31.47.0-255,66,65755,82,336878
25207,0.000854,172.217.194.0-255,4320,70075,82,336878
25208,0.000856,172.31.47.0-255,66,70141,82,336878
25209,0.000882,172.217.194.0-255,2902,73043,82,336878
25210,0.000885,172.31.47.0-255,66,73109,82,336878
25211,0.00089,172.217.194.0-255,5738,78847,82,336878
25212,0.000892,172.31.47.0-255,66,78913,82,336878
25213,0.000898,172.217.194.0-255,7156,86069,82,336878
25214,0.000902,172.31.47.0-255,66,86135,82,336878
25215,0.000922,172.217.194.0-255,8215,94350,82,336878
25216,0.000924,172.31.47.0-255,66,94416,82,336878
25217,0.000928,172.217.194.0-255,2902,97318,82,336878
25218,0.00093,172.31.47.0-255,66,97384,82,336878
25219,0.000953,172.217.194.0-255,3122,100506,82,336878
25220,0.000956,172.31.47.0-255,66,100572,82,336878
25221,0.001288,172.217.194.0-255,1484,102056,82,336878
25222,0.001297,172.217.194.0-255,2902,104958,82,336878
25223,0.001301,172.31.47.0-255,66,105024,82,336878
25224,0.001306,172.217.194.0-255,2902,107926,82,336878
25225,0.001308,172.31.47.0-255,66,107992,82,336878
25226,0.001322,172.217.194.0-255,2902,110894,82,336878
25227,0.001325,172.31.47.0-255,66,110960,82,336878
25228,0.00133,172.217.194.0-255,4320,115280,82,336878
25229,0.001331,172.31.47.0-255,66,115346,82,336878
25230,0.001352,172.217.194.0-255,8574,123920,82,336878
25231,0.001354,172.31.47.0-255,66,123986,82,336878
25232,0.001357,172.217.194.0-255,1484,125470,82,336878
25233,0.001374,172.217.194.0-255,5738,131208,82,336878
25234,0.001376,172.31.47.0-255,66,131274,82,336878
25235,0.001392,172.217.194.0-255,3602,134876,82,336878
25236,0.001394,172.31.47.0-255,66,134942,82,336878
25237,0.001576,172.217.194.0-255,1484,136426,82,336878
25238,0.001581,172.217.194.0-255,2902,139328,82,336878
25239,0.001584,172.31.47.0-255,66,139394,82,336878
25240,0.001604,172.217.194.0-255,5738,145132,82,336878
25241,0.001607,172.31.47.0-255,66,145198,82,336878
25242,0.001629,172.217.194.0-255,7156,152354,82,336878
25243,0.001631,172.31.47.0-255,66,152420,82,336878
25244,0.001648,172.217.194.0-255,2902,155322,82,336878
25245,0.00165,172.31.47.0-255,66,155388,82,336878
25246,0.001675,172.31.47.0-255,66,155454,82,336878
25247,0.001678,172.217.194.0-255,1484,156938,82,336878
25248,0.001699,172.217.194.0-255,766,157704,82,336878
25249,0.001701,172.31.47.0-255,66,157770,82,336878
25250,0.002298,172.217.194.0-255,1484,159254,82,336878
25251,0.002307,172.217.194.0-255,2902,162156,82,336878
25252,0.002313,172.31.47.0-255,66,162222,82,336878
25253,0.002317,172.217.194.0-255,1484,163706,82,336878
25254,0.002333,172.217.194.0-255,4320,168026,82,336878
25255,0.002334,172.31.47.0-255,66,168092,82,336878
25256,0.002339,172.217.194.0-255,4320,172412,82,336878
25257,0.002341,172.31.47.0-255,66,172478,82,336878
25258,0.002355,172.217.194.0-255,5738,178216,82,336878
25259,0.002357,172.31.47.0-255,66,178282,82,336878
25260,0.002374,172.217.194.0-255,2902,181184,82,336878
25261,0.002375,172.31.47.0-255,66,181250,82,336878
25262,0.002402,172.217.194.0-255,10692,191942,82,336878
25263,0.002404,172.31.47.0-255,66,192008,82,336878
25264,0.00283,172.217.194.0-255,1484,193492,82,336878
25265,0.002834,172.217.194.0-255,2902,196394,82,336878
25266,0.002836,172.31.47.0-255,66,196460,82,336878
25267,0.002838,172.217.194.0-255,1484,197944,82,336878
25268,0.002855,172.217.194.0-255,5738,203682,82,336878
25269,0.002857,172.31.47.0-255,66,203748,82,336878
25270,0.002871,172.217.194.0-255,1484,205232,82,336878
25271,0.002881,172.217.194.0-255,4320,209552,82,336878
25272,0.002883,172.31.47.0-255,66,209618,82,336878
25273,0.002897,172.217.194.0-255,2902,212520,82,336878
25274,0.002899,172.31.47.0-255,66,212586,82,336878
25275,0.002902,172.217.194.0-255,1484,214070,82,336878
25276,0.002907,172.217.194.0-255,7156,221226,82,336878
25277,0.002909,172.31.47.0-255,66,221292,82,336878
25278,0.002934,172.217.194.0-255,4320,225612,82,336878
25279,0.002936,172.31.47.0-255,66,225678,82,336878
25280,0.002938,172.217.194.0-255,766,226444,82,336878
25281,0.003427,172.217.194.0-255,1484,227928,82,336878
25282,0.00343,172.31.47.0-255,66,227994,82,336878
25283,0.003441,172.217.194.0-255,2902,230896,82,336878
25284,0.003443,172.31.47.0-255,66,230962,82,336878
25285,0.00348,172.217.194.0-255,4320,235282,82,336878
25286,0.003483,172.31.47.0-255,66,235348,82,336878
25287,0.003498,172.217.194.0-255,1484,236832,82,336878
25288,0.003522,172.31.47.0-255,66,236898,82,336878
25289,0.003526,172.217.194.0-255,2902,239800,82,336878
25290,0.003527,172.31.47.0-255,66,239866,82,336878
25291,0.003529,172.217.194.0-255,1484,241350,82,336878
25292,0.003532,172.217.194.0-255,1484,242834,82,336878
25293,0.003534,172.31.47.0-255,66,242900,82,336878
25294,0.003538,172.217.194.0-255,2902,245802,82,336878
25295,0.00354,172.31.47.0-255,66,245868,82,336878
25296,0.003542,172.217.194.0-255,1484,247352,82,336878
25297,0.003564,172.217.194.0-255,7856,255208,82,336878
25298,0.003567,172.31.47.0-255,66,255274,82,336878
25299,0.003573,172.217.194.0-255,8574,263848,82,336878
25300,0.003576,172.31.47.0-255,66,263914,82,336878
25301,0.003578,172.217.194.0-255,1484,265398,82,336878
25302,0.00361,172.31.47.0-255,66,265464,82,336878
25303,0.003625,172.217.194.0-255,766,266230,82,336878
25304,0.003629,172.217.194.0-255,2902,269132,82,336878
25305,0.003631,172.31.47.0-255,66,269198,82,336878
25306,0.003639,172.217.194.0-255,9992,279190,82,336878
25307,0.003641,172.31.47.0-255,66,279256,82,336878
25308,0.003682,172.31.47.0-255,66,279322,82,336878
25309,0.003689,172.217.194.0-255,7856,287178,82,336878
25310,0.003691,172.31.47.0-255,66,287244,82,336878
25311,0.003714,172.217.194.0-255,1484,288728,82,336878
25312,0.003725,172.217.194.0-255,2902,291630,82,336878
25313,0.003728,172.31.47.0-255,66,291696,82,336878
25314,0.003743,172.217.194.0-255,1484,293180,82,336878
25315,0.003769,172.217.194.0-255,2902,296082,82,336878
25316,0.003772,172.31.47.0-255,66,296148,82,336878
25317,0.003777,172.217.194.0-255,5738,301886,82,336878
25318,0.003779,172.31.47.0-255,66,301952,82,336878
25319,0.003784,172.217.194.0-255,5738,307690,82,336878
25320,0.003787,172.31.47.0-255,66,307756,82,336878
25321,0.003806,172.217.194.0-255,5738,313494,82,336878
25322,0.003808,172.31.47.0-255,66,313560,82,336878
25323,0.003813,172.217.194.0-255,4320,317880,82,336878
25324,0.003815,172.31.47.0-255,66,317946,82,336878
25325,0.003833,172.217.194.0-255,3602,321548,82,336878
25326,0.003837,172.31.47.0-255,66,321614,82,336878
25327,0.003853,172.217.194.0-255,5738,327352,82,336878
25328,0.003855,172.31.47.0-255,66,327418,82,336878
25329,0.003892,172.31.47.0-255,66,327484,82,336878
25330,0.003904,172.31.47.0-255,66,327550,82,336878
25331,0.003906,172.217.194.0-255,1484,329034,82,336878
25332,0.003911,172.217.194.0-255,3056,332090,82,336878
25333,0.003913,172.31.47.0-255,66,332156,82,336878
25334,0.003915,172.217.194.0-255,97,332253,82,336878
25335,0.003967,172.217.194.0-255,105,332358,82,336878
25336,0.005566,172.31.47.0-255,66,332424,82,336878
25337,0.005592,172.31.47.0-255,105,332529,82,336878
25338,0.00811,172.217.194.0-255,66,332595,82,336878
25339,0.032122,172.31.47.0-255,172,332767,82,336878
25340,0.032155,172.31.47.0-255,1107,333874,82,336878
25341,0.032193,172.31.47.0-255,1514,335388,82,336878
25342,0.032195,172.31.47.0-255,1292,336680,82,336878
25343,0.033655,104.244.42.0-255,66,336746,82,336878
25344,0.033736,104.244.42.0-255,66,336812,82,336878
25345,0.033738,104.244.42.0-255,66,336878,82,336878
25346,0.0,172.217.194.0-255,153,153,82,257502
25347,2.1e-05,172.31.47.0-255,66,219,82,257502
25348,2.9e-05,172.217.194.0-255,1484,1703,82,257502
25349,3.5e-05,172.31.47.0-255,66,1769,82,257502
25350,4.1e-05,172.217.194.0-255,2902,4671,82,257502
25351,5.3e-05,172.31.47.0-255,66,4737,82,257502
25352,6e-05,172.217.194.0-255,5738,10475,82,257502
25353,6.3e-05,172.31.47.0-255,66,10541,82,257502
25354,6.6e-05,172.217.194.0-255,1484,12025,82,257502
25355,6.8e-05,172.31.47.0-255,66,12091,82,257502
25356,0.000106,172.217.194.0-255,2171,14262,82,257502
25357,0.000109,172.31.47.0-255,66,14328,82,257502
25358,0.000114,172.217.194.0-255,4320,18648,82,257502
25359,0.000117,172.31.47.0-255,66,18714,82,257502
25360,0.000126,172.217.194.0-255,9992,28706,82,257502
25361,0.000129,172.31.47.0-255,66,28772,82,257502
25362,0.000135,172.217.194.0-255,5738,34510,82,257502
25363,0.000138,172.31.47.0-255,66,34576,82,257502
25364,0.000172,172.217.194.0-255,5738,40314,82,257502
25365,0.000175,172.31.47.0-255,66,40380,82,257502
25366,0.000218,172.217.194.0-255,7156,47536,82,257502
25367,0.00022,172.31.47.0-255,66,47602,82,257502
25368,0.000243,172.217.194.0-255,766,48368,82,257502
25369,0.000245,172.31.47.0-255,66,48434,82,257502
25370,0.003991,172.217.194.0-255,1484,49918,82,257502
25371,0.004003,172.31.47.0-255,66,49984,82,257502
25372,0.004013,172.217.194.0-255,2902,52886,82,257502
25373,0.004016,172.31.47.0-255,66,52952,82,257502
25374,0.004025,172.217.194.0-255,1484,54436,82,257502
25375,0.004026,172.31.47.0-255,66,54502,82,257502
25376,0.005928,172.217.194.0-255,4320,58822,82,257502
25377,0.005934,172.31.47.0-255,66,58888,82,257502
25378,0.005957,172.217.194.0-255,1484,60372,82,257502
25379,0.007842,172.217.194.0-255,4320,64692,82,257502
25380,0.00785,172.31.47.0-255,66,64758,82,257502
25381,0.009805,172.217.194.0-255,5738,70496,82,257502
25382,0.00982,172.31.47.0-255,66,70562,82,257502
25383,0.011741,172.217.194.0-255,5738,76300,82,257502
25384,0.011755,172.31.47.0-255,66,76366,82,257502
25385,0.013698,172.217.194.0-255,5738,82104,82,257502
25386,0.01371,172.31.47.0-255,66,82170,82,257502
25387,0.015628,172.217.194.0-255,5738,87908,82,257502
25388,0.015639,172.31.47.0-255,66,87974,82,257502
25389,0.01618,172.31.47.0-255,172,88146,82,257502
25390,0.016239,172.31.47.0-255,1111,89257,82,257502
25391,0.016305,172.31.47.0-255,1514,90771,82,257502
25392,0.016306,172.31.47.0-255,325,91096,82,257502
25393,0.017592,172.217.194.0-255,2902,93998,82,257502
25394,0.017597,172.31.47.0-255,66,94064,82,257502
25395,0.017628,172.217.194.0-255,2902,96966,82,257502
25396,0.017631,172.31.47.0-255,66,97032,82,257502
25397,0.01786,104.244.42.0-255,66,97098,82,257502
25398,0.019511,172.217.194.0-255,2902,100000,82,257502
25399,0.019518,172.31.47.0-255,66,100066,82,257502
25400,0.019573,172.217.194.0-255,2902,102968,82,257502
25401,0.019579,172.31.47.0-255,66,103034,82,257502
25402,0.021457,172.217.194.0-255,2902,105936,82,257502
25403,0.021461,172.31.47.0-255,66,106002,82,257502
25404,0.021517,172.217.194.0-255,2902,108904,82,257502
25405,0.021521,172.31.47.0-255,66,108970,82,257502
25406,0.023365,172.217.194.0-255,2902,111872,82,257502
25407,0.023371,172.31.47.0-255,66,111938,82,257502
25408,0.023458,172.217.194.0-255,2902,114840,82,257502
25409,0.023462,172.31.47.0-255,66,114906,82,257502
25410,0.025278,172.217.194.0-255,2902,117808,82,257502
25411,0.025283,172.31.47.0-255,66,117874,82,257502
25412,0.025362,172.217.194.0-255,2902,120776,82,257502
25413,0.025366,172.31.47.0-255,66,120842,82,257502
25414,0.027202,172.217.194.0-255,2902,123744,82,257502
25415,0.027207,172.31.47.0-255,66,123810,82,257502
25416,0.027285,172.217.194.0-255,2902,126712,82,257502
25417,0.027289,172.31.47.0-255,66,126778,82,257502
25418,0.029121,172.217.194.0-255,2902,129680,82,257502
25419,0.029126,172.31.47.0-255,66,129746,82,257502
25420,0.029239,172.217.194.0-255,2902,132648,82,257502
25421,0.029244,172.31.47.0-255,66,132714,82,257502
25422,0.031055,172.217.194.0-255,2902,135616,82,257502
25423,0.031061,172.31.47.0-255,66,135682,82,257502
25424,0.031139,172.217.194.0-255,2902,138584,82,257502
25425,0.031145,172.31.47.0-255,66,138650,82,257502
25426,0.032971,172.217.194.0-255,2902,141552,82,257502
25427,0.032976,172.31.47.0-255,66,141618,82,257502
25428,0.03306,172.217.194.0-255,2902,144520,82,257502
25429,0.033065,172.31.47.0-255,66,144586,82,257502
25430,0.03489,172.217.194.0-255,2902,147488,82,257502
25431,0.034895,172.31.47.0-255,66,147554,82,257502
25432,0.034972,172.217.194.0-255,2902,150456,82,257502
25433,0.034976,172.31.47.0-255,66,150522,82,257502
25434,0.036825,172.217.194.0-255,2902,153424,82,257502
25435,0.03683,172.31.47.0-255,66,153490,82,257502
25436,0.0369,172.217.194.0-255,2902,156392,82,257502
25437,0.036904,172.31.47.0-255,66,156458,82,257502
25438,0.038792,172.217.194.0-255,2902,159360,82,257502
25439,0.038798,172.31.47.0-255,66,159426,82,257502
25440,0.03883,172.217.194.0-255,2902,162328,82,257502
25441,0.038833,172.31.47.0-255,66,162394,82,257502
25442,0.040694,172.217.194.0-255,2902,165296,82,257502
25443,0.0407,172.31.47.0-255,66,165362,82,257502
25444,0.040744,172.217.194.0-255,2902,168264,82,257502
25445,0.040749,172.31.47.0-255,66,168330,82,257502
25446,0.042654,172.217.194.0-255,2902,171232,82,257502
25447,0.04266,172.31.47.0-255,66,171298,82,257502
25448,0.042719,172.217.194.0-255,2902,174200,82,257502
25449,0.042723,172.31.47.0-255,66,174266,82,257502
25450,0.044607,172.217.194.0-255,2902,177168,82,257502
25451,0.044626,172.31.47.0-255,66,177234,82,257502
25452,0.044724,172.217.194.0-255,2902,180136,82,257502
25453,0.044728,172.31.47.0-255,66,180202,82,257502
25454,0.046537,172.217.194.0-255,2902,183104,82,257502
25455,0.046543,172.31.47.0-255,66,183170,82,257502
25456,0.046652,172.217.194.0-255,2902,186072,82,257502
25457,0.046658,172.31.47.0-255,66,186138,82,257502
25458,0.048461,172.217.194.0-255,2902,189040,82,257502
25459,0.048465,172.31.47.0-255,66,189106,82,257502
25460,0.048579,172.217.194.0-255,2902,192008,82,257502
25461,0.048583,172.31.47.0-255,66,192074,82,257502
25462,0.050401,172.217.194.0-255,2902,194976,82,257502
25463,0.050406,172.31.47.0-255,66,195042,82,257502
25464,0.050489,172.217.194.0-255,2902,197944,82,257502
25465,0.050495,172.31.47.0-255,66,198010,82,257502
25466,0.052363,172.217.194.0-255,2902,200912,82,257502
25467,0.052367,172.31.47.0-255,66,200978,82,257502
25468,0.052444,172.217.194.0-255,2902,203880,82,257502
25469,0.052448,172.31.47.0-255,66,203946,82,257502
25470,0.054266,172.217.194.0-255,2902,206848,82,257502
25471,0.05427,172.31.47.0-255,66,206914,82,257502
25472,0.054339,172.217.194.0-255,2902,209816,82,257502
25473,0.054344,172.31.47.0-255,66,209882,82,257502
25474,0.056213,172.217.194.0-255,2902,212784,82,257502
25475,0.056218,172.31.47.0-255,66,212850,82,257502
25476,0.05627,172.217.194.0-255,1484,214334,82,257502
25477,0.056282,172.217.194.0-255,1484,215818,82,257502
25478,0.056285,172.31.47.0-255,66,215884,82,257502
25479,0.058129,172.217.194.0-255,2902,218786,82,257502
25480,0.058135,172.31.47.0-255,66,218852,82,257502
25481,0.058217,172.217.194.0-255,2902,221754,82,257502
25482,0.058221,172.31.47.0-255,66,221820,82,257502
25483,0.060082,172.217.194.0-255,2902,224722,82,257502
25484,0.060088,172.31.47.0-255,66,224788,82,257502
25485,0.060132,172.217.194.0-255,1484,226272,82,257502
25486,0.060143,172.217.194.0-255,1484,227756,82,257502
25487,0.060146,172.31.47.0-255,66,227822,82,257502
25488,0.062005,172.217.194.0-255,2902,230724,82,257502
25489,0.062012,172.31.47.0-255,66,230790,82,257502
25490,0.062055,172.217.194.0-255,2902,233692,82,257502
25491,0.062057,172.31.47.0-255,66,233758,82,257502
25492,0.063963,172.217.194.0-255,2902,236660,82,257502
25493,0.063976,172.31.47.0-255,66,236726,82,257502
25494,0.064008,172.217.194.0-255,2902,239628,82,257502
25495,0.064011,172.31.47.0-255,66,239694,82,257502
25496,0.065911,172.217.194.0-255,2902,242596,82,257502
25497,0.065916,172.31.47.0-255,66,242662,82,257502
25498,0.065974,172.217.194.0-255,2902,245564,82,257502
25499,0.065978,172.31.47.0-255,66,245630,82,257502
25500,0.067873,172.217.194.0-255,2902,248532,82,257502
25501,0.067878,172.31.47.0-255,66,248598,82,257502
25502,0.067914,172.217.194.0-255,2902,251500,82,257502
25503,0.067917,172.31.47.0-255,66,251566,82,257502
25504,0.069807,172.217.194.0-255,2902,254468,82,257502
25505,0.069813,172.31.47.0-255,66,254534,82,257502
25506,0.069848,172.217.194.0-255,2902,257436,82,257502
25507,0.069851,172.31.47.0-255,66,257502,82,257502
25508,0.0,74.125.24.0-255,153,153,82,279410
25509,1.8e-05,172.31.47.0-255,66,219,82,279410
25510,2.5e-05,74.125.24.0-255,1484,1703,82,279410
25511,2.9e-05,172.31.47.0-255,66,1769,82,279410
25512,3.4e-05,74.125.24.0-255,2902,4671,82,279410
25513,3.7e-05,172.31.47.0-255,66,4737,82,279410
25514,5.3e-05,74.125.24.0-255,7156,11893,82,279410
25515,5.6e-05,172.31.47.0-255,66,11959,82,279410
25516,6.4e-05,74.125.24.0-255,7156,19115,82,279410
25517,6.7e-05,172.31.47.0-255,66,19181,82,279410
25518,0.000103,74.125.24.0-255,3635,22816,82,279410
25519,0.000106,172.31.47.0-255,66,22882,82,279410
25520,0.000114,74.125.24.0-255,8215,31097,82,279410
25521,0.000117,172.31.47.0-255,66,31163,82,279410
25522,0.000144,74.125.24.0-255,1484,32647,82,279410
25523,0.000146,172.31.47.0-255,66,32713,82,279410
25524,0.00015,74.125.24.0-255,1484,34197,82,279410
25525,0.000152,172.31.47.0-255,66,34263,82,279410
25526,0.000177,74.125.24.0-255,1484,35747,82,279410
25527,0.000183,172.31.47.0-255,66,35813,82,279410
25528,0.00019,74.125.24.0-255,5738,41551,82,279410
25529,0.000192,172.31.47.0-255,66,41617,82,279410
25530,0.000199,74.125.24.0-255,6797,48414,82,279410
25531,0.000201,172.31.47.0-255,66,48480,82,279410
25532,0.00025,74.125.24.0-255,5738,54218,82,279410
25533,0.000252,172.31.47.0-255,66,54284,82,279410
25534,0.000281,74.125.24.0-255,1484,55768,82,279410
25535,0.000283,172.31.47.0-255,66,55834,82,279410
25536,0.000292,74.125.24.0-255,8574,64408,82,279410
25537,0.000294,172.31.47.0-255,66,64474,82,279410
25538,0.000297,74.125.24.0-255,1456,65930,82,279410
25539,0.000299,172.31.47.0-255,66,65996,82,279410
25540,0.0005,74.125.24.0-255,112,66108,82,279410
25541,0.000511,74.125.24.0-255,331,66439,82,279410
25542,0.000961,172.31.47.0-255,66,66505,82,279410
25543,0.000998,74.125.24.0-255,1484,67989,82,279410
25544,0.001017,74.125.24.0-255,2902,70891,82,279410
25545,0.00102,172.31.47.0-255,66,70957,82,279410
25546,0.001025,74.125.24.0-255,4320,75277,82,279410
25547,0.001027,172.31.47.0-255,66,75343,82,279410
25548,0.001043,74.125.24.0-255,1484,76827,82,279410
25549,0.001046,74.125.24.0-255,1484,78311,82,279410
25550,0.001047,172.31.47.0-255,66,78377,82,279410
25551,0.001079,172.31.47.0-255,66,78443,82,279410
25552,0.001138,74.125.24.0-255,7156,85599,82,279410
25553,0.001141,172.31.47.0-255,66,85665,82,279410
25554,0.001167,74.125.24.0-255,3602,89267,82,279410
25555,0.00117,172.31.47.0-255,66,89333,82,279410
25556,0.003216,74.125.24.0-255,1484,90817,82,279410
25557,0.003243,74.125.24.0-255,4320,95137,82,279410
25558,0.003247,172.31.47.0-255,66,95203,82,279410
25559,0.00532,74.125.24.0-255,5738,100941,82,279410
25560,0.005326,172.31.47.0-255,66,101007,82,279410
25561,0.007422,74.125.24.0-255,5738,106745,82,279410
25562,0.007428,172.31.47.0-255,66,106811,82,279410
25563,0.009504,74.125.24.0-255,5738,112549,82,279410
25564,0.009509,172.31.47.0-255,66,112615,82,279410
25565,0.011611,74.125.24.0-255,5738,118353,82,279410
25566,0.011619,172.31.47.0-255,66,118419,82,279410
25567,0.013727,74.125.24.0-255,5738,124157,82,279410
25568,0.013734,172.31.47.0-255,66,124223,82,279410
25569,0.015822,74.125.24.0-255,5738,129961,82,279410
25570,0.01583,172.31.47.0-255,66,130027,82,279410
25571,0.017898,74.125.24.0-255,5738,135765,82,279410
25572,0.017906,172.31.47.0-255,66,135831,82,279410
25573,0.020004,74.125.24.0-255,5738,141569,82,279410
25574,0.020011,172.31.47.0-255,66,141635,82,279410
25575,0.022105,74.125.24.0-255,5738,147373,82,279410
25576,0.022111,172.31.47.0-255,66,147439,82,279410
25577,0.024205,74.125.24.0-255,5738,153177,82,279410
25578,0.024213,172.31.47.0-255,66,153243,82,279410
25579,0.026282,74.125.24.0-255,5738,158981,82,279410
25580,0.026288,172.31.47.0-255,66,159047,82,279410
25581,0.027068,172.31.47.0-255,172,159219,82,279410
25582,0.027095,172.31.47.0-255,1107,160326,82,279410
25583,0.027161,172.31.47.0-255,1514,161840,82,279410
25584,0.027162,172.31.47.0-255,1292,163132,82,279410
25585,0.028355,74.125.24.0-255,5738,168870,82,279410
25586,0.028362,172.31.47.0-255,66,168936,82,279410
25587,0.028627,104.244.42.0-255,66,169002,82,279410
25588,0.028634,104.244.42.0-255,66,169068,82,279410
25589,0.028771,104.244.42.0-255,66,169134,82,279410
25590,0.030465,74.125.24.0-255,5738,174872,82,279410
25591,0.030469,172.31.47.0-255,66,174938,82,279410
25592,0.032544,74.125.24.0-255,5738,180676,82,279410
25593,0.032551,172.31.47.0-255,66,180742,82,279410
25594,0.034654,74.125.24.0-255,5738,186480,82,279410
25595,0.03466,172.31.47.0-255,66,186546,82,279410
25596,0.036731,74.125.24.0-255,5738,192284,82,279410
25597,0.036736,172.31.47.0-255,66,192350,82,279410
25598,0.038796,74.125.24.0-255,5738,198088,82,279410
25599,0.038802,172.31.47.0-255,66,198154,82,279410
25600,0.040865,74.125.24.0-255,5738,203892,82,279410
25601,0.04087,172.31.47.0-255,66,203958,82,279410
25602,0.042942,74.125.24.0-255,5738,209696,82,279410
25603,0.04295,172.31.47.0-255,66,209762,82,279410
25604,0.045045,74.125.24.0-255,5738,215500,82,279410
25605,0.04505,172.31.47.0-255,66,215566,82,279410
25606,0.047191,74.125.24.0-255,5738,221304,82,279410
25607,0.047195,172.31.47.0-255,66,221370,82,279410
25608,0.049304,74.125.24.0-255,5738,227108,82,279410
25609,0.049309,172.31.47.0-255,66,227174,82,279410
25610,0.051392,74.125.24.0-255,5738,232912,82,279410
25611,0.051398,172.31.47.0-255,66,232978,82,279410
25612,0.053488,74.125.24.0-255,5738,238716,82,279410
25613,0.053494,172.31.47.0-255,66,238782,82,279410
25614,0.055591,74.125.24.0-255,5738,244520,82,279410
25615,0.055598,172.31.47.0-255,66,244586,82,279410
25616,0.057702,74.125.24.0-255,5738,250324,82,279410
25617,0.057712,172.31.47.0-255,66,250390,82,279410
25618,0.05981,74.125.24.0-255,5738,256128,82,279410
25619,0.05982,172.31.47.0-255,66,256194,82,279410
25620,0.061928,74.125.24.0-255,5738,261932,82,279410
25621,0.061934,172.31.47.0-255,66,261998,82,279410
25622,0.064028,74.125.24.0-255,5738,267736,82,279410
25623,0.064035,172.31.47.0-255,66,267802,82,279410
25624,0.066127,74.125.24.0-255,5738,273540,82,279410
25625,0.066132,172.31.47.0-255,66,273606,82,279410
25626,0.068207,74.125.24.0-255,5738,279344,82,279410
25627,0.068212,172.31.47.0-255,66,279410,82,279410
25628,0.0,172.253.118.0-255,153,153,82,351191
25629,1.3e-05,172.31.47.0-255,66,219,82,351191
25630,2e-05,172.253.118.0-255,1484,1703,82,351191
25631,2.4e-05,172.31.47.0-255,66,1769,82,351191
25632,5e-05,172.253.118.0-255,1484,3253,82,351191
25633,5.6e-05,172.31.47.0-255,66,3319,82,351191
25634,6.1e-05,172.253.118.0-255,2902,6221,82,351191
25635,6.4e-05,172.31.47.0-255,66,6287,82,351191
25636,9.7e-05,172.253.118.0-255,5738,12025,82,351191
25637,0.0001,172.31.47.0-255,66,12091,82,351191
25638,0.000103,172.253.118.0-255,1949,14040,82,351191
25639,0.000105,172.31.47.0-255,66,14106,82,351191
25640,0.000164,172.253.118.0-255,1484,15590,82,351191
25641,0.000167,172.31.47.0-255,66,15656,82,351191
25642,0.000171,172.253.118.0-255,1484,17140,82,351191
25643,0.000172,172.31.47.0-255,66,17206,82,351191
25644,0.000195,172.253.118.0-255,1484,18690,82,351191
25645,0.000197,172.31.47.0-255,66,18756,82,351191
25646,0.000216,172.253.118.0-255,2902,21658,82,351191
25647,0.000218,172.31.47.0-255,66,21724,82,351191
25648,0.000242,172.253.118.0-255,2902,24626,82,351191
25649,0.000244,172.31.47.0-255,66,24692,82,351191
25650,0.000251,172.253.118.0-255,6797,31489,82,351191
25651,0.000253,172.31.47.0-255,66,31555,82,351191
25652,0.000259,172.253.118.0-255,5738,37293,82,351191
25653,0.000265,172.31.47.0-255,66,37359,82,351191
25654,0.00029,172.253.118.0-255,1484,38843,82,351191
25655,0.000292,172.31.47.0-255,66,38909,82,351191
25656,0.000301,172.253.118.0-255,9633,48542,82,351191
25657,0.000304,172.31.47.0-255,66,48608,82,351191
25658,0.001314,172.253.118.0-255,1484,50092,82,351191
25659,0.001319,172.31.47.0-255,66,50158,82,351191
25660,0.001329,172.253.118.0-255,2902,53060,82,351191
25661,0.001334,172.253.118.0-255,2902,55962,82,351191
25662,0.001357,172.253.118.0-255,2902,58864,82,351191
25663,0.001362,172.253.118.0-255,4320,63184,82,351191
25664,0.00139,172.253.118.0-255,9633,72817,82,351191
25665,0.001396,172.253.118.0-255,7156,79973,82,351191
25666,0.001427,172.253.118.0-255,3124,83097,82,351191
25667,0.001437,172.253.118.0-255,2902,85999,82,351191
25668,0.001448,172.253.118.0-255,1484,87483,82,351191
25669,0.001468,172.253.118.0-255,4320,91803,82,351191
25670,0.00149,172.253.118.0-255,5738,97541,82,351191
25671,0.001494,172.253.118.0-255,2543,100084,82,351191
25672,0.001869,172.253.118.0-255,1484,101568,82,351191
25673,0.001889,172.253.118.0-255,2902,104470,82,351191
25674,0.001918,172.253.118.0-255,5738,110208,82,351191
25675,0.00194,172.253.118.0-255,2902,113110,82,351191
25676,0.001959,172.253.118.0-255,7156,120266,82,351191
25677,0.002,172.253.118.0-255,5738,126004,82,351191
25678,0.002012,172.253.118.0-255,5738,131742,82,351191
25679,0.002015,172.253.118.0-255,2184,133926,82,351191
25680,0.002191,172.253.118.0-255,1484,135410,82,351191
25681,0.002203,172.253.118.0-255,1484,136894,82,351191
25682,0.00222,172.253.118.0-255,1484,138378,82,351191
25683,0.002226,172.253.118.0-255,5738,144116,82,351191
25684,0.002254,172.253.118.0-255,4320,148436,82,351191
25685,0.002276,172.253.118.0-255,2902,151338,82,351191
25686,0.00229,172.253.118.0-255,2902,154240,82,351191
25687,0.002314,172.253.118.0-255,5738,159978,82,351191
25688,0.002333,172.253.118.0-255,7156,167134,82,351191
25689,0.002336,172.253.118.0-255,766,167900,82,351191
25690,0.002454,172.253.118.0-255,1484,169384,82,351191
25691,0.002467,172.253.118.0-255,2902,172286,82,351191
25692,0.002487,172.253.118.0-255,5738,178024,82,351191
25693,0.0025,172.253.118.0-255,4320,182344,82,351191
25694,0.002516,172.253.118.0-255,4320,186664,82,351191
25695,0.002549,172.253.118.0-255,4320,190984,82,351191
25696,0.002569,172.253.118.0-255,8574,199558,82,351191
25697,0.002585,172.253.118.0-255,2184,201742,82,351191
25698,0.003716,172.31.47.0-255,66,201808,82,351191
25699,0.006315,172.253.118.0-255,5738,207546,82,351191
25700,0.006321,172.31.47.0-255,66,207612,82,351191
25701,0.008923,172.253.118.0-255,5738,213350,82,351191
25702,0.008929,172.31.47.0-255,66,213416,82,351191
25703,0.011492,172.253.118.0-255,5738,219154,82,351191
25704,0.0115,172.31.47.0-255,66,219220,82,351191
25705,0.014096,172.253.118.0-255,5738,224958,82,351191
25706,0.015208,172.31.47.0-255,66,225024,82,351191
25707,0.017783,172.253.118.0-255,5738,230762,82,351191
25708,0.017793,172.31.47.0-255,66,230828,82,351191
25709,0.020358,172.253.118.0-255,5738,236566,82,351191
25710,0.020364,172.31.47.0-255,66,236632,82,351191
25711,0.022966,172.253.118.0-255,5738,242370,82,351191
25712,0.022978,172.31.47.0-255,66,242436,82,351191
25713,0.025549,172.253.118.0-255,5738,248174,82,351191
25714,0.025556,172.31.47.0-255,66,248240,82,351191
25715,0.026565,172.31.47.0-255,172,248412,82,351191
25716,0.026596,172.31.47.0-255,1111,249523,82,351191
25717,0.026655,172.31.47.0-255,1514,251037,82,351191
25718,0.026657,172.31.47.0-255,1288,252325,82,351191
25719,0.028114,104.244.42.0-255,66,252391,82,351191
25720,0.028146,104.244.42.0-255,66,252457,82,351191
25721,0.028178,172.253.118.0-255,5738,258195,82,351191
25722,0.028183,172.31.47.0-255,66,258261,82,351191
25723,0.028211,104.244.42.0-255,66,258327,82,351191
25724,0.030755,172.253.118.0-255,5738,264065,82,351191
25725,0.03076,172.31.47.0-255,66,264131,82,351191
25726,0.033352,172.253.118.0-255,5738,269869,82,351191
25727,0.033358,172.31.47.0-255,66,269935,82,351191
25728,0.035919,172.253.118.0-255,5738,275673,82,351191
25729,0.035925,172.31.47.0-255,66,275739,82,351191
25730,0.038494,172.253.118.0-255,5738,281477,82,351191
25731,0.0385,172.31.47.0-255,66,281543,82,351191
25732,0.041072,172.253.118.0-255,5738,287281,82,351191
25733,0.04108,172.31.47.0-255,66,287347,82,351191
25734,0.043651,172.253.118.0-255,5738,293085,82,351191
25735,0.043658,172.31.47.0-255,66,293151,82,351191
25736,0.046226,172.253.118.0-255,5738,298889,82,351191
25737,0.046233,172.31.47.0-255,66,298955,82,351191
25738,0.0488,172.253.118.0-255,5738,304693,82,351191
25739,0.048806,172.31.47.0-255,66,304759,82,351191
25740,0.051476,172.253.118.0-255,5738,310497,82,351191
25741,0.051485,172.31.47.0-255,66,310563,82,351191
25742,0.054058,172.253.118.0-255,5738,316301,82,351191
25743,0.054065,172.31.47.0-255,66,316367,82,351191
25744,0.056655,172.253.118.0-255,5738,322105,82,351191
25745,0.056662,172.31.47.0-255,66,322171,82,351191
25746,0.059256,172.253.118.0-255,5738,327909,82,351191
25747,0.059262,172.31.47.0-255,66,327975,82,351191
25748,0.06187,172.253.118.0-255,5738,333713,82,351191
25749,0.061875,172.31.47.0-255,66,333779,82,351191
25750,0.064438,172.253.118.0-255,5738,339517,82,351191
25751,0.064444,172.31.47.0-255,66,339583,82,351191
25752,0.067021,172.253.118.0-255,5738,345321,82,351191
25753,0.067027,172.31.47.0-255,66,345387,82,351191
25754,0.069594,172.253.118.0-255,5738,351125,82,351191
25755,0.069602,172.31.47.0-255,66,351191,82,351191
25756,0.0,74.125.24.0-255,153,153,82,353227
25757,1.6e-05,172.31.47.0-255,66,219,82,353227
25758,2.2e-05,74.125.24.0-255,1484,1703,82,353227
25759,2.6e-05,172.31.47.0-255,66,1769,82,353227
25760,3.1e-05,74.125.24.0-255,2902,4671,82,353227
25761,3.4e-05,172.31.47.0-255,66,4737,82,353227
25762,6e-05,74.125.24.0-255,7156,11893,82,353227
25763,6.4e-05,172.31.47.0-255,66,11959,82,353227
25764,6.7e-05,74.125.24.0-255,2053,14012,82,353227
25765,6.9e-05,172.31.47.0-255,66,14078,82,353227
25766,0.000123,74.125.24.0-255,1484,15562,82,353227
25767,0.000126,172.31.47.0-255,66,15628,82,353227
25768,0.000131,74.125.24.0-255,2902,18530,82,353227
25769,0.000133,172.31.47.0-255,66,18596,82,353227
25770,0.000155,74.125.24.0-255,5738,24334,82,353227
25771,0.000157,172.31.47.0-255,66,24400,82,353227
25772,0.000179,74.125.24.0-255,6797,31197,82,353227
25773,0.000182,172.31.47.0-255,66,31263,82,353227
25774,0.000251,74.125.24.0-255,1484,32747,82,353227
25775,0.000255,172.31.47.0-255,66,32813,82,353227
25776,0.00026,74.125.24.0-255,2902,35715,82,353227
25777,0.000262,172.31.47.0-255,66,35781,82,353227
25778,0.000291,74.125.24.0-255,5738,41519,82,353227
25779,0.000295,172.31.47.0-255,66,41585,82,353227
25780,0.000298,74.125.24.0-255,1484,43069,82,353227
25781,0.000299,172.31.47.0-255,66,43135,82,353227
25782,0.000326,172.31.47.0-255,66,43201,82,353227
25783,0.000348,74.125.24.0-255,1484,44685,82,353227
25784,0.000352,172.31.47.0-255,66,44751,82,353227
25785,0.000372,74.125.24.0-255,8215,52966,82,353227
25786,0.000374,172.31.47.0-255,66,53032,82,353227
25787,0.000376,74.125.24.0-255,399,53431,82,353227
25788,0.0004,74.125.24.0-255,375,53806,82,353227
25789,0.000769,74.125.24.0-255,1484,55290,82,353227
25790,0.000787,74.125.24.0-255,2902,58192,82,353227
25791,0.00079,74.125.24.0-255,1484,59676,82,353227
25792,0.000796,172.31.47.0-255,66,59742,82,353227
25793,0.000808,74.125.24.0-255,4320,64062,82,353227
25794,0.000811,172.31.47.0-255,66,64128,82,353227
25795,0.000836,74.125.24.0-255,7156,71284,82,353227
25796,0.000849,172.31.47.0-255,66,71350,82,353227
25797,0.000863,74.125.24.0-255,5738,77088,82,353227
25798,0.000868,74.125.24.0-255,2902,79990,82,353227
25799,0.000873,172.31.47.0-255,66,80056,82,353227
25800,0.000911,74.125.24.0-255,7856,87912,82,353227
25801,0.000924,172.31.47.0-255,66,87978,82,353227
25802,0.000962,74.125.24.0-255,1484,89462,82,353227
25803,0.000987,74.125.24.0-255,1484,90946,82,353227
25804,0.00099,172.31.47.0-255,66,91012,82,353227
25805,0.001025,74.125.24.0-255,2902,93914,82,353227
25806,0.001031,74.125.24.0-255,5738,99652,82,353227
25807,0.001039,172.31.47.0-255,66,99718,82,353227
25808,0.001043,74.125.24.0-255,2902,102620,82,353227
25809,0.001057,74.125.24.0-255,5738,108358,82,353227
25810,0.001072,74.125.24.0-255,4320,112678,82,353227
25811,0.001078,74.125.24.0-255,8574,121252,82,353227
25812,0.001085,172.31.47.0-255,66,121318,82,353227
25813,0.00109,74.125.24.0-255,766,122084,82,353227
25814,0.001384,74.125.24.0-255,1484,123568,82,353227
25815,0.001388,172.31.47.0-255,66,123634,82,353227
25816,0.001392,74.125.24.0-255,2902,126536,82,353227
25817,0.001407,74.125.24.0-255,2902,129438,82,353227
25818,0.00141,172.31.47.0-255,66,129504,82,353227
25819,0.001426,74.125.24.0-255,2902,132406,82,353227
25820,0.00145,172.31.47.0-255,66,132472,82,353227
25821,0.001469,74.125.24.0-255,4320,136792,82,353227
25822,0.001486,74.125.24.0-255,6438,143230,82,353227
25823,0.001489,172.31.47.0-255,66,143296,82,353227
25824,0.001492,172.31.47.0-255,66,143362,82,353227
25825,0.00158,74.125.24.0-255,1484,144846,82,353227
25826,0.001597,74.125.24.0-255,2902,147748,82,353227
25827,0.001601,172.31.47.0-255,66,147814,82,353227
25828,0.001638,74.125.24.0-255,5738,153552,82,353227
25829,0.001643,74.125.24.0-255,4320,157872,82,353227
25830,0.001646,172.31.47.0-255,66,157938,82,353227
25831,0.001674,74.125.24.0-255,5738,163676,82,353227
25832,0.00169,74.125.24.0-255,2184,165860,82,353227
25833,0.001697,172.31.47.0-255,66,165926,82,353227
25834,0.001881,74.125.24.0-255,1484,167410,82,353227
25835,0.001898,74.125.24.0-255,2902,170312,82,353227
25836,0.001901,172.31.47.0-255,66,170378,82,353227
25837,0.001924,74.125.24.0-255,5738,176116,82,353227
25838,0.001935,74.125.24.0-255,2902,179018,82,353227
25839,0.001938,172.31.47.0-255,66,179084,82,353227
25840,0.001942,172.31.47.0-255,66,179150,82,353227
25841,0.001958,74.125.24.0-255,7156,186306,82,353227
25842,0.001963,74.125.24.0-255,5738,192044,82,353227
25843,0.001984,74.125.24.0-255,5738,197782,82,353227
25844,0.001987,172.31.47.0-255,66,197848,82,353227
25845,0.001992,172.31.47.0-255,66,197914,82,353227
25846,0.002014,74.125.24.0-255,2184,200098,82,353227
25847,0.002038,172.31.47.0-255,66,200164,82,353227
25848,0.002196,74.125.24.0-255,1484,201648,82,353227
25849,0.002202,74.125.24.0-255,2902,204550,82,353227
25850,0.002206,172.31.47.0-255,66,204616,82,353227
25851,0.00224,74.125.24.0-255,1484,206100,82,353227
25852,0.002258,74.125.24.0-255,4320,210420,82,353227
25853,0.002262,74.125.24.0-255,1484,211904,82,353227
25854,0.002274,74.125.24.0-255,8574,220478,82,353227
25855,0.002279,74.125.24.0-255,5738,226216,82,353227
25856,0.002296,74.125.24.0-255,7856,234072,82,353227
25857,0.002342,74.125.24.0-255,1484,235556,82,353227
25858,0.002369,74.125.24.0-255,4320,239876,82,353227
25859,0.007691,172.31.47.0-255,66,239942,82,353227
25860,0.010061,74.125.24.0-255,5738,245680,82,353227
25861,0.010074,172.31.47.0-255,66,245746,82,353227
25862,0.01241,74.125.24.0-255,5738,251484,82,353227
25863,0.012421,172.31.47.0-255,66,251550,82,353227
25864,0.014757,74.125.24.0-255,5738,257288,82,353227
25865,0.014934,172.31.47.0-255,66,257354,82,353227
25866,0.017288,74.125.24.0-255,5738,263092,82,353227
25867,0.017296,172.31.47.0-255,66,263158,82,353227
25868,0.019639,74.125.24.0-255,5738,268896,82,353227
25869,0.019647,172.31.47.0-255,66,268962,82,353227
25870,0.021989,74.125.24.0-255,5738,274700,82,353227
25871,0.021998,172.31.47.0-255,66,274766,82,353227
25872,0.024339,74.125.24.0-255,5738,280504,82,353227
25873,0.024345,172.31.47.0-255,66,280570,82,353227
25874,0.024687,172.31.47.0-255,172,280742,82,353227
25875,0.024738,172.31.47.0-255,1112,281854,82,353227
25876,0.024808,172.31.47.0-255,1514,283368,82,353227
25877,0.02481,172.31.47.0-255,1289,284657,82,353227
25878,0.026216,104.244.42.0-255,66,284723,82,353227
25879,0.026245,104.244.42.0-255,66,284789,82,353227
25880,0.026351,104.244.42.0-255,66,284855,82,353227
25881,0.026676,74.125.24.0-255,5738,290593,82,353227
25882,0.026681,172.31.47.0-255,66,290659,82,353227
25883,0.029019,74.125.24.0-255,5738,296397,82,353227
25884,0.029027,172.31.47.0-255,66,296463,82,353227
25885,0.031383,74.125.24.0-255,5738,302201,82,353227
25886,0.031388,172.31.47.0-255,66,302267,82,353227
25887,0.033724,74.125.24.0-255,5738,308005,82,353227
25888,0.033731,172.31.47.0-255,66,308071,82,353227
25889,0.036055,74.125.24.0-255,5738,313809,82,353227
25890,0.03606,172.31.47.0-255,66,313875,82,353227
25891,0.038425,74.125.24.0-255,5738,319613,82,353227
25892,0.038431,172.31.47.0-255,66,319679,82,353227
25893,0.040798,74.125.24.0-255,5738,325417,82,353227
25894,0.040804,172.31.47.0-255,66,325483,82,353227
25895,0.043171,74.125.24.0-255,5738,331221,82,353227
25896,0.043177,172.31.47.0-255,66,331287,82,353227
25897,0.045502,74.125.24.0-255,5738,337025,82,353227
25898,0.045507,172.31.47.0-255,66,337091,82,353227
25899,0.047877,74.125.24.0-255,5738,342829,82,353227
25900,0.047884,172.31.47.0-255,66,342895,82,353227
25901,0.050228,74.125.24.0-255,5738,348633,82,353227
25902,0.050234,172.31.47.0-255,66,348699,82,353227
25903,0.052596,74.125.24.0-255,4291,352990,82,353227
25904,0.052601,172.31.47.0-255,66,353056,82,353227
25905,0.052775,172.31.47.0-255,105,353161,82,353227
25906,0.05508,74.125.24.0-255,66,353227,82,353227
25907,0.0,74.125.200.0-255,143,143,82,407078
25908,2.9e-05,172.31.47.0-255,66,209,82,407078
25909,3.5e-05,74.125.200.0-255,1484,1693,82,407078
25910,4e-05,172.31.47.0-255,66,1759,82,407078
25911,5.2e-05,74.125.200.0-255,2902,4661,82,407078
25912,5.4e-05,172.31.47.0-255,66,4727,82,407078
25913,5.9e-05,74.125.200.0-255,2902,7629,82,407078
25914,6.1e-05,172.31.47.0-255,66,7695,82,407078
25915,8.8e-05,74.125.200.0-255,2902,10597,82,407078
25916,9.2e-05,172.31.47.0-255,66,10663,82,407078
25917,0.000156,74.125.200.0-255,3457,14120,82,407078
25918,0.000161,172.31.47.0-255,66,14186,82,407078
25919,0.000189,74.125.200.0-255,1484,15670,82,407078
25920,0.000192,172.31.47.0-255,66,15736,82,407078
25921,0.00021,74.125.200.0-255,2902,18638,82,407078
25922,0.000213,172.31.47.0-255,66,18704,82,407078
25923,0.00024,74.125.200.0-255,4320,23024,82,407078
25924,0.000243,172.31.47.0-255,66,23090,82,407078
25925,0.000269,74.125.200.0-255,4320,27410,82,407078
25926,0.000272,172.31.47.0-255,66,27476,82,407078
25927,0.0003,74.125.200.0-255,3961,31437,82,407078
25928,0.000304,172.31.47.0-255,66,31503,82,407078
25929,0.000444,74.125.200.0-255,1484,32987,82,407078
25930,0.000451,172.31.47.0-255,66,33053,82,407078
25931,0.000478,74.125.200.0-255,2902,35955,82,407078
25932,0.000483,172.31.47.0-255,66,36021,82,407078
25933,0.0005,74.125.200.0-255,4320,40341,82,407078
25934,0.000504,172.31.47.0-255,66,40407,82,407078
25935,0.000524,74.125.200.0-255,5738,46145,82,407078
25936,0.000527,172.31.47.0-255,66,46211,82,407078
25937,0.000557,74.125.200.0-255,6797,53008,82,407078
25938,0.000561,172.31.47.0-255,66,53074,82,407078
25939,0.000564,74.125.200.0-255,1484,54558,82,407078
25940,0.000568,74.125.200.0-255,1484,56042,82,407078
25941,0.00057,172.31.47.0-255,66,56108,82,407078
25942,0.000586,74.125.200.0-255,1484,57592,82,407078
25943,0.000609,74.125.200.0-255,5738,63330,82,407078
25944,0.000612,172.31.47.0-255,66,63396,82,407078
25945,0.000618,74.125.200.0-255,2543,65939,82,407078
25946,0.00062,172.31.47.0-255,66,66005,82,407078
25947,0.000643,74.125.200.0-255,368,66373,82,407078
25948,0.000712,74.125.200.0-255,377,66750,82,407078
25949,0.000832,74.125.200.0-255,1484,68234,82,407078
25950,0.000836,172.31.47.0-255,66,68300,82,407078
25951,0.000853,74.125.200.0-255,2902,71202,82,407078
25952,0.000855,172.31.47.0-255,66,71268,82,407078
25953,0.000887,74.125.200.0-255,2902,74170,82,407078
25954,0.00089,172.31.47.0-255,66,74236,82,407078
25955,0.000896,74.125.200.0-255,4320,78556,82,407078
25956,0.000899,172.31.47.0-255,66,78622,82,407078
25957,0.000916,74.125.200.0-255,1484,80106,82,407078
25958,0.000945,74.125.200.0-255,7156,87262,82,407078
25959,0.000948,172.31.47.0-255,66,87328,82,407078
25960,0.000982,74.125.200.0-255,9992,97320,82,407078
25961,0.000986,172.31.47.0-255,66,97386,82,407078
25962,0.001018,74.125.200.0-255,3602,100988,82,407078
25963,0.001021,172.31.47.0-255,66,101054,82,407078
25964,0.001674,74.125.200.0-255,1484,102538,82,407078
25965,0.001684,74.125.200.0-255,2902,105440,82,407078
25966,0.001689,172.31.47.0-255,66,105506,82,407078
25967,0.001718,74.125.200.0-255,5738,111244,82,407078
25968,0.001721,172.31.47.0-255,66,111310,82,407078
25969,0.00173,74.125.200.0-255,7156,118466,82,407078
25970,0.001732,172.31.47.0-255,66,118532,82,407078
25971,0.00177,74.125.200.0-255,9992,128524,82,407078
25972,0.001773,172.31.47.0-255,66,128590,82,407078
25973,0.001797,74.125.200.0-255,2902,131492,82,407078
25974,0.001799,172.31.47.0-255,66,131558,82,407078
25975,0.001805,74.125.200.0-255,3602,135160,82,407078
25976,0.001806,172.31.47.0-255,66,135226,82,407078
25977,0.001876,74.125.200.0-255,1484,136710,82,407078
25978,0.001879,74.125.200.0-255,1484,138194,82,407078
25979,0.001881,172.31.47.0-255,66,138260,82,407078
25980,0.001904,74.125.200.0-255,1484,139744,82,407078
25981,0.00191,74.125.200.0-255,5738,145482,82,407078
25982,0.001912,172.31.47.0-255,66,145548,82,407078
25983,0.001916,74.125.200.0-255,2902,148450,82,407078
25984,0.001918,172.31.47.0-255,66,148516,82,407078
25985,0.001945,74.125.200.0-255,4320,152836,82,407078
25986,0.001952,172.31.47.0-255,66,152902,82,407078
25987,0.001956,74.125.200.0-255,2902,155804,82,407078
25988,0.001958,172.31.47.0-255,66,155870,82,407078
25989,0.001993,74.125.200.0-255,8574,164444,82,407078
25990,0.001997,172.31.47.0-255,66,164510,82,407078
25991,0.002023,74.125.200.0-255,5020,169530,82,407078
25992,0.002025,172.31.47.0-255,66,169596,82,407078
25993,0.002073,74.125.200.0-255,1484,171080,82,407078
25994,0.002085,74.125.200.0-255,2902,173982,82,407078
25995,0.002088,172.31.47.0-255,66,174048,82,407078
25996,0.002116,74.125.200.0-255,5738,179786,82,407078
25997,0.002118,172.31.47.0-255,66,179852,82,407078
25998,0.002122,74.125.200.0-255,2902,182754,82,407078
25999,0.002124,172.31.47.0-255,66,182820,82,407078
26000,0.002154,74.125.200.0-255,9992,192812,82,407078
26001,0.002156,172.31.47.0-255,66,192878,82,407078
26002,0.002201,74.125.200.0-255,1484,194362,82,407078
26003,0.002217,74.125.200.0-255,9274,203636,82,407078
26004,0.00222,172.31.47.0-255,66,203702,82,407078
26005,0.002249,74.125.200.0-255,1484,205186,82,407078
26006,0.002269,74.125.200.0-255,2902,208088,82,407078
26007,0.002271,172.31.47.0-255,66,208154,82,407078
26008,0.002276,74.125.200.0-255,4320,212474,82,407078
26009,0.002278,172.31.47.0-255,66,212540,82,407078
26010,0.002293,74.125.200.0-255,1484,214024,82,407078
26011,0.002307,74.125.200.0-255,2902,216926,82,407078
26012,0.002309,172.31.47.0-255,66,216992,82,407078
26013,0.002338,74.125.200.0-255,9992,226984,82,407078
26014,0.002341,172.31.47.0-255,66,227050,82,407078
26015,0.002345,74.125.200.0-255,4320,231370,82,407078
26016,0.002347,172.31.47.0-255,66,231436,82,407078
26017,0.002374,74.125.200.0-255,2902,234338,82,407078
26018,0.002377,172.31.47.0-255,66,234404,82,407078
26019,0.002402,74.125.200.0-255,3602,238006,82,407078
26020,0.002404,172.31.47.0-255,66,238072,82,407078
26021,0.002541,74.125.200.0-255,1484,239556,82,407078
26022,0.002556,74.125.200.0-255,2902,242458,82,407078
26023,0.002559,172.31.47.0-255,66,242524,82,407078
26024,0.002576,74.125.200.0-255,2902,245426,82,407078
26025,0.002577,172.31.47.0-255,66,245492,82,407078
26026,0.002605,74.125.200.0-255,2902,248394,82,407078
26027,0.002607,172.31.47.0-255,66,248460,82,407078
26028,0.005151,74.125.200.0-255,2902,251362,82,407078
26029,0.005156,172.31.47.0-255,66,251428,82,407078
26030,0.005186,74.125.200.0-255,2902,254330,82,407078
26031,0.005188,172.31.47.0-255,66,254396,82,407078
26032,0.007723,74.125.200.0-255,2902,257298,82,407078
26033,0.007729,172.31.47.0-255,66,257364,82,407078
26034,0.007754,74.125.200.0-255,2902,260266,82,407078
26035,0.007757,172.31.47.0-255,66,260332,82,407078
26036,0.010308,74.125.200.0-255,2902,263234,82,407078
26037,0.010323,172.31.47.0-255,66,263300,82,407078
26038,0.010361,74.125.200.0-255,2902,266202,82,407078
26039,0.010363,172.31.47.0-255,66,266268,82,407078
26040,0.012886,74.125.200.0-255,2902,269170,82,407078
26041,0.012896,172.31.47.0-255,66,269236,82,407078
26042,0.012938,74.125.200.0-255,2902,272138,82,407078
26043,0.012942,172.31.47.0-255,66,272204,82,407078
26044,0.015465,74.125.200.0-255,2902,275106,82,407078
26045,0.015471,172.31.47.0-255,66,275172,82,407078
26046,0.015506,74.125.200.0-255,2902,278074,82,407078
26047,0.015509,172.31.47.0-255,66,278140,82,407078
26048,0.018038,74.125.200.0-255,2902,281042,82,407078
26049,0.018043,172.31.47.0-255,66,281108,82,407078
26050,0.018074,74.125.200.0-255,2902,284010,82,407078
26051,0.018077,172.31.47.0-255,66,284076,82,407078
26052,0.020612,74.125.200.0-255,2902,286978,82,407078
26053,0.020624,172.31.47.0-255,66,287044,82,407078
26054,0.020663,74.125.200.0-255,2902,289946,82,407078
26055,0.020666,172.31.47.0-255,66,290012,82,407078
26056,0.023202,74.125.200.0-255,2902,292914,82,407078
26057,0.023211,172.31.47.0-255,66,292980,82,407078
26058,0.02324,74.125.200.0-255,2902,295882,82,407078
26059,0.023244,172.31.47.0-255,66,295948,82,407078
26060,0.025516,172.31.47.0-255,171,296119,82,407078
26061,0.025542,172.31.47.0-255,1136,297255,82,407078
26062,0.025581,172.31.47.0-255,1514,298769,82,407078
26063,0.025582,172.31.47.0-255,1263,300032,82,407078
26064,0.025776,74.125.200.0-255,2902,302934,82,407078
26065,0.025781,172.31.47.0-255,66,303000,82,407078
26066,0.025805,74.125.200.0-255,2902,305902,82,407078
26067,0.025808,172.31.47.0-255,66,305968,82,407078
26068,0.027064,104.244.42.0-255,66,306034,82,407078
26069,0.02718,104.244.42.0-255,66,306100,82,407078
26070,0.027183,104.244.42.0-255,66,306166,82,407078
26071,0.028349,74.125.200.0-255,2902,309068,82,407078
26072,0.028354,172.31.47.0-255,66,309134,82,407078
26073,0.028382,74.125.200.0-255,2902,312036,82,407078
26074,0.028385,172.31.47.0-255,66,312102,82,407078
26075,0.030924,74.125.200.0-255,2902,315004,82,407078
26076,0.030931,172.31.47.0-255,66,315070,82,407078
26077,0.030961,74.125.200.0-255,2902,317972,82,407078
26078,0.030964,172.31.47.0-255,66,318038,82,407078
26079,0.033494,74.125.200.0-255,2902,320940,82,407078
26080,0.0335,172.31.47.0-255,66,321006,82,407078
26081,0.033535,74.125.200.0-255,2902,323908,82,407078
26082,0.033539,172.31.47.0-255,66,323974,82,407078
26083,0.036068,74.125.200.0-255,2902,326876,82,407078
26084,0.036074,172.31.47.0-255,66,326942,82,407078
26085,0.036106,74.125.200.0-255,2902,329844,82,407078
26086,0.036109,172.31.47.0-255,66,329910,82,407078
26087,0.038639,74.125.200.0-255,2902,332812,82,407078
26088,0.038644,172.31.47.0-255,66,332878,82,407078
26089,0.038682,74.125.200.0-255,2902,335780,82,407078
26090,0.038685,172.31.47.0-255,66,335846,82,407078
26091,0.041199,74.125.200.0-255,2902,338748,82,407078
26092,0.041219,172.31.47.0-255,66,338814,82,407078
26093,0.041247,74.125.200.0-255,2902,341716,82,407078
26094,0.041251,172.31.47.0-255,66,341782,82,407078
26095,0.043778,74.125.200.0-255,2902,344684,82,407078
26096,0.043782,172.31.47.0-255,66,344750,82,407078
26097,0.04381,74.125.200.0-255,2902,347652,82,407078
26098,0.043813,172.31.47.0-255,66,347718,82,407078
26099,0.046342,74.125.200.0-255,2902,350620,82,407078
26100,0.046348,172.31.47.0-255,66,350686,82,407078
26101,0.04638,74.125.200.0-255,2902,353588,82,407078
26102,0.046383,172.31.47.0-255,66,353654,82,407078
26103,0.048926,74.125.200.0-255,2902,356556,82,407078
26104,0.048933,172.31.47.0-255,66,356622,82,407078
26105,0.048967,74.125.200.0-255,2902,359524,82,407078
26106,0.048969,172.31.47.0-255,66,359590,82,407078
26107,0.051498,74.125.200.0-255,2902,362492,82,407078
26108,0.051504,172.31.47.0-255,66,362558,82,407078
26109,0.051541,74.125.200.0-255,2902,365460,82,407078
26110,0.051544,172.31.47.0-255,66,365526,82,407078
26111,0.054074,74.125.200.0-255,2902,368428,82,407078
26112,0.054084,172.31.47.0-255,66,368494,82,407078
26113,0.054122,74.125.200.0-255,2902,371396,82,407078
26114,0.054124,172.31.47.0-255,66,371462,82,407078
26115,0.056645,74.125.200.0-255,2902,374364,82,407078
26116,0.05665,172.31.47.0-255,66,374430,82,407078
26117,0.056683,74.125.200.0-255,2902,377332,82,407078
26118,0.056687,172.31.47.0-255,66,377398,82,407078
26119,0.059254,74.125.200.0-255,2902,380300,82,407078
26120,0.05926,172.31.47.0-255,66,380366,82,407078
26121,0.059294,74.125.200.0-255,2902,383268,82,407078
26122,0.059296,172.31.47.0-255,66,383334,82,407078
26123,0.061823,74.125.200.0-255,2902,386236,82,407078
26124,0.061829,172.31.47.0-255,66,386302,82,407078
26125,0.061854,74.125.200.0-255,2902,389204,82,407078
26126,0.061857,172.31.47.0-255,66,389270,82,407078
26127,0.064392,74.125.200.0-255,2902,392172,82,407078
26128,0.064398,172.31.47.0-255,66,392238,82,407078
26129,0.064435,74.125.200.0-255,2902,395140,82,407078
26130,0.064437,172.31.47.0-255,66,395206,82,407078
26131,0.066963,74.125.200.0-255,2902,398108,82,407078
26132,0.066968,172.31.47.0-255,66,398174,82,407078
26133,0.067006,74.125.200.0-255,2902,401076,82,407078
26134,0.067009,172.31.47.0-255,66,401142,82,407078
26135,0.069529,74.125.200.0-255,2902,404044,82,407078
26136,0.069534,172.31.47.0-255,66,404110,82,407078
26137,0.069565,74.125.200.0-255,2902,407012,82,407078
26138,0.069568,172.31.47.0-255,66,407078,82,407078
26139,0.0,172.31.47.0-255,105,105,82,459
26140,0.000119,172.31.47.0-255,90,195,82,459
26141,0.000129,172.31.47.0-255,66,261,82,459
26142,0.002375,74.125.24.0-255,66,327,82,459
26143,0.002391,74.125.24.0-255,66,393,82,459
26144,0.002403,172.31.47.0-255,66,459,82,459
26145,0.0,172.217.194.0-255,153,153,82,346555
26146,2.4e-05,172.31.47.0-255,66,219,82,346555
26147,2.9e-05,172.217.194.0-255,1484,1703,82,346555
26148,3.3e-05,172.31.47.0-255,66,1769,82,346555
26149,3.7e-05,172.217.194.0-255,2902,4671,82,346555
26150,3.9e-05,172.31.47.0-255,66,4737,82,346555
26151,7.1e-05,172.217.194.0-255,5738,10475,82,346555
26152,7.3e-05,172.31.47.0-255,66,10541,82,346555
26153,9.5e-05,172.217.194.0-255,3630,14171,82,346555
26154,9.7e-05,172.31.47.0-255,66,14237,82,346555
26155,0.00011,172.217.194.0-255,2902,17139,82,346555
26156,0.000116,172.31.47.0-255,66,17205,82,346555
26157,0.000136,172.217.194.0-255,1484,18689,82,346555
26158,0.00014,172.31.47.0-255,66,18755,82,346555
26159,0.000146,172.217.194.0-255,5738,24493,82,346555
26160,0.000148,172.31.47.0-255,66,24559,82,346555
26161,0.000168,172.217.194.0-255,4320,28879,82,346555
26162,0.00017,172.31.47.0-255,66,28945,82,346555
26163,0.000193,172.217.194.0-255,2543,31488,82,346555
26164,0.000197,172.31.47.0-255,66,31554,82,346555
26165,0.000231,172.217.194.0-255,2902,34456,82,346555
26166,0.000234,172.31.47.0-255,66,34522,82,346555
26167,0.000262,172.217.194.0-255,4320,38842,82,346555
26168,0.000267,172.31.47.0-255,66,38908,82,346555
26169,0.000269,172.217.194.0-255,8574,47482,82,346555
26170,0.000271,172.31.47.0-255,66,47548,82,346555
26171,0.00034,172.31.47.0-255,66,47614,82,346555
26172,0.000344,172.217.194.0-255,2902,50516,82,346555
26173,0.000346,172.31.47.0-255,66,50582,82,346555
26174,0.000372,172.217.194.0-255,2839,53421,82,346555
26175,0.000378,172.31.47.0-255,66,53487,82,346555
26176,0.000977,172.217.194.0-255,381,53868,82,346555
26177,0.001406,172.217.194.0-255,1484,55352,82,346555
26178,0.001411,172.31.47.0-255,66,55418,82,346555
26179,0.00143,172.217.194.0-255,2902,58320,82,346555
26180,0.001431,172.31.47.0-255,66,58386,82,346555
26181,0.001434,172.217.194.0-255,1484,59870,82,346555
26182,0.001459,172.217.194.0-255,4320,64190,82,346555
26183,0.001461,172.31.47.0-255,66,64256,82,346555
26184,0.001467,172.217.194.0-255,7156,71412,82,346555
26185,0.001469,172.31.47.0-255,66,71478,82,346555
26186,0.00149,172.217.194.0-255,5738,77216,82,346555
26187,0.001492,172.31.47.0-255,66,77282,82,346555
26188,0.001511,172.217.194.0-255,1484,78766,82,346555
26189,0.001539,172.217.194.0-255,9274,88040,82,346555
26190,0.001541,172.31.47.0-255,66,88106,82,346555
26191,0.001562,172.217.194.0-255,1484,89590,82,346555
26192,0.001596,172.217.194.0-255,2902,92492,82,346555
26193,0.001598,172.31.47.0-255,66,92558,82,346555
26194,0.001603,172.217.194.0-255,4320,96878,82,346555
26195,0.001605,172.31.47.0-255,66,96944,82,346555
26196,0.001633,172.217.194.0-255,1484,98428,82,346555
26197,0.001637,172.217.194.0-255,1484,99912,82,346555
26198,0.001639,172.31.47.0-255,66,99978,82,346555
26199,0.001647,172.217.194.0-255,8574,108552,82,346555
26200,0.00165,172.31.47.0-255,66,108618,82,346555
26201,0.001688,172.31.47.0-255,66,108684,82,346555
26202,0.001733,172.217.194.0-255,1484,110168,82,346555
26203,0.001754,172.217.194.0-255,2902,113070,82,346555
26204,0.001757,172.31.47.0-255,66,113136,82,346555
26205,0.001762,172.217.194.0-255,5738,118874,82,346555
26206,0.001764,172.31.47.0-255,66,118940,82,346555
26207,0.001797,172.217.194.0-255,2902,121842,82,346555
26208,0.0018,172.31.47.0-255,66,121908,82,346555
26209,0.001832,172.217.194.0-255,9992,131900,82,346555
26210,0.001836,172.31.47.0-255,66,131966,82,346555
26211,0.00184,172.217.194.0-255,10692,142658,82,346555
26212,0.001842,172.31.47.0-255,66,142724,82,346555
26213,0.001944,172.217.194.0-255,1484,144208,82,346555
26214,0.001954,172.217.194.0-255,1484,145692,82,346555
26215,0.001956,172.31.47.0-255,66,145758,82,346555
26216,0.001981,172.217.194.0-255,1484,147242,82,346555
26217,0.001987,172.217.194.0-255,5738,152980,82,346555
26218,0.00199,172.31.47.0-255,66,153046,82,346555
26219,0.001995,172.217.194.0-255,5738,158784,82,346555
26220,0.001997,172.31.47.0-255,66,158850,82,346555
26221,0.002029,172.217.194.0-255,7156,166006,82,346555
26222,0.002031,172.31.47.0-255,66,166072,82,346555
26223,0.00204,172.217.194.0-255,10692,176764,82,346555
26224,0.002042,172.31.47.0-255,66,176830,82,346555
26225,0.002382,172.217.194.0-255,1484,178314,82,346555
26226,0.002388,172.217.194.0-255,2902,181216,82,346555
26227,0.002392,172.31.47.0-255,66,181282,82,346555
26228,0.002396,172.217.194.0-255,2902,184184,82,346555
26229,0.002399,172.31.47.0-255,66,184250,82,346555
26230,0.002422,172.217.194.0-255,2902,187152,82,346555
26231,0.002425,172.31.47.0-255,66,187218,82,346555
26232,0.002433,172.217.194.0-255,8574,195792,82,346555
26233,0.002439,172.31.47.0-255,66,195858,82,346555
26234,0.002466,172.217.194.0-255,4320,200178,82,346555
26235,0.002469,172.31.47.0-255,66,200244,82,346555
26236,0.002484,172.217.194.0-255,1484,201728,82,346555
26237,0.002526,172.217.194.0-255,1484,203212,82,346555
26238,0.002532,172.31.47.0-255,66,203278,82,346555
26239,0.002533,172.31.47.0-255,66,203344,82,346555
26240,0.002574,172.31.47.0-255,66,203410,82,346555
26241,0.002577,172.217.194.0-255,1484,204894,82,346555
26242,0.00258,172.217.194.0-255,1484,206378,82,346555
26243,0.002582,172.31.47.0-255,66,206444,82,346555
26244,0.002587,172.217.194.0-255,4320,210764,82,346555
26245,0.00259,172.31.47.0-255,66,210830,82,346555
26246,0.002598,172.217.194.0-255,9274,220104,82,346555
26247,0.0026,172.31.47.0-255,66,220170,82,346555
26248,0.002604,172.217.194.0-255,2902,223072,82,346555
26249,0.002608,172.217.194.0-255,1484,224556,82,346555
26250,0.002615,172.217.194.0-255,5738,230294,82,346555
26251,0.002621,172.217.194.0-255,7156,237450,82,346555
26252,0.002627,172.31.47.0-255,66,237516,82,346555
26253,0.002628,172.31.47.0-255,66,237582,82,346555
26254,0.002629,172.31.47.0-255,66,237648,82,346555
26255,0.002653,172.217.194.0-255,1484,239132,82,346555
26256,0.002657,172.217.194.0-255,1484,240616,82,346555
26257,0.00266,172.31.47.0-255,66,240682,82,346555
26258,0.002667,172.217.194.0-255,7156,247838,82,346555
26259,0.00267,172.31.47.0-255,66,247904,82,346555
26260,0.002693,172.217.194.0-255,2184,250088,82,346555
26261,0.002696,172.31.47.0-255,66,250154,82,346555
26262,0.002699,172.217.194.0-255,1484,251638,82,346555
26263,0.002719,172.217.194.0-255,1484,253122,82,346555
26264,0.002722,172.31.47.0-255,66,253188,82,346555
26265,0.002727,172.217.194.0-255,2902,256090,82,346555
26266,0.002729,172.31.47.0-255,66,256156,82,346555
26267,0.002755,172.217.194.0-255,5738,261894,82,346555
26268,0.002758,172.31.47.0-255,66,261960,82,346555
26269,0.002785,172.217.194.0-255,9992,271952,82,346555
26270,0.002788,172.31.47.0-255,66,272018,82,346555
26271,0.002817,172.217.194.0-255,2902,274920,82,346555
26272,0.00282,172.31.47.0-255,66,274986,82,346555
26273,0.002829,172.217.194.0-255,9274,284260,82,346555
26274,0.002831,172.31.47.0-255,66,284326,82,346555
26275,0.002834,172.217.194.0-255,1484,285810,82,346555
26276,0.002864,172.217.194.0-255,2902,288712,82,346555
26277,0.002868,172.31.47.0-255,66,288778,82,346555
26278,0.002874,172.217.194.0-255,5738,294516,82,346555
26279,0.002879,172.31.47.0-255,66,294582,82,346555
26280,0.002923,172.31.47.0-255,66,294648,82,346555
26281,0.002927,172.217.194.0-255,10692,305340,82,346555
26282,0.00293,172.31.47.0-255,66,305406,82,346555
26283,0.002955,172.217.194.0-255,1484,306890,82,346555
26284,0.00296,172.217.194.0-255,2902,309792,82,346555
26285,0.002963,172.31.47.0-255,66,309858,82,346555
26286,0.002968,172.217.194.0-255,4320,314178,82,346555
26287,0.002971,172.31.47.0-255,66,314244,82,346555
26288,0.002993,172.217.194.0-255,1484,315728,82,346555
26289,0.003002,172.217.194.0-255,9992,325720,82,346555
26290,0.003005,172.31.47.0-255,66,325786,82,346555
26291,0.003052,172.217.194.0-255,9992,335778,82,346555
26292,0.003059,172.31.47.0-255,66,335844,82,346555
26293,0.00307,172.217.194.0-255,6983,342827,82,346555
26294,0.003077,172.31.47.0-255,66,342893,82,346555
26295,0.00308,172.217.194.0-255,105,342998,82,346555
26296,0.004104,172.31.47.0-255,66,343064,82,346555
26297,0.004127,172.31.47.0-255,105,343169,82,346555
26298,0.006395,172.217.194.0-255,66,343235,82,346555
26299,0.023716,172.31.47.0-255,172,343407,82,346555
26300,0.023745,172.31.47.0-255,1111,344518,82,346555
26301,0.02378,172.31.47.0-255,1514,346032,82,346555
26302,0.023782,172.31.47.0-255,325,346357,82,346555
26303,0.025241,104.244.42.0-255,66,346423,82,346555
26304,0.025305,104.244.42.0-255,66,346489,82,346555
26305,0.02535,104.244.42.0-255,66,346555,82,346555
26306,0.0,74.125.200.0-255,153,153,82,305377
26307,3e-05,172.31.47.0-255,66,219,82,305377
26308,3.7e-05,74.125.200.0-255,1484,1703,82,305377
26309,4.1e-05,172.31.47.0-255,66,1769,82,305377
26310,4.3e-05,74.125.200.0-255,1484,3253,82,305377
26311,4.6e-05,172.31.47.0-255,66,3319,82,305377
26312,5.9e-05,74.125.200.0-255,2902,6221,82,305377
26313,6.2e-05,172.31.47.0-255,66,6287,82,305377
26314,6.7e-05,74.125.200.0-255,2902,9189,82,305377
26315,7e-05,172.31.47.0-255,66,9255,82,305377
26316,0.000102,74.125.200.0-255,2902,12157,82,305377
26317,0.000105,172.31.47.0-255,66,12223,82,305377
26318,0.000109,74.125.200.0-255,3545,15768,82,305377
26319,0.000111,172.31.47.0-255,66,15834,82,305377
26320,0.000116,74.125.200.0-255,4320,20154,82,305377
26321,0.000122,172.31.47.0-255,66,20220,82,305377
26322,0.000154,74.125.200.0-255,7156,27376,82,305377
26323,0.000157,172.31.47.0-255,66,27442,82,305377
26324,0.000183,74.125.200.0-255,2902,30344,82,305377
26325,0.000186,172.31.47.0-255,66,30410,82,305377
26326,0.000189,74.125.200.0-255,1125,31535,82,305377
26327,0.000191,172.31.47.0-255,66,31601,82,305377
26328,0.000254,74.125.200.0-255,1484,33085,82,305377
26329,0.000257,172.31.47.0-255,66,33151,82,305377
26330,0.000261,74.125.200.0-255,2902,36053,82,305377
26331,0.000264,172.31.47.0-255,66,36119,82,305377
26332,0.000285,74.125.200.0-255,5738,41857,82,305377
26333,0.000288,172.31.47.0-255,66,41923,82,305377
26334,0.000298,74.125.200.0-255,4320,46243,82,305377
26335,0.0003,172.31.47.0-255,66,46309,82,305377
26336,0.000328,74.125.200.0-255,5379,51688,82,305377
26337,0.000335,172.31.47.0-255,66,51754,82,305377
26338,0.000338,74.125.200.0-255,1484,53238,82,305377
26339,0.000354,74.125.200.0-255,2902,56140,82,305377
26340,0.000357,172.31.47.0-255,66,56206,82,305377
26341,0.000389,74.125.200.0-255,7156,63362,82,305377
26342,0.000392,172.31.47.0-255,66,63428,82,305377
26343,0.000396,74.125.200.0-255,2854,66282,82,305377
26344,0.000401,172.31.47.0-255,66,66348,82,305377
26345,0.001408,74.125.200.0-255,109,66457,82,305377
26346,0.001524,74.125.200.0-255,1484,67941,82,305377
26347,0.001528,172.31.47.0-255,66,68007,82,305377
26348,0.001533,74.125.200.0-255,1484,69491,82,305377
26349,0.001552,74.125.200.0-255,1484,70975,82,305377
26350,0.001554,172.31.47.0-255,66,71041,82,305377
26351,0.00156,74.125.200.0-255,5738,76779,82,305377
26352,0.001562,172.31.47.0-255,66,76845,82,305377
26353,0.001565,74.125.200.0-255,1484,78329,82,305377
26354,0.001587,74.125.200.0-255,1484,79813,82,305377
26355,0.001589,172.31.47.0-255,66,79879,82,305377
26356,0.001594,74.125.200.0-255,3961,83840,82,305377
26357,0.001596,172.31.47.0-255,66,83906,82,305377
26358,0.001623,74.125.200.0-255,7156,91062,82,305377
26359,0.001625,172.31.47.0-255,66,91128,82,305377
26360,0.001636,74.125.200.0-255,1484,92612,82,305377
26361,0.001644,74.125.200.0-255,2902,95514,82,305377
26362,0.001646,172.31.47.0-255,66,95580,82,305377
26363,0.001679,74.125.200.0-255,5379,100959,82,305377
26364,0.001681,172.31.47.0-255,66,101025,82,305377
26365,0.001745,74.125.200.0-255,1484,102509,82,305377
26366,0.001757,74.125.200.0-255,2902,105411,82,305377
26367,0.001759,172.31.47.0-255,66,105477,82,305377
26368,0.001771,74.125.200.0-255,1484,106961,82,305377
26369,0.001792,74.125.200.0-255,4320,111281,82,305377
26370,0.001794,172.31.47.0-255,66,111347,82,305377
26371,0.001797,74.125.200.0-255,2902,114249,82,305377
26372,0.001799,172.31.47.0-255,66,114315,82,305377
26373,0.001829,74.125.200.0-255,4320,118635,82,305377
26374,0.001831,172.31.47.0-255,66,118701,82,305377
26375,0.001843,172.31.47.0-255,66,118767,82,305377
26376,0.001882,74.125.200.0-255,4320,123087,82,305377
26377,0.001885,172.31.47.0-255,66,123153,82,305377
26378,0.001905,74.125.200.0-255,766,123919,82,305377
26379,0.004069,74.125.200.0-255,2902,126821,82,305377
26380,0.004072,172.31.47.0-255,66,126887,82,305377
26381,0.004094,74.125.200.0-255,1484,128371,82,305377
26382,0.006278,74.125.200.0-255,4320,132691,82,305377
26383,0.006283,172.31.47.0-255,66,132757,82,305377
26384,0.008492,74.125.200.0-255,5738,138495,82,305377
26385,0.0085,172.31.47.0-255,66,138561,82,305377
26386,0.010705,74.125.200.0-255,5738,144299,82,305377
26387,0.010711,172.31.47.0-255,66,144365,82,305377
26388,0.012918,74.125.200.0-255,5738,150103,82,305377
26389,0.012925,172.31.47.0-255,66,150169,82,305377
26390,0.015117,74.125.200.0-255,4320,154489,82,305377
26391,0.015124,172.31.47.0-255,66,154555,82,305377
26392,0.015159,74.125.200.0-255,1484,156039,82,305377
26393,0.017323,74.125.200.0-255,4320,160359,82,305377
26394,0.017331,172.31.47.0-255,66,160425,82,305377
26395,0.019545,74.125.200.0-255,5738,166163,82,305377
26396,0.019552,172.31.47.0-255,66,166229,82,305377
26397,0.021784,74.125.200.0-255,5738,171967,82,305377
26398,0.021791,172.31.47.0-255,66,172033,82,305377
26399,0.023995,74.125.200.0-255,5738,177771,82,305377
26400,0.024003,172.31.47.0-255,66,177837,82,305377
26401,0.026213,74.125.200.0-255,5738,183575,82,305377
26402,0.026219,172.31.47.0-255,66,183641,82,305377
26403,0.0274,172.31.47.0-255,172,183813,82,305377
26404,0.027435,172.31.47.0-255,1111,184924,82,305377
26405,0.0275,172.31.47.0-255,1514,186438,82,305377
26406,0.027502,172.31.47.0-255,1514,187952,82,305377
26407,0.027503,172.31.47.0-255,1514,189466,82,305377
26408,0.027507,172.31.47.0-255,1514,190980,82,305377
26409,0.02753,172.31.47.0-255,1481,192461,82,305377
26410,0.028415,74.125.200.0-255,5738,198199,82,305377
26411,0.02842,172.31.47.0-255,66,198265,82,305377
26412,0.028968,104.244.42.0-255,66,198331,82,305377
26413,0.029012,104.244.42.0-255,66,198397,82,305377
26414,0.029063,104.244.42.0-255,66,198463,82,305377
26415,0.029122,104.244.42.0-255,66,198529,82,305377
26416,0.030607,74.125.200.0-255,2902,201431,82,305377
26417,0.030611,172.31.47.0-255,66,201497,82,305377
26418,0.030643,74.125.200.0-255,2902,204399,82,305377
26419,0.030647,172.31.47.0-255,66,204465,82,305377
26420,0.032814,74.125.200.0-255,2902,207367,82,305377
26421,0.03282,172.31.47.0-255,66,207433,82,305377
26422,0.032855,74.125.200.0-255,2902,210335,82,305377
26423,0.032858,172.31.47.0-255,66,210401,82,305377
26424,0.03501,74.125.200.0-255,2902,213303,82,305377
26425,0.035016,172.31.47.0-255,66,213369,82,305377
26426,0.035048,74.125.200.0-255,2902,216271,82,305377
26427,0.035051,172.31.47.0-255,66,216337,82,305377
26428,0.037206,74.125.200.0-255,2902,219239,82,305377
26429,0.03721,172.31.47.0-255,66,219305,82,305377
26430,0.037246,74.125.200.0-255,2902,222207,82,305377
26431,0.037251,172.31.47.0-255,66,222273,82,305377
26432,0.039408,74.125.200.0-255,2902,225175,82,305377
26433,0.039412,172.31.47.0-255,66,225241,82,305377
26434,0.039453,74.125.200.0-255,2902,228143,82,305377
26435,0.039456,172.31.47.0-255,66,228209,82,305377
26436,0.041608,74.125.200.0-255,2902,231111,82,305377
26437,0.041613,172.31.47.0-255,66,231177,82,305377
26438,0.041654,74.125.200.0-255,2902,234079,82,305377
26439,0.041657,172.31.47.0-255,66,234145,82,305377
26440,0.043811,74.125.200.0-255,2902,237047,82,305377
26441,0.043816,172.31.47.0-255,66,237113,82,305377
26442,0.04387,74.125.200.0-255,2902,240015,82,305377
26443,0.043874,172.31.47.0-255,66,240081,82,305377
26444,0.046015,74.125.200.0-255,2902,242983,82,305377
26445,0.046023,172.31.47.0-255,66,243049,82,305377
26446,0.046063,74.125.200.0-255,2902,245951,82,305377
26447,0.046066,172.31.47.0-255,66,246017,82,305377
26448,0.048245,74.125.200.0-255,2902,248919,82,305377
26449,0.048251,172.31.47.0-255,66,248985,82,305377
26450,0.04828,74.125.200.0-255,2902,251887,82,305377
26451,0.048283,172.31.47.0-255,66,251953,82,305377
26452,0.050438,74.125.200.0-255,2902,254855,82,305377
26453,0.050443,172.31.47.0-255,66,254921,82,305377
26454,0.050476,74.125.200.0-255,2902,257823,82,305377
26455,0.05048,172.31.47.0-255,66,257889,82,305377
26456,0.052642,74.125.200.0-255,2902,260791,82,305377
26457,0.052647,172.31.47.0-255,66,260857,82,305377
26458,0.052685,74.125.200.0-255,2902,263759,82,305377
26459,0.052688,172.31.47.0-255,66,263825,82,305377
26460,0.054847,74.125.200.0-255,2902,266727,82,305377
26461,0.054852,172.31.47.0-255,66,266793,82,305377
26462,0.054885,74.125.200.0-255,2902,269695,82,305377
26463,0.054888,172.31.47.0-255,66,269761,82,305377
26464,0.057051,74.125.200.0-255,2902,272663,82,305377
26465,0.057055,172.31.47.0-255,66,272729,82,305377
26466,0.057082,74.125.200.0-255,2902,275631,82,305377
26467,0.057085,172.31.47.0-255,66,275697,82,305377
26468,0.059243,74.125.200.0-255,2902,278599,82,305377
26469,0.059248,172.31.47.0-255,66,278665,82,305377
26470,0.059281,74.125.200.0-255,2902,281567,82,305377
26471,0.059284,172.31.47.0-255,66,281633,82,305377
26472,0.061438,74.125.200.0-255,2902,284535,82,305377
26473,0.061442,172.31.47.0-255,66,284601,82,305377
26474,0.061471,74.125.200.0-255,2902,287503,82,305377
26475,0.061474,172.31.47.0-255,66,287569,82,305377
26476,0.063644,74.125.200.0-255,2902,290471,82,305377
26477,0.063649,172.31.47.0-255,66,290537,82,305377
26478,0.063691,74.125.200.0-255,2902,293439,82,305377
26479,0.063694,172.31.47.0-255,66,293505,82,305377
26480,0.065872,74.125.200.0-255,2902,296407,82,305377
26481,0.065876,172.31.47.0-255,66,296473,82,305377
26482,0.065915,74.125.200.0-255,2902,299375,82,305377
26483,0.065918,172.31.47.0-255,66,299441,82,305377
26484,0.068076,74.125.200.0-255,2902,302343,82,305377
26485,0.06808,172.31.47.0-255,66,302409,82,305377
26486,0.068123,74.125.200.0-255,2902,305311,82,305377
26487,0.068126,172.31.47.0-255,66,305377,82,305377
26488,0.0,74.125.68.0-255,153,153,82,301646
26489,1.4e-05,172.31.47.0-255,66,219,82,301646
26490,2e-05,74.125.68.0-255,1484,1703,82,301646
26491,2.4e-05,172.31.47.0-255,66,1769,82,301646
26492,2.7e-05,74.125.68.0-255,1484,3253,82,301646
26493,3.5e-05,172.31.47.0-255,66,3319,82,301646
26494,4e-05,74.125.68.0-255,2902,6221,82,301646
26495,4.2e-05,172.31.47.0-255,66,6287,82,301646
26496,8.3e-05,74.125.68.0-255,4320,10607,82,301646
26497,8.6e-05,172.31.47.0-255,66,10673,82,301646
26498,0.00011,74.125.68.0-255,1484,12157,82,301646
26499,0.000112,172.31.47.0-255,66,12223,82,301646
26500,0.000162,74.125.68.0-255,2902,15125,82,301646
26501,0.000164,172.31.47.0-255,66,15191,82,301646
26502,0.000188,74.125.68.0-255,2210,17401,82,301646
26503,0.00019,172.31.47.0-255,66,17467,82,301646
26504,0.00024,74.125.68.0-255,1484,18951,82,301646
26505,0.000243,172.31.47.0-255,66,19017,82,301646
26506,0.000276,74.125.68.0-255,5738,24755,82,301646
26507,0.000278,172.31.47.0-255,66,24821,82,301646
26508,0.000295,74.125.68.0-255,5738,30559,82,301646
26509,0.000297,172.31.47.0-255,66,30625,82,301646
26510,0.000421,74.125.68.0-255,1125,31750,82,301646
26511,0.000425,172.31.47.0-255,66,31816,82,301646
26512,0.00046,172.31.47.0-255,66,31882,82,301646
26513,0.000485,74.125.68.0-255,4320,36202,82,301646
26514,0.000488,172.31.47.0-255,66,36268,82,301646
26515,0.000693,74.125.68.0-255,2902,39170,82,301646
26516,0.000697,172.31.47.0-255,66,39236,82,301646
26517,0.000727,74.125.68.0-255,3961,43197,82,301646
26518,0.000729,172.31.47.0-255,66,43263,82,301646
26519,0.000777,74.125.68.0-255,2902,46165,82,301646
26520,0.000782,172.31.47.0-255,66,46231,82,301646
26521,0.000791,74.125.68.0-255,5738,51969,82,301646
26522,0.000808,74.125.68.0-255,2881,54850,82,301646
26523,0.000829,172.31.47.0-255,66,54916,82,301646
26524,0.000916,74.125.68.0-255,348,55264,82,301646
26525,0.000948,74.125.68.0-255,1484,56748,82,301646
26526,0.000951,172.31.47.0-255,66,56814,82,301646
26527,0.00097,74.125.68.0-255,4320,61134,82,301646
26528,0.000976,172.31.47.0-255,66,61200,82,301646
26529,0.001034,74.125.68.0-255,4320,65520,82,301646
26530,0.001051,74.125.68.0-255,5738,71258,82,301646
26531,0.001055,172.31.47.0-255,66,71324,82,301646
26532,0.001185,74.125.68.0-255,4320,75644,82,301646
26533,0.001189,172.31.47.0-255,66,75710,82,301646
26534,0.001235,172.31.47.0-255,66,75776,82,301646
26535,0.001518,74.125.68.0-255,1484,77260,82,301646
26536,0.001536,74.125.68.0-255,2902,80162,82,301646
26537,0.00154,172.31.47.0-255,66,80228,82,301646
26538,0.00158,74.125.68.0-255,4320,84548,82,301646
26539,0.001596,74.125.68.0-255,1484,86032,82,301646
26540,0.001636,74.125.68.0-255,7156,93188,82,301646
26541,0.001781,74.125.68.0-255,9992,103180,82,301646
26542,0.001792,74.125.68.0-255,2902,106082,82,301646
26543,0.001981,74.125.68.0-255,3602,109684,82,301646
26544,0.001986,74.125.68.0-255,1484,111168,82,301646
26545,0.002009,74.125.68.0-255,5738,116906,82,301646
26546,0.002103,74.125.68.0-255,8574,125480,82,301646
26547,0.002119,74.125.68.0-255,4320,129800,82,301646
26548,0.002478,74.125.68.0-255,5738,135538,82,301646
26549,0.002794,74.125.68.0-255,4320,139858,82,301646
26550,0.002815,74.125.68.0-255,7856,147714,82,301646
26551,0.006841,172.31.47.0-255,66,147780,82,301646
26552,0.009169,74.125.68.0-255,5738,153518,82,301646
26553,0.009177,172.31.47.0-255,66,153584,82,301646
26554,0.011475,74.125.68.0-255,5738,159322,82,301646
26555,0.012273,172.31.47.0-255,66,159388,82,301646
26556,0.014574,74.125.68.0-255,5738,165126,82,301646
26557,0.014587,172.31.47.0-255,66,165192,82,301646
26558,0.016873,74.125.68.0-255,5738,170930,82,301646
26559,0.016881,172.31.47.0-255,66,170996,82,301646
26560,0.019169,74.125.68.0-255,5738,176734,82,301646
26561,0.019175,172.31.47.0-255,66,176800,82,301646
26562,0.021465,74.125.68.0-255,4320,181120,82,301646
26563,0.021471,172.31.47.0-255,66,181186,82,301646
26564,0.021496,74.125.68.0-255,1484,182670,82,301646
26565,0.022586,172.31.47.0-255,172,182842,82,301646
26566,0.022613,172.31.47.0-255,1111,183953,82,301646
26567,0.022662,172.31.47.0-255,1514,185467,82,301646
26568,0.022664,172.31.47.0-255,1451,186918,82,301646
26569,0.023774,74.125.68.0-255,4320,191238,82,301646
26570,0.023781,172.31.47.0-255,66,191304,82,301646
26571,0.024251,104.244.42.0-255,66,191370,82,301646
26572,0.026068,74.125.68.0-255,5738,197108,82,301646
26573,0.026102,172.31.47.0-255,66,197174,82,301646
26574,0.028407,74.125.68.0-255,5738,202912,82,301646
26575,0.028412,172.31.47.0-255,66,202978,82,301646
26576,0.030711,74.125.68.0-255,5738,208716,82,301646
26577,0.030717,172.31.47.0-255,66,208782,82,301646
26578,0.033012,74.125.68.0-255,5738,214520,82,301646
26579,0.033017,172.31.47.0-255,66,214586,82,301646
26580,0.035316,74.125.68.0-255,5738,220324,82,301646
26581,0.035323,172.31.47.0-255,66,220390,82,301646
26582,0.037616,74.125.68.0-255,5738,226128,82,301646
26583,0.037621,172.31.47.0-255,66,226194,82,301646
26584,0.03992,74.125.68.0-255,5738,231932,82,301646
26585,0.039926,172.31.47.0-255,66,231998,82,301646
26586,0.042222,74.125.68.0-255,5738,237736,82,301646
26587,0.042228,172.31.47.0-255,66,237802,82,301646
26588,0.044527,74.125.68.0-255,5738,243540,82,301646
26589,0.044534,172.31.47.0-255,66,243606,82,301646
26590,0.046821,74.125.68.0-255,5738,249344,82,301646
26591,0.047019,172.31.47.0-255,66,249410,82,301646
26592,0.049309,74.125.68.0-255,5738,255148,82,301646
26593,0.049315,172.31.47.0-255,66,255214,82,301646
26594,0.051616,74.125.68.0-255,5738,260952,82,301646
26595,0.051622,172.31.47.0-255,66,261018,82,301646
26596,0.053936,74.125.68.0-255,5738,266756,82,301646
26597,0.053943,172.31.47.0-255,66,266822,82,301646
26598,0.056228,74.125.68.0-255,5738,272560,82,301646
26599,0.056233,172.31.47.0-255,66,272626,82,301646
26600,0.058527,74.125.68.0-255,5738,278364,82,301646
26601,0.058533,172.31.47.0-255,66,278430,82,301646
26602,0.060821,74.125.68.0-255,5738,284168,82,301646
26603,0.060827,172.31.47.0-255,66,284234,82,301646
26604,0.063125,74.125.68.0-255,5738,289972,82,301646
26605,0.063131,172.31.47.0-255,66,290038,82,301646
26606,0.065424,74.125.68.0-255,5738,295776,82,301646
26607,0.065431,172.31.47.0-255,66,295842,82,301646
26608,0.067723,74.125.68.0-255,5738,301580,82,301646
26609,0.067731,172.31.47.0-255,66,301646,82,301646
26610,0.0,172.31.47.0-255,105,105,82,105
26611,0.0,172.31.47.0-255,105,105,82,342
26612,0.001424,157.240.13.0-255,66,171,82,342
26613,0.001459,157.240.13.0-255,105,276,82,342
26614,0.001462,172.31.47.0-255,66,342,82,342
26615,0.0,74.125.200.0-255,431,431,82,193525
26616,1.7e-05,74.125.200.0-255,1484,1915,82,193525
26617,2.8e-05,172.31.47.0-255,66,1981,82,193525
26618,3.5e-05,74.125.200.0-255,2902,4883,82,193525
26619,3.9e-05,172.31.47.0-255,66,4949,82,193525
26620,6.6e-05,74.125.200.0-255,5738,10687,82,193525
26621,7.3e-05,172.31.47.0-255,66,10753,82,193525
26622,0.000219,74.125.200.0-255,1484,12237,82,193525
26623,0.000277,74.125.200.0-255,2162,14399,82,193525
26624,0.00028,172.31.47.0-255,66,14465,82,193525
26625,0.000356,74.125.200.0-255,5738,20203,82,193525
26626,0.00036,172.31.47.0-255,66,20269,82,193525
26627,0.000554,74.125.200.0-255,8574,28843,82,193525
26628,0.000567,74.125.200.0-255,1484,30327,82,193525
26629,0.000577,172.31.47.0-255,66,30393,82,193525
26630,0.002314,74.125.200.0-255,5738,36131,82,193525
26631,0.00232,172.31.47.0-255,66,36197,82,193525
26632,0.002395,74.125.200.0-255,2902,39099,82,193525
26633,0.002398,172.31.47.0-255,66,39165,82,193525
26634,0.002425,74.125.200.0-255,9992,49157,82,193525
26635,0.002868,74.125.200.0-255,2902,52059,82,193525
26636,0.003502,74.125.200.0-255,2902,54961,82,193525
26637,0.003519,74.125.200.0-255,5738,60699,82,193525
26638,0.003535,74.125.200.0-255,9992,70691,82,193525
26639,0.004108,74.125.200.0-255,7156,77847,82,193525
26640,0.004392,172.31.47.0-255,66,77913,82,193525
26641,0.0046,74.125.200.0-255,5738,83651,82,193525
26642,0.004605,172.31.47.0-255,66,83717,82,193525
26643,0.004632,74.125.200.0-255,5738,89455,82,193525
26644,0.004646,172.31.47.0-255,66,89521,82,193525
26645,0.004927,172.31.47.0-255,66,89587,82,193525
26646,0.006707,74.125.200.0-255,7156,96743,82,193525
26647,0.006713,172.31.47.0-255,66,96809,82,193525
26648,0.006869,172.31.47.0-255,66,96875,82,193525
26649,0.006913,172.31.47.0-255,66,96941,82,193525
26650,0.007121,74.125.200.0-255,5738,102679,82,193525
26651,0.007125,172.31.47.0-255,66,102745,82,193525
26652,0.007153,74.125.200.0-255,1174,103919,82,193525
26653,0.007221,74.125.200.0-255,5738,109657,82,193525
26654,0.007225,172.31.47.0-255,66,109723,82,193525
26655,0.007254,74.125.200.0-255,6048,115771,82,193525
26656,0.007258,172.31.47.0-255,66,115837,82,193525
26657,0.007352,74.125.200.0-255,8574,124411,82,193525
26658,0.007357,172.31.47.0-255,66,124477,82,193525
26659,0.007436,172.31.47.0-255,66,124543,82,193525
26660,0.007729,74.125.200.0-255,7510,132053,82,193525
26661,0.007734,172.31.47.0-255,66,132119,82,193525
26662,0.009013,74.125.200.0-255,9992,142111,82,193525
26663,0.00902,172.31.47.0-255,66,142177,82,193525
26664,0.009048,74.125.200.0-255,9134,151311,82,193525
26665,0.00905,172.31.47.0-255,66,151377,82,193525
26666,0.009211,74.125.200.0-255,8574,159951,82,193525
26667,0.009216,172.31.47.0-255,66,160017,82,193525
26668,0.009241,74.125.200.0-255,3406,163423,82,193525
26669,0.009244,172.31.47.0-255,66,163489,82,193525
26670,0.009252,74.125.200.0-255,8574,172063,82,193525
26671,0.009254,172.31.47.0-255,66,172129,82,193525
26672,0.009308,172.31.47.0-255,66,172195,82,193525
26673,0.009332,74.125.200.0-255,2902,175097,82,193525
26674,0.009334,172.31.47.0-255,66,175163,82,193525
26675,0.009712,74.125.200.0-255,9992,185155,82,193525
26676,0.009718,172.31.47.0-255,66,185221,82,193525
26677,0.00978,172.31.47.0-255,66,185287,82,193525
26678,0.010285,172.31.47.0-255,66,185353,82,193525
26679,0.01074,172.31.47.0-255,66,185419,82,193525
26680,0.010838,74.125.200.0-255,2902,188321,82,193525
26681,0.010846,172.31.47.0-255,66,188387,82,193525
26682,0.010947,172.31.47.0-255,66,188453,82,193525
26683,0.012219,172.31.47.0-255,105,188558,82,193525
26684,0.014464,74.125.200.0-255,66,188624,82,193525
26685,0.024778,172.31.47.0-255,172,188796,82,193525
26686,0.024809,172.31.47.0-255,1111,189907,82,193525
26687,0.024863,172.31.47.0-255,1514,191421,82,193525
26688,0.024865,172.31.47.0-255,1514,192935,82,193525
26689,0.024866,172.31.47.0-255,326,193261,82,193525
26690,0.026346,104.244.42.0-255,66,193327,82,193525
26691,0.026381,104.244.42.0-255,66,193393,82,193525
26692,0.026388,104.244.42.0-255,66,193459,82,193525
26693,0.026391,104.244.42.0-255,66,193525,82,193525
26694,0.0,74.125.130.0-255,153,153,82,417003
26695,3e-05,172.31.47.0-255,66,219,82,417003
26696,3.7e-05,74.125.130.0-255,1484,1703,82,417003
26697,4.1e-05,172.31.47.0-255,66,1769,82,417003
26698,4.7e-05,74.125.130.0-255,2902,4671,82,417003
26699,4.9e-05,172.31.47.0-255,66,4737,82,417003
26700,5.6e-05,74.125.130.0-255,5738,10475,82,417003
26701,5.9e-05,172.31.47.0-255,66,10541,82,417003
26702,6.4e-05,74.125.130.0-255,3592,14133,82,417003
26703,6.6e-05,172.31.47.0-255,66,14199,82,417003
26704,7.1e-05,74.125.130.0-255,1484,15683,82,417003
26705,7.3e-05,172.31.47.0-255,66,15749,82,417003
26706,9.8e-05,74.125.130.0-255,2902,18651,82,417003
26707,0.000101,172.31.47.0-255,66,18717,82,417003
26708,0.000104,74.125.130.0-255,1484,20201,82,417003
26709,0.000106,172.31.47.0-255,66,20267,82,417003
26710,0.00013,74.125.130.0-255,8574,28841,82,417003
26711,0.000132,172.31.47.0-255,66,28907,82,417003
26712,0.000156,74.125.130.0-255,2543,31450,82,417003
26713,0.000158,172.31.47.0-255,66,31516,82,417003
26714,0.000192,74.125.130.0-255,2902,34418,82,417003
26715,0.000195,172.31.47.0-255,66,34484,82,417003
26716,0.000212,74.125.130.0-255,2902,37386,82,417003
26717,0.000214,172.31.47.0-255,66,37452,82,417003
26718,0.000219,74.125.130.0-255,4320,41772,82,417003
26719,0.000221,172.31.47.0-255,66,41838,82,417003
26720,0.000268,74.125.130.0-255,1484,43322,82,417003
26721,0.00027,172.31.47.0-255,66,43388,82,417003
26722,0.000291,74.125.130.0-255,5379,48767,82,417003
26723,0.000293,172.31.47.0-255,66,48833,82,417003
26724,0.000393,74.125.130.0-255,1484,50317,82,417003
26725,0.000396,172.31.47.0-255,66,50383,82,417003
26726,0.000401,74.125.130.0-255,2902,53285,82,417003
26727,0.000405,74.125.130.0-255,1484,54769,82,417003
26728,0.000428,74.125.130.0-255,2902,57671,82,417003
26729,0.000439,74.125.130.0-255,2902,60573,82,417003
26730,0.000452,74.125.130.0-255,2902,63475,82,417003
26731,0.000465,74.125.130.0-255,2543,66018,82,417003
26732,0.000529,74.125.130.0-255,1484,67502,82,417003
26733,0.000542,74.125.130.0-255,2902,70404,82,417003
26734,0.000559,74.125.130.0-255,5738,76142,82,417003
26735,0.000583,74.125.130.0-255,6797,82939,82,417003
26736,0.000597,172.31.47.0-255,66,83005,82,417003
26737,0.000614,74.125.130.0-255,4320,87325,82,417003
26738,0.000635,74.125.130.0-255,7156,94481,82,417003
26739,0.000645,172.31.47.0-255,66,94547,82,417003
26740,0.000663,74.125.130.0-255,2902,97449,82,417003
26741,0.000671,172.31.47.0-255,66,97515,82,417003
26742,0.000679,74.125.130.0-255,2543,100058,82,417003
26743,0.000683,172.31.47.0-255,66,100124,82,417003
26744,0.000951,74.125.130.0-255,1484,101608,82,417003
26745,0.000955,74.125.130.0-255,1484,103092,82,417003
26746,0.000967,74.125.130.0-255,1484,104576,82,417003
26747,0.000976,74.125.130.0-255,1484,106060,82,417003
26748,0.000982,172.31.47.0-255,66,106126,82,417003
26749,0.000999,74.125.130.0-255,4320,110446,82,417003
26750,0.001002,172.31.47.0-255,66,110512,82,417003
26751,0.001039,74.125.130.0-255,7156,117668,82,417003
26752,0.001046,172.31.47.0-255,66,117734,82,417003
26753,0.001056,74.125.130.0-255,5738,123472,82,417003
26754,0.001061,74.125.130.0-255,5738,129210,82,417003
26755,0.001064,172.31.47.0-255,66,129276,82,417003
26756,0.001072,74.125.130.0-255,1484,130760,82,417003
26757,0.001084,74.125.130.0-255,3602,134362,82,417003
26758,0.001096,172.31.47.0-255,66,134428,82,417003
26759,0.001148,74.125.130.0-255,5738,140166,82,417003
26760,0.001156,74.125.130.0-255,7156,147322,82,417003
26761,0.001176,74.125.130.0-255,3961,151283,82,417003
26762,0.001313,74.125.130.0-255,1484,152767,82,417003
26763,0.001325,74.125.130.0-255,2902,155669,82,417003
26764,0.001337,74.125.130.0-255,1484,157153,82,417003
26765,0.001352,74.125.130.0-255,4320,161473,82,417003
26766,0.001375,74.125.130.0-255,4320,165793,82,417003
26767,0.001402,74.125.130.0-255,8574,174367,82,417003
26768,0.001435,74.125.130.0-255,5738,180105,82,417003
26769,0.001457,74.125.130.0-255,5020,185125,82,417003
26770,0.0015,74.125.130.0-255,1484,186609,82,417003
26771,0.001517,74.125.130.0-255,2902,189511,82,417003
26772,0.00152,74.125.130.0-255,1484,190995,82,417003
26773,0.001533,74.125.130.0-255,1484,192479,82,417003
26774,0.001538,74.125.130.0-255,4320,196799,82,417003
26775,0.001565,74.125.130.0-255,4320,201119,82,417003
26776,0.001582,74.125.130.0-255,4320,205439,82,417003
26777,0.001584,74.125.130.0-255,1484,206923,82,417003
26778,0.001605,74.125.130.0-255,5738,212661,82,417003
26779,0.001622,74.125.130.0-255,5738,218399,82,417003
26780,0.001638,74.125.130.0-255,2184,220583,82,417003
26781,0.001641,74.125.130.0-255,2902,223485,82,417003
26782,0.001658,74.125.130.0-255,2902,226387,82,417003
26783,0.001661,74.125.130.0-255,1484,227871,82,417003
26784,0.001676,74.125.130.0-255,2902,230773,82,417003
26785,0.001687,74.125.130.0-255,2902,233675,82,417003
26786,0.001703,74.125.130.0-255,2902,236577,82,417003
26787,0.001717,74.125.130.0-255,5738,242315,82,417003
26788,0.001737,74.125.130.0-255,5738,248053,82,417003
26789,0.001758,74.125.130.0-255,1484,249537,82,417003
26790,0.001778,74.125.130.0-255,3602,253139,82,417003
26791,0.001786,74.125.130.0-255,1484,254623,82,417003
26792,0.001788,74.125.130.0-255,1484,256107,82,417003
26793,0.001802,74.125.130.0-255,1484,257591,82,417003
26794,0.001805,74.125.130.0-255,1484,259075,82,417003
26795,0.001825,74.125.130.0-255,4320,263395,82,417003
26796,0.00183,74.125.130.0-255,4320,267715,82,417003
26797,0.001844,74.125.130.0-255,2902,270617,82,417003
26798,0.001846,74.125.130.0-255,1484,272101,82,417003
26799,0.001869,74.125.130.0-255,7156,279257,82,417003
26800,0.001903,74.125.130.0-255,4320,283577,82,417003
26801,0.001917,74.125.130.0-255,3602,287179,82,417003
26802,0.002033,74.125.130.0-255,1484,288663,82,417003
26803,0.002046,74.125.130.0-255,2902,291565,82,417003
26804,0.002058,74.125.130.0-255,4320,295885,82,417003
26805,0.002067,74.125.130.0-255,1484,297369,82,417003
26806,0.002117,74.125.130.0-255,5738,303107,82,417003
26807,0.002129,74.125.130.0-255,2902,306009,82,417003
26808,0.002137,74.125.130.0-255,9992,316001,82,417003
26809,0.002142,74.125.130.0-255,5020,321021,82,417003
26810,0.002219,74.125.130.0-255,1484,322505,82,417003
26811,0.002229,74.125.130.0-255,1484,323989,82,417003
26812,0.00224,74.125.130.0-255,1484,325473,82,417003
26813,0.002262,74.125.130.0-255,2902,328375,82,417003
26814,0.002275,74.125.130.0-255,2902,331277,82,417003
26815,0.002295,74.125.130.0-255,5738,337015,82,417003
26816,0.002298,74.125.130.0-255,1484,338499,82,417003
26817,0.002318,74.125.130.0-255,5738,344237,82,417003
26818,0.002346,74.125.130.0-255,8574,352811,82,417003
26819,0.002361,74.125.130.0-255,2184,354995,82,417003
26820,0.002433,74.125.130.0-255,1484,356479,82,417003
26821,0.002446,74.125.130.0-255,2902,359381,82,417003
26822,0.002468,74.125.130.0-255,5738,365119,82,417003
26823,0.002491,74.125.130.0-255,2902,368021,82,417003
26824,0.002503,74.125.130.0-255,4320,372341,82,417003
26825,0.002517,74.125.130.0-255,4320,376661,82,417003
26826,0.002533,74.125.130.0-255,4320,380981,82,417003
26827,0.00255,74.125.130.0-255,7856,388837,82,417003
26828,0.002552,74.125.130.0-255,1484,390321,82,417003
26829,0.002555,74.125.130.0-255,1484,391805,82,417003
26830,0.002564,74.125.130.0-255,1484,393289,82,417003
26831,0.002574,74.125.130.0-255,1484,394773,82,417003
26832,0.002577,74.125.130.0-255,1484,396257,82,417003
26833,0.002594,74.125.130.0-255,4320,400577,82,417003
26834,0.002619,74.125.130.0-255,2902,403479,82,417003
26835,0.002632,74.125.130.0-255,2902,406381,82,417003
26836,0.002637,74.125.130.0-255,2902,409283,82,417003
26837,0.002655,74.125.130.0-255,2824,412107,82,417003
26838,0.002657,74.125.130.0-255,97,412204,82,417003
26839,0.002745,74.125.130.0-255,105,412309,82,417003
26840,0.005874,172.31.47.0-255,66,412375,82,417003
26841,0.008434,172.31.47.0-255,105,412480,82,417003
26842,0.010936,74.125.130.0-255,66,412546,82,417003
26843,0.041052,172.31.47.0-255,172,412718,82,417003
26844,0.04108,172.31.47.0-255,1111,413829,82,417003
26845,0.04123,172.31.47.0-255,1514,415343,82,417003
26846,0.041232,172.31.47.0-255,1288,416631,82,417003
26847,0.042618,104.244.42.0-255,66,416697,82,417003
26848,0.042638,104.244.42.0-255,66,416763,82,417003
26849,0.042809,104.244.42.0-255,66,416829,82,417003
26850,0.043341,104.244.42.0-255,108,416937,82,417003
26851,0.043348,172.31.47.0-255,66,417003,82,417003
26852,0.0,172.217.194.0-255,153,153,82,369643
26853,2.3e-05,172.31.47.0-255,66,219,82,369643
26854,3e-05,172.217.194.0-255,1484,1703,82,369643
26855,3.3e-05,172.31.47.0-255,66,1769,82,369643
26856,3.7e-05,172.217.194.0-255,2902,4671,82,369643
26857,3.9e-05,172.31.47.0-255,66,4737,82,369643
26858,7.1e-05,172.217.194.0-255,7156,11893,82,369643
26859,7.4e-05,172.31.47.0-255,66,11959,82,369643
26860,7.7e-05,172.217.194.0-255,2104,14063,82,369643
26861,7.9e-05,172.31.47.0-255,66,14129,82,369643
26862,0.000107,172.217.194.0-255,7156,21285,82,369643
26863,0.000109,172.31.47.0-255,66,21351,82,369643
26864,0.000133,172.217.194.0-255,4320,25671,82,369643
26865,0.000135,172.31.47.0-255,66,25737,82,369643
26866,0.00014,172.217.194.0-255,5379,31116,82,369643
26867,0.000142,172.31.47.0-255,66,31182,82,369643
26868,0.000185,172.217.194.0-255,1484,32666,82,369643
26869,0.000187,172.31.47.0-255,66,32732,82,369643
26870,0.000192,172.217.194.0-255,2902,35634,82,369643
26871,0.000194,172.31.47.0-255,66,35700,82,369643
26872,0.000215,172.217.194.0-255,5738,41438,82,369643
26873,0.000218,172.31.47.0-255,66,41504,82,369643
26874,0.000243,172.217.194.0-255,7156,48660,82,369643
26875,0.000246,172.31.47.0-255,66,48726,82,369643
26876,0.000275,172.217.194.0-255,5379,54105,82,369643
26877,0.000278,172.31.47.0-255,66,54171,82,369643
26878,0.000283,172.217.194.0-255,5738,59909,82,369643
26879,0.000285,172.31.47.0-255,66,59975,82,369643
26880,0.000317,172.217.194.0-255,5379,65354,82,369643
26881,0.000321,172.31.47.0-255,66,65420,82,369643
26882,0.000778,172.217.194.0-255,359,65779,82,369643
26883,0.000785,172.31.47.0-255,66,65845,82,369643
26884,0.000822,172.217.194.0-255,1484,67329,82,369643
26885,0.000826,172.217.194.0-255,2902,70231,82,369643
26886,0.000831,172.31.47.0-255,66,70297,82,369643
26887,0.000854,172.217.194.0-255,5738,76035,82,369643
26888,0.000857,172.31.47.0-255,66,76101,82,369643
26889,0.00086,172.217.194.0-255,1484,77585,82,369643
26890,0.000886,172.217.194.0-255,7156,84741,82,369643
26891,0.000889,172.31.47.0-255,66,84807,82,369643
26892,0.000921,172.217.194.0-255,4320,89127,82,369643
26893,0.000924,172.31.47.0-255,66,89193,82,369643
26894,0.000931,172.217.194.0-255,8574,97767,82,369643
26895,0.000934,172.31.47.0-255,66,97833,82,369643
26896,0.000937,172.217.194.0-255,2184,100017,82,369643
26897,0.000945,172.31.47.0-255,66,100083,82,369643
26898,0.000986,172.217.194.0-255,1484,101567,82,369643
26899,0.00099,172.217.194.0-255,2902,104469,82,369643
26900,0.000993,172.31.47.0-255,66,104535,82,369643
26901,0.000996,172.217.194.0-255,1484,106019,82,369643
26902,0.001025,172.217.194.0-255,4320,110339,82,369643
26903,0.001028,172.31.47.0-255,66,110405,82,369643
26904,0.001033,172.217.194.0-255,5738,116143,82,369643
26905,0.001035,172.31.47.0-255,66,116209,82,369643
26906,0.001079,172.217.194.0-255,7156,123365,82,369643
26907,0.001082,172.31.47.0-255,66,123431,82,369643
26908,0.00109,172.217.194.0-255,9992,133423,82,369643
26909,0.001092,172.31.47.0-255,66,133489,82,369643
26910,0.0011,172.217.194.0-255,766,134255,82,369643
26911,0.001102,172.217.194.0-255,1484,135739,82,369643
26912,0.001104,172.31.47.0-255,66,135805,82,369643
26913,0.001108,172.217.194.0-255,4320,140125,82,369643
26914,0.00111,172.31.47.0-255,66,140191,82,369643
26915,0.001175,172.217.194.0-255,9992,150183,82,369643
26916,0.001182,172.217.194.0-255,7156,157339,82,369643
26917,0.001203,172.217.194.0-255,2902,160241,82,369643
26918,0.001222,172.217.194.0-255,7156,167397,82,369643
26919,0.001234,172.31.47.0-255,66,167463,82,369643
26920,0.001242,172.217.194.0-255,1083,168546,82,369643
26921,0.001783,172.31.47.0-255,66,168612,82,369643
26922,0.002021,172.217.194.0-255,1484,170096,82,369643
26923,0.002028,172.217.194.0-255,2902,172998,82,369643
26924,0.00203,172.31.47.0-255,66,173064,82,369643
26925,0.002055,172.217.194.0-255,4320,177384,82,369643
26926,0.002057,172.31.47.0-255,66,177450,82,369643
26927,0.00404,172.217.194.0-255,1484,178934,82,369643
26928,0.004057,172.217.194.0-255,4320,183254,82,369643
26929,0.004061,172.31.47.0-255,66,183320,82,369643
26930,0.006052,172.217.194.0-255,4320,187640,82,369643
26931,0.006057,172.31.47.0-255,66,187706,82,369643
26932,0.006089,172.217.194.0-255,1484,189190,82,369643
26933,0.008094,172.217.194.0-255,4320,193510,82,369643
26934,0.0081,172.31.47.0-255,66,193576,82,369643
26935,0.010104,172.217.194.0-255,5738,199314,82,369643
26936,0.01011,172.31.47.0-255,66,199380,82,369643
26937,0.012131,172.217.194.0-255,5738,205118,82,369643
26938,0.012143,172.31.47.0-255,66,205184,82,369643
26939,0.014173,172.217.194.0-255,5738,210922,82,369643
26940,0.014179,172.31.47.0-255,66,210988,82,369643
26941,0.016204,172.217.194.0-255,5738,216726,82,369643
26942,0.016211,172.31.47.0-255,66,216792,82,369643
26943,0.018259,172.217.194.0-255,5738,222530,82,369643
26944,0.018265,172.31.47.0-255,66,222596,82,369643
26945,0.019638,172.31.47.0-255,200,222796,82,369643
26946,0.019681,172.31.47.0-255,1107,223903,82,369643
26947,0.019753,172.31.47.0-255,1514,225417,82,369643
26948,0.019755,172.31.47.0-255,1292,226709,82,369643
26949,0.020278,172.217.194.0-255,5738,232447,82,369643
26950,0.020285,172.31.47.0-255,66,232513,82,369643
26951,0.021207,104.244.42.0-255,66,232579,82,369643
26952,0.021262,104.244.42.0-255,66,232645,82,369643
26953,0.021344,104.244.42.0-255,66,232711,82,369643
26954,0.02203,104.244.42.0-255,108,232819,82,369643
26955,0.022034,172.31.47.0-255,66,232885,82,369643
26956,0.0223,172.217.194.0-255,1484,234369,82,369643
26957,0.022328,172.217.194.0-255,4320,238689,82,369643
26958,0.022332,172.31.47.0-255,66,238755,82,369643
26959,0.024341,172.217.194.0-255,2902,241657,82,369643
26960,0.024346,172.31.47.0-255,66,241723,82,369643
26961,0.024383,172.217.194.0-255,2902,244625,82,369643
26962,0.024386,172.31.47.0-255,66,244691,82,369643
26963,0.02635,172.217.194.0-255,2902,247593,82,369643
26964,0.026355,172.31.47.0-255,66,247659,82,369643
26965,0.026402,172.217.194.0-255,2902,250561,82,369643
26966,0.026405,172.31.47.0-255,66,250627,82,369643
26967,0.028422,172.217.194.0-255,2902,253529,82,369643
26968,0.028427,172.31.47.0-255,66,253595,82,369643
26969,0.028452,172.217.194.0-255,2902,256497,82,369643
26970,0.028454,172.31.47.0-255,66,256563,82,369643
26971,0.030426,172.217.194.0-255,2902,259465,82,369643
26972,0.030431,172.31.47.0-255,66,259531,82,369643
26973,0.030456,172.217.194.0-255,2902,262433,82,369643
26974,0.030459,172.31.47.0-255,66,262499,82,369643
26975,0.032471,172.217.194.0-255,5738,268237,82,369643
26976,0.032476,172.31.47.0-255,66,268303,82,369643
26977,0.034483,172.217.194.0-255,5738,274041,82,369643
26978,0.034487,172.31.47.0-255,66,274107,82,369643
26979,0.036496,172.217.194.0-255,5738,279845,82,369643
26980,0.036502,172.31.47.0-255,66,279911,82,369643
26981,0.038527,172.217.194.0-255,4320,284231,82,369643
26982,0.038532,172.31.47.0-255,66,284297,82,369643
26983,0.038559,172.217.194.0-255,1484,285781,82,369643
26984,0.040539,172.217.194.0-255,4320,290101,82,369643
26985,0.040543,172.31.47.0-255,66,290167,82,369643
26986,0.042543,172.217.194.0-255,2902,293069,82,369643
26987,0.042548,172.31.47.0-255,66,293135,82,369643
26988,0.042585,172.217.194.0-255,2902,296037,82,369643
26989,0.042588,172.31.47.0-255,66,296103,82,369643
26990,0.044574,172.217.194.0-255,5738,301841,82,369643
26991,0.04458,172.31.47.0-255,66,301907,82,369643
26992,0.046562,172.217.194.0-255,4320,306227,82,369643
26993,0.046568,172.31.47.0-255,66,306293,82,369643
26994,0.046598,172.217.194.0-255,1484,307777,82,369643
26995,0.048557,172.217.194.0-255,4320,312097,82,369643
26996,0.048561,172.31.47.0-255,66,312163,82,369643
26997,0.050549,172.217.194.0-255,5738,317901,82,369643
26998,0.050555,172.31.47.0-255,66,317967,82,369643
26999,0.052559,172.217.194.0-255,5738,323705,82,369643
27000,0.052564,172.31.47.0-255,66,323771,82,369643
27001,0.054618,172.217.194.0-255,4320,328091,82,369643
27002,0.054624,172.31.47.0-255,66,328157,82,369643
27003,0.054688,172.217.194.0-255,1484,329641,82,369643
27004,0.05661,172.217.194.0-255,4320,333961,82,369643
27005,0.056615,172.31.47.0-255,66,334027,82,369643
27006,0.058625,172.217.194.0-255,2902,336929,82,369643
27007,0.058629,172.31.47.0-255,66,336995,82,369643
27008,0.058665,172.217.194.0-255,2902,339897,82,369643
27009,0.058668,172.31.47.0-255,66,339963,82,369643
27010,0.060652,172.217.194.0-255,2902,342865,82,369643
27011,0.060656,172.31.47.0-255,66,342931,82,369643
27012,0.060697,172.217.194.0-255,2902,345833,82,369643
27013,0.0607,172.31.47.0-255,66,345899,82,369643
27014,0.062682,172.217.194.0-255,2902,348801,82,369643
27015,0.062687,172.31.47.0-255,66,348867,82,369643
27016,0.062722,172.217.194.0-255,2902,351769,82,369643
27017,0.062726,172.31.47.0-255,66,351835,82,369643
27018,0.064665,172.217.194.0-255,2902,354737,82,369643
27019,0.064669,172.31.47.0-255,66,354803,82,369643
27020,0.064728,172.217.194.0-255,2902,357705,82,369643
27021,0.064731,172.31.47.0-255,66,357771,82,369643
27022,0.066667,172.217.194.0-255,2902,360673,82,369643
27023,0.066672,172.31.47.0-255,66,360739,82,369643
27024,0.066734,172.217.194.0-255,2902,363641,82,369643
27025,0.066739,172.31.47.0-255,66,363707,82,369643
27026,0.068695,172.217.194.0-255,2902,366609,82,369643
27027,0.068699,172.31.47.0-255,66,366675,82,369643
27028,0.068735,172.217.194.0-255,2902,369577,82,369643
27029,0.068738,172.31.47.0-255,66,369643,82,369643
27030,0.0,172.217.194.0-255,153,153,82,308128
27031,3.3e-05,172.31.47.0-255,66,219,82,308128
27032,4e-05,172.217.194.0-255,1484,1703,82,308128
27033,4.3e-05,172.31.47.0-255,66,1769,82,308128
27034,4.8e-05,172.217.194.0-255,2902,4671,82,308128
27035,5e-05,172.31.47.0-255,66,4737,82,308128
27036,6.1e-05,172.217.194.0-255,2902,7639,82,308128
27037,6.4e-05,172.31.47.0-255,66,7705,82,308128
27038,6.9e-05,172.217.194.0-255,4320,12025,82,308128
27039,7.1e-05,172.31.47.0-255,66,12091,82,308128
27040,8.2e-05,172.217.194.0-255,2902,14993,82,308128
27041,8.6e-05,172.31.47.0-255,66,15059,82,308128
27042,0.000122,172.217.194.0-255,6511,21570,82,308128
27043,0.000126,172.31.47.0-255,66,21636,82,308128
27044,0.000132,172.217.194.0-255,5738,27374,82,308128
27045,0.000134,172.31.47.0-255,66,27440,82,308128
27046,0.000139,172.217.194.0-255,3961,31401,82,308128
27047,0.000141,172.31.47.0-255,66,31467,82,308128
27048,0.000255,172.217.194.0-255,1484,32951,82,308128
27049,0.000259,172.31.47.0-255,66,33017,82,308128
27050,0.000264,172.217.194.0-255,2902,35919,82,308128
27051,0.000267,172.31.47.0-255,66,35985,82,308128
27052,0.000271,172.217.194.0-255,2902,38887,82,308128
27053,0.000279,172.31.47.0-255,66,38953,82,308128
27054,0.000306,172.217.194.0-255,2902,41855,82,308128
27055,0.000309,172.31.47.0-255,66,41921,82,308128
27056,0.000322,172.217.194.0-255,6797,48718,82,308128
27057,0.000325,172.31.47.0-255,66,48784,82,308128
27058,0.000331,172.217.194.0-255,4320,53104,82,308128
27059,0.000333,172.31.47.0-255,66,53170,82,308128
27060,0.000372,172.217.194.0-255,9992,63162,82,308128
27061,0.000376,172.31.47.0-255,66,63228,82,308128
27062,0.00038,172.217.194.0-255,2791,66019,82,308128
27063,0.000385,172.31.47.0-255,66,66085,82,308128
27064,0.000409,172.217.194.0-255,120,66205,82,308128
27065,0.00053,172.217.194.0-255,1484,67689,82,308128
27066,0.000534,172.31.47.0-255,66,67755,82,308128
27067,0.000539,172.217.194.0-255,2902,70657,82,308128
27068,0.000542,172.31.47.0-255,66,70723,82,308128
27069,0.000554,172.217.194.0-255,5738,76461,82,308128
27070,0.000556,172.217.194.0-255,1484,77945,82,308128
27071,0.000557,172.31.47.0-255,66,78011,82,308128
27072,0.000588,172.217.194.0-255,4320,82331,82,308128
27073,0.000596,172.31.47.0-255,66,82397,82,308128
27074,0.000607,172.217.194.0-255,1442,83839,82,308128
27075,0.000652,172.217.194.0-255,1484,85323,82,308128
27076,0.000655,172.31.47.0-255,66,85389,82,308128
27077,0.00066,172.217.194.0-255,2902,88291,82,308128
27078,0.000662,172.31.47.0-255,66,88357,82,308128
27079,0.000679,172.217.194.0-255,5738,94095,82,308128
27080,0.000682,172.31.47.0-255,66,94161,82,308128
27081,0.000713,172.217.194.0-255,6797,100958,82,308128
27082,0.000716,172.31.47.0-255,66,101024,82,308128
27083,0.001296,172.217.194.0-255,1484,102508,82,308128
27084,0.001314,172.217.194.0-255,2902,105410,82,308128
27085,0.001318,172.31.47.0-255,66,105476,82,308128
27086,0.001321,172.217.194.0-255,1484,106960,82,308128
27087,0.001346,172.217.194.0-255,4320,111280,82,308128
27088,0.001348,172.31.47.0-255,66,111346,82,308128
27089,0.001354,172.217.194.0-255,7156,118502,82,308128
27090,0.001356,172.31.47.0-255,66,118568,82,308128
27091,0.001381,172.217.194.0-255,5738,124306,82,308128
27092,0.001383,172.31.47.0-255,66,124372,82,308128
27093,0.001391,172.217.194.0-255,10692,135064,82,308128
27094,0.001393,172.31.47.0-255,66,135130,82,308128
27095,0.002347,172.217.194.0-255,1484,136614,82,308128
27096,0.003714,172.217.194.0-255,4320,140934,82,308128
27097,0.003718,172.31.47.0-255,66,141000,82,308128
27098,0.006073,172.217.194.0-255,5738,146738,82,308128
27099,0.006077,172.31.47.0-255,66,146804,82,308128
27100,0.008453,172.217.194.0-255,5738,152542,82,308128
27101,0.008461,172.31.47.0-255,66,152608,82,308128
27102,0.010818,172.217.194.0-255,5738,158346,82,308128
27103,0.010827,172.31.47.0-255,66,158412,82,308128
27104,0.013181,172.217.194.0-255,5738,164150,82,308128
27105,0.013191,172.31.47.0-255,66,164216,82,308128
27106,0.015503,172.217.194.0-255,5738,169954,82,308128
27107,0.015513,172.31.47.0-255,66,170020,82,308128
27108,0.017824,172.217.194.0-255,5738,175758,82,308128
27109,0.017833,172.31.47.0-255,66,175824,82,308128
27110,0.020186,172.217.194.0-255,5738,181562,82,308128
27111,0.020194,172.31.47.0-255,66,181628,82,308128
27112,0.022545,172.217.194.0-255,5738,187366,82,308128
27113,0.022551,172.31.47.0-255,66,187432,82,308128
27114,0.022859,172.31.47.0-255,171,187603,82,308128
27115,0.023014,172.31.47.0-255,1131,188734,82,308128
27116,0.023092,172.31.47.0-255,1514,190248,82,308128
27117,0.023095,172.31.47.0-255,1269,191517,82,308128
27118,0.024404,104.244.42.0-255,66,191583,82,308128
27119,0.024583,104.244.42.0-255,66,191649,82,308128
27120,0.02472,104.244.42.0-255,66,191715,82,308128
27121,0.024849,172.217.194.0-255,2902,194617,82,308128
27122,0.024853,172.31.47.0-255,66,194683,82,308128
27123,0.024879,172.217.194.0-255,2902,197585,82,308128
27124,0.024881,172.31.47.0-255,66,197651,82,308128
27125,0.02721,172.217.194.0-255,2902,200553,82,308128
27126,0.027215,172.31.47.0-255,66,200619,82,308128
27127,0.027243,172.217.194.0-255,2902,203521,82,308128
27128,0.027246,172.31.47.0-255,66,203587,82,308128
27129,0.029549,172.217.194.0-255,2902,206489,82,308128
27130,0.029556,172.31.47.0-255,66,206555,82,308128
27131,0.029583,172.217.194.0-255,2902,209457,82,308128
27132,0.029587,172.31.47.0-255,66,209523,82,308128
27133,0.031889,172.217.194.0-255,2902,212425,82,308128
27134,0.031893,172.31.47.0-255,66,212491,82,308128
27135,0.031927,172.217.194.0-255,2902,215393,82,308128
27136,0.031929,172.31.47.0-255,66,215459,82,308128
27137,0.034206,172.217.194.0-255,2902,218361,82,308128
27138,0.03421,172.31.47.0-255,66,218427,82,308128
27139,0.034245,172.217.194.0-255,2902,221329,82,308128
27140,0.034248,172.31.47.0-255,66,221395,82,308128
27141,0.036576,172.217.194.0-255,5738,227133,82,308128
27142,0.03658,172.31.47.0-255,66,227199,82,308128
27143,0.038911,172.217.194.0-255,5738,232937,82,308128
27144,0.038916,172.31.47.0-255,66,233003,82,308128
27145,0.041257,172.217.194.0-255,5738,238741,82,308128
27146,0.041263,172.31.47.0-255,66,238807,82,308128
27147,0.043602,172.217.194.0-255,4320,243127,82,308128
27148,0.043617,172.31.47.0-255,66,243193,82,308128
27149,0.043642,172.217.194.0-255,1484,244677,82,308128
27150,0.045956,172.217.194.0-255,4320,248997,82,308128
27151,0.045962,172.31.47.0-255,66,249063,82,308128
27152,0.048274,172.217.194.0-255,5738,254801,82,308128
27153,0.048279,172.31.47.0-255,66,254867,82,308128
27154,0.050635,172.217.194.0-255,5738,260605,82,308128
27155,0.050644,172.31.47.0-255,66,260671,82,308128
27156,0.052982,172.217.194.0-255,5738,266409,82,308128
27157,0.052988,172.31.47.0-255,66,266475,82,308128
27158,0.055316,172.217.194.0-255,5738,272213,82,308128
27159,0.055321,172.31.47.0-255,66,272279,82,308128
27160,0.057649,172.217.194.0-255,2902,275181,82,308128
27161,0.057653,172.31.47.0-255,66,275247,82,308128
27162,0.057686,172.217.194.0-255,2902,278149,82,308128
27163,0.057689,172.31.47.0-255,66,278215,82,308128
27164,0.059953,172.217.194.0-255,2902,281117,82,308128
27165,0.059958,172.31.47.0-255,66,281183,82,308128
27166,0.060002,172.217.194.0-255,1484,282667,82,308128
27167,0.060017,172.217.194.0-255,1484,284151,82,308128
27168,0.06002,172.31.47.0-255,66,284217,82,308128
27169,0.06226,172.217.194.0-255,2902,287119,82,308128
27170,0.062266,172.31.47.0-255,66,287185,82,308128
27171,0.062354,172.217.194.0-255,2902,290087,82,308128
27172,0.062356,172.31.47.0-255,66,290153,82,308128
27173,0.064584,172.217.194.0-255,2902,293055,82,308128
27174,0.064588,172.31.47.0-255,66,293121,82,308128
27175,0.064671,172.217.194.0-255,2902,296023,82,308128
27176,0.064675,172.31.47.0-255,66,296089,82,308128
27177,0.064712,172.31.47.0-255,101,296190,82,308128
27178,0.066893,172.217.194.0-255,2902,299092,82,308128
27179,0.066898,172.31.47.0-255,66,299158,82,308128
27180,0.067012,172.217.194.0-255,2902,302060,82,308128
27181,0.067016,172.31.47.0-255,66,302126,82,308128
27182,0.067021,172.217.194.0-255,66,302192,82,308128
27183,0.069255,172.217.194.0-255,2902,305094,82,308128
27184,0.06926,172.31.47.0-255,66,305160,82,308128
27185,0.069337,172.217.194.0-255,2902,308062,82,308128
27186,0.069341,172.31.47.0-255,66,308128,82,308128
27187,0.0,172.217.194.0-255,153,153,82,356907
27188,3.1e-05,172.31.47.0-255,66,219,82,356907
27189,3.8e-05,172.217.194.0-255,1484,1703,82,356907
27190,4.2e-05,172.31.47.0-255,66,1769,82,356907
27191,4.7e-05,172.217.194.0-255,2902,4671,82,356907
27192,4.9e-05,172.31.47.0-255,66,4737,82,356907
27193,5.4e-05,172.217.194.0-255,4320,9057,82,356907
27194,5.6e-05,172.31.47.0-255,66,9123,82,356907
27195,0.000123,172.217.194.0-255,4961,14084,82,356907
27196,0.000128,172.31.47.0-255,66,14150,82,356907
27197,0.000196,172.217.194.0-255,1484,15634,82,356907
27198,0.0002,172.31.47.0-255,66,15700,82,356907
27199,0.000217,172.217.194.0-255,2902,18602,82,356907
27200,0.000219,172.31.47.0-255,66,18668,82,356907
27201,0.000242,172.217.194.0-255,5738,24406,82,356907
27202,0.000245,172.31.47.0-255,66,24472,82,356907
27203,0.00025,172.217.194.0-255,2902,27374,82,356907
27204,0.000251,172.31.47.0-255,66,27440,82,356907
27205,0.000263,172.217.194.0-255,1484,28924,82,356907
27206,0.000266,172.31.47.0-255,66,28990,82,356907
27207,0.000304,172.217.194.0-255,2543,31533,82,356907
27208,0.000307,172.31.47.0-255,66,31599,82,356907
27209,0.000562,172.217.194.0-255,1484,33083,82,356907
27210,0.000566,172.31.47.0-255,66,33149,82,356907
27211,0.000587,172.217.194.0-255,2902,36051,82,356907
27212,0.00059,172.31.47.0-255,66,36117,82,356907
27213,0.000596,172.217.194.0-255,5738,41855,82,356907
27214,0.000598,172.31.47.0-255,66,41921,82,356907
27215,0.000605,172.217.194.0-255,6797,48718,82,356907
27216,0.000607,172.31.47.0-255,66,48784,82,356907
27217,0.000636,172.217.194.0-255,5738,54522,82,356907
27218,0.000639,172.31.47.0-255,66,54588,82,356907
27219,0.000656,172.217.194.0-255,1484,56072,82,356907
27220,0.000664,172.217.194.0-255,7156,63228,82,356907
27221,0.000667,172.31.47.0-255,66,63294,82,356907
27222,0.000694,172.217.194.0-255,2543,65837,82,356907
27223,0.000697,172.31.47.0-255,66,65903,82,356907
27224,0.001325,172.217.194.0-255,645,66548,82,356907
27225,0.001374,172.31.47.0-255,66,66614,82,356907
27226,0.001427,172.217.194.0-255,1484,68098,82,356907
27227,0.001446,172.217.194.0-255,2902,71000,82,356907
27228,0.00145,172.31.47.0-255,66,71066,82,356907
27229,0.001453,172.217.194.0-255,1484,72550,82,356907
27230,0.001487,172.217.194.0-255,5738,78288,82,356907
27231,0.00149,172.31.47.0-255,66,78354,82,356907
27232,0.001518,172.217.194.0-255,1484,79838,82,356907
27233,0.001548,172.31.47.0-255,66,79904,82,356907
27234,0.001554,172.217.194.0-255,5738,85642,82,356907
27235,0.001556,172.31.47.0-255,66,85708,82,356907
27236,0.001584,172.217.194.0-255,3602,89310,82,356907
27237,0.001587,172.31.47.0-255,66,89376,82,356907
27238,0.001784,172.217.194.0-255,1484,90860,82,356907
27239,0.001793,172.217.194.0-255,2902,93762,82,356907
27240,0.001797,172.31.47.0-255,66,93828,82,356907
27241,0.001814,172.217.194.0-255,1484,95312,82,356907
27242,0.001829,172.217.194.0-255,4320,99632,82,356907
27243,0.001833,172.31.47.0-255,66,99698,82,356907
27244,0.001859,172.217.194.0-255,9992,109690,82,356907
27245,0.001862,172.31.47.0-255,66,109756,82,356907
27246,0.001881,172.217.194.0-255,2902,112658,82,356907
27247,0.001883,172.31.47.0-255,66,112724,82,356907
27248,0.001901,172.217.194.0-255,1484,114208,82,356907
27249,0.001935,172.217.194.0-255,1484,115692,82,356907
27250,0.001937,172.31.47.0-255,66,115758,82,356907
27251,0.001959,172.217.194.0-255,7856,123614,82,356907
27252,0.001961,172.31.47.0-255,66,123680,82,356907
27253,0.002039,172.217.194.0-255,1484,125164,82,356907
27254,0.002059,172.217.194.0-255,2902,128066,82,356907
27255,0.002061,172.31.47.0-255,66,128132,82,356907
27256,0.002065,172.217.194.0-255,2902,131034,82,356907
27257,0.002067,172.31.47.0-255,66,131100,82,356907
27258,0.002077,172.217.194.0-255,1484,132584,82,356907
27259,0.002087,172.217.194.0-255,1484,134068,82,356907
27260,0.002089,172.31.47.0-255,66,134134,82,356907
27261,0.002102,172.217.194.0-255,2902,137036,82,356907
27262,0.002104,172.31.47.0-255,66,137102,82,356907
27263,0.002131,172.217.194.0-255,4320,141422,82,356907
27264,0.002134,172.31.47.0-255,66,141488,82,356907
27265,0.002152,172.217.194.0-255,5738,147226,82,356907
27266,0.002154,172.31.47.0-255,66,147292,82,356907
27267,0.002158,172.217.194.0-255,2902,150194,82,356907
27268,0.002159,172.31.47.0-255,66,150260,82,356907
27269,0.002174,172.217.194.0-255,2902,153162,82,356907
27270,0.002176,172.31.47.0-255,66,153228,82,356907
27271,0.002181,172.217.194.0-255,5020,158248,82,356907
27272,0.002183,172.31.47.0-255,66,158314,82,356907
27273,0.002218,172.217.194.0-255,1484,159798,82,356907
27274,0.002221,172.217.194.0-255,1484,161282,82,356907
27275,0.002223,172.31.47.0-255,66,161348,82,356907
27276,0.002237,172.217.194.0-255,1484,162832,82,356907
27277,0.002243,172.217.194.0-255,5738,168570,82,356907
27278,0.002245,172.31.47.0-255,66,168636,82,356907
27279,0.002263,172.217.194.0-255,4320,172956,82,356907
27280,0.002265,172.31.47.0-255,66,173022,82,356907
27281,0.002283,172.217.194.0-255,8574,181596,82,356907
27282,0.002285,172.31.47.0-255,66,181662,82,356907
27283,0.002291,172.217.194.0-255,5738,187400,82,356907
27284,0.002293,172.31.47.0-255,66,187466,82,356907
27285,0.002313,172.217.194.0-255,4320,191786,82,356907
27286,0.002315,172.31.47.0-255,66,191852,82,356907
27287,0.002318,172.217.194.0-255,766,192618,82,356907
27288,0.004666,172.217.194.0-255,4320,196938,82,356907
27289,0.004669,172.31.47.0-255,66,197004,82,356907
27290,0.006991,172.217.194.0-255,5738,202742,82,356907
27291,0.006996,172.31.47.0-255,66,202808,82,356907
27292,0.009334,172.217.194.0-255,5738,208546,82,356907
27293,0.009341,172.31.47.0-255,66,208612,82,356907
27294,0.01166,172.217.194.0-255,5738,214350,82,356907
27295,0.011668,172.31.47.0-255,66,214416,82,356907
27296,0.01398,172.217.194.0-255,5738,220154,82,356907
27297,0.013987,172.31.47.0-255,66,220220,82,356907
27298,0.016302,172.217.194.0-255,4320,224540,82,356907
27299,0.016308,172.31.47.0-255,66,224606,82,356907
27300,0.016328,172.217.194.0-255,1484,226090,82,356907
27301,0.018638,172.217.194.0-255,4320,230410,82,356907
27302,0.018643,172.31.47.0-255,66,230476,82,356907
27303,0.020992,172.217.194.0-255,5738,236214,82,356907
27304,0.021005,172.31.47.0-255,66,236280,82,356907
27305,0.02336,172.217.194.0-255,5738,242018,82,356907
27306,0.02337,172.31.47.0-255,66,242084,82,356907
27307,0.025701,172.217.194.0-255,5738,247822,82,356907
27308,0.025708,172.31.47.0-255,66,247888,82,356907
27309,0.028055,172.217.194.0-255,5738,253626,82,356907
27310,0.028062,172.31.47.0-255,66,253692,82,356907
27311,0.02889,172.31.47.0-255,172,253864,82,356907
27312,0.028924,172.31.47.0-255,1111,254975,82,356907
27313,0.028984,172.31.47.0-255,1514,256489,82,356907
27314,0.028986,172.31.47.0-255,1288,257777,82,356907
27315,0.030384,172.217.194.0-255,5738,263515,82,356907
27316,0.030391,172.31.47.0-255,66,263581,82,356907
27317,0.030427,104.244.42.0-255,66,263647,82,356907
27318,0.030478,104.244.42.0-255,66,263713,82,356907
27319,0.030539,104.244.42.0-255,66,263779,82,356907
27320,0.032718,172.217.194.0-255,5738,269517,82,356907
27321,0.032724,172.31.47.0-255,66,269583,82,356907
27322,0.035056,172.217.194.0-255,4320,273903,82,356907
27323,0.03506,172.31.47.0-255,66,273969,82,356907
27324,0.035085,172.217.194.0-255,1484,275453,82,356907
27325,0.037371,172.217.194.0-255,4320,279773,82,356907
27326,0.037376,172.31.47.0-255,66,279839,82,356907
27327,0.039708,172.217.194.0-255,5738,285577,82,356907
27328,0.039713,172.31.47.0-255,66,285643,82,356907
27329,0.04203,172.217.194.0-255,5738,291381,82,356907
27330,0.042037,172.31.47.0-255,66,291447,82,356907
27331,0.044379,172.217.194.0-255,5738,297185,82,356907
27332,0.044384,172.31.47.0-255,66,297251,82,356907
27333,0.046695,172.217.194.0-255,5738,302989,82,356907
27334,0.0467,172.31.47.0-255,66,303055,82,356907
27335,0.049036,172.217.194.0-255,5738,308793,82,356907
27336,0.04904,172.31.47.0-255,66,308859,82,356907
27337,0.051371,172.217.194.0-255,5738,314597,82,356907
27338,0.051377,172.31.47.0-255,66,314663,82,356907
27339,0.053677,172.217.194.0-255,5738,320401,82,356907
27340,0.053681,172.31.47.0-255,66,320467,82,356907
27341,0.055978,172.217.194.0-255,5738,326205,82,356907
27342,0.055982,172.31.47.0-255,66,326271,82,356907
27343,0.058307,172.217.194.0-255,5738,332009,82,356907
27344,0.058311,172.31.47.0-255,66,332075,82,356907
27345,0.060635,172.217.194.0-255,5738,337813,82,356907
27346,0.060639,172.31.47.0-255,66,337879,82,356907
27347,0.062963,172.217.194.0-255,5738,343617,82,356907
27348,0.062969,172.31.47.0-255,66,343683,82,356907
27349,0.065287,172.217.194.0-255,5738,349421,82,356907
27350,0.065291,172.31.47.0-255,66,349487,82,356907
27351,0.067608,172.217.194.0-255,4320,353807,82,356907
27352,0.067612,172.31.47.0-255,66,353873,82,356907
27353,0.067635,172.217.194.0-255,1484,355357,82,356907
27354,0.069966,172.217.194.0-255,1484,356841,82,356907
27355,0.069971,172.31.47.0-255,66,356907,82,356907
27356,0.0,172.31.47.0-255,105,105,82,276
27357,0.00178,157.240.7.0-255,105,210,82,276
27358,0.00179,172.31.47.0-255,66,276,82,276
27359,0.0,172.31.47.0-255,105,105,82,276
27360,0.068466,31.13.82.0-255,105,210,82,276
27361,0.068479,172.31.47.0-255,66,276,82,276
27362,0.0,172.31.47.0-255,105,105,82,105
27363,0.0,172.31.47.0-255,105,105,82,276
27364,0.001779,157.240.13.0-255,105,210,82,276
27365,0.00179,172.31.47.0-255,66,276,82,276
27366,0.0,74.125.24.0-255,297,297,82,214553
27367,2.3e-05,172.31.47.0-255,66,363,82,214553
27368,3e-05,74.125.24.0-255,1484,1847,82,214553
27369,3.4e-05,172.31.47.0-255,66,1913,82,214553
27370,5.8e-05,74.125.24.0-255,4320,6233,82,214553
27371,6.1e-05,172.31.47.0-255,66,6299,82,214553
27372,0.000193,74.125.24.0-255,7615,13914,82,214553
27373,0.000198,172.31.47.0-255,66,13980,82,214553
27374,0.000497,172.31.47.0-255,66,14046,82,214553
27375,0.000515,74.125.24.0-255,2902,16948,82,214553
27376,0.000518,172.31.47.0-255,66,17014,82,214553
27377,0.001014,74.125.24.0-255,2543,19557,82,214553
27378,0.001021,172.31.47.0-255,66,19623,82,214553
27379,0.001112,74.125.24.0-255,9992,29615,82,214553
27380,0.001117,172.31.47.0-255,66,29681,82,214553
27381,0.001141,74.125.24.0-255,6797,36478,82,214553
27382,0.001143,172.31.47.0-255,66,36544,82,214553
27383,0.001756,172.31.47.0-255,66,36610,82,214553
27384,0.002368,74.125.24.0-255,8574,45184,82,214553
27385,0.002374,172.31.47.0-255,66,45250,82,214553
27386,0.002408,172.31.47.0-255,66,45316,82,214553
27387,0.003323,74.125.24.0-255,5738,51054,82,214553
27388,0.003327,172.31.47.0-255,66,51120,82,214553
27389,0.003367,172.31.47.0-255,66,51186,82,214553
27390,0.005678,74.125.24.0-255,5738,56924,82,214553
27391,0.005689,172.31.47.0-255,66,56990,82,214553
27392,0.007963,74.125.24.0-255,2902,59892,82,214553
27393,0.007976,172.31.47.0-255,66,59958,82,214553
27394,0.007996,74.125.24.0-255,2902,62860,82,214553
27395,0.008128,172.31.47.0-255,66,62926,82,214553
27396,0.010269,74.125.24.0-255,2902,65828,82,214553
27397,0.010286,172.31.47.0-255,66,65894,82,214553
27398,0.0104,74.125.24.0-255,2902,68796,82,214553
27399,0.010428,172.31.47.0-255,66,68862,82,214553
27400,0.012554,74.125.24.0-255,2902,71764,82,214553
27401,0.012569,172.31.47.0-255,66,71830,82,214553
27402,0.012705,74.125.24.0-255,2902,74732,82,214553
27403,0.014861,74.125.24.0-255,2902,77634,82,214553
27404,0.015794,172.31.47.0-255,66,77700,82,214553
27405,0.018111,74.125.24.0-255,5738,83438,82,214553
27406,0.018127,172.31.47.0-255,66,83504,82,214553
27407,0.019337,172.31.47.0-255,172,83676,82,214553
27408,0.019375,172.31.47.0-255,1106,84782,82,214553
27409,0.019457,172.31.47.0-255,1514,86296,82,214553
27410,0.019459,172.31.47.0-255,1293,87589,82,214553
27411,0.02039,74.125.24.0-255,5738,93327,82,214553
27412,0.020402,172.31.47.0-255,66,93393,82,214553
27413,0.020897,104.244.42.0-255,66,93459,82,214553
27414,0.020937,104.244.42.0-255,66,93525,82,214553
27415,0.021032,104.244.42.0-255,66,93591,82,214553
27416,0.022693,74.125.24.0-255,5738,99329,82,214553
27417,0.022709,172.31.47.0-255,66,99395,82,214553
27418,0.025027,74.125.24.0-255,5738,105133,82,214553
27419,0.025043,172.31.47.0-255,66,105199,82,214553
27420,0.027317,74.125.24.0-255,5738,110937,82,214553
27421,0.027329,172.31.47.0-255,66,111003,82,214553
27422,0.029629,74.125.24.0-255,5738,116741,82,214553
27423,0.029645,172.31.47.0-255,66,116807,82,214553
27424,0.03191,74.125.24.0-255,5738,122545,82,214553
27425,0.031921,172.31.47.0-255,66,122611,82,214553
27426,0.034229,74.125.24.0-255,5738,128349,82,214553
27427,0.034239,172.31.47.0-255,66,128415,82,214553
27428,0.036505,74.125.24.0-255,2902,131317,82,214553
27429,0.036517,172.31.47.0-255,66,131383,82,214553
27430,0.036541,74.125.24.0-255,2902,134285,82,214553
27431,0.036573,172.31.47.0-255,66,134351,82,214553
27432,0.038784,74.125.24.0-255,2902,137253,82,214553
27433,0.03879,172.31.47.0-255,66,137319,82,214553
27434,0.038824,74.125.24.0-255,2902,140221,82,214553
27435,0.038838,172.31.47.0-255,66,140287,82,214553
27436,0.041053,74.125.24.0-255,2902,143189,82,214553
27437,0.041059,172.31.47.0-255,66,143255,82,214553
27438,0.041106,74.125.24.0-255,2902,146157,82,214553
27439,0.041141,172.31.47.0-255,66,146223,82,214553
27440,0.043322,74.125.24.0-255,2902,149125,82,214553
27441,0.043329,172.31.47.0-255,66,149191,82,214553
27442,0.04342,74.125.24.0-255,2902,152093,82,214553
27443,0.043442,172.31.47.0-255,66,152159,82,214553
27444,0.045616,74.125.24.0-255,2902,155061,82,214553
27445,0.045622,172.31.47.0-255,66,155127,82,214553
27446,0.045723,74.125.24.0-255,2902,158029,82,214553
27447,0.045727,172.31.47.0-255,66,158095,82,214553
27448,0.047913,74.125.24.0-255,2902,160997,82,214553
27449,0.047919,172.31.47.0-255,66,161063,82,214553
27450,0.047997,74.125.24.0-255,1484,162547,82,214553
27451,0.048016,74.125.24.0-255,1484,164031,82,214553
27452,0.048032,172.31.47.0-255,66,164097,82,214553
27453,0.050217,74.125.24.0-255,2902,166999,82,214553
27454,0.050228,172.31.47.0-255,66,167065,82,214553
27455,0.050324,74.125.24.0-255,2902,169967,82,214553
27456,0.050348,172.31.47.0-255,66,170033,82,214553
27457,0.052526,74.125.24.0-255,2902,172935,82,214553
27458,0.052535,172.31.47.0-255,66,173001,82,214553
27459,0.052629,74.125.24.0-255,2902,175903,82,214553
27460,0.052641,172.31.47.0-255,66,175969,82,214553
27461,0.054821,74.125.24.0-255,2902,178871,82,214553
27462,0.054829,172.31.47.0-255,66,178937,82,214553
27463,0.05489,74.125.24.0-255,2902,181839,82,214553
27464,0.054918,172.31.47.0-255,66,181905,82,214553
27465,0.057126,74.125.24.0-255,2902,184807,82,214553
27466,0.057137,172.31.47.0-255,66,184873,82,214553
27467,0.057191,74.125.24.0-255,2902,187775,82,214553
27468,0.057229,172.31.47.0-255,66,187841,82,214553
27469,0.059456,74.125.24.0-255,2902,190743,82,214553
27470,0.059474,172.31.47.0-255,66,190809,82,214553
27471,0.059542,74.125.24.0-255,2902,193711,82,214553
27472,0.061121,172.31.47.0-255,66,193777,82,214553
27473,0.061745,74.125.24.0-255,2902,196679,82,214553
27474,0.061755,172.31.47.0-255,66,196745,82,214553
27475,0.063467,74.125.24.0-255,2902,199647,82,214553
27476,0.063487,172.31.47.0-255,66,199713,82,214553
27477,0.064095,74.125.24.0-255,2902,202615,82,214553
27478,0.064101,172.31.47.0-255,66,202681,82,214553
27479,0.065776,74.125.24.0-255,2902,205583,82,214553
27480,0.065786,172.31.47.0-255,66,205649,82,214553
27481,0.066365,74.125.24.0-255,2902,208551,82,214553
27482,0.066372,172.31.47.0-255,66,208617,82,214553
27483,0.068123,74.125.24.0-255,2902,211519,82,214553
27484,0.068134,172.31.47.0-255,66,211585,82,214553
27485,0.068643,74.125.24.0-255,2902,214487,82,214553
27486,0.068649,172.31.47.0-255,66,214553,82,214553
27487,0.0,172.31.47.0-255,66,66,82,66
27488,0.0,74.125.68.0-255,153,153,82,404313
27489,2.2e-05,172.31.47.0-255,66,219,82,404313
27490,2.9e-05,74.125.68.0-255,1484,1703,82,404313
27491,3.5e-05,172.31.47.0-255,66,1769,82,404313
27492,4.1e-05,74.125.68.0-255,2902,4671,82,404313
27493,5.3e-05,172.31.47.0-255,66,4737,82,404313
27494,6.2e-05,74.125.68.0-255,7156,11893,82,404313
27495,6.5e-05,172.31.47.0-255,66,11959,82,404313
27496,6.9e-05,74.125.68.0-255,1995,13954,82,404313
27497,7.2e-05,172.31.47.0-255,66,14020,82,404313
27498,0.00011,74.125.68.0-255,2902,16922,82,404313
27499,0.000113,172.31.47.0-255,66,16988,82,404313
27500,0.000117,74.125.68.0-255,1484,18472,82,404313
27501,0.000118,172.31.47.0-255,66,18538,82,404313
27502,0.000124,74.125.68.0-255,2902,21440,82,404313
27503,0.000126,172.31.47.0-255,66,21506,82,404313
27504,0.000153,74.125.68.0-255,5738,27244,82,404313
27505,0.000156,172.31.47.0-255,66,27310,82,404313
27506,0.000162,74.125.68.0-255,3961,31271,82,404313
27507,0.000164,172.31.47.0-255,66,31337,82,404313
27508,0.00032,74.125.68.0-255,1484,32821,82,404313
27509,0.000326,172.31.47.0-255,66,32887,82,404313
27510,0.000352,74.125.68.0-255,2902,35789,82,404313
27511,0.000355,172.31.47.0-255,66,35855,82,404313
27512,0.000361,74.125.68.0-255,4320,40175,82,404313
27513,0.000364,172.31.47.0-255,66,40241,82,404313
27514,0.000391,74.125.68.0-255,1484,41725,82,404313
27515,0.000394,172.31.47.0-255,66,41791,82,404313
27516,0.000423,74.125.68.0-255,5738,47529,82,404313
27517,0.000426,172.31.47.0-255,66,47595,82,404313
27518,0.000447,74.125.68.0-255,1125,48720,82,404313
27519,0.000449,172.31.47.0-255,66,48786,82,404313
27520,0.000472,74.125.68.0-255,1484,50270,82,404313
27521,0.000505,74.125.68.0-255,4320,54590,82,404313
27522,0.000508,172.31.47.0-255,66,54656,82,404313
27523,0.000545,74.125.68.0-255,5738,60394,82,404313
27524,0.000548,172.31.47.0-255,66,60460,82,404313
27525,0.000551,74.125.68.0-255,1484,61944,82,404313
27526,0.000576,74.125.68.0-255,4231,66175,82,404313
27527,0.000578,172.31.47.0-255,66,66241,82,404313
27528,0.000598,74.125.68.0-255,386,66627,82,404313
27529,0.000843,74.125.68.0-255,1484,68111,82,404313
27530,0.00085,172.31.47.0-255,66,68177,82,404313
27531,0.000879,74.125.68.0-255,1484,69661,82,404313
27532,0.000886,74.125.68.0-255,2902,72563,82,404313
27533,0.000888,172.31.47.0-255,66,72629,82,404313
27534,0.000926,74.125.68.0-255,5738,78367,82,404313
27535,0.00093,172.31.47.0-255,66,78433,82,404313
27536,0.000964,74.125.68.0-255,1484,79917,82,404313
27537,0.000984,74.125.68.0-255,2902,82819,82,404313
27538,0.000987,172.31.47.0-255,66,82885,82,404313
27539,0.00099,74.125.68.0-255,1484,84369,82,404313
27540,0.001017,74.125.68.0-255,4320,88689,82,404313
27541,0.00102,172.31.47.0-255,66,88755,82,404313
27542,0.001025,74.125.68.0-255,4320,93075,82,404313
27543,0.001027,172.31.47.0-255,66,93141,82,404313
27544,0.001037,74.125.68.0-255,5738,98879,82,404313
27545,0.00104,172.31.47.0-255,66,98945,82,404313
27546,0.001062,74.125.68.0-255,2184,101129,82,404313
27547,0.001064,172.31.47.0-255,66,101195,82,404313
27548,0.001408,74.125.68.0-255,1484,102679,82,404313
27549,0.001416,74.125.68.0-255,2902,105581,82,404313
27550,0.001421,172.31.47.0-255,66,105647,82,404313
27551,0.001425,74.125.68.0-255,1484,107131,82,404313
27552,0.00143,74.125.68.0-255,1484,108615,82,404313
27553,0.001432,172.31.47.0-255,66,108681,82,404313
27554,0.001451,74.125.68.0-255,1484,110165,82,404313
27555,0.001457,74.125.68.0-255,4320,114485,82,404313
27556,0.001463,172.31.47.0-255,66,114551,82,404313
27557,0.001497,74.125.68.0-255,1484,116035,82,404313
27558,0.001505,74.125.68.0-255,7156,123191,82,404313
27559,0.001508,172.31.47.0-255,66,123257,82,404313
27560,0.001516,74.125.68.0-255,8574,131831,82,404313
27561,0.001519,172.31.47.0-255,66,131897,82,404313
27562,0.001528,74.125.68.0-255,3602,135499,82,404313
27563,0.00153,172.31.47.0-255,66,135565,82,404313
27564,0.001557,74.125.68.0-255,1484,137049,82,404313
27565,0.001572,74.125.68.0-255,2902,139951,82,404313
27566,0.001574,172.31.47.0-255,66,140017,82,404313
27567,0.001579,74.125.68.0-255,2902,142919,82,404313
27568,0.001581,172.31.47.0-255,66,142985,82,404313
27569,0.001586,74.125.68.0-255,4320,147305,82,404313
27570,0.001592,172.31.47.0-255,66,147371,82,404313
27571,0.001636,74.125.68.0-255,5738,153109,82,404313
27572,0.001639,172.31.47.0-255,66,153175,82,404313
27573,0.001647,74.125.68.0-255,7156,160331,82,404313
27574,0.001649,172.31.47.0-255,66,160397,82,404313
27575,0.001671,74.125.68.0-255,1484,161881,82,404313
27576,0.001702,74.125.68.0-255,7856,169737,82,404313
27577,0.001705,172.31.47.0-255,66,169803,82,404313
27578,0.001778,74.125.68.0-255,1484,171287,82,404313
27579,0.001782,74.125.68.0-255,1484,172771,82,404313
27580,0.001784,172.31.47.0-255,66,172837,82,404313
27581,0.001803,74.125.68.0-255,1484,174321,82,404313
27582,0.001829,74.125.68.0-255,5738,180059,82,404313
27583,0.001832,172.31.47.0-255,66,180125,82,404313
27584,0.00186,74.125.68.0-255,2902,183027,82,404313
27585,0.001862,172.31.47.0-255,66,183093,82,404313
27586,0.001894,74.125.68.0-255,4320,187413,82,404313
27587,0.001896,172.31.47.0-255,66,187479,82,404313
27588,0.001905,74.125.68.0-255,8574,196053,82,404313
27589,0.001907,172.31.47.0-255,66,196119,82,404313
27590,0.001935,74.125.68.0-255,7856,203975,82,404313
27591,0.001937,172.31.47.0-255,66,204041,82,404313
27592,0.002012,74.125.68.0-255,1484,205525,82,404313
27593,0.002025,74.125.68.0-255,1484,207009,82,404313
27594,0.002028,172.31.47.0-255,66,207075,82,404313
27595,0.003932,74.125.68.0-255,2902,209977,82,404313
27596,0.003939,172.31.47.0-255,66,210043,82,404313
27597,0.004022,74.125.68.0-255,2902,212945,82,404313
27598,0.004025,172.31.47.0-255,66,213011,82,404313
27599,0.005963,74.125.68.0-255,2902,215913,82,404313
27600,0.005969,172.31.47.0-255,66,215979,82,404313
27601,0.006018,74.125.68.0-255,2902,218881,82,404313
27602,0.006021,172.31.47.0-255,66,218947,82,404313
27603,0.007982,74.125.68.0-255,2902,221849,82,404313
27604,0.007991,172.31.47.0-255,66,221915,82,404313
27605,0.008023,74.125.68.0-255,2902,224817,82,404313
27606,0.008027,172.31.47.0-255,66,224883,82,404313
27607,0.010002,74.125.68.0-255,2902,227785,82,404313
27608,0.010019,172.31.47.0-255,66,227851,82,404313
27609,0.010053,74.125.68.0-255,2902,230753,82,404313
27610,0.010056,172.31.47.0-255,66,230819,82,404313
27611,0.01203,74.125.68.0-255,2902,233721,82,404313
27612,0.012042,172.31.47.0-255,66,233787,82,404313
27613,0.012073,74.125.68.0-255,2902,236689,82,404313
27614,0.012077,172.31.47.0-255,66,236755,82,404313
27615,0.014052,74.125.68.0-255,2902,239657,82,404313
27616,0.014062,172.31.47.0-255,66,239723,82,404313
27617,0.014106,74.125.68.0-255,2902,242625,82,404313
27618,0.01411,172.31.47.0-255,66,242691,82,404313
27619,0.016067,74.125.68.0-255,2902,245593,82,404313
27620,0.016073,172.31.47.0-255,66,245659,82,404313
27621,0.016106,74.125.68.0-255,1484,247143,82,404313
27622,0.016121,74.125.68.0-255,1484,248627,82,404313
27623,0.016124,172.31.47.0-255,66,248693,82,404313
27624,0.017826,172.31.47.0-255,172,248865,82,404313
27625,0.017884,172.31.47.0-255,1112,249977,82,404313
27626,0.017958,172.31.47.0-255,1514,251491,82,404313
27627,0.01796,172.31.47.0-255,1514,253005,82,404313
27628,0.017964,172.31.47.0-255,1514,254519,82,404313
27629,0.017965,172.31.47.0-255,1066,255585,82,404313
27630,0.018073,74.125.68.0-255,2902,258487,82,404313
27631,0.018079,172.31.47.0-255,66,258553,82,404313
27632,0.018128,74.125.68.0-255,2902,261455,82,404313
27633,0.018132,172.31.47.0-255,66,261521,82,404313
27634,0.01938,104.244.42.0-255,66,261587,82,404313
27635,0.019521,104.244.42.0-255,66,261653,82,404313
27636,0.01961,104.244.42.0-255,66,261719,82,404313
27637,0.019622,104.244.42.0-255,66,261785,82,404313
27638,0.020101,74.125.68.0-255,2902,264687,82,404313
27639,0.020105,172.31.47.0-255,66,264753,82,404313
27640,0.020133,74.125.68.0-255,2902,267655,82,404313
27641,0.020136,172.31.47.0-255,66,267721,82,404313
27642,0.022129,74.125.68.0-255,4320,272041,82,404313
27643,0.022135,172.31.47.0-255,66,272107,82,404313
27644,0.02216,74.125.68.0-255,1484,273591,82,404313
27645,0.024141,74.125.68.0-255,4320,277911,82,404313
27646,0.024146,172.31.47.0-255,66,277977,82,404313
27647,0.026212,74.125.68.0-255,5738,283715,82,404313
27648,0.026221,172.31.47.0-255,66,283781,82,404313
27649,0.02824,74.125.68.0-255,5738,289519,82,404313
27650,0.028246,172.31.47.0-255,66,289585,82,404313
27651,0.03026,74.125.68.0-255,5738,295323,82,404313
27652,0.030265,172.31.47.0-255,66,295389,82,404313
27653,0.032275,74.125.68.0-255,5738,301127,82,404313
27654,0.03228,172.31.47.0-255,66,301193,82,404313
27655,0.0343,74.125.68.0-255,5738,306931,82,404313
27656,0.034305,172.31.47.0-255,66,306997,82,404313
27657,0.036317,74.125.68.0-255,5738,312735,82,404313
27658,0.036322,172.31.47.0-255,66,312801,82,404313
27659,0.038368,74.125.68.0-255,5738,318539,82,404313
27660,0.038375,172.31.47.0-255,66,318605,82,404313
27661,0.040387,74.125.68.0-255,5738,324343,82,404313
27662,0.040394,172.31.47.0-255,66,324409,82,404313
27663,0.042411,74.125.68.0-255,5738,330147,82,404313
27664,0.042416,172.31.47.0-255,66,330213,82,404313
27665,0.044439,74.125.68.0-255,5738,335951,82,404313
27666,0.044444,172.31.47.0-255,66,336017,82,404313
27667,0.046447,74.125.68.0-255,4320,340337,82,404313
27668,0.046452,172.31.47.0-255,66,340403,82,404313
27669,0.046474,74.125.68.0-255,1484,341887,82,404313
27670,0.048454,74.125.68.0-255,4320,346207,82,404313
27671,0.048461,172.31.47.0-255,66,346273,82,404313
27672,0.050485,74.125.68.0-255,5738,352011,82,404313
27673,0.050491,172.31.47.0-255,66,352077,82,404313
27674,0.052512,74.125.68.0-255,5738,357815,82,404313
27675,0.052517,172.31.47.0-255,66,357881,82,404313
27676,0.054553,74.125.68.0-255,5738,363619,82,404313
27677,0.054559,172.31.47.0-255,66,363685,82,404313
27678,0.056565,74.125.68.0-255,5738,369423,82,404313
27679,0.056572,172.31.47.0-255,66,369489,82,404313
27680,0.05861,74.125.68.0-255,5738,375227,82,404313
27681,0.05862,172.31.47.0-255,66,375293,82,404313
27682,0.060638,74.125.68.0-255,5738,381031,82,404313
27683,0.060644,172.31.47.0-255,66,381097,82,404313
27684,0.062658,74.125.68.0-255,5738,386835,82,404313
27685,0.062664,172.31.47.0-255,66,386901,82,404313
27686,0.06468,74.125.68.0-255,5738,392639,82,404313
27687,0.064685,172.31.47.0-255,66,392705,82,404313
27688,0.066722,74.125.68.0-255,5738,398443,82,404313
27689,0.066728,172.31.47.0-255,66,398509,82,404313
27690,0.06875,74.125.68.0-255,5738,404247,82,404313
27691,0.068757,172.31.47.0-255,66,404313,82,404313
27692,0.0,74.125.24.0-255,153,153,82,292092
27693,3.4e-05,172.31.47.0-255,66,219,82,292092
27694,4.1e-05,74.125.24.0-255,1484,1703,82,292092
27695,4.6e-05,172.31.47.0-255,66,1769,82,292092
27696,5.8e-05,74.125.24.0-255,2902,4671,82,292092
27697,6.1e-05,172.31.47.0-255,66,4737,82,292092
27698,6.4e-05,74.125.24.0-255,1484,6221,82,292092
27699,6.6e-05,172.31.47.0-255,66,6287,82,292092
27700,0.000112,74.125.24.0-255,2902,9189,82,292092
27701,0.000116,172.31.47.0-255,66,9255,82,292092
27702,0.000136,74.125.24.0-255,4977,14232,82,292092
27703,0.000139,172.31.47.0-255,66,14298,82,292092
27704,0.000164,74.125.24.0-255,1484,15782,82,292092
27705,0.000167,172.31.47.0-255,66,15848,82,292092
27706,0.000173,74.125.24.0-255,2902,18750,82,292092
27707,0.000175,172.31.47.0-255,66,18816,82,292092
27708,0.000183,74.125.24.0-255,5738,24554,82,292092
27709,0.000185,172.31.47.0-255,66,24620,82,292092
27710,0.000215,74.125.24.0-255,6797,31417,82,292092
27711,0.000219,172.31.47.0-255,66,31483,82,292092
27712,0.000392,74.125.24.0-255,1484,32967,82,292092
27713,0.000397,172.31.47.0-255,66,33033,82,292092
27714,0.000401,74.125.24.0-255,1484,34517,82,292092
27715,0.000403,172.31.47.0-255,66,34583,82,292092
27716,0.000437,74.125.24.0-255,1484,36067,82,292092
27717,0.000442,172.31.47.0-255,66,36133,82,292092
27718,0.000448,74.125.24.0-255,5738,41871,82,292092
27719,0.00045,172.31.47.0-255,66,41937,82,292092
27720,0.000456,74.125.24.0-255,5738,47675,82,292092
27721,0.000458,172.31.47.0-255,66,47741,82,292092
27722,0.000496,74.125.24.0-255,8215,55956,82,292092
27723,0.0005,172.31.47.0-255,66,56022,82,292092
27724,0.000508,74.125.24.0-255,8574,64596,82,292092
27725,0.00051,74.125.24.0-255,1395,65991,82,292092
27726,0.00052,172.31.47.0-255,66,66057,82,292092
27727,0.000844,172.31.47.0-255,66,66123,82,292092
27728,0.00103,74.125.24.0-255,135,66258,82,292092
27729,0.001133,74.125.24.0-255,1484,67742,82,292092
27730,0.001138,172.31.47.0-255,66,67808,82,292092
27731,0.001156,74.125.24.0-255,2902,70710,82,292092
27732,0.001159,172.31.47.0-255,66,70776,82,292092
27733,0.001164,74.125.24.0-255,4320,75096,82,292092
27734,0.001166,172.31.47.0-255,66,75162,82,292092
27735,0.001214,74.125.24.0-255,2902,78064,82,292092
27736,0.001218,172.31.47.0-255,66,78130,82,292092
27737,0.001234,74.125.24.0-255,5379,83509,82,292092
27738,0.001237,172.31.47.0-255,66,83575,82,292092
27739,0.001249,74.125.24.0-255,8574,92149,82,292092
27740,0.001251,172.31.47.0-255,66,92215,82,292092
27741,0.001255,74.125.24.0-255,2902,95117,82,292092
27742,0.001258,172.31.47.0-255,66,95183,82,292092
27743,0.001289,74.125.24.0-255,5379,100562,82,292092
27744,0.001292,172.31.47.0-255,66,100628,82,292092
27745,0.003366,74.125.24.0-255,4320,104948,82,292092
27746,0.003371,172.31.47.0-255,66,105014,82,292092
27747,0.003392,74.125.24.0-255,1484,106498,82,292092
27748,0.005439,74.125.24.0-255,4320,110818,82,292092
27749,0.005442,172.31.47.0-255,66,110884,82,292092
27750,0.007506,74.125.24.0-255,5738,116622,82,292092
27751,0.007515,172.31.47.0-255,66,116688,82,292092
27752,0.009594,74.125.24.0-255,5738,122426,82,292092
27753,0.009602,172.31.47.0-255,66,122492,82,292092
27754,0.011675,74.125.24.0-255,5738,128230,82,292092
27755,0.011683,172.31.47.0-255,66,128296,82,292092
27756,0.013761,74.125.24.0-255,5738,134034,82,292092
27757,0.013769,172.31.47.0-255,66,134100,82,292092
27758,0.015842,74.125.24.0-255,5738,139838,82,292092
27759,0.01585,172.31.47.0-255,66,139904,82,292092
27760,0.017948,74.125.24.0-255,5738,145642,82,292092
27761,0.017953,172.31.47.0-255,66,145708,82,292092
27762,0.020027,74.125.24.0-255,5738,151446,82,292092
27763,0.020033,172.31.47.0-255,66,151512,82,292092
27764,0.021808,172.31.47.0-255,172,151684,82,292092
27765,0.021843,172.31.47.0-255,1106,152790,82,292092
27766,0.02189,172.31.47.0-255,1514,154304,82,292092
27767,0.021892,172.31.47.0-255,1294,155598,82,292092
27768,0.022096,74.125.24.0-255,5738,161336,82,292092
27769,0.022101,172.31.47.0-255,66,161402,82,292092
27770,0.023362,104.244.42.0-255,66,161468,82,292092
27771,0.023405,104.244.42.0-255,66,161534,82,292092
27772,0.023464,104.244.42.0-255,66,161600,82,292092
27773,0.024157,74.125.24.0-255,5738,167338,82,292092
27774,0.024161,172.31.47.0-255,66,167404,82,292092
27775,0.026206,74.125.24.0-255,5738,173142,82,292092
27776,0.026211,172.31.47.0-255,66,173208,82,292092
27777,0.028333,74.125.24.0-255,5738,178946,82,292092
27778,0.028348,172.31.47.0-255,66,179012,82,292092
27779,0.030409,74.125.24.0-255,5738,184750,82,292092
27780,0.030416,172.31.47.0-255,66,184816,82,292092
27781,0.032485,74.125.24.0-255,5738,190554,82,292092
27782,0.03249,172.31.47.0-255,66,190620,82,292092
27783,0.034562,74.125.24.0-255,5738,196358,82,292092
27784,0.034568,172.31.47.0-255,66,196424,82,292092
27785,0.036648,74.125.24.0-255,5738,202162,82,292092
27786,0.036655,172.31.47.0-255,66,202228,82,292092
27787,0.038736,74.125.24.0-255,5738,207966,82,292092
27788,0.038743,172.31.47.0-255,66,208032,82,292092
27789,0.040851,74.125.24.0-255,5738,213770,82,292092
27790,0.040862,172.31.47.0-255,66,213836,82,292092
27791,0.042966,74.125.24.0-255,5738,219574,82,292092
27792,0.042973,172.31.47.0-255,66,219640,82,292092
27793,0.045062,74.125.24.0-255,5738,225378,82,292092
27794,0.045069,172.31.47.0-255,66,225444,82,292092
27795,0.047127,74.125.24.0-255,5738,231182,82,292092
27796,0.047134,172.31.47.0-255,66,231248,82,292092
27797,0.049197,74.125.24.0-255,4320,235568,82,292092
27798,0.049202,172.31.47.0-255,66,235634,82,292092
27799,0.049231,74.125.24.0-255,1484,237118,82,292092
27800,0.051275,74.125.24.0-255,1484,238602,82,292092
27801,0.051281,172.31.47.0-255,66,238668,82,292092
27802,0.051316,74.125.24.0-255,2902,241570,82,292092
27803,0.051319,172.31.47.0-255,66,241636,82,292092
27804,0.053346,74.125.24.0-255,2902,244538,82,292092
27805,0.053352,172.31.47.0-255,66,244604,82,292092
27806,0.053386,74.125.24.0-255,2902,247506,82,292092
27807,0.053389,172.31.47.0-255,66,247572,82,292092
27808,0.055409,74.125.24.0-255,2902,250474,82,292092
27809,0.055414,172.31.47.0-255,66,250540,82,292092
27810,0.055458,74.125.24.0-255,2902,253442,82,292092
27811,0.055462,172.31.47.0-255,66,253508,82,292092
27812,0.057492,74.125.24.0-255,2902,256410,82,292092
27813,0.057508,172.31.47.0-255,66,256476,82,292092
27814,0.057546,74.125.24.0-255,2902,259378,82,292092
27815,0.05755,172.31.47.0-255,66,259444,82,292092
27816,0.059587,74.125.24.0-255,2902,262346,82,292092
27817,0.059601,172.31.47.0-255,66,262412,82,292092
27818,0.059637,74.125.24.0-255,2902,265314,82,292092
27819,0.059641,172.31.47.0-255,66,265380,82,292092
27820,0.061694,74.125.24.0-255,2902,268282,82,292092
27821,0.061708,172.31.47.0-255,66,268348,82,292092
27822,0.061743,74.125.24.0-255,2902,271250,82,292092
27823,0.061747,172.31.47.0-255,66,271316,82,292092
27824,0.063781,74.125.24.0-255,2902,274218,82,292092
27825,0.063786,172.31.47.0-255,66,274284,82,292092
27826,0.063826,74.125.24.0-255,2902,277186,82,292092
27827,0.063829,172.31.47.0-255,66,277252,82,292092
27828,0.065842,74.125.24.0-255,2902,280154,82,292092
27829,0.065847,172.31.47.0-255,66,280220,82,292092
27830,0.065875,74.125.24.0-255,2902,283122,82,292092
27831,0.065877,172.31.47.0-255,66,283188,82,292092
27832,0.067902,74.125.24.0-255,2902,286090,82,292092
27833,0.067907,172.31.47.0-255,66,286156,82,292092
27834,0.067971,74.125.24.0-255,2902,289058,82,292092
27835,0.067976,172.31.47.0-255,66,289124,82,292092
27836,0.069974,74.125.24.0-255,2902,292026,82,292092
27837,0.06998,172.31.47.0-255,66,292092,82,292092
27838,0.0,74.125.24.0-255,153,153,82,372167
27839,2.5e-05,172.31.47.0-255,66,219,82,372167
27840,3.1e-05,74.125.24.0-255,1484,1703,82,372167
27841,3.5e-05,172.31.47.0-255,66,1769,82,372167
27842,4e-05,74.125.24.0-255,2902,4671,82,372167
27843,4.2e-05,172.31.47.0-255,66,4737,82,372167
27844,8.8e-05,74.125.24.0-255,7156,11893,82,372167
27845,9.2e-05,172.31.47.0-255,66,11959,82,372167
27846,9.9e-05,74.125.24.0-255,6354,18313,82,372167
27847,0.000101,172.31.47.0-255,66,18379,82,372167
27848,0.000138,74.125.24.0-255,4320,22699,82,372167
27849,0.000141,172.31.47.0-255,66,22765,82,372167
27850,0.000176,74.125.24.0-255,8215,30980,82,372167
27851,0.00018,172.31.47.0-255,66,31046,82,372167
27852,0.000601,74.125.24.0-255,1484,32530,82,372167
27853,0.000607,172.31.47.0-255,66,32596,82,372167
27854,0.000637,74.125.24.0-255,2902,35498,82,372167
27855,0.000641,172.31.47.0-255,66,35564,82,372167
27856,0.000648,74.125.24.0-255,5738,41302,82,372167
27857,0.00065,172.31.47.0-255,66,41368,82,372167
27858,0.000662,74.125.24.0-255,4320,45688,82,372167
27859,0.000664,172.31.47.0-255,66,45754,82,372167
27860,0.000668,74.125.24.0-255,1484,47238,82,372167
27861,0.00067,172.31.47.0-255,66,47304,82,372167
27862,0.000724,172.31.47.0-255,66,47370,82,372167
27863,0.000729,74.125.24.0-255,3602,50972,82,372167
27864,0.000731,172.31.47.0-255,66,51038,82,372167
27865,0.000756,74.125.24.0-255,1815,52853,82,372167
27866,0.00076,172.31.47.0-255,66,52919,82,372167
27867,0.00077,74.125.24.0-255,2902,55821,82,372167
27868,0.000773,172.31.47.0-255,66,55887,82,372167
27869,0.00078,74.125.24.0-255,7156,63043,82,372167
27870,0.000782,172.31.47.0-255,66,63109,82,372167
27871,0.000815,74.125.24.0-255,2902,66011,82,372167
27872,0.000818,172.31.47.0-255,66,66077,82,372167
27873,0.000844,74.125.24.0-255,2243,68320,82,372167
27874,0.000847,172.31.47.0-255,66,68386,82,372167
27875,0.001028,74.125.24.0-255,1484,69870,82,372167
27876,0.001033,74.125.24.0-255,1484,71354,82,372167
27877,0.001036,172.31.47.0-255,66,71420,82,372167
27878,0.001066,74.125.24.0-255,1484,72904,82,372167
27879,0.001072,74.125.24.0-255,5738,78642,82,372167
27880,0.001075,172.31.47.0-255,66,78708,82,372167
27881,0.001095,172.31.47.0-255,66,78774,82,372167
27882,0.001123,74.125.24.0-255,1484,80258,82,372167
27883,0.001133,74.125.24.0-255,10692,90950,82,372167
27884,0.001136,172.31.47.0-255,66,91016,82,372167
27885,0.001597,74.125.24.0-255,1484,92500,82,372167
27886,0.001612,74.125.24.0-255,2902,95402,82,372167
27887,0.001615,172.31.47.0-255,66,95468,82,372167
27888,0.001617,74.125.24.0-255,1484,96952,82,372167
27889,0.001634,74.125.24.0-255,4320,101272,82,372167
27890,0.001636,172.31.47.0-255,66,101338,82,372167
27891,0.001642,74.125.24.0-255,5738,107076,82,372167
27892,0.001643,172.31.47.0-255,66,107142,82,372167
27893,0.001676,74.125.24.0-255,7156,114298,82,372167
27894,0.001678,172.31.47.0-255,66,114364,82,372167
27895,0.001685,74.125.24.0-255,9992,124356,82,372167
27896,0.001687,172.31.47.0-255,66,124422,82,372167
27897,0.001689,74.125.24.0-255,766,125188,82,372167
27898,0.001716,74.125.24.0-255,1484,126672,82,372167
27899,0.001718,172.31.47.0-255,66,126738,82,372167
27900,0.001722,74.125.24.0-255,2902,129640,82,372167
27901,0.001724,172.31.47.0-255,66,129706,82,372167
27902,0.001742,74.125.24.0-255,1484,131190,82,372167
27903,0.001746,74.125.24.0-255,2902,134092,82,372167
27904,0.001747,172.31.47.0-255,66,134158,82,372167
27905,0.001766,74.125.24.0-255,7156,141314,82,372167
27906,0.001768,172.31.47.0-255,66,141380,82,372167
27907,0.001778,74.125.24.0-255,7156,148536,82,372167
27908,0.001779,172.31.47.0-255,66,148602,82,372167
27909,0.001804,74.125.24.0-255,4320,152922,82,372167
27910,0.001805,172.31.47.0-255,66,152988,82,372167
27911,0.00181,74.125.24.0-255,5738,158726,82,372167
27912,0.001812,172.31.47.0-255,66,158792,82,372167
27913,0.001825,74.125.24.0-255,766,159558,82,372167
27914,0.001829,74.125.24.0-255,2902,162460,82,372167
27915,0.001831,172.31.47.0-255,66,162526,82,372167
27916,0.00185,74.125.24.0-255,4320,166846,82,372167
27917,0.001851,172.31.47.0-255,66,166912,82,372167
27918,0.001865,74.125.24.0-255,2902,169814,82,372167
27919,0.00187,172.31.47.0-255,66,169880,82,372167
27920,0.0019,172.31.47.0-255,66,169946,82,372167
27921,0.001946,74.125.24.0-255,8574,178520,82,372167
27922,0.001947,172.31.47.0-255,66,178586,82,372167
27923,0.001973,74.125.24.0-255,1484,180070,82,372167
27924,0.001975,74.125.24.0-255,766,180836,82,372167
27925,0.001977,172.31.47.0-255,66,180902,82,372167
27926,0.003952,74.125.24.0-255,2902,183804,82,372167
27927,0.003955,172.31.47.0-255,66,183870,82,372167
27928,0.003992,74.125.24.0-255,2902,186772,82,372167
27929,0.003994,172.31.47.0-255,66,186838,82,372167
27930,0.005962,74.125.24.0-255,2902,189740,82,372167
27931,0.005968,172.31.47.0-255,66,189806,82,372167
27932,0.005998,74.125.24.0-255,2902,192708,82,372167
27933,0.006002,172.31.47.0-255,66,192774,82,372167
27934,0.007975,74.125.24.0-255,2902,195676,82,372167
27935,0.007981,172.31.47.0-255,66,195742,82,372167
27936,0.008012,74.125.24.0-255,2902,198644,82,372167
27937,0.008015,172.31.47.0-255,66,198710,82,372167
27938,0.010081,74.125.24.0-255,5738,204448,82,372167
27939,0.010088,172.31.47.0-255,66,204514,82,372167
27940,0.012109,74.125.24.0-255,5738,210252,82,372167
27941,0.012115,172.31.47.0-255,66,210318,82,372167
27942,0.014159,74.125.24.0-255,5738,216056,82,372167
27943,0.014166,172.31.47.0-255,66,216122,82,372167
27944,0.016194,74.125.24.0-255,5738,221860,82,372167
27945,0.016201,172.31.47.0-255,66,221926,82,372167
27946,0.018244,74.125.24.0-255,5738,227664,82,372167
27947,0.018253,172.31.47.0-255,66,227730,82,372167
27948,0.020284,74.125.24.0-255,5738,233468,82,372167
27949,0.020294,172.31.47.0-255,66,233534,82,372167
27950,0.022281,74.125.24.0-255,5738,239272,82,372167
27951,0.022287,172.31.47.0-255,66,239338,82,372167
27952,0.024304,74.125.24.0-255,5738,245076,82,372167
27953,0.02431,172.31.47.0-255,66,245142,82,372167
27954,0.026306,74.125.24.0-255,5738,250880,82,372167
27955,0.026312,172.31.47.0-255,66,250946,82,372167
27956,0.027613,172.31.47.0-255,172,251118,82,372167
27957,0.027648,172.31.47.0-255,1107,252225,82,372167
27958,0.02772,172.31.47.0-255,1514,253739,82,372167
27959,0.027746,172.31.47.0-255,1292,255031,82,372167
27960,0.02835,74.125.24.0-255,5738,260769,82,372167
27961,0.028357,172.31.47.0-255,66,260835,82,372167
27962,0.029161,104.244.42.0-255,66,260901,82,372167
27963,0.029213,104.244.42.0-255,66,260967,82,372167
27964,0.029312,104.244.42.0-255,66,261033,82,372167
27965,0.029317,104.244.42.0-255,66,261099,82,372167
27966,0.030357,74.125.24.0-255,4320,265419,82,372167
27967,0.030362,172.31.47.0-255,66,265485,82,372167
27968,0.030398,74.125.24.0-255,1484,266969,82,372167
27969,0.032374,74.125.24.0-255,4320,271289,82,372167
27970,0.032378,172.31.47.0-255,66,271355,82,372167
27971,0.034416,74.125.24.0-255,5738,277093,82,372167
27972,0.034421,172.31.47.0-255,66,277159,82,372167
27973,0.036415,74.125.24.0-255,5738,282897,82,372167
27974,0.036419,172.31.47.0-255,66,282963,82,372167
27975,0.038422,74.125.24.0-255,5738,288701,82,372167
27976,0.038426,172.31.47.0-255,66,288767,82,372167
27977,0.040442,74.125.24.0-255,5738,294505,82,372167
27978,0.040447,172.31.47.0-255,66,294571,82,372167
27979,0.042464,74.125.24.0-255,4320,298891,82,372167
27980,0.042468,172.31.47.0-255,66,298957,82,372167
27981,0.042499,74.125.24.0-255,1484,300441,82,372167
27982,0.044512,74.125.24.0-255,4320,304761,82,372167
27983,0.044517,172.31.47.0-255,66,304827,82,372167
27984,0.046518,74.125.24.0-255,5738,310565,82,372167
27985,0.046524,172.31.47.0-255,66,310631,82,372167
27986,0.048526,74.125.24.0-255,5738,316369,82,372167
27987,0.048531,172.31.47.0-255,66,316435,82,372167
27988,0.050534,74.125.24.0-255,5738,322173,82,372167
27989,0.05054,172.31.47.0-255,66,322239,82,372167
27990,0.052571,74.125.24.0-255,5738,327977,82,372167
27991,0.052575,172.31.47.0-255,66,328043,82,372167
27992,0.054626,74.125.24.0-255,4320,332363,82,372167
27993,0.05463,172.31.47.0-255,66,332429,82,372167
27994,0.054663,74.125.24.0-255,1484,333913,82,372167
27995,0.056646,74.125.24.0-255,4320,338233,82,372167
27996,0.05665,172.31.47.0-255,66,338299,82,372167
27997,0.058659,74.125.24.0-255,4320,342619,82,372167
27998,0.058663,172.31.47.0-255,66,342685,82,372167
27999,0.05869,74.125.24.0-255,1484,344169,82,372167
28000,0.060673,74.125.24.0-255,4320,348489,82,372167
28001,0.060678,172.31.47.0-255,66,348555,82,372167
28002,0.06269,74.125.24.0-255,5738,354293,82,372167
28003,0.062694,172.31.47.0-255,66,354359,82,372167
28004,0.064688,74.125.24.0-255,2902,357261,82,372167
28005,0.064693,172.31.47.0-255,66,357327,82,372167
28006,0.064724,74.125.24.0-255,2902,360229,82,372167
28007,0.064726,172.31.47.0-255,66,360295,82,372167
28008,0.066685,74.125.24.0-255,2902,363197,82,372167
28009,0.066689,172.31.47.0-255,66,363263,82,372167
28010,0.066742,74.125.24.0-255,2902,366165,82,372167
28011,0.066746,172.31.47.0-255,66,366231,82,372167
28012,0.068748,74.125.24.0-255,2902,369133,82,372167
28013,0.068753,172.31.47.0-255,66,369199,82,372167
28014,0.068786,74.125.24.0-255,2902,372101,82,372167
28015,0.068789,172.31.47.0-255,66,372167,82,372167
28016,0.0,172.31.47.0-255,105,105,82,105
28017,0.0,172.217.194.0-255,66,66,82,132
28018,0.035668,172.31.47.0-255,66,132,82,132
28019,0.0,74.125.24.0-255,146,146,82,347524
28020,1.9e-05,172.31.47.0-255,66,212,82,347524
28021,2.5e-05,74.125.24.0-255,1484,1696,82,347524
28022,2.9e-05,172.31.47.0-255,66,1762,82,347524
28023,3.4e-05,74.125.24.0-255,2902,4664,82,347524
28024,3.6e-05,172.31.47.0-255,66,4730,82,347524
28025,5.7e-05,74.125.24.0-255,7156,11886,82,347524
28026,5.9e-05,172.31.47.0-255,66,11952,82,347524
28027,0.000103,74.125.24.0-255,2100,14052,82,347524
28028,0.000106,172.31.47.0-255,66,14118,82,347524
28029,0.000379,74.125.24.0-255,1484,15602,82,347524
28030,0.000383,172.31.47.0-255,66,15668,82,347524
28031,0.000388,74.125.24.0-255,2902,18570,82,347524
28032,0.00039,172.31.47.0-255,66,18636,82,347524
28033,0.000395,74.125.24.0-255,5738,24374,82,347524
28034,0.000397,172.31.47.0-255,66,24440,82,347524
28035,0.000413,74.125.24.0-255,5738,30178,82,347524
28036,0.000417,172.31.47.0-255,66,30244,82,347524
28037,0.000429,74.125.24.0-255,1125,31369,82,347524
28038,0.000432,172.31.47.0-255,66,31435,82,347524
28039,0.000451,74.125.24.0-255,1484,32919,82,347524
28040,0.000453,172.31.47.0-255,66,32985,82,347524
28041,0.00048,172.31.47.0-255,66,33051,82,347524
28042,0.000483,74.125.24.0-255,2543,35594,82,347524
28043,0.000486,172.31.47.0-255,66,35660,82,347524
28044,0.000901,74.125.24.0-255,1484,37144,82,347524
28045,0.000906,172.31.47.0-255,66,37210,82,347524
28046,0.000914,74.125.24.0-255,2902,40112,82,347524
28047,0.000915,172.31.47.0-255,66,40178,82,347524
28048,0.00092,74.125.24.0-255,5738,45916,82,347524
28049,0.000922,172.31.47.0-255,66,45982,82,347524
28050,0.000963,74.125.24.0-255,2902,48884,82,347524
28051,0.000965,172.31.47.0-255,66,48950,82,347524
28052,0.000983,74.125.24.0-255,3961,52911,82,347524
28053,0.000985,172.31.47.0-255,66,52977,82,347524
28054,0.001051,74.125.24.0-255,1484,54461,82,347524
28055,0.001073,74.125.24.0-255,2902,57363,82,347524
28056,0.001077,172.31.47.0-255,66,57429,82,347524
28057,0.001097,74.125.24.0-255,5738,63167,82,347524
28058,0.001099,172.31.47.0-255,66,63233,82,347524
28059,0.001127,74.125.24.0-255,5738,68971,82,347524
28060,0.001129,172.31.47.0-255,66,69037,82,347524
28061,0.001154,74.125.24.0-255,8215,77252,82,347524
28062,0.001157,172.31.47.0-255,66,77318,82,347524
28063,0.001198,74.125.24.0-255,9633,86951,82,347524
28064,0.0012,172.31.47.0-255,66,87017,82,347524
28065,0.001845,74.125.24.0-255,1484,88501,82,347524
28066,0.001869,74.125.24.0-255,2902,91403,82,347524
28067,0.001871,172.31.47.0-255,66,91469,82,347524
28068,0.001889,74.125.24.0-255,2902,94371,82,347524
28069,0.00189,172.31.47.0-255,66,94437,82,347524
28070,0.001906,74.125.24.0-255,2902,97339,82,347524
28071,0.001908,172.31.47.0-255,66,97405,82,347524
28072,0.001928,74.125.24.0-255,8574,105979,82,347524
28073,0.00193,172.31.47.0-255,66,106045,82,347524
28074,0.001962,74.125.24.0-255,4320,110365,82,347524
28075,0.001964,172.31.47.0-255,66,110431,82,347524
28076,0.001984,74.125.24.0-255,10692,121123,82,347524
28077,0.001986,172.31.47.0-255,66,121189,82,347524
28078,0.002007,74.125.24.0-255,4320,125509,82,347524
28079,0.002008,172.31.47.0-255,66,125575,82,347524
28080,0.002037,172.31.47.0-255,66,125641,82,347524
28081,0.002045,74.125.24.0-255,9992,135633,82,347524
28082,0.002047,172.31.47.0-255,66,135699,82,347524
28083,0.002067,74.125.24.0-255,4320,140019,82,347524
28084,0.00207,172.31.47.0-255,66,140085,82,347524
28085,0.002073,74.125.24.0-255,2902,142987,82,347524
28086,0.002074,172.31.47.0-255,66,143053,82,347524
28087,0.002102,172.31.47.0-255,66,143119,82,347524
28088,0.002131,172.31.47.0-255,66,143185,82,347524
28089,0.002136,74.125.24.0-255,6438,149623,82,347524
28090,0.002138,172.31.47.0-255,66,149689,82,347524
28091,0.002153,74.125.24.0-255,1484,151173,82,347524
28092,0.002168,74.125.24.0-255,5738,156911,82,347524
28093,0.00217,172.31.47.0-255,66,156977,82,347524
28094,0.002172,74.125.24.0-255,1484,158461,82,347524
28095,0.002205,172.31.47.0-255,66,158527,82,347524
28096,0.002227,74.125.24.0-255,9992,168519,82,347524
28097,0.00223,172.31.47.0-255,66,168585,82,347524
28098,0.002238,74.125.24.0-255,766,169351,82,347524
28099,0.002282,74.125.24.0-255,1484,170835,82,347524
28100,0.002284,172.31.47.0-255,66,170901,82,347524
28101,0.002288,74.125.24.0-255,2902,173803,82,347524
28102,0.00229,172.31.47.0-255,66,173869,82,347524
28103,0.002318,74.125.24.0-255,5738,179607,82,347524
28104,0.00232,172.31.47.0-255,66,179673,82,347524
28105,0.002323,74.125.24.0-255,2902,182575,82,347524
28106,0.002325,172.31.47.0-255,66,182641,82,347524
28107,0.002341,74.125.24.0-255,4320,186961,82,347524
28108,0.002343,172.31.47.0-255,66,187027,82,347524
28109,0.004633,74.125.24.0-255,1484,188511,82,347524
28110,0.004654,74.125.24.0-255,2902,191413,82,347524
28111,0.004656,172.31.47.0-255,66,191479,82,347524
28112,0.004672,74.125.24.0-255,1484,192963,82,347524
28113,0.006957,74.125.24.0-255,4320,197283,82,347524
28114,0.006963,172.31.47.0-255,66,197349,82,347524
28115,0.009289,74.125.24.0-255,5738,203087,82,347524
28116,0.009297,172.31.47.0-255,66,203153,82,347524
28117,0.011637,74.125.24.0-255,5738,208891,82,347524
28118,0.011645,172.31.47.0-255,66,208957,82,347524
28119,0.013977,74.125.24.0-255,5738,214695,82,347524
28120,0.013993,172.31.47.0-255,66,214761,82,347524
28121,0.016284,74.125.24.0-255,4320,219081,82,347524
28122,0.016291,172.31.47.0-255,66,219147,82,347524
28123,0.016316,74.125.24.0-255,1484,220631,82,347524
28124,0.018603,74.125.24.0-255,4320,224951,82,347524
28125,0.018612,172.31.47.0-255,66,225017,82,347524
28126,0.020939,74.125.24.0-255,5738,230755,82,347524
28127,0.020947,172.31.47.0-255,66,230821,82,347524
28128,0.023368,74.125.24.0-255,4320,235141,82,347524
28129,0.023374,172.31.47.0-255,66,235207,82,347524
28130,0.02339,74.125.24.0-255,1484,236691,82,347524
28131,0.024777,172.31.47.0-255,172,236863,82,347524
28132,0.024802,172.31.47.0-255,1107,237970,82,347524
28133,0.024833,172.31.47.0-255,1514,239484,82,347524
28134,0.024834,172.31.47.0-255,1292,240776,82,347524
28135,0.025673,74.125.24.0-255,2902,243678,82,347524
28136,0.025678,172.31.47.0-255,66,243744,82,347524
28137,0.025705,74.125.24.0-255,1484,245228,82,347524
28138,0.026346,104.244.42.0-255,66,245294,82,347524
28139,0.026352,104.244.42.0-255,66,245360,82,347524
28140,0.026393,104.244.42.0-255,66,245426,82,347524
28141,0.02799,74.125.24.0-255,4320,249746,82,347524
28142,0.027993,172.31.47.0-255,66,249812,82,347524
28143,0.030294,74.125.24.0-255,4320,254132,82,347524
28144,0.030299,172.31.47.0-255,66,254198,82,347524
28145,0.030326,74.125.24.0-255,1484,255682,82,347524
28146,0.032597,74.125.24.0-255,2902,258584,82,347524
28147,0.032603,172.31.47.0-255,66,258650,82,347524
28148,0.034919,74.125.24.0-255,5738,264388,82,347524
28149,0.034925,172.31.47.0-255,66,264454,82,347524
28150,0.037231,74.125.24.0-255,5738,270192,82,347524
28151,0.037237,172.31.47.0-255,66,270258,82,347524
28152,0.03957,74.125.24.0-255,4320,274578,82,347524
28153,0.039575,172.31.47.0-255,66,274644,82,347524
28154,0.039592,74.125.24.0-255,1484,276128,82,347524
28155,0.041867,74.125.24.0-255,4320,280448,82,347524
28156,0.041873,172.31.47.0-255,66,280514,82,347524
28157,0.044184,74.125.24.0-255,5738,286252,82,347524
28158,0.04419,172.31.47.0-255,66,286318,82,347524
28159,0.046474,74.125.24.0-255,5738,292056,82,347524
28160,0.046479,172.31.47.0-255,66,292122,82,347524
28161,0.048775,74.125.24.0-255,4320,296442,82,347524
28162,0.04878,172.31.47.0-255,66,296508,82,347524
28163,0.048815,74.125.24.0-255,1484,297992,82,347524
28164,0.051063,74.125.24.0-255,4320,302312,82,347524
28165,0.051068,172.31.47.0-255,66,302378,82,347524
28166,0.05337,74.125.24.0-255,1484,303862,82,347524
28167,0.053399,74.125.24.0-255,4320,308182,82,347524
28168,0.053403,172.31.47.0-255,66,308248,82,347524
28169,0.055692,74.125.24.0-255,5738,313986,82,347524
28170,0.055696,172.31.47.0-255,66,314052,82,347524
28171,0.057985,74.125.24.0-255,5738,319790,82,347524
28172,0.057992,172.31.47.0-255,66,319856,82,347524
28173,0.060312,74.125.24.0-255,4320,324176,82,347524
28174,0.060317,172.31.47.0-255,66,324242,82,347524
28175,0.060339,74.125.24.0-255,1484,325726,82,347524
28176,0.06261,74.125.24.0-255,4320,330046,82,347524
28177,0.062616,172.31.47.0-255,66,330112,82,347524
28178,0.06493,74.125.24.0-255,5738,335850,82,347524
28179,0.064935,172.31.47.0-255,66,335916,82,347524
28180,0.067252,74.125.24.0-255,5738,341654,82,347524
28181,0.067261,172.31.47.0-255,66,341720,82,347524
28182,0.069561,74.125.24.0-255,5738,347458,82,347524
28183,0.069567,172.31.47.0-255,66,347524,82,347524
28184,0.0,172.217.194.0-255,153,153,82,336956
28185,2.1e-05,172.31.47.0-255,66,219,82,336956
28186,4.4e-05,172.217.194.0-255,1484,1703,82,336956
28187,4.8e-05,172.31.47.0-255,66,1769,82,336956
28188,5.2e-05,172.217.194.0-255,2902,4671,82,336956
28189,5.4e-05,172.31.47.0-255,66,4737,82,336956
28190,5.9e-05,172.217.194.0-255,5738,10475,82,336956
28191,6.2e-05,172.31.47.0-255,66,10541,82,336956
28192,9.3e-05,172.217.194.0-255,1484,12025,82,336956
28193,9.5e-05,172.31.47.0-255,66,12091,82,336956
28194,0.000101,172.217.194.0-255,4868,16959,82,336956
28195,0.000103,172.31.47.0-255,66,17025,82,336956
28196,0.000105,172.217.194.0-255,1484,18509,82,336956
28197,0.000106,172.31.47.0-255,66,18575,82,336956
28198,0.000142,172.31.47.0-255,66,18641,82,336956
28199,0.000366,172.217.194.0-255,1484,20125,82,336956
28200,0.000371,172.31.47.0-255,66,20191,82,336956
28201,0.000398,172.217.194.0-255,2902,23093,82,336956
28202,0.000401,172.31.47.0-255,66,23159,82,336956
28203,0.000405,172.217.194.0-255,2902,26061,82,336956
28204,0.000407,172.31.47.0-255,66,26127,82,336956
28205,0.000424,172.217.194.0-255,2902,29029,82,336956
28206,0.000427,172.31.47.0-255,66,29095,82,336956
28207,0.000435,172.217.194.0-255,2902,31997,82,336956
28208,0.000439,172.31.47.0-255,66,32063,82,336956
28209,0.000462,172.217.194.0-255,3961,36024,82,336956
28210,0.000466,172.31.47.0-255,66,36090,82,336956
28211,0.000471,172.217.194.0-255,4320,40410,82,336956
28212,0.000476,172.31.47.0-255,66,40476,82,336956
28213,0.0005,172.217.194.0-255,2902,43378,82,336956
28214,0.000504,172.31.47.0-255,66,43444,82,336956
28215,0.000513,172.217.194.0-255,9925,53369,82,336956
28216,0.000515,172.31.47.0-255,66,53435,82,336956
28217,0.000747,172.217.194.0-255,99,53534,82,336956
28218,0.000751,172.31.47.0-255,66,53600,82,336956
28219,0.000863,172.217.194.0-255,1484,55084,82,336956
28220,0.000868,172.31.47.0-255,66,55150,82,336956
28221,0.000873,172.217.194.0-255,2902,58052,82,336956
28222,0.000875,172.31.47.0-255,66,58118,82,336956
28223,0.000914,172.217.194.0-255,5738,63856,82,336956
28224,0.000918,172.31.47.0-255,66,63922,82,336956
28225,0.000927,172.217.194.0-255,8574,72496,82,336956
28226,0.000928,172.31.47.0-255,66,72562,82,336956
28227,0.000961,172.217.194.0-255,5379,77941,82,336956
28228,0.000963,172.31.47.0-255,66,78007,82,336956
28229,0.000971,172.217.194.0-255,9633,87640,82,336956
28230,0.000973,172.31.47.0-255,66,87706,82,336956
28231,0.001236,172.217.194.0-255,1484,89190,82,336956
28232,0.001244,172.217.194.0-255,2902,92092,82,336956
28233,0.001247,172.217.194.0-255,1484,93576,82,336956
28234,0.00127,172.217.194.0-255,4320,97896,82,336956
28235,0.001276,172.217.194.0-255,5738,103634,82,336956
28236,0.001292,172.217.194.0-255,7156,110790,82,336956
28237,0.001304,172.217.194.0-255,1484,112274,82,336956
28238,0.001323,172.217.194.0-255,9274,121548,82,336956
28239,0.00135,172.217.194.0-255,4320,125868,82,336956
28240,0.001425,172.217.194.0-255,2902,128770,82,336956
28241,0.001443,172.217.194.0-255,4320,133090,82,336956
28242,0.001457,172.217.194.0-255,5738,138828,82,336956
28243,0.001472,172.217.194.0-255,4320,143148,82,336956
28244,0.001477,172.217.194.0-255,4320,147468,82,336956
28245,0.001512,172.217.194.0-255,3602,151070,82,336956
28246,0.001544,172.217.194.0-255,1484,152554,82,336956
28247,0.001558,172.217.194.0-255,2902,155456,82,336956
28248,0.001583,172.217.194.0-255,2902,158358,82,336956
28249,0.001595,172.217.194.0-255,2902,161260,82,336956
28250,0.001599,172.217.194.0-255,2902,164162,82,336956
28251,0.001619,172.217.194.0-255,8574,172736,82,336956
28252,0.001634,172.217.194.0-255,1484,174220,82,336956
28253,0.001649,172.217.194.0-255,1484,175704,82,336956
28254,0.001664,172.217.194.0-255,8574,184278,82,336956
28255,0.001672,172.217.194.0-255,766,185044,82,336956
28256,0.001755,172.217.194.0-255,1484,186528,82,336956
28257,0.001759,172.217.194.0-255,2902,189430,82,336956
28258,0.001773,172.217.194.0-255,1484,190914,82,336956
28259,0.001801,172.217.194.0-255,4320,195234,82,336956
28260,0.001865,172.217.194.0-255,7156,202390,82,336956
28261,0.001878,172.217.194.0-255,3602,205992,82,336956
28262,0.002056,172.217.194.0-255,1484,207476,82,336956
28263,0.002062,172.217.194.0-255,2902,210378,82,336956
28264,0.002085,172.217.194.0-255,5738,216116,82,336956
28265,0.00209,172.217.194.0-255,2902,219018,82,336956
28266,0.002108,172.217.194.0-255,9992,229010,82,336956
28267,0.002115,172.217.194.0-255,7156,236166,82,336956
28268,0.002129,172.217.194.0-255,1484,237650,82,336956
28269,0.002152,172.217.194.0-255,2184,239834,82,336956
28270,0.002229,172.217.194.0-255,1484,241318,82,336956
28271,0.002246,172.217.194.0-255,2902,244220,82,336956
28272,0.002264,172.217.194.0-255,2902,247122,82,336956
28273,0.002275,172.217.194.0-255,2902,250024,82,336956
28274,0.002301,172.217.194.0-255,9992,260016,82,336956
28275,0.002431,172.217.194.0-255,1484,261500,82,336956
28276,0.002449,172.217.194.0-255,2902,264402,82,336956
28277,0.002469,172.217.194.0-255,2902,267304,82,336956
28278,0.002482,172.217.194.0-255,2902,270206,82,336956
28279,0.002505,172.217.194.0-255,7156,277362,82,336956
28280,0.002525,172.217.194.0-255,7156,284518,82,336956
28281,0.002548,172.217.194.0-255,4320,288838,82,336956
28282,0.002572,172.217.194.0-255,5020,293858,82,336956
28283,0.002616,172.217.194.0-255,1484,295342,82,336956
28284,0.00263,172.217.194.0-255,2902,298244,82,336956
28285,0.002653,172.217.194.0-255,2902,301146,82,336956
28286,0.002666,172.217.194.0-255,2902,304048,82,336956
28287,0.00267,172.217.194.0-255,2902,306950,82,336956
28288,0.002672,172.217.194.0-255,1484,308434,82,336956
28289,0.002723,172.217.194.0-255,4320,312754,82,336956
28290,0.002744,172.217.194.0-255,8574,321328,82,336956
28291,0.002748,172.217.194.0-255,4320,325648,82,336956
28292,0.002762,172.217.194.0-255,1484,327132,82,336956
28293,0.002776,172.217.194.0-255,6171,333303,82,336956
28294,0.002784,172.217.194.0-255,105,333408,82,336956
28295,0.003986,172.31.47.0-255,66,333474,82,336956
28296,0.006306,172.31.47.0-255,105,333579,82,336956
28297,0.008824,172.217.194.0-255,66,333645,82,336956
28298,0.025187,172.31.47.0-255,163,333808,82,336956
28299,0.025215,172.31.47.0-255,1140,334948,82,336956
28300,0.025245,172.31.47.0-255,1514,336462,82,336956
28301,0.025264,172.31.47.0-255,296,336758,82,336956
28302,0.026722,104.244.42.0-255,66,336824,82,336956
28303,0.026763,104.244.42.0-255,66,336890,82,336956
28304,0.026792,104.244.42.0-255,66,336956,82,336956
28305,0.0,74.125.24.0-255,153,153,82,218483
28306,2.9e-05,172.31.47.0-255,66,219,82,218483
28307,3.6e-05,74.125.24.0-255,1484,1703,82,218483
28308,4.1e-05,172.31.47.0-255,66,1769,82,218483
28309,4.6e-05,74.125.24.0-255,2902,4671,82,218483
28310,5.5e-05,172.31.47.0-255,66,4737,82,218483
28311,6.2e-05,74.125.24.0-255,5738,10475,82,218483
28312,6.4e-05,172.31.47.0-255,66,10541,82,218483
28313,9.3e-05,74.125.24.0-255,8574,19115,82,218483
28314,9.6e-05,172.31.47.0-255,66,19181,82,218483
28315,0.000125,74.125.24.0-255,4814,23995,82,218483
28316,0.000129,172.31.47.0-255,66,24061,82,218483
28317,0.000137,74.125.24.0-255,6797,30858,82,218483
28318,0.000139,172.31.47.0-255,66,30924,82,218483
28319,0.000186,74.125.24.0-255,1484,32408,82,218483
28320,0.000189,172.31.47.0-255,66,32474,82,218483
28321,0.000194,74.125.24.0-255,2902,35376,82,218483
28322,0.000197,172.31.47.0-255,66,35442,82,218483
28323,0.000201,74.125.24.0-255,2902,38344,82,218483
28324,0.000209,172.31.47.0-255,66,38410,82,218483
28325,0.000238,74.125.24.0-255,2902,41312,82,218483
28326,0.000241,172.31.47.0-255,66,41378,82,218483
28327,0.000251,74.125.24.0-255,8574,49952,82,218483
28328,0.000254,172.31.47.0-255,66,50018,82,218483
28329,0.000287,74.125.24.0-255,5379,55397,82,218483
28330,0.000292,172.31.47.0-255,66,55463,82,218483
28331,0.000302,74.125.24.0-255,8574,64037,82,218483
28332,0.000304,172.31.47.0-255,66,64103,82,218483
28333,0.000307,74.125.24.0-255,1438,65541,82,218483
28334,0.000309,172.31.47.0-255,66,65607,82,218483
28335,0.000571,74.125.24.0-255,111,65718,82,218483
28336,0.000575,172.31.47.0-255,66,65784,82,218483
28337,0.000607,74.125.24.0-255,1484,67268,82,218483
28338,0.000613,74.125.24.0-255,2902,70170,82,218483
28339,0.000619,172.31.47.0-255,66,70236,82,218483
28340,0.000622,74.125.24.0-255,1484,71720,82,218483
28341,0.000651,74.125.24.0-255,5738,77458,82,218483
28342,0.000654,172.31.47.0-255,66,77524,82,218483
28343,0.00067,172.31.47.0-255,66,77590,82,218483
28344,0.000714,172.31.47.0-255,66,77656,82,218483
28345,0.00072,74.125.24.0-255,8574,86230,82,218483
28346,0.000723,172.31.47.0-255,66,86296,82,218483
28347,0.000779,172.31.47.0-255,66,86362,82,218483
28348,0.000812,74.125.24.0-255,1484,87846,82,218483
28349,0.000816,74.125.24.0-255,2902,90748,82,218483
28350,0.000819,172.31.47.0-255,66,90814,82,218483
28351,0.000825,74.125.24.0-255,5738,96552,82,218483
28352,0.000827,172.31.47.0-255,66,96618,82,218483
28353,0.000892,172.31.47.0-255,66,96684,82,218483
28354,0.000894,74.125.24.0-255,8574,105258,82,218483
28355,0.000896,172.31.47.0-255,66,105324,82,218483
28356,0.000918,74.125.24.0-255,2184,107508,82,218483
28357,0.000921,172.31.47.0-255,66,107574,82,218483
28358,0.001219,74.125.24.0-255,1484,109058,82,218483
28359,0.001236,74.125.24.0-255,2902,111960,82,218483
28360,0.001239,172.31.47.0-255,66,112026,82,218483
28361,0.001246,74.125.24.0-255,5738,117764,82,218483
28362,0.001247,172.31.47.0-255,66,117830,82,218483
28363,0.001282,172.31.47.0-255,66,117896,82,218483
28364,0.001289,74.125.24.0-255,7156,125052,82,218483
28365,0.001291,172.31.47.0-255,66,125118,82,218483
28366,0.001332,74.125.24.0-255,7156,132274,82,218483
28367,0.001335,172.31.47.0-255,66,132340,82,218483
28368,0.001369,172.31.47.0-255,66,132406,82,218483
28369,0.001391,172.31.47.0-255,66,132472,82,218483
28370,0.001401,172.31.47.0-255,66,132538,82,218483
28371,0.00143,74.125.24.0-255,5738,138276,82,218483
28372,0.001434,172.31.47.0-255,66,138342,82,218483
28373,0.001475,172.31.47.0-255,66,138408,82,218483
28374,0.001504,74.125.24.0-255,1484,139892,82,218483
28375,0.001517,74.125.24.0-255,2902,142794,82,218483
28376,0.001519,172.31.47.0-255,66,142860,82,218483
28377,0.001532,74.125.24.0-255,5738,148598,82,218483
28378,0.001539,172.31.47.0-255,66,148664,82,218483
28379,0.001565,74.125.24.0-255,9992,158656,82,218483
28380,0.001568,172.31.47.0-255,66,158722,82,218483
28381,0.001594,74.125.24.0-255,2902,161624,82,218483
28382,0.001596,172.31.47.0-255,66,161690,82,218483
28383,0.001603,74.125.24.0-255,8574,170264,82,218483
28384,0.001604,172.31.47.0-255,66,170330,82,218483
28385,0.001625,74.125.24.0-255,2184,172514,82,218483
28386,0.001627,172.31.47.0-255,66,172580,82,218483
28387,0.00167,74.125.24.0-255,2902,175482,82,218483
28388,0.001673,172.31.47.0-255,66,175548,82,218483
28389,0.001676,74.125.24.0-255,1484,177032,82,218483
28390,0.001696,74.125.24.0-255,2902,179934,82,218483
28391,0.001699,172.31.47.0-255,66,180000,82,218483
28392,0.001705,74.125.24.0-255,8574,188574,82,218483
28393,0.001708,172.31.47.0-255,66,188640,82,218483
28394,0.001782,172.31.47.0-255,66,188706,82,218483
28395,0.001792,74.125.24.0-255,3602,192308,82,218483
28396,0.001795,172.31.47.0-255,66,192374,82,218483
28397,0.001813,172.31.47.0-255,66,192440,82,218483
28398,0.001821,74.125.24.0-255,9992,202432,82,218483
28399,0.001823,172.31.47.0-255,66,202498,82,218483
28400,0.00185,74.125.24.0-255,7856,210354,82,218483
28401,0.001854,172.31.47.0-255,66,210420,82,218483
28402,0.001865,172.31.47.0-255,66,210486,82,218483
28403,0.001915,172.31.47.0-255,66,210552,82,218483
28404,0.00194,74.125.24.0-255,3065,213617,82,218483
28405,0.001943,172.31.47.0-255,66,213683,82,218483
28406,0.001946,74.125.24.0-255,105,213788,82,218483
28407,0.003124,172.31.47.0-255,66,213854,82,218483
28408,0.003147,172.31.47.0-255,105,213959,82,218483
28409,0.005426,74.125.24.0-255,66,214025,82,218483
28410,0.029817,172.31.47.0-255,171,214196,82,218483
28411,0.029852,172.31.47.0-255,1136,215332,82,218483
28412,0.029893,172.31.47.0-255,1514,216846,82,218483
28413,0.029895,172.31.47.0-255,1265,218111,82,218483
28414,0.031372,104.244.42.0-255,66,218177,82,218483
28415,0.031536,104.244.42.0-255,66,218243,82,218483
28416,0.031538,104.244.42.0-255,66,218309,82,218483
28417,0.032272,104.244.42.0-255,108,218417,82,218483
28418,0.032275,172.31.47.0-255,66,218483,82,218483
28419,0.0,172.217.194.0-255,153,153,82,291070
28420,2.7e-05,172.31.47.0-255,66,219,82,291070
28421,3.4e-05,172.217.194.0-255,1484,1703,82,291070
28422,3.8e-05,172.31.47.0-255,66,1769,82,291070
28423,4.2e-05,172.217.194.0-255,2902,4671,82,291070
28424,5.2e-05,172.31.47.0-255,66,4737,82,291070
28425,6e-05,172.217.194.0-255,7156,11893,82,291070
28426,6.3e-05,172.31.47.0-255,66,11959,82,291070
28427,7.7e-05,172.217.194.0-255,4320,16279,82,291070
28428,7.9e-05,172.31.47.0-255,66,16345,82,291070
28429,0.000116,172.217.194.0-255,7846,24191,82,291070
28430,0.00012,172.31.47.0-255,66,24257,82,291070
28431,0.000127,172.217.194.0-255,6797,31054,82,291070
28432,0.00013,172.31.47.0-255,66,31120,82,291070
28433,0.000153,172.217.194.0-255,2902,34022,82,291070
28434,0.000156,172.31.47.0-255,66,34088,82,291070
28435,0.000182,172.217.194.0-255,4320,38408,82,291070
28436,0.00019,172.31.47.0-255,66,38474,82,291070
28437,0.0002,172.217.194.0-255,9633,48107,82,291070
28438,0.000202,172.31.47.0-255,66,48173,82,291070
28439,0.000239,172.217.194.0-255,9992,58165,82,291070
28440,0.000242,172.31.47.0-255,66,58231,82,291070
28441,0.000261,172.217.194.0-255,4320,62551,82,291070
28442,0.000264,172.31.47.0-255,66,62617,82,291070
28443,0.000289,172.217.194.0-255,2795,65412,82,291070
28444,0.000293,172.31.47.0-255,66,65478,82,291070
28445,0.000317,172.217.194.0-255,120,65598,82,291070
28446,0.00032,172.31.47.0-255,66,65664,82,291070
28447,0.000423,172.217.194.0-255,1484,67148,82,291070
28448,0.000427,172.31.47.0-255,66,67214,82,291070
28449,0.000433,172.217.194.0-255,2902,70116,82,291070
28450,0.000435,172.31.47.0-255,66,70182,82,291070
28451,0.000441,172.217.194.0-255,5738,75920,82,291070
28452,0.000449,172.31.47.0-255,66,75986,82,291070
28453,0.00049,172.31.47.0-255,66,76052,82,291070
28454,0.000496,172.217.194.0-255,5738,81790,82,291070
28455,0.000499,172.31.47.0-255,66,81856,82,291070
28456,0.000534,172.217.194.0-255,3695,85551,82,291070
28457,0.000537,172.31.47.0-255,66,85617,82,291070
28458,0.000596,172.217.194.0-255,2902,88519,82,291070
28459,0.000601,172.31.47.0-255,66,88585,82,291070
28460,0.000606,172.217.194.0-255,4320,92905,82,291070
28461,0.000611,172.217.194.0-255,2902,95807,82,291070
28462,0.000616,172.31.47.0-255,66,95873,82,291070
28463,0.000644,172.217.194.0-255,5738,101611,82,291070
28464,0.000654,172.217.194.0-255,8215,109826,82,291070
28465,0.000654,172.31.47.0-255,66,109892,82,291070
28466,0.000659,172.31.47.0-255,66,109958,82,291070
28467,0.000689,172.31.47.0-255,66,110024,82,291070
28468,0.000692,172.217.194.0-255,8574,118598,82,291070
28469,0.000706,172.31.47.0-255,66,118664,82,291070
28470,0.000739,172.217.194.0-255,3602,122266,82,291070
28471,0.000751,172.31.47.0-255,66,122332,82,291070
28472,0.000754,172.217.194.0-255,1484,123816,82,291070
28473,0.000756,172.31.47.0-255,66,123882,82,291070
28474,0.000758,172.217.194.0-255,2902,126784,82,291070
28475,0.000763,172.217.194.0-255,5738,132522,82,291070
28476,0.000775,172.31.47.0-255,66,132588,82,291070
28477,0.000789,172.217.194.0-255,4320,136908,82,291070
28478,0.000799,172.31.47.0-255,66,136974,82,291070
28479,0.000823,172.217.194.0-255,8574,145548,82,291070
28480,0.000826,172.217.194.0-255,1484,147032,82,291070
28481,0.000836,172.217.194.0-255,2902,149934,82,291070
28482,0.000836,172.31.47.0-255,66,150000,82,291070
28483,0.000841,172.31.47.0-255,66,150066,82,291070
28484,0.000874,172.217.194.0-255,6438,156504,82,291070
28485,0.000879,172.31.47.0-255,66,156570,82,291070
28486,0.000932,172.217.194.0-255,1484,158054,82,291070
28487,0.000937,172.217.194.0-255,1484,159538,82,291070
28488,0.000947,172.31.47.0-255,66,159604,82,291070
28489,0.000949,172.217.194.0-255,1484,161088,82,291070
28490,0.000956,172.217.194.0-255,5738,166826,82,291070
28491,0.000963,172.31.47.0-255,66,166892,82,291070
28492,0.000982,172.217.194.0-255,5738,172630,82,291070
28493,0.000989,172.31.47.0-255,66,172696,82,291070
28494,0.001005,172.217.194.0-255,7156,179852,82,291070
28495,0.001019,172.217.194.0-255,10692,190544,82,291070
28496,0.001025,172.31.47.0-255,66,190610,82,291070
28497,0.001137,172.217.194.0-255,1484,192094,82,291070
28498,0.001143,172.217.194.0-255,2902,194996,82,291070
28499,0.001147,172.31.47.0-255,66,195062,82,291070
28500,0.00115,172.217.194.0-255,1484,196546,82,291070
28501,0.001179,172.217.194.0-255,4320,200866,82,291070
28502,0.001193,172.31.47.0-255,66,200932,82,291070
28503,0.001198,172.31.47.0-255,66,200998,82,291070
28504,0.001201,172.217.194.0-255,8574,209572,82,291070
28505,0.001212,172.31.47.0-255,66,209638,82,291070
28506,0.001226,172.217.194.0-255,2184,211822,82,291070
28507,0.001247,172.31.47.0-255,66,211888,82,291070
28508,0.001261,172.31.47.0-255,66,211954,82,291070
28509,0.001301,172.31.47.0-255,66,212020,82,291070
28510,0.001336,172.217.194.0-255,7156,219176,82,291070
28511,0.00134,172.31.47.0-255,66,219242,82,291070
28512,0.001373,172.217.194.0-255,2184,221426,82,291070
28513,0.00138,172.31.47.0-255,66,221492,82,291070
28514,0.001382,172.217.194.0-255,9992,231484,82,291070
28515,0.0014,172.31.47.0-255,66,231550,82,291070
28516,0.001405,172.31.47.0-255,66,231616,82,291070
28517,0.001409,172.217.194.0-255,9992,241608,82,291070
28518,0.001418,172.31.47.0-255,66,241674,82,291070
28519,0.001438,172.217.194.0-255,2184,243858,82,291070
28520,0.001445,172.31.47.0-255,66,243924,82,291070
28521,0.001459,172.31.47.0-255,66,243990,82,291070
28522,0.001463,172.217.194.0-255,9992,253982,82,291070
28523,0.001471,172.31.47.0-255,66,254048,82,291070
28524,0.001502,172.217.194.0-255,7856,261904,82,291070
28525,0.001505,172.217.194.0-255,1484,263388,82,291070
28526,0.001509,172.31.47.0-255,66,263454,82,291070
28527,0.001538,172.217.194.0-255,2902,266356,82,291070
28528,0.001544,172.217.194.0-255,5738,272094,82,291070
28529,0.001549,172.31.47.0-255,66,272160,82,291070
28530,0.001582,172.217.194.0-255,6797,278957,82,291070
28531,0.001596,172.31.47.0-255,66,279023,82,291070
28532,0.001624,172.217.194.0-255,2902,281925,82,291070
28533,0.001636,172.31.47.0-255,66,281991,82,291070
28534,0.001642,172.217.194.0-255,4320,286311,82,291070
28535,0.001649,172.31.47.0-255,66,286377,82,291070
28536,0.001687,172.31.47.0-255,66,286443,82,291070
28537,0.001699,172.217.194.0-255,105,286548,82,291070
28538,0.003635,172.31.47.0-255,66,286614,82,291070
28539,0.003663,172.31.47.0-255,105,286719,82,291070
28540,0.005667,172.217.194.0-255,66,286785,82,291070
28541,0.045826,172.31.47.0-255,172,286957,82,291070
28542,0.045861,172.31.47.0-255,1103,288060,82,291070
28543,0.045897,172.31.47.0-255,1514,289574,82,291070
28544,0.045899,172.31.47.0-255,1298,290872,82,291070
28545,0.047309,104.244.42.0-255,66,290938,82,291070
28546,0.04734,104.244.42.0-255,66,291004,82,291070
28547,0.047386,104.244.42.0-255,66,291070,82,291070
28548,0.0,74.125.24.0-255,153,153,82,304995
28549,3e-05,172.31.47.0-255,66,219,82,304995
28550,3.6e-05,74.125.24.0-255,1484,1703,82,304995
28551,4e-05,172.31.47.0-255,66,1769,82,304995
28552,4.4e-05,74.125.24.0-255,2902,4671,82,304995
28553,4.6e-05,172.31.47.0-255,66,4737,82,304995
28554,5.2e-05,74.125.24.0-255,7156,11893,82,304995
28555,5.4e-05,172.31.47.0-255,66,11959,82,304995
28556,5.7e-05,74.125.24.0-255,1484,13443,82,304995
28557,5.9e-05,172.31.47.0-255,66,13509,82,304995
28558,9.1e-05,74.125.24.0-255,4820,18329,82,304995
28559,9.4e-05,172.31.47.0-255,66,18395,82,304995
28560,9.9e-05,74.125.24.0-255,7156,25551,82,304995
28561,0.000101,172.31.47.0-255,66,25617,82,304995
28562,0.000107,74.125.24.0-255,8574,34191,82,304995
28563,0.000109,172.31.47.0-255,66,34257,82,304995
28564,0.000139,74.125.24.0-255,7156,41413,82,304995
28565,0.000141,172.31.47.0-255,66,41479,82,304995
28566,0.000148,74.125.24.0-255,6438,47917,82,304995
28567,0.00015,172.31.47.0-255,66,47983,82,304995
28568,0.000172,74.125.24.0-255,4320,52303,82,304995
28569,0.000175,172.31.47.0-255,66,52369,82,304995
28570,0.000202,172.31.47.0-255,66,52435,82,304995
28571,0.000271,74.125.24.0-255,1484,53919,82,304995
28572,0.000274,172.31.47.0-255,66,53985,82,304995
28573,0.000279,74.125.24.0-255,2902,56887,82,304995
28574,0.000281,172.31.47.0-255,66,56953,82,304995
28575,0.000292,74.125.24.0-255,2902,59855,82,304995
28576,0.000296,172.31.47.0-255,66,59921,82,304995
28577,0.00031,74.125.24.0-255,2902,62823,82,304995
28578,0.000313,172.31.47.0-255,66,62889,82,304995
28579,0.000317,74.125.24.0-255,4320,67209,82,304995
28580,0.00032,172.31.47.0-255,66,67275,82,304995
28581,0.000346,74.125.24.0-255,7156,74431,82,304995
28582,0.000349,172.31.47.0-255,66,74497,82,304995
28583,0.000363,74.125.24.0-255,2902,77399,82,304995
28584,0.000366,172.31.47.0-255,66,77465,82,304995
28585,0.000393,74.125.24.0-255,9557,87022,82,304995
28586,0.000396,172.31.47.0-255,66,87088,82,304995
28587,0.000584,74.125.24.0-255,1484,88572,82,304995
28588,0.00059,74.125.24.0-255,2902,91474,82,304995
28589,0.000592,172.31.47.0-255,66,91540,82,304995
28590,0.000613,74.125.24.0-255,5738,97278,82,304995
28591,0.000616,172.31.47.0-255,66,97344,82,304995
28592,0.000618,74.125.24.0-255,1484,98828,82,304995
28593,0.000657,74.125.24.0-255,5738,104566,82,304995
28594,0.00066,172.31.47.0-255,66,104632,82,304995
28595,0.000679,74.125.24.0-255,2902,107534,82,304995
28596,0.000681,172.31.47.0-255,66,107600,82,304995
28597,0.000691,172.31.47.0-255,66,107666,82,304995
28598,0.000704,74.125.24.0-255,2184,109850,82,304995
28599,0.000706,172.31.47.0-255,66,109916,82,304995
28600,0.001022,74.125.24.0-255,1484,111400,82,304995
28601,0.001039,74.125.24.0-255,2902,114302,82,304995
28602,0.001043,172.31.47.0-255,66,114368,82,304995
28603,0.001059,74.125.24.0-255,5738,120106,82,304995
28604,0.001062,172.31.47.0-255,66,120172,82,304995
28605,0.001064,74.125.24.0-255,1484,121656,82,304995
28606,0.001093,74.125.24.0-255,1484,123140,82,304995
28607,0.001096,172.31.47.0-255,66,123206,82,304995
28608,0.001117,74.125.24.0-255,7156,130362,82,304995
28609,0.00112,172.31.47.0-255,66,130428,82,304995
28610,0.001136,74.125.24.0-255,4320,134748,82,304995
28611,0.001138,172.31.47.0-255,66,134814,82,304995
28612,0.00116,74.125.24.0-255,2902,137716,82,304995
28613,0.001162,172.31.47.0-255,66,137782,82,304995
28614,0.001186,74.125.24.0-255,1484,139266,82,304995
28615,0.001207,74.125.24.0-255,5020,144286,82,304995
28616,0.00121,172.31.47.0-255,66,144352,82,304995
28617,0.001262,74.125.24.0-255,1484,145836,82,304995
28618,0.001279,74.125.24.0-255,2902,148738,82,304995
28619,0.001283,172.31.47.0-255,66,148804,82,304995
28620,0.001284,74.125.24.0-255,4320,153124,82,304995
28621,0.001286,172.31.47.0-255,66,153190,82,304995
28622,0.001292,74.125.24.0-255,1484,154674,82,304995
28623,0.001318,74.125.24.0-255,1484,156158,82,304995
28624,0.001331,172.31.47.0-255,66,156224,82,304995
28625,0.001353,172.31.47.0-255,66,156290,82,304995
28626,0.001361,74.125.24.0-255,9992,166282,82,304995
28627,0.001363,172.31.47.0-255,66,166348,82,304995
28628,0.00139,74.125.24.0-255,4320,170668,82,304995
28629,0.001393,172.31.47.0-255,66,170734,82,304995
28630,0.001397,74.125.24.0-255,4320,175054,82,304995
28631,0.001399,172.31.47.0-255,66,175120,82,304995
28632,0.001436,74.125.24.0-255,2902,178022,82,304995
28633,0.001439,172.31.47.0-255,66,178088,82,304995
28634,0.001459,74.125.24.0-255,7156,185244,82,304995
28635,0.001462,172.31.47.0-255,66,185310,82,304995
28636,0.00148,74.125.24.0-255,2184,187494,82,304995
28637,0.001484,172.31.47.0-255,66,187560,82,304995
28638,0.001588,74.125.24.0-255,1484,189044,82,304995
28639,0.001592,74.125.24.0-255,1484,190528,82,304995
28640,0.001594,172.31.47.0-255,66,190594,82,304995
28641,0.001616,74.125.24.0-255,1484,192078,82,304995
28642,0.001622,74.125.24.0-255,5738,197816,82,304995
28643,0.001624,172.31.47.0-255,66,197882,82,304995
28644,0.001628,74.125.24.0-255,2902,200784,82,304995
28645,0.001629,172.31.47.0-255,66,200850,82,304995
28646,0.001647,74.125.24.0-255,2902,203752,82,304995
28647,0.001653,172.31.47.0-255,66,203818,82,304995
28648,0.001675,74.125.24.0-255,7156,210974,82,304995
28649,0.001678,172.31.47.0-255,66,211040,82,304995
28650,0.001682,74.125.24.0-255,4320,215360,82,304995
28651,0.001684,172.31.47.0-255,66,215426,82,304995
28652,0.0017,74.125.24.0-255,6438,221864,82,304995
28653,0.001703,172.31.47.0-255,66,221930,82,304995
28654,0.001779,74.125.24.0-255,1484,223414,82,304995
28655,0.001782,74.125.24.0-255,1484,224898,82,304995
28656,0.001785,172.31.47.0-255,66,224964,82,304995
28657,0.001798,74.125.24.0-255,1484,226448,82,304995
28658,0.001804,74.125.24.0-255,5738,232186,82,304995
28659,0.001806,172.31.47.0-255,66,232252,82,304995
28660,0.001827,74.125.24.0-255,1484,233736,82,304995
28661,0.001854,74.125.24.0-255,4320,238056,82,304995
28662,0.001856,172.31.47.0-255,66,238122,82,304995
28663,0.001878,74.125.24.0-255,7156,245278,82,304995
28664,0.001881,172.31.47.0-255,66,245344,82,304995
28665,0.001887,74.125.24.0-255,7156,252500,82,304995
28666,0.001889,172.31.47.0-255,66,252566,82,304995
28667,0.001941,74.125.24.0-255,3602,256168,82,304995
28668,0.001944,172.31.47.0-255,66,256234,82,304995
28669,0.001948,74.125.24.0-255,2902,259136,82,304995
28670,0.00195,172.31.47.0-255,66,259202,82,304995
28671,0.001961,74.125.24.0-255,1484,260686,82,304995
28672,0.001983,74.125.24.0-255,4320,265006,82,304995
28673,0.001986,172.31.47.0-255,66,265072,82,304995
28674,0.002006,74.125.24.0-255,4320,269392,82,304995
28675,0.002008,172.31.47.0-255,66,269458,82,304995
28676,0.002024,74.125.24.0-255,1484,270942,82,304995
28677,0.002026,74.125.24.0-255,1484,272426,82,304995
28678,0.00203,172.31.47.0-255,66,272492,82,304995
28679,0.002048,74.125.24.0-255,4320,276812,82,304995
28680,0.00205,172.31.47.0-255,66,276878,82,304995
28681,0.002072,172.31.47.0-255,66,276944,82,304995
28682,0.002097,74.125.24.0-255,3602,280546,82,304995
28683,0.002099,172.31.47.0-255,66,280612,82,304995
28684,0.002107,74.125.24.0-255,9992,290604,82,304995
28685,0.002109,172.31.47.0-255,66,290670,82,304995
28686,0.002129,74.125.24.0-255,2902,293572,82,304995
28687,0.002131,172.31.47.0-255,66,293638,82,304995
28688,0.00216,172.31.47.0-255,66,293704,82,304995
28689,0.00219,172.31.47.0-255,66,293770,82,304995
28690,0.0022,172.31.47.0-255,66,293836,82,304995
28691,0.002234,172.31.47.0-255,66,293902,82,304995
28692,0.002258,74.125.24.0-255,6402,300304,82,304995
28693,0.002261,172.31.47.0-255,66,300370,82,304995
28694,0.002264,74.125.24.0-255,105,300475,82,304995
28695,0.008084,172.31.47.0-255,66,300541,82,304995
28696,0.00811,172.31.47.0-255,105,300646,82,304995
28697,0.01042,74.125.24.0-255,66,300712,82,304995
28698,0.027609,172.31.47.0-255,172,300884,82,304995
28699,0.027642,172.31.47.0-255,1111,301995,82,304995
28700,0.02771,172.31.47.0-255,1514,303509,82,304995
28701,0.027712,172.31.47.0-255,1288,304797,82,304995
28702,0.029138,104.244.42.0-255,66,304863,82,304995
28703,0.029175,104.244.42.0-255,66,304929,82,304995
28704,0.02928,104.244.42.0-255,66,304995,82,304995
28705,0.0,172.217.194.0-255,153,153,82,222722
28706,2.3e-05,172.31.47.0-255,66,219,82,222722
28707,3e-05,172.217.194.0-255,1484,1703,82,222722
28708,3.5e-05,172.31.47.0-255,66,1769,82,222722
28709,4.1e-05,172.217.194.0-255,2902,4671,82,222722
28710,4.4e-05,172.31.47.0-255,66,4737,82,222722
28711,4.9e-05,172.217.194.0-255,2902,7639,82,222722
28712,5.2e-05,172.31.47.0-255,66,7705,82,222722
28713,9.4e-05,172.217.194.0-255,10528,18233,82,222722
28714,9.8e-05,172.31.47.0-255,66,18299,82,222722
28715,0.000103,172.217.194.0-255,2902,21201,82,222722
28716,0.000105,172.31.47.0-255,66,21267,82,222722
28717,0.000131,172.217.194.0-255,8574,29841,82,222722
28718,0.000134,172.31.47.0-255,66,29907,82,222722
28719,0.000154,172.217.194.0-255,5738,35645,82,222722
28720,0.000157,172.31.47.0-255,66,35711,82,222722
28721,0.000186,172.31.47.0-255,66,35777,82,222722
28722,0.003229,172.217.194.0-255,1484,37261,82,222722
28723,0.003237,172.31.47.0-255,66,37327,82,222722
28724,0.003246,172.217.194.0-255,2902,40229,82,222722
28725,0.003248,172.31.47.0-255,66,40295,82,222722
28726,0.003252,172.217.194.0-255,1484,41779,82,222722
28727,0.003254,172.31.47.0-255,66,41845,82,222722
28728,0.005347,172.217.194.0-255,1484,43329,82,222722
28729,0.005353,172.31.47.0-255,66,43395,82,222722
28730,0.005373,172.217.194.0-255,4320,47715,82,222722
28731,0.005376,172.31.47.0-255,66,47781,82,222722
28732,0.007429,172.217.194.0-255,1484,49265,82,222722
28733,0.007436,172.31.47.0-255,66,49331,82,222722
28734,0.007504,172.217.194.0-255,4320,53651,82,222722
28735,0.007508,172.31.47.0-255,66,53717,82,222722
28736,0.009527,172.217.194.0-255,1484,55201,82,222722
28737,0.009596,172.217.194.0-255,4320,59521,82,222722
28738,0.009604,172.31.47.0-255,66,59587,82,222722
28739,0.01172,172.217.194.0-255,5738,65325,82,222722
28740,0.011728,172.31.47.0-255,66,65391,82,222722
28741,0.01384,172.217.194.0-255,5738,71129,82,222722
28742,0.013848,172.31.47.0-255,66,71195,82,222722
28743,0.01593,172.217.194.0-255,5738,76933,82,222722
28744,0.015938,172.31.47.0-255,66,76999,82,222722
28745,0.018027,172.217.194.0-255,5738,82737,82,222722
28746,0.018036,172.31.47.0-255,66,82803,82,222722
28747,0.020279,172.217.194.0-255,5738,88541,82,222722
28748,0.020285,172.31.47.0-255,66,88607,82,222722
28749,0.021726,172.31.47.0-255,172,88779,82,222722
28750,0.021759,172.31.47.0-255,1112,89891,82,222722
28751,0.021816,172.31.47.0-255,1514,91405,82,222722
28752,0.021818,172.31.47.0-255,1287,92692,82,222722
28753,0.022434,172.217.194.0-255,4320,97012,82,222722
28754,0.02244,172.31.47.0-255,66,97078,82,222722
28755,0.022463,172.217.194.0-255,1484,98562,82,222722
28756,0.023288,104.244.42.0-255,66,98628,82,222722
28757,0.023295,104.244.42.0-255,66,98694,82,222722
28758,0.023393,104.244.42.0-255,66,98760,82,222722
28759,0.024618,172.217.194.0-255,4320,103080,82,222722
28760,0.024623,172.31.47.0-255,66,103146,82,222722
28761,0.026762,172.217.194.0-255,5738,108884,82,222722
28762,0.026772,172.31.47.0-255,66,108950,82,222722
28763,0.028877,172.217.194.0-255,5738,114688,82,222722
28764,0.028882,172.31.47.0-255,66,114754,82,222722
28765,0.031004,172.217.194.0-255,5738,120492,82,222722
28766,0.031009,172.31.47.0-255,66,120558,82,222722
28767,0.033132,172.217.194.0-255,2902,123460,82,222722
28768,0.033136,172.31.47.0-255,66,123526,82,222722
28769,0.03316,172.217.194.0-255,2902,126428,82,222722
28770,0.033163,172.31.47.0-255,66,126494,82,222722
28771,0.03524,172.217.194.0-255,5738,132232,82,222722
28772,0.035245,172.31.47.0-255,66,132298,82,222722
28773,0.037338,172.217.194.0-255,5738,138036,82,222722
28774,0.037344,172.31.47.0-255,66,138102,82,222722
28775,0.039416,172.217.194.0-255,2902,141004,82,222722
28776,0.039422,172.31.47.0-255,66,141070,82,222722
28777,0.03944,172.217.194.0-255,2902,143972,82,222722
28778,0.039443,172.31.47.0-255,66,144038,82,222722
28779,0.041497,172.217.194.0-255,2902,146940,82,222722
28780,0.041505,172.31.47.0-255,66,147006,82,222722
28781,0.041561,172.217.194.0-255,2902,149908,82,222722
28782,0.041565,172.31.47.0-255,66,149974,82,222722
28783,0.043639,172.217.194.0-255,4320,154294,82,222722
28784,0.043644,172.31.47.0-255,66,154360,82,222722
28785,0.043668,172.217.194.0-255,1484,155844,82,222722
28786,0.045748,172.217.194.0-255,4320,160164,82,222722
28787,0.045754,172.31.47.0-255,66,160230,82,222722
28788,0.04785,172.217.194.0-255,4320,164550,82,222722
28789,0.047856,172.31.47.0-255,66,164616,82,222722
28790,0.047886,172.217.194.0-255,1484,166100,82,222722
28791,0.049938,172.217.194.0-255,4320,170420,82,222722
28792,0.049943,172.31.47.0-255,66,170486,82,222722
28793,0.052024,172.217.194.0-255,5738,176224,82,222722
28794,0.052031,172.31.47.0-255,66,176290,82,222722
28795,0.054124,172.217.194.0-255,5738,182028,82,222722
28796,0.05413,172.31.47.0-255,66,182094,82,222722
28797,0.056274,172.217.194.0-255,5738,187832,82,222722
28798,0.056284,172.31.47.0-255,66,187898,82,222722
28799,0.058398,172.217.194.0-255,5738,193636,82,222722
28800,0.058403,172.31.47.0-255,66,193702,82,222722
28801,0.060478,172.217.194.0-255,5738,199440,82,222722
28802,0.060483,172.31.47.0-255,66,199506,82,222722
28803,0.062594,172.217.194.0-255,5738,205244,82,222722
28804,0.0626,172.31.47.0-255,66,205310,82,222722
28805,0.064686,172.217.194.0-255,5738,211048,82,222722
28806,0.06469,172.31.47.0-255,66,211114,82,222722
28807,0.066823,172.217.194.0-255,5738,216852,82,222722
28808,0.066828,172.31.47.0-255,66,216918,82,222722
28809,0.068921,172.217.194.0-255,5738,222656,82,222722
28810,0.068927,172.31.47.0-255,66,222722,82,222722
28811,0.0,74.125.200.0-255,160,160,82,362457
28812,2.5e-05,172.31.47.0-255,66,226,82,362457
28813,3.1e-05,74.125.200.0-255,1484,1710,82,362457
28814,3.4e-05,172.31.47.0-255,66,1776,82,362457
28815,3.8e-05,74.125.200.0-255,2902,4678,82,362457
28816,4e-05,172.31.47.0-255,66,4744,82,362457
28817,4.9e-05,74.125.200.0-255,1484,6228,82,362457
28818,5.2e-05,172.31.47.0-255,66,6294,82,362457
28819,5.7e-05,74.125.200.0-255,2902,9196,82,362457
28820,5.9e-05,172.31.47.0-255,66,9262,82,362457
28821,0.000101,74.125.200.0-255,4849,14111,82,362457
28822,0.000105,172.31.47.0-255,66,14177,82,362457
28823,0.000236,74.125.200.0-255,1484,15661,82,362457
28824,0.00024,172.31.47.0-255,66,15727,82,362457
28825,0.000244,74.125.200.0-255,1484,17211,82,362457
28826,0.000246,172.31.47.0-255,66,17277,82,362457
28827,0.00025,74.125.200.0-255,2902,20179,82,362457
28828,0.000252,172.31.47.0-255,66,20245,82,362457
28829,0.000288,74.125.200.0-255,5738,25983,82,362457
28830,0.000291,172.31.47.0-255,66,26049,82,362457
28831,0.000295,74.125.200.0-255,2902,28951,82,362457
28832,0.000298,172.31.47.0-255,66,29017,82,362457
28833,0.00033,74.125.200.0-255,3961,32978,82,362457
28834,0.000336,172.31.47.0-255,66,33044,82,362457
28835,0.000337,74.125.200.0-255,7156,40200,82,362457
28836,0.000339,172.31.47.0-255,66,40266,82,362457
28837,0.000361,74.125.200.0-255,7156,47422,82,362457
28838,0.000364,172.31.47.0-255,66,47488,82,362457
28839,0.000391,74.125.200.0-255,8574,56062,82,362457
28840,0.000394,172.31.47.0-255,66,56128,82,362457
28841,0.000397,74.125.200.0-255,1484,57612,82,362457
28842,0.000399,172.31.47.0-255,66,57678,82,362457
28843,0.000425,74.125.200.0-255,8147,65825,82,362457
28844,0.000428,172.31.47.0-255,66,65891,82,362457
28845,0.00043,74.125.200.0-255,132,66023,82,362457
28846,0.000468,74.125.200.0-255,351,66374,82,362457
28847,0.00056,74.125.200.0-255,1484,67858,82,362457
28848,0.000564,172.31.47.0-255,66,67924,82,362457
28849,0.00057,74.125.200.0-255,2902,70826,82,362457
28850,0.000572,172.31.47.0-255,66,70892,82,362457
28851,0.000632,74.125.200.0-255,5738,76630,82,362457
28852,0.000636,172.31.47.0-255,66,76696,82,362457
28853,0.000644,74.125.200.0-255,6248,82944,82,362457
28854,0.000646,172.31.47.0-255,66,83010,82,362457
28855,0.000863,74.125.200.0-255,1484,84494,82,362457
28856,0.000877,74.125.200.0-255,2902,87396,82,362457
28857,0.00088,172.31.47.0-255,66,87462,82,362457
28858,0.000885,74.125.200.0-255,2902,90364,82,362457
28859,0.000887,172.31.47.0-255,66,90430,82,362457
28860,0.000909,74.125.200.0-255,2902,93332,82,362457
28861,0.000917,172.31.47.0-255,66,93398,82,362457
28862,0.000923,74.125.200.0-255,5738,99136,82,362457
28863,0.000925,172.31.47.0-255,66,99202,82,362457
28864,0.000932,74.125.200.0-255,7156,106358,82,362457
28865,0.000934,172.31.47.0-255,66,106424,82,362457
28866,0.000955,74.125.200.0-255,1484,107908,82,362457
28867,0.000988,74.125.200.0-255,9274,117182,82,362457
28868,0.000992,172.31.47.0-255,66,117248,82,362457
28869,0.001744,74.125.200.0-255,1484,118732,82,362457
28870,0.001755,74.125.200.0-255,2902,121634,82,362457
28871,0.00176,172.31.47.0-255,66,121700,82,362457
28872,0.001763,74.125.200.0-255,1484,123184,82,362457
28873,0.001767,74.125.200.0-255,2902,126086,82,362457
28874,0.001769,172.31.47.0-255,66,126152,82,362457
28875,0.001778,74.125.200.0-255,2902,129054,82,362457
28876,0.001781,172.31.47.0-255,66,129120,82,362457
28877,0.001805,74.125.200.0-255,2902,132022,82,362457
28878,0.001807,172.31.47.0-255,66,132088,82,362457
28879,0.001813,74.125.200.0-255,5738,137826,82,362457
28880,0.001815,172.31.47.0-255,66,137892,82,362457
28881,0.00185,74.125.200.0-255,7156,145048,82,362457
28882,0.001852,172.31.47.0-255,66,145114,82,362457
28883,0.001857,74.125.200.0-255,4320,149434,82,362457
28884,0.001859,172.31.47.0-255,66,149500,82,362457
28885,0.001886,74.125.200.0-255,2184,151684,82,362457
28886,0.001888,172.31.47.0-255,66,151750,82,362457
28887,0.001977,74.125.200.0-255,1484,153234,82,362457
28888,0.001992,74.125.200.0-255,2902,156136,82,362457
28889,0.001994,172.31.47.0-255,66,156202,82,362457
28890,0.001997,74.125.200.0-255,1484,157686,82,362457
28891,0.002019,74.125.200.0-255,4320,162006,82,362457
28892,0.002021,172.31.47.0-255,66,162072,82,362457
28893,0.002024,74.125.200.0-255,1484,163556,82,362457
28894,0.002048,74.125.200.0-255,7156,170712,82,362457
28895,0.00205,172.31.47.0-255,66,170778,82,362457
28896,0.002076,74.125.200.0-255,5738,176516,82,362457
28897,0.002078,172.31.47.0-255,66,176582,82,362457
28898,0.002103,74.125.200.0-255,4320,180902,82,362457
28899,0.002105,172.31.47.0-255,66,180968,82,362457
28900,0.002108,74.125.200.0-255,2902,183870,82,362457
28901,0.002111,172.31.47.0-255,66,183936,82,362457
28902,0.002128,74.125.200.0-255,1484,185420,82,362457
28903,0.002181,74.125.200.0-255,766,186186,82,362457
28904,0.002183,172.31.47.0-255,66,186252,82,362457
28905,0.00436,74.125.200.0-255,2902,189154,82,362457
28906,0.004367,172.31.47.0-255,66,189220,82,362457
28907,0.004435,74.125.200.0-255,2902,192122,82,362457
28908,0.00444,172.31.47.0-255,66,192188,82,362457
28909,0.006619,74.125.200.0-255,2902,195090,82,362457
28910,0.006625,172.31.47.0-255,66,195156,82,362457
28911,0.006685,74.125.200.0-255,1484,196640,82,362457
28912,0.006702,74.125.200.0-255,1484,198124,82,362457
28913,0.006705,172.31.47.0-255,66,198190,82,362457
28914,0.008883,74.125.200.0-255,2902,201092,82,362457
28915,0.008888,172.31.47.0-255,66,201158,82,362457
28916,0.00895,74.125.200.0-255,2902,204060,82,362457
28917,0.008953,172.31.47.0-255,66,204126,82,362457
28918,0.011152,74.125.200.0-255,2902,207028,82,362457
28919,0.01116,172.31.47.0-255,66,207094,82,362457
28920,0.011202,74.125.200.0-255,2902,209996,82,362457
28921,0.011205,172.31.47.0-255,66,210062,82,362457
28922,0.01344,74.125.200.0-255,2902,212964,82,362457
28923,0.013452,172.31.47.0-255,66,213030,82,362457
28924,0.013488,74.125.200.0-255,2902,215932,82,362457
28925,0.013491,172.31.47.0-255,66,215998,82,362457
28926,0.015716,74.125.200.0-255,2902,218900,82,362457
28927,0.015723,172.31.47.0-255,66,218966,82,362457
28928,0.015762,74.125.200.0-255,2902,221868,82,362457
28929,0.015765,172.31.47.0-255,66,221934,82,362457
28930,0.017994,74.125.200.0-255,2902,224836,82,362457
28931,0.018,172.31.47.0-255,66,224902,82,362457
28932,0.018035,74.125.200.0-255,2902,227804,82,362457
28933,0.018038,172.31.47.0-255,66,227870,82,362457
28934,0.020255,74.125.200.0-255,2902,230772,82,362457
28935,0.020262,172.31.47.0-255,66,230838,82,362457
28936,0.020303,74.125.200.0-255,2902,233740,82,362457
28937,0.020309,172.31.47.0-255,66,233806,82,362457
28938,0.022525,74.125.200.0-255,2902,236708,82,362457
28939,0.022534,172.31.47.0-255,66,236774,82,362457
28940,0.022569,74.125.200.0-255,2902,239676,82,362457
28941,0.022574,172.31.47.0-255,66,239742,82,362457
28942,0.023553,172.31.47.0-255,172,239914,82,362457
28943,0.023596,172.31.47.0-255,1113,241027,82,362457
28944,0.02367,172.31.47.0-255,1514,242541,82,362457
28945,0.023695,172.31.47.0-255,1286,243827,82,362457
28946,0.024846,74.125.200.0-255,5738,249565,82,362457
28947,0.024851,172.31.47.0-255,66,249631,82,362457
28948,0.025073,104.244.42.0-255,66,249697,82,362457
28949,0.025154,104.244.42.0-255,66,249763,82,362457
28950,0.025249,104.244.42.0-255,66,249829,82,362457
28951,0.025825,104.244.42.0-255,108,249937,82,362457
28952,0.025842,172.31.47.0-255,66,250003,82,362457
28953,0.027119,74.125.200.0-255,1484,251487,82,362457
28954,0.027177,74.125.200.0-255,4320,255807,82,362457
28955,0.027181,172.31.47.0-255,66,255873,82,362457
28956,0.029437,74.125.200.0-255,2902,258775,82,362457
28957,0.029441,172.31.47.0-255,66,258841,82,362457
28958,0.029467,74.125.200.0-255,2902,261743,82,362457
28959,0.02947,172.31.47.0-255,66,261809,82,362457
28960,0.031697,74.125.200.0-255,2902,264711,82,362457
28961,0.031702,172.31.47.0-255,66,264777,82,362457
28962,0.031741,74.125.200.0-255,2902,267679,82,362457
28963,0.031744,172.31.47.0-255,66,267745,82,362457
28964,0.033957,74.125.200.0-255,2902,270647,82,362457
28965,0.033964,172.31.47.0-255,66,270713,82,362457
28966,0.033998,74.125.200.0-255,2902,273615,82,362457
28967,0.034001,172.31.47.0-255,66,273681,82,362457
28968,0.03624,74.125.200.0-255,2902,276583,82,362457
28969,0.036244,172.31.47.0-255,66,276649,82,362457
28970,0.036277,74.125.200.0-255,2902,279551,82,362457
28971,0.03628,172.31.47.0-255,66,279617,82,362457
28972,0.038536,74.125.200.0-255,2902,282519,82,362457
28973,0.03854,172.31.47.0-255,66,282585,82,362457
28974,0.038575,74.125.200.0-255,2902,285487,82,362457
28975,0.038579,172.31.47.0-255,66,285553,82,362457
28976,0.040791,74.125.200.0-255,2902,288455,82,362457
28977,0.040795,172.31.47.0-255,66,288521,82,362457
28978,0.040832,74.125.200.0-255,2902,291423,82,362457
28979,0.040835,172.31.47.0-255,66,291489,82,362457
28980,0.043066,74.125.200.0-255,2902,294391,82,362457
28981,0.04307,172.31.47.0-255,66,294457,82,362457
28982,0.043103,74.125.200.0-255,2902,297359,82,362457
28983,0.043106,172.31.47.0-255,66,297425,82,362457
28984,0.045329,74.125.200.0-255,2902,300327,82,362457
28985,0.045334,172.31.47.0-255,66,300393,82,362457
28986,0.045368,74.125.200.0-255,2902,303295,82,362457
28987,0.045371,172.31.47.0-255,66,303361,82,362457
28988,0.047588,74.125.200.0-255,2902,306263,82,362457
28989,0.047592,172.31.47.0-255,66,306329,82,362457
28990,0.047624,74.125.200.0-255,2902,309231,82,362457
28991,0.047627,172.31.47.0-255,66,309297,82,362457
28992,0.04985,74.125.200.0-255,2902,312199,82,362457
28993,0.049854,172.31.47.0-255,66,312265,82,362457
28994,0.0499,74.125.200.0-255,2902,315167,82,362457
28995,0.049904,172.31.47.0-255,66,315233,82,362457
28996,0.052107,74.125.200.0-255,2902,318135,82,362457
28997,0.052112,172.31.47.0-255,66,318201,82,362457
28998,0.052148,74.125.200.0-255,2902,321103,82,362457
28999,0.052152,172.31.47.0-255,66,321169,82,362457
29000,0.054358,74.125.200.0-255,2902,324071,82,362457
29001,0.054363,172.31.47.0-255,66,324137,82,362457
29002,0.054402,74.125.200.0-255,2902,327039,82,362457
29003,0.054407,172.31.47.0-255,66,327105,82,362457
29004,0.056618,74.125.200.0-255,2902,330007,82,362457
29005,0.056623,172.31.47.0-255,66,330073,82,362457
29006,0.056651,74.125.200.0-255,2902,332975,82,362457
29007,0.056654,172.31.47.0-255,66,333041,82,362457
29008,0.058879,74.125.200.0-255,2902,335943,82,362457
29009,0.058883,172.31.47.0-255,66,336009,82,362457
29010,0.058917,74.125.200.0-255,2902,338911,82,362457
29011,0.05892,172.31.47.0-255,66,338977,82,362457
29012,0.061159,74.125.200.0-255,2902,341879,82,362457
29013,0.061164,172.31.47.0-255,66,341945,82,362457
29014,0.061198,74.125.200.0-255,2902,344847,82,362457
29015,0.061201,172.31.47.0-255,66,344913,82,362457
29016,0.063428,74.125.200.0-255,2902,347815,82,362457
29017,0.063433,172.31.47.0-255,66,347881,82,362457
29018,0.063468,74.125.200.0-255,2902,350783,82,362457
29019,0.063471,172.31.47.0-255,66,350849,82,362457
29020,0.065712,74.125.200.0-255,5738,356587,82,362457
29021,0.065731,172.31.47.0-255,66,356653,82,362457
29022,0.067999,74.125.200.0-255,5738,362391,82,362457
29023,0.068006,172.31.47.0-255,66,362457,82,362457
29024,0.0,172.31.47.0-255,66,66,82,66
29025,0.0,172.31.47.0-255,105,105,82,276
29026,0.001759,157.240.13.0-255,105,210,82,276
29027,0.001771,172.31.47.0-255,66,276,82,276
29028,0.0,172.217.194.0-255,153,153,82,319391
29029,3.2e-05,172.31.47.0-255,66,219,82,319391
29030,3.9e-05,172.217.194.0-255,1484,1703,82,319391
29031,4.4e-05,172.31.47.0-255,66,1769,82,319391
29032,4.9e-05,172.217.194.0-255,2902,4671,82,319391
29033,5.2e-05,172.31.47.0-255,66,4737,82,319391
29034,5.9e-05,172.217.194.0-255,7156,11893,82,319391
29035,6.1e-05,172.31.47.0-255,66,11959,82,319391
29036,0.0001,172.217.194.0-255,1975,13934,82,319391
29037,0.000103,172.31.47.0-255,66,14000,82,319391
29038,0.000228,172.217.194.0-255,1484,15484,82,319391
29039,0.000232,172.31.47.0-255,66,15550,82,319391
29040,0.000236,172.217.194.0-255,1484,17034,82,319391
29041,0.000239,172.31.47.0-255,66,17100,82,319391
29042,0.000252,172.217.194.0-255,1484,18584,82,319391
29043,0.000255,172.31.47.0-255,66,18650,82,319391
29044,0.000261,172.217.194.0-255,5738,24388,82,319391
29045,0.000263,172.31.47.0-255,66,24454,82,319391
29046,0.000289,172.217.194.0-255,5738,30192,82,319391
29047,0.000292,172.31.47.0-255,66,30258,82,319391
29048,0.000322,172.217.194.0-255,8215,38473,82,319391
29049,0.000326,172.31.47.0-255,66,38539,82,319391
29050,0.000335,172.217.194.0-255,9992,48531,82,319391
29051,0.000338,172.31.47.0-255,66,48597,82,319391
29052,0.000359,172.217.194.0-255,5738,54335,82,319391
29053,0.000363,172.31.47.0-255,66,54401,82,319391
29054,0.000393,172.217.194.0-255,10692,65093,82,319391
29055,0.000397,172.31.47.0-255,66,65159,82,319391
29056,0.0004,172.217.194.0-255,381,65540,82,319391
29057,0.000402,172.31.47.0-255,66,65606,82,319391
29058,0.000443,172.217.194.0-255,364,65970,82,319391
29059,0.000448,172.31.47.0-255,66,66036,82,319391
29060,0.000514,172.217.194.0-255,1484,67520,82,319391
29061,0.00052,172.217.194.0-255,1484,69004,82,319391
29062,0.000523,172.31.47.0-255,66,69070,82,319391
29063,0.000547,172.217.194.0-255,1484,70554,82,319391
29064,0.000556,172.217.194.0-255,5738,76292,82,319391
29065,0.000559,172.31.47.0-255,66,76358,82,319391
29066,0.000565,172.217.194.0-255,5738,82096,82,319391
29067,0.000569,172.217.194.0-255,2902,84998,82,319391
29068,0.00057,172.31.47.0-255,66,85064,82,319391
29069,0.000575,172.31.47.0-255,66,85130,82,319391
29070,0.00059,172.217.194.0-255,9992,95122,82,319391
29071,0.000593,172.31.47.0-255,66,95188,82,319391
29072,0.000645,172.217.194.0-255,4469,99657,82,319391
29073,0.000649,172.31.47.0-255,66,99723,82,319391
29074,0.000757,172.217.194.0-255,1484,101207,82,319391
29075,0.000773,172.217.194.0-255,2902,104109,82,319391
29076,0.000777,172.31.47.0-255,66,104175,82,319391
29077,0.000784,172.217.194.0-255,5738,109913,82,319391
29078,0.000786,172.31.47.0-255,66,109979,82,319391
29079,0.000827,172.31.47.0-255,66,110045,82,319391
29080,0.000834,172.217.194.0-255,5738,115783,82,319391
29081,0.000837,172.31.47.0-255,66,115849,82,319391
29082,0.000855,172.217.194.0-255,2902,118751,82,319391
29083,0.000858,172.31.47.0-255,66,118817,82,319391
29084,0.000869,172.217.194.0-255,1484,120301,82,319391
29085,0.000882,172.217.194.0-255,766,121067,82,319391
29086,0.000885,172.31.47.0-255,66,121133,82,319391
29087,0.001172,172.217.194.0-255,1484,122617,82,319391
29088,0.001178,172.217.194.0-255,2902,125519,82,319391
29089,0.001182,172.31.47.0-255,66,125585,82,319391
29090,0.001207,172.217.194.0-255,5738,131323,82,319391
29091,0.00121,172.31.47.0-255,66,131389,82,319391
29092,0.001234,172.217.194.0-255,8574,139963,82,319391
29093,0.001237,172.31.47.0-255,66,140029,82,319391
29094,0.001268,172.217.194.0-255,1484,141513,82,319391
29095,0.001294,172.31.47.0-255,66,141579,82,319391
29096,0.001482,172.217.194.0-255,1484,143063,82,319391
29097,0.001487,172.217.194.0-255,1484,144547,82,319391
29098,0.001491,172.31.47.0-255,66,144613,82,319391
29099,0.001496,172.217.194.0-255,1484,146097,82,319391
29100,0.001514,172.217.194.0-255,5738,151835,82,319391
29101,0.001517,172.31.47.0-255,66,151901,82,319391
29102,0.001521,172.217.194.0-255,1484,153385,82,319391
29103,0.001543,172.217.194.0-255,4320,157705,82,319391
29104,0.001546,172.31.47.0-255,66,157771,82,319391
29105,0.001554,172.217.194.0-255,8574,166345,82,319391
29106,0.001556,172.31.47.0-255,66,166411,82,319391
29107,0.001588,172.217.194.0-255,4320,170731,82,319391
29108,0.001591,172.31.47.0-255,66,170797,82,319391
29109,0.001596,172.217.194.0-255,5020,175817,82,319391
29110,0.001599,172.31.47.0-255,66,175883,82,319391
29111,0.001604,172.217.194.0-255,5738,181621,82,319391
29112,0.001606,172.31.47.0-255,66,181687,82,319391
29113,0.001624,172.217.194.0-255,7156,188843,82,319391
29114,0.001627,172.31.47.0-255,66,188909,82,319391
29115,0.001642,172.217.194.0-255,5738,194647,82,319391
29116,0.001645,172.31.47.0-255,66,194713,82,319391
29117,0.001658,172.217.194.0-255,2902,197615,82,319391
29118,0.001661,172.31.47.0-255,66,197681,82,319391
29119,0.001691,172.31.47.0-255,66,197747,82,319391
29120,0.001694,172.217.194.0-255,766,198513,82,319391
29121,0.002047,172.31.47.0-255,66,198579,82,319391
29122,0.002243,172.217.194.0-255,1484,200063,82,319391
29123,0.002251,172.217.194.0-255,2902,202965,82,319391
29124,0.002255,172.31.47.0-255,66,203031,82,319391
29125,0.002261,172.217.194.0-255,4320,207351,82,319391
29126,0.002263,172.31.47.0-255,66,207417,82,319391
29127,0.002286,172.217.194.0-255,1484,208901,82,319391
29128,0.002292,172.217.194.0-255,5738,214639,82,319391
29129,0.002295,172.31.47.0-255,66,214705,82,319391
29130,0.002326,172.31.47.0-255,66,214771,82,319391
29131,0.002343,172.217.194.0-255,2902,217673,82,319391
29132,0.002346,172.31.47.0-255,66,217739,82,319391
29133,0.002348,172.217.194.0-255,766,218505,82,319391
29134,0.002381,172.217.194.0-255,4320,222825,82,319391
29135,0.002384,172.31.47.0-255,66,222891,82,319391
29136,0.002419,172.31.47.0-255,66,222957,82,319391
29137,0.002476,172.31.47.0-255,66,223023,82,319391
29138,0.002505,172.217.194.0-255,1484,224507,82,319391
29139,0.002516,172.217.194.0-255,2902,227409,82,319391
29140,0.002518,172.31.47.0-255,66,227475,82,319391
29141,0.002539,172.217.194.0-255,5738,233213,82,319391
29142,0.002541,172.31.47.0-255,66,233279,82,319391
29143,0.00257,172.31.47.0-255,66,233345,82,319391
29144,0.002586,172.217.194.0-255,1484,234829,82,319391
29145,0.002608,172.217.194.0-255,9274,244103,82,319391
29146,0.002611,172.31.47.0-255,66,244169,82,319391
29147,0.005186,172.217.194.0-255,5738,249907,82,319391
29148,0.005192,172.31.47.0-255,66,249973,82,319391
29149,0.007775,172.217.194.0-255,5738,255711,82,319391
29150,0.00778,172.31.47.0-255,66,255777,82,319391
29151,0.010326,172.217.194.0-255,5738,261515,82,319391
29152,0.010334,172.31.47.0-255,66,261581,82,319391
29153,0.012909,172.217.194.0-255,5738,267319,82,319391
29154,0.012919,172.31.47.0-255,66,267385,82,319391
29155,0.015472,172.217.194.0-255,5738,273123,82,319391
29156,0.015478,172.31.47.0-255,66,273189,82,319391
29157,0.01807,172.217.194.0-255,5738,278927,82,319391
29158,0.018078,172.31.47.0-255,66,278993,82,319391
29159,0.020624,172.217.194.0-255,5738,284731,82,319391
29160,0.020631,172.31.47.0-255,66,284797,82,319391
29161,0.023194,172.217.194.0-255,5738,290535,82,319391
29162,0.023199,172.31.47.0-255,66,290601,82,319391
29163,0.025767,172.217.194.0-255,5738,296339,82,319391
29164,0.025775,172.31.47.0-255,66,296405,82,319391
29165,0.027524,172.31.47.0-255,172,296577,82,319391
29166,0.027559,172.31.47.0-255,1112,297689,82,319391
29167,0.027624,172.31.47.0-255,1514,299203,82,319391
29168,0.027626,172.31.47.0-255,1287,300490,82,319391
29169,0.028327,172.217.194.0-255,5738,306228,82,319391
29170,0.028332,172.31.47.0-255,66,306294,82,319391
29171,0.029041,104.244.42.0-255,66,306360,82,319391
29172,0.02906,104.244.42.0-255,66,306426,82,319391
29173,0.029138,104.244.42.0-255,66,306492,82,319391
29174,0.030854,172.217.194.0-255,5738,312230,82,319391
29175,0.030859,172.31.47.0-255,66,312296,82,319391
29176,0.033408,172.217.194.0-255,5738,318034,82,319391
29177,0.033413,172.31.47.0-255,66,318100,82,319391
29178,0.035962,172.217.194.0-255,1054,319154,82,319391
29179,0.036095,172.31.47.0-255,66,319220,82,319391
29180,0.03612,172.31.47.0-255,105,319325,82,319391
29181,0.038654,172.217.194.0-255,66,319391,82,319391
29182,0.0,74.125.24.0-255,153,153,82,330646
29183,3e-05,172.31.47.0-255,66,219,82,330646
29184,3.7e-05,74.125.24.0-255,1484,1703,82,330646
29185,4.2e-05,172.31.47.0-255,66,1769,82,330646
29186,4.7e-05,74.125.24.0-255,2902,4671,82,330646
29187,5e-05,172.31.47.0-255,66,4737,82,330646
29188,5.6e-05,74.125.24.0-255,5738,10475,82,330646
29189,5.8e-05,172.31.47.0-255,66,10541,82,330646
29190,9.8e-05,74.125.24.0-255,3442,13983,82,330646
29191,0.000101,172.31.47.0-255,66,14049,82,330646
29192,0.000162,74.125.24.0-255,1484,15533,82,330646
29193,0.000168,172.31.47.0-255,66,15599,82,330646
29194,0.000174,74.125.24.0-255,1484,17083,82,330646
29195,0.000176,172.31.47.0-255,66,17149,82,330646
29196,0.000196,74.125.24.0-255,1484,18633,82,330646
29197,0.000199,172.31.47.0-255,66,18699,82,330646
29198,0.000205,74.125.24.0-255,5738,24437,82,330646
29199,0.000208,172.31.47.0-255,66,24503,82,330646
29200,0.000215,74.125.24.0-255,6797,31300,82,330646
29201,0.000218,172.31.47.0-255,66,31366,82,330646
29202,0.000237,74.125.24.0-255,1484,32850,82,330646
29203,0.000239,172.31.47.0-255,66,32916,82,330646
29204,0.000268,172.31.47.0-255,66,32982,82,330646
29205,0.000304,74.125.24.0-255,3961,36943,82,330646
29206,0.000308,172.31.47.0-255,66,37009,82,330646
29207,0.000345,74.125.24.0-255,1484,38493,82,330646
29208,0.000349,172.31.47.0-255,66,38559,82,330646
29209,0.000352,74.125.24.0-255,1484,40043,82,330646
29210,0.000355,172.31.47.0-255,66,40109,82,330646
29211,0.000368,74.125.24.0-255,1484,41593,82,330646
29212,0.000371,172.31.47.0-255,66,41659,82,330646
29213,0.000378,74.125.24.0-255,5738,47397,82,330646
29214,0.000383,172.31.47.0-255,66,47463,82,330646
29215,0.000402,74.125.24.0-255,2902,50365,82,330646
29216,0.000405,172.31.47.0-255,66,50431,82,330646
29217,0.000423,74.125.24.0-255,3961,54392,82,330646
29218,0.000427,172.31.47.0-255,66,54458,82,330646
29219,0.000429,74.125.24.0-255,708,55166,82,330646
29220,0.000636,74.125.24.0-255,1484,56650,82,330646
29221,0.00064,74.125.24.0-255,2902,59552,82,330646
29222,0.000641,172.31.47.0-255,66,59618,82,330646
29223,0.000645,172.31.47.0-255,66,59684,82,330646
29224,0.000663,74.125.24.0-255,5738,65422,82,330646
29225,0.000666,172.31.47.0-255,66,65488,82,330646
29226,0.000707,74.125.24.0-255,6797,72285,82,330646
29227,0.000711,172.31.47.0-255,66,72351,82,330646
29228,0.000717,74.125.24.0-255,7156,79507,82,330646
29229,0.00072,172.31.47.0-255,66,79573,82,330646
29230,0.000738,74.125.24.0-255,1484,81057,82,330646
29231,0.000765,74.125.24.0-255,8215,89272,82,330646
29232,0.00077,172.31.47.0-255,66,89338,82,330646
29233,0.001524,74.125.24.0-255,1484,90822,82,330646
29234,0.001535,74.125.24.0-255,2902,93724,82,330646
29235,0.001539,172.31.47.0-255,66,93790,82,330646
29236,0.001547,74.125.24.0-255,5738,99528,82,330646
29237,0.001549,172.31.47.0-255,66,99594,82,330646
29238,0.001553,74.125.24.0-255,2902,102496,82,330646
29239,0.001555,172.31.47.0-255,66,102562,82,330646
29240,0.001585,74.125.24.0-255,8574,111136,82,330646
29241,0.001589,172.31.47.0-255,66,111202,82,330646
29242,0.001615,74.125.24.0-255,4320,115522,82,330646
29243,0.001618,172.31.47.0-255,66,115588,82,330646
29244,0.001642,74.125.24.0-255,7856,123444,82,330646
29245,0.001645,172.31.47.0-255,66,123510,82,330646
29246,0.001689,74.125.24.0-255,1484,124994,82,330646
29247,0.001694,74.125.24.0-255,2902,127896,82,330646
29248,0.001697,172.31.47.0-255,66,127962,82,330646
29249,0.001701,74.125.24.0-255,1484,129446,82,330646
29250,0.00172,74.125.24.0-255,4320,133766,82,330646
29251,0.001722,172.31.47.0-255,66,133832,82,330646
29252,0.001728,74.125.24.0-255,4320,138152,82,330646
29253,0.00173,172.31.47.0-255,66,138218,82,330646
29254,0.001745,74.125.24.0-255,5738,143956,82,330646
29255,0.001748,172.31.47.0-255,66,144022,82,330646
29256,0.001792,172.31.47.0-255,66,144088,82,330646
29257,0.002425,74.125.24.0-255,1484,145572,82,330646
29258,0.002438,74.125.24.0-255,2902,148474,82,330646
29259,0.002441,172.31.47.0-255,66,148540,82,330646
29260,0.002459,74.125.24.0-255,4320,152860,82,330646
29261,0.002462,172.31.47.0-255,66,152926,82,330646
29262,0.002477,74.125.24.0-255,1484,154410,82,330646
29263,0.002481,74.125.24.0-255,2902,157312,82,330646
29264,0.002483,172.31.47.0-255,66,157378,82,330646
29265,0.00251,74.125.24.0-255,9992,167370,82,330646
29266,0.002512,172.31.47.0-255,66,167436,82,330646
29267,0.002515,74.125.24.0-255,1484,168920,82,330646
29268,0.002552,74.125.24.0-255,9274,178194,82,330646
29269,0.002556,172.31.47.0-255,66,178260,82,330646
29270,0.00505,74.125.24.0-255,2902,181162,82,330646
29271,0.005053,172.31.47.0-255,66,181228,82,330646
29272,0.005069,74.125.24.0-255,2902,184130,82,330646
29273,0.005071,172.31.47.0-255,66,184196,82,330646
29274,0.007568,74.125.24.0-255,5738,189934,82,330646
29275,0.007575,172.31.47.0-255,66,190000,82,330646
29276,0.010115,74.125.24.0-255,5738,195738,82,330646
29277,0.010123,172.31.47.0-255,66,195804,82,330646
29278,0.012625,74.125.24.0-255,5738,201542,82,330646
29279,0.012632,172.31.47.0-255,66,201608,82,330646
29280,0.015163,74.125.24.0-255,5738,207346,82,330646
29281,0.01517,172.31.47.0-255,66,207412,82,330646
29282,0.017672,74.125.24.0-255,5738,213150,82,330646
29283,0.017681,172.31.47.0-255,66,213216,82,330646
29284,0.020228,74.125.24.0-255,5738,218954,82,330646
29285,0.020235,172.31.47.0-255,66,219020,82,330646
29286,0.022806,74.125.24.0-255,5738,224758,82,330646
29287,0.022812,172.31.47.0-255,66,224824,82,330646
29288,0.025361,74.125.24.0-255,5738,230562,82,330646
29289,0.025369,172.31.47.0-255,66,230628,82,330646
29290,0.026892,172.31.47.0-255,172,230800,82,330646
29291,0.026935,172.31.47.0-255,1112,231912,82,330646
29292,0.027016,172.31.47.0-255,1514,233426,82,330646
29293,0.027018,172.31.47.0-255,1288,234714,82,330646
29294,0.027899,74.125.24.0-255,5738,240452,82,330646
29295,0.027906,172.31.47.0-255,66,240518,82,330646
29296,0.028436,104.244.42.0-255,66,240584,82,330646
29297,0.028499,104.244.42.0-255,66,240650,82,330646
29298,0.02861,104.244.42.0-255,66,240716,82,330646
29299,0.030435,74.125.24.0-255,2902,243618,82,330646
29300,0.030438,172.31.47.0-255,66,243684,82,330646
29301,0.030467,74.125.24.0-255,2902,246586,82,330646
29302,0.03047,172.31.47.0-255,66,246652,82,330646
29303,0.032945,74.125.24.0-255,2902,249554,82,330646
29304,0.03295,172.31.47.0-255,66,249620,82,330646
29305,0.032979,74.125.24.0-255,2902,252522,82,330646
29306,0.032982,172.31.47.0-255,66,252588,82,330646
29307,0.035454,74.125.24.0-255,2902,255490,82,330646
29308,0.035459,172.31.47.0-255,66,255556,82,330646
29309,0.035507,74.125.24.0-255,2902,258458,82,330646
29310,0.03551,172.31.47.0-255,66,258524,82,330646
29311,0.037968,74.125.24.0-255,2902,261426,82,330646
29312,0.037973,172.31.47.0-255,66,261492,82,330646
29313,0.038002,74.125.24.0-255,2902,264394,82,330646
29314,0.038005,172.31.47.0-255,66,264460,82,330646
29315,0.040483,74.125.24.0-255,2902,267362,82,330646
29316,0.040493,172.31.47.0-255,66,267428,82,330646
29317,0.040514,74.125.24.0-255,2902,270330,82,330646
29318,0.040518,172.31.47.0-255,66,270396,82,330646
29319,0.043028,74.125.24.0-255,5738,276134,82,330646
29320,0.043034,172.31.47.0-255,66,276200,82,330646
29321,0.04557,74.125.24.0-255,5738,281938,82,330646
29322,0.045574,172.31.47.0-255,66,282004,82,330646
29323,0.048088,74.125.24.0-255,4320,286324,82,330646
29324,0.048093,172.31.47.0-255,66,286390,82,330646
29325,0.048116,74.125.24.0-255,1484,287874,82,330646
29326,0.050624,74.125.24.0-255,2902,290776,82,330646
29327,0.050631,172.31.47.0-255,66,290842,82,330646
29328,0.050661,74.125.24.0-255,1484,292326,82,330646
29329,0.053147,74.125.24.0-255,4320,296646,82,330646
29330,0.053153,172.31.47.0-255,66,296712,82,330646
29331,0.055682,74.125.24.0-255,5738,302450,82,330646
29332,0.055686,172.31.47.0-255,66,302516,82,330646
29333,0.058187,74.125.24.0-255,4320,306836,82,330646
29334,0.058192,172.31.47.0-255,66,306902,82,330646
29335,0.058215,74.125.24.0-255,1484,308386,82,330646
29336,0.060719,74.125.24.0-255,4320,312706,82,330646
29337,0.060723,172.31.47.0-255,66,312772,82,330646
29338,0.063256,74.125.24.0-255,2902,315674,82,330646
29339,0.063261,172.31.47.0-255,66,315740,82,330646
29340,0.063293,74.125.24.0-255,2902,318642,82,330646
29341,0.063296,172.31.47.0-255,66,318708,82,330646
29342,0.065772,74.125.24.0-255,2902,321610,82,330646
29343,0.065777,172.31.47.0-255,66,321676,82,330646
29344,0.065834,74.125.24.0-255,1484,323160,82,330646
29345,0.065846,74.125.24.0-255,1484,324644,82,330646
29346,0.065849,172.31.47.0-255,66,324710,82,330646
29347,0.068297,74.125.24.0-255,2902,327612,82,330646
29348,0.068302,172.31.47.0-255,66,327678,82,330646
29349,0.068397,74.125.24.0-255,2902,330580,82,330646
29350,0.068401,172.31.47.0-255,66,330646,82,330646
29351,0.0,74.125.68.0-255,66,66,82,66
29352,0.0,74.125.68.0-255,153,153,82,280038
29353,2.5e-05,172.31.47.0-255,66,219,82,280038
29354,3.1e-05,74.125.68.0-255,1484,1703,82,280038
29355,3.5e-05,172.31.47.0-255,66,1769,82,280038
29356,3.9e-05,74.125.68.0-255,2902,4671,82,280038
29357,4.1e-05,172.31.47.0-255,66,4737,82,280038
29358,6.8e-05,74.125.68.0-255,5738,10475,82,280038
29359,7e-05,172.31.47.0-255,66,10541,82,280038
29360,8.3e-05,74.125.68.0-255,1484,12025,82,280038
29361,8.6e-05,172.31.47.0-255,66,12091,82,280038
29362,8.9e-05,74.125.68.0-255,2027,14118,82,280038
29363,9.2e-05,172.31.47.0-255,66,14184,82,280038
29364,0.000866,74.125.68.0-255,1484,15668,82,280038
29365,0.000872,172.31.47.0-255,66,15734,82,280038
29366,0.00089,74.125.68.0-255,1484,17218,82,280038
29367,0.000892,172.31.47.0-255,66,17284,82,280038
29368,0.000916,74.125.68.0-255,2902,20186,82,280038
29369,0.000921,74.125.68.0-255,5738,25924,82,280038
29370,0.000924,172.31.47.0-255,66,25990,82,280038
29371,0.000927,172.31.47.0-255,66,26056,82,280038
29372,0.000962,74.125.68.0-255,5379,31435,82,280038
29373,0.000965,172.31.47.0-255,66,31501,82,280038
29374,0.000969,74.125.68.0-255,4320,35821,82,280038
29375,0.000971,172.31.47.0-255,66,35887,82,280038
29376,0.000983,74.125.68.0-255,1484,37371,82,280038
29377,0.000985,172.31.47.0-255,66,37437,82,280038
29378,0.000988,74.125.68.0-255,2902,40339,82,280038
29379,0.00099,172.31.47.0-255,66,40405,82,280038
29380,0.001014,74.125.68.0-255,7156,47561,82,280038
29381,0.001016,172.31.47.0-255,66,47627,82,280038
29382,0.001018,74.125.68.0-255,1484,49111,82,280038
29383,0.00102,172.31.47.0-255,66,49177,82,280038
29384,0.001046,74.125.68.0-255,9992,59169,82,280038
29385,0.001048,172.31.47.0-255,66,59235,82,280038
29386,0.001052,74.125.68.0-255,4320,63555,82,280038
29387,0.001054,172.31.47.0-255,66,63621,82,280038
29388,0.001091,74.125.68.0-255,2184,65805,82,280038
29389,0.001094,172.31.47.0-255,66,65871,82,280038
29390,0.00118,74.125.68.0-255,399,66270,82,280038
29391,0.001374,172.31.47.0-255,66,66336,82,280038
29392,0.001723,74.125.68.0-255,110,66446,82,280038
29393,0.001746,172.31.47.0-255,66,66512,82,280038
29394,0.001993,74.125.68.0-255,1484,67996,82,280038
29395,0.002006,74.125.68.0-255,1484,69480,82,280038
29396,0.002009,172.31.47.0-255,66,69546,82,280038
29397,0.002021,74.125.68.0-255,1484,71030,82,280038
29398,0.002037,74.125.68.0-255,5738,76768,82,280038
29399,0.002039,172.31.47.0-255,66,76834,82,280038
29400,0.002042,74.125.68.0-255,2902,79736,82,280038
29401,0.002044,172.31.47.0-255,66,79802,82,280038
29402,0.002055,74.125.68.0-255,1484,81286,82,280038
29403,0.002082,74.125.68.0-255,8574,89860,82,280038
29404,0.002084,172.31.47.0-255,66,89926,82,280038
29405,0.002119,74.125.68.0-255,8574,98500,82,280038
29406,0.002122,172.31.47.0-255,66,98566,82,280038
29407,0.002126,74.125.68.0-255,2184,100750,82,280038
29408,0.002128,172.31.47.0-255,66,100816,82,280038
29409,0.004213,74.125.68.0-255,2902,103718,82,280038
29410,0.004219,172.31.47.0-255,66,103784,82,280038
29411,0.00424,74.125.68.0-255,2902,106686,82,280038
29412,0.004243,172.31.47.0-255,66,106752,82,280038
29413,0.006322,74.125.68.0-255,5738,112490,82,280038
29414,0.006328,172.31.47.0-255,66,112556,82,280038
29415,0.008424,74.125.68.0-255,5738,118294,82,280038
29416,0.008434,172.31.47.0-255,66,118360,82,280038
29417,0.010515,74.125.68.0-255,5738,124098,82,280038
29418,0.010522,172.31.47.0-255,66,124164,82,280038
29419,0.012609,74.125.68.0-255,5738,129902,82,280038
29420,0.012615,172.31.47.0-255,66,129968,82,280038
29421,0.013366,172.31.47.0-255,172,130140,82,280038
29422,0.013401,172.31.47.0-255,1107,131247,82,280038
29423,0.013462,172.31.47.0-255,1514,132761,82,280038
29424,0.013464,172.31.47.0-255,329,133090,82,280038
29425,0.014704,74.125.68.0-255,5738,138828,82,280038
29426,0.01471,172.31.47.0-255,66,138894,82,280038
29427,0.014891,104.244.42.0-255,66,138960,82,280038
29428,0.014947,104.244.42.0-255,66,139026,82,280038
29429,0.015035,104.244.42.0-255,66,139092,82,280038
29430,0.016799,74.125.68.0-255,5738,144830,82,280038
29431,0.016803,172.31.47.0-255,66,144896,82,280038
29432,0.018882,74.125.68.0-255,2902,147798,82,280038
29433,0.018887,172.31.47.0-255,66,147864,82,280038
29434,0.018913,74.125.68.0-255,2902,150766,82,280038
29435,0.018916,172.31.47.0-255,66,150832,82,280038
29436,0.02097,74.125.68.0-255,2902,153734,82,280038
29437,0.020975,172.31.47.0-255,66,153800,82,280038
29438,0.021015,74.125.68.0-255,2902,156702,82,280038
29439,0.021018,172.31.47.0-255,66,156768,82,280038
29440,0.023064,74.125.68.0-255,2902,159670,82,280038
29441,0.02307,172.31.47.0-255,66,159736,82,280038
29442,0.023098,74.125.68.0-255,2902,162638,82,280038
29443,0.023101,172.31.47.0-255,66,162704,82,280038
29444,0.025155,74.125.68.0-255,2902,165606,82,280038
29445,0.025161,172.31.47.0-255,66,165672,82,280038
29446,0.02519,74.125.68.0-255,2902,168574,82,280038
29447,0.025193,172.31.47.0-255,66,168640,82,280038
29448,0.027241,74.125.68.0-255,4320,172960,82,280038
29449,0.027246,172.31.47.0-255,66,173026,82,280038
29450,0.027271,74.125.68.0-255,1484,174510,82,280038
29451,0.029326,74.125.68.0-255,4320,178830,82,280038
29452,0.029331,172.31.47.0-255,66,178896,82,280038
29453,0.031415,74.125.68.0-255,4320,183216,82,280038
29454,0.031419,172.31.47.0-255,66,183282,82,280038
29455,0.031443,74.125.68.0-255,1484,184766,82,280038
29456,0.033495,74.125.68.0-255,4320,189086,82,280038
29457,0.033499,172.31.47.0-255,66,189152,82,280038
29458,0.035575,74.125.68.0-255,2902,192054,82,280038
29459,0.03558,172.31.47.0-255,66,192120,82,280038
29460,0.035605,74.125.68.0-255,2902,195022,82,280038
29461,0.035607,172.31.47.0-255,66,195088,82,280038
29462,0.03766,74.125.68.0-255,2902,197990,82,280038
29463,0.037664,172.31.47.0-255,66,198056,82,280038
29464,0.037689,74.125.68.0-255,2902,200958,82,280038
29465,0.037692,172.31.47.0-255,66,201024,82,280038
29466,0.03976,74.125.68.0-255,4320,205344,82,280038
29467,0.039769,172.31.47.0-255,66,205410,82,280038
29468,0.03979,74.125.68.0-255,1484,206894,82,280038
29469,0.041861,74.125.68.0-255,2902,209796,82,280038
29470,0.041867,172.31.47.0-255,66,209862,82,280038
29471,0.041887,74.125.68.0-255,1484,211346,82,280038
29472,0.04396,74.125.68.0-255,4320,215666,82,280038
29473,0.043967,172.31.47.0-255,66,215732,82,280038
29474,0.046081,74.125.68.0-255,5738,221470,82,280038
29475,0.046087,172.31.47.0-255,66,221536,82,280038
29476,0.04817,74.125.68.0-255,4320,225856,82,280038
29477,0.048176,172.31.47.0-255,66,225922,82,280038
29478,0.048206,74.125.68.0-255,1484,227406,82,280038
29479,0.050259,74.125.68.0-255,4320,231726,82,280038
29480,0.050265,172.31.47.0-255,66,231792,82,280038
29481,0.052352,74.125.68.0-255,4320,236112,82,280038
29482,0.052358,172.31.47.0-255,66,236178,82,280038
29483,0.052389,74.125.68.0-255,1484,237662,82,280038
29484,0.054469,74.125.68.0-255,4320,241982,82,280038
29485,0.054474,172.31.47.0-255,66,242048,82,280038
29486,0.056551,74.125.68.0-255,5738,247786,82,280038
29487,0.056557,172.31.47.0-255,66,247852,82,280038
29488,0.058683,74.125.68.0-255,4320,252172,82,280038
29489,0.058689,172.31.47.0-255,66,252238,82,280038
29490,0.058703,74.125.68.0-255,1484,253722,82,280038
29491,0.060772,74.125.68.0-255,4320,258042,82,280038
29492,0.060778,172.31.47.0-255,66,258108,82,280038
29493,0.062858,74.125.68.0-255,1484,259592,82,280038
29494,0.062887,74.125.68.0-255,4320,263912,82,280038
29495,0.062891,172.31.47.0-255,66,263978,82,280038
29496,0.064983,74.125.68.0-255,5738,269716,82,280038
29497,0.064989,172.31.47.0-255,66,269782,82,280038
29498,0.067078,74.125.68.0-255,4320,274102,82,280038
29499,0.067083,172.31.47.0-255,66,274168,82,280038
29500,0.067114,74.125.68.0-255,1484,275652,82,280038
29501,0.069164,74.125.68.0-255,4320,279972,82,280038
29502,0.069169,172.31.47.0-255,66,280038,82,280038
29503,0.0,172.31.47.0-255,105,105,82,276
29504,0.066883,31.13.82.0-255,105,210,82,276
29505,0.066903,172.31.47.0-255,66,276,82,276
29506,0.0,172.217.194.0-255,153,153,82,270707
29507,2.8e-05,172.31.47.0-255,66,219,82,270707
29508,3.5e-05,172.217.194.0-255,1484,1703,82,270707
29509,4e-05,172.31.47.0-255,66,1769,82,270707
29510,4.4e-05,172.217.194.0-255,2902,4671,82,270707
29511,5.4e-05,172.31.47.0-255,66,4737,82,270707
29512,6.1e-05,172.217.194.0-255,7156,11893,82,270707
29513,6.4e-05,172.31.47.0-255,66,11959,82,270707
29514,0.000112,172.217.194.0-255,2219,14178,82,270707
29515,0.000115,172.31.47.0-255,66,14244,82,270707
29516,0.000152,172.31.47.0-255,66,14310,82,270707
29517,0.000254,172.217.194.0-255,5379,19689,82,270707
29518,0.000259,172.31.47.0-255,66,19755,82,270707
29519,0.000312,172.217.194.0-255,5738,25493,82,270707
29520,0.000317,172.31.47.0-255,66,25559,82,270707
29521,0.000372,172.217.194.0-255,7156,32715,82,270707
29522,0.000376,172.31.47.0-255,66,32781,82,270707
29523,0.000406,172.217.194.0-255,5379,38160,82,270707
29524,0.00041,172.31.47.0-255,66,38226,82,270707
29525,0.000494,172.217.194.0-255,4320,42546,82,270707
29526,0.000499,172.31.47.0-255,66,42612,82,270707
29527,0.000542,172.31.47.0-255,66,42678,82,270707
29528,0.000621,172.217.194.0-255,381,43059,82,270707
29529,0.000624,172.31.47.0-255,66,43125,82,270707
29530,0.000691,172.217.194.0-255,1484,44609,82,270707
29531,0.000695,172.31.47.0-255,66,44675,82,270707
29532,0.000722,172.217.194.0-255,2902,47577,82,270707
29533,0.000725,172.31.47.0-255,66,47643,82,270707
29534,0.000732,172.217.194.0-255,5738,53381,82,270707
29535,0.000735,172.31.47.0-255,66,53447,82,270707
29536,0.000777,172.217.194.0-255,1484,54931,82,270707
29537,0.000794,172.217.194.0-255,4320,59251,82,270707
29538,0.000806,172.217.194.0-255,1125,60376,82,270707
29539,0.000809,172.31.47.0-255,66,60442,82,270707
29540,0.000851,172.217.194.0-255,8574,69016,82,270707
29541,0.000856,172.31.47.0-255,66,69082,82,270707
29542,0.000937,172.217.194.0-255,8215,77297,82,270707
29543,0.000941,172.31.47.0-255,66,77363,82,270707
29544,0.001013,172.217.194.0-255,5738,83101,82,270707
29545,0.00102,172.31.47.0-255,66,83167,82,270707
29546,0.001025,172.217.194.0-255,2902,86069,82,270707
29547,0.001034,172.31.47.0-255,66,86135,82,270707
29548,0.001092,172.217.194.0-255,2902,89037,82,270707
29549,0.001096,172.31.47.0-255,66,89103,82,270707
29550,0.001118,172.217.194.0-255,9992,99095,82,270707
29551,0.001122,172.31.47.0-255,66,99161,82,270707
29552,0.00123,172.217.194.0-255,8574,107735,82,270707
29553,0.001235,172.31.47.0-255,66,107801,82,270707
29554,0.001263,172.217.194.0-255,3602,111403,82,270707
29555,0.001266,172.31.47.0-255,66,111469,82,270707
29556,0.001359,172.217.194.0-255,9992,121461,82,270707
29557,0.001365,172.31.47.0-255,66,121527,82,270707
29558,0.001375,172.217.194.0-255,2902,124429,82,270707
29559,0.001379,172.31.47.0-255,66,124495,82,270707
29560,0.001484,172.217.194.0-255,5738,130233,82,270707
29561,0.001489,172.31.47.0-255,66,130299,82,270707
29562,0.001535,172.31.47.0-255,66,130365,82,270707
29563,0.001695,172.217.194.0-255,8574,138939,82,270707
29564,0.0017,172.31.47.0-255,66,139005,82,270707
29565,0.001911,172.217.194.0-255,4320,143325,82,270707
29566,0.001933,172.217.194.0-255,7856,151181,82,270707
29567,0.002027,172.217.194.0-255,7156,158337,82,270707
29568,0.002044,172.217.194.0-255,5738,164075,82,270707
29569,0.002161,172.217.194.0-255,8574,172649,82,270707
29570,0.002358,172.217.194.0-255,2902,175551,82,270707
29571,0.002378,172.217.194.0-255,8574,184125,82,270707
29572,0.002401,172.217.194.0-255,9992,194117,82,270707
29573,0.002574,172.217.194.0-255,2902,197019,82,270707
29574,0.002599,172.217.194.0-255,9274,206293,82,270707
29575,0.002688,172.217.194.0-255,1484,207777,82,270707
29576,0.002697,172.217.194.0-255,4320,212097,82,270707
29577,0.003042,172.217.194.0-255,4320,216417,82,270707
29578,0.003118,172.217.194.0-255,3602,220019,82,270707
29579,0.003294,172.217.194.0-255,1484,221503,82,270707
29580,0.003309,172.217.194.0-255,1484,222987,82,270707
29581,0.003321,172.217.194.0-255,5738,228725,82,270707
29582,0.003329,172.217.194.0-255,1484,230209,82,270707
29583,0.003372,172.217.194.0-255,1484,231693,82,270707
29584,0.003381,172.217.194.0-255,4320,236013,82,270707
29585,0.003401,172.217.194.0-255,7156,243169,82,270707
29586,0.00349,172.217.194.0-255,2902,246071,82,270707
29587,0.003629,172.217.194.0-255,2902,248973,82,270707
29588,0.003735,172.217.194.0-255,1484,250457,82,270707
29589,0.003765,172.217.194.0-255,10692,261149,82,270707
29590,0.003834,172.217.194.0-255,2902,264051,82,270707
29591,0.003844,172.217.194.0-255,2031,266082,82,270707
29592,0.003847,172.217.194.0-255,105,266187,82,270707
29593,0.005941,172.31.47.0-255,66,266253,82,270707
29594,0.007688,172.31.47.0-255,105,266358,82,270707
29595,0.010187,172.217.194.0-255,66,266424,82,270707
29596,0.02513,172.31.47.0-255,172,266596,82,270707
29597,0.025154,172.31.47.0-255,1111,267707,82,270707
29598,0.025194,172.31.47.0-255,1514,269221,82,270707
29599,0.025195,172.31.47.0-255,1288,270509,82,270707
29600,0.026685,104.244.42.0-255,66,270575,82,270707
29601,0.026691,104.244.42.0-255,66,270641,82,270707
29602,0.026716,104.244.42.0-255,66,270707,82,270707
29603,0.0,172.31.47.0-255,105,105,82,276
29604,0.001476,157.240.13.0-255,105,210,82,276
29605,0.001488,172.31.47.0-255,66,276,82,276
29606,0.0,172.217.194.0-255,153,153,82,362255
29607,2.1e-05,172.31.47.0-255,66,219,82,362255
29608,2.8e-05,172.217.194.0-255,1484,1703,82,362255
29609,3.3e-05,172.31.47.0-255,66,1769,82,362255
29610,3.7e-05,172.217.194.0-255,2902,4671,82,362255
29611,4.1e-05,172.31.47.0-255,66,4737,82,362255
29612,5.8e-05,172.217.194.0-255,7156,11893,82,362255
29613,6.1e-05,172.31.47.0-255,66,11959,82,362255
29614,6.5e-05,172.217.194.0-255,1957,13916,82,362255
29615,6.8e-05,172.31.47.0-255,66,13982,82,362255
29616,0.000122,172.31.47.0-255,66,14048,82,362255
29617,0.000128,172.217.194.0-255,5379,19427,82,362255
29618,0.000131,172.31.47.0-255,66,19493,82,362255
29619,0.000164,172.217.194.0-255,4320,23813,82,362255
29620,0.000167,172.31.47.0-255,66,23879,82,362255
29621,0.000209,172.217.194.0-255,2902,26781,82,362255
29622,0.000212,172.31.47.0-255,66,26847,82,362255
29623,0.000241,172.217.194.0-255,2902,29749,82,362255
29624,0.000244,172.31.47.0-255,66,29815,82,362255
29625,0.000251,172.217.194.0-255,6797,36612,82,362255
29626,0.000254,172.31.47.0-255,66,36678,82,362255
29627,0.000296,172.217.194.0-255,1484,38162,82,362255
29628,0.0003,172.31.47.0-255,66,38228,82,362255
29629,0.000318,172.217.194.0-255,2902,41130,82,362255
29630,0.00032,172.31.47.0-255,66,41196,82,362255
29631,0.000355,172.217.194.0-255,5738,46934,82,362255
29632,0.000359,172.31.47.0-255,66,47000,82,362255
29633,0.000366,172.217.194.0-255,6797,53797,82,362255
29634,0.000369,172.31.47.0-255,66,53863,82,362255
29635,0.0004,172.217.194.0-255,377,54240,82,362255
29636,0.000403,172.31.47.0-255,66,54306,82,362255
29637,0.000634,172.217.194.0-255,1484,55790,82,362255
29638,0.000641,172.217.194.0-255,2902,58692,82,362255
29639,0.000659,172.217.194.0-255,4320,63012,82,362255
29640,0.00067,172.217.194.0-255,1484,64496,82,362255
29641,0.000673,172.31.47.0-255,66,64562,82,362255
29642,0.000681,172.217.194.0-255,2902,67464,82,362255
29643,0.000697,172.31.47.0-255,66,67530,82,362255
29644,0.000702,172.217.194.0-255,1484,69014,82,362255
29645,0.000724,172.217.194.0-255,5738,74752,82,362255
29646,0.000741,172.217.194.0-255,6797,81549,82,362255
29647,0.000748,172.217.194.0-255,6797,88346,82,362255
29648,0.000768,172.31.47.0-255,66,88412,82,362255
29649,0.000851,172.217.194.0-255,366,88778,82,362255
29650,0.001212,172.217.194.0-255,1484,90262,82,362255
29651,0.001217,172.217.194.0-255,2902,93164,82,362255
29652,0.001223,172.31.47.0-255,66,93230,82,362255
29653,0.001233,172.31.47.0-255,66,93296,82,362255
29654,0.001242,172.217.194.0-255,4320,97616,82,362255
29655,0.001274,172.217.194.0-255,8574,106190,82,362255
29656,0.001294,172.31.47.0-255,66,106256,82,362255
29657,0.001303,172.217.194.0-255,2902,109158,82,362255
29658,0.001328,172.217.194.0-255,8574,117732,82,362255
29659,0.001345,172.217.194.0-255,4320,122052,82,362255
29660,0.001347,172.217.194.0-255,766,122818,82,362255
29661,0.001353,172.31.47.0-255,66,122884,82,362255
29662,0.001599,172.217.194.0-255,1484,124368,82,362255
29663,0.001604,172.217.194.0-255,2902,127270,82,362255
29664,0.001606,172.31.47.0-255,66,127336,82,362255
29665,0.001627,172.217.194.0-255,5738,133074,82,362255
29666,0.001632,172.31.47.0-255,66,133140,82,362255
29667,0.001666,172.217.194.0-255,9992,143132,82,362255
29668,0.001669,172.217.194.0-255,1484,144616,82,362255
29669,0.001675,172.31.47.0-255,66,144682,82,362255
29670,0.001687,172.217.194.0-255,9992,154674,82,362255
29671,0.001689,172.217.194.0-255,1484,156158,82,362255
29672,0.001704,172.31.47.0-255,66,156224,82,362255
29673,0.001729,172.217.194.0-255,766,156990,82,362255
29674,0.001899,172.217.194.0-255,1484,158474,82,362255
29675,0.001903,172.31.47.0-255,66,158540,82,362255
29676,0.00191,172.217.194.0-255,2902,161442,82,362255
29677,0.001914,172.31.47.0-255,66,161508,82,362255
29678,0.001937,172.217.194.0-255,5738,167246,82,362255
29679,0.001953,172.217.194.0-255,1484,168730,82,362255
29680,0.001955,172.217.194.0-255,1484,170214,82,362255
29681,0.001958,172.31.47.0-255,66,170280,82,362255
29682,0.001962,172.31.47.0-255,66,170346,82,362255
29683,0.001967,172.217.194.0-255,1484,171830,82,362255
29684,0.001992,172.217.194.0-255,5738,177568,82,362255
29685,0.002016,172.217.194.0-255,4320,181888,82,362255
29686,0.002018,172.31.47.0-255,66,181954,82,362255
29687,0.002022,172.31.47.0-255,66,182020,82,362255
29688,0.002043,172.217.194.0-255,4320,186340,82,362255
29689,0.002056,172.217.194.0-255,5020,191360,82,362255
29690,0.002071,172.31.47.0-255,66,191426,82,362255
29691,0.004418,172.217.194.0-255,4320,195746,82,362255
29692,0.004422,172.31.47.0-255,66,195812,82,362255
29693,0.004444,172.217.194.0-255,1484,197296,82,362255
29694,0.00676,172.217.194.0-255,4320,201616,82,362255
29695,0.006767,172.31.47.0-255,66,201682,82,362255
29696,0.00908,172.217.194.0-255,5738,207420,82,362255
29697,0.009086,172.31.47.0-255,66,207486,82,362255
29698,0.011442,172.217.194.0-255,5738,213224,82,362255
29699,0.011451,172.31.47.0-255,66,213290,82,362255
29700,0.013783,172.217.194.0-255,5738,219028,82,362255
29701,0.013792,172.31.47.0-255,66,219094,82,362255
29702,0.016127,172.217.194.0-255,5738,224832,82,362255
29703,0.016134,172.31.47.0-255,66,224898,82,362255
29704,0.018457,172.217.194.0-255,2902,227800,82,362255
29705,0.018463,172.31.47.0-255,66,227866,82,362255
29706,0.018493,172.217.194.0-255,2902,230768,82,362255
29707,0.018496,172.31.47.0-255,66,230834,82,362255
29708,0.020786,172.217.194.0-255,2902,233736,82,362255
29709,0.020791,172.31.47.0-255,66,233802,82,362255
29710,0.020821,172.217.194.0-255,2902,236704,82,362255
29711,0.020824,172.31.47.0-255,66,236770,82,362255
29712,0.022717,172.31.47.0-255,172,236942,82,362255
29713,0.022765,172.31.47.0-255,1111,238053,82,362255
29714,0.02283,172.31.47.0-255,1514,239567,82,362255
29715,0.022832,172.31.47.0-255,1288,240855,82,362255
29716,0.023106,172.217.194.0-255,2902,243757,82,362255
29717,0.023111,172.31.47.0-255,66,243823,82,362255
29718,0.023137,172.217.194.0-255,2902,246725,82,362255
29719,0.023139,172.31.47.0-255,66,246791,82,362255
29720,0.024243,104.244.42.0-255,66,246857,82,362255
29721,0.024254,104.244.42.0-255,66,246923,82,362255
29722,0.024347,104.244.42.0-255,66,246989,82,362255
29723,0.025404,104.244.42.0-255,108,247097,82,362255
29724,0.025407,172.31.47.0-255,66,247163,82,362255
29725,0.025446,172.217.194.0-255,4320,251483,82,362255
29726,0.025449,172.31.47.0-255,66,251549,82,362255
29727,0.025476,172.217.194.0-255,1484,253033,82,362255
29728,0.027761,172.217.194.0-255,4320,257353,82,362255
29729,0.027766,172.31.47.0-255,66,257419,82,362255
29730,0.030092,172.217.194.0-255,4320,261739,82,362255
29731,0.030098,172.31.47.0-255,66,261805,82,362255
29732,0.030129,172.217.194.0-255,1484,263289,82,362255
29733,0.032406,172.217.194.0-255,4320,267609,82,362255
29734,0.032411,172.31.47.0-255,66,267675,82,362255
29735,0.034758,172.217.194.0-255,5738,273413,82,362255
29736,0.034763,172.31.47.0-255,66,273479,82,362255
29737,0.037091,172.217.194.0-255,5738,279217,82,362255
29738,0.037095,172.31.47.0-255,66,279283,82,362255
29739,0.039443,172.217.194.0-255,5738,285021,82,362255
29740,0.039449,172.31.47.0-255,66,285087,82,362255
29741,0.041799,172.217.194.0-255,2902,287989,82,362255
29742,0.041805,172.31.47.0-255,66,288055,82,362255
29743,0.041834,172.217.194.0-255,2902,290957,82,362255
29744,0.041837,172.31.47.0-255,66,291023,82,362255
29745,0.044137,172.217.194.0-255,2902,293925,82,362255
29746,0.044142,172.31.47.0-255,66,293991,82,362255
29747,0.044175,172.217.194.0-255,2902,296893,82,362255
29748,0.044178,172.31.47.0-255,66,296959,82,362255
29749,0.046443,172.217.194.0-255,2902,299861,82,362255
29750,0.046447,172.31.47.0-255,66,299927,82,362255
29751,0.046491,172.217.194.0-255,2902,302829,82,362255
29752,0.046494,172.31.47.0-255,66,302895,82,362255
29753,0.048755,172.217.194.0-255,2902,305797,82,362255
29754,0.048759,172.31.47.0-255,66,305863,82,362255
29755,0.048832,172.217.194.0-255,2902,308765,82,362255
29756,0.048836,172.31.47.0-255,66,308831,82,362255
29757,0.051101,172.217.194.0-255,2902,311733,82,362255
29758,0.051108,172.31.47.0-255,66,311799,82,362255
29759,0.051154,172.217.194.0-255,2902,314701,82,362255
29760,0.051157,172.31.47.0-255,66,314767,82,362255
29761,0.053435,172.217.194.0-255,2902,317669,82,362255
29762,0.053439,172.31.47.0-255,66,317735,82,362255
29763,0.053471,172.217.194.0-255,2902,320637,82,362255
29764,0.053474,172.31.47.0-255,66,320703,82,362255
29765,0.055767,172.217.194.0-255,2902,323605,82,362255
29766,0.055773,172.31.47.0-255,66,323671,82,362255
29767,0.055825,172.217.194.0-255,2902,326573,82,362255
29768,0.055829,172.31.47.0-255,66,326639,82,362255
29769,0.058099,172.217.194.0-255,2902,329541,82,362255
29770,0.058104,172.31.47.0-255,66,329607,82,362255
29771,0.058139,172.217.194.0-255,2902,332509,82,362255
29772,0.058142,172.31.47.0-255,66,332575,82,362255
29773,0.060437,172.217.194.0-255,2902,335477,82,362255
29774,0.060442,172.31.47.0-255,66,335543,82,362255
29775,0.060473,172.217.194.0-255,2902,338445,82,362255
29776,0.060475,172.31.47.0-255,66,338511,82,362255
29777,0.062755,172.217.194.0-255,2902,341413,82,362255
29778,0.06276,172.31.47.0-255,66,341479,82,362255
29779,0.062794,172.217.194.0-255,2902,344381,82,362255
29780,0.062797,172.31.47.0-255,66,344447,82,362255
29781,0.065081,172.217.194.0-255,2902,347349,82,362255
29782,0.065085,172.31.47.0-255,66,347415,82,362255
29783,0.065114,172.217.194.0-255,2902,350317,82,362255
29784,0.065117,172.31.47.0-255,66,350383,82,362255
29785,0.067422,172.217.194.0-255,2902,353285,82,362255
29786,0.067427,172.31.47.0-255,66,353351,82,362255
29787,0.06746,172.217.194.0-255,2902,356253,82,362255
29788,0.067463,172.31.47.0-255,66,356319,82,362255
29789,0.069729,172.217.194.0-255,2902,359221,82,362255
29790,0.069751,172.31.47.0-255,66,359287,82,362255
29791,0.069781,172.217.194.0-255,2902,362189,82,362255
29792,0.069785,172.31.47.0-255,66,362255,82,362255
29793,0.0,74.125.24.0-255,153,153,82,338607
29794,3.1e-05,172.31.47.0-255,66,219,82,338607
29795,3.8e-05,74.125.24.0-255,1484,1703,82,338607
29796,4.3e-05,172.31.47.0-255,66,1769,82,338607
29797,4.8e-05,74.125.24.0-255,2902,4671,82,338607
29798,5e-05,172.31.47.0-255,66,4737,82,338607
29799,6.5e-05,74.125.24.0-255,7156,11893,82,338607
29800,6.9e-05,172.31.47.0-255,66,11959,82,338607
29801,0.000106,74.125.24.0-255,1959,13918,82,338607
29802,0.000109,172.31.47.0-255,66,13984,82,338607
29803,0.000568,74.125.24.0-255,1484,15468,82,338607
29804,0.000575,172.31.47.0-255,66,15534,82,338607
29805,0.000585,74.125.24.0-255,2902,18436,82,338607
29806,0.000598,172.31.47.0-255,66,18502,82,338607
29807,0.000606,74.125.24.0-255,5738,24240,82,338607
29808,0.000609,172.31.47.0-255,66,24306,82,338607
29809,0.000615,74.125.24.0-255,4320,28626,82,338607
29810,0.000617,172.31.47.0-255,66,28692,82,338607
29811,0.000645,74.125.24.0-255,1484,30176,82,338607
29812,0.000648,172.31.47.0-255,66,30242,82,338607
29813,0.000727,74.125.24.0-255,4320,34562,82,338607
29814,0.000734,172.31.47.0-255,66,34628,82,338607
29815,0.000764,74.125.24.0-255,3961,38589,82,338607
29816,0.000767,172.31.47.0-255,66,38655,82,338607
29817,0.000775,74.125.24.0-255,8574,47229,82,338607
29818,0.000783,172.31.47.0-255,66,47295,82,338607
29819,0.000786,74.125.24.0-255,1125,48420,82,338607
29820,0.000788,172.31.47.0-255,66,48486,82,338607
29821,0.00082,74.125.24.0-255,1484,49970,82,338607
29822,0.000823,172.31.47.0-255,66,50036,82,338607
29823,0.000828,74.125.24.0-255,2902,52938,82,338607
29824,0.000831,172.31.47.0-255,66,53004,82,338607
29825,0.000837,74.125.24.0-255,5738,58742,82,338607
29826,0.000839,172.31.47.0-255,66,58808,82,338607
29827,0.000844,74.125.24.0-255,5738,64546,82,338607
29828,0.000847,172.31.47.0-255,66,64612,82,338607
29829,0.000877,74.125.24.0-255,1435,66047,82,338607
29830,0.000942,74.125.24.0-255,345,66392,82,338607
29831,0.000947,172.31.47.0-255,66,66458,82,338607
29832,0.00111,74.125.24.0-255,1484,67942,82,338607
29833,0.001117,74.125.24.0-255,2902,70844,82,338607
29834,0.001121,172.31.47.0-255,66,70910,82,338607
29835,0.001125,74.125.24.0-255,1484,72394,82,338607
29836,0.001151,74.125.24.0-255,5738,78132,82,338607
29837,0.001153,172.31.47.0-255,66,78198,82,338607
29838,0.001184,172.31.47.0-255,66,78264,82,338607
29839,0.001209,74.125.24.0-255,2543,80807,82,338607
29840,0.001211,172.31.47.0-255,66,80873,82,338607
29841,0.001217,74.125.24.0-255,5738,86611,82,338607
29842,0.001219,172.31.47.0-255,66,86677,82,338607
29843,0.001239,74.125.24.0-255,2543,89220,82,338607
29844,0.001241,172.31.47.0-255,66,89286,82,338607
29845,0.001342,74.125.24.0-255,1484,90770,82,338607
29846,0.001355,74.125.24.0-255,2902,93672,82,338607
29847,0.001357,172.31.47.0-255,66,93738,82,338607
29848,0.001378,74.125.24.0-255,5738,99476,82,338607
29849,0.001381,172.31.47.0-255,66,99542,82,338607
29850,0.001408,74.125.24.0-255,7156,106698,82,338607
29851,0.001412,172.31.47.0-255,66,106764,82,338607
29852,0.001448,172.31.47.0-255,66,106830,82,338607
29853,0.001459,74.125.24.0-255,1484,108314,82,338607
29854,0.001475,74.125.24.0-255,2184,110498,82,338607
29855,0.001477,172.31.47.0-255,66,110564,82,338607
29856,0.001545,74.125.24.0-255,1484,112048,82,338607
29857,0.001557,74.125.24.0-255,1484,113532,82,338607
29858,0.001559,172.31.47.0-255,66,113598,82,338607
29859,0.001581,74.125.24.0-255,1484,115082,82,338607
29860,0.001587,74.125.24.0-255,5738,120820,82,338607
29861,0.001589,172.31.47.0-255,66,120886,82,338607
29862,0.001622,74.125.24.0-255,9992,130878,82,338607
29863,0.001624,172.31.47.0-255,66,130944,82,338607
29864,0.001653,74.125.24.0-255,7156,138100,82,338607
29865,0.001655,172.31.47.0-255,66,138166,82,338607
29866,0.001686,74.125.24.0-255,6438,144604,82,338607
29867,0.001688,172.31.47.0-255,66,144670,82,338607
29868,0.003663,74.125.24.0-255,5738,150408,82,338607
29869,0.00367,172.31.47.0-255,66,150474,82,338607
29870,0.005708,74.125.24.0-255,5738,156212,82,338607
29871,0.005714,172.31.47.0-255,66,156278,82,338607
29872,0.007735,74.125.24.0-255,5738,162016,82,338607
29873,0.007741,172.31.47.0-255,66,162082,82,338607
29874,0.00973,74.125.24.0-255,5738,167820,82,338607
29875,0.009737,172.31.47.0-255,66,167886,82,338607
29876,0.011738,74.125.24.0-255,5738,173624,82,338607
29877,0.011745,172.31.47.0-255,66,173690,82,338607
29878,0.013748,74.125.24.0-255,5738,179428,82,338607
29879,0.013756,172.31.47.0-255,66,179494,82,338607
29880,0.015791,74.125.24.0-255,4320,183814,82,338607
29881,0.015798,172.31.47.0-255,66,183880,82,338607
29882,0.015835,74.125.24.0-255,1484,185364,82,338607
29883,0.017845,74.125.24.0-255,4320,189684,82,338607
29884,0.017853,172.31.47.0-255,66,189750,82,338607
29885,0.019894,74.125.24.0-255,5738,195488,82,338607
29886,0.019904,172.31.47.0-255,66,195554,82,338607
29887,0.021905,74.125.24.0-255,5738,201292,82,338607
29888,0.021916,172.31.47.0-255,66,201358,82,338607
29889,0.023923,74.125.24.0-255,5738,207096,82,338607
29890,0.02393,172.31.47.0-255,66,207162,82,338607
29891,0.025842,172.31.47.0-255,172,207334,82,338607
29892,0.025871,172.31.47.0-255,1112,208446,82,338607
29893,0.025906,172.31.47.0-255,1514,209960,82,338607
29894,0.025908,172.31.47.0-255,1287,211247,82,338607
29895,0.025937,74.125.24.0-255,1484,212731,82,338607
29896,0.025949,74.125.24.0-255,1484,214215,82,338607
29897,0.025953,172.31.47.0-255,66,214281,82,338607
29898,0.025957,74.125.24.0-255,1484,215765,82,338607
29899,0.025977,74.125.24.0-255,1484,217249,82,338607
29900,0.025981,172.31.47.0-255,66,217315,82,338607
29901,0.027385,104.244.42.0-255,66,217381,82,338607
29902,0.027406,104.244.42.0-255,66,217447,82,338607
29903,0.027509,104.244.42.0-255,66,217513,82,338607
29904,0.027952,74.125.24.0-255,2902,220415,82,338607
29905,0.027956,172.31.47.0-255,66,220481,82,338607
29906,0.027996,74.125.24.0-255,2902,223383,82,338607
29907,0.027999,172.31.47.0-255,66,223449,82,338607
29908,0.029941,74.125.24.0-255,2902,226351,82,338607
29909,0.029947,172.31.47.0-255,66,226417,82,338607
29910,0.029987,74.125.24.0-255,2902,229319,82,338607
29911,0.02999,172.31.47.0-255,66,229385,82,338607
29912,0.031926,74.125.24.0-255,2902,232287,82,338607
29913,0.031931,172.31.47.0-255,66,232353,82,338607
29914,0.031983,74.125.24.0-255,2902,235255,82,338607
29915,0.031987,172.31.47.0-255,66,235321,82,338607
29916,0.033934,74.125.24.0-255,2902,238223,82,338607
29917,0.03394,172.31.47.0-255,66,238289,82,338607
29918,0.033974,74.125.24.0-255,2902,241191,82,338607
29919,0.033978,172.31.47.0-255,66,241257,82,338607
29920,0.03591,74.125.24.0-255,2902,244159,82,338607
29921,0.035916,172.31.47.0-255,66,244225,82,338607
29922,0.035974,74.125.24.0-255,2902,247127,82,338607
29923,0.035978,172.31.47.0-255,66,247193,82,338607
29924,0.037898,74.125.24.0-255,2902,250095,82,338607
29925,0.037903,172.31.47.0-255,66,250161,82,338607
29926,0.037997,74.125.24.0-255,2902,253063,82,338607
29927,0.038002,172.31.47.0-255,66,253129,82,338607
29928,0.039924,74.125.24.0-255,2902,256031,82,338607
29929,0.03993,172.31.47.0-255,66,256097,82,338607
29930,0.040007,74.125.24.0-255,2902,258999,82,338607
29931,0.040012,172.31.47.0-255,66,259065,82,338607
29932,0.041966,74.125.24.0-255,2902,261967,82,338607
29933,0.041971,172.31.47.0-255,66,262033,82,338607
29934,0.042021,74.125.24.0-255,2902,264935,82,338607
29935,0.042025,172.31.47.0-255,66,265001,82,338607
29936,0.043987,74.125.24.0-255,2902,267903,82,338607
29937,0.043992,172.31.47.0-255,66,267969,82,338607
29938,0.044021,74.125.24.0-255,2902,270871,82,338607
29939,0.044023,172.31.47.0-255,66,270937,82,338607
29940,0.045993,74.125.24.0-255,4320,275257,82,338607
29941,0.045998,172.31.47.0-255,66,275323,82,338607
29942,0.046031,74.125.24.0-255,1484,276807,82,338607
29943,0.047989,74.125.24.0-255,4320,281127,82,338607
29944,0.047994,172.31.47.0-255,66,281193,82,338607
29945,0.049983,74.125.24.0-255,5738,286931,82,338607
29946,0.049988,172.31.47.0-255,66,286997,82,338607
29947,0.051987,74.125.24.0-255,2902,289899,82,338607
29948,0.051992,172.31.47.0-255,66,289965,82,338607
29949,0.052021,74.125.24.0-255,2902,292867,82,338607
29950,0.052024,172.31.47.0-255,66,292933,82,338607
29951,0.054019,74.125.24.0-255,2902,295835,82,338607
29952,0.054023,172.31.47.0-255,66,295901,82,338607
29953,0.054052,74.125.24.0-255,2902,298803,82,338607
29954,0.054055,172.31.47.0-255,66,298869,82,338607
29955,0.056003,74.125.24.0-255,2902,301771,82,338607
29956,0.056009,172.31.47.0-255,66,301837,82,338607
29957,0.056055,74.125.24.0-255,2902,304739,82,338607
29958,0.056062,172.31.47.0-255,66,304805,82,338607
29959,0.057998,74.125.24.0-255,2902,307707,82,338607
29960,0.058003,172.31.47.0-255,66,307773,82,338607
29961,0.058039,74.125.24.0-255,2902,310675,82,338607
29962,0.058042,172.31.47.0-255,66,310741,82,338607
29963,0.059973,74.125.24.0-255,2902,313643,82,338607
29964,0.059977,172.31.47.0-255,66,313709,82,338607
29965,0.060005,74.125.24.0-255,2902,316611,82,338607
29966,0.060007,172.31.47.0-255,66,316677,82,338607
29967,0.062015,74.125.24.0-255,4320,320997,82,338607
29968,0.06202,172.31.47.0-255,66,321063,82,338607
29969,0.062053,74.125.24.0-255,1484,322547,82,338607
29970,0.064058,74.125.24.0-255,4320,326867,82,338607
29971,0.064063,172.31.47.0-255,66,326933,82,338607
29972,0.0661,74.125.24.0-255,5738,332671,82,338607
29973,0.066105,172.31.47.0-255,66,332737,82,338607
29974,0.068114,74.125.24.0-255,4320,337057,82,338607
29975,0.068119,172.31.47.0-255,66,337123,82,338607
29976,0.068154,74.125.24.0-255,1484,338607,82,338607
29977,0.0,172.31.47.0-255,105,105,82,276
29978,0.001754,157.240.13.0-255,105,210,82,276
29979,0.001762,172.31.47.0-255,66,276,82,276
29980,0.0,74.125.68.0-255,152,152,82,217659
29981,2.2e-05,172.31.47.0-255,66,218,82,217659
29982,2.9e-05,74.125.68.0-255,1484,1702,82,217659
29983,3.2e-05,172.31.47.0-255,66,1768,82,217659
29984,3.7e-05,74.125.68.0-255,2902,4670,82,217659
29985,4e-05,172.31.47.0-255,66,4736,82,217659
29986,0.000139,74.125.68.0-255,4320,9056,82,217659
29987,0.000143,172.31.47.0-255,66,9122,82,217659
29988,0.000289,74.125.68.0-255,4320,13442,82,217659
29989,0.000293,172.31.47.0-255,66,13508,82,217659
29990,0.000312,74.125.68.0-255,5001,18509,82,217659
29991,0.000315,172.31.47.0-255,66,18575,82,217659
29992,0.000581,74.125.68.0-255,2902,21477,82,217659
29993,0.000586,172.31.47.0-255,66,21543,82,217659
29994,0.000672,74.125.68.0-255,4320,25863,82,217659
29995,0.000677,172.31.47.0-255,66,25929,82,217659
29996,0.0007,74.125.68.0-255,5379,31308,82,217659
29997,0.000702,172.31.47.0-255,66,31374,82,217659
29998,0.000989,74.125.68.0-255,7156,38530,82,217659
29999,0.000995,172.31.47.0-255,66,38596,82,217659
30000,0.001026,172.31.47.0-255,66,38662,82,217659
30001,0.001058,74.125.68.0-255,7156,45818,82,217659
30002,0.001061,172.31.47.0-255,66,45884,82,217659
30003,0.001822,74.125.68.0-255,9992,55876,82,217659
30004,0.00183,172.31.47.0-255,66,55942,82,217659
30005,0.001864,172.31.47.0-255,66,56008,82,217659
30006,0.002659,172.31.47.0-255,66,56074,82,217659
30007,0.003598,172.31.47.0-255,66,56140,82,217659
30008,0.005054,172.31.47.0-255,66,56206,82,217659
30009,0.007373,74.125.68.0-255,5738,61944,82,217659
30010,0.007383,172.31.47.0-255,66,62010,82,217659
30011,0.009687,74.125.68.0-255,5738,67748,82,217659
30012,0.01138,172.31.47.0-255,66,67814,82,217659
30013,0.013677,74.125.68.0-255,5738,73552,82,217659
30014,0.013687,172.31.47.0-255,66,73618,82,217659
30015,0.015988,74.125.68.0-255,5738,79356,82,217659
30016,0.016001,172.31.47.0-255,66,79422,82,217659
30017,0.018308,74.125.68.0-255,5738,85160,82,217659
30018,0.018321,172.31.47.0-255,66,85226,82,217659
30019,0.020634,74.125.68.0-255,5738,90964,82,217659
30020,0.020651,172.31.47.0-255,66,91030,82,217659
30021,0.022992,74.125.68.0-255,5738,96768,82,217659
30022,0.023003,172.31.47.0-255,66,96834,82,217659
30023,0.024455,172.31.47.0-255,172,97006,82,217659
30024,0.024484,172.31.47.0-255,1111,98117,82,217659
30025,0.024537,172.31.47.0-255,1514,99631,82,217659
30026,0.024539,172.31.47.0-255,1288,100919,82,217659
30027,0.025313,74.125.68.0-255,5738,106657,82,217659
30028,0.025321,172.31.47.0-255,66,106723,82,217659
30029,0.026029,104.244.42.0-255,66,106789,82,217659
30030,0.026058,104.244.42.0-255,66,106855,82,217659
30031,0.026113,104.244.42.0-255,66,106921,82,217659
30032,0.027633,74.125.68.0-255,5738,112659,82,217659
30033,0.027638,172.31.47.0-255,66,112725,82,217659
30034,0.029944,74.125.68.0-255,5738,118463,82,217659
30035,0.02995,172.31.47.0-255,66,118529,82,217659
30036,0.03226,74.125.68.0-255,5738,124267,82,217659
30037,0.032268,172.31.47.0-255,66,124333,82,217659
30038,0.034579,74.125.68.0-255,5738,130071,82,217659
30039,0.034586,172.31.47.0-255,66,130137,82,217659
30040,0.036875,74.125.68.0-255,5738,135875,82,217659
30041,0.036881,172.31.47.0-255,66,135941,82,217659
30042,0.039177,74.125.68.0-255,5738,141679,82,217659
30043,0.039183,172.31.47.0-255,66,141745,82,217659
30044,0.041486,74.125.68.0-255,5738,147483,82,217659
30045,0.041495,172.31.47.0-255,66,147549,82,217659
30046,0.043786,74.125.68.0-255,5738,153287,82,217659
30047,0.043792,172.31.47.0-255,66,153353,82,217659
30048,0.046098,74.125.68.0-255,5738,159091,82,217659
30049,0.046106,172.31.47.0-255,66,159157,82,217659
30050,0.048403,74.125.68.0-255,5738,164895,82,217659
30051,0.048412,172.31.47.0-255,66,164961,82,217659
30052,0.05072,74.125.68.0-255,5738,170699,82,217659
30053,0.050726,172.31.47.0-255,66,170765,82,217659
30054,0.053028,74.125.68.0-255,5738,176503,82,217659
30055,0.053034,172.31.47.0-255,66,176569,82,217659
30056,0.055356,74.125.68.0-255,5738,182307,82,217659
30057,0.055363,172.31.47.0-255,66,182373,82,217659
30058,0.057671,74.125.68.0-255,5738,188111,82,217659
30059,0.057678,172.31.47.0-255,66,188177,82,217659
30060,0.059982,74.125.68.0-255,5738,193915,82,217659
30061,0.059988,172.31.47.0-255,66,193981,82,217659
30062,0.062309,74.125.68.0-255,5738,199719,82,217659
30063,0.06233,172.31.47.0-255,66,199785,82,217659
30064,0.064633,74.125.68.0-255,2902,202687,82,217659
30065,0.064637,172.31.47.0-255,66,202753,82,217659
30066,0.064664,74.125.68.0-255,2902,205655,82,217659
30067,0.064691,172.31.47.0-255,66,205721,82,217659
30068,0.066915,74.125.68.0-255,2902,208623,82,217659
30069,0.066919,172.31.47.0-255,66,208689,82,217659
30070,0.066969,74.125.68.0-255,2902,211591,82,217659
30071,0.066981,172.31.47.0-255,66,211657,82,217659
30072,0.069209,74.125.68.0-255,2902,214559,82,217659
30073,0.069215,172.31.47.0-255,66,214625,82,217659
30074,0.069245,74.125.68.0-255,1484,216109,82,217659
30075,0.069263,74.125.68.0-255,1484,217593,82,217659
30076,0.069298,172.31.47.0-255,66,217659,82,217659
30077,0.0,172.31.47.0-255,105,105,82,92363
30078,0.001758,157.240.13.0-255,105,210,82,92363
30079,0.04113,172.31.47.0-255,66,276,82,92363
30080,0.065707,172.217.194.0-255,297,573,82,92363
30081,0.065734,172.31.47.0-255,66,639,82,92363
30082,0.06574,172.217.194.0-255,1484,2123,82,92363
30083,0.065744,172.31.47.0-255,66,2189,82,92363
30084,0.065749,172.217.194.0-255,4320,6509,82,92363
30085,0.065751,172.31.47.0-255,66,6575,82,92363
30086,0.065773,172.217.194.0-255,9102,15677,82,92363
30087,0.065776,172.31.47.0-255,66,15743,82,92363
30088,0.065811,172.31.47.0-255,66,15809,82,92363
30089,0.065843,172.217.194.0-255,2902,18711,82,92363
30090,0.065846,172.31.47.0-255,66,18777,82,92363
30091,0.065888,172.31.47.0-255,66,18843,82,92363
30092,0.065892,172.217.194.0-255,2902,21745,82,92363
30093,0.065894,172.31.47.0-255,66,21811,82,92363
30094,0.065915,172.217.194.0-255,7048,28859,82,92363
30095,0.065917,172.31.47.0-255,66,28925,82,92363
30096,0.06592,172.217.194.0-255,121,29046,82,92363
30097,0.065922,172.31.47.0-255,66,29112,82,92363
30098,0.066122,172.217.194.0-255,1484,30596,82,92363
30099,0.066126,172.31.47.0-255,66,30662,82,92363
30100,0.066131,172.217.194.0-255,2902,33564,82,92363
30101,0.066133,172.31.47.0-255,66,33630,82,92363
30102,0.066146,172.217.194.0-255,4320,37950,82,92363
30103,0.066148,172.31.47.0-255,66,38016,82,92363
30104,0.066163,172.217.194.0-255,1484,39500,82,92363
30105,0.066165,172.31.47.0-255,66,39566,82,92363
30106,0.06617,172.217.194.0-255,4320,43886,82,92363
30107,0.066172,172.31.47.0-255,66,43952,82,92363
30108,0.0662,172.217.194.0-255,8574,52526,82,92363
30109,0.066203,172.31.47.0-255,66,52592,82,92363
30110,0.066211,172.217.194.0-255,8574,61166,82,92363
30111,0.066214,172.31.47.0-255,66,61232,82,92363
30112,0.066235,172.217.194.0-255,2499,63731,82,92363
30113,0.066238,172.31.47.0-255,66,63797,82,92363
30114,0.066428,172.217.194.0-255,1484,65281,82,92363
30115,0.066445,172.217.194.0-255,2902,68183,82,92363
30116,0.066448,172.31.47.0-255,66,68249,82,92363
30117,0.066468,172.217.194.0-255,5738,73987,82,92363
30118,0.066471,172.31.47.0-255,66,74053,82,92363
30119,0.066493,172.217.194.0-255,1484,75537,82,92363
30120,0.066517,172.31.47.0-255,66,75603,82,92363
30121,0.066523,172.217.194.0-255,7156,82759,82,92363
30122,0.066525,172.31.47.0-255,66,82825,82,92363
30123,0.066561,172.217.194.0-255,3602,86427,82,92363
30124,0.066564,172.31.47.0-255,66,86493,82,92363
30125,0.068445,172.217.194.0-255,1484,87977,82,92363
30126,0.068489,172.217.194.0-255,4320,92297,82,92363
30127,0.068493,172.31.47.0-255,66,92363,82,92363
30128,0.0,74.125.24.0-255,153,153,82,365489
30129,3e-05,172.31.47.0-255,66,219,82,365489
30130,3.7e-05,74.125.24.0-255,1484,1703,82,365489
30131,4.1e-05,172.31.47.0-255,66,1769,82,365489
30132,4.5e-05,74.125.24.0-255,2902,4671,82,365489
30133,4.8e-05,172.31.47.0-255,66,4737,82,365489
30134,7.8e-05,74.125.24.0-255,7156,11893,82,365489
30135,8.1e-05,172.31.47.0-255,66,11959,82,365489
30136,8.4e-05,74.125.24.0-255,2902,14861,82,365489
30137,8.6e-05,172.31.47.0-255,66,14927,82,365489
30138,0.000107,74.125.24.0-255,10571,25498,82,365489
30139,0.000109,172.31.47.0-255,66,25564,82,365489
30140,0.000133,74.125.24.0-255,5379,30943,82,365489
30141,0.000136,172.31.47.0-255,66,31009,82,365489
30142,0.000211,74.125.24.0-255,1484,32493,82,365489
30143,0.000214,172.31.47.0-255,66,32559,82,365489
30144,0.000219,74.125.24.0-255,2902,35461,82,365489
30145,0.000221,172.31.47.0-255,66,35527,82,365489
30146,0.000225,74.125.24.0-255,2902,38429,82,365489
30147,0.000228,172.31.47.0-255,66,38495,82,365489
30148,0.000244,74.125.24.0-255,2902,41397,82,365489
30149,0.000246,172.31.47.0-255,66,41463,82,365489
30150,0.000254,74.125.24.0-255,6797,48260,82,365489
30151,0.000256,172.31.47.0-255,66,48326,82,365489
30152,0.00028,74.125.24.0-255,7156,55482,82,365489
30153,0.000283,172.31.47.0-255,66,55548,82,365489
30154,0.000299,74.125.24.0-255,7156,62704,82,365489
30155,0.000301,172.31.47.0-255,66,62770,82,365489
30156,0.000305,74.125.24.0-255,2852,65622,82,365489
30157,0.000307,172.31.47.0-255,66,65688,82,365489
30158,0.000319,74.125.24.0-255,113,65801,82,365489
30159,0.000321,172.31.47.0-255,66,65867,82,365489
30160,0.000355,74.125.24.0-255,330,66197,82,365489
30161,0.000471,74.125.24.0-255,1484,67681,82,365489
30162,0.000474,172.31.47.0-255,66,67747,82,365489
30163,0.00048,74.125.24.0-255,2902,70649,82,365489
30164,0.000482,172.31.47.0-255,66,70715,82,365489
30165,0.000496,74.125.24.0-255,5738,76453,82,365489
30166,0.000498,172.31.47.0-255,66,76519,82,365489
30167,0.000547,74.125.24.0-255,8574,85093,82,365489
30168,0.000551,172.31.47.0-255,66,85159,82,365489
30169,0.000568,74.125.24.0-255,2543,87702,82,365489
30170,0.000571,172.31.47.0-255,66,87768,82,365489
30171,0.000581,172.31.47.0-255,66,87834,82,365489
30172,0.000584,74.125.24.0-255,1125,88959,82,365489
30173,0.000945,172.31.47.0-255,66,89025,82,365489
30174,0.001104,74.125.24.0-255,1484,90509,82,365489
30175,0.001112,74.125.24.0-255,2902,93411,82,365489
30176,0.001115,172.31.47.0-255,66,93477,82,365489
30177,0.001122,74.125.24.0-255,5738,99215,82,365489
30178,0.001124,172.31.47.0-255,66,99281,82,365489
30179,0.00117,172.31.47.0-255,66,99347,82,365489
30180,0.001177,74.125.24.0-255,8574,107921,82,365489
30181,0.001179,172.31.47.0-255,66,107987,82,365489
30182,0.00121,74.125.24.0-255,2184,110171,82,365489
30183,0.001213,172.31.47.0-255,66,110237,82,365489
30184,0.001245,74.125.24.0-255,2902,113139,82,365489
30185,0.001248,172.31.47.0-255,66,113205,82,365489
30186,0.001254,74.125.24.0-255,2902,116107,82,365489
30187,0.001255,172.31.47.0-255,66,116173,82,365489
30188,0.001276,74.125.24.0-255,7156,123329,82,365489
30189,0.001278,172.31.47.0-255,66,123395,82,365489
30190,0.001298,74.125.24.0-255,5738,129133,82,365489
30191,0.001299,172.31.47.0-255,66,129199,82,365489
30192,0.001322,74.125.24.0-255,9992,139191,82,365489
30193,0.001324,172.31.47.0-255,66,139257,82,365489
30194,0.001329,74.125.24.0-255,5020,144277,82,365489
30195,0.001331,172.31.47.0-255,66,144343,82,365489
30196,0.001384,74.125.24.0-255,9992,154335,82,365489
30197,0.001387,172.31.47.0-255,66,154401,82,365489
30198,0.001397,74.125.24.0-255,9992,164393,82,365489
30199,0.001399,172.31.47.0-255,66,164459,82,365489
30200,0.001413,74.125.24.0-255,1484,165943,82,365489
30201,0.001418,74.125.24.0-255,5738,171681,82,365489
30202,0.001421,172.31.47.0-255,66,171747,82,365489
30203,0.001445,74.125.24.0-255,6438,178185,82,365489
30204,0.001447,172.31.47.0-255,66,178251,82,365489
30205,0.00146,74.125.24.0-255,2902,181153,82,365489
30206,0.001462,172.31.47.0-255,66,181219,82,365489
30207,0.001467,74.125.24.0-255,4320,185539,82,365489
30208,0.001469,172.31.47.0-255,66,185605,82,365489
30209,0.001499,74.125.24.0-255,8574,194179,82,365489
30210,0.001502,172.31.47.0-255,66,194245,82,365489
30211,0.001518,74.125.24.0-255,2902,197147,82,365489
30212,0.00152,172.31.47.0-255,66,197213,82,365489
30213,0.001558,172.31.47.0-255,66,197279,82,365489
30214,0.001561,74.125.24.0-255,1484,198763,82,365489
30215,0.001568,74.125.24.0-255,2902,201665,82,365489
30216,0.00157,172.31.47.0-255,66,201731,82,365489
30217,0.00159,74.125.24.0-255,5738,207469,82,365489
30218,0.001592,172.31.47.0-255,66,207535,82,365489
30219,0.001613,74.125.24.0-255,8574,216109,82,365489
30220,0.001616,172.31.47.0-255,66,216175,82,365489
30221,0.001631,74.125.24.0-255,4320,220495,82,365489
30222,0.001633,172.31.47.0-255,66,220561,82,365489
30223,0.001639,74.125.24.0-255,7156,227717,82,365489
30224,0.001641,172.31.47.0-255,66,227783,82,365489
30225,0.001672,74.125.24.0-255,3602,231385,82,365489
30226,0.001674,172.31.47.0-255,66,231451,82,365489
30227,0.001726,74.125.24.0-255,1484,232935,82,365489
30228,0.001729,74.125.24.0-255,2902,235837,82,365489
30229,0.001731,172.31.47.0-255,66,235903,82,365489
30230,0.001752,74.125.24.0-255,5738,241641,82,365489
30231,0.001753,172.31.47.0-255,66,241707,82,365489
30232,0.00177,74.125.24.0-255,7156,248863,82,365489
30233,0.001772,172.31.47.0-255,66,248929,82,365489
30234,0.001784,74.125.24.0-255,1484,250413,82,365489
30235,0.001814,74.125.24.0-255,9992,260405,82,365489
30236,0.001816,172.31.47.0-255,66,260471,82,365489
30237,0.001821,74.125.24.0-255,5020,265491,82,365489
30238,0.001823,172.31.47.0-255,66,265557,82,365489
30239,0.001897,74.125.24.0-255,1484,267041,82,365489
30240,0.001906,74.125.24.0-255,2902,269943,82,365489
30241,0.001908,172.31.47.0-255,66,270009,82,365489
30242,0.001928,74.125.24.0-255,5738,275747,82,365489
30243,0.00193,172.31.47.0-255,66,275813,82,365489
30244,0.001934,74.125.24.0-255,2902,278715,82,365489
30245,0.001935,172.31.47.0-255,66,278781,82,365489
30246,0.001952,74.125.24.0-255,7156,285937,82,365489
30247,0.001953,172.31.47.0-255,66,286003,82,365489
30248,0.00198,74.125.24.0-255,2902,288905,82,365489
30249,0.001982,172.31.47.0-255,66,288971,82,365489
30250,0.002006,74.125.24.0-255,10692,299663,82,365489
30251,0.002008,172.31.47.0-255,66,299729,82,365489
30252,0.00202,74.125.24.0-255,2902,302631,82,365489
30253,0.002022,172.31.47.0-255,66,302697,82,365489
30254,0.002041,74.125.24.0-255,2902,305599,82,365489
30255,0.002043,172.31.47.0-255,66,305665,82,365489
30256,0.002047,74.125.24.0-255,4320,309985,82,365489
30257,0.002049,172.31.47.0-255,66,310051,82,365489
30258,0.002061,74.125.24.0-255,2902,312953,82,365489
30259,0.002062,172.31.47.0-255,66,313019,82,365489
30260,0.002077,74.125.24.0-255,7156,320175,82,365489
30261,0.002078,172.31.47.0-255,66,320241,82,365489
30262,0.002091,74.125.24.0-255,5738,325979,82,365489
30263,0.002093,172.31.47.0-255,66,326045,82,365489
30264,0.002106,74.125.24.0-255,2902,328947,82,365489
30265,0.002107,172.31.47.0-255,66,329013,82,365489
30266,0.002125,74.125.24.0-255,10692,339705,82,365489
30267,0.002127,172.31.47.0-255,66,339771,82,365489
30268,0.002131,74.125.24.0-255,4320,344091,82,365489
30269,0.002133,172.31.47.0-255,66,344157,82,365489
30270,0.002166,172.31.47.0-255,66,344223,82,365489
30271,0.002189,74.125.24.0-255,5738,349961,82,365489
30272,0.002191,172.31.47.0-255,66,350027,82,365489
30273,0.002215,74.125.24.0-255,9973,360000,82,365489
30274,0.002217,172.31.47.0-255,66,360066,82,365489
30275,0.00222,74.125.24.0-255,105,360171,82,365489
30276,0.006363,172.31.47.0-255,66,360237,82,365489
30277,0.006387,172.31.47.0-255,105,360342,82,365489
30278,0.008872,74.125.24.0-255,66,360408,82,365489
30279,0.037672,172.31.47.0-255,176,360584,82,365489
30280,0.037702,172.31.47.0-255,1107,361691,82,365489
30281,0.037733,172.31.47.0-255,1514,363205,82,365489
30282,0.037735,172.31.47.0-255,1514,364719,82,365489
30283,0.037736,172.31.47.0-255,332,365051,82,365489
30284,0.039151,104.244.42.0-255,66,365117,82,365489
30285,0.039179,104.244.42.0-255,66,365183,82,365489
30286,0.039222,104.244.42.0-255,66,365249,82,365489
30287,0.039232,104.244.42.0-255,66,365315,82,365489
30288,0.039934,104.244.42.0-255,108,365423,82,365489
30289,0.039939,172.31.47.0-255,66,365489,82,365489
30290,0.0,172.217.194.0-255,153,153,82,298458
30291,3.6e-05,172.31.47.0-255,66,219,82,298458
30292,4.3e-05,172.217.194.0-255,1484,1703,82,298458
30293,4.6e-05,172.31.47.0-255,66,1769,82,298458
30294,5.1e-05,172.217.194.0-255,2902,4671,82,298458
30295,5.4e-05,172.31.47.0-255,66,4737,82,298458
30296,6.8e-05,172.217.194.0-255,7156,11893,82,298458
30297,7.1e-05,172.31.47.0-255,66,11959,82,298458
30298,7.5e-05,172.217.194.0-255,2011,13970,82,298458
30299,7.7e-05,172.31.47.0-255,66,14036,82,298458
30300,0.000221,172.217.194.0-255,1484,15520,82,298458
30301,0.000226,172.31.47.0-255,66,15586,82,298458
30302,0.000232,172.217.194.0-255,2902,18488,82,298458
30303,0.000234,172.31.47.0-255,66,18554,82,298458
30304,0.000238,172.217.194.0-255,2902,21456,82,298458
30305,0.000246,172.31.47.0-255,66,21522,82,298458
30306,0.000276,172.217.194.0-255,2902,24424,82,298458
30307,0.000284,172.31.47.0-255,66,24490,82,298458
30308,0.000309,172.217.194.0-255,6797,31287,82,298458
30309,0.000313,172.31.47.0-255,66,31353,82,298458
30310,0.00034,172.217.194.0-255,1484,32837,82,298458
30311,0.000344,172.31.47.0-255,66,32903,82,298458
30312,0.000353,172.217.194.0-255,2902,35805,82,298458
30313,0.000356,172.31.47.0-255,66,35871,82,298458
30314,0.000362,172.217.194.0-255,5738,41609,82,298458
30315,0.000365,172.31.47.0-255,66,41675,82,298458
30316,0.000368,172.217.194.0-255,1484,43159,82,298458
30317,0.00037,172.31.47.0-255,66,43225,82,298458
30318,0.000423,172.217.194.0-255,2902,46127,82,298458
30319,0.000428,172.31.47.0-255,66,46193,82,298458
30320,0.000444,172.217.194.0-255,2543,48736,82,298458
30321,0.000447,172.31.47.0-255,66,48802,82,298458
30322,0.000917,172.217.194.0-255,1484,50286,82,298458
30323,0.000927,172.217.194.0-255,2902,53188,82,298458
30324,0.000932,172.31.47.0-255,66,53254,82,298458
30325,0.000957,172.217.194.0-255,5738,58992,82,298458
30326,0.00096,172.31.47.0-255,66,59058,82,298458
30327,0.000985,172.217.194.0-255,6797,65855,82,298458
30328,0.000988,172.31.47.0-255,66,65921,82,298458
30329,0.001428,172.217.194.0-255,1484,67405,82,298458
30330,0.001443,172.217.194.0-255,2902,70307,82,298458
30331,0.001447,172.31.47.0-255,66,70373,82,298458
30332,0.001454,172.217.194.0-255,5738,76111,82,298458
30333,0.001455,172.31.47.0-255,66,76177,82,298458
30334,0.001494,172.31.47.0-255,66,76243,82,298458
30335,0.00152,172.217.194.0-255,1484,77727,82,298458
30336,0.00153,172.217.194.0-255,10692,88419,82,298458
30337,0.001533,172.31.47.0-255,66,88485,82,298458
30338,0.001582,172.217.194.0-255,4320,92805,82,298458
30339,0.001584,172.31.47.0-255,66,92871,82,298458
30340,0.00159,172.217.194.0-255,5738,98609,82,298458
30341,0.001592,172.31.47.0-255,66,98675,82,298458
30342,0.001603,172.31.47.0-255,66,98741,82,298458
30343,0.00162,172.31.47.0-255,66,98807,82,298458
30344,0.001655,172.217.194.0-255,4320,103127,82,298458
30345,0.001658,172.31.47.0-255,66,103193,82,298458
30346,0.001679,172.217.194.0-255,8574,111767,82,298458
30347,0.001682,172.31.47.0-255,66,111833,82,298458
30348,0.00171,172.217.194.0-255,3961,115794,82,298458
30349,0.001712,172.31.47.0-255,66,115860,82,298458
30350,0.002067,172.217.194.0-255,1484,117344,82,298458
30351,0.002072,172.217.194.0-255,2902,120246,82,298458
30352,0.002075,172.31.47.0-255,66,120312,82,298458
30353,0.002094,172.217.194.0-255,5738,126050,82,298458
30354,0.002097,172.31.47.0-255,66,126116,82,298458
30355,0.002118,172.217.194.0-255,1484,127600,82,298458
30356,0.002139,172.31.47.0-255,66,127666,82,298458
30357,0.00217,172.217.194.0-255,10692,138358,82,298458
30358,0.002173,172.31.47.0-255,66,138424,82,298458
30359,0.004491,172.217.194.0-255,5738,144162,82,298458
30360,0.004496,172.31.47.0-255,66,144228,82,298458
30361,0.006946,172.217.194.0-255,4320,148548,82,298458
30362,0.006951,172.31.47.0-255,66,148614,82,298458
30363,0.006991,172.217.194.0-255,1484,150098,82,298458
30364,0.009281,172.217.194.0-255,4320,154418,82,298458
30365,0.009288,172.31.47.0-255,66,154484,82,298458
30366,0.011633,172.217.194.0-255,5738,160222,82,298458
30367,0.01164,172.31.47.0-255,66,160288,82,298458
30368,0.01396,172.217.194.0-255,5738,166026,82,298458
30369,0.013969,172.31.47.0-255,66,166092,82,298458
30370,0.016323,172.217.194.0-255,5738,171830,82,298458
30371,0.016333,172.31.47.0-255,66,171896,82,298458
30372,0.01867,172.217.194.0-255,5738,177634,82,298458
30373,0.018679,172.31.47.0-255,66,177700,82,298458
30374,0.021018,172.217.194.0-255,5738,183438,82,298458
30375,0.021025,172.31.47.0-255,66,183504,82,298458
30376,0.023363,172.217.194.0-255,5738,189242,82,298458
30377,0.023371,172.31.47.0-255,66,189308,82,298458
30378,0.025695,172.217.194.0-255,5738,195046,82,298458
30379,0.025704,172.31.47.0-255,66,195112,82,298458
30380,0.026532,172.31.47.0-255,171,195283,82,298458
30381,0.026559,172.31.47.0-255,1137,196420,82,298458
30382,0.026589,172.31.47.0-255,1514,197934,82,298458
30383,0.026591,172.31.47.0-255,1262,199196,82,298458
30384,0.028027,172.217.194.0-255,5738,204934,82,298458
30385,0.028032,172.31.47.0-255,66,205000,82,298458
30386,0.02809,104.244.42.0-255,66,205066,82,298458
30387,0.028117,104.244.42.0-255,66,205132,82,298458
30388,0.028122,104.244.42.0-255,66,205198,82,298458
30389,0.030373,172.217.194.0-255,5738,210936,82,298458
30390,0.030379,172.31.47.0-255,66,211002,82,298458
30391,0.032694,172.217.194.0-255,5738,216740,82,298458
30392,0.0327,172.31.47.0-255,66,216806,82,298458
30393,0.035055,172.217.194.0-255,5738,222544,82,298458
30394,0.03506,172.31.47.0-255,66,222610,82,298458
30395,0.037387,172.217.194.0-255,4320,226930,82,298458
30396,0.037393,172.31.47.0-255,66,226996,82,298458
30397,0.037425,172.217.194.0-255,1484,228480,82,298458
30398,0.03972,172.217.194.0-255,4320,232800,82,298458
30399,0.039725,172.31.47.0-255,66,232866,82,298458
30400,0.042033,172.217.194.0-255,5738,238604,82,298458
30401,0.042038,172.31.47.0-255,66,238670,82,298458
30402,0.044379,172.217.194.0-255,5738,244408,82,298458
30403,0.044388,172.31.47.0-255,66,244474,82,298458
30404,0.046737,172.217.194.0-255,5738,250212,82,298458
30405,0.046743,172.31.47.0-255,66,250278,82,298458
30406,0.049089,172.217.194.0-255,5738,256016,82,298458
30407,0.049098,172.31.47.0-255,66,256082,82,298458
30408,0.051454,172.217.194.0-255,4320,260402,82,298458
30409,0.051461,172.31.47.0-255,66,260468,82,298458
30410,0.051497,172.217.194.0-255,1484,261952,82,298458
30411,0.053777,172.217.194.0-255,4320,266272,82,298458
30412,0.053783,172.31.47.0-255,66,266338,82,298458
30413,0.056118,172.217.194.0-255,5738,272076,82,298458
30414,0.056124,172.31.47.0-255,66,272142,82,298458
30415,0.058423,172.217.194.0-255,4320,276462,82,298458
30416,0.058429,172.31.47.0-255,66,276528,82,298458
30417,0.058459,172.217.194.0-255,1484,278012,82,298458
30418,0.060747,172.217.194.0-255,4320,282332,82,298458
30419,0.060752,172.31.47.0-255,66,282398,82,298458
30420,0.063094,172.217.194.0-255,4320,286718,82,298458
30421,0.063099,172.31.47.0-255,66,286784,82,298458
30422,0.06313,172.217.194.0-255,1484,288268,82,298458
30423,0.065451,172.217.194.0-255,4320,292588,82,298458
30424,0.065456,172.31.47.0-255,66,292654,82,298458
30425,0.067779,172.217.194.0-255,5738,298392,82,298458
30426,0.067784,172.31.47.0-255,66,298458,82,298458
30427,0.0,172.217.194.0-255,153,153,82,333930
30428,3.2e-05,172.31.47.0-255,66,219,82,333930
30429,3.9e-05,172.217.194.0-255,1484,1703,82,333930
30430,4.3e-05,172.31.47.0-255,66,1769,82,333930
30431,4.8e-05,172.217.194.0-255,2902,4671,82,333930
30432,5e-05,172.31.47.0-255,66,4737,82,333930
30433,6.5e-05,172.217.194.0-255,7156,11893,82,333930
30434,6.7e-05,172.31.47.0-255,66,11959,82,333930
30435,0.00011,172.217.194.0-255,2040,13999,82,333930
30436,0.000112,172.31.47.0-255,66,14065,82,333930
30437,0.000239,172.217.194.0-255,1484,15549,82,333930
30438,0.000243,172.31.47.0-255,66,15615,82,333930
30439,0.000248,172.217.194.0-255,2902,18517,82,333930
30440,0.00025,172.31.47.0-255,66,18583,82,333930
30441,0.000261,172.217.194.0-255,5738,24321,82,333930
30442,0.000263,172.31.47.0-255,66,24387,82,333930
30443,0.0003,172.31.47.0-255,66,24453,82,333930
30444,0.000303,172.217.194.0-255,1484,25937,82,333930
30445,0.000305,172.31.47.0-255,66,26003,82,333930
30446,0.000336,172.217.194.0-255,8574,34577,82,333930
30447,0.00034,172.31.47.0-255,66,34643,82,333930
30448,0.000353,172.217.194.0-255,4320,38963,82,333930
30449,0.00036,172.31.47.0-255,66,39029,82,333930
30450,0.000392,172.31.47.0-255,66,39095,82,333930
30451,0.000394,172.217.194.0-255,364,39459,82,333930
30452,0.000396,172.31.47.0-255,66,39525,82,333930
30453,0.000495,172.217.194.0-255,1484,41009,82,333930
30454,0.000498,172.31.47.0-255,66,41075,82,333930
30455,0.000503,172.217.194.0-255,2902,43977,82,333930
30456,0.000505,172.31.47.0-255,66,44043,82,333930
30457,0.000508,172.217.194.0-255,2902,46945,82,333930
30458,0.000519,172.31.47.0-255,66,47011,82,333930
30459,0.000534,172.217.194.0-255,2902,49913,82,333930
30460,0.000541,172.31.47.0-255,66,49979,82,333930
30461,0.000542,172.217.194.0-255,8574,58553,82,333930
30462,0.000545,172.31.47.0-255,66,58619,82,333930
30463,0.000554,172.217.194.0-255,4320,62939,82,333930
30464,0.000558,172.217.194.0-255,4320,67259,82,333930
30465,0.000559,172.31.47.0-255,66,67325,82,333930
30466,0.000572,172.31.47.0-255,66,67391,82,333930
30467,0.000587,172.217.194.0-255,6438,73829,82,333930
30468,0.000595,172.31.47.0-255,66,73895,82,333930
30469,0.001354,172.217.194.0-255,1484,75379,82,333930
30470,0.001364,172.217.194.0-255,2902,78281,82,333930
30471,0.001368,172.31.47.0-255,66,78347,82,333930
30472,0.001373,172.217.194.0-255,4320,82667,82,333930
30473,0.001394,172.217.194.0-255,1484,84151,82,333930
30474,0.001432,172.217.194.0-255,10692,94843,82,333930
30475,0.001555,172.217.194.0-255,1484,96327,82,333930
30476,0.001571,172.217.194.0-255,2902,99229,82,333930
30477,0.001581,172.217.194.0-255,1484,100713,82,333930
30478,0.001595,172.217.194.0-255,4320,105033,82,333930
30479,0.001611,172.217.194.0-255,2902,107935,82,333930
30480,0.001636,172.217.194.0-255,9992,117927,82,333930
30481,0.001644,172.217.194.0-255,10692,128619,82,333930
30482,0.001669,172.217.194.0-255,1484,130103,82,333930
30483,0.001683,172.217.194.0-255,9992,140095,82,333930
30484,0.001739,172.217.194.0-255,9274,149369,82,333930
30485,0.001762,172.217.194.0-255,2902,152271,82,333930
30486,0.00179,172.217.194.0-255,7156,159427,82,333930
30487,0.001795,172.217.194.0-255,5738,165165,82,333930
30488,0.001809,172.217.194.0-255,4320,169485,82,333930
30489,0.001834,172.217.194.0-255,766,170251,82,333930
30490,0.001895,172.217.194.0-255,1484,171735,82,333930
30491,0.001913,172.217.194.0-255,2902,174637,82,333930
30492,0.001934,172.217.194.0-255,5738,180375,82,333930
30493,0.001936,172.217.194.0-255,1484,181859,82,333930
30494,0.001951,172.217.194.0-255,2902,184761,82,333930
30495,0.001963,172.217.194.0-255,1484,186245,82,333930
30496,0.001976,172.217.194.0-255,2902,189147,82,333930
30497,0.001993,172.217.194.0-255,5738,194885,82,333930
30498,0.002004,172.217.194.0-255,1484,196369,82,333930
30499,0.002015,172.217.194.0-255,2902,199271,82,333930
30500,0.002028,172.217.194.0-255,5020,204291,82,333930
30501,0.002053,172.217.194.0-255,4320,208611,82,333930
30502,0.002069,172.217.194.0-255,4320,212931,82,333930
30503,0.002076,172.217.194.0-255,9992,222923,82,333930
30504,0.002094,172.217.194.0-255,7156,230079,82,333930
30505,0.002104,172.217.194.0-255,2902,232981,82,333930
30506,0.002113,172.217.194.0-255,2902,235883,82,333930
30507,0.002125,172.217.194.0-255,2184,238067,82,333930
30508,0.002163,172.217.194.0-255,1484,239551,82,333930
30509,0.002177,172.217.194.0-255,2902,242453,82,333930
30510,0.002205,172.217.194.0-255,5738,248191,82,333930
30511,0.002271,172.217.194.0-255,1484,249675,82,333930
30512,0.002288,172.217.194.0-255,5738,255413,82,333930
30513,0.002298,172.217.194.0-255,1484,256897,82,333930
30514,0.00231,172.217.194.0-255,5738,262635,82,333930
30515,0.002326,172.217.194.0-255,7156,269791,82,333930
30516,0.002341,172.217.194.0-255,6438,276229,82,333930
30517,0.002347,172.217.194.0-255,5738,281967,82,333930
30518,0.002364,172.217.194.0-255,8574,290541,82,333930
30519,0.006126,172.31.47.0-255,66,290607,82,333930
30520,0.007176,172.31.47.0-255,101,290708,82,333930
30521,0.00845,172.217.194.0-255,5738,296446,82,333930
30522,0.008457,172.31.47.0-255,66,296512,82,333930
30523,0.009415,172.217.194.0-255,66,296578,82,333930
30524,0.010769,172.217.194.0-255,5738,302316,82,333930
30525,0.010775,172.31.47.0-255,66,302382,82,333930
30526,0.013062,172.217.194.0-255,5738,308120,82,333930
30527,0.014933,172.31.47.0-255,66,308186,82,333930
30528,0.01722,172.217.194.0-255,5738,313924,82,333930
30529,0.017229,172.31.47.0-255,66,313990,82,333930
30530,0.019542,172.217.194.0-255,5738,319728,82,333930
30531,0.019548,172.31.47.0-255,66,319794,82,333930
30532,0.021827,172.217.194.0-255,5738,325532,82,333930
30533,0.021833,172.31.47.0-255,66,325598,82,333930
30534,0.024159,172.217.194.0-255,3812,329410,82,333930
30535,0.024165,172.31.47.0-255,66,329476,82,333930
30536,0.024327,172.31.47.0-255,105,329581,82,333930
30537,0.02632,172.31.47.0-255,172,329753,82,333930
30538,0.026347,172.31.47.0-255,1107,330860,82,333930
30539,0.026371,172.31.47.0-255,1514,332374,82,333930
30540,0.02639,172.31.47.0-255,1292,333666,82,333930
30541,0.027895,104.244.42.0-255,66,333732,82,333930
30542,0.027903,104.244.42.0-255,66,333798,82,333930
30543,0.02794,104.244.42.0-255,66,333864,82,333930
30544,0.030474,172.217.194.0-255,66,333930,82,333930
30545,0.0,172.31.47.0-255,178,178,82,244
30546,0.007076,172.217.194.0-255,66,244,82,244
30547,0.0,74.125.24.0-255,153,153,82,330188
30548,3.1e-05,172.31.47.0-255,66,219,82,330188
30549,3.7e-05,74.125.24.0-255,1484,1703,82,330188
30550,4.1e-05,172.31.47.0-255,66,1769,82,330188
30551,5.1e-05,74.125.24.0-255,2902,4671,82,330188
30552,5.4e-05,172.31.47.0-255,66,4737,82,330188
30553,5.9e-05,74.125.24.0-255,5738,10475,82,330188
30554,6.2e-05,172.31.47.0-255,66,10541,82,330188
30555,9.9e-05,74.125.24.0-255,4320,14861,82,330188
30556,0.000101,172.31.47.0-255,66,14927,82,330188
30557,0.000137,74.125.24.0-255,7854,22781,82,330188
30558,0.00014,172.31.47.0-255,66,22847,82,330188
30559,0.000143,74.125.24.0-255,1484,24331,82,330188
30560,0.000144,172.31.47.0-255,66,24397,82,330188
30561,0.000177,74.125.24.0-255,6797,31194,82,330188
30562,0.000179,172.31.47.0-255,66,31260,82,330188
30563,0.000293,74.125.24.0-255,1484,32744,82,330188
30564,0.000296,172.31.47.0-255,66,32810,82,330188
30565,0.000301,74.125.24.0-255,2902,35712,82,330188
30566,0.000303,172.31.47.0-255,66,35778,82,330188
30567,0.000327,74.125.24.0-255,5738,41516,82,330188
30568,0.000334,172.31.47.0-255,66,41582,82,330188
30569,0.000358,74.125.24.0-255,8574,50156,82,330188
30570,0.000361,172.31.47.0-255,66,50222,82,330188
30571,0.000388,74.125.24.0-255,4320,54542,82,330188
30572,0.000391,172.31.47.0-255,66,54608,82,330188
30573,0.000399,74.125.24.0-255,9992,64600,82,330188
30574,0.000401,172.31.47.0-255,66,64666,82,330188
30575,0.000403,74.125.24.0-255,1099,65765,82,330188
30576,0.000405,172.31.47.0-255,66,65831,82,330188
30577,0.000465,74.125.24.0-255,107,65938,82,330188
30578,0.00047,172.31.47.0-255,66,66004,82,330188
30579,0.000809,74.125.24.0-255,1484,67488,82,330188
30580,0.000816,74.125.24.0-255,1484,68972,82,330188
30581,0.000819,172.31.47.0-255,66,69038,82,330188
30582,0.000841,74.125.24.0-255,1484,70522,82,330188
30583,0.000848,74.125.24.0-255,4320,74842,82,330188
30584,0.00085,172.31.47.0-255,66,74908,82,330188
30585,0.000882,74.125.24.0-255,1484,76392,82,330188
30586,0.000895,172.31.47.0-255,66,76458,82,330188
30587,0.000902,74.125.24.0-255,8574,85032,82,330188
30588,0.000904,172.31.47.0-255,66,85098,82,330188
30589,0.000952,74.125.24.0-255,2184,87282,82,330188
30590,0.000956,172.31.47.0-255,66,87348,82,330188
30591,0.001181,74.125.24.0-255,334,87682,82,330188
30592,0.001619,74.125.24.0-255,1484,89166,82,330188
30593,0.001623,172.31.47.0-255,66,89232,82,330188
30594,0.001628,74.125.24.0-255,2902,92134,82,330188
30595,0.00163,172.31.47.0-255,66,92200,82,330188
30596,0.001633,74.125.24.0-255,1484,93684,82,330188
30597,0.001671,74.125.24.0-255,4320,98004,82,330188
30598,0.001673,172.31.47.0-255,66,98070,82,330188
30599,0.001679,74.125.24.0-255,7156,105226,82,330188
30600,0.001681,172.31.47.0-255,66,105292,82,330188
30601,0.001683,74.125.24.0-255,1484,106776,82,330188
30602,0.001708,172.31.47.0-255,66,106842,82,330188
30603,0.001731,74.125.24.0-255,2184,109026,82,330188
30604,0.001733,172.31.47.0-255,66,109092,82,330188
30605,0.001787,74.125.24.0-255,1484,110576,82,330188
30606,0.001802,74.125.24.0-255,2902,113478,82,330188
30607,0.001804,172.31.47.0-255,66,113544,82,330188
30608,0.001831,74.125.24.0-255,5738,119282,82,330188
30609,0.001834,172.31.47.0-255,66,119348,82,330188
30610,0.001838,74.125.24.0-255,4320,123668,82,330188
30611,0.001839,172.31.47.0-255,66,123734,82,330188
30612,0.001875,74.125.24.0-255,8574,132308,82,330188
30613,0.001877,172.31.47.0-255,66,132374,82,330188
30614,0.001887,172.31.47.0-255,66,132440,82,330188
30615,0.001902,74.125.24.0-255,2184,134624,82,330188
30616,0.001904,172.31.47.0-255,66,134690,82,330188
30617,0.00192,172.31.47.0-255,66,134756,82,330188
30618,0.001958,74.125.24.0-255,2902,137658,82,330188
30619,0.00196,172.31.47.0-255,66,137724,82,330188
30620,0.001974,74.125.24.0-255,7156,144880,82,330188
30621,0.001976,172.31.47.0-255,66,144946,82,330188
30622,0.002003,74.125.24.0-255,9274,154220,82,330188
30623,0.002006,172.31.47.0-255,66,154286,82,330188
30624,0.004218,74.125.24.0-255,2902,157188,82,330188
30625,0.004221,172.31.47.0-255,66,157254,82,330188
30626,0.004246,74.125.24.0-255,2902,160156,82,330188
30627,0.004248,172.31.47.0-255,66,160222,82,330188
30628,0.006445,74.125.24.0-255,2902,163124,82,330188
30629,0.006451,172.31.47.0-255,66,163190,82,330188
30630,0.006476,74.125.24.0-255,2902,166092,82,330188
30631,0.006479,172.31.47.0-255,66,166158,82,330188
30632,0.008661,74.125.24.0-255,2902,169060,82,330188
30633,0.008667,172.31.47.0-255,66,169126,82,330188
30634,0.008712,74.125.24.0-255,2902,172028,82,330188
30635,0.008716,172.31.47.0-255,66,172094,82,330188
30636,0.01088,74.125.24.0-255,2902,174996,82,330188
30637,0.010887,172.31.47.0-255,66,175062,82,330188
30638,0.010916,74.125.24.0-255,2902,177964,82,330188
30639,0.01092,172.31.47.0-255,66,178030,82,330188
30640,0.013088,74.125.24.0-255,2902,180932,82,330188
30641,0.013096,172.31.47.0-255,66,180998,82,330188
30642,0.01316,74.125.24.0-255,2902,183900,82,330188
30643,0.013165,172.31.47.0-255,66,183966,82,330188
30644,0.015319,74.125.24.0-255,2902,186868,82,330188
30645,0.015325,172.31.47.0-255,66,186934,82,330188
30646,0.015358,74.125.24.0-255,1484,188418,82,330188
30647,0.015372,74.125.24.0-255,1484,189902,82,330188
30648,0.015374,172.31.47.0-255,66,189968,82,330188
30649,0.017537,74.125.24.0-255,2902,192870,82,330188
30650,0.017544,172.31.47.0-255,66,192936,82,330188
30651,0.017582,74.125.24.0-255,2902,195838,82,330188
30652,0.017586,172.31.47.0-255,66,195904,82,330188
30653,0.019778,74.125.24.0-255,2902,198806,82,330188
30654,0.019786,172.31.47.0-255,66,198872,82,330188
30655,0.019819,74.125.24.0-255,2902,201774,82,330188
30656,0.019823,172.31.47.0-255,66,201840,82,330188
30657,0.022032,74.125.24.0-255,4320,206160,82,330188
30658,0.022037,172.31.47.0-255,66,206226,82,330188
30659,0.022054,74.125.24.0-255,1484,207710,82,330188
30660,0.023081,172.31.47.0-255,172,207882,82,330188
30661,0.023108,172.31.47.0-255,1111,208993,82,330188
30662,0.023155,172.31.47.0-255,1514,210507,82,330188
30663,0.023157,172.31.47.0-255,1514,212021,82,330188
30664,0.023161,172.31.47.0-255,1514,213535,82,330188
30665,0.023162,172.31.47.0-255,1067,214602,82,330188
30666,0.024256,74.125.24.0-255,4320,218922,82,330188
30667,0.024263,172.31.47.0-255,66,218988,82,330188
30668,0.024613,104.244.42.0-255,66,219054,82,330188
30669,0.024682,104.244.42.0-255,66,219120,82,330188
30670,0.024721,104.244.42.0-255,66,219186,82,330188
30671,0.024725,104.244.42.0-255,66,219252,82,330188
30672,0.02648,74.125.24.0-255,5738,224990,82,330188
30673,0.026484,172.31.47.0-255,66,225056,82,330188
30674,0.028701,74.125.24.0-255,5738,230794,82,330188
30675,0.028706,172.31.47.0-255,66,230860,82,330188
30676,0.030944,74.125.24.0-255,5738,236598,82,330188
30677,0.030953,172.31.47.0-255,66,236664,82,330188
30678,0.03317,74.125.24.0-255,5738,242402,82,330188
30679,0.033176,172.31.47.0-255,66,242468,82,330188
30680,0.035388,74.125.24.0-255,5738,248206,82,330188
30681,0.035393,172.31.47.0-255,66,248272,82,330188
30682,0.037606,74.125.24.0-255,5738,254010,82,330188
30683,0.037612,172.31.47.0-255,66,254076,82,330188
30684,0.039833,74.125.24.0-255,5738,259814,82,330188
30685,0.039838,172.31.47.0-255,66,259880,82,330188
30686,0.042051,74.125.24.0-255,4320,264200,82,330188
30687,0.042056,172.31.47.0-255,66,264266,82,330188
30688,0.042085,74.125.24.0-255,1484,265750,82,330188
30689,0.044287,74.125.24.0-255,4320,270070,82,330188
30690,0.044291,172.31.47.0-255,66,270136,82,330188
30691,0.046524,74.125.24.0-255,2902,273038,82,330188
30692,0.046528,172.31.47.0-255,66,273104,82,330188
30693,0.046559,74.125.24.0-255,2902,276006,82,330188
30694,0.046562,172.31.47.0-255,66,276072,82,330188
30695,0.048753,74.125.24.0-255,2902,278974,82,330188
30696,0.048757,172.31.47.0-255,66,279040,82,330188
30697,0.048791,74.125.24.0-255,2902,281942,82,330188
30698,0.048794,172.31.47.0-255,66,282008,82,330188
30699,0.050996,74.125.24.0-255,4320,286328,82,330188
30700,0.051001,172.31.47.0-255,66,286394,82,330188
30701,0.051031,74.125.24.0-255,1484,287878,82,330188
30702,0.053232,74.125.24.0-255,4320,292198,82,330188
30703,0.053237,172.31.47.0-255,66,292264,82,330188
30704,0.05546,74.125.24.0-255,5738,298002,82,330188
30705,0.055464,172.31.47.0-255,66,298068,82,330188
30706,0.057679,74.125.24.0-255,4320,302388,82,330188
30707,0.057684,172.31.47.0-255,66,302454,82,330188
30708,0.057713,74.125.24.0-255,1484,303938,82,330188
30709,0.059906,74.125.24.0-255,4320,308258,82,330188
30710,0.059911,172.31.47.0-255,66,308324,82,330188
30711,0.062124,74.125.24.0-255,5738,314062,82,330188
30712,0.06213,172.31.47.0-255,66,314128,82,330188
30713,0.064333,74.125.24.0-255,4320,318448,82,330188
30714,0.064338,172.31.47.0-255,66,318514,82,330188
30715,0.064367,74.125.24.0-255,1484,319998,82,330188
30716,0.066562,74.125.24.0-255,4320,324318,82,330188
30717,0.066567,172.31.47.0-255,66,324384,82,330188
30718,0.068787,74.125.24.0-255,5738,330122,82,330188
30719,0.068791,172.31.47.0-255,66,330188,82,330188
30720,0.0,74.125.24.0-255,298,298,82,325947
30721,2.4e-05,172.31.47.0-255,66,364,82,325947
30722,2.9e-05,74.125.24.0-255,1484,1848,82,325947
30723,3.3e-05,172.31.47.0-255,66,1914,82,325947
30724,3.8e-05,74.125.24.0-255,2902,4816,82,325947
30725,4e-05,172.31.47.0-255,66,4882,82,325947
30726,6.2e-05,74.125.24.0-255,1484,6366,82,325947
30727,6.4e-05,172.31.47.0-255,66,6432,82,325947
30728,6.7e-05,74.125.24.0-255,1484,7916,82,325947
30729,7e-05,172.31.47.0-255,66,7982,82,325947
30730,7.3e-05,74.125.24.0-255,8574,16556,82,325947
30731,7.5e-05,172.31.47.0-255,66,16622,82,325947
30732,8.7e-05,74.125.24.0-255,1894,18516,82,325947
30733,8.9e-05,172.31.47.0-255,66,18582,82,325947
30734,9.5e-05,74.125.24.0-255,8574,27156,82,325947
30735,9.7e-05,172.31.47.0-255,66,27222,82,325947
30736,0.000138,74.125.24.0-255,3961,31183,82,325947
30737,0.00014,172.31.47.0-255,66,31249,82,325947
30738,0.000154,74.125.24.0-255,4320,35569,82,325947
30739,0.000158,172.31.47.0-255,66,35635,82,325947
30740,0.000187,74.125.24.0-255,9992,45627,82,325947
30741,0.000189,172.31.47.0-255,66,45693,82,325947
30742,0.000192,74.125.24.0-255,2543,48236,82,325947
30743,0.000194,172.31.47.0-255,66,48302,82,325947
30744,0.000308,74.125.24.0-255,1484,49786,82,325947
30745,0.000312,172.31.47.0-255,66,49852,82,325947
30746,0.000316,74.125.24.0-255,2902,52754,82,325947
30747,0.000319,172.31.47.0-255,66,52820,82,325947
30748,0.000338,74.125.24.0-255,4320,57140,82,325947
30749,0.000341,172.31.47.0-255,66,57206,82,325947
30750,0.000364,74.125.24.0-255,1484,58690,82,325947
30751,0.000367,172.31.47.0-255,66,58756,82,325947
30752,0.00037,74.125.24.0-255,6797,65553,82,325947
30753,0.000371,74.125.24.0-255,645,66198,82,325947
30754,0.000374,172.31.47.0-255,66,66264,82,325947
30755,0.000681,74.125.24.0-255,1484,67748,82,325947
30756,0.000685,172.31.47.0-255,66,67814,82,325947
30757,0.000692,74.125.24.0-255,2902,70716,82,325947
30758,0.000694,172.31.47.0-255,66,70782,82,325947
30759,0.00072,74.125.24.0-255,5738,76520,82,325947
30760,0.000723,172.31.47.0-255,66,76586,82,325947
30761,0.000751,74.125.24.0-255,4320,80906,82,325947
30762,0.000753,172.31.47.0-255,66,80972,82,325947
30763,0.000773,74.125.24.0-255,7156,88128,82,325947
30764,0.000776,172.31.47.0-255,66,88194,82,325947
30765,0.000782,74.125.24.0-255,8574,96768,82,325947
30766,0.000784,172.31.47.0-255,66,96834,82,325947
30767,0.000804,74.125.24.0-255,3602,100436,82,325947
30768,0.000806,172.31.47.0-255,66,100502,82,325947
30769,0.001887,74.125.24.0-255,1484,101986,82,325947
30770,0.001896,74.125.24.0-255,2902,104888,82,325947
30771,0.0019,172.31.47.0-255,66,104954,82,325947
30772,0.001928,74.125.24.0-255,4320,109274,82,325947
30773,0.00193,172.31.47.0-255,66,109340,82,325947
30774,0.001944,74.125.24.0-255,1484,110824,82,325947
30775,0.001957,74.125.24.0-255,2902,113726,82,325947
30776,0.001958,172.31.47.0-255,66,113792,82,325947
30777,0.00198,74.125.24.0-255,9992,123784,82,325947
30778,0.001982,172.31.47.0-255,66,123850,82,325947
30779,0.001988,74.125.24.0-255,7156,131006,82,325947
30780,0.001989,172.31.47.0-255,66,131072,82,325947
30781,0.002007,74.125.24.0-255,1484,132556,82,325947
30782,0.002021,74.125.24.0-255,2184,134740,82,325947
30783,0.002023,172.31.47.0-255,66,134806,82,325947
30784,0.002108,74.125.24.0-255,1484,136290,82,325947
30785,0.002116,74.125.24.0-255,1484,137774,82,325947
30786,0.002118,172.31.47.0-255,66,137840,82,325947
30787,0.002134,74.125.24.0-255,1484,139324,82,325947
30788,0.002138,74.125.24.0-255,5738,145062,82,325947
30789,0.00214,172.31.47.0-255,66,145128,82,325947
30790,0.002162,74.125.24.0-255,1484,146612,82,325947
30791,0.00218,74.125.24.0-255,8574,155186,82,325947
30792,0.002182,172.31.47.0-255,66,155252,82,325947
30793,0.002199,74.125.24.0-255,2902,158154,82,325947
30794,0.002201,172.31.47.0-255,66,158220,82,325947
30795,0.002206,74.125.24.0-255,7156,165376,82,325947
30796,0.002208,172.31.47.0-255,66,165442,82,325947
30797,0.002254,74.125.24.0-255,1484,166926,82,325947
30798,0.002268,74.125.24.0-255,2184,169110,82,325947
30799,0.002269,172.31.47.0-255,66,169176,82,325947
30800,0.004736,74.125.24.0-255,1484,170660,82,325947
30801,0.004764,74.125.24.0-255,4320,174980,82,325947
30802,0.004768,172.31.47.0-255,66,175046,82,325947
30803,0.00727,74.125.24.0-255,5738,180784,82,325947
30804,0.007276,172.31.47.0-255,66,180850,82,325947
30805,0.009777,74.125.24.0-255,5738,186588,82,325947
30806,0.009784,172.31.47.0-255,66,186654,82,325947
30807,0.012276,74.125.24.0-255,5738,192392,82,325947
30808,0.012285,172.31.47.0-255,66,192458,82,325947
30809,0.014796,74.125.24.0-255,5738,198196,82,325947
30810,0.014805,172.31.47.0-255,66,198262,82,325947
30811,0.017326,74.125.24.0-255,5738,204000,82,325947
30812,0.017337,172.31.47.0-255,66,204066,82,325947
30813,0.019873,74.125.24.0-255,5738,209804,82,325947
30814,0.019882,172.31.47.0-255,66,209870,82,325947
30815,0.022432,74.125.24.0-255,5738,215608,82,325947
30816,0.022438,172.31.47.0-255,66,215674,82,325947
30817,0.023503,172.31.47.0-255,172,215846,82,325947
30818,0.023536,172.31.47.0-255,1112,216958,82,325947
30819,0.023568,172.31.47.0-255,1514,218472,82,325947
30820,0.02357,172.31.47.0-255,1287,219759,82,325947
30821,0.024951,74.125.24.0-255,5738,225497,82,325947
30822,0.024958,172.31.47.0-255,66,225563,82,325947
30823,0.02507,104.244.42.0-255,66,225629,82,325947
30824,0.025078,104.244.42.0-255,66,225695,82,325947
30825,0.025112,104.244.42.0-255,66,225761,82,325947
30826,0.027447,74.125.24.0-255,2902,228663,82,325947
30827,0.027451,172.31.47.0-255,66,228729,82,325947
30828,0.027476,74.125.24.0-255,2902,231631,82,325947
30829,0.027479,172.31.47.0-255,66,231697,82,325947
30830,0.029952,74.125.24.0-255,2902,234599,82,325947
30831,0.029956,172.31.47.0-255,66,234665,82,325947
30832,0.030022,74.125.24.0-255,2902,237567,82,325947
30833,0.030026,172.31.47.0-255,66,237633,82,325947
30834,0.032455,74.125.24.0-255,2902,240535,82,325947
30835,0.03246,172.31.47.0-255,66,240601,82,325947
30836,0.032539,74.125.24.0-255,2902,243503,82,325947
30837,0.032543,172.31.47.0-255,66,243569,82,325947
30838,0.034957,74.125.24.0-255,2902,246471,82,325947
30839,0.034961,172.31.47.0-255,66,246537,82,325947
30840,0.035014,74.125.24.0-255,1484,248021,82,325947
30841,0.035026,74.125.24.0-255,1484,249505,82,325947
30842,0.035029,172.31.47.0-255,66,249571,82,325947
30843,0.037455,74.125.24.0-255,2902,252473,82,325947
30844,0.037461,172.31.47.0-255,66,252539,82,325947
30845,0.037529,74.125.24.0-255,2902,255441,82,325947
30846,0.037532,172.31.47.0-255,66,255507,82,325947
30847,0.039975,74.125.24.0-255,2902,258409,82,325947
30848,0.039979,172.31.47.0-255,66,258475,82,325947
30849,0.040027,74.125.24.0-255,2902,261377,82,325947
30850,0.04003,172.31.47.0-255,66,261443,82,325947
30851,0.042499,74.125.24.0-255,2902,264345,82,325947
30852,0.042503,172.31.47.0-255,66,264411,82,325947
30853,0.042536,74.125.24.0-255,2902,267313,82,325947
30854,0.042539,172.31.47.0-255,66,267379,82,325947
30855,0.045017,74.125.24.0-255,2902,270281,82,325947
30856,0.045021,172.31.47.0-255,66,270347,82,325947
30857,0.04505,74.125.24.0-255,2902,273249,82,325947
30858,0.045053,172.31.47.0-255,66,273315,82,325947
30859,0.047525,74.125.24.0-255,2902,276217,82,325947
30860,0.04753,172.31.47.0-255,66,276283,82,325947
30861,0.047555,74.125.24.0-255,2902,279185,82,325947
30862,0.047558,172.31.47.0-255,66,279251,82,325947
30863,0.050049,74.125.24.0-255,5738,284989,82,325947
30864,0.050053,172.31.47.0-255,66,285055,82,325947
30865,0.052566,74.125.24.0-255,2902,287957,82,325947
30866,0.05257,172.31.47.0-255,66,288023,82,325947
30867,0.052594,74.125.24.0-255,2902,290925,82,325947
30868,0.052597,172.31.47.0-255,66,290991,82,325947
30869,0.055055,74.125.24.0-255,2902,293893,82,325947
30870,0.055059,172.31.47.0-255,66,293959,82,325947
30871,0.055091,74.125.24.0-255,2902,296861,82,325947
30872,0.055094,172.31.47.0-255,66,296927,82,325947
30873,0.057582,74.125.24.0-255,5738,302665,82,325947
30874,0.057586,172.31.47.0-255,66,302731,82,325947
30875,0.060094,74.125.24.0-255,5738,308469,82,325947
30876,0.060099,172.31.47.0-255,66,308535,82,325947
30877,0.062615,74.125.24.0-255,5738,314273,82,325947
30878,0.062619,172.31.47.0-255,66,314339,82,325947
30879,0.065105,74.125.24.0-255,5738,320077,82,325947
30880,0.065111,172.31.47.0-255,66,320143,82,325947
30881,0.067608,74.125.24.0-255,5738,325881,82,325947
30882,0.067614,172.31.47.0-255,66,325947,82,325947
30883,0.0,172.31.47.0-255,105,105,82,276
30884,0.001654,157.240.13.0-255,105,210,82,276
30885,0.001662,172.31.47.0-255,66,276,82,276
30886,0.0,172.217.194.0-255,153,153,82,341326
30887,1.8e-05,172.31.47.0-255,66,219,82,341326
30888,2.4e-05,172.217.194.0-255,1484,1703,82,341326
30889,2.8e-05,172.31.47.0-255,66,1769,82,341326
30890,3.4e-05,172.217.194.0-255,2902,4671,82,341326
30891,3.6e-05,172.31.47.0-255,66,4737,82,341326
30892,6.1e-05,172.217.194.0-255,7156,11893,82,341326
30893,6.4e-05,172.31.47.0-255,66,11959,82,341326
30894,0.000101,172.217.194.0-255,2173,14132,82,341326
30895,0.000103,172.31.47.0-255,66,14198,82,341326
30896,0.000184,172.217.194.0-255,1484,15682,82,341326
30897,0.000187,172.31.47.0-255,66,15748,82,341326
30898,0.000192,172.217.194.0-255,2902,18650,82,341326
30899,0.000194,172.31.47.0-255,66,18716,82,341326
30900,0.000207,172.217.194.0-255,5738,24454,82,341326
30901,0.00021,172.31.47.0-255,66,24520,82,341326
30902,0.000245,172.217.194.0-255,1484,26004,82,341326
30903,0.000247,172.31.47.0-255,66,26070,82,341326
30904,0.000268,172.217.194.0-255,5379,31449,82,341326
30905,0.000271,172.31.47.0-255,66,31515,82,341326
30906,0.000475,172.217.194.0-255,1484,32999,82,341326
30907,0.00048,172.31.47.0-255,66,33065,82,341326
30908,0.000499,172.217.194.0-255,2902,35967,82,341326
30909,0.000502,172.31.47.0-255,66,36033,82,341326
30910,0.000504,172.217.194.0-255,1484,37517,82,341326
30911,0.000506,172.31.47.0-255,66,37583,82,341326
30912,0.00051,172.217.194.0-255,2902,40485,82,341326
30913,0.000512,172.31.47.0-255,66,40551,82,341326
30914,0.000518,172.217.194.0-255,5738,46289,82,341326
30915,0.00052,172.31.47.0-255,66,46355,82,341326
30916,0.000545,172.217.194.0-255,2902,49257,82,341326
30917,0.000547,172.31.47.0-255,66,49323,82,341326
30918,0.000572,172.31.47.0-255,66,49389,82,341326
30919,0.000578,172.217.194.0-255,5379,54768,82,341326
30920,0.00058,172.31.47.0-255,66,54834,82,341326
30921,0.001232,172.217.194.0-255,381,55215,82,341326
30922,0.001255,172.217.194.0-255,1484,56699,82,341326
30923,0.001259,172.31.47.0-255,66,56765,82,341326
30924,0.001277,172.217.194.0-255,2902,59667,82,341326
30925,0.001279,172.31.47.0-255,66,59733,82,341326
30926,0.001284,172.217.194.0-255,4320,64053,82,341326
30927,0.001286,172.31.47.0-255,66,64119,82,341326
30928,0.001306,172.217.194.0-255,1484,65603,82,341326
30929,0.001315,172.217.194.0-255,8574,74177,82,341326
30930,0.001317,172.31.47.0-255,66,74243,82,341326
30931,0.001335,172.217.194.0-255,4320,78563,82,341326
30932,0.001337,172.31.47.0-255,66,78629,82,341326
30933,0.001347,172.217.194.0-255,10692,89321,82,341326
30934,0.001348,172.31.47.0-255,66,89387,82,341326
30935,0.001635,172.217.194.0-255,1484,90871,82,341326
30936,0.001642,172.217.194.0-255,2902,93773,82,341326
30937,0.001646,172.31.47.0-255,66,93839,82,341326
30938,0.001652,172.217.194.0-255,4320,98159,82,341326
30939,0.001653,172.31.47.0-255,66,98225,82,341326
30940,0.001664,172.217.194.0-255,1484,99709,82,341326
30941,0.001694,172.31.47.0-255,66,99775,82,341326
30942,0.001703,172.217.194.0-255,9992,109767,82,341326
30943,0.001704,172.31.47.0-255,66,109833,82,341326
30944,0.001749,172.217.194.0-255,4320,114153,82,341326
30945,0.001752,172.31.47.0-255,66,114219,82,341326
30946,0.001776,172.31.47.0-255,66,114285,82,341326
30947,0.001802,172.217.194.0-255,5020,119305,82,341326
30948,0.001805,172.31.47.0-255,66,119371,82,341326
30949,0.001816,172.31.47.0-255,66,119437,82,341326
30950,0.001826,172.217.194.0-255,2184,121621,82,341326
30951,0.001828,172.31.47.0-255,66,121687,82,341326
30952,0.001884,172.217.194.0-255,2902,124589,82,341326
30953,0.001886,172.31.47.0-255,66,124655,82,341326
30954,0.001907,172.217.194.0-255,5738,130393,82,341326
30955,0.001909,172.31.47.0-255,66,130459,82,341326
30956,0.001917,172.217.194.0-255,9992,140451,82,341326
30957,0.001919,172.31.47.0-255,66,140517,82,341326
30958,0.001933,172.31.47.0-255,66,140583,82,341326
30959,0.00195,172.217.194.0-255,4320,144903,82,341326
30960,0.001952,172.31.47.0-255,66,144969,82,341326
30961,0.001985,172.217.194.0-255,5738,150707,82,341326
30962,0.001987,172.31.47.0-255,66,150773,82,341326
30963,0.001998,172.31.47.0-255,66,150839,82,341326
30964,0.002005,172.217.194.0-255,7156,157995,82,341326
30965,0.002007,172.31.47.0-255,66,158061,82,341326
30966,0.002029,172.217.194.0-255,5316,163377,82,341326
30967,0.002031,172.31.47.0-255,66,163443,82,341326
30968,0.004041,172.217.194.0-255,4320,167763,82,341326
30969,0.004046,172.31.47.0-255,66,167829,82,341326
30970,0.004062,172.217.194.0-255,1484,169313,82,341326
30971,0.006062,172.217.194.0-255,4320,173633,82,341326
30972,0.006068,172.31.47.0-255,66,173699,82,341326
30973,0.008088,172.217.194.0-255,5738,179437,82,341326
30974,0.008094,172.31.47.0-255,66,179503,82,341326
30975,0.010108,172.217.194.0-255,5738,185241,82,341326
30976,0.010116,172.31.47.0-255,66,185307,82,341326
30977,0.012119,172.217.194.0-255,1484,186791,82,341326
30978,0.012142,172.217.194.0-255,4320,191111,82,341326
30979,0.012147,172.31.47.0-255,66,191177,82,341326
30980,0.014147,172.217.194.0-255,5738,196915,82,341326
30981,0.014153,172.31.47.0-255,66,196981,82,341326
30982,0.016172,172.217.194.0-255,5738,202719,82,341326
30983,0.01618,172.31.47.0-255,66,202785,82,341326
30984,0.018182,172.217.194.0-255,5738,208523,82,341326
30985,0.018189,172.31.47.0-255,66,208589,82,341326
30986,0.020212,172.217.194.0-255,5738,214327,82,341326
30987,0.020218,172.31.47.0-255,66,214393,82,341326
30988,0.02221,172.217.194.0-255,4320,218713,82,341326
30989,0.022216,172.31.47.0-255,66,218779,82,341326
30990,0.022234,172.217.194.0-255,1484,220263,82,341326
30991,0.024199,172.217.194.0-255,4320,224583,82,341326
30992,0.024206,172.31.47.0-255,66,224649,82,341326
30993,0.026223,172.217.194.0-255,5738,230387,82,341326
30994,0.026229,172.31.47.0-255,66,230453,82,341326
30995,0.027733,172.31.47.0-255,171,230624,82,341326
30996,0.027762,172.31.47.0-255,1135,231759,82,341326
30997,0.027819,172.31.47.0-255,1514,233273,82,341326
30998,0.027821,172.31.47.0-255,301,233574,82,341326
30999,0.028248,172.217.194.0-255,5738,239312,82,341326
31000,0.028255,172.31.47.0-255,66,239378,82,341326
31001,0.02927,104.244.42.0-255,66,239444,82,341326
31002,0.029312,104.244.42.0-255,66,239510,82,341326
31003,0.02936,104.244.42.0-255,66,239576,82,341326
31004,0.030271,172.217.194.0-255,5738,245314,82,341326
31005,0.030276,172.31.47.0-255,66,245380,82,341326
31006,0.032299,172.217.194.0-255,5738,251118,82,341326
31007,0.032305,172.31.47.0-255,66,251184,82,341326
31008,0.034446,172.217.194.0-255,5738,256922,82,341326
31009,0.034452,172.31.47.0-255,66,256988,82,341326
31010,0.036468,172.217.194.0-255,5738,262726,82,341326
31011,0.036475,172.31.47.0-255,66,262792,82,341326
31012,0.038482,172.217.194.0-255,5738,268530,82,341326
31013,0.038489,172.31.47.0-255,66,268596,82,341326
31014,0.040499,172.217.194.0-255,4320,272916,82,341326
31015,0.040505,172.31.47.0-255,66,272982,82,341326
31016,0.040523,172.217.194.0-255,1484,274466,82,341326
31017,0.042527,172.217.194.0-255,4320,278786,82,341326
31018,0.042532,172.31.47.0-255,66,278852,82,341326
31019,0.044553,172.217.194.0-255,5738,284590,82,341326
31020,0.044559,172.31.47.0-255,66,284656,82,341326
31021,0.046555,172.217.194.0-255,5738,290394,82,341326
31022,0.04656,172.31.47.0-255,66,290460,82,341326
31023,0.04857,172.217.194.0-255,5738,296198,82,341326
31024,0.048576,172.31.47.0-255,66,296264,82,341326
31025,0.050577,172.217.194.0-255,4320,300584,82,341326
31026,0.050582,172.31.47.0-255,66,300650,82,341326
31027,0.0506,172.217.194.0-255,1484,302134,82,341326
31028,0.052584,172.217.194.0-255,4320,306454,82,341326
31029,0.052605,172.31.47.0-255,66,306520,82,341326
31030,0.054615,172.217.194.0-255,5738,312258,82,341326
31031,0.054621,172.31.47.0-255,66,312324,82,341326
31032,0.056634,172.217.194.0-255,5738,318062,82,341326
31033,0.056641,172.31.47.0-255,66,318128,82,341326
31034,0.058638,172.217.194.0-255,1484,319612,82,341326
31035,0.058656,172.217.194.0-255,4320,323932,82,341326
31036,0.05866,172.31.47.0-255,66,323998,82,341326
31037,0.060662,172.217.194.0-255,5738,329736,82,341326
31038,0.060668,172.31.47.0-255,66,329802,82,341326
31039,0.062708,172.217.194.0-255,5738,335540,82,341326
31040,0.062713,172.31.47.0-255,66,335606,82,341326
31041,0.064717,172.217.194.0-255,5483,341089,82,341326
31042,0.064722,172.31.47.0-255,66,341155,82,341326
31043,0.065077,172.31.47.0-255,105,341260,82,341326
31044,0.067038,172.217.194.0-255,66,341326,82,341326
31045,0.0,74.125.24.0-255,153,153,82,295389
31046,2.8e-05,172.31.47.0-255,66,219,82,295389
31047,3.4e-05,74.125.24.0-255,1484,1703,82,295389
31048,3.8e-05,172.31.47.0-255,66,1769,82,295389
31049,4.3e-05,74.125.24.0-255,2902,4671,82,295389
31050,4.6e-05,172.31.47.0-255,66,4737,82,295389
31051,5.3e-05,74.125.24.0-255,7156,11893,82,295389
31052,5.5e-05,172.31.47.0-255,66,11959,82,295389
31053,5.9e-05,74.125.24.0-255,2014,13973,82,295389
31054,6.1e-05,172.31.47.0-255,66,14039,82,295389
31055,0.000263,74.125.24.0-255,1484,15523,82,295389
31056,0.000267,172.31.47.0-255,66,15589,82,295389
31057,0.000273,74.125.24.0-255,2902,18491,82,295389
31058,0.000275,172.31.47.0-255,66,18557,82,295389
31059,0.00028,74.125.24.0-255,4320,22877,82,295389
31060,0.000282,172.31.47.0-255,66,22943,82,295389
31061,0.000305,74.125.24.0-255,1484,24427,82,295389
31062,0.000308,172.31.47.0-255,66,24493,82,295389
31063,0.000316,74.125.24.0-255,8215,32708,82,295389
31064,0.000318,172.31.47.0-255,66,32774,82,295389
31065,0.000324,74.125.24.0-255,7156,39930,82,295389
31066,0.000327,172.31.47.0-255,66,39996,82,295389
31067,0.000339,74.125.24.0-255,1484,41480,82,295389
31068,0.000341,172.31.47.0-255,66,41546,82,295389
31069,0.000353,74.125.24.0-255,1484,43030,82,295389
31070,0.000357,172.31.47.0-255,66,43096,82,295389
31071,0.000368,74.125.24.0-255,7156,50252,82,295389
31072,0.000371,172.31.47.0-255,66,50318,82,295389
31073,0.000395,74.125.24.0-255,9992,60310,82,295389
31074,0.000398,172.31.47.0-255,66,60376,82,295389
31075,0.000404,74.125.24.0-255,5020,65396,82,295389
31076,0.000406,172.31.47.0-255,66,65462,82,295389
31077,0.000408,74.125.24.0-255,421,65883,82,295389
31078,0.000578,74.125.24.0-255,1484,67367,82,295389
31079,0.000583,172.31.47.0-255,66,67433,82,295389
31080,0.000587,74.125.24.0-255,2902,70335,82,295389
31081,0.00059,172.31.47.0-255,66,70401,82,295389
31082,0.000594,74.125.24.0-255,2902,73303,82,295389
31083,0.000596,172.31.47.0-255,66,73369,82,295389
31084,0.000618,74.125.24.0-255,2902,76271,82,295389
31085,0.000621,172.31.47.0-255,66,76337,82,295389
31086,0.000629,74.125.24.0-255,8574,84911,82,295389
31087,0.000631,172.31.47.0-255,66,84977,82,295389
31088,0.000647,74.125.24.0-255,1484,86461,82,295389
31089,0.000662,74.125.24.0-255,1484,87945,82,295389
31090,0.000666,172.31.47.0-255,66,88011,82,295389
31091,0.000691,172.31.47.0-255,66,88077,82,295389
31092,0.00085,74.125.24.0-255,1484,89561,82,295389
31093,0.000853,74.125.24.0-255,1484,91045,82,295389
31094,0.000856,172.31.47.0-255,66,91111,82,295389
31095,0.000873,74.125.24.0-255,1484,92595,82,295389
31096,0.000883,74.125.24.0-255,1484,94079,82,295389
31097,0.000886,172.31.47.0-255,66,94145,82,295389
31098,0.000907,74.125.24.0-255,4320,98465,82,295389
31099,0.00091,172.31.47.0-255,66,98531,82,295389
31100,0.000924,172.31.47.0-255,66,98597,82,295389
31101,0.000929,74.125.24.0-255,5738,104335,82,295389
31102,0.000932,172.31.47.0-255,66,104401,82,295389
31103,0.000972,74.125.24.0-255,5020,109421,82,295389
31104,0.000975,172.31.47.0-255,66,109487,82,295389
31105,0.00113,74.125.24.0-255,1484,110971,82,295389
31106,0.001145,74.125.24.0-255,2902,113873,82,295389
31107,0.001149,172.31.47.0-255,66,113939,82,295389
31108,0.001155,74.125.24.0-255,4320,118259,82,295389
31109,0.001157,172.31.47.0-255,66,118325,82,295389
31110,0.001169,74.125.24.0-255,1484,119809,82,295389
31111,0.001206,74.125.24.0-255,1484,121293,82,295389
31112,0.001209,172.31.47.0-255,66,121359,82,295389
31113,0.001236,74.125.24.0-255,7156,128515,82,295389
31114,0.001239,172.31.47.0-255,66,128581,82,295389
31115,0.001248,74.125.24.0-255,9992,138573,82,295389
31116,0.001251,172.31.47.0-255,66,138639,82,295389
31117,0.001257,74.125.24.0-255,5020,143659,82,295389
31118,0.001259,172.31.47.0-255,66,143725,82,295389
31119,0.001832,74.125.24.0-255,1484,145209,82,295389
31120,0.001843,74.125.24.0-255,2902,148111,82,295389
31121,0.001847,172.31.47.0-255,66,148177,82,295389
31122,0.001855,74.125.24.0-255,5738,153915,82,295389
31123,0.001858,172.31.47.0-255,66,153981,82,295389
31124,0.001898,172.31.47.0-255,66,154047,82,295389
31125,0.001903,74.125.24.0-255,4320,158367,82,295389
31126,0.001905,172.31.47.0-255,66,158433,82,295389
31127,0.001938,74.125.24.0-255,4320,162753,82,295389
31128,0.001941,172.31.47.0-255,66,162819,82,295389
31129,0.001958,74.125.24.0-255,2184,165003,82,295389
31130,0.001961,172.31.47.0-255,66,165069,82,295389
31131,0.002077,74.125.24.0-255,1484,166553,82,295389
31132,0.002082,74.125.24.0-255,1484,168037,82,295389
31133,0.002085,172.31.47.0-255,66,168103,82,295389
31134,0.002098,74.125.24.0-255,1484,169587,82,295389
31135,0.002103,74.125.24.0-255,2902,172489,82,295389
31136,0.002106,172.31.47.0-255,66,172555,82,295389
31137,0.002134,74.125.24.0-255,2902,175457,82,295389
31138,0.002137,172.31.47.0-255,66,175523,82,295389
31139,0.002149,172.31.47.0-255,66,175589,82,295389
31140,0.002157,74.125.24.0-255,7156,182745,82,295389
31141,0.002159,172.31.47.0-255,66,182811,82,295389
31142,0.002195,74.125.24.0-255,7156,189967,82,295389
31143,0.002198,172.31.47.0-255,66,190033,82,295389
31144,0.002235,172.31.47.0-255,66,190099,82,295389
31145,0.002261,172.31.47.0-255,66,190165,82,295389
31146,0.002288,74.125.24.0-255,10692,200857,82,295389
31147,0.00229,172.31.47.0-255,66,200923,82,295389
31148,0.002309,172.31.47.0-255,66,200989,82,295389
31149,0.002314,74.125.24.0-255,5020,206009,82,295389
31150,0.002316,172.31.47.0-255,66,206075,82,295389
31151,0.002361,172.31.47.0-255,66,206141,82,295389
31152,0.002381,74.125.24.0-255,8574,214715,82,295389
31153,0.002384,172.31.47.0-255,66,214781,82,295389
31154,0.004688,74.125.24.0-255,5738,220519,82,295389
31155,0.004693,172.31.47.0-255,66,220585,82,295389
31156,0.00702,74.125.24.0-255,5738,226323,82,295389
31157,0.007028,172.31.47.0-255,66,226389,82,295389
31158,0.00933,74.125.24.0-255,5738,232127,82,295389
31159,0.009335,172.31.47.0-255,66,232193,82,295389
31160,0.011677,74.125.24.0-255,5738,237931,82,295389
31161,0.011684,172.31.47.0-255,66,237997,82,295389
31162,0.01402,74.125.24.0-255,5738,243735,82,295389
31163,0.014028,172.31.47.0-255,66,243801,82,295389
31164,0.016359,74.125.24.0-255,4320,248121,82,295389
31165,0.016366,172.31.47.0-255,66,248187,82,295389
31166,0.016379,74.125.24.0-255,1484,249671,82,295389
31167,0.018703,74.125.24.0-255,4320,253991,82,295389
31168,0.018709,172.31.47.0-255,66,254057,82,295389
31169,0.021024,74.125.24.0-255,5738,259795,82,295389
31170,0.021032,172.31.47.0-255,66,259861,82,295389
31171,0.023354,74.125.24.0-255,5738,265599,82,295389
31172,0.02336,172.31.47.0-255,66,265665,82,295389
31173,0.025671,74.125.24.0-255,5738,271403,82,295389
31174,0.025679,172.31.47.0-255,66,271469,82,295389
31175,0.02757,172.31.47.0-255,172,271641,82,295389
31176,0.027598,172.31.47.0-255,1113,272754,82,295389
31177,0.027639,172.31.47.0-255,1514,274268,82,295389
31178,0.027641,172.31.47.0-255,1286,275554,82,295389
31179,0.027995,74.125.24.0-255,5738,281292,82,295389
31180,0.028003,172.31.47.0-255,66,281358,82,295389
31181,0.029128,104.244.42.0-255,66,281424,82,295389
31182,0.029317,104.244.42.0-255,66,281490,82,295389
31183,0.02932,104.244.42.0-255,66,281556,82,295389
31184,0.03032,74.125.24.0-255,2902,284458,82,295389
31185,0.030325,172.31.47.0-255,66,284524,82,295389
31186,0.030345,74.125.24.0-255,2902,287426,82,295389
31187,0.030348,172.31.47.0-255,66,287492,82,295389
31188,0.032626,74.125.24.0-255,2902,290394,82,295389
31189,0.032632,172.31.47.0-255,66,290460,82,295389
31190,0.032671,74.125.24.0-255,2902,293362,82,295389
31191,0.032674,172.31.47.0-255,66,293428,82,295389
31192,0.034939,74.125.24.0-255,1724,295152,82,295389
31193,0.034944,172.31.47.0-255,66,295218,82,295389
31194,0.035126,172.31.47.0-255,105,295323,82,295389
31195,0.037415,74.125.24.0-255,66,295389,82,295389
31196,0.0,74.125.68.0-255,153,153,82,370245
31197,1.6e-05,172.31.47.0-255,66,219,82,370245
31198,4.9e-05,74.125.68.0-255,1484,1703,82,370245
31199,5.4e-05,172.31.47.0-255,66,1769,82,370245
31200,6e-05,74.125.68.0-255,2902,4671,82,370245
31201,6.3e-05,172.31.47.0-255,66,4737,82,370245
31202,9.1e-05,74.125.68.0-255,5738,10475,82,370245
31203,9.3e-05,172.31.47.0-255,66,10541,82,370245
31204,0.000123,74.125.68.0-255,6390,16931,82,370245
31205,0.000126,172.31.47.0-255,66,16997,82,370245
31206,0.000132,74.125.68.0-255,4320,21317,82,370245
31207,0.000135,172.31.47.0-255,66,21383,82,370245
31208,0.000164,74.125.68.0-255,4320,25703,82,370245
31209,0.000166,172.31.47.0-255,66,25769,82,370245
31210,0.000192,74.125.68.0-255,5379,31148,82,370245
31211,0.000194,172.31.47.0-255,66,31214,82,370245
31212,0.000271,74.125.68.0-255,1484,32698,82,370245
31213,0.000274,172.31.47.0-255,66,32764,82,370245
31214,0.000306,74.125.68.0-255,1484,34248,82,370245
31215,0.000309,172.31.47.0-255,66,34314,82,370245
31216,0.000314,74.125.68.0-255,2902,37216,82,370245
31217,0.000316,172.31.47.0-255,66,37282,82,370245
31218,0.000323,74.125.68.0-255,5738,43020,82,370245
31219,0.000327,74.125.68.0-255,1484,44504,82,370245
31220,0.000332,172.31.47.0-255,66,44570,82,370245
31221,0.000338,172.31.47.0-255,66,44636,82,370245
31222,0.000362,74.125.68.0-255,2902,47538,82,370245
31223,0.000364,172.31.47.0-255,66,47604,82,370245
31224,0.000389,74.125.68.0-255,2543,50147,82,370245
31225,0.000392,172.31.47.0-255,66,50213,82,370245
31226,0.000398,74.125.68.0-255,2902,53115,82,370245
31227,0.0004,172.31.47.0-255,66,53181,82,370245
31228,0.000403,74.125.68.0-255,1484,54665,82,370245
31229,0.000433,74.125.68.0-255,5738,60403,82,370245
31230,0.000436,172.31.47.0-255,66,60469,82,370245
31231,0.000442,74.125.68.0-255,5691,66160,82,370245
31232,0.000444,172.31.47.0-255,66,66226,82,370245
31233,0.000474,74.125.68.0-255,109,66335,82,370245
31234,0.000671,74.125.68.0-255,333,66668,82,370245
31235,0.001029,74.125.68.0-255,1484,68152,82,370245
31236,0.001034,172.31.47.0-255,66,68218,82,370245
31237,0.001068,74.125.68.0-255,2902,71120,82,370245
31238,0.001071,172.31.47.0-255,66,71186,82,370245
31239,0.001078,74.125.68.0-255,5738,76924,82,370245
31240,0.00108,172.31.47.0-255,66,76990,82,370245
31241,0.001088,74.125.68.0-255,1484,78474,82,370245
31242,0.001122,74.125.68.0-255,8574,87048,82,370245
31243,0.001125,172.31.47.0-255,66,87114,82,370245
31244,0.001137,172.31.47.0-255,66,87180,82,370245
31245,0.001142,74.125.68.0-255,2184,89364,82,370245
31246,0.001159,172.31.47.0-255,66,89430,82,370245
31247,0.001392,74.125.68.0-255,1484,90914,82,370245
31248,0.00141,74.125.68.0-255,2902,93816,82,370245
31249,0.001413,172.31.47.0-255,66,93882,82,370245
31250,0.001447,74.125.68.0-255,5738,99620,82,370245
31251,0.00145,172.31.47.0-255,66,99686,82,370245
31252,0.001454,74.125.68.0-255,2902,102588,82,370245
31253,0.001456,172.31.47.0-255,66,102654,82,370245
31254,0.001487,74.125.68.0-255,4320,106974,82,370245
31255,0.001489,172.31.47.0-255,66,107040,82,370245
31256,0.001533,74.125.68.0-255,5738,112778,82,370245
31257,0.001535,172.31.47.0-255,66,112844,82,370245
31258,0.00157,74.125.68.0-255,10692,123536,82,370245
31259,0.001572,172.31.47.0-255,66,123602,82,370245
31260,0.001665,74.125.68.0-255,1484,125086,82,370245
31261,0.001669,74.125.68.0-255,1484,126570,82,370245
31262,0.001672,172.31.47.0-255,66,126636,82,370245
31263,0.001687,74.125.68.0-255,1484,128120,82,370245
31264,0.001692,74.125.68.0-255,4320,132440,82,370245
31265,0.001694,172.31.47.0-255,66,132506,82,370245
31266,0.001718,74.125.68.0-255,1484,133990,82,370245
31267,0.001724,74.125.68.0-255,7156,141146,82,370245
31268,0.001727,172.31.47.0-255,66,141212,82,370245
31269,0.001751,74.125.68.0-255,2902,144114,82,370245
31270,0.001753,172.31.47.0-255,66,144180,82,370245
31271,0.001773,74.125.68.0-255,5738,149918,82,370245
31272,0.001775,172.31.47.0-255,66,149984,82,370245
31273,0.001797,74.125.68.0-255,5738,155722,82,370245
31274,0.0018,172.31.47.0-255,66,155788,82,370245
31275,0.001824,74.125.68.0-255,2184,157972,82,370245
31276,0.001826,172.31.47.0-255,66,158038,82,370245
31277,0.001987,74.125.68.0-255,1484,159522,82,370245
31278,0.001993,74.125.68.0-255,2902,162424,82,370245
31279,0.001996,172.31.47.0-255,66,162490,82,370245
31280,0.002023,74.125.68.0-255,5738,168228,82,370245
31281,0.002026,172.31.47.0-255,66,168294,82,370245
31282,0.002055,74.125.68.0-255,9992,178286,82,370245
31283,0.002057,172.31.47.0-255,66,178352,82,370245
31284,0.002079,74.125.68.0-255,2902,181254,82,370245
31285,0.002081,172.31.47.0-255,66,181320,82,370245
31286,0.004095,74.125.68.0-255,2902,184222,82,370245
31287,0.004099,172.31.47.0-255,66,184288,82,370245
31288,0.004124,74.125.68.0-255,2902,187190,82,370245
31289,0.004127,172.31.47.0-255,66,187256,82,370245
31290,0.006139,74.125.68.0-255,2902,190158,82,370245
31291,0.006147,172.31.47.0-255,66,190224,82,370245
31292,0.006157,74.125.68.0-255,2902,193126,82,370245
31293,0.00616,172.31.47.0-255,66,193192,82,370245
31294,0.008202,74.125.68.0-255,5738,198930,82,370245
31295,0.008209,172.31.47.0-255,66,198996,82,370245
31296,0.010257,74.125.68.0-255,5738,204734,82,370245
31297,0.010265,172.31.47.0-255,66,204800,82,370245
31298,0.012303,74.125.68.0-255,4320,209120,82,370245
31299,0.012309,172.31.47.0-255,66,209186,82,370245
31300,0.012334,74.125.68.0-255,1484,210670,82,370245
31301,0.014359,74.125.68.0-255,4320,214990,82,370245
31302,0.014368,172.31.47.0-255,66,215056,82,370245
31303,0.016425,74.125.68.0-255,5738,220794,82,370245
31304,0.016431,172.31.47.0-255,66,220860,82,370245
31305,0.018482,74.125.68.0-255,5738,226598,82,370245
31306,0.018488,172.31.47.0-255,66,226664,82,370245
31307,0.020535,74.125.68.0-255,5738,232402,82,370245
31308,0.020541,172.31.47.0-255,66,232468,82,370245
31309,0.022611,74.125.68.0-255,5738,238206,82,370245
31310,0.022621,172.31.47.0-255,66,238272,82,370245
31311,0.024702,74.125.68.0-255,5738,244010,82,370245
31312,0.024708,172.31.47.0-255,66,244076,82,370245
31313,0.02677,74.125.68.0-255,5738,249814,82,370245
31314,0.026785,172.31.47.0-255,66,249880,82,370245
31315,0.028856,74.125.68.0-255,5738,255618,82,370245
31316,0.028869,172.31.47.0-255,66,255684,82,370245
31317,0.030937,74.125.68.0-255,5738,261422,82,370245
31318,0.030945,172.31.47.0-255,66,261488,82,370245
31319,0.033029,74.125.68.0-255,5738,267226,82,370245
31320,0.033043,172.31.47.0-255,66,267292,82,370245
31321,0.035092,74.125.68.0-255,5738,273030,82,370245
31322,0.035102,172.31.47.0-255,66,273096,82,370245
31323,0.037165,74.125.68.0-255,5738,278834,82,370245
31324,0.037177,172.31.47.0-255,66,278900,82,370245
31325,0.037586,172.31.47.0-255,172,279072,82,370245
31326,0.03762,172.31.47.0-255,1103,280175,82,370245
31327,0.037711,172.31.47.0-255,1514,281689,82,370245
31328,0.037713,172.31.47.0-255,1298,282987,82,370245
31329,0.039081,104.244.42.0-255,66,283053,82,370245
31330,0.039116,104.244.42.0-255,66,283119,82,370245
31331,0.039218,74.125.68.0-255,5738,288857,82,370245
31332,0.039224,172.31.47.0-255,66,288923,82,370245
31333,0.039236,104.244.42.0-255,66,288989,82,370245
31334,0.041275,74.125.68.0-255,5738,294727,82,370245
31335,0.041287,172.31.47.0-255,66,294793,82,370245
31336,0.043413,74.125.68.0-255,5738,300531,82,370245
31337,0.043429,172.31.47.0-255,66,300597,82,370245
31338,0.045493,74.125.68.0-255,5738,306335,82,370245
31339,0.045507,172.31.47.0-255,66,306401,82,370245
31340,0.047564,74.125.68.0-255,5738,312139,82,370245
31341,0.047572,172.31.47.0-255,66,312205,82,370245
31342,0.049631,74.125.68.0-255,5738,317943,82,370245
31343,0.049648,172.31.47.0-255,66,318009,82,370245
31344,0.051708,74.125.68.0-255,5738,323747,82,370245
31345,0.051715,172.31.47.0-255,66,323813,82,370245
31346,0.053772,74.125.68.0-255,5738,329551,82,370245
31347,0.053784,172.31.47.0-255,66,329617,82,370245
31348,0.055872,74.125.68.0-255,5738,335355,82,370245
31349,0.055886,172.31.47.0-255,66,335421,82,370245
31350,0.057929,74.125.68.0-255,5738,341159,82,370245
31351,0.057935,172.31.47.0-255,66,341225,82,370245
31352,0.059981,74.125.68.0-255,5738,346963,82,370245
31353,0.059988,172.31.47.0-255,66,347029,82,370245
31354,0.062028,74.125.68.0-255,5738,352767,82,370245
31355,0.062035,172.31.47.0-255,66,352833,82,370245
31356,0.064088,74.125.68.0-255,5738,358571,82,370245
31357,0.064096,172.31.47.0-255,66,358637,82,370245
31358,0.066151,74.125.68.0-255,5738,364375,82,370245
31359,0.066157,172.31.47.0-255,66,364441,82,370245
31360,0.068213,74.125.68.0-255,5738,370179,82,370245
31361,0.068219,172.31.47.0-255,66,370245,82,370245
31362,0.0,172.31.47.0-255,105,105,82,660
31363,0.000212,172.31.47.0-255,90,195,82,660
31364,0.000221,172.31.47.0-255,66,261,82,660
31365,0.001797,157.240.13.0-255,105,366,82,660
31366,0.00181,172.31.47.0-255,54,420,82,660
31367,0.001814,157.240.13.0-255,66,486,82,660
31368,0.001817,172.31.47.0-255,54,540,82,660
31369,0.001947,157.240.13.0-255,60,600,82,660
31370,0.001955,157.240.13.0-255,60,660,82,660
31371,0.0,172.31.47.0-255,105,105,82,276
31372,0.001476,157.240.13.0-255,105,210,82,276
31373,0.001488,172.31.47.0-255,66,276,82,276
31374,0.0,172.217.194.0-255,143,143,82,311126
31375,2.4e-05,172.31.47.0-255,66,209,82,311126
31376,3e-05,172.217.194.0-255,1484,1693,82,311126
31377,3.4e-05,172.31.47.0-255,66,1759,82,311126
31378,3.8e-05,172.217.194.0-255,2902,4661,82,311126
31379,4e-05,172.31.47.0-255,66,4727,82,311126
31380,4.6e-05,172.217.194.0-255,7156,11883,82,311126
31381,5.5e-05,172.31.47.0-255,66,11949,82,311126
31382,5.8e-05,172.217.194.0-255,2140,14089,82,311126
31383,6.1e-05,172.31.47.0-255,66,14155,82,311126
31384,9e-05,172.217.194.0-255,1484,15639,82,311126
31385,9.2e-05,172.31.47.0-255,66,15705,82,311126
31386,0.00013,172.217.194.0-255,9992,25697,82,311126
31387,0.000133,172.31.47.0-255,66,25763,82,311126
31388,0.00014,172.217.194.0-255,5379,31142,82,311126
31389,0.000142,172.31.47.0-255,66,31208,82,311126
31390,0.000424,172.217.194.0-255,1484,32692,82,311126
31391,0.000428,172.31.47.0-255,66,32758,82,311126
31392,0.000433,172.217.194.0-255,2902,35660,82,311126
31393,0.000435,172.31.47.0-255,66,35726,82,311126
31394,0.000438,172.217.194.0-255,1484,37210,82,311126
31395,0.000441,172.31.47.0-255,66,37276,82,311126
31396,0.000467,172.217.194.0-255,4320,41596,82,311126
31397,0.000469,172.31.47.0-255,66,41662,82,311126
31398,0.000476,172.217.194.0-255,7156,48818,82,311126
31399,0.00048,172.31.47.0-255,66,48884,82,311126
31400,0.000496,172.217.194.0-255,2543,51427,82,311126
31401,0.000499,172.31.47.0-255,66,51493,82,311126
31402,0.000525,172.217.194.0-255,7156,58649,82,311126
31403,0.000528,172.31.47.0-255,66,58715,82,311126
31404,0.000555,172.217.194.0-255,7069,65784,82,311126
31405,0.000558,172.31.47.0-255,66,65850,82,311126
31406,0.000962,172.217.194.0-255,404,66254,82,311126
31407,0.001,172.31.47.0-255,66,66320,82,311126
31408,0.001157,172.217.194.0-255,1484,67804,82,311126
31409,0.001166,172.217.194.0-255,2902,70706,82,311126
31410,0.00117,172.31.47.0-255,66,70772,82,311126
31411,0.001177,172.217.194.0-255,5738,76510,82,311126
31412,0.00118,172.31.47.0-255,66,76576,82,311126
31413,0.001254,172.31.47.0-255,66,76642,82,311126
31414,0.001299,172.217.194.0-255,9633,86275,82,311126
31415,0.001303,172.31.47.0-255,66,86341,82,311126
31416,0.001984,172.217.194.0-255,1484,87825,82,311126
31417,0.001993,172.217.194.0-255,2902,90727,82,311126
31418,0.001997,172.31.47.0-255,66,90793,82,311126
31419,0.002018,172.217.194.0-255,5738,96531,82,311126
31420,0.00202,172.31.47.0-255,66,96597,82,311126
31421,0.002054,172.217.194.0-255,7156,103753,82,311126
31422,0.002057,172.31.47.0-255,66,103819,82,311126
31423,0.002063,172.217.194.0-255,5738,109557,82,311126
31424,0.002065,172.31.47.0-255,66,109623,82,311126
31425,0.002095,172.217.194.0-255,8574,118197,82,311126
31426,0.002097,172.31.47.0-255,66,118263,82,311126
31427,0.002101,172.217.194.0-255,2184,120447,82,311126
31428,0.002103,172.31.47.0-255,66,120513,82,311126
31429,0.002124,172.217.194.0-255,1484,121997,82,311126
31430,0.002128,172.217.194.0-255,1484,123481,82,311126
31431,0.002134,172.31.47.0-255,66,123547,82,311126
31432,0.002145,172.217.194.0-255,1484,125031,82,311126
31433,0.002155,172.217.194.0-255,5738,130769,82,311126
31434,0.002158,172.31.47.0-255,66,130835,82,311126
31435,0.002209,172.31.47.0-255,66,130901,82,311126
31436,0.002216,172.217.194.0-255,7156,138057,82,311126
31437,0.002218,172.31.47.0-255,66,138123,82,311126
31438,0.002239,172.217.194.0-255,3602,141725,82,311126
31439,0.002241,172.31.47.0-255,66,141791,82,311126
31440,0.004549,172.217.194.0-255,5738,147529,82,311126
31441,0.004554,172.31.47.0-255,66,147595,82,311126
31442,0.006841,172.217.194.0-255,5738,153333,82,311126
31443,0.006847,172.31.47.0-255,66,153399,82,311126
31444,0.009186,172.217.194.0-255,5738,159137,82,311126
31445,0.009193,172.31.47.0-255,66,159203,82,311126
31446,0.011522,172.217.194.0-255,5738,164941,82,311126
31447,0.01153,172.31.47.0-255,66,165007,82,311126
31448,0.013823,172.217.194.0-255,5738,170745,82,311126
31449,0.01383,172.31.47.0-255,66,170811,82,311126
31450,0.016149,172.217.194.0-255,5738,176549,82,311126
31451,0.016158,172.31.47.0-255,66,176615,82,311126
31452,0.018445,172.217.194.0-255,4320,180935,82,311126
31453,0.018454,172.31.47.0-255,66,181001,82,311126
31454,0.018488,172.217.194.0-255,1484,182485,82,311126
31455,0.020795,172.217.194.0-255,4320,186805,82,311126
31456,0.020803,172.31.47.0-255,66,186871,82,311126
31457,0.023103,172.217.194.0-255,5738,192609,82,311126
31458,0.023114,172.31.47.0-255,66,192675,82,311126
31459,0.023422,172.31.47.0-255,172,192847,82,311126
31460,0.02346,172.31.47.0-255,1106,193953,82,311126
31461,0.023536,172.31.47.0-255,1514,195467,82,311126
31462,0.023538,172.31.47.0-255,1293,196760,82,311126
31463,0.024949,104.244.42.0-255,66,196826,82,311126
31464,0.02499,104.244.42.0-255,66,196892,82,311126
31465,0.025084,104.244.42.0-255,66,196958,82,311126
31466,0.025383,172.217.194.0-255,2902,199860,82,311126
31467,0.025387,172.31.47.0-255,66,199926,82,311126
31468,0.025416,172.217.194.0-255,2902,202828,82,311126
31469,0.025419,172.31.47.0-255,66,202894,82,311126
31470,0.027723,172.217.194.0-255,5738,208632,82,311126
31471,0.027728,172.31.47.0-255,66,208698,82,311126
31472,0.029995,172.217.194.0-255,5738,214436,82,311126
31473,0.029999,172.31.47.0-255,66,214502,82,311126
31474,0.032319,172.217.194.0-255,4320,218822,82,311126
31475,0.032324,172.31.47.0-255,66,218888,82,311126
31476,0.032353,172.217.194.0-255,1484,220372,82,311126
31477,0.034634,172.217.194.0-255,4320,224692,82,311126
31478,0.03464,172.31.47.0-255,66,224758,82,311126
31479,0.036987,172.217.194.0-255,5738,230496,82,311126
31480,0.036994,172.31.47.0-255,66,230562,82,311126
31481,0.039365,172.217.194.0-255,5738,236300,82,311126
31482,0.039381,172.31.47.0-255,66,236366,82,311126
31483,0.041692,172.217.194.0-255,5738,242104,82,311126
31484,0.041706,172.31.47.0-255,66,242170,82,311126
31485,0.044004,172.217.194.0-255,5738,247908,82,311126
31486,0.044012,172.31.47.0-255,66,247974,82,311126
31487,0.046318,172.217.194.0-255,5738,253712,82,311126
31488,0.046323,172.31.47.0-255,66,253778,82,311126
31489,0.048611,172.217.194.0-255,2902,256680,82,311126
31490,0.048617,172.31.47.0-255,66,256746,82,311126
31491,0.048657,172.217.194.0-255,2902,259648,82,311126
31492,0.04866,172.31.47.0-255,66,259714,82,311126
31493,0.050904,172.217.194.0-255,2902,262616,82,311126
31494,0.05091,172.31.47.0-255,66,262682,82,311126
31495,0.050971,172.217.194.0-255,2902,265584,82,311126
31496,0.050974,172.31.47.0-255,66,265650,82,311126
31497,0.053212,172.217.194.0-255,2902,268552,82,311126
31498,0.053216,172.31.47.0-255,66,268618,82,311126
31499,0.053274,172.217.194.0-255,2902,271520,82,311126
31500,0.053278,172.31.47.0-255,66,271586,82,311126
31501,0.055514,172.217.194.0-255,1484,273070,82,311126
31502,0.055548,172.217.194.0-255,1484,274554,82,311126
31503,0.055552,172.31.47.0-255,66,274620,82,311126
31504,0.055584,172.217.194.0-255,2902,277522,82,311126
31505,0.055587,172.31.47.0-255,66,277588,82,311126
31506,0.057859,172.217.194.0-255,4320,281908,82,311126
31507,0.057865,172.31.47.0-255,66,281974,82,311126
31508,0.057896,172.217.194.0-255,1484,283458,82,311126
31509,0.060183,172.217.194.0-255,4320,287778,82,311126
31510,0.060189,172.31.47.0-255,66,287844,82,311126
31511,0.062513,172.217.194.0-255,5738,293582,82,311126
31512,0.062519,172.31.47.0-255,66,293648,82,311126
31513,0.064796,172.217.194.0-255,5738,299386,82,311126
31514,0.064802,172.31.47.0-255,66,299452,82,311126
31515,0.067081,172.217.194.0-255,5738,305190,82,311126
31516,0.067086,172.31.47.0-255,66,305256,82,311126
31517,0.069376,172.217.194.0-255,4320,309576,82,311126
31518,0.069382,172.31.47.0-255,66,309642,82,311126
31519,0.069414,172.217.194.0-255,1484,311126,82,311126
31520,0.0,74.125.200.0-255,153,153,82,294268
31521,3.2e-05,172.31.47.0-255,66,219,82,294268
31522,4e-05,74.125.200.0-255,1484,1703,82,294268
31523,4.4e-05,172.31.47.0-255,66,1769,82,294268
31524,4.9e-05,74.125.200.0-255,2902,4671,82,294268
31525,5.2e-05,172.31.47.0-255,66,4737,82,294268
31526,5.9e-05,74.125.200.0-255,7156,11893,82,294268
31527,6.2e-05,172.31.47.0-255,66,11959,82,294268
31528,6.6e-05,74.125.200.0-255,2902,14861,82,294268
31529,6.9e-05,172.31.47.0-255,66,14927,82,294268
31530,9.8e-05,74.125.200.0-255,4971,19898,82,294268
31531,0.000102,172.31.47.0-255,66,19964,82,294268
31532,0.000109,74.125.200.0-255,7156,27120,82,294268
31533,0.000111,172.31.47.0-255,66,27186,82,294268
31534,0.000127,74.125.200.0-255,2902,30088,82,294268
31535,0.00013,172.31.47.0-255,66,30154,82,294268
31536,0.000135,74.125.200.0-255,1125,31279,82,294268
31537,0.000137,172.31.47.0-255,66,31345,82,294268
31538,0.000221,74.125.200.0-255,1484,32829,82,294268
31539,0.000225,172.31.47.0-255,66,32895,82,294268
31540,0.00023,74.125.200.0-255,2902,35797,82,294268
31541,0.000232,172.31.47.0-255,66,35863,82,294268
31542,0.000235,74.125.200.0-255,1484,37347,82,294268
31543,0.000237,172.31.47.0-255,66,37413,82,294268
31544,0.000257,74.125.200.0-255,1484,38897,82,294268
31545,0.00026,172.31.47.0-255,66,38963,82,294268
31546,0.000266,74.125.200.0-255,4320,43283,82,294268
31547,0.000268,172.31.47.0-255,66,43349,82,294268
31548,0.000273,74.125.200.0-255,2902,46251,82,294268
31549,0.000275,172.31.47.0-255,66,46317,82,294268
31550,0.000296,74.125.200.0-255,5738,52055,82,294268
31551,0.000299,172.31.47.0-255,66,52121,82,294268
31552,0.000307,74.125.200.0-255,8574,60695,82,294268
31553,0.00031,172.31.47.0-255,66,60761,82,294268
31554,0.000358,74.125.200.0-255,5354,66115,82,294268
31555,0.000363,172.31.47.0-255,66,66181,82,294268
31556,0.000604,74.125.200.0-255,110,66291,82,294268
31557,0.000641,74.125.200.0-255,330,66621,82,294268
31558,0.000827,172.31.47.0-255,66,66687,82,294268
31559,0.000991,74.125.200.0-255,1484,68171,82,294268
31560,0.001001,74.125.200.0-255,2902,71073,82,294268
31561,0.001004,172.31.47.0-255,66,71139,82,294268
31562,0.001026,74.125.200.0-255,5738,76877,82,294268
31563,0.001029,172.31.47.0-255,66,76943,82,294268
31564,0.001066,74.125.200.0-255,7156,84099,82,294268
31565,0.00107,172.31.47.0-255,66,84165,82,294268
31566,0.001088,74.125.200.0-255,1484,85649,82,294268
31567,0.001097,74.125.200.0-255,9992,95641,82,294268
31568,0.0011,172.31.47.0-255,66,95707,82,294268
31569,0.001104,74.125.200.0-255,2902,98609,82,294268
31570,0.001106,172.31.47.0-255,66,98675,82,294268
31571,0.001157,74.125.200.0-255,2184,100859,82,294268
31572,0.001161,172.31.47.0-255,66,100925,82,294268
31573,0.003125,74.125.200.0-255,2902,103827,82,294268
31574,0.003131,172.31.47.0-255,66,103893,82,294268
31575,0.003168,74.125.200.0-255,2902,106795,82,294268
31576,0.00317,172.31.47.0-255,66,106861,82,294268
31577,0.005137,74.125.200.0-255,2902,109763,82,294268
31578,0.005141,172.31.47.0-255,66,109829,82,294268
31579,0.005174,74.125.200.0-255,1484,111313,82,294268
31580,0.00519,74.125.200.0-255,1484,112797,82,294268
31581,0.005193,172.31.47.0-255,66,112863,82,294268
31582,0.007183,74.125.200.0-255,2902,115765,82,294268
31583,0.007189,172.31.47.0-255,66,115831,82,294268
31584,0.007215,74.125.200.0-255,2902,118733,82,294268
31585,0.007218,172.31.47.0-255,66,118799,82,294268
31586,0.009201,74.125.200.0-255,2902,121701,82,294268
31587,0.009207,172.31.47.0-255,66,121767,82,294268
31588,0.009221,74.125.200.0-255,2902,124669,82,294268
31589,0.009224,172.31.47.0-255,66,124735,82,294268
31590,0.011224,74.125.200.0-255,5738,130473,82,294268
31591,0.01123,172.31.47.0-255,66,130539,82,294268
31592,0.013266,74.125.200.0-255,5738,136277,82,294268
31593,0.013276,172.31.47.0-255,66,136343,82,294268
31594,0.015297,74.125.200.0-255,5738,142081,82,294268
31595,0.015303,172.31.47.0-255,66,142147,82,294268
31596,0.017321,74.125.200.0-255,5738,147885,82,294268
31597,0.017327,172.31.47.0-255,66,147951,82,294268
31598,0.019377,74.125.200.0-255,5738,153689,82,294268
31599,0.019383,172.31.47.0-255,66,153755,82,294268
31600,0.021405,74.125.200.0-255,5738,159493,82,294268
31601,0.021411,172.31.47.0-255,66,159559,82,294268
31602,0.02144,172.31.47.0-255,172,159731,82,294268
31603,0.021462,172.31.47.0-255,1103,160834,82,294268
31604,0.021499,172.31.47.0-255,1514,162348,82,294268
31605,0.0215,172.31.47.0-255,1296,163644,82,294268
31606,0.023002,104.244.42.0-255,66,163710,82,294268
31607,0.023033,104.244.42.0-255,66,163776,82,294268
31608,0.023036,104.244.42.0-255,66,163842,82,294268
31609,0.02342,74.125.200.0-255,1484,165326,82,294268
31610,0.023452,74.125.200.0-255,4320,169646,82,294268
31611,0.023457,172.31.47.0-255,66,169712,82,294268
31612,0.025475,74.125.200.0-255,5738,175450,82,294268
31613,0.025479,172.31.47.0-255,66,175516,82,294268
31614,0.027489,74.125.200.0-255,4320,179836,82,294268
31615,0.027494,172.31.47.0-255,66,179902,82,294268
31616,0.027518,74.125.200.0-255,1484,181386,82,294268
31617,0.02951,74.125.200.0-255,4320,185706,82,294268
31618,0.029515,172.31.47.0-255,66,185772,82,294268
31619,0.031549,74.125.200.0-255,5738,191510,82,294268
31620,0.031554,172.31.47.0-255,66,191576,82,294268
31621,0.033586,74.125.200.0-255,5738,197314,82,294268
31622,0.033592,172.31.47.0-255,66,197380,82,294268
31623,0.035614,74.125.200.0-255,5738,203118,82,294268
31624,0.035619,172.31.47.0-255,66,203184,82,294268
31625,0.03764,74.125.200.0-255,4320,207504,82,294268
31626,0.037645,172.31.47.0-255,66,207570,82,294268
31627,0.037668,74.125.200.0-255,1484,209054,82,294268
31628,0.039668,74.125.200.0-255,4320,213374,82,294268
31629,0.039675,172.31.47.0-255,66,213440,82,294268
31630,0.041694,74.125.200.0-255,5738,219178,82,294268
31631,0.0417,172.31.47.0-255,66,219244,82,294268
31632,0.043715,74.125.200.0-255,4320,223564,82,294268
31633,0.043719,172.31.47.0-255,66,223630,82,294268
31634,0.043743,74.125.200.0-255,1484,225114,82,294268
31635,0.045736,74.125.200.0-255,1484,226598,82,294268
31636,0.04574,172.31.47.0-255,66,226664,82,294268
31637,0.045766,74.125.200.0-255,2902,229566,82,294268
31638,0.045768,172.31.47.0-255,66,229632,82,294268
31639,0.047761,74.125.200.0-255,2902,232534,82,294268
31640,0.047765,172.31.47.0-255,66,232600,82,294268
31641,0.047788,74.125.200.0-255,2902,235502,82,294268
31642,0.047791,172.31.47.0-255,66,235568,82,294268
31643,0.049776,74.125.200.0-255,2902,238470,82,294268
31644,0.04978,172.31.47.0-255,66,238536,82,294268
31645,0.04981,74.125.200.0-255,2902,241438,82,294268
31646,0.049813,172.31.47.0-255,66,241504,82,294268
31647,0.051823,74.125.200.0-255,2902,244406,82,294268
31648,0.051827,172.31.47.0-255,66,244472,82,294268
31649,0.05185,74.125.200.0-255,2902,247374,82,294268
31650,0.051853,172.31.47.0-255,66,247440,82,294268
31651,0.053844,74.125.200.0-255,2902,250342,82,294268
31652,0.053848,172.31.47.0-255,66,250408,82,294268
31653,0.05388,74.125.200.0-255,2902,253310,82,294268
31654,0.053883,172.31.47.0-255,66,253376,82,294268
31655,0.055888,74.125.200.0-255,2902,256278,82,294268
31656,0.055907,172.31.47.0-255,66,256344,82,294268
31657,0.055938,74.125.200.0-255,2902,259246,82,294268
31658,0.055942,172.31.47.0-255,66,259312,82,294268
31659,0.057932,74.125.200.0-255,2902,262214,82,294268
31660,0.057944,172.31.47.0-255,66,262280,82,294268
31661,0.057968,74.125.200.0-255,2902,265182,82,294268
31662,0.05797,172.31.47.0-255,66,265248,82,294268
31663,0.059985,74.125.200.0-255,5738,270986,82,294268
31664,0.059996,172.31.47.0-255,66,271052,82,294268
31665,0.06207,74.125.200.0-255,5738,276790,82,294268
31666,0.062085,172.31.47.0-255,66,276856,82,294268
31667,0.064132,74.125.200.0-255,5738,282594,82,294268
31668,0.064149,172.31.47.0-255,66,282660,82,294268
31669,0.066199,74.125.200.0-255,5738,288398,82,294268
31670,0.066215,172.31.47.0-255,66,288464,82,294268
31671,0.068256,74.125.200.0-255,5738,294202,82,294268
31672,0.068265,172.31.47.0-255,66,294268,82,294268
31673,0.0,74.125.200.0-255,153,153,82,339318
31674,2.5e-05,172.31.47.0-255,66,219,82,339318
31675,3.2e-05,74.125.200.0-255,1484,1703,82,339318
31676,3.7e-05,172.31.47.0-255,66,1769,82,339318
31677,5.1e-05,74.125.200.0-255,2902,4671,82,339318
31678,5.4e-05,172.31.47.0-255,66,4737,82,339318
31679,8.9e-05,74.125.200.0-255,4320,9057,82,339318
31680,9.3e-05,172.31.47.0-255,66,9123,82,339318
31681,0.00012,74.125.200.0-255,5053,14176,82,339318
31682,0.000123,172.31.47.0-255,66,14242,82,339318
31683,0.000126,74.125.200.0-255,1484,15726,82,339318
31684,0.000128,172.31.47.0-255,66,15792,82,339318
31685,0.000132,74.125.200.0-255,2902,18694,82,339318
31686,0.000133,172.31.47.0-255,66,18760,82,339318
31687,0.000164,74.125.200.0-255,5738,24498,82,339318
31688,0.000168,172.31.47.0-255,66,24564,82,339318
31689,0.00017,74.125.200.0-255,1484,26048,82,339318
31690,0.000173,172.31.47.0-255,66,26114,82,339318
31691,0.000204,74.125.200.0-255,5379,31493,82,339318
31692,0.000211,172.31.47.0-255,66,31559,82,339318
31693,0.000261,74.125.200.0-255,1484,33043,82,339318
31694,0.000264,172.31.47.0-255,66,33109,82,339318
31695,0.000268,74.125.200.0-255,1484,34593,82,339318
31696,0.000269,172.31.47.0-255,66,34659,82,339318
31697,0.000288,74.125.200.0-255,1484,36143,82,339318
31698,0.00029,172.31.47.0-255,66,36209,82,339318
31699,0.000305,74.125.200.0-255,1484,37693,82,339318
31700,0.000307,172.31.47.0-255,66,37759,82,339318
31701,0.000325,74.125.200.0-255,2902,40661,82,339318
31702,0.000329,172.31.47.0-255,66,40727,82,339318
31703,0.000334,74.125.200.0-255,4320,45047,82,339318
31704,0.000335,172.31.47.0-255,66,45113,82,339318
31705,0.00037,74.125.200.0-255,3961,49074,82,339318
31706,0.000374,172.31.47.0-255,66,49140,82,339318
31707,0.000385,74.125.200.0-255,8574,57714,82,339318
31708,0.000388,172.31.47.0-255,66,57780,82,339318
31709,0.000394,74.125.200.0-255,7156,64936,82,339318
31710,0.000396,172.31.47.0-255,66,65002,82,339318
31711,0.000439,74.125.200.0-255,1436,66438,82,339318
31712,0.000486,74.125.200.0-255,109,66547,82,339318
31713,0.000915,74.125.200.0-255,1484,68031,82,339318
31714,0.00092,172.31.47.0-255,66,68097,82,339318
31715,0.000926,74.125.200.0-255,2902,70999,82,339318
31716,0.000928,172.31.47.0-255,66,71065,82,339318
31717,0.000965,74.125.200.0-255,1484,72549,82,339318
31718,0.00098,74.125.200.0-255,2902,75451,82,339318
31719,0.000982,172.31.47.0-255,66,75517,82,339318
31720,0.001007,74.125.200.0-255,4320,79837,82,339318
31721,0.001009,172.31.47.0-255,66,79903,82,339318
31722,0.001037,74.125.200.0-255,9633,89536,82,339318
31723,0.001039,172.31.47.0-255,66,89602,82,339318
31724,0.001044,74.125.200.0-255,4320,93922,82,339318
31725,0.001046,172.31.47.0-255,66,93988,82,339318
31726,0.00109,74.125.200.0-255,4320,98308,82,339318
31727,0.001094,172.31.47.0-255,66,98374,82,339318
31728,0.001119,74.125.200.0-255,1484,99858,82,339318
31729,0.001142,74.125.200.0-255,1370,101228,82,339318
31730,0.001146,172.31.47.0-255,66,101294,82,339318
31731,0.001329,74.125.200.0-255,1484,102778,82,339318
31732,0.001334,74.125.200.0-255,2902,105680,82,339318
31733,0.001337,172.31.47.0-255,66,105746,82,339318
31734,0.00134,74.125.200.0-255,1484,107230,82,339318
31735,0.00136,74.125.200.0-255,2902,110132,82,339318
31736,0.001364,74.125.200.0-255,4320,114452,82,339318
31737,0.001367,172.31.47.0-255,66,114518,82,339318
31738,0.001373,172.31.47.0-255,66,114584,82,339318
31739,0.001376,74.125.200.0-255,1484,116068,82,339318
31740,0.001406,74.125.200.0-255,5738,121806,82,339318
31741,0.001408,172.31.47.0-255,66,121872,82,339318
31742,0.001433,74.125.200.0-255,7156,129028,82,339318
31743,0.001436,172.31.47.0-255,66,129094,82,339318
31744,0.001464,74.125.200.0-255,6438,135532,82,339318
31745,0.001467,172.31.47.0-255,66,135598,82,339318
31746,0.003463,74.125.200.0-255,5738,141336,82,339318
31747,0.003467,172.31.47.0-255,66,141402,82,339318
31748,0.005497,74.125.200.0-255,5738,147140,82,339318
31749,0.005502,172.31.47.0-255,66,147206,82,339318
31750,0.007512,74.125.200.0-255,5738,152944,82,339318
31751,0.007519,172.31.47.0-255,66,153010,82,339318
31752,0.009567,74.125.200.0-255,5738,158748,82,339318
31753,0.009581,172.31.47.0-255,66,158814,82,339318
31754,0.011596,74.125.200.0-255,5738,164552,82,339318
31755,0.011602,172.31.47.0-255,66,164618,82,339318
31756,0.013611,74.125.200.0-255,5738,170356,82,339318
31757,0.013618,172.31.47.0-255,66,170422,82,339318
31758,0.01562,74.125.200.0-255,4320,174742,82,339318
31759,0.015625,172.31.47.0-255,66,174808,82,339318
31760,0.015651,74.125.200.0-255,1484,176292,82,339318
31761,0.017629,74.125.200.0-255,4320,180612,82,339318
31762,0.017636,172.31.47.0-255,66,180678,82,339318
31763,0.019649,74.125.200.0-255,5738,186416,82,339318
31764,0.019657,172.31.47.0-255,66,186482,82,339318
31765,0.021666,74.125.200.0-255,5738,192220,82,339318
31766,0.021671,172.31.47.0-255,66,192286,82,339318
31767,0.022222,172.31.47.0-255,210,192496,82,339318
31768,0.022321,172.31.47.0-255,1107,193603,82,339318
31769,0.022369,172.31.47.0-255,1514,195117,82,339318
31770,0.022371,172.31.47.0-255,1514,196631,82,339318
31771,0.022372,172.31.47.0-255,1514,198145,82,339318
31772,0.022394,172.31.47.0-255,1075,199220,82,339318
31773,0.023678,74.125.200.0-255,5738,204958,82,339318
31774,0.023684,172.31.47.0-255,66,205024,82,339318
31775,0.02373,104.244.42.0-255,66,205090,82,339318
31776,0.023801,104.244.42.0-255,66,205156,82,339318
31777,0.02394,104.244.42.0-255,66,205222,82,339318
31778,0.023945,104.244.42.0-255,66,205288,82,339318
31779,0.024771,104.244.42.0-255,108,205396,82,339318
31780,0.024779,172.31.47.0-255,66,205462,82,339318
31781,0.025681,74.125.200.0-255,4320,209782,82,339318
31782,0.025685,172.31.47.0-255,66,209848,82,339318
31783,0.02572,74.125.200.0-255,1484,211332,82,339318
31784,0.027683,74.125.200.0-255,4320,215652,82,339318
31785,0.027688,172.31.47.0-255,66,215718,82,339318
31786,0.029696,74.125.200.0-255,5738,221456,82,339318
31787,0.0297,172.31.47.0-255,66,221522,82,339318
31788,0.031707,74.125.200.0-255,5738,227260,82,339318
31789,0.031712,172.31.47.0-255,66,227326,82,339318
31790,0.033711,74.125.200.0-255,5738,233064,82,339318
31791,0.033716,172.31.47.0-255,66,233130,82,339318
31792,0.035725,74.125.200.0-255,5738,238868,82,339318
31793,0.03573,172.31.47.0-255,66,238934,82,339318
31794,0.037746,74.125.200.0-255,5738,244672,82,339318
31795,0.037752,172.31.47.0-255,66,244738,82,339318
31796,0.03976,74.125.200.0-255,5738,250476,82,339318
31797,0.039765,172.31.47.0-255,66,250542,82,339318
31798,0.041779,74.125.200.0-255,5738,256280,82,339318
31799,0.041786,172.31.47.0-255,66,256346,82,339318
31800,0.043792,74.125.200.0-255,5738,262084,82,339318
31801,0.043798,172.31.47.0-255,66,262150,82,339318
31802,0.045805,74.125.200.0-255,2902,265052,82,339318
31803,0.04581,172.31.47.0-255,66,265118,82,339318
31804,0.04584,74.125.200.0-255,2902,268020,82,339318
31805,0.045843,172.31.47.0-255,66,268086,82,339318
31806,0.047808,74.125.200.0-255,2902,270988,82,339318
31807,0.047814,172.31.47.0-255,66,271054,82,339318
31808,0.047847,74.125.200.0-255,2902,273956,82,339318
31809,0.04785,172.31.47.0-255,66,274022,82,339318
31810,0.049812,74.125.200.0-255,2902,276924,82,339318
31811,0.049816,172.31.47.0-255,66,276990,82,339318
31812,0.049846,74.125.200.0-255,2902,279892,82,339318
31813,0.049849,172.31.47.0-255,66,279958,82,339318
31814,0.05182,74.125.200.0-255,2902,282860,82,339318
31815,0.051825,172.31.47.0-255,66,282926,82,339318
31816,0.051855,74.125.200.0-255,2902,285828,82,339318
31817,0.051858,172.31.47.0-255,66,285894,82,339318
31818,0.05383,74.125.200.0-255,2902,288796,82,339318
31819,0.053837,172.31.47.0-255,66,288862,82,339318
31820,0.053867,74.125.200.0-255,2902,291764,82,339318
31821,0.05387,172.31.47.0-255,66,291830,82,339318
31822,0.055847,74.125.200.0-255,2902,294732,82,339318
31823,0.055853,172.31.47.0-255,66,294798,82,339318
31824,0.055882,74.125.200.0-255,2902,297700,82,339318
31825,0.055885,172.31.47.0-255,66,297766,82,339318
31826,0.05786,74.125.200.0-255,2902,300668,82,339318
31827,0.057866,172.31.47.0-255,66,300734,82,339318
31828,0.057902,74.125.200.0-255,2902,303636,82,339318
31829,0.057905,172.31.47.0-255,66,303702,82,339318
31830,0.059862,74.125.200.0-255,2902,306604,82,339318
31831,0.059867,172.31.47.0-255,66,306670,82,339318
31832,0.059902,74.125.200.0-255,2902,309572,82,339318
31833,0.059904,172.31.47.0-255,66,309638,82,339318
31834,0.061862,74.125.200.0-255,2902,312540,82,339318
31835,0.061866,172.31.47.0-255,66,312606,82,339318
31836,0.061899,74.125.200.0-255,2902,315508,82,339318
31837,0.061902,172.31.47.0-255,66,315574,82,339318
31838,0.063869,74.125.200.0-255,2902,318476,82,339318
31839,0.063874,172.31.47.0-255,66,318542,82,339318
31840,0.063902,74.125.200.0-255,2902,321444,82,339318
31841,0.063905,172.31.47.0-255,66,321510,82,339318
31842,0.065885,74.125.200.0-255,2902,324412,82,339318
31843,0.065902,172.31.47.0-255,66,324478,82,339318
31844,0.065926,74.125.200.0-255,2902,327380,82,339318
31845,0.06593,172.31.47.0-255,66,327446,82,339318
31846,0.067904,74.125.200.0-255,2902,330348,82,339318
31847,0.06791,172.31.47.0-255,66,330414,82,339318
31848,0.067943,74.125.200.0-255,2902,333316,82,339318
31849,0.067945,172.31.47.0-255,66,333382,82,339318
31850,0.069907,74.125.200.0-255,2902,336284,82,339318
31851,0.069912,172.31.47.0-255,66,336350,82,339318
31852,0.069936,74.125.200.0-255,2902,339252,82,339318
31853,0.069938,172.31.47.0-255,66,339318,82,339318
31854,0.0,216.58.203.0-255,153,153,82,340301
31855,3.3e-05,172.31.47.0-255,66,219,82,340301
31856,8.5e-05,216.58.203.0-255,1484,1703,82,340301
31857,9.1e-05,172.31.47.0-255,66,1769,82,340301
31858,9.4e-05,216.58.203.0-255,1484,3253,82,340301
31859,9.7e-05,172.31.47.0-255,66,3319,82,340301
31860,0.000102,216.58.203.0-255,2902,6221,82,340301
31861,0.000105,172.31.47.0-255,66,6287,82,340301
31862,0.000128,216.58.203.0-255,5738,12025,82,340301
31863,0.00013,172.31.47.0-255,66,12091,82,340301
31864,0.000147,216.58.203.0-255,2164,14255,82,340301
31865,0.000149,172.31.47.0-255,66,14321,82,340301
31866,0.000237,216.58.203.0-255,1484,15805,82,340301
31867,0.000241,172.31.47.0-255,66,15871,82,340301
31868,0.000244,216.58.203.0-255,1484,17355,82,340301
31869,0.000246,172.31.47.0-255,66,17421,82,340301
31870,0.000252,216.58.203.0-255,2902,20323,82,340301
31871,0.000256,172.31.47.0-255,66,20389,82,340301
31872,0.000283,216.58.203.0-255,5738,26127,82,340301
31873,0.000286,172.31.47.0-255,66,26193,82,340301
31874,0.000298,216.58.203.0-255,2902,29095,82,340301
31875,0.000302,172.31.47.0-255,66,29161,82,340301
31876,0.000322,216.58.203.0-255,2543,31704,82,340301
31877,0.000325,172.31.47.0-255,66,31770,82,340301
31878,0.000331,216.58.203.0-255,5738,37508,82,340301
31879,0.000334,172.31.47.0-255,66,37574,82,340301
31880,0.000367,216.58.203.0-255,8574,46148,82,340301
31881,0.00037,172.31.47.0-255,66,46214,82,340301
31882,0.000407,216.58.203.0-255,2543,48757,82,340301
31883,0.00041,172.31.47.0-255,66,48823,82,340301
31884,0.000472,216.58.203.0-255,1484,50307,82,340301
31885,0.000476,172.31.47.0-255,66,50373,82,340301
31886,0.00048,216.58.203.0-255,1484,51857,82,340301
31887,0.000494,216.58.203.0-255,1484,53341,82,340301
31888,0.000498,216.58.203.0-255,2902,56243,82,340301
31889,0.0005,172.31.47.0-255,66,56309,82,340301
31890,0.000504,172.31.47.0-255,66,56375,82,340301
31891,0.000525,216.58.203.0-255,4320,60695,82,340301
31892,0.000528,172.31.47.0-255,66,60761,82,340301
31893,0.00055,216.58.203.0-255,1484,62245,82,340301
31894,0.000563,216.58.203.0-255,3961,66206,82,340301
31895,0.000566,172.31.47.0-255,66,66272,82,340301
31896,0.000581,216.58.203.0-255,352,66624,82,340301
31897,0.000826,216.58.203.0-255,136,66760,82,340301
31898,0.000889,172.31.47.0-255,66,66826,82,340301
31899,0.001024,216.58.203.0-255,1484,68310,82,340301
31900,0.001032,216.58.203.0-255,2902,71212,82,340301
31901,0.001035,172.31.47.0-255,66,71278,82,340301
31902,0.001042,216.58.203.0-255,5738,77016,82,340301
31903,0.001043,172.31.47.0-255,66,77082,82,340301
31904,0.001067,216.58.203.0-255,4320,81402,82,340301
31905,0.001069,172.31.47.0-255,66,81468,82,340301
31906,0.001081,216.58.203.0-255,2543,84011,82,340301
31907,0.001084,172.31.47.0-255,66,84077,82,340301
31908,0.00109,216.58.203.0-255,4320,88397,82,340301
31909,0.001092,172.31.47.0-255,66,88463,82,340301
31910,0.001114,216.58.203.0-255,2902,91365,82,340301
31911,0.001117,172.31.47.0-255,66,91431,82,340301
31912,0.001125,216.58.203.0-255,9633,101064,82,340301
31913,0.001127,172.31.47.0-255,66,101130,82,340301
31914,0.001146,216.58.203.0-255,351,101481,82,340301
31915,0.002739,216.58.203.0-255,4320,105801,82,340301
31916,0.002745,172.31.47.0-255,66,105867,82,340301
31917,0.004365,216.58.203.0-255,5738,111605,82,340301
31918,0.004372,172.31.47.0-255,66,111671,82,340301
31919,0.00599,216.58.203.0-255,5738,117409,82,340301
31920,0.005993,172.31.47.0-255,66,117475,82,340301
31921,0.007618,216.58.203.0-255,5738,123213,82,340301
31922,0.007625,172.31.47.0-255,66,123279,82,340301
31923,0.009244,216.58.203.0-255,5738,129017,82,340301
31924,0.009252,172.31.47.0-255,66,129083,82,340301
31925,0.010867,216.58.203.0-255,5738,134821,82,340301
31926,0.010874,172.31.47.0-255,66,134887,82,340301
31927,0.012496,216.58.203.0-255,5738,140625,82,340301
31928,0.012505,172.31.47.0-255,66,140691,82,340301
31929,0.014126,216.58.203.0-255,5738,146429,82,340301
31930,0.014135,172.31.47.0-255,66,146495,82,340301
31931,0.015757,216.58.203.0-255,5738,152233,82,340301
31932,0.015764,172.31.47.0-255,66,152299,82,340301
31933,0.017393,216.58.203.0-255,5738,158037,82,340301
31934,0.017401,172.31.47.0-255,66,158103,82,340301
31935,0.01902,216.58.203.0-255,5738,163841,82,340301
31936,0.019026,172.31.47.0-255,66,163907,82,340301
31937,0.020647,216.58.203.0-255,5738,169645,82,340301
31938,0.020654,172.31.47.0-255,66,169711,82,340301
31939,0.022316,216.58.203.0-255,5738,175449,82,340301
31940,0.022322,172.31.47.0-255,66,175515,82,340301
31941,0.023913,172.31.47.0-255,172,175687,82,340301
31942,0.023942,216.58.203.0-255,5738,181425,82,340301
31943,0.023947,172.31.47.0-255,66,181491,82,340301
31944,0.023951,172.31.47.0-255,1111,182602,82,340301
31945,0.024037,172.31.47.0-255,1514,184116,82,340301
31946,0.024058,172.31.47.0-255,1288,185404,82,340301
31947,0.025468,104.244.42.0-255,66,185470,82,340301
31948,0.025475,104.244.42.0-255,66,185536,82,340301
31949,0.025565,216.58.203.0-255,5738,191274,82,340301
31950,0.025569,172.31.47.0-255,66,191340,82,340301
31951,0.025592,104.244.42.0-255,66,191406,82,340301
31952,0.02563,104.244.42.0-255,66,191472,82,340301
31953,0.027189,216.58.203.0-255,5738,197210,82,340301
31954,0.027195,172.31.47.0-255,66,197276,82,340301
31955,0.028811,216.58.203.0-255,5738,203014,82,340301
31956,0.028817,172.31.47.0-255,66,203080,82,340301
31957,0.030435,216.58.203.0-255,5738,208818,82,340301
31958,0.030441,172.31.47.0-255,66,208884,82,340301
31959,0.032059,216.58.203.0-255,5738,214622,82,340301
31960,0.032064,172.31.47.0-255,66,214688,82,340301
31961,0.033688,216.58.203.0-255,4320,219008,82,340301
31962,0.033693,172.31.47.0-255,66,219074,82,340301
31963,0.033721,216.58.203.0-255,1484,220558,82,340301
31964,0.035308,216.58.203.0-255,4320,224878,82,340301
31965,0.035314,172.31.47.0-255,66,224944,82,340301
31966,0.036943,216.58.203.0-255,5738,230682,82,340301
31967,0.036951,172.31.47.0-255,66,230748,82,340301
31968,0.038569,216.58.203.0-255,4320,235068,82,340301
31969,0.038575,172.31.47.0-255,66,235134,82,340301
31970,0.038607,216.58.203.0-255,1484,236618,82,340301
31971,0.0402,216.58.203.0-255,2902,239520,82,340301
31972,0.040205,172.31.47.0-255,66,239586,82,340301
31973,0.04023,216.58.203.0-255,1484,241070,82,340301
31974,0.041823,216.58.203.0-255,4320,245390,82,340301
31975,0.041827,172.31.47.0-255,66,245456,82,340301
31976,0.041931,172.31.47.0-255,101,245557,82,340301
31977,0.043448,216.58.203.0-255,4320,249877,82,340301
31978,0.043452,172.31.47.0-255,66,249943,82,340301
31979,0.043483,216.58.203.0-255,1484,251427,82,340301
31980,0.043508,216.58.203.0-255,66,251493,82,340301
31981,0.045059,216.58.203.0-255,2902,254395,82,340301
31982,0.045064,172.31.47.0-255,66,254461,82,340301
31983,0.045089,216.58.203.0-255,1484,255945,82,340301
31984,0.046678,216.58.203.0-255,2902,258847,82,340301
31985,0.046683,172.31.47.0-255,66,258913,82,340301
31986,0.046704,216.58.203.0-255,1484,260397,82,340301
31987,0.048296,216.58.203.0-255,4320,264717,82,340301
31988,0.048301,172.31.47.0-255,66,264783,82,340301
31989,0.049912,216.58.203.0-255,5738,270521,82,340301
31990,0.049917,172.31.47.0-255,66,270587,82,340301
31991,0.05154,216.58.203.0-255,5738,276325,82,340301
31992,0.051546,172.31.47.0-255,66,276391,82,340301
31993,0.053174,216.58.203.0-255,5738,282129,82,340301
31994,0.05318,172.31.47.0-255,66,282195,82,340301
31995,0.054806,216.58.203.0-255,5738,287933,82,340301
31996,0.054812,172.31.47.0-255,66,287999,82,340301
31997,0.056441,216.58.203.0-255,5738,293737,82,340301
31998,0.056446,172.31.47.0-255,66,293803,82,340301
31999,0.058095,216.58.203.0-255,5738,299541,82,340301
32000,0.058102,172.31.47.0-255,66,299607,82,340301
32001,0.059719,216.58.203.0-255,5738,305345,82,340301
32002,0.059727,172.31.47.0-255,66,305411,82,340301
32003,0.061358,216.58.203.0-255,5738,311149,82,340301
32004,0.061363,172.31.47.0-255,66,311215,82,340301
32005,0.062993,216.58.203.0-255,5738,316953,82,340301
32006,0.062998,172.31.47.0-255,66,317019,82,340301
32007,0.064615,216.58.203.0-255,5738,322757,82,340301
32008,0.064621,172.31.47.0-255,66,322823,82,340301
32009,0.066228,216.58.203.0-255,1484,324307,82,340301
32010,0.066254,216.58.203.0-255,4320,328627,82,340301
32011,0.066259,172.31.47.0-255,66,328693,82,340301
32012,0.067881,216.58.203.0-255,5738,334431,82,340301
32013,0.067886,172.31.47.0-255,66,334497,82,340301
32014,0.069505,216.58.203.0-255,5738,340235,82,340301
32015,0.06951,172.31.47.0-255,66,340301,82,340301
32016,0.0,172.31.47.0-255,66,66,82,66
32017,0.0,172.31.47.0-255,66,66,82,66
32018,0.0,74.125.68.0-255,153,153,82,340103
32019,2.7e-05,172.31.47.0-255,66,219,82,340103
32020,3.5e-05,74.125.68.0-255,1484,1703,82,340103
32021,3.9e-05,172.31.47.0-255,66,1769,82,340103
32022,4.2e-05,74.125.68.0-255,1484,3253,82,340103
32023,4.4e-05,172.31.47.0-255,66,3319,82,340103
32024,7e-05,74.125.68.0-255,1484,4803,82,340103
32025,7.3e-05,172.31.47.0-255,66,4869,82,340103
32026,8.1e-05,74.125.68.0-255,7156,12025,82,340103
32027,8.8e-05,172.31.47.0-255,66,12091,82,340103
32028,9.2e-05,74.125.68.0-255,2126,14217,82,340103
32029,9.4e-05,172.31.47.0-255,66,14283,82,340103
32030,0.000124,74.125.68.0-255,2902,17185,82,340103
32031,0.000127,172.31.47.0-255,66,17251,82,340103
32032,0.000133,74.125.68.0-255,2902,20153,82,340103
32033,0.000135,172.31.47.0-255,66,20219,82,340103
32034,0.00014,74.125.68.0-255,4320,24539,82,340103
32035,0.000142,172.31.47.0-255,66,24605,82,340103
32036,0.000187,74.125.68.0-255,8574,33179,82,340103
32037,0.00019,172.31.47.0-255,66,33245,82,340103
32038,0.000195,74.125.68.0-255,4320,37565,82,340103
32039,0.000197,172.31.47.0-255,66,37631,82,340103
32040,0.000204,74.125.68.0-255,5738,43369,82,340103
32041,0.000205,172.31.47.0-255,66,43435,82,340103
32042,0.000249,74.125.68.0-255,5020,48455,82,340103
32043,0.000252,172.31.47.0-255,66,48521,82,340103
32044,0.000274,74.125.68.0-255,1484,50005,82,340103
32045,0.000277,172.31.47.0-255,66,50071,82,340103
32046,0.000302,74.125.68.0-255,2902,52973,82,340103
32047,0.000305,172.31.47.0-255,66,53039,82,340103
32048,0.000312,74.125.68.0-255,5738,58777,82,340103
32049,0.000315,172.31.47.0-255,66,58843,82,340103
32050,0.000346,74.125.68.0-255,7110,65953,82,340103
32051,0.000349,172.31.47.0-255,66,66019,82,340103
32052,0.000353,74.125.68.0-255,108,66127,82,340103
32053,0.000376,74.125.68.0-255,333,66460,82,340103
32054,0.000529,74.125.68.0-255,1484,67944,82,340103
32055,0.000534,172.31.47.0-255,66,68010,82,340103
32056,0.000553,74.125.68.0-255,2902,70912,82,340103
32057,0.000556,172.31.47.0-255,66,70978,82,340103
32058,0.000588,74.125.68.0-255,5738,76716,82,340103
32059,0.000593,172.31.47.0-255,66,76782,82,340103
32060,0.000596,74.125.68.0-255,1484,78266,82,340103
32061,0.000621,74.125.68.0-255,7156,85422,82,340103
32062,0.000626,172.31.47.0-255,66,85488,82,340103
32063,0.00065,74.125.68.0-255,1484,86972,82,340103
32064,0.000655,74.125.68.0-255,2902,89874,82,340103
32065,0.000658,172.31.47.0-255,66,89940,82,340103
32066,0.000664,74.125.68.0-255,4320,94260,82,340103
32067,0.000668,172.31.47.0-255,66,94326,82,340103
32068,0.000699,74.125.68.0-255,4320,98646,82,340103
32069,0.000702,172.31.47.0-255,66,98712,82,340103
32070,0.000744,74.125.68.0-255,2184,100896,82,340103
32071,0.000749,172.31.47.0-255,66,100962,82,340103
32072,0.000848,74.125.68.0-255,1484,102446,82,340103
32073,0.000868,74.125.68.0-255,2902,105348,82,340103
32074,0.000871,172.31.47.0-255,66,105414,82,340103
32075,0.000896,74.125.68.0-255,1484,106898,82,340103
32076,0.000921,74.125.68.0-255,2902,109800,82,340103
32077,0.000925,172.31.47.0-255,66,109866,82,340103
32078,0.000956,74.125.68.0-255,1484,111350,82,340103
32079,0.00098,74.125.68.0-255,2902,114252,82,340103
32080,0.000983,172.31.47.0-255,66,114318,82,340103
32081,0.000987,74.125.68.0-255,1484,115802,82,340103
32082,0.00101,74.125.68.0-255,2902,118704,82,340103
32083,0.001013,172.31.47.0-255,66,118770,82,340103
32084,0.001073,74.125.68.0-255,2902,121672,82,340103
32085,0.001077,172.31.47.0-255,66,121738,82,340103
32086,0.001097,74.125.68.0-255,2902,124640,82,340103
32087,0.001099,172.31.47.0-255,66,124706,82,340103
32088,0.001107,74.125.68.0-255,7156,131862,82,340103
32089,0.001109,172.31.47.0-255,66,131928,82,340103
32090,0.001112,74.125.68.0-255,1484,133412,82,340103
32091,0.001117,74.125.68.0-255,2184,135596,82,340103
32092,0.001119,172.31.47.0-255,66,135662,82,340103
32093,0.001874,74.125.68.0-255,1484,137146,82,340103
32094,0.001887,74.125.68.0-255,2902,140048,82,340103
32095,0.001891,172.31.47.0-255,66,140114,82,340103
32096,0.001895,74.125.68.0-255,1484,141598,82,340103
32097,0.00192,74.125.68.0-255,2902,144500,82,340103
32098,0.001923,172.31.47.0-255,66,144566,82,340103
32099,0.001959,74.125.68.0-255,2902,147468,82,340103
32100,0.001961,172.31.47.0-255,66,147534,82,340103
32101,0.001987,74.125.68.0-255,4320,151854,82,340103
32102,0.00199,172.31.47.0-255,66,151920,82,340103
32103,0.002015,74.125.68.0-255,5738,157658,82,340103
32104,0.002017,172.31.47.0-255,66,157724,82,340103
32105,0.002069,74.125.68.0-255,7156,164880,82,340103
32106,0.002074,172.31.47.0-255,66,164946,82,340103
32107,0.002112,74.125.68.0-255,5020,169966,82,340103
32108,0.002116,172.31.47.0-255,66,170032,82,340103
32109,0.004388,74.125.68.0-255,5738,175770,82,340103
32110,0.004393,172.31.47.0-255,66,175836,82,340103
32111,0.006654,74.125.68.0-255,5738,181574,82,340103
32112,0.006659,172.31.47.0-255,66,181640,82,340103
32113,0.008926,74.125.68.0-255,5738,187378,82,340103
32114,0.008933,172.31.47.0-255,66,187444,82,340103
32115,0.011191,74.125.68.0-255,5738,193182,82,340103
32116,0.011199,172.31.47.0-255,66,193248,82,340103
32117,0.013456,74.125.68.0-255,5738,198986,82,340103
32118,0.013463,172.31.47.0-255,66,199052,82,340103
32119,0.015732,74.125.68.0-255,5738,204790,82,340103
32120,0.015738,172.31.47.0-255,66,204856,82,340103
32121,0.018001,74.125.68.0-255,5738,210594,82,340103
32122,0.018008,172.31.47.0-255,66,210660,82,340103
32123,0.020274,74.125.68.0-255,5738,216398,82,340103
32124,0.020283,172.31.47.0-255,66,216464,82,340103
32125,0.02255,74.125.68.0-255,5738,222202,82,340103
32126,0.022559,172.31.47.0-255,66,222268,82,340103
32127,0.024818,74.125.68.0-255,5738,228006,82,340103
32128,0.024824,172.31.47.0-255,66,228072,82,340103
32129,0.027107,74.125.68.0-255,5738,233810,82,340103
32130,0.027114,172.31.47.0-255,66,233876,82,340103
32131,0.02938,74.125.68.0-255,5738,239614,82,340103
32132,0.029389,172.31.47.0-255,66,239680,82,340103
32133,0.031673,74.125.68.0-255,4320,244000,82,340103
32134,0.031681,172.31.47.0-255,66,244066,82,340103
32135,0.031721,74.125.68.0-255,1484,245550,82,340103
32136,0.03393,74.125.68.0-255,4320,249870,82,340103
32137,0.033936,172.31.47.0-255,66,249936,82,340103
32138,0.034738,172.31.47.0-255,172,250108,82,340103
32139,0.034774,172.31.47.0-255,1103,251211,82,340103
32140,0.034809,172.31.47.0-255,1514,252725,82,340103
32141,0.034811,172.31.47.0-255,1298,254023,82,340103
32142,0.036201,74.125.68.0-255,5738,259761,82,340103
32143,0.036213,172.31.47.0-255,66,259827,82,340103
32144,0.036258,104.244.42.0-255,66,259893,82,340103
32145,0.036291,104.244.42.0-255,66,259959,82,340103
32146,0.036347,104.244.42.0-255,66,260025,82,340103
32147,0.037016,104.244.42.0-255,108,260133,82,340103
32148,0.037022,172.31.47.0-255,66,260199,82,340103
32149,0.038485,74.125.68.0-255,5738,265937,82,340103
32150,0.038494,172.31.47.0-255,66,266003,82,340103
32151,0.040766,74.125.68.0-255,5738,271741,82,340103
32152,0.040776,172.31.47.0-255,66,271807,82,340103
32153,0.043077,74.125.68.0-255,5738,277545,82,340103
32154,0.043096,172.31.47.0-255,66,277611,82,340103
32155,0.04537,74.125.68.0-255,5738,283349,82,340103
32156,0.045381,172.31.47.0-255,66,283415,82,340103
32157,0.047653,74.125.68.0-255,5738,289153,82,340103
32158,0.047667,172.31.47.0-255,66,289219,82,340103
32159,0.049959,74.125.68.0-255,5738,294957,82,340103
32160,0.04998,172.31.47.0-255,66,295023,82,340103
32161,0.052266,74.125.68.0-255,5738,300761,82,340103
32162,0.05228,172.31.47.0-255,66,300827,82,340103
32163,0.054623,74.125.68.0-255,5738,306565,82,340103
32164,0.054639,172.31.47.0-255,66,306631,82,340103
32165,0.056922,74.125.68.0-255,5738,312369,82,340103
32166,0.056941,172.31.47.0-255,66,312435,82,340103
32167,0.059208,74.125.68.0-255,5738,318173,82,340103
32168,0.059216,172.31.47.0-255,66,318239,82,340103
32169,0.06146,74.125.68.0-255,4320,322559,82,340103
32170,0.061466,172.31.47.0-255,66,322625,82,340103
32171,0.061499,74.125.68.0-255,1484,324109,82,340103
32172,0.063723,74.125.68.0-255,4320,328429,82,340103
32173,0.063729,172.31.47.0-255,66,328495,82,340103
32174,0.065983,74.125.68.0-255,5738,334233,82,340103
32175,0.065989,172.31.47.0-255,66,334299,82,340103
32176,0.068255,74.125.68.0-255,5738,340037,82,340103
32177,0.068261,172.31.47.0-255,66,340103,82,340103
32178,0.0,172.217.24.0-255,153,153,82,302671
32179,1.7e-05,172.31.47.0-255,66,219,82,302671
32180,2.3e-05,172.217.24.0-255,1484,1703,82,302671
32181,2.8e-05,172.31.47.0-255,66,1769,82,302671
32182,4e-05,172.217.24.0-255,2902,4671,82,302671
32183,4.3e-05,172.31.47.0-255,66,4737,82,302671
32184,4.9e-05,172.217.24.0-255,4320,9057,82,302671
32185,5.2e-05,172.31.47.0-255,66,9123,82,302671
32186,5.8e-05,172.217.24.0-255,4903,14026,82,302671
32187,6e-05,172.31.47.0-255,66,14092,82,302671
32188,6.4e-05,172.217.24.0-255,2902,16994,82,302671
32189,6.6e-05,172.31.47.0-255,66,17060,82,302671
32190,0.000109,172.217.24.0-255,8574,25634,82,302671
32191,0.000111,172.31.47.0-255,66,25700,82,302671
32192,0.000117,172.217.24.0-255,5379,31079,82,302671
32193,0.000119,172.31.47.0-255,66,31145,82,302671
32194,0.000146,172.217.24.0-255,1484,32629,82,302671
32195,0.000148,172.31.47.0-255,66,32695,82,302671
32196,0.000152,172.217.24.0-255,2902,35597,82,302671
32197,0.000154,172.31.47.0-255,66,35663,82,302671
32198,0.000173,172.217.24.0-255,5738,41401,82,302671
32199,0.000176,172.31.47.0-255,66,41467,82,302671
32200,0.000181,172.217.24.0-255,4320,45787,82,302671
32201,0.000183,172.31.47.0-255,66,45853,82,302671
32202,0.000206,172.217.24.0-255,2543,48396,82,302671
32203,0.000208,172.31.47.0-255,66,48462,82,302671
32204,0.000304,172.217.24.0-255,1484,49946,82,302671
32205,0.000306,172.31.47.0-255,66,50012,82,302671
32206,0.000338,172.217.24.0-255,2902,52914,82,302671
32207,0.000341,172.31.47.0-255,66,52980,82,302671
32208,0.000347,172.217.24.0-255,5738,58718,82,302671
32209,0.000349,172.31.47.0-255,66,58784,82,302671
32210,0.000359,172.217.24.0-255,6797,65581,82,302671
32211,0.000361,172.31.47.0-255,66,65647,82,302671
32212,0.000363,172.217.24.0-255,390,66037,82,302671
32213,0.000913,172.31.47.0-255,66,66103,82,302671
32214,0.000996,172.217.24.0-255,118,66221,82,302671
32215,0.001104,172.217.24.0-255,1484,67705,82,302671
32216,0.001108,172.31.47.0-255,66,67771,82,302671
32217,0.001114,172.217.24.0-255,2902,70673,82,302671
32218,0.001115,172.31.47.0-255,66,70739,82,302671
32219,0.001125,172.217.24.0-255,5738,76477,82,302671
32220,0.001127,172.31.47.0-255,66,76543,82,302671
32221,0.00117,172.217.24.0-255,6797,83340,82,302671
32222,0.001172,172.31.47.0-255,66,83406,82,302671
32223,0.001187,172.217.24.0-255,7156,90562,82,302671
32224,0.001189,172.31.47.0-255,66,90628,82,302671
32225,0.001199,172.217.24.0-255,4320,94948,82,302671
32226,0.0012,172.31.47.0-255,66,95014,82,302671
32227,0.001241,172.217.24.0-255,1484,96498,82,302671
32228,0.00126,172.217.24.0-255,3961,100459,82,302671
32229,0.001263,172.31.47.0-255,66,100525,82,302671
32230,0.003192,172.217.24.0-255,4320,104845,82,302671
32231,0.003198,172.31.47.0-255,66,104911,82,302671
32232,0.003219,172.217.24.0-255,1484,106395,82,302671
32233,0.005192,172.217.24.0-255,4320,110715,82,302671
32234,0.005195,172.31.47.0-255,66,110781,82,302671
32235,0.007128,172.217.24.0-255,5738,116519,82,302671
32236,0.007133,172.31.47.0-255,66,116585,82,302671
32237,0.009074,172.217.24.0-255,5738,122323,82,302671
32238,0.00908,172.31.47.0-255,66,122389,82,302671
32239,0.01101,172.217.24.0-255,5738,128127,82,302671
32240,0.011017,172.31.47.0-255,66,128193,82,302671
32241,0.012952,172.217.24.0-255,5738,133931,82,302671
32242,0.012959,172.31.47.0-255,66,133997,82,302671
32243,0.014891,172.217.24.0-255,5738,139735,82,302671
32244,0.014899,172.31.47.0-255,66,139801,82,302671
32245,0.016842,172.217.24.0-255,5738,145539,82,302671
32246,0.016848,172.31.47.0-255,66,145605,82,302671
32247,0.018789,172.217.24.0-255,5738,151343,82,302671
32248,0.018799,172.31.47.0-255,66,151409,82,302671
32249,0.020733,172.217.24.0-255,5738,157147,82,302671
32250,0.02074,172.31.47.0-255,66,157213,82,302671
32251,0.022664,172.217.24.0-255,5738,162951,82,302671
32252,0.022671,172.31.47.0-255,66,163017,82,302671
32253,0.023553,172.31.47.0-255,171,163188,82,302671
32254,0.023586,172.31.47.0-255,1131,164319,82,302671
32255,0.023644,172.31.47.0-255,1514,165833,82,302671
32256,0.023646,172.31.47.0-255,1268,167101,82,302671
32257,0.024598,172.217.24.0-255,5738,172839,82,302671
32258,0.024605,172.31.47.0-255,66,172905,82,302671
32259,0.025099,104.244.42.0-255,66,172971,82,302671
32260,0.025283,104.244.42.0-255,66,173037,82,302671
32261,0.025287,104.244.42.0-255,66,173103,82,302671
32262,0.026552,172.217.24.0-255,4320,177423,82,302671
32263,0.026556,172.31.47.0-255,66,177489,82,302671
32264,0.026578,172.217.24.0-255,1484,178973,82,302671
32265,0.028498,172.217.24.0-255,4320,183293,82,302671
32266,0.028503,172.31.47.0-255,66,183359,82,302671
32267,0.030437,172.217.24.0-255,5738,189097,82,302671
32268,0.030444,172.31.47.0-255,66,189163,82,302671
32269,0.032383,172.217.24.0-255,5738,194901,82,302671
32270,0.03239,172.31.47.0-255,66,194967,82,302671
32271,0.034325,172.217.24.0-255,5738,200705,82,302671
32272,0.034332,172.31.47.0-255,66,200771,82,302671
32273,0.036271,172.217.24.0-255,5738,206509,82,302671
32274,0.036278,172.31.47.0-255,66,206575,82,302671
32275,0.038219,172.217.24.0-255,5738,212313,82,302671
32276,0.038226,172.31.47.0-255,66,212379,82,302671
32277,0.040354,172.217.24.0-255,5738,218117,82,302671
32278,0.040362,172.31.47.0-255,66,218183,82,302671
32279,0.042287,172.217.24.0-255,4320,222503,82,302671
32280,0.042294,172.31.47.0-255,66,222569,82,302671
32281,0.04232,172.217.24.0-255,1484,224053,82,302671
32282,0.044223,172.217.24.0-255,4320,228373,82,302671
32283,0.04423,172.31.47.0-255,66,228439,82,302671
32284,0.046165,172.217.24.0-255,2902,231341,82,302671
32285,0.046172,172.31.47.0-255,66,231407,82,302671
32286,0.046197,172.217.24.0-255,2902,234309,82,302671
32287,0.046199,172.31.47.0-255,66,234375,82,302671
32288,0.048126,172.217.24.0-255,5738,240113,82,302671
32289,0.048134,172.31.47.0-255,66,240179,82,302671
32290,0.050158,172.217.24.0-255,5738,245917,82,302671
32291,0.050165,172.31.47.0-255,66,245983,82,302671
32292,0.052096,172.217.24.0-255,5738,251721,82,302671
32293,0.052101,172.31.47.0-255,66,251787,82,302671
32294,0.054032,172.217.24.0-255,5738,257525,82,302671
32295,0.054037,172.31.47.0-255,66,257591,82,302671
32296,0.055962,172.217.24.0-255,5738,263329,82,302671
32297,0.055968,172.31.47.0-255,66,263395,82,302671
32298,0.057925,172.217.24.0-255,4320,267715,82,302671
32299,0.057931,172.31.47.0-255,66,267781,82,302671
32300,0.057956,172.217.24.0-255,1484,269265,82,302671
32301,0.059852,172.217.24.0-255,4320,273585,82,302671
32302,0.059857,172.31.47.0-255,66,273651,82,302671
32303,0.061782,172.217.24.0-255,5738,279389,82,302671
32304,0.061787,172.31.47.0-255,66,279455,82,302671
32305,0.063734,172.217.24.0-255,5738,285193,82,302671
32306,0.063741,172.31.47.0-255,66,285259,82,302671
32307,0.065688,172.217.24.0-255,5738,290997,82,302671
32308,0.065695,172.31.47.0-255,66,291063,82,302671
32309,0.067628,172.217.24.0-255,5738,296801,82,302671
32310,0.067633,172.31.47.0-255,66,296867,82,302671
32311,0.069584,172.217.24.0-255,5738,302605,82,302671
32312,0.06959,172.31.47.0-255,66,302671,82,302671
32313,0.0,172.31.47.0-255,105,105,82,105
32314,0.0,74.125.200.0-255,156,156,82,382124
32315,3.1e-05,172.31.47.0-255,66,222,82,382124
32316,3.6e-05,74.125.200.0-255,1484,1706,82,382124
32317,4e-05,172.31.47.0-255,66,1772,82,382124
32318,4.5e-05,74.125.200.0-255,2902,4674,82,382124
32319,4.9e-05,172.31.47.0-255,66,4740,82,382124
32320,8e-05,74.125.200.0-255,7156,11896,82,382124
32321,8.3e-05,172.31.47.0-255,66,11962,82,382124
32322,8.6e-05,74.125.200.0-255,2173,14135,82,382124
32323,8.8e-05,172.31.47.0-255,66,14201,82,382124
32324,0.000317,74.125.200.0-255,1484,15685,82,382124
32325,0.000322,172.31.47.0-255,66,15751,82,382124
32326,0.000326,74.125.200.0-255,1484,17235,82,382124
32327,0.000328,172.31.47.0-255,66,17301,82,382124
32328,0.000332,74.125.200.0-255,2902,20203,82,382124
32329,0.000334,172.31.47.0-255,66,20269,82,382124
32330,0.00036,74.125.200.0-255,5738,26007,82,382124
32331,0.000363,172.31.47.0-255,66,26073,82,382124
32332,0.000366,74.125.200.0-255,1484,27557,82,382124
32333,0.000368,172.31.47.0-255,66,27623,82,382124
32334,0.000395,74.125.200.0-255,3961,31584,82,382124
32335,0.000398,172.31.47.0-255,66,31650,82,382124
32336,0.000417,74.125.200.0-255,2902,34552,82,382124
32337,0.000421,172.31.47.0-255,66,34618,82,382124
32338,0.000428,74.125.200.0-255,2902,37520,82,382124
32339,0.000431,172.31.47.0-255,66,37586,82,382124
32340,0.000434,74.125.200.0-255,1484,39070,82,382124
32341,0.000435,172.31.47.0-255,66,39136,82,382124
32342,0.000451,74.125.200.0-255,4320,43456,82,382124
32343,0.000454,172.31.47.0-255,66,43522,82,382124
32344,0.000487,74.125.200.0-255,7156,50678,82,382124
32345,0.00049,172.31.47.0-255,66,50744,82,382124
32346,0.000496,74.125.200.0-255,5738,56482,82,382124
32347,0.000499,172.31.47.0-255,66,56548,82,382124
32348,0.000503,74.125.200.0-255,7156,63704,82,382124
32349,0.000505,172.31.47.0-255,66,63770,82,382124
32350,0.000527,74.125.200.0-255,2184,65954,82,382124
32351,0.00053,172.31.47.0-255,66,66020,82,382124
32352,0.000549,74.125.200.0-255,444,66464,82,382124
32353,0.000639,74.125.200.0-255,1484,67948,82,382124
32354,0.000643,172.31.47.0-255,66,68014,82,382124
32355,0.000648,74.125.200.0-255,2902,70916,82,382124
32356,0.00065,172.31.47.0-255,66,70982,82,382124
32357,0.000664,74.125.200.0-255,2902,73884,82,382124
32358,0.000668,172.31.47.0-255,66,73950,82,382124
32359,0.000687,74.125.200.0-255,2902,76852,82,382124
32360,0.000689,172.31.47.0-255,66,76918,82,382124
32361,0.000717,74.125.200.0-255,8574,85492,82,382124
32362,0.000719,172.31.47.0-255,66,85558,82,382124
32363,0.000723,74.125.200.0-255,2902,88460,82,382124
32364,0.000725,172.31.47.0-255,66,88526,82,382124
32365,0.000748,74.125.200.0-255,7156,95682,82,382124
32366,0.000751,172.31.47.0-255,66,95748,82,382124
32367,0.000756,74.125.200.0-255,5020,100768,82,382124
32368,0.000758,172.31.47.0-255,66,100834,82,382124
32369,0.00076,74.125.200.0-255,331,101165,82,382124
32370,0.000811,74.125.200.0-255,1484,102649,82,382124
32371,0.000814,172.31.47.0-255,66,102715,82,382124
32372,0.000828,74.125.200.0-255,2902,105617,82,382124
32373,0.00083,172.31.47.0-255,66,105683,82,382124
32374,0.000853,74.125.200.0-255,1484,107167,82,382124
32375,0.000859,74.125.200.0-255,5738,112905,82,382124
32376,0.000861,172.31.47.0-255,66,112971,82,382124
32377,0.000897,172.31.47.0-255,66,113037,82,382124
32378,0.000902,74.125.200.0-255,4320,117357,82,382124
32379,0.000905,172.31.47.0-255,66,117423,82,382124
32380,0.000937,74.125.200.0-255,4320,121743,82,382124
32381,0.000941,172.31.47.0-255,66,121809,82,382124
32382,0.000953,74.125.200.0-255,2184,123993,82,382124
32383,0.000956,172.31.47.0-255,66,124059,82,382124
32384,0.000977,74.125.200.0-255,5738,129797,82,382124
32385,0.000979,172.31.47.0-255,66,129863,82,382124
32386,0.000991,74.125.200.0-255,1484,131347,82,382124
32387,0.000995,74.125.200.0-255,2902,134249,82,382124
32388,0.000997,172.31.47.0-255,66,134315,82,382124
32389,0.001011,74.125.200.0-255,1484,135799,82,382124
32390,0.001026,74.125.200.0-255,7156,142955,82,382124
32391,0.001028,172.31.47.0-255,66,143021,82,382124
32392,0.001049,74.125.200.0-255,2902,145923,82,382124
32393,0.001051,172.31.47.0-255,66,145989,82,382124
32394,0.001057,74.125.200.0-255,5738,151727,82,382124
32395,0.001059,172.31.47.0-255,66,151793,82,382124
32396,0.001076,74.125.200.0-255,5738,157531,82,382124
32397,0.001078,74.125.200.0-255,766,158297,82,382124
32398,0.001079,172.31.47.0-255,66,158363,82,382124
32399,0.001127,74.125.200.0-255,1484,159847,82,382124
32400,0.00113,172.31.47.0-255,66,159913,82,382124
32401,0.001134,74.125.200.0-255,1484,161397,82,382124
32402,0.001151,74.125.200.0-255,2902,164299,82,382124
32403,0.001154,172.31.47.0-255,66,164365,82,382124
32404,0.001165,74.125.200.0-255,5738,170103,82,382124
32405,0.001168,172.31.47.0-255,66,170169,82,382124
32406,0.001231,172.31.47.0-255,66,170235,82,382124
32407,0.001247,74.125.200.0-255,5738,175973,82,382124
32408,0.00125,172.31.47.0-255,66,176039,82,382124
32409,0.001268,74.125.200.0-255,5020,181059,82,382124
32410,0.001271,172.31.47.0-255,66,181125,82,382124
32411,0.00129,74.125.200.0-255,1484,182609,82,382124
32412,0.001307,74.125.200.0-255,2902,185511,82,382124
32413,0.00131,172.31.47.0-255,66,185577,82,382124
32414,0.001334,74.125.200.0-255,5738,191315,82,382124
32415,0.001337,172.31.47.0-255,66,191381,82,382124
32416,0.001342,74.125.200.0-255,5738,197119,82,382124
32417,0.001344,172.31.47.0-255,66,197185,82,382124
32418,0.001356,74.125.200.0-255,1484,198669,82,382124
32419,0.001358,74.125.200.0-255,1484,200153,82,382124
32420,0.00136,172.31.47.0-255,66,200219,82,382124
32421,0.001383,74.125.200.0-255,7156,207375,82,382124
32422,0.001386,172.31.47.0-255,66,207441,82,382124
32423,0.001407,74.125.200.0-255,7856,215297,82,382124
32424,0.00141,172.31.47.0-255,66,215363,82,382124
32425,0.001468,74.125.200.0-255,1484,216847,82,382124
32426,0.001481,74.125.200.0-255,2902,219749,82,382124
32427,0.001484,172.31.47.0-255,66,219815,82,382124
32428,0.001487,74.125.200.0-255,1484,221299,82,382124
32429,0.00151,74.125.200.0-255,4320,225619,82,382124
32430,0.001513,172.31.47.0-255,66,225685,82,382124
32431,0.001529,74.125.200.0-255,1484,227169,82,382124
32432,0.001565,172.31.47.0-255,66,227235,82,382124
32433,0.001569,74.125.200.0-255,2902,230137,82,382124
32434,0.001571,172.31.47.0-255,66,230203,82,382124
32435,0.001575,74.125.200.0-255,4320,234523,82,382124
32436,0.001578,172.31.47.0-255,66,234589,82,382124
32437,0.001601,74.125.200.0-255,2184,236773,82,382124
32438,0.001604,172.31.47.0-255,66,236839,82,382124
32439,0.003868,74.125.200.0-255,2902,239741,82,382124
32440,0.003874,172.31.47.0-255,66,239807,82,382124
32441,0.003894,74.125.200.0-255,2902,242709,82,382124
32442,0.003896,172.31.47.0-255,66,242775,82,382124
32443,0.006172,74.125.200.0-255,2902,245677,82,382124
32444,0.006178,172.31.47.0-255,66,245743,82,382124
32445,0.00621,74.125.200.0-255,2902,248645,82,382124
32446,0.006214,172.31.47.0-255,66,248711,82,382124
32447,0.008513,74.125.200.0-255,5738,254449,82,382124
32448,0.00852,172.31.47.0-255,66,254515,82,382124
32449,0.010818,74.125.200.0-255,5738,260253,82,382124
32450,0.010826,172.31.47.0-255,66,260319,82,382124
32451,0.013124,74.125.200.0-255,5738,266057,82,382124
32452,0.013134,172.31.47.0-255,66,266123,82,382124
32453,0.015437,74.125.200.0-255,5738,271861,82,382124
32454,0.015445,172.31.47.0-255,66,271927,82,382124
32455,0.01775,74.125.200.0-255,5738,277665,82,382124
32456,0.017758,172.31.47.0-255,66,277731,82,382124
32457,0.020058,74.125.200.0-255,5738,283469,82,382124
32458,0.020069,172.31.47.0-255,66,283535,82,382124
32459,0.022091,172.31.47.0-255,172,283707,82,382124
32460,0.02212,172.31.47.0-255,1111,284818,82,382124
32461,0.022165,172.31.47.0-255,1514,286332,82,382124
32462,0.022167,172.31.47.0-255,1288,287620,82,382124
32463,0.022361,74.125.200.0-255,5738,293358,82,382124
32464,0.022367,172.31.47.0-255,66,293424,82,382124
32465,0.02362,104.244.42.0-255,66,293490,82,382124
32466,0.023649,104.244.42.0-255,66,293556,82,382124
32467,0.023701,104.244.42.0-255,66,293622,82,382124
32468,0.024658,74.125.200.0-255,4320,297942,82,382124
32469,0.024663,172.31.47.0-255,66,298008,82,382124
32470,0.02468,74.125.200.0-255,1484,299492,82,382124
32471,0.026951,74.125.200.0-255,4320,303812,82,382124
32472,0.026956,172.31.47.0-255,66,303878,82,382124
32473,0.029254,74.125.200.0-255,5738,309616,82,382124
32474,0.029259,172.31.47.0-255,66,309682,82,382124
32475,0.031561,74.125.200.0-255,5738,315420,82,382124
32476,0.031568,172.31.47.0-255,66,315486,82,382124
32477,0.033884,74.125.200.0-255,5738,321224,82,382124
32478,0.033895,172.31.47.0-255,66,321290,82,382124
32479,0.036205,74.125.200.0-255,5738,327028,82,382124
32480,0.036212,172.31.47.0-255,66,327094,82,382124
32481,0.038505,74.125.200.0-255,5738,332832,82,382124
32482,0.038511,172.31.47.0-255,66,332898,82,382124
32483,0.040831,74.125.200.0-255,2902,335800,82,382124
32484,0.040836,172.31.47.0-255,66,335866,82,382124
32485,0.040856,74.125.200.0-255,2902,338768,82,382124
32486,0.040858,172.31.47.0-255,66,338834,82,382124
32487,0.043125,74.125.200.0-255,2902,341736,82,382124
32488,0.043128,172.31.47.0-255,66,341802,82,382124
32489,0.043148,74.125.200.0-255,2902,344704,82,382124
32490,0.04315,172.31.47.0-255,66,344770,82,382124
32491,0.045418,74.125.200.0-255,2902,347672,82,382124
32492,0.045426,172.31.47.0-255,66,347738,82,382124
32493,0.045447,74.125.200.0-255,2902,350640,82,382124
32494,0.045449,172.31.47.0-255,66,350706,82,382124
32495,0.047727,74.125.200.0-255,4320,355026,82,382124
32496,0.047735,172.31.47.0-255,66,355092,82,382124
32497,0.047753,74.125.200.0-255,1484,356576,82,382124
32498,0.050043,74.125.200.0-255,4320,360896,82,382124
32499,0.050049,172.31.47.0-255,66,360962,82,382124
32500,0.052356,74.125.200.0-255,5738,366700,82,382124
32501,0.052361,172.31.47.0-255,66,366766,82,382124
32502,0.054655,74.125.200.0-255,5738,372504,82,382124
32503,0.05466,172.31.47.0-255,66,372570,82,382124
32504,0.056946,74.125.200.0-255,5738,378308,82,382124
32505,0.056953,172.31.47.0-255,66,378374,82,382124
32506,0.059242,74.125.200.0-255,3513,381887,82,382124
32507,0.059247,172.31.47.0-255,66,381953,82,382124
32508,0.059395,172.31.47.0-255,105,382058,82,382124
32509,0.061652,74.125.200.0-255,66,382124,82,382124
32510,0.0,172.31.47.0-255,66,66,82,66
32511,0.0,74.125.24.0-255,298,298,82,354113
32512,3.2e-05,172.31.47.0-255,66,364,82,354113
32513,3.8e-05,74.125.24.0-255,1484,1848,82,354113
32514,4.3e-05,172.31.47.0-255,66,1914,82,354113
32515,4.8e-05,74.125.24.0-255,4320,6234,82,354113
32516,5.1e-05,172.31.47.0-255,66,6300,82,354113
32517,5.3e-05,74.125.24.0-255,1484,7784,82,354113
32518,5.5e-05,172.31.47.0-255,66,7850,82,354113
32519,8.8e-05,74.125.24.0-255,7630,15480,82,354113
32520,9.1e-05,172.31.47.0-255,66,15546,82,354113
32521,9.7e-05,74.125.24.0-255,7156,22702,82,354113
32522,0.000101,172.31.47.0-255,66,22768,82,354113
32523,0.000141,74.125.24.0-255,2902,25670,82,354113
32524,0.000144,172.31.47.0-255,66,25736,82,354113
32525,0.000165,74.125.24.0-255,5379,31115,82,354113
32526,0.000168,172.31.47.0-255,66,31181,82,354113
32527,0.000184,74.125.24.0-255,1484,32665,82,354113
32528,0.000189,172.31.47.0-255,66,32731,82,354113
32529,0.000212,74.125.24.0-255,4320,37051,82,354113
32530,0.000215,172.31.47.0-255,66,37117,82,354113
32531,0.000222,74.125.24.0-255,7156,44273,82,354113
32532,0.000224,172.31.47.0-255,66,44339,82,354113
32533,0.000285,172.31.47.0-255,66,44405,82,354113
32534,0.000306,74.125.24.0-255,2902,47307,82,354113
32535,0.000309,172.31.47.0-255,66,47373,82,354113
32536,0.000317,74.125.24.0-255,6438,53811,82,354113
32537,0.00032,172.31.47.0-255,66,53877,82,354113
32538,0.000322,74.125.24.0-255,362,54239,82,354113
32539,0.000324,172.31.47.0-255,66,54305,82,354113
32540,0.000327,74.125.24.0-255,132,54437,82,354113
32541,0.000329,172.31.47.0-255,66,54503,82,354113
32542,0.000856,74.125.24.0-255,1484,55987,82,354113
32543,0.000866,74.125.24.0-255,2902,58889,82,354113
32544,0.000869,172.31.47.0-255,66,58955,82,354113
32545,0.000882,74.125.24.0-255,1484,60439,82,354113
32546,0.0009,74.125.24.0-255,4320,64759,82,354113
32547,0.000902,172.31.47.0-255,66,64825,82,354113
32548,0.000919,74.125.24.0-255,4320,69145,82,354113
32549,0.000922,172.31.47.0-255,66,69211,82,354113
32550,0.000944,74.125.24.0-255,8475,77686,82,354113
32551,0.000947,172.31.47.0-255,66,77752,82,354113
32552,0.000952,74.125.24.0-255,4320,82072,82,354113
32553,0.000954,172.31.47.0-255,66,82138,82,354113
32554,0.000959,74.125.24.0-255,4320,86458,82,354113
32555,0.000961,172.31.47.0-255,66,86524,82,354113
32556,0.000991,74.125.24.0-255,1484,88008,82,354113
32557,0.001004,172.31.47.0-255,66,88074,82,354113
32558,0.001011,74.125.24.0-255,6438,94512,82,354113
32559,0.001014,172.31.47.0-255,66,94578,82,354113
32560,0.001047,74.125.24.0-255,2902,97480,82,354113
32561,0.00105,172.31.47.0-255,66,97546,82,354113
32562,0.001073,74.125.24.0-255,5738,103284,82,354113
32563,0.001075,172.31.47.0-255,66,103350,82,354113
32564,0.001083,74.125.24.0-255,7156,110506,82,354113
32565,0.001085,172.31.47.0-255,66,110572,82,354113
32566,0.001113,74.125.24.0-255,1992,112564,82,354113
32567,0.001116,172.31.47.0-255,66,112630,82,354113
32568,0.001124,74.125.24.0-255,9992,122622,82,354113
32569,0.001127,172.31.47.0-255,66,122688,82,354113
32570,0.001134,74.125.24.0-255,5738,128426,82,354113
32571,0.001136,172.31.47.0-255,66,128492,82,354113
32572,0.001172,172.31.47.0-255,66,128558,82,354113
32573,0.00119,74.125.24.0-255,2902,131460,82,354113
32574,0.001193,172.31.47.0-255,66,131526,82,354113
32575,0.001213,74.125.24.0-255,2184,133710,82,354113
32576,0.001216,172.31.47.0-255,66,133776,82,354113
32577,0.001271,74.125.24.0-255,1484,135260,82,354113
32578,0.001283,74.125.24.0-255,2902,138162,82,354113
32579,0.001287,172.31.47.0-255,66,138228,82,354113
32580,0.001308,74.125.24.0-255,5738,143966,82,354113
32581,0.001312,172.31.47.0-255,66,144032,82,354113
32582,0.001343,74.125.24.0-255,1484,145516,82,354113
32583,0.001356,74.125.24.0-255,4320,149836,82,354113
32584,0.00136,172.31.47.0-255,66,149902,82,354113
32585,0.001382,74.125.24.0-255,7156,157058,82,354113
32586,0.001385,172.31.47.0-255,66,157124,82,354113
32587,0.001392,74.125.24.0-255,8574,165698,82,354113
32588,0.001395,172.31.47.0-255,66,165764,82,354113
32589,0.001408,172.31.47.0-255,66,165830,82,354113
32590,0.001435,74.125.24.0-255,3602,169432,82,354113
32591,0.001438,172.31.47.0-255,66,169498,82,354113
32592,0.001454,172.31.47.0-255,66,169564,82,354113
32593,0.001457,74.125.24.0-255,2184,171748,82,354113
32594,0.00146,172.31.47.0-255,66,171814,82,354113
32595,0.001558,74.125.24.0-255,1484,173298,82,354113
32596,0.001575,74.125.24.0-255,2902,176200,82,354113
32597,0.00158,172.31.47.0-255,66,176266,82,354113
32598,0.001586,74.125.24.0-255,5738,182004,82,354113
32599,0.001589,172.31.47.0-255,66,182070,82,354113
32600,0.001592,74.125.24.0-255,1484,183554,82,354113
32601,0.001622,74.125.24.0-255,4320,187874,82,354113
32602,0.001625,172.31.47.0-255,66,187940,82,354113
32603,0.001645,74.125.24.0-255,8574,196514,82,354113
32604,0.001672,74.125.24.0-255,4320,200834,82,354113
32605,0.001688,74.125.24.0-255,5020,205854,82,354113
32606,0.009162,172.31.47.0-255,66,205920,82,354113
32607,0.01139,74.125.24.0-255,5738,211658,82,354113
32608,0.011399,172.31.47.0-255,66,211724,82,354113
32609,0.01362,74.125.24.0-255,5738,217462,82,354113
32610,0.013626,172.31.47.0-255,66,217528,82,354113
32611,0.015866,74.125.24.0-255,5738,223266,82,354113
32612,0.015878,172.31.47.0-255,66,223332,82,354113
32613,0.018089,74.125.24.0-255,5738,229070,82,354113
32614,0.018095,172.31.47.0-255,66,229136,82,354113
32615,0.020324,74.125.24.0-255,5738,234874,82,354113
32616,0.020331,172.31.47.0-255,66,234940,82,354113
32617,0.022558,74.125.24.0-255,5738,240678,82,354113
32618,0.022567,172.31.47.0-255,66,240744,82,354113
32619,0.0248,74.125.24.0-255,5738,246482,82,354113
32620,0.024818,172.31.47.0-255,66,246548,82,354113
32621,0.027045,74.125.24.0-255,5738,252286,82,354113
32622,0.027051,172.31.47.0-255,66,252352,82,354113
32623,0.029263,74.125.24.0-255,5738,258090,82,354113
32624,0.029274,172.31.47.0-255,66,258156,82,354113
32625,0.031505,74.125.24.0-255,5738,263894,82,354113
32626,0.03151,172.31.47.0-255,66,263960,82,354113
32627,0.033747,74.125.24.0-255,5738,269698,82,354113
32628,0.033763,172.31.47.0-255,66,269764,82,354113
32629,0.036028,74.125.24.0-255,5738,275502,82,354113
32630,0.036044,172.31.47.0-255,66,275568,82,354113
32631,0.038253,74.125.24.0-255,5738,281306,82,354113
32632,0.038262,172.31.47.0-255,66,281372,82,354113
32633,0.039562,172.31.47.0-255,172,281544,82,354113
32634,0.039593,172.31.47.0-255,1103,282647,82,354113
32635,0.039637,172.31.47.0-255,1514,284161,82,354113
32636,0.039638,172.31.47.0-255,1514,285675,82,354113
32637,0.039662,172.31.47.0-255,334,286009,82,354113
32638,0.040474,74.125.24.0-255,5738,291747,82,354113
32639,0.040485,172.31.47.0-255,66,291813,82,354113
32640,0.041087,104.244.42.0-255,66,291879,82,354113
32641,0.041127,104.244.42.0-255,66,291945,82,354113
32642,0.041221,104.244.42.0-255,66,292011,82,354113
32643,0.041227,104.244.42.0-255,66,292077,82,354113
32644,0.04273,74.125.24.0-255,5738,297815,82,354113
32645,0.042743,172.31.47.0-255,66,297881,82,354113
32646,0.044983,74.125.24.0-255,5738,303619,82,354113
32647,0.045003,172.31.47.0-255,66,303685,82,354113
32648,0.047232,74.125.24.0-255,5738,309423,82,354113
32649,0.047249,172.31.47.0-255,66,309489,82,354113
32650,0.049472,74.125.24.0-255,5738,315227,82,354113
32651,0.049479,172.31.47.0-255,66,315293,82,354113
32652,0.051715,74.125.24.0-255,4320,319613,82,354113
32653,0.051722,172.31.47.0-255,66,319679,82,354113
32654,0.051754,74.125.24.0-255,1484,321163,82,354113
32655,0.053953,74.125.24.0-255,4320,325483,82,354113
32656,0.053959,172.31.47.0-255,66,325549,82,354113
32657,0.056185,74.125.24.0-255,4320,329869,82,354113
32658,0.05619,172.31.47.0-255,66,329935,82,354113
32659,0.056214,74.125.24.0-255,1484,331419,82,354113
32660,0.058401,74.125.24.0-255,4320,335739,82,354113
32661,0.058406,172.31.47.0-255,66,335805,82,354113
32662,0.060635,74.125.24.0-255,5738,341543,82,354113
32663,0.060641,172.31.47.0-255,66,341609,82,354113
32664,0.062872,74.125.24.0-255,2902,344511,82,354113
32665,0.062877,172.31.47.0-255,66,344577,82,354113
32666,0.062904,74.125.24.0-255,2902,347479,82,354113
32667,0.062907,172.31.47.0-255,66,347545,82,354113
32668,0.065099,74.125.24.0-255,4320,351865,82,354113
32669,0.065103,172.31.47.0-255,66,351931,82,354113
32670,0.065131,74.125.24.0-255,1484,353415,82,354113
32671,0.067302,74.125.24.0-255,461,353876,82,354113
32672,0.067308,172.31.47.0-255,66,353942,82,354113
32673,0.067467,172.31.47.0-255,105,354047,82,354113
32674,0.069657,74.125.24.0-255,66,354113,82,354113
32675,0.0,172.217.194.0-255,153,153,82,198801
32676,2.6e-05,172.31.47.0-255,66,219,82,198801
32677,3.3e-05,172.217.194.0-255,1484,1703,82,198801
32678,3.7e-05,172.31.47.0-255,66,1769,82,198801
32679,4.2e-05,172.217.194.0-255,2902,4671,82,198801
32680,5.4e-05,172.31.47.0-255,66,4737,82,198801
32681,6.2e-05,172.217.194.0-255,7156,11893,82,198801
32682,6.5e-05,172.31.47.0-255,66,11959,82,198801
32683,0.0001,172.31.47.0-255,66,12025,82,198801
32684,0.000107,172.217.194.0-255,4320,16345,82,198801
32685,0.000109,172.31.47.0-255,66,16411,82,198801
32686,0.000132,172.217.194.0-255,2543,18954,82,198801
32687,0.000136,172.31.47.0-255,66,19020,82,198801
32688,0.00015,172.217.194.0-255,1484,20504,82,198801
32689,0.000157,172.31.47.0-255,66,20570,82,198801
32690,0.000195,172.217.194.0-255,2902,23472,82,198801
32691,0.000198,172.31.47.0-255,66,23538,82,198801
32692,0.000205,172.217.194.0-255,5738,29276,82,198801
32693,0.000207,172.31.47.0-255,66,29342,82,198801
32694,0.000211,172.217.194.0-255,4320,33662,82,198801
32695,0.000214,172.31.47.0-255,66,33728,82,198801
32696,0.000248,172.217.194.0-255,9633,43361,82,198801
32697,0.000251,172.31.47.0-255,66,43427,82,198801
32698,0.000284,172.217.194.0-255,5738,49165,82,198801
32699,0.000287,172.31.47.0-255,66,49231,82,198801
32700,0.000313,172.217.194.0-255,4550,53781,82,198801
32701,0.00032,172.31.47.0-255,66,53847,82,198801
32702,0.000781,172.217.194.0-255,1484,55331,82,198801
32703,0.000786,172.31.47.0-255,66,55397,82,198801
32704,0.000792,172.217.194.0-255,2902,58299,82,198801
32705,0.000794,172.31.47.0-255,66,58365,82,198801
32706,0.0008,172.217.194.0-255,5738,64103,82,198801
32707,0.000808,172.31.47.0-255,66,64169,82,198801
32708,0.000843,172.31.47.0-255,66,64235,82,198801
32709,0.00087,172.217.194.0-255,1484,65719,82,198801
32710,0.000882,172.217.194.0-255,10692,76411,82,198801
32711,0.000884,172.31.47.0-255,66,76477,82,198801
32712,0.000975,172.217.194.0-255,1484,77961,82,198801
32713,0.00098,172.217.194.0-255,2902,80863,82,198801
32714,0.000985,172.31.47.0-255,66,80929,82,198801
32715,0.00101,172.217.194.0-255,5738,86667,82,198801
32716,0.001013,172.31.47.0-255,66,86733,82,198801
32717,0.001019,172.217.194.0-255,7156,93889,82,198801
32718,0.001021,172.31.47.0-255,66,93955,82,198801
32719,0.001042,172.217.194.0-255,4320,98275,82,198801
32720,0.001045,172.31.47.0-255,66,98341,82,198801
32721,0.00108,172.217.194.0-255,9992,108333,82,198801
32722,0.001084,172.31.47.0-255,66,108399,82,198801
32723,0.001111,172.217.194.0-255,4320,112719,82,198801
32724,0.001114,172.31.47.0-255,66,112785,82,198801
32725,0.001141,172.217.194.0-255,5020,117805,82,198801
32726,0.001145,172.31.47.0-255,66,117871,82,198801
32727,0.001182,172.31.47.0-255,66,117937,82,198801
32728,0.001213,172.31.47.0-255,66,118003,82,198801
32729,0.001216,172.217.194.0-255,766,118769,82,198801
32730,0.001245,172.217.194.0-255,8574,127343,82,198801
32731,0.001247,172.31.47.0-255,66,127409,82,198801
32732,0.00129,172.31.47.0-255,66,127475,82,198801
32733,0.001348,172.217.194.0-255,4320,131795,82,198801
32734,0.001351,172.31.47.0-255,66,131861,82,198801
32735,0.0014,172.31.47.0-255,66,131927,82,198801
32736,0.001464,172.217.194.0-255,2902,134829,82,198801
32737,0.001467,172.31.47.0-255,66,134895,82,198801
32738,0.001504,172.31.47.0-255,66,134961,82,198801
32739,0.001557,172.217.194.0-255,9992,144953,82,198801
32740,0.00156,172.31.47.0-255,66,145019,82,198801
32741,0.001604,172.31.47.0-255,66,145085,82,198801
32742,0.001641,172.31.47.0-255,66,145151,82,198801
32743,0.001711,172.217.194.0-255,1484,146635,82,198801
32744,0.001729,172.217.194.0-255,8574,155209,82,198801
32745,0.001734,172.31.47.0-255,66,155275,82,198801
32746,0.001738,172.217.194.0-255,2184,157459,82,198801
32747,0.00174,172.31.47.0-255,66,157525,82,198801
32748,0.001774,172.217.194.0-255,9992,167517,82,198801
32749,0.001777,172.31.47.0-255,66,167583,82,198801
32750,0.00181,172.31.47.0-255,66,167649,82,198801
32751,0.001881,172.31.47.0-255,66,167715,82,198801
32752,0.001904,172.31.47.0-255,66,167781,82,198801
32753,0.002025,172.217.194.0-255,1466,169247,82,198801
32754,0.002028,172.217.194.0-255,1484,170731,82,198801
32755,0.002031,172.31.47.0-255,66,170797,82,198801
32756,0.002035,172.217.194.0-255,2902,173699,82,198801
32757,0.002052,172.31.47.0-255,66,173765,82,198801
32758,0.002059,172.217.194.0-255,1484,175249,82,198801
32759,0.002064,172.217.194.0-255,4320,179569,82,198801
32760,0.002074,172.31.47.0-255,66,179635,82,198801
32761,0.002085,172.217.194.0-255,5738,185373,82,198801
32762,0.002088,172.31.47.0-255,66,185439,82,198801
32763,0.0021,172.217.194.0-255,8574,194013,82,198801
32764,0.002105,172.31.47.0-255,66,194079,82,198801
32765,0.002136,172.31.47.0-255,66,194145,82,198801
32766,0.002152,172.217.194.0-255,136,194281,82,198801
32767,0.006311,172.31.47.0-255,66,194347,82,198801
32768,0.006341,172.31.47.0-255,105,194452,82,198801
32769,0.008838,172.217.194.0-255,66,194518,82,198801
32770,0.028993,172.31.47.0-255,172,194690,82,198801
32771,0.029022,172.31.47.0-255,1107,195797,82,198801
32772,0.029065,172.31.47.0-255,1514,197311,82,198801
32773,0.029067,172.31.47.0-255,1292,198603,82,198801
32774,0.030559,104.244.42.0-255,66,198669,82,198801
32775,0.030604,104.244.42.0-255,66,198735,82,198801
32776,0.030647,104.244.42.0-255,66,198801,82,198801
32777,0.0,74.125.24.0-255,294,294,82,226469
32778,1.6e-05,172.31.47.0-255,66,360,82,226469
32779,2.3e-05,74.125.24.0-255,1484,1844,82,226469
32780,2.6e-05,172.31.47.0-255,66,1910,82,226469
32781,4.3e-05,74.125.24.0-255,4320,6230,82,226469
32782,4.6e-05,172.31.47.0-255,66,6296,82,226469
32783,5.4e-05,74.125.24.0-255,7156,13452,82,226469
32784,5.7e-05,172.31.47.0-255,66,13518,82,226469
32785,8.2e-05,74.125.24.0-255,4320,17838,82,226469
32786,9e-05,172.31.47.0-255,66,17904,82,226469
32787,0.000122,74.125.24.0-255,8905,26809,82,226469
32788,0.000126,172.31.47.0-255,66,26875,82,226469
32789,0.000131,74.125.24.0-255,3961,30836,82,226469
32790,0.000134,172.31.47.0-255,66,30902,82,226469
32791,0.000203,74.125.24.0-255,1484,32386,82,226469
32792,0.000206,172.31.47.0-255,66,32452,82,226469
32793,0.000234,74.125.24.0-255,2902,35354,82,226469
32794,0.000237,172.31.47.0-255,66,35420,82,226469
32795,0.000244,74.125.24.0-255,5738,41158,82,226469
32796,0.000246,172.31.47.0-255,66,41224,82,226469
32797,0.00025,74.125.24.0-255,2902,44126,82,226469
32798,0.000253,172.31.47.0-255,66,44192,82,226469
32799,0.000287,74.125.24.0-255,9992,54184,82,226469
32800,0.00029,172.31.47.0-255,66,54250,82,226469
32801,0.00032,74.125.24.0-255,10692,64942,82,226469
32802,0.000324,172.31.47.0-255,66,65008,82,226469
32803,0.000326,74.125.24.0-255,427,65435,82,226469
32804,0.000328,172.31.47.0-255,66,65501,82,226469
32805,0.000554,74.125.24.0-255,1484,66985,82,226469
32806,0.000559,172.31.47.0-255,66,67051,82,226469
32807,0.000566,74.125.24.0-255,2902,69953,82,226469
32808,0.000569,172.31.47.0-255,66,70019,82,226469
32809,0.000574,74.125.24.0-255,4320,74339,82,226469
32810,0.000585,172.31.47.0-255,66,74405,82,226469
32811,0.000603,74.125.24.0-255,1484,75889,82,226469
32812,0.000614,74.125.24.0-255,9992,85881,82,226469
32813,0.00062,172.31.47.0-255,66,85947,82,226469
32814,0.000661,74.125.24.0-255,2184,88131,82,226469
32815,0.000698,172.31.47.0-255,66,88197,82,226469
32816,0.001275,74.125.24.0-255,1484,89681,82,226469
32817,0.001296,74.125.24.0-255,2902,92583,82,226469
32818,0.001302,172.31.47.0-255,66,92649,82,226469
32819,0.001314,74.125.24.0-255,5738,98387,82,226469
32820,0.001324,172.31.47.0-255,66,98453,82,226469
32821,0.001351,74.125.24.0-255,9992,108445,82,226469
32822,0.001355,74.125.24.0-255,2902,111347,82,226469
32823,0.001365,172.31.47.0-255,66,111413,82,226469
32824,0.001384,74.125.24.0-255,9992,121405,82,226469
32825,0.001386,74.125.24.0-255,467,121872,82,226469
32826,0.001409,172.31.47.0-255,66,121938,82,226469
32827,0.00187,74.125.24.0-255,1484,123422,82,226469
32828,0.001885,74.125.24.0-255,2902,126324,82,226469
32829,0.001889,172.31.47.0-255,66,126390,82,226469
32830,0.001897,74.125.24.0-255,5738,132128,82,226469
32831,0.001899,172.31.47.0-255,66,132194,82,226469
32832,0.001917,74.125.24.0-255,4320,136514,82,226469
32833,0.001923,172.31.47.0-255,66,136580,82,226469
32834,0.001959,172.31.47.0-255,66,136646,82,226469
32835,0.001996,74.125.24.0-255,7856,144502,82,226469
32836,0.002008,172.31.47.0-255,66,144568,82,226469
32837,0.002053,74.125.24.0-255,1484,146052,82,226469
32838,0.002065,74.125.24.0-255,1484,147536,82,226469
32839,0.002078,74.125.24.0-255,2902,150438,82,226469
32840,0.002089,172.31.47.0-255,66,150504,82,226469
32841,0.0021,74.125.24.0-255,1484,151988,82,226469
32842,0.00211,74.125.24.0-255,4320,156308,82,226469
32843,0.002112,74.125.24.0-255,1484,157792,82,226469
32844,0.002127,172.31.47.0-255,66,157858,82,226469
32845,0.002167,74.125.24.0-255,2902,160760,82,226469
32846,0.00219,74.125.24.0-255,9992,170752,82,226469
32847,0.002193,74.125.24.0-255,1484,172236,82,226469
32848,0.0022,172.31.47.0-255,66,172302,82,226469
32849,0.002232,74.125.24.0-255,8574,180876,82,226469
32850,0.00224,172.31.47.0-255,66,180942,82,226469
32851,0.002309,74.125.24.0-255,6438,187380,82,226469
32852,0.002363,74.125.24.0-255,1484,188864,82,226469
32853,0.002376,74.125.24.0-255,2902,191766,82,226469
32854,0.002381,74.125.24.0-255,6438,198204,82,226469
32855,0.002386,74.125.24.0-255,4320,202524,82,226469
32856,0.00239,172.31.47.0-255,66,202590,82,226469
32857,0.002423,74.125.24.0-255,1484,204074,82,226469
32858,0.002431,74.125.24.0-255,7156,211230,82,226469
32859,0.002437,172.31.47.0-255,66,211296,82,226469
32860,0.002509,172.31.47.0-255,66,211362,82,226469
32861,0.002536,172.31.47.0-255,66,211428,82,226469
32862,0.002593,74.125.24.0-255,9992,221420,82,226469
32863,0.002602,172.31.47.0-255,66,221486,82,226469
32864,0.002648,74.125.24.0-255,105,221591,82,226469
32865,0.002662,172.31.47.0-255,66,221657,82,226469
32866,0.004534,172.31.47.0-255,105,221762,82,226469
32867,0.004752,172.31.47.0-255,90,221852,82,226469
32868,0.004761,172.31.47.0-255,66,221918,82,226469
32869,0.006567,74.125.24.0-255,66,221984,82,226469
32870,0.00678,74.125.24.0-255,66,222050,82,226469
32871,0.006797,74.125.24.0-255,66,222116,82,226469
32872,0.006803,172.31.47.0-255,66,222182,82,226469
32873,0.026608,172.31.47.0-255,176,222358,82,226469
32874,0.026638,172.31.47.0-255,1113,223471,82,226469
32875,0.026691,172.31.47.0-255,1514,224985,82,226469
32876,0.026692,172.31.47.0-255,1286,226271,82,226469
32877,0.02816,104.244.42.0-255,66,226337,82,226469
32878,0.028192,104.244.42.0-255,66,226403,82,226469
32879,0.028236,104.244.42.0-255,66,226469,82,226469
32880,0.0,172.217.194.0-255,153,153,82,276235
32881,2.4e-05,172.31.47.0-255,66,219,82,276235
32882,3e-05,172.217.194.0-255,1484,1703,82,276235
32883,3.4e-05,172.31.47.0-255,66,1769,82,276235
32884,3.6e-05,172.217.194.0-255,1484,3253,82,276235
32885,3.8e-05,172.31.47.0-255,66,3319,82,276235
32886,4.4e-05,172.217.194.0-255,4320,7639,82,276235
32887,5.4e-05,172.31.47.0-255,66,7705,82,276235
32888,7.9e-05,172.217.194.0-255,4320,12025,82,276235
32889,8.1e-05,172.31.47.0-255,66,12091,82,276235
32890,0.000113,172.217.194.0-255,6424,18515,82,276235
32891,0.000116,172.31.47.0-255,66,18581,82,276235
32892,0.000122,172.217.194.0-255,7156,25737,82,276235
32893,0.000124,172.31.47.0-255,66,25803,82,276235
32894,0.000153,172.217.194.0-255,5379,31182,82,276235
32895,0.000156,172.31.47.0-255,66,31248,82,276235
32896,0.00136,172.217.194.0-255,1484,32732,82,276235
32897,0.001368,172.31.47.0-255,66,32798,82,276235
32898,0.001378,172.217.194.0-255,2902,35700,82,276235
32899,0.00138,172.31.47.0-255,66,35766,82,276235
32900,0.001392,172.217.194.0-255,5738,41504,82,276235
32901,0.001393,172.31.47.0-255,66,41570,82,276235
32902,0.001439,172.31.47.0-255,66,41636,82,276235
32903,0.001446,172.217.194.0-255,7156,48792,82,276235
32904,0.001448,172.31.47.0-255,66,48858,82,276235
32905,0.001496,172.217.194.0-255,3602,52460,82,276235
32906,0.001499,172.31.47.0-255,66,52526,82,276235
32907,0.001522,172.217.194.0-255,344,52870,82,276235
32908,0.001524,172.31.47.0-255,66,52936,82,276235
32909,0.001526,172.217.194.0-255,399,53335,82,276235
32910,0.001528,172.31.47.0-255,66,53401,82,276235
32911,0.001889,172.217.194.0-255,1484,54885,82,276235
32912,0.001893,172.217.194.0-255,1484,56369,82,276235
32913,0.001895,172.31.47.0-255,66,56435,82,276235
32914,0.001906,172.217.194.0-255,1484,57919,82,276235
32915,0.001917,172.217.194.0-255,5738,63657,82,276235
32916,0.001919,172.31.47.0-255,66,63723,82,276235
32917,0.001922,172.217.194.0-255,1484,65207,82,276235
32918,0.00195,172.217.194.0-255,5738,70945,82,276235
32919,0.001953,172.31.47.0-255,66,71011,82,276235
32920,0.001959,172.217.194.0-255,4320,75331,82,276235
32921,0.001961,172.31.47.0-255,66,75397,82,276235
32922,0.001994,172.217.194.0-255,9992,85389,82,276235
32923,0.001996,172.31.47.0-255,66,85455,82,276235
32924,0.001999,172.217.194.0-255,2184,87639,82,276235
32925,0.002001,172.31.47.0-255,66,87705,82,276235
32926,0.004005,172.217.194.0-255,2902,90607,82,276235
32927,0.00401,172.31.47.0-255,66,90673,82,276235
32928,0.004035,172.217.194.0-255,2902,93575,82,276235
32929,0.004037,172.31.47.0-255,66,93641,82,276235
32930,0.006039,172.217.194.0-255,4320,97961,82,276235
32931,0.006045,172.31.47.0-255,66,98027,82,276235
32932,0.006071,172.217.194.0-255,1484,99511,82,276235
32933,0.008095,172.217.194.0-255,4320,103831,82,276235
32934,0.008103,172.31.47.0-255,66,103897,82,276235
32935,0.010116,172.217.194.0-255,5738,109635,82,276235
32936,0.010122,172.31.47.0-255,66,109701,82,276235
32937,0.012157,172.217.194.0-255,5738,115439,82,276235
32938,0.012164,172.31.47.0-255,66,115505,82,276235
32939,0.014182,172.217.194.0-255,4320,119825,82,276235
32940,0.014188,172.31.47.0-255,66,119891,82,276235
32941,0.014218,172.217.194.0-255,1484,121375,82,276235
32942,0.016207,172.217.194.0-255,4320,125695,82,276235
32943,0.016217,172.31.47.0-255,66,125761,82,276235
32944,0.018206,172.217.194.0-255,4320,130081,82,276235
32945,0.018212,172.31.47.0-255,66,130147,82,276235
32946,0.018242,172.217.194.0-255,1484,131631,82,276235
32947,0.020219,172.217.194.0-255,4320,135951,82,276235
32948,0.020224,172.31.47.0-255,66,136017,82,276235
32949,0.022218,172.217.194.0-255,5738,141755,82,276235
32950,0.022224,172.31.47.0-255,66,141821,82,276235
32951,0.02274,172.31.47.0-255,172,141993,82,276235
32952,0.022789,172.31.47.0-255,1103,143096,82,276235
32953,0.022836,172.31.47.0-255,1514,144610,82,276235
32954,0.022838,172.31.47.0-255,1296,145906,82,276235
32955,0.024262,104.244.42.0-255,66,145972,82,276235
32956,0.024273,172.217.194.0-255,5738,151710,82,276235
32957,0.024277,172.31.47.0-255,66,151776,82,276235
32958,0.024485,104.244.42.0-255,66,151842,82,276235
32959,0.02453,104.244.42.0-255,66,151908,82,276235
32960,0.026272,172.217.194.0-255,2902,154810,82,276235
32961,0.026276,172.31.47.0-255,66,154876,82,276235
32962,0.026302,172.217.194.0-255,2902,157778,82,276235
32963,0.026304,172.31.47.0-255,66,157844,82,276235
32964,0.028305,172.217.194.0-255,4320,162164,82,276235
32965,0.028311,172.31.47.0-255,66,162230,82,276235
32966,0.028346,172.217.194.0-255,1484,163714,82,276235
32967,0.030305,172.217.194.0-255,4320,168034,82,276235
32968,0.030309,172.31.47.0-255,66,168100,82,276235
32969,0.032322,172.217.194.0-255,5738,173838,82,276235
32970,0.032328,172.31.47.0-255,66,173904,82,276235
32971,0.034329,172.217.194.0-255,2902,176806,82,276235
32972,0.034333,172.31.47.0-255,66,176872,82,276235
32973,0.034363,172.217.194.0-255,2902,179774,82,276235
32974,0.034366,172.31.47.0-255,66,179840,82,276235
32975,0.036364,172.217.194.0-255,2902,182742,82,276235
32976,0.03637,172.31.47.0-255,66,182808,82,276235
32977,0.036398,172.217.194.0-255,2902,185710,82,276235
32978,0.0364,172.31.47.0-255,66,185776,82,276235
32979,0.038385,172.217.194.0-255,2902,188678,82,276235
32980,0.038393,172.31.47.0-255,66,188744,82,276235
32981,0.038426,172.217.194.0-255,2902,191646,82,276235
32982,0.038429,172.31.47.0-255,66,191712,82,276235
32983,0.040425,172.217.194.0-255,4320,196032,82,276235
32984,0.04043,172.31.47.0-255,66,196098,82,276235
32985,0.040463,172.217.194.0-255,1484,197582,82,276235
32986,0.042445,172.217.194.0-255,4320,201902,82,276235
32987,0.042449,172.31.47.0-255,66,201968,82,276235
32988,0.044488,172.217.194.0-255,5738,207706,82,276235
32989,0.044493,172.31.47.0-255,66,207772,82,276235
32990,0.046535,172.217.194.0-255,5738,213510,82,276235
32991,0.046539,172.31.47.0-255,66,213576,82,276235
32992,0.048542,172.217.194.0-255,5738,219314,82,276235
32993,0.04855,172.31.47.0-255,66,219380,82,276235
32994,0.050564,172.217.194.0-255,5738,225118,82,276235
32995,0.050569,172.31.47.0-255,66,225184,82,276235
32996,0.052594,172.217.194.0-255,4320,229504,82,276235
32997,0.052599,172.31.47.0-255,66,229570,82,276235
32998,0.052631,172.217.194.0-255,1484,231054,82,276235
32999,0.054631,172.217.194.0-255,4320,235374,82,276235
33000,0.054636,172.31.47.0-255,66,235440,82,276235
33001,0.056671,172.217.194.0-255,5738,241178,82,276235
33002,0.056676,172.31.47.0-255,66,241244,82,276235
33003,0.058686,172.217.194.0-255,5738,246982,82,276235
33004,0.05869,172.31.47.0-255,66,247048,82,276235
33005,0.058925,172.31.47.0-255,101,247149,82,276235
33006,0.060737,172.217.194.0-255,5738,252887,82,276235
33007,0.060753,172.31.47.0-255,66,252953,82,276235
33008,0.060916,172.217.194.0-255,66,253019,82,276235
33009,0.062815,172.217.194.0-255,5738,258757,82,276235
33010,0.062828,172.31.47.0-255,66,258823,82,276235
33011,0.064871,172.217.194.0-255,5738,264561,82,276235
33012,0.064885,172.31.47.0-255,66,264627,82,276235
33013,0.066925,172.217.194.0-255,5738,270365,82,276235
33014,0.066942,172.31.47.0-255,66,270431,82,276235
33015,0.068979,172.217.194.0-255,5738,276169,82,276235
33016,0.068986,172.31.47.0-255,66,276235,82,276235
33017,0.0,172.31.47.0-255,105,105,82,105
33018,0.0,74.125.24.0-255,153,153,82,341226
33019,1.5e-05,172.31.47.0-255,66,219,82,341226
33020,2.1e-05,74.125.24.0-255,1484,1703,82,341226
33021,2.5e-05,172.31.47.0-255,66,1769,82,341226
33022,2.8e-05,74.125.24.0-255,1484,3253,82,341226
33023,3e-05,172.31.47.0-255,66,3319,82,341226
33024,6e-05,74.125.24.0-255,1484,4803,82,341226
33025,6.6e-05,172.31.47.0-255,66,4869,82,341226
33026,7.4e-05,74.125.24.0-255,7156,12025,82,341226
33027,7.6e-05,172.31.47.0-255,66,12091,82,341226
33028,7.9e-05,74.125.24.0-255,2110,14201,82,341226
33029,8e-05,172.31.47.0-255,66,14267,82,341226
33030,0.000168,74.125.24.0-255,1484,15751,82,341226
33031,0.000172,172.31.47.0-255,66,15817,82,341226
33032,0.000177,74.125.24.0-255,2902,18719,82,341226
33033,0.000178,172.31.47.0-255,66,18785,82,341226
33034,0.000216,74.125.24.0-255,5738,24523,82,341226
33035,0.000219,172.31.47.0-255,66,24589,82,341226
33036,0.000223,74.125.24.0-255,2902,27491,82,341226
33037,0.000224,172.31.47.0-255,66,27557,82,341226
33038,0.000259,74.125.24.0-255,3961,31518,82,341226
33039,0.000263,172.31.47.0-255,66,31584,82,341226
33040,0.000291,74.125.24.0-255,4320,35904,82,341226
33041,0.000294,172.31.47.0-255,66,35970,82,341226
33042,0.000302,74.125.24.0-255,9992,45962,82,341226
33043,0.000304,172.31.47.0-255,66,46028,82,341226
33044,0.000312,74.125.24.0-255,2543,48571,82,341226
33045,0.000314,172.31.47.0-255,66,48637,82,341226
33046,0.000892,74.125.24.0-255,1484,50121,82,341226
33047,0.000897,172.31.47.0-255,66,50187,82,341226
33048,0.000903,74.125.24.0-255,2902,53089,82,341226
33049,0.000905,172.31.47.0-255,66,53155,82,341226
33050,0.000909,74.125.24.0-255,1484,54639,82,341226
33051,0.000941,74.125.24.0-255,4320,58959,82,341226
33052,0.000944,172.31.47.0-255,66,59025,82,341226
33053,0.000971,74.125.24.0-255,6797,65822,82,341226
33054,0.000974,172.31.47.0-255,66,65888,82,341226
33055,0.001005,74.125.24.0-255,2902,68790,82,341226
33056,0.001008,172.31.47.0-255,66,68856,82,341226
33057,0.001038,74.125.24.0-255,4320,73176,82,341226
33058,0.001041,172.31.47.0-255,66,73242,82,341226
33059,0.001046,74.125.24.0-255,4320,77562,82,341226
33060,0.001048,172.31.47.0-255,66,77628,82,341226
33061,0.001052,74.125.24.0-255,2902,80530,82,341226
33062,0.001053,172.31.47.0-255,66,80596,82,341226
33063,0.001102,172.31.47.0-255,66,80662,82,341226
33064,0.001109,74.125.24.0-255,8215,88877,82,341226
33065,0.001111,172.31.47.0-255,66,88943,82,341226
33066,0.001182,74.125.24.0-255,1484,90427,82,341226
33067,0.001188,74.125.24.0-255,2902,93329,82,341226
33068,0.001191,172.31.47.0-255,66,93395,82,341226
33069,0.001212,74.125.24.0-255,5738,99133,82,341226
33070,0.001215,172.31.47.0-255,66,99199,82,341226
33071,0.001219,74.125.24.0-255,2902,102101,82,341226
33072,0.001221,172.31.47.0-255,66,102167,82,341226
33073,0.001246,74.125.24.0-255,5738,107905,82,341226
33074,0.001254,172.31.47.0-255,66,107971,82,341226
33075,0.001274,74.125.24.0-255,1484,109455,82,341226
33076,0.001291,74.125.24.0-255,8574,118029,82,341226
33077,0.001295,172.31.47.0-255,66,118095,82,341226
33078,0.001324,74.125.24.0-255,5600,123695,82,341226
33079,0.001328,172.31.47.0-255,66,123761,82,341226
33080,0.001567,74.125.24.0-255,1484,125245,82,341226
33081,0.001573,74.125.24.0-255,2902,128147,82,341226
33082,0.001577,172.31.47.0-255,66,128213,82,341226
33083,0.001582,74.125.24.0-255,2902,131115,82,341226
33084,0.001584,172.31.47.0-255,66,131181,82,341226
33085,0.001607,74.125.24.0-255,2902,134083,82,341226
33086,0.00161,172.31.47.0-255,66,134149,82,341226
33087,0.001617,74.125.24.0-255,8574,142723,82,341226
33088,0.00162,172.31.47.0-255,66,142789,82,341226
33089,0.001648,74.125.24.0-255,4320,147109,82,341226
33090,0.001652,172.31.47.0-255,66,147175,82,341226
33091,0.001661,74.125.24.0-255,10692,157867,82,341226
33092,0.001663,172.31.47.0-255,66,157933,82,341226
33093,0.002278,74.125.24.0-255,1484,159417,82,341226
33094,0.002293,74.125.24.0-255,1484,160901,82,341226
33095,0.002296,172.31.47.0-255,66,160967,82,341226
33096,0.002319,74.125.24.0-255,1484,162451,82,341226
33097,0.002325,74.125.24.0-255,5738,168189,82,341226
33098,0.002328,172.31.47.0-255,66,168255,82,341226
33099,0.004592,74.125.24.0-255,5738,173993,82,341226
33100,0.004601,172.31.47.0-255,66,174059,82,341226
33101,0.006888,74.125.24.0-255,5738,179797,82,341226
33102,0.006893,172.31.47.0-255,66,179863,82,341226
33103,0.0092,74.125.24.0-255,5738,185601,82,341226
33104,0.009208,172.31.47.0-255,66,185667,82,341226
33105,0.011511,74.125.24.0-255,5738,191405,82,341226
33106,0.011519,172.31.47.0-255,66,191471,82,341226
33107,0.013799,74.125.24.0-255,5738,197209,82,341226
33108,0.01381,172.31.47.0-255,66,197275,82,341226
33109,0.016132,74.125.24.0-255,5738,203013,82,341226
33110,0.016139,172.31.47.0-255,66,203079,82,341226
33111,0.018432,74.125.24.0-255,5738,208817,82,341226
33112,0.01844,172.31.47.0-255,66,208883,82,341226
33113,0.020734,74.125.24.0-255,5738,214621,82,341226
33114,0.020742,172.31.47.0-255,66,214687,82,341226
33115,0.023052,74.125.24.0-255,5738,220425,82,341226
33116,0.023061,172.31.47.0-255,66,220491,82,341226
33117,0.025363,74.125.24.0-255,5738,226229,82,341226
33118,0.025372,172.31.47.0-255,66,226295,82,341226
33119,0.026856,172.31.47.0-255,172,226467,82,341226
33120,0.026887,172.31.47.0-255,1103,227570,82,341226
33121,0.026934,172.31.47.0-255,1514,229084,82,341226
33122,0.026936,172.31.47.0-255,1296,230380,82,341226
33123,0.027673,74.125.24.0-255,5738,236118,82,341226
33124,0.027679,172.31.47.0-255,66,236184,82,341226
33125,0.02846,104.244.42.0-255,66,236250,82,341226
33126,0.028507,104.244.42.0-255,66,236316,82,341226
33127,0.028509,104.244.42.0-255,66,236382,82,341226
33128,0.029094,104.244.42.0-255,108,236490,82,341226
33129,0.029097,172.31.47.0-255,66,236556,82,341226
33130,0.029963,74.125.24.0-255,1484,238040,82,341226
33131,0.02999,74.125.24.0-255,4320,242360,82,341226
33132,0.029994,172.31.47.0-255,66,242426,82,341226
33133,0.03234,74.125.24.0-255,5738,248164,82,341226
33134,0.032358,172.31.47.0-255,66,248230,82,341226
33135,0.03469,74.125.24.0-255,5738,253968,82,341226
33136,0.034705,172.31.47.0-255,66,254034,82,341226
33137,0.037011,74.125.24.0-255,5738,259772,82,341226
33138,0.037026,172.31.47.0-255,66,259838,82,341226
33139,0.039349,74.125.24.0-255,5738,265576,82,341226
33140,0.039368,172.31.47.0-255,66,265642,82,341226
33141,0.041691,74.125.24.0-255,5738,271380,82,341226
33142,0.041702,172.31.47.0-255,66,271446,82,341226
33143,0.04403,74.125.24.0-255,5738,277184,82,341226
33144,0.044047,172.31.47.0-255,66,277250,82,341226
33145,0.046359,74.125.24.0-255,5738,282988,82,341226
33146,0.04638,172.31.47.0-255,66,283054,82,341226
33147,0.048744,74.125.24.0-255,5738,288792,82,341226
33148,0.048761,172.31.47.0-255,66,288858,82,341226
33149,0.051095,74.125.24.0-255,5738,294596,82,341226
33150,0.051113,172.31.47.0-255,66,294662,82,341226
33151,0.053403,74.125.24.0-255,5738,300400,82,341226
33152,0.05342,172.31.47.0-255,66,300466,82,341226
33153,0.055707,74.125.24.0-255,5738,306204,82,341226
33154,0.055714,172.31.47.0-255,66,306270,82,341226
33155,0.058006,74.125.24.0-255,5738,312008,82,341226
33156,0.058011,172.31.47.0-255,66,312074,82,341226
33157,0.060352,74.125.24.0-255,5738,317812,82,341226
33158,0.060358,172.31.47.0-255,66,317878,82,341226
33159,0.062636,74.125.24.0-255,5738,323616,82,341226
33160,0.062644,172.31.47.0-255,66,323682,82,341226
33161,0.064929,74.125.24.0-255,1484,325166,82,341226
33162,0.064959,74.125.24.0-255,4320,329486,82,341226
33163,0.064963,172.31.47.0-255,66,329552,82,341226
33164,0.067232,74.125.24.0-255,5738,335290,82,341226
33165,0.067237,172.31.47.0-255,66,335356,82,341226
33166,0.069511,74.125.24.0-255,1484,336840,82,341226
33167,0.06954,74.125.24.0-255,4320,341160,82,341226
33168,0.069545,172.31.47.0-255,66,341226,82,341226
33169,0.0,172.31.47.0-255,66,66,82,66
33170,0.0,172.217.194.0-255,153,153,82,272900
33171,1.5e-05,172.31.47.0-255,66,219,82,272900
33172,2.2e-05,172.217.194.0-255,1484,1703,82,272900
33173,2.6e-05,172.31.47.0-255,66,1769,82,272900
33174,5.3e-05,172.217.194.0-255,2902,4671,82,272900
33175,5.7e-05,172.31.47.0-255,66,4737,82,272900
33176,6e-05,172.217.194.0-255,1484,6221,82,272900
33177,6.2e-05,172.31.47.0-255,66,6287,82,272900
33178,6.9e-05,172.217.194.0-255,5738,12025,82,272900
33179,7.2e-05,172.31.47.0-255,66,12091,82,272900
33180,0.000116,172.217.194.0-255,2065,14156,82,272900
33181,0.000119,172.31.47.0-255,66,14222,82,272900
33182,0.000131,172.217.194.0-255,2902,17124,82,272900
33183,0.000137,172.31.47.0-255,66,17190,82,272900
33184,0.000171,172.217.194.0-255,7156,24346,82,272900
33185,0.000173,172.31.47.0-255,66,24412,82,272900
33186,0.000196,172.217.194.0-255,1484,25896,82,272900
33187,0.000199,172.31.47.0-255,66,25962,82,272900
33188,0.000231,172.217.194.0-255,6797,32759,82,272900
33189,0.000234,172.31.47.0-255,66,32825,82,272900
33190,0.000242,172.217.194.0-255,8574,41399,82,272900
33191,0.000245,172.31.47.0-255,66,41465,82,272900
33192,0.000277,172.217.194.0-255,6797,48262,82,272900
33193,0.00028,172.31.47.0-255,66,48328,82,272900
33194,0.000288,172.217.194.0-255,7156,55484,82,272900
33195,0.00029,172.31.47.0-255,66,55550,82,272900
33196,0.000338,172.217.194.0-255,9944,65494,82,272900
33197,0.000341,172.31.47.0-255,66,65560,82,272900
33198,0.000344,172.217.194.0-255,398,65958,82,272900
33199,0.000346,172.31.47.0-255,66,66024,82,272900
33200,0.000491,172.217.194.0-255,1484,67508,82,272900
33201,0.000495,172.31.47.0-255,66,67574,82,272900
33202,0.000501,172.217.194.0-255,2902,70476,82,272900
33203,0.000503,172.31.47.0-255,66,70542,82,272900
33204,0.000506,172.217.194.0-255,1484,72026,82,272900
33205,0.000537,172.217.194.0-255,4320,76346,82,272900
33206,0.00054,172.31.47.0-255,66,76412,82,272900
33207,0.000549,172.217.194.0-255,8574,84986,82,272900
33208,0.000551,172.31.47.0-255,66,85052,82,272900
33209,0.000578,172.217.194.0-255,4320,89372,82,272900
33210,0.00058,172.31.47.0-255,66,89438,82,272900
33211,0.000586,172.217.194.0-255,4320,93758,82,272900
33212,0.000587,172.31.47.0-255,66,93824,82,272900
33213,0.00062,172.217.194.0-255,6438,100262,82,272900
33214,0.000623,172.31.47.0-255,66,100328,82,272900
33215,0.00088,172.217.194.0-255,1484,101812,82,272900
33216,0.000887,172.217.194.0-255,2902,104714,82,272900
33217,0.00089,172.31.47.0-255,66,104780,82,272900
33218,0.000897,172.217.194.0-255,5738,110518,82,272900
33219,0.000899,172.31.47.0-255,66,110584,82,272900
33220,0.000917,172.217.194.0-255,5738,116322,82,272900
33221,0.000919,172.31.47.0-255,66,116388,82,272900
33222,0.000951,172.217.194.0-255,7156,123544,82,272900
33223,0.000953,172.31.47.0-255,66,123610,82,272900
33224,0.000957,172.217.194.0-255,1484,125094,82,272900
33225,0.00097,172.217.194.0-255,2902,127996,82,272900
33226,0.000977,172.31.47.0-255,66,128062,82,272900
33227,0.001013,172.217.194.0-255,7856,135918,82,272900
33228,0.001016,172.31.47.0-255,66,135984,82,272900
33229,0.001029,172.31.47.0-255,66,136050,82,272900
33230,0.001053,172.31.47.0-255,66,136116,82,272900
33231,0.001088,172.217.194.0-255,5020,141136,82,272900
33232,0.001091,172.31.47.0-255,66,141202,82,272900
33233,0.001226,172.217.194.0-255,1484,142686,82,272900
33234,0.001232,172.217.194.0-255,2902,145588,82,272900
33235,0.001236,172.31.47.0-255,66,145654,82,272900
33236,0.001241,172.217.194.0-255,2902,148556,82,272900
33237,0.001244,172.31.47.0-255,66,148622,82,272900
33238,0.001274,172.217.194.0-255,2902,151524,82,272900
33239,0.001277,172.31.47.0-255,66,151590,82,272900
33240,0.00129,172.31.47.0-255,66,151656,82,272900
33241,0.001299,172.217.194.0-255,9992,161648,82,272900
33242,0.001301,172.31.47.0-255,66,161714,82,272900
33243,0.001304,172.217.194.0-255,766,162480,82,272900
33244,0.00139,172.217.194.0-255,1484,163964,82,272900
33245,0.001395,172.31.47.0-255,66,164030,82,272900
33246,0.0014,172.217.194.0-255,2902,166932,82,272900
33247,0.001402,172.31.47.0-255,66,166998,82,272900
33248,0.00142,172.217.194.0-255,1484,168482,82,272900
33249,0.001448,172.217.194.0-255,4320,172802,82,272900
33250,0.00145,172.31.47.0-255,66,172868,82,272900
33251,0.001457,172.217.194.0-255,7156,180024,82,272900
33252,0.001459,172.31.47.0-255,66,180090,82,272900
33253,0.001462,172.217.194.0-255,1484,181574,82,272900
33254,0.001487,172.217.194.0-255,7156,188730,82,272900
33255,0.00149,172.31.47.0-255,66,188796,82,272900
33256,0.001526,172.217.194.0-255,7856,196652,82,272900
33257,0.001529,172.31.47.0-255,66,196718,82,272900
33258,0.001665,172.217.194.0-255,1484,198202,82,272900
33259,0.001717,172.217.194.0-255,2902,201104,82,272900
33260,0.001721,172.31.47.0-255,66,201170,82,272900
33261,0.001728,172.217.194.0-255,5738,206908,82,272900
33262,0.001731,172.31.47.0-255,66,206974,82,272900
33263,0.001758,172.217.194.0-255,7156,214130,82,272900
33264,0.001761,172.31.47.0-255,66,214196,82,272900
33265,0.001776,172.31.47.0-255,66,214262,82,272900
33266,0.001779,172.217.194.0-255,2184,216446,82,272900
33267,0.001782,172.31.47.0-255,66,216512,82,272900
33268,0.001829,172.217.194.0-255,1484,217996,82,272900
33269,0.001834,172.217.194.0-255,2902,220898,82,272900
33270,0.001838,172.31.47.0-255,66,220964,82,272900
33271,0.001844,172.217.194.0-255,5738,226702,82,272900
33272,0.001846,172.31.47.0-255,66,226768,82,272900
33273,0.001852,172.217.194.0-255,4320,231088,82,272900
33274,0.001855,172.31.47.0-255,66,231154,82,272900
33275,0.001892,172.217.194.0-255,8574,239728,82,272900
33276,0.001897,172.31.47.0-255,66,239794,82,272900
33277,0.0019,172.217.194.0-255,1484,241278,82,272900
33278,0.001939,172.31.47.0-255,66,241344,82,272900
33279,0.001962,172.217.194.0-255,10692,252036,82,272900
33280,0.001965,172.31.47.0-255,66,252102,82,272900
33281,0.002026,172.31.47.0-255,66,252168,82,272900
33282,0.00204,172.31.47.0-255,66,252234,82,272900
33283,0.002066,172.31.47.0-255,66,252300,82,272900
33284,0.002079,172.31.47.0-255,66,252366,82,272900
33285,0.002122,172.217.194.0-255,9992,262358,82,272900
33286,0.00213,172.217.194.0-255,5785,268143,82,272900
33287,0.002137,172.31.47.0-255,66,268209,82,272900
33288,0.002141,172.31.47.0-255,66,268275,82,272900
33289,0.002177,172.217.194.0-255,105,268380,82,272900
33290,0.004682,172.31.47.0-255,66,268446,82,272900
33291,0.004721,172.31.47.0-255,105,268551,82,272900
33292,0.007245,172.217.194.0-255,66,268617,82,272900
33293,0.031239,172.31.47.0-255,172,268789,82,272900
33294,0.031271,172.31.47.0-255,1107,269896,82,272900
33295,0.031342,172.31.47.0-255,1514,271410,82,272900
33296,0.031343,172.31.47.0-255,1292,272702,82,272900
33297,0.03277,104.244.42.0-255,66,272768,82,272900
33298,0.032782,104.244.42.0-255,66,272834,82,272900
33299,0.032862,104.244.42.0-255,66,272900,82,272900
33300,0.0,74.125.24.0-255,153,153,82,292620
33301,2.3e-05,172.31.47.0-255,66,219,82,292620
33302,2.8e-05,74.125.24.0-255,1484,1703,82,292620
33303,3.3e-05,172.31.47.0-255,66,1769,82,292620
33304,3.7e-05,74.125.24.0-255,2902,4671,82,292620
33305,4e-05,172.31.47.0-255,66,4737,82,292620
33306,7.2e-05,74.125.24.0-255,7156,11893,82,292620
33307,7.5e-05,172.31.47.0-255,66,11959,82,292620
33308,7.8e-05,74.125.24.0-255,2202,14161,82,292620
33309,8e-05,172.31.47.0-255,66,14227,82,292620
33310,0.000137,74.125.24.0-255,1484,15711,82,292620
33311,0.00014,172.31.47.0-255,66,15777,82,292620
33312,0.000145,74.125.24.0-255,2902,18679,82,292620
33313,0.000147,172.31.47.0-255,66,18745,82,292620
33314,0.000177,74.125.24.0-255,5738,24483,82,292620
33315,0.00018,172.31.47.0-255,66,24549,82,292620
33316,0.000185,74.125.24.0-255,5738,30287,82,292620
33317,0.000187,172.31.47.0-255,66,30353,82,292620
33318,0.000213,74.125.24.0-255,2902,33255,82,292620
33319,0.000215,172.31.47.0-255,66,33321,82,292620
33320,0.000243,172.31.47.0-255,66,33387,82,292620
33321,0.000248,74.125.24.0-255,3961,37348,82,292620
33322,0.00025,172.31.47.0-255,66,37414,82,292620
33323,0.000285,74.125.24.0-255,1484,38898,82,292620
33324,0.000288,172.31.47.0-255,66,38964,82,292620
33325,0.000292,74.125.24.0-255,2902,41866,82,292620
33326,0.000295,74.125.24.0-255,2902,44768,82,292620
33327,0.000295,172.31.47.0-255,66,44834,82,292620
33328,0.0003,172.31.47.0-255,66,44900,82,292620
33329,0.000311,74.125.24.0-255,2902,47802,82,292620
33330,0.000315,172.31.47.0-255,66,47868,82,292620
33331,0.000337,74.125.24.0-255,1484,49352,82,292620
33332,0.000352,74.125.24.0-255,5653,55005,82,292620
33333,0.000355,172.31.47.0-255,66,55071,82,292620
33334,0.000365,74.125.24.0-255,413,55484,82,292620
33335,0.000624,74.125.24.0-255,1484,56968,82,292620
33336,0.000628,172.31.47.0-255,66,57034,82,292620
33337,0.000636,74.125.24.0-255,2902,59936,82,292620
33338,0.000639,172.31.47.0-255,66,60002,82,292620
33339,0.000669,74.125.24.0-255,5738,65740,82,292620
33340,0.000671,172.31.47.0-255,66,65806,82,292620
33341,0.00069,74.125.24.0-255,8574,74380,82,292620
33342,0.000692,172.31.47.0-255,66,74446,82,292620
33343,0.000709,74.125.24.0-255,4320,78766,82,292620
33344,0.000712,172.31.47.0-255,66,78832,82,292620
33345,0.000717,74.125.24.0-255,5738,84570,82,292620
33346,0.000719,172.31.47.0-255,66,84636,82,292620
33347,0.000739,74.125.24.0-255,1484,86120,82,292620
33348,0.000759,74.125.24.0-255,3602,89722,82,292620
33349,0.000762,172.31.47.0-255,66,89788,82,292620
33350,0.000908,74.125.24.0-255,1484,91272,82,292620
33351,0.000913,74.125.24.0-255,2902,94174,82,292620
33352,0.000916,172.31.47.0-255,66,94240,82,292620
33353,0.000936,74.125.24.0-255,5738,99978,82,292620
33354,0.000939,172.31.47.0-255,66,100044,82,292620
33355,0.000965,172.31.47.0-255,66,100110,82,292620
33356,0.000995,74.125.24.0-255,1484,101594,82,292620
33357,0.001017,74.125.24.0-255,10692,112286,82,292620
33358,0.00102,172.31.47.0-255,66,112352,82,292620
33359,0.00131,74.125.24.0-255,1484,113836,82,292620
33360,0.001318,74.125.24.0-255,2902,116738,82,292620
33361,0.001322,172.31.47.0-255,66,116804,82,292620
33362,0.001327,74.125.24.0-255,2902,119706,82,292620
33363,0.00133,172.31.47.0-255,66,119772,82,292620
33364,0.001343,74.125.24.0-255,2902,122674,82,292620
33365,0.001346,172.31.47.0-255,66,122740,82,292620
33366,0.001351,74.125.24.0-255,4320,127060,82,292620
33367,0.001353,172.31.47.0-255,66,127126,82,292620
33368,0.001376,74.125.24.0-255,8574,135700,82,292620
33369,0.001378,172.31.47.0-255,66,135766,82,292620
33370,0.001386,74.125.24.0-255,10692,146458,82,292620
33371,0.001388,172.31.47.0-255,66,146524,82,292620
33372,0.001416,74.125.24.0-255,1484,148008,82,292620
33373,0.001429,74.125.24.0-255,2902,150910,82,292620
33374,0.001432,172.31.47.0-255,66,150976,82,292620
33375,0.001436,74.125.24.0-255,2902,153878,82,292620
33376,0.001438,172.31.47.0-255,66,153944,82,292620
33377,0.001449,74.125.24.0-255,2902,156846,82,292620
33378,0.001451,172.31.47.0-255,66,156912,82,292620
33379,0.001462,74.125.24.0-255,4320,161232,82,292620
33380,0.001463,172.31.47.0-255,66,161298,82,292620
33381,0.001492,74.125.24.0-255,8574,169872,82,292620
33382,0.001495,172.31.47.0-255,66,169938,82,292620
33383,0.001502,74.125.24.0-255,8574,178512,82,292620
33384,0.001504,172.31.47.0-255,66,178578,82,292620
33385,0.001533,74.125.24.0-255,2184,180762,82,292620
33386,0.001535,172.31.47.0-255,66,180828,82,292620
33387,0.001581,74.125.24.0-255,1484,182312,82,292620
33388,0.001586,74.125.24.0-255,2902,185214,82,292620
33389,0.001589,172.31.47.0-255,66,185280,82,292620
33390,0.001592,74.125.24.0-255,2902,188182,82,292620
33391,0.001594,172.31.47.0-255,66,188248,82,292620
33392,0.001607,74.125.24.0-255,2902,191150,82,292620
33393,0.001609,172.31.47.0-255,66,191216,82,292620
33394,0.00164,172.31.47.0-255,66,191282,82,292620
33395,0.001648,74.125.24.0-255,7156,198438,82,292620
33396,0.001651,172.31.47.0-255,66,198504,82,292620
33397,0.001669,74.125.24.0-255,1484,199988,82,292620
33398,0.001672,74.125.24.0-255,1484,201472,82,292620
33399,0.001674,172.31.47.0-255,66,201538,82,292620
33400,0.00169,74.125.24.0-255,766,202304,82,292620
33401,0.001774,74.125.24.0-255,1484,203788,82,292620
33402,0.001776,172.31.47.0-255,66,203854,82,292620
33403,0.001791,74.125.24.0-255,2902,206756,82,292620
33404,0.001793,172.31.47.0-255,66,206822,82,292620
33405,0.001824,74.125.24.0-255,4320,211142,82,292620
33406,0.001826,172.31.47.0-255,66,211208,82,292620
33407,0.001844,74.125.24.0-255,1484,212692,82,292620
33408,0.00187,172.31.47.0-255,66,212758,82,292620
33409,0.001878,74.125.24.0-255,10692,223450,82,292620
33410,0.001912,74.125.24.0-255,1484,224934,82,292620
33411,0.001926,74.125.24.0-255,2902,227836,82,292620
33412,0.001948,74.125.24.0-255,5738,233574,82,292620
33413,0.001963,74.125.24.0-255,1484,235058,82,292620
33414,0.00198,74.125.24.0-255,5738,240796,82,292620
33415,0.001994,74.125.24.0-255,5738,246534,82,292620
33416,0.001999,74.125.24.0-255,4320,250854,82,292620
33417,0.002023,74.125.24.0-255,10692,261546,82,292620
33418,0.002029,74.125.24.0-255,4320,265866,82,292620
33419,0.002085,74.125.24.0-255,766,266632,82,292620
33420,0.002101,74.125.24.0-255,7156,273788,82,292620
33421,0.002155,74.125.24.0-255,4320,278108,82,292620
33422,0.002188,172.31.47.0-255,66,278174,82,292620
33423,0.002194,172.31.47.0-255,66,278240,82,292620
33424,0.002195,74.125.24.0-255,9689,287929,82,292620
33425,0.00222,172.31.47.0-255,66,287995,82,292620
33426,0.004352,74.125.24.0-255,105,288100,82,292620
33427,0.008175,172.31.47.0-255,66,288166,82,292620
33428,0.008203,172.31.47.0-255,105,288271,82,292620
33429,0.010316,74.125.24.0-255,66,288337,82,292620
33430,0.022831,172.31.47.0-255,172,288509,82,292620
33431,0.022858,172.31.47.0-255,1111,289620,82,292620
33432,0.022895,172.31.47.0-255,1514,291134,82,292620
33433,0.022897,172.31.47.0-255,1288,292422,82,292620
33434,0.024478,104.244.42.0-255,66,292488,82,292620
33435,0.024515,104.244.42.0-255,66,292554,82,292620
33436,0.024565,104.244.42.0-255,66,292620,82,292620
33437,0.0,172.31.47.0-255,105,105,82,342
33438,0.00174,157.240.13.0-255,66,171,82,342
33439,0.001794,157.240.13.0-255,105,276,82,342
33440,0.001798,172.31.47.0-255,66,342,82,342
33441,0.0,74.125.24.0-255,153,153,82,382491
33442,5e-05,172.31.47.0-255,66,219,82,382491
33443,5.7e-05,74.125.24.0-255,1484,1703,82,382491
33444,6.1e-05,172.31.47.0-255,66,1769,82,382491
33445,6.5e-05,74.125.24.0-255,2902,4671,82,382491
33446,6.8e-05,172.31.47.0-255,66,4737,82,382491
33447,7.5e-05,74.125.24.0-255,7156,11893,82,382491
33448,7.8e-05,172.31.47.0-255,66,11959,82,382491
33449,8.1e-05,74.125.24.0-255,2095,14054,82,382491
33450,8.3e-05,172.31.47.0-255,66,14120,82,382491
33451,0.000109,74.125.24.0-255,5738,19858,82,382491
33452,0.000112,172.31.47.0-255,66,19924,82,382491
33453,0.000132,74.125.24.0-255,5738,25662,82,382491
33454,0.000134,172.31.47.0-255,66,25728,82,382491
33455,0.000142,74.125.24.0-255,5379,31107,82,382491
33456,0.000144,172.31.47.0-255,66,31173,82,382491
33457,0.00038,74.125.24.0-255,1484,32657,82,382491
33458,0.000385,172.31.47.0-255,66,32723,82,382491
33459,0.00039,74.125.24.0-255,2902,35625,82,382491
33460,0.000393,172.31.47.0-255,66,35691,82,382491
33461,0.00042,74.125.24.0-255,5738,41429,82,382491
33462,0.000424,172.31.47.0-255,66,41495,82,382491
33463,0.000442,74.125.24.0-255,4320,45815,82,382491
33464,0.000448,172.31.47.0-255,66,45881,82,382491
33465,0.000455,74.125.24.0-255,2543,48424,82,382491
33466,0.000457,172.31.47.0-255,66,48490,82,382491
33467,0.000482,74.125.24.0-255,4320,52810,82,382491
33468,0.000485,172.31.47.0-255,66,52876,82,382491
33469,0.000512,74.125.24.0-255,2902,55778,82,382491
33470,0.000515,172.31.47.0-255,66,55844,82,382491
33471,0.000523,74.125.24.0-255,9908,65752,82,382491
33472,0.000527,172.31.47.0-255,66,65818,82,382491
33473,0.000637,74.125.24.0-255,131,65949,82,382491
33474,0.000725,74.125.24.0-255,1484,67433,82,382491
33475,0.000729,172.31.47.0-255,66,67499,82,382491
33476,0.000751,74.125.24.0-255,2902,70401,82,382491
33477,0.000755,74.125.24.0-255,2902,73303,82,382491
33478,0.000755,172.31.47.0-255,66,73369,82,382491
33479,0.000759,172.31.47.0-255,66,73435,82,382491
33480,0.000777,74.125.24.0-255,2902,76337,82,382491
33481,0.00078,172.31.47.0-255,66,76403,82,382491
33482,0.000793,74.125.24.0-255,2902,79305,82,382491
33483,0.000797,172.31.47.0-255,66,79371,82,382491
33484,0.000817,74.125.24.0-255,5738,85109,82,382491
33485,0.00082,172.31.47.0-255,66,85175,82,382491
33486,0.000839,74.125.24.0-255,4320,89495,82,382491
33487,0.000842,172.31.47.0-255,66,89561,82,382491
33488,0.000845,74.125.24.0-255,1484,91045,82,382491
33489,0.000867,74.125.24.0-255,9274,100319,82,382491
33490,0.000869,74.125.24.0-255,347,100666,82,382491
33491,0.000871,172.31.47.0-255,66,100732,82,382491
33492,0.001134,172.31.47.0-255,66,100798,82,382491
33493,0.001508,74.125.24.0-255,1484,102282,82,382491
33494,0.001518,74.125.24.0-255,2902,105184,82,382491
33495,0.001522,172.31.47.0-255,66,105250,82,382491
33496,0.001546,74.125.24.0-255,5738,110988,82,382491
33497,0.001549,172.31.47.0-255,66,111054,82,382491
33498,0.001583,74.125.24.0-255,9992,121046,82,382491
33499,0.001586,172.31.47.0-255,66,121112,82,382491
33500,0.001593,74.125.24.0-255,5738,126850,82,382491
33501,0.001594,172.31.47.0-255,66,126916,82,382491
33502,0.001611,74.125.24.0-255,5738,132654,82,382491
33503,0.001614,172.31.47.0-255,66,132720,82,382491
33504,0.001618,74.125.24.0-255,2184,134904,82,382491
33505,0.00162,172.31.47.0-255,66,134970,82,382491
33506,0.001797,74.125.24.0-255,1484,136454,82,382491
33507,0.001805,74.125.24.0-255,2902,139356,82,382491
33508,0.001809,172.31.47.0-255,66,139422,82,382491
33509,0.001814,74.125.24.0-255,1484,140906,82,382491
33510,0.001833,74.125.24.0-255,4320,145226,82,382491
33511,0.001836,172.31.47.0-255,66,145292,82,382491
33512,0.00184,74.125.24.0-255,1484,146776,82,382491
33513,0.001872,172.31.47.0-255,66,146842,82,382491
33514,0.001881,74.125.24.0-255,10692,157534,82,382491
33515,0.001883,172.31.47.0-255,66,157600,82,382491
33516,0.001982,74.125.24.0-255,1484,159084,82,382491
33517,0.001988,74.125.24.0-255,2902,161986,82,382491
33518,0.001992,172.31.47.0-255,66,162052,82,382491
33519,0.001999,74.125.24.0-255,5738,167790,82,382491
33520,0.002,172.31.47.0-255,66,167856,82,382491
33521,0.002004,74.125.24.0-255,2902,170758,82,382491
33522,0.002006,172.31.47.0-255,66,170824,82,382491
33523,0.002024,74.125.24.0-255,2902,173726,82,382491
33524,0.002026,172.31.47.0-255,66,173792,82,382491
33525,0.002042,74.125.24.0-255,4320,178112,82,382491
33526,0.002044,172.31.47.0-255,66,178178,82,382491
33527,0.002066,74.125.24.0-255,8574,186752,82,382491
33528,0.002069,172.31.47.0-255,66,186818,82,382491
33529,0.002075,74.125.24.0-255,5020,191838,82,382491
33530,0.002077,172.31.47.0-255,66,191904,82,382491
33531,0.002109,74.125.24.0-255,5738,197642,82,382491
33532,0.002112,172.31.47.0-255,66,197708,82,382491
33533,0.002136,74.125.24.0-255,7156,204864,82,382491
33534,0.002139,172.31.47.0-255,66,204930,82,382491
33535,0.002143,74.125.24.0-255,2902,207832,82,382491
33536,0.002145,172.31.47.0-255,66,207898,82,382491
33537,0.002168,74.125.24.0-255,9992,217890,82,382491
33538,0.00217,172.31.47.0-255,66,217956,82,382491
33539,0.002192,74.125.24.0-255,1484,219440,82,382491
33540,0.002199,74.125.24.0-255,6438,225878,82,382491
33541,0.002202,172.31.47.0-255,66,225944,82,382491
33542,0.002831,74.125.24.0-255,1484,227428,82,382491
33543,0.002845,74.125.24.0-255,2902,230330,82,382491
33544,0.002849,172.31.47.0-255,66,230396,82,382491
33545,0.002871,74.125.24.0-255,5738,236134,82,382491
33546,0.002873,172.31.47.0-255,66,236200,82,382491
33547,0.002876,74.125.24.0-255,1484,237684,82,382491
33548,0.002919,74.125.24.0-255,2902,240586,82,382491
33549,0.002922,172.31.47.0-255,66,240652,82,382491
33550,0.002941,74.125.24.0-255,4320,244972,82,382491
33551,0.002943,172.31.47.0-255,66,245038,82,382491
33552,0.002971,74.125.24.0-255,5738,250776,82,382491
33553,0.002974,172.31.47.0-255,66,250842,82,382491
33554,0.00298,74.125.24.0-255,5738,256580,82,382491
33555,0.002981,172.31.47.0-255,66,256646,82,382491
33556,0.002986,74.125.24.0-255,3602,260248,82,382491
33557,0.002988,172.31.47.0-255,66,260314,82,382491
33558,0.003157,74.125.24.0-255,1484,261798,82,382491
33559,0.003174,74.125.24.0-255,1484,263282,82,382491
33560,0.003177,172.31.47.0-255,66,263348,82,382491
33561,0.003191,74.125.24.0-255,1484,264832,82,382491
33562,0.003193,74.125.24.0-255,1484,266316,82,382491
33563,0.003195,74.125.24.0-255,1484,267800,82,382491
33564,0.003199,172.31.47.0-255,66,267866,82,382491
33565,0.003242,172.31.47.0-255,66,267932,82,382491
33566,0.003249,74.125.24.0-255,7156,275088,82,382491
33567,0.003251,172.31.47.0-255,66,275154,82,382491
33568,0.00327,74.125.24.0-255,5738,280892,82,382491
33569,0.003273,172.31.47.0-255,66,280958,82,382491
33570,0.003277,74.125.24.0-255,2184,283142,82,382491
33571,0.003278,172.31.47.0-255,66,283208,82,382491
33572,0.003281,74.125.24.0-255,1484,284692,82,382491
33573,0.003283,74.125.24.0-255,1484,286176,82,382491
33574,0.003285,172.31.47.0-255,66,286242,82,382491
33575,0.003288,74.125.24.0-255,1484,287726,82,382491
33576,0.003303,74.125.24.0-255,4320,292046,82,382491
33577,0.003305,172.31.47.0-255,66,292112,82,382491
33578,0.003318,74.125.24.0-255,2902,295014,82,382491
33579,0.00332,172.31.47.0-255,66,295080,82,382491
33580,0.003323,74.125.24.0-255,1484,296564,82,382491
33581,0.003355,74.125.24.0-255,8574,305138,82,382491
33582,0.003357,172.31.47.0-255,66,305204,82,382491
33583,0.003366,74.125.24.0-255,9992,315196,82,382491
33584,0.003367,172.31.47.0-255,66,315262,82,382491
33585,0.0034,74.125.24.0-255,10692,325954,82,382491
33586,0.003403,172.31.47.0-255,66,326020,82,382491
33587,0.003406,74.125.24.0-255,1484,327504,82,382491
33588,0.003428,74.125.24.0-255,8574,336078,82,382491
33589,0.003431,172.31.47.0-255,66,336144,82,382491
33590,0.003451,74.125.24.0-255,1484,337628,82,382491
33591,0.003456,74.125.24.0-255,2902,340530,82,382491
33592,0.003458,172.31.47.0-255,66,340596,82,382491
33593,0.003476,74.125.24.0-255,5738,346334,82,382491
33594,0.00348,172.31.47.0-255,66,346400,82,382491
33595,0.00349,74.125.24.0-255,5738,352138,82,382491
33596,0.003493,172.31.47.0-255,66,352204,82,382491
33597,0.003523,74.125.24.0-255,5020,357224,82,382491
33598,0.003526,172.31.47.0-255,66,357290,82,382491
33599,0.003537,172.31.47.0-255,66,357356,82,382491
33600,0.003542,74.125.24.0-255,4320,361676,82,382491
33601,0.003544,172.31.47.0-255,66,361742,82,382491
33602,0.003567,74.125.24.0-255,4320,366062,82,382491
33603,0.00357,172.31.47.0-255,66,366128,82,382491
33604,0.003587,74.125.24.0-255,1484,367612,82,382491
33605,0.003604,74.125.24.0-255,8574,376186,82,382491
33606,0.003607,172.31.47.0-255,66,376252,82,382491
33607,0.003619,74.125.24.0-255,1548,377800,82,382491
33608,0.003623,172.31.47.0-255,66,377866,82,382491
33609,0.003639,74.125.24.0-255,105,377971,82,382491
33610,0.004844,172.31.47.0-255,66,378037,82,382491
33611,0.004881,172.31.47.0-255,105,378142,82,382491
33612,0.007199,74.125.24.0-255,66,378208,82,382491
33613,0.034579,172.31.47.0-255,172,378380,82,382491
33614,0.034626,172.31.47.0-255,1107,379487,82,382491
33615,0.034692,172.31.47.0-255,1514,381001,82,382491
33616,0.034694,172.31.47.0-255,1292,382293,82,382491
33617,0.036117,104.244.42.0-255,66,382359,82,382491
33618,0.036213,104.244.42.0-255,66,382425,82,382491
33619,0.036255,104.244.42.0-255,66,382491,82,382491
33620,0.0,172.217.194.0-255,153,153,82,300844
33621,2.7e-05,172.31.47.0-255,66,219,82,300844
33622,3.4e-05,172.217.194.0-255,1484,1703,82,300844
33623,3.8e-05,172.31.47.0-255,66,1769,82,300844
33624,4.3e-05,172.217.194.0-255,2902,4671,82,300844
33625,4.5e-05,172.31.47.0-255,66,4737,82,300844
33626,5.2e-05,172.217.194.0-255,7156,11893,82,300844
33627,5.5e-05,172.31.47.0-255,66,11959,82,300844
33628,8.9e-05,172.217.194.0-255,2209,14168,82,300844
33629,9.2e-05,172.31.47.0-255,66,14234,82,300844
33630,0.000367,172.217.194.0-255,1484,15718,82,300844
33631,0.000372,172.31.47.0-255,66,15784,82,300844
33632,0.000379,172.217.194.0-255,2902,18686,82,300844
33633,0.000381,172.31.47.0-255,66,18752,82,300844
33634,0.000385,172.217.194.0-255,1484,20236,82,300844
33635,0.000388,172.31.47.0-255,66,20302,82,300844
33636,0.000411,172.217.194.0-255,4320,24622,82,300844
33637,0.000414,172.31.47.0-255,66,24688,82,300844
33638,0.000416,172.217.194.0-255,1484,26172,82,300844
33639,0.000418,172.31.47.0-255,66,26238,82,300844
33640,0.00044,172.217.194.0-255,2902,29140,82,300844
33641,0.000443,172.31.47.0-255,66,29206,82,300844
33642,0.000459,172.217.194.0-255,6797,36003,82,300844
33643,0.000463,172.31.47.0-255,66,36069,82,300844
33644,0.000472,172.217.194.0-255,9992,46061,82,300844
33645,0.000475,172.31.47.0-255,66,46127,82,300844
33646,0.000506,172.217.194.0-255,2543,48670,82,300844
33647,0.000509,172.31.47.0-255,66,48736,82,300844
33648,0.000605,172.217.194.0-255,1484,50220,82,300844
33649,0.000608,172.31.47.0-255,66,50286,82,300844
33650,0.000612,172.217.194.0-255,1484,51770,82,300844
33651,0.000614,172.31.47.0-255,66,51836,82,300844
33652,0.000631,172.217.194.0-255,1484,53320,82,300844
33653,0.000638,172.217.194.0-255,5738,59058,82,300844
33654,0.00064,172.31.47.0-255,66,59124,82,300844
33655,0.000678,172.217.194.0-255,4320,63444,82,300844
33656,0.000683,172.31.47.0-255,66,63510,82,300844
33657,0.000701,172.217.194.0-255,2840,66350,82,300844
33658,0.000704,172.217.194.0-255,380,66730,82,300844
33659,0.000709,172.31.47.0-255,66,66796,82,300844
33660,0.000838,172.217.194.0-255,1484,68280,82,300844
33661,0.000841,172.217.194.0-255,1484,69764,82,300844
33662,0.000844,172.31.47.0-255,66,69830,82,300844
33663,0.000863,172.217.194.0-255,1484,71314,82,300844
33664,0.000869,172.217.194.0-255,5738,77052,82,300844
33665,0.000872,172.31.47.0-255,66,77118,82,300844
33666,0.000876,172.217.194.0-255,2902,80020,82,300844
33667,0.000878,172.31.47.0-255,66,80086,82,300844
33668,0.000894,172.217.194.0-255,3961,84047,82,300844
33669,0.000896,172.31.47.0-255,66,84113,82,300844
33670,0.001202,172.217.194.0-255,1484,85597,82,300844
33671,0.001212,172.217.194.0-255,2902,88499,82,300844
33672,0.001215,172.31.47.0-255,66,88565,82,300844
33673,0.001223,172.217.194.0-255,5738,94303,82,300844
33674,0.001224,172.31.47.0-255,66,94369,82,300844
33675,0.001249,172.217.194.0-255,5738,100107,82,300844
33676,0.001252,172.31.47.0-255,66,100173,82,300844
33677,0.001276,172.217.194.0-255,7156,107329,82,300844
33678,0.001278,172.31.47.0-255,66,107395,82,300844
33679,0.001287,172.217.194.0-255,9992,117387,82,300844
33680,0.0013,172.217.194.0-255,766,118153,82,300844
33681,0.001303,172.31.47.0-255,66,118219,82,300844
33682,0.001577,172.31.47.0-255,66,118285,82,300844
33683,0.00335,172.217.194.0-255,4320,122605,82,300844
33684,0.003354,172.31.47.0-255,66,122671,82,300844
33685,0.003658,172.217.194.0-255,1484,124155,82,300844
33686,0.005431,172.217.194.0-255,2902,127057,82,300844
33687,0.005435,172.31.47.0-255,66,127123,82,300844
33688,0.005452,172.217.194.0-255,1484,128607,82,300844
33689,0.007517,172.217.194.0-255,4320,132927,82,300844
33690,0.007523,172.31.47.0-255,66,132993,82,300844
33691,0.009621,172.217.194.0-255,5738,138731,82,300844
33692,0.009627,172.31.47.0-255,66,138797,82,300844
33693,0.011724,172.217.194.0-255,5738,144535,82,300844
33694,0.011732,172.31.47.0-255,66,144601,82,300844
33695,0.013827,172.217.194.0-255,5738,150339,82,300844
33696,0.013834,172.31.47.0-255,66,150405,82,300844
33697,0.015949,172.217.194.0-255,5738,156143,82,300844
33698,0.015955,172.31.47.0-255,66,156209,82,300844
33699,0.018061,172.217.194.0-255,5738,161947,82,300844
33700,0.018067,172.31.47.0-255,66,162013,82,300844
33701,0.020141,172.217.194.0-255,5738,167751,82,300844
33702,0.020147,172.31.47.0-255,66,167817,82,300844
33703,0.02169,172.31.47.0-255,172,167989,82,300844
33704,0.021724,172.31.47.0-255,1111,169100,82,300844
33705,0.021781,172.31.47.0-255,1514,170614,82,300844
33706,0.021783,172.31.47.0-255,1288,171902,82,300844
33707,0.022218,172.217.194.0-255,5738,177640,82,300844
33708,0.022223,172.31.47.0-255,66,177706,82,300844
33709,0.023267,104.244.42.0-255,66,177772,82,300844
33710,0.023296,104.244.42.0-255,66,177838,82,300844
33711,0.023354,104.244.42.0-255,66,177904,82,300844
33712,0.024277,172.217.194.0-255,4320,182224,82,300844
33713,0.024281,172.31.47.0-255,66,182290,82,300844
33714,0.024313,172.217.194.0-255,1484,183774,82,300844
33715,0.026376,172.217.194.0-255,4320,188094,82,300844
33716,0.026381,172.31.47.0-255,66,188160,82,300844
33717,0.028432,172.217.194.0-255,4320,192480,82,300844
33718,0.028437,172.31.47.0-255,66,192546,82,300844
33719,0.028466,172.217.194.0-255,1484,194030,82,300844
33720,0.030497,172.217.194.0-255,4320,198350,82,300844
33721,0.030502,172.31.47.0-255,66,198416,82,300844
33722,0.032595,172.217.194.0-255,5738,204154,82,300844
33723,0.0326,172.31.47.0-255,66,204220,82,300844
33724,0.034694,172.217.194.0-255,5738,209958,82,300844
33725,0.0347,172.31.47.0-255,66,210024,82,300844
33726,0.036778,172.217.194.0-255,4320,214344,82,300844
33727,0.036784,172.31.47.0-255,66,214410,82,300844
33728,0.036816,172.217.194.0-255,1484,215894,82,300844
33729,0.038863,172.217.194.0-255,4320,220214,82,300844
33730,0.038867,172.31.47.0-255,66,220280,82,300844
33731,0.040964,172.217.194.0-255,5738,226018,82,300844
33732,0.040969,172.31.47.0-255,66,226084,82,300844
33733,0.043027,172.217.194.0-255,5738,231822,82,300844
33734,0.043031,172.31.47.0-255,66,231888,82,300844
33735,0.04513,172.217.194.0-255,5738,237626,82,300844
33736,0.045137,172.31.47.0-255,66,237692,82,300844
33737,0.047213,172.217.194.0-255,2902,240594,82,300844
33738,0.047219,172.31.47.0-255,66,240660,82,300844
33739,0.047251,172.217.194.0-255,2902,243562,82,300844
33740,0.047254,172.31.47.0-255,66,243628,82,300844
33741,0.049269,172.217.194.0-255,2902,246530,82,300844
33742,0.049274,172.31.47.0-255,66,246596,82,300844
33743,0.049325,172.217.194.0-255,2902,249498,82,300844
33744,0.049328,172.31.47.0-255,66,249564,82,300844
33745,0.051364,172.217.194.0-255,2902,252466,82,300844
33746,0.051369,172.31.47.0-255,66,252532,82,300844
33747,0.051413,172.217.194.0-255,2902,255434,82,300844
33748,0.051416,172.31.47.0-255,66,255500,82,300844
33749,0.053433,172.217.194.0-255,1484,256984,82,300844
33750,0.053488,172.217.194.0-255,4320,261304,82,300844
33751,0.053493,172.31.47.0-255,66,261370,82,300844
33752,0.0556,172.217.194.0-255,4320,265690,82,300844
33753,0.055605,172.31.47.0-255,66,265756,82,300844
33754,0.055632,172.217.194.0-255,1484,267240,82,300844
33755,0.057665,172.217.194.0-255,4320,271560,82,300844
33756,0.057669,172.31.47.0-255,66,271626,82,300844
33757,0.059814,172.217.194.0-255,5738,277364,82,300844
33758,0.059819,172.31.47.0-255,66,277430,82,300844
33759,0.061904,172.217.194.0-255,5738,283168,82,300844
33760,0.06191,172.31.47.0-255,66,283234,82,300844
33761,0.064007,172.217.194.0-255,2902,286136,82,300844
33762,0.064012,172.31.47.0-255,66,286202,82,300844
33763,0.064039,172.217.194.0-255,2902,289104,82,300844
33764,0.064042,172.31.47.0-255,66,289170,82,300844
33765,0.066096,172.217.194.0-255,5738,294908,82,300844
33766,0.066102,172.31.47.0-255,66,294974,82,300844
33767,0.06817,172.217.194.0-255,4320,299294,82,300844
33768,0.068174,172.31.47.0-255,66,299360,82,300844
33769,0.068198,172.217.194.0-255,1484,300844,82,300844
33770,0.0,74.125.24.0-255,153,153,82,320778
33771,2.1e-05,172.31.47.0-255,66,219,82,320778
33772,2.7e-05,74.125.24.0-255,1484,1703,82,320778
33773,3.1e-05,172.31.47.0-255,66,1769,82,320778
33774,3.6e-05,74.125.24.0-255,2902,4671,82,320778
33775,4.9e-05,172.31.47.0-255,66,4737,82,320778
33776,5.5e-05,74.125.24.0-255,7156,11893,82,320778
33777,5.7e-05,172.31.47.0-255,66,11959,82,320778
33778,6e-05,74.125.24.0-255,1484,13443,82,320778
33779,6.2e-05,172.31.47.0-255,66,13509,82,320778
33780,0.0001,74.125.24.0-255,10658,24167,82,320778
33781,0.000104,172.31.47.0-255,66,24233,82,320778
33782,0.000107,74.125.24.0-255,1484,25717,82,320778
33783,0.000109,172.31.47.0-255,66,25783,82,320778
33784,0.000134,74.125.24.0-255,5379,31162,82,320778
33785,0.00014,172.31.47.0-255,66,31228,82,320778
33786,0.000243,74.125.24.0-255,1484,32712,82,320778
33787,0.000247,172.31.47.0-255,66,32778,82,320778
33788,0.000252,74.125.24.0-255,2902,35680,82,320778
33789,0.000253,172.31.47.0-255,66,35746,82,320778
33790,0.000256,74.125.24.0-255,1484,37230,82,320778
33791,0.000258,172.31.47.0-255,66,37296,82,320778
33792,0.000296,74.125.24.0-255,4320,41616,82,320778
33793,0.0003,172.31.47.0-255,66,41682,82,320778
33794,0.000306,74.125.24.0-255,5738,47420,82,320778
33795,0.000308,172.31.47.0-255,66,47486,82,320778
33796,0.000323,74.125.24.0-255,8215,55701,82,320778
33797,0.000326,172.31.47.0-255,66,55767,82,320778
33798,0.00033,74.125.24.0-255,5738,61505,82,320778
33799,0.000338,172.31.47.0-255,66,61571,82,320778
33800,0.000366,74.125.24.0-255,2902,64473,82,320778
33801,0.00037,172.31.47.0-255,66,64539,82,320778
33802,0.000393,74.125.24.0-255,1422,65961,82,320778
33803,0.000407,74.125.24.0-255,381,66342,82,320778
33804,0.00041,172.31.47.0-255,66,66408,82,320778
33805,0.000502,74.125.24.0-255,1484,67892,82,320778
33806,0.000506,74.125.24.0-255,1484,69376,82,320778
33807,0.00051,172.31.47.0-255,66,69442,82,320778
33808,0.00053,74.125.24.0-255,1484,70926,82,320778
33809,0.000536,74.125.24.0-255,5738,76664,82,320778
33810,0.000538,172.31.47.0-255,66,76730,82,320778
33811,0.000541,74.125.24.0-255,1484,78214,82,320778
33812,0.000575,172.31.47.0-255,66,78280,82,320778
33813,0.000581,74.125.24.0-255,7156,85436,82,320778
33814,0.000583,172.31.47.0-255,66,85502,82,320778
33815,0.000611,74.125.24.0-255,2543,88045,82,320778
33816,0.000613,172.31.47.0-255,66,88111,82,320778
33817,0.001318,74.125.24.0-255,1484,89595,82,320778
33818,0.001326,74.125.24.0-255,2902,92497,82,320778
33819,0.00133,172.31.47.0-255,66,92563,82,320778
33820,0.001335,74.125.24.0-255,2902,95465,82,320778
33821,0.001337,172.31.47.0-255,66,95531,82,320778
33822,0.001364,74.125.24.0-255,7156,102687,82,320778
33823,0.001366,172.31.47.0-255,66,102753,82,320778
33824,0.001417,172.31.47.0-255,66,102819,82,320778
33825,0.001443,74.125.24.0-255,3602,106421,82,320778
33826,0.001446,172.31.47.0-255,66,106487,82,320778
33827,0.001756,74.125.24.0-255,1484,107971,82,320778
33828,0.001763,74.125.24.0-255,2902,110873,82,320778
33829,0.001768,172.31.47.0-255,66,110939,82,320778
33830,0.001775,74.125.24.0-255,5738,116677,82,320778
33831,0.001777,172.31.47.0-255,66,116743,82,320778
33832,0.001815,172.31.47.0-255,66,116809,82,320778
33833,0.00187,74.125.24.0-255,10692,127501,82,320778
33834,0.001873,172.31.47.0-255,66,127567,82,320778
33835,0.003924,74.125.24.0-255,5738,133305,82,320778
33836,0.003931,172.31.47.0-255,66,133371,82,320778
33837,0.00597,74.125.24.0-255,2902,136273,82,320778
33838,0.005973,172.31.47.0-255,66,136339,82,320778
33839,0.005998,74.125.24.0-255,2902,139241,82,320778
33840,0.006,172.31.47.0-255,66,139307,82,320778
33841,0.007993,74.125.24.0-255,2902,142209,82,320778
33842,0.007998,172.31.47.0-255,66,142275,82,320778
33843,0.008027,74.125.24.0-255,2902,145177,82,320778
33844,0.00803,172.31.47.0-255,66,145243,82,320778
33845,0.010038,74.125.24.0-255,2902,148145,82,320778
33846,0.010045,172.31.47.0-255,66,148211,82,320778
33847,0.010094,74.125.24.0-255,2902,151113,82,320778
33848,0.010096,172.31.47.0-255,66,151179,82,320778
33849,0.012091,74.125.24.0-255,2902,154081,82,320778
33850,0.0121,172.31.47.0-255,66,154147,82,320778
33851,0.01212,74.125.24.0-255,2902,157049,82,320778
33852,0.012123,172.31.47.0-255,66,157115,82,320778
33853,0.014117,74.125.24.0-255,2902,160017,82,320778
33854,0.014125,172.31.47.0-255,66,160083,82,320778
33855,0.014157,74.125.24.0-255,2902,162985,82,320778
33856,0.014161,172.31.47.0-255,66,163051,82,320778
33857,0.016143,74.125.24.0-255,2902,165953,82,320778
33858,0.016158,172.31.47.0-255,66,166019,82,320778
33859,0.016189,74.125.24.0-255,2902,168921,82,320778
33860,0.016191,172.31.47.0-255,66,168987,82,320778
33861,0.018219,74.125.24.0-255,5738,174725,82,320778
33862,0.018226,172.31.47.0-255,66,174791,82,320778
33863,0.020248,74.125.24.0-255,5738,180529,82,320778
33864,0.020258,172.31.47.0-255,66,180595,82,320778
33865,0.022285,74.125.24.0-255,4320,184915,82,320778
33866,0.022292,172.31.47.0-255,66,184981,82,320778
33867,0.022319,74.125.24.0-255,1484,186465,82,320778
33868,0.024315,74.125.24.0-255,4320,190785,82,320778
33869,0.024322,172.31.47.0-255,66,190851,82,320778
33870,0.025061,172.31.47.0-255,172,191023,82,320778
33871,0.025107,172.31.47.0-255,1106,192129,82,320778
33872,0.025196,172.31.47.0-255,1514,193643,82,320778
33873,0.025222,172.31.47.0-255,1293,194936,82,320778
33874,0.026339,74.125.24.0-255,5738,200674,82,320778
33875,0.026346,172.31.47.0-255,66,200740,82,320778
33876,0.026606,104.244.42.0-255,66,200806,82,320778
33877,0.026655,104.244.42.0-255,66,200872,82,320778
33878,0.026758,104.244.42.0-255,66,200938,82,320778
33879,0.028378,74.125.24.0-255,2902,203840,82,320778
33880,0.028381,172.31.47.0-255,66,203906,82,320778
33881,0.028413,74.125.24.0-255,2902,206808,82,320778
33882,0.028416,172.31.47.0-255,66,206874,82,320778
33883,0.030445,74.125.24.0-255,5738,212612,82,320778
33884,0.030453,172.31.47.0-255,66,212678,82,320778
33885,0.032514,74.125.24.0-255,5738,218416,82,320778
33886,0.032533,172.31.47.0-255,66,218482,82,320778
33887,0.034588,74.125.24.0-255,5738,224220,82,320778
33888,0.034605,172.31.47.0-255,66,224286,82,320778
33889,0.036634,74.125.24.0-255,5738,230024,82,320778
33890,0.036647,172.31.47.0-255,66,230090,82,320778
33891,0.038681,74.125.24.0-255,5738,235828,82,320778
33892,0.038692,172.31.47.0-255,66,235894,82,320778
33893,0.040726,74.125.24.0-255,4320,240214,82,320778
33894,0.040731,172.31.47.0-255,66,240280,82,320778
33895,0.040757,74.125.24.0-255,1484,241764,82,320778
33896,0.042769,74.125.24.0-255,4320,246084,82,320778
33897,0.042775,172.31.47.0-255,66,246150,82,320778
33898,0.044804,74.125.24.0-255,5738,251888,82,320778
33899,0.044811,172.31.47.0-255,66,251954,82,320778
33900,0.046833,74.125.24.0-255,5738,257692,82,320778
33901,0.04684,172.31.47.0-255,66,257758,82,320778
33902,0.048851,74.125.24.0-255,5738,263496,82,320778
33903,0.048857,172.31.47.0-255,66,263562,82,320778
33904,0.050875,74.125.24.0-255,2902,266464,82,320778
33905,0.050879,172.31.47.0-255,66,266530,82,320778
33906,0.050912,74.125.24.0-255,2902,269432,82,320778
33907,0.050916,172.31.47.0-255,66,269498,82,320778
33908,0.052909,74.125.24.0-255,2902,272400,82,320778
33909,0.052914,172.31.47.0-255,66,272466,82,320778
33910,0.052946,74.125.24.0-255,2902,275368,82,320778
33911,0.052949,172.31.47.0-255,66,275434,82,320778
33912,0.054913,74.125.24.0-255,2902,278336,82,320778
33913,0.054919,172.31.47.0-255,66,278402,82,320778
33914,0.054949,74.125.24.0-255,2902,281304,82,320778
33915,0.054952,172.31.47.0-255,66,281370,82,320778
33916,0.056927,74.125.24.0-255,2902,284272,82,320778
33917,0.056933,172.31.47.0-255,66,284338,82,320778
33918,0.056963,74.125.24.0-255,2902,287240,82,320778
33919,0.056966,172.31.47.0-255,66,287306,82,320778
33920,0.058974,74.125.24.0-255,5738,293044,82,320778
33921,0.05898,172.31.47.0-255,66,293110,82,320778
33922,0.061031,74.125.24.0-255,5738,298848,82,320778
33923,0.061036,172.31.47.0-255,66,298914,82,320778
33924,0.063093,74.125.24.0-255,5738,304652,82,320778
33925,0.0631,172.31.47.0-255,66,304718,82,320778
33926,0.065158,74.125.24.0-255,5738,310456,82,320778
33927,0.065171,172.31.47.0-255,66,310522,82,320778
33928,0.067196,74.125.24.0-255,4320,314842,82,320778
33929,0.067201,172.31.47.0-255,66,314908,82,320778
33930,0.067232,74.125.24.0-255,1484,316392,82,320778
33931,0.069243,74.125.24.0-255,4320,320712,82,320778
33932,0.069247,172.31.47.0-255,66,320778,82,320778
33933,0.0,172.31.47.0-255,105,105,82,141437
33934,0.05595,172.217.27.0-255,153,258,82,141437
33935,0.05597,172.31.47.0-255,66,324,82,141437
33936,0.055977,172.217.27.0-255,1484,1808,82,141437
33937,0.055981,172.31.47.0-255,66,1874,82,141437
33938,0.055987,172.217.27.0-255,2902,4776,82,141437
33939,0.055997,172.31.47.0-255,66,4842,82,141437
33940,0.056003,172.217.27.0-255,4320,9162,82,141437
33941,0.056006,172.31.47.0-255,66,9228,82,141437
33942,0.056011,172.217.27.0-255,4812,14040,82,141437
33943,0.056014,172.31.47.0-255,66,14106,82,141437
33944,0.056045,172.217.27.0-255,1484,15590,82,141437
33945,0.056048,172.31.47.0-255,66,15656,82,141437
33946,0.056052,172.217.27.0-255,2902,18558,82,141437
33947,0.056054,172.31.47.0-255,66,18624,82,141437
33948,0.056079,172.217.27.0-255,5738,24362,82,141437
33949,0.056082,172.31.47.0-255,66,24428,82,141437
33950,0.056087,172.217.27.0-255,5738,30166,82,141437
33951,0.056089,172.31.47.0-255,66,30232,82,141437
33952,0.05612,172.217.27.0-255,1125,31357,82,141437
33953,0.056122,172.31.47.0-255,66,31423,82,141437
33954,0.056303,172.217.27.0-255,1484,32907,82,141437
33955,0.056308,172.31.47.0-255,66,32973,82,141437
33956,0.056313,172.217.27.0-255,2902,35875,82,141437
33957,0.056316,172.31.47.0-255,66,35941,82,141437
33958,0.056318,172.217.27.0-255,1484,37425,82,141437
33959,0.05632,172.31.47.0-255,66,37491,82,141437
33960,0.056358,172.217.27.0-255,4320,41811,82,141437
33961,0.056361,172.31.47.0-255,66,41877,82,141437
33962,0.056365,172.217.27.0-255,2902,44779,82,141437
33963,0.056367,172.31.47.0-255,66,44845,82,141437
33964,0.056372,172.217.27.0-255,3961,48806,82,141437
33965,0.056374,172.31.47.0-255,66,48872,82,141437
33966,0.056962,172.217.27.0-255,1484,50356,82,141437
33967,0.056971,172.217.27.0-255,2902,53258,82,141437
33968,0.056976,172.31.47.0-255,66,53324,82,141437
33969,0.056982,172.217.27.0-255,5738,59062,82,141437
33970,0.057001,172.31.47.0-255,66,59128,82,141437
33971,0.057008,172.217.27.0-255,6797,65925,82,141437
33972,0.05701,172.31.47.0-255,66,65991,82,141437
33973,0.057017,172.217.27.0-255,7156,73147,82,141437
33974,0.057019,172.31.47.0-255,66,73213,82,141437
33975,0.057039,172.217.27.0-255,5738,78951,82,141437
33976,0.057041,172.31.47.0-255,66,79017,82,141437
33977,0.05705,172.217.27.0-255,4541,83558,82,141437
33978,0.057052,172.31.47.0-255,66,83624,82,141437
33979,0.05711,172.217.27.0-255,1484,85108,82,141437
33980,0.057127,172.217.27.0-255,2902,88010,82,141437
33981,0.05713,172.31.47.0-255,66,88076,82,141437
33982,0.057152,172.217.27.0-255,5738,93814,82,141437
33983,0.057155,172.217.27.0-255,1484,95298,82,141437
33984,0.057159,172.31.47.0-255,66,95364,82,141437
33985,0.057184,172.217.27.0-255,5379,100743,82,141437
33986,0.057187,172.31.47.0-255,66,100809,82,141437
33987,0.058836,172.217.27.0-255,5738,106547,82,141437
33988,0.058842,172.31.47.0-255,66,106613,82,141437
33989,0.060488,172.217.27.0-255,5738,112351,82,141437
33990,0.060492,172.31.47.0-255,66,112417,82,141437
33991,0.062137,172.217.27.0-255,5738,118155,82,141437
33992,0.062142,172.31.47.0-255,66,118221,82,141437
33993,0.063809,172.217.27.0-255,5738,123959,82,141437
33994,0.063816,172.31.47.0-255,66,124025,82,141437
33995,0.065475,172.217.27.0-255,5738,129763,82,141437
33996,0.065481,172.31.47.0-255,66,129829,82,141437
33997,0.067182,172.217.27.0-255,5738,135567,82,141437
33998,0.067189,172.31.47.0-255,66,135633,82,141437
33999,0.068858,172.217.27.0-255,5738,141371,82,141437
34000,0.068867,172.31.47.0-255,66,141437,82,141437
34001,0.0,172.253.118.0-255,158,158,82,242164
34002,2.4e-05,172.31.47.0-255,66,224,82,242164
34003,3.1e-05,172.253.118.0-255,1484,1708,82,242164
34004,3.4e-05,172.31.47.0-255,66,1774,82,242164
34005,3.9e-05,172.253.118.0-255,2902,4676,82,242164
34006,4.1e-05,172.31.47.0-255,66,4742,82,242164
34007,5.3e-05,172.253.118.0-255,7156,11898,82,242164
34008,5.6e-05,172.31.47.0-255,66,11964,82,242164
34009,8.5e-05,172.253.118.0-255,2209,14173,82,242164
34010,8.8e-05,172.31.47.0-255,66,14239,82,242164
34011,0.000109,172.253.118.0-255,2902,17141,82,242164
34012,0.000112,172.31.47.0-255,66,17207,82,242164
34013,0.000131,172.253.118.0-255,7156,24363,82,242164
34014,0.000133,172.31.47.0-255,66,24429,82,242164
34015,0.000188,172.253.118.0-255,6797,31226,82,242164
34016,0.000192,172.31.47.0-255,66,31292,82,242164
34017,0.001023,172.253.118.0-255,1484,32776,82,242164
34018,0.001029,172.31.47.0-255,66,32842,82,242164
34019,0.001038,172.253.118.0-255,2902,35744,82,242164
34020,0.001041,172.31.47.0-255,66,35810,82,242164
34021,0.001052,172.253.118.0-255,5738,41548,82,242164
34022,0.001054,172.31.47.0-255,66,41614,82,242164
34023,0.001076,172.253.118.0-255,4320,45934,82,242164
34024,0.001082,172.31.47.0-255,66,46000,82,242164
34025,0.001114,172.253.118.0-255,5379,51379,82,242164
34026,0.001116,172.31.47.0-255,66,51445,82,242164
34027,0.001125,172.253.118.0-255,9992,61437,82,242164
34028,0.001126,172.31.47.0-255,66,61503,82,242164
34029,0.001131,172.253.118.0-255,4235,65738,82,242164
34030,0.001133,172.31.47.0-255,66,65804,82,242164
34031,0.001745,172.253.118.0-255,127,65931,82,242164
34032,0.001749,172.31.47.0-255,66,65997,82,242164
34033,0.001879,172.253.118.0-255,1484,67481,82,242164
34034,0.001888,172.253.118.0-255,2902,70383,82,242164
34035,0.001892,172.31.47.0-255,66,70449,82,242164
34036,0.001899,172.253.118.0-255,5738,76187,82,242164
34037,0.001901,172.31.47.0-255,66,76253,82,242164
34038,0.001904,172.253.118.0-255,1484,77737,82,242164
34039,0.001924,172.253.118.0-255,2902,80639,82,242164
34040,0.001926,172.31.47.0-255,66,80705,82,242164
34041,0.001961,172.253.118.0-255,2543,83248,82,242164
34042,0.001965,172.31.47.0-255,66,83314,82,242164
34043,0.004477,172.253.118.0-255,2902,86216,82,242164
34044,0.004481,172.31.47.0-255,66,86282,82,242164
34045,0.004525,172.253.118.0-255,2902,89184,82,242164
34046,0.004533,172.31.47.0-255,66,89250,82,242164
34047,0.007036,172.253.118.0-255,2902,92152,82,242164
34048,0.007042,172.31.47.0-255,66,92218,82,242164
34049,0.007076,172.253.118.0-255,2902,95120,82,242164
34050,0.007079,172.31.47.0-255,66,95186,82,242164
34051,0.009596,172.253.118.0-255,2902,98088,82,242164
34052,0.009604,172.31.47.0-255,66,98154,82,242164
34053,0.009641,172.253.118.0-255,2902,101056,82,242164
34054,0.009646,172.31.47.0-255,66,101122,82,242164
34055,0.012175,172.253.118.0-255,2902,104024,82,242164
34056,0.012182,172.31.47.0-255,66,104090,82,242164
34057,0.012217,172.253.118.0-255,2902,106992,82,242164
34058,0.012221,172.31.47.0-255,66,107058,82,242164
34059,0.014742,172.253.118.0-255,2902,109960,82,242164
34060,0.014749,172.31.47.0-255,66,110026,82,242164
34061,0.014776,172.253.118.0-255,2902,112928,82,242164
34062,0.01478,172.31.47.0-255,66,112994,82,242164
34063,0.016391,172.31.47.0-255,172,113166,82,242164
34064,0.016426,172.31.47.0-255,1111,114277,82,242164
34065,0.016485,172.31.47.0-255,1514,115791,82,242164
34066,0.016487,172.31.47.0-255,1453,117244,82,242164
34067,0.0173,172.253.118.0-255,2902,120146,82,242164
34068,0.017305,172.31.47.0-255,66,120212,82,242164
34069,0.017341,172.253.118.0-255,2902,123114,82,242164
34070,0.017344,172.31.47.0-255,66,123180,82,242164
34071,0.017889,104.244.42.0-255,66,123246,82,242164
34072,0.01792,104.244.42.0-255,66,123312,82,242164
34073,0.018019,104.244.42.0-255,66,123378,82,242164
34074,0.019851,172.253.118.0-255,2902,126280,82,242164
34075,0.019855,172.31.47.0-255,66,126346,82,242164
34076,0.019888,172.253.118.0-255,2902,129248,82,242164
34077,0.019891,172.31.47.0-255,66,129314,82,242164
34078,0.022411,172.253.118.0-255,2902,132216,82,242164
34079,0.022417,172.31.47.0-255,66,132282,82,242164
34080,0.022454,172.253.118.0-255,2902,135184,82,242164
34081,0.022458,172.31.47.0-255,66,135250,82,242164
34082,0.02497,172.253.118.0-255,2902,138152,82,242164
34083,0.024974,172.31.47.0-255,66,138218,82,242164
34084,0.025002,172.253.118.0-255,2902,141120,82,242164
34085,0.025005,172.31.47.0-255,66,141186,82,242164
34086,0.027522,172.253.118.0-255,2902,144088,82,242164
34087,0.027527,172.31.47.0-255,66,144154,82,242164
34088,0.027564,172.253.118.0-255,2902,147056,82,242164
34089,0.027567,172.31.47.0-255,66,147122,82,242164
34090,0.030068,172.253.118.0-255,1484,148606,82,242164
34091,0.030096,172.253.118.0-255,1484,150090,82,242164
34092,0.0301,172.31.47.0-255,66,150156,82,242164
34093,0.030125,172.253.118.0-255,2902,153058,82,242164
34094,0.030128,172.31.47.0-255,66,153124,82,242164
34095,0.032639,172.253.118.0-255,2902,156026,82,242164
34096,0.032644,172.31.47.0-255,66,156092,82,242164
34097,0.032696,172.253.118.0-255,2902,158994,82,242164
34098,0.0327,172.31.47.0-255,66,159060,82,242164
34099,0.035199,172.253.118.0-255,2902,161962,82,242164
34100,0.035203,172.31.47.0-255,66,162028,82,242164
34101,0.035239,172.253.118.0-255,2902,164930,82,242164
34102,0.035242,172.31.47.0-255,66,164996,82,242164
34103,0.037734,172.253.118.0-255,2902,167898,82,242164
34104,0.037738,172.31.47.0-255,66,167964,82,242164
34105,0.037784,172.253.118.0-255,2902,170866,82,242164
34106,0.037788,172.31.47.0-255,66,170932,82,242164
34107,0.040294,172.253.118.0-255,2902,173834,82,242164
34108,0.040298,172.31.47.0-255,66,173900,82,242164
34109,0.040334,172.253.118.0-255,2902,176802,82,242164
34110,0.040337,172.31.47.0-255,66,176868,82,242164
34111,0.042829,172.253.118.0-255,2902,179770,82,242164
34112,0.042834,172.31.47.0-255,66,179836,82,242164
34113,0.042912,172.253.118.0-255,2902,182738,82,242164
34114,0.042917,172.31.47.0-255,66,182804,82,242164
34115,0.04539,172.253.118.0-255,2902,185706,82,242164
34116,0.045394,172.31.47.0-255,66,185772,82,242164
34117,0.045469,172.253.118.0-255,2902,188674,82,242164
34118,0.045473,172.31.47.0-255,66,188740,82,242164
34119,0.047941,172.253.118.0-255,2902,191642,82,242164
34120,0.047946,172.31.47.0-255,66,191708,82,242164
34121,0.048036,172.253.118.0-255,2902,194610,82,242164
34122,0.04804,172.31.47.0-255,66,194676,82,242164
34123,0.050505,172.253.118.0-255,2902,197578,82,242164
34124,0.05051,172.31.47.0-255,66,197644,82,242164
34125,0.05059,172.253.118.0-255,2902,200546,82,242164
34126,0.050594,172.31.47.0-255,66,200612,82,242164
34127,0.05306,172.253.118.0-255,2902,203514,82,242164
34128,0.053065,172.31.47.0-255,66,203580,82,242164
34129,0.05314,172.253.118.0-255,2902,206482,82,242164
34130,0.053146,172.31.47.0-255,66,206548,82,242164
34131,0.055608,172.253.118.0-255,2902,209450,82,242164
34132,0.055613,172.31.47.0-255,66,209516,82,242164
34133,0.055698,172.253.118.0-255,2902,212418,82,242164
34134,0.055702,172.31.47.0-255,66,212484,82,242164
34135,0.058181,172.253.118.0-255,2902,215386,82,242164
34136,0.058185,172.31.47.0-255,66,215452,82,242164
34137,0.058291,172.253.118.0-255,2902,218354,82,242164
34138,0.058296,172.31.47.0-255,66,218420,82,242164
34139,0.060746,172.253.118.0-255,2902,221322,82,242164
34140,0.060751,172.31.47.0-255,66,221388,82,242164
34141,0.060848,172.253.118.0-255,2902,224290,82,242164
34142,0.060852,172.31.47.0-255,66,224356,82,242164
34143,0.063297,172.253.118.0-255,2902,227258,82,242164
34144,0.063302,172.31.47.0-255,66,227324,82,242164
34145,0.063408,172.253.118.0-255,2902,230226,82,242164
34146,0.063412,172.31.47.0-255,66,230292,82,242164
34147,0.06586,172.253.118.0-255,2902,233194,82,242164
34148,0.065864,172.31.47.0-255,66,233260,82,242164
34149,0.065953,172.253.118.0-255,2902,236162,82,242164
34150,0.065957,172.31.47.0-255,66,236228,82,242164
34151,0.068392,172.253.118.0-255,2902,239130,82,242164
34152,0.068396,172.31.47.0-255,66,239196,82,242164
34153,0.068509,172.253.118.0-255,2902,242098,82,242164
34154,0.068513,172.31.47.0-255,66,242164,82,242164
34155,0.0,172.31.47.0-255,105,105,82,276
34156,0.002068,157.240.13.0-255,105,210,82,276
34157,0.00208,172.31.47.0-255,66,276,82,276
34158,0.0,74.125.24.0-255,153,153,82,343618
34159,1.5e-05,172.31.47.0-255,66,219,82,343618
34160,2.2e-05,74.125.24.0-255,1484,1703,82,343618
34161,2.6e-05,172.31.47.0-255,66,1769,82,343618
34162,3.1e-05,74.125.24.0-255,2902,4671,82,343618
34163,4.1e-05,172.31.47.0-255,66,4737,82,343618
34164,8.4e-05,74.125.24.0-255,7156,11893,82,343618
34165,8.8e-05,172.31.47.0-255,66,11959,82,343618
34166,9.2e-05,74.125.24.0-255,2055,14014,82,343618
34167,9.4e-05,172.31.47.0-255,66,14080,82,343618
34168,0.000104,74.125.24.0-255,5738,19818,82,343618
34169,0.000106,172.31.47.0-255,66,19884,82,343618
34170,0.000142,74.125.24.0-255,5738,25622,82,343618
34171,0.000144,172.31.47.0-255,66,25688,82,343618
34172,0.000149,74.125.24.0-255,5379,31067,82,343618
34173,0.000151,172.31.47.0-255,66,31133,82,343618
34174,0.001001,74.125.24.0-255,1484,32617,82,343618
34175,0.001008,172.31.47.0-255,66,32683,82,343618
34176,0.001018,74.125.24.0-255,2902,35585,82,343618
34177,0.00102,172.31.47.0-255,66,35651,82,343618
34178,0.001033,74.125.24.0-255,5738,41389,82,343618
34179,0.001035,172.31.47.0-255,66,41455,82,343618
34180,0.001075,74.125.24.0-255,6797,48252,82,343618
34181,0.001077,172.31.47.0-255,66,48318,82,343618
34182,0.001083,74.125.24.0-255,4320,52638,82,343618
34183,0.001085,172.31.47.0-255,66,52704,82,343618
34184,0.001122,74.125.24.0-255,9992,62696,82,343618
34185,0.001125,172.31.47.0-255,66,62762,82,343618
34186,0.001128,74.125.24.0-255,1484,64246,82,343618
34187,0.00113,172.31.47.0-255,66,64312,82,343618
34188,0.001133,74.125.24.0-255,1436,65748,82,343618
34189,0.001135,172.31.47.0-255,66,65814,82,343618
34190,0.001167,74.125.24.0-255,109,65923,82,343618
34191,0.001192,74.125.24.0-255,1484,67407,82,343618
34192,0.001195,172.31.47.0-255,66,67473,82,343618
34193,0.001199,74.125.24.0-255,1484,68957,82,343618
34194,0.001219,74.125.24.0-255,1484,70441,82,343618
34195,0.001223,172.31.47.0-255,66,70507,82,343618
34196,0.00123,74.125.24.0-255,5738,76245,82,343618
34197,0.001232,172.31.47.0-255,66,76311,82,343618
34198,0.001259,74.125.24.0-255,1484,77795,82,343618
34199,0.001267,74.125.24.0-255,7156,84951,82,343618
34200,0.001269,172.31.47.0-255,66,85017,82,343618
34201,0.001298,74.125.24.0-255,7156,92173,82,343618
34202,0.0013,172.31.47.0-255,66,92239,82,343618
34203,0.001323,74.125.24.0-255,7856,100095,82,343618
34204,0.001326,172.31.47.0-255,66,100161,82,343618
34205,0.001423,74.125.24.0-255,1484,101645,82,343618
34206,0.00144,74.125.24.0-255,2902,104547,82,343618
34207,0.001445,172.31.47.0-255,66,104613,82,343618
34208,0.001452,74.125.24.0-255,5738,110351,82,343618
34209,0.001455,172.31.47.0-255,66,110417,82,343618
34210,0.001488,172.31.47.0-255,66,110483,82,343618
34211,0.001513,74.125.24.0-255,1484,111967,82,343618
34212,0.001523,74.125.24.0-255,9992,121959,82,343618
34213,0.001525,172.31.47.0-255,66,122025,82,343618
34214,0.001528,74.125.24.0-255,766,122791,82,343618
34215,0.001719,74.125.24.0-255,1484,124275,82,343618
34216,0.001721,172.31.47.0-255,66,124341,82,343618
34217,0.001748,74.125.24.0-255,2902,127243,82,343618
34218,0.001751,172.31.47.0-255,66,127309,82,343618
34219,0.001755,74.125.24.0-255,2902,130211,82,343618
34220,0.001758,172.31.47.0-255,66,130277,82,343618
34221,0.001789,74.125.24.0-255,2902,133179,82,343618
34222,0.001791,172.31.47.0-255,66,133245,82,343618
34223,0.001815,172.31.47.0-255,66,133311,82,343618
34224,0.001825,74.125.24.0-255,10692,144003,82,343618
34225,0.001827,172.31.47.0-255,66,144069,82,343618
34226,0.002081,74.125.24.0-255,1484,145553,82,343618
34227,0.002131,74.125.24.0-255,2902,148455,82,343618
34228,0.002134,172.31.47.0-255,66,148521,82,343618
34229,0.002139,74.125.24.0-255,5738,154259,82,343618
34230,0.002143,74.125.24.0-255,2902,157161,82,343618
34231,0.002159,74.125.24.0-255,4320,161481,82,343618
34232,0.002163,74.125.24.0-255,2902,164383,82,343618
34233,0.002183,74.125.24.0-255,5738,170121,82,343618
34234,0.002206,74.125.24.0-255,7856,177977,82,343618
34235,0.004107,172.31.47.0-255,66,178043,82,343618
34236,0.006455,74.125.24.0-255,5738,183781,82,343618
34237,0.006461,172.31.47.0-255,66,183847,82,343618
34238,0.008789,74.125.24.0-255,5738,189585,82,343618
34239,0.008798,172.31.47.0-255,66,189651,82,343618
34240,0.011121,74.125.24.0-255,5738,195389,82,343618
34241,0.011129,172.31.47.0-255,66,195455,82,343618
34242,0.01347,74.125.24.0-255,5738,201193,82,343618
34243,0.013481,172.31.47.0-255,66,201259,82,343618
34244,0.01584,74.125.24.0-255,5738,206997,82,343618
34245,0.015847,172.31.47.0-255,66,207063,82,343618
34246,0.018163,74.125.24.0-255,5738,212801,82,343618
34247,0.018171,172.31.47.0-255,66,212867,82,343618
34248,0.020461,74.125.24.0-255,2902,215769,82,343618
34249,0.020467,172.31.47.0-255,66,215835,82,343618
34250,0.020492,74.125.24.0-255,2902,218737,82,343618
34251,0.020494,172.31.47.0-255,66,218803,82,343618
34252,0.022799,74.125.24.0-255,5738,224541,82,343618
34253,0.022808,172.31.47.0-255,66,224607,82,343618
34254,0.024919,172.31.47.0-255,172,224779,82,343618
34255,0.024949,172.31.47.0-255,1107,225886,82,343618
34256,0.025004,172.31.47.0-255,1514,227400,82,343618
34257,0.025006,172.31.47.0-255,1292,228692,82,343618
34258,0.025179,74.125.24.0-255,5738,234430,82,343618
34259,0.025186,172.31.47.0-255,66,234496,82,343618
34260,0.02645,104.244.42.0-255,66,234562,82,343618
34261,0.026534,104.244.42.0-255,66,234628,82,343618
34262,0.026685,104.244.42.0-255,66,234694,82,343618
34263,0.02753,74.125.24.0-255,5738,240432,82,343618
34264,0.027535,172.31.47.0-255,66,240498,82,343618
34265,0.029862,74.125.24.0-255,5738,246236,82,343618
34266,0.029869,172.31.47.0-255,66,246302,82,343618
34267,0.032163,74.125.24.0-255,5738,252040,82,343618
34268,0.032168,172.31.47.0-255,66,252106,82,343618
34269,0.034519,74.125.24.0-255,5738,257844,82,343618
34270,0.034525,172.31.47.0-255,66,257910,82,343618
34271,0.036868,74.125.24.0-255,5738,263648,82,343618
34272,0.036875,172.31.47.0-255,66,263714,82,343618
34273,0.039195,74.125.24.0-255,5738,269452,82,343618
34274,0.039201,172.31.47.0-255,66,269518,82,343618
34275,0.041511,74.125.24.0-255,5738,275256,82,343618
34276,0.04152,172.31.47.0-255,66,275322,82,343618
34277,0.043842,74.125.24.0-255,5738,281060,82,343618
34278,0.043848,172.31.47.0-255,66,281126,82,343618
34279,0.046157,74.125.24.0-255,5738,286864,82,343618
34280,0.046163,172.31.47.0-255,66,286930,82,343618
34281,0.048461,74.125.24.0-255,5738,292668,82,343618
34282,0.048468,172.31.47.0-255,66,292734,82,343618
34283,0.05083,74.125.24.0-255,5738,298472,82,343618
34284,0.050837,172.31.47.0-255,66,298538,82,343618
34285,0.05317,74.125.24.0-255,5738,304276,82,343618
34286,0.053177,172.31.47.0-255,66,304342,82,343618
34287,0.055536,74.125.24.0-255,5738,310080,82,343618
34288,0.055543,172.31.47.0-255,66,310146,82,343618
34289,0.057885,74.125.24.0-255,5738,315884,82,343618
34290,0.057891,172.31.47.0-255,66,315950,82,343618
34291,0.060239,74.125.24.0-255,5738,321688,82,343618
34292,0.060246,172.31.47.0-255,66,321754,82,343618
34293,0.062545,74.125.24.0-255,4320,326074,82,343618
34294,0.062552,172.31.47.0-255,66,326140,82,343618
34295,0.062578,74.125.24.0-255,1484,327624,82,343618
34296,0.064906,74.125.24.0-255,4320,331944,82,343618
34297,0.064913,172.31.47.0-255,66,332010,82,343618
34298,0.067302,74.125.24.0-255,5738,337748,82,343618
34299,0.067309,172.31.47.0-255,66,337814,82,343618
34300,0.069613,74.125.24.0-255,5738,343552,82,343618
34301,0.069619,172.31.47.0-255,66,343618,82,343618
34302,0.0,74.125.130.0-255,153,153,82,224685
34303,2.6e-05,172.31.47.0-255,66,219,82,224685
34304,3.2e-05,74.125.130.0-255,1484,1703,82,224685
34305,3.7e-05,172.31.47.0-255,66,1769,82,224685
34306,6.8e-05,74.125.130.0-255,2902,4671,82,224685
34307,7e-05,172.31.47.0-255,66,4737,82,224685
34308,0.000157,74.125.130.0-255,5738,10475,82,224685
34309,0.000161,172.31.47.0-255,66,10541,82,224685
34310,0.000183,74.125.130.0-255,1484,12025,82,224685
34311,0.000185,172.31.47.0-255,66,12091,82,224685
34312,0.000396,74.125.130.0-255,1974,14065,82,224685
34313,0.000401,172.31.47.0-255,66,14131,82,224685
34314,0.000464,74.125.130.0-255,4320,18451,82,224685
34315,0.000468,172.31.47.0-255,66,18517,82,224685
34316,0.000501,74.125.130.0-255,7156,25673,82,224685
34317,0.000505,172.31.47.0-255,66,25739,82,224685
34318,0.000865,74.125.130.0-255,5379,31118,82,224685
34319,0.00087,172.31.47.0-255,66,31184,82,224685
34320,0.001045,74.125.130.0-255,8574,39758,82,224685
34321,0.001048,172.31.47.0-255,66,39824,82,224685
34322,0.001085,172.31.47.0-255,66,39890,82,224685
34323,0.00182,74.125.130.0-255,2902,42792,82,224685
34324,0.001824,172.31.47.0-255,66,42858,82,224685
34325,0.001862,172.31.47.0-255,66,42924,82,224685
34326,0.001883,74.125.130.0-255,1738,44662,82,224685
34327,0.001886,172.31.47.0-255,66,44728,82,224685
34328,0.002576,74.125.130.0-255,2902,47630,82,224685
34329,0.00258,172.31.47.0-255,66,47696,82,224685
34330,0.002644,172.31.47.0-255,66,47762,82,224685
34331,0.003566,74.125.130.0-255,4320,52082,82,224685
34332,0.00357,172.31.47.0-255,66,52148,82,224685
34333,0.003604,172.31.47.0-255,66,52214,82,224685
34334,0.005875,74.125.130.0-255,4320,56534,82,224685
34335,0.005881,172.31.47.0-255,66,56600,82,224685
34336,0.005928,74.125.130.0-255,1484,58084,82,224685
34337,0.008181,74.125.130.0-255,4320,62404,82,224685
34338,0.008189,172.31.47.0-255,66,62470,82,224685
34339,0.010471,74.125.130.0-255,5738,68208,82,224685
34340,0.010477,172.31.47.0-255,66,68274,82,224685
34341,0.012771,74.125.130.0-255,5738,74012,82,224685
34342,0.012781,172.31.47.0-255,66,74078,82,224685
34343,0.01508,74.125.130.0-255,5738,79816,82,224685
34344,0.015093,172.31.47.0-255,66,79882,82,224685
34345,0.017293,172.31.47.0-255,172,80054,82,224685
34346,0.017338,172.31.47.0-255,1113,81167,82,224685
34347,0.017366,74.125.130.0-255,5738,86905,82,224685
34348,0.017372,172.31.47.0-255,66,86971,82,224685
34349,0.017448,172.31.47.0-255,1514,88485,82,224685
34350,0.01745,172.31.47.0-255,1288,89773,82,224685
34351,0.018815,104.244.42.0-255,66,89839,82,224685
34352,0.018896,104.244.42.0-255,66,89905,82,224685
34353,0.018986,104.244.42.0-255,66,89971,82,224685
34354,0.019648,74.125.130.0-255,1484,91455,82,224685
34355,0.01968,74.125.130.0-255,4320,95775,82,224685
34356,0.019687,172.31.47.0-255,66,95841,82,224685
34357,0.021966,74.125.130.0-255,5738,101579,82,224685
34358,0.02197,172.31.47.0-255,66,101645,82,224685
34359,0.024246,74.125.130.0-255,5738,107383,82,224685
34360,0.024253,172.31.47.0-255,66,107449,82,224685
34361,0.026523,74.125.130.0-255,5738,113187,82,224685
34362,0.026529,172.31.47.0-255,66,113253,82,224685
34363,0.028792,74.125.130.0-255,4320,117573,82,224685
34364,0.028798,172.31.47.0-255,66,117639,82,224685
34365,0.028832,74.125.130.0-255,1484,119123,82,224685
34366,0.031065,74.125.130.0-255,4320,123443,82,224685
34367,0.031069,172.31.47.0-255,66,123509,82,224685
34368,0.033333,74.125.130.0-255,2902,126411,82,224685
34369,0.033338,172.31.47.0-255,66,126477,82,224685
34370,0.033373,74.125.130.0-255,2902,129379,82,224685
34371,0.033376,172.31.47.0-255,66,129445,82,224685
34372,0.035601,74.125.130.0-255,1484,130929,82,224685
34373,0.035628,74.125.130.0-255,1484,132413,82,224685
34374,0.035632,172.31.47.0-255,66,132479,82,224685
34375,0.035657,74.125.130.0-255,2902,135381,82,224685
34376,0.03566,172.31.47.0-255,66,135447,82,224685
34377,0.037899,74.125.130.0-255,2902,138349,82,224685
34378,0.037905,172.31.47.0-255,66,138415,82,224685
34379,0.037943,74.125.130.0-255,2902,141317,82,224685
34380,0.037947,172.31.47.0-255,66,141383,82,224685
34381,0.040167,74.125.130.0-255,2902,144285,82,224685
34382,0.040171,172.31.47.0-255,66,144351,82,224685
34383,0.040203,74.125.130.0-255,2902,147253,82,224685
34384,0.040205,172.31.47.0-255,66,147319,82,224685
34385,0.042439,74.125.130.0-255,2902,150221,82,224685
34386,0.042443,172.31.47.0-255,66,150287,82,224685
34387,0.042478,74.125.130.0-255,2902,153189,82,224685
34388,0.042481,172.31.47.0-255,66,153255,82,224685
34389,0.044715,74.125.130.0-255,2902,156157,82,224685
34390,0.04472,172.31.47.0-255,66,156223,82,224685
34391,0.044755,74.125.130.0-255,2902,159125,82,224685
34392,0.044758,172.31.47.0-255,66,159191,82,224685
34393,0.046988,74.125.130.0-255,2902,162093,82,224685
34394,0.046992,172.31.47.0-255,66,162159,82,224685
34395,0.047028,74.125.130.0-255,2902,165061,82,224685
34396,0.047031,172.31.47.0-255,66,165127,82,224685
34397,0.049257,74.125.130.0-255,2902,168029,82,224685
34398,0.049262,172.31.47.0-255,66,168095,82,224685
34399,0.049297,74.125.130.0-255,1484,169579,82,224685
34400,0.049308,74.125.130.0-255,1484,171063,82,224685
34401,0.049311,172.31.47.0-255,66,171129,82,224685
34402,0.051547,74.125.130.0-255,2902,174031,82,224685
34403,0.051552,172.31.47.0-255,66,174097,82,224685
34404,0.051579,74.125.130.0-255,2902,176999,82,224685
34405,0.051582,172.31.47.0-255,66,177065,82,224685
34406,0.05382,74.125.130.0-255,2902,179967,82,224685
34407,0.053824,172.31.47.0-255,66,180033,82,224685
34408,0.053859,74.125.130.0-255,2902,182935,82,224685
34409,0.053862,172.31.47.0-255,66,183001,82,224685
34410,0.056094,74.125.130.0-255,2902,185903,82,224685
34411,0.056098,172.31.47.0-255,66,185969,82,224685
34412,0.056126,74.125.130.0-255,1484,187453,82,224685
34413,0.056137,74.125.130.0-255,1484,188937,82,224685
34414,0.056139,172.31.47.0-255,66,189003,82,224685
34415,0.058371,74.125.130.0-255,2902,191905,82,224685
34416,0.058378,172.31.47.0-255,66,191971,82,224685
34417,0.058417,74.125.130.0-255,2902,194873,82,224685
34418,0.05842,172.31.47.0-255,66,194939,82,224685
34419,0.060647,74.125.130.0-255,2902,197841,82,224685
34420,0.060651,172.31.47.0-255,66,197907,82,224685
34421,0.0607,74.125.130.0-255,2902,200809,82,224685
34422,0.060704,172.31.47.0-255,66,200875,82,224685
34423,0.062912,74.125.130.0-255,2902,203777,82,224685
34424,0.062916,172.31.47.0-255,66,203843,82,224685
34425,0.062953,74.125.130.0-255,2902,206745,82,224685
34426,0.062956,172.31.47.0-255,66,206811,82,224685
34427,0.065182,74.125.130.0-255,2902,209713,82,224685
34428,0.065186,172.31.47.0-255,66,209779,82,224685
34429,0.065217,74.125.130.0-255,1484,211263,82,224685
34430,0.065229,74.125.130.0-255,1484,212747,82,224685
34431,0.065231,172.31.47.0-255,66,212813,82,224685
34432,0.067462,74.125.130.0-255,2902,215715,82,224685
34433,0.067467,172.31.47.0-255,66,215781,82,224685
34434,0.067541,74.125.130.0-255,2902,218683,82,224685
34435,0.067546,172.31.47.0-255,66,218749,82,224685
34436,0.069728,74.125.130.0-255,2902,221651,82,224685
34437,0.069734,172.31.47.0-255,66,221717,82,224685
34438,0.069808,74.125.130.0-255,2902,224619,82,224685
34439,0.069813,172.31.47.0-255,66,224685,82,224685
34440,0.0,172.217.194.0-255,153,153,82,288017
34441,1.9e-05,172.31.47.0-255,66,219,82,288017
34442,2.6e-05,172.217.194.0-255,1484,1703,82,288017
34443,3e-05,172.31.47.0-255,66,1769,82,288017
34444,3.7e-05,172.217.194.0-255,2902,4671,82,288017
34445,4.8e-05,172.31.47.0-255,66,4737,82,288017
34446,5.7e-05,172.217.194.0-255,7156,11893,82,288017
34447,6e-05,172.31.47.0-255,66,11959,82,288017
34448,6.4e-05,172.217.194.0-255,2012,13971,82,288017
34449,6.7e-05,172.31.47.0-255,66,14037,82,288017
34450,0.000263,172.217.194.0-255,1484,15521,82,288017
34451,0.000269,172.31.47.0-255,66,15587,82,288017
34452,0.000275,172.217.194.0-255,2902,18489,82,288017
34453,0.000278,172.31.47.0-255,66,18555,82,288017
34454,0.000311,172.217.194.0-255,5738,24293,82,288017
34455,0.000314,172.31.47.0-255,66,24359,82,288017
34456,0.000319,172.217.194.0-255,2902,27261,82,288017
34457,0.000321,172.31.47.0-255,66,27327,82,288017
34458,0.000343,172.217.194.0-255,3961,31288,82,288017
34459,0.000347,172.31.47.0-255,66,31354,82,288017
34460,0.000353,172.217.194.0-255,5738,37092,82,288017
34461,0.000356,172.31.47.0-255,66,37158,82,288017
34462,0.000384,172.217.194.0-255,1484,38642,82,288017
34463,0.000387,172.31.47.0-255,66,38708,82,288017
34464,0.000417,172.217.194.0-255,4320,43028,82,288017
34465,0.00042,172.31.47.0-255,66,43094,82,288017
34466,0.000461,172.217.194.0-255,8574,51668,82,288017
34467,0.000464,172.31.47.0-255,66,51734,82,288017
34468,0.000479,172.31.47.0-255,66,51800,82,288017
34469,0.000482,172.217.194.0-255,679,52479,82,288017
34470,0.000484,172.31.47.0-255,66,52545,82,288017
34471,0.000974,172.217.194.0-255,1484,54029,82,288017
34472,0.00098,172.217.194.0-255,1484,55513,82,288017
34473,0.000984,172.31.47.0-255,66,55579,82,288017
34474,0.001015,172.217.194.0-255,1484,57063,82,288017
34475,0.001022,172.217.194.0-255,5738,62801,82,288017
34476,0.001024,172.31.47.0-255,66,62867,82,288017
34477,0.001066,172.31.47.0-255,66,62933,82,288017
34478,0.001073,172.217.194.0-255,5738,68671,82,288017
34479,0.001076,172.31.47.0-255,66,68737,82,288017
34480,0.001111,172.217.194.0-255,5020,73757,82,288017
34481,0.001114,172.31.47.0-255,66,73823,82,288017
34482,0.0013,172.217.194.0-255,1484,75307,82,288017
34483,0.001306,172.217.194.0-255,2902,78209,82,288017
34484,0.00131,172.31.47.0-255,66,78275,82,288017
34485,0.001341,172.217.194.0-255,4320,82595,82,288017
34486,0.001344,172.31.47.0-255,66,82661,82,288017
34487,0.001367,172.217.194.0-255,1484,84145,82,288017
34488,0.001371,172.217.194.0-255,2902,87047,82,288017
34489,0.001374,172.31.47.0-255,66,87113,82,288017
34490,0.0014,172.217.194.0-255,5738,92851,82,288017
34491,0.001403,172.31.47.0-255,66,92917,82,288017
34492,0.001428,172.217.194.0-255,4320,97237,82,288017
34493,0.001431,172.31.47.0-255,66,97303,82,288017
34494,0.001441,172.217.194.0-255,10692,107995,82,288017
34495,0.001443,172.31.47.0-255,66,108061,82,288017
34496,0.001466,172.217.194.0-255,1484,109545,82,288017
34497,0.001502,172.31.47.0-255,66,109611,82,288017
34498,0.001542,172.217.194.0-255,8574,118185,82,288017
34499,0.001545,172.31.47.0-255,66,118251,82,288017
34500,0.001572,172.217.194.0-255,7856,126107,82,288017
34501,0.001576,172.31.47.0-255,66,126173,82,288017
34502,0.001715,172.217.194.0-255,1484,127657,82,288017
34503,0.001721,172.217.194.0-255,1484,129141,82,288017
34504,0.001724,172.31.47.0-255,66,129207,82,288017
34505,0.001755,172.217.194.0-255,1484,130691,82,288017
34506,0.001761,172.217.194.0-255,5738,136429,82,288017
34507,0.001764,172.31.47.0-255,66,136495,82,288017
34508,0.001771,172.217.194.0-255,5738,142233,82,288017
34509,0.001773,172.31.47.0-255,66,142299,82,288017
34510,0.001806,172.217.194.0-255,7156,149455,82,288017
34511,0.001809,172.31.47.0-255,66,149521,82,288017
34512,0.001833,172.217.194.0-255,10692,160213,82,288017
34513,0.001836,172.31.47.0-255,66,160279,82,288017
34514,0.0026,172.217.194.0-255,1484,161763,82,288017
34515,0.002605,172.217.194.0-255,1484,163247,82,288017
34516,0.002609,172.31.47.0-255,66,163313,82,288017
34517,0.002642,172.217.194.0-255,4320,167633,82,288017
34518,0.002645,172.31.47.0-255,66,167699,82,288017
34519,0.002651,172.217.194.0-255,5738,173437,82,288017
34520,0.002653,172.31.47.0-255,66,173503,82,288017
34521,0.002692,172.31.47.0-255,66,173569,82,288017
34522,0.002701,172.217.194.0-255,9274,182843,82,288017
34523,0.002708,172.31.47.0-255,66,182909,82,288017
34524,0.002947,172.217.194.0-255,1484,184393,82,288017
34525,0.002954,172.217.194.0-255,2902,187295,82,288017
34526,0.002957,172.31.47.0-255,66,187361,82,288017
34527,0.002987,172.217.194.0-255,2902,190263,82,288017
34528,0.00299,172.31.47.0-255,66,190329,82,288017
34529,0.002995,172.217.194.0-255,2902,193231,82,288017
34530,0.002997,172.31.47.0-255,66,193297,82,288017
34531,0.003027,172.217.194.0-255,5738,199035,82,288017
34532,0.00303,172.31.47.0-255,66,199101,82,288017
34533,0.003039,172.217.194.0-255,2902,202003,82,288017
34534,0.003043,172.31.47.0-255,78,202081,82,288017
34535,0.003046,172.217.194.0-255,1484,203565,82,288017
34536,0.003049,172.31.47.0-255,66,203631,82,288017
34537,0.003062,172.31.47.0-255,66,203697,82,288017
34538,0.00309,172.217.194.0-255,1484,205181,82,288017
34539,0.003093,172.217.194.0-255,766,205947,82,288017
34540,0.003096,172.31.47.0-255,66,206013,82,288017
34541,0.003102,172.217.194.0-255,5738,211751,82,288017
34542,0.003104,172.31.47.0-255,66,211817,82,288017
34543,0.003137,172.217.194.0-255,8574,220391,82,288017
34544,0.003139,172.31.47.0-255,66,220457,82,288017
34545,0.003155,172.31.47.0-255,66,220523,82,288017
34546,0.003165,172.217.194.0-255,9274,229797,82,288017
34547,0.003167,172.31.47.0-255,66,229863,82,288017
34548,0.003176,172.217.194.0-255,9992,239855,82,288017
34549,0.003179,172.31.47.0-255,66,239921,82,288017
34550,0.003211,172.217.194.0-255,8574,248495,82,288017
34551,0.003214,172.31.47.0-255,66,248561,82,288017
34552,0.003244,172.217.194.0-255,9274,257835,82,288017
34553,0.003247,172.31.47.0-255,66,257901,82,288017
34554,0.003254,172.217.194.0-255,7156,265057,82,288017
34555,0.003256,172.31.47.0-255,66,265123,82,288017
34556,0.003281,172.217.194.0-255,2902,268025,82,288017
34557,0.003284,172.31.47.0-255,66,268091,82,288017
34558,0.003297,172.31.47.0-255,66,268157,82,288017
34559,0.003337,172.31.47.0-255,66,268223,82,288017
34560,0.003368,172.217.194.0-255,5020,273243,82,288017
34561,0.003371,172.31.47.0-255,66,273309,82,288017
34562,0.003378,172.217.194.0-255,5738,279047,82,288017
34563,0.003381,172.31.47.0-255,66,279113,82,288017
34564,0.003416,172.31.47.0-255,66,279179,82,288017
34565,0.003456,172.31.47.0-255,66,279245,82,288017
34566,0.003461,172.217.194.0-255,4079,283324,82,288017
34567,0.003463,172.31.47.0-255,66,283390,82,288017
34568,0.003527,172.217.194.0-255,105,283495,82,288017
34569,0.010396,172.31.47.0-255,66,283561,82,288017
34570,0.010439,172.31.47.0-255,105,283666,82,288017
34571,0.012992,172.217.194.0-255,66,283732,82,288017
34572,0.030227,172.31.47.0-255,172,283904,82,288017
34573,0.030262,172.31.47.0-255,1112,285016,82,288017
34574,0.030327,172.31.47.0-255,1514,286530,82,288017
34575,0.030329,172.31.47.0-255,1289,287819,82,288017
34576,0.031738,104.244.42.0-255,66,287885,82,288017
34577,0.031831,104.244.42.0-255,66,287951,82,288017
34578,0.031853,104.244.42.0-255,66,288017,82,288017
34579,0.0,74.125.130.0-255,150,150,82,288081
34580,3.5e-05,172.31.47.0-255,66,216,82,288081
34581,4.1e-05,74.125.130.0-255,1484,1700,82,288081
34582,4.5e-05,172.31.47.0-255,66,1766,82,288081
34583,7.4e-05,74.125.130.0-255,2902,4668,82,288081
34584,7.7e-05,172.31.47.0-255,66,4734,82,288081
34585,8.3e-05,74.125.130.0-255,5738,10472,82,288081
34586,8.5e-05,172.31.47.0-255,66,10538,82,288081
34587,9.5e-05,74.125.130.0-255,2902,13440,82,288081
34588,9.8e-05,172.31.47.0-255,66,13506,82,288081
34589,0.000133,74.125.130.0-255,596,14102,82,288081
34590,0.000136,172.31.47.0-255,66,14168,82,288081
34591,0.000219,74.125.130.0-255,1484,15652,82,288081
34592,0.000223,172.31.47.0-255,66,15718,82,288081
34593,0.000228,74.125.130.0-255,2902,18620,82,288081
34594,0.000231,172.31.47.0-255,66,18686,82,288081
34595,0.000256,74.125.130.0-255,5738,24424,82,288081
34596,0.000259,172.31.47.0-255,66,24490,82,288081
34597,0.000302,74.125.130.0-255,5738,30228,82,288081
34598,0.000306,172.31.47.0-255,66,30294,82,288081
34599,0.000334,74.125.130.0-255,1125,31419,82,288081
34600,0.000337,172.31.47.0-255,66,31485,82,288081
34601,0.00034,74.125.130.0-255,1484,32969,82,288081
34602,0.000342,172.31.47.0-255,66,33035,82,288081
34603,0.000369,74.125.130.0-255,4320,37355,82,288081
34604,0.000375,172.31.47.0-255,66,37421,82,288081
34605,0.000381,74.125.130.0-255,2902,40323,82,288081
34606,0.000383,172.31.47.0-255,66,40389,82,288081
34607,0.000413,74.125.130.0-255,7156,47545,82,288081
34608,0.000417,172.31.47.0-255,66,47611,82,288081
34609,0.000441,74.125.130.0-255,1125,48736,82,288081
34610,0.000444,172.31.47.0-255,66,48802,82,288081
34611,0.001008,74.125.130.0-255,1484,50286,82,288081
34612,0.001022,74.125.130.0-255,2902,53188,82,288081
34613,0.00103,172.31.47.0-255,66,53254,82,288081
34614,0.001036,74.125.130.0-255,2902,56156,82,288081
34615,0.001057,74.125.130.0-255,2902,59058,82,288081
34616,0.001064,74.125.130.0-255,6797,65855,82,288081
34617,0.001112,74.125.130.0-255,9992,75847,82,288081
34618,0.001151,74.125.130.0-255,4320,80167,82,288081
34619,0.001168,74.125.130.0-255,2543,82710,82,288081
34620,0.001266,74.125.130.0-255,1484,84194,82,288081
34621,0.001271,74.125.130.0-255,1484,85678,82,288081
34622,0.001283,74.125.130.0-255,1484,87162,82,288081
34623,0.001286,74.125.130.0-255,1484,88646,82,288081
34624,0.001303,74.125.130.0-255,2902,91548,82,288081
34625,0.00131,74.125.130.0-255,5738,97286,82,288081
34626,0.001344,74.125.130.0-255,3124,100410,82,288081
34627,0.002363,172.31.47.0-255,66,100476,82,288081
34628,0.002427,74.125.130.0-255,1484,101960,82,288081
34629,0.002445,74.125.130.0-255,1484,103444,82,288081
34630,0.002449,172.31.47.0-255,66,103510,82,288081
34631,0.00247,74.125.130.0-255,1484,104994,82,288081
34632,0.002475,74.125.130.0-255,2902,107896,82,288081
34633,0.002479,172.31.47.0-255,66,107962,82,288081
34634,0.002485,74.125.130.0-255,1484,109446,82,288081
34635,0.002504,74.125.130.0-255,5738,115184,82,288081
34636,0.002508,172.31.47.0-255,66,115250,82,288081
34637,0.002549,74.125.130.0-255,4320,119570,82,288081
34638,0.002557,172.31.47.0-255,66,119636,82,288081
34639,0.002571,74.125.130.0-255,2902,122538,82,288081
34640,0.002579,172.31.47.0-255,66,122604,82,288081
34641,0.00258,74.125.130.0-255,4320,126924,82,288081
34642,0.002585,74.125.130.0-255,5738,132662,82,288081
34643,0.00259,172.31.47.0-255,66,132728,82,288081
34644,0.005133,74.125.130.0-255,5738,138466,82,288081
34645,0.005137,172.31.47.0-255,66,138532,82,288081
34646,0.007696,74.125.130.0-255,5738,144270,82,288081
34647,0.00771,172.31.47.0-255,66,144336,82,288081
34648,0.010268,74.125.130.0-255,5738,150074,82,288081
34649,0.010276,172.31.47.0-255,66,150140,82,288081
34650,0.012842,74.125.130.0-255,5738,155878,82,288081
34651,0.01285,172.31.47.0-255,66,155944,82,288081
34652,0.015418,74.125.130.0-255,5738,161682,82,288081
34653,0.015427,172.31.47.0-255,66,161748,82,288081
34654,0.017985,74.125.130.0-255,5738,167486,82,288081
34655,0.017991,172.31.47.0-255,66,167552,82,288081
34656,0.020533,74.125.130.0-255,5738,173290,82,288081
34657,0.020539,172.31.47.0-255,66,173356,82,288081
34658,0.020915,172.31.47.0-255,172,173528,82,288081
34659,0.020958,172.31.47.0-255,1113,174641,82,288081
34660,0.021028,172.31.47.0-255,1514,176155,82,288081
34661,0.02103,172.31.47.0-255,1286,177441,82,288081
34662,0.022433,104.244.42.0-255,66,177507,82,288081
34663,0.022528,104.244.42.0-255,66,177573,82,288081
34664,0.022625,104.244.42.0-255,66,177639,82,288081
34665,0.02308,74.125.130.0-255,4320,181959,82,288081
34666,0.023085,172.31.47.0-255,66,182025,82,288081
34667,0.023109,74.125.130.0-255,1484,183509,82,288081
34668,0.02564,74.125.130.0-255,4320,187829,82,288081
34669,0.025646,172.31.47.0-255,66,187895,82,288081
34670,0.028199,74.125.130.0-255,5738,193633,82,288081
34671,0.028269,172.31.47.0-255,66,193699,82,288081
34672,0.03087,74.125.130.0-255,5738,199437,82,288081
34673,0.030877,172.31.47.0-255,66,199503,82,288081
34674,0.033422,74.125.130.0-255,5738,205241,82,288081
34675,0.033427,172.31.47.0-255,66,205307,82,288081
34676,0.035993,74.125.130.0-255,2902,208209,82,288081
34677,0.035999,172.31.47.0-255,66,208275,82,288081
34678,0.036034,74.125.130.0-255,2902,211177,82,288081
34679,0.036051,172.31.47.0-255,66,211243,82,288081
34680,0.038542,74.125.130.0-255,2902,214145,82,288081
34681,0.038548,172.31.47.0-255,66,214211,82,288081
34682,0.038588,74.125.130.0-255,2902,217113,82,288081
34683,0.038603,172.31.47.0-255,66,217179,82,288081
34684,0.041091,74.125.130.0-255,2902,220081,82,288081
34685,0.041098,172.31.47.0-255,66,220147,82,288081
34686,0.041141,74.125.130.0-255,2902,223049,82,288081
34687,0.041161,172.31.47.0-255,66,223115,82,288081
34688,0.043644,74.125.130.0-255,2902,226017,82,288081
34689,0.043649,172.31.47.0-255,66,226083,82,288081
34690,0.043701,74.125.130.0-255,2902,228985,82,288081
34691,0.043737,172.31.47.0-255,66,229051,82,288081
34692,0.046193,74.125.130.0-255,2902,231953,82,288081
34693,0.046201,172.31.47.0-255,66,232019,82,288081
34694,0.046277,74.125.130.0-255,2902,234921,82,288081
34695,0.046299,172.31.47.0-255,66,234987,82,288081
34696,0.048745,74.125.130.0-255,2902,237889,82,288081
34697,0.048751,172.31.47.0-255,66,237955,82,288081
34698,0.048878,74.125.130.0-255,2902,240857,82,288081
34699,0.048884,172.31.47.0-255,66,240923,82,288081
34700,0.051297,74.125.130.0-255,2902,243825,82,288081
34701,0.051303,172.31.47.0-255,66,243891,82,288081
34702,0.051422,74.125.130.0-255,2902,246793,82,288081
34703,0.051426,172.31.47.0-255,66,246859,82,288081
34704,0.053839,74.125.130.0-255,2902,249761,82,288081
34705,0.053843,172.31.47.0-255,66,249827,82,288081
34706,0.053986,74.125.130.0-255,1484,251311,82,288081
34707,0.054001,74.125.130.0-255,1484,252795,82,288081
34708,0.054005,172.31.47.0-255,66,252861,82,288081
34709,0.056396,74.125.130.0-255,2902,255763,82,288081
34710,0.056402,172.31.47.0-255,66,255829,82,288081
34711,0.056575,74.125.130.0-255,2902,258731,82,288081
34712,0.05658,172.31.47.0-255,66,258797,82,288081
34713,0.058951,74.125.130.0-255,2902,261699,82,288081
34714,0.058956,172.31.47.0-255,66,261765,82,288081
34715,0.059124,74.125.130.0-255,2902,264667,82,288081
34716,0.05913,172.31.47.0-255,66,264733,82,288081
34717,0.061509,74.125.130.0-255,1484,266217,82,288081
34718,0.061667,74.125.130.0-255,4320,270537,82,288081
34719,0.061892,172.31.47.0-255,66,270603,82,288081
34720,0.064448,74.125.130.0-255,5738,276341,82,288081
34721,0.06449,172.31.47.0-255,66,276407,82,288081
34722,0.067027,74.125.130.0-255,5738,282145,82,288081
34723,0.067035,172.31.47.0-255,66,282211,82,288081
34724,0.069583,74.125.130.0-255,4320,286531,82,288081
34725,0.069587,172.31.47.0-255,66,286597,82,288081
34726,0.069614,74.125.130.0-255,1484,288081,82,288081
34727,0.0,172.217.194.0-255,154,154,82,353105
34728,2.6e-05,172.31.47.0-255,66,220,82,353105
34729,3.3e-05,172.217.194.0-255,1484,1704,82,353105
34730,3.7e-05,172.31.47.0-255,66,1770,82,353105
34731,4.2e-05,172.217.194.0-255,2902,4672,82,353105
34732,5.1e-05,172.31.47.0-255,66,4738,82,353105
34733,5.7e-05,172.217.194.0-255,4320,9058,82,353105
34734,5.9e-05,172.31.47.0-255,66,9124,82,353105
34735,9.9e-05,172.217.194.0-255,4320,13444,82,353105
34736,0.000102,172.31.47.0-255,66,13510,82,353105
34737,0.000129,172.217.194.0-255,746,14256,82,353105
34738,0.000132,172.31.47.0-255,66,14322,82,353105
34739,0.000135,172.217.194.0-255,1484,15806,82,353105
34740,0.000138,172.31.47.0-255,66,15872,82,353105
34741,0.000163,172.217.194.0-255,4320,20192,82,353105
34742,0.000166,172.31.47.0-255,66,20258,82,353105
34743,0.000177,172.217.194.0-255,7156,27414,82,353105
34744,0.000181,172.31.47.0-255,66,27480,82,353105
34745,0.000215,172.217.194.0-255,8215,35695,82,353105
34746,0.00022,172.31.47.0-255,66,35761,82,353105
34747,0.000229,172.217.194.0-255,8574,44335,82,353105
34748,0.000238,172.31.47.0-255,66,44401,82,353105
34749,0.000241,172.217.194.0-255,1484,45885,82,353105
34750,0.000243,172.31.47.0-255,66,45951,82,353105
34751,0.000265,172.217.194.0-255,2543,48494,82,353105
34752,0.000272,172.31.47.0-255,66,48560,82,353105
34753,0.000295,172.217.194.0-255,1484,50044,82,353105
34754,0.000298,172.31.47.0-255,66,50110,82,353105
34755,0.000316,172.217.194.0-255,2902,53012,82,353105
34756,0.000319,172.31.47.0-255,66,53078,82,353105
34757,0.000326,172.217.194.0-255,5738,58816,82,353105
34758,0.000329,172.31.47.0-255,66,58882,82,353105
34759,0.000361,172.217.194.0-255,6797,65679,82,353105
34760,0.000373,172.31.47.0-255,66,65745,82,353105
34761,0.000378,172.217.194.0-255,363,66108,82,353105
34762,0.000742,172.217.194.0-255,379,66487,82,353105
34763,0.000852,172.31.47.0-255,66,66553,82,353105
34764,0.001057,172.217.194.0-255,1484,68037,82,353105
34765,0.001066,172.217.194.0-255,2902,70939,82,353105
34766,0.001073,172.217.194.0-255,5738,76677,82,353105
34767,0.001108,172.217.194.0-255,4320,80997,82,353105
34768,0.001131,172.217.194.0-255,6438,87435,82,353105
34769,0.001372,172.217.194.0-255,1484,88919,82,353105
34770,0.001379,172.217.194.0-255,2902,91821,82,353105
34771,0.001385,172.217.194.0-255,5738,97559,82,353105
34772,0.001395,172.217.194.0-255,1484,99043,82,353105
34773,0.001419,172.217.194.0-255,4320,103363,82,353105
34774,0.001442,172.217.194.0-255,6438,109801,82,353105
34775,0.001679,172.217.194.0-255,1484,111285,82,353105
34776,0.001685,172.217.194.0-255,2902,114187,82,353105
34777,0.001717,172.217.194.0-255,1484,115671,82,353105
34778,0.001742,172.217.194.0-255,4320,119991,82,353105
34779,0.001761,172.217.194.0-255,10692,130683,82,353105
34780,0.001855,172.217.194.0-255,1484,132167,82,353105
34781,0.00186,172.217.194.0-255,2902,135069,82,353105
34782,0.001875,172.217.194.0-255,4320,139389,82,353105
34783,0.001885,172.217.194.0-255,1484,140873,82,353105
34784,0.001903,172.217.194.0-255,5738,146611,82,353105
34785,0.001919,172.217.194.0-255,7156,153767,82,353105
34786,0.001936,172.217.194.0-255,2902,156669,82,353105
34787,0.001949,172.217.194.0-255,5738,162407,82,353105
34788,0.001965,172.217.194.0-255,2184,164591,82,353105
34789,0.001978,172.217.194.0-255,4320,168911,82,353105
34790,0.001981,172.217.194.0-255,1484,170395,82,353105
34791,0.001998,172.217.194.0-255,4320,174715,82,353105
34792,0.002001,172.217.194.0-255,1484,176199,82,353105
34793,0.002021,172.217.194.0-255,8574,184773,82,353105
34794,0.002041,172.217.194.0-255,1484,186257,82,353105
34795,0.002079,172.217.194.0-255,1484,187741,82,353105
34796,0.002094,172.217.194.0-255,8574,196315,82,353105
34797,0.002107,172.217.194.0-255,4320,200635,82,353105
34798,0.002111,172.217.194.0-255,2902,203537,82,353105
34799,0.002128,172.217.194.0-255,4320,207857,82,353105
34800,0.002142,172.217.194.0-255,8574,216431,82,353105
34801,0.002146,172.217.194.0-255,3602,220033,82,353105
34802,0.00224,172.217.194.0-255,1484,221517,82,353105
34803,0.002255,172.217.194.0-255,2902,224419,82,353105
34804,0.002281,172.217.194.0-255,5738,230157,82,353105
34805,0.002284,172.217.194.0-255,1484,231641,82,353105
34806,0.002304,172.217.194.0-255,1484,233125,82,353105
34807,0.002324,172.217.194.0-255,7156,240281,82,353105
34808,0.002335,172.217.194.0-255,1484,241765,82,353105
34809,0.002369,172.217.194.0-255,766,242531,82,353105
34810,0.004297,172.31.47.0-255,66,242597,82,353105
34811,0.006628,172.217.194.0-255,5738,248335,82,353105
34812,0.006635,172.31.47.0-255,66,248401,82,353105
34813,0.008974,172.217.194.0-255,5738,254139,82,353105
34814,0.008979,172.31.47.0-255,66,254205,82,353105
34815,0.011243,172.217.194.0-255,4320,258525,82,353105
34816,0.011251,172.31.47.0-255,66,258591,82,353105
34817,0.011281,172.217.194.0-255,1484,260075,82,353105
34818,0.013606,172.217.194.0-255,4320,264395,82,353105
34819,0.013739,172.31.47.0-255,66,264461,82,353105
34820,0.016041,172.217.194.0-255,5738,270199,82,353105
34821,0.016053,172.31.47.0-255,66,270265,82,353105
34822,0.01837,172.217.194.0-255,5738,276003,82,353105
34823,0.018378,172.31.47.0-255,66,276069,82,353105
34824,0.020671,172.217.194.0-255,5738,281807,82,353105
34825,0.020679,172.31.47.0-255,66,281873,82,353105
34826,0.023001,172.217.194.0-255,5738,287611,82,353105
34827,0.023008,172.31.47.0-255,66,287677,82,353105
34828,0.025343,172.217.194.0-255,5738,293415,82,353105
34829,0.025353,172.31.47.0-255,66,293481,82,353105
34830,0.027653,172.217.194.0-255,5738,299219,82,353105
34831,0.027659,172.31.47.0-255,66,299285,82,353105
34832,0.02998,172.217.194.0-255,5738,305023,82,353105
34833,0.029988,172.31.47.0-255,66,305089,82,353105
34834,0.03068,172.31.47.0-255,172,305261,82,353105
34835,0.030711,172.31.47.0-255,1111,306372,82,353105
34836,0.030748,172.31.47.0-255,1514,307886,82,353105
34837,0.03075,172.31.47.0-255,1288,309174,82,353105
34838,0.032202,104.244.42.0-255,66,309240,82,353105
34839,0.032305,104.244.42.0-255,66,309306,82,353105
34840,0.032308,104.244.42.0-255,66,309372,82,353105
34841,0.032314,172.217.194.0-255,5738,315110,82,353105
34842,0.032324,172.31.47.0-255,66,315176,82,353105
34843,0.034626,172.217.194.0-255,5738,320914,82,353105
34844,0.034631,172.31.47.0-255,66,320980,82,353105
34845,0.036905,172.217.194.0-255,5738,326718,82,353105
34846,0.03691,172.31.47.0-255,66,326784,82,353105
34847,0.039203,172.217.194.0-255,5738,332522,82,353105
34848,0.03921,172.31.47.0-255,66,332588,82,353105
34849,0.041539,172.217.194.0-255,5738,338326,82,353105
34850,0.041544,172.31.47.0-255,66,338392,82,353105
34851,0.043872,172.217.194.0-255,5738,344130,82,353105
34852,0.043878,172.31.47.0-255,66,344196,82,353105
34853,0.046183,172.217.194.0-255,4320,348516,82,353105
34854,0.046189,172.31.47.0-255,66,348582,82,353105
34855,0.04622,172.217.194.0-255,1484,350066,82,353105
34856,0.048502,172.217.194.0-255,2802,352868,82,353105
34857,0.048507,172.31.47.0-255,66,352934,82,353105
34858,0.048684,172.31.47.0-255,105,353039,82,353105
34859,0.05094,172.217.194.0-255,66,353105,82,353105
34860,0.0,172.31.47.0-255,105,105,82,105
34861,0.0,172.217.194.0-255,153,153,82,340027
34862,2.5e-05,172.31.47.0-255,66,219,82,340027
34863,3.2e-05,172.217.194.0-255,1484,1703,82,340027
34864,3.6e-05,172.31.47.0-255,66,1769,82,340027
34865,4.8e-05,172.217.194.0-255,2902,4671,82,340027
34866,5.1e-05,172.31.47.0-255,66,4737,82,340027
34867,8.8e-05,172.217.194.0-255,7156,11893,82,340027
34868,9.1e-05,172.31.47.0-255,66,11959,82,340027
34869,0.000104,172.31.47.0-255,66,12025,82,340027
34870,0.000149,172.31.47.0-255,66,12091,82,340027
34871,0.000177,172.217.194.0-255,3961,16052,82,340027
34872,0.000181,172.31.47.0-255,66,16118,82,340027
34873,0.000188,172.217.194.0-255,5379,21497,82,340027
34874,0.000191,172.31.47.0-255,66,21563,82,340027
34875,0.000281,172.217.194.0-255,1484,23047,82,340027
34876,0.000284,172.31.47.0-255,66,23113,82,340027
34877,0.00029,172.217.194.0-255,2902,26015,82,340027
34878,0.000292,172.31.47.0-255,66,26081,82,340027
34879,0.000296,172.217.194.0-255,1484,27565,82,340027
34880,0.000304,172.31.47.0-255,66,27631,82,340027
34881,0.000338,172.217.194.0-255,4320,31951,82,340027
34882,0.000342,172.31.47.0-255,66,32017,82,340027
34883,0.000349,172.217.194.0-255,6797,38814,82,340027
34884,0.000352,172.31.47.0-255,66,38880,82,340027
34885,0.000381,172.217.194.0-255,646,39526,82,340027
34886,0.000385,172.31.47.0-255,66,39592,82,340027
34887,0.000388,172.217.194.0-255,1484,41076,82,340027
34888,0.00039,172.31.47.0-255,66,41142,82,340027
34889,0.000413,172.217.194.0-255,4320,45462,82,340027
34890,0.000417,172.31.47.0-255,66,45528,82,340027
34891,0.00046,172.217.194.0-255,9992,55520,82,340027
34892,0.000464,172.31.47.0-255,66,55586,82,340027
34893,0.000467,172.217.194.0-255,576,56162,82,340027
34894,0.000923,172.31.47.0-255,66,56228,82,340027
34895,0.001007,172.217.194.0-255,1484,57712,82,340027
34896,0.001016,172.217.194.0-255,2902,60614,82,340027
34897,0.001021,172.31.47.0-255,66,60680,82,340027
34898,0.001026,172.217.194.0-255,4320,65000,82,340027
34899,0.001028,172.31.47.0-255,66,65066,82,340027
34900,0.001051,172.217.194.0-255,1484,66550,82,340027
34901,0.001066,172.31.47.0-255,66,66616,82,340027
34902,0.001083,172.217.194.0-255,10692,77308,82,340027
34903,0.001085,172.31.47.0-255,66,77374,82,340027
34904,0.001491,172.217.194.0-255,1484,78858,82,340027
34905,0.0015,172.217.194.0-255,2902,81760,82,340027
34906,0.001504,172.31.47.0-255,66,81826,82,340027
34907,0.001511,172.217.194.0-255,5738,87564,82,340027
34908,0.001514,172.31.47.0-255,66,87630,82,340027
34909,0.001563,172.217.194.0-255,8574,96204,82,340027
34910,0.001567,172.31.47.0-255,66,96270,82,340027
34911,0.001571,172.217.194.0-255,1484,97754,82,340027
34912,0.001611,172.31.47.0-255,66,97820,82,340027
34913,0.00164,172.217.194.0-255,1484,99304,82,340027
34914,0.001646,172.217.194.0-255,2902,102206,82,340027
34915,0.001649,172.31.47.0-255,66,102272,82,340027
34916,0.001655,172.217.194.0-255,5738,108010,82,340027
34917,0.001657,172.31.47.0-255,66,108076,82,340027
34918,0.001725,172.31.47.0-255,66,108142,82,340027
34919,0.001731,172.217.194.0-255,5738,113880,82,340027
34920,0.001733,172.31.47.0-255,66,113946,82,340027
34921,0.001758,172.217.194.0-255,5020,118966,82,340027
34922,0.001766,172.31.47.0-255,66,119032,82,340027
34923,0.001823,172.217.194.0-255,1484,120516,82,340027
34924,0.001826,172.217.194.0-255,1484,122000,82,340027
34925,0.00183,172.31.47.0-255,66,122066,82,340027
34926,0.001841,172.217.194.0-255,1484,123550,82,340027
34927,0.001851,172.217.194.0-255,5738,129288,82,340027
34928,0.001853,172.31.47.0-255,66,129354,82,340027
34929,0.001876,172.217.194.0-255,2902,132256,82,340027
34930,0.001879,172.31.47.0-255,66,132322,82,340027
34931,0.001908,172.217.194.0-255,9992,142314,82,340027
34932,0.001912,172.31.47.0-255,66,142380,82,340027
34933,0.001935,172.217.194.0-255,2902,145282,82,340027
34934,0.001937,172.31.47.0-255,66,145348,82,340027
34935,0.00196,172.217.194.0-255,7856,153204,82,340027
34936,0.001962,172.31.47.0-255,66,153270,82,340027
34937,0.004039,172.217.194.0-255,4320,157590,82,340027
34938,0.004043,172.31.47.0-255,66,157656,82,340027
34939,0.004066,172.217.194.0-255,1484,159140,82,340027
34940,0.006139,172.217.194.0-255,4320,163460,82,340027
34941,0.006146,172.31.47.0-255,66,163526,82,340027
34942,0.008216,172.217.194.0-255,5738,169264,82,340027
34943,0.008223,172.31.47.0-255,66,169330,82,340027
34944,0.010301,172.217.194.0-255,5738,175068,82,340027
34945,0.010309,172.31.47.0-255,66,175134,82,340027
34946,0.012395,172.217.194.0-255,5738,180872,82,340027
34947,0.012403,172.31.47.0-255,66,180938,82,340027
34948,0.014514,172.217.194.0-255,5738,186676,82,340027
34949,0.014522,172.31.47.0-255,66,186742,82,340027
34950,0.016643,172.217.194.0-255,5738,192480,82,340027
34951,0.01665,172.31.47.0-255,66,192546,82,340027
34952,0.018734,172.217.194.0-255,5738,198284,82,340027
34953,0.01874,172.31.47.0-255,66,198350,82,340027
34954,0.020849,172.217.194.0-255,5738,204088,82,340027
34955,0.020856,172.31.47.0-255,66,204154,82,340027
34956,0.022915,172.217.194.0-255,5738,209892,82,340027
34957,0.022921,172.31.47.0-255,66,209958,82,340027
34958,0.024751,172.31.47.0-255,172,210130,82,340027
34959,0.024796,172.31.47.0-255,1111,211241,82,340027
34960,0.024859,172.31.47.0-255,1514,212755,82,340027
34961,0.024861,172.31.47.0-255,1288,214043,82,340027
34962,0.025004,172.217.194.0-255,4320,218363,82,340027
34963,0.025009,172.31.47.0-255,66,218429,82,340027
34964,0.025034,172.217.194.0-255,1484,219913,82,340027
34965,0.026263,104.244.42.0-255,66,219979,82,340027
34966,0.026354,104.244.42.0-255,66,220045,82,340027
34967,0.026507,104.244.42.0-255,66,220111,82,340027
34968,0.027106,172.217.194.0-255,2902,223013,82,340027
34969,0.02711,172.31.47.0-255,66,223079,82,340027
34970,0.027139,172.217.194.0-255,1484,224563,82,340027
34971,0.027151,104.244.42.0-255,108,224671,82,340027
34972,0.027154,172.31.47.0-255,66,224737,82,340027
34973,0.029217,172.217.194.0-255,4320,229057,82,340027
34974,0.029222,172.31.47.0-255,66,229123,82,340027
34975,0.031307,172.217.194.0-255,5738,234861,82,340027
34976,0.031312,172.31.47.0-255,66,234927,82,340027
34977,0.033376,172.217.194.0-255,4320,239247,82,340027
34978,0.033382,172.31.47.0-255,66,239313,82,340027
34979,0.033418,172.217.194.0-255,1484,240797,82,340027
34980,0.035454,172.217.194.0-255,4320,245117,82,340027
34981,0.035459,172.31.47.0-255,66,245183,82,340027
34982,0.03754,172.217.194.0-255,5738,250921,82,340027
34983,0.037544,172.31.47.0-255,66,250987,82,340027
34984,0.03961,172.217.194.0-255,5738,256725,82,340027
34985,0.039614,172.31.47.0-255,66,256791,82,340027
34986,0.041709,172.217.194.0-255,2902,259693,82,340027
34987,0.041714,172.31.47.0-255,66,259759,82,340027
34988,0.04174,172.217.194.0-255,2902,262661,82,340027
34989,0.041743,172.31.47.0-255,66,262727,82,340027
34990,0.043796,172.217.194.0-255,2902,265629,82,340027
34991,0.0438,172.31.47.0-255,66,265695,82,340027
34992,0.043837,172.217.194.0-255,2902,268597,82,340027
34993,0.04384,172.31.47.0-255,66,268663,82,340027
34994,0.045876,172.217.194.0-255,2902,271565,82,340027
34995,0.04588,172.31.47.0-255,66,271631,82,340027
34996,0.045921,172.217.194.0-255,2902,274533,82,340027
34997,0.045925,172.31.47.0-255,66,274599,82,340027
34998,0.047955,172.217.194.0-255,2902,277501,82,340027
34999,0.047959,172.31.47.0-255,66,277567,82,340027
35000,0.047996,172.217.194.0-255,2902,280469,82,340027
35001,0.047999,172.31.47.0-255,66,280535,82,340027
35002,0.05004,172.217.194.0-255,2902,283437,82,340027
35003,0.050045,172.31.47.0-255,66,283503,82,340027
35004,0.050116,172.217.194.0-255,2902,286405,82,340027
35005,0.05012,172.31.47.0-255,66,286471,82,340027
35006,0.05215,172.217.194.0-255,2902,289373,82,340027
35007,0.052155,172.31.47.0-255,66,289439,82,340027
35008,0.052209,172.217.194.0-255,1484,290923,82,340027
35009,0.052228,172.217.194.0-255,1484,292407,82,340027
35010,0.052232,172.31.47.0-255,66,292473,82,340027
35011,0.054212,172.217.194.0-255,2902,295375,82,340027
35012,0.054216,172.31.47.0-255,66,295441,82,340027
35013,0.0543,172.217.194.0-255,2902,298343,82,340027
35014,0.054304,172.31.47.0-255,66,298409,82,340027
35015,0.056268,172.217.194.0-255,2902,301311,82,340027
35016,0.056272,172.31.47.0-255,66,301377,82,340027
35017,0.05638,172.217.194.0-255,2902,304279,82,340027
35018,0.056385,172.31.47.0-255,66,304345,82,340027
35019,0.058351,172.217.194.0-255,2902,307247,82,340027
35020,0.058356,172.31.47.0-255,66,307313,82,340027
35021,0.058492,172.217.194.0-255,2902,310215,82,340027
35022,0.058496,172.31.47.0-255,66,310281,82,340027
35023,0.060417,172.217.194.0-255,2902,313183,82,340027
35024,0.060425,172.31.47.0-255,66,313249,82,340027
35025,0.060547,172.217.194.0-255,2902,316151,82,340027
35026,0.06055,172.31.47.0-255,66,316217,82,340027
35027,0.062531,172.217.194.0-255,2902,319119,82,340027
35028,0.062538,172.31.47.0-255,66,319185,82,340027
35029,0.062617,172.217.194.0-255,2902,322087,82,340027
35030,0.062621,172.31.47.0-255,66,322153,82,340027
35031,0.064626,172.217.194.0-255,2902,325055,82,340027
35032,0.064633,172.31.47.0-255,66,325121,82,340027
35033,0.064668,172.217.194.0-255,2902,328023,82,340027
35034,0.064672,172.31.47.0-255,66,328089,82,340027
35035,0.066688,172.217.194.0-255,2902,330991,82,340027
35036,0.066693,172.31.47.0-255,66,331057,82,340027
35037,0.06673,172.217.194.0-255,2902,333959,82,340027
35038,0.066734,172.31.47.0-255,66,334025,82,340027
35039,0.068763,172.217.194.0-255,2902,336927,82,340027
35040,0.068768,172.31.47.0-255,66,336993,82,340027
35041,0.068802,172.217.194.0-255,1484,338477,82,340027
35042,0.068814,172.217.194.0-255,1484,339961,82,340027
35043,0.068817,172.31.47.0-255,66,340027,82,340027
35044,0.0,74.125.200.0-255,153,153,82,379451
35045,3.6e-05,172.31.47.0-255,66,219,82,379451
35046,4.4e-05,74.125.200.0-255,1484,1703,82,379451
35047,4.8e-05,172.31.47.0-255,66,1769,82,379451
35048,5.7e-05,74.125.200.0-255,1484,3253,82,379451
35049,6e-05,172.31.47.0-255,66,3319,82,379451
35050,9.1e-05,74.125.200.0-255,2902,6221,82,379451
35051,9.4e-05,172.31.47.0-255,66,6287,82,379451
35052,0.0001,74.125.200.0-255,5738,12025,82,379451
35053,0.000102,172.31.47.0-255,66,12091,82,379451
35054,0.000112,74.125.200.0-255,2144,14235,82,379451
35055,0.000116,172.31.47.0-255,66,14301,82,379451
35056,0.000217,74.125.200.0-255,1484,15785,82,379451
35057,0.000222,172.31.47.0-255,66,15851,82,379451
35058,0.000227,74.125.200.0-255,1484,17335,82,379451
35059,0.000229,172.31.47.0-255,66,17401,82,379451
35060,0.000259,74.125.200.0-255,1484,18885,82,379451
35061,0.000263,172.31.47.0-255,66,18951,82,379451
35062,0.000269,74.125.200.0-255,5738,24689,82,379451
35063,0.000271,172.31.47.0-255,66,24755,82,379451
35064,0.000275,74.125.200.0-255,2902,27657,82,379451
35065,0.000282,172.31.47.0-255,66,27723,82,379451
35066,0.00031,74.125.200.0-255,3961,31684,82,379451
35067,0.000314,172.31.47.0-255,66,31750,82,379451
35068,0.000322,74.125.200.0-255,1484,33234,82,379451
35069,0.000324,172.31.47.0-255,66,33300,82,379451
35070,0.000329,74.125.200.0-255,2902,36202,82,379451
35071,0.000331,172.31.47.0-255,66,36268,82,379451
35072,0.000357,74.125.200.0-255,5738,42006,82,379451
35073,0.000365,172.31.47.0-255,66,42072,82,379451
35074,0.0004,74.125.200.0-255,6797,48869,82,379451
35075,0.000404,172.31.47.0-255,66,48935,82,379451
35076,0.000741,74.125.200.0-255,1484,50419,82,379451
35077,0.000748,74.125.200.0-255,2902,53321,82,379451
35078,0.000752,172.31.47.0-255,66,53387,82,379451
35079,0.000785,74.125.200.0-255,4320,57707,82,379451
35080,0.000788,172.31.47.0-255,66,57773,82,379451
35081,0.000819,74.125.200.0-255,1484,59257,82,379451
35082,0.000841,74.125.200.0-255,8215,67472,82,379451
35083,0.000844,172.31.47.0-255,66,67538,82,379451
35084,0.000849,74.125.200.0-255,4320,71858,82,379451
35085,0.000852,172.31.47.0-255,66,71924,82,379451
35086,0.000884,74.125.200.0-255,9992,81916,82,379451
35087,0.000888,172.31.47.0-255,66,81982,82,379451
35088,0.000903,74.125.200.0-255,1125,83107,82,379451
35089,0.000943,74.125.200.0-255,1484,84591,82,379451
35090,0.000947,172.31.47.0-255,66,84657,82,379451
35091,0.000951,74.125.200.0-255,2902,87559,82,379451
35092,0.000954,172.31.47.0-255,66,87625,82,379451
35093,0.000959,74.125.200.0-255,4320,91945,82,379451
35094,0.000965,172.31.47.0-255,66,92011,82,379451
35095,0.000998,74.125.200.0-255,1484,93495,82,379451
35096,0.001005,74.125.200.0-255,7156,100651,82,379451
35097,0.001007,172.31.47.0-255,66,100717,82,379451
35098,0.001011,74.125.200.0-255,286,101003,82,379451
35099,0.001056,74.125.200.0-255,1484,102487,82,379451
35100,0.00106,172.31.47.0-255,66,102553,82,379451
35101,0.001089,74.125.200.0-255,2902,105455,82,379451
35102,0.001092,172.31.47.0-255,66,105521,82,379451
35103,0.001099,74.125.200.0-255,5738,111259,82,379451
35104,0.001101,172.31.47.0-255,66,111325,82,379451
35105,0.00113,74.125.200.0-255,4320,115645,82,379451
35106,0.001135,172.31.47.0-255,66,115711,82,379451
35107,0.001172,74.125.200.0-255,1995,117706,82,379451
35108,0.001176,172.31.47.0-255,66,117772,82,379451
35109,0.001235,74.125.200.0-255,1484,119256,82,379451
35110,0.001252,74.125.200.0-255,2902,122158,82,379451
35111,0.001255,172.31.47.0-255,66,122224,82,379451
35112,0.00127,74.125.200.0-255,1484,123708,82,379451
35113,0.001289,74.125.200.0-255,4320,128028,82,379451
35114,0.001294,172.31.47.0-255,66,128094,82,379451
35115,0.001301,74.125.200.0-255,7156,135250,82,379451
35116,0.001303,172.31.47.0-255,66,135316,82,379451
35117,0.001336,74.125.200.0-255,8574,143890,82,379451
35118,0.00134,172.31.47.0-255,66,143956,82,379451
35119,0.00137,74.125.200.0-255,4320,148276,82,379451
35120,0.001373,172.31.47.0-255,66,148342,82,379451
35121,0.001391,74.125.200.0-255,3602,151944,82,379451
35122,0.001394,172.31.47.0-255,66,152010,82,379451
35123,0.001764,74.125.200.0-255,1484,153494,82,379451
35124,0.001774,74.125.200.0-255,1484,154978,82,379451
35125,0.001778,172.31.47.0-255,66,155044,82,379451
35126,0.001809,74.125.200.0-255,1484,156528,82,379451
35127,0.001817,74.125.200.0-255,5738,162266,82,379451
35128,0.00182,172.31.47.0-255,66,162332,82,379451
35129,0.001826,74.125.200.0-255,2902,165234,82,379451
35130,0.001828,172.31.47.0-255,66,165300,82,379451
35131,0.001857,74.125.200.0-255,4320,169620,82,379451
35132,0.001865,172.31.47.0-255,66,169686,82,379451
35133,0.0019,74.125.200.0-255,4320,174006,82,379451
35134,0.001904,172.31.47.0-255,66,174072,82,379451
35135,0.001928,74.125.200.0-255,2902,176974,82,379451
35136,0.001931,172.31.47.0-255,66,177040,82,379451
35137,0.001939,74.125.200.0-255,8574,185614,82,379451
35138,0.001941,172.31.47.0-255,66,185680,82,379451
35139,0.001943,74.125.200.0-255,766,186446,82,379451
35140,0.003985,74.125.200.0-255,4320,190766,82,379451
35141,0.003991,172.31.47.0-255,66,190832,82,379451
35142,0.006026,74.125.200.0-255,5738,196570,82,379451
35143,0.006033,172.31.47.0-255,66,196636,82,379451
35144,0.008086,74.125.200.0-255,5738,202374,82,379451
35145,0.008094,172.31.47.0-255,66,202440,82,379451
35146,0.010147,74.125.200.0-255,5738,208178,82,379451
35147,0.010155,172.31.47.0-255,66,208244,82,379451
35148,0.012198,74.125.200.0-255,5738,213982,82,379451
35149,0.012205,172.31.47.0-255,66,214048,82,379451
35150,0.01425,74.125.200.0-255,5738,219786,82,379451
35151,0.01426,172.31.47.0-255,66,219852,82,379451
35152,0.016301,74.125.200.0-255,5738,225590,82,379451
35153,0.016307,172.31.47.0-255,66,225656,82,379451
35154,0.018344,74.125.200.0-255,5738,231394,82,379451
35155,0.018351,172.31.47.0-255,66,231460,82,379451
35156,0.020406,74.125.200.0-255,2902,234362,82,379451
35157,0.020411,172.31.47.0-255,66,234428,82,379451
35158,0.020445,74.125.200.0-255,2902,237330,82,379451
35159,0.02045,172.31.47.0-255,66,237396,82,379451
35160,0.02245,74.125.200.0-255,2902,240298,82,379451
35161,0.022456,172.31.47.0-255,66,240364,82,379451
35162,0.022523,74.125.200.0-255,2902,243266,82,379451
35163,0.022527,172.31.47.0-255,66,243332,82,379451
35164,0.024509,74.125.200.0-255,2902,246234,82,379451
35165,0.024515,172.31.47.0-255,66,246300,82,379451
35166,0.024553,74.125.200.0-255,1484,247784,82,379451
35167,0.024568,74.125.200.0-255,1484,249268,82,379451
35168,0.02457,172.31.47.0-255,66,249334,82,379451
35169,0.02482,172.31.47.0-255,172,249506,82,379451
35170,0.024848,172.31.47.0-255,1106,250612,82,379451
35171,0.024902,172.31.47.0-255,1514,252126,82,379451
35172,0.024904,172.31.47.0-255,1514,253640,82,379451
35173,0.024929,172.31.47.0-255,331,253971,82,379451
35174,0.026361,104.244.42.0-255,66,254037,82,379451
35175,0.026371,104.244.42.0-255,66,254103,82,379451
35176,0.026426,104.244.42.0-255,66,254169,82,379451
35177,0.026456,104.244.42.0-255,66,254235,82,379451
35178,0.026546,74.125.200.0-255,1484,255719,82,379451
35179,0.026592,74.125.200.0-255,1484,257203,82,379451
35180,0.026597,172.31.47.0-255,66,257269,82,379451
35181,0.026635,74.125.200.0-255,2902,260171,82,379451
35182,0.026638,172.31.47.0-255,66,260237,82,379451
35183,0.028641,74.125.200.0-255,2902,263139,82,379451
35184,0.028656,172.31.47.0-255,66,263205,82,379451
35185,0.028699,74.125.200.0-255,2902,266107,82,379451
35186,0.028703,172.31.47.0-255,66,266173,82,379451
35187,0.030717,74.125.200.0-255,2902,269075,82,379451
35188,0.030724,172.31.47.0-255,66,269141,82,379451
35189,0.030764,74.125.200.0-255,2902,272043,82,379451
35190,0.030767,172.31.47.0-255,66,272109,82,379451
35191,0.032778,74.125.200.0-255,2902,275011,82,379451
35192,0.032789,172.31.47.0-255,66,275077,82,379451
35193,0.032825,74.125.200.0-255,2902,277979,82,379451
35194,0.032829,172.31.47.0-255,66,278045,82,379451
35195,0.034846,74.125.200.0-255,2902,280947,82,379451
35196,0.034858,172.31.47.0-255,66,281013,82,379451
35197,0.034904,74.125.200.0-255,2902,283915,82,379451
35198,0.034908,172.31.47.0-255,66,283981,82,379451
35199,0.036899,74.125.200.0-255,2902,286883,82,379451
35200,0.036911,172.31.47.0-255,66,286949,82,379451
35201,0.036953,74.125.200.0-255,2902,289851,82,379451
35202,0.036956,172.31.47.0-255,66,289917,82,379451
35203,0.038952,74.125.200.0-255,2902,292819,82,379451
35204,0.038958,172.31.47.0-255,66,292885,82,379451
35205,0.038995,74.125.200.0-255,2902,295787,82,379451
35206,0.038999,172.31.47.0-255,66,295853,82,379451
35207,0.040989,74.125.200.0-255,2902,298755,82,379451
35208,0.040995,172.31.47.0-255,66,298821,82,379451
35209,0.041028,74.125.200.0-255,2902,301723,82,379451
35210,0.041031,172.31.47.0-255,66,301789,82,379451
35211,0.043023,74.125.200.0-255,2902,304691,82,379451
35212,0.043029,172.31.47.0-255,66,304757,82,379451
35213,0.043062,74.125.200.0-255,2902,307659,82,379451
35214,0.043065,172.31.47.0-255,66,307725,82,379451
35215,0.045057,74.125.200.0-255,2902,310627,82,379451
35216,0.045063,172.31.47.0-255,66,310693,82,379451
35217,0.0451,74.125.200.0-255,2902,313595,82,379451
35218,0.045104,172.31.47.0-255,66,313661,82,379451
35219,0.047135,74.125.200.0-255,2902,316563,82,379451
35220,0.047142,172.31.47.0-255,66,316629,82,379451
35221,0.047168,74.125.200.0-255,2902,319531,82,379451
35222,0.047172,172.31.47.0-255,66,319597,82,379451
35223,0.049176,74.125.200.0-255,1484,321081,82,379451
35224,0.049209,74.125.200.0-255,4320,325401,82,379451
35225,0.049214,172.31.47.0-255,66,325467,82,379451
35226,0.051251,74.125.200.0-255,4320,329787,82,379451
35227,0.051256,172.31.47.0-255,66,329853,82,379451
35228,0.051291,74.125.200.0-255,1484,331337,82,379451
35229,0.053281,74.125.200.0-255,2902,334239,82,379451
35230,0.053287,172.31.47.0-255,66,334305,82,379451
35231,0.053324,74.125.200.0-255,1484,335789,82,379451
35232,0.055316,74.125.200.0-255,4320,340109,82,379451
35233,0.055321,172.31.47.0-255,66,340175,82,379451
35234,0.057368,74.125.200.0-255,5738,345913,82,379451
35235,0.057374,172.31.47.0-255,66,345979,82,379451
35236,0.059432,74.125.200.0-255,5738,351717,82,379451
35237,0.059438,172.31.47.0-255,66,351783,82,379451
35238,0.061477,74.125.200.0-255,5738,357521,82,379451
35239,0.061485,172.31.47.0-255,66,357587,82,379451
35240,0.063536,74.125.200.0-255,5738,363325,82,379451
35241,0.063542,172.31.47.0-255,66,363391,82,379451
35242,0.065572,74.125.200.0-255,4320,367711,82,379451
35243,0.065578,172.31.47.0-255,66,367777,82,379451
35244,0.06561,74.125.200.0-255,1484,369261,82,379451
35245,0.067607,74.125.200.0-255,4320,373581,82,379451
35246,0.067612,172.31.47.0-255,66,373647,82,379451
35247,0.069657,74.125.200.0-255,5738,379385,82,379451
35248,0.06966,172.31.47.0-255,66,379451,82,379451
35249,0.0,172.217.194.0-255,153,153,82,321462
35250,3.2e-05,172.31.47.0-255,66,219,82,321462
35251,4e-05,172.217.194.0-255,1484,1703,82,321462
35252,4.5e-05,172.31.47.0-255,66,1769,82,321462
35253,5e-05,172.217.194.0-255,2902,4671,82,321462
35254,5.9e-05,172.31.47.0-255,66,4737,82,321462
35255,6.7e-05,172.217.194.0-255,7156,11893,82,321462
35256,7e-05,172.31.47.0-255,66,11959,82,321462
35257,7.2e-05,172.217.194.0-255,1484,13443,82,321462
35258,7.4e-05,172.31.47.0-255,66,13509,82,321462
35259,0.000127,172.31.47.0-255,66,13575,82,321462
35260,0.000131,172.217.194.0-255,1484,15059,82,321462
35261,0.000133,172.31.47.0-255,66,15125,82,321462
35262,0.000135,172.217.194.0-255,1125,16250,82,321462
35263,0.000137,172.31.47.0-255,66,16316,82,321462
35264,0.00014,172.217.194.0-255,1484,17800,82,321462
35265,0.000142,172.31.47.0-255,66,17866,82,321462
35266,0.000148,172.217.194.0-255,4320,22186,82,321462
35267,0.000151,172.31.47.0-255,66,22252,82,321462
35268,0.000197,172.217.194.0-255,9992,32244,82,321462
35269,0.000201,172.31.47.0-255,66,32310,82,321462
35270,0.000216,172.31.47.0-255,66,32376,82,321462
35271,0.00022,172.217.194.0-255,2184,34560,82,321462
35272,0.000223,172.31.47.0-255,66,34626,82,321462
35273,0.000613,172.217.194.0-255,645,35271,82,321462
35274,0.000619,172.31.47.0-255,66,35337,82,321462
35275,0.000747,172.217.194.0-255,1484,36821,82,321462
35276,0.000751,172.31.47.0-255,66,36887,82,321462
35277,0.000756,172.217.194.0-255,2902,39789,82,321462
35278,0.000759,172.31.47.0-255,66,39855,82,321462
35279,0.000764,172.217.194.0-255,4320,44175,82,321462
35280,0.000772,172.31.47.0-255,66,44241,82,321462
35281,0.000794,172.217.194.0-255,1484,45725,82,321462
35282,0.000814,172.31.47.0-255,66,45791,82,321462
35283,0.000838,172.217.194.0-255,1484,47275,82,321462
35284,0.000854,172.217.194.0-255,8574,55849,82,321462
35285,0.000858,172.31.47.0-255,66,55915,82,321462
35286,0.000875,172.217.194.0-255,218,56133,82,321462
35287,0.000919,172.217.194.0-255,1484,57617,82,321462
35288,0.000922,172.31.47.0-255,66,57683,82,321462
35289,0.000937,172.217.194.0-255,2902,60585,82,321462
35290,0.000944,172.31.47.0-255,66,60651,82,321462
35291,0.000951,172.217.194.0-255,5738,66389,82,321462
35292,0.000953,172.31.47.0-255,66,66455,82,321462
35293,0.001,172.31.47.0-255,66,66521,82,321462
35294,0.001009,172.217.194.0-255,10692,77213,82,321462
35295,0.001017,172.31.47.0-255,66,77279,82,321462
35296,0.00125,172.217.194.0-255,1484,78763,82,321462
35297,0.001256,172.217.194.0-255,2902,81665,82,321462
35298,0.001259,172.31.47.0-255,66,81731,82,321462
35299,0.001264,172.217.194.0-255,4320,86051,82,321462
35300,0.001267,172.31.47.0-255,66,86117,82,321462
35301,0.001298,172.217.194.0-255,1484,87601,82,321462
35302,0.001312,172.31.47.0-255,66,87667,82,321462
35303,0.001319,172.217.194.0-255,8574,96241,82,321462
35304,0.001321,172.31.47.0-255,66,96307,82,321462
35305,0.001353,172.217.194.0-255,2184,98491,82,321462
35306,0.001358,172.31.47.0-255,66,98557,82,321462
35307,0.001711,172.217.194.0-255,1484,100041,82,321462
35308,0.001722,172.217.194.0-255,2902,102943,82,321462
35309,0.001726,172.31.47.0-255,66,103009,82,321462
35310,0.001733,172.217.194.0-255,5738,108747,82,321462
35311,0.001736,172.31.47.0-255,66,108813,82,321462
35312,0.001748,172.217.194.0-255,2902,111715,82,321462
35313,0.00175,172.31.47.0-255,66,111781,82,321462
35314,0.001794,172.217.194.0-255,9992,121773,82,321462
35315,0.001799,172.31.47.0-255,66,121839,82,321462
35316,0.001802,172.217.194.0-255,1484,123323,82,321462
35317,0.001805,172.217.194.0-255,1484,124807,82,321462
35318,0.001806,172.31.47.0-255,66,124873,82,321462
35319,0.001839,172.217.194.0-255,7856,132729,82,321462
35320,0.001848,172.31.47.0-255,66,132795,82,321462
35321,0.002053,172.217.194.0-255,1484,134279,82,321462
35322,0.002061,172.217.194.0-255,2902,137181,82,321462
35323,0.002066,172.31.47.0-255,66,137247,82,321462
35324,0.002071,172.217.194.0-255,4320,141567,82,321462
35325,0.002073,172.31.47.0-255,66,141633,82,321462
35326,0.002095,172.217.194.0-255,1484,143117,82,321462
35327,0.002115,172.31.47.0-255,66,143183,82,321462
35328,0.002122,172.217.194.0-255,5738,148921,82,321462
35329,0.002125,172.31.47.0-255,66,148987,82,321462
35330,0.00218,172.217.194.0-255,5020,154007,82,321462
35331,0.002184,172.31.47.0-255,66,154073,82,321462
35332,0.004463,172.217.194.0-255,5738,159811,82,321462
35333,0.004468,172.31.47.0-255,66,159877,82,321462
35334,0.006751,172.217.194.0-255,5738,165615,82,321462
35335,0.006755,172.31.47.0-255,66,165681,82,321462
35336,0.009054,172.217.194.0-255,5738,171419,82,321462
35337,0.00906,172.31.47.0-255,66,171485,82,321462
35338,0.011386,172.217.194.0-255,5738,177223,82,321462
35339,0.011395,172.31.47.0-255,66,177289,82,321462
35340,0.013739,172.217.194.0-255,5738,183027,82,321462
35341,0.013748,172.31.47.0-255,66,183093,82,321462
35342,0.016039,172.217.194.0-255,5738,188831,82,321462
35343,0.016048,172.31.47.0-255,66,188897,82,321462
35344,0.018336,172.217.194.0-255,1484,190381,82,321462
35345,0.018366,172.217.194.0-255,4320,194701,82,321462
35346,0.018369,172.31.47.0-255,66,194767,82,321462
35347,0.02067,172.217.194.0-255,5738,200505,82,321462
35348,0.020676,172.31.47.0-255,66,200571,82,321462
35349,0.022964,172.217.194.0-255,5738,206309,82,321462
35350,0.022971,172.31.47.0-255,66,206375,82,321462
35351,0.02526,172.217.194.0-255,5738,212113,82,321462
35352,0.025267,172.31.47.0-255,66,212179,82,321462
35353,0.026493,172.31.47.0-255,172,212351,82,321462
35354,0.026524,172.31.47.0-255,1112,213463,82,321462
35355,0.026557,172.31.47.0-255,1514,214977,82,321462
35356,0.026559,172.31.47.0-255,1287,216264,82,321462
35357,0.027562,172.217.194.0-255,5738,222002,82,321462
35358,0.027569,172.31.47.0-255,66,222068,82,321462
35359,0.028054,104.244.42.0-255,66,222134,82,321462
35360,0.028082,104.244.42.0-255,66,222200,82,321462
35361,0.028132,104.244.42.0-255,66,222266,82,321462
35362,0.029835,172.217.194.0-255,4320,226586,82,321462
35363,0.029839,172.31.47.0-255,66,226652,82,321462
35364,0.029867,172.217.194.0-255,1484,228136,82,321462
35365,0.032117,172.217.194.0-255,4320,232456,82,321462
35366,0.032123,172.31.47.0-255,66,232522,82,321462
35367,0.03439,172.217.194.0-255,5738,238260,82,321462
35368,0.034395,172.31.47.0-255,66,238326,82,321462
35369,0.036662,172.217.194.0-255,4320,242646,82,321462
35370,0.036668,172.31.47.0-255,66,242712,82,321462
35371,0.036697,172.217.194.0-255,1484,244196,82,321462
35372,0.038961,172.217.194.0-255,4320,248516,82,321462
35373,0.038966,172.31.47.0-255,66,248582,82,321462
35374,0.041244,172.217.194.0-255,5738,254320,82,321462
35375,0.041249,172.31.47.0-255,66,254386,82,321462
35376,0.043508,172.217.194.0-255,5738,260124,82,321462
35377,0.043514,172.31.47.0-255,66,260190,82,321462
35378,0.04578,172.217.194.0-255,4320,264510,82,321462
35379,0.045784,172.31.47.0-255,66,264576,82,321462
35380,0.045818,172.217.194.0-255,1484,266060,82,321462
35381,0.048052,172.217.194.0-255,4320,270380,82,321462
35382,0.048057,172.31.47.0-255,66,270446,82,321462
35383,0.050344,172.217.194.0-255,5738,276184,82,321462
35384,0.05035,172.31.47.0-255,66,276250,82,321462
35385,0.052633,172.217.194.0-255,4320,280570,82,321462
35386,0.05264,172.31.47.0-255,66,280636,82,321462
35387,0.052668,172.217.194.0-255,1484,282120,82,321462
35388,0.054908,172.217.194.0-255,4320,286440,82,321462
35389,0.054912,172.31.47.0-255,66,286506,82,321462
35390,0.057202,172.217.194.0-255,5738,292244,82,321462
35391,0.057208,172.31.47.0-255,66,292310,82,321462
35392,0.059493,172.217.194.0-255,2902,295212,82,321462
35393,0.059498,172.31.47.0-255,66,295278,82,321462
35394,0.059527,172.217.194.0-255,2902,298180,82,321462
35395,0.059529,172.31.47.0-255,66,298246,82,321462
35396,0.061794,172.217.194.0-255,5738,303984,82,321462
35397,0.061799,172.31.47.0-255,66,304050,82,321462
35398,0.064067,172.217.194.0-255,5738,309788,82,321462
35399,0.064072,172.31.47.0-255,66,309854,82,321462
35400,0.066343,172.217.194.0-255,5738,315592,82,321462
35401,0.066349,172.31.47.0-255,66,315658,82,321462
35402,0.068639,172.217.194.0-255,5738,321396,82,321462
35403,0.068644,172.31.47.0-255,66,321462,82,321462
35404,0.0,172.217.194.0-255,155,155,82,330956
35405,3.1e-05,172.31.47.0-255,66,221,82,330956
35406,3.8e-05,172.217.194.0-255,1484,1705,82,330956
35407,4.2e-05,172.31.47.0-255,66,1771,82,330956
35408,4.7e-05,172.217.194.0-255,2902,4673,82,330956
35409,4.9e-05,172.31.47.0-255,66,4739,82,330956
35410,5.7e-05,172.217.194.0-255,7156,11895,82,330956
35411,6e-05,172.31.47.0-255,66,11961,82,330956
35412,6.4e-05,172.217.194.0-255,2044,14005,82,330956
35413,6.6e-05,172.31.47.0-255,66,14071,82,330956
35414,0.000123,172.217.194.0-255,1484,15555,82,330956
35415,0.000127,172.31.47.0-255,66,15621,82,330956
35416,0.000133,172.217.194.0-255,2902,18523,82,330956
35417,0.000136,172.31.47.0-255,66,18589,82,330956
35418,0.000139,172.217.194.0-255,1484,20073,82,330956
35419,0.000141,172.31.47.0-255,66,20139,82,330956
35420,0.000165,172.217.194.0-255,4320,24459,82,330956
35421,0.000168,172.31.47.0-255,66,24525,82,330956
35422,0.000174,172.217.194.0-255,5738,30263,82,330956
35423,0.000176,172.31.47.0-255,66,30329,82,330956
35424,0.000202,172.217.194.0-255,1125,31454,82,330956
35425,0.000205,172.31.47.0-255,66,31520,82,330956
35426,0.000316,172.217.194.0-255,1484,33004,82,330956
35427,0.00032,172.31.47.0-255,66,33070,82,330956
35428,0.000338,172.217.194.0-255,2902,35972,82,330956
35429,0.000342,172.31.47.0-255,66,36038,82,330956
35430,0.000348,172.217.194.0-255,5738,41776,82,330956
35431,0.000352,172.31.47.0-255,66,41842,82,330956
35432,0.000366,172.217.194.0-255,1484,43326,82,330956
35433,0.000369,172.31.47.0-255,66,43392,82,330956
35434,0.000396,172.217.194.0-255,5379,48771,82,330956
35435,0.0004,172.31.47.0-255,66,48837,82,330956
35436,0.000416,172.217.194.0-255,4320,53157,82,330956
35437,0.000419,172.31.47.0-255,66,53223,82,330956
35438,0.00044,172.217.194.0-255,2902,56125,82,330956
35439,0.000442,172.31.47.0-255,66,56191,82,330956
35440,0.000448,172.217.194.0-255,5738,61929,82,330956
35441,0.000451,172.31.47.0-255,66,61995,82,330956
35442,0.000472,172.217.194.0-255,3961,65956,82,330956
35443,0.000475,172.31.47.0-255,66,66022,82,330956
35444,0.001076,172.217.194.0-255,379,66401,82,330956
35445,0.00111,172.217.194.0-255,363,66764,82,330956
35446,0.001265,172.217.194.0-255,1484,68248,82,330956
35447,0.001272,172.31.47.0-255,66,68314,82,330956
35448,0.001278,172.217.194.0-255,2902,71216,82,330956
35449,0.00128,172.31.47.0-255,66,71282,82,330956
35450,0.001293,172.217.194.0-255,1484,72766,82,330956
35451,0.001298,172.217.194.0-255,2902,75668,82,330956
35452,0.001301,172.31.47.0-255,66,75734,82,330956
35453,0.001308,172.217.194.0-255,5738,81472,82,330956
35454,0.00131,172.31.47.0-255,66,81538,82,330956
35455,0.001334,172.217.194.0-255,1484,83022,82,330956
35456,0.001356,172.31.47.0-255,66,83088,82,330956
35457,0.001374,172.217.194.0-255,1125,84213,82,330956
35458,0.00138,172.217.194.0-255,5379,89592,82,330956
35459,0.001382,172.31.47.0-255,66,89658,82,330956
35460,0.001784,172.217.194.0-255,1484,91142,82,330956
35461,0.001788,172.217.194.0-255,2902,94044,82,330956
35462,0.00179,172.31.47.0-255,66,94110,82,330956
35463,0.001814,172.217.194.0-255,5738,99848,82,330956
35464,0.001816,172.31.47.0-255,66,99914,82,330956
35465,0.001823,172.217.194.0-255,7156,107070,82,330956
35466,0.001824,172.31.47.0-255,66,107136,82,330956
35467,0.00186,172.217.194.0-255,9992,117128,82,330956
35468,0.001862,172.31.47.0-255,66,117194,82,330956
35469,0.001881,172.217.194.0-255,4320,121514,82,330956
35470,0.001884,172.31.47.0-255,66,121580,82,330956
35471,0.001888,172.217.194.0-255,2184,123764,82,330956
35472,0.00189,172.31.47.0-255,66,123830,82,330956
35473,0.001908,172.217.194.0-255,2902,126732,82,330956
35474,0.001911,172.31.47.0-255,66,126798,82,330956
35475,0.001929,172.217.194.0-255,4320,131118,82,330956
35476,0.001932,172.31.47.0-255,66,131184,82,330956
35477,0.00197,172.217.194.0-255,4320,135504,82,330956
35478,0.001972,172.31.47.0-255,66,135570,82,330956
35479,0.001996,172.217.194.0-255,4320,139890,82,330956
35480,0.001998,172.31.47.0-255,66,139956,82,330956
35481,0.002011,172.31.47.0-255,66,140022,82,330956
35482,0.004038,172.217.194.0-255,2902,142924,82,330956
35483,0.004041,172.31.47.0-255,66,142990,82,330956
35484,0.004057,172.217.194.0-255,2902,145892,82,330956
35485,0.004059,172.31.47.0-255,66,145958,82,330956
35486,0.006043,172.217.194.0-255,2902,148860,82,330956
35487,0.00605,172.31.47.0-255,66,148926,82,330956
35488,0.006064,172.217.194.0-255,2902,151828,82,330956
35489,0.006067,172.31.47.0-255,66,151894,82,330956
35490,0.008059,172.217.194.0-255,2902,154796,82,330956
35491,0.008065,172.31.47.0-255,66,154862,82,330956
35492,0.008086,172.217.194.0-255,2902,157764,82,330956
35493,0.008089,172.31.47.0-255,66,157830,82,330956
35494,0.010068,172.217.194.0-255,2902,160732,82,330956
35495,0.010073,172.31.47.0-255,66,160798,82,330956
35496,0.010093,172.217.194.0-255,2902,163700,82,330956
35497,0.010095,172.31.47.0-255,66,163766,82,330956
35498,0.012108,172.217.194.0-255,5738,169504,82,330956
35499,0.01212,172.31.47.0-255,66,169570,82,330956
35500,0.014156,172.217.194.0-255,5738,175308,82,330956
35501,0.014165,172.31.47.0-255,66,175374,82,330956
35502,0.016213,172.217.194.0-255,5738,181112,82,330956
35503,0.01622,172.31.47.0-255,66,181178,82,330956
35504,0.01825,172.217.194.0-255,5738,186916,82,330956
35505,0.018257,172.31.47.0-255,66,186982,82,330956
35506,0.0203,172.217.194.0-255,5738,192720,82,330956
35507,0.020306,172.31.47.0-255,66,192786,82,330956
35508,0.022338,172.217.194.0-255,5738,198524,82,330956
35509,0.022343,172.31.47.0-255,66,198590,82,330956
35510,0.024341,172.217.194.0-255,4320,202910,82,330956
35511,0.024346,172.31.47.0-255,66,202976,82,330956
35512,0.024376,172.217.194.0-255,1484,204460,82,330956
35513,0.026378,172.217.194.0-255,2902,207362,82,330956
35514,0.026383,172.31.47.0-255,66,207428,82,330956
35515,0.028385,172.217.194.0-255,5738,213166,82,330956
35516,0.028392,172.31.47.0-255,66,213232,82,330956
35517,0.030413,172.217.194.0-255,5738,218970,82,330956
35518,0.030419,172.31.47.0-255,66,219036,82,330956
35519,0.032435,172.217.194.0-255,5738,224774,82,330956
35520,0.032442,172.31.47.0-255,66,224840,82,330956
35521,0.034461,172.217.194.0-255,5738,230578,82,330956
35522,0.034468,172.31.47.0-255,66,230644,82,330956
35523,0.036473,172.217.194.0-255,5738,236382,82,330956
35524,0.036479,172.31.47.0-255,66,236448,82,330956
35525,0.03851,172.217.194.0-255,5738,242186,82,330956
35526,0.038517,172.31.47.0-255,66,242252,82,330956
35527,0.040364,172.31.47.0-255,171,242423,82,330956
35528,0.040393,172.31.47.0-255,1136,243559,82,330956
35529,0.040429,172.31.47.0-255,1514,245073,82,330956
35530,0.04043,172.31.47.0-255,1263,246336,82,330956
35531,0.040544,172.217.194.0-255,5738,252074,82,330956
35532,0.04055,172.31.47.0-255,66,252140,82,330956
35533,0.041899,104.244.42.0-255,66,252206,82,330956
35534,0.041946,104.244.42.0-255,66,252272,82,330956
35535,0.042004,104.244.42.0-255,66,252338,82,330956
35536,0.042576,172.217.194.0-255,5738,258076,82,330956
35537,0.042582,172.31.47.0-255,66,258142,82,330956
35538,0.04459,172.217.194.0-255,4320,262462,82,330956
35539,0.044597,172.31.47.0-255,66,262528,82,330956
35540,0.044629,172.217.194.0-255,1484,264012,82,330956
35541,0.046625,172.217.194.0-255,4320,268332,82,330956
35542,0.046632,172.31.47.0-255,66,268398,82,330956
35543,0.04863,172.217.194.0-255,5738,274136,82,330956
35544,0.048636,172.31.47.0-255,66,274202,82,330956
35545,0.050646,172.217.194.0-255,5738,279940,82,330956
35546,0.050652,172.31.47.0-255,66,280006,82,330956
35547,0.052663,172.217.194.0-255,5738,285744,82,330956
35548,0.052667,172.31.47.0-255,66,285810,82,330956
35549,0.05468,172.217.194.0-255,5738,291548,82,330956
35550,0.054685,172.31.47.0-255,66,291614,82,330956
35551,0.056698,172.217.194.0-255,5738,297352,82,330956
35552,0.056702,172.31.47.0-255,66,297418,82,330956
35553,0.058725,172.217.194.0-255,4320,301738,82,330956
35554,0.05873,172.31.47.0-255,66,301804,82,330956
35555,0.058763,172.217.194.0-255,1484,303288,82,330956
35556,0.06076,172.217.194.0-255,4320,307608,82,330956
35557,0.060765,172.31.47.0-255,66,307674,82,330956
35558,0.062776,172.217.194.0-255,5738,313412,82,330956
35559,0.062781,172.31.47.0-255,66,313478,82,330956
35560,0.064816,172.217.194.0-255,5738,319216,82,330956
35561,0.064821,172.31.47.0-255,66,319282,82,330956
35562,0.066833,172.217.194.0-255,5738,325020,82,330956
35563,0.066838,172.31.47.0-255,66,325086,82,330956
35564,0.068844,172.217.194.0-255,4320,329406,82,330956
35565,0.068849,172.31.47.0-255,66,329472,82,330956
35566,0.068877,172.217.194.0-255,1484,330956,82,330956
35567,0.0,172.217.194.0-255,153,153,82,315305
35568,2.9e-05,172.31.47.0-255,66,219,82,315305
35569,3.6e-05,172.217.194.0-255,1484,1703,82,315305
35570,3.9e-05,172.31.47.0-255,66,1769,82,315305
35571,4.4e-05,172.217.194.0-255,2902,4671,82,315305
35572,5.4e-05,172.31.47.0-255,66,4737,82,315305
35573,5.7e-05,172.217.194.0-255,1484,6221,82,315305
35574,6e-05,172.31.47.0-255,66,6287,82,315305
35575,0.000105,172.217.194.0-255,4320,10607,82,315305
35576,0.000108,172.31.47.0-255,66,10673,82,315305
35577,0.000117,172.217.194.0-255,9155,19828,82,315305
35578,0.00012,172.31.47.0-255,66,19894,82,315305
35579,0.000134,172.217.194.0-255,9992,29886,82,315305
35580,0.000137,172.31.47.0-255,66,29952,82,315305
35581,0.00014,172.217.194.0-255,1125,31077,82,315305
35582,0.000143,172.31.47.0-255,66,31143,82,315305
35583,0.000193,172.217.194.0-255,1484,32627,82,315305
35584,0.000197,172.31.47.0-255,66,32693,82,315305
35585,0.000202,172.217.194.0-255,2902,35595,82,315305
35586,0.000204,172.31.47.0-255,66,35661,82,315305
35587,0.000217,172.217.194.0-255,5738,41399,82,315305
35588,0.00022,172.31.47.0-255,66,41465,82,315305
35589,0.000226,172.217.194.0-255,5738,47203,82,315305
35590,0.000228,172.31.47.0-255,66,47269,82,315305
35591,0.000264,172.217.194.0-255,9992,57261,82,315305
35592,0.000268,172.31.47.0-255,66,57327,82,315305
35593,0.000286,172.217.194.0-255,2902,60229,82,315305
35594,0.000289,172.31.47.0-255,66,60295,82,315305
35595,0.000296,172.217.194.0-255,5020,65315,82,315305
35596,0.000298,172.31.47.0-255,66,65381,82,315305
35597,0.000301,172.217.194.0-255,409,65790,82,315305
35598,0.000303,172.31.47.0-255,66,65856,82,315305
35599,0.000384,172.217.194.0-255,1484,67340,82,315305
35600,0.000389,172.31.47.0-255,66,67406,82,315305
35601,0.000394,172.217.194.0-255,2902,70308,82,315305
35602,0.000397,172.31.47.0-255,66,70374,82,315305
35603,0.0004,172.217.194.0-255,1484,71858,82,315305
35604,0.000436,172.217.194.0-255,4320,76178,82,315305
35605,0.000441,172.217.194.0-255,2902,79080,82,315305
35606,0.000449,172.31.47.0-255,66,79146,82,315305
35607,0.000458,172.217.194.0-255,8574,87720,82,315305
35608,0.00047,172.31.47.0-255,66,87786,82,315305
35609,0.000496,172.217.194.0-255,9992,97778,82,315305
35610,0.000508,172.31.47.0-255,66,97844,82,315305
35611,0.000532,172.217.194.0-255,9274,107118,82,315305
35612,0.000544,172.31.47.0-255,66,107184,82,315305
35613,0.000558,172.31.47.0-255,66,107250,82,315305
35614,0.000567,172.217.194.0-255,4320,111570,82,315305
35615,0.000577,172.31.47.0-255,66,111636,82,315305
35616,0.000614,172.217.194.0-255,9992,121628,82,315305
35617,0.00062,172.217.194.0-255,2543,124171,82,315305
35618,0.000626,172.31.47.0-255,66,124237,82,315305
35619,0.000649,172.217.194.0-255,1484,125721,82,315305
35620,0.000652,172.217.194.0-255,1484,127205,82,315305
35621,0.000667,172.217.194.0-255,1484,128689,82,315305
35622,0.000667,172.31.47.0-255,66,128755,82,315305
35623,0.000671,172.217.194.0-255,2902,131657,82,315305
35624,0.000686,172.31.47.0-255,66,131723,82,315305
35625,0.000694,172.217.194.0-255,2902,134625,82,315305
35626,0.000703,172.31.47.0-255,66,134691,82,315305
35627,0.000707,172.217.194.0-255,7156,141847,82,315305
35628,0.000721,172.31.47.0-255,66,141913,82,315305
35629,0.000733,172.217.194.0-255,7156,149069,82,315305
35630,0.000738,172.31.47.0-255,66,149135,82,315305
35631,0.000762,172.217.194.0-255,7156,156291,82,315305
35632,0.000767,172.217.194.0-255,2184,158475,82,315305
35633,0.00077,172.31.47.0-255,66,158541,82,315305
35634,0.000775,172.31.47.0-255,66,158607,82,315305
35635,0.00089,172.217.194.0-255,1484,160091,82,315305
35636,0.000896,172.217.194.0-255,2902,162993,82,315305
35637,0.000905,172.31.47.0-255,66,163059,82,315305
35638,0.000916,172.217.194.0-255,5738,168797,82,315305
35639,0.000926,172.217.194.0-255,2902,171699,82,315305
35640,0.000932,172.31.47.0-255,66,171765,82,315305
35641,0.000941,172.217.194.0-255,5738,177503,82,315305
35642,0.000948,172.31.47.0-255,66,177569,82,315305
35643,0.000957,172.217.194.0-255,4320,181889,82,315305
35644,0.000961,172.217.194.0-255,2902,184791,82,315305
35645,0.000961,172.31.47.0-255,66,184857,82,315305
35646,0.000965,172.31.47.0-255,66,184923,82,315305
35647,0.001003,172.217.194.0-255,7856,192779,82,315305
35648,0.001009,172.31.47.0-255,66,192845,82,315305
35649,0.001105,172.217.194.0-255,1484,194329,82,315305
35650,0.001109,172.217.194.0-255,1484,195813,82,315305
35651,0.001115,172.31.47.0-255,66,195879,82,315305
35652,0.001134,172.217.194.0-255,1484,197363,82,315305
35653,0.00114,172.217.194.0-255,5738,203101,82,315305
35654,0.001146,172.217.194.0-255,4320,207421,82,315305
35655,0.00115,172.31.47.0-255,66,207487,82,315305
35656,0.001177,172.217.194.0-255,2902,210389,82,315305
35657,0.001186,172.217.194.0-255,9992,220381,82,315305
35658,0.001187,172.31.47.0-255,66,220447,82,315305
35659,0.001192,172.31.47.0-255,66,220513,82,315305
35660,0.001245,172.217.194.0-255,4320,224833,82,315305
35661,0.00125,172.217.194.0-255,2184,227017,82,315305
35662,0.002083,172.217.194.0-255,1484,228501,82,315305
35663,0.00209,172.217.194.0-255,2902,231403,82,315305
35664,0.002096,172.217.194.0-255,4320,235723,82,315305
35665,0.002114,172.217.194.0-255,1484,237207,82,315305
35666,0.002119,172.217.194.0-255,5738,242945,82,315305
35667,0.002144,172.217.194.0-255,5738,248683,82,315305
35668,0.002173,172.217.194.0-255,766,249449,82,315305
35669,0.00226,172.217.194.0-255,1484,250933,82,315305
35670,0.002276,172.217.194.0-255,2902,253835,82,315305
35671,0.002287,172.217.194.0-255,1484,255319,82,315305
35672,0.002301,172.217.194.0-255,4320,259639,82,315305
35673,0.002323,172.217.194.0-255,7156,266795,82,315305
35674,0.002327,172.217.194.0-255,2902,269697,82,315305
35675,0.002354,172.217.194.0-255,1484,271181,82,315305
35676,0.002369,172.217.194.0-255,6438,277619,82,315305
35677,0.002397,172.217.194.0-255,1484,279103,82,315305
35678,0.002444,172.217.194.0-255,9992,289095,82,315305
35679,0.002451,172.217.194.0-255,7856,296951,82,315305
35680,0.002499,172.217.194.0-255,2902,299853,82,315305
35681,0.002554,172.217.194.0-255,7856,307709,82,315305
35682,0.002595,172.217.194.0-255,2902,310611,82,315305
35683,0.005533,172.31.47.0-255,66,310677,82,315305
35684,0.008294,172.31.47.0-255,105,310782,82,315305
35685,0.010815,172.217.194.0-255,66,310848,82,315305
35686,0.030325,172.31.47.0-255,172,311020,82,315305
35687,0.030356,172.31.47.0-255,1107,312127,82,315305
35688,0.030396,172.31.47.0-255,1514,313641,82,315305
35689,0.030398,172.31.47.0-255,1292,314933,82,315305
35690,0.031854,104.244.42.0-255,66,314999,82,315305
35691,0.031909,104.244.42.0-255,66,315065,82,315305
35692,0.031912,104.244.42.0-255,66,315131,82,315305
35693,0.035218,104.244.42.0-255,108,315239,82,315305
35694,0.035226,172.31.47.0-255,66,315305,82,315305
35695,0.0,74.125.130.0-255,153,153,82,345726
35696,2.7e-05,172.31.47.0-255,66,219,82,345726
35697,3.3e-05,74.125.130.0-255,1484,1703,82,345726
35698,3.8e-05,172.31.47.0-255,66,1769,82,345726
35699,4.3e-05,74.125.130.0-255,2902,4671,82,345726
35700,5.2e-05,172.31.47.0-255,66,4737,82,345726
35701,5.9e-05,74.125.130.0-255,5738,10475,82,345726
35702,6.1e-05,172.31.47.0-255,66,10541,82,345726
35703,0.000101,172.31.47.0-255,66,10607,82,345726
35704,0.000108,74.125.130.0-255,6797,17404,82,345726
35705,0.00011,172.31.47.0-255,66,17470,82,345726
35706,0.000175,74.125.130.0-255,1484,18954,82,345726
35707,0.000179,172.31.47.0-255,66,19020,82,345726
35708,0.000182,74.125.130.0-255,1484,20504,82,345726
35709,0.000184,172.31.47.0-255,66,20570,82,345726
35710,0.000216,74.125.130.0-255,1484,22054,82,345726
35711,0.000219,172.31.47.0-255,66,22120,82,345726
35712,0.000224,74.125.130.0-255,4320,26440,82,345726
35713,0.000226,172.31.47.0-255,66,26506,82,345726
35714,0.000241,74.125.130.0-255,9633,36139,82,345726
35715,0.000244,172.31.47.0-255,66,36205,82,345726
35716,0.000249,74.125.130.0-255,5738,41943,82,345726
35717,0.000252,172.31.47.0-255,66,42009,82,345726
35718,0.000317,74.125.130.0-255,2902,44911,82,345726
35719,0.000322,172.31.47.0-255,66,44977,82,345726
35720,0.00035,74.125.130.0-255,7109,52086,82,345726
35721,0.000353,172.31.47.0-255,66,52152,82,345726
35722,0.000356,74.125.130.0-255,366,52518,82,345726
35723,0.000358,172.31.47.0-255,66,52584,82,345726
35724,0.000455,74.125.130.0-255,1484,54068,82,345726
35725,0.00046,172.31.47.0-255,66,54134,82,345726
35726,0.000464,74.125.130.0-255,2902,57036,82,345726
35727,0.000468,74.125.130.0-255,2902,59938,82,345726
35728,0.000474,172.31.47.0-255,66,60004,82,345726
35729,0.000489,172.31.47.0-255,66,60070,82,345726
35730,0.000494,74.125.130.0-255,2902,62972,82,345726
35731,0.000498,74.125.130.0-255,2902,65874,82,345726
35732,0.000502,172.31.47.0-255,66,65940,82,345726
35733,0.000525,74.125.130.0-255,3961,69901,82,345726
35734,0.00053,172.31.47.0-255,66,69967,82,345726
35735,0.000538,74.125.130.0-255,7156,77123,82,345726
35736,0.000546,172.31.47.0-255,66,77189,82,345726
35737,0.000572,74.125.130.0-255,9083,86272,82,345726
35738,0.000578,172.31.47.0-255,66,86338,82,345726
35739,0.001145,74.125.130.0-255,1484,87822,82,345726
35740,0.001154,74.125.130.0-255,1484,89306,82,345726
35741,0.001158,172.31.47.0-255,66,89372,82,345726
35742,0.00119,74.125.130.0-255,2902,92274,82,345726
35743,0.001196,74.125.130.0-255,5738,98012,82,345726
35744,0.001211,74.125.130.0-255,7156,105168,82,345726
35745,0.001229,74.125.130.0-255,5738,110906,82,345726
35746,0.001235,74.125.130.0-255,5738,116644,82,345726
35747,0.001264,74.125.130.0-255,3602,120246,82,345726
35748,0.001511,74.125.130.0-255,1484,121730,82,345726
35749,0.001517,74.125.130.0-255,1484,123214,82,345726
35750,0.001536,74.125.130.0-255,1484,124698,82,345726
35751,0.001542,74.125.130.0-255,5738,130436,82,345726
35752,0.001546,74.125.130.0-255,1484,131920,82,345726
35753,0.001573,74.125.130.0-255,1484,133404,82,345726
35754,0.001625,74.125.130.0-255,7156,140560,82,345726
35755,0.001643,74.125.130.0-255,2184,142744,82,345726
35756,0.001903,74.125.130.0-255,1484,144228,82,345726
35757,0.00191,74.125.130.0-255,2902,147130,82,345726
35758,0.001934,74.125.130.0-255,4320,151450,82,345726
35759,0.001969,74.125.130.0-255,2902,154352,82,345726
35760,0.001989,74.125.130.0-255,1484,155836,82,345726
35761,0.001994,74.125.130.0-255,5738,161574,82,345726
35762,0.001997,74.125.130.0-255,1484,163058,82,345726
35763,0.002016,74.125.130.0-255,9992,173050,82,345726
35764,0.002019,74.125.130.0-255,1484,174534,82,345726
35765,0.002034,74.125.130.0-255,2184,176718,82,345726
35766,0.0021,74.125.130.0-255,1484,178202,82,345726
35767,0.002103,74.125.130.0-255,1484,179686,82,345726
35768,0.00212,74.125.130.0-255,1484,181170,82,345726
35769,0.002124,74.125.130.0-255,2902,184072,82,345726
35770,0.002129,74.125.130.0-255,2902,186974,82,345726
35771,0.002139,74.125.130.0-255,1484,188458,82,345726
35772,0.002142,74.125.130.0-255,1484,189942,82,345726
35773,0.002156,74.125.130.0-255,7156,197098,82,345726
35774,0.002182,74.125.130.0-255,2902,200000,82,345726
35775,0.002212,74.125.130.0-255,10692,210692,82,345726
35776,0.002269,74.125.130.0-255,2902,213594,82,345726
35777,0.0023,74.125.130.0-255,1484,215078,82,345726
35778,0.002313,74.125.130.0-255,1484,216562,82,345726
35779,0.002326,74.125.130.0-255,5738,222300,82,345726
35780,0.002345,74.125.130.0-255,9992,232292,82,345726
35781,0.002364,74.125.130.0-255,2184,234476,82,345726
35782,0.002368,74.125.130.0-255,4320,238796,82,345726
35783,0.002388,74.125.130.0-255,5738,244534,82,345726
35784,0.002399,74.125.130.0-255,1484,246018,82,345726
35785,0.002412,74.125.130.0-255,2902,248920,82,345726
35786,0.002415,74.125.130.0-255,2902,251822,82,345726
35787,0.002432,74.125.130.0-255,2902,254724,82,345726
35788,0.002436,74.125.130.0-255,2902,257626,82,345726
35789,0.002458,74.125.130.0-255,7156,264782,82,345726
35790,0.00246,74.125.130.0-255,1484,266266,82,345726
35791,0.002474,74.125.130.0-255,2184,268450,82,345726
35792,0.00249,74.125.130.0-255,1484,269934,82,345726
35793,0.002501,74.125.130.0-255,4320,274254,82,345726
35794,0.002504,74.125.130.0-255,1484,275738,82,345726
35795,0.002506,74.125.130.0-255,1484,277222,82,345726
35796,0.002528,74.125.130.0-255,1484,278706,82,345726
35797,0.002534,74.125.130.0-255,5738,284444,82,345726
35798,0.002536,74.125.130.0-255,1484,285928,82,345726
35799,0.002553,74.125.130.0-255,8574,294502,82,345726
35800,0.002555,74.125.130.0-255,1484,295986,82,345726
35801,0.002582,74.125.130.0-255,4320,300306,82,345726
35802,0.002605,74.125.130.0-255,4320,304626,82,345726
35803,0.002619,74.125.130.0-255,766,305392,82,345726
35804,0.002622,74.125.130.0-255,1484,306876,82,345726
35805,0.002634,74.125.130.0-255,4320,311196,82,345726
35806,0.002649,74.125.130.0-255,5738,316934,82,345726
35807,0.002652,74.125.130.0-255,1484,318418,82,345726
35808,0.002658,74.125.130.0-255,5738,324156,82,345726
35809,0.00266,74.125.130.0-255,1484,325640,82,345726
35810,0.002671,74.125.130.0-255,1484,327124,82,345726
35811,0.002688,74.125.130.0-255,4320,331444,82,345726
35812,0.002692,74.125.130.0-255,2902,334346,82,345726
35813,0.002726,74.125.130.0-255,2902,337248,82,345726
35814,0.002745,74.125.130.0-255,3854,341102,82,345726
35815,0.00278,74.125.130.0-255,105,341207,82,345726
35816,0.008675,172.31.47.0-255,66,341273,82,345726
35817,0.011265,172.31.47.0-255,105,341378,82,345726
35818,0.013584,74.125.130.0-255,66,341444,82,345726
35819,0.042955,172.31.47.0-255,171,341615,82,345726
35820,0.042985,172.31.47.0-255,1127,342742,82,345726
35821,0.043018,172.31.47.0-255,1514,344256,82,345726
35822,0.04302,172.31.47.0-255,1272,345528,82,345726
35823,0.044527,104.244.42.0-255,66,345594,82,345726
35824,0.044541,104.244.42.0-255,66,345660,82,345726
35825,0.044587,104.244.42.0-255,66,345726,82,345726
35826,0.0,74.125.200.0-255,153,153,82,392253
35827,2.9e-05,172.31.47.0-255,66,219,82,392253
35828,3.5e-05,74.125.200.0-255,1484,1703,82,392253
35829,3.9e-05,172.31.47.0-255,66,1769,82,392253
35830,4.3e-05,74.125.200.0-255,2902,4671,82,392253
35831,4.6e-05,172.31.47.0-255,66,4737,82,392253
35832,5.2e-05,74.125.200.0-255,5738,10475,82,392253
35833,5.4e-05,172.31.47.0-255,66,10541,82,392253
35834,7.5e-05,74.125.200.0-255,1484,12025,82,392253
35835,7.7e-05,172.31.47.0-255,66,12091,82,392253
35836,8.1e-05,74.125.200.0-255,2091,14182,82,392253
35837,8.3e-05,172.31.47.0-255,66,14248,82,392253
35838,8.7e-05,74.125.200.0-255,2902,17150,82,392253
35839,8.9e-05,172.31.47.0-255,66,17216,82,392253
35840,9.5e-05,74.125.200.0-255,7156,24372,82,392253
35841,9.7e-05,172.31.47.0-255,66,24438,82,392253
35842,0.000136,74.125.200.0-255,4320,28758,82,392253
35843,0.000139,172.31.47.0-255,66,28824,82,392253
35844,0.000156,74.125.200.0-255,2543,31367,82,392253
35845,0.000158,172.31.47.0-255,66,31433,82,392253
35846,0.000213,74.125.200.0-255,1484,32917,82,392253
35847,0.000216,172.31.47.0-255,66,32983,82,392253
35848,0.000236,74.125.200.0-255,2902,35885,82,392253
35849,0.000239,172.31.47.0-255,66,35951,82,392253
35850,0.00027,74.125.200.0-255,5738,41689,82,392253
35851,0.000273,172.31.47.0-255,66,41755,82,392253
35852,0.000304,74.125.200.0-255,2902,44657,82,392253
35853,0.000307,172.31.47.0-255,66,44723,82,392253
35854,0.000329,74.125.200.0-255,3961,48684,82,392253
35855,0.000332,172.31.47.0-255,66,48750,82,392253
35856,0.000335,74.125.200.0-255,2902,51652,82,392253
35857,0.000337,172.31.47.0-255,66,51718,82,392253
35858,0.000341,74.125.200.0-255,4320,56038,82,392253
35859,0.000343,172.31.47.0-255,66,56104,82,392253
35860,0.000368,74.125.200.0-255,1484,57588,82,392253
35861,0.000391,74.125.200.0-255,7156,64744,82,392253
35862,0.000394,172.31.47.0-255,66,64810,82,392253
35863,0.000397,74.125.200.0-255,1398,66208,82,392253
35864,0.000399,74.125.200.0-255,131,66339,82,392253
35865,0.000461,74.125.200.0-255,1484,67823,82,392253
35866,0.000464,172.31.47.0-255,66,67889,82,392253
35867,0.000478,74.125.200.0-255,2902,70791,82,392253
35868,0.000482,172.31.47.0-255,66,70857,82,392253
35869,0.000491,74.125.200.0-255,4320,75177,82,392253
35870,0.000493,172.31.47.0-255,66,75243,82,392253
35871,0.000506,74.125.200.0-255,1484,76727,82,392253
35872,0.000554,74.125.200.0-255,4320,81047,82,392253
35873,0.000557,172.31.47.0-255,66,81113,82,392253
35874,0.000575,74.125.200.0-255,7156,88269,82,392253
35875,0.000577,172.31.47.0-255,66,88335,82,392253
35876,0.000619,74.125.200.0-255,2902,91237,82,392253
35877,0.000623,172.31.47.0-255,66,91303,82,392253
35878,0.000648,74.125.200.0-255,8976,100279,82,392253
35879,0.00065,172.31.47.0-255,66,100345,82,392253
35880,0.00073,74.125.200.0-255,4320,104665,82,392253
35881,0.000733,172.31.47.0-255,66,104731,82,392253
35882,0.00075,74.125.200.0-255,7156,111887,82,392253
35883,0.000753,172.31.47.0-255,66,111953,82,392253
35884,0.000773,74.125.200.0-255,1484,113437,82,392253
35885,0.000778,74.125.200.0-255,4320,117757,82,392253
35886,0.00078,172.31.47.0-255,66,117823,82,392253
35887,0.000823,74.125.200.0-255,5738,123561,82,392253
35888,0.000826,172.31.47.0-255,66,123627,82,392253
35889,0.00084,74.125.200.0-255,2902,126529,82,392253
35890,0.000842,172.31.47.0-255,66,126595,82,392253
35891,0.000855,74.125.200.0-255,4320,130915,82,392253
35892,0.000857,172.31.47.0-255,66,130981,82,392253
35893,0.000874,74.125.200.0-255,3602,134583,82,392253
35894,0.000876,172.31.47.0-255,66,134649,82,392253
35895,0.001063,74.125.200.0-255,1484,136133,82,392253
35896,0.001075,74.125.200.0-255,2902,139035,82,392253
35897,0.001078,172.31.47.0-255,66,139101,82,392253
35898,0.0011,74.125.200.0-255,5738,144839,82,392253
35899,0.001103,172.31.47.0-255,66,144905,82,392253
35900,0.00112,74.125.200.0-255,2902,147807,82,392253
35901,0.001122,172.31.47.0-255,66,147873,82,392253
35902,0.001142,74.125.200.0-255,4320,152193,82,392253
35903,0.001145,172.31.47.0-255,66,152259,82,392253
35904,0.00115,74.125.200.0-255,5738,157997,82,392253
35905,0.001152,172.31.47.0-255,66,158063,82,392253
35906,0.001172,74.125.200.0-255,2902,160965,82,392253
35907,0.001175,172.31.47.0-255,66,161031,82,392253
35908,0.001181,74.125.200.0-255,7856,168887,82,392253
35909,0.001183,172.31.47.0-255,66,168953,82,392253
35910,0.001252,74.125.200.0-255,1484,170437,82,392253
35911,0.001257,74.125.200.0-255,2902,173339,82,392253
35912,0.001259,172.31.47.0-255,66,173405,82,392253
35913,0.001262,74.125.200.0-255,1484,174889,82,392253
35914,0.001279,74.125.200.0-255,1484,176373,82,392253
35915,0.001282,172.31.47.0-255,66,176439,82,392253
35916,0.001288,74.125.200.0-255,4320,180759,82,392253
35917,0.001289,172.31.47.0-255,66,180825,82,392253
35918,0.001313,74.125.200.0-255,4320,185145,82,392253
35919,0.001316,172.31.47.0-255,66,185211,82,392253
35920,0.001335,74.125.200.0-255,4320,189531,82,392253
35921,0.001338,172.31.47.0-255,66,189597,82,392253
35922,0.001341,74.125.200.0-255,2902,192499,82,392253
35923,0.001343,172.31.47.0-255,66,192565,82,392253
35924,0.00139,74.125.200.0-255,2902,195467,82,392253
35925,0.001393,172.31.47.0-255,66,195533,82,392253
35926,0.001409,74.125.200.0-255,7856,203389,82,392253
35927,0.001411,172.31.47.0-255,66,203455,82,392253
35928,0.001464,74.125.200.0-255,1484,204939,82,392253
35929,0.001477,74.125.200.0-255,2902,207841,82,392253
35930,0.001479,172.31.47.0-255,66,207907,82,392253
35931,0.001529,74.125.200.0-255,4320,212227,82,392253
35932,0.001531,172.31.47.0-255,66,212293,82,392253
35933,0.001558,74.125.200.0-255,8574,220867,82,392253
35934,0.001561,172.31.47.0-255,66,220933,82,392253
35935,0.001567,74.125.200.0-255,7156,228089,82,392253
35936,0.001569,172.31.47.0-255,66,228155,82,392253
35937,0.001574,74.125.200.0-255,5738,233893,82,392253
35938,0.001579,172.31.47.0-255,66,233959,82,392253
35939,0.001587,74.125.200.0-255,2902,236861,82,392253
35940,0.00159,172.31.47.0-255,66,236927,82,392253
35941,0.001592,74.125.200.0-255,766,237693,82,392253
35942,0.001662,74.125.200.0-255,1484,239177,82,392253
35943,0.001664,172.31.47.0-255,66,239243,82,392253
35944,0.001669,74.125.200.0-255,2902,242145,82,392253
35945,0.001671,172.31.47.0-255,66,242211,82,392253
35946,0.001673,74.125.200.0-255,1484,243695,82,392253
35947,0.001691,74.125.200.0-255,2902,246597,82,392253
35948,0.001693,172.31.47.0-255,66,246663,82,392253
35949,0.001711,74.125.200.0-255,2902,249565,82,392253
35950,0.001713,172.31.47.0-255,66,249631,82,392253
35951,0.001745,74.125.200.0-255,2902,252533,82,392253
35952,0.001749,172.31.47.0-255,66,252599,82,392253
35953,0.001755,74.125.200.0-255,7156,259755,82,392253
35954,0.001757,172.31.47.0-255,66,259821,82,392253
35955,0.001761,74.125.200.0-255,4320,264141,82,392253
35956,0.001762,172.31.47.0-255,66,264207,82,392253
35957,0.001776,74.125.200.0-255,4320,268527,82,392253
35958,0.001778,172.31.47.0-255,66,268593,82,392253
35959,0.001783,74.125.200.0-255,4320,272913,82,392253
35960,0.001785,172.31.47.0-255,66,272979,82,392253
35961,0.001803,74.125.200.0-255,766,273745,82,392253
35962,0.001818,74.125.200.0-255,5738,279483,82,392253
35963,0.00182,172.31.47.0-255,66,279549,82,392253
35964,0.001866,74.125.200.0-255,4320,283869,82,392253
35965,0.001869,172.31.47.0-255,66,283935,82,392253
35966,0.00189,74.125.200.0-255,1484,285419,82,392253
35967,0.001896,74.125.200.0-255,7156,292575,82,392253
35968,0.001899,172.31.47.0-255,66,292641,82,392253
35969,0.001911,172.31.47.0-255,66,292707,82,392253
35970,0.001931,74.125.200.0-255,1484,294191,82,392253
35971,0.001957,74.125.200.0-255,1484,295675,82,392253
35972,0.00198,74.125.200.0-255,5738,301413,82,392253
35973,0.001993,74.125.200.0-255,7156,308569,82,392253
35974,0.002007,74.125.200.0-255,4320,312889,82,392253
35975,0.002009,74.125.200.0-255,766,313655,82,392253
35976,0.002073,74.125.200.0-255,1484,315139,82,392253
35977,0.002101,74.125.200.0-255,1484,316623,82,392253
35978,0.002115,74.125.200.0-255,1484,318107,82,392253
35979,0.002118,74.125.200.0-255,1484,319591,82,392253
35980,0.002126,74.125.200.0-255,1484,321075,82,392253
35981,0.002131,74.125.200.0-255,4320,325395,82,392253
35982,0.002134,74.125.200.0-255,1484,326879,82,392253
35983,0.002161,74.125.200.0-255,7156,334035,82,392253
35984,0.002168,74.125.200.0-255,5738,339773,82,392253
35985,0.002174,74.125.200.0-255,7156,346929,82,392253
35986,0.002176,74.125.200.0-255,766,347695,82,392253
35987,0.002225,74.125.200.0-255,1484,349179,82,392253
35988,0.002239,74.125.200.0-255,2902,352081,82,392253
35989,0.002258,74.125.200.0-255,4320,356401,82,392253
35990,0.00228,74.125.200.0-255,2902,359303,82,392253
35991,0.006404,172.31.47.0-255,66,359369,82,392253
35992,0.008676,74.125.200.0-255,5738,365107,82,392253
35993,0.008682,172.31.47.0-255,66,365173,82,392253
35994,0.010928,74.125.200.0-255,5738,370911,82,392253
35995,0.010934,172.31.47.0-255,66,370977,82,392253
35996,0.013182,74.125.200.0-255,5738,376715,82,392253
35997,0.013194,172.31.47.0-255,66,376781,82,392253
35998,0.015442,74.125.200.0-255,5738,382519,82,392253
35999,0.01545,172.31.47.0-255,66,382585,82,392253
36000,0.01769,74.125.200.0-255,5149,387734,82,392253
36001,0.017698,172.31.47.0-255,66,387800,82,392253
36002,0.017907,172.31.47.0-255,105,387905,82,392253
36003,0.020113,74.125.200.0-255,66,387971,82,392253
36004,0.026,172.31.47.0-255,171,388142,82,392253
36005,0.026033,172.31.47.0-255,1131,389273,82,392253
36006,0.026073,172.31.47.0-255,1514,390787,82,392253
36007,0.026075,172.31.47.0-255,1268,392055,82,392253
36008,0.027505,104.244.42.0-255,66,392121,82,392253
36009,0.027546,104.244.42.0-255,66,392187,82,392253
36010,0.02758,104.244.42.0-255,66,392253,82,392253
36011,0.0,74.125.24.0-255,153,153,82,319349
36012,2.4e-05,172.31.47.0-255,66,219,82,319349
36013,5.5e-05,74.125.24.0-255,1484,1703,82,319349
36014,5.9e-05,172.31.47.0-255,66,1769,82,319349
36015,6.4e-05,74.125.24.0-255,2902,4671,82,319349
36016,6.8e-05,172.31.47.0-255,66,4737,82,319349
36017,9.5e-05,74.125.24.0-255,5738,10475,82,319349
36018,9.8e-05,172.31.47.0-255,66,10541,82,319349
36019,0.000102,74.125.24.0-255,3466,14007,82,319349
36020,0.000104,172.31.47.0-255,66,14073,82,319349
36021,0.00013,74.125.24.0-255,2902,16975,82,319349
36022,0.000132,172.31.47.0-255,66,17041,82,319349
36023,0.000163,74.125.24.0-255,8574,25615,82,319349
36024,0.000166,172.31.47.0-255,66,25681,82,319349
36025,0.000199,74.125.24.0-255,5379,31060,82,319349
36026,0.000202,172.31.47.0-255,66,31126,82,319349
36027,0.00037,74.125.24.0-255,1484,32610,82,319349
36028,0.000374,172.31.47.0-255,66,32676,82,319349
36029,0.000386,74.125.24.0-255,2902,35578,82,319349
36030,0.000393,172.31.47.0-255,66,35644,82,319349
36031,0.000397,74.125.24.0-255,2902,38546,82,319349
36032,0.000399,172.31.47.0-255,66,38612,82,319349
36033,0.000434,74.125.24.0-255,7156,45768,82,319349
36034,0.000438,172.31.47.0-255,66,45834,82,319349
36035,0.000467,74.125.24.0-255,5379,51213,82,319349
36036,0.00047,172.31.47.0-255,66,51279,82,319349
36037,0.000476,74.125.24.0-255,5738,57017,82,319349
36038,0.000478,172.31.47.0-255,66,57083,82,319349
36039,0.000527,74.125.24.0-255,2902,59985,82,319349
36040,0.00053,172.31.47.0-255,66,60051,82,319349
36041,0.000549,74.125.24.0-255,5959,66010,82,319349
36042,0.000552,172.31.47.0-255,66,66076,82,319349
36043,0.000673,74.125.24.0-255,1484,67560,82,319349
36044,0.000691,74.125.24.0-255,2902,70462,82,319349
36045,0.000694,172.31.47.0-255,66,70528,82,319349
36046,0.000699,74.125.24.0-255,5738,76266,82,319349
36047,0.000701,172.31.47.0-255,66,76332,82,319349
36048,0.00073,74.125.24.0-255,6797,83129,82,319349
36049,0.000732,172.31.47.0-255,66,83195,82,319349
36050,0.000969,74.125.24.0-255,1484,84679,82,319349
36051,0.000989,74.125.24.0-255,2902,87581,82,319349
36052,0.000993,172.31.47.0-255,66,87647,82,319349
36053,0.001025,74.125.24.0-255,5738,93385,82,319349
36054,0.001029,172.31.47.0-255,66,93451,82,319349
36055,0.001053,74.125.24.0-255,7156,100607,82,319349
36056,0.001056,172.31.47.0-255,66,100673,82,319349
36057,0.001062,74.125.24.0-255,4320,104993,82,319349
36058,0.001063,172.31.47.0-255,66,105059,82,319349
36059,0.001089,74.125.24.0-255,9992,115051,82,319349
36060,0.001091,172.31.47.0-255,66,115117,82,319349
36061,0.001115,74.125.24.0-255,2184,117301,82,319349
36062,0.001117,172.31.47.0-255,66,117367,82,319349
36063,0.001195,74.125.24.0-255,1484,118851,82,319349
36064,0.001215,74.125.24.0-255,2902,121753,82,319349
36065,0.001218,172.31.47.0-255,66,121819,82,319349
36066,0.001225,74.125.24.0-255,5738,127557,82,319349
36067,0.001228,172.31.47.0-255,66,127623,82,319349
36068,0.001279,172.31.47.0-255,66,127689,82,319349
36069,0.001282,74.125.24.0-255,1484,129173,82,319349
36070,0.001305,74.125.24.0-255,4320,133493,82,319349
36071,0.001307,172.31.47.0-255,66,133559,82,319349
36072,0.001346,172.31.47.0-255,66,133625,82,319349
36073,0.001353,74.125.24.0-255,9992,143617,82,319349
36074,0.001355,172.31.47.0-255,66,143683,82,319349
36075,0.001381,74.125.24.0-255,1484,145167,82,319349
36076,0.001428,172.31.47.0-255,66,145233,82,319349
36077,0.001441,172.31.47.0-255,66,145299,82,319349
36078,0.001496,172.31.47.0-255,66,145365,82,319349
36079,0.001499,74.125.24.0-255,766,146131,82,319349
36080,0.001611,74.125.24.0-255,1484,147615,82,319349
36081,0.001614,172.31.47.0-255,66,147681,82,319349
36082,0.001617,74.125.24.0-255,1484,149165,82,319349
36083,0.001639,74.125.24.0-255,1484,150649,82,319349
36084,0.001641,172.31.47.0-255,66,150715,82,319349
36085,0.001647,74.125.24.0-255,5738,156453,82,319349
36086,0.001648,172.31.47.0-255,66,156519,82,319349
36087,0.001668,74.125.24.0-255,1484,158003,82,319349
36088,0.001687,74.125.24.0-255,5379,163382,82,319349
36089,0.001689,172.31.47.0-255,66,163448,82,319349
36090,0.001701,74.125.24.0-255,2902,166350,82,319349
36091,0.001707,172.31.47.0-255,66,166416,82,319349
36092,0.001729,74.125.24.0-255,4320,170736,82,319349
36093,0.001731,172.31.47.0-255,66,170802,82,319349
36094,0.001737,74.125.24.0-255,7156,177958,82,319349
36095,0.001739,172.31.47.0-255,66,178024,82,319349
36096,0.001806,74.125.24.0-255,8574,186598,82,319349
36097,0.001809,172.31.47.0-255,66,186664,82,319349
36098,0.001817,74.125.24.0-255,10692,197356,82,319349
36099,0.001819,172.31.47.0-255,66,197422,82,319349
36100,0.001877,74.125.24.0-255,1484,198906,82,319349
36101,0.00188,74.125.24.0-255,1484,200390,82,319349
36102,0.001883,172.31.47.0-255,66,200456,82,319349
36103,0.001903,74.125.24.0-255,1484,201940,82,319349
36104,0.001908,74.125.24.0-255,5738,207678,82,319349
36105,0.00191,172.31.47.0-255,66,207744,82,319349
36106,0.001943,172.31.47.0-255,66,207810,82,319349
36107,0.001977,172.31.47.0-255,66,207876,82,319349
36108,0.002,74.125.24.0-255,1484,209360,82,319349
36109,0.002004,74.125.24.0-255,2902,212262,82,319349
36110,0.002006,172.31.47.0-255,66,212328,82,319349
36111,0.002011,74.125.24.0-255,5738,218066,82,319349
36112,0.002013,172.31.47.0-255,66,218132,82,319349
36113,0.003989,74.125.24.0-255,5738,223870,82,319349
36114,0.003994,172.31.47.0-255,66,223936,82,319349
36115,0.005952,74.125.24.0-255,5738,229674,82,319349
36116,0.005958,172.31.47.0-255,66,229740,82,319349
36117,0.007931,74.125.24.0-255,5738,235478,82,319349
36118,0.007937,172.31.47.0-255,66,235544,82,319349
36119,0.009881,74.125.24.0-255,5738,241282,82,319349
36120,0.009887,172.31.47.0-255,66,241348,82,319349
36121,0.01186,74.125.24.0-255,5738,247086,82,319349
36122,0.011866,172.31.47.0-255,66,247152,82,319349
36123,0.013851,74.125.24.0-255,5738,252890,82,319349
36124,0.013857,172.31.47.0-255,66,252956,82,319349
36125,0.015828,74.125.24.0-255,5738,258694,82,319349
36126,0.015834,172.31.47.0-255,66,258760,82,319349
36127,0.017815,74.125.24.0-255,5738,264498,82,319349
36128,0.017825,172.31.47.0-255,66,264564,82,319349
36129,0.01981,74.125.24.0-255,5738,270302,82,319349
36130,0.019818,172.31.47.0-255,66,270368,82,319349
36131,0.021772,74.125.24.0-255,5738,276106,82,319349
36132,0.021779,172.31.47.0-255,66,276172,82,319349
36133,0.02374,74.125.24.0-255,5738,281910,82,319349
36134,0.023747,172.31.47.0-255,66,281976,82,319349
36135,0.024392,172.31.47.0-255,172,282148,82,319349
36136,0.024421,172.31.47.0-255,1112,283260,82,319349
36137,0.024446,172.31.47.0-255,1514,284774,82,319349
36138,0.024448,172.31.47.0-255,1287,286061,82,319349
36139,0.025709,74.125.24.0-255,5738,291799,82,319349
36140,0.025714,172.31.47.0-255,66,291865,82,319349
36141,0.02594,104.244.42.0-255,66,291931,82,319349
36142,0.025947,104.244.42.0-255,66,291997,82,319349
36143,0.02601,104.244.42.0-255,66,292063,82,319349
36144,0.027689,74.125.24.0-255,5738,297801,82,319349
36145,0.027694,172.31.47.0-255,66,297867,82,319349
36146,0.029658,74.125.24.0-255,5738,303605,82,319349
36147,0.029662,172.31.47.0-255,66,303671,82,319349
36148,0.03165,74.125.24.0-255,1484,305155,82,319349
36149,0.03168,74.125.24.0-255,4320,309475,82,319349
36150,0.031684,172.31.47.0-255,66,309541,82,319349
36151,0.033645,74.125.24.0-255,5738,315279,82,319349
36152,0.03365,172.31.47.0-255,66,315345,82,319349
36153,0.035605,74.125.24.0-255,3767,319112,82,319349
36154,0.035611,172.31.47.0-255,66,319178,82,319349
36155,0.0358,172.31.47.0-255,105,319283,82,319349
36156,0.037729,74.125.24.0-255,66,319349,82,319349
36157,0.0,172.217.194.0-255,153,153,82,331645
36158,3.4e-05,172.31.47.0-255,66,219,82,331645
36159,4.1e-05,172.217.194.0-255,1484,1703,82,331645
36160,4.5e-05,172.31.47.0-255,66,1769,82,331645
36161,5.1e-05,172.217.194.0-255,2902,4671,82,331645
36162,5.5e-05,172.31.47.0-255,66,4737,82,331645
36163,7e-05,172.217.194.0-255,7156,11893,82,331645
36164,7.3e-05,172.31.47.0-255,66,11959,82,331645
36165,8.6e-05,172.217.194.0-255,2148,14107,82,331645
36166,8.8e-05,172.31.47.0-255,66,14173,82,331645
36167,0.00017,172.217.194.0-255,1484,15657,82,331645
36168,0.000175,172.31.47.0-255,66,15723,82,331645
36169,0.000179,172.217.194.0-255,2902,18625,82,331645
36170,0.000182,172.31.47.0-255,66,18691,82,331645
36171,0.000185,172.217.194.0-255,1484,20175,82,331645
36172,0.000186,172.31.47.0-255,66,20241,82,331645
36173,0.000207,172.217.194.0-255,4320,24561,82,331645
36174,0.000211,172.31.47.0-255,66,24627,82,331645
36175,0.000218,172.217.194.0-255,1484,26111,82,331645
36176,0.00022,172.31.47.0-255,66,26177,82,331645
36177,0.000254,172.217.194.0-255,5379,31556,82,331645
36178,0.000262,172.31.47.0-255,66,31622,82,331645
36179,0.000265,172.217.194.0-255,1484,33106,82,331645
36180,0.000267,172.31.47.0-255,66,33172,82,331645
36181,0.000308,172.217.194.0-255,5738,38910,82,331645
36182,0.000312,172.31.47.0-255,66,38976,82,331645
36183,0.00032,172.217.194.0-255,8574,47550,82,331645
36184,0.000323,172.31.47.0-255,66,47616,82,331645
36185,0.000331,172.217.194.0-255,1125,48741,82,331645
36186,0.000333,172.31.47.0-255,66,48807,82,331645
36187,0.000926,172.217.194.0-255,1484,50291,82,331645
36188,0.000931,172.31.47.0-255,66,50357,82,331645
36189,0.000939,172.217.194.0-255,2902,53259,82,331645
36190,0.000941,172.31.47.0-255,66,53325,82,331645
36191,0.000952,172.217.194.0-255,5738,59063,82,331645
36192,0.000955,172.31.47.0-255,66,59129,82,331645
36193,0.000984,172.217.194.0-255,5738,64867,82,331645
36194,0.000987,172.31.47.0-255,66,64933,82,331645
36195,0.001012,172.217.194.0-255,1706,66639,82,331645
36196,0.001015,172.31.47.0-255,66,66705,82,331645
36197,0.001045,172.217.194.0-255,1484,68189,82,331645
36198,0.001056,172.217.194.0-255,1484,69673,82,331645
36199,0.001059,172.31.47.0-255,66,69739,82,331645
36200,0.001083,172.217.194.0-255,1484,71223,82,331645
36201,0.001089,172.217.194.0-255,5738,76961,82,331645
36202,0.001092,172.31.47.0-255,66,77027,82,331645
36203,0.001123,172.217.194.0-255,5738,82765,82,331645
36204,0.001126,172.31.47.0-255,66,82831,82,331645
36205,0.001156,172.217.194.0-255,7156,89987,82,331645
36206,0.001159,172.31.47.0-255,66,90053,82,331645
36207,0.001169,172.217.194.0-255,10692,100745,82,331645
36208,0.001176,172.31.47.0-255,66,100811,82,331645
36209,0.001308,172.217.194.0-255,1484,102295,82,331645
36210,0.001315,172.217.194.0-255,2902,105197,82,331645
36211,0.001318,172.31.47.0-255,66,105263,82,331645
36212,0.001344,172.217.194.0-255,5738,111001,82,331645
36213,0.001347,172.31.47.0-255,66,111067,82,331645
36214,0.00138,172.217.194.0-255,2902,113969,82,331645
36215,0.001383,172.31.47.0-255,66,114035,82,331645
36216,0.00141,172.217.194.0-255,4320,118355,82,331645
36217,0.001412,172.31.47.0-255,66,118421,82,331645
36218,0.001429,172.31.47.0-255,66,118487,82,331645
36219,0.001434,172.217.194.0-255,2184,120671,82,331645
36220,0.001436,172.31.47.0-255,66,120737,82,331645
36221,0.00156,172.217.194.0-255,1484,122221,82,331645
36222,0.00157,172.217.194.0-255,1484,123705,82,331645
36223,0.001574,172.31.47.0-255,66,123771,82,331645
36224,0.001594,172.217.194.0-255,1484,125255,82,331645
36225,0.001601,172.217.194.0-255,5738,130993,82,331645
36226,0.001603,172.31.47.0-255,66,131059,82,331645
36227,0.001609,172.217.194.0-255,5738,136797,82,331645
36228,0.001611,172.31.47.0-255,66,136863,82,331645
36229,0.001619,172.217.194.0-255,2902,139765,82,331645
36230,0.001621,172.31.47.0-255,66,139831,82,331645
36231,0.001659,172.217.194.0-255,9992,149823,82,331645
36232,0.001661,172.31.47.0-255,66,149889,82,331645
36233,0.001666,172.217.194.0-255,2902,152791,82,331645
36234,0.001667,172.31.47.0-255,66,152857,82,331645
36235,0.001695,172.217.194.0-255,2184,155041,82,331645
36236,0.001698,172.31.47.0-255,66,155107,82,331645
36237,0.002164,172.217.194.0-255,1484,156591,82,331645
36238,0.002181,172.217.194.0-255,2902,159493,82,331645
36239,0.002184,172.31.47.0-255,66,159559,82,331645
36240,0.002229,172.217.194.0-255,1484,161043,82,331645
36241,0.002243,172.217.194.0-255,4320,165363,82,331645
36242,0.002245,172.31.47.0-255,66,165429,82,331645
36243,0.002262,172.31.47.0-255,66,165495,82,331645
36244,0.00227,172.217.194.0-255,9992,175487,82,331645
36245,0.002273,172.31.47.0-255,66,175553,82,331645
36246,0.002299,172.217.194.0-255,766,176319,82,331645
36247,0.004563,172.31.47.0-255,66,176385,82,331645
36248,0.004816,172.217.194.0-255,4320,180705,82,331645
36249,0.004821,172.31.47.0-255,66,180771,82,331645
36250,0.007107,172.217.194.0-255,1484,182255,82,331645
36251,0.007379,172.217.194.0-255,4320,186575,82,331645
36252,0.007384,172.31.47.0-255,66,186641,82,331645
36253,0.009946,172.217.194.0-255,5738,192379,82,331645
36254,0.009956,172.31.47.0-255,66,192445,82,331645
36255,0.012505,172.217.194.0-255,5738,198183,82,331645
36256,0.01252,172.31.47.0-255,66,198249,82,331645
36257,0.015071,172.217.194.0-255,5738,203987,82,331645
36258,0.01509,172.31.47.0-255,66,204053,82,331645
36259,0.017628,172.217.194.0-255,5738,209791,82,331645
36260,0.017639,172.31.47.0-255,66,209857,82,331645
36261,0.020191,172.217.194.0-255,5738,215595,82,331645
36262,0.020203,172.31.47.0-255,66,215661,82,331645
36263,0.022734,172.217.194.0-255,5738,221399,82,331645
36264,0.022741,172.31.47.0-255,66,221465,82,331645
36265,0.025294,172.217.194.0-255,5738,227203,82,331645
36266,0.025306,172.31.47.0-255,66,227269,82,331645
36267,0.027883,172.217.194.0-255,5738,233007,82,331645
36268,0.027909,172.31.47.0-255,66,233073,82,331645
36269,0.030479,172.217.194.0-255,5738,238811,82,331645
36270,0.030498,172.31.47.0-255,66,238877,82,331645
36271,0.033108,172.217.194.0-255,5738,244615,82,331645
36272,0.033132,172.31.47.0-255,66,244681,82,331645
36273,0.035385,172.31.47.0-255,172,244853,82,331645
36274,0.035421,172.31.47.0-255,1103,245956,82,331645
36275,0.035464,172.31.47.0-255,1514,247470,82,331645
36276,0.035466,172.31.47.0-255,1514,248984,82,331645
36277,0.035489,172.31.47.0-255,703,249687,82,331645
36278,0.035673,172.217.194.0-255,2902,252589,82,331645
36279,0.035682,172.31.47.0-255,66,252655,82,331645
36280,0.035719,172.217.194.0-255,2902,255557,82,331645
36281,0.035724,172.31.47.0-255,66,255623,82,331645
36282,0.036962,104.244.42.0-255,66,255689,82,331645
36283,0.036981,104.244.42.0-255,66,255755,82,331645
36284,0.037057,104.244.42.0-255,66,255821,82,331645
36285,0.037063,104.244.42.0-255,66,255887,82,331645
36286,0.0379,104.244.42.0-255,108,255995,82,331645
36287,0.037916,172.31.47.0-255,66,256061,82,331645
36288,0.038212,172.217.194.0-255,2902,258963,82,331645
36289,0.038218,172.31.47.0-255,66,259029,82,331645
36290,0.03825,172.217.194.0-255,2902,261931,82,331645
36291,0.038253,172.31.47.0-255,66,261997,82,331645
36292,0.04081,172.217.194.0-255,5738,267735,82,331645
36293,0.04083,172.31.47.0-255,66,267801,82,331645
36294,0.043426,172.217.194.0-255,5738,273539,82,331645
36295,0.043472,172.31.47.0-255,66,273605,82,331645
36296,0.04607,172.217.194.0-255,5738,279343,82,331645
36297,0.046096,172.31.47.0-255,66,279409,82,331645
36298,0.048701,172.217.194.0-255,5738,285147,82,331645
36299,0.048726,172.31.47.0-255,66,285213,82,331645
36300,0.051348,172.217.194.0-255,5738,290951,82,331645
36301,0.051364,172.31.47.0-255,66,291017,82,331645
36302,0.053935,172.217.194.0-255,5738,296755,82,331645
36303,0.053957,172.31.47.0-255,66,296821,82,331645
36304,0.056529,172.217.194.0-255,5738,302559,82,331645
36305,0.056549,172.31.47.0-255,66,302625,82,331645
36306,0.059124,172.217.194.0-255,5738,308363,82,331645
36307,0.059146,172.31.47.0-255,66,308429,82,331645
36308,0.06171,172.217.194.0-255,5738,314167,82,331645
36309,0.061725,172.31.47.0-255,66,314233,82,331645
36310,0.064257,172.217.194.0-255,5738,319971,82,331645
36311,0.064272,172.31.47.0-255,66,320037,82,331645
36312,0.066829,172.217.194.0-255,5738,325775,82,331645
36313,0.066844,172.31.47.0-255,66,325841,82,331645
36314,0.06942,172.217.194.0-255,5738,331579,82,331645
36315,0.069434,172.31.47.0-255,66,331645,82,331645
36316,0.0,172.31.47.0-255,105,105,82,276
36317,0.001982,157.240.13.0-255,105,210,82,276
36318,0.001993,172.31.47.0-255,66,276,82,276
36319,0.0,172.217.194.0-255,291,291,82,220599
36320,3.4e-05,172.31.47.0-255,66,357,82,220599
36321,4e-05,172.217.194.0-255,1484,1841,82,220599
36322,4.4e-05,172.31.47.0-255,66,1907,82,220599
36323,5e-05,172.217.194.0-255,4320,6227,82,220599
36324,5.3e-05,172.31.47.0-255,66,6293,82,220599
36325,0.000125,172.217.194.0-255,4320,10613,82,220599
36326,0.000129,172.31.47.0-255,66,10679,82,220599
36327,0.000154,172.217.194.0-255,3346,14025,82,220599
36328,0.000157,172.31.47.0-255,66,14091,82,220599
36329,0.000305,172.217.194.0-255,4320,18411,82,220599
36330,0.000311,172.31.47.0-255,66,18477,82,220599
36331,0.000339,172.217.194.0-255,4320,22797,82,220599
36332,0.000342,172.31.47.0-255,66,22863,82,220599
36333,0.00051,172.217.194.0-255,8215,31078,82,220599
36334,0.000515,172.31.47.0-255,66,31144,82,220599
36335,0.000713,172.217.194.0-255,8574,39718,82,220599
36336,0.000718,172.31.47.0-255,66,39784,82,220599
36337,0.000892,172.217.194.0-255,1484,41268,82,220599
36338,0.000897,172.31.47.0-255,66,41334,82,220599
36339,0.00094,172.31.47.0-255,66,41400,82,220599
36340,0.001328,172.217.194.0-255,7088,48488,82,220599
36341,0.001336,172.31.47.0-255,66,48554,82,220599
36342,0.001475,172.217.194.0-255,365,48919,82,220599
36343,0.00148,172.31.47.0-255,66,48985,82,220599
36344,0.001507,172.217.194.0-255,5738,54723,82,220599
36345,0.001511,172.31.47.0-255,66,54789,82,220599
36346,0.001538,172.217.194.0-255,4320,59109,82,220599
36347,0.001544,172.31.47.0-255,66,59175,82,220599
36348,0.001719,172.217.194.0-255,2902,62077,82,220599
36349,0.001722,172.31.47.0-255,66,62143,82,220599
36350,0.002206,172.217.194.0-255,4320,66463,82,220599
36351,0.003161,172.217.194.0-255,7156,73619,82,220599
36352,0.004843,172.31.47.0-255,66,73685,82,220599
36353,0.007197,172.217.194.0-255,4320,78005,82,220599
36354,0.007203,172.31.47.0-255,66,78071,82,220599
36355,0.007232,172.217.194.0-255,1484,79555,82,220599
36356,0.009569,172.217.194.0-255,4320,83875,82,220599
36357,0.009583,172.31.47.0-255,66,83941,82,220599
36358,0.011962,172.217.194.0-255,5738,89679,82,220599
36359,0.012018,172.31.47.0-255,66,89745,82,220599
36360,0.014368,172.217.194.0-255,5738,95483,82,220599
36361,0.014386,172.31.47.0-255,66,95549,82,220599
36362,0.01675,172.217.194.0-255,5738,101287,82,220599
36363,0.016769,172.31.47.0-255,66,101353,82,220599
36364,0.019111,172.217.194.0-255,5738,107091,82,220599
36365,0.019127,172.31.47.0-255,66,107157,82,220599
36366,0.021472,172.217.194.0-255,5738,112895,82,220599
36367,0.021487,172.31.47.0-255,66,112961,82,220599
36368,0.023857,172.217.194.0-255,5738,118699,82,220599
36369,0.023875,172.31.47.0-255,66,118765,82,220599
36370,0.026254,172.217.194.0-255,5738,124503,82,220599
36371,0.026272,172.31.47.0-255,66,124569,82,220599
36372,0.027889,172.31.47.0-255,172,124741,82,220599
36373,0.028626,172.217.194.0-255,5738,130479,82,220599
36374,0.028637,172.31.47.0-255,66,130545,82,220599
36375,0.029427,104.244.42.0-255,66,130611,82,220599
36376,0.030998,172.217.194.0-255,5738,136349,82,220599
36377,0.035584,172.31.47.0-255,1103,137452,82,220599
36378,0.035723,172.31.47.0-255,1514,138966,82,220599
36379,0.035725,172.31.47.0-255,1514,140480,82,220599
36380,0.035731,172.31.47.0-255,1514,141994,82,220599
36381,0.035732,172.31.47.0-255,1075,143069,82,220599
36382,0.035765,172.31.47.0-255,66,143135,82,220599
36383,0.037171,104.244.42.0-255,66,143201,82,220599
36384,0.037314,104.244.42.0-255,66,143267,82,220599
36385,0.03732,104.244.42.0-255,66,143333,82,220599
36386,0.038132,172.217.194.0-255,5738,149071,82,220599
36387,0.038145,172.31.47.0-255,66,149137,82,220599
36388,0.040512,172.217.194.0-255,5738,154875,82,220599
36389,0.040534,172.31.47.0-255,66,154941,82,220599
36390,0.042916,172.217.194.0-255,5738,160679,82,220599
36391,0.042939,172.31.47.0-255,66,160745,82,220599
36392,0.045298,172.217.194.0-255,5738,166483,82,220599
36393,0.045317,172.31.47.0-255,66,166549,82,220599
36394,0.047674,172.217.194.0-255,5738,172287,82,220599
36395,0.047694,172.31.47.0-255,66,172353,82,220599
36396,0.050039,172.217.194.0-255,5738,178091,82,220599
36397,0.05005,172.31.47.0-255,66,178157,82,220599
36398,0.052393,172.217.194.0-255,4320,182477,82,220599
36399,0.052398,172.31.47.0-255,66,182543,82,220599
36400,0.05242,172.217.194.0-255,1484,184027,82,220599
36401,0.054716,172.217.194.0-255,2902,186929,82,220599
36402,0.05472,172.31.47.0-255,66,186995,82,220599
36403,0.054746,172.217.194.0-255,1484,188479,82,220599
36404,0.057076,172.217.194.0-255,4320,192799,82,220599
36405,0.057122,172.31.47.0-255,66,192865,82,220599
36406,0.059487,172.217.194.0-255,5738,198603,82,220599
36407,0.059535,172.31.47.0-255,66,198669,82,220599
36408,0.061867,172.217.194.0-255,5738,204407,82,220599
36409,0.061872,172.31.47.0-255,66,204473,82,220599
36410,0.064213,172.217.194.0-255,4320,208793,82,220599
36411,0.064218,172.31.47.0-255,66,208859,82,220599
36412,0.064249,172.217.194.0-255,1484,210343,82,220599
36413,0.066553,172.217.194.0-255,4320,214663,82,220599
36414,0.066558,172.31.47.0-255,66,214729,82,220599
36415,0.068894,172.217.194.0-255,1484,216213,82,220599
36416,0.068925,172.217.194.0-255,4320,220533,82,220599
36417,0.068945,172.31.47.0-255,66,220599,82,220599
36418,0.0,74.125.24.0-255,153,153,82,283481
36419,3.2e-05,172.31.47.0-255,66,219,82,283481
36420,4e-05,74.125.24.0-255,1484,1703,82,283481
36421,4.4e-05,172.31.47.0-255,66,1769,82,283481
36422,4.8e-05,74.125.24.0-255,2902,4671,82,283481
36423,5.9e-05,172.31.47.0-255,66,4737,82,283481
36424,6.7e-05,74.125.24.0-255,7156,11893,82,283481
36425,6.9e-05,172.31.47.0-255,66,11959,82,283481
36426,0.00012,74.125.24.0-255,2218,14177,82,283481
36427,0.000123,172.31.47.0-255,66,14243,82,283481
36428,0.000177,74.125.24.0-255,1484,15727,82,283481
36429,0.000179,172.31.47.0-255,66,15793,82,283481
36430,0.000184,74.125.24.0-255,2902,18695,82,283481
36431,0.000186,172.31.47.0-255,66,18761,82,283481
36432,0.000221,74.125.24.0-255,5738,24499,82,283481
36433,0.000225,172.31.47.0-255,66,24565,82,283481
36434,0.000232,74.125.24.0-255,5738,30303,82,283481
36435,0.000234,172.31.47.0-255,66,30369,82,283481
36436,0.000256,74.125.24.0-255,1125,31494,82,283481
36437,0.000259,172.31.47.0-255,66,31560,82,283481
36438,0.000377,74.125.24.0-255,1484,33044,82,283481
36439,0.000381,172.31.47.0-255,66,33110,82,283481
36440,0.000387,74.125.24.0-255,2902,36012,82,283481
36441,0.00039,172.31.47.0-255,66,36078,82,283481
36442,0.000403,74.125.24.0-255,5738,41816,82,283481
36443,0.000405,172.31.47.0-255,66,41882,82,283481
36444,0.000435,74.125.24.0-255,6797,48679,82,283481
36445,0.000441,172.31.47.0-255,66,48745,82,283481
36446,0.000512,74.125.24.0-255,1484,50229,82,283481
36447,0.000515,172.31.47.0-255,66,50295,82,283481
36448,0.00052,74.125.24.0-255,2902,53197,82,283481
36449,0.000523,172.31.47.0-255,66,53263,82,283481
36450,0.000527,74.125.24.0-255,2902,56165,82,283481
36451,0.000535,172.31.47.0-255,66,56231,82,283481
36452,0.00056,74.125.24.0-255,2902,59133,82,283481
36453,0.000563,172.31.47.0-255,66,59199,82,283481
36454,0.000587,74.125.24.0-255,6797,65996,82,283481
36455,0.00059,172.31.47.0-255,66,66062,82,283481
36456,0.000653,74.125.24.0-255,648,66710,82,283481
36457,0.000845,172.31.47.0-255,66,66776,82,283481
36458,0.000973,74.125.24.0-255,1484,68260,82,283481
36459,0.000991,74.125.24.0-255,2902,71162,82,283481
36460,0.000995,172.31.47.0-255,66,71228,82,283481
36461,0.001024,74.125.24.0-255,5738,76966,82,283481
36462,0.001028,172.31.47.0-255,66,77032,82,283481
36463,0.001036,74.125.24.0-255,7156,84188,82,283481
36464,0.001038,172.31.47.0-255,66,84254,82,283481
36465,0.001075,74.125.24.0-255,2902,87156,82,283481
36466,0.001078,172.31.47.0-255,66,87222,82,283481
36467,0.001091,172.31.47.0-255,66,87288,82,283481
36468,0.001095,74.125.24.0-255,2184,89472,82,283481
36469,0.001097,172.31.47.0-255,66,89538,82,283481
36470,0.001634,74.125.24.0-255,1484,91022,82,283481
36471,0.001642,74.125.24.0-255,2902,93924,82,283481
36472,0.001646,172.31.47.0-255,66,93990,82,283481
36473,0.001665,74.125.24.0-255,5738,99728,82,283481
36474,0.001667,172.31.47.0-255,66,99794,82,283481
36475,0.001689,74.125.24.0-255,1484,101278,82,283481
36476,0.001714,172.31.47.0-255,66,101344,82,283481
36477,0.001744,74.125.24.0-255,4320,105664,82,283481
36478,0.001746,172.31.47.0-255,66,105730,82,283481
36479,0.001773,74.125.24.0-255,6438,112168,82,283481
36480,0.001776,172.31.47.0-255,66,112234,82,283481
36481,0.004056,74.125.24.0-255,5738,117972,82,283481
36482,0.004061,172.31.47.0-255,66,118038,82,283481
36483,0.006348,74.125.24.0-255,5738,123776,82,283481
36484,0.006351,172.31.47.0-255,66,123842,82,283481
36485,0.008625,74.125.24.0-255,5738,129580,82,283481
36486,0.008631,172.31.47.0-255,66,129646,82,283481
36487,0.010906,74.125.24.0-255,5738,135384,82,283481
36488,0.010913,172.31.47.0-255,66,135450,82,283481
36489,0.013205,74.125.24.0-255,5738,141188,82,283481
36490,0.013213,172.31.47.0-255,66,141254,82,283481
36491,0.015514,74.125.24.0-255,5738,146992,82,283481
36492,0.015521,172.31.47.0-255,66,147058,82,283481
36493,0.017795,74.125.24.0-255,5738,152796,82,283481
36494,0.017801,172.31.47.0-255,66,152862,82,283481
36495,0.020138,74.125.24.0-255,5738,158600,82,283481
36496,0.020146,172.31.47.0-255,66,158666,82,283481
36497,0.022428,74.125.24.0-255,5738,164404,82,283481
36498,0.022436,172.31.47.0-255,66,164470,82,283481
36499,0.024727,74.125.24.0-255,5738,170208,82,283481
36500,0.024733,172.31.47.0-255,66,170274,82,283481
36501,0.02533,172.31.47.0-255,172,170446,82,283481
36502,0.025359,172.31.47.0-255,1107,171553,82,283481
36503,0.025386,172.31.47.0-255,1514,173067,82,283481
36504,0.025387,172.31.47.0-255,1292,174359,82,283481
36505,0.026813,104.244.42.0-255,66,174425,82,283481
36506,0.026842,104.244.42.0-255,66,174491,82,283481
36507,0.026891,104.244.42.0-255,66,174557,82,283481
36508,0.02704,74.125.24.0-255,5738,180295,82,283481
36509,0.027045,172.31.47.0-255,66,180361,82,283481
36510,0.029319,74.125.24.0-255,5738,186099,82,283481
36511,0.029325,172.31.47.0-255,66,186165,82,283481
36512,0.031595,74.125.24.0-255,5738,191903,82,283481
36513,0.031602,172.31.47.0-255,66,191969,82,283481
36514,0.033882,74.125.24.0-255,5738,197707,82,283481
36515,0.033887,172.31.47.0-255,66,197773,82,283481
36516,0.036175,74.125.24.0-255,5738,203511,82,283481
36517,0.03618,172.31.47.0-255,66,203577,82,283481
36518,0.03844,74.125.24.0-255,5738,209315,82,283481
36519,0.038459,172.31.47.0-255,66,209381,82,283481
36520,0.040723,74.125.24.0-255,5738,215119,82,283481
36521,0.040728,172.31.47.0-255,66,215185,82,283481
36522,0.043005,74.125.24.0-255,5738,220923,82,283481
36523,0.04301,172.31.47.0-255,66,220989,82,283481
36524,0.045264,74.125.24.0-255,5738,226727,82,283481
36525,0.045269,172.31.47.0-255,66,226793,82,283481
36526,0.047547,74.125.24.0-255,5738,232531,82,283481
36527,0.047553,172.31.47.0-255,66,232597,82,283481
36528,0.049827,74.125.24.0-255,5738,238335,82,283481
36529,0.049834,172.31.47.0-255,66,238401,82,283481
36530,0.052113,74.125.24.0-255,5738,244139,82,283481
36531,0.052122,172.31.47.0-255,66,244205,82,283481
36532,0.054421,74.125.24.0-255,5738,249943,82,283481
36533,0.054426,172.31.47.0-255,66,250009,82,283481
36534,0.056711,74.125.24.0-255,5738,255747,82,283481
36535,0.056716,172.31.47.0-255,66,255813,82,283481
36536,0.058995,74.125.24.0-255,5738,261551,82,283481
36537,0.059,172.31.47.0-255,66,261617,82,283481
36538,0.061283,74.125.24.0-255,4320,265937,82,283481
36539,0.061288,172.31.47.0-255,66,266003,82,283481
36540,0.061315,74.125.24.0-255,1484,267487,82,283481
36541,0.063563,74.125.24.0-255,4320,271807,82,283481
36542,0.063569,172.31.47.0-255,66,271873,82,283481
36543,0.065871,74.125.24.0-255,5738,277611,82,283481
36544,0.065878,172.31.47.0-255,66,277677,82,283481
36545,0.068141,74.125.24.0-255,5738,283415,82,283481
36546,0.068147,172.31.47.0-255,66,283481,82,283481
36547,0.0,172.31.47.0-255,105,105,82,276
36548,0.001788,157.240.13.0-255,105,210,82,276
36549,0.001798,172.31.47.0-255,66,276,82,276
36550,0.0,74.125.68.0-255,153,153,82,256891
36551,3.6e-05,172.31.47.0-255,66,219,82,256891
36552,4.3e-05,74.125.68.0-255,1484,1703,82,256891
36553,4.6e-05,172.31.47.0-255,66,1769,82,256891
36554,5e-05,74.125.68.0-255,2902,4671,82,256891
36555,5.2e-05,172.31.47.0-255,66,4737,82,256891
36556,6.5e-05,74.125.68.0-255,7156,11893,82,256891
36557,6.8e-05,172.31.47.0-255,66,11959,82,256891
36558,8.2e-05,172.31.47.0-255,66,12025,82,256891
36559,8.5e-05,74.125.68.0-255,2543,14568,82,256891
36560,8.8e-05,172.31.47.0-255,66,14634,82,256891
36561,0.000195,74.125.68.0-255,1484,16118,82,256891
36562,0.000199,172.31.47.0-255,66,16184,82,256891
36563,0.000204,74.125.68.0-255,2902,19086,82,256891
36564,0.000206,172.31.47.0-255,66,19152,82,256891
36565,0.000216,74.125.68.0-255,5738,24890,82,256891
36566,0.000218,172.31.47.0-255,66,24956,82,256891
36567,0.000254,74.125.68.0-255,6797,31753,82,256891
36568,0.000258,172.31.47.0-255,66,31819,82,256891
36569,0.000262,74.125.68.0-255,4320,36139,82,256891
36570,0.000264,172.31.47.0-255,66,36205,82,256891
36571,0.0003,74.125.68.0-255,2902,39107,82,256891
36572,0.000304,172.31.47.0-255,66,39173,82,256891
36573,0.000307,74.125.68.0-255,1484,40657,82,256891
36574,0.000308,172.31.47.0-255,66,40723,82,256891
36575,0.000312,74.125.68.0-255,2902,43625,82,256891
36576,0.000314,172.31.47.0-255,66,43691,82,256891
36577,0.000319,74.125.68.0-255,5650,49341,82,256891
36578,0.000321,172.31.47.0-255,66,49407,82,256891
36579,0.000358,74.125.68.0-255,129,49536,82,256891
36580,0.00036,172.31.47.0-255,66,49602,82,256891
36581,0.000363,74.125.68.0-255,352,49954,82,256891
36582,0.000562,74.125.68.0-255,1484,51438,82,256891
36583,0.000566,172.31.47.0-255,66,51504,82,256891
36584,0.000569,74.125.68.0-255,1484,52988,82,256891
36585,0.000588,74.125.68.0-255,1484,54472,82,256891
36586,0.000591,172.31.47.0-255,66,54538,82,256891
36587,0.000613,74.125.68.0-255,1484,56022,82,256891
36588,0.000619,74.125.68.0-255,5738,61760,82,256891
36589,0.000624,172.31.47.0-255,66,61826,82,256891
36590,0.000646,74.125.68.0-255,1484,63310,82,256891
36591,0.000658,74.125.68.0-255,2902,66212,82,256891
36592,0.00066,172.31.47.0-255,66,66278,82,256891
36593,0.000686,74.125.68.0-255,5738,72016,82,256891
36594,0.000689,172.31.47.0-255,66,72082,82,256891
36595,0.000711,74.125.68.0-255,4320,76402,82,256891
36596,0.000713,172.31.47.0-255,66,76468,82,256891
36597,0.000731,74.125.68.0-255,2902,79370,82,256891
36598,0.000733,172.31.47.0-255,66,79436,82,256891
36599,0.000738,74.125.68.0-255,5020,84456,82,256891
36600,0.00074,172.31.47.0-255,66,84522,82,256891
36601,0.003705,74.125.68.0-255,1484,86006,82,256891
36602,0.003714,74.125.68.0-255,1484,87490,82,256891
36603,0.003718,172.31.47.0-255,66,87556,82,256891
36604,0.003723,74.125.68.0-255,2902,90458,82,256891
36605,0.003725,172.31.47.0-255,66,90524,82,256891
36606,0.005975,74.125.68.0-255,4320,94844,82,256891
36607,0.00598,172.31.47.0-255,66,94910,82,256891
36608,0.005998,74.125.68.0-255,1484,96394,82,256891
36609,0.008234,74.125.68.0-255,4320,100714,82,256891
36610,0.00824,172.31.47.0-255,66,100780,82,256891
36611,0.01051,74.125.68.0-255,5738,106518,82,256891
36612,0.010516,172.31.47.0-255,66,106584,82,256891
36613,0.012778,74.125.68.0-255,5738,112322,82,256891
36614,0.012788,172.31.47.0-255,66,112388,82,256891
36615,0.015057,74.125.68.0-255,5738,118126,82,256891
36616,0.015066,172.31.47.0-255,66,118192,82,256891
36617,0.017323,74.125.68.0-255,5738,123930,82,256891
36618,0.01733,172.31.47.0-255,66,123996,82,256891
36619,0.019602,74.125.68.0-255,5738,129734,82,256891
36620,0.019615,172.31.47.0-255,66,129800,82,256891
36621,0.021905,74.125.68.0-255,5738,135538,82,256891
36622,0.021912,172.31.47.0-255,66,135604,82,256891
36623,0.023522,172.31.47.0-255,172,135776,82,256891
36624,0.02355,172.31.47.0-255,1107,136883,82,256891
36625,0.023579,172.31.47.0-255,1514,138397,82,256891
36626,0.023581,172.31.47.0-255,1292,139689,82,256891
36627,0.024167,74.125.68.0-255,5738,145427,82,256891
36628,0.024173,172.31.47.0-255,66,145493,82,256891
36629,0.025094,104.244.42.0-255,66,145559,82,256891
36630,0.025101,104.244.42.0-255,66,145625,82,256891
36631,0.025133,104.244.42.0-255,66,145691,82,256891
36632,0.026416,74.125.68.0-255,4320,150011,82,256891
36633,0.02642,172.31.47.0-255,66,150077,82,256891
36634,0.026451,74.125.68.0-255,1484,151561,82,256891
36635,0.028676,74.125.68.0-255,4320,155881,82,256891
36636,0.02868,172.31.47.0-255,66,155947,82,256891
36637,0.030944,74.125.68.0-255,5738,161685,82,256891
36638,0.030949,172.31.47.0-255,66,161751,82,256891
36639,0.033209,74.125.68.0-255,5738,167489,82,256891
36640,0.033215,172.31.47.0-255,66,167555,82,256891
36641,0.035472,74.125.68.0-255,4320,171875,82,256891
36642,0.035478,172.31.47.0-255,66,171941,82,256891
36643,0.035512,74.125.68.0-255,1484,173425,82,256891
36644,0.037738,74.125.68.0-255,4320,177745,82,256891
36645,0.037743,172.31.47.0-255,66,177811,82,256891
36646,0.040002,74.125.68.0-255,5738,183549,82,256891
36647,0.040007,172.31.47.0-255,66,183615,82,256891
36648,0.042259,74.125.68.0-255,5738,189353,82,256891
36649,0.042264,172.31.47.0-255,66,189419,82,256891
36650,0.044528,74.125.68.0-255,2902,192321,82,256891
36651,0.044532,172.31.47.0-255,66,192387,82,256891
36652,0.044565,74.125.68.0-255,2902,195289,82,256891
36653,0.044568,172.31.47.0-255,66,195355,82,256891
36654,0.046792,74.125.68.0-255,2902,198257,82,256891
36655,0.046796,172.31.47.0-255,66,198323,82,256891
36656,0.046831,74.125.68.0-255,2902,201225,82,256891
36657,0.046835,172.31.47.0-255,66,201291,82,256891
36658,0.049079,74.125.68.0-255,2902,204193,82,256891
36659,0.049084,172.31.47.0-255,66,204259,82,256891
36660,0.049115,74.125.68.0-255,2902,207161,82,256891
36661,0.049118,172.31.47.0-255,66,207227,82,256891
36662,0.051388,74.125.68.0-255,1484,208711,82,256891
36663,0.051424,74.125.68.0-255,4320,213031,82,256891
36664,0.051429,172.31.47.0-255,66,213097,82,256891
36665,0.053705,74.125.68.0-255,1484,214581,82,256891
36666,0.05373,74.125.68.0-255,4320,218901,82,256891
36667,0.053734,172.31.47.0-255,66,218967,82,256891
36668,0.055991,74.125.68.0-255,5738,224705,82,256891
36669,0.055996,172.31.47.0-255,66,224771,82,256891
36670,0.05824,74.125.68.0-255,4320,229091,82,256891
36671,0.058245,172.31.47.0-255,66,229157,82,256891
36672,0.058275,74.125.68.0-255,1484,230641,82,256891
36673,0.060517,74.125.68.0-255,4320,234961,82,256891
36674,0.060524,172.31.47.0-255,66,235027,82,256891
36675,0.062777,74.125.68.0-255,5738,240765,82,256891
36676,0.062784,172.31.47.0-255,66,240831,82,256891
36677,0.065043,74.125.68.0-255,5738,246569,82,256891
36678,0.065048,172.31.47.0-255,66,246635,82,256891
36679,0.067305,74.125.68.0-255,4320,250955,82,256891
36680,0.067309,172.31.47.0-255,66,251021,82,256891
36681,0.067341,74.125.68.0-255,1484,252505,82,256891
36682,0.069567,74.125.68.0-255,4320,256825,82,256891
36683,0.069572,172.31.47.0-255,66,256891,82,256891
36684,0.0,172.31.47.0-255,105,105,82,105
36685,0.0,74.125.24.0-255,158,158,82,317297
36686,2.1e-05,172.31.47.0-255,66,224,82,317297
36687,2.9e-05,74.125.24.0-255,1484,1708,82,317297
36688,3.4e-05,172.31.47.0-255,66,1774,82,317297
36689,4.7e-05,74.125.24.0-255,2902,4676,82,317297
36690,5.1e-05,172.31.47.0-255,66,4742,82,317297
36691,5.9e-05,74.125.24.0-255,7156,11898,82,317297
36692,6.2e-05,172.31.47.0-255,66,11964,82,317297
36693,6.6e-05,74.125.24.0-255,2137,14101,82,317297
36694,6.9e-05,172.31.47.0-255,66,14167,82,317297
36695,0.000137,74.125.24.0-255,1484,15651,82,317297
36696,0.00014,172.31.47.0-255,66,15717,82,317297
36697,0.000145,74.125.24.0-255,2902,18619,82,317297
36698,0.000148,172.31.47.0-255,66,18685,82,317297
36699,0.000179,74.125.24.0-255,5738,24423,82,317297
36700,0.000183,172.31.47.0-255,66,24489,82,317297
36701,0.000198,74.125.24.0-255,1484,25973,82,317297
36702,0.000201,172.31.47.0-255,66,26039,82,317297
36703,0.000223,74.125.24.0-255,5379,31418,82,317297
36704,0.000226,172.31.47.0-255,66,31484,82,317297
36705,0.000282,74.125.24.0-255,1484,32968,82,317297
36706,0.000285,172.31.47.0-255,66,33034,82,317297
36707,0.000291,74.125.24.0-255,2902,35936,82,317297
36708,0.000293,172.31.47.0-255,66,36002,82,317297
36709,0.000325,74.125.24.0-255,1484,37486,82,317297
36710,0.000327,172.31.47.0-255,66,37552,82,317297
36711,0.000353,74.125.24.0-255,2902,40454,82,317297
36712,0.000355,172.31.47.0-255,66,40520,82,317297
36713,0.000361,74.125.24.0-255,5738,46258,82,317297
36714,0.000364,172.31.47.0-255,66,46324,82,317297
36715,0.000377,172.31.47.0-255,66,46390,82,317297
36716,0.000384,74.125.24.0-255,6797,53187,82,317297
36717,0.000386,172.31.47.0-255,66,53253,82,317297
36718,0.000389,74.125.24.0-255,399,53652,82,317297
36719,0.000428,74.125.24.0-255,109,53761,82,317297
36720,0.000506,74.125.24.0-255,333,54094,82,317297
36721,0.000951,74.125.24.0-255,1484,55578,82,317297
36722,0.000956,172.31.47.0-255,66,55644,82,317297
36723,0.000961,74.125.24.0-255,2902,58546,82,317297
36724,0.000963,172.31.47.0-255,66,58612,82,317297
36725,0.000997,74.125.24.0-255,5738,64350,82,317297
36726,0.001001,172.31.47.0-255,66,64416,82,317297
36727,0.001013,74.125.24.0-255,1484,65900,82,317297
36728,0.001034,74.125.24.0-255,9992,75892,82,317297
36729,0.001037,172.31.47.0-255,66,75958,82,317297
36730,0.00104,74.125.24.0-255,1484,77442,82,317297
36731,0.001058,74.125.24.0-255,2902,80344,82,317297
36732,0.00106,172.31.47.0-255,66,80410,82,317297
36733,0.00109,74.125.24.0-255,7856,88266,82,317297
36734,0.001093,172.31.47.0-255,66,88332,82,317297
36735,0.001269,74.125.24.0-255,1484,89816,82,317297
36736,0.001275,74.125.24.0-255,2902,92718,82,317297
36737,0.001278,172.31.47.0-255,66,92784,82,317297
36738,0.001284,74.125.24.0-255,5738,98522,82,317297
36739,0.001286,172.31.47.0-255,66,98588,82,317297
36740,0.001329,74.125.24.0-255,4320,102908,82,317297
36741,0.001332,172.31.47.0-255,66,102974,82,317297
36742,0.00136,74.125.24.0-255,8574,111548,82,317297
36743,0.001363,172.31.47.0-255,66,111614,82,317297
36744,0.00137,74.125.24.0-255,7156,118770,82,317297
36745,0.001371,172.31.47.0-255,66,118836,82,317297
36746,0.0014,74.125.24.0-255,3602,122438,82,317297
36747,0.001402,172.31.47.0-255,66,122504,82,317297
36748,0.003394,74.125.24.0-255,1484,123988,82,317297
36749,0.003415,74.125.24.0-255,4320,128308,82,317297
36750,0.003419,172.31.47.0-255,66,128374,82,317297
36751,0.005422,74.125.24.0-255,2902,131276,82,317297
36752,0.005426,172.31.47.0-255,66,131342,82,317297
36753,0.00544,74.125.24.0-255,2902,134244,82,317297
36754,0.005442,172.31.47.0-255,66,134310,82,317297
36755,0.007438,74.125.24.0-255,5738,140048,82,317297
36756,0.007444,172.31.47.0-255,66,140114,82,317297
36757,0.009466,74.125.24.0-255,5738,145852,82,317297
36758,0.009475,172.31.47.0-255,66,145918,82,317297
36759,0.01149,74.125.24.0-255,5738,151656,82,317297
36760,0.011496,172.31.47.0-255,66,151722,82,317297
36761,0.013535,74.125.24.0-255,5738,157460,82,317297
36762,0.013546,172.31.47.0-255,66,157526,82,317297
36763,0.015574,74.125.24.0-255,5738,163264,82,317297
36764,0.01558,172.31.47.0-255,66,163330,82,317297
36765,0.017596,74.125.24.0-255,5738,169068,82,317297
36766,0.017603,172.31.47.0-255,66,169134,82,317297
36767,0.019601,74.125.24.0-255,2902,172036,82,317297
36768,0.019607,172.31.47.0-255,66,172102,82,317297
36769,0.019632,74.125.24.0-255,2902,175004,82,317297
36770,0.019636,172.31.47.0-255,66,175070,82,317297
36771,0.021648,74.125.24.0-255,5738,180808,82,317297
36772,0.021659,172.31.47.0-255,66,180874,82,317297
36773,0.023654,74.125.24.0-255,5738,186612,82,317297
36774,0.02366,172.31.47.0-255,66,186678,82,317297
36775,0.025211,172.31.47.0-255,172,186850,82,317297
36776,0.025239,172.31.47.0-255,1103,187953,82,317297
36777,0.025286,172.31.47.0-255,1514,189467,82,317297
36778,0.025287,172.31.47.0-255,1296,190763,82,317297
36779,0.025736,74.125.24.0-255,5738,196501,82,317297
36780,0.025742,172.31.47.0-255,66,196567,82,317297
36781,0.026796,104.244.42.0-255,66,196633,82,317297
36782,0.02682,104.244.42.0-255,66,196699,82,317297
36783,0.026885,104.244.42.0-255,66,196765,82,317297
36784,0.02777,74.125.24.0-255,5738,202503,82,317297
36785,0.027776,172.31.47.0-255,66,202569,82,317297
36786,0.029783,74.125.24.0-255,5738,208307,82,317297
36787,0.02979,172.31.47.0-255,66,208373,82,317297
36788,0.031823,74.125.24.0-255,5738,214111,82,317297
36789,0.031829,172.31.47.0-255,66,214177,82,317297
36790,0.033819,74.125.24.0-255,5738,219915,82,317297
36791,0.033824,172.31.47.0-255,66,219981,82,317297
36792,0.035827,74.125.24.0-255,5738,225719,82,317297
36793,0.035832,172.31.47.0-255,66,225785,82,317297
36794,0.037866,74.125.24.0-255,4320,230105,82,317297
36795,0.037872,172.31.47.0-255,66,230171,82,317297
36796,0.037897,74.125.24.0-255,1484,231655,82,317297
36797,0.039859,74.125.24.0-255,4320,235975,82,317297
36798,0.039866,172.31.47.0-255,66,236041,82,317297
36799,0.041892,74.125.24.0-255,5738,241779,82,317297
36800,0.041899,172.31.47.0-255,66,241845,82,317297
36801,0.043951,74.125.24.0-255,5738,247583,82,317297
36802,0.043964,172.31.47.0-255,66,247649,82,317297
36803,0.045985,74.125.24.0-255,5738,253387,82,317297
36804,0.046,172.31.47.0-255,66,253453,82,317297
36805,0.048022,74.125.24.0-255,5738,259191,82,317297
36806,0.048036,172.31.47.0-255,66,259257,82,317297
36807,0.050059,74.125.24.0-255,5738,264995,82,317297
36808,0.050072,172.31.47.0-255,66,265061,82,317297
36809,0.052091,74.125.24.0-255,5738,270799,82,317297
36810,0.052098,172.31.47.0-255,66,270865,82,317297
36811,0.054141,74.125.24.0-255,5738,276603,82,317297
36812,0.054155,172.31.47.0-255,66,276669,82,317297
36813,0.056191,74.125.24.0-255,5738,282407,82,317297
36814,0.056206,172.31.47.0-255,66,282473,82,317297
36815,0.05823,74.125.24.0-255,5738,288211,82,317297
36816,0.058243,172.31.47.0-255,66,288277,82,317297
36817,0.060252,74.125.24.0-255,5738,294015,82,317297
36818,0.060265,172.31.47.0-255,66,294081,82,317297
36819,0.062296,74.125.24.0-255,5738,299819,82,317297
36820,0.062313,172.31.47.0-255,66,299885,82,317297
36821,0.064395,74.125.24.0-255,5738,305623,82,317297
36822,0.06441,172.31.47.0-255,66,305689,82,317297
36823,0.066442,74.125.24.0-255,5738,311427,82,317297
36824,0.066455,172.31.47.0-255,66,311493,82,317297
36825,0.068503,74.125.24.0-255,5738,317231,82,317297
36826,0.06851,172.31.47.0-255,66,317297,82,317297
36827,0.0,172.31.47.0-255,105,105,82,105
36828,0.0,172.31.47.0-255,66,66,82,66
36829,0.0,172.253.118.0-255,153,153,82,230921
36830,3.3e-05,172.31.47.0-255,66,219,82,230921
36831,4e-05,172.253.118.0-255,1484,1703,82,230921
36832,4.4e-05,172.31.47.0-255,66,1769,82,230921
36833,4.9e-05,172.253.118.0-255,2902,4671,82,230921
36834,5.2e-05,172.31.47.0-255,66,4737,82,230921
36835,5.7e-05,172.253.118.0-255,4320,9057,82,230921
36836,5.9e-05,172.31.47.0-255,66,9123,82,230921
36837,6.5e-05,172.253.118.0-255,4925,14048,82,230921
36838,6.7e-05,172.31.47.0-255,66,14114,82,230921
36839,9.6e-05,172.253.118.0-255,5738,19852,82,230921
36840,0.0001,172.31.47.0-255,66,19918,82,230921
36841,0.000127,172.253.118.0-255,7156,27074,82,230921
36842,0.00013,172.31.47.0-255,66,27140,82,230921
36843,0.000153,172.253.118.0-255,5738,32878,82,230921
36844,0.000156,172.31.47.0-255,66,32944,82,230921
36845,0.000181,172.253.118.0-255,2902,35846,82,230921
36846,0.000184,172.31.47.0-255,66,35912,82,230921
36847,0.000193,172.253.118.0-255,9992,45904,82,230921
36848,0.000196,172.31.47.0-255,66,45970,82,230921
36849,0.0002,172.253.118.0-255,2184,48154,82,230921
36850,0.000202,172.31.47.0-255,66,48220,82,230921
36851,0.000355,172.253.118.0-255,1484,49704,82,230921
36852,0.00036,172.31.47.0-255,66,49770,82,230921
36853,0.000366,172.253.118.0-255,2902,52672,82,230921
36854,0.000368,172.31.47.0-255,66,52738,82,230921
36855,0.000395,172.253.118.0-255,5738,58476,82,230921
36856,0.000399,172.31.47.0-255,66,58542,82,230921
36857,0.000403,172.253.118.0-255,2902,61444,82,230921
36858,0.000406,172.31.47.0-255,66,61510,82,230921
36859,0.000454,172.253.118.0-255,4550,66060,82,230921
36860,0.000458,172.31.47.0-255,66,66126,82,230921
36861,0.001053,172.253.118.0-255,1484,67610,82,230921
36862,0.001064,172.253.118.0-255,2902,70512,82,230921
36863,0.001068,172.31.47.0-255,66,70578,82,230921
36864,0.001076,172.253.118.0-255,5738,76316,82,230921
36865,0.001079,172.31.47.0-255,66,76382,82,230921
36866,0.001112,172.253.118.0-255,5738,82120,82,230921
36867,0.001115,172.31.47.0-255,66,82186,82,230921
36868,0.001137,172.253.118.0-255,7156,89342,82,230921
36869,0.00114,172.31.47.0-255,66,89408,82,230921
36870,0.001166,172.253.118.0-255,2902,92310,82,230921
36871,0.001169,172.31.47.0-255,66,92376,82,230921
36872,0.001192,172.253.118.0-255,7856,100232,82,230921
36873,0.001194,172.31.47.0-255,66,100298,82,230921
36874,0.00134,172.253.118.0-255,1484,101782,82,230921
36875,0.001356,172.253.118.0-255,2902,104684,82,230921
36876,0.00136,172.31.47.0-255,66,104750,82,230921
36877,0.001368,172.253.118.0-255,4320,109070,82,230921
36878,0.001371,172.31.47.0-255,66,109136,82,230921
36879,0.001386,172.253.118.0-255,1484,110620,82,230921
36880,0.001408,172.253.118.0-255,7156,117776,82,230921
36881,0.001411,172.31.47.0-255,66,117842,82,230921
36882,0.001443,172.253.118.0-255,5738,123580,82,230921
36883,0.001446,172.31.47.0-255,66,123646,82,230921
36884,0.00146,172.31.47.0-255,66,123712,82,230921
36885,0.001501,172.253.118.0-255,9992,133704,82,230921
36886,0.001504,172.31.47.0-255,66,133770,82,230921
36887,0.00153,172.253.118.0-255,4320,138090,82,230921
36888,0.001532,172.31.47.0-255,66,138156,82,230921
36889,0.001547,172.31.47.0-255,66,138222,82,230921
36890,0.001554,172.253.118.0-255,7856,146078,82,230921
36891,0.001556,172.31.47.0-255,66,146144,82,230921
36892,0.001563,172.253.118.0-255,8574,154718,82,230921
36893,0.001565,172.31.47.0-255,66,154784,82,230921
36894,0.001578,172.31.47.0-255,66,154850,82,230921
36895,0.001598,172.253.118.0-255,5020,159870,82,230921
36896,0.0016,172.31.47.0-255,66,159936,82,230921
36897,0.001603,172.253.118.0-255,1484,161420,82,230921
36898,0.001619,172.253.118.0-255,5738,167158,82,230921
36899,0.001622,172.31.47.0-255,66,167224,82,230921
36900,0.001649,172.253.118.0-255,9992,177216,82,230921
36901,0.001651,172.31.47.0-255,66,177282,82,230921
36902,0.001672,172.253.118.0-255,1484,178766,82,230921
36903,0.001685,172.31.47.0-255,66,178832,82,230921
36904,0.001689,172.253.118.0-255,2902,181734,82,230921
36905,0.001691,172.31.47.0-255,66,181800,82,230921
36906,0.001731,172.31.47.0-255,66,181866,82,230921
36907,0.001736,172.253.118.0-255,4320,186186,82,230921
36908,0.001738,172.31.47.0-255,66,186252,82,230921
36909,0.001771,172.31.47.0-255,66,186318,82,230921
36910,0.001778,172.253.118.0-255,8574,194892,82,230921
36911,0.00178,172.31.47.0-255,66,194958,82,230921
36912,0.001805,172.31.47.0-255,66,195024,82,230921
36913,0.00181,172.253.118.0-255,3602,198626,82,230921
36914,0.001812,172.31.47.0-255,66,198692,82,230921
36915,0.001831,172.253.118.0-255,2902,201594,82,230921
36916,0.001833,172.31.47.0-255,66,201660,82,230921
36917,0.001867,172.31.47.0-255,66,201726,82,230921
36918,0.001874,172.253.118.0-255,7856,209582,82,230921
36919,0.001876,172.31.47.0-255,66,209648,82,230921
36920,0.001933,172.31.47.0-255,66,209714,82,230921
36921,0.001969,172.31.47.0-255,66,209780,82,230921
36922,0.001976,172.253.118.0-255,7156,216936,82,230921
36923,0.001977,172.31.47.0-255,66,217002,82,230921
36924,0.002016,172.31.47.0-255,66,217068,82,230921
36925,0.002024,172.253.118.0-255,9163,226231,82,230921
36926,0.002026,172.31.47.0-255,66,226297,82,230921
36927,0.002042,172.253.118.0-255,105,226402,82,230921
36928,0.008306,172.31.47.0-255,66,226468,82,230921
36929,0.008333,172.31.47.0-255,105,226573,82,230921
36930,0.010628,172.253.118.0-255,66,226639,82,230921
36931,0.02894,172.31.47.0-255,171,226810,82,230921
36932,0.028977,172.31.47.0-255,1136,227946,82,230921
36933,0.029046,172.31.47.0-255,1514,229460,82,230921
36934,0.029048,172.31.47.0-255,1263,230723,82,230921
36935,0.030501,104.244.42.0-255,66,230789,82,230921
36936,0.030576,104.244.42.0-255,66,230855,82,230921
36937,0.030624,104.244.42.0-255,66,230921,82,230921
36938,0.0,31.13.82.0-255,105,105,82,171
36939,1.9e-05,172.31.47.0-255,66,171,82,171
36940,0.0,172.31.47.0-255,161,161,82,227
36941,0.007628,74.125.68.0-255,66,227,82,227
36942,0.0,74.125.24.0-255,154,154,82,302735
36943,3e-05,172.31.47.0-255,66,220,82,302735
36944,3.7e-05,74.125.24.0-255,1484,1704,82,302735
36945,4.1e-05,172.31.47.0-255,66,1770,82,302735
36946,4.5e-05,74.125.24.0-255,2902,4672,82,302735
36947,4.7e-05,172.31.47.0-255,66,4738,82,302735
36948,6e-05,74.125.24.0-255,7156,11894,82,302735
36949,6.3e-05,172.31.47.0-255,66,11960,82,302735
36950,6.6e-05,74.125.24.0-255,1974,13934,82,302735
36951,7e-05,172.31.47.0-255,66,14000,82,302735
36952,9.7e-05,74.125.24.0-255,4320,18320,82,302735
36953,0.0001,172.31.47.0-255,66,18386,82,302735
36954,0.000121,74.125.24.0-255,7156,25542,82,302735
36955,0.000124,172.31.47.0-255,66,25608,82,302735
36956,0.000129,74.125.24.0-255,5379,30987,82,302735
36957,0.000132,172.31.47.0-255,66,31053,82,302735
36958,0.000162,74.125.24.0-255,1484,32537,82,302735
36959,0.000165,172.31.47.0-255,66,32603,82,302735
36960,0.000191,74.125.24.0-255,4320,36923,82,302735
36961,0.000193,172.31.47.0-255,66,36989,82,302735
36962,0.000205,74.125.24.0-255,1484,38473,82,302735
36963,0.000211,172.31.47.0-255,66,38539,82,302735
36964,0.000236,74.125.24.0-255,5738,44277,82,302735
36965,0.000238,172.31.47.0-255,66,44343,82,302735
36966,0.000242,74.125.24.0-255,2902,47245,82,302735
36967,0.000244,172.31.47.0-255,66,47311,82,302735
36968,0.000262,74.125.24.0-255,1125,48436,82,302735
36969,0.000268,172.31.47.0-255,66,48502,82,302735
36970,0.000514,74.125.24.0-255,1484,49986,82,302735
36971,0.000517,172.31.47.0-255,66,50052,82,302735
36972,0.000522,74.125.24.0-255,2902,52954,82,302735
36973,0.000524,172.31.47.0-255,66,53020,82,302735
36974,0.000558,74.125.24.0-255,5738,58758,82,302735
36975,0.000561,172.31.47.0-255,66,58824,82,302735
36976,0.000588,74.125.24.0-255,6797,65621,82,302735
36977,0.000591,172.31.47.0-255,66,65687,82,302735
36978,0.000641,74.125.24.0-255,1484,67171,82,302735
36979,0.000646,74.125.24.0-255,1484,68655,82,302735
36980,0.00065,172.31.47.0-255,66,68721,82,302735
36981,0.000671,74.125.24.0-255,1484,70205,82,302735
36982,0.000677,74.125.24.0-255,5738,75943,82,302735
36983,0.00068,172.31.47.0-255,66,76009,82,302735
36984,0.000704,74.125.24.0-255,6797,82806,82,302735
36985,0.000707,172.31.47.0-255,66,82872,82,302735
36986,0.00071,74.125.24.0-255,645,83517,82,302735
36987,0.000746,74.125.24.0-255,1484,85001,82,302735
36988,0.000748,172.31.47.0-255,66,85067,82,302735
36989,0.000752,74.125.24.0-255,1484,86551,82,302735
36990,0.000776,74.125.24.0-255,2902,89453,82,302735
36991,0.000779,172.31.47.0-255,66,89519,82,302735
36992,0.000787,74.125.24.0-255,9992,99511,82,302735
36993,0.000788,172.31.47.0-255,66,99577,82,302735
36994,0.000796,74.125.24.0-255,1125,100702,82,302735
36995,0.000886,172.31.47.0-255,66,100768,82,302735
36996,0.001068,74.125.24.0-255,1484,102252,82,302735
36997,0.001087,74.125.24.0-255,2902,105154,82,302735
36998,0.00109,172.31.47.0-255,66,105220,82,302735
36999,0.001097,74.125.24.0-255,5738,110958,82,302735
37000,0.001099,172.31.47.0-255,66,111024,82,302735
37001,0.001136,74.125.24.0-255,4320,115344,82,302735
37002,0.001139,172.31.47.0-255,66,115410,82,302735
37003,0.001167,74.125.24.0-255,1995,117405,82,302735
37004,0.001169,172.31.47.0-255,66,117471,82,302735
37005,0.001211,74.125.24.0-255,1484,118955,82,302735
37006,0.001215,74.125.24.0-255,2902,121857,82,302735
37007,0.001217,172.31.47.0-255,66,121923,82,302735
37008,0.001222,74.125.24.0-255,5738,127661,82,302735
37009,0.001224,172.31.47.0-255,66,127727,82,302735
37010,0.001226,74.125.24.0-255,1484,129211,82,302735
37011,0.001247,74.125.24.0-255,9992,139203,82,302735
37012,0.00125,172.31.47.0-255,66,139269,82,302735
37013,0.001273,74.125.24.0-255,1484,140753,82,302735
37014,0.00129,74.125.24.0-255,2902,143655,82,302735
37015,0.001293,172.31.47.0-255,66,143721,82,302735
37016,0.001327,74.125.24.0-255,7856,151577,82,302735
37017,0.00133,172.31.47.0-255,66,151643,82,302735
37018,0.001444,74.125.24.0-255,1484,153127,82,302735
37019,0.00145,74.125.24.0-255,2902,156029,82,302735
37020,0.001453,172.31.47.0-255,66,156095,82,302735
37021,0.001478,74.125.24.0-255,1484,157579,82,302735
37022,0.001495,74.125.24.0-255,4320,161899,82,302735
37023,0.001498,172.31.47.0-255,66,161965,82,302735
37024,0.001508,172.31.47.0-255,66,162031,82,302735
37025,0.001526,74.125.24.0-255,1484,163515,82,302735
37026,0.001549,74.125.24.0-255,7156,170671,82,302735
37027,0.001553,172.31.47.0-255,66,170737,82,302735
37028,0.001576,74.125.24.0-255,3602,174339,82,302735
37029,0.001578,172.31.47.0-255,66,174405,82,302735
37030,0.001588,172.31.47.0-255,66,174471,82,302735
37031,0.001591,74.125.24.0-255,2902,177373,82,302735
37032,0.001593,172.31.47.0-255,66,177439,82,302735
37033,0.001639,172.31.47.0-255,66,177505,82,302735
37034,0.001645,74.125.24.0-255,6438,183943,82,302735
37035,0.001646,172.31.47.0-255,66,184009,82,302735
37036,0.00165,74.125.24.0-255,4320,188329,82,302735
37037,0.001652,172.31.47.0-255,66,188395,82,302735
37038,0.001679,74.125.24.0-255,2902,191297,82,302735
37039,0.001682,172.31.47.0-255,66,191363,82,302735
37040,0.001688,74.125.24.0-255,8574,199937,82,302735
37041,0.00169,172.31.47.0-255,66,200003,82,302735
37042,0.001713,74.125.24.0-255,7156,207159,82,302735
37043,0.001719,172.31.47.0-255,66,207225,82,302735
37044,0.001738,74.125.24.0-255,7856,215081,82,302735
37045,0.00174,172.31.47.0-255,66,215147,82,302735
37046,0.001789,172.31.47.0-255,66,215213,82,302735
37047,0.001836,172.31.47.0-255,66,215279,82,302735
37048,0.001861,74.125.24.0-255,1484,216763,82,302735
37049,0.001875,74.125.24.0-255,2902,219665,82,302735
37050,0.001878,172.31.47.0-255,66,219731,82,302735
37051,0.00191,74.125.24.0-255,5738,225469,82,302735
37052,0.001914,172.31.47.0-255,66,225535,82,302735
37053,0.001919,74.125.24.0-255,5738,231273,82,302735
37054,0.001921,172.31.47.0-255,66,231339,82,302735
37055,0.001997,172.31.47.0-255,66,231405,82,302735
37056,0.002,74.125.24.0-255,766,232171,82,302735
37057,0.002251,74.125.24.0-255,1484,233655,82,302735
37058,0.002255,172.31.47.0-255,66,233721,82,302735
37059,0.00226,74.125.24.0-255,2902,236623,82,302735
37060,0.002262,172.31.47.0-255,66,236689,82,302735
37061,0.002264,74.125.24.0-255,1484,238173,82,302735
37062,0.002295,74.125.24.0-255,4320,242493,82,302735
37063,0.002297,172.31.47.0-255,66,242559,82,302735
37064,0.002308,172.31.47.0-255,66,242625,82,302735
37065,0.002311,74.125.24.0-255,2902,245527,82,302735
37066,0.002313,172.31.47.0-255,66,245593,82,302735
37067,0.00233,74.125.24.0-255,7856,253449,82,302735
37068,0.002332,172.31.47.0-255,66,253515,82,302735
37069,0.00235,74.125.24.0-255,1484,254999,82,302735
37070,0.002366,74.125.24.0-255,2902,257901,82,302735
37071,0.002369,172.31.47.0-255,66,257967,82,302735
37072,0.002374,74.125.24.0-255,5738,263705,82,302735
37073,0.002375,172.31.47.0-255,66,263771,82,302735
37074,0.002406,172.31.47.0-255,66,263837,82,302735
37075,0.002415,74.125.24.0-255,5738,269575,82,302735
37076,0.002416,172.31.47.0-255,66,269641,82,302735
37077,0.002436,74.125.24.0-255,2902,272543,82,302735
37078,0.002441,172.31.47.0-255,66,272609,82,302735
37079,0.002445,74.125.24.0-255,2184,274793,82,302735
37080,0.002446,172.31.47.0-255,66,274859,82,302735
37081,0.004835,74.125.24.0-255,5738,280597,82,302735
37082,0.00484,172.31.47.0-255,66,280663,82,302735
37083,0.007237,74.125.24.0-255,5738,286401,82,302735
37084,0.007242,172.31.47.0-255,66,286467,82,302735
37085,0.009646,74.125.24.0-255,5738,292205,82,302735
37086,0.009653,172.31.47.0-255,66,292271,82,302735
37087,0.012083,74.125.24.0-255,3071,295342,82,302735
37088,0.01209,172.31.47.0-255,66,295408,82,302735
37089,0.012275,172.31.47.0-255,105,295513,82,302735
37090,0.014647,74.125.24.0-255,66,295579,82,302735
37091,0.029202,172.31.47.0-255,172,295751,82,302735
37092,0.029241,172.31.47.0-255,1113,296864,82,302735
37093,0.029313,172.31.47.0-255,1514,298378,82,302735
37094,0.029314,172.31.47.0-255,1514,299892,82,302735
37095,0.029315,172.31.47.0-255,1514,301406,82,302735
37096,0.029345,172.31.47.0-255,1065,302471,82,302735
37097,0.030756,104.244.42.0-255,66,302537,82,302735
37098,0.030844,104.244.42.0-255,66,302603,82,302735
37099,0.030866,104.244.42.0-255,66,302669,82,302735
37100,0.030868,104.244.42.0-255,66,302735,82,302735
37101,0.0,74.125.24.0-255,153,153,82,329711
37102,2.5e-05,172.31.47.0-255,66,219,82,329711
37103,3e-05,74.125.24.0-255,1484,1703,82,329711
37104,3.4e-05,172.31.47.0-255,66,1769,82,329711
37105,3.9e-05,74.125.24.0-255,2902,4671,82,329711
37106,5e-05,172.31.47.0-255,66,4737,82,329711
37107,5.3e-05,74.125.24.0-255,1484,6221,82,329711
37108,5.6e-05,172.31.47.0-255,66,6287,82,329711
37109,7.9e-05,74.125.24.0-255,5738,12025,82,329711
37110,8.2e-05,172.31.47.0-255,66,12091,82,329711
37111,9.4e-05,74.125.24.0-255,2902,14993,82,329711
37112,9.6e-05,172.31.47.0-255,66,15059,82,329711
37113,0.00013,74.125.24.0-255,4927,19986,82,329711
37114,0.000134,172.31.47.0-255,66,20052,82,329711
37115,0.00015,172.31.47.0-255,66,20118,82,329711
37116,0.000205,74.125.24.0-255,1484,21602,82,329711
37117,0.00021,172.31.47.0-255,66,21668,82,329711
37118,0.000215,74.125.24.0-255,2902,24570,82,329711
37119,0.000218,172.31.47.0-255,66,24636,82,329711
37120,0.00025,74.125.24.0-255,5738,30374,82,329711
37121,0.000254,172.31.47.0-255,66,30440,82,329711
37122,0.000266,172.31.47.0-255,66,30506,82,329711
37123,0.000302,74.125.24.0-255,1484,31990,82,329711
37124,0.000306,172.31.47.0-255,66,32056,82,329711
37125,0.000316,74.125.24.0-255,10692,42748,82,329711
37126,0.000319,172.31.47.0-255,66,42814,82,329711
37127,0.000321,74.125.24.0-255,364,43178,82,329711
37128,0.000323,172.31.47.0-255,66,43244,82,329711
37129,0.001011,74.125.24.0-255,132,43376,82,329711
37130,0.001016,172.31.47.0-255,66,43442,82,329711
37131,0.00104,74.125.24.0-255,1484,44926,82,329711
37132,0.001058,74.125.24.0-255,2902,47828,82,329711
37133,0.001061,172.31.47.0-255,66,47894,82,329711
37134,0.001091,74.125.24.0-255,7156,55050,82,329711
37135,0.001094,172.31.47.0-255,66,55116,82,329711
37136,0.001102,74.125.24.0-255,8574,63690,82,329711
37137,0.001105,172.31.47.0-255,66,63756,82,329711
37138,0.001147,74.125.24.0-255,2902,66658,82,329711
37139,0.00115,172.31.47.0-255,66,66724,82,329711
37140,0.00116,74.125.24.0-255,10692,77416,82,329711
37141,0.001162,172.31.47.0-255,66,77482,82,329711
37142,0.001996,74.125.24.0-255,1484,78966,82,329711
37143,0.002014,74.125.24.0-255,2902,81868,82,329711
37144,0.002017,172.31.47.0-255,66,81934,82,329711
37145,0.002022,74.125.24.0-255,5738,87672,82,329711
37146,0.002024,172.31.47.0-255,66,87738,82,329711
37147,0.002055,74.125.24.0-255,7156,94894,82,329711
37148,0.002058,172.31.47.0-255,66,94960,82,329711
37149,0.002083,74.125.24.0-255,1484,96444,82,329711
37150,0.002091,74.125.24.0-255,9992,106436,82,329711
37151,0.002093,172.31.47.0-255,66,106502,82,329711
37152,0.002096,74.125.24.0-255,1484,107986,82,329711
37153,0.00212,74.125.24.0-255,3602,111588,82,329711
37154,0.002123,172.31.47.0-255,66,111654,82,329711
37155,0.002146,74.125.24.0-255,1484,113138,82,329711
37156,0.00215,74.125.24.0-255,2902,116040,82,329711
37157,0.002153,172.31.47.0-255,66,116106,82,329711
37158,0.002156,74.125.24.0-255,1484,117590,82,329711
37159,0.002184,74.125.24.0-255,4320,121910,82,329711
37160,0.002187,172.31.47.0-255,66,121976,82,329711
37161,0.002192,74.125.24.0-255,4320,126296,82,329711
37162,0.002194,172.31.47.0-255,66,126362,82,329711
37163,0.002226,74.125.24.0-255,8574,134936,82,329711
37164,0.002229,172.31.47.0-255,66,135002,82,329711
37165,0.002237,74.125.24.0-255,9992,144994,82,329711
37166,0.002239,172.31.47.0-255,66,145060,82,329711
37167,0.002245,74.125.24.0-255,766,145826,82,329711
37168,0.002425,74.125.24.0-255,1484,147310,82,329711
37169,0.002428,172.31.47.0-255,66,147376,82,329711
37170,0.002454,74.125.24.0-255,2902,150278,82,329711
37171,0.002456,172.31.47.0-255,66,150344,82,329711
37172,0.002462,74.125.24.0-255,5738,156082,82,329711
37173,0.002463,172.31.47.0-255,66,156148,82,329711
37174,0.002497,74.125.24.0-255,1484,157632,82,329711
37175,0.002535,74.125.24.0-255,5738,163370,82,329711
37176,0.002539,172.31.47.0-255,66,163436,82,329711
37177,0.002563,172.31.47.0-255,66,163502,82,329711
37178,0.002567,74.125.24.0-255,2184,165686,82,329711
37179,0.002568,172.31.47.0-255,66,165752,82,329711
37180,0.002572,74.125.24.0-255,2902,168654,82,329711
37181,0.002574,172.31.47.0-255,66,168720,82,329711
37182,0.002578,74.125.24.0-255,5738,174458,82,329711
37183,0.002581,172.31.47.0-255,66,174524,82,329711
37184,0.005134,74.125.24.0-255,5738,180262,82,329711
37185,0.00514,172.31.47.0-255,66,180328,82,329711
37186,0.007696,74.125.24.0-255,5738,186066,82,329711
37187,0.007702,172.31.47.0-255,66,186132,82,329711
37188,0.010259,74.125.24.0-255,5738,191870,82,329711
37189,0.010267,172.31.47.0-255,66,191936,82,329711
37190,0.012811,74.125.24.0-255,5738,197674,82,329711
37191,0.01282,172.31.47.0-255,66,197740,82,329711
37192,0.015399,74.125.24.0-255,5738,203478,82,329711
37193,0.015407,172.31.47.0-255,66,203544,82,329711
37194,0.01799,74.125.24.0-255,5738,209282,82,329711
37195,0.017999,172.31.47.0-255,66,209348,82,329711
37196,0.020136,172.31.47.0-255,172,209520,82,329711
37197,0.020168,172.31.47.0-255,1112,210632,82,329711
37198,0.020229,172.31.47.0-255,1514,212146,82,329711
37199,0.020231,172.31.47.0-255,1287,213433,82,329711
37200,0.020559,74.125.24.0-255,5738,219171,82,329711
37201,0.020566,172.31.47.0-255,66,219237,82,329711
37202,0.021716,104.244.42.0-255,66,219303,82,329711
37203,0.021744,104.244.42.0-255,66,219369,82,329711
37204,0.021795,104.244.42.0-255,66,219435,82,329711
37205,0.023139,74.125.24.0-255,5738,225173,82,329711
37206,0.023145,172.31.47.0-255,66,225239,82,329711
37207,0.025698,74.125.24.0-255,5738,230977,82,329711
37208,0.025705,172.31.47.0-255,66,231043,82,329711
37209,0.028239,74.125.24.0-255,5738,236781,82,329711
37210,0.028246,172.31.47.0-255,66,236847,82,329711
37211,0.030799,74.125.24.0-255,5738,242585,82,329711
37212,0.030806,172.31.47.0-255,66,242651,82,329711
37213,0.033341,74.125.24.0-255,5738,248389,82,329711
37214,0.033347,172.31.47.0-255,66,248455,82,329711
37215,0.035884,74.125.24.0-255,5738,254193,82,329711
37216,0.035889,172.31.47.0-255,66,254259,82,329711
37217,0.038458,74.125.24.0-255,5738,259997,82,329711
37218,0.038463,172.31.47.0-255,66,260063,82,329711
37219,0.041012,74.125.24.0-255,5738,265801,82,329711
37220,0.04102,172.31.47.0-255,66,265867,82,329711
37221,0.043567,74.125.24.0-255,5738,271605,82,329711
37222,0.043573,172.31.47.0-255,66,271671,82,329711
37223,0.046141,74.125.24.0-255,5738,277409,82,329711
37224,0.046148,172.31.47.0-255,66,277475,82,329711
37225,0.0487,74.125.24.0-255,5738,283213,82,329711
37226,0.048707,172.31.47.0-255,66,283279,82,329711
37227,0.051268,74.125.24.0-255,5738,289017,82,329711
37228,0.051275,172.31.47.0-255,66,289083,82,329711
37229,0.053834,74.125.24.0-255,5738,294821,82,329711
37230,0.05384,172.31.47.0-255,66,294887,82,329711
37231,0.056411,74.125.24.0-255,5738,300625,82,329711
37232,0.056417,172.31.47.0-255,66,300691,82,329711
37233,0.058988,74.125.24.0-255,5738,306429,82,329711
37234,0.058994,172.31.47.0-255,66,306495,82,329711
37235,0.061541,74.125.24.0-255,5738,312233,82,329711
37236,0.061546,172.31.47.0-255,66,312299,82,329711
37237,0.064105,74.125.24.0-255,5738,318037,82,329711
37238,0.064111,172.31.47.0-255,66,318103,82,329711
37239,0.066653,74.125.24.0-255,5738,323841,82,329711
37240,0.066658,172.31.47.0-255,66,323907,82,329711
37241,0.069232,74.125.24.0-255,5738,329645,82,329711
37242,0.069237,172.31.47.0-255,66,329711,82,329711
37243,0.0,172.217.194.0-255,153,153,82,268800
37244,2.3e-05,172.31.47.0-255,66,219,82,268800
37245,3.3e-05,172.217.194.0-255,1484,1703,82,268800
37246,4e-05,172.31.47.0-255,66,1769,82,268800
37247,4.8e-05,172.217.194.0-255,2902,4671,82,268800
37248,5.3e-05,172.31.47.0-255,66,4737,82,268800
37249,7e-05,172.217.194.0-255,7156,11893,82,268800
37250,7.7e-05,172.31.47.0-255,66,11959,82,268800
37251,8.3e-05,172.217.194.0-255,2012,13971,82,268800
37252,8.7e-05,172.31.47.0-255,66,14037,82,268800
37253,0.000115,172.217.194.0-255,1484,15521,82,268800
37254,0.00012,172.31.47.0-255,66,15587,82,268800
37255,0.000127,172.217.194.0-255,2902,18489,82,268800
37256,0.00013,172.31.47.0-255,66,18555,82,268800
37257,0.000138,172.217.194.0-255,5738,24293,82,268800
37258,0.000141,172.31.47.0-255,66,24359,82,268800
37259,0.000144,172.217.194.0-255,1484,25843,82,268800
37260,0.000149,172.31.47.0-255,66,25909,82,268800
37261,0.000186,172.217.194.0-255,5379,31288,82,268800
37262,0.000192,172.31.47.0-255,66,31354,82,268800
37263,0.000211,172.31.47.0-255,66,31420,82,268800
37264,0.000216,172.217.194.0-255,2543,33963,82,268800
37265,0.000218,172.31.47.0-255,66,34029,82,268800
37266,0.000291,172.31.47.0-255,66,34095,82,268800
37267,0.000323,172.217.194.0-255,363,34458,82,268800
37268,0.000328,172.31.47.0-255,66,34524,82,268800
37269,0.000336,172.217.194.0-255,381,34905,82,268800
37270,0.000344,172.31.47.0-255,66,34971,82,268800
37271,0.001138,172.217.194.0-255,1484,36455,82,268800
37272,0.001144,172.31.47.0-255,66,36521,82,268800
37273,0.001151,172.217.194.0-255,2902,39423,82,268800
37274,0.001152,172.31.47.0-255,66,39489,82,268800
37275,0.001169,172.217.194.0-255,5738,45227,82,268800
37276,0.001171,172.31.47.0-255,66,45293,82,268800
37277,0.001178,172.217.194.0-255,7156,52449,82,268800
37278,0.001181,172.31.47.0-255,66,52515,82,268800
37279,0.001198,172.217.194.0-255,5738,58253,82,268800
37280,0.001201,172.31.47.0-255,66,58319,82,268800
37281,0.00121,172.217.194.0-255,10692,69011,82,268800
37282,0.001212,172.31.47.0-255,66,69077,82,268800
37283,0.002075,172.217.194.0-255,1484,70561,82,268800
37284,0.002088,172.217.194.0-255,2902,73463,82,268800
37285,0.002093,172.31.47.0-255,66,73529,82,268800
37286,0.002145,172.217.194.0-255,5738,79267,82,268800
37287,0.002148,172.31.47.0-255,66,79333,82,268800
37288,0.002152,172.217.194.0-255,1484,80817,82,268800
37289,0.002172,172.217.194.0-255,7156,87973,82,268800
37290,0.002175,172.31.47.0-255,66,88039,82,268800
37291,0.002195,172.217.194.0-255,4320,92359,82,268800
37292,0.002198,172.31.47.0-255,66,92425,82,268800
37293,0.002207,172.217.194.0-255,9992,102417,82,268800
37294,0.002209,172.31.47.0-255,66,102483,82,268800
37295,0.002226,172.217.194.0-255,766,103249,82,268800
37296,0.004548,172.217.194.0-255,4320,107569,82,268800
37297,0.004553,172.31.47.0-255,66,107635,82,268800
37298,0.006893,172.217.194.0-255,5738,113373,82,268800
37299,0.006898,172.31.47.0-255,66,113439,82,268800
37300,0.00922,172.217.194.0-255,5738,119177,82,268800
37301,0.009226,172.31.47.0-255,66,119243,82,268800
37302,0.011534,172.217.194.0-255,5738,124981,82,268800
37303,0.011541,172.31.47.0-255,66,125047,82,268800
37304,0.013897,172.217.194.0-255,5738,130785,82,268800
37305,0.013911,172.31.47.0-255,66,130851,82,268800
37306,0.016274,172.217.194.0-255,5738,136589,82,268800
37307,0.016282,172.31.47.0-255,66,136655,82,268800
37308,0.01863,172.217.194.0-255,5738,142393,82,268800
37309,0.018638,172.31.47.0-255,66,142459,82,268800
37310,0.02097,172.217.194.0-255,5738,148197,82,268800
37311,0.020977,172.31.47.0-255,66,148263,82,268800
37312,0.02332,172.217.194.0-255,5738,154001,82,268800
37313,0.02333,172.31.47.0-255,66,154067,82,268800
37314,0.025703,172.217.194.0-255,5738,159805,82,268800
37315,0.02571,172.31.47.0-255,66,159871,82,268800
37316,0.026692,172.31.47.0-255,172,160043,82,268800
37317,0.026725,172.31.47.0-255,1113,161156,82,268800
37318,0.026778,172.31.47.0-255,1514,162670,82,268800
37319,0.02678,172.31.47.0-255,1286,163956,82,268800
37320,0.028036,172.217.194.0-255,5738,169694,82,268800
37321,0.028042,172.31.47.0-255,66,169760,82,268800
37322,0.028361,104.244.42.0-255,66,169826,82,268800
37323,0.028439,104.244.42.0-255,66,169892,82,268800
37324,0.028459,104.244.42.0-255,66,169958,82,268800
37325,0.029437,104.244.42.0-255,108,170066,82,268800
37326,0.029442,172.31.47.0-255,66,170132,82,268800
37327,0.030364,172.217.194.0-255,5738,175870,82,268800
37328,0.030368,172.31.47.0-255,66,175936,82,268800
37329,0.032687,172.217.194.0-255,5738,181674,82,268800
37330,0.032694,172.31.47.0-255,66,181740,82,268800
37331,0.034995,172.217.194.0-255,5738,187478,82,268800
37332,0.035001,172.31.47.0-255,66,187544,82,268800
37333,0.037334,172.217.194.0-255,5738,193282,82,268800
37334,0.037339,172.31.47.0-255,66,193348,82,268800
37335,0.039707,172.217.194.0-255,5738,199086,82,268800
37336,0.039713,172.31.47.0-255,66,199152,82,268800
37337,0.042042,172.217.194.0-255,5738,204890,82,268800
37338,0.042051,172.31.47.0-255,66,204956,82,268800
37339,0.044398,172.217.194.0-255,5738,210694,82,268800
37340,0.044404,172.31.47.0-255,66,210760,82,268800
37341,0.046725,172.217.194.0-255,5738,216498,82,268800
37342,0.046731,172.31.47.0-255,66,216564,82,268800
37343,0.049079,172.217.194.0-255,5738,222302,82,268800
37344,0.049085,172.31.47.0-255,66,222368,82,268800
37345,0.051441,172.217.194.0-255,5738,228106,82,268800
37346,0.051448,172.31.47.0-255,66,228172,82,268800
37347,0.053767,172.217.194.0-255,5738,233910,82,268800
37348,0.053773,172.31.47.0-255,66,233976,82,268800
37349,0.056133,172.217.194.0-255,5738,239714,82,268800
37350,0.056139,172.31.47.0-255,66,239780,82,268800
37351,0.058436,172.217.194.0-255,5738,245518,82,268800
37352,0.058442,172.31.47.0-255,66,245584,82,268800
37353,0.060775,172.217.194.0-255,5738,251322,82,268800
37354,0.06078,172.31.47.0-255,66,251388,82,268800
37355,0.063097,172.217.194.0-255,5738,257126,82,268800
37356,0.063103,172.31.47.0-255,66,257192,82,268800
37357,0.065449,172.217.194.0-255,5738,262930,82,268800
37358,0.065454,172.31.47.0-255,66,262996,82,268800
37359,0.067776,172.217.194.0-255,5738,268734,82,268800
37360,0.067784,172.31.47.0-255,66,268800,82,268800
37361,0.0,172.31.47.0-255,66,66,82,66
37362,0.0,172.31.47.0-255,105,105,82,105
37363,0.0,216.58.221.0-255,153,153,82,277248
37364,2.5e-05,172.31.47.0-255,66,219,82,277248
37365,3.3e-05,216.58.221.0-255,1484,1703,82,277248
37366,3.7e-05,172.31.47.0-255,66,1769,82,277248
37367,4.4e-05,216.58.221.0-255,2902,4671,82,277248
37368,4.7e-05,172.31.47.0-255,66,4737,82,277248
37369,5.5e-05,216.58.221.0-255,7156,11893,82,277248
37370,5.8e-05,172.31.47.0-255,66,11959,82,277248
37371,8.6e-05,216.58.221.0-255,2110,14069,82,277248
37372,8.9e-05,172.31.47.0-255,66,14135,82,277248
37373,0.000928,216.58.221.0-255,1484,15619,82,277248
37374,0.000935,172.31.47.0-255,66,15685,82,277248
37375,0.000946,216.58.221.0-255,2902,18587,82,277248
37376,0.000948,172.31.47.0-255,66,18653,82,277248
37377,0.000953,216.58.221.0-255,2902,21555,82,277248
37378,0.000955,172.31.47.0-255,66,21621,82,277248
37379,0.000978,216.58.221.0-255,2902,24523,82,277248
37380,0.00098,172.31.47.0-255,66,24589,82,277248
37381,0.000983,216.58.221.0-255,1484,26073,82,277248
37382,0.000985,172.31.47.0-255,66,26139,82,277248
37383,0.001019,216.58.221.0-255,5379,31518,82,277248
37384,0.001023,172.31.47.0-255,66,31584,82,277248
37385,0.001053,216.58.221.0-255,2902,34486,82,277248
37386,0.001055,172.31.47.0-255,66,34552,82,277248
37387,0.001075,216.58.221.0-255,2902,37454,82,277248
37388,0.001077,172.31.47.0-255,66,37520,82,277248
37389,0.001082,216.58.221.0-255,2902,40422,82,277248
37390,0.001085,172.31.47.0-255,66,40488,82,277248
37391,0.00109,216.58.221.0-255,4320,44808,82,277248
37392,0.001093,172.31.47.0-255,66,44874,82,277248
37393,0.00111,216.58.221.0-255,1484,46358,82,277248
37394,0.001113,172.31.47.0-255,66,46424,82,277248
37395,0.001124,216.58.221.0-255,2543,48967,82,277248
37396,0.001126,172.31.47.0-255,66,49033,82,277248
37397,0.001243,216.58.221.0-255,1484,50517,82,277248
37398,0.001252,216.58.221.0-255,2902,53419,82,277248
37399,0.001257,172.31.47.0-255,66,53485,82,277248
37400,0.001304,216.58.221.0-255,5738,59223,82,277248
37401,0.001308,172.31.47.0-255,66,59289,82,277248
37402,0.001315,216.58.221.0-255,6797,66086,82,277248
37403,0.001317,172.31.47.0-255,66,66152,82,277248
37404,0.001396,216.58.221.0-255,395,66547,82,277248
37405,0.001735,216.58.221.0-255,113,66660,82,277248
37406,0.001919,216.58.221.0-255,1484,68144,82,277248
37407,0.001923,172.31.47.0-255,66,68210,82,277248
37408,0.001929,216.58.221.0-255,2902,71112,82,277248
37409,0.001932,172.31.47.0-255,66,71178,82,277248
37410,0.003822,216.58.221.0-255,5738,76916,82,277248
37411,0.00383,172.31.47.0-255,66,76982,82,277248
37412,0.005745,216.58.221.0-255,5738,82720,82,277248
37413,0.005752,172.31.47.0-255,66,82786,82,277248
37414,0.007666,216.58.221.0-255,5738,88524,82,277248
37415,0.007673,172.31.47.0-255,66,88590,82,277248
37416,0.009583,216.58.221.0-255,5738,94328,82,277248
37417,0.009591,172.31.47.0-255,66,94394,82,277248
37418,0.011502,216.58.221.0-255,5738,100132,82,277248
37419,0.011509,172.31.47.0-255,66,100198,82,277248
37420,0.013419,216.58.221.0-255,5738,105936,82,277248
37421,0.013427,172.31.47.0-255,66,106002,82,277248
37422,0.01533,216.58.221.0-255,5738,111740,82,277248
37423,0.015336,172.31.47.0-255,66,111806,82,277248
37424,0.017237,216.58.221.0-255,5738,117544,82,277248
37425,0.017243,172.31.47.0-255,66,117610,82,277248
37426,0.019153,216.58.221.0-255,5738,123348,82,277248
37427,0.01916,172.31.47.0-255,66,123414,82,277248
37428,0.021102,216.58.221.0-255,5738,129152,82,277248
37429,0.021108,172.31.47.0-255,66,129218,82,277248
37430,0.023026,216.58.221.0-255,5738,134956,82,277248
37431,0.023034,172.31.47.0-255,66,135022,82,277248
37432,0.023608,172.31.47.0-255,171,135193,82,277248
37433,0.023637,172.31.47.0-255,1130,136323,82,277248
37434,0.023687,172.31.47.0-255,1514,137837,82,277248
37435,0.023688,172.31.47.0-255,1269,139106,82,277248
37436,0.024938,216.58.221.0-255,5738,144844,82,277248
37437,0.024945,172.31.47.0-255,66,144910,82,277248
37438,0.025141,104.244.42.0-255,66,144976,82,277248
37439,0.025167,104.244.42.0-255,66,145042,82,277248
37440,0.025356,104.244.42.0-255,66,145108,82,277248
37441,0.026858,216.58.221.0-255,5738,150846,82,277248
37442,0.026865,172.31.47.0-255,66,150912,82,277248
37443,0.028779,216.58.221.0-255,5738,156650,82,277248
37444,0.028786,172.31.47.0-255,66,156716,82,277248
37445,0.030696,216.58.221.0-255,5738,162454,82,277248
37446,0.030704,172.31.47.0-255,66,162520,82,277248
37447,0.032615,216.58.221.0-255,5738,168258,82,277248
37448,0.032622,172.31.47.0-255,66,168324,82,277248
37449,0.034533,216.58.221.0-255,5738,174062,82,277248
37450,0.034539,172.31.47.0-255,66,174128,82,277248
37451,0.036471,216.58.221.0-255,5738,179866,82,277248
37452,0.036477,172.31.47.0-255,66,179932,82,277248
37453,0.038396,216.58.221.0-255,5738,185670,82,277248
37454,0.038403,172.31.47.0-255,66,185736,82,277248
37455,0.040332,216.58.221.0-255,5738,191474,82,277248
37456,0.040339,172.31.47.0-255,66,191540,82,277248
37457,0.042257,216.58.221.0-255,5738,197278,82,277248
37458,0.042267,172.31.47.0-255,66,197344,82,277248
37459,0.044171,216.58.221.0-255,5738,203082,82,277248
37460,0.044177,172.31.47.0-255,66,203148,82,277248
37461,0.046099,216.58.221.0-255,5738,208886,82,277248
37462,0.046105,172.31.47.0-255,66,208952,82,277248
37463,0.048038,216.58.221.0-255,5738,214690,82,277248
37464,0.048044,172.31.47.0-255,66,214756,82,277248
37465,0.049958,216.58.221.0-255,5738,220494,82,277248
37466,0.049965,172.31.47.0-255,66,220560,82,277248
37467,0.051874,216.58.221.0-255,5738,226298,82,277248
37468,0.05188,172.31.47.0-255,66,226364,82,277248
37469,0.053795,216.58.221.0-255,5738,232102,82,277248
37470,0.053801,172.31.47.0-255,66,232168,82,277248
37471,0.055752,216.58.221.0-255,5738,237906,82,277248
37472,0.055758,172.31.47.0-255,66,237972,82,277248
37473,0.057677,216.58.221.0-255,5738,243710,82,277248
37474,0.057683,172.31.47.0-255,66,243776,82,277248
37475,0.059606,216.58.221.0-255,5738,249514,82,277248
37476,0.059613,172.31.47.0-255,66,249580,82,277248
37477,0.061557,216.58.221.0-255,5738,255318,82,277248
37478,0.061563,172.31.47.0-255,66,255384,82,277248
37479,0.063465,216.58.221.0-255,4320,259704,82,277248
37480,0.063471,172.31.47.0-255,66,259770,82,277248
37481,0.063489,216.58.221.0-255,1484,261254,82,277248
37482,0.065398,216.58.221.0-255,4320,265574,82,277248
37483,0.065413,172.31.47.0-255,66,265640,82,277248
37484,0.067344,216.58.221.0-255,5738,271378,82,277248
37485,0.067357,172.31.47.0-255,66,271444,82,277248
37486,0.069285,216.58.221.0-255,5738,277182,82,277248
37487,0.069298,172.31.47.0-255,66,277248,82,277248
37488,0.0,74.125.24.0-255,153,153,82,353410
37489,2.1e-05,172.31.47.0-255,66,219,82,353410
37490,2.7e-05,74.125.24.0-255,1484,1703,82,353410
37491,3e-05,172.31.47.0-255,66,1769,82,353410
37492,3.4e-05,74.125.24.0-255,2902,4671,82,353410
37493,3.6e-05,172.31.47.0-255,66,4737,82,353410
37494,4.2e-05,74.125.24.0-255,5738,10475,82,353410
37495,4.4e-05,172.31.47.0-255,66,10541,82,353410
37496,8.3e-05,74.125.24.0-255,3500,14041,82,353410
37497,8.6e-05,172.31.47.0-255,66,14107,82,353410
37498,0.000183,74.125.24.0-255,1484,15591,82,353410
37499,0.000187,172.31.47.0-255,66,15657,82,353410
37500,0.000201,74.125.24.0-255,2902,18559,82,353410
37501,0.000203,172.31.47.0-255,66,18625,82,353410
37502,0.000208,74.125.24.0-255,4320,22945,82,353410
37503,0.00021,172.31.47.0-255,66,23011,82,353410
37504,0.000228,74.125.24.0-255,1484,24495,82,353410
37505,0.000231,172.31.47.0-255,66,24561,82,353410
37506,0.000253,74.125.24.0-255,6797,31358,82,353410
37507,0.000256,172.31.47.0-255,66,31424,82,353410
37508,0.000262,74.125.24.0-255,7156,38580,82,353410
37509,0.000264,172.31.47.0-255,66,38646,82,353410
37510,0.000294,74.125.24.0-255,4320,42966,82,353410
37511,0.000297,172.31.47.0-255,66,43032,82,353410
37512,0.000316,74.125.24.0-255,5379,48411,82,353410
37513,0.000319,172.31.47.0-255,66,48477,82,353410
37514,0.000687,74.125.24.0-255,1484,49961,82,353410
37515,0.000691,172.31.47.0-255,66,50027,82,353410
37516,0.000709,74.125.24.0-255,2902,52929,82,353410
37517,0.000712,172.31.47.0-255,66,52995,82,353410
37518,0.000717,74.125.24.0-255,5738,58733,82,353410
37519,0.000719,172.31.47.0-255,66,58799,82,353410
37520,0.000747,74.125.24.0-255,6797,65596,82,353410
37521,0.00075,172.31.47.0-255,66,65662,82,353410
37522,0.000755,74.125.24.0-255,5738,71400,82,353410
37523,0.000757,172.31.47.0-255,66,71466,82,353410
37524,0.000778,74.125.24.0-255,1484,72950,82,353410
37525,0.000783,74.125.24.0-255,4320,77270,82,353410
37526,0.000786,172.31.47.0-255,66,77336,82,353410
37527,0.000814,172.31.47.0-255,66,77402,82,353410
37528,0.000865,74.125.24.0-255,10692,88094,82,353410
37529,0.000868,172.31.47.0-255,66,88160,82,353410
37530,0.000871,74.125.24.0-255,646,88806,82,353410
37531,0.001051,172.31.47.0-255,66,88872,82,353410
37532,0.001124,74.125.24.0-255,1484,90356,82,353410
37533,0.001131,74.125.24.0-255,1484,91840,82,353410
37534,0.001134,172.31.47.0-255,66,91906,82,353410
37535,0.001149,74.125.24.0-255,1484,93390,82,353410
37536,0.001155,74.125.24.0-255,5738,99128,82,353410
37537,0.001157,172.31.47.0-255,66,99194,82,353410
37538,0.001162,74.125.24.0-255,4320,103514,82,353410
37539,0.001164,172.31.47.0-255,66,103580,82,353410
37540,0.001177,74.125.24.0-255,4320,107900,82,353410
37541,0.001179,172.31.47.0-255,66,107966,82,353410
37542,0.001198,74.125.24.0-255,4320,112286,82,353410
37543,0.001201,172.31.47.0-255,66,112352,82,353410
37544,0.001209,74.125.24.0-255,10692,123044,82,353410
37545,0.001211,172.31.47.0-255,66,123110,82,353410
37546,0.001502,74.125.24.0-255,1484,124594,82,353410
37547,0.001509,74.125.24.0-255,2902,127496,82,353410
37548,0.001512,172.31.47.0-255,66,127562,82,353410
37549,0.001519,74.125.24.0-255,5738,133300,82,353410
37550,0.001521,172.31.47.0-255,66,133366,82,353410
37551,0.00156,172.31.47.0-255,66,133432,82,353410
37552,0.001567,74.125.24.0-255,8574,142006,82,353410
37553,0.001569,172.31.47.0-255,66,142072,82,353410
37554,0.001596,74.125.24.0-255,2184,144256,82,353410
37555,0.001598,172.31.47.0-255,66,144322,82,353410
37556,0.001641,74.125.24.0-255,2902,147224,82,353410
37557,0.001643,172.31.47.0-255,66,147290,82,353410
37558,0.001661,74.125.24.0-255,4320,151610,82,353410
37559,0.001663,172.31.47.0-255,66,151676,82,353410
37560,0.001667,74.125.24.0-255,2902,154578,82,353410
37561,0.001669,172.31.47.0-255,66,154644,82,353410
37562,0.001691,74.125.24.0-255,5738,160382,82,353410
37563,0.001693,172.31.47.0-255,66,160448,82,353410
37564,0.001712,74.125.24.0-255,7156,167604,82,353410
37565,0.001714,172.31.47.0-255,66,167670,82,353410
37566,0.001733,74.125.24.0-255,10692,178362,82,353410
37567,0.001736,172.31.47.0-255,66,178428,82,353410
37568,0.001796,74.125.24.0-255,1484,179912,82,353410
37569,0.0018,74.125.24.0-255,2902,182814,82,353410
37570,0.001801,172.31.47.0-255,66,182880,82,353410
37571,0.001805,74.125.24.0-255,2902,185782,82,353410
37572,0.001807,172.31.47.0-255,66,185848,82,353410
37573,0.001818,74.125.24.0-255,2902,188750,82,353410
37574,0.00182,172.31.47.0-255,66,188816,82,353410
37575,0.001831,74.125.24.0-255,1484,190300,82,353410
37576,0.001868,172.31.47.0-255,66,190366,82,353410
37577,0.001876,74.125.24.0-255,10692,201058,82,353410
37578,0.001878,172.31.47.0-255,66,201124,82,353410
37579,0.002027,74.125.24.0-255,1484,202608,82,353410
37580,0.002033,74.125.24.0-255,2902,205510,82,353410
37581,0.002036,172.31.47.0-255,66,205576,82,353410
37582,0.002039,74.125.24.0-255,1484,207060,82,353410
37583,0.002056,74.125.24.0-255,4320,211380,82,353410
37584,0.002059,172.31.47.0-255,66,211446,82,353410
37585,0.002064,74.125.24.0-255,4320,215766,82,353410
37586,0.002066,172.31.47.0-255,66,215832,82,353410
37587,0.002089,74.125.24.0-255,4320,220152,82,353410
37588,0.002092,172.31.47.0-255,66,220218,82,353410
37589,0.002096,74.125.24.0-255,2902,223120,82,353410
37590,0.002097,172.31.47.0-255,66,223186,82,353410
37591,0.00214,172.31.47.0-255,66,223252,82,353410
37592,0.002154,172.31.47.0-255,66,223318,82,353410
37593,0.002195,74.125.24.0-255,9992,233310,82,353410
37594,0.002198,172.31.47.0-255,66,233376,82,353410
37595,0.00222,74.125.24.0-255,5738,239114,82,353410
37596,0.002223,172.31.47.0-255,66,239180,82,353410
37597,0.004318,74.125.24.0-255,5738,244918,82,353410
37598,0.004324,172.31.47.0-255,66,244984,82,353410
37599,0.006376,74.125.24.0-255,2902,247886,82,353410
37600,0.006381,172.31.47.0-255,66,247952,82,353410
37601,0.006407,74.125.24.0-255,2902,250854,82,353410
37602,0.00641,172.31.47.0-255,66,250920,82,353410
37603,0.008443,74.125.24.0-255,2902,253822,82,353410
37604,0.008448,172.31.47.0-255,66,253888,82,353410
37605,0.008493,74.125.24.0-255,2902,256790,82,353410
37606,0.008497,172.31.47.0-255,66,256856,82,353410
37607,0.010518,74.125.24.0-255,2902,259758,82,353410
37608,0.010524,172.31.47.0-255,66,259824,82,353410
37609,0.010608,74.125.24.0-255,2902,262726,82,353410
37610,0.010613,172.31.47.0-255,66,262792,82,353410
37611,0.012644,74.125.24.0-255,2902,265694,82,353410
37612,0.012652,172.31.47.0-255,66,265760,82,353410
37613,0.012697,74.125.24.0-255,2902,268662,82,353410
37614,0.012701,172.31.47.0-255,66,268728,82,353410
37615,0.014756,74.125.24.0-255,2902,271630,82,353410
37616,0.014761,172.31.47.0-255,66,271696,82,353410
37617,0.014802,74.125.24.0-255,2902,274598,82,353410
37618,0.014806,172.31.47.0-255,66,274664,82,353410
37619,0.016857,74.125.24.0-255,2902,277566,82,353410
37620,0.016863,172.31.47.0-255,66,277632,82,353410
37621,0.0169,74.125.24.0-255,2902,280534,82,353410
37622,0.016904,172.31.47.0-255,66,280600,82,353410
37623,0.018932,74.125.24.0-255,2902,283502,82,353410
37624,0.018939,172.31.47.0-255,66,283568,82,353410
37625,0.018984,74.125.24.0-255,2902,286470,82,353410
37626,0.018989,172.31.47.0-255,66,286536,82,353410
37627,0.021039,74.125.24.0-255,2902,289438,82,353410
37628,0.021046,172.31.47.0-255,66,289504,82,353410
37629,0.021095,74.125.24.0-255,2902,292406,82,353410
37630,0.0211,172.31.47.0-255,66,292472,82,353410
37631,0.023151,74.125.24.0-255,2902,295374,82,353410
37632,0.023157,172.31.47.0-255,66,295440,82,353410
37633,0.023188,74.125.24.0-255,2902,298342,82,353410
37634,0.023191,172.31.47.0-255,66,298408,82,353410
37635,0.025217,74.125.24.0-255,2902,301310,82,353410
37636,0.025225,172.31.47.0-255,66,301376,82,353410
37637,0.025292,74.125.24.0-255,2902,304278,82,353410
37638,0.025297,172.31.47.0-255,66,304344,82,353410
37639,0.025752,172.31.47.0-255,172,304516,82,353410
37640,0.025779,172.31.47.0-255,1112,305628,82,353410
37641,0.025808,172.31.47.0-255,1514,307142,82,353410
37642,0.025809,172.31.47.0-255,1289,308431,82,353410
37643,0.027288,104.244.42.0-255,66,308497,82,353410
37644,0.02732,74.125.24.0-255,2902,311399,82,353410
37645,0.027325,172.31.47.0-255,66,311465,82,353410
37646,0.027364,74.125.24.0-255,2902,314367,82,353410
37647,0.027368,172.31.47.0-255,66,314433,82,353410
37648,0.027439,104.244.42.0-255,66,314499,82,353410
37649,0.02746,104.244.42.0-255,66,314565,82,353410
37650,0.029402,74.125.24.0-255,2902,317467,82,353410
37651,0.029407,172.31.47.0-255,66,317533,82,353410
37652,0.029487,74.125.24.0-255,2902,320435,82,353410
37653,0.02949,172.31.47.0-255,66,320501,82,353410
37654,0.031479,74.125.24.0-255,2902,323403,82,353410
37655,0.031484,172.31.47.0-255,66,323469,82,353410
37656,0.031562,74.125.24.0-255,2902,326371,82,353410
37657,0.031566,172.31.47.0-255,66,326437,82,353410
37658,0.033598,74.125.24.0-255,2902,329339,82,353410
37659,0.033603,172.31.47.0-255,66,329405,82,353410
37660,0.033687,74.125.24.0-255,2902,332307,82,353410
37661,0.033692,172.31.47.0-255,66,332373,82,353410
37662,0.035689,74.125.24.0-255,2902,335275,82,353410
37663,0.035693,172.31.47.0-255,66,335341,82,353410
37664,0.03574,74.125.24.0-255,1484,336825,82,353410
37665,0.035752,74.125.24.0-255,1484,338309,82,353410
37666,0.035754,172.31.47.0-255,66,338375,82,353410
37667,0.037781,74.125.24.0-255,2902,341277,82,353410
37668,0.037785,172.31.47.0-255,66,341343,82,353410
37669,0.037828,74.125.24.0-255,2902,344245,82,353410
37670,0.037831,172.31.47.0-255,66,344311,82,353410
37671,0.039857,74.125.24.0-255,2902,347213,82,353410
37672,0.039862,172.31.47.0-255,66,347279,82,353410
37673,0.039895,74.125.24.0-255,1484,348763,82,353410
37674,0.039913,74.125.24.0-255,1484,350247,82,353410
37675,0.039917,172.31.47.0-255,66,350313,82,353410
37676,0.041938,74.125.24.0-255,2860,353173,82,353410
37677,0.041943,172.31.47.0-255,66,353239,82,353410
37678,0.042096,172.31.47.0-255,105,353344,82,353410
37679,0.044134,74.125.24.0-255,66,353410,82,353410
37680,0.0,74.125.200.0-255,153,153,82,381148
37681,2.5e-05,172.31.47.0-255,66,219,82,381148
37682,3.9e-05,74.125.200.0-255,1484,1703,82,381148
37683,4.8e-05,172.31.47.0-255,66,1769,82,381148
37684,5.3e-05,74.125.200.0-255,2902,4671,82,381148
37685,5.6e-05,172.31.47.0-255,66,4737,82,381148
37686,5.8e-05,74.125.200.0-255,1484,6221,82,381148
37687,6e-05,172.31.47.0-255,66,6287,82,381148
37688,9.2e-05,74.125.200.0-255,2902,9189,82,381148
37689,9.5e-05,172.31.47.0-255,66,9255,82,381148
37690,9.7e-05,74.125.200.0-255,1484,10739,82,381148
37691,9.9e-05,172.31.47.0-255,66,10805,82,381148
37692,0.000125,74.125.200.0-255,3429,14234,82,381148
37693,0.000131,172.31.47.0-255,66,14300,82,381148
37694,0.000182,74.125.200.0-255,1484,15784,82,381148
37695,0.000184,172.31.47.0-255,66,15850,82,381148
37696,0.000209,74.125.200.0-255,2902,18752,82,381148
37697,0.000212,172.31.47.0-255,66,18818,82,381148
37698,0.000236,74.125.200.0-255,4320,23138,82,381148
37699,0.000238,172.31.47.0-255,66,23204,82,381148
37700,0.000286,74.125.200.0-255,5738,28942,82,381148
37701,0.000289,172.31.47.0-255,66,29008,82,381148
37702,0.000315,74.125.200.0-255,2543,31551,82,381148
37703,0.000317,172.31.47.0-255,66,31617,82,381148
37704,0.000322,74.125.200.0-255,4320,35937,82,381148
37705,0.000324,172.31.47.0-255,66,36003,82,381148
37706,0.000353,74.125.200.0-255,5738,41741,82,381148
37707,0.000356,172.31.47.0-255,66,41807,82,381148
37708,0.000362,74.125.200.0-255,5738,47545,82,381148
37709,0.000364,172.31.47.0-255,66,47611,82,381148
37710,0.000394,74.125.200.0-255,1125,48736,82,381148
37711,0.000397,172.31.47.0-255,66,48802,82,381148
37712,0.000591,74.125.200.0-255,1484,50286,82,381148
37713,0.000595,74.125.200.0-255,1484,51770,82,381148
37714,0.000599,172.31.47.0-255,66,51836,82,381148
37715,0.000617,74.125.200.0-255,1484,53320,82,381148
37716,0.000624,74.125.200.0-255,5738,59058,82,381148
37717,0.000626,172.31.47.0-255,66,59124,82,381148
37718,0.000632,74.125.200.0-255,6797,65921,82,381148
37719,0.000634,172.31.47.0-255,66,65987,82,381148
37720,0.000636,74.125.200.0-255,649,66636,82,381148
37721,0.000717,172.31.47.0-255,66,66702,82,381148
37722,0.000983,74.125.200.0-255,1484,68186,82,381148
37723,0.000991,74.125.200.0-255,1484,69670,82,381148
37724,0.000995,172.31.47.0-255,66,69736,82,381148
37725,0.00102,74.125.200.0-255,1484,71220,82,381148
37726,0.001025,74.125.200.0-255,2902,74122,82,381148
37727,0.001027,172.31.47.0-255,66,74188,82,381148
37728,0.001032,74.125.200.0-255,4320,78508,82,381148
37729,0.001034,172.31.47.0-255,66,78574,82,381148
37730,0.001064,74.125.200.0-255,8574,87148,82,381148
37731,0.001066,172.31.47.0-255,66,87214,82,381148
37732,0.001071,74.125.200.0-255,5738,92952,82,381148
37733,0.001073,172.31.47.0-255,66,93018,82,381148
37734,0.001092,74.125.200.0-255,1484,94502,82,381148
37735,0.001117,74.125.200.0-255,2902,97404,82,381148
37736,0.001132,74.125.200.0-255,3602,101006,82,381148
37737,0.001146,172.31.47.0-255,66,101072,82,381148
37738,0.001442,74.125.200.0-255,1484,102556,82,381148
37739,0.001447,74.125.200.0-255,1484,104040,82,381148
37740,0.001456,74.125.200.0-255,1484,105524,82,381148
37741,0.001467,74.125.200.0-255,2902,108426,82,381148
37742,0.001487,74.125.200.0-255,4320,112746,82,381148
37743,0.001511,74.125.200.0-255,8574,121320,82,381148
37744,0.001531,74.125.200.0-255,8574,129894,82,381148
37745,0.001566,74.125.200.0-255,2902,132796,82,381148
37746,0.001581,74.125.200.0-255,2184,134980,82,381148
37747,0.002003,74.125.200.0-255,1484,136464,82,381148
37748,0.002018,74.125.200.0-255,2902,139366,82,381148
37749,0.002021,74.125.200.0-255,1484,140850,82,381148
37750,0.002036,74.125.200.0-255,2902,143752,82,381148
37751,0.002038,74.125.200.0-255,1484,145236,82,381148
37752,0.002057,74.125.200.0-255,4320,149556,82,381148
37753,0.002077,74.125.200.0-255,2902,152458,82,381148
37754,0.002098,74.125.200.0-255,9992,162450,82,381148
37755,0.00213,74.125.200.0-255,6438,168888,82,381148
37756,0.002159,74.125.200.0-255,2902,171790,82,381148
37757,0.002173,74.125.200.0-255,4320,176110,82,381148
37758,0.002175,74.125.200.0-255,1484,177594,82,381148
37759,0.002198,74.125.200.0-255,2902,180496,82,381148
37760,0.002203,74.125.200.0-255,5738,186234,82,381148
37761,0.002217,74.125.200.0-255,1484,187718,82,381148
37762,0.002237,74.125.200.0-255,9992,197710,82,381148
37763,0.002241,74.125.200.0-255,4320,202030,82,381148
37764,0.002262,74.125.200.0-255,766,202796,82,381148
37765,0.003237,172.31.47.0-255,66,202862,82,381148
37766,0.005544,74.125.200.0-255,5738,208600,82,381148
37767,0.005551,172.31.47.0-255,66,208666,82,381148
37768,0.007846,74.125.200.0-255,5738,214404,82,381148
37769,0.007852,172.31.47.0-255,66,214470,82,381148
37770,0.010118,74.125.200.0-255,5738,220208,82,381148
37771,0.010124,172.31.47.0-255,66,220274,82,381148
37772,0.012381,74.125.200.0-255,5738,226012,82,381148
37773,0.012389,172.31.47.0-255,66,226078,82,381148
37774,0.014659,74.125.200.0-255,5738,231816,82,381148
37775,0.014668,172.31.47.0-255,66,231882,82,381148
37776,0.016937,74.125.200.0-255,5738,237620,82,381148
37777,0.016944,172.31.47.0-255,66,237686,82,381148
37778,0.019202,74.125.200.0-255,5738,243424,82,381148
37779,0.019209,172.31.47.0-255,66,243490,82,381148
37780,0.02148,74.125.200.0-255,5738,249228,82,381148
37781,0.021487,172.31.47.0-255,66,249294,82,381148
37782,0.023769,74.125.200.0-255,5738,255032,82,381148
37783,0.023776,172.31.47.0-255,66,255098,82,381148
37784,0.026039,74.125.200.0-255,5738,260836,82,381148
37785,0.026043,172.31.47.0-255,172,261008,82,381148
37786,0.026044,172.31.47.0-255,66,261074,82,381148
37787,0.026082,172.31.47.0-255,1112,262186,82,381148
37788,0.026228,172.31.47.0-255,1514,263700,82,381148
37789,0.02623,172.31.47.0-255,1514,265214,82,381148
37790,0.026231,172.31.47.0-255,1514,266728,82,381148
37791,0.026232,172.31.47.0-255,1066,267794,82,381148
37792,0.027595,104.244.42.0-255,66,267860,82,381148
37793,0.027648,104.244.42.0-255,66,267926,82,381148
37794,0.027815,104.244.42.0-255,66,267992,82,381148
37795,0.027819,104.244.42.0-255,66,268058,82,381148
37796,0.028284,74.125.200.0-255,2902,270960,82,381148
37797,0.028288,172.31.47.0-255,66,271026,82,381148
37798,0.028326,74.125.200.0-255,2902,273928,82,381148
37799,0.028329,172.31.47.0-255,66,273994,82,381148
37800,0.030543,74.125.200.0-255,2902,276896,82,381148
37801,0.030548,172.31.47.0-255,66,276962,82,381148
37802,0.030582,74.125.200.0-255,2902,279864,82,381148
37803,0.030585,172.31.47.0-255,66,279930,82,381148
37804,0.030984,104.244.42.0-255,108,280038,82,381148
37805,0.030989,172.31.47.0-255,66,280104,82,381148
37806,0.032799,74.125.200.0-255,2902,283006,82,381148
37807,0.032803,172.31.47.0-255,66,283072,82,381148
37808,0.032838,74.125.200.0-255,2902,285974,82,381148
37809,0.032841,172.31.47.0-255,66,286040,82,381148
37810,0.035053,74.125.200.0-255,2902,288942,82,381148
37811,0.035059,172.31.47.0-255,66,289008,82,381148
37812,0.035107,74.125.200.0-255,2902,291910,82,381148
37813,0.035112,172.31.47.0-255,66,291976,82,381148
37814,0.037314,74.125.200.0-255,2902,294878,82,381148
37815,0.037319,172.31.47.0-255,66,294944,82,381148
37816,0.037358,74.125.200.0-255,2902,297846,82,381148
37817,0.037361,172.31.47.0-255,66,297912,82,381148
37818,0.039575,74.125.200.0-255,2902,300814,82,381148
37819,0.03958,172.31.47.0-255,66,300880,82,381148
37820,0.03963,74.125.200.0-255,2902,303782,82,381148
37821,0.039633,172.31.47.0-255,66,303848,82,381148
37822,0.041842,74.125.200.0-255,2902,306750,82,381148
37823,0.041846,172.31.47.0-255,66,306816,82,381148
37824,0.041877,74.125.200.0-255,2902,309718,82,381148
37825,0.04188,172.31.47.0-255,66,309784,82,381148
37826,0.044102,74.125.200.0-255,2902,312686,82,381148
37827,0.044107,172.31.47.0-255,66,312752,82,381148
37828,0.044138,74.125.200.0-255,2902,315654,82,381148
37829,0.044141,172.31.47.0-255,66,315720,82,381148
37830,0.046368,74.125.200.0-255,2902,318622,82,381148
37831,0.046374,172.31.47.0-255,66,318688,82,381148
37832,0.046405,74.125.200.0-255,2902,321590,82,381148
37833,0.046409,172.31.47.0-255,66,321656,82,381148
37834,0.048636,74.125.200.0-255,2902,324558,82,381148
37835,0.048641,172.31.47.0-255,66,324624,82,381148
37836,0.048668,74.125.200.0-255,2902,327526,82,381148
37837,0.048671,172.31.47.0-255,66,327592,82,381148
37838,0.050889,74.125.200.0-255,2902,330494,82,381148
37839,0.050894,172.31.47.0-255,66,330560,82,381148
37840,0.05092,74.125.200.0-255,1484,332044,82,381148
37841,0.050931,74.125.200.0-255,1484,333528,82,381148
37842,0.050933,172.31.47.0-255,66,333594,82,381148
37843,0.053152,74.125.200.0-255,2902,336496,82,381148
37844,0.053156,172.31.47.0-255,66,336562,82,381148
37845,0.053189,74.125.200.0-255,2902,339464,82,381148
37846,0.053192,172.31.47.0-255,66,339530,82,381148
37847,0.055422,74.125.200.0-255,2902,342432,82,381148
37848,0.055426,172.31.47.0-255,66,342498,82,381148
37849,0.055454,74.125.200.0-255,2902,345400,82,381148
37850,0.055456,172.31.47.0-255,66,345466,82,381148
37851,0.057696,74.125.200.0-255,2902,348368,82,381148
37852,0.057701,172.31.47.0-255,66,348434,82,381148
37853,0.057737,74.125.200.0-255,2902,351336,82,381148
37854,0.057741,172.31.47.0-255,66,351402,82,381148
37855,0.059945,74.125.200.0-255,2902,354304,82,381148
37856,0.05995,172.31.47.0-255,66,354370,82,381148
37857,0.059987,74.125.200.0-255,1484,355854,82,381148
37858,0.060002,74.125.200.0-255,1484,357338,82,381148
37859,0.060005,172.31.47.0-255,66,357404,82,381148
37860,0.062206,74.125.200.0-255,2902,360306,82,381148
37861,0.062211,172.31.47.0-255,66,360372,82,381148
37862,0.062256,74.125.200.0-255,2902,363274,82,381148
37863,0.06226,172.31.47.0-255,66,363340,82,381148
37864,0.064459,74.125.200.0-255,2902,366242,82,381148
37865,0.064464,172.31.47.0-255,66,366308,82,381148
37866,0.064509,74.125.200.0-255,2902,369210,82,381148
37867,0.064512,172.31.47.0-255,66,369276,82,381148
37868,0.06671,74.125.200.0-255,2902,372178,82,381148
37869,0.066715,172.31.47.0-255,66,372244,82,381148
37870,0.066758,74.125.200.0-255,2902,375146,82,381148
37871,0.066762,172.31.47.0-255,66,375212,82,381148
37872,0.068965,74.125.200.0-255,2902,378114,82,381148
37873,0.06897,172.31.47.0-255,66,378180,82,381148
37874,0.06901,74.125.200.0-255,2902,381082,82,381148
37875,0.069014,172.31.47.0-255,66,381148,82,381148
37876,0.0,74.125.24.0-255,153,153,82,282034
37877,1.4e-05,172.31.47.0-255,66,219,82,282034
37878,2.1e-05,74.125.24.0-255,1484,1703,82,282034
37879,2.5e-05,172.31.47.0-255,66,1769,82,282034
37880,3.7e-05,74.125.24.0-255,2902,4671,82,282034
37881,4.2e-05,172.31.47.0-255,66,4737,82,282034
37882,4.8e-05,74.125.24.0-255,5738,10475,82,282034
37883,5.2e-05,172.31.47.0-255,66,10541,82,282034
37884,0.000101,74.125.24.0-255,3544,14085,82,282034
37885,0.000104,172.31.47.0-255,66,14151,82,282034
37886,0.00011,74.125.24.0-255,4320,18471,82,282034
37887,0.000113,172.31.47.0-255,66,18537,82,282034
37888,0.000146,74.125.24.0-255,9992,28529,82,282034
37889,0.000149,172.31.47.0-255,66,28595,82,282034
37890,0.000177,74.125.24.0-255,2543,31138,82,282034
37891,0.000179,172.31.47.0-255,66,31204,82,282034
37892,0.00036,74.125.24.0-255,1484,32688,82,282034
37893,0.000366,172.31.47.0-255,66,32754,82,282034
37894,0.000372,74.125.24.0-255,2902,35656,82,282034
37895,0.000374,172.31.47.0-255,66,35722,82,282034
37896,0.000384,74.125.24.0-255,4320,40042,82,282034
37897,0.000387,172.31.47.0-255,66,40108,82,282034
37898,0.00044,74.125.24.0-255,8215,48323,82,282034
37899,0.000443,172.31.47.0-255,66,48389,82,282034
37900,0.000483,74.125.24.0-255,8574,56963,82,282034
37901,0.000486,172.31.47.0-255,66,57029,82,282034
37902,0.000492,74.125.24.0-255,5738,62767,82,282034
37903,0.000494,172.31.47.0-255,66,62833,82,282034
37904,0.000543,74.125.24.0-255,2920,65753,82,282034
37905,0.000546,172.31.47.0-255,66,65819,82,282034
37906,0.000654,74.125.24.0-255,332,66151,82,282034
37907,0.000658,172.31.47.0-255,66,66217,82,282034
37908,0.001184,74.125.24.0-255,1484,67701,82,282034
37909,0.001205,74.125.24.0-255,2902,70603,82,282034
37910,0.001208,172.31.47.0-255,66,70669,82,282034
37911,0.001232,74.125.24.0-255,5738,76407,82,282034
37912,0.001235,172.31.47.0-255,66,76473,82,282034
37913,0.001279,172.31.47.0-255,66,76539,82,282034
37914,0.001288,74.125.24.0-255,8574,85113,82,282034
37915,0.001294,172.31.47.0-255,66,85179,82,282034
37916,0.00132,74.125.24.0-255,2184,87363,82,282034
37917,0.001322,172.31.47.0-255,66,87429,82,282034
37918,0.001555,74.125.24.0-255,1484,88913,82,282034
37919,0.001561,74.125.24.0-255,2902,91815,82,282034
37920,0.001564,172.31.47.0-255,66,91881,82,282034
37921,0.0016,74.125.24.0-255,5738,97619,82,282034
37922,0.001602,172.31.47.0-255,66,97685,82,282034
37923,0.001621,172.31.47.0-255,66,97751,82,282034
37924,0.001625,74.125.24.0-255,2902,100653,82,282034
37925,0.001627,172.31.47.0-255,66,100719,82,282034
37926,0.001656,74.125.24.0-255,7856,108575,82,282034
37927,0.001659,172.31.47.0-255,66,108641,82,282034
37928,0.003983,74.125.24.0-255,5738,114379,82,282034
37929,0.003991,172.31.47.0-255,66,114445,82,282034
37930,0.00629,74.125.24.0-255,5738,120183,82,282034
37931,0.006295,172.31.47.0-255,66,120249,82,282034
37932,0.008609,74.125.24.0-255,5738,125987,82,282034
37933,0.008615,172.31.47.0-255,66,126053,82,282034
37934,0.010912,74.125.24.0-255,5738,131791,82,282034
37935,0.010919,172.31.47.0-255,66,131857,82,282034
37936,0.013232,74.125.24.0-255,5738,137595,82,282034
37937,0.013242,172.31.47.0-255,66,137661,82,282034
37938,0.015603,74.125.24.0-255,5738,143399,82,282034
37939,0.015611,172.31.47.0-255,66,143465,82,282034
37940,0.017928,74.125.24.0-255,5738,149203,82,282034
37941,0.017935,172.31.47.0-255,66,149269,82,282034
37942,0.020238,74.125.24.0-255,5738,155007,82,282034
37943,0.020247,172.31.47.0-255,66,155073,82,282034
37944,0.022571,74.125.24.0-255,5738,160811,82,282034
37945,0.022578,172.31.47.0-255,66,160877,82,282034
37946,0.024909,74.125.24.0-255,5738,166615,82,282034
37947,0.024917,172.31.47.0-255,66,166681,82,282034
37948,0.02722,74.125.24.0-255,5738,172419,82,282034
37949,0.027226,172.31.47.0-255,66,172485,82,282034
37950,0.027365,172.31.47.0-255,172,172657,82,282034
37951,0.0274,172.31.47.0-255,1111,173768,82,282034
37952,0.027497,172.31.47.0-255,1514,175282,82,282034
37953,0.027498,172.31.47.0-255,1290,176572,82,282034
37954,0.02888,104.244.42.0-255,66,176638,82,282034
37955,0.028989,104.244.42.0-255,66,176704,82,282034
37956,0.029009,104.244.42.0-255,66,176770,82,282034
37957,0.029585,74.125.24.0-255,5738,182508,82,282034
37958,0.029592,172.31.47.0-255,66,182574,82,282034
37959,0.031912,74.125.24.0-255,5738,188312,82,282034
37960,0.031919,172.31.47.0-255,66,188378,82,282034
37961,0.034238,74.125.24.0-255,5738,194116,82,282034
37962,0.034244,172.31.47.0-255,66,194182,82,282034
37963,0.036542,74.125.24.0-255,5738,199920,82,282034
37964,0.036548,172.31.47.0-255,66,199986,82,282034
37965,0.038876,74.125.24.0-255,5738,205724,82,282034
37966,0.038881,172.31.47.0-255,66,205790,82,282034
37967,0.041205,74.125.24.0-255,5738,211528,82,282034
37968,0.041215,172.31.47.0-255,66,211594,82,282034
37969,0.04354,74.125.24.0-255,5738,217332,82,282034
37970,0.043546,172.31.47.0-255,66,217398,82,282034
37971,0.045868,74.125.24.0-255,5738,223136,82,282034
37972,0.045874,172.31.47.0-255,66,223202,82,282034
37973,0.048209,74.125.24.0-255,5738,228940,82,282034
37974,0.048216,172.31.47.0-255,66,229006,82,282034
37975,0.050536,74.125.24.0-255,5738,234744,82,282034
37976,0.050544,172.31.47.0-255,66,234810,82,282034
37977,0.052873,74.125.24.0-255,5738,240548,82,282034
37978,0.052879,172.31.47.0-255,66,240614,82,282034
37979,0.055199,74.125.24.0-255,5738,246352,82,282034
37980,0.055204,172.31.47.0-255,66,246418,82,282034
37981,0.057501,74.125.24.0-255,5738,252156,82,282034
37982,0.057506,172.31.47.0-255,66,252222,82,282034
37983,0.059829,74.125.24.0-255,2902,255124,82,282034
37984,0.059834,172.31.47.0-255,66,255190,82,282034
37985,0.059861,74.125.24.0-255,2902,258092,82,282034
37986,0.059864,172.31.47.0-255,66,258158,82,282034
37987,0.062164,74.125.24.0-255,2902,261060,82,282034
37988,0.06217,172.31.47.0-255,66,261126,82,282034
37989,0.062206,74.125.24.0-255,1484,262610,82,282034
37990,0.062221,74.125.24.0-255,1484,264094,82,282034
37991,0.062223,172.31.47.0-255,66,264160,82,282034
37992,0.0645,74.125.24.0-255,2902,267062,82,282034
37993,0.064506,172.31.47.0-255,66,267128,82,282034
37994,0.064533,74.125.24.0-255,1484,268612,82,282034
37995,0.06455,74.125.24.0-255,1484,270096,82,282034
37996,0.064553,172.31.47.0-255,66,270162,82,282034
37997,0.066831,74.125.24.0-255,2902,273064,82,282034
37998,0.066837,172.31.47.0-255,66,273130,82,282034
37999,0.06687,74.125.24.0-255,2902,276032,82,282034
38000,0.066873,172.31.47.0-255,66,276098,82,282034
38001,0.069139,74.125.24.0-255,2902,279000,82,282034
38002,0.069144,172.31.47.0-255,66,279066,82,282034
38003,0.069171,74.125.24.0-255,2902,281968,82,282034
38004,0.069174,172.31.47.0-255,66,282034,82,282034
38005,0.0,172.31.47.0-255,105,105,82,105
38006,0.0,74.125.24.0-255,153,153,82,283377
38007,3.2e-05,172.31.47.0-255,66,219,82,283377
38008,3.8e-05,74.125.24.0-255,1484,1703,82,283377
38009,4.2e-05,172.31.47.0-255,66,1769,82,283377
38010,4.6e-05,74.125.24.0-255,2902,4671,82,283377
38011,4.8e-05,172.31.47.0-255,66,4737,82,283377
38012,5.8e-05,74.125.24.0-255,2902,7639,82,283377
38013,6.1e-05,172.31.47.0-255,66,7705,82,283377
38014,6.6e-05,74.125.24.0-255,4320,12025,82,283377
38015,6.8e-05,172.31.47.0-255,66,12091,82,283377
38016,9.7e-05,74.125.24.0-255,2181,14272,82,283377
38017,9.9e-05,172.31.47.0-255,66,14338,82,283377
38018,0.000181,74.125.24.0-255,1484,15822,82,283377
38019,0.000185,172.31.47.0-255,66,15888,82,283377
38020,0.000189,74.125.24.0-255,1484,17372,82,283377
38021,0.00019,172.31.47.0-255,66,17438,82,283377
38022,0.000209,74.125.24.0-255,1484,18922,82,283377
38023,0.000211,172.31.47.0-255,66,18988,82,283377
38024,0.000247,74.125.24.0-255,5738,24726,82,283377
38025,0.00025,172.31.47.0-255,66,24792,82,283377
38026,0.000256,74.125.24.0-255,6797,31589,82,283377
38027,0.000258,172.31.47.0-255,66,31655,82,283377
38028,0.00028,74.125.24.0-255,4320,35975,82,283377
38029,0.000287,172.31.47.0-255,66,36041,82,283377
38030,0.000312,74.125.24.0-255,2902,38943,82,283377
38031,0.000315,172.31.47.0-255,66,39009,82,283377
38032,0.000322,74.125.24.0-255,7156,46165,82,283377
38033,0.000324,172.31.47.0-255,66,46231,82,283377
38034,0.000361,172.31.47.0-255,66,46297,82,283377
38035,0.000366,74.125.24.0-255,3602,49899,82,283377
38036,0.000367,172.31.47.0-255,66,49965,82,283377
38037,0.00037,74.125.24.0-255,401,50366,82,283377
38038,0.000535,74.125.24.0-255,109,50475,82,283377
38039,0.000713,172.31.47.0-255,66,50541,82,283377
38040,0.000805,74.125.24.0-255,1484,52025,82,283377
38041,0.000822,74.125.24.0-255,2902,54927,82,283377
38042,0.000825,172.31.47.0-255,66,54993,82,283377
38043,0.000833,74.125.24.0-255,5738,60731,82,283377
38044,0.000835,172.31.47.0-255,66,60797,82,283377
38045,0.000849,74.125.24.0-255,1484,62281,82,283377
38046,0.000878,74.125.24.0-255,8574,70855,82,283377
38047,0.000881,172.31.47.0-255,66,70921,82,283377
38048,0.000889,74.125.24.0-255,8574,79495,82,283377
38049,0.000891,172.31.47.0-255,66,79561,82,283377
38050,0.000916,74.125.24.0-255,2902,82463,82,283377
38051,0.000919,172.31.47.0-255,66,82529,82,283377
38052,0.000923,74.125.24.0-255,2184,84713,82,283377
38053,0.000925,172.31.47.0-255,66,84779,82,283377
38054,0.001352,74.125.24.0-255,1484,86263,82,283377
38055,0.001358,74.125.24.0-255,2902,89165,82,283377
38056,0.001362,172.31.47.0-255,66,89231,82,283377
38057,0.001368,74.125.24.0-255,5738,94969,82,283377
38058,0.00137,172.31.47.0-255,66,95035,82,283377
38059,0.001409,172.31.47.0-255,66,95101,82,283377
38060,0.001458,74.125.24.0-255,10692,105793,82,283377
38061,0.00146,172.31.47.0-255,66,105859,82,283377
38062,0.002034,74.125.24.0-255,1484,107343,82,283377
38063,0.00205,74.125.24.0-255,2902,110245,82,283377
38064,0.002052,172.31.47.0-255,66,110311,82,283377
38065,0.002087,74.125.24.0-255,5738,116049,82,283377
38066,0.002089,172.31.47.0-255,66,116115,82,283377
38067,0.002095,74.125.24.0-255,7156,123271,82,283377
38068,0.002096,172.31.47.0-255,66,123337,82,283377
38069,0.002128,172.31.47.0-255,66,123403,82,283377
38070,0.00215,74.125.24.0-255,2902,126305,82,283377
38071,0.002152,172.31.47.0-255,66,126371,82,283377
38072,0.002155,74.125.24.0-255,2184,128555,82,283377
38073,0.002157,172.31.47.0-255,66,128621,82,283377
38074,0.002199,74.125.24.0-255,1484,130105,82,283377
38075,0.002214,74.125.24.0-255,2902,133007,82,283377
38076,0.002216,172.31.47.0-255,66,133073,82,283377
38077,0.002238,74.125.24.0-255,5738,138811,82,283377
38078,0.00224,172.31.47.0-255,66,138877,82,283377
38079,0.002271,172.31.47.0-255,66,138943,82,283377
38080,0.00231,74.125.24.0-255,10692,149635,82,283377
38081,0.002312,172.31.47.0-255,66,149701,82,283377
38082,0.002333,74.125.24.0-255,1484,151185,82,283377
38083,0.002348,74.125.24.0-255,2902,154087,82,283377
38084,0.00235,172.31.47.0-255,66,154153,82,283377
38085,0.002378,74.125.24.0-255,5738,159891,82,283377
38086,0.00238,172.31.47.0-255,66,159957,82,283377
38087,0.002391,74.125.24.0-255,2902,162859,82,283377
38088,0.002395,172.31.47.0-255,66,162925,82,283377
38089,0.002423,74.125.24.0-255,7156,170081,82,283377
38090,0.002425,172.31.47.0-255,66,170147,82,283377
38091,0.00243,74.125.24.0-255,5738,175885,82,283377
38092,0.002432,172.31.47.0-255,66,175951,82,283377
38093,0.002437,74.125.24.0-255,5738,181689,82,283377
38094,0.002439,172.31.47.0-255,66,181755,82,283377
38095,0.002465,74.125.24.0-255,2184,183939,82,283377
38096,0.002467,172.31.47.0-255,66,184005,82,283377
38097,0.002497,74.125.24.0-255,1484,185489,82,283377
38098,0.002506,74.125.24.0-255,2902,188391,82,283377
38099,0.002508,172.31.47.0-255,66,188457,82,283377
38100,0.002538,74.125.24.0-255,5738,194195,82,283377
38101,0.00254,172.31.47.0-255,66,194261,82,283377
38102,0.002544,74.125.24.0-255,4320,198581,82,283377
38103,0.002546,172.31.47.0-255,66,198647,82,283377
38104,0.002548,74.125.24.0-255,1484,200131,82,283377
38105,0.00257,74.125.24.0-255,1484,201615,82,283377
38106,0.002572,172.31.47.0-255,66,201681,82,283377
38107,0.002598,172.31.47.0-255,66,201747,82,283377
38108,0.002603,74.125.24.0-255,3602,205349,82,283377
38109,0.002605,172.31.47.0-255,66,205415,82,283377
38110,0.002698,74.125.24.0-255,1484,206899,82,283377
38111,0.002702,74.125.24.0-255,2902,209801,82,283377
38112,0.002704,172.31.47.0-255,66,209867,82,283377
38113,0.002709,74.125.24.0-255,5738,215605,82,283377
38114,0.002712,172.31.47.0-255,66,215671,82,283377
38115,0.002743,172.31.47.0-255,66,215737,82,283377
38116,0.002747,74.125.24.0-255,4320,220057,82,283377
38117,0.002749,172.31.47.0-255,66,220123,82,283377
38118,0.002768,74.125.24.0-255,4320,224443,82,283377
38119,0.002775,172.31.47.0-255,66,224509,82,283377
38120,0.002792,74.125.24.0-255,2184,226693,82,283377
38121,0.002794,172.31.47.0-255,66,226759,82,283377
38122,0.002835,74.125.24.0-255,2902,229661,82,283377
38123,0.002837,172.31.47.0-255,66,229727,82,283377
38124,0.002877,74.125.24.0-255,1484,231211,82,283377
38125,0.002893,74.125.24.0-255,2902,234113,82,283377
38126,0.002895,172.31.47.0-255,66,234179,82,283377
38127,0.002902,74.125.24.0-255,8574,242753,82,283377
38128,0.002904,172.31.47.0-255,66,242819,82,283377
38129,0.002921,172.31.47.0-255,66,242885,82,283377
38130,0.002952,74.125.24.0-255,6438,249323,82,283377
38131,0.002955,172.31.47.0-255,66,249389,82,283377
38132,0.002971,172.31.47.0-255,66,249455,82,283377
38133,0.002982,74.125.24.0-255,7156,256611,82,283377
38134,0.002984,172.31.47.0-255,66,256677,82,283377
38135,0.00301,74.125.24.0-255,2902,259579,82,283377
38136,0.003012,172.31.47.0-255,66,259645,82,283377
38137,0.003047,172.31.47.0-255,66,259711,82,283377
38138,0.003052,74.125.24.0-255,4320,264031,82,283377
38139,0.003054,172.31.47.0-255,66,264097,82,283377
38140,0.003077,74.125.24.0-255,9992,274089,82,283377
38141,0.003079,172.31.47.0-255,66,274155,82,283377
38142,0.003117,172.31.47.0-255,66,274221,82,283377
38143,0.003121,74.125.24.0-255,3602,277823,82,283377
38144,0.003123,172.31.47.0-255,66,277889,82,283377
38145,0.003126,74.125.24.0-255,797,278686,82,283377
38146,0.003133,74.125.24.0-255,105,278791,82,283377
38147,0.008262,172.31.47.0-255,66,278857,82,283377
38148,0.008284,172.31.47.0-255,105,278962,82,283377
38149,0.01057,74.125.24.0-255,66,279028,82,283377
38150,0.028015,172.31.47.0-255,172,279200,82,283377
38151,0.028045,172.31.47.0-255,1111,280311,82,283377
38152,0.028077,172.31.47.0-255,1514,281825,82,283377
38153,0.028102,172.31.47.0-255,1288,283113,82,283377
38154,0.029558,104.244.42.0-255,66,283179,82,283377
38155,0.029585,104.244.42.0-255,66,283245,82,283377
38156,0.029661,104.244.42.0-255,66,283311,82,283377
38157,0.029693,104.244.42.0-255,66,283377,82,283377
38158,0.0,74.125.200.0-255,153,153,82,359273
38159,1.6e-05,172.31.47.0-255,66,219,82,359273
38160,2.3e-05,74.125.200.0-255,1484,1703,82,359273
38161,2.7e-05,172.31.47.0-255,66,1769,82,359273
38162,6.2e-05,74.125.200.0-255,2902,4671,82,359273
38163,7.1e-05,172.31.47.0-255,66,4737,82,359273
38164,7.8e-05,74.125.200.0-255,5738,10475,82,359273
38165,8.1e-05,172.31.47.0-255,66,10541,82,359273
38166,0.000127,74.125.200.0-255,5045,15586,82,359273
38167,0.000132,172.31.47.0-255,66,15652,82,359273
38168,0.000139,74.125.200.0-255,5738,21390,82,359273
38169,0.000141,172.31.47.0-255,66,21456,82,359273
38170,0.000153,74.125.200.0-255,7156,28612,82,359273
38171,0.000156,172.31.47.0-255,66,28678,82,359273
38172,0.0002,74.125.200.0-255,2543,31221,82,359273
38173,0.000204,172.31.47.0-255,66,31287,82,359273
38174,0.000233,74.125.200.0-255,1484,32771,82,359273
38175,0.000236,172.31.47.0-255,66,32837,82,359273
38176,0.000241,74.125.200.0-255,2902,35739,82,359273
38177,0.000244,172.31.47.0-255,66,35805,82,359273
38178,0.000276,74.125.200.0-255,5738,41543,82,359273
38179,0.000279,172.31.47.0-255,66,41609,82,359273
38180,0.000283,74.125.200.0-255,4320,45929,82,359273
38181,0.000284,172.31.47.0-255,66,45995,82,359273
38182,0.000309,74.125.200.0-255,1484,47479,82,359273
38183,0.000311,172.31.47.0-255,66,47545,82,359273
38184,0.000337,74.125.200.0-255,4320,51865,82,359273
38185,0.000339,172.31.47.0-255,66,51931,82,359273
38186,0.000362,74.125.200.0-255,2543,54474,82,359273
38187,0.000364,172.31.47.0-255,66,54540,82,359273
38188,0.000371,74.125.200.0-255,9992,64532,82,359273
38189,0.000372,172.31.47.0-255,66,64598,82,359273
38190,0.000374,74.125.200.0-255,1396,65994,82,359273
38191,0.000522,74.125.200.0-255,135,66129,82,359273
38192,0.000618,74.125.200.0-255,1484,67613,82,359273
38193,0.000625,172.31.47.0-255,66,67679,82,359273
38194,0.00063,74.125.200.0-255,2902,70581,82,359273
38195,0.000634,172.31.47.0-255,66,70647,82,359273
38196,0.000661,74.125.200.0-255,5738,76385,82,359273
38197,0.000665,172.31.47.0-255,66,76451,82,359273
38198,0.000674,74.125.200.0-255,1484,77935,82,359273
38199,0.000698,74.125.200.0-255,5379,83314,82,359273
38200,0.000701,172.31.47.0-255,66,83380,82,359273
38201,0.000705,74.125.200.0-255,5738,89118,82,359273
38202,0.000707,172.31.47.0-255,66,89184,82,359273
38203,0.000744,74.125.200.0-255,1484,90668,82,359273
38204,0.000769,74.125.200.0-255,7156,97824,82,359273
38205,0.000774,172.31.47.0-255,66,97890,82,359273
38206,0.000802,74.125.200.0-255,2243,100133,82,359273
38207,0.000805,172.31.47.0-255,66,100199,82,359273
38208,0.000809,74.125.200.0-255,1484,101683,82,359273
38209,0.000813,74.125.200.0-255,1484,103167,82,359273
38210,0.000845,172.31.47.0-255,66,103233,82,359273
38211,0.00087,74.125.200.0-255,1484,104717,82,359273
38212,0.000882,74.125.200.0-255,4320,109037,82,359273
38213,0.000885,172.31.47.0-255,66,109103,82,359273
38214,0.000893,74.125.200.0-255,8574,117677,82,359273
38215,0.000895,172.31.47.0-255,66,117743,82,359273
38216,0.000903,74.125.200.0-255,7156,124899,82,359273
38217,0.000905,172.31.47.0-255,66,124965,82,359273
38218,0.000914,74.125.200.0-255,8574,133539,82,359273
38219,0.000916,172.31.47.0-255,66,133605,82,359273
38220,0.000918,74.125.200.0-255,766,134371,82,359273
38221,0.001179,74.125.200.0-255,1484,135855,82,359273
38222,0.001184,172.31.47.0-255,66,135921,82,359273
38223,0.00119,74.125.200.0-255,2902,138823,82,359273
38224,0.001192,172.31.47.0-255,66,138889,82,359273
38225,0.001195,74.125.200.0-255,1484,140373,82,359273
38226,0.001205,74.125.200.0-255,2902,143275,82,359273
38227,0.001207,172.31.47.0-255,66,143341,82,359273
38228,0.001213,74.125.200.0-255,5738,149079,82,359273
38229,0.001215,172.31.47.0-255,66,149145,82,359273
38230,0.001242,74.125.200.0-255,4320,153465,82,359273
38231,0.001244,172.31.47.0-255,66,153531,82,359273
38232,0.001268,74.125.200.0-255,5738,159269,82,359273
38233,0.001274,172.31.47.0-255,66,159335,82,359273
38234,0.001308,74.125.200.0-255,9274,168609,82,359273
38235,0.001311,172.31.47.0-255,66,168675,82,359273
38236,0.001346,74.125.200.0-255,2902,171577,82,359273
38237,0.001352,74.125.200.0-255,4320,175897,82,359273
38238,0.001356,172.31.47.0-255,66,175963,82,359273
38239,0.001363,172.31.47.0-255,66,176029,82,359273
38240,0.001393,74.125.200.0-255,8574,184603,82,359273
38241,0.001396,172.31.47.0-255,66,184669,82,359273
38242,0.0014,74.125.200.0-255,2902,187571,82,359273
38243,0.001402,172.31.47.0-255,66,187637,82,359273
38244,0.001465,172.31.47.0-255,66,187703,82,359273
38245,0.00147,74.125.200.0-255,2184,189887,82,359273
38246,0.001472,172.31.47.0-255,66,189953,82,359273
38247,0.001565,74.125.200.0-255,1484,191437,82,359273
38248,0.00157,74.125.200.0-255,1484,192921,82,359273
38249,0.001573,172.31.47.0-255,66,192987,82,359273
38250,0.001597,74.125.200.0-255,1484,194471,82,359273
38251,0.001604,74.125.200.0-255,5738,200209,82,359273
38252,0.001606,172.31.47.0-255,66,200275,82,359273
38253,0.001651,74.125.200.0-255,1484,201759,82,359273
38254,0.001667,74.125.200.0-255,1484,203243,82,359273
38255,0.001672,74.125.200.0-255,4320,207563,82,359273
38256,0.00168,74.125.200.0-255,8574,216137,82,359273
38257,0.001684,74.125.200.0-255,4320,220457,82,359273
38258,0.001688,74.125.200.0-255,3602,224059,82,359273
38259,0.001693,172.31.47.0-255,66,224125,82,359273
38260,0.0017,172.31.47.0-255,66,224191,82,359273
38261,0.001703,172.31.47.0-255,66,224257,82,359273
38262,0.001709,172.31.47.0-255,66,224323,82,359273
38263,0.001712,172.31.47.0-255,66,224389,82,359273
38264,0.001788,74.125.200.0-255,1484,225873,82,359273
38265,0.001794,74.125.200.0-255,2902,228775,82,359273
38266,0.001798,172.31.47.0-255,66,228841,82,359273
38267,0.001828,74.125.200.0-255,5738,234579,82,359273
38268,0.001832,172.31.47.0-255,66,234645,82,359273
38269,0.001865,74.125.200.0-255,8574,243219,82,359273
38270,0.001868,172.31.47.0-255,66,243285,82,359273
38271,0.001895,74.125.200.0-255,4320,247605,82,359273
38272,0.001898,172.31.47.0-255,66,247671,82,359273
38273,0.001904,74.125.200.0-255,5738,253409,82,359273
38274,0.001907,172.31.47.0-255,66,253475,82,359273
38275,0.001922,74.125.200.0-255,1484,254959,82,359273
38276,0.001947,74.125.200.0-255,3602,258561,82,359273
38277,0.00195,172.31.47.0-255,66,258627,82,359273
38278,0.001974,74.125.200.0-255,1484,260111,82,359273
38279,0.001977,74.125.200.0-255,1484,261595,82,359273
38280,0.001979,172.31.47.0-255,66,261661,82,359273
38281,0.002003,74.125.200.0-255,1484,263145,82,359273
38282,0.00201,74.125.200.0-255,5738,268883,82,359273
38283,0.002013,172.31.47.0-255,66,268949,82,359273
38284,0.002017,74.125.200.0-255,2902,271851,82,359273
38285,0.002019,172.31.47.0-255,66,271917,82,359273
38286,0.00204,74.125.200.0-255,5738,277655,82,359273
38287,0.002043,172.31.47.0-255,66,277721,82,359273
38288,0.002062,74.125.200.0-255,4320,282041,82,359273
38289,0.002064,172.31.47.0-255,66,282107,82,359273
38290,0.002067,74.125.200.0-255,1484,283591,82,359273
38291,0.002096,74.125.200.0-255,9274,292865,82,359273
38292,0.002099,172.31.47.0-255,66,292931,82,359273
38293,0.002128,74.125.200.0-255,7156,300087,82,359273
38294,0.002131,172.31.47.0-255,66,300153,82,359273
38295,0.002163,74.125.200.0-255,4320,304473,82,359273
38296,0.002166,172.31.47.0-255,66,304539,82,359273
38297,0.00217,74.125.200.0-255,2902,307441,82,359273
38298,0.002172,172.31.47.0-255,66,307507,82,359273
38299,0.002191,172.31.47.0-255,66,307573,82,359273
38300,0.002196,74.125.200.0-255,3602,311175,82,359273
38301,0.002198,172.31.47.0-255,66,311241,82,359273
38302,0.002224,74.125.200.0-255,5738,316979,82,359273
38303,0.002227,172.31.47.0-255,66,317045,82,359273
38304,0.002262,74.125.200.0-255,9992,327037,82,359273
38305,0.002265,172.31.47.0-255,66,327103,82,359273
38306,0.002269,74.125.200.0-255,1484,328587,82,359273
38307,0.002294,74.125.200.0-255,7156,335743,82,359273
38308,0.002297,172.31.47.0-255,66,335809,82,359273
38309,0.002325,74.125.200.0-255,8574,344383,82,359273
38310,0.002327,74.125.200.0-255,766,345149,82,359273
38311,0.002334,74.125.200.0-255,5738,350887,82,359273
38312,0.002343,172.31.47.0-255,66,350953,82,359273
38313,0.002346,172.31.47.0-255,66,351019,82,359273
38314,0.002363,172.31.47.0-255,66,351085,82,359273
38315,0.002412,172.31.47.0-255,66,351151,82,359273
38316,0.002466,74.125.200.0-255,4219,355370,82,359273
38317,0.002469,172.31.47.0-255,66,355436,82,359273
38318,0.002472,74.125.200.0-255,105,355541,82,359273
38319,0.004758,172.31.47.0-255,66,355607,82,359273
38320,0.004797,172.31.47.0-255,105,355712,82,359273
38321,0.007327,74.125.200.0-255,66,355778,82,359273
38322,0.0246,172.31.47.0-255,171,355949,82,359273
38323,0.024648,172.31.47.0-255,1135,357084,82,359273
38324,0.024719,172.31.47.0-255,1514,358598,82,359273
38325,0.024721,172.31.47.0-255,303,358901,82,359273
38326,0.026141,104.244.42.0-255,66,358967,82,359273
38327,0.026188,104.244.42.0-255,66,359033,82,359273
38328,0.02628,104.244.42.0-255,66,359099,82,359273
38329,0.027123,104.244.42.0-255,108,359207,82,359273
38330,0.027127,172.31.47.0-255,66,359273,82,359273
38331,0.0,172.31.47.0-255,105,105,82,105
38332,0.0,172.217.194.0-255,153,153,82,308970
38333,2.7e-05,172.31.47.0-255,66,219,82,308970
38334,3.1e-05,172.217.194.0-255,1484,1703,82,308970
38335,3.5e-05,172.31.47.0-255,66,1769,82,308970
38336,6.3e-05,172.217.194.0-255,1484,3253,82,308970
38337,6.5e-05,172.31.47.0-255,66,3319,82,308970
38338,7.1e-05,172.217.194.0-255,2902,6221,82,308970
38339,7.3e-05,172.31.47.0-255,66,6287,82,308970
38340,0.0001,172.217.194.0-255,1484,7771,82,308970
38341,0.000102,172.31.47.0-255,66,7837,82,308970
38342,0.000122,172.217.194.0-255,4320,12157,82,308970
38343,0.000125,172.31.47.0-255,66,12223,82,308970
38344,0.000157,172.217.194.0-255,6299,18522,82,308970
38345,0.00016,172.31.47.0-255,66,18588,82,308970
38346,0.000181,172.217.194.0-255,7156,25744,82,308970
38347,0.000183,172.31.47.0-255,66,25810,82,308970
38348,0.00021,172.217.194.0-255,1484,27294,82,308970
38349,0.000212,172.31.47.0-255,66,27360,82,308970
38350,0.000243,172.31.47.0-255,66,27426,82,308970
38351,0.000263,172.217.194.0-255,7856,35282,82,308970
38352,0.000266,172.31.47.0-255,66,35348,82,308970
38353,0.000695,172.217.194.0-255,1484,36832,82,308970
38354,0.0007,172.31.47.0-255,66,36898,82,308970
38355,0.000708,172.217.194.0-255,2902,39800,82,308970
38356,0.00071,172.31.47.0-255,66,39866,82,308970
38357,0.000741,172.217.194.0-255,5738,45604,82,308970
38358,0.000744,172.31.47.0-255,66,45670,82,308970
38359,0.000761,172.217.194.0-255,2902,48572,82,308970
38360,0.000764,172.31.47.0-255,66,48638,82,308970
38361,0.00078,172.217.194.0-255,4286,52924,82,308970
38362,0.000782,172.31.47.0-255,66,52990,82,308970
38363,0.001423,172.217.194.0-255,1484,54474,82,308970
38364,0.00144,172.217.194.0-255,1484,55958,82,308970
38365,0.001445,172.31.47.0-255,66,56024,82,308970
38366,0.001455,172.217.194.0-255,1484,57508,82,308970
38367,0.00146,172.217.194.0-255,4320,61828,82,308970
38368,0.001463,172.31.47.0-255,66,61894,82,308970
38369,0.001482,172.217.194.0-255,1484,63378,82,308970
38370,0.001488,172.217.194.0-255,4320,67698,82,308970
38371,0.00149,172.31.47.0-255,66,67764,82,308970
38372,0.001512,172.217.194.0-255,7156,74920,82,308970
38373,0.001514,172.31.47.0-255,66,74986,82,308970
38374,0.001526,172.31.47.0-255,66,75052,82,308970
38375,0.001832,172.217.194.0-255,1484,76536,82,308970
38376,0.001848,172.217.194.0-255,2902,79438,82,308970
38377,0.001852,172.31.47.0-255,66,79504,82,308970
38378,0.001875,172.217.194.0-255,2902,82406,82,308970
38379,0.001877,172.31.47.0-255,66,82472,82,308970
38380,0.001889,172.217.194.0-255,2902,85374,82,308970
38381,0.001891,172.31.47.0-255,66,85440,82,308970
38382,0.001897,172.217.194.0-255,7156,92596,82,308970
38383,0.0019,172.31.47.0-255,66,92662,82,308970
38384,0.001929,172.217.194.0-255,5738,98400,82,308970
38385,0.001931,172.31.47.0-255,66,98466,82,308970
38386,0.001947,172.217.194.0-255,8574,107040,82,308970
38387,0.001949,172.31.47.0-255,66,107106,82,308970
38388,0.001982,172.217.194.0-255,8574,115680,82,308970
38389,0.001984,172.31.47.0-255,66,115746,82,308970
38390,0.002005,172.217.194.0-255,6438,122184,82,308970
38391,0.002007,172.31.47.0-255,66,122250,82,308970
38392,0.00203,172.217.194.0-255,9992,132242,82,308970
38393,0.002032,172.31.47.0-255,66,132308,82,308970
38394,0.002045,172.217.194.0-255,5738,138046,82,308970
38395,0.002048,172.31.47.0-255,66,138112,82,308970
38396,0.002054,172.217.194.0-255,5020,143132,82,308970
38397,0.002056,172.31.47.0-255,66,143198,82,308970
38398,0.004387,172.217.194.0-255,5738,148936,82,308970
38399,0.004394,172.31.47.0-255,66,149002,82,308970
38400,0.006676,172.217.194.0-255,5738,154740,82,308970
38401,0.006681,172.31.47.0-255,66,154806,82,308970
38402,0.00896,172.217.194.0-255,5738,160544,82,308970
38403,0.008966,172.31.47.0-255,66,160610,82,308970
38404,0.011258,172.217.194.0-255,5738,166348,82,308970
38405,0.011266,172.31.47.0-255,66,166414,82,308970
38406,0.013532,172.217.194.0-255,5738,172152,82,308970
38407,0.013539,172.31.47.0-255,66,172218,82,308970
38408,0.015818,172.217.194.0-255,5738,177956,82,308970
38409,0.015826,172.31.47.0-255,66,178022,82,308970
38410,0.018085,172.217.194.0-255,5738,183760,82,308970
38411,0.018093,172.31.47.0-255,66,183826,82,308970
38412,0.020438,172.217.194.0-255,5738,189564,82,308970
38413,0.020443,172.31.47.0-255,66,189630,82,308970
38414,0.022706,172.217.194.0-255,5738,195368,82,308970
38415,0.022713,172.31.47.0-255,66,195434,82,308970
38416,0.025006,172.217.194.0-255,5738,201172,82,308970
38417,0.025013,172.31.47.0-255,66,201238,82,308970
38418,0.026365,172.31.47.0-255,171,201409,82,308970
38419,0.026393,172.31.47.0-255,1136,202545,82,308970
38420,0.026422,172.31.47.0-255,1514,204059,82,308970
38421,0.026423,172.31.47.0-255,1263,205322,82,308970
38422,0.027324,172.217.194.0-255,5738,211060,82,308970
38423,0.02733,172.31.47.0-255,66,211126,82,308970
38424,0.027935,104.244.42.0-255,66,211192,82,308970
38425,0.027943,104.244.42.0-255,66,211258,82,308970
38426,0.027975,104.244.42.0-255,66,211324,82,308970
38427,0.029579,172.217.194.0-255,5738,217062,82,308970
38428,0.029584,172.31.47.0-255,66,217128,82,308970
38429,0.03187,172.217.194.0-255,5738,222866,82,308970
38430,0.031878,172.31.47.0-255,66,222932,82,308970
38431,0.034144,172.217.194.0-255,4320,227252,82,308970
38432,0.03415,172.31.47.0-255,66,227318,82,308970
38433,0.034184,172.217.194.0-255,1484,228802,82,308970
38434,0.036422,172.217.194.0-255,4320,233122,82,308970
38435,0.036427,172.31.47.0-255,66,233188,82,308970
38436,0.038686,172.217.194.0-255,5738,238926,82,308970
38437,0.038691,172.31.47.0-255,66,238992,82,308970
38438,0.040963,172.217.194.0-255,5738,244730,82,308970
38439,0.040968,172.31.47.0-255,66,244796,82,308970
38440,0.043231,172.217.194.0-255,5738,250534,82,308970
38441,0.043237,172.31.47.0-255,66,250600,82,308970
38442,0.045512,172.217.194.0-255,5738,256338,82,308970
38443,0.045518,172.31.47.0-255,66,256404,82,308970
38444,0.047787,172.217.194.0-255,5738,262142,82,308970
38445,0.047792,172.31.47.0-255,66,262208,82,308970
38446,0.050071,172.217.194.0-255,5738,267946,82,308970
38447,0.050076,172.31.47.0-255,66,268012,82,308970
38448,0.052348,172.217.194.0-255,4320,272332,82,308970
38449,0.052353,172.31.47.0-255,66,272398,82,308970
38450,0.052381,172.217.194.0-255,1484,273882,82,308970
38451,0.05462,172.217.194.0-255,2902,276784,82,308970
38452,0.054625,172.31.47.0-255,66,276850,82,308970
38453,0.054656,172.217.194.0-255,1484,278334,82,308970
38454,0.056878,172.217.194.0-255,2902,281236,82,308970
38455,0.056883,172.31.47.0-255,66,281302,82,308970
38456,0.059146,172.217.194.0-255,4320,285622,82,308970
38457,0.059151,172.31.47.0-255,66,285688,82,308970
38458,0.059184,172.217.194.0-255,1484,287172,82,308970
38459,0.061424,172.217.194.0-255,4320,291492,82,308970
38460,0.061428,172.31.47.0-255,66,291558,82,308970
38461,0.063718,172.217.194.0-255,5738,297296,82,308970
38462,0.063723,172.31.47.0-255,66,297362,82,308970
38463,0.065983,172.217.194.0-255,5738,303100,82,308970
38464,0.065988,172.31.47.0-255,66,303166,82,308970
38465,0.068237,172.217.194.0-255,5738,308904,82,308970
38466,0.068242,172.31.47.0-255,66,308970,82,308970
38467,0.0,74.125.24.0-255,153,153,82,245229
38468,3.2e-05,172.31.47.0-255,66,219,82,245229
38469,3.9e-05,74.125.24.0-255,1484,1703,82,245229
38470,4.4e-05,172.31.47.0-255,66,1769,82,245229
38471,4.9e-05,74.125.24.0-255,2902,4671,82,245229
38472,5.1e-05,172.31.47.0-255,66,4737,82,245229
38473,5.7e-05,74.125.24.0-255,7156,11893,82,245229
38474,6e-05,172.31.47.0-255,66,11959,82,245229
38475,6.3e-05,74.125.24.0-255,2099,14058,82,245229
38476,6.6e-05,172.31.47.0-255,66,14124,82,245229
38477,0.000117,74.125.24.0-255,1484,15608,82,245229
38478,0.000119,172.31.47.0-255,66,15674,82,245229
38479,0.000124,74.125.24.0-255,2902,18576,82,245229
38480,0.000127,172.31.47.0-255,66,18642,82,245229
38481,0.00016,74.125.24.0-255,5738,24380,82,245229
38482,0.000164,172.31.47.0-255,66,24446,82,245229
38483,0.000173,74.125.24.0-255,6797,31243,82,245229
38484,0.000175,172.31.47.0-255,66,31309,82,245229
38485,0.000214,172.31.47.0-255,66,31375,82,245229
38486,0.000218,74.125.24.0-255,2543,33918,82,245229
38487,0.00022,172.31.47.0-255,66,33984,82,245229
38488,0.000266,74.125.24.0-255,1484,35468,82,245229
38489,0.000268,172.31.47.0-255,66,35534,82,245229
38490,0.000273,74.125.24.0-255,2902,38436,82,245229
38491,0.000276,172.31.47.0-255,66,38502,82,245229
38492,0.00031,74.125.24.0-255,1484,39986,82,245229
38493,0.000313,172.31.47.0-255,66,40052,82,245229
38494,0.000337,74.125.24.0-255,4320,44372,82,245229
38495,0.00034,172.31.47.0-255,66,44438,82,245229
38496,0.000347,74.125.24.0-255,6797,51235,82,245229
38497,0.000349,172.31.47.0-255,66,51301,82,245229
38498,0.000351,74.125.24.0-255,399,51700,82,245229
38499,0.000378,74.125.24.0-255,112,51812,82,245229
38500,0.000504,74.125.24.0-255,1484,53296,82,245229
38501,0.000508,172.31.47.0-255,66,53362,82,245229
38502,0.000511,74.125.24.0-255,1484,54846,82,245229
38503,0.000526,74.125.24.0-255,1484,56330,82,245229
38504,0.000528,172.31.47.0-255,66,56396,82,245229
38505,0.000535,74.125.24.0-255,5738,62134,82,245229
38506,0.000539,172.31.47.0-255,66,62200,82,245229
38507,0.000573,172.31.47.0-255,66,62266,82,245229
38508,0.000592,74.125.24.0-255,1125,63391,82,245229
38509,0.000596,74.125.24.0-255,1484,64875,82,245229
38510,0.000599,172.31.47.0-255,66,64941,82,245229
38511,0.000623,74.125.24.0-255,8215,73156,82,245229
38512,0.000627,172.31.47.0-255,66,73222,82,245229
38513,0.003817,74.125.24.0-255,1484,74706,82,245229
38514,0.003827,74.125.24.0-255,2902,77608,82,245229
38515,0.003832,172.31.47.0-255,66,77674,82,245229
38516,0.003836,74.125.24.0-255,1484,79158,82,245229
38517,0.006172,74.125.24.0-255,4320,83478,82,245229
38518,0.006175,172.31.47.0-255,66,83544,82,245229
38519,0.00852,74.125.24.0-255,5738,89282,82,245229
38520,0.008528,172.31.47.0-255,66,89348,82,245229
38521,0.010844,74.125.24.0-255,5738,95086,82,245229
38522,0.010856,172.31.47.0-255,66,95152,82,245229
38523,0.013174,74.125.24.0-255,5738,100890,82,245229
38524,0.013184,172.31.47.0-255,66,100956,82,245229
38525,0.015525,74.125.24.0-255,5738,106694,82,245229
38526,0.015533,172.31.47.0-255,66,106760,82,245229
38527,0.017892,74.125.24.0-255,5738,112498,82,245229
38528,0.017899,172.31.47.0-255,66,112564,82,245229
38529,0.020232,74.125.24.0-255,5738,118302,82,245229
38530,0.020239,172.31.47.0-255,66,118368,82,245229
38531,0.022303,172.31.47.0-255,172,118540,82,245229
38532,0.02233,172.31.47.0-255,1103,119643,82,245229
38533,0.022361,172.31.47.0-255,1514,121157,82,245229
38534,0.022363,172.31.47.0-255,1296,122453,82,245229
38535,0.022588,74.125.24.0-255,5738,128191,82,245229
38536,0.022593,172.31.47.0-255,66,128257,82,245229
38537,0.023826,104.244.42.0-255,66,128323,82,245229
38538,0.02388,104.244.42.0-255,66,128389,82,245229
38539,0.023907,104.244.42.0-255,66,128455,82,245229
38540,0.024936,74.125.24.0-255,2902,131357,82,245229
38541,0.024939,172.31.47.0-255,66,131423,82,245229
38542,0.024965,74.125.24.0-255,2902,134325,82,245229
38543,0.024968,172.31.47.0-255,66,134391,82,245229
38544,0.027252,74.125.24.0-255,2902,137293,82,245229
38545,0.027256,172.31.47.0-255,66,137359,82,245229
38546,0.027292,74.125.24.0-255,2902,140261,82,245229
38547,0.027296,172.31.47.0-255,66,140327,82,245229
38548,0.02958,74.125.24.0-255,2902,143229,82,245229
38549,0.029585,172.31.47.0-255,66,143295,82,245229
38550,0.029627,74.125.24.0-255,2902,146197,82,245229
38551,0.029631,172.31.47.0-255,66,146263,82,245229
38552,0.03189,74.125.24.0-255,2902,149165,82,245229
38553,0.031896,172.31.47.0-255,66,149231,82,245229
38554,0.031955,74.125.24.0-255,2902,152133,82,245229
38555,0.03196,172.31.47.0-255,66,152199,82,245229
38556,0.034233,74.125.24.0-255,2902,155101,82,245229
38557,0.03424,172.31.47.0-255,66,155167,82,245229
38558,0.034284,74.125.24.0-255,2902,158069,82,245229
38559,0.034286,172.31.47.0-255,66,158135,82,245229
38560,0.036556,74.125.24.0-255,2902,161037,82,245229
38561,0.036562,172.31.47.0-255,66,161103,82,245229
38562,0.036656,74.125.24.0-255,2902,164005,82,245229
38563,0.036661,172.31.47.0-255,66,164071,82,245229
38564,0.038875,74.125.24.0-255,2902,166973,82,245229
38565,0.038882,172.31.47.0-255,66,167039,82,245229
38566,0.038993,74.125.24.0-255,2902,169941,82,245229
38567,0.038998,172.31.47.0-255,66,170007,82,245229
38568,0.041232,74.125.24.0-255,2902,172909,82,245229
38569,0.041237,172.31.47.0-255,66,172975,82,245229
38570,0.041342,74.125.24.0-255,2902,175877,82,245229
38571,0.041347,172.31.47.0-255,66,175943,82,245229
38572,0.043541,74.125.24.0-255,2902,178845,82,245229
38573,0.04355,172.31.47.0-255,66,178911,82,245229
38574,0.043673,74.125.24.0-255,2902,181813,82,245229
38575,0.043678,172.31.47.0-255,66,181879,82,245229
38576,0.045909,74.125.24.0-255,2902,184781,82,245229
38577,0.045914,172.31.47.0-255,66,184847,82,245229
38578,0.046045,74.125.24.0-255,2902,187749,82,245229
38579,0.046051,172.31.47.0-255,66,187815,82,245229
38580,0.048279,74.125.24.0-255,2902,190717,82,245229
38581,0.048285,172.31.47.0-255,66,190783,82,245229
38582,0.048398,74.125.24.0-255,2902,193685,82,245229
38583,0.048402,172.31.47.0-255,66,193751,82,245229
38584,0.050593,74.125.24.0-255,2902,196653,82,245229
38585,0.050599,172.31.47.0-255,66,196719,82,245229
38586,0.050708,74.125.24.0-255,2902,199621,82,245229
38587,0.050713,172.31.47.0-255,66,199687,82,245229
38588,0.052919,74.125.24.0-255,2902,202589,82,245229
38589,0.052926,172.31.47.0-255,66,202655,82,245229
38590,0.053019,74.125.24.0-255,2902,205557,82,245229
38591,0.053027,172.31.47.0-255,66,205623,82,245229
38592,0.055257,74.125.24.0-255,2902,208525,82,245229
38593,0.055265,172.31.47.0-255,66,208591,82,245229
38594,0.055386,74.125.24.0-255,2902,211493,82,245229
38595,0.055392,172.31.47.0-255,66,211559,82,245229
38596,0.057644,74.125.24.0-255,2902,214461,82,245229
38597,0.057651,172.31.47.0-255,66,214527,82,245229
38598,0.057707,74.125.24.0-255,2902,217429,82,245229
38599,0.057711,172.31.47.0-255,66,217495,82,245229
38600,0.059976,74.125.24.0-255,1484,218979,82,245229
38601,0.060067,74.125.24.0-255,2902,221881,82,245229
38602,0.060073,172.31.47.0-255,66,221947,82,245229
38603,0.060098,74.125.24.0-255,1484,223431,82,245229
38604,0.062438,74.125.24.0-255,4320,227751,82,245229
38605,0.062457,172.31.47.0-255,66,227817,82,245229
38606,0.06481,74.125.24.0-255,5738,233555,82,245229
38607,0.064826,172.31.47.0-255,66,233621,82,245229
38608,0.067184,74.125.24.0-255,5738,239359,82,245229
38609,0.067201,172.31.47.0-255,66,239425,82,245229
38610,0.069548,74.125.24.0-255,5738,245163,82,245229
38611,0.06957,172.31.47.0-255,66,245229,82,245229
38612,0.0,172.31.47.0-255,105,105,82,276
38613,0.001755,157.240.13.0-255,105,210,82,276
38614,0.001765,172.31.47.0-255,66,276,82,276
38615,0.0,74.125.68.0-255,297,297,82,317681
38616,2.6e-05,172.31.47.0-255,66,363,82,317681
38617,3.1e-05,74.125.68.0-255,1484,1847,82,317681
38618,3.5e-05,172.31.47.0-255,66,1913,82,317681
38619,4.1e-05,74.125.68.0-255,4320,6233,82,317681
38620,4.3e-05,172.31.47.0-255,66,6299,82,317681
38621,4.7e-05,74.125.68.0-255,2902,9201,82,317681
38622,4.9e-05,172.31.47.0-255,66,9267,82,317681
38623,5.3e-05,74.125.68.0-255,1484,10751,82,317681
38624,5.5e-05,172.31.47.0-255,66,10817,82,317681
38625,7.4e-05,74.125.68.0-255,2902,13719,82,317681
38626,7.6e-05,172.31.47.0-255,66,13785,82,317681
38627,9.1e-05,74.125.68.0-255,1484,15269,82,317681
38628,9.4e-05,172.31.47.0-255,66,15335,82,317681
38629,0.000108,74.125.68.0-255,5738,21073,82,317681
38630,0.00011,172.31.47.0-255,66,21139,82,317681
38631,0.000131,74.125.68.0-255,1911,23050,82,317681
38632,0.000133,172.31.47.0-255,66,23116,82,317681
38633,0.000139,74.125.68.0-255,4320,27436,82,317681
38634,0.000141,172.31.47.0-255,66,27502,82,317681
38635,0.000158,74.125.68.0-255,3961,31463,82,317681
38636,0.000161,172.31.47.0-255,66,31529,82,317681
38637,0.000254,74.125.68.0-255,1484,33013,82,317681
38638,0.000258,172.31.47.0-255,66,33079,82,317681
38639,0.000278,74.125.68.0-255,2902,35981,82,317681
38640,0.000281,172.31.47.0-255,66,36047,82,317681
38641,0.000287,74.125.68.0-255,5738,41785,82,317681
38642,0.000289,172.31.47.0-255,66,41851,82,317681
38643,0.000323,74.125.68.0-255,6797,48648,82,317681
38644,0.000325,74.125.68.0-255,1484,50132,82,317681
38645,0.000328,172.31.47.0-255,66,50198,82,317681
38646,0.000332,172.31.47.0-255,66,50264,82,317681
38647,0.000353,74.125.68.0-255,5738,56002,82,317681
38648,0.000356,172.31.47.0-255,66,56068,82,317681
38649,0.000361,74.125.68.0-255,2902,58970,82,317681
38650,0.000363,172.31.47.0-255,66,59036,82,317681
38651,0.000384,74.125.68.0-255,7107,66143,82,317681
38652,0.000388,172.31.47.0-255,66,66209,82,317681
38653,0.000401,74.125.68.0-255,114,66323,82,317681
38654,0.000718,74.125.68.0-255,329,66652,82,317681
38655,0.000933,74.125.68.0-255,1484,68136,82,317681
38656,0.000938,172.31.47.0-255,66,68202,82,317681
38657,0.000944,74.125.68.0-255,2902,71104,82,317681
38658,0.000946,172.31.47.0-255,66,71170,82,317681
38659,0.000975,74.125.68.0-255,5738,76908,82,317681
38660,0.000979,172.31.47.0-255,66,76974,82,317681
38661,0.000982,74.125.68.0-255,1484,78458,82,317681
38662,0.001003,74.125.68.0-255,7156,85614,82,317681
38663,0.001006,172.31.47.0-255,66,85680,82,317681
38664,0.001024,74.125.68.0-255,1484,87164,82,317681
38665,0.00103,74.125.68.0-255,5738,92902,82,317681
38666,0.001033,172.31.47.0-255,66,92968,82,317681
38667,0.001052,74.125.68.0-255,5738,98706,82,317681
38668,0.001055,172.31.47.0-255,66,98772,82,317681
38669,0.00106,74.125.68.0-255,1634,100406,82,317681
38670,0.001062,172.31.47.0-255,66,100472,82,317681
38671,0.001112,74.125.68.0-255,1484,101956,82,317681
38672,0.001127,74.125.68.0-255,2902,104858,82,317681
38673,0.00113,172.31.47.0-255,66,104924,82,317681
38674,0.001133,74.125.68.0-255,1484,106408,82,317681
38675,0.001152,74.125.68.0-255,4320,110728,82,317681
38676,0.001155,172.31.47.0-255,66,110794,82,317681
38677,0.001162,74.125.68.0-255,5738,116532,82,317681
38678,0.001165,172.31.47.0-255,66,116598,82,317681
38679,0.001177,74.125.68.0-255,1484,118082,82,317681
38680,0.001191,74.125.68.0-255,4320,122402,82,317681
38681,0.001194,172.31.47.0-255,66,122468,82,317681
38682,0.00122,74.125.68.0-255,8574,131042,82,317681
38683,0.001223,172.31.47.0-255,66,131108,82,317681
38684,0.001235,74.125.68.0-255,2902,134010,82,317681
38685,0.001237,172.31.47.0-255,66,134076,82,317681
38686,0.001254,74.125.68.0-255,766,134842,82,317681
38687,0.002225,74.125.68.0-255,1484,136326,82,317681
38688,0.002231,172.31.47.0-255,66,136392,82,317681
38689,0.002237,74.125.68.0-255,2902,139294,82,317681
38690,0.00224,172.31.47.0-255,66,139360,82,317681
38691,0.002243,74.125.68.0-255,1484,140844,82,317681
38692,0.002262,74.125.68.0-255,4320,145164,82,317681
38693,0.002264,172.31.47.0-255,66,145230,82,317681
38694,0.002267,74.125.68.0-255,1484,146714,82,317681
38695,0.002283,74.125.68.0-255,5738,152452,82,317681
38696,0.002285,172.31.47.0-255,66,152518,82,317681
38697,0.002312,74.125.68.0-255,2902,155420,82,317681
38698,0.002315,172.31.47.0-255,66,155486,82,317681
38699,0.002331,74.125.68.0-255,8574,164060,82,317681
38700,0.002358,74.125.68.0-255,5020,169080,82,317681
38701,0.00561,172.31.47.0-255,66,169146,82,317681
38702,0.007989,74.125.68.0-255,5738,174884,82,317681
38703,0.007994,172.31.47.0-255,66,174950,82,317681
38704,0.010384,74.125.68.0-255,5738,180688,82,317681
38705,0.010392,172.31.47.0-255,66,180754,82,317681
38706,0.012769,74.125.68.0-255,5738,186492,82,317681
38707,0.012776,172.31.47.0-255,66,186558,82,317681
38708,0.015166,74.125.68.0-255,5738,192296,82,317681
38709,0.01518,172.31.47.0-255,66,192362,82,317681
38710,0.01756,74.125.68.0-255,5738,198100,82,317681
38711,0.017574,172.31.47.0-255,66,198166,82,317681
38712,0.019944,74.125.68.0-255,5738,203904,82,317681
38713,0.019954,172.31.47.0-255,66,203970,82,317681
38714,0.022334,74.125.68.0-255,5738,209708,82,317681
38715,0.022342,172.31.47.0-255,66,209774,82,317681
38716,0.024711,74.125.68.0-255,4320,214094,82,317681
38717,0.024719,172.31.47.0-255,66,214160,82,317681
38718,0.02475,74.125.68.0-255,1484,215644,82,317681
38719,0.026612,172.31.47.0-255,172,215816,82,317681
38720,0.026641,172.31.47.0-255,1103,216919,82,317681
38721,0.026681,172.31.47.0-255,1514,218433,82,317681
38722,0.026683,172.31.47.0-255,1296,219729,82,317681
38723,0.027089,74.125.68.0-255,4320,224049,82,317681
38724,0.027096,172.31.47.0-255,66,224115,82,317681
38725,0.028153,104.244.42.0-255,66,224181,82,317681
38726,0.028207,104.244.42.0-255,66,224247,82,317681
38727,0.028265,104.244.42.0-255,66,224313,82,317681
38728,0.028808,104.244.42.0-255,108,224421,82,317681
38729,0.028811,172.31.47.0-255,66,224487,82,317681
38730,0.029478,74.125.68.0-255,4320,228807,82,317681
38731,0.029482,172.31.47.0-255,66,228873,82,317681
38732,0.02951,74.125.68.0-255,1484,230357,82,317681
38733,0.031848,74.125.68.0-255,2902,233259,82,317681
38734,0.031853,172.31.47.0-255,66,233325,82,317681
38735,0.031885,74.125.68.0-255,1484,234809,82,317681
38736,0.034218,74.125.68.0-255,2902,237711,82,317681
38737,0.034224,172.31.47.0-255,66,237777,82,317681
38738,0.036606,74.125.68.0-255,5738,243515,82,317681
38739,0.036612,172.31.47.0-255,66,243581,82,317681
38740,0.039067,74.125.68.0-255,5738,249319,82,317681
38741,0.039074,172.31.47.0-255,66,249385,82,317681
38742,0.041458,74.125.68.0-255,4320,253705,82,317681
38743,0.041466,172.31.47.0-255,66,253771,82,317681
38744,0.041486,74.125.68.0-255,1484,255255,82,317681
38745,0.043865,74.125.68.0-255,4320,259575,82,317681
38746,0.043885,172.31.47.0-255,66,259641,82,317681
38747,0.046284,74.125.68.0-255,5738,265379,82,317681
38748,0.046299,172.31.47.0-255,66,265445,82,317681
38749,0.048695,74.125.68.0-255,5738,271183,82,317681
38750,0.048707,172.31.47.0-255,66,271249,82,317681
38751,0.051099,74.125.68.0-255,5738,276987,82,317681
38752,0.051117,172.31.47.0-255,66,277053,82,317681
38753,0.053519,74.125.68.0-255,5738,282791,82,317681
38754,0.053536,172.31.47.0-255,66,282857,82,317681
38755,0.055945,74.125.68.0-255,5738,288595,82,317681
38756,0.055963,172.31.47.0-255,66,288661,82,317681
38757,0.058371,74.125.68.0-255,5738,294399,82,317681
38758,0.058392,172.31.47.0-255,66,294465,82,317681
38759,0.060797,74.125.68.0-255,5738,300203,82,317681
38760,0.060815,172.31.47.0-255,66,300269,82,317681
38761,0.063215,74.125.68.0-255,5738,306007,82,317681
38762,0.063236,172.31.47.0-255,66,306073,82,317681
38763,0.065634,74.125.68.0-255,5738,311811,82,317681
38764,0.06565,172.31.47.0-255,66,311877,82,317681
38765,0.068026,74.125.68.0-255,5738,317615,82,317681
38766,0.068032,172.31.47.0-255,66,317681,82,317681
38767,0.0,172.217.194.0-255,154,154,82,358330
38768,2.5e-05,172.31.47.0-255,66,220,82,358330
38769,3.2e-05,172.217.194.0-255,1484,1704,82,358330
38770,3.6e-05,172.31.47.0-255,66,1770,82,358330
38771,4e-05,172.217.194.0-255,2902,4672,82,358330
38772,4.4e-05,172.31.47.0-255,66,4738,82,358330
38773,7.5e-05,172.217.194.0-255,7156,11894,82,358330
38774,7.8e-05,172.31.47.0-255,66,11960,82,358330
38775,0.000108,172.217.194.0-255,4320,16280,82,358330
38776,0.000111,172.31.47.0-255,66,16346,82,358330
38777,0.000147,172.217.194.0-255,7717,24063,82,358330
38778,0.00015,172.31.47.0-255,66,24129,82,358330
38779,0.000169,172.31.47.0-255,66,24195,82,358330
38780,0.000173,172.217.194.0-255,4320,28515,82,358330
38781,0.000175,172.31.47.0-255,66,28581,82,358330
38782,0.000206,172.217.194.0-255,1484,30065,82,358330
38783,0.00021,172.31.47.0-255,66,30131,82,358330
38784,0.000232,172.217.194.0-255,5020,35151,82,358330
38785,0.000236,172.31.47.0-255,66,35217,82,358330
38786,0.000339,172.217.194.0-255,1484,36701,82,358330
38787,0.000345,172.31.47.0-255,66,36767,82,358330
38788,0.00035,172.217.194.0-255,2902,39669,82,358330
38789,0.000352,172.31.47.0-255,66,39735,82,358330
38790,0.000374,172.217.194.0-255,2902,42637,82,358330
38791,0.000379,172.31.47.0-255,66,42703,82,358330
38792,0.000384,172.217.194.0-255,4320,47023,82,358330
38793,0.000386,172.31.47.0-255,66,47089,82,358330
38794,0.000435,172.217.194.0-255,4320,51409,82,358330
38795,0.00044,172.31.47.0-255,66,51475,82,358330
38796,0.000457,172.217.194.0-255,1416,52891,82,358330
38797,0.00046,172.31.47.0-255,66,52957,82,358330
38798,0.000514,172.217.194.0-255,1484,54441,82,358330
38799,0.000522,172.217.194.0-255,2902,57343,82,358330
38800,0.000525,172.31.47.0-255,66,57409,82,358330
38801,0.000549,172.217.194.0-255,5738,63147,82,358330
38802,0.000553,172.31.47.0-255,66,63213,82,358330
38803,0.000576,172.217.194.0-255,8574,71787,82,358330
38804,0.000581,172.31.47.0-255,66,71853,82,358330
38805,0.000585,172.217.194.0-255,1484,73337,82,358330
38806,0.000619,172.217.194.0-255,8574,81911,82,358330
38807,0.000623,172.31.47.0-255,66,81977,82,358330
38808,0.000629,172.217.194.0-255,4738,86715,82,358330
38809,0.000631,172.31.47.0-255,66,86781,82,358330
38810,0.001085,172.217.194.0-255,1484,88265,82,358330
38811,0.001092,172.217.194.0-255,2902,91167,82,358330
38812,0.001096,172.31.47.0-255,66,91233,82,358330
38813,0.001102,172.217.194.0-255,2902,94135,82,358330
38814,0.00111,172.31.47.0-255,66,94201,82,358330
38815,0.001119,172.217.194.0-255,2902,97103,82,358330
38816,0.001122,172.31.47.0-255,66,97169,82,358330
38817,0.001153,172.217.194.0-255,6797,103966,82,358330
38818,0.001156,172.31.47.0-255,66,104032,82,358330
38819,0.001451,172.217.194.0-255,1484,105516,82,358330
38820,0.001473,172.217.194.0-255,2902,108418,82,358330
38821,0.001478,172.31.47.0-255,66,108484,82,358330
38822,0.001485,172.217.194.0-255,5738,114222,82,358330
38823,0.001487,172.31.47.0-255,66,114288,82,358330
38824,0.001492,172.217.194.0-255,5738,120026,82,358330
38825,0.001494,172.31.47.0-255,66,120092,82,358330
38826,0.001518,172.217.194.0-255,4320,124412,82,358330
38827,0.001521,172.31.47.0-255,66,124478,82,358330
38828,0.001553,172.31.47.0-255,66,124544,82,358330
38829,0.001555,172.217.194.0-255,766,125310,82,358330
38830,0.001762,172.31.47.0-255,66,125376,82,358330
38831,0.001884,172.217.194.0-255,1484,126860,82,358330
38832,0.001903,172.217.194.0-255,2902,129762,82,358330
38833,0.001907,172.31.47.0-255,66,129828,82,358330
38834,0.001914,172.217.194.0-255,5738,135566,82,358330
38835,0.001916,172.31.47.0-255,66,135632,82,358330
38836,0.001939,172.217.194.0-255,8574,144206,82,358330
38837,0.001942,172.31.47.0-255,66,144272,82,358330
38838,0.001964,172.217.194.0-255,4320,148592,82,358330
38839,0.001967,172.31.47.0-255,66,148658,82,358330
38840,0.001977,172.217.194.0-255,10692,159350,82,358330
38841,0.001979,172.31.47.0-255,66,159416,82,358330
38842,0.00401,172.217.194.0-255,5738,165154,82,358330
38843,0.004016,172.31.47.0-255,66,165220,82,358330
38844,0.005997,172.217.194.0-255,4320,169540,82,358330
38845,0.006002,172.31.47.0-255,66,169606,82,358330
38846,0.006019,172.217.194.0-255,1484,171090,82,358330
38847,0.008012,172.217.194.0-255,4320,175410,82,358330
38848,0.008019,172.31.47.0-255,66,175476,82,358330
38849,0.009972,172.217.194.0-255,5738,181214,82,358330
38850,0.009979,172.31.47.0-255,66,181280,82,358330
38851,0.011984,172.217.194.0-255,5738,187018,82,358330
38852,0.012,172.31.47.0-255,66,187084,82,358330
38853,0.01398,172.217.194.0-255,5738,192822,82,358330
38854,0.013989,172.31.47.0-255,66,192888,82,358330
38855,0.015936,172.217.194.0-255,4320,197208,82,358330
38856,0.015944,172.31.47.0-255,66,197274,82,358330
38857,0.015959,172.217.194.0-255,1484,198758,82,358330
38858,0.017925,172.217.194.0-255,4320,203078,82,358330
38859,0.017933,172.31.47.0-255,66,203144,82,358330
38860,0.019915,172.217.194.0-255,5738,208882,82,358330
38861,0.019922,172.31.47.0-255,66,208948,82,358330
38862,0.021906,172.217.194.0-255,5738,214686,82,358330
38863,0.021913,172.31.47.0-255,66,214752,82,358330
38864,0.022917,172.31.47.0-255,171,214923,82,358330
38865,0.022955,172.31.47.0-255,1136,216059,82,358330
38866,0.023007,172.31.47.0-255,1514,217573,82,358330
38867,0.023009,172.31.47.0-255,1263,218836,82,358330
38868,0.023865,172.217.194.0-255,5738,224574,82,358330
38869,0.023872,172.31.47.0-255,66,224640,82,358330
38870,0.024449,104.244.42.0-255,66,224706,82,358330
38871,0.02452,104.244.42.0-255,66,224772,82,358330
38872,0.024572,104.244.42.0-255,66,224838,82,358330
38873,0.025892,172.217.194.0-255,5738,230576,82,358330
38874,0.025899,172.31.47.0-255,66,230642,82,358330
38875,0.027876,172.217.194.0-255,5738,236380,82,358330
38876,0.027883,172.31.47.0-255,66,236446,82,358330
38877,0.02987,172.217.194.0-255,5738,242184,82,358330
38878,0.029876,172.31.47.0-255,66,242250,82,358330
38879,0.031851,172.217.194.0-255,5738,247988,82,358330
38880,0.031858,172.31.47.0-255,66,248054,82,358330
38881,0.033832,172.217.194.0-255,5738,253792,82,358330
38882,0.033839,172.31.47.0-255,66,253858,82,358330
38883,0.035783,172.217.194.0-255,5738,259596,82,358330
38884,0.03579,172.31.47.0-255,66,259662,82,358330
38885,0.037755,172.217.194.0-255,5738,265400,82,358330
38886,0.037761,172.31.47.0-255,66,265466,82,358330
38887,0.039746,172.217.194.0-255,5738,271204,82,358330
38888,0.039752,172.31.47.0-255,66,271270,82,358330
38889,0.041735,172.217.194.0-255,5738,277008,82,358330
38890,0.041741,172.31.47.0-255,66,277074,82,358330
38891,0.043744,172.217.194.0-255,5738,282812,82,358330
38892,0.043751,172.31.47.0-255,66,282878,82,358330
38893,0.04574,172.217.194.0-255,5738,288616,82,358330
38894,0.045745,172.31.47.0-255,66,288682,82,358330
38895,0.04778,172.217.194.0-255,5738,294420,82,358330
38896,0.047785,172.31.47.0-255,66,294486,82,358330
38897,0.049753,172.217.194.0-255,5738,300224,82,358330
38898,0.049758,172.31.47.0-255,66,300290,82,358330
38899,0.051748,172.217.194.0-255,5738,306028,82,358330
38900,0.051756,172.31.47.0-255,66,306094,82,358330
38901,0.053738,172.217.194.0-255,5738,311832,82,358330
38902,0.053745,172.31.47.0-255,66,311898,82,358330
38903,0.055755,172.217.194.0-255,5738,317636,82,358330
38904,0.055765,172.31.47.0-255,66,317702,82,358330
38905,0.057751,172.217.194.0-255,5738,323440,82,358330
38906,0.057756,172.31.47.0-255,66,323506,82,358330
38907,0.059736,172.217.194.0-255,5738,329244,82,358330
38908,0.059741,172.31.47.0-255,66,329310,82,358330
38909,0.061726,172.217.194.0-255,5738,335048,82,358330
38910,0.061732,172.31.47.0-255,66,335114,82,358330
38911,0.06374,172.217.194.0-255,5738,340852,82,358330
38912,0.063746,172.31.47.0-255,66,340918,82,358330
38913,0.065706,172.217.194.0-255,5738,346656,82,358330
38914,0.065712,172.31.47.0-255,66,346722,82,358330
38915,0.06769,172.217.194.0-255,5738,352460,82,358330
38916,0.067695,172.31.47.0-255,66,352526,82,358330
38917,0.069695,172.217.194.0-255,5738,358264,82,358330
38918,0.069702,172.31.47.0-255,66,358330,82,358330
38919,0.0,172.31.47.0-255,66,66,82,66
