,TIME,SRC,PACKET_SIZE,CUMULATIVE_PACKET_SIZE,PAGE_NUMBER,TOTAL_PACKET_SIZE
0,0.0,172.217.194.0-255,146,146,64,229727
1,1.4e-05,172.31.40.0-255,66,212,64,229727
2,2.1e-05,172.217.194.0-255,1484,1696,64,229727
3,2.5e-05,172.31.40.0-255,66,1762,64,229727
4,3.2e-05,172.217.194.0-255,2902,4664,64,229727
5,3.6e-05,172.31.40.0-255,66,4730,64,229727
6,4.2e-05,172.217.194.0-255,5738,10468,64,229727
7,4.5e-05,172.31.40.0-255,66,10534,64,229727
8,8.3e-05,172.217.194.0-255,4320,14854,64,229727
9,8.6e-05,172.31.40.0-255,66,14920,64,229727
10,0.000116,172.31.40.0-255,66,14986,64,229727
11,0.00013,172.31.40.0-255,66,15052,64,229727
12,0.000156,172.31.40.0-255,66,15118,64,229727
13,0.000178,172.217.194.0-255,3602,18720,64,229727
14,0.00018,172.31.40.0-255,66,18786,64,229727
15,0.001178,172.217.194.0-255,1484,20270,64,229727
16,0.001185,172.31.40.0-255,66,20336,64,229727
17,0.001194,172.217.194.0-255,2902,23238,64,229727
18,0.001196,172.31.40.0-255,66,23304,64,229727
19,0.001204,172.217.194.0-255,5738,29042,64,229727
20,0.001207,172.31.40.0-255,66,29108,64,229727
21,0.00125,172.217.194.0-255,5738,34846,64,229727
22,0.001253,172.31.40.0-255,66,34912,64,229727
23,0.001268,172.217.194.0-255,1431,36343,64,229727
24,0.00127,172.31.40.0-255,66,36409,64,229727
25,0.00207,172.217.194.0-255,1484,37893,64,229727
26,0.002076,172.31.40.0-255,66,37959,64,229727
27,0.002082,172.217.194.0-255,2902,40861,64,229727
28,0.002084,172.31.40.0-255,66,40927,64,229727
29,0.002087,172.217.194.0-255,1484,42411,64,229727
30,0.002112,172.217.194.0-255,4320,46731,64,229727
31,0.002114,172.31.40.0-255,66,46797,64,229727
32,0.002128,172.217.194.0-255,4320,51117,64,229727
33,0.00213,172.31.40.0-255,66,51183,64,229727
34,0.00215,172.217.194.0-255,7156,58339,64,229727
35,0.002152,172.31.40.0-255,66,58405,64,229727
36,0.002165,172.31.40.0-255,66,58471,64,229727
37,0.004741,172.217.194.0-255,4320,62791,64,229727
38,0.004745,172.31.40.0-255,66,62857,64,229727
39,0.004764,172.217.194.0-255,1484,64341,64,229727
40,0.007332,172.217.194.0-255,4320,68661,64,229727
41,0.007339,172.31.40.0-255,66,68727,64,229727
42,0.009905,172.217.194.0-255,5738,74465,64,229727
43,0.009914,172.31.40.0-255,66,74531,64,229727
44,0.012504,172.217.194.0-255,5738,80269,64,229727
45,0.012513,172.31.40.0-255,66,80335,64,229727
46,0.015116,172.217.194.0-255,5738,86073,64,229727
47,0.015132,172.31.40.0-255,66,86139,64,229727
48,0.01771,172.217.194.0-255,5738,91877,64,229727
49,0.017723,172.31.40.0-255,66,91943,64,229727
50,0.020399,172.217.194.0-255,5738,97681,64,229727
51,0.02041,172.31.40.0-255,66,97747,64,229727
52,0.023056,172.217.194.0-255,5738,103485,64,229727
53,0.023068,172.31.40.0-255,66,103551,64,229727
54,0.025654,172.217.194.0-255,5738,109289,64,229727
55,0.025665,172.31.40.0-255,66,109355,64,229727
56,0.028267,172.217.194.0-255,5738,115093,64,229727
57,0.028276,172.31.40.0-255,66,115159,64,229727
58,0.029516,172.31.40.0-255,172,115331,64,229727
59,0.029549,172.31.40.0-255,1112,116443,64,229727
60,0.029609,172.31.40.0-255,1514,117957,64,229727
61,0.029611,172.31.40.0-255,1296,119253,64,229727
62,0.030844,172.217.194.0-255,5738,124991,64,229727
63,0.030853,172.31.40.0-255,66,125057,64,229727
64,0.03107,104.244.42.0-255,66,125123,64,229727
65,0.031138,104.244.42.0-255,66,125189,64,229727
66,0.031142,104.244.42.0-255,66,125255,64,229727
67,0.033435,172.217.194.0-255,5738,130993,64,229727
68,0.033442,172.31.40.0-255,66,131059,64,229727
69,0.036018,172.217.194.0-255,5738,136797,64,229727
70,0.036025,172.31.40.0-255,66,136863,64,229727
71,0.038601,172.217.194.0-255,5738,142601,64,229727
72,0.038612,172.31.40.0-255,66,142667,64,229727
73,0.041195,172.217.194.0-255,5738,148405,64,229727
74,0.041208,172.31.40.0-255,66,148471,64,229727
75,0.043817,172.217.194.0-255,5738,154209,64,229727
76,0.043824,172.31.40.0-255,66,154275,64,229727
77,0.046419,172.217.194.0-255,5738,160013,64,229727
78,0.04643,172.31.40.0-255,66,160079,64,229727
79,0.049032,172.217.194.0-255,5738,165817,64,229727
80,0.049041,172.31.40.0-255,66,165883,64,229727
81,0.051612,172.217.194.0-255,5738,171621,64,229727
82,0.05162,172.31.40.0-255,66,171687,64,229727
83,0.054196,172.217.194.0-255,5738,177425,64,229727
84,0.054203,172.31.40.0-255,66,177491,64,229727
85,0.056806,172.217.194.0-255,5738,183229,64,229727
86,0.056819,172.31.40.0-255,66,183295,64,229727
87,0.05941,172.217.194.0-255,5738,189033,64,229727
88,0.059418,172.31.40.0-255,66,189099,64,229727
89,0.062035,172.217.194.0-255,5738,194837,64,229727
90,0.062043,172.31.40.0-255,66,194903,64,229727
91,0.064642,172.217.194.0-255,5738,200641,64,229727
92,0.064652,172.31.40.0-255,66,200707,64,229727
93,0.067219,172.217.194.0-255,5738,206445,64,229727
94,0.067227,172.31.40.0-255,66,206511,64,229727
95,0.069805,172.217.194.0-255,5738,212249,64,229727
96,0.069812,172.31.40.0-255,66,212315,64,229727
97,0.072428,172.217.194.0-255,5738,218053,64,229727
98,0.072443,172.31.40.0-255,66,218119,64,229727
99,0.075024,172.217.194.0-255,5738,223857,64,229727
100,0.075032,172.31.40.0-255,66,223923,64,229727
101,0.077641,172.217.194.0-255,5738,229661,64,229727
102,0.077648,172.31.40.0-255,66,229727,64,229727
103,0.0,172.217.194.0-255,152,152,64,193246
104,1.6e-05,172.31.40.0-255,66,218,64,193246
105,2.2e-05,172.217.194.0-255,1484,1702,64,193246
106,2.7e-05,172.31.40.0-255,66,1768,64,193246
107,3.4e-05,172.217.194.0-255,2902,4670,64,193246
108,4.5e-05,172.31.40.0-255,66,4736,64,193246
109,5.3e-05,172.217.194.0-255,7156,11892,64,193246
110,5.6e-05,172.31.40.0-255,66,11958,64,193246
111,6.2e-05,172.217.194.0-255,4320,16278,64,193246
112,6.5e-05,172.31.40.0-255,66,16344,64,193246
113,0.000107,172.31.40.0-255,66,16410,64,193246
114,0.000115,172.217.194.0-255,6797,23207,64,193246
115,0.000118,172.31.40.0-255,66,23273,64,193246
116,0.00014,172.217.194.0-255,7156,30429,64,193246
117,0.000143,172.31.40.0-255,66,30495,64,193246
118,0.000146,172.217.194.0-255,1484,31979,64,193246
119,0.000148,172.31.40.0-255,66,32045,64,193246
120,0.000182,172.217.194.0-255,5738,37783,64,193246
121,0.000185,172.31.40.0-255,66,37849,64,193246
122,0.000205,172.217.194.0-255,5379,43228,64,193246
123,0.000208,172.31.40.0-255,66,43294,64,193246
124,0.000211,172.217.194.0-255,1484,44778,64,193246
125,0.000213,172.31.40.0-255,66,44844,64,193246
126,0.000249,172.217.194.0-255,1484,46328,64,193246
127,0.000251,172.31.40.0-255,66,46394,64,193246
128,0.000292,172.31.40.0-255,66,46460,64,193246
129,0.000295,172.217.194.0-255,365,46825,64,193246
130,0.000297,172.31.40.0-255,66,46891,64,193246
131,0.000435,172.217.194.0-255,1484,48375,64,193246
132,0.00044,172.31.40.0-255,66,48441,64,193246
133,0.000446,172.217.194.0-255,2902,51343,64,193246
134,0.000449,172.31.40.0-255,66,51409,64,193246
135,0.00046,172.217.194.0-255,4320,55729,64,193246
136,0.000462,172.31.40.0-255,66,55795,64,193246
137,0.000468,172.217.194.0-255,5738,61533,64,193246
138,0.000472,172.31.40.0-255,66,61599,64,193246
139,0.0005,172.217.194.0-255,2902,64501,64,193246
140,0.000507,172.31.40.0-255,66,64567,64,193246
141,0.000539,172.217.194.0-255,7156,71723,64,193246
142,0.000542,172.31.40.0-255,66,71789,64,193246
143,0.000578,172.31.40.0-255,66,71855,64,193246
144,0.000623,172.217.194.0-255,1484,73339,64,193246
145,0.000627,172.217.194.0-255,1484,74823,64,193246
146,0.00063,172.31.40.0-255,66,74889,64,193246
147,0.000647,172.217.194.0-255,1484,76373,64,193246
148,0.000659,172.217.194.0-255,5738,82111,64,193246
149,0.000662,172.31.40.0-255,66,82177,64,193246
150,0.000665,172.217.194.0-255,1484,83661,64,193246
151,0.000692,172.217.194.0-255,4320,87981,64,193246
152,0.000695,172.31.40.0-255,66,88047,64,193246
153,0.000714,172.31.40.0-255,66,88113,64,193246
154,0.000746,172.217.194.0-255,5020,93133,64,193246
155,0.000749,172.31.40.0-255,66,93199,64,193246
156,0.000849,172.217.194.0-255,1484,94683,64,193246
157,0.000856,172.217.194.0-255,2902,97585,64,193246
158,0.000859,172.31.40.0-255,66,97651,64,193246
159,0.000867,172.217.194.0-255,5738,103389,64,193246
160,0.000869,172.31.40.0-255,66,103455,64,193246
161,0.000914,172.31.40.0-255,66,103521,64,193246
162,0.00092,172.217.194.0-255,4320,107841,64,193246
163,0.000923,172.31.40.0-255,66,107907,64,193246
164,0.000954,172.217.194.0-255,6438,114345,64,193246
165,0.000957,172.31.40.0-255,66,114411,64,193246
166,0.001029,172.217.194.0-255,1484,115895,64,193246
167,0.001035,172.217.194.0-255,2902,118797,64,193246
168,0.001037,172.31.40.0-255,66,118863,64,193246
169,0.001066,172.217.194.0-255,5738,124601,64,193246
170,0.001085,172.31.40.0-255,66,124667,64,193246
171,0.001089,172.31.40.0-255,66,124733,64,193246
172,0.001145,172.31.40.0-255,66,124799,64,193246
173,0.001147,172.31.40.0-255,66,124865,64,193246
174,0.001202,172.217.194.0-255,7156,132021,64,193246
175,0.001206,172.31.40.0-255,66,132087,64,193246
176,0.001246,172.31.40.0-255,66,132153,64,193246
177,0.001273,172.217.194.0-255,1484,133637,64,193246
178,0.001327,172.217.194.0-255,766,134403,64,193246
179,0.001336,172.31.40.0-255,66,134469,64,193246
180,0.001422,172.31.40.0-255,66,134535,64,193246
181,0.001438,172.217.194.0-255,1484,136019,64,193246
182,0.001453,172.217.194.0-255,1484,137503,64,193246
183,0.001457,172.217.194.0-255,2902,140405,64,193246
184,0.001464,172.217.194.0-255,5738,146143,64,193246
185,0.001469,172.217.194.0-255,4320,150463,64,193246
186,0.001481,172.217.194.0-255,2902,153365,64,193246
187,0.001496,172.217.194.0-255,2902,156267,64,193246
188,0.001506,172.31.40.0-255,66,156333,64,193246
189,0.001531,172.217.194.0-255,2184,158517,64,193246
190,0.001546,172.217.194.0-255,2902,161419,64,193246
191,0.001568,172.217.194.0-255,7156,168575,64,193246
192,0.001571,172.217.194.0-255,1484,170059,64,193246
193,0.001573,172.31.40.0-255,66,170125,64,193246
194,0.001579,172.31.40.0-255,66,170191,64,193246
195,0.001607,172.217.194.0-255,7156,177347,64,193246
196,0.001633,172.217.194.0-255,4320,181667,64,193246
197,0.001636,172.31.40.0-255,66,181733,64,193246
198,0.001641,172.31.40.0-255,66,181799,64,193246
199,0.001713,172.31.40.0-255,66,181865,64,193246
200,0.001721,172.217.194.0-255,2902,184767,64,193246
201,0.001727,172.31.40.0-255,66,184833,64,193246
202,0.001748,172.217.194.0-255,3777,188610,64,193246
203,0.001751,172.217.194.0-255,105,188715,64,193246
204,0.001774,172.31.40.0-255,66,188781,64,193246
205,0.004615,172.31.40.0-255,105,188886,64,193246
206,0.007312,172.217.194.0-255,66,188952,64,193246
207,0.033411,172.31.40.0-255,172,189124,64,193246
208,0.033444,172.31.40.0-255,1112,190236,64,193246
209,0.033507,172.31.40.0-255,1514,191750,64,193246
210,0.033509,172.31.40.0-255,1298,193048,64,193246
211,0.035084,104.244.42.0-255,66,193114,64,193246
212,0.035114,104.244.42.0-255,66,193180,64,193246
213,0.035167,104.244.42.0-255,66,193246,64,193246
214,0.0,216.58.221.0-255,298,298,64,285425
215,1.9e-05,172.31.40.0-255,66,364,64,285425
216,2.5e-05,216.58.221.0-255,1484,1848,64,285425
217,2.9e-05,172.31.40.0-255,66,1914,64,285425
218,3.5e-05,216.58.221.0-255,4320,6234,64,285425
219,4.3e-05,172.31.40.0-255,66,6300,64,285425
220,4.8e-05,216.58.221.0-255,4320,10620,64,285425
221,5e-05,172.31.40.0-255,66,10686,64,285425
222,8.9e-05,216.58.221.0-255,4733,15419,64,285425
223,9.2e-05,172.31.40.0-255,66,15485,64,285425
224,0.000103,172.31.40.0-255,66,15551,64,285425
225,0.000107,216.58.221.0-255,4320,19871,64,285425
226,0.000113,172.31.40.0-255,66,19937,64,285425
227,0.000139,216.58.221.0-255,1125,21062,64,285425
228,0.000141,172.31.40.0-255,66,21128,64,285425
229,0.000338,216.58.221.0-255,1484,22612,64,285425
230,0.000342,172.31.40.0-255,66,22678,64,285425
231,0.000348,216.58.221.0-255,2902,25580,64,285425
232,0.000351,172.31.40.0-255,66,25646,64,285425
233,0.000382,216.58.221.0-255,5738,31384,64,285425
234,0.000385,172.31.40.0-255,66,31450,64,285425
235,0.00039,216.58.221.0-255,4320,35770,64,285425
236,0.000392,172.31.40.0-255,66,35836,64,285425
237,0.00041,216.58.221.0-255,2543,38379,64,285425
238,0.000412,172.31.40.0-255,66,38445,64,285425
239,0.000836,216.58.221.0-255,1484,39929,64,285425
240,0.000841,172.31.40.0-255,66,39995,64,285425
241,0.000845,216.58.221.0-255,1484,41479,64,285425
242,0.000847,172.31.40.0-255,66,41545,64,285425
243,0.00085,216.58.221.0-255,1484,43029,64,285425
244,0.000852,172.31.40.0-255,66,43095,64,285425
245,0.000878,216.58.221.0-255,1484,44579,64,285425
246,0.000889,216.58.221.0-255,5738,50317,64,285425
247,0.000891,172.31.40.0-255,66,50383,64,285425
248,0.000895,216.58.221.0-255,2902,53285,64,285425
249,0.000897,172.31.40.0-255,66,53351,64,285425
250,0.000922,216.58.221.0-255,2827,56178,64,285425
251,0.000924,172.31.40.0-255,66,56244,64,285425
252,0.001079,216.58.221.0-255,142,56386,64,285425
253,0.001121,172.31.40.0-255,66,56452,64,285425
254,0.001247,216.58.221.0-255,1484,57936,64,285425
255,0.001256,216.58.221.0-255,2902,60838,64,285425
256,0.001261,172.31.40.0-255,66,60904,64,285425
257,0.001288,216.58.221.0-255,1484,62388,64,285425
258,0.001311,216.58.221.0-255,4320,66708,64,285425
259,0.001314,172.31.40.0-255,66,66774,64,285425
260,0.001348,172.31.40.0-255,66,66840,64,285425
261,0.001382,172.31.40.0-255,66,66906,64,285425
262,0.003462,216.58.221.0-255,5738,72644,64,285425
263,0.003469,172.31.40.0-255,66,72710,64,285425
264,0.005537,216.58.221.0-255,5738,78448,64,285425
265,0.005544,172.31.40.0-255,66,78514,64,285425
266,0.007596,216.58.221.0-255,2902,81416,64,285425
267,0.007602,172.31.40.0-255,66,81482,64,285425
268,0.007629,216.58.221.0-255,2902,84384,64,285425
269,0.007632,172.31.40.0-255,66,84450,64,285425
270,0.009687,216.58.221.0-255,5738,90188,64,285425
271,0.009694,172.31.40.0-255,66,90254,64,285425
272,0.011775,216.58.221.0-255,4320,94574,64,285425
273,0.011782,172.31.40.0-255,66,94640,64,285425
274,0.01181,216.58.221.0-255,1484,96124,64,285425
275,0.013866,216.58.221.0-255,4320,100444,64,285425
276,0.013875,172.31.40.0-255,66,100510,64,285425
277,0.015949,216.58.221.0-255,5738,106248,64,285425
278,0.015957,172.31.40.0-255,66,106314,64,285425
279,0.018018,216.58.221.0-255,5738,112052,64,285425
280,0.018025,172.31.40.0-255,66,112118,64,285425
281,0.020095,216.58.221.0-255,5738,117856,64,285425
282,0.020103,172.31.40.0-255,66,117922,64,285425
283,0.022166,216.58.221.0-255,5738,123660,64,285425
284,0.022172,172.31.40.0-255,66,123726,64,285425
285,0.024236,216.58.221.0-255,4320,128046,64,285425
286,0.024243,172.31.40.0-255,66,128112,64,285425
287,0.02427,216.58.221.0-255,1484,129596,64,285425
288,0.0263,216.58.221.0-255,1484,131080,64,285425
289,0.026308,172.31.40.0-255,66,131146,64,285425
290,0.026341,216.58.221.0-255,2902,134048,64,285425
291,0.026345,172.31.40.0-255,66,134114,64,285425
292,0.026405,172.31.40.0-255,172,134286,64,285425
293,0.026431,172.31.40.0-255,1108,135394,64,285425
294,0.026493,172.31.40.0-255,1514,136908,64,285425
295,0.026495,172.31.40.0-255,1514,138422,64,285425
296,0.026496,172.31.40.0-255,1514,139936,64,285425
297,0.026523,172.31.40.0-255,1081,141017,64,285425
298,0.028081,104.244.42.0-255,66,141083,64,285425
299,0.028106,104.244.42.0-255,66,141149,64,285425
300,0.028176,104.244.42.0-255,66,141215,64,285425
301,0.028187,104.244.42.0-255,66,141281,64,285425
302,0.028382,216.58.221.0-255,2902,144183,64,285425
303,0.028388,172.31.40.0-255,66,144249,64,285425
304,0.028432,216.58.221.0-255,2902,147151,64,285425
305,0.028435,172.31.40.0-255,66,147217,64,285425
306,0.030464,216.58.221.0-255,2902,150119,64,285425
307,0.030471,172.31.40.0-255,66,150185,64,285425
308,0.030504,216.58.221.0-255,2902,153087,64,285425
309,0.030506,172.31.40.0-255,66,153153,64,285425
310,0.032534,216.58.221.0-255,2902,156055,64,285425
311,0.032541,172.31.40.0-255,66,156121,64,285425
312,0.032573,216.58.221.0-255,2902,159023,64,285425
313,0.032575,172.31.40.0-255,66,159089,64,285425
314,0.034613,216.58.221.0-255,4320,163409,64,285425
315,0.03462,172.31.40.0-255,66,163475,64,285425
316,0.03465,216.58.221.0-255,1484,164959,64,285425
317,0.036692,216.58.221.0-255,4320,169279,64,285425
318,0.036699,172.31.40.0-255,66,169345,64,285425
319,0.038775,216.58.221.0-255,5738,175083,64,285425
320,0.038781,172.31.40.0-255,66,175149,64,285425
321,0.040868,216.58.221.0-255,5738,180887,64,285425
322,0.040874,172.31.40.0-255,66,180953,64,285425
323,0.042941,216.58.221.0-255,5738,186691,64,285425
324,0.042949,172.31.40.0-255,66,186757,64,285425
325,0.045016,216.58.221.0-255,5738,192495,64,285425
326,0.045021,172.31.40.0-255,66,192561,64,285425
327,0.047091,216.58.221.0-255,5738,198299,64,285425
328,0.047096,172.31.40.0-255,66,198365,64,285425
329,0.049183,216.58.221.0-255,5738,204103,64,285425
330,0.04919,172.31.40.0-255,66,204169,64,285425
331,0.051265,216.58.221.0-255,5738,209907,64,285425
332,0.051272,172.31.40.0-255,66,209973,64,285425
333,0.053358,216.58.221.0-255,5738,215711,64,285425
334,0.053364,172.31.40.0-255,66,215777,64,285425
335,0.055434,216.58.221.0-255,5738,221515,64,285425
336,0.05544,172.31.40.0-255,66,221581,64,285425
337,0.057549,216.58.221.0-255,5738,227319,64,285425
338,0.057554,172.31.40.0-255,66,227385,64,285425
339,0.059634,216.58.221.0-255,5738,233123,64,285425
340,0.059641,172.31.40.0-255,66,233189,64,285425
341,0.061721,216.58.221.0-255,5738,238927,64,285425
342,0.061728,172.31.40.0-255,66,238993,64,285425
343,0.0638,216.58.221.0-255,5738,244731,64,285425
344,0.063807,172.31.40.0-255,66,244797,64,285425
345,0.065882,216.58.221.0-255,5738,250535,64,285425
346,0.065888,172.31.40.0-255,66,250601,64,285425
347,0.068044,216.58.221.0-255,5738,256339,64,285425
348,0.068049,172.31.40.0-255,66,256405,64,285425
349,0.070124,216.58.221.0-255,5738,262143,64,285425
350,0.07013,172.31.40.0-255,66,262209,64,285425
351,0.072207,216.58.221.0-255,5738,267947,64,285425
352,0.072213,172.31.40.0-255,66,268013,64,285425
353,0.074298,216.58.221.0-255,5738,273751,64,285425
354,0.074308,172.31.40.0-255,66,273817,64,285425
355,0.076385,216.58.221.0-255,5738,279555,64,285425
356,0.076391,172.31.40.0-255,66,279621,64,285425
357,0.078464,216.58.221.0-255,5738,285359,64,285425
358,0.07847,172.31.40.0-255,66,285425,64,285425
359,0.0,74.125.24.0-255,297,297,64,297124
360,2e-05,172.31.40.0-255,66,363,64,297124
361,2.7e-05,74.125.24.0-255,1484,1847,64,297124
362,3.1e-05,172.31.40.0-255,66,1913,64,297124
363,3.9e-05,74.125.24.0-255,4320,6233,64,297124
364,4.2e-05,172.31.40.0-255,66,6299,64,297124
365,5.4e-05,172.31.40.0-255,66,6365,64,297124
366,5.8e-05,74.125.24.0-255,1484,7849,64,297124
367,6e-05,172.31.40.0-255,66,7915,64,297124
368,8.5e-05,74.125.24.0-255,4320,12235,64,297124
369,8.9e-05,172.31.40.0-255,66,12301,64,297124
370,0.000137,74.125.24.0-255,7156,19457,64,297124
371,0.000139,172.31.40.0-255,66,19523,64,297124
372,0.000154,74.125.24.0-255,2543,22066,64,297124
373,0.000156,172.31.40.0-255,66,22132,64,297124
374,0.000191,74.125.24.0-255,1484,23616,64,297124
375,0.000194,172.31.40.0-255,66,23682,64,297124
376,0.000198,74.125.24.0-255,2902,26584,64,297124
377,0.000201,172.31.40.0-255,66,26650,64,297124
378,0.000205,74.125.24.0-255,2902,29552,64,297124
379,0.000207,172.31.40.0-255,66,29618,64,297124
380,0.000234,74.125.24.0-255,2902,32520,64,297124
381,0.000236,172.31.40.0-255,66,32586,64,297124
382,0.000249,172.31.40.0-255,66,32652,64,297124
383,0.000299,74.125.24.0-255,7156,39808,64,297124
384,0.000302,172.31.40.0-255,66,39874,64,297124
385,0.000323,74.125.24.0-255,5649,45523,64,297124
386,0.000326,172.31.40.0-255,66,45589,64,297124
387,0.000329,74.125.24.0-255,126,45715,64,297124
388,0.000331,172.31.40.0-255,66,45781,64,297124
389,0.000465,74.125.24.0-255,1484,47265,64,297124
390,0.000473,74.125.24.0-255,2902,50167,64,297124
391,0.00048,74.125.24.0-255,5738,55905,64,297124
392,0.000506,74.125.24.0-255,5738,61643,64,297124
393,0.000535,74.125.24.0-255,4320,65963,64,297124
394,0.000549,74.125.24.0-255,2902,68865,64,297124
395,0.000561,74.125.24.0-255,2811,71676,64,297124
396,0.000579,172.31.40.0-255,66,71742,64,297124
397,0.001234,74.125.24.0-255,1484,73226,64,297124
398,0.001253,74.125.24.0-255,2902,76128,64,297124
399,0.001259,74.125.24.0-255,5738,81866,64,297124
400,0.001268,172.31.40.0-255,66,81932,64,297124
401,0.001273,74.125.24.0-255,1484,83416,64,297124
402,0.001301,74.125.24.0-255,2902,86318,64,297124
403,0.001315,172.31.40.0-255,66,86384,64,297124
404,0.001346,74.125.24.0-255,7156,93540,64,297124
405,0.001352,172.31.40.0-255,66,93606,64,297124
406,0.001364,74.125.24.0-255,766,94372,64,297124
407,0.001429,74.125.24.0-255,1484,95856,64,297124
408,0.001443,74.125.24.0-255,2902,98758,64,297124
409,0.00147,74.125.24.0-255,5738,104496,64,297124
410,0.00149,74.125.24.0-255,5738,110234,64,297124
411,0.001495,172.31.40.0-255,66,110300,64,297124
412,0.001519,74.125.24.0-255,7156,117456,64,297124
413,0.001526,74.125.24.0-255,7156,124612,64,297124
414,0.001531,74.125.24.0-255,3602,128214,64,297124
415,0.001834,74.125.24.0-255,1484,129698,64,297124
416,0.001839,74.125.24.0-255,1484,131182,64,297124
417,0.001853,74.125.24.0-255,1484,132666,64,297124
418,0.001877,74.125.24.0-255,5738,138404,64,297124
419,0.001897,74.125.24.0-255,4320,142724,64,297124
420,0.001945,74.125.24.0-255,5738,148462,64,297124
421,0.001963,74.125.24.0-255,5020,153482,64,297124
422,0.002099,74.125.24.0-255,1484,154966,64,297124
423,0.002115,74.125.24.0-255,2902,157868,64,297124
424,0.002118,74.125.24.0-255,1484,159352,64,297124
425,0.002135,74.125.24.0-255,4320,163672,64,297124
426,0.00214,74.125.24.0-255,2902,166574,64,297124
427,0.002163,74.125.24.0-255,7156,173730,64,297124
428,0.002189,74.125.24.0-255,2184,175914,64,297124
429,0.002224,74.125.24.0-255,2902,178816,64,297124
430,0.002237,74.125.24.0-255,2902,181718,64,297124
431,0.002287,74.125.24.0-255,7156,188874,64,297124
432,0.002292,74.125.24.0-255,5738,194612,64,297124
433,0.00233,74.125.24.0-255,1484,196096,64,297124
434,0.002337,74.125.24.0-255,4320,200416,64,297124
435,0.002339,74.125.24.0-255,766,201182,64,297124
436,0.002472,74.125.24.0-255,1484,202666,64,297124
437,0.002477,74.125.24.0-255,1484,204150,64,297124
438,0.002494,74.125.24.0-255,1484,205634,64,297124
439,0.002497,74.125.24.0-255,1484,207118,64,297124
440,0.00252,74.125.24.0-255,5738,212856,64,297124
441,0.002535,74.125.24.0-255,1484,214340,64,297124
442,0.002538,74.125.24.0-255,1484,215824,64,297124
443,0.002554,74.125.24.0-255,2902,218726,64,297124
444,0.002584,74.125.24.0-255,5738,224464,64,297124
445,0.002614,74.125.24.0-255,2902,227366,64,297124
446,0.002619,74.125.24.0-255,5738,233104,64,297124
447,0.002651,74.125.24.0-255,2184,235288,64,297124
448,0.002778,74.125.24.0-255,1484,236772,64,297124
449,0.00281,74.125.24.0-255,2902,239674,64,297124
450,0.002824,74.125.24.0-255,1484,241158,64,297124
451,0.002838,74.125.24.0-255,2902,244060,64,297124
452,0.00286,74.125.24.0-255,1484,245544,64,297124
453,0.00288,74.125.24.0-255,7156,252700,64,297124
454,0.002901,74.125.24.0-255,1484,254184,64,297124
455,0.002919,74.125.24.0-255,6438,260622,64,297124
456,0.002935,74.125.24.0-255,4320,264942,64,297124
457,0.002947,74.125.24.0-255,4320,269262,64,297124
458,0.002951,74.125.24.0-255,2902,272164,64,297124
459,0.002965,74.125.24.0-255,1484,273648,64,297124
460,0.003009,74.125.24.0-255,4320,277968,64,297124
461,0.003063,74.125.24.0-255,2902,280870,64,297124
462,0.003098,74.125.24.0-255,766,281636,64,297124
463,0.003102,74.125.24.0-255,4320,285956,64,297124
464,0.00313,74.125.24.0-255,1484,287440,64,297124
465,0.003157,74.125.24.0-255,5738,293178,64,297124
466,0.003186,74.125.24.0-255,97,293275,64,297124
467,0.003235,74.125.24.0-255,105,293380,64,297124
468,0.009981,172.31.40.0-255,66,293446,64,297124
469,0.012086,74.125.24.0-255,105,293551,64,297124
470,0.012096,172.31.40.0-255,78,293629,64,297124
471,0.012566,172.31.40.0-255,105,293734,64,297124
472,0.014769,74.125.24.0-255,66,293800,64,297124
473,0.038449,172.31.40.0-255,167,293967,64,297124
474,0.038484,172.31.40.0-255,1107,295074,64,297124
475,0.038547,172.31.40.0-255,1514,296588,64,297124
476,0.038548,172.31.40.0-255,338,296926,64,297124
477,0.040002,104.244.42.0-255,66,296992,64,297124
478,0.040046,104.244.42.0-255,66,297058,64,297124
479,0.040102,104.244.42.0-255,66,297124,64,297124
480,0.0,172.217.194.0-255,146,146,64,231031
481,2e-05,172.31.40.0-255,66,212,64,231031
482,2.6e-05,172.217.194.0-255,1484,1696,64,231031
483,3e-05,172.31.40.0-255,66,1762,64,231031
484,3.6e-05,172.217.194.0-255,2902,4664,64,231031
485,3.9e-05,172.31.40.0-255,66,4730,64,231031
486,4.5e-05,172.217.194.0-255,5738,10468,64,231031
487,4.8e-05,172.31.40.0-255,66,10534,64,231031
488,9.3e-05,172.217.194.0-255,5738,16272,64,231031
489,9.7e-05,172.31.40.0-255,66,16338,64,231031
490,0.000116,172.217.194.0-255,3488,19826,64,231031
491,0.000118,172.31.40.0-255,66,19892,64,231031
492,0.00013,172.31.40.0-255,66,19958,64,231031
493,0.000133,172.217.194.0-255,1125,21083,64,231031
494,0.000135,172.31.40.0-255,66,21149,64,231031
495,0.000193,172.217.194.0-255,1484,22633,64,231031
496,0.000196,172.31.40.0-255,66,22699,64,231031
497,0.000201,172.217.194.0-255,2902,25601,64,231031
498,0.000203,172.31.40.0-255,66,25667,64,231031
499,0.000206,172.217.194.0-255,1484,27151,64,231031
500,0.000208,172.31.40.0-255,66,27217,64,231031
501,0.000234,172.217.194.0-255,4320,31537,64,231031
502,0.000237,172.31.40.0-255,66,31603,64,231031
503,0.000242,172.217.194.0-255,4320,35923,64,231031
504,0.000244,172.31.40.0-255,66,35989,64,231031
505,0.000283,172.31.40.0-255,66,36055,64,231031
506,0.000295,172.217.194.0-255,1484,37539,64,231031
507,0.000297,172.31.40.0-255,66,37605,64,231031
508,0.000322,172.31.40.0-255,66,37671,64,231031
509,0.000325,172.217.194.0-255,121,37792,64,231031
510,0.000912,172.31.40.0-255,66,37858,64,231031
511,0.001257,172.217.194.0-255,375,38233,64,231031
512,0.001644,172.217.194.0-255,1484,39717,64,231031
513,0.001651,172.31.40.0-255,66,39783,64,231031
514,0.001658,172.217.194.0-255,2902,42685,64,231031
515,0.00166,172.31.40.0-255,66,42751,64,231031
516,0.001666,172.217.194.0-255,5738,48489,64,231031
517,0.001669,172.31.40.0-255,66,48555,64,231031
518,0.001703,172.217.194.0-255,2902,51457,64,231031
519,0.001705,172.31.40.0-255,66,51523,64,231031
520,0.001723,172.217.194.0-255,4320,55843,64,231031
521,0.001725,172.31.40.0-255,66,55909,64,231031
522,0.00174,172.31.40.0-255,66,55975,64,231031
523,0.001744,172.217.194.0-255,2184,58159,64,231031
524,0.001746,172.31.40.0-255,66,58225,64,231031
525,0.004354,172.217.194.0-255,2902,61127,64,231031
526,0.004361,172.31.40.0-255,66,61193,64,231031
527,0.004387,172.217.194.0-255,1484,62677,64,231031
528,0.004398,172.217.194.0-255,1484,64161,64,231031
529,0.0044,172.31.40.0-255,66,64227,64,231031
530,0.007044,172.217.194.0-255,5738,69965,64,231031
531,0.007051,172.31.40.0-255,66,70031,64,231031
532,0.009689,172.217.194.0-255,5738,75769,64,231031
533,0.009697,172.31.40.0-255,66,75835,64,231031
534,0.012365,172.217.194.0-255,5738,81573,64,231031
535,0.012373,172.31.40.0-255,66,81639,64,231031
536,0.015018,172.217.194.0-255,5738,87377,64,231031
537,0.015026,172.31.40.0-255,66,87443,64,231031
538,0.017711,172.217.194.0-255,5738,93181,64,231031
539,0.017721,172.31.40.0-255,66,93247,64,231031
540,0.020366,172.217.194.0-255,5738,98985,64,231031
541,0.020375,172.31.40.0-255,66,99051,64,231031
542,0.022999,172.217.194.0-255,5738,104789,64,231031
543,0.023008,172.31.40.0-255,66,104855,64,231031
544,0.025001,172.31.40.0-255,172,105027,64,231031
545,0.025029,172.31.40.0-255,1112,106139,64,231031
546,0.025075,172.31.40.0-255,1514,107653,64,231031
547,0.025077,172.31.40.0-255,1296,108949,64,231031
548,0.025635,172.217.194.0-255,5738,114687,64,231031
549,0.025641,172.31.40.0-255,66,114753,64,231031
550,0.026689,104.244.42.0-255,66,114819,64,231031
551,0.026734,104.244.42.0-255,66,114885,64,231031
552,0.026789,104.244.42.0-255,66,114951,64,231031
553,0.028266,172.217.194.0-255,5738,120689,64,231031
554,0.028271,172.31.40.0-255,66,120755,64,231031
555,0.030971,172.217.194.0-255,5738,126493,64,231031
556,0.030977,172.31.40.0-255,66,126559,64,231031
557,0.033638,172.217.194.0-255,5738,132297,64,231031
558,0.033645,172.31.40.0-255,66,132363,64,231031
559,0.036337,172.217.194.0-255,5738,138101,64,231031
560,0.036343,172.31.40.0-255,66,138167,64,231031
561,0.039019,172.217.194.0-255,5738,143905,64,231031
562,0.039026,172.31.40.0-255,66,143971,64,231031
563,0.041685,172.217.194.0-255,5738,149709,64,231031
564,0.041691,172.31.40.0-255,66,149775,64,231031
565,0.044348,172.217.194.0-255,5738,155513,64,231031
566,0.044356,172.31.40.0-255,66,155579,64,231031
567,0.046986,172.217.194.0-255,5738,161317,64,231031
568,0.046993,172.31.40.0-255,66,161383,64,231031
569,0.049655,172.217.194.0-255,5738,167121,64,231031
570,0.04966,172.31.40.0-255,66,167187,64,231031
571,0.052326,172.217.194.0-255,5738,172925,64,231031
572,0.052332,172.31.40.0-255,66,172991,64,231031
573,0.054984,172.217.194.0-255,5738,178729,64,231031
574,0.05499,172.31.40.0-255,66,178795,64,231031
575,0.05765,172.217.194.0-255,5738,184533,64,231031
576,0.057656,172.31.40.0-255,66,184599,64,231031
577,0.060378,172.217.194.0-255,5738,190337,64,231031
578,0.060384,172.31.40.0-255,66,190403,64,231031
579,0.063077,172.217.194.0-255,5738,196141,64,231031
580,0.063082,172.31.40.0-255,66,196207,64,231031
581,0.065763,172.217.194.0-255,5738,201945,64,231031
582,0.065769,172.31.40.0-255,66,202011,64,231031
583,0.068401,172.217.194.0-255,5738,207749,64,231031
584,0.068407,172.31.40.0-255,66,207815,64,231031
585,0.071053,172.217.194.0-255,5738,213553,64,231031
586,0.071059,172.31.40.0-255,66,213619,64,231031
587,0.073723,172.217.194.0-255,5738,219357,64,231031
588,0.073729,172.31.40.0-255,66,219423,64,231031
589,0.076435,172.217.194.0-255,5738,225161,64,231031
590,0.076442,172.31.40.0-255,66,225227,64,231031
591,0.079073,172.217.194.0-255,5738,230965,64,231031
592,0.07908,172.31.40.0-255,66,231031,64,231031
593,0.0,172.217.194.0-255,298,298,64,309655
594,2.1e-05,172.31.40.0-255,66,364,64,309655
595,2.8e-05,172.217.194.0-255,1484,1848,64,309655
596,3.2e-05,172.31.40.0-255,66,1914,64,309655
597,3.8e-05,172.217.194.0-255,4320,6234,64,309655
598,4.1e-05,172.31.40.0-255,66,6300,64,309655
599,5.3e-05,172.31.40.0-255,66,6366,64,309655
600,6e-05,172.217.194.0-255,7156,13522,64,309655
601,6.3e-05,172.31.40.0-255,66,13588,64,309655
602,9.1e-05,172.217.194.0-255,2902,16490,64,309655
603,9.3e-05,172.31.40.0-255,66,16556,64,309655
604,9.9e-05,172.217.194.0-255,5379,21935,64,309655
605,0.000102,172.31.40.0-255,66,22001,64,309655
606,0.000127,172.217.194.0-255,2902,24903,64,309655
607,0.000129,172.31.40.0-255,66,24969,64,309655
608,0.000155,172.217.194.0-255,2902,27871,64,309655
609,0.000158,172.31.40.0-255,66,27937,64,309655
610,0.000165,172.217.194.0-255,7156,35093,64,309655
611,0.000167,172.31.40.0-255,66,35159,64,309655
612,0.000182,172.31.40.0-255,66,35225,64,309655
613,0.000189,172.217.194.0-255,5667,40892,64,309655
614,0.000191,172.31.40.0-255,66,40958,64,309655
615,0.000278,172.217.194.0-255,98,41056,64,309655
616,0.000282,172.31.40.0-255,66,41122,64,309655
617,0.000347,172.217.194.0-255,1484,42606,64,309655
618,0.000351,172.31.40.0-255,66,42672,64,309655
619,0.000355,172.217.194.0-255,2902,45574,64,309655
620,0.000357,172.31.40.0-255,66,45640,64,309655
621,0.000364,172.217.194.0-255,5738,51378,64,309655
622,0.000367,172.31.40.0-255,66,51444,64,309655
623,0.00039,172.217.194.0-255,6797,58241,64,309655
624,0.000392,172.31.40.0-255,66,58307,64,309655
625,0.000408,172.217.194.0-255,1484,59791,64,309655
626,0.000433,172.31.40.0-255,66,59857,64,309655
627,0.00045,172.217.194.0-255,1484,61341,64,309655
628,0.000454,172.217.194.0-255,2842,64183,64,309655
629,0.000456,172.31.40.0-255,66,64249,64,309655
630,0.000982,172.217.194.0-255,1484,65733,64,309655
631,0.000988,172.217.194.0-255,2902,68635,64,309655
632,0.000992,172.31.40.0-255,66,68701,64,309655
633,0.000999,172.217.194.0-255,5738,74439,64,309655
634,0.001001,172.31.40.0-255,66,74505,64,309655
635,0.001057,172.31.40.0-255,66,74571,64,309655
636,0.00107,172.217.194.0-255,1484,76055,64,309655
637,0.001082,172.31.40.0-255,66,76121,64,309655
638,0.001089,172.217.194.0-255,7156,83277,64,309655
639,0.001092,172.31.40.0-255,66,83343,64,309655
640,0.001116,172.217.194.0-255,4320,87663,64,309655
641,0.00113,172.31.40.0-255,66,87729,64,309655
642,0.001134,172.31.40.0-255,66,87795,64,309655
643,0.001147,172.217.194.0-255,2902,90697,64,309655
644,0.00115,172.31.40.0-255,66,90763,64,309655
645,0.001183,172.217.194.0-255,6438,97201,64,309655
646,0.001186,172.31.40.0-255,66,97267,64,309655
647,0.001732,172.217.194.0-255,1484,98751,64,309655
648,0.001739,172.217.194.0-255,2902,101653,64,309655
649,0.001742,172.31.40.0-255,66,101719,64,309655
650,0.001746,172.217.194.0-255,1484,103203,64,309655
651,0.001766,172.217.194.0-255,4320,107523,64,309655
652,0.001769,172.31.40.0-255,66,107589,64,309655
653,0.001772,172.217.194.0-255,1484,109073,64,309655
654,0.001803,172.31.40.0-255,66,109139,64,309655
655,0.001824,172.31.40.0-255,66,109205,64,309655
656,0.004118,172.217.194.0-255,5738,114943,64,309655
657,0.004125,172.31.40.0-255,66,115009,64,309655
658,0.0064,172.217.194.0-255,5738,120747,64,309655
659,0.006405,172.31.40.0-255,66,120813,64,309655
660,0.008686,172.217.194.0-255,5738,126551,64,309655
661,0.008691,172.31.40.0-255,66,126617,64,309655
662,0.010979,172.217.194.0-255,5738,132355,64,309655
663,0.010988,172.31.40.0-255,66,132421,64,309655
664,0.013248,172.217.194.0-255,5738,138159,64,309655
665,0.013255,172.31.40.0-255,66,138225,64,309655
666,0.015543,172.217.194.0-255,5738,143963,64,309655
667,0.015553,172.31.40.0-255,66,144029,64,309655
668,0.01783,172.217.194.0-255,5738,149767,64,309655
669,0.017838,172.31.40.0-255,66,149833,64,309655
670,0.020144,172.217.194.0-255,5738,155571,64,309655
671,0.020164,172.31.40.0-255,66,155637,64,309655
672,0.02242,172.217.194.0-255,4320,159957,64,309655
673,0.022427,172.31.40.0-255,66,160023,64,309655
674,0.022451,172.217.194.0-255,1484,161507,64,309655
675,0.024728,172.217.194.0-255,4320,165827,64,309655
676,0.024737,172.31.40.0-255,66,165893,64,309655
677,0.027012,172.217.194.0-255,5738,171631,64,309655
678,0.027019,172.31.40.0-255,66,171697,64,309655
679,0.02928,172.217.194.0-255,5738,177435,64,309655
680,0.029289,172.31.40.0-255,66,177501,64,309655
681,0.031583,172.217.194.0-255,5738,183239,64,309655
682,0.03159,172.31.40.0-255,66,183305,64,309655
683,0.033868,172.217.194.0-255,5738,189043,64,309655
684,0.033876,172.31.40.0-255,66,189109,64,309655
685,0.036177,172.217.194.0-255,5738,194847,64,309655
686,0.036184,172.31.40.0-255,66,194913,64,309655
687,0.037257,172.31.40.0-255,172,195085,64,309655
688,0.03729,172.31.40.0-255,1110,196195,64,309655
689,0.037354,172.31.40.0-255,1514,197709,64,309655
690,0.037356,172.31.40.0-255,1298,199007,64,309655
691,0.038504,172.217.194.0-255,5738,204745,64,309655
692,0.038511,172.31.40.0-255,66,204811,64,309655
693,0.038839,104.244.42.0-255,66,204877,64,309655
694,0.038848,104.244.42.0-255,66,204943,64,309655
695,0.038971,104.244.42.0-255,66,205009,64,309655
696,0.039563,104.244.42.0-255,108,205117,64,309655
697,0.03957,172.31.40.0-255,66,205183,64,309655
698,0.040783,172.217.194.0-255,5738,210921,64,309655
699,0.04079,172.31.40.0-255,66,210987,64,309655
700,0.043077,172.217.194.0-255,5738,216725,64,309655
701,0.043084,172.31.40.0-255,66,216791,64,309655
702,0.045385,172.217.194.0-255,5738,222529,64,309655
703,0.045393,172.31.40.0-255,66,222595,64,309655
704,0.047668,172.217.194.0-255,5738,228333,64,309655
705,0.047677,172.31.40.0-255,66,228399,64,309655
706,0.049956,172.217.194.0-255,5738,234137,64,309655
707,0.049963,172.31.40.0-255,66,234203,64,309655
708,0.052264,172.217.194.0-255,5738,239941,64,309655
709,0.052271,172.31.40.0-255,66,240007,64,309655
710,0.054573,172.217.194.0-255,5738,245745,64,309655
711,0.054579,172.31.40.0-255,66,245811,64,309655
712,0.056868,172.217.194.0-255,5738,251549,64,309655
713,0.056872,172.31.40.0-255,66,251615,64,309655
714,0.059136,172.217.194.0-255,5738,257353,64,309655
715,0.059142,172.31.40.0-255,66,257419,64,309655
716,0.061419,172.217.194.0-255,5738,263157,64,309655
717,0.061425,172.31.40.0-255,66,263223,64,309655
718,0.06369,172.217.194.0-255,5738,268961,64,309655
719,0.0637,172.31.40.0-255,66,269027,64,309655
720,0.065988,172.217.194.0-255,5738,274765,64,309655
721,0.065995,172.31.40.0-255,66,274831,64,309655
722,0.068269,172.217.194.0-255,5738,280569,64,309655
723,0.068276,172.31.40.0-255,66,280635,64,309655
724,0.070567,172.217.194.0-255,5738,286373,64,309655
725,0.070573,172.31.40.0-255,66,286439,64,309655
726,0.072862,172.217.194.0-255,5738,292177,64,309655
727,0.072868,172.31.40.0-255,66,292243,64,309655
728,0.075158,172.217.194.0-255,5738,297981,64,309655
729,0.075164,172.31.40.0-255,66,298047,64,309655
730,0.077462,172.217.194.0-255,5738,303785,64,309655
731,0.077468,172.31.40.0-255,66,303851,64,309655
732,0.079746,172.217.194.0-255,5738,309589,64,309655
733,0.079751,172.31.40.0-255,66,309655,64,309655
734,0.0,74.125.24.0-255,150,150,64,209358
735,2e-05,172.31.40.0-255,66,216,64,209358
736,2.7e-05,74.125.24.0-255,1484,1700,64,209358
737,3.2e-05,172.31.40.0-255,66,1766,64,209358
738,3.8e-05,74.125.24.0-255,2902,4668,64,209358
739,4.2e-05,172.31.40.0-255,66,4734,64,209358
740,4.8e-05,74.125.24.0-255,4320,9054,64,209358
741,5e-05,172.31.40.0-255,66,9120,64,209358
742,7.3e-05,74.125.24.0-255,1484,10604,64,209358
743,7.5e-05,172.31.40.0-255,66,10670,64,209358
744,8.6e-05,172.31.40.0-255,66,10736,64,209358
745,9.3e-05,74.125.24.0-255,5738,16474,64,209358
746,9.6e-05,172.31.40.0-255,66,16540,64,209358
747,0.000123,74.125.24.0-255,2902,19442,64,209358
748,0.000125,172.31.40.0-255,66,19508,64,209358
749,0.000145,74.125.24.0-255,2902,22410,64,209358
750,0.000147,172.31.40.0-255,66,22476,64,209358
751,0.000164,74.125.24.0-255,1125,23601,64,209358
752,0.000166,172.31.40.0-255,66,23667,64,209358
753,0.000183,74.125.24.0-255,4320,27987,64,209358
754,0.000185,172.31.40.0-255,66,28053,64,209358
755,0.000192,74.125.24.0-255,5738,33791,64,209358
756,0.000194,172.31.40.0-255,66,33857,64,209358
757,0.000215,74.125.24.0-255,2902,36759,64,209358
758,0.000217,172.31.40.0-255,66,36825,64,209358
759,0.000252,172.31.40.0-255,66,36891,64,209358
760,0.000265,172.31.40.0-255,66,36957,64,209358
761,0.000294,74.125.24.0-255,130,37087,64,209358
762,0.000297,172.31.40.0-255,66,37153,64,209358
763,0.000476,74.125.24.0-255,1484,38637,64,209358
764,0.000482,74.125.24.0-255,1484,40121,64,209358
765,0.000485,172.31.40.0-255,66,40187,64,209358
766,0.000518,74.125.24.0-255,1484,41671,64,209358
767,0.000525,74.125.24.0-255,5738,47409,64,209358
768,0.000528,172.31.40.0-255,66,47475,64,209358
769,0.000531,74.125.24.0-255,1484,48959,64,209358
770,0.000558,74.125.24.0-255,4320,53279,64,209358
771,0.000561,172.31.40.0-255,66,53345,64,209358
772,0.000566,74.125.24.0-255,2902,56247,64,209358
773,0.000568,172.31.40.0-255,66,56313,64,209358
774,0.00059,172.31.40.0-255,66,56379,64,209358
775,0.000618,74.125.24.0-255,1125,57504,64,209358
776,0.000635,172.31.40.0-255,66,57570,64,209358
777,0.000639,74.125.24.0-255,2902,60472,64,209358
778,0.000642,172.31.40.0-255,66,60538,64,209358
779,0.000664,172.31.40.0-255,66,60604,64,209358
780,0.000696,74.125.24.0-255,5738,66342,64,209358
781,0.0007,172.31.40.0-255,66,66408,64,209358
782,0.00072,74.125.24.0-255,5738,72146,64,209358
783,0.000723,172.31.40.0-255,66,72212,64,209358
784,0.000743,74.125.24.0-255,3664,75876,64,209358
785,0.000746,172.31.40.0-255,66,75942,64,209358
786,0.000757,172.31.40.0-255,66,76008,64,209358
787,0.000812,74.125.24.0-255,1484,77492,64,209358
788,0.000816,74.125.24.0-255,1484,78976,64,209358
789,0.000819,172.31.40.0-255,66,79042,64,209358
790,0.00084,74.125.24.0-255,1484,80526,64,209358
791,0.000848,74.125.24.0-255,5738,86264,64,209358
792,0.00085,172.31.40.0-255,66,86330,64,209358
793,0.000868,74.125.24.0-255,2902,89232,64,209358
794,0.00087,172.31.40.0-255,66,89298,64,209358
795,0.000899,74.125.24.0-255,7156,96454,64,209358
796,0.000902,172.31.40.0-255,66,96520,64,209358
797,0.000917,172.31.40.0-255,66,96586,64,209358
798,0.000931,74.125.24.0-255,5020,101606,64,209358
799,0.000934,172.31.40.0-255,66,101672,64,209358
800,0.000939,74.125.24.0-255,2902,104574,64,209358
801,0.000941,172.31.40.0-255,66,104640,64,209358
802,0.000988,172.31.40.0-255,66,104706,64,209358
803,0.000997,74.125.24.0-255,3602,108308,64,209358
804,0.000999,172.31.40.0-255,66,108374,64,209358
805,0.001006,74.125.24.0-255,5738,114112,64,209358
806,0.001009,172.31.40.0-255,66,114178,64,209358
807,0.001015,74.125.24.0-255,7156,121334,64,209358
808,0.001017,172.31.40.0-255,66,121400,64,209358
809,0.001022,74.125.24.0-255,3961,125361,64,209358
810,0.001025,172.31.40.0-255,66,125427,64,209358
811,0.001131,74.125.24.0-255,1484,126911,64,209358
812,0.001137,74.125.24.0-255,2902,129813,64,209358
813,0.001141,172.31.40.0-255,66,129879,64,209358
814,0.001144,74.125.24.0-255,1484,131363,64,209358
815,0.001163,74.125.24.0-255,4320,135683,64,209358
816,0.001167,172.31.40.0-255,66,135749,64,209358
817,0.001176,74.125.24.0-255,2902,138651,64,209358
818,0.001178,172.31.40.0-255,66,138717,64,209358
819,0.001209,74.125.24.0-255,5738,144455,64,209358
820,0.001212,172.31.40.0-255,66,144521,64,209358
821,0.001229,74.125.24.0-255,1484,146005,64,209358
822,0.00125,74.125.24.0-255,4320,150325,64,209358
823,0.001253,172.31.40.0-255,66,150391,64,209358
824,0.001283,172.31.40.0-255,66,150457,64,209358
825,0.001301,74.125.24.0-255,1484,151941,64,209358
826,0.001306,74.125.24.0-255,2902,154843,64,209358
827,0.001308,172.31.40.0-255,66,154909,64,209358
828,0.00133,74.125.24.0-255,5738,160647,64,209358
829,0.001333,172.31.40.0-255,66,160713,64,209358
830,0.001338,74.125.24.0-255,4320,165033,64,209358
831,0.00134,172.31.40.0-255,66,165099,64,209358
832,0.001352,74.125.24.0-255,1484,166583,64,209358
833,0.001381,172.31.40.0-255,66,166649,64,209358
834,0.001402,74.125.24.0-255,4320,170969,64,209358
835,0.001405,172.31.40.0-255,66,171035,64,209358
836,0.00141,74.125.24.0-255,3602,174637,64,209358
837,0.001412,172.31.40.0-255,66,174703,64,209358
838,0.001425,172.31.40.0-255,66,174769,64,209358
839,0.001465,172.31.40.0-255,66,174835,64,209358
840,0.001478,172.31.40.0-255,66,174901,64,209358
841,0.001516,74.125.24.0-255,1484,176385,64,209358
842,0.001553,172.31.40.0-255,66,176451,64,209358
843,0.001569,74.125.24.0-255,1484,177935,64,209358
844,0.001573,74.125.24.0-255,2902,180837,64,209358
845,0.001576,172.31.40.0-255,66,180903,64,209358
846,0.001606,172.31.40.0-255,66,180969,64,209358
847,0.001618,172.31.40.0-255,66,181035,64,209358
848,0.001621,74.125.24.0-255,1484,182519,64,209358
849,0.001644,74.125.24.0-255,2902,185421,64,209358
850,0.001646,172.31.40.0-255,66,185487,64,209358
851,0.001651,74.125.24.0-255,2902,188389,64,209358
852,0.001654,172.31.40.0-255,66,188455,64,209358
853,0.001672,74.125.24.0-255,2902,191357,64,209358
854,0.001674,172.31.40.0-255,66,191423,64,209358
855,0.00168,74.125.24.0-255,5738,197161,64,209358
856,0.001682,172.31.40.0-255,66,197227,64,209358
857,0.001689,74.125.24.0-255,5738,202965,64,209358
858,0.001692,172.31.40.0-255,66,203031,64,209358
859,0.001739,74.125.24.0-255,1495,204526,64,209358
860,0.001743,172.31.40.0-255,66,204592,64,209358
861,0.001746,172.31.40.0-255,66,204658,64,209358
862,0.001755,172.31.40.0-255,66,204724,64,209358
863,0.001758,74.125.24.0-255,105,204829,64,209358
864,0.008896,172.31.40.0-255,66,204895,64,209358
865,0.008935,172.31.40.0-255,105,205000,64,209358
866,0.011069,74.125.24.0-255,66,205066,64,209358
867,0.029388,172.31.40.0-255,172,205238,64,209358
868,0.029423,172.31.40.0-255,1108,206346,64,209358
869,0.029488,172.31.40.0-255,1514,207860,64,209358
870,0.02949,172.31.40.0-255,1300,209160,64,209358
871,0.031071,104.244.42.0-255,66,209226,64,209358
872,0.031118,104.244.42.0-255,66,209292,64,209358
873,0.031162,104.244.42.0-255,66,209358,64,209358
874,0.0,172.217.194.0-255,153,153,64,181601
875,2.2e-05,172.31.40.0-255,66,219,64,181601
876,2.9e-05,172.217.194.0-255,1484,1703,64,181601
877,3.3e-05,172.31.40.0-255,66,1769,64,181601
878,3.9e-05,172.217.194.0-255,2902,4671,64,181601
879,4.8e-05,172.31.40.0-255,66,4737,64,181601
880,5.5e-05,172.217.194.0-255,7156,11893,64,181601
881,5.8e-05,172.31.40.0-255,66,11959,64,181601
882,6.2e-05,172.217.194.0-255,2057,14016,64,181601
883,6.5e-05,172.31.40.0-255,66,14082,64,181601
884,6.9e-05,172.217.194.0-255,2902,16984,64,181601
885,7.1e-05,172.31.40.0-255,66,17050,64,181601
886,0.000107,172.31.40.0-255,66,17116,64,181601
887,0.000113,172.217.194.0-255,5379,22495,64,181601
888,0.000115,172.31.40.0-255,66,22561,64,181601
889,0.000119,172.217.194.0-255,2902,25463,64,181601
890,0.000121,172.31.40.0-255,66,25529,64,181601
891,0.000145,172.217.194.0-255,2902,28431,64,181601
892,0.000147,172.31.40.0-255,66,28497,64,181601
893,0.00015,172.217.194.0-255,1484,29981,64,181601
894,0.000152,172.31.40.0-255,66,30047,64,181601
895,0.000189,172.31.40.0-255,66,30113,64,181601
896,0.000524,172.217.194.0-255,1484,31597,64,181601
897,0.000528,172.217.194.0-255,1484,33081,64,181601
898,0.000536,172.31.40.0-255,66,33147,64,181601
899,0.000539,172.31.40.0-255,66,33213,64,181601
900,0.000543,172.217.194.0-255,1484,34697,64,181601
901,0.000545,172.31.40.0-255,66,34763,64,181601
902,0.000554,172.217.194.0-255,4320,39083,64,181601
903,0.000556,172.31.40.0-255,66,39149,64,181601
904,0.00058,172.217.194.0-255,1484,40633,64,181601
905,0.000588,172.217.194.0-255,6797,47430,64,181601
906,0.00059,172.31.40.0-255,66,47496,64,181601
907,0.000594,172.217.194.0-255,2902,50398,64,181601
908,0.000596,172.31.40.0-255,66,50464,64,181601
909,0.000626,172.31.40.0-255,66,50530,64,181601
910,0.00063,172.217.194.0-255,2543,53073,64,181601
911,0.000632,172.31.40.0-255,66,53139,64,181601
912,0.000668,172.217.194.0-255,3481,56620,64,181601
913,0.000671,172.31.40.0-255,66,56686,64,181601
914,0.000678,172.217.194.0-255,7156,63842,64,181601
915,0.000681,172.31.40.0-255,66,63908,64,181601
916,0.000702,172.217.194.0-255,1484,65392,64,181601
917,0.00072,172.217.194.0-255,2902,68294,64,181601
918,0.000722,172.31.40.0-255,66,68360,64,181601
919,0.000736,172.217.194.0-255,2543,70903,64,181601
920,0.000742,172.31.40.0-255,66,70969,64,181601
921,0.001075,172.217.194.0-255,1484,72453,64,181601
922,0.001089,172.217.194.0-255,2902,75355,64,181601
923,0.001092,172.31.40.0-255,66,75421,64,181601
924,0.001098,172.217.194.0-255,5738,81159,64,181601
925,0.0011,172.31.40.0-255,66,81225,64,181601
926,0.00114,172.217.194.0-255,6134,87359,64,181601
927,0.001143,172.31.40.0-255,66,87425,64,181601
928,0.001304,172.217.194.0-255,198,87623,64,181601
929,0.001345,172.217.194.0-255,1484,89107,64,181601
930,0.001348,172.31.40.0-255,66,89173,64,181601
931,0.001351,172.217.194.0-255,1484,90657,64,181601
932,0.001372,172.217.194.0-255,1484,92141,64,181601
933,0.001374,172.31.40.0-255,66,92207,64,181601
934,0.001382,172.217.194.0-255,7156,99363,64,181601
935,0.001384,172.31.40.0-255,66,99429,64,181601
936,0.001422,172.217.194.0-255,7156,106585,64,181601
937,0.001424,172.31.40.0-255,66,106651,64,181601
938,0.001445,172.217.194.0-255,7156,113807,64,181601
939,0.001447,172.31.40.0-255,66,113873,64,181601
940,0.00148,172.31.40.0-255,66,113939,64,181601
941,0.001497,172.31.40.0-255,66,114005,64,181601
942,0.001517,172.217.194.0-255,1484,115489,64,181601
943,0.001541,172.31.40.0-255,66,115555,64,181601
944,0.001581,172.31.40.0-255,66,115621,64,181601
945,0.001616,172.31.40.0-255,66,115687,64,181601
946,0.001638,172.31.40.0-255,66,115753,64,181601
947,0.001651,172.31.40.0-255,66,115819,64,181601
948,0.001699,172.31.40.0-255,66,115885,64,181601
949,0.001705,172.217.194.0-255,5020,120905,64,181601
950,0.001707,172.31.40.0-255,66,120971,64,181601
951,0.00171,172.217.194.0-255,1484,122455,64,181601
952,0.00172,172.217.194.0-255,2902,125357,64,181601
953,0.001723,172.31.40.0-255,66,125423,64,181601
954,0.001729,172.217.194.0-255,5738,131161,64,181601
955,0.001732,172.31.40.0-255,66,131227,64,181601
956,0.001745,172.31.40.0-255,66,131293,64,181601
957,0.001758,172.31.40.0-255,66,131359,64,181601
958,0.001807,172.217.194.0-255,1484,132843,64,181601
959,0.001811,172.217.194.0-255,1484,134327,64,181601
960,0.001814,172.31.40.0-255,66,134393,64,181601
961,0.001826,172.217.194.0-255,1484,135877,64,181601
962,0.001836,172.217.194.0-255,5738,141615,64,181601
963,0.001839,172.31.40.0-255,66,141681,64,181601
964,0.001903,172.217.194.0-255,5738,147419,64,181601
965,0.001906,172.31.40.0-255,66,147485,64,181601
966,0.001937,172.217.194.0-255,7156,154641,64,181601
967,0.001939,172.31.40.0-255,66,154707,64,181601
968,0.001942,172.217.194.0-255,1484,156191,64,181601
969,0.001956,172.31.40.0-255,66,156257,64,181601
970,0.001976,172.217.194.0-255,1484,157741,64,181601
971,0.001979,172.217.194.0-255,1484,159225,64,181601
972,0.001997,172.217.194.0-255,1484,160709,64,181601
973,0.002014,172.31.40.0-255,66,160775,64,181601
974,0.002022,172.217.194.0-255,5738,166513,64,181601
975,0.002024,172.217.194.0-255,1484,167997,64,181601
976,0.002037,172.31.40.0-255,66,168063,64,181601
977,0.00209,172.31.40.0-255,66,168129,64,181601
978,0.002133,172.217.194.0-255,1484,169613,64,181601
979,0.002146,172.31.40.0-255,66,169679,64,181601
980,0.002158,172.217.194.0-255,7156,176835,64,181601
981,0.002171,172.31.40.0-255,66,176901,64,181601
982,0.002201,172.31.40.0-255,66,176967,64,181601
983,0.002228,172.217.194.0-255,105,177072,64,181601
984,0.002235,172.31.40.0-255,66,177138,64,181601
985,0.008699,172.31.40.0-255,105,177243,64,181601
986,0.011149,172.217.194.0-255,66,177309,64,181601
987,0.031807,172.31.40.0-255,172,177481,64,181601
988,0.031842,172.31.40.0-255,1108,178589,64,181601
989,0.031901,172.31.40.0-255,1514,180103,64,181601
990,0.031902,172.31.40.0-255,1300,181403,64,181601
991,0.033439,104.244.42.0-255,66,181469,64,181601
992,0.033515,104.244.42.0-255,66,181535,64,181601
993,0.033614,104.244.42.0-255,66,181601,64,181601
994,0.0,74.125.68.0-255,153,153,64,293792
995,1.5e-05,172.31.40.0-255,66,219,64,293792
996,2.2e-05,74.125.68.0-255,1484,1703,64,293792
997,2.7e-05,172.31.40.0-255,66,1769,64,293792
998,3.3e-05,74.125.68.0-255,2902,4671,64,293792
999,4.5e-05,172.31.40.0-255,66,4737,64,293792
1000,5.3e-05,74.125.68.0-255,7156,11893,64,293792
1001,5.7e-05,172.31.40.0-255,66,11959,64,293792
1002,6.1e-05,74.125.68.0-255,2098,14057,64,293792
1003,6.3e-05,172.31.40.0-255,66,14123,64,293792
1004,0.000716,74.125.68.0-255,1484,15607,64,293792
1005,0.000723,172.31.40.0-255,66,15673,64,293792
1006,0.000733,74.125.68.0-255,2902,18575,64,293792
1007,0.000735,172.31.40.0-255,66,18641,64,293792
1008,0.000749,74.125.68.0-255,5738,24379,64,293792
1009,0.000751,172.31.40.0-255,66,24445,64,293792
1010,0.000789,74.125.68.0-255,6797,31242,64,293792
1011,0.000793,172.31.40.0-255,66,31308,64,293792
1012,0.000818,74.125.68.0-255,2902,34210,64,293792
1013,0.00082,172.31.40.0-255,66,34276,64,293792
1014,0.000849,74.125.68.0-255,4320,38596,64,293792
1015,0.000852,172.31.40.0-255,66,38662,64,293792
1016,0.000855,74.125.68.0-255,1484,40146,64,293792
1017,0.000858,172.31.40.0-255,66,40212,64,293792
1018,0.000893,74.125.68.0-255,7156,47368,64,293792
1019,0.000897,172.31.40.0-255,66,47434,64,293792
1020,0.000899,74.125.68.0-255,1125,48559,64,293792
1021,0.000901,172.31.40.0-255,66,48625,64,293792
1022,0.000929,74.125.68.0-255,1484,50109,64,293792
1023,0.000931,172.31.40.0-255,66,50175,64,293792
1024,0.000937,74.125.68.0-255,2902,53077,64,293792
1025,0.000939,172.31.40.0-255,66,53143,64,293792
1026,0.000971,74.125.68.0-255,5738,58881,64,293792
1027,0.000973,172.31.40.0-255,66,58947,64,293792
1028,0.000979,74.125.68.0-255,4320,63267,64,293792
1029,0.000982,172.31.40.0-255,66,63333,64,293792
1030,0.001036,74.125.68.0-255,2543,65876,64,293792
1031,0.001039,172.31.40.0-255,66,65942,64,293792
1032,0.001827,74.125.68.0-255,645,66587,64,293792
1033,0.001896,74.125.68.0-255,1484,68071,64,293792
1034,0.001901,172.31.40.0-255,66,68137,64,293792
1035,0.001923,74.125.68.0-255,2902,71039,64,293792
1036,0.001926,172.31.40.0-255,66,71105,64,293792
1037,0.00193,74.125.68.0-255,2902,74007,64,293792
1038,0.001932,172.31.40.0-255,66,74073,64,293792
1039,0.001937,74.125.68.0-255,2902,76975,64,293792
1040,0.00194,172.31.40.0-255,66,77041,64,293792
1041,0.001966,74.125.68.0-255,1484,78525,64,293792
1042,0.001981,74.125.68.0-255,7156,85681,64,293792
1043,0.001983,172.31.40.0-255,66,85747,64,293792
1044,0.002023,74.125.68.0-255,1484,87231,64,293792
1045,0.00203,74.125.68.0-255,5738,92969,64,293792
1046,0.002033,172.31.40.0-255,66,93035,64,293792
1047,0.00204,74.125.68.0-255,7156,100191,64,293792
1048,0.002043,172.31.40.0-255,66,100257,64,293792
1049,0.002069,74.125.68.0-255,766,101023,64,293792
1050,0.004385,74.125.68.0-255,4320,105343,64,293792
1051,0.004393,172.31.40.0-255,66,105409,64,293792
1052,0.006731,74.125.68.0-255,5738,111147,64,293792
1053,0.006737,172.31.40.0-255,66,111213,64,293792
1054,0.009081,74.125.68.0-255,5738,116951,64,293792
1055,0.009089,172.31.40.0-255,66,117017,64,293792
1056,0.011459,74.125.68.0-255,5738,122755,64,293792
1057,0.011468,172.31.40.0-255,66,122821,64,293792
1058,0.013816,74.125.68.0-255,5738,128559,64,293792
1059,0.013826,172.31.40.0-255,66,128625,64,293792
1060,0.016159,74.125.68.0-255,5738,134363,64,293792
1061,0.016167,172.31.40.0-255,66,134429,64,293792
1062,0.018507,74.125.68.0-255,5738,140167,64,293792
1063,0.018514,172.31.40.0-255,66,140233,64,293792
1064,0.020856,74.125.68.0-255,5738,145971,64,293792
1065,0.020862,172.31.40.0-255,66,146037,64,293792
1066,0.023199,74.125.68.0-255,5738,151775,64,293792
1067,0.023207,172.31.40.0-255,66,151841,64,293792
1068,0.023605,172.31.40.0-255,193,152034,64,293792
1069,0.023638,172.31.40.0-255,1110,153144,64,293792
1070,0.023697,172.31.40.0-255,1514,154658,64,293792
1071,0.023699,172.31.40.0-255,1514,156172,64,293792
1072,0.023724,172.31.40.0-255,698,156870,64,293792
1073,0.025153,104.244.42.0-255,66,156936,64,293792
1074,0.025192,104.244.42.0-255,66,157002,64,293792
1075,0.025246,104.244.42.0-255,66,157068,64,293792
1076,0.02525,104.244.42.0-255,66,157134,64,293792
1077,0.025608,74.125.68.0-255,5738,162872,64,293792
1078,0.025615,172.31.40.0-255,66,162938,64,293792
1079,0.027961,74.125.68.0-255,5738,168676,64,293792
1080,0.027967,172.31.40.0-255,66,168742,64,293792
1081,0.030302,74.125.68.0-255,1484,170226,64,293792
1082,0.030323,74.125.68.0-255,4320,174546,64,293792
1083,0.030328,172.31.40.0-255,66,174612,64,293792
1084,0.032683,74.125.68.0-255,4320,178932,64,293792
1085,0.03269,172.31.40.0-255,66,178998,64,293792
1086,0.032717,74.125.68.0-255,1484,180482,64,293792
1087,0.035041,74.125.68.0-255,4320,184802,64,293792
1088,0.035053,172.31.40.0-255,66,184868,64,293792
1089,0.03741,74.125.68.0-255,5738,190606,64,293792
1090,0.037417,172.31.40.0-255,66,190672,64,293792
1091,0.03978,74.125.68.0-255,5738,196410,64,293792
1092,0.039787,172.31.40.0-255,66,196476,64,293792
1093,0.042139,74.125.68.0-255,5738,202214,64,293792
1094,0.042145,172.31.40.0-255,66,202280,64,293792
1095,0.04451,74.125.68.0-255,5738,208018,64,293792
1096,0.044516,172.31.40.0-255,66,208084,64,293792
1097,0.046871,74.125.68.0-255,5738,213822,64,293792
1098,0.046878,172.31.40.0-255,66,213888,64,293792
1099,0.049209,74.125.68.0-255,4320,218208,64,293792
1100,0.049216,172.31.40.0-255,66,218274,64,293792
1101,0.049244,74.125.68.0-255,1484,219758,64,293792
1102,0.051556,74.125.68.0-255,4320,224078,64,293792
1103,0.051563,172.31.40.0-255,66,224144,64,293792
1104,0.053895,74.125.68.0-255,5738,229882,64,293792
1105,0.053903,172.31.40.0-255,66,229948,64,293792
1106,0.05627,74.125.68.0-255,5738,235686,64,293792
1107,0.05628,172.31.40.0-255,66,235752,64,293792
1108,0.058642,74.125.68.0-255,5738,241490,64,293792
1109,0.058649,172.31.40.0-255,66,241556,64,293792
1110,0.061002,74.125.68.0-255,5738,247294,64,293792
1111,0.061009,172.31.40.0-255,66,247360,64,293792
1112,0.063371,74.125.68.0-255,5738,253098,64,293792
1113,0.063377,172.31.40.0-255,66,253164,64,293792
1114,0.065731,74.125.68.0-255,5738,258902,64,293792
1115,0.065737,172.31.40.0-255,66,258968,64,293792
1116,0.068074,74.125.68.0-255,5738,264706,64,293792
1117,0.068081,172.31.40.0-255,66,264772,64,293792
1118,0.070417,74.125.68.0-255,5738,270510,64,293792
1119,0.070423,172.31.40.0-255,66,270576,64,293792
1120,0.072773,74.125.68.0-255,5738,276314,64,293792
1121,0.07278,172.31.40.0-255,66,276380,64,293792
1122,0.075112,74.125.68.0-255,5738,282118,64,293792
1123,0.075119,172.31.40.0-255,66,282184,64,293792
1124,0.077484,74.125.68.0-255,5738,287922,64,293792
1125,0.077494,172.31.40.0-255,66,287988,64,293792
1126,0.079838,74.125.68.0-255,5738,293726,64,293792
1127,0.079844,172.31.40.0-255,66,293792,64,293792
1128,0.0,74.125.68.0-255,147,147,64,364640
1129,1.6e-05,172.31.40.0-255,66,213,64,364640
1130,5.7e-05,74.125.68.0-255,1484,1697,64,364640
1131,6.1e-05,172.31.40.0-255,66,1763,64,364640
1132,6.7e-05,74.125.68.0-255,2902,4665,64,364640
1133,7e-05,172.31.40.0-255,66,4731,64,364640
1134,8.8e-05,74.125.68.0-255,4320,9051,64,364640
1135,9.1e-05,172.31.40.0-255,66,9117,64,364640
1136,0.000111,74.125.68.0-255,2902,12019,64,364640
1137,0.000113,172.31.40.0-255,66,12085,64,364640
1138,0.000127,74.125.68.0-255,2165,14250,64,364640
1139,0.00013,172.31.40.0-255,66,14316,64,364640
1140,0.00019,74.125.68.0-255,1484,15800,64,364640
1141,0.000193,172.31.40.0-255,66,15866,64,364640
1142,0.000198,74.125.68.0-255,2902,18768,64,364640
1143,0.0002,172.31.40.0-255,66,18834,64,364640
1144,0.000231,74.125.68.0-255,5738,24572,64,364640
1145,0.000233,172.31.40.0-255,66,24638,64,364640
1146,0.000239,74.125.68.0-255,4320,28958,64,364640
1147,0.000242,172.31.40.0-255,66,29024,64,364640
1148,0.000269,74.125.68.0-255,1484,30508,64,364640
1149,0.000272,172.31.40.0-255,66,30574,64,364640
1150,0.000297,74.125.68.0-255,3961,34535,64,364640
1151,0.0003,172.31.40.0-255,66,34601,64,364640
1152,0.000304,74.125.68.0-255,2902,37503,64,364640
1153,0.000306,172.31.40.0-255,66,37569,64,364640
1154,0.000319,74.125.68.0-255,4320,41889,64,364640
1155,0.000322,172.31.40.0-255,66,41955,64,364640
1156,0.000351,74.125.68.0-255,5738,47693,64,364640
1157,0.000353,172.31.40.0-255,66,47759,64,364640
1158,0.000356,74.125.68.0-255,1125,48884,64,364640
1159,0.000358,172.31.40.0-255,66,48950,64,364640
1160,0.000412,74.125.68.0-255,1484,50434,64,364640
1161,0.000416,74.125.68.0-255,1484,51918,64,364640
1162,0.000419,172.31.40.0-255,66,51984,64,364640
1163,0.000437,74.125.68.0-255,1484,53468,64,364640
1164,0.000441,74.125.68.0-255,2902,56370,64,364640
1165,0.000443,172.31.40.0-255,66,56436,64,364640
1166,0.000449,74.125.68.0-255,4320,60756,64,364640
1167,0.000451,172.31.40.0-255,66,60822,64,364640
1168,0.000495,74.125.68.0-255,5379,66201,64,364640
1169,0.000498,172.31.40.0-255,66,66267,64,364640
1170,0.000572,74.125.68.0-255,363,66630,64,364640
1171,0.000709,74.125.68.0-255,380,67010,64,364640
1172,0.000915,74.125.68.0-255,1484,68494,64,364640
1173,0.00092,172.31.40.0-255,66,68560,64,364640
1174,0.000937,74.125.68.0-255,2902,71462,64,364640
1175,0.000939,172.31.40.0-255,66,71528,64,364640
1176,0.000943,74.125.68.0-255,1484,73012,64,364640
1177,0.000966,74.125.68.0-255,2902,75914,64,364640
1178,0.000969,172.31.40.0-255,66,75980,64,364640
1179,0.000974,74.125.68.0-255,2902,78882,64,364640
1180,0.000976,172.31.40.0-255,66,78948,64,364640
1181,0.000989,74.125.68.0-255,2902,81850,64,364640
1182,0.000991,172.31.40.0-255,66,81916,64,364640
1183,0.000994,74.125.68.0-255,1484,83400,64,364640
1184,0.001023,74.125.68.0-255,2543,85943,64,364640
1185,0.001026,172.31.40.0-255,66,86009,64,364640
1186,0.001043,74.125.68.0-255,2902,88911,64,364640
1187,0.001046,172.31.40.0-255,66,88977,64,364640
1188,0.001074,74.125.68.0-255,4320,93297,64,364640
1189,0.001077,172.31.40.0-255,66,93363,64,364640
1190,0.001097,74.125.68.0-255,2902,96265,64,364640
1191,0.001101,172.31.40.0-255,66,96331,64,364640
1192,0.001121,74.125.68.0-255,5379,101710,64,364640
1193,0.001123,172.31.40.0-255,66,101776,64,364640
1194,0.001749,74.125.68.0-255,1484,103260,64,364640
1195,0.00176,74.125.68.0-255,2902,106162,64,364640
1196,0.001764,172.31.40.0-255,66,106228,64,364640
1197,0.001786,74.125.68.0-255,4320,110548,64,364640
1198,0.001788,172.31.40.0-255,66,110614,64,364640
1199,0.001808,74.125.68.0-255,1484,112098,64,364640
1200,0.001811,74.125.68.0-255,1484,113582,64,364640
1201,0.001813,172.31.40.0-255,66,113648,64,364640
1202,0.001831,74.125.68.0-255,2902,116550,64,364640
1203,0.001834,172.31.40.0-255,66,116616,64,364640
1204,0.001839,74.125.68.0-255,2902,119518,64,364640
1205,0.001841,172.31.40.0-255,66,119584,64,364640
1206,0.001857,74.125.68.0-255,2902,122486,64,364640
1207,0.001859,172.31.40.0-255,66,122552,64,364640
1208,0.001862,74.125.68.0-255,1484,124036,64,364640
1209,0.001883,74.125.68.0-255,2902,126938,64,364640
1210,0.001885,172.31.40.0-255,66,127004,64,364640
1211,0.001903,74.125.68.0-255,5738,132742,64,364640
1212,0.001905,172.31.40.0-255,66,132808,64,364640
1213,0.001928,74.125.68.0-255,1484,134292,64,364640
1214,0.001933,74.125.68.0-255,2184,136476,64,364640
1215,0.001935,172.31.40.0-255,66,136542,64,364640
1216,0.00205,74.125.68.0-255,1484,138026,64,364640
1217,0.002054,74.125.68.0-255,1484,139510,64,364640
1218,0.002057,172.31.40.0-255,66,139576,64,364640
1219,0.003944,74.125.68.0-255,2902,142478,64,364640
1220,0.003951,172.31.40.0-255,66,142544,64,364640
1221,0.004076,74.125.68.0-255,2902,145446,64,364640
1222,0.004078,172.31.40.0-255,66,145512,64,364640
1223,0.005979,74.125.68.0-255,2902,148414,64,364640
1224,0.005985,172.31.40.0-255,66,148480,64,364640
1225,0.006101,74.125.68.0-255,2902,151382,64,364640
1226,0.006106,172.31.40.0-255,66,151448,64,364640
1227,0.008117,74.125.68.0-255,2902,154350,64,364640
1228,0.008123,172.31.40.0-255,66,154416,64,364640
1229,0.008215,74.125.68.0-255,2902,157318,64,364640
1230,0.008219,172.31.40.0-255,66,157384,64,364640
1231,0.010163,74.125.68.0-255,2902,160286,64,364640
1232,0.01017,172.31.40.0-255,66,160352,64,364640
1233,0.010249,74.125.68.0-255,2902,163254,64,364640
1234,0.010253,172.31.40.0-255,66,163320,64,364640
1235,0.012204,74.125.68.0-255,2902,166222,64,364640
1236,0.012211,172.31.40.0-255,66,166288,64,364640
1237,0.01227,74.125.68.0-255,2902,169190,64,364640
1238,0.012274,172.31.40.0-255,66,169256,64,364640
1239,0.014242,74.125.68.0-255,2902,172158,64,364640
1240,0.014249,172.31.40.0-255,66,172224,64,364640
1241,0.014293,74.125.68.0-255,2902,175126,64,364640
1242,0.014296,172.31.40.0-255,66,175192,64,364640
1243,0.016289,74.125.68.0-255,2902,178094,64,364640
1244,0.016296,172.31.40.0-255,66,178160,64,364640
1245,0.016319,74.125.68.0-255,2902,181062,64,364640
1246,0.016321,172.31.40.0-255,66,181128,64,364640
1247,0.018324,74.125.68.0-255,2902,184030,64,364640
1248,0.018331,172.31.40.0-255,66,184096,64,364640
1249,0.018368,74.125.68.0-255,2902,186998,64,364640
1250,0.01837,172.31.40.0-255,66,187064,64,364640
1251,0.020363,74.125.68.0-255,2902,189966,64,364640
1252,0.02037,172.31.40.0-255,66,190032,64,364640
1253,0.02039,74.125.68.0-255,2902,192934,64,364640
1254,0.020392,172.31.40.0-255,66,193000,64,364640
1255,0.022397,74.125.68.0-255,5738,198738,64,364640
1256,0.022404,172.31.40.0-255,66,198804,64,364640
1257,0.024425,74.125.68.0-255,5738,204542,64,364640
1258,0.024431,172.31.40.0-255,66,204608,64,364640
1259,0.025241,172.31.40.0-255,167,204775,64,364640
1260,0.025373,172.31.40.0-255,1107,205882,64,364640
1261,0.025435,172.31.40.0-255,1514,207396,64,364640
1262,0.025437,172.31.40.0-255,338,207734,64,364640
1263,0.026478,74.125.68.0-255,5738,213472,64,364640
1264,0.026484,172.31.40.0-255,66,213538,64,364640
1265,0.026815,104.244.42.0-255,66,213604,64,364640
1266,0.026975,104.244.42.0-255,66,213670,64,364640
1267,0.026979,104.244.42.0-255,66,213736,64,364640
1268,0.028525,74.125.68.0-255,5738,219474,64,364640
1269,0.028533,172.31.40.0-255,66,219540,64,364640
1270,0.030583,74.125.68.0-255,5738,225278,64,364640
1271,0.030593,172.31.40.0-255,66,225344,64,364640
1272,0.032631,74.125.68.0-255,5738,231082,64,364640
1273,0.032637,172.31.40.0-255,66,231148,64,364640
1274,0.034673,74.125.68.0-255,5738,236886,64,364640
1275,0.03468,172.31.40.0-255,66,236952,64,364640
1276,0.036739,74.125.68.0-255,5738,242690,64,364640
1277,0.036745,172.31.40.0-255,66,242756,64,364640
1278,0.038822,74.125.68.0-255,5738,248494,64,364640
1279,0.038828,172.31.40.0-255,66,248560,64,364640
1280,0.040876,74.125.68.0-255,5738,254298,64,364640
1281,0.040882,172.31.40.0-255,66,254364,64,364640
1282,0.042929,74.125.68.0-255,5738,260102,64,364640
1283,0.04295,172.31.40.0-255,66,260168,64,364640
1284,0.044984,74.125.68.0-255,5738,265906,64,364640
1285,0.045,172.31.40.0-255,66,265972,64,364640
1286,0.047046,74.125.68.0-255,5738,271710,64,364640
1287,0.047055,172.31.40.0-255,66,271776,64,364640
1288,0.049108,74.125.68.0-255,5738,277514,64,364640
1289,0.049124,172.31.40.0-255,66,277580,64,364640
1290,0.051178,74.125.68.0-255,5738,283318,64,364640
1291,0.051193,172.31.40.0-255,66,283384,64,364640
1292,0.053224,74.125.68.0-255,5738,289122,64,364640
1293,0.053231,172.31.40.0-255,66,289188,64,364640
1294,0.055283,74.125.68.0-255,5738,294926,64,364640
1295,0.055297,172.31.40.0-255,66,294992,64,364640
1296,0.057331,74.125.68.0-255,5738,300730,64,364640
1297,0.057338,172.31.40.0-255,66,300796,64,364640
1298,0.059371,74.125.68.0-255,5738,306534,64,364640
1299,0.059379,172.31.40.0-255,66,306600,64,364640
1300,0.061423,74.125.68.0-255,5738,312338,64,364640
1301,0.061432,172.31.40.0-255,66,312404,64,364640
1302,0.063451,74.125.68.0-255,5738,318142,64,364640
1303,0.063458,172.31.40.0-255,66,318208,64,364640
1304,0.065491,74.125.68.0-255,5738,323946,64,364640
1305,0.065497,172.31.40.0-255,66,324012,64,364640
1306,0.067538,74.125.68.0-255,5738,329750,64,364640
1307,0.067544,172.31.40.0-255,66,329816,64,364640
1308,0.069564,74.125.68.0-255,5738,335554,64,364640
1309,0.069571,172.31.40.0-255,66,335620,64,364640
1310,0.071598,74.125.68.0-255,5738,341358,64,364640
1311,0.071607,172.31.40.0-255,66,341424,64,364640
1312,0.073655,74.125.68.0-255,5738,347162,64,364640
1313,0.073662,172.31.40.0-255,66,347228,64,364640
1314,0.075693,74.125.68.0-255,5738,352966,64,364640
1315,0.075699,172.31.40.0-255,66,353032,64,364640
1316,0.077734,74.125.68.0-255,5738,358770,64,364640
1317,0.07774,172.31.40.0-255,66,358836,64,364640
1318,0.079774,74.125.68.0-255,5738,364574,64,364640
1319,0.079783,172.31.40.0-255,66,364640,64,364640
1320,0.0,74.125.68.0-255,152,152,64,293297
1321,2.2e-05,172.31.40.0-255,66,218,64,293297
1322,3e-05,74.125.68.0-255,1484,1702,64,293297
1323,3.4e-05,172.31.40.0-255,66,1768,64,293297
1324,3.9e-05,74.125.68.0-255,2902,4670,64,293297
1325,4.2e-05,172.31.40.0-255,66,4736,64,293297
1326,7.4e-05,74.125.68.0-255,7156,11892,64,293297
1327,7.8e-05,172.31.40.0-255,66,11958,64,293297
1328,8.1e-05,74.125.68.0-255,2139,14097,64,293297
1329,8.3e-05,172.31.40.0-255,66,14163,64,293297
1330,8.8e-05,74.125.68.0-255,2902,17065,64,293297
1331,9e-05,172.31.40.0-255,66,17131,64,293297
1332,0.000115,74.125.68.0-255,7156,24287,64,293297
1333,0.000117,172.31.40.0-255,66,24353,64,293297
1334,0.00012,74.125.68.0-255,1484,25837,64,293297
1335,0.000122,172.31.40.0-255,66,25903,64,293297
1336,0.000171,74.125.68.0-255,5379,31282,64,293297
1337,0.000174,172.31.40.0-255,66,31348,64,293297
1338,0.000262,74.125.68.0-255,1484,32832,64,293297
1339,0.000266,172.31.40.0-255,66,32898,64,293297
1340,0.000271,74.125.68.0-255,2902,35800,64,293297
1341,0.000274,172.31.40.0-255,66,35866,64,293297
1342,0.000306,74.125.68.0-255,5738,41604,64,293297
1343,0.000309,172.31.40.0-255,66,41670,64,293297
1344,0.000331,74.125.68.0-255,6797,48467,64,293297
1345,0.000334,172.31.40.0-255,66,48533,64,293297
1346,0.000337,74.125.68.0-255,1484,50017,64,293297
1347,0.000338,172.31.40.0-255,66,50083,64,293297
1348,0.000369,74.125.68.0-255,5738,55821,64,293297
1349,0.000372,172.31.40.0-255,66,55887,64,293297
1350,0.000384,172.31.40.0-255,66,55953,64,293297
1351,0.000401,74.125.68.0-255,386,56339,64,293297
1352,0.000544,74.125.68.0-255,1484,57823,64,293297
1353,0.000549,172.31.40.0-255,66,57889,64,293297
1354,0.000553,74.125.68.0-255,1484,59373,64,293297
1355,0.000571,74.125.68.0-255,1484,60857,64,293297
1356,0.000574,172.31.40.0-255,66,60923,64,293297
1357,0.000578,74.125.68.0-255,2902,63825,64,293297
1358,0.00058,172.31.40.0-255,66,63891,64,293297
1359,0.000583,74.125.68.0-255,1484,65375,64,293297
1360,0.000605,74.125.68.0-255,2902,68277,64,293297
1361,0.000631,172.31.40.0-255,66,68343,64,293297
1362,0.000642,74.125.68.0-255,5738,74081,64,293297
1363,0.000645,172.31.40.0-255,66,74147,64,293297
1364,0.000653,74.125.68.0-255,1484,75631,64,293297
1365,0.000668,74.125.68.0-255,5738,81369,64,293297
1366,0.00067,172.31.40.0-255,66,81435,64,293297
1367,0.000673,74.125.68.0-255,1484,82919,64,293297
1368,0.000716,74.125.68.0-255,1484,84403,64,293297
1369,0.000719,172.31.40.0-255,66,84469,64,293297
1370,0.000746,172.31.40.0-255,66,84535,64,293297
1371,0.000751,74.125.68.0-255,4320,88855,64,293297
1372,0.000754,172.31.40.0-255,66,88921,64,293297
1373,0.000792,74.125.68.0-255,4320,93241,64,293297
1374,0.000795,172.31.40.0-255,66,93307,64,293297
1375,0.000812,74.125.68.0-255,5379,98686,64,293297
1376,0.000815,172.31.40.0-255,66,98752,64,293297
1377,0.000839,74.125.68.0-255,1484,100236,64,293297
1378,0.000842,74.125.68.0-255,1484,101720,64,293297
1379,0.000854,74.125.68.0-255,1484,103204,64,293297
1380,0.000858,74.125.68.0-255,2902,106106,64,293297
1381,0.000868,172.31.40.0-255,66,106172,64,293297
1382,0.000885,74.125.68.0-255,2902,109074,64,293297
1383,0.000892,74.125.68.0-255,5738,114812,64,293297
1384,0.000903,172.31.40.0-255,66,114878,64,293297
1385,0.000928,74.125.68.0-255,1125,116003,64,293297
1386,0.000956,74.125.68.0-255,1484,117487,64,293297
1387,0.000964,172.31.40.0-255,66,117553,64,293297
1388,0.000974,74.125.68.0-255,4320,121873,64,293297
1389,0.00098,172.31.40.0-255,66,121939,64,293297
1390,0.000998,74.125.68.0-255,2902,124841,64,293297
1391,0.001016,74.125.68.0-255,4320,129161,64,293297
1392,0.001023,172.31.40.0-255,66,129227,64,293297
1393,0.001059,172.31.40.0-255,66,129293,64,293297
1394,0.001085,74.125.68.0-255,2184,131477,64,293297
1395,0.001094,172.31.40.0-255,66,131543,64,293297
1396,0.0012,74.125.68.0-255,1484,133027,64,293297
1397,0.001205,74.125.68.0-255,2902,135929,64,293297
1398,0.001208,172.31.40.0-255,66,135995,64,293297
1399,0.001229,74.125.68.0-255,4320,140315,64,293297
1400,0.001242,74.125.68.0-255,1484,141799,64,293297
1401,0.001247,74.125.68.0-255,4320,146119,64,293297
1402,0.00125,74.125.68.0-255,2902,149021,64,293297
1403,0.001255,172.31.40.0-255,66,149087,64,293297
1404,0.001264,74.125.68.0-255,2902,151989,64,293297
1405,0.001276,74.125.68.0-255,1484,153473,64,293297
1406,0.001292,172.31.40.0-255,66,153539,64,293297
1407,0.001314,74.125.68.0-255,2184,155723,64,293297
1408,0.00133,172.31.40.0-255,66,155789,64,293297
1409,0.001348,74.125.68.0-255,2902,158691,64,293297
1410,0.001382,172.31.40.0-255,66,158757,64,293297
1411,0.001402,172.31.40.0-255,66,158823,64,293297
1412,0.001413,74.125.68.0-255,5738,164561,64,293297
1413,0.001415,74.125.68.0-255,766,165327,64,293297
1414,0.001437,172.31.40.0-255,66,165393,64,293297
1415,0.001455,74.125.68.0-255,2902,168295,64,293297
1416,0.001461,172.31.40.0-255,66,168361,64,293297
1417,0.001563,172.31.40.0-255,66,168427,64,293297
1418,0.001579,74.125.68.0-255,6438,174865,64,293297
1419,0.001581,74.125.68.0-255,1484,176349,64,293297
1420,0.001585,74.125.68.0-255,2902,179251,64,293297
1421,0.001591,74.125.68.0-255,5738,184989,64,293297
1422,0.001611,172.31.40.0-255,66,185055,64,293297
1423,0.001622,74.125.68.0-255,5738,190793,64,293297
1424,0.001633,172.31.40.0-255,66,190859,64,293297
1425,0.001662,74.125.68.0-255,2902,193761,64,293297
1426,0.001678,172.31.40.0-255,66,193827,64,293297
1427,0.001689,74.125.68.0-255,4320,198147,64,293297
1428,0.001691,74.125.68.0-255,1484,199631,64,293297
1429,0.001701,172.31.40.0-255,66,199697,64,293297
1430,0.001712,74.125.68.0-255,4320,204017,64,293297
1431,0.001736,74.125.68.0-255,5020,209037,64,293297
1432,0.001739,172.31.40.0-255,66,209103,64,293297
1433,0.001744,172.31.40.0-255,66,209169,64,293297
1434,0.001751,74.125.68.0-255,1484,210653,64,293297
1435,0.001773,74.125.68.0-255,2902,213555,64,293297
1436,0.0018,74.125.68.0-255,5738,219293,64,293297
1437,0.00181,172.31.40.0-255,66,219359,64,293297
1438,0.001828,172.31.40.0-255,66,219425,64,293297
1439,0.001835,74.125.68.0-255,5738,225163,64,293297
1440,0.00185,74.125.68.0-255,5738,230901,64,293297
1441,0.001854,74.125.68.0-255,2184,233085,64,293297
1442,0.001873,172.31.40.0-255,66,233151,64,293297
1443,0.001913,74.125.68.0-255,1484,234635,64,293297
1444,0.001917,74.125.68.0-255,1484,236119,64,293297
1445,0.001929,172.31.40.0-255,66,236185,64,293297
1446,0.001937,74.125.68.0-255,1484,237669,64,293297
1447,0.001942,74.125.68.0-255,4320,241989,64,293297
1448,0.001947,172.31.40.0-255,66,242055,64,293297
1449,0.001957,74.125.68.0-255,1484,243539,64,293297
1450,0.001961,74.125.68.0-255,2902,246441,64,293297
1451,0.001967,74.125.68.0-255,4320,250761,64,293297
1452,0.001986,172.31.40.0-255,66,250827,64,293297
1453,0.002004,74.125.68.0-255,1484,252311,64,293297
1454,0.002021,74.125.68.0-255,6438,258749,64,293297
1455,0.002039,172.31.40.0-255,66,258815,64,293297
1456,0.002067,74.125.68.0-255,1484,260299,64,293297
1457,0.002072,74.125.68.0-255,2902,263201,64,293297
1458,0.002081,172.31.40.0-255,66,263267,64,293297
1459,0.0021,74.125.68.0-255,5738,269005,64,293297
1460,0.002105,74.125.68.0-255,4320,273325,64,293297
1461,0.00212,74.125.68.0-255,2902,276227,64,293297
1462,0.002123,74.125.68.0-255,1484,277711,64,293297
1463,0.00213,172.31.40.0-255,66,277777,64,293297
1464,0.002142,74.125.68.0-255,5738,283515,64,293297
1465,0.002161,74.125.68.0-255,1484,284999,64,293297
1466,0.002181,172.31.40.0-255,66,285065,64,293297
1467,0.002218,74.125.68.0-255,4500,289565,64,293297
1468,0.00224,172.31.40.0-255,66,289631,64,293297
1469,0.002279,74.125.68.0-255,105,289736,64,293297
1470,0.004793,172.31.40.0-255,66,289802,64,293297
1471,0.004829,172.31.40.0-255,105,289907,64,293297
1472,0.007108,74.125.68.0-255,66,289973,64,293297
1473,0.038164,172.31.40.0-255,167,290140,64,293297
1474,0.038199,172.31.40.0-255,1107,291247,64,293297
1475,0.038262,172.31.40.0-255,1514,292761,64,293297
1476,0.038263,172.31.40.0-255,338,293099,64,293297
1477,0.039754,104.244.42.0-255,66,293165,64,293297
1478,0.039792,104.244.42.0-255,66,293231,64,293297
1479,0.039838,104.244.42.0-255,66,293297,64,293297
1480,0.0,172.217.194.0-255,153,153,64,83162
1481,2.3e-05,172.31.40.0-255,66,219,64,83162
1482,3.1e-05,172.217.194.0-255,1484,1703,64,83162
1483,3.5e-05,172.31.40.0-255,66,1769,64,83162
1484,4.1e-05,172.217.194.0-255,2902,4671,64,83162
1485,5.4e-05,172.31.40.0-255,66,4737,64,83162
1486,0.000118,172.217.194.0-255,7156,11893,64,83162
1487,0.000122,172.31.40.0-255,66,11959,64,83162
1488,0.000321,172.217.194.0-255,2135,14094,64,83162
1489,0.000325,172.31.40.0-255,66,14160,64,83162
1490,0.000384,172.217.194.0-255,2902,17062,64,83162
1491,0.000387,172.31.40.0-255,66,17128,64,83162
1492,0.000413,172.31.40.0-255,66,17194,64,83162
1493,0.000696,172.217.194.0-255,5379,22573,64,83162
1494,0.000701,172.31.40.0-255,66,22639,64,83162
1495,0.000845,172.217.194.0-255,4320,26959,64,83162
1496,0.00085,172.31.40.0-255,66,27025,64,83162
1497,0.000898,172.31.40.0-255,66,27091,64,83162
1498,0.001502,172.31.40.0-255,66,27157,64,83162
1499,0.001533,172.217.194.0-255,2846,30003,64,83162
1500,0.001536,172.31.40.0-255,66,30069,64,83162
1501,0.001819,172.31.40.0-255,66,30135,64,83162
1502,0.001857,172.31.40.0-255,66,30201,64,83162
1503,0.002751,172.31.40.0-255,66,30267,64,83162
1504,0.002808,172.31.40.0-255,66,30333,64,83162
1505,0.003703,172.217.194.0-255,7156,37489,64,83162
1506,0.004669,172.217.194.0-255,1484,38973,64,83162
1507,0.004711,172.217.194.0-255,2902,41875,64,83162
1508,0.004782,172.217.194.0-255,2902,44777,64,83162
1509,0.005494,172.31.40.0-255,66,44843,64,83162
1510,0.005765,172.217.194.0-255,7156,51999,64,83162
1511,0.005803,172.31.40.0-255,66,52065,64,83162
1512,0.005816,172.217.194.0-255,7156,59221,64,83162
1513,0.005837,172.31.40.0-255,66,59287,64,83162
1514,0.006635,172.217.194.0-255,7156,66443,64,83162
1515,0.00664,172.31.40.0-255,66,66509,64,83162
1516,0.006712,172.31.40.0-255,66,66575,64,83162
1517,0.007625,172.31.40.0-255,66,66641,64,83162
1518,0.008493,172.217.194.0-255,7156,73797,64,83162
1519,0.008544,172.217.194.0-255,2902,76699,64,83162
1520,0.009508,172.217.194.0-255,2902,79601,64,83162
1521,0.013557,172.31.40.0-255,66,79667,64,83162
1522,0.014838,172.31.40.0-255,105,79772,64,83162
1523,0.017107,172.217.194.0-255,66,79838,64,83162
1524,0.042753,172.31.40.0-255,167,80005,64,83162
1525,0.042787,172.31.40.0-255,1107,81112,64,83162
1526,0.042849,172.31.40.0-255,1514,82626,64,83162
1527,0.042851,172.31.40.0-255,338,82964,64,83162
1528,0.044362,104.244.42.0-255,66,83030,64,83162
1529,0.044397,104.244.42.0-255,66,83096,64,83162
1530,0.044417,104.244.42.0-255,66,83162,64,83162
1531,0.0,74.125.130.0-255,152,152,64,360270
1532,2.2e-05,172.31.40.0-255,66,218,64,360270
1533,3e-05,74.125.130.0-255,1484,1702,64,360270
1534,3.4e-05,172.31.40.0-255,66,1768,64,360270
1535,4e-05,74.125.130.0-255,2902,4670,64,360270
1536,4.3e-05,172.31.40.0-255,66,4736,64,360270
1537,4.9e-05,74.125.130.0-255,4320,9056,64,360270
1538,5.2e-05,172.31.40.0-255,66,9122,64,360270
1539,7.5e-05,74.125.130.0-255,1484,10606,64,360270
1540,7.8e-05,172.31.40.0-255,66,10672,64,360270
1541,0.000106,74.125.130.0-255,3445,14117,64,360270
1542,0.000109,172.31.40.0-255,66,14183,64,360270
1543,0.00022,74.125.130.0-255,1484,15667,64,360270
1544,0.000224,172.31.40.0-255,66,15733,64,360270
1545,0.00023,74.125.130.0-255,2902,18635,64,360270
1546,0.000232,172.31.40.0-255,66,18701,64,360270
1547,0.000267,74.125.130.0-255,5738,24439,64,360270
1548,0.000271,172.31.40.0-255,66,24505,64,360270
1549,0.000289,74.125.130.0-255,4320,28825,64,360270
1550,0.000292,172.31.40.0-255,66,28891,64,360270
1551,0.000326,74.125.130.0-255,1484,30375,64,360270
1552,0.000329,172.31.40.0-255,66,30441,64,360270
1553,0.000349,74.125.130.0-255,3961,34402,64,360270
1554,0.000352,172.31.40.0-255,66,34468,64,360270
1555,0.000358,74.125.130.0-255,5738,40206,64,360270
1556,0.00036,172.31.40.0-255,66,40272,64,360270
1557,0.000381,74.125.130.0-255,4320,44592,64,360270
1558,0.000384,172.31.40.0-255,66,44658,64,360270
1559,0.000406,74.125.130.0-255,3961,48619,64,360270
1560,0.000408,172.31.40.0-255,66,48685,64,360270
1561,0.000483,74.125.130.0-255,1484,50169,64,360270
1562,0.000486,172.31.40.0-255,66,50235,64,360270
1563,0.000492,74.125.130.0-255,2902,53137,64,360270
1564,0.000495,172.31.40.0-255,66,53203,64,360270
1565,0.000519,74.125.130.0-255,5738,58941,64,360270
1566,0.000522,172.31.40.0-255,66,59007,64,360270
1567,0.000541,74.125.130.0-255,5738,64745,64,360270
1568,0.000544,172.31.40.0-255,66,64811,64,360270
1569,0.000571,74.125.130.0-255,1125,65936,64,360270
1570,0.000919,74.125.130.0-255,343,66279,64,360270
1571,0.000961,74.125.130.0-255,120,66399,64,360270
1572,0.001087,172.31.40.0-255,66,66465,64,360270
1573,0.001141,74.125.130.0-255,1484,67949,64,360270
1574,0.001156,74.125.130.0-255,1484,69433,64,360270
1575,0.001159,172.31.40.0-255,66,69499,64,360270
1576,0.001178,74.125.130.0-255,1484,70983,64,360270
1577,0.001185,74.125.130.0-255,5738,76721,64,360270
1578,0.001187,172.31.40.0-255,66,76787,64,360270
1579,0.001191,74.125.130.0-255,2902,79689,64,360270
1580,0.001193,172.31.40.0-255,66,79755,64,360270
1581,0.001219,74.125.130.0-255,4320,84075,64,360270
1582,0.001222,172.31.40.0-255,66,84141,64,360270
1583,0.001237,74.125.130.0-255,5738,89879,64,360270
1584,0.00124,172.31.40.0-255,66,89945,64,360270
1585,0.001247,74.125.130.0-255,7156,97101,64,360270
1586,0.00125,172.31.40.0-255,66,97167,64,360270
1587,0.001287,74.125.130.0-255,3602,100769,64,360270
1588,0.00129,172.31.40.0-255,66,100835,64,360270
1589,0.001314,74.125.130.0-255,4320,105155,64,360270
1590,0.001317,172.31.40.0-255,66,105221,64,360270
1591,0.001344,172.31.40.0-255,66,105287,64,360270
1592,0.001359,74.125.130.0-255,1484,106771,64,360270
1593,0.001364,74.125.130.0-255,4320,111091,64,360270
1594,0.001366,172.31.40.0-255,66,111157,64,360270
1595,0.001401,74.125.130.0-255,5738,116895,64,360270
1596,0.001404,172.31.40.0-255,66,116961,64,360270
1597,0.001436,172.31.40.0-255,66,117027,64,360270
1598,0.001795,74.125.130.0-255,1484,118511,64,360270
1599,0.001811,74.125.130.0-255,2902,121413,64,360270
1600,0.001815,172.31.40.0-255,66,121479,64,360270
1601,0.00183,74.125.130.0-255,1484,122963,64,360270
1602,0.001847,74.125.130.0-255,4320,127283,64,360270
1603,0.001849,172.31.40.0-255,66,127349,64,360270
1604,0.001866,74.125.130.0-255,4320,131669,64,360270
1605,0.001868,172.31.40.0-255,66,131735,64,360270
1606,0.001897,74.125.130.0-255,5738,137473,64,360270
1607,0.0019,172.31.40.0-255,66,137539,64,360270
1608,0.001913,172.31.40.0-255,66,137605,64,360270
1609,0.001917,74.125.130.0-255,2184,139789,64,360270
1610,0.001919,172.31.40.0-255,66,139855,64,360270
1611,0.002139,74.125.130.0-255,1484,141339,64,360270
1612,0.002143,74.125.130.0-255,1484,142823,64,360270
1613,0.002147,172.31.40.0-255,66,142889,64,360270
1614,0.002174,74.125.130.0-255,1484,144373,64,360270
1615,0.002177,74.125.130.0-255,1484,145857,64,360270
1616,0.002179,172.31.40.0-255,66,145923,64,360270
1617,0.002185,74.125.130.0-255,2902,148825,64,360270
1618,0.002187,172.31.40.0-255,66,148891,64,360270
1619,0.002194,74.125.130.0-255,5738,154629,64,360270
1620,0.002196,172.31.40.0-255,66,154695,64,360270
1621,0.002223,172.31.40.0-255,66,154761,64,360270
1622,0.002241,74.125.130.0-255,2902,157663,64,360270
1623,0.002243,172.31.40.0-255,66,157729,64,360270
1624,0.002263,74.125.130.0-255,7156,164885,64,360270
1625,0.002265,172.31.40.0-255,66,164951,64,360270
1626,0.002268,74.125.130.0-255,766,165717,64,360270
1627,0.002615,172.31.40.0-255,66,165783,64,360270
1628,0.004535,74.125.130.0-255,4320,170103,64,360270
1629,0.004541,172.31.40.0-255,66,170169,64,360270
1630,0.004888,74.125.130.0-255,1484,171653,64,360270
1631,0.006815,74.125.130.0-255,4320,175973,64,360270
1632,0.00682,172.31.40.0-255,66,176039,64,360270
1633,0.009098,74.125.130.0-255,5738,181777,64,360270
1634,0.009109,172.31.40.0-255,66,181843,64,360270
1635,0.011398,74.125.130.0-255,5738,187581,64,360270
1636,0.011407,172.31.40.0-255,66,187647,64,360270
1637,0.013668,74.125.130.0-255,5738,193385,64,360270
1638,0.013675,172.31.40.0-255,66,193451,64,360270
1639,0.015948,74.125.130.0-255,5738,199189,64,360270
1640,0.015954,172.31.40.0-255,66,199255,64,360270
1641,0.018236,74.125.130.0-255,5738,204993,64,360270
1642,0.018246,172.31.40.0-255,66,205059,64,360270
1643,0.020527,74.125.130.0-255,5738,210797,64,360270
1644,0.020535,172.31.40.0-255,66,210863,64,360270
1645,0.022814,74.125.130.0-255,5738,216601,64,360270
1646,0.022822,172.31.40.0-255,66,216667,64,360270
1647,0.025094,74.125.130.0-255,5738,222405,64,360270
1648,0.025102,172.31.40.0-255,66,222471,64,360270
1649,0.027386,74.125.130.0-255,5738,228209,64,360270
1650,0.027394,172.31.40.0-255,66,228275,64,360270
1651,0.027479,172.31.40.0-255,171,228446,64,360270
1652,0.027508,172.31.40.0-255,1150,229596,64,360270
1653,0.027623,172.31.40.0-255,1514,231110,64,360270
1654,0.027626,172.31.40.0-255,1142,232252,64,360270
1655,0.029045,104.244.42.0-255,66,232318,64,360270
1656,0.029064,104.244.42.0-255,66,232384,64,360270
1657,0.029203,104.244.42.0-255,66,232450,64,360270
1658,0.029667,74.125.130.0-255,5738,238188,64,360270
1659,0.029673,172.31.40.0-255,66,238254,64,360270
1660,0.03196,74.125.130.0-255,5738,243992,64,360270
1661,0.031966,172.31.40.0-255,66,244058,64,360270
1662,0.034256,74.125.130.0-255,5738,249796,64,360270
1663,0.034262,172.31.40.0-255,66,249862,64,360270
1664,0.036534,74.125.130.0-255,5738,255600,64,360270
1665,0.036541,172.31.40.0-255,66,255666,64,360270
1666,0.038832,74.125.130.0-255,5738,261404,64,360270
1667,0.038838,172.31.40.0-255,66,261470,64,360270
1668,0.041113,74.125.130.0-255,2902,264372,64,360270
1669,0.04112,172.31.40.0-255,66,264438,64,360270
1670,0.04114,74.125.130.0-255,2902,267340,64,360270
1671,0.041143,172.31.40.0-255,66,267406,64,360270
1672,0.043405,74.125.130.0-255,5738,273144,64,360270
1673,0.043411,172.31.40.0-255,66,273210,64,360270
1674,0.0457,74.125.130.0-255,5738,278948,64,360270
1675,0.045709,172.31.40.0-255,66,279014,64,360270
1676,0.048024,74.125.130.0-255,5738,284752,64,360270
1677,0.048029,172.31.40.0-255,66,284818,64,360270
1678,0.050298,74.125.130.0-255,5738,290556,64,360270
1679,0.050304,172.31.40.0-255,66,290622,64,360270
1680,0.052589,74.125.130.0-255,5738,296360,64,360270
1681,0.052596,172.31.40.0-255,66,296426,64,360270
1682,0.054882,74.125.130.0-255,5738,302164,64,360270
1683,0.054887,172.31.40.0-255,66,302230,64,360270
1684,0.057173,74.125.130.0-255,5738,307968,64,360270
1685,0.05718,172.31.40.0-255,66,308034,64,360270
1686,0.059455,74.125.130.0-255,5738,313772,64,360270
1687,0.059463,172.31.40.0-255,66,313838,64,360270
1688,0.061748,74.125.130.0-255,5738,319576,64,360270
1689,0.061755,172.31.40.0-255,66,319642,64,360270
1690,0.064032,74.125.130.0-255,5738,325380,64,360270
1691,0.064039,172.31.40.0-255,66,325446,64,360270
1692,0.066321,74.125.130.0-255,5738,331184,64,360270
1693,0.066327,172.31.40.0-255,66,331250,64,360270
1694,0.068608,74.125.130.0-255,5738,336988,64,360270
1695,0.068613,172.31.40.0-255,66,337054,64,360270
1696,0.070908,74.125.130.0-255,5738,342792,64,360270
1697,0.070913,172.31.40.0-255,66,342858,64,360270
1698,0.073192,74.125.130.0-255,5738,348596,64,360270
1699,0.0732,172.31.40.0-255,66,348662,64,360270
1700,0.075511,74.125.130.0-255,5738,354400,64,360270
1701,0.075519,172.31.40.0-255,66,354466,64,360270
1702,0.077799,74.125.130.0-255,5738,360204,64,360270
1703,0.077806,172.31.40.0-255,66,360270,64,360270
1704,0.0,74.125.130.0-255,156,156,64,319695
1705,1.5e-05,172.31.40.0-255,66,222,64,319695
1706,2.2e-05,74.125.130.0-255,1484,1706,64,319695
1707,2.6e-05,172.31.40.0-255,66,1772,64,319695
1708,5.3e-05,74.125.130.0-255,2902,4674,64,319695
1709,5.6e-05,172.31.40.0-255,66,4740,64,319695
1710,8.6e-05,74.125.130.0-255,5738,10478,64,319695
1711,8.9e-05,172.31.40.0-255,66,10544,64,319695
1712,0.000109,74.125.130.0-255,3517,14061,64,319695
1713,0.000111,172.31.40.0-255,66,14127,64,319695
1714,0.000521,74.125.130.0-255,1484,15611,64,319695
1715,0.000527,172.31.40.0-255,66,15677,64,319695
1716,0.000531,74.125.130.0-255,2902,18579,64,319695
1717,0.000534,172.31.40.0-255,66,18645,64,319695
1718,0.000539,74.125.130.0-255,4320,22965,64,319695
1719,0.000542,172.31.40.0-255,66,23031,64,319695
1720,0.00056,74.125.130.0-255,1484,24515,64,319695
1721,0.000563,172.31.40.0-255,66,24581,64,319695
1722,0.000599,172.31.40.0-255,66,24647,64,319695
1723,0.000606,74.125.130.0-255,5738,30385,64,319695
1724,0.000608,172.31.40.0-255,66,30451,64,319695
1725,0.00064,172.31.40.0-255,66,30517,64,319695
1726,0.00065,172.31.40.0-255,66,30583,64,319695
1727,0.000667,74.125.130.0-255,3602,34185,64,319695
1728,0.000669,172.31.40.0-255,66,34251,64,319695
1729,0.000672,74.125.130.0-255,367,34618,64,319695
1730,0.000674,172.31.40.0-255,66,34684,64,319695
1731,0.000795,74.125.130.0-255,1484,36168,64,319695
1732,0.000798,172.31.40.0-255,66,36234,64,319695
1733,0.000803,74.125.130.0-255,2902,39136,64,319695
1734,0.000806,172.31.40.0-255,66,39202,64,319695
1735,0.000812,74.125.130.0-255,5738,44940,64,319695
1736,0.000814,172.31.40.0-255,66,45006,64,319695
1737,0.000827,172.31.40.0-255,66,45072,64,319695
1738,0.000854,74.125.130.0-255,4320,49392,64,319695
1739,0.000856,172.31.40.0-255,66,49458,64,319695
1740,0.000868,172.31.40.0-255,66,49524,64,319695
1741,0.000875,74.125.130.0-255,7156,56680,64,319695
1742,0.000878,172.31.40.0-255,66,56746,64,319695
1743,0.000892,74.125.130.0-255,2184,58930,64,319695
1744,0.000894,172.31.40.0-255,66,58996,64,319695
1745,0.000906,172.31.40.0-255,66,59062,64,319695
1746,0.000937,172.31.40.0-255,66,59128,64,319695
1747,0.000971,172.31.40.0-255,66,59194,64,319695
1748,0.001487,74.125.130.0-255,1484,60678,64,319695
1749,0.001495,74.125.130.0-255,2902,63580,64,319695
1750,0.001498,172.31.40.0-255,66,63646,64,319695
1751,0.001512,74.125.130.0-255,1484,65130,64,319695
1752,0.001541,74.125.130.0-255,4320,69450,64,319695
1753,0.001544,172.31.40.0-255,66,69516,64,319695
1754,0.001549,74.125.130.0-255,2902,72418,64,319695
1755,0.00155,172.31.40.0-255,66,72484,64,319695
1756,0.001566,74.125.130.0-255,4320,76804,64,319695
1757,0.001568,172.31.40.0-255,66,76870,64,319695
1758,0.001594,74.125.130.0-255,2902,79772,64,319695
1759,0.001597,172.31.40.0-255,66,79838,64,319695
1760,0.001604,74.125.130.0-255,5738,85576,64,319695
1761,0.001606,172.31.40.0-255,66,85642,64,319695
1762,0.001624,74.125.130.0-255,5738,91380,64,319695
1763,0.001627,172.31.40.0-255,66,91446,64,319695
1764,0.001632,74.125.130.0-255,2184,93630,64,319695
1765,0.001634,172.31.40.0-255,66,93696,64,319695
1766,0.001921,74.125.130.0-255,1484,95180,64,319695
1767,0.001928,74.125.130.0-255,2902,98082,64,319695
1768,0.001932,172.31.40.0-255,66,98148,64,319695
1769,0.001937,74.125.130.0-255,2902,101050,64,319695
1770,0.001939,172.31.40.0-255,66,101116,64,319695
1771,0.001954,74.125.130.0-255,2902,104018,64,319695
1772,0.001956,172.31.40.0-255,66,104084,64,319695
1773,0.001979,74.125.130.0-255,2902,106986,64,319695
1774,0.001981,172.31.40.0-255,66,107052,64,319695
1775,0.002012,172.31.40.0-255,66,107118,64,319695
1776,0.002019,74.125.130.0-255,5738,112856,64,319695
1777,0.002021,172.31.40.0-255,66,112922,64,319695
1778,0.002037,74.125.130.0-255,5020,117942,64,319695
1779,0.002043,74.125.130.0-255,5738,123680,64,319695
1780,0.002046,172.31.40.0-255,66,123746,64,319695
1781,0.002049,172.31.40.0-255,66,123812,64,319695
1782,0.002074,74.125.130.0-255,5738,129550,64,319695
1783,0.002086,74.125.130.0-255,2902,132452,64,319695
1784,0.002089,172.31.40.0-255,66,132518,64,319695
1785,0.002092,172.31.40.0-255,66,132584,64,319695
1786,0.002095,172.31.40.0-255,66,132650,64,319695
1787,0.002128,172.31.40.0-255,66,132716,64,319695
1788,0.004255,74.125.130.0-255,5738,138454,64,319695
1789,0.004262,172.31.40.0-255,66,138520,64,319695
1790,0.006399,74.125.130.0-255,2902,141422,64,319695
1791,0.006403,172.31.40.0-255,66,141488,64,319695
1792,0.006419,74.125.130.0-255,1484,142972,64,319695
1793,0.00643,74.125.130.0-255,1484,144456,64,319695
1794,0.006433,172.31.40.0-255,66,144522,64,319695
1795,0.008542,74.125.130.0-255,1484,146006,64,319695
1796,0.008563,74.125.130.0-255,4320,150326,64,319695
1797,0.008568,172.31.40.0-255,66,150392,64,319695
1798,0.010668,74.125.130.0-255,5738,156130,64,319695
1799,0.010674,172.31.40.0-255,66,156196,64,319695
1800,0.012772,74.125.130.0-255,5738,161934,64,319695
1801,0.012779,172.31.40.0-255,66,162000,64,319695
1802,0.014876,74.125.130.0-255,5738,167738,64,319695
1803,0.014883,172.31.40.0-255,66,167804,64,319695
1804,0.016991,74.125.130.0-255,5738,173542,64,319695
1805,0.017,172.31.40.0-255,66,173608,64,319695
1806,0.019106,74.125.130.0-255,4320,177928,64,319695
1807,0.019113,172.31.40.0-255,66,177994,64,319695
1808,0.019127,74.125.130.0-255,1484,179478,64,319695
1809,0.021199,74.125.130.0-255,4320,183798,64,319695
1810,0.021206,172.31.40.0-255,66,183864,64,319695
1811,0.02331,74.125.130.0-255,5738,189602,64,319695
1812,0.023318,172.31.40.0-255,66,189668,64,319695
1813,0.02342,172.31.40.0-255,101,189769,64,319695
1814,0.025432,74.125.130.0-255,5738,195507,64,319695
1815,0.025438,172.31.40.0-255,66,195573,64,319695
1816,0.025484,74.125.130.0-255,66,195639,64,319695
1817,0.027538,74.125.130.0-255,5738,201377,64,319695
1818,0.027545,172.31.40.0-255,66,201443,64,319695
1819,0.029633,74.125.130.0-255,5738,207181,64,319695
1820,0.02964,172.31.40.0-255,66,207247,64,319695
1821,0.031723,74.125.130.0-255,4320,211567,64,319695
1822,0.031729,172.31.40.0-255,66,211633,64,319695
1823,0.031749,74.125.130.0-255,1484,213117,64,319695
1824,0.033821,74.125.130.0-255,4320,217437,64,319695
1825,0.033828,172.31.40.0-255,66,217503,64,319695
1826,0.035803,172.31.40.0-255,172,217675,64,319695
1827,0.035836,172.31.40.0-255,1110,218785,64,319695
1828,0.035896,172.31.40.0-255,1514,220299,64,319695
1829,0.035898,172.31.40.0-255,1514,221813,64,319695
1830,0.035899,172.31.40.0-255,1514,223327,64,319695
1831,0.035901,172.31.40.0-255,1079,224406,64,319695
1832,0.035957,74.125.130.0-255,5738,230144,64,319695
1833,0.035961,172.31.40.0-255,66,230210,64,319695
1834,0.037332,104.244.42.0-255,66,230276,64,319695
1835,0.037429,104.244.42.0-255,66,230342,64,319695
1836,0.037469,104.244.42.0-255,66,230408,64,319695
1837,0.037472,104.244.42.0-255,66,230474,64,319695
1838,0.038051,74.125.130.0-255,4320,234794,64,319695
1839,0.038057,172.31.40.0-255,66,234860,64,319695
1840,0.038078,74.125.130.0-255,1484,236344,64,319695
1841,0.040147,74.125.130.0-255,4320,240664,64,319695
1842,0.040153,172.31.40.0-255,66,240730,64,319695
1843,0.04225,74.125.130.0-255,5738,246468,64,319695
1844,0.042256,172.31.40.0-255,66,246534,64,319695
1845,0.044368,74.125.130.0-255,5738,252272,64,319695
1846,0.044376,172.31.40.0-255,66,252338,64,319695
1847,0.046476,74.125.130.0-255,5738,258076,64,319695
1848,0.046481,172.31.40.0-255,66,258142,64,319695
1849,0.048579,74.125.130.0-255,4320,262462,64,319695
1850,0.048585,172.31.40.0-255,66,262528,64,319695
1851,0.048604,74.125.130.0-255,1484,264012,64,319695
1852,0.050687,74.125.130.0-255,1484,265496,64,319695
1853,0.050693,172.31.40.0-255,66,265562,64,319695
1854,0.050714,74.125.130.0-255,2902,268464,64,319695
1855,0.050716,172.31.40.0-255,66,268530,64,319695
1856,0.052787,74.125.130.0-255,4320,272850,64,319695
1857,0.052793,172.31.40.0-255,66,272916,64,319695
1858,0.052811,74.125.130.0-255,1484,274400,64,319695
1859,0.054892,74.125.130.0-255,4320,278720,64,319695
1860,0.054898,172.31.40.0-255,66,278786,64,319695
1861,0.057005,74.125.130.0-255,4320,283106,64,319695
1862,0.057011,172.31.40.0-255,66,283172,64,319695
1863,0.057032,74.125.130.0-255,1484,284656,64,319695
1864,0.059155,74.125.130.0-255,4320,288976,64,319695
1865,0.059164,172.31.40.0-255,66,289042,64,319695
1866,0.061263,74.125.130.0-255,5738,294780,64,319695
1867,0.06127,172.31.40.0-255,66,294846,64,319695
1868,0.063377,74.125.130.0-255,5738,300584,64,319695
1869,0.063383,172.31.40.0-255,66,300650,64,319695
1870,0.0655,74.125.130.0-255,1484,302134,64,319695
1871,0.065518,74.125.130.0-255,4320,306454,64,319695
1872,0.065521,172.31.40.0-255,66,306520,64,319695
1873,0.067622,74.125.130.0-255,2902,309422,64,319695
1874,0.067628,172.31.40.0-255,66,309488,64,319695
1875,0.067651,74.125.130.0-255,2902,312390,64,319695
1876,0.067653,172.31.40.0-255,66,312456,64,319695
1877,0.069725,74.125.130.0-255,5738,318194,64,319695
1878,0.069728,172.31.40.0-255,66,318260,64,319695
1879,0.071809,74.125.130.0-255,1264,319524,64,319695
1880,0.071958,172.31.40.0-255,105,319629,64,319695
1881,0.077959,74.125.130.0-255,66,319695,64,319695
1882,0.0,74.125.68.0-255,150,150,64,295743
1883,1.5e-05,172.31.40.0-255,66,216,64,295743
1884,2.2e-05,74.125.68.0-255,1484,1700,64,295743
1885,2.6e-05,172.31.40.0-255,66,1766,64,295743
1886,3.1e-05,74.125.68.0-255,1484,3250,64,295743
1887,4.1e-05,172.31.40.0-255,66,3316,64,295743
1888,7e-05,74.125.68.0-255,1484,4800,64,295743
1889,7.3e-05,172.31.40.0-255,66,4866,64,295743
1890,8e-05,74.125.68.0-255,4320,9186,64,295743
1891,8.2e-05,172.31.40.0-255,66,9252,64,295743
1892,0.000117,74.125.68.0-255,4872,14124,64,295743
1893,0.00012,172.31.40.0-255,66,14190,64,295743
1894,0.000255,74.125.68.0-255,1484,15674,64,295743
1895,0.00026,172.31.40.0-255,66,15740,64,295743
1896,0.000264,74.125.68.0-255,1484,17224,64,295743
1897,0.000266,172.31.40.0-255,66,17290,64,295743
1898,0.000298,74.125.68.0-255,1484,18774,64,295743
1899,0.000301,172.31.40.0-255,66,18840,64,295743
1900,0.000308,74.125.68.0-255,5738,24578,64,295743
1901,0.000313,172.31.40.0-255,66,24644,64,295743
1902,0.000317,74.125.68.0-255,2902,27546,64,295743
1903,0.00032,172.31.40.0-255,66,27612,64,295743
1904,0.000359,172.31.40.0-255,66,27678,64,295743
1905,0.000365,74.125.68.0-255,4320,31998,64,295743
1906,0.000367,172.31.40.0-255,66,32064,64,295743
1907,0.000413,172.31.40.0-255,66,32130,64,295743
1908,0.000434,74.125.68.0-255,5738,37868,64,295743
1909,0.000437,172.31.40.0-255,66,37934,64,295743
1910,0.000443,74.125.68.0-255,5020,42954,64,295743
1911,0.000445,172.31.40.0-255,66,43020,64,295743
1912,0.000608,74.125.68.0-255,417,43437,64,295743
1913,0.000811,74.125.68.0-255,1484,44921,64,295743
1914,0.000816,172.31.40.0-255,66,44987,64,295743
1915,0.000821,74.125.68.0-255,2902,47889,64,295743
1916,0.000823,172.31.40.0-255,66,47955,64,295743
1917,0.000855,74.125.68.0-255,5738,53693,64,295743
1918,0.000858,172.31.40.0-255,66,53759,64,295743
1919,0.000871,74.125.68.0-255,2902,56661,64,295743
1920,0.000877,172.31.40.0-255,66,56727,64,295743
1921,0.000907,74.125.68.0-255,4320,61047,64,295743
1922,0.00091,172.31.40.0-255,66,61113,64,295743
1923,0.000921,172.31.40.0-255,66,61179,64,295743
1924,0.000938,172.31.40.0-255,66,61245,64,295743
1925,0.000965,74.125.68.0-255,328,61573,64,295743
1926,0.001014,74.125.68.0-255,1484,63057,64,295743
1927,0.001018,172.31.40.0-255,66,63123,64,295743
1928,0.001021,74.125.68.0-255,1484,64607,64,295743
1929,0.001042,74.125.68.0-255,1484,66091,64,295743
1930,0.001045,172.31.40.0-255,66,66157,64,295743
1931,0.001049,74.125.68.0-255,2902,69059,64,295743
1932,0.001052,172.31.40.0-255,66,69125,64,295743
1933,0.001071,74.125.68.0-255,2902,72027,64,295743
1934,0.001073,172.31.40.0-255,66,72093,64,295743
1935,0.001085,74.125.68.0-255,7156,79249,64,295743
1936,0.001088,172.31.40.0-255,66,79315,64,295743
1937,0.001122,74.125.68.0-255,4320,83635,64,295743
1938,0.00114,74.125.68.0-255,4320,87955,64,295743
1939,0.001167,172.31.40.0-255,66,88021,64,295743
1940,0.001207,74.125.68.0-255,1484,89505,64,295743
1941,0.001223,74.125.68.0-255,2902,92407,64,295743
1942,0.001226,172.31.40.0-255,66,92473,64,295743
1943,0.00123,74.125.68.0-255,1484,93957,64,295743
1944,0.001254,74.125.68.0-255,4320,98277,64,295743
1945,0.00127,74.125.68.0-255,5738,104015,64,295743
1946,0.001275,172.31.40.0-255,66,104081,64,295743
1947,0.001314,74.125.68.0-255,7156,111237,64,295743
1948,0.001326,172.31.40.0-255,66,111303,64,295743
1949,0.001352,74.125.68.0-255,1484,112787,64,295743
1950,0.001367,74.125.68.0-255,4320,117107,64,295743
1951,0.001379,172.31.40.0-255,66,117173,64,295743
1952,0.001412,74.125.68.0-255,7156,124329,64,295743
1953,0.001431,74.125.68.0-255,5738,130067,64,295743
1954,0.001439,74.125.68.0-255,7156,137223,64,295743
1955,0.001445,74.125.68.0-255,6438,143661,64,295743
1956,0.001479,74.125.68.0-255,1484,145145,64,295743
1957,0.001484,74.125.68.0-255,2902,148047,64,295743
1958,0.001497,74.125.68.0-255,1484,149531,64,295743
1959,0.001512,74.125.68.0-255,4320,153851,64,295743
1960,0.001515,74.125.68.0-255,1484,155335,64,295743
1961,0.001533,74.125.68.0-255,5738,161073,64,295743
1962,0.001553,74.125.68.0-255,7156,168229,64,295743
1963,0.001563,74.125.68.0-255,1484,169713,64,295743
1964,0.001721,74.125.68.0-255,1484,171197,64,295743
1965,0.001737,74.125.68.0-255,2902,174099,64,295743
1966,0.001741,74.125.68.0-255,1484,175583,64,295743
1967,0.001759,74.125.68.0-255,4320,179903,64,295743
1968,0.001773,74.125.68.0-255,4320,184223,64,295743
1969,0.001794,74.125.68.0-255,5738,189961,64,295743
1970,0.001798,74.125.68.0-255,2902,192863,64,295743
1971,0.001843,74.125.68.0-255,2184,195047,64,295743
1972,0.001901,74.125.68.0-255,1484,196531,64,295743
1973,0.001915,74.125.68.0-255,2902,199433,64,295743
1974,0.001936,74.125.68.0-255,1484,200917,64,295743
1975,0.00194,74.125.68.0-255,2902,203819,64,295743
1976,0.001954,74.125.68.0-255,5738,209557,64,295743
1977,0.001983,74.125.68.0-255,7156,216713,64,295743
1978,0.001996,74.125.68.0-255,4320,221033,64,295743
1979,0.002045,74.125.68.0-255,7156,228189,64,295743
1980,0.002062,74.125.68.0-255,5020,233209,64,295743
1981,0.002121,74.125.68.0-255,4320,237529,64,295743
1982,0.002128,74.125.68.0-255,7156,244685,64,295743
1983,0.002141,74.125.68.0-255,6438,251123,64,295743
1984,0.002146,74.125.68.0-255,4320,255443,64,295743
1985,0.002163,74.125.68.0-255,2902,258345,64,295743
1986,0.002182,74.125.68.0-255,4320,262665,64,295743
1987,0.002199,74.125.68.0-255,5738,268403,64,295743
1988,0.002232,74.125.68.0-255,1484,269887,64,295743
1989,0.002235,74.125.68.0-255,1484,271371,64,295743
1990,0.002248,74.125.68.0-255,1484,272855,64,295743
1991,0.00225,74.125.68.0-255,1484,274339,64,295743
1992,0.002271,74.125.68.0-255,4320,278659,64,295743
1993,0.002274,74.125.68.0-255,1484,280143,64,295743
1994,0.00229,74.125.68.0-255,7156,287299,64,295743
1995,0.002323,74.125.68.0-255,1484,288783,64,295743
1996,0.002336,74.125.68.0-255,2265,291048,64,295743
1997,0.006415,172.31.40.0-255,66,291114,64,295743
1998,0.008781,74.125.68.0-255,105,291219,64,295743
1999,0.008927,172.31.40.0-255,66,291285,64,295743
2000,0.008963,172.31.40.0-255,105,291390,64,295743
2001,0.01129,74.125.68.0-255,66,291456,64,295743
2002,0.032038,172.31.40.0-255,167,291623,64,295743
2003,0.032075,172.31.40.0-255,1112,292735,64,295743
2004,0.032133,172.31.40.0-255,1514,294249,64,295743
2005,0.032135,172.31.40.0-255,1296,295545,64,295743
2006,0.033569,104.244.42.0-255,66,295611,64,295743
2007,0.033655,104.244.42.0-255,66,295677,64,295743
2008,0.033716,104.244.42.0-255,66,295743,64,295743
2009,0.0,74.125.24.0-255,152,152,64,179618
2010,1.6e-05,172.31.40.0-255,66,218,64,179618
2011,2.4e-05,74.125.24.0-255,1484,1702,64,179618
2012,2.8e-05,172.31.40.0-255,66,1768,64,179618
2013,3.4e-05,74.125.24.0-255,2902,4670,64,179618
2014,3.7e-05,172.31.40.0-255,66,4736,64,179618
2015,4.4e-05,74.125.24.0-255,5738,10474,64,179618
2016,5.5e-05,172.31.40.0-255,66,10540,64,179618
2017,7e-05,74.125.24.0-255,1484,12024,64,179618
2018,7.3e-05,172.31.40.0-255,66,12090,64,179618
2019,0.000103,74.125.24.0-255,2073,14163,64,179618
2020,0.000106,172.31.40.0-255,66,14229,64,179618
2021,0.000192,74.125.24.0-255,1484,15713,64,179618
2022,0.000197,172.31.40.0-255,66,15779,64,179618
2023,0.000202,74.125.24.0-255,2902,18681,64,179618
2024,0.000204,172.31.40.0-255,66,18747,64,179618
2025,0.000208,74.125.24.0-255,2902,21649,64,179618
2026,0.00021,172.31.40.0-255,66,21715,64,179618
2027,0.000239,74.125.24.0-255,2902,24617,64,179618
2028,0.000242,172.31.40.0-255,66,24683,64,179618
2029,0.000253,172.31.40.0-255,66,24749,64,179618
2030,0.000282,74.125.24.0-255,5379,30128,64,179618
2031,0.000285,172.31.40.0-255,66,30194,64,179618
2032,0.000318,74.125.24.0-255,4320,34514,64,179618
2033,0.00032,172.31.40.0-255,66,34580,64,179618
2034,0.000355,172.31.40.0-255,66,34646,64,179618
2035,0.000373,74.125.24.0-255,2184,36830,64,179618
2036,0.000375,172.31.40.0-255,66,36896,64,179618
2037,0.00047,74.125.24.0-255,428,37324,64,179618
2038,0.000474,172.31.40.0-255,66,37390,64,179618
2039,0.000544,74.125.24.0-255,1484,38874,64,179618
2040,0.000582,74.125.24.0-255,2902,41776,64,179618
2041,0.000597,172.31.40.0-255,66,41842,64,179618
2042,0.000627,74.125.24.0-255,1484,43326,64,179618
2043,0.000633,74.125.24.0-255,2902,46228,64,179618
2044,0.000639,74.125.24.0-255,5738,51966,64,179618
2045,0.000655,172.31.40.0-255,66,52032,64,179618
2046,0.000692,74.125.24.0-255,4320,56352,64,179618
2047,0.000705,172.31.40.0-255,66,56418,64,179618
2048,0.000771,172.31.40.0-255,66,56484,64,179618
2049,0.000782,74.125.24.0-255,5738,62222,64,179618
2050,0.000784,74.125.24.0-255,766,62988,64,179618
2051,0.000789,172.31.40.0-255,66,63054,64,179618
2052,0.000925,74.125.24.0-255,1484,64538,64,179618
2053,0.000937,74.125.24.0-255,1484,66022,64,179618
2054,0.000943,172.31.40.0-255,66,66088,64,179618
2055,0.000972,74.125.24.0-255,2902,68990,64,179618
2056,0.000979,74.125.24.0-255,5738,74728,64,179618
2057,0.000994,172.31.40.0-255,66,74794,64,179618
2058,0.001043,172.31.40.0-255,66,74860,64,179618
2059,0.001075,74.125.24.0-255,2902,77762,64,179618
2060,0.001096,74.125.24.0-255,7156,84918,64,179618
2061,0.001109,74.125.24.0-255,2184,87102,64,179618
2062,0.001118,172.31.40.0-255,66,87168,64,179618
2063,0.001189,74.125.24.0-255,1484,88652,64,179618
2064,0.001206,74.125.24.0-255,2902,91554,64,179618
2065,0.001214,172.31.40.0-255,66,91620,64,179618
2066,0.001245,74.125.24.0-255,5738,97358,64,179618
2067,0.001266,172.31.40.0-255,66,97424,64,179618
2068,0.001311,172.31.40.0-255,66,97490,64,179618
2069,0.001323,74.125.24.0-255,6438,103928,64,179618
2070,0.001333,172.31.40.0-255,66,103994,64,179618
2071,0.001504,74.125.24.0-255,1484,105478,64,179618
2072,0.001509,74.125.24.0-255,1484,106962,64,179618
2073,0.001523,74.125.24.0-255,1484,108446,64,179618
2074,0.00153,74.125.24.0-255,5738,114184,64,179618
2075,0.001538,172.31.40.0-255,66,114250,64,179618
2076,0.001572,74.125.24.0-255,1484,115734,64,179618
2077,0.001626,172.31.40.0-255,66,115800,64,179618
2078,0.001657,74.125.24.0-255,1484,117284,64,179618
2079,0.001661,74.125.24.0-255,1484,118768,64,179618
2080,0.001669,172.31.40.0-255,66,118834,64,179618
2081,0.001735,172.31.40.0-255,66,118900,64,179618
2082,0.00183,74.125.24.0-255,2902,121802,64,179618
2083,0.001842,172.31.40.0-255,66,121868,64,179618
2084,0.001872,172.31.40.0-255,66,121934,64,179618
2085,0.001941,74.125.24.0-255,5020,126954,64,179618
2086,0.001961,172.31.40.0-255,66,127020,64,179618
2087,0.002118,74.125.24.0-255,4320,131340,64,179618
2088,0.002159,74.125.24.0-255,4320,135660,64,179618
2089,0.002184,74.125.24.0-255,5020,140680,64,179618
2090,0.002285,74.125.24.0-255,2902,143582,64,179618
2091,0.0023,74.125.24.0-255,4320,147902,64,179618
2092,0.002534,172.31.40.0-255,66,147968,64,179618
2093,0.002617,74.125.24.0-255,2902,150870,64,179618
2094,0.002638,172.31.40.0-255,66,150936,64,179618
2095,0.002646,74.125.24.0-255,6438,157374,64,179618
2096,0.00266,172.31.40.0-255,66,157440,64,179618
2097,0.002702,172.31.40.0-255,66,157506,64,179618
2098,0.002725,74.125.24.0-255,7156,164662,64,179618
2099,0.002764,172.31.40.0-255,66,164728,64,179618
2100,0.002829,172.31.40.0-255,66,164794,64,179618
2101,0.003064,74.125.24.0-255,2902,167696,64,179618
2102,0.003082,74.125.24.0-255,7156,174852,64,179618
2103,0.003089,172.31.40.0-255,66,174918,64,179618
2104,0.003122,172.31.40.0-255,66,174984,64,179618
2105,0.00543,74.125.24.0-255,105,175089,64,179618
2106,0.010144,172.31.40.0-255,66,175155,64,179618
2107,0.010192,172.31.40.0-255,105,175260,64,179618
2108,0.012532,74.125.24.0-255,66,175326,64,179618
2109,0.030217,172.31.40.0-255,172,175498,64,179618
2110,0.030249,172.31.40.0-255,1112,176610,64,179618
2111,0.030305,172.31.40.0-255,1514,178124,64,179618
2112,0.030307,172.31.40.0-255,1296,179420,64,179618
2113,0.031894,104.244.42.0-255,66,179486,64,179618
2114,0.031987,104.244.42.0-255,66,179552,64,179618
2115,0.032008,104.244.42.0-255,66,179618,64,179618
2116,0.0,172.217.194.0-255,153,153,64,269188
2117,2.1e-05,172.31.40.0-255,66,219,64,269188
2118,2.7e-05,172.217.194.0-255,1484,1703,64,269188
2119,3.1e-05,172.31.40.0-255,66,1769,64,269188
2120,5.4e-05,172.217.194.0-255,1484,3253,64,269188
2121,5.7e-05,172.31.40.0-255,66,3319,64,269188
2122,6.6e-05,172.217.194.0-255,2902,6221,64,269188
2123,6.9e-05,172.31.40.0-255,66,6287,64,269188
2124,0.000107,172.217.194.0-255,5738,12025,64,269188
2125,0.000109,172.31.40.0-255,66,12091,64,269188
2126,0.000115,172.217.194.0-255,4320,16411,64,269188
2127,0.000117,172.31.40.0-255,66,16477,64,269188
2128,0.000158,172.31.40.0-255,66,16543,64,269188
2129,0.000165,172.217.194.0-255,5379,21922,64,269188
2130,0.000168,172.31.40.0-255,66,21988,64,269188
2131,0.000208,172.217.194.0-255,1484,23472,64,269188
2132,0.00021,172.31.40.0-255,66,23538,64,269188
2133,0.000215,172.217.194.0-255,2902,26440,64,269188
2134,0.000217,172.31.40.0-255,66,26506,64,269188
2135,0.000243,172.217.194.0-255,5738,32244,64,269188
2136,0.000245,172.31.40.0-255,66,32310,64,269188
2137,0.000276,172.217.194.0-255,6797,39107,64,269188
2138,0.000279,172.31.40.0-255,66,39173,64,269188
2139,0.000287,172.217.194.0-255,5738,44911,64,269188
2140,0.000289,172.31.40.0-255,66,44977,64,269188
2141,0.000315,172.217.194.0-255,1484,46461,64,269188
2142,0.000318,172.31.40.0-255,66,46527,64,269188
2143,0.000351,172.217.194.0-255,7156,53683,64,269188
2144,0.000354,172.31.40.0-255,66,53749,64,269188
2145,0.000378,172.217.194.0-255,2832,56581,64,269188
2146,0.000381,172.31.40.0-255,66,56647,64,269188
2147,0.000383,172.217.194.0-255,98,56745,64,269188
2148,0.001117,172.31.40.0-255,66,56811,64,269188
2149,0.001423,172.217.194.0-255,365,57176,64,269188
2150,0.001584,172.217.194.0-255,1484,58660,64,269188
2151,0.00159,172.31.40.0-255,66,58726,64,269188
2152,0.001596,172.217.194.0-255,2902,61628,64,269188
2153,0.001599,172.31.40.0-255,66,61694,64,269188
2154,0.00161,172.217.194.0-255,5738,67432,64,269188
2155,0.001613,172.31.40.0-255,66,67498,64,269188
2156,0.001654,172.31.40.0-255,66,67564,64,269188
2157,0.001657,172.217.194.0-255,1484,69048,64,269188
2158,0.001679,172.217.194.0-255,2902,71950,64,269188
2159,0.001681,172.31.40.0-255,66,72016,64,269188
2160,0.001705,172.217.194.0-255,6438,78454,64,269188
2161,0.001708,172.31.40.0-255,66,78520,64,269188
2162,0.004038,172.217.194.0-255,4320,82840,64,269188
2163,0.004045,172.31.40.0-255,66,82906,64,269188
2164,0.004069,172.217.194.0-255,1484,84390,64,269188
2165,0.006377,172.217.194.0-255,4320,88710,64,269188
2166,0.006384,172.31.40.0-255,66,88776,64,269188
2167,0.00874,172.217.194.0-255,5738,94514,64,269188
2168,0.008747,172.31.40.0-255,66,94580,64,269188
2169,0.011095,172.217.194.0-255,5738,100318,64,269188
2170,0.011104,172.31.40.0-255,66,100384,64,269188
2171,0.013432,172.217.194.0-255,5738,106122,64,269188
2172,0.013439,172.31.40.0-255,66,106188,64,269188
2173,0.015752,172.217.194.0-255,5738,111926,64,269188
2174,0.01576,172.31.40.0-255,66,111992,64,269188
2175,0.018104,172.217.194.0-255,5738,117730,64,269188
2176,0.018112,172.31.40.0-255,66,117796,64,269188
2177,0.020442,172.217.194.0-255,5738,123534,64,269188
2178,0.02045,172.31.40.0-255,66,123600,64,269188
2179,0.02273,172.31.40.0-255,167,123767,64,269188
2180,0.022757,172.31.40.0-255,1107,124874,64,269188
2181,0.022795,172.217.194.0-255,5738,130612,64,269188
2182,0.0228,172.31.40.0-255,66,130678,64,269188
2183,0.022838,172.31.40.0-255,1514,132192,64,269188
2184,0.022839,172.31.40.0-255,338,132530,64,269188
2185,0.024931,104.244.42.0-255,66,132596,64,269188
2186,0.025142,172.217.194.0-255,4320,136916,64,269188
2187,0.025146,172.31.40.0-255,66,136982,64,269188
2188,0.025172,172.217.194.0-255,1484,138466,64,269188
2189,0.02749,172.217.194.0-255,4320,142786,64,269188
2190,0.027497,172.31.40.0-255,66,142852,64,269188
2191,0.029821,172.217.194.0-255,5738,148590,64,269188
2192,0.029827,172.31.40.0-255,66,148656,64,269188
2193,0.032166,172.217.194.0-255,5738,154394,64,269188
2194,0.032173,172.31.40.0-255,66,154460,64,269188
2195,0.034514,172.217.194.0-255,5738,160198,64,269188
2196,0.034521,172.31.40.0-255,66,160264,64,269188
2197,0.03684,172.217.194.0-255,5738,166002,64,269188
2198,0.036846,172.31.40.0-255,66,166068,64,269188
2199,0.039183,172.217.194.0-255,4320,170388,64,269188
2200,0.039189,172.31.40.0-255,66,170454,64,269188
2201,0.039218,172.217.194.0-255,1484,171938,64,269188
2202,0.041528,172.217.194.0-255,4320,176258,64,269188
2203,0.041534,172.31.40.0-255,66,176324,64,269188
2204,0.043894,172.217.194.0-255,5738,182062,64,269188
2205,0.0439,172.31.40.0-255,66,182128,64,269188
2206,0.046257,172.217.194.0-255,5738,187866,64,269188
2207,0.046264,172.31.40.0-255,66,187932,64,269188
2208,0.048595,172.217.194.0-255,5738,193670,64,269188
2209,0.048601,172.31.40.0-255,66,193736,64,269188
2210,0.050939,172.217.194.0-255,5738,199474,64,269188
2211,0.050946,172.31.40.0-255,66,199540,64,269188
2212,0.053266,172.217.194.0-255,5738,205278,64,269188
2213,0.053274,172.31.40.0-255,66,205344,64,269188
2214,0.055629,172.217.194.0-255,5738,211082,64,269188
2215,0.055636,172.31.40.0-255,66,211148,64,269188
2216,0.057981,172.217.194.0-255,5738,216886,64,269188
2217,0.057987,172.31.40.0-255,66,216952,64,269188
2218,0.060322,172.217.194.0-255,5738,222690,64,269188
2219,0.060329,172.31.40.0-255,66,222756,64,269188
2220,0.06272,172.217.194.0-255,5738,228494,64,269188
2221,0.062727,172.31.40.0-255,66,228560,64,269188
2222,0.065044,172.217.194.0-255,5738,234298,64,269188
2223,0.06505,172.31.40.0-255,66,234364,64,269188
2224,0.067401,172.217.194.0-255,5738,240102,64,269188
2225,0.067419,172.31.40.0-255,66,240168,64,269188
2226,0.069752,172.217.194.0-255,5738,245906,64,269188
2227,0.069762,172.31.40.0-255,66,245972,64,269188
2228,0.072115,172.217.194.0-255,5738,251710,64,269188
2229,0.072133,172.31.40.0-255,66,251776,64,269188
2230,0.0745,172.217.194.0-255,5738,257514,64,269188
2231,0.074516,172.31.40.0-255,66,257580,64,269188
2232,0.076868,172.217.194.0-255,5738,263318,64,269188
2233,0.07689,172.31.40.0-255,66,263384,64,269188
2234,0.079222,172.217.194.0-255,5738,269122,64,269188
2235,0.07923,172.31.40.0-255,66,269188,64,269188
2236,0.0,74.125.24.0-255,215,215,64,318101
2237,1.2e-05,172.31.40.0-255,66,281,64,318101
2238,3.4e-05,74.125.24.0-255,1484,1765,64,318101
2239,3.8e-05,172.31.40.0-255,66,1831,64,318101
2240,5.8e-05,74.125.24.0-255,1484,3315,64,318101
2241,6e-05,172.31.40.0-255,66,3381,64,318101
2242,0.000104,74.125.24.0-255,2902,6283,64,318101
2243,0.000109,172.31.40.0-255,66,6349,64,318101
2244,0.000113,74.125.24.0-255,2902,9251,64,318101
2245,0.000116,172.31.40.0-255,66,9317,64,318101
2246,0.000122,74.125.24.0-255,4320,13637,64,318101
2247,0.000125,172.31.40.0-255,66,13703,64,318101
2248,0.000147,74.125.24.0-255,7156,20859,64,318101
2249,0.000149,172.31.40.0-255,66,20925,64,318101
2250,0.00017,74.125.24.0-255,2057,22982,64,318101
2251,0.000173,172.31.40.0-255,66,23048,64,318101
2252,0.000207,74.125.24.0-255,4320,27368,64,318101
2253,0.00021,172.31.40.0-255,66,27434,64,318101
2254,0.000228,74.125.24.0-255,3961,31395,64,318101
2255,0.00023,172.31.40.0-255,66,31461,64,318101
2256,0.000271,74.125.24.0-255,1484,32945,64,318101
2257,0.000275,172.31.40.0-255,66,33011,64,318101
2258,0.00029,74.125.24.0-255,2902,35913,64,318101
2259,0.000292,172.31.40.0-255,66,35979,64,318101
2260,0.000295,74.125.24.0-255,1484,37463,64,318101
2261,0.000297,172.31.40.0-255,66,37529,64,318101
2262,0.000325,74.125.24.0-255,4320,41849,64,318101
2263,0.000328,172.31.40.0-255,66,41915,64,318101
2264,0.00037,172.31.40.0-255,66,41981,64,318101
2265,0.000378,74.125.24.0-255,7156,49137,64,318101
2266,0.00038,172.31.40.0-255,66,49203,64,318101
2267,0.000401,74.125.24.0-255,2853,52056,64,318101
2268,0.000404,172.31.40.0-255,66,52122,64,318101
2269,0.000459,74.125.24.0-255,111,52233,64,318101
2270,0.00064,74.125.24.0-255,331,52564,64,318101
2271,0.000973,74.125.24.0-255,1484,54048,64,318101
2272,0.000978,172.31.40.0-255,66,54114,64,318101
2273,0.000984,74.125.24.0-255,2902,57016,64,318101
2274,0.000986,172.31.40.0-255,66,57082,64,318101
2275,0.000991,74.125.24.0-255,4320,61402,64,318101
2276,0.000993,172.31.40.0-255,66,61468,64,318101
2277,0.00101,74.125.24.0-255,1484,62952,64,318101
2278,0.001017,74.125.24.0-255,5738,68690,64,318101
2279,0.001019,172.31.40.0-255,66,68756,64,318101
2280,0.001048,74.125.24.0-255,7156,75912,64,318101
2281,0.001051,172.31.40.0-255,66,75978,64,318101
2282,0.001054,74.125.24.0-255,1484,77462,64,318101
2283,0.001072,74.125.24.0-255,5738,83200,64,318101
2284,0.001075,172.31.40.0-255,66,83266,64,318101
2285,0.001095,74.125.24.0-255,3602,86868,64,318101
2286,0.001098,172.31.40.0-255,66,86934,64,318101
2287,0.001798,74.125.24.0-255,1484,88418,64,318101
2288,0.001807,74.125.24.0-255,2902,91320,64,318101
2289,0.001811,172.31.40.0-255,66,91386,64,318101
2290,0.001818,74.125.24.0-255,5738,97124,64,318101
2291,0.00182,172.31.40.0-255,66,97190,64,318101
2292,0.001843,74.125.24.0-255,4320,101510,64,318101
2293,0.001845,172.31.40.0-255,66,101576,64,318101
2294,0.001864,74.125.24.0-255,5738,107314,64,318101
2295,0.001865,172.31.40.0-255,66,107380,64,318101
2296,0.001899,74.125.24.0-255,2902,110282,64,318101
2297,0.001901,172.31.40.0-255,66,110348,64,318101
2298,0.001922,172.31.40.0-255,66,110414,64,318101
2299,0.001942,74.125.24.0-255,1484,111898,64,318101
2300,0.001946,74.125.24.0-255,2902,114800,64,318101
2301,0.001948,172.31.40.0-255,66,114866,64,318101
2302,0.001952,74.125.24.0-255,1484,116350,64,318101
2303,0.001971,74.125.24.0-255,4320,120670,64,318101
2304,0.001973,172.31.40.0-255,66,120736,64,318101
2305,0.001995,74.125.24.0-255,7156,127892,64,318101
2306,0.001997,172.31.40.0-255,66,127958,64,318101
2307,0.002,74.125.24.0-255,1484,129442,64,318101
2308,0.002026,74.125.24.0-255,7156,136598,64,318101
2309,0.002028,172.31.40.0-255,66,136664,64,318101
2310,0.002034,74.125.24.0-255,5738,142402,64,318101
2311,0.002036,172.31.40.0-255,66,142468,64,318101
2312,0.002049,74.125.24.0-255,2184,144652,64,318101
2313,0.00205,172.31.40.0-255,66,144718,64,318101
2314,0.002061,74.125.24.0-255,1484,146202,64,318101
2315,0.002081,74.125.24.0-255,7156,153358,64,318101
2316,0.002083,172.31.40.0-255,66,153424,64,318101
2317,0.002086,74.125.24.0-255,1484,154908,64,318101
2318,0.002098,74.125.24.0-255,2902,157810,64,318101
2319,0.0021,172.31.40.0-255,66,157876,64,318101
2320,0.002137,74.125.24.0-255,4320,162196,64,318101
2321,0.002222,74.125.24.0-255,1484,163680,64,318101
2322,0.002227,74.125.24.0-255,2902,166582,64,318101
2323,0.002251,74.125.24.0-255,5738,172320,64,318101
2324,0.002267,74.125.24.0-255,7156,179476,64,318101
2325,0.002305,74.125.24.0-255,4320,183796,64,318101
2326,0.00232,74.125.24.0-255,1484,185280,64,318101
2327,0.002353,74.125.24.0-255,5738,191018,64,318101
2328,0.002368,74.125.24.0-255,7156,198174,64,318101
2329,0.002378,74.125.24.0-255,5738,203912,64,318101
2330,0.002405,74.125.24.0-255,2902,206814,64,318101
2331,0.002425,74.125.24.0-255,3602,210416,64,318101
2332,0.002721,74.125.24.0-255,1484,211900,64,318101
2333,0.002726,74.125.24.0-255,1484,213384,64,318101
2334,0.002743,74.125.24.0-255,1484,214868,64,318101
2335,0.002749,74.125.24.0-255,4320,219188,64,318101
2336,0.002752,74.125.24.0-255,1484,220672,64,318101
2337,0.002768,74.125.24.0-255,4320,224992,64,318101
2338,0.002781,74.125.24.0-255,2902,227894,64,318101
2339,0.0028,74.125.24.0-255,2902,230796,64,318101
2340,0.002839,74.125.24.0-255,3602,234398,64,318101
2341,0.002924,74.125.24.0-255,1484,235882,64,318101
2342,0.002927,74.125.24.0-255,1484,237366,64,318101
2343,0.002939,74.125.24.0-255,1484,238850,64,318101
2344,0.002945,74.125.24.0-255,4320,243170,64,318101
2345,0.002958,74.125.24.0-255,1484,244654,64,318101
2346,0.002963,74.125.24.0-255,2902,247556,64,318101
2347,0.002994,74.125.24.0-255,1484,249040,64,318101
2348,0.003051,74.125.24.0-255,1484,250524,64,318101
2349,0.003068,74.125.24.0-255,2902,253426,64,318101
2350,0.00307,74.125.24.0-255,1484,254910,64,318101
2351,0.00309,74.125.24.0-255,4320,259230,64,318101
2352,0.003093,74.125.24.0-255,1484,260714,64,318101
2353,0.003108,74.125.24.0-255,4320,265034,64,318101
2354,0.003119,74.125.24.0-255,2902,267936,64,318101
2355,0.003134,74.125.24.0-255,4320,272256,64,318101
2356,0.003141,74.125.24.0-255,7156,279412,64,318101
2357,0.003158,74.125.24.0-255,2902,282314,64,318101
2358,0.003161,74.125.24.0-255,766,283080,64,318101
2359,0.003284,74.125.24.0-255,1484,284564,64,318101
2360,0.003296,74.125.24.0-255,2902,287466,64,318101
2361,0.00332,74.125.24.0-255,5738,293204,64,318101
2362,0.003335,74.125.24.0-255,2902,296106,64,318101
2363,0.003364,74.125.24.0-255,4320,300426,64,318101
2364,0.003371,74.125.24.0-255,6438,306864,64,318101
2365,0.003377,74.125.24.0-255,6506,313370,64,318101
2366,0.003381,74.125.24.0-255,97,313467,64,318101
2367,0.003433,74.125.24.0-255,105,313572,64,318101
2368,0.004427,172.31.40.0-255,66,313638,64,318101
2369,0.008562,172.31.40.0-255,105,313743,64,318101
2370,0.010932,74.125.24.0-255,66,313809,64,318101
2371,0.031112,172.31.40.0-255,172,313981,64,318101
2372,0.031143,172.31.40.0-255,1108,315089,64,318101
2373,0.031202,172.31.40.0-255,1514,316603,64,318101
2374,0.031203,172.31.40.0-255,1300,317903,64,318101
2375,0.032812,104.244.42.0-255,66,317969,64,318101
2376,0.03284,104.244.42.0-255,66,318035,64,318101
2377,0.032914,104.244.42.0-255,66,318101,64,318101
2378,0.0,74.125.24.0-255,146,146,64,270985
2379,1.5e-05,172.31.40.0-255,66,212,64,270985
2380,3.4e-05,74.125.24.0-255,1484,1696,64,270985
2381,3.9e-05,172.31.40.0-255,66,1762,64,270985
2382,5.2e-05,74.125.24.0-255,2902,4664,64,270985
2383,5.5e-05,172.31.40.0-255,66,4730,64,270985
2384,8.4e-05,74.125.24.0-255,4320,9050,64,270985
2385,8.7e-05,172.31.40.0-255,66,9116,64,270985
2386,0.000131,172.31.40.0-255,66,9182,64,270985
2387,0.000141,172.31.40.0-255,66,9248,64,270985
2388,0.000162,74.125.24.0-255,5379,14627,64,270985
2389,0.000164,172.31.40.0-255,66,14693,64,270985
2390,0.001346,74.125.24.0-255,1484,16177,64,270985
2391,0.001354,172.31.40.0-255,66,16243,64,270985
2392,0.001363,74.125.24.0-255,2902,19145,64,270985
2393,0.001366,172.31.40.0-255,66,19211,64,270985
2394,0.001374,74.125.24.0-255,5738,24949,64,270985
2395,0.001377,172.31.40.0-255,66,25015,64,270985
2396,0.001412,172.31.40.0-255,66,25081,64,270985
2397,0.001486,74.125.24.0-255,5738,30819,64,270985
2398,0.001489,172.31.40.0-255,66,30885,64,270985
2399,0.00151,172.31.40.0-255,66,30951,64,270985
2400,0.001573,74.125.24.0-255,394,31345,64,270985
2401,0.001576,172.31.40.0-255,66,31411,64,270985
2402,0.001619,74.125.24.0-255,1484,32895,64,270985
2403,0.001621,172.31.40.0-255,66,32961,64,270985
2404,0.001624,74.125.24.0-255,1484,34445,64,270985
2405,0.001626,172.31.40.0-255,66,34511,64,270985
2406,0.001642,74.125.24.0-255,2902,37413,64,270985
2407,0.001655,74.125.24.0-255,1484,38897,64,270985
2408,0.001672,74.125.24.0-255,5738,44635,64,270985
2409,0.001709,74.125.24.0-255,4320,48955,64,270985
2410,0.001731,74.125.24.0-255,6438,55393,64,270985
2411,0.001764,74.125.24.0-255,7156,62549,64,270985
2412,0.001785,74.125.24.0-255,4320,66869,64,270985
2413,0.001794,74.125.24.0-255,1484,68353,64,270985
2414,0.001836,74.125.24.0-255,5738,74091,64,270985
2415,0.001866,74.125.24.0-255,4320,78411,64,270985
2416,0.001887,74.125.24.0-255,2184,80595,64,270985
2417,0.001894,74.125.24.0-255,7156,87751,64,270985
2418,0.001921,74.125.24.0-255,4320,92071,64,270985
2419,0.001965,74.125.24.0-255,4320,96391,64,270985
2420,0.001984,74.125.24.0-255,3602,99993,64,270985
2421,0.002064,74.125.24.0-255,351,100344,64,270985
2422,0.002075,74.125.24.0-255,1484,101828,64,270985
2423,0.002094,74.125.24.0-255,4320,106148,64,270985
2424,0.002112,74.125.24.0-255,2902,109050,64,270985
2425,0.002129,74.125.24.0-255,4320,113370,64,270985
2426,0.002131,74.125.24.0-255,1484,114854,64,270985
2427,0.002134,172.31.40.0-255,66,114920,64,270985
2428,0.00214,172.31.40.0-255,66,114986,64,270985
2429,0.002165,74.125.24.0-255,5738,120724,64,270985
2430,0.002185,74.125.24.0-255,4320,125044,64,270985
2431,0.002187,74.125.24.0-255,1484,126528,64,270985
2432,0.002194,172.31.40.0-255,66,126594,64,270985
2433,0.002226,74.125.24.0-255,4320,130914,64,270985
2434,0.002242,74.125.24.0-255,3602,134516,64,270985
2435,0.002252,172.31.40.0-255,66,134582,64,270985
2436,0.002329,74.125.24.0-255,1484,136066,64,270985
2437,0.002334,74.125.24.0-255,2902,138968,64,270985
2438,0.002353,172.31.40.0-255,66,139034,64,270985
2439,0.002367,74.125.24.0-255,5738,144772,64,270985
2440,0.002383,74.125.24.0-255,4320,149092,64,270985
2441,0.002387,172.31.40.0-255,66,149158,64,270985
2442,0.002412,74.125.24.0-255,2902,152060,64,270985
2443,0.002428,74.125.24.0-255,7156,159216,64,270985
2444,0.002432,172.31.40.0-255,66,159282,64,270985
2445,0.002451,74.125.24.0-255,1484,160766,64,270985
2446,0.002457,74.125.24.0-255,5738,166504,64,270985
2447,0.002481,74.125.24.0-255,2184,168688,64,270985
2448,0.002485,172.31.40.0-255,66,168754,64,270985
2449,0.002673,74.125.24.0-255,1484,170238,64,270985
2450,0.002677,74.125.24.0-255,1484,171722,64,270985
2451,0.002688,74.125.24.0-255,1484,173206,64,270985
2452,0.00269,74.125.24.0-255,1484,174690,64,270985
2453,0.002696,172.31.40.0-255,66,174756,64,270985
2454,0.002713,74.125.24.0-255,4320,179076,64,270985
2455,0.002729,74.125.24.0-255,7156,186232,64,270985
2456,0.002731,172.31.40.0-255,66,186298,64,270985
2457,0.002735,172.31.40.0-255,66,186364,64,270985
2458,0.002762,74.125.24.0-255,5738,192102,64,270985
2459,0.002768,74.125.24.0-255,5738,197840,64,270985
2460,0.002786,172.31.40.0-255,66,197906,64,270985
2461,0.0028,74.125.24.0-255,5738,203644,64,270985
2462,0.002814,172.31.40.0-255,66,203710,64,270985
2463,0.002857,172.31.40.0-255,66,203776,64,270985
2464,0.002891,172.31.40.0-255,66,203842,64,270985
2465,0.002917,74.125.24.0-255,7156,210998,64,270985
2466,0.002924,172.31.40.0-255,66,211064,64,270985
2467,0.002934,74.125.24.0-255,2902,213966,64,270985
2468,0.002945,74.125.24.0-255,2902,216868,64,270985
2469,0.002957,172.31.40.0-255,66,216934,64,270985
2470,0.002969,74.125.24.0-255,7156,224090,64,270985
2471,0.002972,172.31.40.0-255,66,224156,64,270985
2472,0.002986,74.125.24.0-255,4320,228476,64,270985
2473,0.002996,172.31.40.0-255,66,228542,64,270985
2474,0.00301,74.125.24.0-255,6438,234980,64,270985
2475,0.003014,74.125.24.0-255,2902,237882,64,270985
2476,0.003032,172.31.40.0-255,66,237948,64,270985
2477,0.003056,172.31.40.0-255,66,238014,64,270985
2478,0.003066,74.125.24.0-255,5738,243752,64,270985
2479,0.003072,74.125.24.0-255,7156,250908,64,270985
2480,0.003077,172.31.40.0-255,66,250974,64,270985
2481,0.003132,172.31.40.0-255,66,251040,64,270985
2482,0.003158,172.31.40.0-255,66,251106,64,270985
2483,0.003167,74.125.24.0-255,5738,256844,64,270985
2484,0.003172,172.31.40.0-255,66,256910,64,270985
2485,0.003183,74.125.24.0-255,7156,264066,64,270985
2486,0.003199,74.125.24.0-255,2285,266351,64,270985
2487,0.00321,74.125.24.0-255,105,266456,64,270985
2488,0.003219,172.31.40.0-255,66,266522,64,270985
2489,0.005385,172.31.40.0-255,105,266627,64,270985
2490,0.007322,74.125.24.0-255,66,266693,64,270985
2491,0.031248,172.31.40.0-255,172,266865,64,270985
2492,0.031288,172.31.40.0-255,1112,267977,64,270985
2493,0.031354,172.31.40.0-255,1514,269491,64,270985
2494,0.031356,172.31.40.0-255,1296,270787,64,270985
2495,0.032802,104.244.42.0-255,66,270853,64,270985
2496,0.032869,104.244.42.0-255,66,270919,64,270985
2497,0.03297,104.244.42.0-255,66,270985,64,270985
2498,0.0,74.125.24.0-255,153,153,64,170412
2499,1.3e-05,172.31.40.0-255,66,219,64,170412
2500,1.9e-05,74.125.24.0-255,1484,1703,64,170412
2501,2.4e-05,172.31.40.0-255,66,1769,64,170412
2502,2.9e-05,74.125.24.0-255,2902,4671,64,170412
2503,3.1e-05,172.31.40.0-255,66,4737,64,170412
2504,5.5e-05,74.125.24.0-255,4320,9057,64,170412
2505,5.8e-05,172.31.40.0-255,66,9123,64,170412
2506,9.4e-05,172.31.40.0-255,66,9189,64,170412
2507,0.000104,172.31.40.0-255,66,9255,64,170412
2508,0.000155,172.31.40.0-255,66,9321,64,170412
2509,0.00016,74.125.24.0-255,3602,12923,64,170412
2510,0.000162,172.31.40.0-255,66,12989,64,170412
2511,0.000213,172.31.40.0-255,66,13055,64,170412
2512,0.00024,74.125.24.0-255,5654,18709,64,170412
2513,0.000242,172.31.40.0-255,66,18775,64,170412
2514,0.000263,74.125.24.0-255,131,18906,64,170412
2515,0.000265,172.31.40.0-255,66,18972,64,170412
2516,0.000808,74.125.24.0-255,1484,20456,64,170412
2517,0.000813,172.31.40.0-255,66,20522,64,170412
2518,0.000818,74.125.24.0-255,1484,22006,64,170412
2519,0.000819,172.31.40.0-255,66,22072,64,170412
2520,0.00085,74.125.24.0-255,1484,23556,64,170412
2521,0.000852,172.31.40.0-255,66,23622,64,170412
2522,0.000857,74.125.24.0-255,2902,26524,64,170412
2523,0.000858,172.31.40.0-255,66,26590,64,170412
2524,0.000863,74.125.24.0-255,4320,30910,64,170412
2525,0.000865,172.31.40.0-255,66,30976,64,170412
2526,0.000879,172.31.40.0-255,66,31042,64,170412
2527,0.000912,172.31.40.0-255,66,31108,64,170412
2528,0.000929,74.125.24.0-255,2902,34010,64,170412
2529,0.000931,172.31.40.0-255,66,34076,64,170412
2530,0.000936,74.125.24.0-255,2184,36260,64,170412
2531,0.000937,172.31.40.0-255,66,36326,64,170412
2532,0.000991,74.125.24.0-255,1484,37810,64,170412
2533,0.000996,74.125.24.0-255,2902,40712,64,170412
2534,0.000999,172.31.40.0-255,66,40778,64,170412
2535,0.00103,74.125.24.0-255,5738,46516,64,170412
2536,0.001032,172.31.40.0-255,66,46582,64,170412
2537,0.001037,74.125.24.0-255,2902,49484,64,170412
2538,0.001038,172.31.40.0-255,66,49550,64,170412
2539,0.001076,172.31.40.0-255,66,49616,64,170412
2540,0.001086,172.31.40.0-255,66,49682,64,170412
2541,0.001103,74.125.24.0-255,1484,51166,64,170412
2542,0.001129,172.31.40.0-255,66,51232,64,170412
2543,0.001165,172.31.40.0-255,66,51298,64,170412
2544,0.001169,74.125.24.0-255,2902,54200,64,170412
2545,0.001172,172.31.40.0-255,66,54266,64,170412
2546,0.00122,172.31.40.0-255,66,54332,64,170412
2547,0.00123,172.31.40.0-255,66,54398,64,170412
2548,0.001233,74.125.24.0-255,1484,55882,64,170412
2549,0.001262,172.31.40.0-255,66,55948,64,170412
2550,0.001272,172.31.40.0-255,66,56014,64,170412
2551,0.0013,74.125.24.0-255,1484,57498,64,170412
2552,0.001305,74.125.24.0-255,2184,59682,64,170412
2553,0.001307,172.31.40.0-255,66,59748,64,170412
2554,0.001366,74.125.24.0-255,1484,61232,64,170412
2555,0.00137,74.125.24.0-255,1484,62716,64,170412
2556,0.001372,172.31.40.0-255,66,62782,64,170412
2557,0.001399,74.125.24.0-255,1484,64266,64,170412
2558,0.001405,74.125.24.0-255,5738,70004,64,170412
2559,0.001408,172.31.40.0-255,66,70070,64,170412
2560,0.001456,74.125.24.0-255,7156,77226,64,170412
2561,0.001458,172.31.40.0-255,66,77292,64,170412
2562,0.001478,74.125.24.0-255,2902,80194,64,170412
2563,0.00148,172.31.40.0-255,66,80260,64,170412
2564,0.001517,172.31.40.0-255,66,80326,64,170412
2565,0.001597,74.125.24.0-255,1484,81810,64,170412
2566,0.001618,74.125.24.0-255,2902,84712,64,170412
2567,0.00162,74.125.24.0-255,1484,86196,64,170412
2568,0.001624,172.31.40.0-255,66,86262,64,170412
2569,0.00167,74.125.24.0-255,4320,90582,64,170412
2570,0.001673,172.31.40.0-255,66,90648,64,170412
2571,0.001697,172.31.40.0-255,66,90714,64,170412
2572,0.00171,172.31.40.0-255,66,90780,64,170412
2573,0.001748,74.125.24.0-255,1484,92264,64,170412
2574,0.001751,74.125.24.0-255,1484,93748,64,170412
2575,0.001754,172.31.40.0-255,66,93814,64,170412
2576,0.001766,74.125.24.0-255,1484,95298,64,170412
2577,0.001776,74.125.24.0-255,4320,99618,64,170412
2578,0.001778,172.31.40.0-255,66,99684,64,170412
2579,0.001804,74.125.24.0-255,1484,101168,64,170412
2580,0.001817,172.31.40.0-255,66,101234,64,170412
2581,0.001844,74.125.24.0-255,1484,102718,64,170412
2582,0.001857,172.31.40.0-255,66,102784,64,170412
2583,0.001906,74.125.24.0-255,1484,104268,64,170412
2584,0.00192,74.125.24.0-255,2902,107170,64,170412
2585,0.001924,172.31.40.0-255,66,107236,64,170412
2586,0.001954,74.125.24.0-255,5738,112974,64,170412
2587,0.001957,172.31.40.0-255,66,113040,64,170412
2588,0.001993,172.31.40.0-255,66,113106,64,170412
2589,0.002017,74.125.24.0-255,2902,116008,64,170412
2590,0.002026,172.31.40.0-255,66,116074,64,170412
2591,0.002032,74.125.24.0-255,4320,120394,64,170412
2592,0.002034,172.31.40.0-255,66,120460,64,170412
2593,0.002068,74.125.24.0-255,6438,126898,64,170412
2594,0.002071,172.31.40.0-255,66,126964,64,170412
2595,0.002147,74.125.24.0-255,1484,128448,64,170412
2596,0.002162,74.125.24.0-255,2902,131350,64,170412
2597,0.002165,172.31.40.0-255,66,131416,64,170412
2598,0.002171,74.125.24.0-255,5738,137154,64,170412
2599,0.002173,172.31.40.0-255,66,137220,64,170412
2600,0.002209,172.31.40.0-255,66,137286,64,170412
2601,0.002247,74.125.24.0-255,7156,144442,64,170412
2602,0.00225,172.31.40.0-255,66,144508,64,170412
2603,0.002277,74.125.24.0-255,3602,148110,64,170412
2604,0.002281,172.31.40.0-255,66,148176,64,170412
2605,0.002286,74.125.24.0-255,4320,152496,64,170412
2606,0.002289,172.31.40.0-255,66,152562,64,170412
2607,0.002292,74.125.24.0-255,1484,154046,64,170412
2608,0.002317,74.125.24.0-255,4320,158366,64,170412
2609,0.00232,172.31.40.0-255,66,158432,64,170412
2610,0.002337,172.31.40.0-255,66,158498,64,170412
2611,0.00238,172.31.40.0-255,66,158564,64,170412
2612,0.002412,74.125.24.0-255,766,159330,64,170412
2613,0.00242,74.125.24.0-255,6382,165712,64,170412
2614,0.002422,172.31.40.0-255,66,165778,64,170412
2615,0.002425,74.125.24.0-255,105,165883,64,170412
2616,0.004399,172.31.40.0-255,66,165949,64,170412
2617,0.004431,172.31.40.0-255,105,166054,64,170412
2618,0.006831,74.125.24.0-255,66,166120,64,170412
2619,0.028698,172.31.40.0-255,172,166292,64,170412
2620,0.028732,172.31.40.0-255,1108,167400,64,170412
2621,0.028791,172.31.40.0-255,1514,168914,64,170412
2622,0.028793,172.31.40.0-255,1300,170214,64,170412
2623,0.030406,104.244.42.0-255,66,170280,64,170412
2624,0.030444,104.244.42.0-255,66,170346,64,170412
2625,0.030482,104.244.42.0-255,66,170412,64,170412
2626,0.0,74.125.24.0-255,150,150,64,243818
2627,1.4e-05,172.31.40.0-255,66,216,64,243818
2628,2.1e-05,74.125.24.0-255,1484,1700,64,243818
2629,2.5e-05,172.31.40.0-255,66,1766,64,243818
2630,3.2e-05,74.125.24.0-255,2902,4668,64,243818
2631,3.5e-05,172.31.40.0-255,66,4734,64,243818
2632,4.4e-05,74.125.24.0-255,7156,11890,64,243818
2633,4.7e-05,172.31.40.0-255,66,11956,64,243818
2634,6.3e-05,74.125.24.0-255,1484,13440,64,243818
2635,6.5e-05,172.31.40.0-255,66,13506,64,243818
2636,0.000103,172.31.40.0-255,66,13572,64,243818
2637,0.000111,74.125.24.0-255,6797,20369,64,243818
2638,0.000113,172.31.40.0-255,66,20435,64,243818
2639,0.000305,74.125.24.0-255,1484,21919,64,243818
2640,0.00031,172.31.40.0-255,66,21985,64,243818
2641,0.000316,74.125.24.0-255,2902,24887,64,243818
2642,0.000318,172.31.40.0-255,66,24953,64,243818
2643,0.000324,74.125.24.0-255,5738,30691,64,243818
2644,0.000327,172.31.40.0-255,66,30757,64,243818
2645,0.000367,172.31.40.0-255,66,30823,64,243818
2646,0.000379,172.31.40.0-255,66,30889,64,243818
2647,0.000408,74.125.24.0-255,6797,37686,64,243818
2648,0.000411,172.31.40.0-255,66,37752,64,243818
2649,0.000431,74.125.24.0-255,400,38152,64,243818
2650,0.000433,172.31.40.0-255,66,38218,64,243818
2651,0.000698,74.125.24.0-255,112,38330,64,243818
2652,0.000703,172.31.40.0-255,66,38396,64,243818
2653,0.000733,74.125.24.0-255,1484,39880,64,243818
2654,0.000735,172.31.40.0-255,66,39946,64,243818
2655,0.000739,74.125.24.0-255,1484,41430,64,243818
2656,0.000761,74.125.24.0-255,4320,45750,64,243818
2657,0.000764,172.31.40.0-255,66,45816,64,243818
2658,0.000776,172.31.40.0-255,66,45882,64,243818
2659,0.000797,74.125.24.0-255,4320,50202,64,243818
2660,0.0008,172.31.40.0-255,66,50268,64,243818
2661,0.00083,172.31.40.0-255,66,50334,64,243818
2662,0.000832,74.125.24.0-255,329,50663,64,243818
2663,0.00124,74.125.24.0-255,1484,52147,64,243818
2664,0.001245,172.31.40.0-255,66,52213,64,243818
2665,0.00125,74.125.24.0-255,2902,55115,64,243818
2666,0.001252,172.31.40.0-255,66,55181,64,243818
2667,0.001259,74.125.24.0-255,5738,60919,64,243818
2668,0.001261,172.31.40.0-255,66,60985,64,243818
2669,0.001286,172.31.40.0-255,66,61051,64,243818
2670,0.001309,74.125.24.0-255,4320,65371,64,243818
2671,0.001311,172.31.40.0-255,66,65437,64,243818
2672,0.001321,172.31.40.0-255,66,65503,64,243818
2673,0.001336,74.125.24.0-255,2184,67687,64,243818
2674,0.001338,172.31.40.0-255,66,67753,64,243818
2675,0.001364,74.125.24.0-255,1484,69237,64,243818
2676,0.001384,74.125.24.0-255,2902,72139,64,243818
2677,0.001387,172.31.40.0-255,66,72205,64,243818
2678,0.001412,74.125.24.0-255,5738,77943,64,243818
2679,0.001414,172.31.40.0-255,66,78009,64,243818
2680,0.001421,74.125.24.0-255,7156,85165,64,243818
2681,0.001425,172.31.40.0-255,66,85231,64,243818
2682,0.001443,74.125.24.0-255,2902,88133,64,243818
2683,0.001445,172.31.40.0-255,66,88199,64,243818
2684,0.001448,74.125.24.0-255,1484,89683,64,243818
2685,0.001486,172.31.40.0-255,66,89749,64,243818
2686,0.001517,74.125.24.0-255,1484,91233,64,243818
2687,0.00152,74.125.24.0-255,1484,92717,64,243818
2688,0.001522,172.31.40.0-255,66,92783,64,243818
2689,0.001542,74.125.24.0-255,1484,94267,64,243818
2690,0.001549,74.125.24.0-255,5738,100005,64,243818
2691,0.001551,172.31.40.0-255,66,100071,64,243818
2692,0.001554,74.125.24.0-255,1484,101555,64,243818
2693,0.001557,74.125.24.0-255,1484,103039,64,243818
2694,0.001559,172.31.40.0-255,66,103105,64,243818
2695,0.00158,74.125.24.0-255,7156,110261,64,243818
2696,0.001583,172.31.40.0-255,66,110327,64,243818
2697,0.001613,172.31.40.0-255,66,110393,64,243818
2698,0.001626,74.125.24.0-255,5020,115413,64,243818
2699,0.001628,172.31.40.0-255,66,115479,64,243818
2700,0.001679,74.125.24.0-255,1484,116963,64,243818
2701,0.001695,74.125.24.0-255,2902,119865,64,243818
2702,0.001699,172.31.40.0-255,66,119931,64,243818
2703,0.001705,74.125.24.0-255,5738,125669,64,243818
2704,0.001708,172.31.40.0-255,66,125735,64,243818
2705,0.00178,172.31.40.0-255,66,125801,64,243818
2706,0.001793,172.31.40.0-255,66,125867,64,243818
2707,0.001862,74.125.24.0-255,1484,127351,64,243818
2708,0.001866,74.125.24.0-255,1484,128835,64,243818
2709,0.001869,172.31.40.0-255,66,128901,64,243818
2710,0.00189,74.125.24.0-255,1484,130385,64,243818
2711,0.001897,74.125.24.0-255,5738,136123,64,243818
2712,0.001899,172.31.40.0-255,66,136189,64,243818
2713,0.001902,74.125.24.0-255,1484,137673,64,243818
2714,0.00194,172.31.40.0-255,66,137739,64,243818
2715,0.001952,172.31.40.0-255,66,137805,64,243818
2716,0.001966,74.125.24.0-255,2184,139989,64,243818
2717,0.001968,172.31.40.0-255,66,140055,64,243818
2718,0.002156,74.125.24.0-255,1484,141539,64,243818
2719,0.00218,74.125.24.0-255,2902,144441,64,243818
2720,0.002185,172.31.40.0-255,66,144507,64,243818
2721,0.002192,74.125.24.0-255,5738,150245,64,243818
2722,0.002194,172.31.40.0-255,66,150311,64,243818
2723,0.002222,74.125.24.0-255,4320,154631,64,243818
2724,0.002225,172.31.40.0-255,66,154697,64,243818
2725,0.00223,74.125.24.0-255,5738,160435,64,243818
2726,0.002233,172.31.40.0-255,66,160501,64,243818
2727,0.002271,172.31.40.0-255,66,160567,64,243818
2728,0.002273,74.125.24.0-255,1484,162051,64,243818
2729,0.002299,74.125.24.0-255,766,162817,64,243818
2730,0.002301,172.31.40.0-255,66,162883,64,243818
2731,0.00243,74.125.24.0-255,1484,164367,64,243818
2732,0.002436,74.125.24.0-255,2902,167269,64,243818
2733,0.00244,172.31.40.0-255,66,167335,64,243818
2734,0.002446,74.125.24.0-255,4320,171655,64,243818
2735,0.002448,172.31.40.0-255,66,171721,64,243818
2736,0.00246,74.125.24.0-255,1484,173205,64,243818
2737,0.002466,74.125.24.0-255,4320,177525,64,243818
2738,0.002468,172.31.40.0-255,66,177591,64,243818
2739,0.002485,74.125.24.0-255,2902,180493,64,243818
2740,0.002487,172.31.40.0-255,66,180559,64,243818
2741,0.00249,74.125.24.0-255,1484,182043,64,243818
2742,0.002523,172.31.40.0-255,66,182109,64,243818
2743,0.002534,172.31.40.0-255,66,182175,64,243818
2744,0.002544,172.31.40.0-255,66,182241,64,243818
2745,0.00255,74.125.24.0-255,5738,187979,64,243818
2746,0.002552,172.31.40.0-255,66,188045,64,243818
2747,0.002571,74.125.24.0-255,1484,189529,64,243818
2748,0.005082,74.125.24.0-255,4320,193849,64,243818
2749,0.005091,172.31.40.0-255,66,193915,64,243818
2750,0.007663,74.125.24.0-255,5738,199653,64,243818
2751,0.007683,172.31.40.0-255,66,199719,64,243818
2752,0.010233,74.125.24.0-255,5738,205457,64,243818
2753,0.010247,172.31.40.0-255,66,205523,64,243818
2754,0.012764,74.125.24.0-255,5738,211261,64,243818
2755,0.01277,172.31.40.0-255,66,211327,64,243818
2756,0.015371,74.125.24.0-255,5738,217065,64,243818
2757,0.01538,172.31.40.0-255,66,217131,64,243818
2758,0.017929,74.125.24.0-255,5738,222869,64,243818
2759,0.017945,172.31.40.0-255,66,222935,64,243818
2760,0.02053,74.125.24.0-255,5738,228673,64,243818
2761,0.020543,172.31.40.0-255,66,228739,64,243818
2762,0.023081,74.125.24.0-255,5738,234477,64,243818
2763,0.023092,172.31.40.0-255,66,234543,64,243818
2764,0.025615,74.125.24.0-255,5714,240257,64,243818
2765,0.025623,172.31.40.0-255,66,240323,64,243818
2766,0.026492,172.31.40.0-255,105,240428,64,243818
2767,0.028981,74.125.24.0-255,66,240494,64,243818
2768,0.037392,172.31.40.0-255,167,240661,64,243818
2769,0.037523,172.31.40.0-255,1107,241768,64,243818
2770,0.037589,172.31.40.0-255,1514,243282,64,243818
2771,0.03759,172.31.40.0-255,338,243620,64,243818
2772,0.038963,104.244.42.0-255,66,243686,64,243818
2773,0.039117,104.244.42.0-255,66,243752,64,243818
2774,0.039138,104.244.42.0-255,66,243818,64,243818
2775,0.0,172.217.194.0-255,148,148,64,326020
2776,1.3e-05,172.31.40.0-255,66,214,64,326020
2777,3.4e-05,172.217.194.0-255,1484,1698,64,326020
2778,3.8e-05,172.31.40.0-255,66,1764,64,326020
2779,4.1e-05,172.217.194.0-255,1484,3248,64,326020
2780,4.3e-05,172.31.40.0-255,66,3314,64,326020
2781,6.2e-05,172.217.194.0-255,1484,4798,64,326020
2782,6.4e-05,172.31.40.0-255,66,4864,64,326020
2783,6.7e-05,172.217.194.0-255,1484,6348,64,326020
2784,6.8e-05,172.31.40.0-255,66,6414,64,326020
2785,9.7e-05,172.217.194.0-255,5738,12152,64,326020
2786,9.9e-05,172.31.40.0-255,66,12218,64,326020
2787,0.000103,172.217.194.0-255,2075,14293,64,326020
2788,0.000105,172.31.40.0-255,66,14359,64,326020
2789,0.000116,172.217.194.0-255,1484,15843,64,326020
2790,0.000118,172.31.40.0-255,66,15909,64,326020
2791,0.000136,172.217.194.0-255,1484,17393,64,326020
2792,0.000138,172.31.40.0-255,66,17459,64,326020
2793,0.000145,172.217.194.0-255,7156,24615,64,326020
2794,0.000147,172.31.40.0-255,66,24681,64,326020
2795,0.000153,172.217.194.0-255,5738,30419,64,326020
2796,0.000156,172.31.40.0-255,66,30485,64,326020
2797,0.000172,172.217.194.0-255,1125,31610,64,326020
2798,0.000174,172.31.40.0-255,66,31676,64,326020
2799,0.000226,172.217.194.0-255,1484,33160,64,326020
2800,0.000229,172.31.40.0-255,66,33226,64,326020
2801,0.000241,172.217.194.0-255,2902,36128,64,326020
2802,0.000244,172.31.40.0-255,66,36194,64,326020
2803,0.000275,172.217.194.0-255,5738,41932,64,326020
2804,0.000277,172.31.40.0-255,66,41998,64,326020
2805,0.000295,172.217.194.0-255,7156,49154,64,326020
2806,0.000297,172.31.40.0-255,66,49220,64,326020
2807,0.000313,172.217.194.0-255,2543,51763,64,326020
2808,0.000315,172.31.40.0-255,66,51829,64,326020
2809,0.000325,172.31.40.0-255,66,51895,64,326020
2810,0.000328,172.217.194.0-255,1484,53379,64,326020
2811,0.000342,172.217.194.0-255,2543,55922,64,326020
2812,0.000345,172.31.40.0-255,66,55988,64,326020
2813,0.000356,172.217.194.0-255,389,56377,64,326020
2814,0.000406,172.217.194.0-255,384,56761,64,326020
2815,0.000696,172.217.194.0-255,1484,58245,64,326020
2816,0.000701,172.31.40.0-255,66,58311,64,326020
2817,0.000706,172.217.194.0-255,2902,61213,64,326020
2818,0.000708,172.31.40.0-255,66,61279,64,326020
2819,0.000721,172.217.194.0-255,2902,64181,64,326020
2820,0.000723,172.31.40.0-255,66,64247,64,326020
2821,0.000738,172.217.194.0-255,2902,67149,64,326020
2822,0.00074,172.31.40.0-255,66,67215,64,326020
2823,0.000744,172.217.194.0-255,2902,70117,64,326020
2824,0.000746,172.31.40.0-255,66,70183,64,326020
2825,0.00077,172.217.194.0-255,2902,73085,64,326020
2826,0.000773,172.31.40.0-255,66,73151,64,326020
2827,0.000784,172.31.40.0-255,66,73217,64,326020
2828,0.000807,172.217.194.0-255,2902,76119,64,326020
2829,0.000809,172.31.40.0-255,66,76185,64,326020
2830,0.000815,172.217.194.0-255,4472,80657,64,326020
2831,0.000817,172.31.40.0-255,66,80723,64,326020
2832,0.000837,172.217.194.0-255,2902,83625,64,326020
2833,0.00084,172.31.40.0-255,66,83691,64,326020
2834,0.000866,172.217.194.0-255,2902,86593,64,326020
2835,0.000869,172.31.40.0-255,66,86659,64,326020
2836,0.000889,172.217.194.0-255,1484,88143,64,326020
2837,0.000897,172.217.194.0-255,7156,95299,64,326020
2838,0.000899,172.31.40.0-255,66,95365,64,326020
2839,0.000916,172.217.194.0-255,1484,96849,64,326020
2840,0.000919,172.217.194.0-255,1125,97974,64,326020
2841,0.00092,172.31.40.0-255,66,98040,64,326020
2842,0.000971,172.217.194.0-255,1484,99524,64,326020
2843,0.000975,172.217.194.0-255,2902,102426,64,326020
2844,0.000978,172.31.40.0-255,66,102492,64,326020
2845,0.000981,172.217.194.0-255,1484,103976,64,326020
2846,0.000999,172.217.194.0-255,4320,108296,64,326020
2847,0.001002,172.31.40.0-255,66,108362,64,326020
2848,0.001029,172.31.40.0-255,66,108428,64,326020
2849,0.001048,172.217.194.0-255,2902,111330,64,326020
2850,0.00105,172.31.40.0-255,66,111396,64,326020
2851,0.001054,172.217.194.0-255,2902,114298,64,326020
2852,0.001056,172.31.40.0-255,66,114364,64,326020
2853,0.001087,172.31.40.0-255,66,114430,64,326020
2854,0.001117,172.217.194.0-255,4320,118750,64,326020
2855,0.001119,172.31.40.0-255,66,118816,64,326020
2856,0.001143,172.217.194.0-255,5738,124554,64,326020
2857,0.001146,172.31.40.0-255,66,124620,64,326020
2858,0.001157,172.31.40.0-255,66,124686,64,326020
2859,0.00117,172.217.194.0-255,1484,126170,64,326020
2860,0.00118,172.31.40.0-255,66,126236,64,326020
2861,0.001193,172.217.194.0-255,3602,129838,64,326020
2862,0.001196,172.31.40.0-255,66,129904,64,326020
2863,0.00122,172.217.194.0-255,7156,137060,64,326020
2864,0.001222,172.31.40.0-255,66,137126,64,326020
2865,0.001247,172.217.194.0-255,5738,142864,64,326020
2866,0.00125,172.31.40.0-255,66,142930,64,326020
2867,0.001254,172.217.194.0-255,3961,146891,64,326020
2868,0.001257,172.31.40.0-255,66,146957,64,326020
2869,0.001287,172.217.194.0-255,1484,148441,64,326020
2870,0.001304,172.217.194.0-255,4320,152761,64,326020
2871,0.001307,172.31.40.0-255,66,152827,64,326020
2872,0.001327,172.217.194.0-255,4320,157147,64,326020
2873,0.00133,172.31.40.0-255,66,157213,64,326020
2874,0.00136,172.217.194.0-255,6797,164010,64,326020
2875,0.001363,172.31.40.0-255,66,164076,64,326020
2876,0.001437,172.217.194.0-255,1484,165560,64,326020
2877,0.001452,172.217.194.0-255,2902,168462,64,326020
2878,0.001454,172.31.40.0-255,66,168528,64,326020
2879,0.001457,172.217.194.0-255,1484,170012,64,326020
2880,0.001478,172.217.194.0-255,4320,174332,64,326020
2881,0.00148,172.31.40.0-255,66,174398,64,326020
2882,0.001486,172.217.194.0-255,4320,178718,64,326020
2883,0.001488,172.31.40.0-255,66,178784,64,326020
2884,0.00151,172.217.194.0-255,2543,181327,64,326020
2885,0.001515,172.217.194.0-255,4320,185647,64,326020
2886,0.001518,172.31.40.0-255,66,185713,64,326020
2887,0.001521,172.31.40.0-255,66,185779,64,326020
2888,0.00154,172.217.194.0-255,2902,188681,64,326020
2889,0.001542,172.31.40.0-255,66,188747,64,326020
2890,0.001564,172.217.194.0-255,2902,191649,64,326020
2891,0.001567,172.31.40.0-255,66,191715,64,326020
2892,0.001594,172.217.194.0-255,5738,197453,64,326020
2893,0.001597,172.31.40.0-255,66,197519,64,326020
2894,0.001623,172.217.194.0-255,7156,204675,64,326020
2895,0.001625,172.31.40.0-255,66,204741,64,326020
2896,0.001628,172.217.194.0-255,1484,206225,64,326020
2897,0.001642,172.217.194.0-255,4320,210545,64,326020
2898,0.001644,172.31.40.0-255,66,210611,64,326020
2899,0.00168,172.31.40.0-255,66,210677,64,326020
2900,0.001685,172.217.194.0-255,5738,216415,64,326020
2901,0.001687,172.31.40.0-255,66,216481,64,326020
2902,0.001705,172.217.194.0-255,5738,222219,64,326020
2903,0.001708,172.31.40.0-255,66,222285,64,326020
2904,0.001725,172.217.194.0-255,2543,224828,64,326020
2905,0.001727,172.31.40.0-255,66,224894,64,326020
2906,0.001738,172.217.194.0-255,1484,226378,64,326020
2907,0.001741,172.217.194.0-255,1484,227862,64,326020
2908,0.001743,172.31.40.0-255,66,227928,64,326020
2909,0.001759,172.217.194.0-255,1484,229412,64,326020
2910,0.001763,172.217.194.0-255,4320,233732,64,326020
2911,0.001768,172.31.40.0-255,66,233798,64,326020
2912,0.001781,172.217.194.0-255,1484,235282,64,326020
2913,0.001807,172.217.194.0-255,4320,239602,64,326020
2914,0.00181,172.31.40.0-255,66,239668,64,326020
2915,0.001821,172.217.194.0-255,2543,242211,64,326020
2916,0.001823,172.31.40.0-255,66,242277,64,326020
2917,0.002007,172.217.194.0-255,1484,243761,64,326020
2918,0.002012,172.217.194.0-255,2902,246663,64,326020
2919,0.002015,172.31.40.0-255,66,246729,64,326020
2920,0.002033,172.217.194.0-255,5738,252467,64,326020
2921,0.002035,172.31.40.0-255,66,252533,64,326020
2922,0.002038,172.217.194.0-255,1484,254017,64,326020
2923,0.002061,172.217.194.0-255,7156,261173,64,326020
2924,0.002063,172.31.40.0-255,66,261239,64,326020
2925,0.002083,172.217.194.0-255,4320,265559,64,326020
2926,0.002085,172.31.40.0-255,66,265625,64,326020
2927,0.00209,172.217.194.0-255,4320,269945,64,326020
2928,0.002092,172.31.40.0-255,66,270011,64,326020
2929,0.002113,172.217.194.0-255,4320,274331,64,326020
2930,0.002115,172.31.40.0-255,66,274397,64,326020
2931,0.002133,172.217.194.0-255,1484,275881,64,326020
2932,0.002136,172.217.194.0-255,766,276647,64,326020
2933,0.002138,172.31.40.0-255,66,276713,64,326020
2934,0.002163,172.217.194.0-255,1484,278197,64,326020
2935,0.002182,172.217.194.0-255,2902,281099,64,326020
2936,0.002184,172.31.40.0-255,66,281165,64,326020
2937,0.002194,172.217.194.0-255,1484,282649,64,326020
2938,0.002196,172.217.194.0-255,1484,284133,64,326020
2939,0.002199,172.31.40.0-255,66,284199,64,326020
2940,0.002217,172.217.194.0-255,7156,291355,64,326020
2941,0.002219,172.31.40.0-255,66,291421,64,326020
2942,0.002222,172.217.194.0-255,2902,294323,64,326020
2943,0.002225,172.31.40.0-255,66,294389,64,326020
2944,0.002262,172.31.40.0-255,66,294455,64,326020
2945,0.002268,172.217.194.0-255,5020,299475,64,326020
2946,0.00227,172.31.40.0-255,66,299541,64,326020
2947,0.002307,172.217.194.0-255,1484,301025,64,326020
2948,0.002324,172.217.194.0-255,2902,303927,64,326020
2949,0.002327,172.31.40.0-255,66,303993,64,326020
2950,0.002331,172.217.194.0-255,2902,306895,64,326020
2951,0.002333,172.31.40.0-255,66,306961,64,326020
2952,0.002351,172.217.194.0-255,2902,309863,64,326020
2953,0.002353,172.31.40.0-255,66,309929,64,326020
2954,0.002358,172.217.194.0-255,2902,312831,64,326020
2955,0.00236,172.31.40.0-255,66,312897,64,326020
2956,0.002389,172.31.40.0-255,66,312963,64,326020
2957,0.002413,172.217.194.0-255,1484,314447,64,326020
2958,0.00245,172.31.40.0-255,66,314513,64,326020
2959,0.002462,172.217.194.0-255,6706,321219,64,326020
2960,0.002464,172.31.40.0-255,66,321285,64,326020
2961,0.002467,172.217.194.0-255,97,321382,64,326020
2962,0.002476,172.217.194.0-255,105,321487,64,326020
2963,0.008712,172.31.40.0-255,66,321553,64,326020
2964,0.008746,172.31.40.0-255,105,321658,64,326020
2965,0.01144,172.217.194.0-255,66,321724,64,326020
2966,0.031871,172.31.40.0-255,176,321900,64,326020
2967,0.031905,172.31.40.0-255,1112,323012,64,326020
2968,0.031954,172.31.40.0-255,1514,324526,64,326020
2969,0.031956,172.31.40.0-255,1296,325822,64,326020
2970,0.03354,104.244.42.0-255,66,325888,64,326020
2971,0.033579,104.244.42.0-255,66,325954,64,326020
2972,0.033652,104.244.42.0-255,66,326020,64,326020
2973,0.0,172.217.194.0-255,152,152,64,174543
2974,2.4e-05,172.31.40.0-255,66,218,64,174543
2975,3.1e-05,172.217.194.0-255,1484,1702,64,174543
2976,3.6e-05,172.31.40.0-255,66,1768,64,174543
2977,4.9e-05,172.217.194.0-255,2902,4670,64,174543
2978,5.3e-05,172.31.40.0-255,66,4736,64,174543
2979,6.1e-05,172.217.194.0-255,7156,11892,64,174543
2980,6.4e-05,172.31.40.0-255,66,11958,64,174543
2981,6.8e-05,172.217.194.0-255,2073,14031,64,174543
2982,7.1e-05,172.31.40.0-255,66,14097,64,174543
2983,9.6e-05,172.217.194.0-255,1484,15581,64,174543
2984,0.000119,172.31.40.0-255,66,15647,64,174543
2985,0.000126,172.217.194.0-255,2902,18549,64,174543
2986,0.000128,172.31.40.0-255,66,18615,64,174543
2987,0.000135,172.217.194.0-255,5738,24353,64,174543
2988,0.000137,172.31.40.0-255,66,24419,64,174543
2989,0.000144,172.217.194.0-255,6797,31216,64,174543
2990,0.000147,172.31.40.0-255,66,31282,64,174543
2991,0.000196,172.217.194.0-255,1484,32766,64,174543
2992,0.000198,172.31.40.0-255,66,32832,64,174543
2993,0.000204,172.217.194.0-255,2902,35734,64,174543
2994,0.000206,172.31.40.0-255,66,35800,64,174543
2995,0.000216,172.217.194.0-255,4320,40120,64,174543
2996,0.000218,172.31.40.0-255,66,40186,64,174543
2997,0.000246,172.217.194.0-255,1484,41670,64,174543
2998,0.000249,172.31.40.0-255,66,41736,64,174543
2999,0.000257,172.217.194.0-255,6797,48533,64,174543
3000,0.000259,172.31.40.0-255,66,48599,64,174543
3001,0.000291,172.31.40.0-255,66,48665,64,174543
3002,0.000318,172.217.194.0-255,2902,51567,64,174543
3003,0.000321,172.31.40.0-255,66,51633,64,174543
3004,0.000325,172.217.194.0-255,2543,54176,64,174543
3005,0.000327,172.31.40.0-255,66,54242,64,174543
3006,0.00033,172.217.194.0-255,680,54922,64,174543
3007,0.000595,172.217.194.0-255,1484,56406,64,174543
3008,0.000601,172.31.40.0-255,66,56472,64,174543
3009,0.000607,172.217.194.0-255,2902,59374,64,174543
3010,0.00061,172.31.40.0-255,66,59440,64,174543
3011,0.000622,172.217.194.0-255,5738,65178,64,174543
3012,0.000624,172.31.40.0-255,66,65244,64,174543
3013,0.000631,172.217.194.0-255,5738,70982,64,174543
3014,0.000633,172.31.40.0-255,66,71048,64,174543
3015,0.000671,172.217.194.0-255,4320,75368,64,174543
3016,0.000676,172.31.40.0-255,66,75434,64,174543
3017,0.00071,172.31.40.0-255,66,75500,64,174543
3018,0.000715,172.217.194.0-255,5020,80520,64,174543
3019,0.000717,172.31.40.0-255,66,80586,64,174543
3020,0.00083,172.217.194.0-255,1484,82070,64,174543
3021,0.000845,172.217.194.0-255,1484,83554,64,174543
3022,0.000847,172.31.40.0-255,66,83620,64,174543
3023,0.00088,172.217.194.0-255,1484,85104,64,174543
3024,0.000888,172.217.194.0-255,5738,90842,64,174543
3025,0.000891,172.31.40.0-255,66,90908,64,174543
3026,0.00091,172.31.40.0-255,66,90974,64,174543
3027,0.000946,172.31.40.0-255,66,91040,64,174543
3028,0.000954,172.217.194.0-255,7156,98196,64,174543
3029,0.000956,172.31.40.0-255,66,98262,64,174543
3030,0.00098,172.217.194.0-255,4320,102582,64,174543
3031,0.000983,172.31.40.0-255,66,102648,64,174543
3032,0.00099,172.217.194.0-255,7156,109804,64,174543
3033,0.000992,172.31.40.0-255,66,109870,64,174543
3034,0.001039,172.31.40.0-255,66,109936,64,174543
3035,0.00105,172.31.40.0-255,66,110002,64,174543
3036,0.001066,172.31.40.0-255,66,110068,64,174543
3037,0.001137,172.31.40.0-255,66,110134,64,174543
3038,0.00114,172.217.194.0-255,766,110900,64,174543
3039,0.001296,172.217.194.0-255,1484,112384,64,174543
3040,0.0013,172.31.40.0-255,66,112450,64,174543
3041,0.001318,172.217.194.0-255,2902,115352,64,174543
3042,0.001322,172.217.194.0-255,2902,118254,64,174543
3043,0.001327,172.31.40.0-255,66,118320,64,174543
3044,0.00133,172.31.40.0-255,66,118386,64,174543
3045,0.001348,172.217.194.0-255,2902,121288,64,174543
3046,0.001351,172.31.40.0-255,66,121354,64,174543
3047,0.001364,172.31.40.0-255,66,121420,64,174543
3048,0.001389,172.217.194.0-255,2902,124322,64,174543
3049,0.001395,172.31.40.0-255,66,124388,64,174543
3050,0.001425,172.31.40.0-255,66,124454,64,174543
3051,0.001606,172.217.194.0-255,1484,125938,64,174543
3052,0.001612,172.217.194.0-255,2902,128840,64,174543
3053,0.001615,172.31.40.0-255,66,128906,64,174543
3054,0.00162,172.217.194.0-255,2902,131808,64,174543
3055,0.001622,172.31.40.0-255,66,131874,64,174543
3056,0.00165,172.217.194.0-255,2902,134776,64,174543
3057,0.001653,172.31.40.0-255,66,134842,64,174543
3058,0.001671,172.217.194.0-255,7156,141998,64,174543
3059,0.001673,172.31.40.0-255,66,142064,64,174543
3060,0.001701,172.217.194.0-255,5738,147802,64,174543
3061,0.001703,172.31.40.0-255,66,147868,64,174543
3062,0.001715,172.31.40.0-255,66,147934,64,174543
3063,0.001718,172.217.194.0-255,766,148700,64,174543
3064,0.001803,172.217.194.0-255,1484,150184,64,174543
3065,0.001807,172.31.40.0-255,66,150250,64,174543
3066,0.001812,172.217.194.0-255,2902,153152,64,174543
3067,0.001814,172.31.40.0-255,66,153218,64,174543
3068,0.001842,172.217.194.0-255,5738,158956,64,174543
3069,0.001845,172.31.40.0-255,66,159022,64,174543
3070,0.001856,172.31.40.0-255,66,159088,64,174543
3071,0.001889,172.217.194.0-255,4320,163408,64,174543
3072,0.001891,172.31.40.0-255,66,163474,64,174543
3073,0.001904,172.31.40.0-255,66,163540,64,174543
3074,0.001907,172.217.194.0-255,1484,165024,64,174543
3075,0.001947,172.31.40.0-255,66,165090,64,174543
3076,0.001985,172.217.194.0-255,4320,169410,64,174543
3077,0.001988,172.31.40.0-255,66,169476,64,174543
3078,0.001998,172.31.40.0-255,66,169542,64,174543
3079,0.002019,172.31.40.0-255,66,169608,64,174543
3080,0.002069,172.31.40.0-255,66,169674,64,174543
3081,0.002104,172.31.40.0-255,66,169740,64,174543
3082,0.002114,172.31.40.0-255,66,169806,64,174543
3083,0.002117,172.217.194.0-255,105,169911,64,174543
3084,0.002776,172.31.40.0-255,101,170012,64,174543
3085,0.005024,172.217.194.0-255,66,170078,64,174543
3086,0.011517,172.31.40.0-255,105,170183,64,174543
3087,0.013773,172.217.194.0-255,66,170249,64,174543
3088,0.033816,172.31.40.0-255,172,170421,64,174543
3089,0.033847,172.31.40.0-255,1112,171533,64,174543
3090,0.033896,172.31.40.0-255,1514,173047,64,174543
3091,0.033898,172.31.40.0-255,1298,174345,64,174543
3092,0.035355,104.244.42.0-255,66,174411,64,174543
3093,0.035389,104.244.42.0-255,66,174477,64,174543
3094,0.03544,104.244.42.0-255,66,174543,64,174543
3095,0.0,74.125.24.0-255,146,146,64,276241
3096,2.5e-05,172.31.40.0-255,66,212,64,276241
3097,3.1e-05,74.125.24.0-255,1484,1696,64,276241
3098,3.6e-05,172.31.40.0-255,66,1762,64,276241
3099,4.3e-05,74.125.24.0-255,2902,4664,64,276241
3100,4.7e-05,172.31.40.0-255,66,4730,64,276241
3101,5.2e-05,74.125.24.0-255,4320,9050,64,276241
3102,5.5e-05,172.31.40.0-255,66,9116,64,276241
3103,0.000104,74.125.24.0-255,4900,14016,64,276241
3104,0.000108,172.31.40.0-255,66,14082,64,276241
3105,0.000157,74.125.24.0-255,5738,19820,64,276241
3106,0.00016,172.31.40.0-255,66,19886,64,276241
3107,0.000167,74.125.24.0-255,5738,25624,64,276241
3108,0.000169,172.31.40.0-255,66,25690,64,276241
3109,0.000185,74.125.24.0-255,1484,27174,64,276241
3110,0.000187,172.31.40.0-255,66,27240,64,276241
3111,0.000193,74.125.24.0-255,3961,31201,64,276241
3112,0.000195,172.31.40.0-255,66,31267,64,276241
3113,0.000327,74.125.24.0-255,1484,32751,64,276241
3114,0.000332,172.31.40.0-255,66,32817,64,276241
3115,0.000353,74.125.24.0-255,2902,35719,64,276241
3116,0.000356,172.31.40.0-255,66,35785,64,276241
3117,0.000369,74.125.24.0-255,2902,38687,64,276241
3118,0.000372,172.31.40.0-255,66,38753,64,276241
3119,0.000387,74.125.24.0-255,2902,41655,64,276241
3120,0.000389,172.31.40.0-255,66,41721,64,276241
3121,0.000393,74.125.24.0-255,1484,43205,64,276241
3122,0.000395,172.31.40.0-255,66,43271,64,276241
3123,0.000426,172.31.40.0-255,66,43337,64,276241
3124,0.000429,74.125.24.0-255,1484,44821,64,276241
3125,0.000431,172.31.40.0-255,66,44887,64,276241
3126,0.000459,74.125.24.0-255,2902,47789,64,276241
3127,0.000462,172.31.40.0-255,66,47855,64,276241
3128,0.000487,74.125.24.0-255,5726,53581,64,276241
3129,0.000491,172.31.40.0-255,66,53647,64,276241
3130,0.000494,74.125.24.0-255,330,53977,64,276241
3131,0.000727,74.125.24.0-255,1484,55461,64,276241
3132,0.000731,172.31.40.0-255,66,55527,64,276241
3133,0.000737,74.125.24.0-255,2902,58429,64,276241
3134,0.000739,172.31.40.0-255,66,58495,64,276241
3135,0.000742,74.125.24.0-255,1484,59979,64,276241
3136,0.000758,74.125.24.0-255,4320,64299,64,276241
3137,0.00076,172.31.40.0-255,66,64365,64,276241
3138,0.000786,74.125.24.0-255,2902,67267,64,276241
3139,0.000789,172.31.40.0-255,66,67333,64,276241
3140,0.000795,74.125.24.0-255,5738,73071,64,276241
3141,0.000797,172.31.40.0-255,66,73137,64,276241
3142,0.000815,74.125.24.0-255,4320,77457,64,276241
3143,0.000817,172.31.40.0-255,66,77523,64,276241
3144,0.000845,172.31.40.0-255,66,77589,64,276241
3145,0.000866,74.125.24.0-255,2184,79773,64,276241
3146,0.000869,172.31.40.0-255,66,79839,64,276241
3147,0.000934,74.125.24.0-255,1484,81323,64,276241
3148,0.000939,74.125.24.0-255,2902,84225,64,276241
3149,0.000943,172.31.40.0-255,66,84291,64,276241
3150,0.00097,74.125.24.0-255,5738,90029,64,276241
3151,0.000973,172.31.40.0-255,66,90095,64,276241
3152,0.000979,74.125.24.0-255,4320,94415,64,276241
3153,0.000981,172.31.40.0-255,66,94481,64,276241
3154,0.001001,74.125.24.0-255,5738,100219,64,276241
3155,0.001006,172.31.40.0-255,66,100285,64,276241
3156,0.001043,172.31.40.0-255,66,100351,64,276241
3157,0.001066,74.125.24.0-255,5020,105371,64,276241
3158,0.001069,172.31.40.0-255,66,105437,64,276241
3159,0.001224,74.125.24.0-255,1484,106921,64,276241
3160,0.001241,74.125.24.0-255,2902,109823,64,276241
3161,0.001244,172.31.40.0-255,66,109889,64,276241
3162,0.00125,74.125.24.0-255,2902,112791,64,276241
3163,0.001252,172.31.40.0-255,66,112857,64,276241
3164,0.001275,74.125.24.0-255,2902,115759,64,276241
3165,0.001277,172.31.40.0-255,66,115825,64,276241
3166,0.001282,74.125.24.0-255,2902,118727,64,276241
3167,0.001284,172.31.40.0-255,66,118793,64,276241
3168,0.00134,172.31.40.0-255,66,118859,64,276241
3169,0.001346,74.125.24.0-255,5738,124597,64,276241
3170,0.001349,172.31.40.0-255,66,124663,64,276241
3171,0.00138,74.125.24.0-255,2902,127565,64,276241
3172,0.001383,172.31.40.0-255,66,127631,64,276241
3173,0.001388,74.125.24.0-255,2184,129815,64,276241
3174,0.00139,172.31.40.0-255,66,129881,64,276241
3175,0.001394,74.125.24.0-255,2902,132783,64,276241
3176,0.001397,172.31.40.0-255,66,132849,64,276241
3177,0.001403,74.125.24.0-255,7156,140005,64,276241
3178,0.001406,172.31.40.0-255,66,140071,64,276241
3179,0.001417,172.31.40.0-255,66,140137,64,276241
3180,0.00144,74.125.24.0-255,5738,145875,64,276241
3181,0.001443,172.31.40.0-255,66,145941,64,276241
3182,0.001481,74.125.24.0-255,2902,148843,64,276241
3183,0.001495,74.125.24.0-255,5020,153863,64,276241
3184,0.001512,172.31.40.0-255,66,153929,64,276241
3185,0.001794,74.125.24.0-255,1484,155413,64,276241
3186,0.001799,74.125.24.0-255,2902,158315,64,276241
3187,0.001805,74.125.24.0-255,5738,164053,64,276241
3188,0.001811,172.31.40.0-255,66,164119,64,276241
3189,0.001815,172.31.40.0-255,66,164185,64,276241
3190,0.00184,172.31.40.0-255,66,164251,64,276241
3191,0.001873,74.125.24.0-255,2902,167153,64,276241
3192,0.001876,172.31.40.0-255,66,167219,64,276241
3193,0.001888,172.31.40.0-255,66,167285,64,276241
3194,0.001892,74.125.24.0-255,1484,168769,64,276241
3195,0.001959,74.125.24.0-255,4320,173089,64,276241
3196,0.00197,172.31.40.0-255,66,173155,64,276241
3197,0.002002,74.125.24.0-255,5020,178175,64,276241
3198,0.002022,74.125.24.0-255,1484,179659,64,276241
3199,0.002036,74.125.24.0-255,2902,182561,64,276241
3200,0.00204,172.31.40.0-255,66,182627,64,276241
3201,0.002066,74.125.24.0-255,5738,188365,64,276241
3202,0.002074,74.125.24.0-255,7156,195521,64,276241
3203,0.00209,74.125.24.0-255,5738,201259,64,276241
3204,0.002094,74.125.24.0-255,2902,204161,64,276241
3205,0.002103,172.31.40.0-255,66,204227,64,276241
3206,0.002122,172.31.40.0-255,66,204293,64,276241
3207,0.002143,74.125.24.0-255,2902,207195,64,276241
3208,0.002159,74.125.24.0-255,5738,212933,64,276241
3209,0.002163,74.125.24.0-255,1484,214417,64,276241
3210,0.002167,172.31.40.0-255,66,214483,64,276241
3211,0.002182,74.125.24.0-255,7156,221639,64,276241
3212,0.002192,74.125.24.0-255,1484,223123,64,276241
3213,0.002196,74.125.24.0-255,2902,226025,64,276241
3214,0.002207,172.31.40.0-255,66,226091,64,276241
3215,0.002277,74.125.24.0-255,1484,227575,64,276241
3216,0.002281,74.125.24.0-255,2902,230477,64,276241
3217,0.002301,74.125.24.0-255,5738,236215,64,276241
3218,0.002323,74.125.24.0-255,5738,241953,64,276241
3219,0.002342,74.125.24.0-255,5738,247691,64,276241
3220,0.002357,74.125.24.0-255,1484,249175,64,276241
3221,0.00236,74.125.24.0-255,1484,250659,64,276241
3222,0.002365,74.125.24.0-255,4320,254979,64,276241
3223,0.002382,74.125.24.0-255,5020,259999,64,276241
3224,0.002387,74.125.24.0-255,4320,264319,64,276241
3225,0.002405,74.125.24.0-255,5738,270057,64,276241
3226,0.002487,74.125.24.0-255,1484,271541,64,276241
3227,0.00677,172.31.40.0-255,66,271607,64,276241
3228,0.00915,74.125.24.0-255,105,271712,64,276241
3229,0.009433,172.31.40.0-255,66,271778,64,276241
3230,0.009459,172.31.40.0-255,105,271883,64,276241
3231,0.011872,74.125.24.0-255,66,271949,64,276241
3232,0.031261,172.31.40.0-255,172,272121,64,276241
3233,0.031299,172.31.40.0-255,1110,273231,64,276241
3234,0.031361,172.31.40.0-255,1514,274745,64,276241
3235,0.031363,172.31.40.0-255,1298,276043,64,276241
3236,0.032919,104.244.42.0-255,66,276109,64,276241
3237,0.032978,104.244.42.0-255,66,276175,64,276241
3238,0.033066,104.244.42.0-255,66,276241,64,276241
3239,0.0,74.125.24.0-255,147,147,64,271675
3240,1.7e-05,172.31.40.0-255,66,213,64,271675
3241,5.1e-05,74.125.24.0-255,1484,1697,64,271675
3242,5.7e-05,172.31.40.0-255,66,1763,64,271675
3243,6.3e-05,74.125.24.0-255,2902,4665,64,271675
3244,6.7e-05,172.31.40.0-255,66,4731,64,271675
3245,7.4e-05,74.125.24.0-255,5738,10469,64,271675
3246,7.7e-05,172.31.40.0-255,66,10535,64,271675
3247,0.000108,74.125.24.0-255,3483,14018,64,271675
3248,0.000112,172.31.40.0-255,66,14084,64,271675
3249,0.000221,74.125.24.0-255,1484,15568,64,271675
3250,0.000226,172.31.40.0-255,66,15634,64,271675
3251,0.00023,74.125.24.0-255,2902,18536,64,271675
3252,0.000233,172.31.40.0-255,66,18602,64,271675
3253,0.000261,74.125.24.0-255,4320,22922,64,271675
3254,0.000265,172.31.40.0-255,66,22988,64,271675
3255,0.000271,74.125.24.0-255,5738,28726,64,271675
3256,0.000274,172.31.40.0-255,66,28792,64,271675
3257,0.000305,74.125.24.0-255,2902,31694,64,271675
3258,0.000308,172.31.40.0-255,66,31760,64,271675
3259,0.000345,172.31.40.0-255,66,31826,64,271675
3260,0.000352,74.125.24.0-255,7156,38982,64,271675
3261,0.000355,172.31.40.0-255,66,39048,64,271675
3262,0.000406,74.125.24.0-255,2902,41950,64,271675
3263,0.000409,172.31.40.0-255,66,42016,64,271675
3264,0.000437,172.31.40.0-255,66,42082,64,271675
3265,0.000455,74.125.24.0-255,2184,44266,64,271675
3266,0.000458,172.31.40.0-255,66,44332,64,271675
3267,0.000461,74.125.24.0-255,410,44742,64,271675
3268,0.000463,172.31.40.0-255,66,44808,64,271675
3269,0.000487,74.125.24.0-255,333,45141,64,271675
3270,0.000858,74.125.24.0-255,1484,46625,64,271675
3271,0.000863,172.31.40.0-255,66,46691,64,271675
3272,0.000869,74.125.24.0-255,2902,49593,64,271675
3273,0.000872,172.31.40.0-255,66,49659,64,271675
3274,0.000904,74.125.24.0-255,5738,55397,64,271675
3275,0.000907,172.31.40.0-255,66,55463,64,271675
3276,0.000942,172.31.40.0-255,66,55529,64,271675
3277,0.000971,74.125.24.0-255,5738,61267,64,271675
3278,0.000973,172.31.40.0-255,66,61333,64,271675
3279,0.000981,74.125.24.0-255,7156,68489,64,271675
3280,0.000984,172.31.40.0-255,66,68555,64,271675
3281,0.000987,74.125.24.0-255,766,69321,64,271675
3282,0.001966,172.31.40.0-255,66,69387,64,271675
3283,0.002106,74.125.24.0-255,1484,70871,64,271675
3284,0.002115,74.125.24.0-255,2902,73773,64,271675
3285,0.002119,172.31.40.0-255,66,73839,64,271675
3286,0.002127,74.125.24.0-255,5738,79577,64,271675
3287,0.002129,172.31.40.0-255,66,79643,64,271675
3288,0.00217,172.31.40.0-255,66,79709,64,271675
3289,0.0022,74.125.24.0-255,1484,81193,64,271675
3290,0.002214,172.31.40.0-255,66,81259,64,271675
3291,0.004601,74.125.24.0-255,5738,86997,64,271675
3292,0.004609,172.31.40.0-255,66,87063,64,271675
3293,0.007001,74.125.24.0-255,5738,92801,64,271675
3294,0.007006,172.31.40.0-255,66,92867,64,271675
3295,0.009387,74.125.24.0-255,5738,98605,64,271675
3296,0.009394,172.31.40.0-255,66,98671,64,271675
3297,0.011761,74.125.24.0-255,5738,104409,64,271675
3298,0.01177,172.31.40.0-255,66,104475,64,271675
3299,0.014132,74.125.24.0-255,5738,110213,64,271675
3300,0.01414,172.31.40.0-255,66,110279,64,271675
3301,0.016523,74.125.24.0-255,5738,116017,64,271675
3302,0.016535,172.31.40.0-255,66,116083,64,271675
3303,0.01899,74.125.24.0-255,5738,121821,64,271675
3304,0.018998,172.31.40.0-255,66,121887,64,271675
3305,0.021399,74.125.24.0-255,5738,127625,64,271675
3306,0.021412,172.31.40.0-255,66,127691,64,271675
3307,0.023793,74.125.24.0-255,5738,133429,64,271675
3308,0.0238,172.31.40.0-255,66,133495,64,271675
3309,0.026195,74.125.24.0-255,5738,139233,64,271675
3310,0.026205,172.31.40.0-255,66,139299,64,271675
3311,0.0286,74.125.24.0-255,5738,145037,64,271675
3312,0.028609,172.31.40.0-255,66,145103,64,271675
3313,0.030235,172.31.40.0-255,172,145275,64,271675
3314,0.030265,172.31.40.0-255,1110,146385,64,271675
3315,0.030319,172.31.40.0-255,1514,147899,64,271675
3316,0.030321,172.31.40.0-255,1298,149197,64,271675
3317,0.031016,74.125.24.0-255,5738,154935,64,271675
3318,0.031024,172.31.40.0-255,66,155001,64,271675
3319,0.031913,104.244.42.0-255,66,155067,64,271675
3320,0.032127,104.244.42.0-255,66,155133,64,271675
3321,0.032148,104.244.42.0-255,66,155199,64,271675
3322,0.033388,74.125.24.0-255,2902,158101,64,271675
3323,0.033395,172.31.40.0-255,66,158167,64,271675
3324,0.033426,74.125.24.0-255,2902,161069,64,271675
3325,0.03343,172.31.40.0-255,66,161135,64,271675
3326,0.035786,74.125.24.0-255,2902,164037,64,271675
3327,0.035792,172.31.40.0-255,66,164103,64,271675
3328,0.035822,74.125.24.0-255,2902,167005,64,271675
3329,0.035825,172.31.40.0-255,66,167071,64,271675
3330,0.038196,74.125.24.0-255,2902,169973,64,271675
3331,0.038207,172.31.40.0-255,66,170039,64,271675
3332,0.038236,74.125.24.0-255,2902,172941,64,271675
3333,0.038239,172.31.40.0-255,66,173007,64,271675
3334,0.040619,74.125.24.0-255,5738,178745,64,271675
3335,0.040626,172.31.40.0-255,66,178811,64,271675
3336,0.043038,74.125.24.0-255,5738,184549,64,271675
3337,0.043048,172.31.40.0-255,66,184615,64,271675
3338,0.045432,74.125.24.0-255,5738,190353,64,271675
3339,0.045438,172.31.40.0-255,66,190419,64,271675
3340,0.047819,74.125.24.0-255,5738,196157,64,271675
3341,0.047827,172.31.40.0-255,66,196223,64,271675
3342,0.050192,74.125.24.0-255,5738,201961,64,271675
3343,0.0502,172.31.40.0-255,66,202027,64,271675
3344,0.05259,74.125.24.0-255,5738,207765,64,271675
3345,0.052596,172.31.40.0-255,66,207831,64,271675
3346,0.054984,74.125.24.0-255,5738,213569,64,271675
3347,0.054992,172.31.40.0-255,66,213635,64,271675
3348,0.057389,74.125.24.0-255,5738,219373,64,271675
3349,0.057397,172.31.40.0-255,66,219439,64,271675
3350,0.059795,74.125.24.0-255,5738,225177,64,271675
3351,0.059801,172.31.40.0-255,66,225243,64,271675
3352,0.062199,74.125.24.0-255,5738,230981,64,271675
3353,0.062206,172.31.40.0-255,66,231047,64,271675
3354,0.064561,74.125.24.0-255,5738,236785,64,271675
3355,0.064568,172.31.40.0-255,66,236851,64,271675
3356,0.066978,74.125.24.0-255,5738,242589,64,271675
3357,0.066985,172.31.40.0-255,66,242655,64,271675
3358,0.069364,74.125.24.0-255,5738,248393,64,271675
3359,0.069373,172.31.40.0-255,66,248459,64,271675
3360,0.071747,74.125.24.0-255,5738,254197,64,271675
3361,0.071753,172.31.40.0-255,66,254263,64,271675
3362,0.074135,74.125.24.0-255,5738,260001,64,271675
3363,0.074141,172.31.40.0-255,66,260067,64,271675
3364,0.076521,74.125.24.0-255,5738,265805,64,271675
3365,0.076528,172.31.40.0-255,66,265871,64,271675
3366,0.078922,74.125.24.0-255,5738,271609,64,271675
3367,0.078929,172.31.40.0-255,66,271675,64,271675
3368,0.0,172.217.194.0-255,152,152,64,184048
3369,1.9e-05,172.31.40.0-255,66,218,64,184048
3370,2.5e-05,172.217.194.0-255,1484,1702,64,184048
3371,3e-05,172.31.40.0-255,66,1768,64,184048
3372,3.6e-05,172.217.194.0-255,2902,4670,64,184048
3373,4e-05,172.31.40.0-255,66,4736,64,184048
3374,4.8e-05,172.217.194.0-255,7156,11892,64,184048
3375,5.1e-05,172.31.40.0-255,66,11958,64,184048
3376,9e-05,172.31.40.0-255,66,12024,64,184048
3377,0.000112,172.217.194.0-255,5738,17762,64,184048
3378,0.000115,172.31.40.0-255,66,17828,64,184048
3379,0.000134,172.217.194.0-255,2543,20371,64,184048
3380,0.000137,172.31.40.0-255,66,20437,64,184048
3381,0.000176,172.217.194.0-255,7156,27593,64,184048
3382,0.000178,172.31.40.0-255,66,27659,64,184048
3383,0.000185,172.217.194.0-255,5738,33397,64,184048
3384,0.000188,172.31.40.0-255,66,33463,64,184048
3385,0.0002,172.217.194.0-255,2902,36365,64,184048
3386,0.000204,172.31.40.0-255,66,36431,64,184048
3387,0.000212,172.217.194.0-255,1484,37915,64,184048
3388,0.000214,172.31.40.0-255,66,37981,64,184048
3389,0.000252,172.31.40.0-255,66,38047,64,184048
3390,0.000254,172.217.194.0-255,120,38167,64,184048
3391,0.000257,172.31.40.0-255,66,38233,64,184048
3392,0.00029,172.217.194.0-255,376,38609,64,184048
3393,0.000293,172.31.40.0-255,66,38675,64,184048
3394,0.000502,172.217.194.0-255,1484,40159,64,184048
3395,0.000507,172.31.40.0-255,66,40225,64,184048
3396,0.000513,172.217.194.0-255,2902,43127,64,184048
3397,0.000516,172.31.40.0-255,66,43193,64,184048
3398,0.000522,172.217.194.0-255,5738,48931,64,184048
3399,0.000525,172.31.40.0-255,66,48997,64,184048
3400,0.000573,172.31.40.0-255,66,49063,64,184048
3401,0.000583,172.217.194.0-255,5738,54801,64,184048
3402,0.000586,172.31.40.0-255,66,54867,64,184048
3403,0.000602,172.217.194.0-255,5020,59887,64,184048
3404,0.000604,172.31.40.0-255,66,59953,64,184048
3405,0.000831,172.217.194.0-255,1484,61437,64,184048
3406,0.000839,172.217.194.0-255,2902,64339,64,184048
3407,0.000842,172.31.40.0-255,66,64405,64,184048
3408,0.000865,172.217.194.0-255,5738,70143,64,184048
3409,0.000868,172.31.40.0-255,66,70209,64,184048
3410,0.000875,172.217.194.0-255,4320,74529,64,184048
3411,0.000877,172.31.40.0-255,66,74595,64,184048
3412,0.000902,172.31.40.0-255,66,74661,64,184048
3413,0.000945,172.31.40.0-255,66,74727,64,184048
3414,0.000995,172.217.194.0-255,1484,76211,64,184048
3415,0.001,172.217.194.0-255,2902,79113,64,184048
3416,0.001004,172.31.40.0-255,66,79179,64,184048
3417,0.001029,172.217.194.0-255,5738,84917,64,184048
3418,0.001032,172.31.40.0-255,66,84983,64,184048
3419,0.00105,172.217.194.0-255,5738,90721,64,184048
3420,0.001053,172.31.40.0-255,66,90787,64,184048
3421,0.001064,172.31.40.0-255,66,90853,64,184048
3422,0.001083,172.217.194.0-255,2902,93755,64,184048
3423,0.001086,172.31.40.0-255,66,93821,64,184048
3424,0.001092,172.217.194.0-255,5020,98841,64,184048
3425,0.001094,172.31.40.0-255,66,98907,64,184048
3426,0.001603,172.217.194.0-255,1484,100391,64,184048
3427,0.001609,172.217.194.0-255,2902,103293,64,184048
3428,0.001612,172.31.40.0-255,66,103359,64,184048
3429,0.001619,172.217.194.0-255,5738,109097,64,184048
3430,0.001621,172.31.40.0-255,66,109163,64,184048
3431,0.001649,172.217.194.0-255,1484,110647,64,184048
3432,0.001687,172.31.40.0-255,66,110713,64,184048
3433,0.00169,172.217.194.0-255,1484,112197,64,184048
3434,0.001718,172.31.40.0-255,66,112263,64,184048
3435,0.002184,172.217.194.0-255,1484,113747,64,184048
3436,0.00219,172.217.194.0-255,2902,116649,64,184048
3437,0.002194,172.31.40.0-255,66,116715,64,184048
3438,0.002219,172.217.194.0-255,5738,122453,64,184048
3439,0.002222,172.31.40.0-255,66,122519,64,184048
3440,0.002227,172.217.194.0-255,4320,126839,64,184048
3441,0.00223,172.31.40.0-255,66,126905,64,184048
3442,0.002265,172.31.40.0-255,66,126971,64,184048
3443,0.002299,172.31.40.0-255,66,127037,64,184048
3444,0.002302,172.217.194.0-255,766,127803,64,184048
3445,0.002468,172.217.194.0-255,1484,129287,64,184048
3446,0.002472,172.31.40.0-255,66,129353,64,184048
3447,0.002477,172.217.194.0-255,1484,130837,64,184048
3448,0.00248,172.217.194.0-255,1484,132321,64,184048
3449,0.002482,172.31.40.0-255,66,132387,64,184048
3450,0.002496,172.217.194.0-255,2902,135289,64,184048
3451,0.002498,172.31.40.0-255,66,135355,64,184048
3452,0.002501,172.217.194.0-255,1484,136839,64,184048
3453,0.002533,172.31.40.0-255,66,136905,64,184048
3454,0.002545,172.31.40.0-255,66,136971,64,184048
3455,0.002609,172.31.40.0-255,66,137037,64,184048
3456,0.00262,172.31.40.0-255,66,137103,64,184048
3457,0.00265,172.31.40.0-255,66,137169,64,184048
3458,0.00289,172.217.194.0-255,1484,138653,64,184048
3459,0.002905,172.217.194.0-255,2902,141555,64,184048
3460,0.002908,172.31.40.0-255,66,141621,64,184048
3461,0.002931,172.217.194.0-255,5738,147359,64,184048
3462,0.002934,172.31.40.0-255,66,147425,64,184048
3463,0.002937,172.217.194.0-255,1484,148909,64,184048
3464,0.002958,172.31.40.0-255,66,148975,64,184048
3465,0.002977,172.217.194.0-255,1484,150459,64,184048
3466,0.002996,172.217.194.0-255,7156,157615,64,184048
3467,0.002998,172.31.40.0-255,66,157681,64,184048
3468,0.003028,172.217.194.0-255,6438,164119,64,184048
3469,0.003031,172.31.40.0-255,66,164185,64,184048
3470,0.003042,172.31.40.0-255,66,164251,64,184048
3471,0.003054,172.31.40.0-255,66,164317,64,184048
3472,0.003057,172.217.194.0-255,1484,165801,64,184048
3473,0.0031,172.31.40.0-255,66,165867,64,184048
3474,0.003105,172.217.194.0-255,2902,168769,64,184048
3475,0.003107,172.31.40.0-255,66,168835,64,184048
3476,0.00311,172.217.194.0-255,1484,170319,64,184048
3477,0.00313,172.31.40.0-255,66,170385,64,184048
3478,0.003136,172.217.194.0-255,6438,176823,64,184048
3479,0.003139,172.31.40.0-255,66,176889,64,184048
3480,0.003141,172.217.194.0-255,1484,178373,64,184048
3481,0.003187,172.31.40.0-255,66,178439,64,184048
3482,0.00319,172.217.194.0-255,105,178544,64,184048
3483,0.009051,172.31.40.0-255,66,178610,64,184048
3484,0.009089,172.31.40.0-255,105,178715,64,184048
3485,0.011253,172.217.194.0-255,66,178781,64,184048
3486,0.031355,172.31.40.0-255,167,178948,64,184048
3487,0.031389,172.31.40.0-255,1110,180058,64,184048
3488,0.031448,172.31.40.0-255,1514,181572,64,184048
3489,0.03145,172.31.40.0-255,1514,183086,64,184048
3490,0.031477,172.31.40.0-255,698,183784,64,184048
3491,0.032897,104.244.42.0-255,66,183850,64,184048
3492,0.032933,104.244.42.0-255,66,183916,64,184048
3493,0.033037,104.244.42.0-255,66,183982,64,184048
3494,0.033059,104.244.42.0-255,66,184048,64,184048
3495,0.0,74.125.130.0-255,146,146,64,287526
3496,2.2e-05,172.31.40.0-255,66,212,64,287526
3497,2.9e-05,74.125.130.0-255,1484,1696,64,287526
3498,3.3e-05,172.31.40.0-255,66,1762,64,287526
3499,4.7e-05,74.125.130.0-255,2902,4664,64,287526
3500,5.1e-05,172.31.40.0-255,66,4730,64,287526
3501,8.9e-05,74.125.130.0-255,7156,11886,64,287526
3502,9.2e-05,172.31.40.0-255,66,11952,64,287526
3503,0.000104,172.31.40.0-255,66,12018,64,287526
3504,0.000108,74.125.130.0-255,2902,14920,64,287526
3505,0.000112,172.31.40.0-255,66,14986,64,287526
3506,0.000158,74.125.130.0-255,4320,19306,64,287526
3507,0.000161,172.31.40.0-255,66,19372,64,287526
3508,0.000179,74.125.130.0-255,3961,23333,64,287526
3509,0.000181,172.31.40.0-255,66,23399,64,287526
3510,0.000279,74.125.130.0-255,1484,24883,64,287526
3511,0.000284,172.31.40.0-255,66,24949,64,287526
3512,0.000302,74.125.130.0-255,2902,27851,64,287526
3513,0.000305,172.31.40.0-255,66,27917,64,287526
3514,0.000334,74.125.130.0-255,4320,32237,64,287526
3515,0.000337,172.31.40.0-255,66,32303,64,287526
3516,0.00036,74.125.130.0-255,2902,35205,64,287526
3517,0.000363,172.31.40.0-255,66,35271,64,287526
3518,0.000404,74.125.130.0-255,4320,39591,64,287526
3519,0.000408,172.31.40.0-255,66,39657,64,287526
3520,0.000411,74.125.130.0-255,1484,41141,64,287526
3521,0.000413,172.31.40.0-255,66,41207,64,287526
3522,0.00044,74.125.130.0-255,2902,44109,64,287526
3523,0.000443,172.31.40.0-255,66,44175,64,287526
3524,0.000457,74.125.130.0-255,2902,47077,64,287526
3525,0.000463,172.31.40.0-255,66,47143,64,287526
3526,0.000486,74.125.130.0-255,2902,50045,64,287526
3527,0.000489,172.31.40.0-255,66,50111,64,287526
3528,0.000496,74.125.130.0-255,7156,57267,64,287526
3529,0.000498,172.31.40.0-255,66,57333,64,287526
3530,0.000501,74.125.130.0-255,766,58099,64,287526
3531,0.000549,74.125.130.0-255,340,58439,64,287526
3532,0.000576,74.125.130.0-255,118,58557,64,287526
3533,0.001031,74.125.130.0-255,381,58938,64,287526
3534,0.001161,172.31.40.0-255,66,59004,64,287526
3535,0.001444,74.125.130.0-255,1484,60488,64,287526
3536,0.001466,74.125.130.0-255,1484,61972,64,287526
3537,0.00147,172.31.40.0-255,66,62038,64,287526
3538,0.001477,74.125.130.0-255,2902,64940,64,287526
3539,0.001479,172.31.40.0-255,66,65006,64,287526
3540,0.001523,74.125.130.0-255,2902,67908,64,287526
3541,0.001526,172.31.40.0-255,66,67974,64,287526
3542,0.001553,74.125.130.0-255,2902,70876,64,287526
3543,0.001555,172.31.40.0-255,66,70942,64,287526
3544,0.001559,74.125.130.0-255,1484,72426,64,287526
3545,0.001563,74.125.130.0-255,2902,75328,64,287526
3546,0.001565,172.31.40.0-255,66,75394,64,287526
3547,0.001572,74.125.130.0-255,5738,81132,64,287526
3548,0.001573,172.31.40.0-255,66,81198,64,287526
3549,0.001576,74.125.130.0-255,1484,82682,64,287526
3550,0.00163,74.125.130.0-255,2902,85584,64,287526
3551,0.001633,172.31.40.0-255,66,85650,64,287526
3552,0.001664,74.125.130.0-255,4320,89970,64,287526
3553,0.001666,172.31.40.0-255,66,90036,64,287526
3554,0.001671,74.125.130.0-255,2902,92938,64,287526
3555,0.001673,172.31.40.0-255,66,93004,64,287526
3556,0.001722,74.125.130.0-255,766,93770,64,287526
3557,0.002443,74.125.130.0-255,1484,95254,64,287526
3558,0.002449,172.31.40.0-255,66,95320,64,287526
3559,0.002484,74.125.130.0-255,2902,98222,64,287526
3560,0.002487,172.31.40.0-255,66,98288,64,287526
3561,0.00249,74.125.130.0-255,1484,99772,64,287526
3562,0.002495,74.125.130.0-255,2902,102674,64,287526
3563,0.002498,172.31.40.0-255,66,102740,64,287526
3564,0.002532,74.125.130.0-255,4320,107060,64,287526
3565,0.002534,172.31.40.0-255,66,107126,64,287526
3566,0.00256,74.125.130.0-255,2902,110028,64,287526
3567,0.002563,172.31.40.0-255,66,110094,64,287526
3568,0.005044,74.125.130.0-255,2902,112996,64,287526
3569,0.005047,172.31.40.0-255,66,113062,64,287526
3570,0.005074,74.125.130.0-255,2902,115964,64,287526
3571,0.005077,172.31.40.0-255,66,116030,64,287526
3572,0.007569,74.125.130.0-255,1484,117514,64,287526
3573,0.007587,74.125.130.0-255,4320,121834,64,287526
3574,0.007591,172.31.40.0-255,66,121900,64,287526
3575,0.010124,74.125.130.0-255,5738,127638,64,287526
3576,0.010134,172.31.40.0-255,66,127704,64,287526
3577,0.012666,74.125.130.0-255,5738,133442,64,287526
3578,0.012675,172.31.40.0-255,66,133508,64,287526
3579,0.015223,74.125.130.0-255,5738,139246,64,287526
3580,0.01523,172.31.40.0-255,66,139312,64,287526
3581,0.017761,74.125.130.0-255,5738,145050,64,287526
3582,0.017771,172.31.40.0-255,66,145116,64,287526
3583,0.020299,74.125.130.0-255,5738,150854,64,287526
3584,0.020308,172.31.40.0-255,66,150920,64,287526
3585,0.02284,74.125.130.0-255,5738,156658,64,287526
3586,0.022848,172.31.40.0-255,66,156724,64,287526
3587,0.02537,74.125.130.0-255,5738,162462,64,287526
3588,0.025378,172.31.40.0-255,66,162528,64,287526
3589,0.027901,74.125.130.0-255,4320,166848,64,287526
3590,0.027906,172.31.40.0-255,66,166914,64,287526
3591,0.027933,74.125.130.0-255,1484,168398,64,287526
3592,0.03017,172.31.40.0-255,172,168570,64,287526
3593,0.030194,172.31.40.0-255,1110,169680,64,287526
3594,0.030243,172.31.40.0-255,1514,171194,64,287526
3595,0.030244,172.31.40.0-255,1298,172492,64,287526
3596,0.030429,74.125.130.0-255,4320,176812,64,287526
3597,0.030435,172.31.40.0-255,66,176878,64,287526
3598,0.031757,104.244.42.0-255,66,176944,64,287526
3599,0.031786,104.244.42.0-255,66,177010,64,287526
3600,0.031804,104.244.42.0-255,66,177076,64,287526
3601,0.032491,104.244.42.0-255,108,177184,64,287526
3602,0.032498,172.31.40.0-255,66,177250,64,287526
3603,0.032973,74.125.130.0-255,5738,182988,64,287526
3604,0.032978,172.31.40.0-255,66,183054,64,287526
3605,0.035513,74.125.130.0-255,5738,188792,64,287526
3606,0.03552,172.31.40.0-255,66,188858,64,287526
3607,0.038055,74.125.130.0-255,5738,194596,64,287526
3608,0.038061,172.31.40.0-255,66,194662,64,287526
3609,0.040609,74.125.130.0-255,5738,200400,64,287526
3610,0.040616,172.31.40.0-255,66,200466,64,287526
3611,0.04314,74.125.130.0-255,5738,206204,64,287526
3612,0.043145,172.31.40.0-255,66,206270,64,287526
3613,0.045682,74.125.130.0-255,5738,212008,64,287526
3614,0.045689,172.31.40.0-255,66,212074,64,287526
3615,0.048207,74.125.130.0-255,5738,217812,64,287526
3616,0.048214,172.31.40.0-255,66,217878,64,287526
3617,0.050764,74.125.130.0-255,5738,223616,64,287526
3618,0.050771,172.31.40.0-255,66,223682,64,287526
3619,0.053302,74.125.130.0-255,5738,229420,64,287526
3620,0.053308,172.31.40.0-255,66,229486,64,287526
3621,0.055872,74.125.130.0-255,5738,235224,64,287526
3622,0.05588,172.31.40.0-255,66,235290,64,287526
3623,0.058418,74.125.130.0-255,5738,241028,64,287526
3624,0.058423,172.31.40.0-255,66,241094,64,287526
3625,0.060955,74.125.130.0-255,5738,246832,64,287526
3626,0.060963,172.31.40.0-255,66,246898,64,287526
3627,0.063502,74.125.130.0-255,5738,252636,64,287526
3628,0.063508,172.31.40.0-255,66,252702,64,287526
3629,0.066051,74.125.130.0-255,5738,258440,64,287526
3630,0.066061,172.31.40.0-255,66,258506,64,287526
3631,0.068632,74.125.130.0-255,5738,264244,64,287526
3632,0.068639,172.31.40.0-255,66,264310,64,287526
3633,0.071173,74.125.130.0-255,5738,270048,64,287526
3634,0.07118,172.31.40.0-255,66,270114,64,287526
3635,0.073757,74.125.130.0-255,5738,275852,64,287526
3636,0.073763,172.31.40.0-255,66,275918,64,287526
3637,0.076294,74.125.130.0-255,5738,281656,64,287526
3638,0.0763,172.31.40.0-255,66,281722,64,287526
3639,0.078835,74.125.130.0-255,5738,287460,64,287526
3640,0.078842,172.31.40.0-255,66,287526,64,287526
3641,0.0,172.217.194.0-255,146,146,64,222836
3642,2.1e-05,172.31.40.0-255,66,212,64,222836
3643,2.8e-05,172.217.194.0-255,1484,1696,64,222836
3644,3.3e-05,172.31.40.0-255,66,1762,64,222836
3645,3.8e-05,172.217.194.0-255,2902,4664,64,222836
3646,4.9e-05,172.31.40.0-255,66,4730,64,222836
3647,9.2e-05,172.217.194.0-255,4320,9050,64,222836
3648,9.6e-05,172.31.40.0-255,66,9116,64,222836
3649,0.000121,172.217.194.0-255,2902,12018,64,222836
3650,0.000124,172.31.40.0-255,66,12084,64,222836
3651,0.000302,172.217.194.0-255,2054,14138,64,222836
3652,0.000308,172.31.40.0-255,66,14204,64,222836
3653,0.000354,172.217.194.0-255,2902,17106,64,222836
3654,0.000357,172.31.40.0-255,66,17172,64,222836
3655,0.000392,172.31.40.0-255,66,17238,64,222836
3656,0.000683,172.217.194.0-255,5379,22617,64,222836
3657,0.000687,172.31.40.0-255,66,22683,64,222836
3658,0.000841,172.217.194.0-255,2902,25585,64,222836
3659,0.000846,172.31.40.0-255,66,25651,64,222836
3660,0.00089,172.31.40.0-255,66,25717,64,222836
3661,0.001497,172.217.194.0-255,5738,31455,64,222836
3662,0.001506,172.31.40.0-255,66,31521,64,222836
3663,0.001525,172.217.194.0-255,5379,36900,64,222836
3664,0.001528,172.31.40.0-255,66,36966,64,222836
3665,0.001771,172.217.194.0-255,646,37612,64,222836
3666,0.001777,172.31.40.0-255,66,37678,64,222836
3667,0.001812,172.217.194.0-255,4320,41998,64,222836
3668,0.001815,172.31.40.0-255,66,42064,64,222836
3669,0.001851,172.31.40.0-255,66,42130,64,222836
3670,0.00221,172.217.194.0-255,2902,45032,64,222836
3671,0.002252,172.217.194.0-255,3602,48634,64,222836
3672,0.002645,172.31.40.0-255,66,48700,64,222836
3673,0.002767,172.217.194.0-255,7156,55856,64,222836
3674,0.002798,172.31.40.0-255,66,55922,64,222836
3675,0.002844,172.31.40.0-255,66,55988,64,222836
3676,0.003742,172.217.194.0-255,4320,60308,64,222836
3677,0.003747,172.31.40.0-255,66,60374,64,222836
3678,0.003831,172.217.194.0-255,1484,61858,64,222836
3679,0.008773,172.31.40.0-255,66,61924,64,222836
3680,0.011245,172.217.194.0-255,5738,67662,64,222836
3681,0.011253,172.31.40.0-255,66,67728,64,222836
3682,0.01371,172.217.194.0-255,2902,70630,64,222836
3683,0.013719,172.31.40.0-255,66,70696,64,222836
3684,0.013751,172.217.194.0-255,2902,73598,64,222836
3685,0.01433,172.31.40.0-255,66,73664,64,222836
3686,0.016213,172.217.194.0-255,2902,76566,64,222836
3687,0.016221,172.31.40.0-255,66,76632,64,222836
3688,0.016834,172.217.194.0-255,2902,79534,64,222836
3689,0.016841,172.31.40.0-255,66,79600,64,222836
3690,0.018722,172.217.194.0-255,2902,82502,64,222836
3691,0.018731,172.31.40.0-255,66,82568,64,222836
3692,0.019325,172.217.194.0-255,2902,85470,64,222836
3693,0.019331,172.31.40.0-255,66,85536,64,222836
3694,0.021227,172.217.194.0-255,2902,88438,64,222836
3695,0.021801,172.217.194.0-255,2902,91340,64,222836
3696,0.022639,172.31.40.0-255,66,91406,64,222836
3697,0.025145,172.217.194.0-255,5738,97144,64,222836
3698,0.025153,172.31.40.0-255,66,97210,64,222836
3699,0.027658,172.217.194.0-255,5738,102948,64,222836
3700,0.027665,172.31.40.0-255,66,103014,64,222836
3701,0.029983,172.31.40.0-255,172,103186,64,222836
3702,0.030011,172.31.40.0-255,1112,104298,64,222836
3703,0.03006,172.31.40.0-255,1514,105812,64,222836
3704,0.030062,172.31.40.0-255,1296,107108,64,222836
3705,0.030121,172.217.194.0-255,5738,112846,64,222836
3706,0.030125,172.31.40.0-255,66,112912,64,222836
3707,0.031632,104.244.42.0-255,66,112978,64,222836
3708,0.031704,104.244.42.0-255,66,113044,64,222836
3709,0.031707,104.244.42.0-255,66,113110,64,222836
3710,0.032373,104.244.42.0-255,108,113218,64,222836
3711,0.03238,172.31.40.0-255,66,113284,64,222836
3712,0.032678,172.217.194.0-255,4320,117604,64,222836
3713,0.032682,172.31.40.0-255,66,117670,64,222836
3714,0.032711,172.217.194.0-255,1484,119154,64,222836
3715,0.03518,172.217.194.0-255,4320,123474,64,222836
3716,0.035187,172.31.40.0-255,66,123540,64,222836
3717,0.037719,172.217.194.0-255,4320,127860,64,222836
3718,0.037727,172.31.40.0-255,66,127926,64,222836
3719,0.037757,172.217.194.0-255,1484,129410,64,222836
3720,0.040257,172.217.194.0-255,4320,133730,64,222836
3721,0.040266,172.31.40.0-255,66,133796,64,222836
3722,0.042757,172.217.194.0-255,5738,139534,64,222836
3723,0.042811,172.31.40.0-255,66,139600,64,222836
3724,0.045299,172.217.194.0-255,2902,142502,64,222836
3725,0.045307,172.31.40.0-255,66,142568,64,222836
3726,0.045334,172.217.194.0-255,2902,145470,64,222836
3727,0.045363,172.31.40.0-255,66,145536,64,222836
3728,0.047793,172.217.194.0-255,2902,148438,64,222836
3729,0.0478,172.31.40.0-255,66,148504,64,222836
3730,0.04783,172.217.194.0-255,1484,149988,64,222836
3731,0.047846,172.217.194.0-255,1484,151472,64,222836
3732,0.048204,172.31.40.0-255,66,151538,64,222836
3733,0.050301,172.217.194.0-255,2902,154440,64,222836
3734,0.050307,172.31.40.0-255,66,154506,64,222836
3735,0.050676,172.217.194.0-255,2902,157408,64,222836
3736,0.050682,172.31.40.0-255,66,157474,64,222836
3737,0.052766,172.217.194.0-255,2902,160376,64,222836
3738,0.052772,172.31.40.0-255,66,160442,64,222836
3739,0.053174,172.217.194.0-255,2902,163344,64,222836
3740,0.053181,172.31.40.0-255,66,163410,64,222836
3741,0.055246,172.217.194.0-255,2902,166312,64,222836
3742,0.055252,172.31.40.0-255,66,166378,64,222836
3743,0.05566,172.217.194.0-255,2902,169280,64,222836
3744,0.055667,172.31.40.0-255,66,169346,64,222836
3745,0.057743,172.217.194.0-255,2902,172248,64,222836
3746,0.05775,172.31.40.0-255,66,172314,64,222836
3747,0.058195,172.217.194.0-255,2902,175216,64,222836
3748,0.058201,172.31.40.0-255,66,175282,64,222836
3749,0.060247,172.217.194.0-255,2902,178184,64,222836
3750,0.060253,172.31.40.0-255,66,178250,64,222836
3751,0.060716,172.217.194.0-255,2902,181152,64,222836
3752,0.060722,172.31.40.0-255,66,181218,64,222836
3753,0.062753,172.217.194.0-255,2902,184120,64,222836
3754,0.062759,172.31.40.0-255,66,184186,64,222836
3755,0.063208,172.217.194.0-255,2902,187088,64,222836
3756,0.063215,172.31.40.0-255,66,187154,64,222836
3757,0.065229,172.217.194.0-255,2902,190056,64,222836
3758,0.065236,172.31.40.0-255,66,190122,64,222836
3759,0.065708,172.217.194.0-255,2902,193024,64,222836
3760,0.065714,172.31.40.0-255,66,193090,64,222836
3761,0.0677,172.217.194.0-255,2902,195992,64,222836
3762,0.067706,172.31.40.0-255,66,196058,64,222836
3763,0.068227,172.217.194.0-255,2902,198960,64,222836
3764,0.068232,172.31.40.0-255,66,199026,64,222836
3765,0.070222,172.217.194.0-255,2902,201928,64,222836
3766,0.070228,172.31.40.0-255,66,201994,64,222836
3767,0.070696,172.217.194.0-255,1484,203478,64,222836
3768,0.070713,172.217.194.0-255,1484,204962,64,222836
3769,0.070718,172.31.40.0-255,66,205028,64,222836
3770,0.072761,172.217.194.0-255,2902,207930,64,222836
3771,0.072767,172.31.40.0-255,66,207996,64,222836
3772,0.073225,172.217.194.0-255,2902,210898,64,222836
3773,0.073231,172.31.40.0-255,66,210964,64,222836
3774,0.075255,172.217.194.0-255,2902,213866,64,222836
3775,0.075265,172.31.40.0-255,66,213932,64,222836
3776,0.075706,172.217.194.0-255,2902,216834,64,222836
3777,0.075712,172.31.40.0-255,66,216900,64,222836
3778,0.077817,172.217.194.0-255,2902,219802,64,222836
3779,0.077824,172.31.40.0-255,66,219868,64,222836
3780,0.078346,172.217.194.0-255,2902,222770,64,222836
3781,0.078352,172.31.40.0-255,66,222836,64,222836
3782,0.0,74.125.24.0-255,150,150,64,371968
3783,2.9e-05,172.31.40.0-255,66,216,64,371968
3784,3.5e-05,74.125.24.0-255,1484,1700,64,371968
3785,3.9e-05,172.31.40.0-255,66,1766,64,371968
3786,4.3e-05,74.125.24.0-255,2902,4668,64,371968
3787,4.6e-05,172.31.40.0-255,66,4734,64,371968
3788,7.6e-05,74.125.24.0-255,7156,11890,64,371968
3789,7.8e-05,172.31.40.0-255,66,11956,64,371968
3790,8.2e-05,74.125.24.0-255,2902,14858,64,371968
3791,8.4e-05,172.31.40.0-255,66,14924,64,371968
3792,0.000117,172.31.40.0-255,66,14990,64,371968
3793,0.000143,74.125.24.0-255,5379,20369,64,371968
3794,0.000145,172.31.40.0-255,66,20435,64,371968
3795,0.000259,74.125.24.0-255,1484,21919,64,371968
3796,0.000263,172.31.40.0-255,66,21985,64,371968
3797,0.000275,74.125.24.0-255,2902,24887,64,371968
3798,0.000279,172.31.40.0-255,66,24953,64,371968
3799,0.000282,74.125.24.0-255,1484,26437,64,371968
3800,0.000284,172.31.40.0-255,66,26503,64,371968
3801,0.00031,74.125.24.0-255,4320,30823,64,371968
3802,0.000314,172.31.40.0-255,66,30889,64,371968
3803,0.00032,74.125.24.0-255,7156,38045,64,371968
3804,0.000322,172.31.40.0-255,66,38111,64,371968
3805,0.000337,74.125.24.0-255,3961,42072,64,371968
3806,0.000341,172.31.40.0-255,66,42138,64,371968
3807,0.000343,74.125.24.0-255,7156,49294,64,371968
3808,0.000346,172.31.40.0-255,66,49360,64,371968
3809,0.000369,74.125.24.0-255,5379,54739,64,371968
3810,0.000372,172.31.40.0-255,66,54805,64,371968
3811,0.000374,74.125.24.0-255,413,55218,64,371968
3812,0.000375,172.31.40.0-255,66,55284,64,371968
3813,0.000417,74.125.24.0-255,330,55614,64,371968
3814,0.000574,74.125.24.0-255,1484,57098,64,371968
3815,0.000577,172.31.40.0-255,66,57164,64,371968
3816,0.000597,74.125.24.0-255,2902,60066,64,371968
3817,0.0006,172.31.40.0-255,66,60132,64,371968
3818,0.000605,74.125.24.0-255,4320,64452,64,371968
3819,0.000607,172.31.40.0-255,66,64518,64,371968
3820,0.000624,74.125.24.0-255,1484,66002,64,371968
3821,0.000628,74.125.24.0-255,2902,68904,64,371968
3822,0.000631,172.31.40.0-255,66,68970,64,371968
3823,0.00066,172.31.40.0-255,66,69036,64,371968
3824,0.000669,172.31.40.0-255,66,69102,64,371968
3825,0.000709,74.125.24.0-255,1125,70227,64,371968
3826,0.000926,172.31.40.0-255,66,70293,64,371968
3827,0.001041,74.125.24.0-255,1484,71777,64,371968
3828,0.00106,74.125.24.0-255,2902,74679,64,371968
3829,0.001063,172.31.40.0-255,66,74745,64,371968
3830,0.001067,74.125.24.0-255,1484,76229,64,371968
3831,0.001086,74.125.24.0-255,4320,80549,64,371968
3832,0.001089,172.31.40.0-255,66,80615,64,371968
3833,0.001092,74.125.24.0-255,1484,82099,64,371968
3834,0.001106,74.125.24.0-255,4320,86419,64,371968
3835,0.001109,172.31.40.0-255,66,86485,64,371968
3836,0.001136,74.125.24.0-255,7156,93641,64,371968
3837,0.001139,172.31.40.0-255,66,93707,64,371968
3838,0.001144,74.125.24.0-255,2902,96609,64,371968
3839,0.001145,172.31.40.0-255,66,96675,64,371968
3840,0.001162,74.125.24.0-255,4320,100995,64,371968
3841,0.001165,172.31.40.0-255,66,101061,64,371968
3842,0.001179,74.125.24.0-255,1484,102545,64,371968
3843,0.001194,74.125.24.0-255,2184,104729,64,371968
3844,0.001196,172.31.40.0-255,66,104795,64,371968
3845,0.001227,74.125.24.0-255,1484,106279,64,371968
3846,0.001231,74.125.24.0-255,2902,109181,64,371968
3847,0.001233,172.31.40.0-255,66,109247,64,371968
3848,0.001245,74.125.24.0-255,1484,110731,64,371968
3849,0.001259,74.125.24.0-255,4320,115051,64,371968
3850,0.001262,172.31.40.0-255,66,115117,64,371968
3851,0.001265,74.125.24.0-255,1484,116601,64,371968
3852,0.001269,74.125.24.0-255,2902,119503,64,371968
3853,0.001271,172.31.40.0-255,66,119569,64,371968
3854,0.001286,74.125.24.0-255,5738,125307,64,371968
3855,0.001289,172.31.40.0-255,66,125373,64,371968
3856,0.001308,74.125.24.0-255,1484,126857,64,371968
3857,0.001346,172.31.40.0-255,66,126923,64,371968
3858,0.001875,74.125.24.0-255,1484,128407,64,371968
3859,0.001882,74.125.24.0-255,2902,131309,64,371968
3860,0.001885,172.31.40.0-255,66,131375,64,371968
3861,0.001911,74.125.24.0-255,5738,137113,64,371968
3862,0.001913,172.31.40.0-255,66,137179,64,371968
3863,0.001917,74.125.24.0-255,4320,141499,64,371968
3864,0.001919,172.31.40.0-255,66,141565,64,371968
3865,0.001946,74.125.24.0-255,4320,145885,64,371968
3866,0.001948,172.31.40.0-255,66,145951,64,371968
3867,0.001973,74.125.24.0-255,7156,153107,64,371968
3868,0.001975,172.31.40.0-255,66,153173,64,371968
3869,0.001979,74.125.24.0-255,4320,157493,64,371968
3870,0.001981,172.31.40.0-255,66,157559,64,371968
3871,0.001999,74.125.24.0-255,3602,161161,64,371968
3872,0.002001,172.31.40.0-255,66,161227,64,371968
3873,0.00207,74.125.24.0-255,1484,162711,64,371968
3874,0.002086,74.125.24.0-255,2902,165613,64,371968
3875,0.002088,172.31.40.0-255,66,165679,64,371968
3876,0.002119,74.125.24.0-255,5738,171417,64,371968
3877,0.002121,172.31.40.0-255,66,171483,64,371968
3878,0.002126,74.125.24.0-255,5738,177221,64,371968
3879,0.002128,172.31.40.0-255,66,177287,64,371968
3880,0.002146,74.125.24.0-255,2902,180189,64,371968
3881,0.002148,172.31.40.0-255,66,180255,64,371968
3882,0.002166,172.31.40.0-255,66,180321,64,371968
3883,0.00217,74.125.24.0-255,2902,183223,64,371968
3884,0.002172,172.31.40.0-255,66,183289,64,371968
3885,0.002192,74.125.24.0-255,2184,185473,64,371968
3886,0.002194,172.31.40.0-255,66,185539,64,371968
3887,0.004411,74.125.24.0-255,4320,189859,64,371968
3888,0.004414,172.31.40.0-255,66,189925,64,371968
3889,0.004429,74.125.24.0-255,1484,191409,64,371968
3890,0.006635,74.125.24.0-255,4320,195729,64,371968
3891,0.006641,172.31.40.0-255,66,195795,64,371968
3892,0.008885,74.125.24.0-255,5738,201533,64,371968
3893,0.008891,172.31.40.0-255,66,201599,64,371968
3894,0.011126,74.125.24.0-255,5738,207337,64,371968
3895,0.011134,172.31.40.0-255,66,207403,64,371968
3896,0.013422,74.125.24.0-255,5738,213141,64,371968
3897,0.01343,172.31.40.0-255,66,213207,64,371968
3898,0.015659,74.125.24.0-255,4320,217527,64,371968
3899,0.015668,172.31.40.0-255,66,217593,64,371968
3900,0.015689,74.125.24.0-255,1484,219077,64,371968
3901,0.018007,74.125.24.0-255,2902,221979,64,371968
3902,0.018015,172.31.40.0-255,66,222045,64,371968
3903,0.018042,74.125.24.0-255,1484,223529,64,371968
3904,0.020284,74.125.24.0-255,4320,227849,64,371968
3905,0.02029,172.31.40.0-255,66,227915,64,371968
3906,0.022603,74.125.24.0-255,5738,233653,64,371968
3907,0.02261,172.31.40.0-255,66,233719,64,371968
3908,0.02484,74.125.24.0-255,5738,239457,64,371968
3909,0.024848,172.31.40.0-255,66,239523,64,371968
3910,0.027077,74.125.24.0-255,5738,245261,64,371968
3911,0.027085,172.31.40.0-255,66,245327,64,371968
3912,0.02934,74.125.24.0-255,5738,251065,64,371968
3913,0.029347,172.31.40.0-255,66,251131,64,371968
3914,0.031577,74.125.24.0-255,5738,256869,64,371968
3915,0.031584,172.31.40.0-255,66,256935,64,371968
3916,0.032174,172.31.40.0-255,172,257107,64,371968
3917,0.032206,172.31.40.0-255,1110,258217,64,371968
3918,0.032244,172.31.40.0-255,1514,259731,64,371968
3919,0.032245,172.31.40.0-255,1298,261029,64,371968
3920,0.033813,104.244.42.0-255,66,261095,64,371968
3921,0.033819,74.125.24.0-255,5738,266833,64,371968
3922,0.033822,172.31.40.0-255,66,266899,64,371968
3923,0.03386,104.244.42.0-255,66,266965,64,371968
3924,0.03392,104.244.42.0-255,66,267031,64,371968
3925,0.036073,74.125.24.0-255,4320,271351,64,371968
3926,0.036078,172.31.40.0-255,66,271417,64,371968
3927,0.036107,74.125.24.0-255,1484,272901,64,371968
3928,0.03836,74.125.24.0-255,4320,277221,64,371968
3929,0.038365,172.31.40.0-255,66,277287,64,371968
3930,0.040594,74.125.24.0-255,4320,281607,64,371968
3931,0.0406,172.31.40.0-255,66,281673,64,371968
3932,0.040628,74.125.24.0-255,1484,283157,64,371968
3933,0.042849,74.125.24.0-255,4320,287477,64,371968
3934,0.042854,172.31.40.0-255,66,287543,64,371968
3935,0.045062,74.125.24.0-255,4320,291863,64,371968
3936,0.045067,172.31.40.0-255,66,291929,64,371968
3937,0.045094,74.125.24.0-255,1484,293413,64,371968
3938,0.047297,74.125.24.0-255,4320,297733,64,371968
3939,0.047303,172.31.40.0-255,66,297799,64,371968
3940,0.049544,74.125.24.0-255,2902,300701,64,371968
3941,0.04955,172.31.40.0-255,66,300767,64,371968
3942,0.049579,74.125.24.0-255,2902,303669,64,371968
3943,0.049582,172.31.40.0-255,66,303735,64,371968
3944,0.051763,74.125.24.0-255,2902,306637,64,371968
3945,0.051767,172.31.40.0-255,66,306703,64,371968
3946,0.051834,74.125.24.0-255,2902,309605,64,371968
3947,0.051838,172.31.40.0-255,66,309671,64,371968
3948,0.053978,74.125.24.0-255,2902,312573,64,371968
3949,0.053982,172.31.40.0-255,66,312639,64,371968
3950,0.054079,74.125.24.0-255,2902,315541,64,371968
3951,0.054084,172.31.40.0-255,66,315607,64,371968
3952,0.05623,74.125.24.0-255,2902,318509,64,371968
3953,0.056236,172.31.40.0-255,66,318575,64,371968
3954,0.056297,74.125.24.0-255,2902,321477,64,371968
3955,0.056301,172.31.40.0-255,66,321543,64,371968
3956,0.058478,74.125.24.0-255,2902,324445,64,371968
3957,0.058483,172.31.40.0-255,66,324511,64,371968
3958,0.05853,74.125.24.0-255,1484,325995,64,371968
3959,0.058542,74.125.24.0-255,1484,327479,64,371968
3960,0.058546,172.31.40.0-255,66,327545,64,371968
3961,0.060678,74.125.24.0-255,2902,330447,64,371968
3962,0.060683,172.31.40.0-255,66,330513,64,371968
3963,0.060783,74.125.24.0-255,2902,333415,64,371968
3964,0.060787,172.31.40.0-255,66,333481,64,371968
3965,0.062945,74.125.24.0-255,2902,336383,64,371968
3966,0.062949,172.31.40.0-255,66,336449,64,371968
3967,0.062982,74.125.24.0-255,2902,339351,64,371968
3968,0.062985,172.31.40.0-255,66,339417,64,371968
3969,0.065207,74.125.24.0-255,5738,345155,64,371968
3970,0.065213,172.31.40.0-255,66,345221,64,371968
3971,0.067481,74.125.24.0-255,5738,350959,64,371968
3972,0.067486,172.31.40.0-255,66,351025,64,371968
3973,0.06972,74.125.24.0-255,4320,355345,64,371968
3974,0.069725,172.31.40.0-255,66,355411,64,371968
3975,0.069749,74.125.24.0-255,1484,356895,64,371968
3976,0.071964,74.125.24.0-255,4320,361215,64,371968
3977,0.071969,172.31.40.0-255,66,361281,64,371968
3978,0.074181,74.125.24.0-255,1484,362765,64,371968
3979,0.074211,74.125.24.0-255,4320,367085,64,371968
3980,0.074216,172.31.40.0-255,66,367151,64,371968
3981,0.076446,74.125.24.0-255,4580,371731,64,371968
3982,0.076451,172.31.40.0-255,66,371797,64,371968
3983,0.076655,172.31.40.0-255,105,371902,64,371968
3984,0.078837,74.125.24.0-255,66,371968,64,371968
3985,0.0,172.217.194.0-255,295,295,64,229276
3986,1.8e-05,172.31.40.0-255,66,361,64,229276
3987,2.4e-05,172.217.194.0-255,1484,1845,64,229276
3988,2.8e-05,172.31.40.0-255,66,1911,64,229276
3989,3.5e-05,172.217.194.0-255,4320,6231,64,229276
3990,4.4e-05,172.31.40.0-255,66,6297,64,229276
3991,4.9e-05,172.217.194.0-255,4320,10617,64,229276
3992,5.3e-05,172.31.40.0-255,66,10683,64,229276
3993,8e-05,172.217.194.0-255,3275,13958,64,229276
3994,8.2e-05,172.31.40.0-255,66,14024,64,229276
3995,9.3e-05,172.31.40.0-255,66,14090,64,229276
3996,0.00013,172.31.40.0-255,66,14156,64,229276
3997,0.000158,172.217.194.0-255,1484,15640,64,229276
3998,0.00016,172.31.40.0-255,66,15706,64,229276
3999,0.000165,172.217.194.0-255,2902,18608,64,229276
4000,0.000167,172.31.40.0-255,66,18674,64,229276
4001,0.000195,172.217.194.0-255,5738,24412,64,229276
4002,0.000203,172.31.40.0-255,66,24478,64,229276
4003,0.000213,172.217.194.0-255,7156,31634,64,229276
4004,0.000215,172.31.40.0-255,66,31700,64,229276
4005,0.000228,172.217.194.0-255,2543,34243,64,229276
4006,0.000234,172.31.40.0-255,66,34309,64,229276
4007,0.000267,172.217.194.0-255,4320,38629,64,229276
4008,0.00027,172.31.40.0-255,66,38695,64,229276
4009,0.000306,172.31.40.0-255,66,38761,64,229276
4010,0.00031,172.217.194.0-255,1484,40245,64,229276
4011,0.000311,172.31.40.0-255,66,40311,64,229276
4012,0.000316,172.217.194.0-255,2902,43213,64,229276
4013,0.000319,172.31.40.0-255,66,43279,64,229276
4014,0.000358,172.217.194.0-255,5738,49017,64,229276
4015,0.000372,172.217.194.0-255,2902,51919,64,229276
4016,0.000399,172.217.194.0-255,5738,57657,64,229276
4017,0.000436,172.217.194.0-255,4320,61977,64,229276
4018,0.000452,172.217.194.0-255,2260,64237,64,229276
4019,0.00046,172.217.194.0-255,7156,71393,64,229276
4020,0.000466,172.217.194.0-255,5738,77131,64,229276
4021,0.000486,172.217.194.0-255,3961,81092,64,229276
4022,0.000609,172.217.194.0-255,1484,82576,64,229276
4023,0.000614,172.217.194.0-255,1484,84060,64,229276
4024,0.000619,172.31.40.0-255,66,84126,64,229276
4025,0.000627,172.217.194.0-255,1484,85610,64,229276
4026,0.000639,172.217.194.0-255,5738,91348,64,229276
4027,0.000645,172.31.40.0-255,66,91414,64,229276
4028,0.000657,172.217.194.0-255,7156,98570,64,229276
4029,0.00068,172.217.194.0-255,5738,104308,64,229276
4030,0.000687,172.217.194.0-255,5738,110046,64,229276
4031,0.000706,172.31.40.0-255,66,110112,64,229276
4032,0.000716,172.217.194.0-255,4320,114432,64,229276
4033,0.000734,172.217.194.0-255,766,115198,64,229276
4034,0.00074,172.217.194.0-255,4320,119518,64,229276
4035,0.000745,172.31.40.0-255,66,119584,64,229276
4036,0.000767,172.217.194.0-255,1484,121068,64,229276
4037,0.000787,172.217.194.0-255,7156,128224,64,229276
4038,0.000797,172.31.40.0-255,66,128290,64,229276
4039,0.000806,172.217.194.0-255,2902,131192,64,229276
4040,0.000811,172.31.40.0-255,66,131258,64,229276
4041,0.000829,172.217.194.0-255,5020,136278,64,229276
4042,0.000836,172.217.194.0-255,5738,142016,64,229276
4043,0.000877,172.31.40.0-255,66,142082,64,229276
4044,0.000903,172.217.194.0-255,4320,146402,64,229276
4045,0.00092,172.217.194.0-255,2184,148586,64,229276
4046,0.000937,172.31.40.0-255,66,148652,64,229276
4047,0.000976,172.217.194.0-255,1484,150136,64,229276
4048,0.000981,172.217.194.0-255,1484,151620,64,229276
4049,0.000992,172.217.194.0-255,1484,153104,64,229276
4050,0.000996,172.217.194.0-255,1484,154588,64,229276
4051,0.001005,172.31.40.0-255,66,154654,64,229276
4052,0.001023,172.217.194.0-255,4320,158974,64,229276
4053,0.00103,172.217.194.0-255,5738,164712,64,229276
4054,0.001043,172.217.194.0-255,4320,169032,64,229276
4055,0.001062,172.217.194.0-255,2902,171934,64,229276
4056,0.001067,172.31.40.0-255,66,172000,64,229276
4057,0.001109,172.31.40.0-255,66,172066,64,229276
4058,0.001131,172.217.194.0-255,7156,179222,64,229276
4059,0.001137,172.31.40.0-255,66,179288,64,229276
4060,0.001147,172.217.194.0-255,4320,183608,64,229276
4061,0.001227,172.31.40.0-255,66,183674,64,229276
4062,0.001251,172.217.194.0-255,3602,187276,64,229276
4063,0.001286,172.31.40.0-255,66,187342,64,229276
4064,0.001333,172.217.194.0-255,1484,188826,64,229276
4065,0.001337,172.31.40.0-255,66,188892,64,229276
4066,0.001349,172.217.194.0-255,2902,191794,64,229276
4067,0.001372,172.217.194.0-255,5738,197532,64,229276
4068,0.001377,172.217.194.0-255,2902,200434,64,229276
4069,0.001382,172.217.194.0-255,4320,204754,64,229276
4070,0.001398,172.31.40.0-255,66,204820,64,229276
4071,0.00141,172.217.194.0-255,5738,210558,64,229276
4072,0.001428,172.217.194.0-255,2902,213460,64,229276
4073,0.001456,172.31.40.0-255,66,213526,64,229276
4074,0.001486,172.217.194.0-255,2902,216428,64,229276
4075,0.001495,172.31.40.0-255,66,216494,64,229276
4076,0.001516,172.217.194.0-255,5738,222232,64,229276
4077,0.001531,172.31.40.0-255,66,222298,64,229276
4078,0.001574,172.31.40.0-255,66,222364,64,229276
4079,0.001601,172.217.194.0-255,2184,224548,64,229276
4080,0.001626,172.217.194.0-255,97,224645,64,229276
4081,0.001628,172.217.194.0-255,105,224750,64,229276
4082,0.001654,172.31.40.0-255,66,224816,64,229276
4083,0.005005,172.31.40.0-255,105,224921,64,229276
4084,0.007418,172.217.194.0-255,66,224987,64,229276
4085,0.030248,172.31.40.0-255,167,225154,64,229276
4086,0.030279,172.31.40.0-255,1108,226262,64,229276
4087,0.03034,172.31.40.0-255,1514,227776,64,229276
4088,0.030342,172.31.40.0-255,1302,229078,64,229276
4089,0.03192,104.244.42.0-255,66,229144,64,229276
4090,0.031965,104.244.42.0-255,66,229210,64,229276
4091,0.032001,104.244.42.0-255,66,229276,64,229276
4092,0.0,172.31.40.0-255,105,105,64,459
4093,0.000213,172.31.40.0-255,90,195,64,459
4094,0.000223,172.31.40.0-255,66,261,64,459
4095,0.002461,172.217.194.0-255,66,327,64,459
4096,0.002492,172.217.194.0-255,66,393,64,459
4097,0.002514,172.31.40.0-255,66,459,64,459
4098,0.0,74.125.24.0-255,152,152,64,277571
4099,2.3e-05,172.31.40.0-255,66,218,64,277571
4100,2.9e-05,74.125.24.0-255,1484,1702,64,277571
4101,3.3e-05,172.31.40.0-255,66,1768,64,277571
4102,3.9e-05,74.125.24.0-255,2902,4670,64,277571
4103,4.2e-05,172.31.40.0-255,66,4736,64,277571
4104,4.7e-05,74.125.24.0-255,5738,10474,64,277571
4105,5.1e-05,172.31.40.0-255,66,10540,64,277571
4106,0.000119,172.31.40.0-255,66,10606,64,277571
4107,0.000129,172.31.40.0-255,66,10672,64,277571
4108,0.00014,172.31.40.0-255,66,10738,64,277571
4109,0.000182,74.125.24.0-255,5738,16476,64,277571
4110,0.000186,172.31.40.0-255,66,16542,64,277571
4111,0.000192,74.125.24.0-255,1125,17667,64,277571
4112,0.000194,172.31.40.0-255,66,17733,64,277571
4113,0.0004,74.125.24.0-255,1484,19217,64,277571
4114,0.000405,172.31.40.0-255,66,19283,64,277571
4115,0.000411,74.125.24.0-255,2902,22185,64,277571
4116,0.000414,172.31.40.0-255,66,22251,64,277571
4117,0.000458,74.125.24.0-255,5738,27989,64,277571
4118,0.000461,172.31.40.0-255,66,28055,64,277571
4119,0.000464,74.125.24.0-255,1484,29539,64,277571
4120,0.000465,172.31.40.0-255,66,29605,64,277571
4121,0.000484,74.125.24.0-255,5711,35316,64,277571
4122,0.000486,172.31.40.0-255,66,35382,64,277571
4123,0.000912,74.125.24.0-255,344,35726,64,277571
4124,0.000916,172.31.40.0-255,66,35792,64,277571
4125,0.001144,74.125.24.0-255,1484,37276,64,277571
4126,0.001149,172.31.40.0-255,66,37342,64,277571
4127,0.001157,74.125.24.0-255,2902,40244,64,277571
4128,0.001159,172.31.40.0-255,66,40310,64,277571
4129,0.001165,74.125.24.0-255,5738,46048,64,277571
4130,0.001168,172.31.40.0-255,66,46114,64,277571
4131,0.00122,74.125.24.0-255,6797,52911,64,277571
4132,0.001223,172.31.40.0-255,66,52977,64,277571
4133,0.001229,74.125.24.0-255,5738,58715,64,277571
4134,0.001231,172.31.40.0-255,66,58781,64,277571
4135,0.001242,74.125.24.0-255,1484,60265,64,277571
4136,0.001262,74.125.24.0-255,5738,66003,64,277571
4137,0.001264,172.31.40.0-255,66,66069,64,277571
4138,0.001286,74.125.24.0-255,3961,70030,64,277571
4139,0.001289,172.31.40.0-255,66,70096,64,277571
4140,0.002328,74.125.24.0-255,1484,71580,64,277571
4141,0.002336,74.125.24.0-255,2902,74482,64,277571
4142,0.00234,172.31.40.0-255,66,74548,64,277571
4143,0.002348,74.125.24.0-255,4320,78868,64,277571
4144,0.00235,172.31.40.0-255,66,78934,64,277571
4145,0.002369,74.125.24.0-255,1484,80418,64,277571
4146,0.002376,74.125.24.0-255,7156,87574,64,277571
4147,0.002379,172.31.40.0-255,66,87640,64,277571
4148,0.002424,74.125.24.0-255,1484,89124,64,277571
4149,0.002455,172.31.40.0-255,66,89190,64,277571
4150,0.002475,74.125.24.0-255,5020,94210,64,277571
4151,0.002478,172.31.40.0-255,66,94276,64,277571
4152,0.004897,74.125.24.0-255,5738,100014,64,277571
4153,0.004902,172.31.40.0-255,66,100080,64,277571
4154,0.004951,172.31.40.0-255,101,100181,64,277571
4155,0.007482,74.125.24.0-255,5738,105919,64,277571
4156,0.007488,172.31.40.0-255,66,105985,64,277571
4157,0.007493,74.125.24.0-255,66,106051,64,277571
4158,0.009944,74.125.24.0-255,5738,111789,64,277571
4159,0.009953,172.31.40.0-255,66,111855,64,277571
4160,0.012374,74.125.24.0-255,5738,117593,64,277571
4161,0.012384,172.31.40.0-255,66,117659,64,277571
4162,0.014741,74.125.24.0-255,5738,123397,64,277571
4163,0.01475,172.31.40.0-255,66,123463,64,277571
4164,0.01716,74.125.24.0-255,5738,129201,64,277571
4165,0.017168,172.31.40.0-255,66,129267,64,277571
4166,0.019604,74.125.24.0-255,5738,135005,64,277571
4167,0.019608,172.31.40.0-255,66,135071,64,277571
4168,0.021998,74.125.24.0-255,5738,140809,64,277571
4169,0.022006,172.31.40.0-255,66,140875,64,277571
4170,0.024392,74.125.24.0-255,5738,146613,64,277571
4171,0.024401,172.31.40.0-255,66,146679,64,277571
4172,0.026878,74.125.24.0-255,5738,152417,64,277571
4173,0.026885,172.31.40.0-255,66,152483,64,277571
4174,0.027453,172.31.40.0-255,172,152655,64,277571
4175,0.027484,172.31.40.0-255,1112,153767,64,277571
4176,0.02754,172.31.40.0-255,1514,155281,64,277571
4177,0.027542,172.31.40.0-255,1296,156577,64,277571
4178,0.029142,104.244.42.0-255,66,156643,64,277571
4179,0.029177,104.244.42.0-255,66,156709,64,277571
4180,0.029223,104.244.42.0-255,66,156775,64,277571
4181,0.02928,74.125.24.0-255,2902,159677,64,277571
4182,0.029284,172.31.40.0-255,66,159743,64,277571
4183,0.029307,74.125.24.0-255,2902,162645,64,277571
4184,0.02931,172.31.40.0-255,66,162711,64,277571
4185,0.031682,74.125.24.0-255,5738,168449,64,277571
4186,0.031689,172.31.40.0-255,66,168515,64,277571
4187,0.034071,74.125.24.0-255,5738,174253,64,277571
4188,0.034081,172.31.40.0-255,66,174319,64,277571
4189,0.036481,74.125.24.0-255,5738,180057,64,277571
4190,0.036488,172.31.40.0-255,66,180123,64,277571
4191,0.038917,74.125.24.0-255,5738,185861,64,277571
4192,0.038924,172.31.40.0-255,66,185927,64,277571
4193,0.041358,74.125.24.0-255,5738,191665,64,277571
4194,0.041367,172.31.40.0-255,66,191731,64,277571
4195,0.043744,74.125.24.0-255,2902,194633,64,277571
4196,0.043751,172.31.40.0-255,66,194699,64,277571
4197,0.043816,74.125.24.0-255,2902,197601,64,277571
4198,0.043819,172.31.40.0-255,66,197667,64,277571
4199,0.046278,74.125.24.0-255,5738,203405,64,277571
4200,0.046284,172.31.40.0-255,66,203471,64,277571
4201,0.048837,74.125.24.0-255,4320,207791,64,277571
4202,0.048844,172.31.40.0-255,66,207857,64,277571
4203,0.048863,74.125.24.0-255,1484,209341,64,277571
4204,0.051233,74.125.24.0-255,4320,213661,64,277571
4205,0.051241,172.31.40.0-255,66,213727,64,277571
4206,0.053682,74.125.24.0-255,5738,219465,64,277571
4207,0.053688,172.31.40.0-255,66,219531,64,277571
4208,0.056092,74.125.24.0-255,5738,225269,64,277571
4209,0.056098,172.31.40.0-255,66,225335,64,277571
4210,0.058562,74.125.24.0-255,5738,231073,64,277571
4211,0.058569,172.31.40.0-255,66,231139,64,277571
4212,0.060981,74.125.24.0-255,5738,236877,64,277571
4213,0.060989,172.31.40.0-255,66,236943,64,277571
4214,0.063377,74.125.24.0-255,5738,242681,64,277571
4215,0.063385,172.31.40.0-255,66,242747,64,277571
4216,0.065781,74.125.24.0-255,5738,248485,64,277571
4217,0.065789,172.31.40.0-255,66,248551,64,277571
4218,0.06818,74.125.24.0-255,5738,254289,64,277571
4219,0.068186,172.31.40.0-255,66,254355,64,277571
4220,0.070583,74.125.24.0-255,5738,260093,64,277571
4221,0.07059,172.31.40.0-255,66,260159,64,277571
4222,0.073017,74.125.24.0-255,5738,265897,64,277571
4223,0.073023,172.31.40.0-255,66,265963,64,277571
4224,0.075387,74.125.24.0-255,5738,271701,64,277571
4225,0.075392,172.31.40.0-255,66,271767,64,277571
4226,0.077801,74.125.24.0-255,5738,277505,64,277571
4227,0.077808,172.31.40.0-255,66,277571,64,277571
4228,0.0,172.217.194.0-255,153,153,64,236371
4229,1.5e-05,172.31.40.0-255,66,219,64,236371
4230,2.2e-05,172.217.194.0-255,1484,1703,64,236371
4231,2.7e-05,172.31.40.0-255,66,1769,64,236371
4232,3.2e-05,172.217.194.0-255,2902,4671,64,236371
4233,3.6e-05,172.31.40.0-255,66,4737,64,236371
4234,4.1e-05,172.217.194.0-255,5738,10475,64,236371
4235,4.5e-05,172.31.40.0-255,66,10541,64,236371
4236,8.9e-05,172.31.40.0-255,66,10607,64,236371
4237,0.000114,172.217.194.0-255,2096,12703,64,236371
4238,0.000116,172.31.40.0-255,66,12769,64,236371
4239,0.000124,172.217.194.0-255,6797,19566,64,236371
4240,0.000126,172.31.40.0-255,66,19632,64,236371
4241,0.000132,172.217.194.0-255,4320,23952,64,236371
4242,0.000134,172.31.40.0-255,66,24018,64,236371
4243,0.000171,172.31.40.0-255,66,24084,64,236371
4244,0.00023,172.217.194.0-255,1484,25568,64,236371
4245,0.000234,172.31.40.0-255,66,25634,64,236371
4246,0.000238,172.217.194.0-255,2902,28536,64,236371
4247,0.000241,172.31.40.0-255,66,28602,64,236371
4248,0.000256,172.217.194.0-255,4320,32922,64,236371
4249,0.000259,172.31.40.0-255,66,32988,64,236371
4250,0.000274,172.217.194.0-255,1484,34472,64,236371
4251,0.000276,172.31.40.0-255,66,34538,64,236371
4252,0.000284,172.217.194.0-255,6797,41335,64,236371
4253,0.000287,172.31.40.0-255,66,41401,64,236371
4254,0.000305,172.217.194.0-255,677,42078,64,236371
4255,0.000308,172.31.40.0-255,66,42144,64,236371
4256,0.000477,172.217.194.0-255,1484,43628,64,236371
4257,0.000482,172.31.40.0-255,66,43694,64,236371
4258,0.000487,172.217.194.0-255,1484,45178,64,236371
4259,0.000503,172.217.194.0-255,1484,46662,64,236371
4260,0.000505,172.31.40.0-255,66,46728,64,236371
4261,0.000512,172.217.194.0-255,5738,52466,64,236371
4262,0.000515,172.31.40.0-255,66,52532,64,236371
4263,0.00052,172.217.194.0-255,4320,56852,64,236371
4264,0.000522,172.31.40.0-255,66,56918,64,236371
4265,0.000551,172.217.194.0-255,2543,59461,64,236371
4266,0.000554,172.31.40.0-255,66,59527,64,236371
4267,0.00056,172.217.194.0-255,7156,66683,64,236371
4268,0.000562,172.31.40.0-255,66,66749,64,236371
4269,0.000594,172.31.40.0-255,66,66815,64,236371
4270,0.000609,172.217.194.0-255,1125,67940,64,236371
4271,0.001161,172.31.40.0-255,66,68006,64,236371
4272,0.001694,172.217.194.0-255,1484,69490,64,236371
4273,0.001705,172.217.194.0-255,2902,72392,64,236371
4274,0.001709,172.31.40.0-255,66,72458,64,236371
4275,0.001714,172.217.194.0-255,2902,75360,64,236371
4276,0.001716,172.31.40.0-255,66,75426,64,236371
4277,0.001732,172.217.194.0-255,2902,78328,64,236371
4278,0.001734,172.31.40.0-255,66,78394,64,236371
4279,0.001739,172.217.194.0-255,4320,82714,64,236371
4280,0.00174,172.31.40.0-255,66,82780,64,236371
4281,0.001756,172.217.194.0-255,7156,89936,64,236371
4282,0.001759,172.31.40.0-255,66,90002,64,236371
4283,0.001761,172.217.194.0-255,1484,91486,64,236371
4284,0.001794,172.31.40.0-255,66,91552,64,236371
4285,0.001806,172.217.194.0-255,766,92318,64,236371
4286,0.001809,172.217.194.0-255,1484,93802,64,236371
4287,0.00181,172.31.40.0-255,66,93868,64,236371
4288,0.001815,172.217.194.0-255,2902,96770,64,236371
4289,0.001816,172.31.40.0-255,66,96836,64,236371
4290,0.001822,172.217.194.0-255,4320,101156,64,236371
4291,0.001836,172.31.40.0-255,66,101222,64,236371
4292,0.001865,172.217.194.0-255,1484,102706,64,236371
4293,0.001878,172.31.40.0-255,66,102772,64,236371
4294,0.001887,172.31.40.0-255,66,102838,64,236371
4295,0.001916,172.217.194.0-255,1484,104322,64,236371
4296,0.001929,172.217.194.0-255,766,105088,64,236371
4297,0.001931,172.31.40.0-255,66,105154,64,236371
4298,0.002002,172.217.194.0-255,1484,106638,64,236371
4299,0.002007,172.217.194.0-255,2902,109540,64,236371
4300,0.002012,172.31.40.0-255,66,109606,64,236371
4301,0.002049,172.217.194.0-255,5738,115344,64,236371
4302,0.002051,172.31.40.0-255,66,115410,64,236371
4303,0.002057,172.217.194.0-255,5738,121148,64,236371
4304,0.002059,172.31.40.0-255,66,121214,64,236371
4305,0.002075,172.217.194.0-255,5738,126952,64,236371
4306,0.002077,172.31.40.0-255,66,127018,64,236371
4307,0.002099,172.217.194.0-255,1484,128502,64,236371
4308,0.002132,172.31.40.0-255,66,128568,64,236371
4309,0.002155,172.217.194.0-255,7156,135724,64,236371
4310,0.002158,172.31.40.0-255,66,135790,64,236371
4311,0.002183,172.217.194.0-255,5738,141528,64,236371
4312,0.002186,172.31.40.0-255,66,141594,64,236371
4313,0.002196,172.31.40.0-255,66,141660,64,236371
4314,0.002222,172.217.194.0-255,5738,147398,64,236371
4315,0.002225,172.31.40.0-255,66,147464,64,236371
4316,0.002231,172.217.194.0-255,6438,153902,64,236371
4317,0.002233,172.31.40.0-255,66,153968,64,236371
4318,0.002272,172.217.194.0-255,1484,155452,64,236371
4319,0.002277,172.217.194.0-255,2902,158354,64,236371
4320,0.002279,172.31.40.0-255,66,158420,64,236371
4321,0.002285,172.217.194.0-255,5738,164158,64,236371
4322,0.002287,172.31.40.0-255,66,164224,64,236371
4323,0.002317,172.31.40.0-255,66,164290,64,236371
4324,0.002332,172.217.194.0-255,2902,167192,64,236371
4325,0.002334,172.31.40.0-255,66,167258,64,236371
4326,0.002338,172.217.194.0-255,2902,170160,64,236371
4327,0.002339,172.31.40.0-255,66,170226,64,236371
4328,0.00237,172.217.194.0-255,4320,174546,64,236371
4329,0.002374,172.31.40.0-255,66,174612,64,236371
4330,0.002383,172.217.194.0-255,3602,178214,64,236371
4331,0.002384,172.31.40.0-255,66,178280,64,236371
4332,0.00239,172.217.194.0-255,5738,184018,64,236371
4333,0.002392,172.31.40.0-255,66,184084,64,236371
4334,0.002406,172.217.194.0-255,2902,186986,64,236371
4335,0.002408,172.31.40.0-255,66,187052,64,236371
4336,0.00245,172.31.40.0-255,66,187118,64,236371
4337,0.002459,172.31.40.0-255,66,187184,64,236371
4338,0.002483,172.217.194.0-255,2902,190086,64,236371
4339,0.002485,172.31.40.0-255,66,190152,64,236371
4340,0.002516,172.31.40.0-255,66,190218,64,236371
4341,0.00254,172.217.194.0-255,7156,197374,64,236371
4342,0.002542,172.31.40.0-255,66,197440,64,236371
4343,0.002572,172.217.194.0-255,2902,200342,64,236371
4344,0.002575,172.31.40.0-255,66,200408,64,236371
4345,0.002586,172.31.40.0-255,66,200474,64,236371
4346,0.002591,172.217.194.0-255,4320,204794,64,236371
4347,0.002593,172.31.40.0-255,66,204860,64,236371
4348,0.00265,172.217.194.0-255,5738,210598,64,236371
4349,0.002653,172.31.40.0-255,66,210664,64,236371
4350,0.002676,172.217.194.0-255,1484,212148,64,236371
4351,0.002691,172.31.40.0-255,66,212214,64,236371
4352,0.002695,172.217.194.0-255,3602,215816,64,236371
4353,0.002697,172.31.40.0-255,66,215882,64,236371
4354,0.002702,172.217.194.0-255,4320,220202,64,236371
4355,0.002704,172.31.40.0-255,66,220268,64,236371
4356,0.002714,172.31.40.0-255,66,220334,64,236371
4357,0.002718,172.217.194.0-255,4320,224654,64,236371
4358,0.002721,172.31.40.0-255,66,224720,64,236371
4359,0.002763,172.31.40.0-255,66,224786,64,236371
4360,0.002766,172.217.194.0-255,1484,226270,64,236371
4361,0.002785,172.217.194.0-255,5269,231539,64,236371
4362,0.002787,172.31.40.0-255,66,231605,64,236371
4363,0.00365,172.31.40.0-255,101,231706,64,236371
4364,0.005424,172.217.194.0-255,136,231842,64,236371
4365,0.006313,172.217.194.0-255,66,231908,64,236371
4366,0.007439,172.31.40.0-255,105,232013,64,236371
4367,0.010104,172.217.194.0-255,66,232079,64,236371
4368,0.031342,172.31.40.0-255,172,232251,64,236371
4369,0.03138,172.31.40.0-255,1110,233361,64,236371
4370,0.031444,172.31.40.0-255,1514,234875,64,236371
4371,0.031446,172.31.40.0-255,1298,236173,64,236371
4372,0.032993,104.244.42.0-255,66,236239,64,236371
4373,0.033107,104.244.42.0-255,66,236305,64,236371
4374,0.033146,104.244.42.0-255,66,236371,64,236371
4375,0.0,172.217.194.0-255,152,152,64,238855
4376,2.6e-05,172.31.40.0-255,66,218,64,238855
4377,3.4e-05,172.217.194.0-255,1484,1702,64,238855
4378,3.9e-05,172.31.40.0-255,66,1768,64,238855
4379,4.5e-05,172.217.194.0-255,2902,4670,64,238855
4380,4.9e-05,172.31.40.0-255,66,4736,64,238855
4381,5.7e-05,172.217.194.0-255,7156,11892,64,238855
4382,6e-05,172.31.40.0-255,66,11958,64,238855
4383,9.9e-05,172.31.40.0-255,66,12024,64,238855
4384,0.000111,172.31.40.0-255,66,12090,64,238855
4385,0.00015,172.31.40.0-255,66,12156,64,238855
4386,0.000153,172.217.194.0-255,766,12922,64,238855
4387,0.000155,172.31.40.0-255,66,12988,64,238855
4388,0.000204,172.217.194.0-255,5738,18726,64,238855
4389,0.000207,172.31.40.0-255,66,18792,64,238855
4390,0.000239,172.31.40.0-255,66,18858,64,238855
4391,0.000242,172.217.194.0-255,1484,20342,64,238855
4392,0.000244,172.31.40.0-255,66,20408,64,238855
4393,0.000249,172.217.194.0-255,2902,23310,64,238855
4394,0.000251,172.31.40.0-255,66,23376,64,238855
4395,0.000257,172.217.194.0-255,5738,29114,64,238855
4396,0.000261,172.31.40.0-255,66,29180,64,238855
4397,0.000293,172.31.40.0-255,66,29246,64,238855
4398,0.00032,172.217.194.0-255,1484,30730,64,238855
4399,0.000323,172.31.40.0-255,66,30796,64,238855
4400,0.000346,172.31.40.0-255,66,30862,64,238855
4401,0.000359,172.31.40.0-255,66,30928,64,238855
4402,0.000367,172.217.194.0-255,7156,38084,64,238855
4403,0.000369,172.31.40.0-255,66,38150,64,238855
4404,0.000393,172.217.194.0-255,4320,42470,64,238855
4405,0.000395,172.31.40.0-255,66,42536,64,238855
4406,0.000399,172.217.194.0-255,1484,44020,64,238855
4407,0.00043,172.31.40.0-255,66,44086,64,238855
4408,0.000434,172.217.194.0-255,2902,46988,64,238855
4409,0.000436,172.31.40.0-255,66,47054,64,238855
4410,0.000465,172.31.40.0-255,66,47120,64,238855
4411,0.000471,172.217.194.0-255,3961,51081,64,238855
4412,0.000474,172.31.40.0-255,66,51147,64,238855
4413,0.000498,172.217.194.0-255,4320,55467,64,238855
4414,0.000501,172.31.40.0-255,66,55533,64,238855
4415,0.000536,172.31.40.0-255,66,55599,64,238855
4416,0.000577,172.31.40.0-255,66,55665,64,238855
4417,0.000594,172.217.194.0-255,1484,57149,64,238855
4418,0.000607,172.217.194.0-255,766,57915,64,238855
4419,0.000609,172.31.40.0-255,66,57981,64,238855
4420,0.000614,172.217.194.0-255,2902,60883,64,238855
4421,0.000617,172.31.40.0-255,66,60949,64,238855
4422,0.000624,172.217.194.0-255,7156,68105,64,238855
4423,0.000627,172.31.40.0-255,66,68171,64,238855
4424,0.000651,172.217.194.0-255,7156,75327,64,238855
4425,0.000653,172.31.40.0-255,66,75393,64,238855
4426,0.00067,172.217.194.0-255,7156,82549,64,238855
4427,0.000672,172.31.40.0-255,66,82615,64,238855
4428,0.000695,172.217.194.0-255,1484,84099,64,238855
4429,0.000717,172.31.40.0-255,66,84165,64,238855
4430,0.000726,172.217.194.0-255,7156,91321,64,238855
4431,0.000728,172.31.40.0-255,66,91387,64,238855
4432,0.000741,172.217.194.0-255,2902,94289,64,238855
4433,0.000743,172.31.40.0-255,66,94355,64,238855
4434,0.000749,172.217.194.0-255,2902,97257,64,238855
4435,0.000752,172.31.40.0-255,66,97323,64,238855
4436,0.000781,172.31.40.0-255,66,97389,64,238855
4437,0.000814,172.217.194.0-255,6438,103827,64,238855
4438,0.000817,172.31.40.0-255,66,103893,64,238855
4439,0.000909,172.217.194.0-255,1484,105377,64,238855
4440,0.000918,172.217.194.0-255,2902,108279,64,238855
4441,0.000921,172.31.40.0-255,66,108345,64,238855
4442,0.000926,172.217.194.0-255,2902,111247,64,238855
4443,0.000941,172.217.194.0-255,2902,114149,64,238855
4444,0.000944,172.217.194.0-255,1484,115633,64,238855
4445,0.000956,172.217.194.0-255,1484,117117,64,238855
4446,0.000972,172.217.194.0-255,4320,121437,64,238855
4447,0.001015,172.217.194.0-255,5738,127175,64,238855
4448,0.001039,172.217.194.0-255,2184,129359,64,238855
4449,0.001346,172.217.194.0-255,1484,130843,64,238855
4450,0.001351,172.217.194.0-255,2902,133745,64,238855
4451,0.001371,172.217.194.0-255,5738,139483,64,238855
4452,0.001399,172.217.194.0-255,5738,145221,64,238855
4453,0.001415,172.217.194.0-255,7156,152377,64,238855
4454,0.001438,172.217.194.0-255,7156,159533,64,238855
4455,0.001463,172.217.194.0-255,3602,163135,64,238855
4456,0.001655,172.217.194.0-255,1484,164619,64,238855
4457,0.001668,172.217.194.0-255,2902,167521,64,238855
4458,0.001681,172.217.194.0-255,1484,169005,64,238855
4459,0.0017,172.217.194.0-255,4320,173325,64,238855
4460,0.001733,172.217.194.0-255,4320,177645,64,238855
4461,0.001755,172.217.194.0-255,7156,184801,64,238855
4462,0.001761,172.217.194.0-255,4320,189121,64,238855
4463,0.001806,172.217.194.0-255,7156,196277,64,238855
4464,0.001831,172.217.194.0-255,5738,202015,64,238855
4465,0.001875,172.217.194.0-255,4320,206335,64,238855
4466,0.001898,172.217.194.0-255,5020,211355,64,238855
4467,0.002426,172.31.40.0-255,66,211421,64,238855
4468,0.004803,172.217.194.0-255,5738,217159,64,238855
4469,0.004814,172.31.40.0-255,66,217225,64,238855
4470,0.007152,172.217.194.0-255,5738,222963,64,238855
4471,0.007165,172.31.40.0-255,66,223029,64,238855
4472,0.009507,172.217.194.0-255,5738,228767,64,238855
4473,0.009511,172.31.40.0-255,66,228833,64,238855
4474,0.011857,172.217.194.0-255,5738,234571,64,238855
4475,0.011875,172.31.40.0-255,66,234637,64,238855
4476,0.01424,172.217.194.0-255,787,235424,64,238855
4477,0.01476,172.31.40.0-255,66,235490,64,238855
4478,0.014806,172.31.40.0-255,105,235595,64,238855
4479,0.017115,172.217.194.0-255,66,235661,64,238855
4480,0.047636,172.31.40.0-255,167,235828,64,238855
4481,0.047679,172.31.40.0-255,1107,236935,64,238855
4482,0.047747,172.31.40.0-255,1514,238449,64,238855
4483,0.047749,172.31.40.0-255,340,238789,64,238855
4484,0.049869,104.244.42.0-255,66,238855,64,238855
4485,0.0,172.217.194.0-255,153,153,64,224827
4486,2.3e-05,172.31.40.0-255,66,219,64,224827
4487,3.1e-05,172.217.194.0-255,1484,1703,64,224827
4488,3.5e-05,172.31.40.0-255,66,1769,64,224827
4489,4e-05,172.217.194.0-255,2902,4671,64,224827
4490,5.2e-05,172.31.40.0-255,66,4737,64,224827
4491,5.9e-05,172.217.194.0-255,7156,11893,64,224827
4492,6.2e-05,172.31.40.0-255,66,11959,64,224827
4493,0.000101,172.31.40.0-255,66,12025,64,224827
4494,0.000133,172.217.194.0-255,6797,18822,64,224827
4495,0.000136,172.31.40.0-255,66,18888,64,224827
4496,0.00018,172.217.194.0-255,7156,26044,64,224827
4497,0.000182,172.31.40.0-255,66,26110,64,224827
4498,0.000216,172.217.194.0-255,4320,30430,64,224827
4499,0.000218,172.31.40.0-255,66,30496,64,224827
4500,0.000242,172.217.194.0-255,4320,34816,64,224827
4501,0.000244,172.31.40.0-255,66,34882,64,224827
4502,0.000261,172.31.40.0-255,66,34948,64,224827
4503,0.000263,172.217.194.0-255,766,35714,64,224827
4504,0.000266,172.31.40.0-255,66,35780,64,224827
4505,0.000269,172.217.194.0-255,397,36177,64,224827
4506,0.000271,172.31.40.0-255,66,36243,64,224827
4507,0.000401,172.217.194.0-255,1484,37727,64,224827
4508,0.000405,172.31.40.0-255,66,37793,64,224827
4509,0.000411,172.217.194.0-255,2902,40695,64,224827
4510,0.000414,172.31.40.0-255,66,40761,64,224827
4511,0.000425,172.217.194.0-255,5738,46499,64,224827
4512,0.000428,172.31.40.0-255,66,46565,64,224827
4513,0.000431,172.217.194.0-255,1484,48049,64,224827
4514,0.000433,172.31.40.0-255,66,48115,64,224827
4515,0.000507,172.217.194.0-255,7156,55271,64,224827
4516,0.000527,172.217.194.0-255,3602,58873,64,224827
4517,0.000582,172.31.40.0-255,66,58939,64,224827
4518,0.000687,172.217.194.0-255,1484,60423,64,224827
4519,0.000693,172.217.194.0-255,1484,61907,64,224827
4520,0.000704,172.217.194.0-255,1484,63391,64,224827
4521,0.000709,172.217.194.0-255,4320,67711,64,224827
4522,0.000712,172.31.40.0-255,66,67777,64,224827
4523,0.000718,172.31.40.0-255,66,67843,64,224827
4524,0.000736,172.217.194.0-255,1484,69327,64,224827
4525,0.000743,172.217.194.0-255,7156,76483,64,224827
4526,0.000767,172.217.194.0-255,5738,82221,64,224827
4527,0.000772,172.217.194.0-255,2902,85123,64,224827
4528,0.000792,172.31.40.0-255,66,85189,64,224827
4529,0.00081,172.217.194.0-255,5738,90927,64,224827
4530,0.000824,172.217.194.0-255,2184,93111,64,224827
4531,0.000838,172.31.40.0-255,66,93177,64,224827
4532,0.001263,172.217.194.0-255,1484,94661,64,224827
4533,0.00127,172.217.194.0-255,2902,97563,64,224827
4534,0.001283,172.217.194.0-255,1484,99047,64,224827
4535,0.001286,172.31.40.0-255,66,99113,64,224827
4536,0.001297,172.217.194.0-255,4320,103433,64,224827
4537,0.001314,172.217.194.0-255,1484,104917,64,224827
4538,0.001319,172.217.194.0-255,2902,107819,64,224827
4539,0.001327,172.31.40.0-255,66,107885,64,224827
4540,0.001336,172.217.194.0-255,2902,110787,64,224827
4541,0.001358,172.217.194.0-255,2902,113689,64,224827
4542,0.001363,172.217.194.0-255,4320,118009,64,224827
4543,0.001386,172.217.194.0-255,5738,123747,64,224827
4544,0.001398,172.31.40.0-255,66,123813,64,224827
4545,0.001408,172.217.194.0-255,3602,127415,64,224827
4546,0.001418,172.31.40.0-255,66,127481,64,224827
4547,0.001517,172.217.194.0-255,1484,128965,64,224827
4548,0.001523,172.217.194.0-255,2902,131867,64,224827
4549,0.001545,172.217.194.0-255,5738,137605,64,224827
4550,0.001548,172.217.194.0-255,1484,139089,64,224827
4551,0.001554,172.31.40.0-255,66,139155,64,224827
4552,0.001606,172.31.40.0-255,66,139221,64,224827
4553,0.001637,172.217.194.0-255,1484,140705,64,224827
4554,0.001662,172.217.194.0-255,2902,143607,64,224827
4555,0.001668,172.217.194.0-255,5738,149345,64,224827
4556,0.001671,172.217.194.0-255,2902,152247,64,224827
4557,0.001691,172.217.194.0-255,2902,155149,64,224827
4558,0.001773,172.217.194.0-255,1484,156633,64,224827
4559,0.001825,172.217.194.0-255,1484,158117,64,224827
4560,0.001843,172.217.194.0-255,7156,165273,64,224827
4561,0.001865,172.217.194.0-255,7156,172429,64,224827
4562,0.001871,172.217.194.0-255,4320,176749,64,224827
4563,0.001886,172.217.194.0-255,5738,182487,64,224827
4564,0.001907,172.217.194.0-255,6438,188925,64,224827
4565,0.00193,172.217.194.0-255,1484,190409,64,224827
4566,0.001943,172.217.194.0-255,2902,193311,64,224827
4567,0.002013,172.217.194.0-255,1484,194795,64,224827
4568,0.002027,172.217.194.0-255,4320,199115,64,224827
4569,0.002043,172.217.194.0-255,5738,204853,64,224827
4570,0.002045,172.217.194.0-255,1484,206337,64,224827
4571,0.002099,172.217.194.0-255,1484,207821,64,224827
4572,0.002106,172.217.194.0-255,5020,212841,64,224827
4573,0.002113,172.217.194.0-255,5738,218579,64,224827
4574,0.00216,172.217.194.0-255,1615,220194,64,224827
4575,0.002163,172.217.194.0-255,105,220299,64,224827
4576,0.004873,172.31.40.0-255,66,220365,64,224827
4577,0.00725,172.31.40.0-255,105,220470,64,224827
4578,0.009718,172.217.194.0-255,66,220536,64,224827
4579,0.032348,172.31.40.0-255,171,220707,64,224827
4580,0.032384,172.31.40.0-255,1136,221843,64,224827
4581,0.032443,172.31.40.0-255,1514,223357,64,224827
4582,0.032444,172.31.40.0-255,1272,224629,64,224827
4583,0.034021,104.244.42.0-255,66,224695,64,224827
4584,0.034049,104.244.42.0-255,66,224761,64,224827
4585,0.03411,104.244.42.0-255,66,224827,64,224827
4586,0.0,74.125.130.0-255,161,161,64,291945
4587,2.2e-05,172.31.40.0-255,66,227,64,291945
4588,2.9e-05,74.125.130.0-255,1484,1711,64,291945
4589,3.4e-05,172.31.40.0-255,66,1777,64,291945
4590,4.8e-05,74.125.130.0-255,2902,4679,64,291945
4591,5.3e-05,172.31.40.0-255,66,4745,64,291945
4592,6.1e-05,74.125.130.0-255,5738,10483,64,291945
4593,6.5e-05,172.31.40.0-255,66,10549,64,291945
4594,0.000112,74.125.130.0-255,3506,14055,64,291945
4595,0.000115,172.31.40.0-255,66,14121,64,291945
4596,0.000275,74.125.130.0-255,1484,15605,64,291945
4597,0.000279,172.31.40.0-255,66,15671,64,291945
4598,0.000285,74.125.130.0-255,2902,18573,64,291945
4599,0.000288,172.31.40.0-255,66,18639,64,291945
4600,0.000319,74.125.130.0-255,4320,22959,64,291945
4601,0.000322,172.31.40.0-255,66,23025,64,291945
4602,0.000325,74.125.130.0-255,1484,24509,64,291945
4603,0.000327,172.31.40.0-255,66,24575,64,291945
4604,0.000355,74.125.130.0-255,4320,28895,64,291945
4605,0.000358,172.31.40.0-255,66,28961,64,291945
4606,0.000361,74.125.130.0-255,1484,30445,64,291945
4607,0.000363,172.31.40.0-255,66,30511,64,291945
4608,0.000386,74.125.130.0-255,2543,33054,64,291945
4609,0.000389,172.31.40.0-255,66,33120,64,291945
4610,0.000392,74.125.130.0-255,1484,34604,64,291945
4611,0.000394,172.31.40.0-255,66,34670,64,291945
4612,0.000422,74.125.130.0-255,2902,37572,64,291945
4613,0.000425,172.31.40.0-255,66,37638,64,291945
4614,0.000437,172.31.40.0-255,66,37704,64,291945
4615,0.000473,74.125.130.0-255,1484,39188,64,291945
4616,0.000475,172.31.40.0-255,66,39254,64,291945
4617,0.000479,74.125.130.0-255,1484,40738,64,291945
4618,0.000571,74.125.130.0-255,3881,44619,64,291945
4619,0.000574,74.125.130.0-255,117,44736,64,291945
4620,0.000611,172.31.40.0-255,66,44802,64,291945
4621,0.001049,74.125.130.0-255,1484,46286,64,291945
4622,0.001055,74.125.130.0-255,1484,47770,64,291945
4623,0.001058,172.31.40.0-255,66,47836,64,291945
4624,0.001078,74.125.130.0-255,1484,49320,64,291945
4625,0.001083,74.125.130.0-255,5738,55058,64,291945
4626,0.001095,172.31.40.0-255,66,55124,64,291945
4627,0.00112,74.125.130.0-255,2902,58026,64,291945
4628,0.001134,74.125.130.0-255,2902,60928,64,291945
4629,0.001136,172.31.40.0-255,66,60994,64,291945
4630,0.001144,74.125.130.0-255,2902,63896,64,291945
4631,0.001148,172.31.40.0-255,66,63962,64,291945
4632,0.001166,74.125.130.0-255,4320,68282,64,291945
4633,0.00119,74.125.130.0-255,1484,69766,64,291945
4634,0.001198,172.31.40.0-255,66,69832,64,291945
4635,0.001232,172.31.40.0-255,66,69898,64,291945
4636,0.001275,74.125.130.0-255,1484,71382,64,291945
4637,0.001288,74.125.130.0-255,2902,74284,64,291945
4638,0.001308,74.125.130.0-255,2902,77186,64,291945
4639,0.001311,172.31.40.0-255,66,77252,64,291945
4640,0.00132,74.125.130.0-255,2902,80154,64,291945
4641,0.001348,172.31.40.0-255,66,80220,64,291945
4642,0.001374,74.125.130.0-255,7156,87376,64,291945
4643,0.001377,74.125.130.0-255,1484,88860,64,291945
4644,0.001384,172.31.40.0-255,66,88926,64,291945
4645,0.001392,74.125.130.0-255,2902,91828,64,291945
4646,0.001396,172.31.40.0-255,66,91894,64,291945
4647,0.001409,74.125.130.0-255,2902,94796,64,291945
4648,0.001437,74.125.130.0-255,5738,100534,64,291945
4649,0.00144,172.31.40.0-255,66,100600,64,291945
4650,0.001445,172.31.40.0-255,66,100666,64,291945
4651,0.001466,74.125.130.0-255,3602,104268,64,291945
4652,0.001482,74.125.130.0-255,1484,105752,64,291945
4653,0.001492,172.31.40.0-255,66,105818,64,291945
4654,0.001496,74.125.130.0-255,2902,108720,64,291945
4655,0.0015,172.31.40.0-255,66,108786,64,291945
4656,0.00151,74.125.130.0-255,1484,110270,64,291945
4657,0.001542,172.31.40.0-255,66,110336,64,291945
4658,0.001608,74.125.130.0-255,2902,113238,64,291945
4659,0.001626,74.125.130.0-255,2902,116140,64,291945
4660,0.001628,172.31.40.0-255,66,116206,64,291945
4661,0.001632,172.31.40.0-255,66,116272,64,291945
4662,0.001658,74.125.130.0-255,5738,122010,64,291945
4663,0.001666,172.31.40.0-255,66,122076,64,291945
4664,0.001691,172.31.40.0-255,66,122142,64,291945
4665,0.001715,74.125.130.0-255,1484,123626,64,291945
4666,0.001741,74.125.130.0-255,7156,130782,64,291945
4667,0.001748,172.31.40.0-255,66,130848,64,291945
4668,0.001774,74.125.130.0-255,4320,135168,64,291945
4669,0.001779,172.31.40.0-255,66,135234,64,291945
4670,0.001819,172.31.40.0-255,66,135300,64,291945
4671,0.001899,74.125.130.0-255,5738,141038,64,291945
4672,0.001913,74.125.130.0-255,766,141804,64,291945
4673,0.001932,74.125.130.0-255,2902,144706,64,291945
4674,0.001937,172.31.40.0-255,66,144772,64,291945
4675,0.001942,172.31.40.0-255,66,144838,64,291945
4676,0.001966,74.125.130.0-255,5738,150576,64,291945
4677,0.001982,172.31.40.0-255,66,150642,64,291945
4678,0.001995,74.125.130.0-255,1484,152126,64,291945
4679,0.00202,74.125.130.0-255,4320,156446,64,291945
4680,0.002032,172.31.40.0-255,66,156512,64,291945
4681,0.002044,74.125.130.0-255,7156,163668,64,291945
4682,0.002049,172.31.40.0-255,66,163734,64,291945
4683,0.002068,74.125.130.0-255,5738,169472,64,291945
4684,0.00209,172.31.40.0-255,66,169538,64,291945
4685,0.002122,74.125.130.0-255,1484,171022,64,291945
4686,0.002147,74.125.130.0-255,5020,176042,64,291945
4687,0.002161,74.125.130.0-255,4320,180362,64,291945
4688,0.002164,172.31.40.0-255,66,180428,64,291945
4689,0.002172,74.125.130.0-255,2902,183330,64,291945
4690,0.002183,172.31.40.0-255,66,183396,64,291945
4691,0.002203,74.125.130.0-255,4320,187716,64,291945
4692,0.002217,172.31.40.0-255,66,187782,64,291945
4693,0.00232,74.125.130.0-255,1484,189266,64,291945
4694,0.002341,74.125.130.0-255,7156,196422,64,291945
4695,0.002363,74.125.130.0-255,2184,198606,64,291945
4696,0.002395,74.125.130.0-255,2902,201508,64,291945
4697,0.002472,74.125.130.0-255,5738,207246,64,291945
4698,0.00261,74.125.130.0-255,4320,211566,64,291945
4699,0.002746,74.125.130.0-255,5738,217304,64,291945
4700,0.00277,74.125.130.0-255,6438,223742,64,291945
4701,0.002829,74.125.130.0-255,1484,225226,64,291945
4702,0.002848,74.125.130.0-255,5738,230964,64,291945
4703,0.002963,74.125.130.0-255,1484,232448,64,291945
4704,0.010691,172.31.40.0-255,66,232514,64,291945
4705,0.012874,74.125.130.0-255,1484,233998,64,291945
4706,0.013312,74.125.130.0-255,4320,238318,64,291945
4707,0.013318,172.31.40.0-255,66,238384,64,291945
4708,0.015932,74.125.130.0-255,5738,244122,64,291945
4709,0.016803,172.31.40.0-255,66,244188,64,291945
4710,0.019422,74.125.130.0-255,5738,249926,64,291945
4711,0.019433,172.31.40.0-255,66,249992,64,291945
4712,0.022069,74.125.130.0-255,5738,255730,64,291945
4713,0.02208,172.31.40.0-255,66,255796,64,291945
4714,0.024692,74.125.130.0-255,4320,260116,64,291945
4715,0.024701,172.31.40.0-255,66,260182,64,291945
4716,0.024729,74.125.130.0-255,1484,261666,64,291945
4717,0.027314,74.125.130.0-255,4320,265986,64,291945
4718,0.027322,172.31.40.0-255,66,266052,64,291945
4719,0.029942,74.125.130.0-255,5738,271790,64,291945
4720,0.029988,172.31.40.0-255,66,271856,64,291945
4721,0.032255,172.31.40.0-255,172,272028,64,291945
4722,0.032288,172.31.40.0-255,1112,273140,64,291945
4723,0.032347,172.31.40.0-255,1514,274654,64,291945
4724,0.032349,172.31.40.0-255,1296,275950,64,291945
4725,0.032618,74.125.130.0-255,5738,281688,64,291945
4726,0.032625,172.31.40.0-255,66,281754,64,291945
4727,0.033958,104.244.42.0-255,66,281820,64,291945
4728,0.033988,104.244.42.0-255,66,281886,64,291945
4729,0.034038,104.244.42.0-255,66,281952,64,291945
4730,0.035242,74.125.130.0-255,5738,287690,64,291945
4731,0.035247,172.31.40.0-255,66,287756,64,291945
4732,0.037847,74.125.130.0-255,3952,291708,64,291945
4733,0.037855,172.31.40.0-255,66,291774,64,291945
4734,0.03802,172.31.40.0-255,105,291879,64,291945
4735,0.040601,74.125.130.0-255,66,291945,64,291945
4736,0.0,74.125.68.0-255,146,146,64,286997
4737,2.5e-05,172.31.40.0-255,66,212,64,286997
4738,3.2e-05,74.125.68.0-255,1484,1696,64,286997
4739,3.7e-05,172.31.40.0-255,66,1762,64,286997
4740,4e-05,74.125.68.0-255,1484,3246,64,286997
4741,4.3e-05,172.31.40.0-255,66,3312,64,286997
4742,4.9e-05,74.125.68.0-255,2902,6214,64,286997
4743,5.2e-05,172.31.40.0-255,66,6280,64,286997
4744,5.8e-05,74.125.68.0-255,4320,10600,64,286997
4745,6e-05,172.31.40.0-255,66,10666,64,286997
4746,9e-05,74.125.68.0-255,1484,12150,64,286997
4747,9.2e-05,172.31.40.0-255,66,12216,64,286997
4748,9.9e-05,74.125.68.0-255,4988,17204,64,286997
4749,0.000101,172.31.40.0-255,66,17270,64,286997
4750,0.000106,74.125.68.0-255,5738,23008,64,286997
4751,0.000109,172.31.40.0-255,66,23074,64,286997
4752,0.000144,172.31.40.0-255,66,23140,64,286997
4753,0.000484,74.125.68.0-255,1484,24624,64,286997
4754,0.00049,172.31.40.0-255,66,24690,64,286997
4755,0.000496,74.125.68.0-255,2902,27592,64,286997
4756,0.000498,172.31.40.0-255,66,27658,64,286997
4757,0.000501,74.125.68.0-255,1484,29142,64,286997
4758,0.000503,172.31.40.0-255,66,29208,64,286997
4759,0.00053,74.125.68.0-255,4320,33528,64,286997
4760,0.000534,74.125.68.0-255,2902,36430,64,286997
4761,0.000538,172.31.40.0-255,66,36496,64,286997
4762,0.000545,172.31.40.0-255,66,36562,64,286997
4763,0.000551,74.125.68.0-255,4320,40882,64,286997
4764,0.000553,172.31.40.0-255,66,40948,64,286997
4765,0.000581,74.125.68.0-255,7156,48104,64,286997
4766,0.000585,172.31.40.0-255,66,48170,64,286997
4767,0.000605,74.125.68.0-255,1484,49654,64,286997
4768,0.000613,74.125.68.0-255,5738,55392,64,286997
4769,0.000616,172.31.40.0-255,66,55458,64,286997
4770,0.000635,74.125.68.0-255,2184,57642,64,286997
4771,0.000638,172.31.40.0-255,66,57708,64,286997
4772,0.000758,74.125.68.0-255,401,58109,64,286997
4773,0.000801,74.125.68.0-255,1484,59593,64,286997
4774,0.000805,172.31.40.0-255,66,59659,64,286997
4775,0.00082,74.125.68.0-255,4320,63979,64,286997
4776,0.000823,172.31.40.0-255,66,64045,64,286997
4777,0.000853,74.125.68.0-255,7156,71201,64,286997
4778,0.000855,172.31.40.0-255,66,71267,64,286997
4779,0.000866,172.31.40.0-255,66,71333,64,286997
4780,0.000907,172.31.40.0-255,66,71399,64,286997
4781,0.000924,74.125.68.0-255,766,72165,64,286997
4782,0.000999,74.125.68.0-255,1484,73649,64,286997
4783,0.001003,172.31.40.0-255,66,73715,64,286997
4784,0.001008,74.125.68.0-255,2902,76617,64,286997
4785,0.00101,172.31.40.0-255,66,76683,64,286997
4786,0.001039,74.125.68.0-255,5738,82421,64,286997
4787,0.001042,172.31.40.0-255,66,82487,64,286997
4788,0.001049,74.125.68.0-255,5738,88225,64,286997
4789,0.001051,172.31.40.0-255,66,88291,64,286997
4790,0.001056,74.125.68.0-255,4320,92611,64,286997
4791,0.001058,172.31.40.0-255,66,92677,64,286997
4792,0.001081,74.125.68.0-255,2902,95579,64,286997
4793,0.001084,172.31.40.0-255,66,95645,64,286997
4794,0.001087,74.125.68.0-255,1484,97129,64,286997
4795,0.00111,172.31.40.0-255,66,97195,64,286997
4796,0.001113,74.125.68.0-255,1484,98679,64,286997
4797,0.00114,172.31.40.0-255,66,98745,64,286997
4798,0.001152,74.125.68.0-255,1484,100229,64,286997
4799,0.001155,74.125.68.0-255,1484,101713,64,286997
4800,0.001157,172.31.40.0-255,66,101779,64,286997
4801,0.001191,74.125.68.0-255,5738,107517,64,286997
4802,0.001195,172.31.40.0-255,66,107583,64,286997
4803,0.001205,172.31.40.0-255,66,107649,64,286997
4804,0.001263,74.125.68.0-255,6438,114087,64,286997
4805,0.001266,172.31.40.0-255,66,114153,64,286997
4806,0.001307,74.125.68.0-255,1484,115637,64,286997
4807,0.001324,74.125.68.0-255,2902,118539,64,286997
4808,0.001327,172.31.40.0-255,66,118605,64,286997
4809,0.00135,74.125.68.0-255,5738,124343,64,286997
4810,0.001353,172.31.40.0-255,66,124409,64,286997
4811,0.001358,74.125.68.0-255,2902,127311,64,286997
4812,0.00136,172.31.40.0-255,66,127377,64,286997
4813,0.001366,74.125.68.0-255,4320,131697,64,286997
4814,0.001368,172.31.40.0-255,66,131763,64,286997
4815,0.001399,172.31.40.0-255,66,131829,64,286997
4816,0.00141,172.31.40.0-255,66,131895,64,286997
4817,0.00146,74.125.68.0-255,1484,133379,64,286997
4818,0.001482,74.125.68.0-255,2902,136281,64,286997
4819,0.001485,172.31.40.0-255,66,136347,64,286997
4820,0.001492,74.125.68.0-255,5738,142085,64,286997
4821,0.001495,172.31.40.0-255,66,142151,64,286997
4822,0.001499,74.125.68.0-255,2902,145053,64,286997
4823,0.001501,172.31.40.0-255,66,145119,64,286997
4824,0.001522,74.125.68.0-255,1484,146603,64,286997
4825,0.001565,172.31.40.0-255,66,146669,64,286997
4826,0.001568,172.31.40.0-255,66,146735,64,286997
4827,0.001585,74.125.68.0-255,766,147501,64,286997
4828,0.001787,74.125.68.0-255,1484,148985,64,286997
4829,0.001792,172.31.40.0-255,66,149051,64,286997
4830,0.001796,74.125.68.0-255,2902,151953,64,286997
4831,0.001798,172.31.40.0-255,66,152019,64,286997
4832,0.001824,74.125.68.0-255,4320,156339,64,286997
4833,0.001827,172.31.40.0-255,66,156405,64,286997
4834,0.001845,74.125.68.0-255,5738,162143,64,286997
4835,0.001848,172.31.40.0-255,66,162209,64,286997
4836,0.001876,74.125.68.0-255,2902,165111,64,286997
4837,0.001879,172.31.40.0-255,66,165177,64,286997
4838,0.001883,74.125.68.0-255,2902,168079,64,286997
4839,0.001885,172.31.40.0-255,66,168145,64,286997
4840,0.001892,74.125.68.0-255,7156,175301,64,286997
4841,0.001895,172.31.40.0-255,66,175367,64,286997
4842,0.001913,74.125.68.0-255,5738,181105,64,286997
4843,0.001915,172.31.40.0-255,66,181171,64,286997
4844,0.001918,74.125.68.0-255,766,181937,64,286997
4845,0.001998,74.125.68.0-255,1484,183421,64,286997
4846,0.002002,172.31.40.0-255,66,183487,64,286997
4847,0.002007,74.125.68.0-255,2902,186389,64,286997
4848,0.00201,172.31.40.0-255,66,186455,64,286997
4849,0.002028,74.125.68.0-255,5738,192193,64,286997
4850,0.002031,172.31.40.0-255,66,192259,64,286997
4851,0.002074,172.31.40.0-255,66,192325,64,286997
4852,0.00213,172.31.40.0-255,66,192391,64,286997
4853,0.002262,74.125.68.0-255,1484,193875,64,286997
4854,0.002277,74.125.68.0-255,2902,196777,64,286997
4855,0.002281,172.31.40.0-255,66,196843,64,286997
4856,0.002308,74.125.68.0-255,5738,202581,64,286997
4857,0.002311,172.31.40.0-255,66,202647,64,286997
4858,0.002319,74.125.68.0-255,7156,209803,64,286997
4859,0.002321,172.31.40.0-255,66,209869,64,286997
4860,0.002342,74.125.68.0-255,1484,211353,64,286997
4861,0.002345,74.125.68.0-255,1484,212837,64,286997
4862,0.002347,172.31.40.0-255,66,212903,64,286997
4863,0.002351,74.125.68.0-255,1484,214387,64,286997
4864,0.002365,74.125.68.0-255,2902,217289,64,286997
4865,0.002367,172.31.40.0-255,66,217355,64,286997
4866,0.002394,74.125.68.0-255,5738,223093,64,286997
4867,0.002397,172.31.40.0-255,66,223159,64,286997
4868,0.0024,74.125.68.0-255,1484,224643,64,286997
4869,0.002403,74.125.68.0-255,1484,226127,64,286997
4870,0.002405,172.31.40.0-255,66,226193,64,286997
4871,0.002408,74.125.68.0-255,766,226959,64,286997
4872,0.002461,74.125.68.0-255,2902,229861,64,286997
4873,0.002465,172.31.40.0-255,66,229927,64,286997
4874,0.002472,74.125.68.0-255,5738,235665,64,286997
4875,0.002474,172.31.40.0-255,66,235731,64,286997
4876,0.002478,74.125.68.0-255,2902,238633,64,286997
4877,0.00248,172.31.40.0-255,66,238699,64,286997
4878,0.002516,74.125.68.0-255,1484,240183,64,286997
4879,0.002556,172.31.40.0-255,66,240249,64,286997
4880,0.002585,74.125.68.0-255,1484,241733,64,286997
4881,0.002603,74.125.68.0-255,2902,244635,64,286997
4882,0.002617,74.125.68.0-255,1484,246119,64,286997
4883,0.002639,74.125.68.0-255,2902,249021,64,286997
4884,0.002642,74.125.68.0-255,1484,250505,64,286997
4885,0.002657,74.125.68.0-255,4320,254825,64,286997
4886,0.002684,74.125.68.0-255,7156,261981,64,286997
4887,0.002688,74.125.68.0-255,2902,264883,64,286997
4888,0.002707,74.125.68.0-255,5738,270621,64,286997
4889,0.002726,74.125.68.0-255,3602,274223,64,286997
4890,0.00273,74.125.68.0-255,1484,275707,64,286997
4891,0.002743,74.125.68.0-255,2902,278609,64,286997
4892,0.002773,74.125.68.0-255,1852,280461,64,286997
4893,0.002882,74.125.68.0-255,105,280566,64,286997
4894,0.011285,172.31.40.0-255,66,280632,64,286997
4895,0.012525,74.125.68.0-255,105,280737,64,286997
4896,0.012536,172.31.40.0-255,78,280815,64,286997
4897,0.013705,172.31.40.0-255,105,280920,64,286997
4898,0.015979,74.125.68.0-255,66,280986,64,286997
4899,0.037844,172.31.40.0-255,172,281158,64,286997
4900,0.03788,172.31.40.0-255,1107,282265,64,286997
4901,0.037943,172.31.40.0-255,1514,283779,64,286997
4902,0.037945,172.31.40.0-255,1514,285293,64,286997
4903,0.037946,172.31.40.0-255,1514,286807,64,286997
4904,0.037947,172.31.40.0-255,124,286931,64,286997
4905,0.040204,104.244.42.0-255,66,286997,64,286997
4906,0.0,172.31.40.0-255,105,105,64,459
4907,0.00015,172.31.40.0-255,90,195,64,459
4908,0.000161,172.31.40.0-255,66,261,64,459
4909,0.002185,74.125.68.0-255,66,327,64,459
4910,0.002215,74.125.68.0-255,66,393,64,459
4911,0.002238,172.31.40.0-255,66,459,64,459
4912,0.0,172.217.160.0-255,153,153,64,387457
4913,3.2e-05,172.31.40.0-255,66,219,64,387457
4914,4.1e-05,172.217.160.0-255,1484,1703,64,387457
4915,4.6e-05,172.31.40.0-255,66,1769,64,387457
4916,5.2e-05,172.217.160.0-255,2902,4671,64,387457
4917,5.6e-05,172.31.40.0-255,66,4737,64,387457
4918,6.3e-05,172.217.160.0-255,7156,11893,64,387457
4919,6.6e-05,172.31.40.0-255,66,11959,64,387457
4920,7.1e-05,172.217.160.0-255,2075,14034,64,387457
4921,7.4e-05,172.31.40.0-255,66,14100,64,387457
4922,8.8e-05,172.31.40.0-255,66,14166,64,387457
4923,9.5e-05,172.217.160.0-255,5379,19545,64,387457
4924,9.8e-05,172.31.40.0-255,66,19611,64,387457
4925,0.000165,172.217.160.0-255,1484,21095,64,387457
4926,0.000168,172.31.40.0-255,66,21161,64,387457
4927,0.000173,172.217.160.0-255,2902,24063,64,387457
4928,0.000175,172.31.40.0-255,66,24129,64,387457
4929,0.000197,172.217.160.0-255,5738,29867,64,387457
4930,0.000199,172.31.40.0-255,66,29933,64,387457
4931,0.000202,172.217.160.0-255,1484,31417,64,387457
4932,0.000204,172.31.40.0-255,66,31483,64,387457
4933,0.000225,172.217.160.0-255,7156,38639,64,387457
4934,0.000229,172.31.40.0-255,66,38705,64,387457
4935,0.000254,172.217.160.0-255,5379,44084,64,387457
4936,0.000257,172.31.40.0-255,66,44150,64,387457
4937,0.000264,172.217.160.0-255,7156,51306,64,387457
4938,0.000267,172.31.40.0-255,66,51372,64,387457
4939,0.000285,172.217.160.0-255,1484,52856,64,387457
4940,0.000287,172.31.40.0-255,66,52922,64,387457
4941,0.000299,172.217.160.0-255,1372,54294,64,387457
4942,0.000301,172.31.40.0-255,66,54360,64,387457
4943,0.000547,172.217.160.0-255,119,54479,64,387457
4944,0.000663,172.217.160.0-255,1484,55963,64,387457
4945,0.000668,172.31.40.0-255,66,56029,64,387457
4946,0.000676,172.217.160.0-255,2902,58931,64,387457
4947,0.000679,172.31.40.0-255,66,58997,64,387457
4948,0.000682,172.217.160.0-255,1484,60481,64,387457
4949,0.0007,172.217.160.0-255,4320,64801,64,387457
4950,0.000702,172.31.40.0-255,66,64867,64,387457
4951,0.000748,172.217.160.0-255,7156,72023,64,387457
4952,0.000751,172.31.40.0-255,66,72089,64,387457
4953,0.000769,172.217.160.0-255,6797,78886,64,387457
4954,0.000772,172.31.40.0-255,66,78952,64,387457
4955,0.000784,172.31.40.0-255,66,79018,64,387457
4956,0.001037,172.217.160.0-255,385,79403,64,387457
4957,0.001181,172.217.160.0-255,1484,80887,64,387457
4958,0.001186,172.31.40.0-255,66,80953,64,387457
4959,0.00119,172.217.160.0-255,1484,82437,64,387457
4960,0.001207,172.217.160.0-255,1484,83921,64,387457
4961,0.00121,172.31.40.0-255,66,83987,64,387457
4962,0.001215,172.217.160.0-255,2902,86889,64,387457
4963,0.001218,172.31.40.0-255,66,86955,64,387457
4964,0.00123,172.217.160.0-255,2902,89857,64,387457
4965,0.001232,172.31.40.0-255,66,89923,64,387457
4966,0.001239,172.217.160.0-255,7156,97079,64,387457
4967,0.001241,172.31.40.0-255,66,97145,64,387457
4968,0.001268,172.217.160.0-255,5738,102883,64,387457
4969,0.001271,172.31.40.0-255,66,102949,64,387457
4970,0.001283,172.31.40.0-255,66,103015,64,387457
4971,0.001697,172.217.160.0-255,1484,104499,64,387457
4972,0.00171,172.217.160.0-255,1484,105983,64,387457
4973,0.001713,172.31.40.0-255,66,106049,64,387457
4974,0.001729,172.217.160.0-255,1484,107533,64,387457
4975,0.001734,172.217.160.0-255,4320,111853,64,387457
4976,0.001737,172.31.40.0-255,66,111919,64,387457
4977,0.001754,172.217.160.0-255,1484,113403,64,387457
4978,0.001761,172.217.160.0-255,5738,119141,64,387457
4979,0.001763,172.31.40.0-255,66,119207,64,387457
4980,0.001791,172.217.160.0-255,7156,126363,64,387457
4981,0.001794,172.31.40.0-255,66,126429,64,387457
4982,0.001801,172.217.160.0-255,7156,133585,64,387457
4983,0.001803,172.31.40.0-255,66,133651,64,387457
4984,0.00182,172.217.160.0-255,1484,135135,64,387457
4985,0.001825,172.217.160.0-255,2184,137319,64,387457
4986,0.001827,172.31.40.0-255,66,137385,64,387457
4987,0.003588,172.217.160.0-255,1484,138869,64,387457
4988,0.003611,172.217.160.0-255,4320,143189,64,387457
4989,0.003617,172.31.40.0-255,66,143255,64,387457
4990,0.005383,172.217.160.0-255,5738,148993,64,387457
4991,0.005388,172.31.40.0-255,66,149059,64,387457
4992,0.007174,172.217.160.0-255,5738,154797,64,387457
4993,0.007182,172.31.40.0-255,66,154863,64,387457
4994,0.008966,172.217.160.0-255,5738,160601,64,387457
4995,0.008972,172.31.40.0-255,66,160667,64,387457
4996,0.010742,172.217.160.0-255,5738,166405,64,387457
4997,0.010751,172.31.40.0-255,66,166471,64,387457
4998,0.012517,172.217.160.0-255,4320,170791,64,387457
4999,0.012524,172.31.40.0-255,66,170857,64,387457
5000,0.012547,172.217.160.0-255,1484,172341,64,387457
5001,0.014319,172.217.160.0-255,4320,176661,64,387457
5002,0.01433,172.31.40.0-255,66,176727,64,387457
5003,0.016152,172.217.160.0-255,5738,182465,64,387457
5004,0.01616,172.31.40.0-255,66,182531,64,387457
5005,0.017968,172.217.160.0-255,5738,188269,64,387457
5006,0.017983,172.31.40.0-255,66,188335,64,387457
5007,0.019767,172.217.160.0-255,5738,194073,64,387457
5008,0.019775,172.31.40.0-255,66,194139,64,387457
5009,0.021559,172.217.160.0-255,5738,199877,64,387457
5010,0.021566,172.31.40.0-255,66,199943,64,387457
5011,0.02334,172.217.160.0-255,5738,205681,64,387457
5012,0.023349,172.31.40.0-255,66,205747,64,387457
5013,0.025142,172.217.160.0-255,5738,211485,64,387457
5014,0.025153,172.31.40.0-255,66,211551,64,387457
5015,0.026959,172.217.160.0-255,5738,217289,64,387457
5016,0.026966,172.31.40.0-255,66,217355,64,387457
5017,0.028795,172.217.160.0-255,5738,223093,64,387457
5018,0.028807,172.31.40.0-255,66,223159,64,387457
5019,0.030577,172.217.160.0-255,5738,228897,64,387457
5020,0.030584,172.31.40.0-255,66,228963,64,387457
5021,0.032388,172.217.160.0-255,5738,234701,64,387457
5022,0.0324,172.31.40.0-255,66,234767,64,387457
5023,0.034215,172.217.160.0-255,5738,240505,64,387457
5024,0.03422,172.31.40.0-255,66,240571,64,387457
5025,0.03511,172.31.40.0-255,171,240742,64,387457
5026,0.035138,172.31.40.0-255,1132,241874,64,387457
5027,0.035188,172.31.40.0-255,1514,243388,64,387457
5028,0.03519,172.31.40.0-255,1276,244664,64,387457
5029,0.035998,172.217.160.0-255,5738,250402,64,387457
5030,0.036005,172.31.40.0-255,66,250468,64,387457
5031,0.036818,104.244.42.0-255,66,250534,64,387457
5032,0.036826,104.244.42.0-255,66,250600,64,387457
5033,0.036995,104.244.42.0-255,66,250666,64,387457
5034,0.037839,172.217.160.0-255,5738,256404,64,387457
5035,0.037849,172.31.40.0-255,66,256470,64,387457
5036,0.03964,172.217.160.0-255,5738,262208,64,387457
5037,0.03965,172.31.40.0-255,66,262274,64,387457
5038,0.041481,172.217.160.0-255,5738,268012,64,387457
5039,0.041496,172.31.40.0-255,66,268078,64,387457
5040,0.043302,172.217.160.0-255,5738,273816,64,387457
5041,0.043316,172.31.40.0-255,66,273882,64,387457
5042,0.045095,172.217.160.0-255,5738,279620,64,387457
5043,0.045109,172.31.40.0-255,66,279686,64,387457
5044,0.046902,172.217.160.0-255,5738,285424,64,387457
5045,0.046916,172.31.40.0-255,66,285490,64,387457
5046,0.048692,172.217.160.0-255,5738,291228,64,387457
5047,0.048704,172.31.40.0-255,66,291294,64,387457
5048,0.05049,172.217.160.0-255,5738,297032,64,387457
5049,0.050505,172.31.40.0-255,66,297098,64,387457
5050,0.052312,172.217.160.0-255,5738,302836,64,387457
5051,0.052323,172.31.40.0-255,66,302902,64,387457
5052,0.054115,172.217.160.0-255,5738,308640,64,387457
5053,0.054124,172.31.40.0-255,66,308706,64,387457
5054,0.055905,172.217.160.0-255,5738,314444,64,387457
5055,0.055911,172.31.40.0-255,66,314510,64,387457
5056,0.057722,172.217.160.0-255,5738,320248,64,387457
5057,0.05773,172.31.40.0-255,66,320314,64,387457
5058,0.059516,172.217.160.0-255,5738,326052,64,387457
5059,0.059523,172.31.40.0-255,66,326118,64,387457
5060,0.061327,172.217.160.0-255,5738,331856,64,387457
5061,0.061333,172.31.40.0-255,66,331922,64,387457
5062,0.06311,172.217.160.0-255,5738,337660,64,387457
5063,0.063117,172.31.40.0-255,66,337726,64,387457
5064,0.064887,172.217.160.0-255,5738,343464,64,387457
5065,0.064893,172.31.40.0-255,66,343530,64,387457
5066,0.066679,172.217.160.0-255,5738,349268,64,387457
5067,0.066686,172.31.40.0-255,66,349334,64,387457
5068,0.068472,172.217.160.0-255,5738,355072,64,387457
5069,0.068479,172.31.40.0-255,66,355138,64,387457
5070,0.070273,172.217.160.0-255,5738,360876,64,387457
5071,0.070279,172.31.40.0-255,66,360942,64,387457
5072,0.072058,172.217.160.0-255,5738,366680,64,387457
5073,0.072065,172.31.40.0-255,66,366746,64,387457
5074,0.073849,172.217.160.0-255,5738,372484,64,387457
5075,0.073855,172.31.40.0-255,66,372550,64,387457
5076,0.075647,172.217.160.0-255,5738,378288,64,387457
5077,0.075652,172.31.40.0-255,66,378354,64,387457
5078,0.077424,172.217.160.0-255,5738,384092,64,387457
5079,0.07743,172.31.40.0-255,66,384158,64,387457
5080,0.0792,172.217.160.0-255,3128,387286,64,387457
5081,0.079206,172.31.40.0-255,66,387352,64,387457
5082,0.079346,172.31.40.0-255,105,387457,64,387457
5083,0.0,172.217.194.0-255,153,153,64,248549
5084,2.4e-05,172.31.40.0-255,66,219,64,248549
5085,3.1e-05,172.217.194.0-255,1484,1703,64,248549
5086,3.6e-05,172.31.40.0-255,66,1769,64,248549
5087,4.2e-05,172.217.194.0-255,2902,4671,64,248549
5088,4.5e-05,172.31.40.0-255,66,4737,64,248549
5089,5.3e-05,172.217.194.0-255,7156,11893,64,248549
5090,5.6e-05,172.31.40.0-255,66,11959,64,248549
5091,6.3e-05,172.217.194.0-255,6419,18378,64,248549
5092,6.6e-05,172.31.40.0-255,66,18444,64,248549
5093,7.3e-05,172.217.194.0-255,7156,25600,64,248549
5094,7.5e-05,172.31.40.0-255,66,25666,64,248549
5095,0.000114,172.217.194.0-255,5379,31045,64,248549
5096,0.000117,172.31.40.0-255,66,31111,64,248549
5097,0.000163,172.217.194.0-255,1484,32595,64,248549
5098,0.000168,172.31.40.0-255,66,32661,64,248549
5099,0.000177,172.217.194.0-255,2902,35563,64,248549
5100,0.000179,172.31.40.0-255,66,35629,64,248549
5101,0.000185,172.217.194.0-255,4320,39949,64,248549
5102,0.000187,172.31.40.0-255,66,40015,64,248549
5103,0.00021,172.217.194.0-255,1484,41499,64,248549
5104,0.000213,172.31.40.0-255,66,41565,64,248549
5105,0.00022,172.217.194.0-255,6797,48362,64,248549
5106,0.000223,172.31.40.0-255,66,48428,64,248549
5107,0.00023,172.217.194.0-255,7156,55584,64,248549
5108,0.000232,172.31.40.0-255,66,55650,64,248549
5109,0.000264,172.217.194.0-255,4320,59970,64,248549
5110,0.000267,172.31.40.0-255,66,60036,64,248549
5111,0.000289,172.217.194.0-255,5679,65715,64,248549
5112,0.000292,172.31.40.0-255,66,65781,64,248549
5113,0.000294,172.217.194.0-255,387,66168,64,248549
5114,0.000296,172.31.40.0-255,66,66234,64,248549
5115,0.000539,172.217.194.0-255,1484,67718,64,248549
5116,0.000545,172.217.194.0-255,2902,70620,64,248549
5117,0.000553,172.31.40.0-255,66,70686,64,248549
5118,0.000567,172.217.194.0-255,5738,76424,64,248549
5119,0.000569,172.31.40.0-255,66,76490,64,248549
5120,0.000576,172.217.194.0-255,5738,82228,64,248549
5121,0.000579,172.31.40.0-255,66,82294,64,248549
5122,0.000605,172.217.194.0-255,7156,89450,64,248549
5123,0.000609,172.31.40.0-255,66,89516,64,248549
5124,0.000615,172.217.194.0-255,5738,95254,64,248549
5125,0.000617,172.31.40.0-255,66,95320,64,248549
5126,0.000635,172.217.194.0-255,5020,100340,64,248549
5127,0.000638,172.31.40.0-255,66,100406,64,248549
5128,0.000828,172.217.194.0-255,1484,101890,64,248549
5129,0.000834,172.217.194.0-255,2902,104792,64,248549
5130,0.000837,172.31.40.0-255,66,104858,64,248549
5131,0.000857,172.217.194.0-255,5738,110596,64,248549
5132,0.00086,172.31.40.0-255,66,110662,64,248549
5133,0.000863,172.217.194.0-255,1484,112146,64,248549
5134,0.000884,172.217.194.0-255,4320,116466,64,248549
5135,0.000886,172.31.40.0-255,66,116532,64,248549
5136,0.000891,172.217.194.0-255,4320,120852,64,248549
5137,0.000893,172.31.40.0-255,66,120918,64,248549
5138,0.000916,172.31.40.0-255,66,120984,64,248549
5139,0.000922,172.217.194.0-255,5020,126004,64,248549
5140,0.000924,172.31.40.0-255,66,126070,64,248549
5141,0.000952,172.217.194.0-255,5738,131808,64,248549
5142,0.000955,172.31.40.0-255,66,131874,64,248549
5143,0.000958,172.217.194.0-255,1484,133358,64,248549
5144,0.000977,172.217.194.0-255,4320,137678,64,248549
5145,0.00098,172.31.40.0-255,66,137744,64,248549
5146,0.000999,172.217.194.0-255,7156,144900,64,248549
5147,0.001003,172.31.40.0-255,66,144966,64,248549
5148,0.001013,172.217.194.0-255,5738,150704,64,248549
5149,0.001016,172.31.40.0-255,66,150770,64,248549
5150,0.001031,172.31.40.0-255,66,150836,64,248549
5151,0.001144,172.217.194.0-255,1484,152320,64,248549
5152,0.00115,172.217.194.0-255,2902,155222,64,248549
5153,0.001153,172.31.40.0-255,66,155288,64,248549
5154,0.001178,172.217.194.0-255,5738,161026,64,248549
5155,0.001181,172.31.40.0-255,66,161092,64,248549
5156,0.001241,172.31.40.0-255,66,161158,64,248549
5157,0.001253,172.31.40.0-255,66,161224,64,248549
5158,0.001349,172.217.194.0-255,1484,162708,64,248549
5159,0.001367,172.217.194.0-255,2902,165610,64,248549
5160,0.00137,172.31.40.0-255,66,165676,64,248549
5161,0.001402,172.217.194.0-255,5738,171414,64,248549
5162,0.001406,172.31.40.0-255,66,171480,64,248549
5163,0.001421,172.217.194.0-255,2902,174382,64,248549
5164,0.001423,172.31.40.0-255,66,174448,64,248549
5165,0.001446,172.31.40.0-255,66,174514,64,248549
5166,0.001453,172.217.194.0-255,7156,181670,64,248549
5167,0.001456,172.31.40.0-255,66,181736,64,248549
5168,0.001475,172.217.194.0-255,5020,186756,64,248549
5169,0.001478,172.31.40.0-255,66,186822,64,248549
5170,0.001523,172.217.194.0-255,1484,188306,64,248549
5171,0.001551,172.31.40.0-255,66,188372,64,248549
5172,0.001555,172.217.194.0-255,1484,189856,64,248549
5173,0.001586,172.31.40.0-255,66,189922,64,248549
5174,0.001601,172.31.40.0-255,66,189988,64,248549
5175,0.001627,172.217.194.0-255,2902,192890,64,248549
5176,0.001629,172.31.40.0-255,66,192956,64,248549
5177,0.001663,172.31.40.0-255,66,193022,64,248549
5178,0.001695,172.31.40.0-255,66,193088,64,248549
5179,0.001697,172.217.194.0-255,766,193854,64,248549
5180,0.001741,172.217.194.0-255,5738,199592,64,248549
5181,0.001744,172.31.40.0-255,66,199658,64,248549
5182,0.001766,172.217.194.0-255,5738,205396,64,248549
5183,0.001769,172.31.40.0-255,66,205462,64,248549
5184,0.001782,172.31.40.0-255,66,205528,64,248549
5185,0.001787,172.217.194.0-255,2902,208430,64,248549
5186,0.001789,172.31.40.0-255,66,208496,64,248549
5187,0.001811,172.217.194.0-255,6438,214934,64,248549
5188,0.001814,172.31.40.0-255,66,215000,64,248549
5189,0.001834,172.217.194.0-255,1484,216484,64,248549
5190,0.001837,172.217.194.0-255,1484,217968,64,248549
5191,0.001841,172.31.40.0-255,66,218034,64,248549
5192,0.001859,172.217.194.0-255,1484,219518,64,248549
5193,0.001866,172.217.194.0-255,5738,225256,64,248549
5194,0.001869,172.31.40.0-255,66,225322,64,248549
5195,0.001871,172.217.194.0-255,1484,226806,64,248549
5196,0.001908,172.31.40.0-255,66,226872,64,248549
5197,0.00192,172.31.40.0-255,66,226938,64,248549
5198,0.001982,172.217.194.0-255,5020,231958,64,248549
5199,0.001985,172.31.40.0-255,66,232024,64,248549
5200,0.001991,172.217.194.0-255,5738,237762,64,248549
5201,0.001994,172.31.40.0-255,66,237828,64,248549
5202,0.002008,172.31.40.0-255,66,237894,64,248549
5203,0.002022,172.31.40.0-255,66,237960,64,248549
5204,0.002048,172.217.194.0-255,2902,240862,64,248549
5205,0.002051,172.31.40.0-255,66,240928,64,248549
5206,0.002064,172.217.194.0-255,3918,244846,64,248549
5207,0.002067,172.31.40.0-255,66,244912,64,248549
5208,0.00207,172.217.194.0-255,105,245017,64,248549
5209,0.009111,172.31.40.0-255,101,245118,64,248549
5210,0.010076,172.31.40.0-255,105,245223,64,248549
5211,0.011331,172.217.194.0-255,66,245289,64,248549
5212,0.012283,172.217.194.0-255,66,245355,64,248549
5213,0.030933,172.31.40.0-255,167,245522,64,248549
5214,0.030971,172.31.40.0-255,1107,246629,64,248549
5215,0.031033,172.31.40.0-255,1514,248143,64,248549
5216,0.031035,172.31.40.0-255,340,248483,64,248549
5217,0.033047,104.244.42.0-255,66,248549,64,248549
5218,0.0,74.125.24.0-255,147,147,64,169695
5219,2.1e-05,172.31.40.0-255,66,213,64,169695
5220,2.7e-05,74.125.24.0-255,1484,1697,64,169695
5221,3.1e-05,172.31.40.0-255,66,1763,64,169695
5222,3.6e-05,74.125.24.0-255,2902,4665,64,169695
5223,3.9e-05,172.31.40.0-255,66,4731,64,169695
5224,4.4e-05,74.125.24.0-255,4320,9051,64,169695
5225,4.6e-05,172.31.40.0-255,66,9117,64,169695
5226,7.7e-05,74.125.24.0-255,4892,14009,64,169695
5227,8e-05,172.31.40.0-255,66,14075,64,169695
5228,0.000125,74.125.24.0-255,5738,19813,64,169695
5229,0.000127,172.31.40.0-255,66,19879,64,169695
5230,0.000138,172.31.40.0-255,66,19945,64,169695
5231,0.000177,74.125.24.0-255,5738,25683,64,169695
5232,0.000179,172.31.40.0-255,66,25749,64,169695
5233,0.000209,172.31.40.0-255,66,25815,64,169695
5234,0.000213,74.125.24.0-255,2543,28358,64,169695
5235,0.000215,172.31.40.0-255,66,28424,64,169695
5236,0.000246,74.125.24.0-255,7156,35580,64,169695
5237,0.000248,172.31.40.0-255,66,35646,64,169695
5238,0.000267,74.125.24.0-255,7156,42802,64,169695
5239,0.000269,172.31.40.0-255,66,42868,64,169695
5240,0.000291,74.125.24.0-255,1484,44352,64,169695
5241,0.000292,172.31.40.0-255,66,44418,64,169695
5242,0.000295,74.125.24.0-255,1125,45543,64,169695
5243,0.000297,172.31.40.0-255,66,45609,64,169695
5244,0.000414,74.125.24.0-255,415,46024,64,169695
5245,0.000418,172.31.40.0-255,66,46090,64,169695
5246,0.000463,74.125.24.0-255,331,46421,64,169695
5247,0.000465,172.31.40.0-255,66,46487,64,169695
5248,0.000512,74.125.24.0-255,1484,47971,64,169695
5249,0.000516,74.125.24.0-255,1484,49455,64,169695
5250,0.000519,172.31.40.0-255,66,49521,64,169695
5251,0.000531,74.125.24.0-255,2902,52423,64,169695
5252,0.000533,74.125.24.0-255,1484,53907,64,169695
5253,0.000537,172.31.40.0-255,66,53973,64,169695
5254,0.000553,74.125.24.0-255,7156,61129,64,169695
5255,0.000556,172.31.40.0-255,66,61195,64,169695
5256,0.000587,74.125.24.0-255,2902,64097,64,169695
5257,0.000589,172.31.40.0-255,66,64163,64,169695
5258,0.000621,172.31.40.0-255,66,64229,64,169695
5259,0.000627,74.125.24.0-255,5020,69249,64,169695
5260,0.000629,172.31.40.0-255,66,69315,64,169695
5261,0.000867,74.125.24.0-255,1484,70799,64,169695
5262,0.000887,74.125.24.0-255,2902,73701,64,169695
5263,0.00089,172.31.40.0-255,66,73767,64,169695
5264,0.000896,74.125.24.0-255,5738,79505,64,169695
5265,0.000898,172.31.40.0-255,66,79571,64,169695
5266,0.000914,74.125.24.0-255,1484,81055,64,169695
5267,0.000935,74.125.24.0-255,5738,86793,64,169695
5268,0.000937,172.31.40.0-255,66,86859,64,169695
5269,0.00094,74.125.24.0-255,1484,88343,64,169695
5270,0.000968,172.31.40.0-255,66,88409,64,169695
5271,0.000972,74.125.24.0-255,2184,90593,64,169695
5272,0.000974,172.31.40.0-255,66,90659,64,169695
5273,0.001104,74.125.24.0-255,1484,92143,64,169695
5274,0.001126,74.125.24.0-255,2902,95045,64,169695
5275,0.00113,172.31.40.0-255,66,95111,64,169695
5276,0.001137,74.125.24.0-255,5738,100849,64,169695
5277,0.001139,172.31.40.0-255,66,100915,64,169695
5278,0.001142,74.125.24.0-255,1484,102399,64,169695
5279,0.001165,172.31.40.0-255,66,102465,64,169695
5280,0.001174,172.31.40.0-255,66,102531,64,169695
5281,0.001214,74.125.24.0-255,2184,104715,64,169695
5282,0.001217,172.31.40.0-255,66,104781,64,169695
5283,0.001221,74.125.24.0-255,2902,107683,64,169695
5284,0.001223,172.31.40.0-255,66,107749,64,169695
5285,0.001228,74.125.24.0-255,4320,112069,64,169695
5286,0.001231,172.31.40.0-255,66,112135,64,169695
5287,0.001249,74.125.24.0-255,2902,115037,64,169695
5288,0.001251,172.31.40.0-255,66,115103,64,169695
5289,0.001255,74.125.24.0-255,2902,118005,64,169695
5290,0.001257,172.31.40.0-255,66,118071,64,169695
5291,0.001286,172.31.40.0-255,66,118137,64,169695
5292,0.001296,172.31.40.0-255,66,118203,64,169695
5293,0.001332,74.125.24.0-255,1484,119687,64,169695
5294,0.001337,74.125.24.0-255,2902,122589,64,169695
5295,0.001339,172.31.40.0-255,66,122655,64,169695
5296,0.001358,74.125.24.0-255,5738,128393,64,169695
5297,0.001361,172.31.40.0-255,66,128459,64,169695
5298,0.001401,172.31.40.0-255,66,128525,64,169695
5299,0.001425,74.125.24.0-255,2902,131427,64,169695
5300,0.001427,172.31.40.0-255,66,131493,64,169695
5301,0.00145,172.31.40.0-255,66,131559,64,169695
5302,0.001922,74.125.24.0-255,1484,133043,64,169695
5303,0.00193,74.125.24.0-255,2902,135945,64,169695
5304,0.001935,172.31.40.0-255,66,136011,64,169695
5305,0.001941,74.125.24.0-255,4320,140331,64,169695
5306,0.001942,172.31.40.0-255,66,140397,64,169695
5307,0.001957,74.125.24.0-255,1484,141881,64,169695
5308,0.001963,74.125.24.0-255,5738,147619,64,169695
5309,0.001965,172.31.40.0-255,66,147685,64,169695
5310,0.001995,74.125.24.0-255,7156,154841,64,169695
5311,0.001997,172.31.40.0-255,66,154907,64,169695
5312,0.002009,172.31.40.0-255,66,154973,64,169695
5313,0.002077,172.31.40.0-255,66,155039,64,169695
5314,0.002095,74.125.24.0-255,4320,159359,64,169695
5315,0.002097,172.31.40.0-255,66,159425,64,169695
5316,0.002107,172.31.40.0-255,66,159491,64,169695
5317,0.002146,172.31.40.0-255,66,159557,64,169695
5318,0.002163,172.31.40.0-255,66,159623,64,169695
5319,0.002182,74.125.24.0-255,5020,164643,64,169695
5320,0.002184,172.31.40.0-255,66,164709,64,169695
5321,0.002198,172.31.40.0-255,66,164775,64,169695
5322,0.002227,172.31.40.0-255,66,164841,64,169695
5323,0.002257,172.31.40.0-255,66,164907,64,169695
5324,0.002283,172.31.40.0-255,66,164973,64,169695
5325,0.002296,172.31.40.0-255,66,165039,64,169695
5326,0.002298,74.125.24.0-255,105,165144,64,169695
5327,0.00774,172.31.40.0-255,66,165210,64,169695
5328,0.007772,172.31.40.0-255,105,165315,64,169695
5329,0.010366,74.125.24.0-255,66,165381,64,169695
5330,0.031612,172.31.40.0-255,192,165573,64,169695
5331,0.031642,172.31.40.0-255,1112,166685,64,169695
5332,0.031691,172.31.40.0-255,1514,168199,64,169695
5333,0.031692,172.31.40.0-255,1298,169497,64,169695
5334,0.033156,104.244.42.0-255,66,169563,64,169695
5335,0.033165,104.244.42.0-255,66,169629,64,169695
5336,0.033259,104.244.42.0-255,66,169695,64,169695
5337,0.0,172.217.194.0-255,297,297,64,362091
5338,2.4e-05,172.31.40.0-255,66,363,64,362091
5339,3.1e-05,172.217.194.0-255,1484,1847,64,362091
5340,3.5e-05,172.31.40.0-255,66,1913,64,362091
5341,4.1e-05,172.217.194.0-255,4320,6233,64,362091
5342,4.4e-05,172.31.40.0-255,66,6299,64,362091
5343,5.8e-05,172.217.194.0-255,5738,12037,64,362091
5344,6.2e-05,172.31.40.0-255,66,12103,64,362091
5345,6.6e-05,172.217.194.0-255,1966,14069,64,362091
5346,7.1e-05,172.31.40.0-255,66,14135,64,362091
5347,7.8e-05,172.217.194.0-255,2902,17037,64,362091
5348,8e-05,172.31.40.0-255,66,17103,64,362091
5349,8.5e-05,172.217.194.0-255,2902,20005,64,362091
5350,8.8e-05,172.31.40.0-255,66,20071,64,362091
5351,0.000121,172.217.194.0-255,4320,24391,64,362091
5352,0.000124,172.31.40.0-255,66,24457,64,362091
5353,0.000132,172.217.194.0-255,7156,31613,64,362091
5354,0.000135,172.31.40.0-255,66,31679,64,362091
5355,0.000146,172.31.40.0-255,66,31745,64,362091
5356,0.000189,172.31.40.0-255,66,31811,64,362091
5357,0.000471,172.217.194.0-255,1484,33295,64,362091
5358,0.000477,172.217.194.0-255,2902,36197,64,362091
5359,0.000483,172.31.40.0-255,66,36263,64,362091
5360,0.000487,172.31.40.0-255,66,36329,64,362091
5361,0.000494,172.217.194.0-255,1484,37813,64,362091
5362,0.000496,172.31.40.0-255,66,37879,64,362091
5363,0.000526,172.217.194.0-255,4320,42199,64,362091
5364,0.00053,172.31.40.0-255,66,42265,64,362091
5365,0.000534,172.217.194.0-255,2902,45167,64,362091
5366,0.000537,172.31.40.0-255,66,45233,64,362091
5367,0.000567,172.217.194.0-255,3961,49194,64,362091
5368,0.00057,172.31.40.0-255,66,49260,64,362091
5369,0.000596,172.217.194.0-255,2902,52162,64,362091
5370,0.000599,172.31.40.0-255,66,52228,64,362091
5371,0.000609,172.217.194.0-255,1484,53712,64,362091
5372,0.000619,172.217.194.0-255,2902,56614,64,362091
5373,0.000622,172.31.40.0-255,66,56680,64,362091
5374,0.000625,172.217.194.0-255,1484,58164,64,362091
5375,0.000656,172.217.194.0-255,7156,65320,64,362091
5376,0.000659,172.31.40.0-255,66,65386,64,362091
5377,0.000663,172.217.194.0-255,1704,67090,64,362091
5378,0.000665,172.31.40.0-255,66,67156,64,362091
5379,0.000707,172.217.194.0-255,2902,70058,64,362091
5380,0.00071,172.31.40.0-255,66,70124,64,362091
5381,0.000713,172.217.194.0-255,1484,71608,64,362091
5382,0.000718,172.217.194.0-255,2902,74510,64,362091
5383,0.00072,172.31.40.0-255,66,74576,64,362091
5384,0.000751,172.217.194.0-255,5738,80314,64,362091
5385,0.000754,172.31.40.0-255,66,80380,64,362091
5386,0.000787,172.217.194.0-255,3961,84341,64,362091
5387,0.000791,172.31.40.0-255,66,84407,64,362091
5388,0.000956,172.217.194.0-255,1484,85891,64,362091
5389,0.000979,172.217.194.0-255,2902,88793,64,362091
5390,0.000982,172.31.40.0-255,66,88859,64,362091
5391,0.001007,172.217.194.0-255,5738,94597,64,362091
5392,0.001009,172.31.40.0-255,66,94663,64,362091
5393,0.001037,172.217.194.0-255,6235,100898,64,362091
5394,0.00104,172.31.40.0-255,66,100964,64,362091
5395,0.001615,172.217.194.0-255,1484,102448,64,362091
5396,0.001619,172.217.194.0-255,1484,103932,64,362091
5397,0.001622,172.31.40.0-255,66,103998,64,362091
5398,0.00165,172.217.194.0-255,2902,106900,64,362091
5399,0.001653,172.31.40.0-255,66,106966,64,362091
5400,0.001657,172.217.194.0-255,2902,109868,64,362091
5401,0.001659,172.31.40.0-255,66,109934,64,362091
5402,0.001679,172.217.194.0-255,2902,112836,64,362091
5403,0.001681,172.31.40.0-255,66,112902,64,362091
5404,0.001687,172.217.194.0-255,5738,118640,64,362091
5405,0.001689,172.31.40.0-255,66,118706,64,362091
5406,0.001714,172.217.194.0-255,4320,123026,64,362091
5407,0.001717,172.31.40.0-255,66,123092,64,362091
5408,0.001729,172.31.40.0-255,66,123158,64,362091
5409,0.001732,172.217.194.0-255,766,123924,64,362091
5410,0.001795,172.217.194.0-255,1484,125408,64,362091
5411,0.001799,172.31.40.0-255,66,125474,64,362091
5412,0.001804,172.217.194.0-255,2902,128376,64,362091
5413,0.001806,172.31.40.0-255,66,128442,64,362091
5414,0.001841,172.217.194.0-255,5738,134180,64,362091
5415,0.001844,172.31.40.0-255,66,134246,64,362091
5416,0.00185,172.217.194.0-255,5738,139984,64,362091
5417,0.001853,172.31.40.0-255,66,140050,64,362091
5418,0.00186,172.217.194.0-255,7156,147206,64,362091
5419,0.001862,172.31.40.0-255,66,147272,64,362091
5420,0.00189,172.217.194.0-255,5738,153010,64,362091
5421,0.001892,172.31.40.0-255,66,153076,64,362091
5422,0.001897,172.217.194.0-255,3988,157064,64,362091
5423,0.0019,172.31.40.0-255,66,157130,64,362091
5424,0.001951,172.217.194.0-255,1484,158614,64,362091
5425,0.001956,172.217.194.0-255,1484,160098,64,362091
5426,0.001959,172.31.40.0-255,66,160164,64,362091
5427,0.001983,172.217.194.0-255,1484,161648,64,362091
5428,0.00199,172.217.194.0-255,5738,167386,64,362091
5429,0.001995,172.217.194.0-255,5738,173124,64,362091
5430,0.002001,172.31.40.0-255,66,173190,64,362091
5431,0.002003,172.31.40.0-255,66,173256,64,362091
5432,0.002032,172.31.40.0-255,66,173322,64,362091
5433,0.002069,172.217.194.0-255,1484,174806,64,362091
5434,0.002074,172.31.40.0-255,66,174872,64,362091
5435,0.004149,172.217.194.0-255,4320,179192,64,362091
5436,0.004156,172.31.40.0-255,66,179258,64,362091
5437,0.006226,172.217.194.0-255,5738,184996,64,362091
5438,0.00623,172.31.40.0-255,66,185062,64,362091
5439,0.008251,172.217.194.0-255,5738,190800,64,362091
5440,0.008258,172.31.40.0-255,66,190866,64,362091
5441,0.010273,172.217.194.0-255,5738,196604,64,362091
5442,0.01028,172.31.40.0-255,66,196670,64,362091
5443,0.01232,172.217.194.0-255,5738,202408,64,362091
5444,0.01233,172.31.40.0-255,66,202474,64,362091
5445,0.014342,172.217.194.0-255,5738,208212,64,362091
5446,0.014352,172.31.40.0-255,66,208278,64,362091
5447,0.016402,172.217.194.0-255,5738,214016,64,362091
5448,0.016414,172.31.40.0-255,66,214082,64,362091
5449,0.018436,172.217.194.0-255,4320,218402,64,362091
5450,0.018444,172.31.40.0-255,66,218468,64,362091
5451,0.018471,172.217.194.0-255,1484,219952,64,362091
5452,0.020464,172.217.194.0-255,4320,224272,64,362091
5453,0.020477,172.31.40.0-255,66,224338,64,362091
5454,0.022525,172.217.194.0-255,5738,230076,64,362091
5455,0.022538,172.31.40.0-255,66,230142,64,362091
5456,0.024547,172.217.194.0-255,5738,235880,64,362091
5457,0.024561,172.31.40.0-255,66,235946,64,362091
5458,0.026558,172.217.194.0-255,5738,241684,64,362091
5459,0.026566,172.31.40.0-255,66,241750,64,362091
5460,0.02857,172.217.194.0-255,5738,247488,64,362091
5461,0.028577,172.31.40.0-255,66,247554,64,362091
5462,0.030564,172.217.194.0-255,5738,253292,64,362091
5463,0.030571,172.31.40.0-255,66,253358,64,362091
5464,0.032558,172.217.194.0-255,5738,259096,64,362091
5465,0.032565,172.31.40.0-255,66,259162,64,362091
5466,0.034587,172.217.194.0-255,5738,264900,64,362091
5467,0.034594,172.31.40.0-255,66,264966,64,362091
5468,0.036274,172.31.40.0-255,167,265133,64,362091
5469,0.036303,172.31.40.0-255,1107,266240,64,362091
5470,0.03636,172.31.40.0-255,1514,267754,64,362091
5471,0.036362,172.31.40.0-255,338,268092,64,362091
5472,0.0366,172.217.194.0-255,5738,273830,64,362091
5473,0.036606,172.31.40.0-255,66,273896,64,362091
5474,0.03782,104.244.42.0-255,66,273962,64,362091
5475,0.037849,104.244.42.0-255,66,274028,64,362091
5476,0.037958,104.244.42.0-255,66,274094,64,362091
5477,0.038676,172.217.194.0-255,5738,279832,64,362091
5478,0.038681,172.31.40.0-255,66,279898,64,362091
5479,0.040707,172.217.194.0-255,5738,285636,64,362091
5480,0.040713,172.31.40.0-255,66,285702,64,362091
5481,0.042717,172.217.194.0-255,5738,291440,64,362091
5482,0.042723,172.31.40.0-255,66,291506,64,362091
5483,0.044731,172.217.194.0-255,5738,297244,64,362091
5484,0.044738,172.31.40.0-255,66,297310,64,362091
5485,0.04679,172.217.194.0-255,5738,303048,64,362091
5486,0.046797,172.31.40.0-255,66,303114,64,362091
5487,0.048805,172.217.194.0-255,5738,308852,64,362091
5488,0.048811,172.31.40.0-255,66,308918,64,362091
5489,0.050843,172.217.194.0-255,5738,314656,64,362091
5490,0.050849,172.31.40.0-255,66,314722,64,362091
5491,0.052861,172.217.194.0-255,5738,320460,64,362091
5492,0.052868,172.31.40.0-255,66,320526,64,362091
5493,0.054857,172.217.194.0-255,5738,326264,64,362091
5494,0.054866,172.31.40.0-255,66,326330,64,362091
5495,0.056936,172.217.194.0-255,5738,332068,64,362091
5496,0.056948,172.31.40.0-255,66,332134,64,362091
5497,0.059018,172.217.194.0-255,5738,337872,64,362091
5498,0.059027,172.31.40.0-255,66,337938,64,362091
5499,0.061046,172.217.194.0-255,5738,343676,64,362091
5500,0.061053,172.31.40.0-255,66,343742,64,362091
5501,0.063111,172.217.194.0-255,5738,349480,64,362091
5502,0.063118,172.31.40.0-255,66,349546,64,362091
5503,0.065149,172.217.194.0-255,5738,355284,64,362091
5504,0.065156,172.31.40.0-255,66,355350,64,362091
5505,0.067183,172.217.194.0-255,5738,361088,64,362091
5506,0.067189,172.31.40.0-255,66,361154,64,362091
5507,0.069185,172.217.194.0-255,700,361854,64,362091
5508,0.069323,172.31.40.0-255,66,361920,64,362091
5509,0.069361,172.31.40.0-255,105,362025,64,362091
5510,0.071322,172.217.194.0-255,66,362091,64,362091
5511,0.0,172.217.194.0-255,152,152,64,139689
5512,2.5e-05,172.31.40.0-255,66,218,64,139689
5513,3.2e-05,172.217.194.0-255,1484,1702,64,139689
5514,3.7e-05,172.31.40.0-255,66,1768,64,139689
5515,4.3e-05,172.217.194.0-255,2902,4670,64,139689
5516,4.7e-05,172.31.40.0-255,66,4736,64,139689
5517,5.4e-05,172.217.194.0-255,7156,11892,64,139689
5518,5.7e-05,172.31.40.0-255,66,11958,64,139689
5519,6.2e-05,172.217.194.0-255,2137,14095,64,139689
5520,6.4e-05,172.31.40.0-255,66,14161,64,139689
5521,6.9e-05,172.217.194.0-255,1484,15645,64,139689
5522,7.1e-05,172.31.40.0-255,66,15711,64,139689
5523,9.7e-05,172.217.194.0-255,1484,17195,64,139689
5524,0.0001,172.31.40.0-255,66,17261,64,139689
5525,0.000107,172.217.194.0-255,7156,24417,64,139689
5526,0.00011,172.31.40.0-255,66,24483,64,139689
5527,0.000115,172.217.194.0-255,4320,28803,64,139689
5528,0.000118,172.31.40.0-255,66,28869,64,139689
5529,0.000137,172.217.194.0-255,2543,31412,64,139689
5530,0.000139,172.31.40.0-255,66,31478,64,139689
5531,0.000163,172.217.194.0-255,1484,32962,64,139689
5532,0.000165,172.31.40.0-255,66,33028,64,139689
5533,0.000169,172.217.194.0-255,2902,35930,64,139689
5534,0.000172,172.31.40.0-255,66,35996,64,139689
5535,0.000196,172.217.194.0-255,5738,41734,64,139689
5536,0.000199,172.31.40.0-255,66,41800,64,139689
5537,0.000216,172.217.194.0-255,5738,47538,64,139689
5538,0.000219,172.31.40.0-255,66,47604,64,139689
5539,0.000249,172.31.40.0-255,66,47670,64,139689
5540,0.000265,172.217.194.0-255,1484,49154,64,139689
5541,0.000268,172.31.40.0-255,66,49220,64,139689
5542,0.000287,172.31.40.0-255,66,49286,64,139689
5543,0.000304,172.217.194.0-255,382,49668,64,139689
5544,0.000567,172.217.194.0-255,1484,51152,64,139689
5545,0.000572,172.31.40.0-255,66,51218,64,139689
5546,0.000579,172.217.194.0-255,2902,54120,64,139689
5547,0.000581,172.31.40.0-255,66,54186,64,139689
5548,0.000588,172.217.194.0-255,5738,59924,64,139689
5549,0.00059,172.31.40.0-255,66,59990,64,139689
5550,0.000628,172.31.40.0-255,66,60056,64,139689
5551,0.000639,172.31.40.0-255,66,60122,64,139689
5552,0.000663,172.217.194.0-255,2184,62306,64,139689
5553,0.000666,172.31.40.0-255,66,62372,64,139689
5554,0.00123,172.217.194.0-255,1484,63856,64,139689
5555,0.001236,172.217.194.0-255,2902,66758,64,139689
5556,0.00124,172.31.40.0-255,66,66824,64,139689
5557,0.001246,172.217.194.0-255,4320,71144,64,139689
5558,0.001248,172.31.40.0-255,66,71210,64,139689
5559,0.001262,172.217.194.0-255,1484,72694,64,139689
5560,0.001265,172.217.194.0-255,1484,74178,64,139689
5561,0.001267,172.31.40.0-255,66,74244,64,139689
5562,0.001305,172.31.40.0-255,66,74310,64,139689
5563,0.001319,172.31.40.0-255,66,74376,64,139689
5564,0.00139,172.217.194.0-255,1484,75860,64,139689
5565,0.001396,172.217.194.0-255,2902,78762,64,139689
5566,0.001399,172.31.40.0-255,66,78828,64,139689
5567,0.001415,172.217.194.0-255,2902,81730,64,139689
5568,0.001417,172.31.40.0-255,66,81796,64,139689
5569,0.001441,172.217.194.0-255,2902,84698,64,139689
5570,0.001444,172.31.40.0-255,66,84764,64,139689
5571,0.001457,172.31.40.0-255,66,84830,64,139689
5572,0.00146,172.217.194.0-255,1484,86314,64,139689
5573,0.001488,172.217.194.0-255,2902,89216,64,139689
5574,0.001491,172.31.40.0-255,66,89282,64,139689
5575,0.001542,172.217.194.0-255,4320,93602,64,139689
5576,0.001547,172.31.40.0-255,66,93668,64,139689
5577,0.00155,172.31.40.0-255,66,93734,64,139689
5578,0.001552,172.31.40.0-255,66,93800,64,139689
5579,0.001575,172.217.194.0-255,5020,98820,64,139689
5580,0.001578,172.31.40.0-255,66,98886,64,139689
5581,0.001595,172.217.194.0-255,2902,101788,64,139689
5582,0.001597,172.31.40.0-255,66,101854,64,139689
5583,0.001641,172.31.40.0-255,66,101920,64,139689
5584,0.001654,172.31.40.0-255,66,101986,64,139689
5585,0.001688,172.217.194.0-255,3602,105588,64,139689
5586,0.001751,172.31.40.0-255,66,105654,64,139689
5587,0.00176,172.31.40.0-255,66,105720,64,139689
5588,0.001763,172.31.40.0-255,66,105786,64,139689
5589,0.001787,172.31.40.0-255,66,105852,64,139689
5590,0.001797,172.31.40.0-255,66,105918,64,139689
5591,0.00184,172.31.40.0-255,66,105984,64,139689
5592,0.00186,172.217.194.0-255,1484,107468,64,139689
5593,0.001876,172.217.194.0-255,766,108234,64,139689
5594,0.001894,172.31.40.0-255,66,108300,64,139689
5595,0.001913,172.31.40.0-255,66,108366,64,139689
5596,0.001943,172.217.194.0-255,5738,114104,64,139689
5597,0.001969,172.31.40.0-255,66,114170,64,139689
5598,0.002006,172.217.194.0-255,1484,115654,64,139689
5599,0.002011,172.217.194.0-255,2902,118556,64,139689
5600,0.002022,172.31.40.0-255,66,118622,64,139689
5601,0.002036,172.217.194.0-255,5738,124360,64,139689
5602,0.002049,172.31.40.0-255,66,124426,64,139689
5603,0.002068,172.31.40.0-255,66,124492,64,139689
5604,0.002095,172.217.194.0-255,4320,128812,64,139689
5605,0.002111,172.217.194.0-255,4458,133270,64,139689
5606,0.002136,172.31.40.0-255,66,133336,64,139689
5607,0.002163,172.217.194.0-255,105,133441,64,139689
5608,0.004292,172.31.40.0-255,66,133507,64,139689
5609,0.004331,172.31.40.0-255,105,133612,64,139689
5610,0.006551,172.217.194.0-255,66,133678,64,139689
5611,0.037387,172.31.40.0-255,172,133850,64,139689
5612,0.03742,172.31.40.0-255,1107,134957,64,139689
5613,0.037483,172.31.40.0-255,1514,136471,64,139689
5614,0.037484,172.31.40.0-255,1514,137985,64,139689
5615,0.037486,172.31.40.0-255,1514,139499,64,139689
5616,0.037487,172.31.40.0-255,124,139623,64,139689
5617,0.039524,104.244.42.0-255,66,139689,64,139689
5618,0.0,216.58.221.0-255,150,150,64,260373
5619,2.3e-05,172.31.40.0-255,66,216,64,260373
5620,2.9e-05,216.58.221.0-255,1484,1700,64,260373
5621,3.5e-05,172.31.40.0-255,66,1766,64,260373
5622,4.8e-05,216.58.221.0-255,2902,4668,64,260373
5623,5.2e-05,172.31.40.0-255,66,4734,64,260373
5624,6e-05,216.58.221.0-255,5738,10472,64,260373
5625,6.4e-05,172.31.40.0-255,66,10538,64,260373
5626,6.7e-05,216.58.221.0-255,1484,12022,64,260373
5627,7.1e-05,172.31.40.0-255,66,12088,64,260373
5628,0.000115,172.31.40.0-255,66,12154,64,260373
5629,0.000133,172.31.40.0-255,66,12220,64,260373
5630,0.00015,216.58.221.0-255,1125,13345,64,260373
5631,0.000153,172.31.40.0-255,66,13411,64,260373
5632,0.000455,216.58.221.0-255,1484,14895,64,260373
5633,0.000475,172.31.40.0-255,66,14961,64,260373
5634,0.000481,216.58.221.0-255,2902,17863,64,260373
5635,0.000484,172.31.40.0-255,66,17929,64,260373
5636,0.000496,216.58.221.0-255,5738,23667,64,260373
5637,0.000498,172.31.40.0-255,66,23733,64,260373
5638,0.000506,216.58.221.0-255,6797,30530,64,260373
5639,0.000509,172.31.40.0-255,66,30596,64,260373
5640,0.000533,216.58.221.0-255,5738,36334,64,260373
5641,0.000536,172.31.40.0-255,66,36400,64,260373
5642,0.000575,172.31.40.0-255,66,36466,64,260373
5643,0.000601,216.58.221.0-255,2543,39009,64,260373
5644,0.000604,172.31.40.0-255,66,39075,64,260373
5645,0.000743,216.58.221.0-255,391,39466,64,260373
5646,0.000747,172.31.40.0-255,66,39532,64,260373
5647,0.001985,216.58.221.0-255,119,39651,64,260373
5648,0.002655,216.58.221.0-255,2902,42553,64,260373
5649,0.00266,172.31.40.0-255,66,42619,64,260373
5650,0.002787,216.58.221.0-255,1484,44103,64,260373
5651,0.004722,216.58.221.0-255,4320,48423,64,260373
5652,0.004726,172.31.40.0-255,66,48489,64,260373
5653,0.006797,216.58.221.0-255,5738,54227,64,260373
5654,0.006805,172.31.40.0-255,66,54293,64,260373
5655,0.008877,216.58.221.0-255,5738,60031,64,260373
5656,0.008889,172.31.40.0-255,66,60097,64,260373
5657,0.010957,216.58.221.0-255,5738,65835,64,260373
5658,0.010969,172.31.40.0-255,66,65901,64,260373
5659,0.01304,216.58.221.0-255,5738,71639,64,260373
5660,0.013051,172.31.40.0-255,66,71705,64,260373
5661,0.01512,216.58.221.0-255,4320,76025,64,260373
5662,0.015131,172.31.40.0-255,66,76091,64,260373
5663,0.015161,216.58.221.0-255,1484,77575,64,260373
5664,0.017207,216.58.221.0-255,4320,81895,64,260373
5665,0.017224,172.31.40.0-255,66,81961,64,260373
5666,0.019295,216.58.221.0-255,5738,87699,64,260373
5667,0.019303,172.31.40.0-255,66,87765,64,260373
5668,0.021373,216.58.221.0-255,5738,93503,64,260373
5669,0.021381,172.31.40.0-255,66,93569,64,260373
5670,0.02345,216.58.221.0-255,5738,99307,64,260373
5671,0.023456,172.31.40.0-255,66,99373,64,260373
5672,0.024691,172.31.40.0-255,172,99545,64,260373
5673,0.024729,172.31.40.0-255,1110,100655,64,260373
5674,0.024786,172.31.40.0-255,1514,102169,64,260373
5675,0.024788,172.31.40.0-255,1298,103467,64,260373
5676,0.025519,216.58.221.0-255,5738,109205,64,260373
5677,0.025525,172.31.40.0-255,66,109271,64,260373
5678,0.026373,104.244.42.0-255,66,109337,64,260373
5679,0.026415,104.244.42.0-255,66,109403,64,260373
5680,0.026477,104.244.42.0-255,66,109469,64,260373
5681,0.027591,216.58.221.0-255,5738,115207,64,260373
5682,0.027599,172.31.40.0-255,66,115273,64,260373
5683,0.029673,216.58.221.0-255,5738,121011,64,260373
5684,0.029679,172.31.40.0-255,66,121077,64,260373
5685,0.031763,216.58.221.0-255,5738,126815,64,260373
5686,0.031768,172.31.40.0-255,66,126881,64,260373
5687,0.033833,216.58.221.0-255,5738,132619,64,260373
5688,0.03384,172.31.40.0-255,66,132685,64,260373
5689,0.035907,216.58.221.0-255,5738,138423,64,260373
5690,0.035914,172.31.40.0-255,66,138489,64,260373
5691,0.037988,216.58.221.0-255,5738,144227,64,260373
5692,0.037994,172.31.40.0-255,66,144293,64,260373
5693,0.040062,216.58.221.0-255,5738,150031,64,260373
5694,0.040068,172.31.40.0-255,66,150097,64,260373
5695,0.042131,216.58.221.0-255,5738,155835,64,260373
5696,0.042138,172.31.40.0-255,66,155901,64,260373
5697,0.044207,216.58.221.0-255,5738,161639,64,260373
5698,0.044214,172.31.40.0-255,66,161705,64,260373
5699,0.046283,216.58.221.0-255,5738,167443,64,260373
5700,0.046289,172.31.40.0-255,66,167509,64,260373
5701,0.048358,216.58.221.0-255,5738,173247,64,260373
5702,0.048365,172.31.40.0-255,66,173313,64,260373
5703,0.050428,216.58.221.0-255,5738,179051,64,260373
5704,0.050435,172.31.40.0-255,66,179117,64,260373
5705,0.052513,216.58.221.0-255,5738,184855,64,260373
5706,0.05252,172.31.40.0-255,66,184921,64,260373
5707,0.054587,216.58.221.0-255,5738,190659,64,260373
5708,0.054597,172.31.40.0-255,66,190725,64,260373
5709,0.056672,216.58.221.0-255,5738,196463,64,260373
5710,0.056679,172.31.40.0-255,66,196529,64,260373
5711,0.058753,216.58.221.0-255,5738,202267,64,260373
5712,0.05876,172.31.40.0-255,66,202333,64,260373
5713,0.060837,216.58.221.0-255,5738,208071,64,260373
5714,0.060844,172.31.40.0-255,66,208137,64,260373
5715,0.062917,216.58.221.0-255,5738,213875,64,260373
5716,0.062923,172.31.40.0-255,66,213941,64,260373
5717,0.064993,216.58.221.0-255,5738,219679,64,260373
5718,0.064998,172.31.40.0-255,66,219745,64,260373
5719,0.067127,216.58.221.0-255,5738,225483,64,260373
5720,0.067135,172.31.40.0-255,66,225549,64,260373
5721,0.069204,216.58.221.0-255,5738,231287,64,260373
5722,0.06921,172.31.40.0-255,66,231353,64,260373
5723,0.071286,216.58.221.0-255,5738,237091,64,260373
5724,0.071292,172.31.40.0-255,66,237157,64,260373
5725,0.073355,216.58.221.0-255,5738,242895,64,260373
5726,0.073361,172.31.40.0-255,66,242961,64,260373
5727,0.075428,216.58.221.0-255,5738,248699,64,260373
5728,0.075433,172.31.40.0-255,66,248765,64,260373
5729,0.077517,216.58.221.0-255,5738,254503,64,260373
5730,0.077524,172.31.40.0-255,66,254569,64,260373
5731,0.079597,216.58.221.0-255,5738,260307,64,260373
5732,0.079603,172.31.40.0-255,66,260373,64,260373
5733,0.0,172.217.194.0-255,292,292,64,211815
5734,2.3e-05,172.31.40.0-255,66,358,64,211815
5735,3e-05,172.217.194.0-255,1484,1842,64,211815
5736,3.4e-05,172.31.40.0-255,66,1908,64,211815
5737,4.1e-05,172.217.194.0-255,4320,6228,64,211815
5738,5.1e-05,172.31.40.0-255,66,6294,64,211815
5739,6.3e-05,172.31.40.0-255,66,6360,64,211815
5740,6.9e-05,172.217.194.0-255,5738,12098,64,211815
5741,7.1e-05,172.31.40.0-255,66,12164,64,211815
5742,0.000122,172.31.40.0-255,66,12230,64,211815
5743,0.00016,172.31.40.0-255,66,12296,64,211815
5744,0.000165,172.217.194.0-255,2902,15198,64,211815
5745,0.000167,172.31.40.0-255,66,15264,64,211815
5746,0.000194,172.217.194.0-255,3961,19225,64,211815
5747,0.000196,172.31.40.0-255,66,19291,64,211815
5748,0.000237,172.31.40.0-255,66,19357,64,211815
5749,0.000261,172.217.194.0-255,1375,20732,64,211815
5750,0.000263,172.31.40.0-255,66,20798,64,211815
5751,0.000267,172.217.194.0-255,115,20913,64,211815
5752,0.000269,172.31.40.0-255,66,20979,64,211815
5753,0.000271,172.217.194.0-255,386,21365,64,211815
5754,0.000274,172.31.40.0-255,66,21431,64,211815
5755,0.000324,172.217.194.0-255,1484,22915,64,211815
5756,0.000327,172.31.40.0-255,66,22981,64,211815
5757,0.000331,172.217.194.0-255,2902,25883,64,211815
5758,0.000333,172.31.40.0-255,66,25949,64,211815
5759,0.000352,172.217.194.0-255,4320,30269,64,211815
5760,0.000355,172.31.40.0-255,66,30335,64,211815
5761,0.000376,172.217.194.0-255,1484,31819,64,211815
5762,0.000384,172.217.194.0-255,6797,38616,64,211815
5763,0.000387,172.31.40.0-255,66,38682,64,211815
5764,0.000417,172.217.194.0-255,7156,45838,64,211815
5765,0.000419,172.31.40.0-255,66,45904,64,211815
5766,0.000426,172.217.194.0-255,7156,53060,64,211815
5767,0.000429,172.31.40.0-255,66,53126,64,211815
5768,0.000486,172.217.194.0-255,2543,55669,64,211815
5769,0.000489,172.31.40.0-255,66,55735,64,211815
5770,0.000867,172.217.194.0-255,1484,57219,64,211815
5771,0.000873,172.217.194.0-255,2902,60121,64,211815
5772,0.000878,172.217.194.0-255,5738,65859,64,211815
5773,0.000892,172.31.40.0-255,66,65925,64,211815
5774,0.000895,172.31.40.0-255,66,65991,64,211815
5775,0.000927,172.217.194.0-255,7156,73147,64,211815
5776,0.00093,172.31.40.0-255,66,73213,64,211815
5777,0.000965,172.217.194.0-255,5738,78951,64,211815
5778,0.000967,172.31.40.0-255,66,79017,64,211815
5779,0.000986,172.31.40.0-255,66,79083,64,211815
5780,0.000991,172.217.194.0-255,2902,81985,64,211815
5781,0.000993,172.31.40.0-255,66,82051,64,211815
5782,0.00104,172.31.40.0-255,66,82117,64,211815
5783,0.00106,172.31.40.0-255,66,82183,64,211815
5784,0.001065,172.217.194.0-255,3602,85785,64,211815
5785,0.001067,172.31.40.0-255,66,85851,64,211815
5786,0.001078,172.217.194.0-255,1484,87335,64,211815
5787,0.001117,172.31.40.0-255,66,87401,64,211815
5788,0.00112,172.217.194.0-255,1484,88885,64,211815
5789,0.001156,172.31.40.0-255,66,88951,64,211815
5790,0.001278,172.217.194.0-255,1484,90435,64,211815
5791,0.001299,172.217.194.0-255,2902,93337,64,211815
5792,0.001302,172.31.40.0-255,66,93403,64,211815
5793,0.001309,172.217.194.0-255,5738,99141,64,211815
5794,0.001312,172.31.40.0-255,66,99207,64,211815
5795,0.001332,172.31.40.0-255,66,99273,64,211815
5796,0.001337,172.217.194.0-255,4320,103593,64,211815
5797,0.00134,172.31.40.0-255,66,103659,64,211815
5798,0.001377,172.217.194.0-255,6438,110097,64,211815
5799,0.00138,172.31.40.0-255,66,110163,64,211815
5800,0.001509,172.217.194.0-255,1484,111647,64,211815
5801,0.001534,172.217.194.0-255,2902,114549,64,211815
5802,0.001538,172.31.40.0-255,66,114615,64,211815
5803,0.001545,172.217.194.0-255,5738,120353,64,211815
5804,0.001547,172.31.40.0-255,66,120419,64,211815
5805,0.001557,172.217.194.0-255,4320,124739,64,211815
5806,0.00156,172.31.40.0-255,66,124805,64,211815
5807,0.001571,172.217.194.0-255,2902,127707,64,211815
5808,0.001573,172.31.40.0-255,66,127773,64,211815
5809,0.001587,172.217.194.0-255,7156,134929,64,211815
5810,0.001593,172.31.40.0-255,66,134995,64,211815
5811,0.001627,172.217.194.0-255,7156,142151,64,211815
5812,0.00163,172.31.40.0-255,66,142217,64,211815
5813,0.001634,172.217.194.0-255,2184,144401,64,211815
5814,0.001636,172.31.40.0-255,66,144467,64,211815
5815,0.001709,172.217.194.0-255,1484,145951,64,211815
5816,0.001729,172.217.194.0-255,2902,148853,64,211815
5817,0.001732,172.31.40.0-255,66,148919,64,211815
5818,0.001738,172.217.194.0-255,4320,153239,64,211815
5819,0.001741,172.31.40.0-255,66,153305,64,211815
5820,0.001772,172.217.194.0-255,1484,154789,64,211815
5821,0.001784,172.31.40.0-255,66,154855,64,211815
5822,0.001826,172.217.194.0-255,1484,156339,64,211815
5823,0.001856,172.31.40.0-255,66,156405,64,211815
5824,0.001861,172.217.194.0-255,5020,161425,64,211815
5825,0.001864,172.31.40.0-255,66,161491,64,211815
5826,0.001875,172.217.194.0-255,5738,167229,64,211815
5827,0.001878,172.31.40.0-255,66,167295,64,211815
5828,0.001889,172.31.40.0-255,66,167361,64,211815
5829,0.001902,172.31.40.0-255,66,167427,64,211815
5830,0.001935,172.217.194.0-255,4320,171747,64,211815
5831,0.001953,172.217.194.0-255,3602,175349,64,211815
5832,0.001959,172.217.194.0-255,5738,181087,64,211815
5833,0.00197,172.31.40.0-255,66,181153,64,211815
5834,0.002026,172.217.194.0-255,6438,187591,64,211815
5835,0.002028,172.217.194.0-255,1484,189075,64,211815
5836,0.002048,172.217.194.0-255,4320,193395,64,211815
5837,0.002098,172.217.194.0-255,7156,200551,64,211815
5838,0.002131,172.217.194.0-255,4320,204871,64,211815
5839,0.002145,172.217.194.0-255,1783,206654,64,211815
5840,0.002148,172.217.194.0-255,105,206759,64,211815
5841,0.006773,172.31.40.0-255,66,206825,64,211815
5842,0.00678,172.31.40.0-255,66,206891,64,211815
5843,0.006783,172.31.40.0-255,66,206957,64,211815
5844,0.006785,172.31.40.0-255,66,207023,64,211815
5845,0.006797,172.31.40.0-255,66,207089,64,211815
5846,0.006802,172.31.40.0-255,66,207155,64,211815
5847,0.006813,172.31.40.0-255,66,207221,64,211815
5848,0.006815,172.31.40.0-255,66,207287,64,211815
5849,0.006827,172.31.40.0-255,66,207353,64,211815
5850,0.00952,172.31.40.0-255,105,207458,64,211815
5851,0.011987,172.217.194.0-255,66,207524,64,211815
5852,0.031679,172.31.40.0-255,171,207695,64,211815
5853,0.031713,172.31.40.0-255,1132,208827,64,211815
5854,0.031774,172.31.40.0-255,1514,210341,64,211815
5855,0.031775,172.31.40.0-255,1276,211617,64,211815
5856,0.033366,104.244.42.0-255,66,211683,64,211815
5857,0.033404,104.244.42.0-255,66,211749,64,211815
5858,0.033456,104.244.42.0-255,66,211815,64,211815
5859,0.0,172.217.194.0-255,153,153,64,211556
5860,3.4e-05,172.31.40.0-255,66,219,64,211556
5861,4.1e-05,172.217.194.0-255,1484,1703,64,211556
5862,4.5e-05,172.31.40.0-255,66,1769,64,211556
5863,5.1e-05,172.217.194.0-255,2902,4671,64,211556
5864,5.4e-05,172.31.40.0-255,66,4737,64,211556
5865,6.2e-05,172.217.194.0-255,7156,11893,64,211556
5866,6.5e-05,172.31.40.0-255,66,11959,64,211556
5867,6.9e-05,172.217.194.0-255,2101,14060,64,211556
5868,7.2e-05,172.31.40.0-255,66,14126,64,211556
5869,9.8e-05,172.217.194.0-255,2902,17028,64,211556
5870,0.0001,172.31.40.0-255,66,17094,64,211556
5871,0.000125,172.217.194.0-255,4320,21414,64,211556
5872,0.000128,172.31.40.0-255,66,21480,64,211556
5873,0.000138,172.31.40.0-255,66,21546,64,211556
5874,0.000142,172.217.194.0-255,1125,22671,64,211556
5875,0.000143,172.31.40.0-255,66,22737,64,211556
5876,0.000212,172.217.194.0-255,1484,24221,64,211556
5877,0.000215,172.31.40.0-255,66,24287,64,211556
5878,0.000219,172.217.194.0-255,2902,27189,64,211556
5879,0.000221,172.31.40.0-255,66,27255,64,211556
5880,0.000226,172.217.194.0-255,2902,30157,64,211556
5881,0.000228,172.31.40.0-255,66,30223,64,211556
5882,0.000246,172.217.194.0-255,2902,33125,64,211556
5883,0.000248,172.31.40.0-255,66,33191,64,211556
5884,0.000252,172.217.194.0-255,1484,34675,64,211556
5885,0.000253,172.31.40.0-255,66,34741,64,211556
5886,0.000279,172.217.194.0-255,5379,40120,64,211556
5887,0.000281,172.31.40.0-255,66,40186,64,211556
5888,0.000286,172.217.194.0-255,2902,43088,64,211556
5889,0.000288,172.31.40.0-255,66,43154,64,211556
5890,0.000317,172.217.194.0-255,4320,47474,64,211556
5891,0.00033,172.217.194.0-255,432,47906,64,211556
5892,0.000486,172.31.40.0-255,66,47972,64,211556
5893,0.000603,172.217.194.0-255,1484,49456,64,211556
5894,0.000611,172.217.194.0-255,2902,52358,64,211556
5895,0.000614,172.217.194.0-255,1484,53842,64,211556
5896,0.00062,172.31.40.0-255,66,53908,64,211556
5897,0.000637,172.217.194.0-255,4320,58228,64,211556
5898,0.000652,172.217.194.0-255,1484,59712,64,211556
5899,0.00066,172.31.40.0-255,66,59778,64,211556
5900,0.000694,172.217.194.0-255,2902,62680,64,211556
5901,0.000704,172.31.40.0-255,66,62746,64,211556
5902,0.000724,172.217.194.0-255,2902,65648,64,211556
5903,0.000739,172.217.194.0-255,5020,70668,64,211556
5904,0.000745,172.31.40.0-255,66,70734,64,211556
5905,0.000887,172.217.194.0-255,1484,72218,64,211556
5906,0.000891,172.217.194.0-255,1484,73702,64,211556
5907,0.000907,172.217.194.0-255,1484,75186,64,211556
5908,0.000913,172.217.194.0-255,5738,80924,64,211556
5909,0.000925,172.217.194.0-255,2902,83826,64,211556
5910,0.000934,172.31.40.0-255,66,83892,64,211556
5911,0.000953,172.217.194.0-255,1484,85376,64,211556
5912,0.000956,172.31.40.0-255,66,85442,64,211556
5913,0.000974,172.217.194.0-255,1484,86926,64,211556
5914,0.000983,172.31.40.0-255,66,86992,64,211556
5915,0.00103,172.31.40.0-255,66,87058,64,211556
5916,0.001227,172.217.194.0-255,1484,88542,64,211556
5917,0.001234,172.217.194.0-255,2902,91444,64,211556
5918,0.001237,172.217.194.0-255,1484,92928,64,211556
5919,0.001256,172.217.194.0-255,4320,97248,64,211556
5920,0.001261,172.217.194.0-255,4320,101568,64,211556
5921,0.001268,172.31.40.0-255,66,101634,64,211556
5922,0.001324,172.217.194.0-255,5738,107372,64,211556
5923,0.00134,172.217.194.0-255,5020,112392,64,211556
5924,0.00135,172.31.40.0-255,66,112458,64,211556
5925,0.001514,172.217.194.0-255,1484,113942,64,211556
5926,0.001529,172.217.194.0-255,2902,116844,64,211556
5927,0.001533,172.31.40.0-255,66,116910,64,211556
5928,0.00154,172.217.194.0-255,5738,122648,64,211556
5929,0.001545,172.217.194.0-255,4320,126968,64,211556
5930,0.001562,172.217.194.0-255,2902,129870,64,211556
5931,0.001566,172.31.40.0-255,66,129936,64,211556
5932,0.001596,172.217.194.0-255,4320,134256,64,211556
5933,0.001601,172.217.194.0-255,2184,136440,64,211556
5934,0.001617,172.31.40.0-255,66,136506,64,211556
5935,0.001877,172.217.194.0-255,1484,137990,64,211556
5936,0.001884,172.217.194.0-255,2902,140892,64,211556
5937,0.001887,172.31.40.0-255,66,140958,64,211556
5938,0.001893,172.217.194.0-255,4320,145278,64,211556
5939,0.001897,172.31.40.0-255,66,145344,64,211556
5940,0.001908,172.217.194.0-255,1484,146828,64,211556
5941,0.001932,172.217.194.0-255,2902,149730,64,211556
5942,0.001947,172.217.194.0-255,7156,156886,64,211556
5943,0.001953,172.31.40.0-255,66,156952,64,211556
5944,0.001975,172.217.194.0-255,6438,163390,64,211556
5945,0.00198,172.217.194.0-255,4320,167710,64,211556
5946,0.001994,172.31.40.0-255,66,167776,64,211556
5947,0.002013,172.31.40.0-255,66,167842,64,211556
5948,0.002035,172.217.194.0-255,1484,169326,64,211556
5949,0.002062,172.217.194.0-255,1484,170810,64,211556
5950,0.002078,172.217.194.0-255,5738,176548,64,211556
5951,0.002132,172.217.194.0-255,2902,179450,64,211556
5952,0.002171,172.217.194.0-255,766,180216,64,211556
5953,0.00219,172.217.194.0-255,5738,185954,64,211556
5954,0.002297,172.217.194.0-255,4320,190274,64,211556
5955,0.002348,172.217.194.0-255,5738,196012,64,211556
5956,0.002477,172.217.194.0-255,5738,201750,64,211556
5957,0.002492,172.217.194.0-255,5275,207025,64,211556
5958,0.008287,172.31.40.0-255,66,207091,64,211556
5959,0.010607,172.31.40.0-255,105,207196,64,211556
5960,0.012963,172.217.194.0-255,66,207262,64,211556
5961,0.031302,172.31.40.0-255,172,207434,64,211556
5962,0.031333,172.31.40.0-255,1110,208544,64,211556
5963,0.03139,172.31.40.0-255,1514,210058,64,211556
5964,0.031393,172.31.40.0-255,1300,211358,64,211556
5965,0.032911,104.244.42.0-255,66,211424,64,211556
5966,0.032948,104.244.42.0-255,66,211490,64,211556
5967,0.03301,104.244.42.0-255,66,211556,64,211556
5968,0.0,74.125.200.0-255,153,153,64,356630
5969,1.9e-05,172.31.40.0-255,66,219,64,356630
5970,2.6e-05,74.125.200.0-255,1484,1703,64,356630
5971,2.9e-05,172.31.40.0-255,66,1769,64,356630
5972,3.4e-05,74.125.200.0-255,2902,4671,64,356630
5973,3.7e-05,172.31.40.0-255,66,4737,64,356630
5974,5.8e-05,74.125.200.0-255,2902,7639,64,356630
5975,6e-05,172.31.40.0-255,66,7705,64,356630
5976,8.3e-05,74.125.200.0-255,2902,10607,64,356630
5977,8.5e-05,172.31.40.0-255,66,10673,64,356630
5978,9e-05,74.125.200.0-255,3441,14114,64,356630
5979,9.2e-05,172.31.40.0-255,66,14180,64,356630
5980,0.000263,74.125.200.0-255,1484,15664,64,356630
5981,0.000267,172.31.40.0-255,66,15730,64,356630
5982,0.00029,74.125.200.0-255,2902,18632,64,356630
5983,0.000293,172.31.40.0-255,66,18698,64,356630
5984,0.000295,74.125.200.0-255,1484,20182,64,356630
5985,0.000297,172.31.40.0-255,66,20248,64,356630
5986,0.000301,74.125.200.0-255,2902,23150,64,356630
5987,0.000303,172.31.40.0-255,66,23216,64,356630
5988,0.000306,74.125.200.0-255,1484,24700,64,356630
5989,0.000307,172.31.40.0-255,66,24766,64,356630
5990,0.000326,74.125.200.0-255,4320,29086,64,356630
5991,0.000328,172.31.40.0-255,66,29152,64,356630
5992,0.000331,74.125.200.0-255,1484,30636,64,356630
5993,0.000333,172.31.40.0-255,66,30702,64,356630
5994,0.000358,74.125.200.0-255,3961,34663,64,356630
5995,0.00036,172.31.40.0-255,66,34729,64,356630
5996,0.000366,74.125.200.0-255,5738,40467,64,356630
5997,0.000367,172.31.40.0-255,66,40533,64,356630
5998,0.000395,74.125.200.0-255,7156,47689,64,356630
5999,0.000397,172.31.40.0-255,66,47755,64,356630
6000,0.00042,74.125.200.0-255,5738,53493,64,356630
6001,0.000424,74.125.200.0-255,2902,56395,64,356630
6002,0.000438,172.31.40.0-255,66,56461,64,356630
6003,0.000471,74.125.200.0-255,1484,57945,64,356630
6004,0.000511,74.125.200.0-255,362,58307,64,356630
6005,0.000528,172.31.40.0-255,66,58373,64,356630
6006,0.000705,74.125.200.0-255,130,58503,64,356630
6007,0.000904,172.31.40.0-255,66,58569,64,356630
6008,0.001137,74.125.200.0-255,1484,60053,64,356630
6009,0.001146,74.125.200.0-255,2902,62955,64,356630
6010,0.00115,74.125.200.0-255,2902,65857,64,356630
6011,0.001182,74.125.200.0-255,4320,70177,64,356630
6012,0.001186,74.125.200.0-255,2902,73079,64,356630
6013,0.001207,74.125.200.0-255,5738,78817,64,356630
6014,0.00121,74.125.200.0-255,1484,80301,64,356630
6015,0.001226,74.125.200.0-255,5738,86039,64,356630
6016,0.001236,74.125.200.0-255,1484,87523,64,356630
6017,0.001256,74.125.200.0-255,5020,92543,64,356630
6018,0.001695,74.125.200.0-255,1484,94027,64,356630
6019,0.001701,74.125.200.0-255,1484,95511,64,356630
6020,0.001719,74.125.200.0-255,1484,96995,64,356630
6021,0.001721,74.125.200.0-255,1484,98479,64,356630
6022,0.001723,74.125.200.0-255,1484,99963,64,356630
6023,0.001738,74.125.200.0-255,1484,101447,64,356630
6024,0.001753,74.125.200.0-255,2902,104349,64,356630
6025,0.001766,74.125.200.0-255,2902,107251,64,356630
6026,0.001802,74.125.200.0-255,2902,110153,64,356630
6027,0.001815,74.125.200.0-255,4320,114473,64,356630
6028,0.001828,74.125.200.0-255,5738,120211,64,356630
6029,0.001876,74.125.200.0-255,3602,123813,64,356630
6030,0.001881,74.125.200.0-255,5738,129551,64,356630
6031,0.001905,74.125.200.0-255,2902,132453,64,356630
6032,0.00197,74.125.200.0-255,1484,133937,64,356630
6033,0.001986,74.125.200.0-255,2902,136839,64,356630
6034,0.002006,74.125.200.0-255,4320,141159,64,356630
6035,0.002023,74.125.200.0-255,2902,144061,64,356630
6036,0.002035,74.125.200.0-255,5738,149799,64,356630
6037,0.002037,74.125.200.0-255,1484,151283,64,356630
6038,0.002057,74.125.200.0-255,5738,157021,64,356630
6039,0.002061,74.125.200.0-255,2902,159923,64,356630
6040,0.002081,74.125.200.0-255,5738,165661,64,356630
6041,0.002084,74.125.200.0-255,766,166427,64,356630
6042,0.00314,172.31.40.0-255,66,166493,64,356630
6043,0.005417,74.125.200.0-255,5738,172231,64,356630
6044,0.005421,172.31.40.0-255,66,172297,64,356630
6045,0.0077,74.125.200.0-255,5738,178035,64,356630
6046,0.007707,172.31.40.0-255,66,178101,64,356630
6047,0.009978,74.125.200.0-255,5738,183839,64,356630
6048,0.009985,172.31.40.0-255,66,183905,64,356630
6049,0.012261,74.125.200.0-255,5738,189643,64,356630
6050,0.012268,172.31.40.0-255,66,189709,64,356630
6051,0.014543,74.125.200.0-255,5738,195447,64,356630
6052,0.014549,172.31.40.0-255,66,195513,64,356630
6053,0.016838,74.125.200.0-255,5738,201251,64,356630
6054,0.01685,172.31.40.0-255,66,201317,64,356630
6055,0.019126,74.125.200.0-255,5738,207055,64,356630
6056,0.019134,172.31.40.0-255,66,207121,64,356630
6057,0.021407,74.125.200.0-255,5738,212859,64,356630
6058,0.021413,172.31.40.0-255,66,212925,64,356630
6059,0.023561,172.31.40.0-255,172,213097,64,356630
6060,0.023593,172.31.40.0-255,1112,214209,64,356630
6061,0.023648,172.31.40.0-255,1514,215723,64,356630
6062,0.02365,172.31.40.0-255,1180,216903,64,356630
6063,0.023692,74.125.200.0-255,5738,222641,64,356630
6064,0.023696,172.31.40.0-255,66,222707,64,356630
6065,0.025125,104.244.42.0-255,66,222773,64,356630
6066,0.025286,104.244.42.0-255,66,222839,64,356630
6067,0.025307,104.244.42.0-255,66,222905,64,356630
6068,0.025978,74.125.200.0-255,5738,228643,64,356630
6069,0.025983,172.31.40.0-255,66,228709,64,356630
6070,0.028256,74.125.200.0-255,5738,234447,64,356630
6071,0.028263,172.31.40.0-255,66,234513,64,356630
6072,0.03054,74.125.200.0-255,5738,240251,64,356630
6073,0.030546,172.31.40.0-255,66,240317,64,356630
6074,0.032835,74.125.200.0-255,5738,246055,64,356630
6075,0.03284,172.31.40.0-255,66,246121,64,356630
6076,0.035123,74.125.200.0-255,5738,251859,64,356630
6077,0.035128,172.31.40.0-255,66,251925,64,356630
6078,0.037419,74.125.200.0-255,5738,257663,64,356630
6079,0.037424,172.31.40.0-255,66,257729,64,356630
6080,0.037511,172.31.40.0-255,101,257830,64,356630
6081,0.03971,74.125.200.0-255,5738,263568,64,356630
6082,0.039719,172.31.40.0-255,66,263634,64,356630
6083,0.039735,74.125.200.0-255,66,263700,64,356630
6084,0.04205,74.125.200.0-255,5738,269438,64,356630
6085,0.042056,172.31.40.0-255,66,269504,64,356630
6086,0.044391,74.125.200.0-255,5738,275242,64,356630
6087,0.044398,172.31.40.0-255,66,275308,64,356630
6088,0.046698,74.125.200.0-255,5738,281046,64,356630
6089,0.046705,172.31.40.0-255,66,281112,64,356630
6090,0.048991,74.125.200.0-255,1484,282596,64,356630
6091,0.04902,74.125.200.0-255,4320,286916,64,356630
6092,0.049024,172.31.40.0-255,66,286982,64,356630
6093,0.051311,74.125.200.0-255,5738,292720,64,356630
6094,0.051317,172.31.40.0-255,66,292786,64,356630
6095,0.053589,74.125.200.0-255,5738,298524,64,356630
6096,0.053595,172.31.40.0-255,66,298590,64,356630
6097,0.055877,74.125.200.0-255,5738,304328,64,356630
6098,0.055884,172.31.40.0-255,66,304394,64,356630
6099,0.058181,74.125.200.0-255,5738,310132,64,356630
6100,0.058188,172.31.40.0-255,66,310198,64,356630
6101,0.06047,74.125.200.0-255,5738,315936,64,356630
6102,0.060476,172.31.40.0-255,66,316002,64,356630
6103,0.062768,74.125.200.0-255,5738,321740,64,356630
6104,0.062775,172.31.40.0-255,66,321806,64,356630
6105,0.065067,74.125.200.0-255,5738,327544,64,356630
6106,0.065074,172.31.40.0-255,66,327610,64,356630
6107,0.067359,74.125.200.0-255,5738,333348,64,356630
6108,0.067365,172.31.40.0-255,66,333414,64,356630
6109,0.069654,74.125.200.0-255,5738,339152,64,356630
6110,0.069662,172.31.40.0-255,66,339218,64,356630
6111,0.071945,74.125.200.0-255,5738,344956,64,356630
6112,0.075149,172.31.40.0-255,66,345022,64,356630
6113,0.077447,74.125.200.0-255,5738,350760,64,356630
6114,0.077454,172.31.40.0-255,66,350826,64,356630
6115,0.079733,74.125.200.0-255,5738,356564,64,356630
6116,0.079739,172.31.40.0-255,66,356630,64,356630
6117,0.0,172.217.194.0-255,66,66,64,66
6118,0.0,74.125.24.0-255,297,297,64,269089
6119,2.2e-05,172.31.40.0-255,66,363,64,269089
6120,3e-05,74.125.24.0-255,1484,1847,64,269089
6121,3.4e-05,172.31.40.0-255,66,1913,64,269089
6122,4e-05,74.125.24.0-255,4320,6233,64,269089
6123,4.4e-05,172.31.40.0-255,66,6299,64,269089
6124,5.8e-05,74.125.24.0-255,5738,12037,64,269089
6125,6.1e-05,172.31.40.0-255,66,12103,64,269089
6126,9.8e-05,74.125.24.0-255,6145,18248,64,269089
6127,0.000103,172.31.40.0-255,66,18314,64,269089
6128,0.000111,74.125.24.0-255,7156,25470,64,269089
6129,0.000113,172.31.40.0-255,66,25536,64,269089
6130,0.000121,74.125.24.0-255,2902,28438,64,269089
6131,0.000125,172.31.40.0-255,66,28504,64,269089
6132,0.000162,172.31.40.0-255,66,28570,64,269089
6133,0.000169,74.125.24.0-255,6438,35008,64,269089
6134,0.000171,172.31.40.0-255,66,35074,64,269089
6135,0.000966,74.125.24.0-255,1484,36558,64,269089
6136,0.000972,172.31.40.0-255,66,36624,64,269089
6137,0.000982,74.125.24.0-255,2902,39526,64,269089
6138,0.000984,172.31.40.0-255,66,39592,64,269089
6139,0.000993,74.125.24.0-255,2902,42494,64,269089
6140,0.000996,172.31.40.0-255,66,42560,64,269089
6141,0.001015,74.125.24.0-255,2902,45462,64,269089
6142,0.001017,172.31.40.0-255,66,45528,64,269089
6143,0.001054,74.125.24.0-255,1484,47012,64,269089
6144,0.001057,172.31.40.0-255,66,47078,64,269089
6145,0.001067,172.31.40.0-255,66,47144,64,269089
6146,0.001083,172.31.40.0-255,66,47210,64,269089
6147,0.001089,74.125.24.0-255,5379,52589,64,269089
6148,0.001091,172.31.40.0-255,66,52655,64,269089
6149,0.001196,74.125.24.0-255,1484,54139,64,269089
6150,0.001216,74.125.24.0-255,2902,57041,64,269089
6151,0.00122,172.31.40.0-255,66,57107,64,269089
6152,0.001258,74.125.24.0-255,5738,62845,64,269089
6153,0.001261,172.31.40.0-255,66,62911,64,269089
6154,0.001269,74.125.24.0-255,7156,70067,64,269089
6155,0.001271,172.31.40.0-255,66,70133,64,269089
6156,0.001288,172.31.40.0-255,66,70199,64,269089
6157,0.001312,74.125.24.0-255,5738,75937,64,269089
6158,0.001314,172.31.40.0-255,66,76003,64,269089
6159,0.001322,74.125.24.0-255,2184,78187,64,269089
6160,0.001325,172.31.40.0-255,66,78253,64,269089
6161,0.001424,74.125.24.0-255,1484,79737,64,269089
6162,0.001431,74.125.24.0-255,2902,82639,64,269089
6163,0.001435,172.31.40.0-255,66,82705,64,269089
6164,0.001466,74.125.24.0-255,5738,88443,64,269089
6165,0.001468,172.31.40.0-255,66,88509,64,269089
6166,0.001494,74.125.24.0-255,5738,94247,64,269089
6167,0.001497,172.31.40.0-255,66,94313,64,269089
6168,0.001517,74.125.24.0-255,1704,96017,64,269089
6169,0.001519,172.31.40.0-255,66,96083,64,269089
6170,0.002682,74.125.24.0-255,1484,97567,64,269089
6171,0.002688,74.125.24.0-255,1484,99051,64,269089
6172,0.002692,172.31.40.0-255,66,99117,64,269089
6173,0.002718,74.125.24.0-255,1484,100601,64,269089
6174,0.004223,74.125.24.0-255,1484,102085,64,269089
6175,0.004226,172.31.40.0-255,66,102151,64,269089
6176,0.005397,74.125.24.0-255,2902,105053,64,269089
6177,0.005401,172.31.40.0-255,66,105119,64,269089
6178,0.006877,74.125.24.0-255,2902,108021,64,269089
6179,0.006883,172.31.40.0-255,66,108087,64,269089
6180,0.008138,74.125.24.0-255,2902,110989,64,269089
6181,0.008144,172.31.40.0-255,66,111055,64,269089
6182,0.009584,74.125.24.0-255,2902,113957,64,269089
6183,0.009591,172.31.40.0-255,66,114023,64,269089
6184,0.010828,74.125.24.0-255,2902,116925,64,269089
6185,0.010836,172.31.40.0-255,66,116991,64,269089
6186,0.012297,74.125.24.0-255,2902,119893,64,269089
6187,0.012305,172.31.40.0-255,66,119959,64,269089
6188,0.013534,74.125.24.0-255,2902,122861,64,269089
6189,0.01354,172.31.40.0-255,66,122927,64,269089
6190,0.015005,74.125.24.0-255,2902,125829,64,269089
6191,0.015013,172.31.40.0-255,66,125895,64,269089
6192,0.016212,74.125.24.0-255,2902,128797,64,269089
6193,0.01622,172.31.40.0-255,66,128863,64,269089
6194,0.017724,74.125.24.0-255,2902,131765,64,269089
6195,0.017731,172.31.40.0-255,66,131831,64,269089
6196,0.018877,74.125.24.0-255,2902,134733,64,269089
6197,0.018883,172.31.40.0-255,66,134799,64,269089
6198,0.020457,74.125.24.0-255,2902,137701,64,269089
6199,0.020464,172.31.40.0-255,66,137767,64,269089
6200,0.021572,74.125.24.0-255,2902,140669,64,269089
6201,0.021579,172.31.40.0-255,66,140735,64,269089
6202,0.023162,74.125.24.0-255,2902,143637,64,269089
6203,0.023171,172.31.40.0-255,66,143703,64,269089
6204,0.024264,74.125.24.0-255,2902,146605,64,269089
6205,0.024271,172.31.40.0-255,66,146671,64,269089
6206,0.02585,74.125.24.0-255,2902,149573,64,269089
6207,0.025858,172.31.40.0-255,66,149639,64,269089
6208,0.026977,74.125.24.0-255,2902,152541,64,269089
6209,0.026984,172.31.40.0-255,66,152607,64,269089
6210,0.028606,74.125.24.0-255,2902,155509,64,269089
6211,0.028612,172.31.40.0-255,66,155575,64,269089
6212,0.029515,172.31.40.0-255,172,155747,64,269089
6213,0.029547,172.31.40.0-255,1112,156859,64,269089
6214,0.02961,172.31.40.0-255,1514,158373,64,269089
6215,0.029612,172.31.40.0-255,1296,159669,64,269089
6216,0.029672,74.125.24.0-255,2902,162571,64,269089
6217,0.029676,172.31.40.0-255,66,162637,64,269089
6218,0.031193,104.244.42.0-255,66,162703,64,269089
6219,0.031229,104.244.42.0-255,66,162769,64,269089
6220,0.031294,104.244.42.0-255,66,162835,64,269089
6221,0.03134,74.125.24.0-255,2902,165737,64,269089
6222,0.031346,172.31.40.0-255,66,165803,64,269089
6223,0.032345,74.125.24.0-255,2902,168705,64,269089
6224,0.032351,172.31.40.0-255,66,168771,64,269089
6225,0.034037,74.125.24.0-255,2902,171673,64,269089
6226,0.034042,172.31.40.0-255,66,171739,64,269089
6227,0.035023,74.125.24.0-255,2902,174641,64,269089
6228,0.035028,172.31.40.0-255,66,174707,64,269089
6229,0.036757,74.125.24.0-255,2902,177609,64,269089
6230,0.036764,172.31.40.0-255,66,177675,64,269089
6231,0.037713,74.125.24.0-255,2902,180577,64,269089
6232,0.03772,172.31.40.0-255,66,180643,64,269089
6233,0.039551,74.125.24.0-255,2902,183545,64,269089
6234,0.039558,172.31.40.0-255,66,183611,64,269089
6235,0.040445,74.125.24.0-255,2902,186513,64,269089
6236,0.040451,172.31.40.0-255,66,186579,64,269089
6237,0.042285,74.125.24.0-255,2902,189481,64,269089
6238,0.042294,172.31.40.0-255,66,189547,64,269089
6239,0.043186,74.125.24.0-255,2902,192449,64,269089
6240,0.043191,172.31.40.0-255,66,192515,64,269089
6241,0.044982,74.125.24.0-255,2902,195417,64,269089
6242,0.044989,172.31.40.0-255,66,195483,64,269089
6243,0.045844,74.125.24.0-255,2902,198385,64,269089
6244,0.04585,172.31.40.0-255,66,198451,64,269089
6245,0.047715,74.125.24.0-255,2902,201353,64,269089
6246,0.04772,172.31.40.0-255,66,201419,64,269089
6247,0.048533,74.125.24.0-255,2902,204321,64,269089
6248,0.048539,172.31.40.0-255,66,204387,64,269089
6249,0.050413,74.125.24.0-255,2902,207289,64,269089
6250,0.05042,172.31.40.0-255,66,207355,64,269089
6251,0.051263,74.125.24.0-255,2902,210257,64,269089
6252,0.051268,172.31.40.0-255,66,210323,64,269089
6253,0.053119,74.125.24.0-255,2902,213225,64,269089
6254,0.053124,172.31.40.0-255,66,213291,64,269089
6255,0.053955,74.125.24.0-255,2902,216193,64,269089
6256,0.053961,172.31.40.0-255,66,216259,64,269089
6257,0.055835,74.125.24.0-255,2902,219161,64,269089
6258,0.055841,172.31.40.0-255,66,219227,64,269089
6259,0.056704,74.125.24.0-255,2902,222129,64,269089
6260,0.056709,172.31.40.0-255,66,222195,64,269089
6261,0.058559,74.125.24.0-255,2902,225097,64,269089
6262,0.058565,172.31.40.0-255,66,225163,64,269089
6263,0.059456,74.125.24.0-255,2902,228065,64,269089
6264,0.059463,172.31.40.0-255,66,228131,64,269089
6265,0.061262,74.125.24.0-255,2902,231033,64,269089
6266,0.061269,172.31.40.0-255,66,231099,64,269089
6267,0.062158,74.125.24.0-255,2902,234001,64,269089
6268,0.062165,172.31.40.0-255,66,234067,64,269089
6269,0.063995,74.125.24.0-255,2902,236969,64,269089
6270,0.064001,172.31.40.0-255,66,237035,64,269089
6271,0.064911,74.125.24.0-255,2902,239937,64,269089
6272,0.064917,172.31.40.0-255,66,240003,64,269089
6273,0.066689,74.125.24.0-255,1484,241487,64,269089
6274,0.067621,74.125.24.0-255,4320,245807,64,269089
6275,0.067628,172.31.40.0-255,66,245873,64,269089
6276,0.070357,74.125.24.0-255,5738,251611,64,269089
6277,0.070366,172.31.40.0-255,66,251677,64,269089
6278,0.073053,74.125.24.0-255,5738,257415,64,269089
6279,0.073059,172.31.40.0-255,66,257481,64,269089
6280,0.075764,74.125.24.0-255,5738,263219,64,269089
6281,0.07577,172.31.40.0-255,66,263285,64,269089
6282,0.078491,74.125.24.0-255,5738,269023,64,269089
6283,0.078497,172.31.40.0-255,66,269089,64,269089
6284,0.0,172.217.194.0-255,153,153,64,325324
6285,2.1e-05,172.31.40.0-255,66,219,64,325324
6286,2.8e-05,172.217.194.0-255,1484,1703,64,325324
6287,3.1e-05,172.31.40.0-255,66,1769,64,325324
6288,3.6e-05,172.217.194.0-255,2902,4671,64,325324
6289,3.8e-05,172.31.40.0-255,66,4737,64,325324
6290,4.5e-05,172.217.194.0-255,7156,11893,64,325324
6291,4.7e-05,172.31.40.0-255,66,11959,64,325324
6292,5e-05,172.217.194.0-255,1484,13443,64,325324
6293,5.2e-05,172.31.40.0-255,66,13509,64,325324
6294,8.7e-05,172.31.40.0-255,66,13575,64,325324
6295,0.000123,172.217.194.0-255,2543,16118,64,325324
6296,0.000126,172.31.40.0-255,66,16184,64,325324
6297,0.00013,172.217.194.0-255,2902,19086,64,325324
6298,0.000133,172.31.40.0-255,66,19152,64,325324
6299,0.000136,172.217.194.0-255,1484,20636,64,325324
6300,0.000137,172.31.40.0-255,66,20702,64,325324
6301,0.000161,172.217.194.0-255,5738,26440,64,325324
6302,0.000164,172.31.40.0-255,66,26506,64,325324
6303,0.000175,172.31.40.0-255,66,26572,64,325324
6304,0.000206,172.217.194.0-255,5738,32310,64,325324
6305,0.000209,172.31.40.0-255,66,32376,64,325324
6306,0.000232,172.31.40.0-255,66,32442,64,325324
6307,0.000273,172.217.194.0-255,115,32557,64,325324
6308,0.000276,172.31.40.0-255,66,32623,64,325324
6309,0.000423,172.217.194.0-255,1484,34107,64,325324
6310,0.000428,172.31.40.0-255,66,34173,64,325324
6311,0.000433,172.217.194.0-255,2902,37075,64,325324
6312,0.000436,172.31.40.0-255,66,37141,64,325324
6313,0.000458,172.217.194.0-255,5738,42879,64,325324
6314,0.000461,172.31.40.0-255,66,42945,64,325324
6315,0.000503,172.31.40.0-255,66,43011,64,325324
6316,0.000519,172.217.194.0-255,1484,44495,64,325324
6317,0.000527,172.217.194.0-255,5738,50233,64,325324
6318,0.000529,172.31.40.0-255,66,50299,64,325324
6319,0.000551,172.217.194.0-255,5020,55319,64,325324
6320,0.000554,172.31.40.0-255,66,55385,64,325324
6321,0.001583,172.217.194.0-255,1484,56869,64,325324
6322,0.001612,172.217.194.0-255,2902,59771,64,325324
6323,0.001616,172.31.40.0-255,66,59837,64,325324
6324,0.001621,172.217.194.0-255,1484,61321,64,325324
6325,0.001642,172.217.194.0-255,4320,65641,64,325324
6326,0.001644,172.31.40.0-255,66,65707,64,325324
6327,0.001647,172.217.194.0-255,1484,67191,64,325324
6328,0.001678,172.217.194.0-255,4320,71511,64,325324
6329,0.00168,172.31.40.0-255,66,71577,64,325324
6330,0.00171,172.31.40.0-255,66,71643,64,325324
6331,0.001713,172.217.194.0-255,1484,73127,64,325324
6332,0.00175,172.217.194.0-255,2902,76029,64,325324
6333,0.001753,172.31.40.0-255,66,76095,64,325324
6334,0.001774,172.217.194.0-255,5020,81115,64,325324
6335,0.001776,172.31.40.0-255,66,81181,64,325324
6336,0.002034,172.217.194.0-255,1484,82665,64,325324
6337,0.002042,172.217.194.0-255,2902,85567,64,325324
6338,0.002046,172.31.40.0-255,66,85633,64,325324
6339,0.002052,172.217.194.0-255,2902,88535,64,325324
6340,0.002054,172.31.40.0-255,66,88601,64,325324
6341,0.002072,172.217.194.0-255,2902,91503,64,325324
6342,0.002074,172.31.40.0-255,66,91569,64,325324
6343,0.002086,172.31.40.0-255,66,91635,64,325324
6344,0.002104,172.217.194.0-255,2902,94537,64,325324
6345,0.002106,172.31.40.0-255,66,94603,64,325324
6346,0.002113,172.217.194.0-255,5738,100341,64,325324
6347,0.002114,172.31.40.0-255,66,100407,64,325324
6348,0.002135,172.217.194.0-255,4320,104727,64,325324
6349,0.002137,172.31.40.0-255,66,104793,64,325324
6350,0.00214,172.217.194.0-255,766,105559,64,325324
6351,0.002194,172.217.194.0-255,1484,107043,64,325324
6352,0.002196,172.31.40.0-255,66,107109,64,325324
6353,0.002215,172.217.194.0-255,2902,110011,64,325324
6354,0.002218,172.31.40.0-255,66,110077,64,325324
6355,0.002224,172.217.194.0-255,4320,114397,64,325324
6356,0.002226,172.31.40.0-255,66,114463,64,325324
6357,0.002247,172.217.194.0-255,1484,115947,64,325324
6358,0.00226,172.31.40.0-255,66,116013,64,325324
6359,0.002277,172.217.194.0-255,2902,118915,64,325324
6360,0.002279,172.31.40.0-255,66,118981,64,325324
6361,0.002296,172.217.194.0-255,4320,123301,64,325324
6362,0.002298,172.31.40.0-255,66,123367,64,325324
6363,0.002322,172.217.194.0-255,6438,129805,64,325324
6364,0.002325,172.31.40.0-255,66,129871,64,325324
6365,0.004639,172.217.194.0-255,5738,135609,64,325324
6366,0.004643,172.31.40.0-255,66,135675,64,325324
6367,0.006939,172.217.194.0-255,5738,141413,64,325324
6368,0.006946,172.31.40.0-255,66,141479,64,325324
6369,0.009228,172.217.194.0-255,5738,147217,64,325324
6370,0.009235,172.31.40.0-255,66,147283,64,325324
6371,0.011531,172.217.194.0-255,5738,153021,64,325324
6372,0.011539,172.31.40.0-255,66,153087,64,325324
6373,0.01383,172.217.194.0-255,5738,158825,64,325324
6374,0.013838,172.31.40.0-255,66,158891,64,325324
6375,0.016133,172.217.194.0-255,5738,164629,64,325324
6376,0.016142,172.31.40.0-255,66,164695,64,325324
6377,0.018422,172.217.194.0-255,5738,170433,64,325324
6378,0.018429,172.31.40.0-255,66,170499,64,325324
6379,0.020707,172.217.194.0-255,5738,176237,64,325324
6380,0.020712,172.31.40.0-255,66,176303,64,325324
6381,0.022997,172.217.194.0-255,5738,182041,64,325324
6382,0.023004,172.31.40.0-255,66,182107,64,325324
6383,0.02528,172.217.194.0-255,5738,187845,64,325324
6384,0.025288,172.31.40.0-255,66,187911,64,325324
6385,0.027571,172.217.194.0-255,5738,193649,64,325324
6386,0.027579,172.31.40.0-255,66,193715,64,325324
6387,0.029858,172.217.194.0-255,5738,199453,64,325324
6388,0.029865,172.31.40.0-255,66,199519,64,325324
6389,0.030982,172.31.40.0-255,172,199691,64,325324
6390,0.03101,172.31.40.0-255,1110,200801,64,325324
6391,0.031066,172.31.40.0-255,1514,202315,64,325324
6392,0.031068,172.31.40.0-255,1514,203829,64,325324
6393,0.031069,172.31.40.0-255,699,204528,64,325324
6394,0.032157,172.217.194.0-255,5738,210266,64,325324
6395,0.032163,172.31.40.0-255,66,210332,64,325324
6396,0.032533,104.244.42.0-255,66,210398,64,325324
6397,0.032619,104.244.42.0-255,66,210464,64,325324
6398,0.032639,104.244.42.0-255,66,210530,64,325324
6399,0.03265,104.244.42.0-255,66,210596,64,325324
6400,0.034442,172.217.194.0-255,5738,216334,64,325324
6401,0.034448,172.31.40.0-255,66,216400,64,325324
6402,0.036727,172.217.194.0-255,5738,222138,64,325324
6403,0.036733,172.31.40.0-255,66,222204,64,325324
6404,0.039014,172.217.194.0-255,5738,227942,64,325324
6405,0.039019,172.31.40.0-255,66,228008,64,325324
6406,0.041295,172.217.194.0-255,5738,233746,64,325324
6407,0.041305,172.31.40.0-255,66,233812,64,325324
6408,0.04359,172.217.194.0-255,5738,239550,64,325324
6409,0.043597,172.31.40.0-255,66,239616,64,325324
6410,0.045892,172.217.194.0-255,5738,245354,64,325324
6411,0.045898,172.31.40.0-255,66,245420,64,325324
6412,0.048174,172.217.194.0-255,5738,251158,64,325324
6413,0.048181,172.31.40.0-255,66,251224,64,325324
6414,0.050453,172.217.194.0-255,5738,256962,64,325324
6415,0.050458,172.31.40.0-255,66,257028,64,325324
6416,0.052745,172.217.194.0-255,5738,262766,64,325324
6417,0.052753,172.31.40.0-255,66,262832,64,325324
6418,0.055017,172.217.194.0-255,4320,267152,64,325324
6419,0.055022,172.31.40.0-255,66,267218,64,325324
6420,0.055042,172.217.194.0-255,1484,268702,64,325324
6421,0.057302,172.217.194.0-255,4320,273022,64,325324
6422,0.057309,172.31.40.0-255,66,273088,64,325324
6423,0.059601,172.217.194.0-255,5738,278826,64,325324
6424,0.059607,172.31.40.0-255,66,278892,64,325324
6425,0.061898,172.217.194.0-255,5738,284630,64,325324
6426,0.061905,172.31.40.0-255,66,284696,64,325324
6427,0.064197,172.217.194.0-255,5738,290434,64,325324
6428,0.064204,172.31.40.0-255,66,290500,64,325324
6429,0.066496,172.217.194.0-255,5738,296238,64,325324
6430,0.066503,172.31.40.0-255,66,296304,64,325324
6431,0.068789,172.217.194.0-255,5738,302042,64,325324
6432,0.068795,172.31.40.0-255,66,302108,64,325324
6433,0.071082,172.217.194.0-255,5738,307846,64,325324
6434,0.071088,172.31.40.0-255,66,307912,64,325324
6435,0.07336,172.217.194.0-255,5738,313650,64,325324
6436,0.073366,172.31.40.0-255,66,313716,64,325324
6437,0.075644,172.217.194.0-255,5738,319454,64,325324
6438,0.075651,172.31.40.0-255,66,319520,64,325324
6439,0.077915,172.217.194.0-255,5738,325258,64,325324
6440,0.077923,172.31.40.0-255,66,325324,64,325324
6441,0.0,74.125.130.0-255,153,153,64,324237
6442,2.1e-05,172.31.40.0-255,66,219,64,324237
6443,2.8e-05,74.125.130.0-255,1484,1703,64,324237
6444,3.2e-05,172.31.40.0-255,66,1769,64,324237
6445,3.7e-05,74.125.130.0-255,2902,4671,64,324237
6446,4e-05,172.31.40.0-255,66,4737,64,324237
6447,4.9e-05,74.125.130.0-255,1484,6221,64,324237
6448,5.2e-05,172.31.40.0-255,66,6287,64,324237
6449,8.6e-05,74.125.130.0-255,5738,12025,64,324237
6450,8.9e-05,172.31.40.0-255,66,12091,64,324237
6451,9.3e-05,74.125.130.0-255,2056,14147,64,324237
6452,9.5e-05,172.31.40.0-255,66,14213,64,324237
6453,0.000245,74.125.130.0-255,1484,15697,64,324237
6454,0.00025,172.31.40.0-255,66,15763,64,324237
6455,0.000255,74.125.130.0-255,2902,18665,64,324237
6456,0.000256,172.31.40.0-255,66,18731,64,324237
6457,0.000259,74.125.130.0-255,1484,20215,64,324237
6458,0.000261,172.31.40.0-255,66,20281,64,324237
6459,0.000293,74.125.130.0-255,1484,21765,64,324237
6460,0.000296,172.31.40.0-255,66,21831,64,324237
6461,0.000301,74.125.130.0-255,4320,26151,64,324237
6462,0.000303,172.31.40.0-255,66,26217,64,324237
6463,0.000337,74.125.130.0-255,5379,31596,64,324237
6464,0.00034,172.31.40.0-255,66,31662,64,324237
6465,0.000432,74.125.130.0-255,1484,33146,64,324237
6466,0.000435,172.31.40.0-255,66,33212,64,324237
6467,0.000439,74.125.130.0-255,1484,34696,64,324237
6468,0.000441,172.31.40.0-255,66,34762,64,324237
6469,0.000463,74.125.130.0-255,1484,36246,64,324237
6470,0.000468,172.31.40.0-255,66,36312,64,324237
6471,0.000475,74.125.130.0-255,5738,42050,64,324237
6472,0.000477,172.31.40.0-255,66,42116,64,324237
6473,0.00048,74.125.130.0-255,1484,43600,64,324237
6474,0.000531,172.31.40.0-255,66,43666,64,324237
6475,0.000537,74.125.130.0-255,7156,50822,64,324237
6476,0.000539,172.31.40.0-255,66,50888,64,324237
6477,0.000581,74.125.130.0-255,2902,53790,64,324237
6478,0.000583,172.31.40.0-255,66,53856,64,324237
6479,0.000609,74.125.130.0-255,3123,56979,64,324237
6480,0.000612,172.31.40.0-255,66,57045,64,324237
6481,0.000688,74.125.130.0-255,1484,58529,64,324237
6482,0.000692,74.125.130.0-255,2902,61431,64,324237
6483,0.000695,172.31.40.0-255,66,61497,64,324237
6484,0.000725,74.125.130.0-255,5738,67235,64,324237
6485,0.000728,172.31.40.0-255,66,67301,64,324237
6486,0.000732,74.125.130.0-255,2902,70203,64,324237
6487,0.000734,172.31.40.0-255,66,70269,64,324237
6488,0.000773,74.125.130.0-255,3961,74230,64,324237
6489,0.000776,172.31.40.0-255,66,74296,64,324237
6490,0.000782,74.125.130.0-255,7156,81452,64,324237
6491,0.000784,172.31.40.0-255,66,81518,64,324237
6492,0.000788,74.125.130.0-255,4320,85838,64,324237
6493,0.000791,172.31.40.0-255,66,85904,64,324237
6494,0.000818,74.125.130.0-255,4830,90734,64,324237
6495,0.00082,172.31.40.0-255,66,90800,64,324237
6496,0.00089,74.125.130.0-255,1484,92284,64,324237
6497,0.000894,74.125.130.0-255,1484,93768,64,324237
6498,0.000897,172.31.40.0-255,66,93834,64,324237
6499,0.00092,74.125.130.0-255,1484,95318,64,324237
6500,0.000941,74.125.130.0-255,4320,99638,64,324237
6501,0.000945,172.31.40.0-255,66,99704,64,324237
6502,0.000972,74.125.130.0-255,1484,101188,64,324237
6503,0.000976,74.125.130.0-255,2902,104090,64,324237
6504,0.000978,172.31.40.0-255,66,104156,64,324237
6505,0.000982,74.125.130.0-255,4320,108476,64,324237
6506,0.000984,172.31.40.0-255,66,108542,64,324237
6507,0.000994,172.31.40.0-255,66,108608,64,324237
6508,0.000999,74.125.130.0-255,5738,114346,64,324237
6509,0.001001,172.31.40.0-255,66,114412,64,324237
6510,0.001029,74.125.130.0-255,1484,115896,64,324237
6511,0.001032,74.125.130.0-255,766,116662,64,324237
6512,0.001034,172.31.40.0-255,66,116728,64,324237
6513,0.00107,74.125.130.0-255,1484,118212,64,324237
6514,0.001086,74.125.130.0-255,1484,119696,64,324237
6515,0.001088,172.31.40.0-255,66,119762,64,324237
6516,0.001115,74.125.130.0-255,2902,122664,64,324237
6517,0.001118,172.31.40.0-255,66,122730,64,324237
6518,0.001123,74.125.130.0-255,5738,128468,64,324237
6519,0.001126,172.31.40.0-255,66,128534,64,324237
6520,0.001128,74.125.130.0-255,1484,130018,64,324237
6521,0.00115,74.125.130.0-255,7156,137174,64,324237
6522,0.001156,172.31.40.0-255,66,137240,64,324237
6523,0.001174,74.125.130.0-255,1484,138724,64,324237
6524,0.001188,172.31.40.0-255,66,138790,64,324237
6525,0.001191,74.125.130.0-255,766,139556,64,324237
6526,0.00125,74.125.130.0-255,1484,141040,64,324237
6527,0.001253,172.31.40.0-255,66,141106,64,324237
6528,0.001256,74.125.130.0-255,1484,142590,64,324237
6529,0.001274,74.125.130.0-255,1484,144074,64,324237
6530,0.001276,172.31.40.0-255,66,144140,64,324237
6531,0.00128,74.125.130.0-255,2902,147042,64,324237
6532,0.001282,172.31.40.0-255,66,147108,64,324237
6533,0.001297,74.125.130.0-255,2902,150010,64,324237
6534,0.001299,172.31.40.0-255,66,150076,64,324237
6535,0.001307,74.125.130.0-255,2902,152978,64,324237
6536,0.001312,74.125.130.0-255,4320,157298,64,324237
6537,0.001315,74.125.130.0-255,1484,158782,64,324237
6538,0.001318,172.31.40.0-255,66,158848,64,324237
6539,0.001319,172.31.40.0-255,66,158914,64,324237
6540,0.001342,74.125.130.0-255,7156,166070,64,324237
6541,0.001345,172.31.40.0-255,66,166136,64,324237
6542,0.001352,74.125.130.0-255,7156,173292,64,324237
6543,0.001356,172.31.40.0-255,66,173358,64,324237
6544,0.001379,74.125.130.0-255,766,174124,64,324237
6545,0.001439,74.125.130.0-255,1484,175608,64,324237
6546,0.001443,172.31.40.0-255,66,175674,64,324237
6547,0.001446,74.125.130.0-255,1484,177158,64,324237
6548,0.001451,74.125.130.0-255,2902,180060,64,324237
6549,0.001454,172.31.40.0-255,66,180126,64,324237
6550,0.001484,74.125.130.0-255,5738,185864,64,324237
6551,0.001487,172.31.40.0-255,66,185930,64,324237
6552,0.001491,74.125.130.0-255,1484,187414,64,324237
6553,0.001521,172.31.40.0-255,66,187480,64,324237
6554,0.001527,74.125.130.0-255,7156,194636,64,324237
6555,0.001529,172.31.40.0-255,66,194702,64,324237
6556,0.001549,74.125.130.0-255,4320,199022,64,324237
6557,0.001551,172.31.40.0-255,66,199088,64,324237
6558,0.001557,74.125.130.0-255,766,199854,64,324237
6559,0.001629,74.125.130.0-255,1484,201338,64,324237
6560,0.001632,172.31.40.0-255,66,201404,64,324237
6561,0.001636,74.125.130.0-255,1484,202888,64,324237
6562,0.001657,74.125.130.0-255,2902,205790,64,324237
6563,0.00166,172.31.40.0-255,66,205856,64,324237
6564,0.001687,74.125.130.0-255,4320,210176,64,324237
6565,0.00169,172.31.40.0-255,66,210242,64,324237
6566,0.001715,74.125.130.0-255,1484,211726,64,324237
6567,0.001757,74.125.130.0-255,5738,217464,64,324237
6568,0.00176,172.31.40.0-255,66,217530,64,324237
6569,0.001785,74.125.130.0-255,4320,221850,64,324237
6570,0.001787,172.31.40.0-255,66,221916,64,324237
6571,0.001798,172.31.40.0-255,66,221982,64,324237
6572,0.0018,74.125.130.0-255,766,222748,64,324237
6573,0.001841,74.125.130.0-255,1484,224232,64,324237
6574,0.001844,172.31.40.0-255,66,224298,64,324237
6575,0.001849,74.125.130.0-255,2902,227200,64,324237
6576,0.00185,172.31.40.0-255,66,227266,64,324237
6577,0.001854,74.125.130.0-255,2902,230168,64,324237
6578,0.001857,172.31.40.0-255,66,230234,64,324237
6579,0.001865,74.125.130.0-255,2902,233136,64,324237
6580,0.001867,172.31.40.0-255,66,233202,64,324237
6581,0.001887,74.125.130.0-255,1484,234686,64,324237
6582,0.001897,172.31.40.0-255,66,234752,64,324237
6583,0.001902,74.125.130.0-255,5738,240490,64,324237
6584,0.001904,172.31.40.0-255,66,240556,64,324237
6585,0.001931,74.125.130.0-255,7156,247712,64,324237
6586,0.001934,172.31.40.0-255,66,247778,64,324237
6587,0.001936,74.125.130.0-255,766,248544,64,324237
6588,0.002184,74.125.130.0-255,1484,250028,64,324237
6589,0.002188,172.31.40.0-255,66,250094,64,324237
6590,0.002192,74.125.130.0-255,1484,251578,64,324237
6591,0.002216,74.125.130.0-255,1484,253062,64,324237
6592,0.002219,172.31.40.0-255,66,253128,64,324237
6593,0.002226,74.125.130.0-255,5738,258866,64,324237
6594,0.002228,172.31.40.0-255,66,258932,64,324237
6595,0.002264,172.31.40.0-255,66,258998,64,324237
6596,0.002266,74.125.130.0-255,1484,260482,64,324237
6597,0.002306,74.125.130.0-255,1484,261966,64,324237
6598,0.002309,172.31.40.0-255,66,262032,64,324237
6599,0.002347,172.31.40.0-255,66,262098,64,324237
6600,0.002353,74.125.130.0-255,4320,266418,64,324237
6601,0.002355,172.31.40.0-255,66,266484,64,324237
6602,0.002378,74.125.130.0-255,7156,273640,64,324237
6603,0.002381,172.31.40.0-255,66,273706,64,324237
6604,0.002391,172.31.40.0-255,66,273772,64,324237
6605,0.002403,172.31.40.0-255,66,273838,64,324237
6606,0.004769,74.125.130.0-255,5738,279576,64,324237
6607,0.004777,172.31.40.0-255,66,279642,64,324237
6608,0.007146,74.125.130.0-255,5738,285380,64,324237
6609,0.007154,172.31.40.0-255,66,285446,64,324237
6610,0.009285,172.31.40.0-255,101,285547,64,324237
6611,0.009532,74.125.130.0-255,4320,289867,64,324237
6612,0.009538,172.31.40.0-255,66,289933,64,324237
6613,0.009547,74.125.130.0-255,1484,291417,64,324237
6614,0.011635,74.125.130.0-255,66,291483,64,324237
6615,0.011928,74.125.130.0-255,4320,295803,64,324237
6616,0.011933,172.31.40.0-255,66,295869,64,324237
6617,0.014318,74.125.130.0-255,5738,301607,64,324237
6618,0.014326,172.31.40.0-255,66,301673,64,324237
6619,0.016706,74.125.130.0-255,5738,307411,64,324237
6620,0.016728,172.31.40.0-255,66,307477,64,324237
6621,0.019112,74.125.130.0-255,5738,313215,64,324237
6622,0.019122,172.31.40.0-255,66,313281,64,324237
6623,0.021502,74.125.130.0-255,5738,319019,64,324237
6624,0.021511,172.31.40.0-255,66,319085,64,324237
6625,0.023857,74.125.130.0-255,515,319600,64,324237
6626,0.024006,172.31.40.0-255,105,319705,64,324237
6627,0.030392,74.125.130.0-255,66,319771,64,324237
6628,0.03374,172.31.40.0-255,172,319943,64,324237
6629,0.033793,172.31.40.0-255,1112,321055,64,324237
6630,0.033857,172.31.40.0-255,1514,322569,64,324237
6631,0.033859,172.31.40.0-255,1296,323865,64,324237
6632,0.035419,104.244.42.0-255,66,323931,64,324237
6633,0.03546,104.244.42.0-255,66,323997,64,324237
6634,0.035519,104.244.42.0-255,66,324063,64,324237
6635,0.037044,104.244.42.0-255,108,324171,64,324237
6636,0.037051,172.31.40.0-255,66,324237,64,324237
6637,0.0,74.125.200.0-255,150,150,64,383489
6638,2.1e-05,172.31.40.0-255,66,216,64,383489
6639,5.1e-05,74.125.200.0-255,1484,1700,64,383489
6640,5.4e-05,172.31.40.0-255,66,1766,64,383489
6641,5.9e-05,74.125.200.0-255,2902,4668,64,383489
6642,6.1e-05,172.31.40.0-255,66,4734,64,383489
6643,8e-05,74.125.200.0-255,1484,6218,64,383489
6644,8.6e-05,172.31.40.0-255,66,6284,64,383489
6645,9.7e-05,74.125.200.0-255,2902,9186,64,383489
6646,0.000103,172.31.40.0-255,66,9252,64,383489
6647,0.00013,74.125.200.0-255,4937,14189,64,383489
6648,0.000133,172.31.40.0-255,66,14255,64,383489
6649,0.000138,74.125.200.0-255,4320,18575,64,383489
6650,0.00014,172.31.40.0-255,66,18641,64,383489
6651,0.000165,74.125.200.0-255,2902,21543,64,383489
6652,0.000168,172.31.40.0-255,66,21609,64,383489
6653,0.00018,74.125.200.0-255,2902,24511,64,383489
6654,0.000186,172.31.40.0-255,66,24577,64,383489
6655,0.000211,74.125.200.0-255,5738,30315,64,383489
6656,0.000214,172.31.40.0-255,66,30381,64,383489
6657,0.000216,74.125.200.0-255,1125,31506,64,383489
6658,0.000218,172.31.40.0-255,66,31572,64,383489
6659,0.000259,74.125.200.0-255,1484,33056,64,383489
6660,0.000262,172.31.40.0-255,66,33122,64,383489
6661,0.000287,74.125.200.0-255,2902,36024,64,383489
6662,0.00029,172.31.40.0-255,66,36090,64,383489
6663,0.000293,74.125.200.0-255,2902,38992,64,383489
6664,0.000296,172.31.40.0-255,66,39058,64,383489
6665,0.000329,74.125.200.0-255,4320,43378,64,383489
6666,0.000332,172.31.40.0-255,66,43444,64,383489
6667,0.000368,172.31.40.0-255,66,43510,64,383489
6668,0.000371,74.125.200.0-255,2902,46412,64,383489
6669,0.000373,172.31.40.0-255,66,46478,64,383489
6670,0.000415,74.125.200.0-255,4320,50798,64,383489
6671,0.00042,172.31.40.0-255,66,50864,64,383489
6672,0.000432,74.125.200.0-255,5717,56581,64,383489
6673,0.000435,172.31.40.0-255,66,56647,64,383489
6674,0.000542,74.125.200.0-255,1484,58131,64,383489
6675,0.000558,74.125.200.0-255,2902,61033,64,383489
6676,0.000561,172.31.40.0-255,66,61099,64,383489
6677,0.000585,74.125.200.0-255,5738,66837,64,383489
6678,0.000588,172.31.40.0-255,66,66903,64,383489
6679,0.000591,74.125.200.0-255,1484,68387,64,383489
6680,0.000611,74.125.200.0-255,2902,71289,64,383489
6681,0.000614,172.31.40.0-255,66,71355,64,383489
6682,0.000655,74.125.200.0-255,5379,76734,64,383489
6683,0.000658,172.31.40.0-255,66,76800,64,383489
6684,0.000681,74.125.200.0-255,4320,81120,64,383489
6685,0.000684,172.31.40.0-255,66,81186,64,383489
6686,0.000707,74.125.200.0-255,1484,82670,64,383489
6687,0.000713,74.125.200.0-255,4320,86990,64,383489
6688,0.000715,172.31.40.0-255,66,87056,64,383489
6689,0.000743,74.125.200.0-255,2902,89958,64,383489
6690,0.000746,172.31.40.0-255,66,90024,64,383489
6691,0.000749,74.125.200.0-255,1125,91149,64,383489
6692,0.000881,172.31.40.0-255,66,91215,64,383489
6693,0.00144,74.125.200.0-255,1484,92699,64,383489
6694,0.001452,74.125.200.0-255,2902,95601,64,383489
6695,0.001457,172.31.40.0-255,66,95667,64,383489
6696,0.001464,74.125.200.0-255,4320,99987,64,383489
6697,0.001466,172.31.40.0-255,66,100053,64,383489
6698,0.001497,74.125.200.0-255,1484,101537,64,383489
6699,0.001505,74.125.200.0-255,7156,108693,64,383489
6700,0.001507,172.31.40.0-255,66,108759,64,383489
6701,0.001511,74.125.200.0-255,2902,111661,64,383489
6702,0.001513,172.31.40.0-255,66,111727,64,383489
6703,0.001549,172.31.40.0-255,66,111793,64,383489
6704,0.001555,74.125.200.0-255,3602,115395,64,383489
6705,0.001557,172.31.40.0-255,66,115461,64,383489
6706,0.001658,74.125.200.0-255,1484,116945,64,383489
6707,0.001683,74.125.200.0-255,2902,119847,64,383489
6708,0.001685,172.31.40.0-255,66,119913,64,383489
6709,0.001714,74.125.200.0-255,5738,125651,64,383489
6710,0.001716,172.31.40.0-255,66,125717,64,383489
6711,0.001719,74.125.200.0-255,1484,127201,64,383489
6712,0.001745,74.125.200.0-255,7156,134357,64,383489
6713,0.001747,172.31.40.0-255,66,134423,64,383489
6714,0.001769,74.125.200.0-255,1484,135907,64,383489
6715,0.001774,74.125.200.0-255,2902,138809,64,383489
6716,0.001776,172.31.40.0-255,66,138875,64,383489
6717,0.001781,74.125.200.0-255,4320,143195,64,383489
6718,0.001783,172.31.40.0-255,66,143261,64,383489
6719,0.001819,74.125.200.0-255,6438,149699,64,383489
6720,0.001822,172.31.40.0-255,66,149765,64,383489
6721,0.001962,74.125.200.0-255,1484,151249,64,383489
6722,0.001975,74.125.200.0-255,2902,154151,64,383489
6723,0.001978,172.31.40.0-255,66,154217,64,383489
6724,0.002014,74.125.200.0-255,5738,159955,64,383489
6725,0.002016,172.31.40.0-255,66,160021,64,383489
6726,0.00202,74.125.200.0-255,2902,162923,64,383489
6727,0.002022,172.31.40.0-255,66,162989,64,383489
6728,0.002025,74.125.200.0-255,1484,164473,64,383489
6729,0.002054,74.125.200.0-255,2902,167375,64,383489
6730,0.002057,172.31.40.0-255,66,167441,64,383489
6731,0.002061,74.125.200.0-255,2902,170343,64,383489
6732,0.002063,172.31.40.0-255,66,170409,64,383489
6733,0.002089,74.125.200.0-255,4320,174729,64,383489
6734,0.002091,172.31.40.0-255,66,174795,64,383489
6735,0.002096,74.125.200.0-255,4320,179115,64,383489
6736,0.002098,172.31.40.0-255,66,179181,64,383489
6737,0.002126,74.125.200.0-255,4320,183501,64,383489
6738,0.002128,172.31.40.0-255,66,183567,64,383489
6739,0.002131,74.125.200.0-255,766,184333,64,383489
6740,0.004249,74.125.200.0-255,2902,187235,64,383489
6741,0.004252,172.31.40.0-255,66,187301,64,383489
6742,0.004276,74.125.200.0-255,1484,188785,64,383489
6743,0.006386,74.125.200.0-255,4320,193105,64,383489
6744,0.006394,172.31.40.0-255,66,193171,64,383489
6745,0.008534,74.125.200.0-255,5738,198909,64,383489
6746,0.008541,172.31.40.0-255,66,198975,64,383489
6747,0.010696,74.125.200.0-255,5738,204713,64,383489
6748,0.010703,172.31.40.0-255,66,204779,64,383489
6749,0.012849,74.125.200.0-255,5738,210517,64,383489
6750,0.012858,172.31.40.0-255,66,210583,64,383489
6751,0.015011,74.125.200.0-255,5738,216321,64,383489
6752,0.01502,172.31.40.0-255,66,216387,64,383489
6753,0.017184,74.125.200.0-255,5738,222125,64,383489
6754,0.017191,172.31.40.0-255,66,222191,64,383489
6755,0.019332,74.125.200.0-255,5738,227929,64,383489
6756,0.019339,172.31.40.0-255,66,227995,64,383489
6757,0.0215,74.125.200.0-255,5738,233733,64,383489
6758,0.021507,172.31.40.0-255,66,233799,64,383489
6759,0.02365,74.125.200.0-255,4320,238119,64,383489
6760,0.023658,172.31.40.0-255,66,238185,64,383489
6761,0.023686,74.125.200.0-255,1484,239669,64,383489
6762,0.025793,74.125.200.0-255,4320,243989,64,383489
6763,0.0258,172.31.40.0-255,66,244055,64,383489
6764,0.027465,172.31.40.0-255,172,244227,64,383489
6765,0.02749,172.31.40.0-255,1110,245337,64,383489
6766,0.027536,172.31.40.0-255,1514,246851,64,383489
6767,0.027555,172.31.40.0-255,1298,248149,64,383489
6768,0.027957,74.125.200.0-255,5738,253887,64,383489
6769,0.027963,172.31.40.0-255,66,253953,64,383489
6770,0.02916,104.244.42.0-255,66,254019,64,383489
6771,0.029166,104.244.42.0-255,66,254085,64,383489
6772,0.029195,104.244.42.0-255,66,254151,64,383489
6773,0.029265,104.244.42.0-255,66,254217,64,383489
6774,0.030099,74.125.200.0-255,1484,255701,64,383489
6775,0.03013,74.125.200.0-255,4320,260021,64,383489
6776,0.030134,172.31.40.0-255,66,260087,64,383489
6777,0.032277,74.125.200.0-255,5738,265825,64,383489
6778,0.032284,172.31.40.0-255,66,265891,64,383489
6779,0.034421,74.125.200.0-255,4320,270211,64,383489
6780,0.034425,172.31.40.0-255,66,270277,64,383489
6781,0.034455,74.125.200.0-255,1484,271761,64,383489
6782,0.036558,74.125.200.0-255,4320,276081,64,383489
6783,0.036562,172.31.40.0-255,66,276147,64,383489
6784,0.038697,74.125.200.0-255,4320,280467,64,383489
6785,0.038703,172.31.40.0-255,66,280533,64,383489
6786,0.038737,74.125.200.0-255,1484,282017,64,383489
6787,0.040839,74.125.200.0-255,4320,286337,64,383489
6788,0.040845,172.31.40.0-255,66,286403,64,383489
6789,0.042979,74.125.200.0-255,5738,292141,64,383489
6790,0.042984,172.31.40.0-255,66,292207,64,383489
6791,0.045112,74.125.200.0-255,4320,296527,64,383489
6792,0.045118,172.31.40.0-255,66,296593,64,383489
6793,0.045152,74.125.200.0-255,1484,298077,64,383489
6794,0.047247,74.125.200.0-255,4320,302397,64,383489
6795,0.047252,172.31.40.0-255,66,302463,64,383489
6796,0.049427,74.125.200.0-255,5738,308201,64,383489
6797,0.049432,172.31.40.0-255,66,308267,64,383489
6798,0.051569,74.125.200.0-255,4320,312587,64,383489
6799,0.051574,172.31.40.0-255,66,312653,64,383489
6800,0.051604,74.125.200.0-255,1484,314137,64,383489
6801,0.053702,74.125.200.0-255,2902,317039,64,383489
6802,0.053707,172.31.40.0-255,66,317105,64,383489
6803,0.055841,74.125.200.0-255,4320,321425,64,383489
6804,0.055846,172.31.40.0-255,66,321491,64,383489
6805,0.055877,74.125.200.0-255,1484,322975,64,383489
6806,0.057997,74.125.200.0-255,2902,325877,64,383489
6807,0.058004,172.31.40.0-255,66,325943,64,383489
6808,0.058035,74.125.200.0-255,1484,327427,64,383489
6809,0.060182,74.125.200.0-255,4320,331747,64,383489
6810,0.060188,172.31.40.0-255,66,331813,64,383489
6811,0.062327,74.125.200.0-255,5738,337551,64,383489
6812,0.062334,172.31.40.0-255,66,337617,64,383489
6813,0.06446,74.125.200.0-255,5738,343355,64,383489
6814,0.064465,172.31.40.0-255,66,343421,64,383489
6815,0.066594,74.125.200.0-255,4320,347741,64,383489
6816,0.066599,172.31.40.0-255,66,347807,64,383489
6817,0.066636,74.125.200.0-255,1484,349291,64,383489
6818,0.068741,74.125.200.0-255,1484,350775,64,383489
6819,0.068746,172.31.40.0-255,66,350841,64,383489
6820,0.068781,74.125.200.0-255,2902,353743,64,383489
6821,0.068785,172.31.40.0-255,66,353809,64,383489
6822,0.070867,74.125.200.0-255,2902,356711,64,383489
6823,0.070872,172.31.40.0-255,66,356777,64,383489
6824,0.07091,74.125.200.0-255,2902,359679,64,383489
6825,0.070914,172.31.40.0-255,66,359745,64,383489
6826,0.073002,74.125.200.0-255,2902,362647,64,383489
6827,0.073007,172.31.40.0-255,66,362713,64,383489
6828,0.07305,74.125.200.0-255,2902,365615,64,383489
6829,0.073054,172.31.40.0-255,66,365681,64,383489
6830,0.075148,74.125.200.0-255,2902,368583,64,383489
6831,0.075153,172.31.40.0-255,66,368649,64,383489
6832,0.075185,74.125.200.0-255,2902,371551,64,383489
6833,0.075189,172.31.40.0-255,66,371617,64,383489
6834,0.077286,74.125.200.0-255,2902,374519,64,383489
6835,0.077291,172.31.40.0-255,66,374585,64,383489
6836,0.077328,74.125.200.0-255,2902,377487,64,383489
6837,0.077331,172.31.40.0-255,66,377553,64,383489
6838,0.079428,74.125.200.0-255,2902,380455,64,383489
6839,0.079434,172.31.40.0-255,66,380521,64,383489
6840,0.079468,74.125.200.0-255,2902,383423,64,383489
6841,0.079471,172.31.40.0-255,66,383489,64,383489
6842,0.0,74.125.68.0-255,146,146,64,328963
6843,1.7e-05,172.31.40.0-255,66,212,64,328963
6844,2.4e-05,74.125.68.0-255,1484,1696,64,328963
6845,2.8e-05,172.31.40.0-255,66,1762,64,328963
6846,3.4e-05,74.125.68.0-255,2902,4664,64,328963
6847,3.6e-05,172.31.40.0-255,66,4730,64,328963
6848,6.3e-05,74.125.68.0-255,7156,11886,64,328963
6849,6.6e-05,172.31.40.0-255,66,11952,64,328963
6850,7.2e-05,74.125.68.0-255,2101,14053,64,328963
6851,7.4e-05,172.31.40.0-255,66,14119,64,328963
6852,8e-05,74.125.68.0-255,2902,17021,64,328963
6853,8.2e-05,172.31.40.0-255,66,17087,64,328963
6854,8.9e-05,74.125.68.0-255,5738,22825,64,328963
6855,9.2e-05,172.31.40.0-255,66,22891,64,328963
6856,0.000115,74.125.68.0-255,1484,24375,64,328963
6857,0.000117,172.31.40.0-255,66,24441,64,328963
6858,0.000124,74.125.68.0-255,5738,30179,64,328963
6859,0.000126,172.31.40.0-255,66,30245,64,328963
6860,0.000149,74.125.68.0-255,1125,31370,64,328963
6861,0.000152,172.31.40.0-255,66,31436,64,328963
6862,0.000233,74.125.68.0-255,1484,32920,64,328963
6863,0.000237,172.31.40.0-255,66,32986,64,328963
6864,0.00024,74.125.68.0-255,1484,34470,64,328963
6865,0.000242,172.31.40.0-255,66,34536,64,328963
6866,0.000257,74.125.68.0-255,1484,36020,64,328963
6867,0.00026,172.31.40.0-255,66,36086,64,328963
6868,0.000263,74.125.68.0-255,1484,37570,64,328963
6869,0.000265,172.31.40.0-255,66,37636,64,328963
6870,0.000269,74.125.68.0-255,2902,40538,64,328963
6871,0.000272,172.31.40.0-255,66,40604,64,328963
6872,0.000294,74.125.68.0-255,5738,46342,64,328963
6873,0.000297,172.31.40.0-255,66,46408,64,328963
6874,0.000322,74.125.68.0-255,5379,51787,64,328963
6875,0.000325,172.31.40.0-255,66,51853,64,328963
6876,0.00033,74.125.68.0-255,4320,56173,64,328963
6877,0.000332,172.31.40.0-255,66,56239,64,328963
6878,0.000344,74.125.68.0-255,1484,57723,64,328963
6879,0.000359,74.125.68.0-255,2902,60625,64,328963
6880,0.000362,172.31.40.0-255,66,60691,64,328963
6881,0.000375,74.125.68.0-255,5649,66340,64,328963
6882,0.000378,172.31.40.0-255,66,66406,64,328963
6883,0.000394,74.125.68.0-255,134,66540,64,328963
6884,0.000472,74.125.68.0-255,1484,68024,64,328963
6885,0.000475,172.31.40.0-255,66,68090,64,328963
6886,0.000506,74.125.68.0-255,1484,69574,64,328963
6887,0.00052,74.125.68.0-255,2902,72476,64,328963
6888,0.000523,172.31.40.0-255,66,72542,64,328963
6889,0.000551,74.125.68.0-255,4320,76862,64,328963
6890,0.000554,172.31.40.0-255,66,76928,64,328963
6891,0.000574,74.125.68.0-255,1484,78412,64,328963
6892,0.000579,74.125.68.0-255,4320,82732,64,328963
6893,0.000581,172.31.40.0-255,66,82798,64,328963
6894,0.000587,74.125.68.0-255,5738,88536,64,328963
6895,0.00059,172.31.40.0-255,66,88602,64,328963
6896,0.000624,172.31.40.0-255,66,88668,64,328963
6897,0.000627,74.125.68.0-255,766,89434,64,328963
6898,0.000673,74.125.68.0-255,348,89782,64,328963
6899,0.000713,74.125.68.0-255,1484,91266,64,328963
6900,0.000716,172.31.40.0-255,66,91332,64,328963
6901,0.000721,74.125.68.0-255,2902,94234,64,328963
6902,0.000723,172.31.40.0-255,66,94300,64,328963
6903,0.00074,74.125.68.0-255,5738,100038,64,328963
6904,0.000743,172.31.40.0-255,66,100104,64,328963
6905,0.000768,74.125.68.0-255,4320,104424,64,328963
6906,0.00077,172.31.40.0-255,66,104490,64,328963
6907,0.000787,74.125.68.0-255,5738,110228,64,328963
6908,0.00079,172.31.40.0-255,66,110294,64,328963
6909,0.000796,74.125.68.0-255,5738,116032,64,328963
6910,0.000799,172.31.40.0-255,66,116098,64,328963
6911,0.000828,74.125.68.0-255,5738,121836,64,328963
6912,0.000833,172.31.40.0-255,66,121902,64,328963
6913,0.000838,74.125.68.0-255,2184,124086,64,328963
6914,0.00084,172.31.40.0-255,66,124152,64,328963
6915,0.00095,74.125.68.0-255,1484,125636,64,328963
6916,0.000956,74.125.68.0-255,2902,128538,64,328963
6917,0.00096,172.31.40.0-255,66,128604,64,328963
6918,0.000963,74.125.68.0-255,1484,130088,64,328963
6919,0.000966,74.125.68.0-255,1484,131572,64,328963
6920,0.000968,172.31.40.0-255,66,131638,64,328963
6921,0.00098,74.125.68.0-255,1484,133122,64,328963
6922,0.000983,74.125.68.0-255,1484,134606,64,328963
6923,0.000986,172.31.40.0-255,66,134672,64,328963
6924,0.001006,74.125.68.0-255,4320,138992,64,328963
6925,0.001009,172.31.40.0-255,66,139058,64,328963
6926,0.00103,172.31.40.0-255,66,139124,64,328963
6927,0.001051,74.125.68.0-255,1484,140608,64,328963
6928,0.001079,74.125.68.0-255,7156,147764,64,328963
6929,0.001082,172.31.40.0-255,66,147830,64,328963
6930,0.001098,74.125.68.0-255,2184,150014,64,328963
6931,0.0011,172.31.40.0-255,66,150080,64,328963
6932,0.001205,74.125.68.0-255,1484,151564,64,328963
6933,0.001224,74.125.68.0-255,2902,154466,64,328963
6934,0.001228,172.31.40.0-255,66,154532,64,328963
6935,0.001246,74.125.68.0-255,4320,158852,64,328963
6936,0.001248,172.31.40.0-255,66,158918,64,328963
6937,0.001276,172.31.40.0-255,66,158984,64,328963
6938,0.001281,74.125.68.0-255,2902,161886,64,328963
6939,0.001284,172.31.40.0-255,66,161952,64,328963
6940,0.001289,74.125.68.0-255,4320,166272,64,328963
6941,0.001291,172.31.40.0-255,66,166338,64,328963
6942,0.001319,172.31.40.0-255,66,166404,64,328963
6943,0.001322,74.125.68.0-255,766,167170,64,328963
6944,0.001343,74.125.68.0-255,1484,168654,64,328963
6945,0.001346,172.31.40.0-255,66,168720,64,328963
6946,0.001364,74.125.68.0-255,1484,170204,64,328963
6947,0.001376,74.125.68.0-255,2902,173106,64,328963
6948,0.001379,172.31.40.0-255,66,173172,64,328963
6949,0.001384,74.125.68.0-255,2902,176074,64,328963
6950,0.001387,172.31.40.0-255,66,176140,64,328963
6951,0.001389,74.125.68.0-255,1484,177624,64,328963
6952,0.001403,74.125.68.0-255,2902,180526,64,328963
6953,0.001406,172.31.40.0-255,66,180592,64,328963
6954,0.001431,74.125.68.0-255,5738,186330,64,328963
6955,0.001434,172.31.40.0-255,66,186396,64,328963
6956,0.001459,74.125.68.0-255,2902,189298,64,328963
6957,0.001462,172.31.40.0-255,66,189364,64,328963
6958,0.001474,172.31.40.0-255,66,189430,64,328963
6959,0.001478,74.125.68.0-255,2184,191614,64,328963
6960,0.00148,172.31.40.0-255,66,191680,64,328963
6961,0.001545,74.125.68.0-255,1484,193164,64,328963
6962,0.001549,74.125.68.0-255,1484,194648,64,328963
6963,0.001551,172.31.40.0-255,66,194714,64,328963
6964,0.001574,74.125.68.0-255,1484,196198,64,328963
6965,0.001581,74.125.68.0-255,5738,201936,64,328963
6966,0.001583,172.31.40.0-255,66,202002,64,328963
6967,0.001593,74.125.68.0-255,2902,204904,64,328963
6968,0.001595,172.31.40.0-255,66,204970,64,328963
6969,0.0016,74.125.68.0-255,4320,209290,64,328963
6970,0.001602,172.31.40.0-255,66,209356,64,328963
6971,0.001643,172.31.40.0-255,66,209422,64,328963
6972,0.001649,74.125.68.0-255,5738,215160,64,328963
6973,0.001652,172.31.40.0-255,66,215226,64,328963
6974,0.001675,74.125.68.0-255,1484,216710,64,328963
6975,0.0017,74.125.68.0-255,766,217476,64,328963
6976,0.001703,172.31.40.0-255,66,217542,64,328963
6977,0.001708,74.125.68.0-255,2902,220444,64,328963
6978,0.00171,172.31.40.0-255,66,220510,64,328963
6979,0.001723,74.125.68.0-255,2902,223412,64,328963
6980,0.001725,172.31.40.0-255,66,223478,64,328963
6981,0.001746,74.125.68.0-255,4320,227798,64,328963
6982,0.001749,172.31.40.0-255,66,227864,64,328963
6983,0.001827,74.125.68.0-255,5738,233602,64,328963
6984,0.001832,172.31.40.0-255,66,233668,64,328963
6985,0.00184,172.31.40.0-255,66,233734,64,328963
6986,0.001844,74.125.68.0-255,1484,235218,64,328963
6987,0.001855,172.31.40.0-255,66,235284,64,328963
6988,0.001858,74.125.68.0-255,1484,236768,64,328963
6989,0.001861,74.125.68.0-255,1484,238252,64,328963
6990,0.001863,172.31.40.0-255,66,238318,64,328963
6991,0.001881,74.125.68.0-255,1484,239802,64,328963
6992,0.001886,74.125.68.0-255,2902,242704,64,328963
6993,0.001888,172.31.40.0-255,66,242770,64,328963
6994,0.001892,74.125.68.0-255,2902,245672,64,328963
6995,0.001895,172.31.40.0-255,66,245738,64,328963
6996,0.001918,74.125.68.0-255,1484,247222,64,328963
6997,0.001945,74.125.68.0-255,4320,251542,64,328963
6998,0.001948,172.31.40.0-255,66,251608,64,328963
6999,0.001953,74.125.68.0-255,2902,254510,64,328963
7000,0.001955,172.31.40.0-255,66,254576,64,328963
7001,0.001969,74.125.68.0-255,2902,257478,64,328963
7002,0.001971,172.31.40.0-255,66,257544,64,328963
7003,0.001988,74.125.68.0-255,4320,261864,64,328963
7004,0.001991,172.31.40.0-255,66,261930,64,328963
7005,0.002014,74.125.68.0-255,5738,267668,64,328963
7006,0.002017,172.31.40.0-255,66,267734,64,328963
7007,0.002035,74.125.68.0-255,2184,269918,64,328963
7008,0.002038,172.31.40.0-255,66,269984,64,328963
7009,0.002061,74.125.68.0-255,2902,272886,64,328963
7010,0.002065,172.31.40.0-255,66,272952,64,328963
7011,0.002079,74.125.68.0-255,5738,278690,64,328963
7012,0.002082,172.31.40.0-255,66,278756,64,328963
7013,0.002098,74.125.68.0-255,1484,280240,64,328963
7014,0.002102,74.125.68.0-255,2902,283142,64,328963
7015,0.002104,172.31.40.0-255,66,283208,64,328963
7016,0.002118,74.125.68.0-255,2902,286110,64,328963
7017,0.002121,172.31.40.0-255,66,286176,64,328963
7018,0.002141,172.31.40.0-255,66,286242,64,328963
7019,0.002148,74.125.68.0-255,7156,293398,64,328963
7020,0.00215,172.31.40.0-255,66,293464,64,328963
7021,0.002171,74.125.68.0-255,2184,295648,64,328963
7022,0.002174,172.31.40.0-255,66,295714,64,328963
7023,0.002198,74.125.68.0-255,7156,302870,64,328963
7024,0.002201,172.31.40.0-255,66,302936,64,328963
7025,0.00222,74.125.68.0-255,1484,304420,64,328963
7026,0.002232,172.31.40.0-255,66,304486,64,328963
7027,0.002254,74.125.68.0-255,1484,305970,64,328963
7028,0.00226,74.125.68.0-255,4320,310290,64,328963
7029,0.002263,172.31.40.0-255,66,310356,64,328963
7030,0.002282,74.125.68.0-255,2902,313258,64,328963
7031,0.002285,172.31.40.0-255,66,313324,64,328963
7032,0.002296,172.31.40.0-255,66,313390,64,328963
7033,0.002299,74.125.68.0-255,1484,314874,64,328963
7034,0.002319,74.125.68.0-255,2902,317776,64,328963
7035,0.002321,172.31.40.0-255,66,317842,64,328963
7036,0.002325,74.125.68.0-255,2632,320474,64,328963
7037,0.002327,172.31.40.0-255,66,320540,64,328963
7038,0.004594,74.125.68.0-255,105,320645,64,328963
7039,0.010388,172.31.40.0-255,66,320711,64,328963
7040,0.010441,172.31.40.0-255,105,320816,64,328963
7041,0.012717,74.125.68.0-255,66,320882,64,328963
7042,0.030676,172.31.40.0-255,172,321054,64,328963
7043,0.030707,172.31.40.0-255,1110,322164,64,328963
7044,0.030771,172.31.40.0-255,1514,323678,64,328963
7045,0.030773,172.31.40.0-255,1514,325192,64,328963
7046,0.030777,172.31.40.0-255,1514,326706,64,328963
7047,0.030779,172.31.40.0-255,1514,328220,64,328963
7048,0.030798,172.31.40.0-255,479,328699,64,328963
7049,0.032253,104.244.42.0-255,66,328765,64,328963
7050,0.032279,104.244.42.0-255,66,328831,64,328963
7051,0.032355,104.244.42.0-255,66,328897,64,328963
7052,0.032367,104.244.42.0-255,66,328963,64,328963
7053,0.0,74.125.200.0-255,150,150,64,305657
7054,2.2e-05,172.31.40.0-255,66,216,64,305657
7055,3e-05,74.125.200.0-255,1484,1700,64,305657
7056,3.4e-05,172.31.40.0-255,66,1766,64,305657
7057,6.7e-05,74.125.200.0-255,2902,4668,64,305657
7058,7e-05,172.31.40.0-255,66,4734,64,305657
7059,7.8e-05,74.125.200.0-255,5738,10472,64,305657
7060,8e-05,172.31.40.0-255,66,10538,64,305657
7061,8.5e-05,74.125.200.0-255,3493,14031,64,305657
7062,8.9e-05,172.31.40.0-255,66,14097,64,305657
7063,0.000135,74.125.200.0-255,4320,18417,64,305657
7064,0.000138,172.31.40.0-255,66,18483,64,305657
7065,0.000141,74.125.200.0-255,1484,19967,64,305657
7066,0.000143,172.31.40.0-255,66,20033,64,305657
7067,0.000148,74.125.200.0-255,2902,22935,64,305657
7068,0.000155,172.31.40.0-255,66,23001,64,305657
7069,0.000189,74.125.200.0-255,5738,28739,64,305657
7070,0.000192,172.31.40.0-255,66,28805,64,305657
7071,0.000233,74.125.200.0-255,2543,31348,64,305657
7072,0.000237,172.31.40.0-255,66,31414,64,305657
7073,0.000425,74.125.200.0-255,1484,32898,64,305657
7074,0.000431,172.31.40.0-255,66,32964,64,305657
7075,0.000437,74.125.200.0-255,2902,35866,64,305657
7076,0.00044,172.31.40.0-255,66,35932,64,305657
7077,0.000474,74.125.200.0-255,5738,41670,64,305657
7078,0.000477,172.31.40.0-255,66,41736,64,305657
7079,0.000483,74.125.200.0-255,5738,47474,64,305657
7080,0.000486,172.31.40.0-255,66,47540,64,305657
7081,0.000514,74.125.200.0-255,1125,48665,64,305657
7082,0.000517,172.31.40.0-255,66,48731,64,305657
7083,0.000542,74.125.200.0-255,4320,53051,64,305657
7084,0.000544,172.31.40.0-255,66,53117,64,305657
7085,0.000593,74.125.200.0-255,4320,57437,64,305657
7086,0.000597,172.31.40.0-255,66,57503,64,305657
7087,0.000616,74.125.200.0-255,1484,58987,64,305657
7088,0.000625,74.125.200.0-255,7070,66057,64,305657
7089,0.000628,172.31.40.0-255,66,66123,64,305657
7090,0.00124,74.125.200.0-255,131,66254,64,305657
7091,0.002575,74.125.200.0-255,4320,70574,64,305657
7092,0.002583,172.31.40.0-255,66,70640,64,305657
7093,0.004537,74.125.200.0-255,5738,76378,64,305657
7094,0.004543,172.31.40.0-255,66,76444,64,305657
7095,0.006498,74.125.200.0-255,2902,79346,64,305657
7096,0.006503,172.31.40.0-255,66,79412,64,305657
7097,0.006522,74.125.200.0-255,2902,82314,64,305657
7098,0.006525,172.31.40.0-255,66,82380,64,305657
7099,0.008455,74.125.200.0-255,2902,85282,64,305657
7100,0.008462,172.31.40.0-255,66,85348,64,305657
7101,0.008494,74.125.200.0-255,2902,88250,64,305657
7102,0.008496,172.31.40.0-255,66,88316,64,305657
7103,0.010446,74.125.200.0-255,2902,91218,64,305657
7104,0.010454,172.31.40.0-255,66,91284,64,305657
7105,0.010487,74.125.200.0-255,2902,94186,64,305657
7106,0.010489,172.31.40.0-255,66,94252,64,305657
7107,0.012418,74.125.200.0-255,2902,97154,64,305657
7108,0.012427,172.31.40.0-255,66,97220,64,305657
7109,0.01246,74.125.200.0-255,2902,100122,64,305657
7110,0.012462,172.31.40.0-255,66,100188,64,305657
7111,0.014378,74.125.200.0-255,2902,103090,64,305657
7112,0.014387,172.31.40.0-255,66,103156,64,305657
7113,0.014417,74.125.200.0-255,2902,106058,64,305657
7114,0.01442,172.31.40.0-255,66,106124,64,305657
7115,0.01634,74.125.200.0-255,2902,109026,64,305657
7116,0.016347,172.31.40.0-255,66,109092,64,305657
7117,0.016373,74.125.200.0-255,2902,111994,64,305657
7118,0.016375,172.31.40.0-255,66,112060,64,305657
7119,0.018289,74.125.200.0-255,2902,114962,64,305657
7120,0.018295,172.31.40.0-255,66,115028,64,305657
7121,0.018332,74.125.200.0-255,2902,117930,64,305657
7122,0.018336,172.31.40.0-255,66,117996,64,305657
7123,0.020336,74.125.200.0-255,2902,120898,64,305657
7124,0.020344,172.31.40.0-255,66,120964,64,305657
7125,0.020372,74.125.200.0-255,1484,122448,64,305657
7126,0.020389,74.125.200.0-255,1484,123932,64,305657
7127,0.020392,172.31.40.0-255,66,123998,64,305657
7128,0.022313,74.125.200.0-255,2902,126900,64,305657
7129,0.022319,172.31.40.0-255,66,126966,64,305657
7130,0.022346,74.125.200.0-255,2902,129868,64,305657
7131,0.022349,172.31.40.0-255,66,129934,64,305657
7132,0.024266,74.125.200.0-255,1484,131418,64,305657
7133,0.024283,74.125.200.0-255,4320,135738,64,305657
7134,0.024287,172.31.40.0-255,66,135804,64,305657
7135,0.026273,74.125.200.0-255,5738,141542,64,305657
7136,0.026279,172.31.40.0-255,66,141608,64,305657
7137,0.028233,74.125.200.0-255,5738,147346,64,305657
7138,0.028239,172.31.40.0-255,66,147412,64,305657
7139,0.028688,172.31.40.0-255,172,147584,64,305657
7140,0.028714,172.31.40.0-255,1112,148696,64,305657
7141,0.028762,172.31.40.0-255,1514,150210,64,305657
7142,0.028764,172.31.40.0-255,1514,151724,64,305657
7143,0.028769,172.31.40.0-255,1514,153238,64,305657
7144,0.02877,172.31.40.0-255,1077,154315,64,305657
7145,0.030219,104.244.42.0-255,66,154381,64,305657
7146,0.030264,104.244.42.0-255,66,154447,64,305657
7147,0.030274,74.125.200.0-255,5738,160185,64,305657
7148,0.03028,172.31.40.0-255,66,160251,64,305657
7149,0.030364,104.244.42.0-255,66,160317,64,305657
7150,0.03037,104.244.42.0-255,66,160383,64,305657
7151,0.031595,104.244.42.0-255,108,160491,64,305657
7152,0.031605,172.31.40.0-255,66,160557,64,305657
7153,0.032261,74.125.200.0-255,5738,166295,64,305657
7154,0.032266,172.31.40.0-255,66,166361,64,305657
7155,0.034244,74.125.200.0-255,5738,172099,64,305657
7156,0.034251,172.31.40.0-255,66,172165,64,305657
7157,0.036228,74.125.200.0-255,5738,177903,64,305657
7158,0.036234,172.31.40.0-255,66,177969,64,305657
7159,0.038206,74.125.200.0-255,5738,183707,64,305657
7160,0.038213,172.31.40.0-255,66,183773,64,305657
7161,0.040181,74.125.200.0-255,5738,189511,64,305657
7162,0.040188,172.31.40.0-255,66,189577,64,305657
7163,0.042161,74.125.200.0-255,5738,195315,64,305657
7164,0.042168,172.31.40.0-255,66,195381,64,305657
7165,0.044142,74.125.200.0-255,5738,201119,64,305657
7166,0.044148,172.31.40.0-255,66,201185,64,305657
7167,0.046118,74.125.200.0-255,5738,206923,64,305657
7168,0.046125,172.31.40.0-255,66,206989,64,305657
7169,0.048083,74.125.200.0-255,5738,212727,64,305657
7170,0.048089,172.31.40.0-255,66,212793,64,305657
7171,0.050058,74.125.200.0-255,5738,218531,64,305657
7172,0.050064,172.31.40.0-255,66,218597,64,305657
7173,0.052029,74.125.200.0-255,5738,224335,64,305657
7174,0.052034,172.31.40.0-255,66,224401,64,305657
7175,0.054004,74.125.200.0-255,5738,230139,64,305657
7176,0.054012,172.31.40.0-255,66,230205,64,305657
7177,0.055974,74.125.200.0-255,5738,235943,64,305657
7178,0.055982,172.31.40.0-255,66,236009,64,305657
7179,0.057943,74.125.200.0-255,5738,241747,64,305657
7180,0.05795,172.31.40.0-255,66,241813,64,305657
7181,0.059906,74.125.200.0-255,5738,247551,64,305657
7182,0.059914,172.31.40.0-255,66,247617,64,305657
7183,0.061883,74.125.200.0-255,5738,253355,64,305657
7184,0.061889,172.31.40.0-255,66,253421,64,305657
7185,0.063856,74.125.200.0-255,5738,259159,64,305657
7186,0.063867,172.31.40.0-255,66,259225,64,305657
7187,0.065824,74.125.200.0-255,5738,264963,64,305657
7188,0.065832,172.31.40.0-255,66,265029,64,305657
7189,0.067789,74.125.200.0-255,5738,270767,64,305657
7190,0.067796,172.31.40.0-255,66,270833,64,305657
7191,0.06977,74.125.200.0-255,5738,276571,64,305657
7192,0.069777,172.31.40.0-255,66,276637,64,305657
7193,0.071736,74.125.200.0-255,5738,282375,64,305657
7194,0.071741,172.31.40.0-255,66,282441,64,305657
7195,0.073711,74.125.200.0-255,5738,288179,64,305657
7196,0.073717,172.31.40.0-255,66,288245,64,305657
7197,0.075684,74.125.200.0-255,5738,293983,64,305657
7198,0.07569,172.31.40.0-255,66,294049,64,305657
7199,0.077652,74.125.200.0-255,5738,299787,64,305657
7200,0.077659,172.31.40.0-255,66,299853,64,305657
7201,0.07963,74.125.200.0-255,5738,305591,64,305657
7202,0.079636,172.31.40.0-255,66,305657,64,305657
7203,0.0,74.125.24.0-255,66,66,64,66
7204,0.0,172.253.118.0-255,150,150,64,266893
7205,1.9e-05,172.31.40.0-255,66,216,64,266893
7206,2.6e-05,172.253.118.0-255,1484,1700,64,266893
7207,3e-05,172.31.40.0-255,66,1766,64,266893
7208,3.6e-05,172.253.118.0-255,2902,4668,64,266893
7209,3.9e-05,172.31.40.0-255,66,4734,64,266893
7210,6.6e-05,172.253.118.0-255,7156,11890,64,266893
7211,7e-05,172.31.40.0-255,66,11956,64,266893
7212,0.000102,172.253.118.0-255,6348,18304,64,266893
7213,0.000104,172.31.40.0-255,66,18370,64,266893
7214,0.000111,172.253.118.0-255,7156,25526,64,266893
7215,0.000113,172.31.40.0-255,66,25592,64,266893
7216,0.000144,172.253.118.0-255,5379,30971,64,266893
7217,0.000147,172.31.40.0-255,66,31037,64,266893
7218,0.000234,172.253.118.0-255,1484,32521,64,266893
7219,0.000238,172.31.40.0-255,66,32587,64,266893
7220,0.000243,172.253.118.0-255,2902,35489,64,266893
7221,0.000245,172.31.40.0-255,66,35555,64,266893
7222,0.000262,172.253.118.0-255,5738,41293,64,266893
7223,0.000264,172.31.40.0-255,66,41359,64,266893
7224,0.000292,172.253.118.0-255,6797,48156,64,266893
7225,0.000295,172.31.40.0-255,66,48222,64,266893
7226,0.000309,172.253.118.0-255,4320,52542,64,266893
7227,0.000311,172.31.40.0-255,66,52608,64,266893
7228,0.000347,172.31.40.0-255,66,52674,64,266893
7229,0.000351,172.253.118.0-255,2816,55490,64,266893
7230,0.000353,172.31.40.0-255,66,55556,64,266893
7231,0.000376,172.253.118.0-255,131,55687,64,266893
7232,0.000378,172.31.40.0-255,66,55753,64,266893
7233,0.000381,172.253.118.0-255,348,56101,64,266893
7234,0.000383,172.31.40.0-255,66,56167,64,266893
7235,0.000669,172.253.118.0-255,1484,57651,64,266893
7236,0.000692,172.253.118.0-255,2902,60553,64,266893
7237,0.000698,172.253.118.0-255,5738,66291,64,266893
7238,0.000703,172.31.40.0-255,66,66357,64,266893
7239,0.00071,172.31.40.0-255,66,66423,64,266893
7240,0.000724,172.253.118.0-255,2902,69325,64,266893
7241,0.000726,172.31.40.0-255,66,69391,64,266893
7242,0.00077,172.31.40.0-255,66,69457,64,266893
7243,0.000781,172.31.40.0-255,66,69523,64,266893
7244,0.000783,172.253.118.0-255,1125,70648,64,266893
7245,0.000892,172.253.118.0-255,1484,72132,64,266893
7246,0.000896,172.31.40.0-255,66,72198,64,266893
7247,0.0009,172.253.118.0-255,2902,75100,64,266893
7248,0.000902,172.31.40.0-255,66,75166,64,266893
7249,0.000919,172.253.118.0-255,5738,80904,64,266893
7250,0.000921,172.31.40.0-255,66,80970,64,266893
7251,0.000965,172.31.40.0-255,66,81036,64,266893
7252,0.000972,172.253.118.0-255,7156,88192,64,266893
7253,0.000974,172.31.40.0-255,66,88258,64,266893
7254,0.001011,172.253.118.0-255,3602,91860,64,266893
7255,0.001015,172.31.40.0-255,66,91926,64,266893
7256,0.001084,172.253.118.0-255,1484,93410,64,266893
7257,0.001098,172.253.118.0-255,2902,96312,64,266893
7258,0.001101,172.31.40.0-255,66,96378,64,266893
7259,0.001127,172.253.118.0-255,5738,102116,64,266893
7260,0.001132,172.31.40.0-255,66,102182,64,266893
7261,0.001152,172.253.118.0-255,7156,109338,64,266893
7262,0.001154,172.31.40.0-255,66,109404,64,266893
7263,0.001183,172.253.118.0-255,5738,115142,64,266893
7264,0.00119,172.253.118.0-255,7156,122298,64,266893
7265,0.001217,172.253.118.0-255,3602,125900,64,266893
7266,0.001222,172.31.40.0-255,66,125966,64,266893
7267,0.001224,172.31.40.0-255,66,126032,64,266893
7268,0.001226,172.31.40.0-255,66,126098,64,266893
7269,0.001262,172.253.118.0-255,1484,127582,64,266893
7270,0.001266,172.253.118.0-255,2902,130484,64,266893
7271,0.001268,172.31.40.0-255,66,130550,64,266893
7272,0.001292,172.253.118.0-255,5738,136288,64,266893
7273,0.001295,172.31.40.0-255,66,136354,64,266893
7274,0.001325,172.253.118.0-255,1484,137838,64,266893
7275,0.001348,172.31.40.0-255,66,137904,64,266893
7276,0.001355,172.253.118.0-255,7156,145060,64,266893
7277,0.001357,172.31.40.0-255,66,145126,64,266893
7278,0.001359,172.253.118.0-255,1484,146610,64,266893
7279,0.001382,172.253.118.0-255,2184,148794,64,266893
7280,0.001386,172.31.40.0-255,66,148860,64,266893
7281,0.001522,172.253.118.0-255,1484,150344,64,266893
7282,0.001526,172.253.118.0-255,1484,151828,64,266893
7283,0.001528,172.31.40.0-255,66,151894,64,266893
7284,0.001554,172.253.118.0-255,1484,153378,64,266893
7285,0.00156,172.253.118.0-255,5738,159116,64,266893
7286,0.001562,172.31.40.0-255,66,159182,64,266893
7287,0.001602,172.31.40.0-255,66,159248,64,266893
7288,0.001612,172.31.40.0-255,66,159314,64,266893
7289,0.001628,172.253.118.0-255,3602,162916,64,266893
7290,0.00163,172.31.40.0-255,66,162982,64,266893
7291,0.0017,172.253.118.0-255,1484,164466,64,266893
7292,0.001715,172.253.118.0-255,2902,167368,64,266893
7293,0.001717,172.31.40.0-255,66,167434,64,266893
7294,0.001722,172.253.118.0-255,4320,171754,64,266893
7295,0.001724,172.31.40.0-255,66,171820,64,266893
7296,0.001737,172.253.118.0-255,1484,173304,64,266893
7297,0.00176,172.253.118.0-255,5738,179042,64,266893
7298,0.001762,172.31.40.0-255,66,179108,64,266893
7299,0.001788,172.253.118.0-255,7156,186264,64,266893
7300,0.001791,172.31.40.0-255,66,186330,64,266893
7301,0.001797,172.253.118.0-255,7156,193486,64,266893
7302,0.001799,172.31.40.0-255,66,193552,64,266893
7303,0.001819,172.253.118.0-255,1484,195036,64,266893
7304,0.001831,172.253.118.0-255,2184,197220,64,266893
7305,0.001833,172.31.40.0-255,66,197286,64,266893
7306,0.001942,172.253.118.0-255,1484,198770,64,266893
7307,0.001947,172.253.118.0-255,2902,201672,64,266893
7308,0.001949,172.31.40.0-255,66,201738,64,266893
7309,0.001969,172.253.118.0-255,5738,207476,64,266893
7310,0.001971,172.31.40.0-255,66,207542,64,266893
7311,0.001976,172.253.118.0-255,4320,211862,64,266893
7312,0.001978,172.31.40.0-255,66,211928,64,266893
7313,0.002004,172.253.118.0-255,5738,217666,64,266893
7314,0.002007,172.31.40.0-255,66,217732,64,266893
7315,0.002023,172.253.118.0-255,5738,223470,64,266893
7316,0.002026,172.31.40.0-255,66,223536,64,266893
7317,0.002034,172.31.40.0-255,66,223602,64,266893
7318,0.002096,172.253.118.0-255,1484,225086,64,266893
7319,0.002111,172.253.118.0-255,2902,227988,64,266893
7320,0.002114,172.31.40.0-255,66,228054,64,266893
7321,0.002136,172.253.118.0-255,5738,233792,64,266893
7322,0.002139,172.31.40.0-255,66,233858,64,266893
7323,0.002145,172.253.118.0-255,5738,239596,64,266893
7324,0.002147,172.31.40.0-255,66,239662,64,266893
7325,0.002165,172.253.118.0-255,1484,241146,64,266893
7326,0.002179,172.31.40.0-255,66,241212,64,266893
7327,0.002184,172.253.118.0-255,3602,244814,64,266893
7328,0.002186,172.31.40.0-255,66,244880,64,266893
7329,0.002221,172.253.118.0-255,2902,247782,64,266893
7330,0.002224,172.31.40.0-255,66,247848,64,266893
7331,0.002257,172.31.40.0-255,66,247914,64,266893
7332,0.002273,172.253.118.0-255,1484,249398,64,266893
7333,0.002284,172.31.40.0-255,66,249464,64,266893
7334,0.002315,172.253.118.0-255,1484,250948,64,266893
7335,0.002344,172.31.40.0-255,66,251014,64,266893
7336,0.002357,172.31.40.0-255,66,251080,64,266893
7337,0.002378,172.253.118.0-255,3602,254682,64,266893
7338,0.002381,172.31.40.0-255,66,254748,64,266893
7339,0.002385,172.253.118.0-255,2902,257650,64,266893
7340,0.002386,172.31.40.0-255,66,257716,64,266893
7341,0.002403,172.253.118.0-255,3953,261669,64,266893
7342,0.002405,172.31.40.0-255,66,261735,64,266893
7343,0.004783,172.253.118.0-255,168,261903,64,266893
7344,0.009887,172.31.40.0-255,105,262008,64,266893
7345,0.009922,172.31.40.0-255,105,262113,64,266893
7346,0.010159,172.31.40.0-255,90,262203,64,266893
7347,0.010168,172.31.40.0-255,66,262269,64,266893
7348,0.012285,172.253.118.0-255,66,262335,64,266893
7349,0.012303,172.253.118.0-255,66,262401,64,266893
7350,0.012534,172.253.118.0-255,66,262467,64,266893
7351,0.012551,172.253.118.0-255,66,262533,64,266893
7352,0.012557,172.31.40.0-255,66,262599,64,266893
7353,0.033813,172.31.40.0-255,172,262771,64,266893
7354,0.033848,172.31.40.0-255,1108,263879,64,266893
7355,0.033909,172.31.40.0-255,1514,265393,64,266893
7356,0.033911,172.31.40.0-255,1302,266695,64,266893
7357,0.035428,104.244.42.0-255,66,266761,64,266893
7358,0.035458,104.244.42.0-255,66,266827,64,266893
7359,0.035538,104.244.42.0-255,66,266893,64,266893
7360,0.0,74.125.24.0-255,156,156,64,337436
7361,2.2e-05,172.31.40.0-255,66,222,64,337436
7362,2.9e-05,74.125.24.0-255,1484,1706,64,337436
7363,3.4e-05,172.31.40.0-255,66,1772,64,337436
7364,4.6e-05,74.125.24.0-255,2902,4674,64,337436
7365,4.9e-05,172.31.40.0-255,66,4740,64,337436
7366,5.5e-05,74.125.24.0-255,4320,9060,64,337436
7367,5.8e-05,172.31.40.0-255,66,9126,64,337436
7368,7.4e-05,74.125.24.0-255,1484,10610,64,337436
7369,8e-05,172.31.40.0-255,66,10676,64,337436
7370,8.4e-05,74.125.24.0-255,2902,13578,64,337436
7371,8.6e-05,172.31.40.0-255,66,13644,64,337436
7372,0.000122,172.31.40.0-255,66,13710,64,337436
7373,0.000156,74.125.24.0-255,6797,20507,64,337436
7374,0.000158,172.31.40.0-255,66,20573,64,337436
7375,0.000383,74.125.24.0-255,1484,22057,64,337436
7376,0.000388,172.31.40.0-255,66,22123,64,337436
7377,0.000393,74.125.24.0-255,2902,25025,64,337436
7378,0.000396,172.31.40.0-255,66,25091,64,337436
7379,0.0004,74.125.24.0-255,2902,27993,64,337436
7380,0.000402,172.31.40.0-255,66,28059,64,337436
7381,0.000432,74.125.24.0-255,2902,30961,64,337436
7382,0.000435,172.31.40.0-255,66,31027,64,337436
7383,0.000445,172.31.40.0-255,66,31093,64,337436
7384,0.000481,74.125.24.0-255,3961,35054,64,337436
7385,0.000484,172.31.40.0-255,66,35120,64,337436
7386,0.000494,172.31.40.0-255,66,35186,64,337436
7387,0.000497,74.125.24.0-255,1480,36666,64,337436
7388,0.000499,172.31.40.0-255,66,36732,64,337436
7389,0.000617,74.125.24.0-255,1484,38216,64,337436
7390,0.000638,74.125.24.0-255,2902,41118,64,337436
7391,0.000641,172.31.40.0-255,66,41184,64,337436
7392,0.000647,74.125.24.0-255,5738,46922,64,337436
7393,0.000649,172.31.40.0-255,66,46988,64,337436
7394,0.000676,74.125.24.0-255,2902,49890,64,337436
7395,0.000679,172.31.40.0-255,66,49956,64,337436
7396,0.000702,74.125.24.0-255,3961,53917,64,337436
7397,0.000705,172.31.40.0-255,66,53983,64,337436
7398,0.00073,74.125.24.0-255,5738,59721,64,337436
7399,0.000732,172.31.40.0-255,66,59787,64,337436
7400,0.000751,74.125.24.0-255,1484,61271,64,337436
7401,0.000758,74.125.24.0-255,7156,68427,64,337436
7402,0.00076,172.31.40.0-255,66,68493,64,337436
7403,0.00077,172.31.40.0-255,66,68559,64,337436
7404,0.000799,74.125.24.0-255,7156,75715,64,337436
7405,0.000802,172.31.40.0-255,66,75781,64,337436
7406,0.000806,74.125.24.0-255,2902,78683,64,337436
7407,0.000808,172.31.40.0-255,66,78749,64,337436
7408,0.000811,74.125.24.0-255,437,79186,64,337436
7409,0.001102,74.125.24.0-255,1484,80670,64,337436
7410,0.001106,172.31.40.0-255,66,80736,64,337436
7411,0.001133,74.125.24.0-255,2902,83638,64,337436
7412,0.001135,172.31.40.0-255,66,83704,64,337436
7413,0.001163,74.125.24.0-255,4320,88024,64,337436
7414,0.001165,172.31.40.0-255,66,88090,64,337436
7415,0.001199,172.31.40.0-255,66,88156,64,337436
7416,0.001204,74.125.24.0-255,2902,91058,64,337436
7417,0.001205,172.31.40.0-255,66,91124,64,337436
7418,0.001233,172.31.40.0-255,66,91190,64,337436
7419,0.001263,74.125.24.0-255,4320,95510,64,337436
7420,0.001266,172.31.40.0-255,66,95576,64,337436
7421,0.001269,74.125.24.0-255,766,96342,64,337436
7422,0.001301,74.125.24.0-255,2902,99244,64,337436
7423,0.001304,172.31.40.0-255,66,99310,64,337436
7424,0.001308,74.125.24.0-255,4320,103630,64,337436
7425,0.00131,172.31.40.0-255,66,103696,64,337436
7426,0.001315,74.125.24.0-255,4320,108016,64,337436
7427,0.001317,172.31.40.0-255,66,108082,64,337436
7428,0.001346,74.125.24.0-255,4320,112402,64,337436
7429,0.001348,172.31.40.0-255,66,112468,64,337436
7430,0.001351,74.125.24.0-255,115,112583,64,337436
7431,0.001414,74.125.24.0-255,1484,114067,64,337436
7432,0.001417,172.31.40.0-255,66,114133,64,337436
7433,0.00142,74.125.24.0-255,1484,115617,64,337436
7434,0.001441,74.125.24.0-255,1484,117101,64,337436
7435,0.001443,172.31.40.0-255,66,117167,64,337436
7436,0.00145,74.125.24.0-255,5738,122905,64,337436
7437,0.001451,172.31.40.0-255,66,122971,64,337436
7438,0.001489,74.125.24.0-255,5738,128709,64,337436
7439,0.001491,172.31.40.0-255,66,128775,64,337436
7440,0.001518,74.125.24.0-255,2902,131677,64,337436
7441,0.001521,172.31.40.0-255,66,131743,64,337436
7442,0.001532,172.31.40.0-255,66,131809,64,337436
7443,0.001558,74.125.24.0-255,5020,136829,64,337436
7444,0.00156,172.31.40.0-255,66,136895,64,337436
7445,0.001587,74.125.24.0-255,1484,138379,64,337436
7446,0.001603,74.125.24.0-255,2902,141281,64,337436
7447,0.001605,172.31.40.0-255,66,141347,64,337436
7448,0.001631,74.125.24.0-255,4320,145667,64,337436
7449,0.001633,172.31.40.0-255,66,145733,64,337436
7450,0.001657,74.125.24.0-255,1484,147217,64,337436
7451,0.001662,74.125.24.0-255,4320,151537,64,337436
7452,0.001665,172.31.40.0-255,66,151603,64,337436
7453,0.001703,172.31.40.0-255,66,151669,64,337436
7454,0.001707,74.125.24.0-255,2902,154571,64,337436
7455,0.001709,172.31.40.0-255,66,154637,64,337436
7456,0.001713,74.125.24.0-255,4320,158957,64,337436
7457,0.001715,172.31.40.0-255,66,159023,64,337436
7458,0.001721,74.125.24.0-255,766,159789,64,337436
7459,0.001813,74.125.24.0-255,1484,161273,64,337436
7460,0.001817,172.31.40.0-255,66,161339,64,337436
7461,0.001844,74.125.24.0-255,2902,164241,64,337436
7462,0.001847,172.31.40.0-255,66,164307,64,337436
7463,0.001851,74.125.24.0-255,2902,167209,64,337436
7464,0.001853,172.31.40.0-255,66,167275,64,337436
7465,0.00188,74.125.24.0-255,1484,168759,64,337436
7466,0.001895,172.31.40.0-255,66,168825,64,337436
7467,0.001901,74.125.24.0-255,5738,174563,64,337436
7468,0.001902,172.31.40.0-255,66,174629,64,337436
7469,0.001922,74.125.24.0-255,4320,178949,64,337436
7470,0.001928,172.31.40.0-255,66,179015,64,337436
7471,0.001956,74.125.24.0-255,4320,183335,64,337436
7472,0.001958,172.31.40.0-255,66,183401,64,337436
7473,0.001981,74.125.24.0-255,2184,185585,64,337436
7474,0.001984,172.31.40.0-255,66,185651,64,337436
7475,0.002141,74.125.24.0-255,1484,187135,64,337436
7476,0.002183,74.125.24.0-255,2902,190037,64,337436
7477,0.002186,172.31.40.0-255,66,190103,64,337436
7478,0.002192,74.125.24.0-255,5738,195841,64,337436
7479,0.002193,172.31.40.0-255,66,195907,64,337436
7480,0.002196,74.125.24.0-255,1484,197391,64,337436
7481,0.002221,74.125.24.0-255,7156,204547,64,337436
7482,0.002224,172.31.40.0-255,66,204613,64,337436
7483,0.00223,74.125.24.0-255,7156,211769,64,337436
7484,0.002232,172.31.40.0-255,66,211835,64,337436
7485,0.002262,74.125.24.0-255,2902,214737,64,337436
7486,0.002265,172.31.40.0-255,66,214803,64,337436
7487,0.002268,74.125.24.0-255,1484,216287,64,337436
7488,0.002271,74.125.24.0-255,2902,219189,64,337436
7489,0.002273,172.31.40.0-255,66,219255,64,337436
7490,0.002301,74.125.24.0-255,766,220021,64,337436
7491,0.002766,74.125.24.0-255,1484,221505,64,337436
7492,0.00277,172.31.40.0-255,66,221571,64,337436
7493,0.005008,74.125.24.0-255,2902,224473,64,337436
7494,0.005015,172.31.40.0-255,66,224539,64,337436
7495,0.00552,74.125.24.0-255,2902,227441,64,337436
7496,0.005523,172.31.40.0-255,66,227507,64,337436
7497,0.007716,74.125.24.0-255,2902,230409,64,337436
7498,0.007722,172.31.40.0-255,66,230475,64,337436
7499,0.008268,74.125.24.0-255,2902,233377,64,337436
7500,0.008272,172.31.40.0-255,66,233443,64,337436
7501,0.010467,74.125.24.0-255,1484,234927,64,337436
7502,0.01048,74.125.24.0-255,1484,236411,64,337436
7503,0.010482,172.31.40.0-255,66,236477,64,337436
7504,0.010997,74.125.24.0-255,2902,239379,64,337436
7505,0.011003,172.31.40.0-255,66,239445,64,337436
7506,0.013226,74.125.24.0-255,2902,242347,64,337436
7507,0.013234,172.31.40.0-255,66,242413,64,337436
7508,0.013726,74.125.24.0-255,2902,245315,64,337436
7509,0.013733,172.31.40.0-255,66,245381,64,337436
7510,0.015966,74.125.24.0-255,2902,248283,64,337436
7511,0.015974,172.31.40.0-255,66,248349,64,337436
7512,0.016468,74.125.24.0-255,2902,251251,64,337436
7513,0.016475,172.31.40.0-255,66,251317,64,337436
7514,0.018687,74.125.24.0-255,2902,254219,64,337436
7515,0.018695,172.31.40.0-255,66,254285,64,337436
7516,0.019218,74.125.24.0-255,2902,257187,64,337436
7517,0.019226,172.31.40.0-255,66,257253,64,337436
7518,0.021444,74.125.24.0-255,2902,260155,64,337436
7519,0.021452,172.31.40.0-255,66,260221,64,337436
7520,0.021964,74.125.24.0-255,2902,263123,64,337436
7521,0.021971,172.31.40.0-255,66,263189,64,337436
7522,0.024203,74.125.24.0-255,2902,266091,64,337436
7523,0.024209,172.31.40.0-255,66,266157,64,337436
7524,0.024699,74.125.24.0-255,2902,269059,64,337436
7525,0.024706,172.31.40.0-255,66,269125,64,337436
7526,0.02695,74.125.24.0-255,2902,272027,64,337436
7527,0.026955,172.31.40.0-255,66,272093,64,337436
7528,0.027436,74.125.24.0-255,2902,274995,64,337436
7529,0.027441,172.31.40.0-255,66,275061,64,337436
7530,0.029771,74.125.24.0-255,2902,277963,64,337436
7531,0.029779,172.31.40.0-255,66,278029,64,337436
7532,0.030213,74.125.24.0-255,2902,280931,64,337436
7533,0.030219,172.31.40.0-255,66,280997,64,337436
7534,0.032523,74.125.24.0-255,2902,283899,64,337436
7535,0.03253,172.31.40.0-255,66,283965,64,337436
7536,0.032922,172.31.40.0-255,172,284137,64,337436
7537,0.032953,74.125.24.0-255,2902,287039,64,337436
7538,0.032957,172.31.40.0-255,66,287105,64,337436
7539,0.032964,172.31.40.0-255,1112,288217,64,337436
7540,0.03307,172.31.40.0-255,1514,289731,64,337436
7541,0.033072,172.31.40.0-255,1296,291027,64,337436
7542,0.034572,104.244.42.0-255,66,291093,64,337436
7543,0.034609,104.244.42.0-255,66,291159,64,337436
7544,0.034777,104.244.42.0-255,66,291225,64,337436
7545,0.03526,74.125.24.0-255,2902,294127,64,337436
7546,0.035266,172.31.40.0-255,66,294193,64,337436
7547,0.035672,74.125.24.0-255,2902,297095,64,337436
7548,0.035676,172.31.40.0-255,66,297161,64,337436
7549,0.038033,74.125.24.0-255,2902,300063,64,337436
7550,0.03804,172.31.40.0-255,66,300129,64,337436
7551,0.038392,74.125.24.0-255,2902,303031,64,337436
7552,0.038397,172.31.40.0-255,66,303097,64,337436
7553,0.040775,74.125.24.0-255,2902,305999,64,337436
7554,0.040783,172.31.40.0-255,66,306065,64,337436
7555,0.041145,74.125.24.0-255,2902,308967,64,337436
7556,0.041152,172.31.40.0-255,66,309033,64,337436
7557,0.04353,74.125.24.0-255,2902,311935,64,337436
7558,0.043537,172.31.40.0-255,66,312001,64,337436
7559,0.043908,74.125.24.0-255,2902,314903,64,337436
7560,0.043915,172.31.40.0-255,66,314969,64,337436
7561,0.046333,74.125.24.0-255,2902,317871,64,337436
7562,0.04634,172.31.40.0-255,66,317937,64,337436
7563,0.046677,74.125.24.0-255,2902,320839,64,337436
7564,0.046682,172.31.40.0-255,66,320905,64,337436
7565,0.049079,74.125.24.0-255,2902,323807,64,337436
7566,0.049088,172.31.40.0-255,66,323873,64,337436
7567,0.049413,74.125.24.0-255,2902,326775,64,337436
7568,0.04942,172.31.40.0-255,66,326841,64,337436
7569,0.051843,74.125.24.0-255,2902,329743,64,337436
7570,0.051849,172.31.40.0-255,66,329809,64,337436
7571,0.052121,74.125.24.0-255,2902,332711,64,337436
7572,0.052127,172.31.40.0-255,66,332777,64,337436
7573,0.05459,74.125.24.0-255,2902,335679,64,337436
7574,0.054597,172.31.40.0-255,66,335745,64,337436
7575,0.054862,74.125.24.0-255,1454,337199,64,337436
7576,0.055254,172.31.40.0-255,66,337265,64,337436
7577,0.055291,172.31.40.0-255,105,337370,64,337436
7578,0.058005,74.125.24.0-255,66,337436,64,337436
7579,0.0,74.125.24.0-255,152,152,64,226878
7580,1.3e-05,172.31.40.0-255,66,218,64,226878
7581,2.1e-05,74.125.24.0-255,1484,1702,64,226878
7582,2.5e-05,172.31.40.0-255,66,1768,64,226878
7583,3.1e-05,74.125.24.0-255,2902,4670,64,226878
7584,3.5e-05,172.31.40.0-255,66,4736,64,226878
7585,4.2e-05,74.125.24.0-255,5738,10474,64,226878
7586,4.6e-05,172.31.40.0-255,66,10540,64,226878
7587,6.1e-05,74.125.24.0-255,1484,12024,64,226878
7588,6.3e-05,172.31.40.0-255,66,12090,64,226878
7589,8e-05,74.125.24.0-255,5738,17828,64,226878
7590,8.3e-05,172.31.40.0-255,66,17894,64,226878
7591,0.00011,74.125.24.0-255,6355,24249,64,226878
7592,0.000113,172.31.40.0-255,66,24315,64,226878
7593,0.000121,74.125.24.0-255,6797,31112,64,226878
7594,0.000123,172.31.40.0-255,66,31178,64,226878
7595,0.000403,74.125.24.0-255,1484,32662,64,226878
7596,0.000408,172.31.40.0-255,66,32728,64,226878
7597,0.000414,74.125.24.0-255,2902,35630,64,226878
7598,0.000417,172.31.40.0-255,66,35696,64,226878
7599,0.000433,74.125.24.0-255,4320,40016,64,226878
7600,0.000436,172.31.40.0-255,66,40082,64,226878
7601,0.000452,74.125.24.0-255,1484,41566,64,226878
7602,0.000454,172.31.40.0-255,66,41632,64,226878
7603,0.00047,172.31.40.0-255,66,41698,64,226878
7604,0.000482,172.31.40.0-255,66,41764,64,226878
7605,0.000592,74.125.24.0-255,381,42145,64,226878
7606,0.000596,172.31.40.0-255,66,42211,64,226878
7607,0.000624,74.125.24.0-255,1484,43695,64,226878
7608,0.000627,172.31.40.0-255,66,43761,64,226878
7609,0.000663,74.125.24.0-255,2902,46663,64,226878
7610,0.000666,172.31.40.0-255,66,46729,64,226878
7611,0.000688,74.125.24.0-255,1484,48213,64,226878
7612,0.000695,74.125.24.0-255,5738,53951,64,226878
7613,0.000698,172.31.40.0-255,66,54017,64,226878
7614,0.000703,74.125.24.0-255,2902,56919,64,226878
7615,0.000705,172.31.40.0-255,66,56985,64,226878
7616,0.000722,74.125.24.0-255,2543,59528,64,226878
7617,0.000725,172.31.40.0-255,66,59594,64,226878
7618,0.00077,74.125.24.0-255,2902,62496,64,226878
7619,0.000776,172.31.40.0-255,66,62562,64,226878
7620,0.000796,74.125.24.0-255,2902,65464,64,226878
7621,0.000799,172.31.40.0-255,66,65530,64,226878
7622,0.000806,74.125.24.0-255,7156,72686,64,226878
7623,0.000809,172.31.40.0-255,66,72752,64,226878
7624,0.000813,74.125.24.0-255,3961,76713,64,226878
7625,0.000816,172.31.40.0-255,66,76779,64,226878
7626,0.000923,74.125.24.0-255,1484,78263,64,226878
7627,0.00094,74.125.24.0-255,2902,81165,64,226878
7628,0.000943,74.125.24.0-255,1484,82649,64,226878
7629,0.000947,172.31.40.0-255,66,82715,64,226878
7630,0.000962,74.125.24.0-255,4320,87035,64,226878
7631,0.000965,172.31.40.0-255,66,87101,64,226878
7632,0.000971,74.125.24.0-255,5738,92839,64,226878
7633,0.000973,172.31.40.0-255,66,92905,64,226878
7634,0.001004,172.31.40.0-255,66,92971,64,226878
7635,0.001018,74.125.24.0-255,5020,97991,64,226878
7636,0.00102,172.31.40.0-255,66,98057,64,226878
7637,0.001161,74.125.24.0-255,1484,99541,64,226878
7638,0.001181,74.125.24.0-255,2902,102443,64,226878
7639,0.001185,172.31.40.0-255,66,102509,64,226878
7640,0.001189,74.125.24.0-255,1484,103993,64,226878
7641,0.001208,74.125.24.0-255,4320,108313,64,226878
7642,0.001211,172.31.40.0-255,66,108379,64,226878
7643,0.001244,74.125.24.0-255,2902,111281,64,226878
7644,0.001248,172.31.40.0-255,66,111347,64,226878
7645,0.001277,172.31.40.0-255,66,111413,64,226878
7646,0.001291,172.31.40.0-255,66,111479,64,226878
7647,0.001294,74.125.24.0-255,1484,112963,64,226878
7648,0.001318,74.125.24.0-255,5738,118701,64,226878
7649,0.001331,172.31.40.0-255,66,118767,64,226878
7650,0.001376,74.125.24.0-255,3602,122369,64,226878
7651,0.001395,172.31.40.0-255,66,122435,64,226878
7652,0.001462,74.125.24.0-255,1484,123919,64,226878
7653,0.001476,74.125.24.0-255,2902,126821,64,226878
7654,0.001479,172.31.40.0-255,66,126887,64,226878
7655,0.001494,74.125.24.0-255,4320,131207,64,226878
7656,0.001505,74.125.24.0-255,1484,132691,64,226878
7657,0.00151,172.31.40.0-255,66,132757,64,226878
7658,0.001544,74.125.24.0-255,1484,134241,64,226878
7659,0.001549,172.31.40.0-255,66,134307,64,226878
7660,0.001581,172.31.40.0-255,66,134373,64,226878
7661,0.001638,74.125.24.0-255,1484,135857,64,226878
7662,0.001651,74.125.24.0-255,2902,138759,64,226878
7663,0.001666,74.125.24.0-255,2902,141661,64,226878
7664,0.001682,74.125.24.0-255,2902,144563,64,226878
7665,0.001714,74.125.24.0-255,2902,147465,64,226878
7666,0.001744,74.125.24.0-255,5738,153203,64,226878
7667,0.001752,172.31.40.0-255,66,153269,64,226878
7668,0.001787,74.125.24.0-255,7156,160425,64,226878
7669,0.001795,172.31.40.0-255,66,160491,64,226878
7670,0.001835,74.125.24.0-255,5020,165511,64,226878
7671,0.001846,172.31.40.0-255,66,165577,64,226878
7672,0.002066,74.125.24.0-255,1484,167061,64,226878
7673,0.002073,74.125.24.0-255,2902,169963,64,226878
7674,0.002088,74.125.24.0-255,2902,172865,64,226878
7675,0.002112,74.125.24.0-255,2902,175767,64,226878
7676,0.00212,74.125.24.0-255,7156,182923,64,226878
7677,0.002147,74.125.24.0-255,5738,188661,64,226878
7678,0.002152,74.125.24.0-255,2184,190845,64,226878
7679,0.002186,74.125.24.0-255,2902,193747,64,226878
7680,0.00219,74.125.24.0-255,2902,196649,64,226878
7681,0.00222,74.125.24.0-255,4320,200969,64,226878
7682,0.002297,74.125.24.0-255,2902,203871,64,226878
7683,0.002351,74.125.24.0-255,1484,205355,64,226878
7684,0.00236,74.125.24.0-255,6438,211793,64,226878
7685,0.002365,74.125.24.0-255,4320,216113,64,226878
7686,0.002385,74.125.24.0-255,2342,218455,64,226878
7687,0.002389,74.125.24.0-255,105,218560,64,226878
7688,0.005414,172.31.40.0-255,66,218626,64,226878
7689,0.01132,172.31.40.0-255,105,218731,64,226878
7690,0.01388,74.125.24.0-255,66,218797,64,226878
7691,0.032507,172.31.40.0-255,172,218969,64,226878
7692,0.032541,172.31.40.0-255,1110,220079,64,226878
7693,0.032596,172.31.40.0-255,1514,221593,64,226878
7694,0.032598,172.31.40.0-255,1514,223107,64,226878
7695,0.032603,172.31.40.0-255,1514,224621,64,226878
7696,0.032604,172.31.40.0-255,1514,226135,64,226878
7697,0.032627,172.31.40.0-255,479,226614,64,226878
7698,0.034035,104.244.42.0-255,66,226680,64,226878
7699,0.034129,104.244.42.0-255,66,226746,64,226878
7700,0.034174,104.244.42.0-255,66,226812,64,226878
7701,0.034185,104.244.42.0-255,66,226878,64,226878
7702,0.0,74.125.200.0-255,153,153,64,267878
7703,1.8e-05,172.31.40.0-255,66,219,64,267878
7704,2.5e-05,74.125.200.0-255,1484,1703,64,267878
7705,2.9e-05,172.31.40.0-255,66,1769,64,267878
7706,3.6e-05,74.125.200.0-255,2902,4671,64,267878
7707,4e-05,172.31.40.0-255,66,4737,64,267878
7708,6.9e-05,74.125.200.0-255,2902,7639,64,267878
7709,7.2e-05,172.31.40.0-255,66,7705,64,267878
7710,9.1e-05,74.125.200.0-255,1484,9189,64,267878
7711,9.3e-05,172.31.40.0-255,66,9255,64,267878
7712,0.000147,74.125.200.0-255,4911,14166,64,267878
7713,0.000151,172.31.40.0-255,66,14232,64,267878
7714,0.00023,74.125.200.0-255,1484,15716,64,267878
7715,0.000234,172.31.40.0-255,66,15782,64,267878
7716,0.000248,74.125.200.0-255,2902,18684,64,267878
7717,0.000251,172.31.40.0-255,66,18750,64,267878
7718,0.0003,74.125.200.0-255,2902,21652,64,267878
7719,0.000303,172.31.40.0-255,66,21718,64,267878
7720,0.000352,74.125.200.0-255,2902,24620,64,267878
7721,0.000355,172.31.40.0-255,66,24686,64,267878
7722,0.000379,74.125.200.0-255,4320,29006,64,267878
7723,0.000382,172.31.40.0-255,66,29072,64,267878
7724,0.000484,74.125.200.0-255,2543,31615,64,267878
7725,0.000488,172.31.40.0-255,66,31681,64,267878
7726,0.000508,74.125.200.0-255,1484,33165,64,267878
7727,0.00051,172.31.40.0-255,66,33231,64,267878
7728,0.000539,172.31.40.0-255,66,33297,64,267878
7729,0.000556,74.125.200.0-255,2902,36199,64,267878
7730,0.000559,172.31.40.0-255,66,36265,64,267878
7731,0.000768,74.125.200.0-255,1125,37390,64,267878
7732,0.000772,172.31.40.0-255,66,37456,64,267878
7733,0.000825,74.125.200.0-255,1484,38940,64,267878
7734,0.00084,74.125.200.0-255,2902,41842,64,267878
7735,0.000866,172.31.40.0-255,66,41908,64,267878
7736,0.000887,74.125.200.0-255,1484,43392,64,267878
7737,0.000902,74.125.200.0-255,2902,46294,64,267878
7738,0.000905,172.31.40.0-255,66,46360,64,267878
7739,0.000949,74.125.200.0-255,1484,47844,64,267878
7740,0.000983,74.125.200.0-255,5738,53582,64,267878
7741,0.001001,172.31.40.0-255,66,53648,64,267878
7742,0.00109,74.125.200.0-255,2543,56191,64,267878
7743,0.001094,172.31.40.0-255,66,56257,64,267878
7744,0.001129,74.125.200.0-255,7156,63413,64,267878
7745,0.001152,74.125.200.0-255,5738,69151,64,267878
7746,0.001154,172.31.40.0-255,66,69217,64,267878
7747,0.001159,172.31.40.0-255,66,69283,64,267878
7748,0.001338,74.125.200.0-255,3122,72405,64,267878
7749,0.001342,172.31.40.0-255,66,72471,64,267878
7750,0.001386,74.125.200.0-255,2902,75373,64,267878
7751,0.001429,172.31.40.0-255,66,75439,64,267878
7752,0.001432,74.125.200.0-255,1484,76923,64,267878
7753,0.001718,172.31.40.0-255,66,76989,64,267878
7754,0.002066,172.31.40.0-255,66,77055,64,267878
7755,0.00212,74.125.200.0-255,4320,81375,64,267878
7756,0.00216,172.31.40.0-255,66,81441,64,267878
7757,0.002513,74.125.200.0-255,7156,88597,64,267878
7758,0.002518,172.31.40.0-255,66,88663,64,267878
7759,0.002645,74.125.200.0-255,7156,95819,64,267878
7760,0.002649,172.31.40.0-255,66,95885,64,267878
7761,0.002701,172.31.40.0-255,66,95951,64,267878
7762,0.002743,172.31.40.0-255,66,96017,64,267878
7763,0.003366,74.125.200.0-255,4320,100337,64,267878
7764,0.003372,172.31.40.0-255,66,100403,64,267878
7765,0.003423,74.125.200.0-255,7156,107559,64,267878
7766,0.003441,74.125.200.0-255,2184,109743,64,267878
7767,0.006884,172.31.40.0-255,66,109809,64,267878
7768,0.00961,74.125.200.0-255,5738,115547,64,267878
7769,0.009616,172.31.40.0-255,66,115613,64,267878
7770,0.012346,74.125.200.0-255,5738,121351,64,267878
7771,0.012355,172.31.40.0-255,66,121417,64,267878
7772,0.015081,74.125.200.0-255,5738,127155,64,267878
7773,0.01509,172.31.40.0-255,66,127221,64,267878
7774,0.017828,74.125.200.0-255,5738,132959,64,267878
7775,0.017836,172.31.40.0-255,66,133025,64,267878
7776,0.020582,74.125.200.0-255,5738,138763,64,267878
7777,0.020591,172.31.40.0-255,66,138829,64,267878
7778,0.023333,74.125.200.0-255,5738,144567,64,267878
7779,0.023339,172.31.40.0-255,66,144633,64,267878
7780,0.025985,172.31.40.0-255,172,144805,64,267878
7781,0.026012,172.31.40.0-255,1112,145917,64,267878
7782,0.026058,74.125.200.0-255,2902,148819,64,267878
7783,0.026064,172.31.40.0-255,66,148885,64,267878
7784,0.026084,74.125.200.0-255,2902,151787,64,267878
7785,0.026101,172.31.40.0-255,1514,153301,64,267878
7786,0.026102,172.31.40.0-255,1296,154597,64,267878
7787,0.026148,172.31.40.0-255,66,154663,64,267878
7788,0.027637,104.244.42.0-255,66,154729,64,267878
7789,0.027672,104.244.42.0-255,66,154795,64,267878
7790,0.027826,104.244.42.0-255,66,154861,64,267878
7791,0.028796,74.125.200.0-255,2902,157763,64,267878
7792,0.028804,172.31.40.0-255,66,157829,64,267878
7793,0.028879,74.125.200.0-255,2902,160731,64,267878
7794,0.028901,172.31.40.0-255,66,160797,64,267878
7795,0.031541,74.125.200.0-255,2902,163699,64,267878
7796,0.031546,172.31.40.0-255,66,163765,64,267878
7797,0.031642,74.125.200.0-255,2902,166667,64,267878
7798,0.031645,172.31.40.0-255,66,166733,64,267878
7799,0.034264,74.125.200.0-255,2902,169635,64,267878
7800,0.034269,172.31.40.0-255,66,169701,64,267878
7801,0.034355,74.125.200.0-255,2902,172603,64,267878
7802,0.034359,172.31.40.0-255,66,172669,64,267878
7803,0.036989,74.125.200.0-255,2902,175571,64,267878
7804,0.036995,172.31.40.0-255,66,175637,64,267878
7805,0.037072,74.125.200.0-255,2902,178539,64,267878
7806,0.037093,172.31.40.0-255,66,178605,64,267878
7807,0.039832,74.125.200.0-255,2902,181507,64,267878
7808,0.039838,172.31.40.0-255,66,181573,64,267878
7809,0.039961,74.125.200.0-255,2902,184475,64,267878
7810,0.039965,172.31.40.0-255,66,184541,64,267878
7811,0.040039,172.31.40.0-255,101,184642,64,267878
7812,0.042559,74.125.200.0-255,2902,187544,64,267878
7813,0.042565,172.31.40.0-255,66,187610,64,267878
7814,0.042691,74.125.200.0-255,1484,189094,64,267878
7815,0.042713,74.125.200.0-255,1484,190578,64,267878
7816,0.042717,172.31.40.0-255,66,190644,64,267878
7817,0.04272,74.125.200.0-255,66,190710,64,267878
7818,0.045276,74.125.200.0-255,2902,193612,64,267878
7819,0.045282,172.31.40.0-255,66,193678,64,267878
7820,0.04543,74.125.200.0-255,2902,196580,64,267878
7821,0.045691,172.31.40.0-255,66,196646,64,267878
7822,0.048016,74.125.200.0-255,2902,199548,64,267878
7823,0.048023,172.31.40.0-255,66,199614,64,267878
7824,0.048415,74.125.200.0-255,2902,202516,64,267878
7825,0.048422,172.31.40.0-255,66,202582,64,267878
7826,0.050777,74.125.200.0-255,2902,205484,64,267878
7827,0.050784,172.31.40.0-255,66,205550,64,267878
7828,0.051145,74.125.200.0-255,2902,208452,64,267878
7829,0.051151,172.31.40.0-255,66,208518,64,267878
7830,0.053505,74.125.200.0-255,2902,211420,64,267878
7831,0.053511,172.31.40.0-255,66,211486,64,267878
7832,0.053907,74.125.200.0-255,2902,214388,64,267878
7833,0.053913,172.31.40.0-255,66,214454,64,267878
7834,0.056254,74.125.200.0-255,2902,217356,64,267878
7835,0.05626,172.31.40.0-255,66,217422,64,267878
7836,0.05665,74.125.200.0-255,2902,220324,64,267878
7837,0.056655,172.31.40.0-255,66,220390,64,267878
7838,0.058978,74.125.200.0-255,2902,223292,64,267878
7839,0.058982,172.31.40.0-255,66,223358,64,267878
7840,0.059374,74.125.200.0-255,2902,226260,64,267878
7841,0.05938,172.31.40.0-255,66,226326,64,267878
7842,0.061703,74.125.200.0-255,2902,229228,64,267878
7843,0.06171,172.31.40.0-255,66,229294,64,267878
7844,0.062152,74.125.200.0-255,2902,232196,64,267878
7845,0.062158,172.31.40.0-255,66,232262,64,267878
7846,0.064448,74.125.200.0-255,2902,235164,64,267878
7847,0.064455,172.31.40.0-255,66,235230,64,267878
7848,0.064896,74.125.200.0-255,2902,238132,64,267878
7849,0.064902,172.31.40.0-255,66,238198,64,267878
7850,0.067202,74.125.200.0-255,2902,241100,64,267878
7851,0.067209,172.31.40.0-255,66,241166,64,267878
7852,0.06762,74.125.200.0-255,2902,244068,64,267878
7853,0.067627,172.31.40.0-255,66,244134,64,267878
7854,0.069942,74.125.200.0-255,2902,247036,64,267878
7855,0.069947,172.31.40.0-255,66,247102,64,267878
7856,0.070365,74.125.200.0-255,2902,250004,64,267878
7857,0.070371,172.31.40.0-255,66,250070,64,267878
7858,0.072667,74.125.200.0-255,2902,252972,64,267878
7859,0.072674,172.31.40.0-255,66,253038,64,267878
7860,0.073108,74.125.200.0-255,2902,255940,64,267878
7861,0.073115,172.31.40.0-255,66,256006,64,267878
7862,0.075395,74.125.200.0-255,2902,258908,64,267878
7863,0.075401,172.31.40.0-255,66,258974,64,267878
7864,0.075859,74.125.200.0-255,2902,261876,64,267878
7865,0.075866,172.31.40.0-255,66,261942,64,267878
7866,0.078127,74.125.200.0-255,2902,264844,64,267878
7867,0.078134,172.31.40.0-255,66,264910,64,267878
7868,0.078627,74.125.200.0-255,2902,267812,64,267878
7869,0.078633,172.31.40.0-255,66,267878,64,267878
7870,0.0,74.125.68.0-255,152,152,64,299931
7871,1.5e-05,172.31.40.0-255,66,218,64,299931
7872,2.2e-05,74.125.68.0-255,1484,1702,64,299931
7873,2.6e-05,172.31.40.0-255,66,1768,64,299931
7874,3.2e-05,74.125.68.0-255,2902,4670,64,299931
7875,3.5e-05,172.31.40.0-255,66,4736,64,299931
7876,6e-05,74.125.68.0-255,4320,9056,64,299931
7877,6.3e-05,172.31.40.0-255,66,9122,64,299931
7878,8.4e-05,74.125.68.0-255,2902,12024,64,299931
7879,8.7e-05,172.31.40.0-255,66,12090,64,299931
7880,0.000111,172.31.40.0-255,66,12156,64,299931
7881,0.000126,74.125.68.0-255,1484,13640,64,299931
7882,0.000128,172.31.40.0-255,66,13706,64,299931
7883,0.00014,74.125.68.0-255,1484,15190,64,299931
7884,0.000142,172.31.40.0-255,66,15256,64,299931
7885,0.000166,74.125.68.0-255,5738,20994,64,299931
7886,0.000169,172.31.40.0-255,66,21060,64,299931
7887,0.000187,74.125.68.0-255,2543,23603,64,299931
7888,0.00019,172.31.40.0-255,66,23669,64,299931
7889,0.000789,74.125.68.0-255,1484,25153,64,299931
7890,0.000795,172.31.40.0-255,66,25219,64,299931
7891,0.000805,74.125.68.0-255,2902,28121,64,299931
7892,0.000808,172.31.40.0-255,66,28187,64,299931
7893,0.000839,74.125.68.0-255,5738,33925,64,299931
7894,0.000842,172.31.40.0-255,66,33991,64,299931
7895,0.000847,74.125.68.0-255,4320,38311,64,299931
7896,0.000849,172.31.40.0-255,66,38377,64,299931
7897,0.000869,74.125.68.0-255,5738,44115,64,299931
7898,0.000871,172.31.40.0-255,66,44181,64,299931
7899,0.000899,74.125.68.0-255,5738,49919,64,299931
7900,0.000901,172.31.40.0-255,66,49985,64,299931
7901,0.000911,172.31.40.0-255,66,50051,64,299931
7902,0.00122,74.125.68.0-255,394,50445,64,299931
7903,0.001242,172.31.40.0-255,66,50511,64,299931
7904,0.001277,74.125.68.0-255,1484,51995,64,299931
7905,0.001292,74.125.68.0-255,2902,54897,64,299931
7906,0.001294,172.31.40.0-255,66,54963,64,299931
7907,0.001312,74.125.68.0-255,1484,56447,64,299931
7908,0.001331,74.125.68.0-255,4320,60767,64,299931
7909,0.001334,172.31.40.0-255,66,60833,64,299931
7910,0.001337,74.125.68.0-255,1484,62317,64,299931
7911,0.001356,74.125.68.0-255,2902,65219,64,299931
7912,0.001358,172.31.40.0-255,66,65285,64,299931
7913,0.001363,74.125.68.0-255,4320,69605,64,299931
7914,0.001365,172.31.40.0-255,66,69671,64,299931
7915,0.001381,74.125.68.0-255,1484,71155,64,299931
7916,0.001386,74.125.68.0-255,4320,75475,64,299931
7917,0.001388,172.31.40.0-255,66,75541,64,299931
7918,0.001391,74.125.68.0-255,1484,77025,64,299931
7919,0.001411,74.125.68.0-255,4320,81345,64,299931
7920,0.001414,172.31.40.0-255,66,81411,64,299931
7921,0.001439,74.125.68.0-255,3602,85013,64,299931
7922,0.001442,172.31.40.0-255,66,85079,64,299931
7923,0.003532,74.125.68.0-255,1484,86563,64,299931
7924,0.003557,74.125.68.0-255,4320,90883,64,299931
7925,0.003562,172.31.40.0-255,66,90949,64,299931
7926,0.005691,74.125.68.0-255,5738,96687,64,299931
7927,0.005697,172.31.40.0-255,66,96753,64,299931
7928,0.007813,74.125.68.0-255,5738,102491,64,299931
7929,0.00782,172.31.40.0-255,66,102557,64,299931
7930,0.009971,74.125.68.0-255,5738,108295,64,299931
7931,0.009979,172.31.40.0-255,66,108361,64,299931
7932,0.012097,74.125.68.0-255,5738,114099,64,299931
7933,0.012104,172.31.40.0-255,66,114165,64,299931
7934,0.014212,74.125.68.0-255,5738,119903,64,299931
7935,0.014219,172.31.40.0-255,66,119969,64,299931
7936,0.016384,74.125.68.0-255,5738,125707,64,299931
7937,0.016398,172.31.40.0-255,66,125773,64,299931
7938,0.018518,74.125.68.0-255,5738,131511,64,299931
7939,0.018528,172.31.40.0-255,66,131577,64,299931
7940,0.02065,74.125.68.0-255,5738,137315,64,299931
7941,0.020658,172.31.40.0-255,66,137381,64,299931
7942,0.022784,74.125.68.0-255,5738,143119,64,299931
7943,0.022792,172.31.40.0-255,66,143185,64,299931
7944,0.024912,74.125.68.0-255,5738,148923,64,299931
7945,0.02492,172.31.40.0-255,66,148989,64,299931
7946,0.026178,172.31.40.0-255,199,149188,64,299931
7947,0.026279,172.31.40.0-255,1110,150298,64,299931
7948,0.026333,172.31.40.0-255,1514,151812,64,299931
7949,0.026334,172.31.40.0-255,1514,153326,64,299931
7950,0.026338,172.31.40.0-255,1514,154840,64,299931
7951,0.026339,172.31.40.0-255,1079,155919,64,299931
7952,0.027038,74.125.68.0-255,5738,161657,64,299931
7953,0.027044,172.31.40.0-255,66,161723,64,299931
7954,0.027843,104.244.42.0-255,66,161789,64,299931
7955,0.027959,104.244.42.0-255,66,161855,64,299931
7956,0.02801,104.244.42.0-255,66,161921,64,299931
7957,0.028015,104.244.42.0-255,66,161987,64,299931
7958,0.029169,74.125.68.0-255,5738,167725,64,299931
7959,0.029176,172.31.40.0-255,66,167791,64,299931
7960,0.031309,74.125.68.0-255,5738,173529,64,299931
7961,0.031314,172.31.40.0-255,66,173595,64,299931
7962,0.033438,74.125.68.0-255,5738,179333,64,299931
7963,0.033443,172.31.40.0-255,66,179399,64,299931
7964,0.035567,74.125.68.0-255,5738,185137,64,299931
7965,0.035574,172.31.40.0-255,66,185203,64,299931
7966,0.037699,74.125.68.0-255,5738,190941,64,299931
7967,0.037706,172.31.40.0-255,66,191007,64,299931
7968,0.039841,74.125.68.0-255,5738,196745,64,299931
7969,0.039848,172.31.40.0-255,66,196811,64,299931
7970,0.041974,74.125.68.0-255,5738,202549,64,299931
7971,0.041981,172.31.40.0-255,66,202615,64,299931
7972,0.044111,74.125.68.0-255,5738,208353,64,299931
7973,0.04412,172.31.40.0-255,66,208419,64,299931
7974,0.046225,74.125.68.0-255,5738,214157,64,299931
7975,0.046232,172.31.40.0-255,66,214223,64,299931
7976,0.048361,74.125.68.0-255,5738,219961,64,299931
7977,0.048368,172.31.40.0-255,66,220027,64,299931
7978,0.050495,74.125.68.0-255,5738,225765,64,299931
7979,0.050502,172.31.40.0-255,66,225831,64,299931
7980,0.052638,74.125.68.0-255,5738,231569,64,299931
7981,0.052645,172.31.40.0-255,66,231635,64,299931
7982,0.054766,74.125.68.0-255,5738,237373,64,299931
7983,0.054773,172.31.40.0-255,66,237439,64,299931
7984,0.056898,74.125.68.0-255,5738,243177,64,299931
7985,0.056905,172.31.40.0-255,66,243243,64,299931
7986,0.059245,74.125.68.0-255,5738,248981,64,299931
7987,0.059252,172.31.40.0-255,66,249047,64,299931
7988,0.061373,74.125.68.0-255,5738,254785,64,299931
7989,0.06138,172.31.40.0-255,66,254851,64,299931
7990,0.063501,74.125.68.0-255,5738,260589,64,299931
7991,0.063507,172.31.40.0-255,66,260655,64,299931
7992,0.065644,74.125.68.0-255,5738,266393,64,299931
7993,0.06565,172.31.40.0-255,66,266459,64,299931
7994,0.06778,74.125.68.0-255,5738,272197,64,299931
7995,0.067786,172.31.40.0-255,66,272263,64,299931
7996,0.069905,74.125.68.0-255,5738,278001,64,299931
7997,0.069912,172.31.40.0-255,66,278067,64,299931
7998,0.072042,74.125.68.0-255,5738,283805,64,299931
7999,0.072049,172.31.40.0-255,66,283871,64,299931
8000,0.074168,74.125.68.0-255,5738,289609,64,299931
8001,0.074176,172.31.40.0-255,66,289675,64,299931
8002,0.076298,74.125.68.0-255,4320,293995,64,299931
8003,0.076304,172.31.40.0-255,66,294061,64,299931
8004,0.076323,74.125.68.0-255,1484,295545,64,299931
8005,0.078432,74.125.68.0-255,4320,299865,64,299931
8006,0.078438,172.31.40.0-255,66,299931,64,299931
8007,0.0,74.125.24.0-255,152,152,64,261234
8008,1.6e-05,172.31.40.0-255,66,218,64,261234
8009,2.3e-05,74.125.24.0-255,1484,1702,64,261234
8010,2.8e-05,172.31.40.0-255,66,1768,64,261234
8011,3.4e-05,74.125.24.0-255,2902,4670,64,261234
8012,3.7e-05,172.31.40.0-255,66,4736,64,261234
8013,4.3e-05,74.125.24.0-255,4320,9056,64,261234
8014,4.7e-05,172.31.40.0-255,66,9122,64,261234
8015,8e-05,74.125.24.0-255,2902,12024,64,261234
8016,8.4e-05,172.31.40.0-255,66,12090,64,261234
8017,0.000112,74.125.24.0-255,2055,14145,64,261234
8018,0.000115,172.31.40.0-255,66,14211,64,261234
8019,0.000261,74.125.24.0-255,1484,15695,64,261234
8020,0.000265,172.31.40.0-255,66,15761,64,261234
8021,0.000272,74.125.24.0-255,2902,18663,64,261234
8022,0.000274,172.31.40.0-255,66,18729,64,261234
8023,0.000279,74.125.24.0-255,4320,23049,64,261234
8024,0.000287,172.31.40.0-255,66,23115,64,261234
8025,0.000322,74.125.24.0-255,1484,24599,64,261234
8026,0.000324,172.31.40.0-255,66,24665,64,261234
8027,0.000332,74.125.24.0-255,6797,31462,64,261234
8028,0.000335,172.31.40.0-255,66,31528,64,261234
8029,0.000378,172.31.40.0-255,66,31594,64,261234
8030,0.000428,74.125.24.0-255,2543,34137,64,261234
8031,0.000431,172.31.40.0-255,66,34203,64,261234
8032,0.000519,74.125.24.0-255,1484,35687,64,261234
8033,0.000523,172.31.40.0-255,66,35753,64,261234
8034,0.000528,74.125.24.0-255,2902,38655,64,261234
8035,0.000531,172.31.40.0-255,66,38721,64,261234
8036,0.000554,74.125.24.0-255,5738,44459,64,261234
8037,0.000557,172.31.40.0-255,66,44525,64,261234
8038,0.000561,74.125.24.0-255,2902,47427,64,261234
8039,0.000564,172.31.40.0-255,66,47493,64,261234
8040,0.000604,74.125.24.0-255,4288,51781,64,261234
8041,0.000607,172.31.40.0-255,66,51847,64,261234
8042,0.000788,74.125.24.0-255,1484,53331,64,261234
8043,0.000805,74.125.24.0-255,2902,56233,64,261234
8044,0.000808,172.31.40.0-255,66,56299,64,261234
8045,0.000816,74.125.24.0-255,5738,62037,64,261234
8046,0.000819,172.31.40.0-255,66,62103,64,261234
8047,0.00084,74.125.24.0-255,4320,66423,64,261234
8048,0.000843,172.31.40.0-255,66,66489,64,261234
8049,0.000887,172.31.40.0-255,66,66555,64,261234
8050,0.000894,74.125.24.0-255,5738,72293,64,261234
8051,0.000897,172.31.40.0-255,66,72359,64,261234
8052,0.000923,74.125.24.0-255,5020,77379,64,261234
8053,0.000925,172.31.40.0-255,66,77445,64,261234
8054,0.000955,74.125.24.0-255,5738,83183,64,261234
8055,0.000958,172.31.40.0-255,66,83249,64,261234
8056,0.000964,74.125.24.0-255,5738,88987,64,261234
8057,0.000967,172.31.40.0-255,66,89053,64,261234
8058,0.000989,74.125.24.0-255,7156,96209,64,261234
8059,0.001007,172.31.40.0-255,66,96275,64,261234
8060,0.001014,74.125.24.0-255,5738,102013,64,261234
8061,0.001017,172.31.40.0-255,66,102079,64,261234
8062,0.001034,172.31.40.0-255,66,102145,64,261234
8063,0.00106,74.125.24.0-255,3602,105747,64,261234
8064,0.001062,172.31.40.0-255,66,105813,64,261234
8065,0.001081,172.31.40.0-255,66,105879,64,261234
8066,0.001096,172.31.40.0-255,66,105945,64,261234
8067,0.001123,74.125.24.0-255,2184,108129,64,261234
8068,0.001129,172.31.40.0-255,66,108195,64,261234
8069,0.001133,74.125.24.0-255,1484,109679,64,261234
8070,0.001182,172.31.40.0-255,66,109745,64,261234
8071,0.001268,74.125.24.0-255,1484,111229,64,261234
8072,0.001274,74.125.24.0-255,2902,114131,64,261234
8073,0.001278,172.31.40.0-255,66,114197,64,261234
8074,0.001281,74.125.24.0-255,1484,115681,64,261234
8075,0.001307,74.125.24.0-255,4320,120001,64,261234
8076,0.00131,172.31.40.0-255,66,120067,64,261234
8077,0.001316,74.125.24.0-255,5738,125805,64,261234
8078,0.001319,172.31.40.0-255,66,125871,64,261234
8079,0.001355,74.125.24.0-255,5738,131609,64,261234
8080,0.001375,172.31.40.0-255,66,131675,64,261234
8081,0.00138,172.31.40.0-255,66,131741,64,261234
8082,0.00164,74.125.24.0-255,1484,133225,64,261234
8083,0.001646,74.125.24.0-255,2902,136127,64,261234
8084,0.00165,172.31.40.0-255,66,136193,64,261234
8085,0.001657,74.125.24.0-255,5738,141931,64,261234
8086,0.001659,172.31.40.0-255,66,141997,64,261234
8087,0.001735,74.125.24.0-255,7156,149153,64,261234
8088,0.001738,172.31.40.0-255,66,149219,64,261234
8089,0.001757,172.31.40.0-255,66,149285,64,261234
8090,0.001761,74.125.24.0-255,2184,151469,64,261234
8091,0.001763,172.31.40.0-255,66,151535,64,261234
8092,0.001773,74.125.24.0-255,2902,154437,64,261234
8093,0.001775,172.31.40.0-255,66,154503,64,261234
8094,0.001782,74.125.24.0-255,7156,161659,64,261234
8095,0.001784,172.31.40.0-255,66,161725,64,261234
8096,0.001787,74.125.24.0-255,1484,163209,64,261234
8097,0.001791,74.125.24.0-255,2902,166111,64,261234
8098,0.001793,172.31.40.0-255,66,166177,64,261234
8099,0.001838,172.31.40.0-255,66,166243,64,261234
8100,0.001849,172.31.40.0-255,66,166309,64,261234
8101,0.001872,74.125.24.0-255,4320,170629,64,261234
8102,0.001874,172.31.40.0-255,66,170695,64,261234
8103,0.001899,74.125.24.0-255,2902,173597,64,261234
8104,0.001905,172.31.40.0-255,66,173663,64,261234
8105,0.001916,172.31.40.0-255,66,173729,64,261234
8106,0.001965,172.31.40.0-255,66,173795,64,261234
8107,0.001969,74.125.24.0-255,766,174561,64,261234
8108,0.002197,74.125.24.0-255,1484,176045,64,261234
8109,0.002201,172.31.40.0-255,66,176111,64,261234
8110,0.002206,74.125.24.0-255,2902,179013,64,261234
8111,0.002208,172.31.40.0-255,66,179079,64,261234
8112,0.002211,74.125.24.0-255,1484,180563,64,261234
8113,0.002234,74.125.24.0-255,4320,184883,64,261234
8114,0.002236,172.31.40.0-255,66,184949,64,261234
8115,0.002254,172.31.40.0-255,66,185015,64,261234
8116,0.002297,74.125.24.0-255,7156,192171,64,261234
8117,0.0023,172.31.40.0-255,66,192237,64,261234
8118,0.002327,74.125.24.0-255,3602,195839,64,261234
8119,0.002329,172.31.40.0-255,66,195905,64,261234
8120,0.002394,74.125.24.0-255,1484,197389,64,261234
8121,0.002399,74.125.24.0-255,2902,200291,64,261234
8122,0.002401,172.31.40.0-255,66,200357,64,261234
8123,0.002434,74.125.24.0-255,5738,206095,64,261234
8124,0.002437,172.31.40.0-255,66,206161,64,261234
8125,0.002444,74.125.24.0-255,5738,211899,64,261234
8126,0.002446,172.31.40.0-255,66,211965,64,261234
8127,0.002478,74.125.24.0-255,7156,219121,64,261234
8128,0.002481,172.31.40.0-255,66,219187,64,261234
8129,0.002483,74.125.24.0-255,1484,220671,64,261234
8130,0.002486,74.125.24.0-255,1484,222155,64,261234
8131,0.002488,172.31.40.0-255,66,222221,64,261234
8132,0.002507,74.125.24.0-255,4320,226541,64,261234
8133,0.002514,172.31.40.0-255,66,226607,64,261234
8134,0.002543,74.125.24.0-255,3602,230209,64,261234
8135,0.002547,172.31.40.0-255,66,230275,64,261234
8136,0.002576,74.125.24.0-255,4320,234595,64,261234
8137,0.002579,172.31.40.0-255,66,234661,64,261234
8138,0.002608,74.125.24.0-255,7156,241817,64,261234
8139,0.002611,172.31.40.0-255,66,241883,64,261234
8140,0.002624,74.125.24.0-255,2902,244785,64,261234
8141,0.002627,172.31.40.0-255,66,244851,64,261234
8142,0.002639,74.125.24.0-255,7156,252007,64,261234
8143,0.002641,172.31.40.0-255,66,252073,64,261234
8144,0.002671,74.125.24.0-255,4286,256359,64,261234
8145,0.002675,172.31.40.0-255,66,256425,64,261234
8146,0.002678,74.125.24.0-255,105,256530,64,261234
8147,0.004838,172.31.40.0-255,66,256596,64,261234
8148,0.004875,172.31.40.0-255,105,256701,64,261234
8149,0.007225,74.125.24.0-255,66,256767,64,261234
8150,0.032069,172.31.40.0-255,171,256938,64,261234
8151,0.032118,172.31.40.0-255,1112,258050,64,261234
8152,0.032187,172.31.40.0-255,1514,259564,64,261234
8153,0.032189,172.31.40.0-255,1298,260862,64,261234
8154,0.033749,104.244.42.0-255,66,260928,64,261234
8155,0.033806,104.244.42.0-255,66,260994,64,261234
8156,0.033857,104.244.42.0-255,66,261060,64,261234
8157,0.034529,104.244.42.0-255,108,261168,64,261234
8158,0.034534,172.31.40.0-255,66,261234,64,261234
8159,0.0,74.125.24.0-255,149,149,64,212915
8160,1.7e-05,172.31.40.0-255,66,215,64,212915
8161,2.4e-05,74.125.24.0-255,1484,1699,64,212915
8162,2.9e-05,172.31.40.0-255,66,1765,64,212915
8163,3.4e-05,74.125.24.0-255,2902,4667,64,212915
8164,3.7e-05,172.31.40.0-255,66,4733,64,212915
8165,4.4e-05,74.125.24.0-255,7156,11889,64,212915
8166,4.7e-05,172.31.40.0-255,66,11955,64,212915
8167,5.1e-05,74.125.24.0-255,2038,13993,64,212915
8168,5.5e-05,172.31.40.0-255,66,14059,64,212915
8169,0.000303,74.125.24.0-255,1484,15543,64,212915
8170,0.000308,172.31.40.0-255,66,15609,64,212915
8171,0.000339,74.125.24.0-255,2902,18511,64,212915
8172,0.000342,172.31.40.0-255,66,18577,64,212915
8173,0.000348,74.125.24.0-255,5738,24315,64,212915
8174,0.000349,172.31.40.0-255,66,24381,64,212915
8175,0.000378,74.125.24.0-255,6797,31178,64,212915
8176,0.00038,172.31.40.0-255,66,31244,64,212915
8177,0.00043,74.125.24.0-255,1484,32728,64,212915
8178,0.000434,172.31.40.0-255,66,32794,64,212915
8179,0.000451,74.125.24.0-255,2902,35696,64,212915
8180,0.000453,172.31.40.0-255,66,35762,64,212915
8181,0.000459,74.125.24.0-255,5738,41500,64,212915
8182,0.000461,172.31.40.0-255,66,41566,64,212915
8183,0.000465,74.125.24.0-255,4320,45886,64,212915
8184,0.000467,172.31.40.0-255,66,45952,64,212915
8185,0.000487,74.125.24.0-255,2543,48495,64,212915
8186,0.000489,172.31.40.0-255,66,48561,64,212915
8187,0.000503,172.31.40.0-255,66,48627,64,212915
8188,0.000522,74.125.24.0-255,2854,51481,64,212915
8189,0.000525,172.31.40.0-255,66,51547,64,212915
8190,0.001256,74.125.24.0-255,113,51660,64,212915
8191,0.001294,74.125.24.0-255,1484,53144,64,212915
8192,0.001298,172.31.40.0-255,66,53210,64,212915
8193,0.001304,74.125.24.0-255,2902,56112,64,212915
8194,0.001306,172.31.40.0-255,66,56178,64,212915
8195,0.001312,74.125.24.0-255,5738,61916,64,212915
8196,0.001313,172.31.40.0-255,66,61982,64,212915
8197,0.001336,74.125.24.0-255,1484,63466,64,212915
8198,0.001342,74.125.24.0-255,5738,69204,64,212915
8199,0.001344,172.31.40.0-255,66,69270,64,212915
8200,0.001369,74.125.24.0-255,7156,76426,64,212915
8201,0.001371,172.31.40.0-255,66,76492,64,212915
8202,0.001386,74.125.24.0-255,4320,80812,64,212915
8203,0.001387,172.31.40.0-255,66,80878,64,212915
8204,0.001409,74.125.24.0-255,5020,85898,64,212915
8205,0.001434,74.125.24.0-255,1484,87382,64,212915
8206,0.001437,74.125.24.0-255,1484,88866,64,212915
8207,0.001448,74.125.24.0-255,1484,90350,64,212915
8208,0.001478,74.125.24.0-255,4320,94670,64,212915
8209,0.001498,74.125.24.0-255,1484,96154,64,212915
8210,0.001536,74.125.24.0-255,1484,97638,64,212915
8211,0.001606,74.125.24.0-255,3602,101240,64,212915
8212,0.001609,74.125.24.0-255,1484,102724,64,212915
8213,0.001611,74.125.24.0-255,1484,104208,64,212915
8214,0.001623,74.125.24.0-255,1484,105692,64,212915
8215,0.001627,74.125.24.0-255,2902,108594,64,212915
8216,0.001645,74.125.24.0-255,2902,111496,64,212915
8217,0.001647,74.125.24.0-255,1484,112980,64,212915
8218,0.001722,74.125.24.0-255,3602,116582,64,212915
8219,0.001761,74.125.24.0-255,7156,123738,64,212915
8220,0.001823,74.125.24.0-255,4320,128058,64,212915
8221,0.001857,74.125.24.0-255,4320,132378,64,212915
8222,0.001873,74.125.24.0-255,1484,133862,64,212915
8223,0.001879,74.125.24.0-255,7156,141018,64,212915
8224,0.001881,74.125.24.0-255,1484,142502,64,212915
8225,0.001907,74.125.24.0-255,6438,148940,64,212915
8226,0.002004,74.125.24.0-255,1484,150424,64,212915
8227,0.002007,74.125.24.0-255,1484,151908,64,212915
8228,0.002182,74.125.24.0-255,1484,153392,64,212915
8229,0.002189,74.125.24.0-255,2902,156294,64,212915
8230,0.002193,74.125.24.0-255,4320,160614,64,212915
8231,0.00221,74.125.24.0-255,1484,162098,64,212915
8232,0.002218,74.125.24.0-255,1484,163582,64,212915
8233,0.002256,74.125.24.0-255,2902,166484,64,212915
8234,0.002324,74.125.24.0-255,4320,170804,64,212915
8235,0.00234,74.125.24.0-255,4320,175124,64,212915
8236,0.002345,74.125.24.0-255,4320,179444,64,212915
8237,0.00237,74.125.24.0-255,7156,186600,64,212915
8238,0.002385,74.125.24.0-255,7156,193756,64,212915
8239,0.002392,74.125.24.0-255,6438,200194,64,212915
8240,0.002422,74.125.24.0-255,1484,201678,64,212915
8241,0.002425,74.125.24.0-255,1484,203162,64,212915
8242,0.002442,74.125.24.0-255,1484,204646,64,212915
8243,0.002475,74.125.24.0-255,1484,206130,64,212915
8244,0.002491,74.125.24.0-255,2151,208281,64,212915
8245,0.002508,74.125.24.0-255,105,208386,64,212915
8246,0.00769,172.31.40.0-255,66,208452,64,212915
8247,0.010289,172.31.40.0-255,105,208557,64,212915
8248,0.012514,74.125.24.0-255,66,208623,64,212915
8249,0.0428,172.31.40.0-255,172,208795,64,212915
8250,0.042834,172.31.40.0-255,1112,209907,64,212915
8251,0.042891,172.31.40.0-255,1514,211421,64,212915
8252,0.042893,172.31.40.0-255,1296,212717,64,212915
8253,0.044349,104.244.42.0-255,66,212783,64,212915
8254,0.044399,104.244.42.0-255,66,212849,64,212915
8255,0.044451,104.244.42.0-255,66,212915,64,212915
8256,0.0,172.217.194.0-255,152,152,64,297452
8257,2.3e-05,172.31.40.0-255,66,218,64,297452
8258,3e-05,172.217.194.0-255,1484,1702,64,297452
8259,3.4e-05,172.31.40.0-255,66,1768,64,297452
8260,4e-05,172.217.194.0-255,2902,4670,64,297452
8261,5.4e-05,172.31.40.0-255,66,4736,64,297452
8262,6.1e-05,172.217.194.0-255,5738,10474,64,297452
8263,6.4e-05,172.31.40.0-255,66,10540,64,297452
8264,7.1e-05,172.217.194.0-255,3511,14051,64,297452
8265,7.3e-05,172.31.40.0-255,66,14117,64,297452
8266,0.00011,172.217.194.0-255,1484,15601,64,297452
8267,0.000113,172.31.40.0-255,66,15667,64,297452
8268,0.000117,172.217.194.0-255,1484,17151,64,297452
8269,0.000119,172.31.40.0-255,66,17217,64,297452
8270,0.000153,172.217.194.0-255,1484,18701,64,297452
8271,0.000156,172.31.40.0-255,66,18767,64,297452
8272,0.000163,172.217.194.0-255,5738,24505,64,297452
8273,0.000165,172.31.40.0-255,66,24571,64,297452
8274,0.000176,172.31.40.0-255,66,24637,64,297452
8275,0.000182,172.217.194.0-255,5738,30375,64,297452
8276,0.000184,172.31.40.0-255,66,30441,64,297452
8277,0.00021,172.217.194.0-255,2902,33343,64,297452
8278,0.000212,172.31.40.0-255,66,33409,64,297452
8279,0.000217,172.217.194.0-255,2902,36311,64,297452
8280,0.000219,172.31.40.0-255,66,36377,64,297452
8281,0.000247,172.217.194.0-255,3961,40338,64,297452
8282,0.00025,172.31.40.0-255,66,40404,64,297452
8283,0.000258,172.217.194.0-255,7156,47560,64,297452
8284,0.00026,172.31.40.0-255,66,47626,64,297452
8285,0.000263,172.217.194.0-255,1484,49110,64,297452
8286,0.000265,172.31.40.0-255,66,49176,64,297452
8287,0.000305,172.31.40.0-255,66,49242,64,297452
8288,0.000308,172.217.194.0-255,340,49582,64,297452
8289,0.000516,172.217.194.0-255,115,49697,64,297452
8290,0.000543,172.217.194.0-255,385,50082,64,297452
8291,0.000772,172.217.194.0-255,1484,51566,64,297452
8292,0.000777,172.31.40.0-255,66,51632,64,297452
8293,0.000782,172.217.194.0-255,2902,54534,64,297452
8294,0.000785,172.31.40.0-255,66,54600,64,297452
8295,0.000806,172.217.194.0-255,5738,60338,64,297452
8296,0.000812,172.31.40.0-255,66,60404,64,297452
8297,0.000841,172.217.194.0-255,5738,66142,64,297452
8298,0.000843,172.31.40.0-255,66,66208,64,297452
8299,0.000877,172.217.194.0-255,7156,73364,64,297452
8300,0.00088,172.31.40.0-255,66,73430,64,297452
8301,0.000892,172.31.40.0-255,66,73496,64,297452
8302,0.000895,172.217.194.0-255,766,74262,64,297452
8303,0.000938,172.31.40.0-255,101,74363,64,297452
8304,0.001343,172.217.194.0-255,1484,75847,64,297452
8305,0.001349,172.217.194.0-255,2902,78749,64,297452
8306,0.001352,172.31.40.0-255,66,78815,64,297452
8307,0.001384,172.217.194.0-255,5738,84553,64,297452
8308,0.001387,172.31.40.0-255,66,84619,64,297452
8309,0.001401,172.31.40.0-255,66,84685,64,297452
8310,0.001416,172.31.40.0-255,66,84751,64,297452
8311,0.001444,172.217.194.0-255,1484,86235,64,297452
8312,0.001477,172.31.40.0-255,66,86301,64,297452
8313,0.001496,172.31.40.0-255,66,86367,64,297452
8314,0.001499,172.217.194.0-255,1484,87851,64,297452
8315,0.001545,172.31.40.0-255,66,87917,64,297452
8316,0.002,172.217.194.0-255,1484,89401,64,297452
8317,0.002005,172.217.194.0-255,2902,92303,64,297452
8318,0.002011,172.31.40.0-255,66,92369,64,297452
8319,0.002041,172.217.194.0-255,5738,98107,64,297452
8320,0.002044,172.31.40.0-255,66,98173,64,297452
8321,0.002058,172.31.40.0-255,66,98239,64,297452
8322,0.002064,172.217.194.0-255,5738,103977,64,297452
8323,0.002067,172.31.40.0-255,66,104043,64,297452
8324,0.002099,172.217.194.0-255,5020,109063,64,297452
8325,0.002101,172.31.40.0-255,66,109129,64,297452
8326,0.002148,172.217.194.0-255,1484,110613,64,297452
8327,0.002152,172.217.194.0-255,1484,112097,64,297452
8328,0.002154,172.31.40.0-255,66,112163,64,297452
8329,0.002182,172.217.194.0-255,1484,113647,64,297452
8330,0.002188,172.217.194.0-255,5738,119385,64,297452
8331,0.002191,172.31.40.0-255,66,119451,64,297452
8332,0.00221,172.217.194.0-255,4320,123771,64,297452
8333,0.002212,172.31.40.0-255,66,123837,64,297452
8334,0.002236,172.31.40.0-255,66,123903,64,297452
8335,0.002247,172.31.40.0-255,66,123969,64,297452
8336,0.002277,172.217.194.0-255,2184,126153,64,297452
8337,0.00228,172.31.40.0-255,66,126219,64,297452
8338,0.002307,172.217.194.0-255,2902,129121,64,297452
8339,0.00231,172.31.40.0-255,66,129187,64,297452
8340,0.002314,172.217.194.0-255,2902,132089,64,297452
8341,0.002316,172.31.40.0-255,66,132155,64,297452
8342,0.002342,172.217.194.0-255,4320,136475,64,297452
8343,0.002344,172.31.40.0-255,66,136541,64,297452
8344,0.002369,172.31.40.0-255,66,136607,64,297452
8345,0.002375,172.217.194.0-255,5738,142345,64,297452
8346,0.002378,172.31.40.0-255,66,142411,64,297452
8347,0.002407,172.217.194.0-255,6438,148849,64,297452
8348,0.00241,172.31.40.0-255,66,148915,64,297452
8349,0.003359,172.217.194.0-255,66,148981,64,297452
8350,0.004854,172.217.194.0-255,2902,151883,64,297452
8351,0.00486,172.31.40.0-255,66,151949,64,297452
8352,0.004896,172.217.194.0-255,2902,154851,64,297452
8353,0.004899,172.31.40.0-255,66,154917,64,297452
8354,0.00727,172.217.194.0-255,2902,157819,64,297452
8355,0.007273,172.31.40.0-255,66,157885,64,297452
8356,0.007322,172.217.194.0-255,1484,159369,64,297452
8357,0.007332,172.217.194.0-255,1484,160853,64,297452
8358,0.007334,172.31.40.0-255,66,160919,64,297452
8359,0.009735,172.217.194.0-255,2902,163821,64,297452
8360,0.009741,172.31.40.0-255,66,163887,64,297452
8361,0.009775,172.217.194.0-255,2902,166789,64,297452
8362,0.009778,172.31.40.0-255,66,166855,64,297452
8363,0.012169,172.217.194.0-255,2902,169757,64,297452
8364,0.012177,172.31.40.0-255,66,169823,64,297452
8365,0.012207,172.217.194.0-255,2902,172725,64,297452
8366,0.01221,172.31.40.0-255,66,172791,64,297452
8367,0.014671,172.217.194.0-255,5738,178529,64,297452
8368,0.014679,172.31.40.0-255,66,178595,64,297452
8369,0.017143,172.217.194.0-255,5738,184333,64,297452
8370,0.017153,172.31.40.0-255,66,184399,64,297452
8371,0.019608,172.217.194.0-255,5738,190137,64,297452
8372,0.019617,172.31.40.0-255,66,190203,64,297452
8373,0.022084,172.217.194.0-255,5738,195941,64,297452
8374,0.022093,172.31.40.0-255,66,196007,64,297452
8375,0.024578,172.217.194.0-255,5738,201745,64,297452
8376,0.024585,172.31.40.0-255,66,201811,64,297452
8377,0.027036,172.217.194.0-255,5738,207549,64,297452
8378,0.027042,172.31.40.0-255,66,207615,64,297452
8379,0.029505,172.217.194.0-255,5738,213353,64,297452
8380,0.029512,172.31.40.0-255,66,213419,64,297452
8381,0.031948,172.217.194.0-255,5738,219157,64,297452
8382,0.031955,172.31.40.0-255,66,219223,64,297452
8383,0.034409,172.217.194.0-255,5738,224961,64,297452
8384,0.03442,172.31.40.0-255,66,225027,64,297452
8385,0.036137,172.31.40.0-255,172,225199,64,297452
8386,0.036171,172.31.40.0-255,1112,226311,64,297452
8387,0.036226,172.31.40.0-255,1514,227825,64,297452
8388,0.036228,172.31.40.0-255,1296,229121,64,297452
8389,0.036871,172.217.194.0-255,5738,234859,64,297452
8390,0.036878,172.31.40.0-255,66,234925,64,297452
8391,0.037774,104.244.42.0-255,66,234991,64,297452
8392,0.03787,104.244.42.0-255,66,235057,64,297452
8393,0.037898,104.244.42.0-255,66,235123,64,297452
8394,0.039335,172.217.194.0-255,5738,240861,64,297452
8395,0.03934,172.31.40.0-255,66,240927,64,297452
8396,0.041809,172.217.194.0-255,5738,246665,64,297452
8397,0.041816,172.31.40.0-255,66,246731,64,297452
8398,0.044277,172.217.194.0-255,5738,252469,64,297452
8399,0.044284,172.31.40.0-255,66,252535,64,297452
8400,0.046747,172.217.194.0-255,5738,258273,64,297452
8401,0.046759,172.31.40.0-255,66,258339,64,297452
8402,0.049195,172.217.194.0-255,5738,264077,64,297452
8403,0.049201,172.31.40.0-255,66,264143,64,297452
8404,0.051652,172.217.194.0-255,5738,269881,64,297452
8405,0.051662,172.31.40.0-255,66,269947,64,297452
8406,0.054141,172.217.194.0-255,5738,275685,64,297452
8407,0.054147,172.31.40.0-255,66,275751,64,297452
8408,0.056599,172.217.194.0-255,5738,281489,64,297452
8409,0.056604,172.31.40.0-255,66,281555,64,297452
8410,0.059057,172.217.194.0-255,5738,287293,64,297452
8411,0.059064,172.31.40.0-255,66,287359,64,297452
8412,0.06153,172.217.194.0-255,4320,291679,64,297452
8413,0.061537,172.31.40.0-255,66,291745,64,297452
8414,0.061575,172.217.194.0-255,1484,293229,64,297452
8415,0.063988,172.217.194.0-255,3986,297215,64,297452
8416,0.063996,172.31.40.0-255,66,297281,64,297452
8417,0.064438,172.31.40.0-255,105,297386,64,297452
8418,0.071709,172.217.194.0-255,66,297452,64,297452
8419,0.0,74.125.200.0-255,66,66,64,66
8420,0.0,172.253.118.0-255,153,153,64,248586
8421,2.1e-05,172.31.40.0-255,66,219,64,248586
8422,2.8e-05,172.253.118.0-255,1484,1703,64,248586
8423,3.3e-05,172.31.40.0-255,66,1769,64,248586
8424,3.8e-05,172.253.118.0-255,2902,4671,64,248586
8425,4.7e-05,172.31.40.0-255,66,4737,64,248586
8426,5.5e-05,172.253.118.0-255,7156,11893,64,248586
8427,5.9e-05,172.31.40.0-255,66,11959,64,248586
8428,9.3e-05,172.253.118.0-255,2066,14025,64,248586
8429,9.6e-05,172.31.40.0-255,66,14091,64,248586
8430,0.000218,172.253.118.0-255,1484,15575,64,248586
8431,0.000222,172.31.40.0-255,66,15641,64,248586
8432,0.000252,172.253.118.0-255,2902,18543,64,248586
8433,0.000255,172.31.40.0-255,66,18609,64,248586
8434,0.000262,172.253.118.0-255,5738,24347,64,248586
8435,0.000264,172.31.40.0-255,66,24413,64,248586
8436,0.000267,172.253.118.0-255,1484,25897,64,248586
8437,0.000273,172.31.40.0-255,66,25963,64,248586
8438,0.000291,172.253.118.0-255,2902,28865,64,248586
8439,0.000299,172.31.40.0-255,66,28931,64,248586
8440,0.000327,172.253.118.0-255,2543,31474,64,248586
8441,0.000329,172.31.40.0-255,66,31540,64,248586
8442,0.000474,172.253.118.0-255,1484,33024,64,248586
8443,0.000479,172.31.40.0-255,66,33090,64,248586
8444,0.000483,172.253.118.0-255,1484,34574,64,248586
8445,0.000486,172.31.40.0-255,66,34640,64,248586
8446,0.000506,172.253.118.0-255,1484,36124,64,248586
8447,0.000513,172.31.40.0-255,66,36190,64,248586
8448,0.000519,172.253.118.0-255,4320,40510,64,248586
8449,0.000521,172.31.40.0-255,66,40576,64,248586
8450,0.000526,172.253.118.0-255,4320,44896,64,248586
8451,0.000528,172.31.40.0-255,66,44962,64,248586
8452,0.000562,172.253.118.0-255,5379,50341,64,248586
8453,0.000582,172.253.118.0-255,4320,54661,64,248586
8454,0.00059,172.31.40.0-255,66,54727,64,248586
8455,0.000643,172.31.40.0-255,66,54793,64,248586
8456,0.000739,172.253.118.0-255,108,54901,64,248586
8457,0.000869,172.253.118.0-255,1484,56385,64,248586
8458,0.000873,172.31.40.0-255,66,56451,64,248586
8459,0.000904,172.253.118.0-255,2902,59353,64,248586
8460,0.000911,172.253.118.0-255,5738,65091,64,248586
8461,0.000915,172.31.40.0-255,66,65157,64,248586
8462,0.000951,172.253.118.0-255,2902,68059,64,248586
8463,0.000956,172.31.40.0-255,66,68125,64,248586
8464,0.001,172.31.40.0-255,66,68191,64,248586
8465,0.001011,172.253.118.0-255,7156,75347,64,248586
8466,0.001033,172.253.118.0-255,4320,79667,64,248586
8467,0.001048,172.31.40.0-255,66,79733,64,248586
8468,0.001086,172.253.118.0-255,1125,80858,64,248586
8469,0.001559,172.31.40.0-255,66,80924,64,248586
8470,0.003629,172.253.118.0-255,4320,85244,64,248586
8471,0.004144,172.253.118.0-255,1484,86728,64,248586
8472,0.006129,172.31.40.0-255,66,86794,64,248586
8473,0.008739,172.253.118.0-255,5738,92532,64,248586
8474,0.010486,172.31.40.0-255,66,92598,64,248586
8475,0.013106,172.253.118.0-255,5738,98336,64,248586
8476,0.013119,172.31.40.0-255,66,98402,64,248586
8477,0.015742,172.253.118.0-255,5738,104140,64,248586
8478,0.01575,172.31.40.0-255,66,104206,64,248586
8479,0.018335,172.253.118.0-255,5738,109944,64,248586
8480,0.018344,172.31.40.0-255,66,110010,64,248586
8481,0.020943,172.253.118.0-255,5738,115748,64,248586
8482,0.020956,172.31.40.0-255,66,115814,64,248586
8483,0.02355,172.253.118.0-255,5738,121552,64,248586
8484,0.023559,172.31.40.0-255,66,121618,64,248586
8485,0.024894,172.31.40.0-255,172,121790,64,248586
8486,0.024927,172.31.40.0-255,1110,122900,64,248586
8487,0.024984,172.31.40.0-255,1514,124414,64,248586
8488,0.024986,172.31.40.0-255,1298,125712,64,248586
8489,0.026233,172.253.118.0-255,5738,131450,64,248586
8490,0.026241,172.31.40.0-255,66,131516,64,248586
8491,0.026475,104.244.42.0-255,66,131582,64,248586
8492,0.026483,104.244.42.0-255,66,131648,64,248586
8493,0.026577,104.244.42.0-255,66,131714,64,248586
8494,0.028843,172.253.118.0-255,5738,137452,64,248586
8495,0.02885,172.31.40.0-255,66,137518,64,248586
8496,0.031449,172.253.118.0-255,5738,143256,64,248586
8497,0.031455,172.31.40.0-255,66,143322,64,248586
8498,0.034057,172.253.118.0-255,5738,149060,64,248586
8499,0.034064,172.31.40.0-255,66,149126,64,248586
8500,0.036671,172.253.118.0-255,5738,154864,64,248586
8501,0.036678,172.31.40.0-255,66,154930,64,248586
8502,0.03927,172.253.118.0-255,5738,160668,64,248586
8503,0.039277,172.31.40.0-255,66,160734,64,248586
8504,0.041884,172.253.118.0-255,5738,166472,64,248586
8505,0.04189,172.31.40.0-255,66,166538,64,248586
8506,0.044503,172.253.118.0-255,5738,172276,64,248586
8507,0.04451,172.31.40.0-255,66,172342,64,248586
8508,0.047127,172.253.118.0-255,5738,178080,64,248586
8509,0.047137,172.31.40.0-255,66,178146,64,248586
8510,0.049754,172.253.118.0-255,5738,183884,64,248586
8511,0.049761,172.31.40.0-255,66,183950,64,248586
8512,0.052372,172.253.118.0-255,5738,189688,64,248586
8513,0.052377,172.31.40.0-255,66,189754,64,248586
8514,0.054981,172.253.118.0-255,5738,195492,64,248586
8515,0.054987,172.31.40.0-255,66,195558,64,248586
8516,0.057604,172.253.118.0-255,5738,201296,64,248586
8517,0.05761,172.31.40.0-255,66,201362,64,248586
8518,0.060224,172.253.118.0-255,5738,207100,64,248586
8519,0.060231,172.31.40.0-255,66,207166,64,248586
8520,0.06283,172.253.118.0-255,5738,212904,64,248586
8521,0.062836,172.31.40.0-255,66,212970,64,248586
8522,0.065436,172.253.118.0-255,2902,215872,64,248586
8523,0.065442,172.31.40.0-255,66,215938,64,248586
8524,0.065471,172.253.118.0-255,2902,218840,64,248586
8525,0.065821,172.31.40.0-255,66,218906,64,248586
8526,0.068059,172.253.118.0-255,2902,221808,64,248586
8527,0.068066,172.31.40.0-255,66,221874,64,248586
8528,0.068404,172.253.118.0-255,2902,224776,64,248586
8529,0.068411,172.31.40.0-255,66,224842,64,248586
8530,0.070668,172.253.118.0-255,2902,227744,64,248586
8531,0.070676,172.31.40.0-255,66,227810,64,248586
8532,0.070997,172.253.118.0-255,2902,230712,64,248586
8533,0.071004,172.31.40.0-255,66,230778,64,248586
8534,0.073294,172.253.118.0-255,2902,233680,64,248586
8535,0.0733,172.31.40.0-255,66,233746,64,248586
8536,0.073608,172.253.118.0-255,2902,236648,64,248586
8537,0.073721,172.31.40.0-255,66,236714,64,248586
8538,0.075929,172.253.118.0-255,2902,239616,64,248586
8539,0.075936,172.31.40.0-255,66,239682,64,248586
8540,0.076317,172.253.118.0-255,2902,242584,64,248586
8541,0.076323,172.31.40.0-255,66,242650,64,248586
8542,0.078543,172.253.118.0-255,2902,245552,64,248586
8543,0.078548,172.31.40.0-255,66,245618,64,248586
8544,0.078928,172.253.118.0-255,2902,248520,64,248586
8545,0.078933,172.31.40.0-255,66,248586,64,248586
8546,0.0,172.217.194.0-255,146,146,64,234378
8547,1.4e-05,172.31.40.0-255,66,212,64,234378
8548,4.8e-05,172.217.194.0-255,1484,1696,64,234378
8549,5.2e-05,172.31.40.0-255,66,1762,64,234378
8550,5.9e-05,172.217.194.0-255,2902,4664,64,234378
8551,6.2e-05,172.31.40.0-255,66,4730,64,234378
8552,6.9e-05,172.217.194.0-255,7156,11886,64,234378
8553,7.2e-05,172.31.40.0-255,66,11952,64,234378
8554,7.8e-05,172.217.194.0-255,5738,17690,64,234378
8555,8.1e-05,172.31.40.0-255,66,17756,64,234378
8556,0.000106,172.217.194.0-255,4930,22686,64,234378
8557,0.000109,172.31.40.0-255,66,22752,64,234378
8558,0.000142,172.31.40.0-255,66,22818,64,234378
8559,0.000146,172.217.194.0-255,1484,24302,64,234378
8560,0.000147,172.31.40.0-255,66,24368,64,234378
8561,0.000178,172.217.194.0-255,7156,31524,64,234378
8562,0.000181,172.31.40.0-255,66,31590,64,234378
8563,0.000196,172.31.40.0-255,66,31656,64,234378
8564,0.000332,172.217.194.0-255,1484,33140,64,234378
8565,0.000337,172.31.40.0-255,66,33206,64,234378
8566,0.000342,172.217.194.0-255,2902,36108,64,234378
8567,0.000345,172.31.40.0-255,66,36174,64,234378
8568,0.000348,172.217.194.0-255,1484,37658,64,234378
8569,0.000355,172.31.40.0-255,66,37724,64,234378
8570,0.000378,172.217.194.0-255,4320,42044,64,234378
8571,0.000381,172.31.40.0-255,66,42110,64,234378
8572,0.000388,172.217.194.0-255,6797,48907,64,234378
8573,0.000391,172.31.40.0-255,66,48973,64,234378
8574,0.000394,172.217.194.0-255,361,49334,64,234378
8575,0.000396,172.31.40.0-255,66,49400,64,234378
8576,0.000607,172.217.194.0-255,382,49782,64,234378
8577,0.000611,172.31.40.0-255,66,49848,64,234378
8578,0.000751,172.217.194.0-255,1484,51332,64,234378
8579,0.000755,172.31.40.0-255,66,51398,64,234378
8580,0.000761,172.217.194.0-255,2902,54300,64,234378
8581,0.000764,172.31.40.0-255,66,54366,64,234378
8582,0.000767,172.217.194.0-255,1484,55850,64,234378
8583,0.000769,172.31.40.0-255,66,55916,64,234378
8584,0.000799,172.217.194.0-255,1484,57400,64,234378
8585,0.000802,172.31.40.0-255,66,57466,64,234378
8586,0.000808,172.217.194.0-255,4320,61786,64,234378
8587,0.00081,172.31.40.0-255,66,61852,64,234378
8588,0.000838,172.217.194.0-255,2902,64754,64,234378
8589,0.000841,172.31.40.0-255,66,64820,64,234378
8590,0.000845,172.217.194.0-255,2543,67363,64,234378
8591,0.00085,172.217.194.0-255,2902,70265,64,234378
8592,0.000859,172.31.40.0-255,66,70331,64,234378
8593,0.000885,172.217.194.0-255,7156,77487,64,234378
8594,0.000914,172.217.194.0-255,2902,80389,64,234378
8595,0.000937,172.217.194.0-255,3961,84350,64,234378
8596,0.000948,172.31.40.0-255,66,84416,64,234378
8597,0.001164,172.217.194.0-255,1484,85900,64,234378
8598,0.001168,172.217.194.0-255,1484,87384,64,234378
8599,0.001178,172.31.40.0-255,66,87450,64,234378
8600,0.001184,172.217.194.0-255,1484,88934,64,234378
8601,0.001195,172.217.194.0-255,5738,94672,64,234378
8602,0.001198,172.217.194.0-255,1484,96156,64,234378
8603,0.001203,172.31.40.0-255,66,96222,64,234378
8604,0.001264,172.31.40.0-255,66,96288,64,234378
8605,0.001525,172.217.194.0-255,1484,97772,64,234378
8606,0.00153,172.217.194.0-255,1484,99256,64,234378
8607,0.001534,172.31.40.0-255,66,99322,64,234378
8608,0.00156,172.217.194.0-255,1484,100806,64,234378
8609,0.001566,172.217.194.0-255,5738,106544,64,234378
8610,0.001571,172.217.194.0-255,2902,109446,64,234378
8611,0.001595,172.31.40.0-255,66,109512,64,234378
8612,0.001643,172.31.40.0-255,66,109578,64,234378
8613,0.001808,172.217.194.0-255,1484,111062,64,234378
8614,0.001814,172.217.194.0-255,2902,113964,64,234378
8615,0.001817,172.31.40.0-255,66,114030,64,234378
8616,0.001824,172.217.194.0-255,5738,119768,64,234378
8617,0.001855,172.31.40.0-255,66,119834,64,234378
8618,0.001872,172.217.194.0-255,4320,124154,64,234378
8619,0.001887,172.31.40.0-255,66,124220,64,234378
8620,0.001926,172.217.194.0-255,5738,129958,64,234378
8621,0.001931,172.31.40.0-255,66,130024,64,234378
8622,0.001952,172.217.194.0-255,5020,135044,64,234378
8623,0.001967,172.31.40.0-255,66,135110,64,234378
8624,0.002119,172.217.194.0-255,1484,136594,64,234378
8625,0.002123,172.217.194.0-255,1484,138078,64,234378
8626,0.002126,172.31.40.0-255,66,138144,64,234378
8627,0.002156,172.217.194.0-255,1484,139628,64,234378
8628,0.002163,172.217.194.0-255,5738,145366,64,234378
8629,0.00217,172.217.194.0-255,5738,151104,64,234378
8630,0.002177,172.217.194.0-255,7156,158260,64,234378
8631,0.00219,172.217.194.0-255,5738,163998,64,234378
8632,0.002208,172.217.194.0-255,5020,169018,64,234378
8633,0.002212,172.31.40.0-255,66,169084,64,234378
8634,0.002218,172.31.40.0-255,66,169150,64,234378
8635,0.002242,172.217.194.0-255,5738,174888,64,234378
8636,0.002247,172.217.194.0-255,4320,179208,64,234378
8637,0.00226,172.31.40.0-255,66,179274,64,234378
8638,0.002297,172.217.194.0-255,5738,185012,64,234378
8639,0.002401,172.217.194.0-255,2902,187914,64,234378
8640,0.002445,172.217.194.0-255,5738,193652,64,234378
8641,0.002463,172.217.194.0-255,1484,195136,64,234378
8642,0.002469,172.217.194.0-255,4320,199456,64,234378
8643,0.002503,172.217.194.0-255,2902,202358,64,234378
8644,0.002519,172.217.194.0-255,1484,203842,64,234378
8645,0.002578,172.217.194.0-255,7156,210998,64,234378
8646,0.002602,172.217.194.0-255,5020,216018,64,234378
8647,0.002605,172.217.194.0-255,1484,217502,64,234378
8648,0.00261,172.217.194.0-255,4320,221822,64,234378
8649,0.002689,172.217.194.0-255,4320,226142,64,234378
8650,0.002706,172.217.194.0-255,3602,229744,64,234378
8651,0.002717,172.217.194.0-255,105,229849,64,234378
8652,0.003106,172.31.40.0-255,66,229915,64,234378
8653,0.005201,172.31.40.0-255,105,230020,64,234378
8654,0.007599,172.217.194.0-255,66,230086,64,234378
8655,0.031592,172.31.40.0-255,172,230258,64,234378
8656,0.031627,172.31.40.0-255,1112,231370,64,234378
8657,0.03169,172.31.40.0-255,1514,232884,64,234378
8658,0.031692,172.31.40.0-255,1296,234180,64,234378
8659,0.033221,104.244.42.0-255,66,234246,64,234378
8660,0.033319,104.244.42.0-255,66,234312,64,234378
8661,0.033358,104.244.42.0-255,66,234378,64,234378
8662,0.0,74.125.130.0-255,146,146,64,355146
8663,2.4e-05,172.31.40.0-255,66,212,64,355146
8664,3.1e-05,74.125.130.0-255,1484,1696,64,355146
8665,3.6e-05,172.31.40.0-255,66,1762,64,355146
8666,4.3e-05,74.125.130.0-255,2902,4664,64,355146
8667,4.8e-05,172.31.40.0-255,66,4730,64,355146
8668,5.6e-05,74.125.130.0-255,7156,11886,64,355146
8669,5.9e-05,172.31.40.0-255,66,11952,64,355146
8670,6.4e-05,74.125.130.0-255,2065,14017,64,355146
8671,6.7e-05,172.31.40.0-255,66,14083,64,355146
8672,0.000141,74.125.130.0-255,1484,15567,64,355146
8673,0.000145,172.31.40.0-255,66,15633,64,355146
8674,0.000168,74.125.130.0-255,2902,18535,64,355146
8675,0.000171,172.31.40.0-255,66,18601,64,355146
8676,0.000177,74.125.130.0-255,5738,24339,64,355146
8677,0.00018,172.31.40.0-255,66,24405,64,355146
8678,0.000206,74.125.130.0-255,6797,31202,64,355146
8679,0.000208,172.31.40.0-255,66,31268,64,355146
8680,0.000285,74.125.130.0-255,1484,32752,64,355146
8681,0.000288,172.31.40.0-255,66,32818,64,355146
8682,0.000292,74.125.130.0-255,1484,34302,64,355146
8683,0.000294,172.31.40.0-255,66,34368,64,355146
8684,0.000311,74.125.130.0-255,1484,35852,64,355146
8685,0.000313,172.31.40.0-255,66,35918,64,355146
8686,0.00032,74.125.130.0-255,5738,41656,64,355146
8687,0.000323,172.31.40.0-255,66,41722,64,355146
8688,0.000345,74.125.130.0-255,1484,43206,64,355146
8689,0.000347,172.31.40.0-255,66,43272,64,355146
8690,0.000379,172.31.40.0-255,66,43338,64,355146
8691,0.000417,172.31.40.0-255,66,43404,64,355146
8692,0.000433,74.125.130.0-255,1436,44840,64,355146
8693,0.000472,74.125.130.0-255,98,44938,64,355146
8694,0.000608,74.125.130.0-255,1484,46422,64,355146
8695,0.000613,172.31.40.0-255,66,46488,64,355146
8696,0.000618,74.125.130.0-255,2902,49390,64,355146
8697,0.000621,172.31.40.0-255,66,49456,64,355146
8698,0.000627,74.125.130.0-255,4320,53776,64,355146
8699,0.000629,172.31.40.0-255,66,53842,64,355146
8700,0.000642,74.125.130.0-255,1484,55326,64,355146
8701,0.000647,74.125.130.0-255,2902,58228,64,355146
8702,0.000649,172.31.40.0-255,66,58294,64,355146
8703,0.000676,74.125.130.0-255,5379,63673,64,355146
8704,0.00068,172.31.40.0-255,66,63739,64,355146
8705,0.000691,172.31.40.0-255,66,63805,64,355146
8706,0.000695,74.125.130.0-255,2902,66707,64,355146
8707,0.000698,172.31.40.0-255,66,66773,64,355146
8708,0.000722,74.125.130.0-255,4259,71032,64,355146
8709,0.000725,172.31.40.0-255,66,71098,64,355146
8710,0.001299,74.125.130.0-255,1484,72582,64,355146
8711,0.001304,74.125.130.0-255,1484,74066,64,355146
8712,0.001308,172.31.40.0-255,66,74132,64,355146
8713,0.001313,74.125.130.0-255,2902,77034,64,355146
8714,0.001316,172.31.40.0-255,66,77100,64,355146
8715,0.001346,74.125.130.0-255,5738,82838,64,355146
8716,0.001349,172.31.40.0-255,66,82904,64,355146
8717,0.001373,74.125.130.0-255,5738,88642,64,355146
8718,0.001375,172.31.40.0-255,66,88708,64,355146
8719,0.001399,74.125.130.0-255,7156,95864,64,355146
8720,0.001403,74.125.130.0-255,2902,98766,64,355146
8721,0.001407,172.31.40.0-255,66,98832,64,355146
8722,0.00141,172.31.40.0-255,66,98898,64,355146
8723,0.001429,74.125.130.0-255,4320,103218,64,355146
8724,0.001432,172.31.40.0-255,66,103284,64,355146
8725,0.001436,74.125.130.0-255,2184,105468,64,355146
8726,0.001438,172.31.40.0-255,66,105534,64,355146
8727,0.001487,74.125.130.0-255,1484,107018,64,355146
8728,0.001492,74.125.130.0-255,1484,108502,64,355146
8729,0.001494,172.31.40.0-255,66,108568,64,355146
8730,0.001506,74.125.130.0-255,1484,110052,64,355146
8731,0.00151,74.125.130.0-255,2902,112954,64,355146
8732,0.001513,172.31.40.0-255,66,113020,64,355146
8733,0.001536,74.125.130.0-255,2902,115922,64,355146
8734,0.001539,172.31.40.0-255,66,115988,64,355146
8735,0.001546,74.125.130.0-255,7156,123144,64,355146
8736,0.001548,172.31.40.0-255,66,123210,64,355146
8737,0.001551,74.125.130.0-255,1484,124694,64,355146
8738,0.00159,172.31.40.0-255,66,124760,64,355146
8739,0.001595,74.125.130.0-255,2184,126944,64,355146
8740,0.001596,172.31.40.0-255,66,127010,64,355146
8741,0.001647,74.125.130.0-255,1484,128494,64,355146
8742,0.001651,74.125.130.0-255,2902,131396,64,355146
8743,0.001657,74.125.130.0-255,5738,137134,64,355146
8744,0.001666,172.31.40.0-255,66,137200,64,355146
8745,0.001669,172.31.40.0-255,66,137266,64,355146
8746,0.001672,74.125.130.0-255,1484,138750,64,355146
8747,0.001692,74.125.130.0-255,2902,141652,64,355146
8748,0.001694,172.31.40.0-255,66,141718,64,355146
8749,0.001722,74.125.130.0-255,5738,147456,64,355146
8750,0.001726,172.31.40.0-255,66,147522,64,355146
8751,0.001738,172.31.40.0-255,66,147588,64,355146
8752,0.001741,74.125.130.0-255,2184,149772,64,355146
8753,0.001744,172.31.40.0-255,66,149838,64,355146
8754,0.001781,74.125.130.0-255,1484,151322,64,355146
8755,0.001794,74.125.130.0-255,2902,154224,64,355146
8756,0.001797,172.31.40.0-255,66,154290,64,355146
8757,0.001802,74.125.130.0-255,4320,158610,64,355146
8758,0.001805,172.31.40.0-255,66,158676,64,355146
8759,0.001818,74.125.130.0-255,1484,160160,64,355146
8760,0.001823,74.125.130.0-255,2902,163062,64,355146
8761,0.001825,172.31.40.0-255,66,163128,64,355146
8762,0.001844,74.125.130.0-255,5738,168866,64,355146
8763,0.001847,172.31.40.0-255,66,168932,64,355146
8764,0.001855,74.125.130.0-255,7156,176088,64,355146
8765,0.001858,172.31.40.0-255,66,176154,64,355146
8766,0.001888,74.125.130.0-255,2902,179056,64,355146
8767,0.00189,172.31.40.0-255,66,179122,64,355146
8768,0.001897,74.125.130.0-255,5020,184142,64,355146
8769,0.001899,172.31.40.0-255,66,184208,64,355146
8770,0.00193,74.125.130.0-255,1484,185692,64,355146
8771,0.001944,74.125.130.0-255,2902,188594,64,355146
8772,0.001947,172.31.40.0-255,66,188660,64,355146
8773,0.001953,74.125.130.0-255,5738,194398,64,355146
8774,0.001956,172.31.40.0-255,66,194464,64,355146
8775,0.002005,172.31.40.0-255,66,194530,64,355146
8776,0.002025,74.125.130.0-255,1484,196014,64,355146
8777,0.00203,74.125.130.0-255,4320,200334,64,355146
8778,0.002033,172.31.40.0-255,66,200400,64,355146
8779,0.002061,74.125.130.0-255,6438,206838,64,355146
8780,0.002065,172.31.40.0-255,66,206904,64,355146
8781,0.004315,74.125.130.0-255,5738,212642,64,355146
8782,0.004322,172.31.40.0-255,66,212708,64,355146
8783,0.006553,74.125.130.0-255,5738,218446,64,355146
8784,0.006556,172.31.40.0-255,66,218512,64,355146
8785,0.00879,74.125.130.0-255,4320,222832,64,355146
8786,0.008797,172.31.40.0-255,66,222898,64,355146
8787,0.008817,74.125.130.0-255,1484,224382,64,355146
8788,0.011035,74.125.130.0-255,4320,228702,64,355146
8789,0.011043,172.31.40.0-255,66,228768,64,355146
8790,0.013282,74.125.130.0-255,5738,234506,64,355146
8791,0.013291,172.31.40.0-255,66,234572,64,355146
8792,0.015551,74.125.130.0-255,5738,240310,64,355146
8793,0.015559,172.31.40.0-255,66,240376,64,355146
8794,0.017804,74.125.130.0-255,5738,246114,64,355146
8795,0.017813,172.31.40.0-255,66,246180,64,355146
8796,0.020071,74.125.130.0-255,5738,251918,64,355146
8797,0.02008,172.31.40.0-255,66,251984,64,355146
8798,0.02232,74.125.130.0-255,5738,257722,64,355146
8799,0.022329,172.31.40.0-255,66,257788,64,355146
8800,0.024564,74.125.130.0-255,5738,263526,64,355146
8801,0.02457,172.31.40.0-255,66,263592,64,355146
8802,0.026809,74.125.130.0-255,5738,269330,64,355146
8803,0.026817,172.31.40.0-255,66,269396,64,355146
8804,0.029048,74.125.130.0-255,5738,275134,64,355146
8805,0.029056,172.31.40.0-255,66,275200,64,355146
8806,0.031299,74.125.130.0-255,4320,279520,64,355146
8807,0.031305,172.31.40.0-255,66,279586,64,355146
8808,0.031325,74.125.130.0-255,1484,281070,64,355146
8809,0.031434,172.31.40.0-255,176,281246,64,355146
8810,0.031461,172.31.40.0-255,1110,282356,64,355146
8811,0.031572,172.31.40.0-255,1514,283870,64,355146
8812,0.031574,172.31.40.0-255,1298,285168,64,355146
8813,0.032965,104.244.42.0-255,66,285234,64,355146
8814,0.033014,104.244.42.0-255,66,285300,64,355146
8815,0.033171,104.244.42.0-255,66,285366,64,355146
8816,0.033572,74.125.130.0-255,2902,288268,64,355146
8817,0.033577,172.31.40.0-255,66,288334,64,355146
8818,0.033601,74.125.130.0-255,1484,289818,64,355146
8819,0.035826,74.125.130.0-255,4320,294138,64,355146
8820,0.035833,172.31.40.0-255,66,294204,64,355146
8821,0.038073,74.125.130.0-255,5738,299942,64,355146
8822,0.03808,172.31.40.0-255,66,300008,64,355146
8823,0.040334,74.125.130.0-255,5738,305746,64,355146
8824,0.040344,172.31.40.0-255,66,305812,64,355146
8825,0.042594,74.125.130.0-255,5738,311550,64,355146
8826,0.042601,172.31.40.0-255,66,311616,64,355146
8827,0.044852,74.125.130.0-255,5738,317354,64,355146
8828,0.044858,172.31.40.0-255,66,317420,64,355146
8829,0.047109,74.125.130.0-255,5738,323158,64,355146
8830,0.047116,172.31.40.0-255,66,323224,64,355146
8831,0.049357,74.125.130.0-255,5738,328962,64,355146
8832,0.049363,172.31.40.0-255,66,329028,64,355146
8833,0.051602,74.125.130.0-255,5738,334766,64,355146
8834,0.051608,172.31.40.0-255,66,334832,64,355146
8835,0.053858,74.125.130.0-255,5738,340570,64,355146
8836,0.053866,172.31.40.0-255,66,340636,64,355146
8837,0.05614,74.125.130.0-255,5738,346374,64,355146
8838,0.056149,172.31.40.0-255,66,346440,64,355146
8839,0.058391,74.125.130.0-255,5738,352178,64,355146
8840,0.058397,172.31.40.0-255,66,352244,64,355146
8841,0.060644,74.125.130.0-255,2665,354909,64,355146
8842,0.060651,172.31.40.0-255,66,354975,64,355146
8843,0.060809,172.31.40.0-255,105,355080,64,355146
8844,0.063024,74.125.130.0-255,66,355146,64,355146
8845,0.0,74.125.68.0-255,152,152,64,341775
8846,2.6e-05,172.31.40.0-255,66,218,64,341775
8847,3.4e-05,74.125.68.0-255,1484,1702,64,341775
8848,3.8e-05,172.31.40.0-255,66,1768,64,341775
8849,4.2e-05,74.125.68.0-255,1484,3252,64,341775
8850,4.5e-05,172.31.40.0-255,66,3318,64,341775
8851,7.2e-05,74.125.68.0-255,1484,4802,64,341775
8852,7.5e-05,172.31.40.0-255,66,4868,64,341775
8853,8.1e-05,74.125.68.0-255,2902,7770,64,341775
8854,8.3e-05,172.31.40.0-255,66,7836,64,341775
8855,9.1e-05,74.125.68.0-255,4320,12156,64,341775
8856,9.4e-05,172.31.40.0-255,66,12222,64,341775
8857,0.000114,74.125.68.0-255,2065,14287,64,341775
8858,0.000116,172.31.40.0-255,66,14353,64,341775
8859,0.000135,74.125.68.0-255,2902,17255,64,341775
8860,0.000138,172.31.40.0-255,66,17321,64,341775
8861,0.000175,74.125.68.0-255,5738,23059,64,341775
8862,0.000178,172.31.40.0-255,66,23125,64,341775
8863,0.000189,74.125.68.0-255,1484,24609,64,341775
8864,0.000191,172.31.40.0-255,66,24675,64,341775
8865,0.000196,74.125.68.0-255,2902,27577,64,341775
8866,0.000198,172.31.40.0-255,66,27643,64,341775
8867,0.000204,74.125.68.0-255,4320,31963,64,341775
8868,0.000206,172.31.40.0-255,66,32029,64,341775
8869,0.000212,74.125.68.0-255,5738,37767,64,341775
8870,0.000215,172.31.40.0-255,66,37833,64,341775
8871,0.000243,74.125.68.0-255,2902,40735,64,341775
8872,0.000249,74.125.68.0-255,5738,46473,64,341775
8873,0.000253,172.31.40.0-255,66,46539,64,341775
8874,0.00026,172.31.40.0-255,66,46605,64,341775
8875,0.000265,74.125.68.0-255,2184,48789,64,341775
8876,0.000268,172.31.40.0-255,66,48855,64,341775
8877,0.000339,74.125.68.0-255,1484,50339,64,341775
8878,0.000345,74.125.68.0-255,2902,53241,64,341775
8879,0.00036,74.125.68.0-255,2902,56143,64,341775
8880,0.000373,74.125.68.0-255,2902,59045,64,341775
8881,0.000385,74.125.68.0-255,2902,61947,64,341775
8882,0.000399,74.125.68.0-255,2902,64849,64,341775
8883,0.000416,74.125.68.0-255,1125,65974,64,341775
8884,0.000419,74.125.68.0-255,645,66619,64,341775
8885,0.000558,172.31.40.0-255,66,66685,64,341775
8886,0.000819,74.125.68.0-255,1484,68169,64,341775
8887,0.00084,74.125.68.0-255,2902,71071,64,341775
8888,0.000844,172.31.40.0-255,66,71137,64,341775
8889,0.00087,74.125.68.0-255,5738,76875,64,341775
8890,0.000873,74.125.68.0-255,1484,78359,64,341775
8891,0.000878,172.31.40.0-255,66,78425,64,341775
8892,0.000887,74.125.68.0-255,2902,81327,64,341775
8893,0.000892,172.31.40.0-255,66,81393,64,341775
8894,0.000926,74.125.68.0-255,2543,83936,64,341775
8895,0.000955,172.31.40.0-255,66,84002,64,341775
8896,0.001297,74.125.68.0-255,1484,85486,64,341775
8897,0.001304,74.125.68.0-255,1484,86970,64,341775
8898,0.001307,172.31.40.0-255,66,87036,64,341775
8899,0.001328,74.125.68.0-255,1484,88520,64,341775
8900,0.001331,74.125.68.0-255,1484,90004,64,341775
8901,0.001333,172.31.40.0-255,66,90070,64,341775
8902,0.001351,74.125.68.0-255,2902,92972,64,341775
8903,0.001354,172.31.40.0-255,66,93038,64,341775
8904,0.00136,74.125.68.0-255,5738,98776,64,341775
8905,0.001375,74.125.68.0-255,1484,100260,64,341775
8906,0.001379,172.31.40.0-255,66,100326,64,341775
8907,0.001391,74.125.68.0-255,5738,106064,64,341775
8908,0.001416,74.125.68.0-255,1484,107548,64,341775
8909,0.001428,172.31.40.0-255,66,107614,64,341775
8910,0.001435,74.125.68.0-255,7156,114770,64,341775
8911,0.00144,74.125.68.0-255,3602,118372,64,341775
8912,0.001445,172.31.40.0-255,66,118438,64,341775
8913,0.001834,74.125.68.0-255,1484,119922,64,341775
8914,0.001842,74.125.68.0-255,1484,121406,64,341775
8915,0.001846,172.31.40.0-255,66,121472,64,341775
8916,0.001864,74.125.68.0-255,1484,122956,64,341775
8917,0.00187,74.125.68.0-255,5738,128694,64,341775
8918,0.001873,172.31.40.0-255,66,128760,64,341775
8919,0.001887,74.125.68.0-255,1484,130244,64,341775
8920,0.001913,74.125.68.0-255,2902,133146,64,341775
8921,0.001916,172.31.40.0-255,66,133212,64,341775
8922,0.001919,74.125.68.0-255,1484,134696,64,341775
8923,0.00194,74.125.68.0-255,4320,139016,64,341775
8924,0.001943,172.31.40.0-255,66,139082,64,341775
8925,0.001948,74.125.68.0-255,4320,143402,64,341775
8926,0.001951,172.31.40.0-255,66,143468,64,341775
8927,0.001954,74.125.68.0-255,1484,144952,64,341775
8928,0.001982,74.125.68.0-255,4320,149272,64,341775
8929,0.001995,74.125.68.0-255,3602,152874,64,341775
8930,0.007737,172.31.40.0-255,66,152940,64,341775
8931,0.009929,74.125.68.0-255,5738,158678,64,341775
8932,0.009948,172.31.40.0-255,66,158744,64,341775
8933,0.012124,74.125.68.0-255,4320,163064,64,341775
8934,0.012133,172.31.40.0-255,66,163130,64,341775
8935,0.012153,74.125.68.0-255,1484,164614,64,341775
8936,0.014318,74.125.68.0-255,4320,168934,64,341775
8937,0.014334,172.31.40.0-255,66,169000,64,341775
8938,0.016525,74.125.68.0-255,5738,174738,64,341775
8939,0.016535,172.31.40.0-255,66,174804,64,341775
8940,0.018711,74.125.68.0-255,5738,180542,64,341775
8941,0.01872,172.31.40.0-255,66,180608,64,341775
8942,0.020916,74.125.68.0-255,5738,186346,64,341775
8943,0.020927,172.31.40.0-255,66,186412,64,341775
8944,0.023115,74.125.68.0-255,5738,192150,64,341775
8945,0.023126,172.31.40.0-255,66,192216,64,341775
8946,0.023241,172.31.40.0-255,101,192317,64,341775
8947,0.025294,74.125.68.0-255,5738,198055,64,341775
8948,0.025304,172.31.40.0-255,66,198121,64,341775
8949,0.025358,74.125.68.0-255,66,198187,64,341775
8950,0.027475,74.125.68.0-255,5738,203925,64,341775
8951,0.027488,172.31.40.0-255,66,203991,64,341775
8952,0.029699,74.125.68.0-255,5738,209729,64,341775
8953,0.029707,172.31.40.0-255,66,209795,64,341775
8954,0.030386,172.31.40.0-255,172,209967,64,341775
8955,0.030413,172.31.40.0-255,1110,211077,64,341775
8956,0.030457,172.31.40.0-255,1514,212591,64,341775
8957,0.030458,172.31.40.0-255,1298,213889,64,341775
8958,0.031882,74.125.68.0-255,5738,219627,64,341775
8959,0.031889,172.31.40.0-255,66,219693,64,341775
8960,0.032025,104.244.42.0-255,66,219759,64,341775
8961,0.032073,104.244.42.0-255,66,219825,64,341775
8962,0.032127,104.244.42.0-255,66,219891,64,341775
8963,0.034066,74.125.68.0-255,5738,225629,64,341775
8964,0.034072,172.31.40.0-255,66,225695,64,341775
8965,0.036256,74.125.68.0-255,5738,231433,64,341775
8966,0.036262,172.31.40.0-255,66,231499,64,341775
8967,0.038453,74.125.68.0-255,5738,237237,64,341775
8968,0.03846,172.31.40.0-255,66,237303,64,341775
8969,0.040629,74.125.68.0-255,5738,243041,64,341775
8970,0.040636,172.31.40.0-255,66,243107,64,341775
8971,0.042827,74.125.68.0-255,5738,248845,64,341775
8972,0.042837,172.31.40.0-255,66,248911,64,341775
8973,0.045051,74.125.68.0-255,5738,254649,64,341775
8974,0.045059,172.31.40.0-255,66,254715,64,341775
8975,0.047234,74.125.68.0-255,5738,260453,64,341775
8976,0.047241,172.31.40.0-255,66,260519,64,341775
8977,0.049418,74.125.68.0-255,5738,266257,64,341775
8978,0.049428,172.31.40.0-255,66,266323,64,341775
8979,0.051597,74.125.68.0-255,5738,272061,64,341775
8980,0.051604,172.31.40.0-255,66,272127,64,341775
8981,0.053775,74.125.68.0-255,5738,277865,64,341775
8982,0.053782,172.31.40.0-255,66,277931,64,341775
8983,0.05595,74.125.68.0-255,5738,283669,64,341775
8984,0.055957,172.31.40.0-255,66,283735,64,341775
8985,0.058135,74.125.68.0-255,5738,289473,64,341775
8986,0.058141,172.31.40.0-255,66,289539,64,341775
8987,0.060309,74.125.68.0-255,5738,295277,64,341775
8988,0.060317,172.31.40.0-255,66,295343,64,341775
8989,0.062513,74.125.68.0-255,5738,301081,64,341775
8990,0.062522,172.31.40.0-255,66,301147,64,341775
8991,0.064719,74.125.68.0-255,5738,306885,64,341775
8992,0.064729,172.31.40.0-255,66,306951,64,341775
8993,0.066905,74.125.68.0-255,5738,312689,64,341775
8994,0.066913,172.31.40.0-255,66,312755,64,341775
8995,0.069107,74.125.68.0-255,5738,318493,64,341775
8996,0.069114,172.31.40.0-255,66,318559,64,341775
8997,0.071289,74.125.68.0-255,5738,324297,64,341775
8998,0.071296,172.31.40.0-255,66,324363,64,341775
8999,0.073493,74.125.68.0-255,5738,330101,64,341775
9000,0.073505,172.31.40.0-255,66,330167,64,341775
9001,0.07569,74.125.68.0-255,5738,335905,64,341775
9002,0.075697,172.31.40.0-255,66,335971,64,341775
9003,0.077879,74.125.68.0-255,5738,341709,64,341775
9004,0.077887,172.31.40.0-255,66,341775,64,341775
9005,0.0,74.125.68.0-255,152,152,64,318053
9006,3.2e-05,172.31.40.0-255,66,218,64,318053
9007,4e-05,74.125.68.0-255,1484,1702,64,318053
9008,4.4e-05,172.31.40.0-255,66,1768,64,318053
9009,4.7e-05,74.125.68.0-255,1484,3252,64,318053
9010,4.9e-05,172.31.40.0-255,66,3318,64,318053
9011,5.4e-05,74.125.68.0-255,2902,6220,64,318053
9012,5.7e-05,172.31.40.0-255,66,6286,64,318053
9013,7e-05,74.125.68.0-255,4320,10606,64,318053
9014,7.1e-05,172.31.40.0-255,66,10672,64,318053
9015,0.000103,74.125.68.0-255,1484,12156,64,318053
9016,0.000106,172.31.40.0-255,66,12222,64,318053
9017,0.00011,74.125.68.0-255,2037,14259,64,318053
9018,0.000112,172.31.40.0-255,66,14325,64,318053
9019,0.000283,74.125.68.0-255,1484,15809,64,318053
9020,0.000287,172.31.40.0-255,66,15875,64,318053
9021,0.000293,74.125.68.0-255,2902,18777,64,318053
9022,0.000295,172.31.40.0-255,66,18843,64,318053
9023,0.000332,74.125.68.0-255,1484,20327,64,318053
9024,0.000336,172.31.40.0-255,66,20393,64,318053
9025,0.000367,74.125.68.0-255,2902,23295,64,318053
9026,0.00037,172.31.40.0-255,66,23361,64,318053
9027,0.000377,74.125.68.0-255,5738,29099,64,318053
9028,0.000379,172.31.40.0-255,66,29165,64,318053
9029,0.000406,74.125.68.0-255,2543,31708,64,318053
9030,0.000409,172.31.40.0-255,66,31774,64,318053
9031,0.000511,74.125.68.0-255,1484,33258,64,318053
9032,0.000515,172.31.40.0-255,66,33324,64,318053
9033,0.000544,74.125.68.0-255,2902,36226,64,318053
9034,0.000547,172.31.40.0-255,66,36292,64,318053
9035,0.000551,74.125.68.0-255,1484,37776,64,318053
9036,0.000553,172.31.40.0-255,66,37842,64,318053
9037,0.000558,74.125.68.0-255,2902,40744,64,318053
9038,0.00056,172.31.40.0-255,66,40810,64,318053
9039,0.000574,74.125.68.0-255,5738,46548,64,318053
9040,0.000576,172.31.40.0-255,66,46614,64,318053
9041,0.000615,74.125.68.0-255,5379,51993,64,318053
9042,0.000618,172.31.40.0-255,66,52059,64,318053
9043,0.000625,74.125.68.0-255,5738,57797,64,318053
9044,0.000628,172.31.40.0-255,66,57863,64,318053
9045,0.00067,172.31.40.0-255,66,57929,64,318053
9046,0.000689,74.125.68.0-255,413,58342,64,318053
9047,0.000825,172.31.40.0-255,66,58408,64,318053
9048,0.000855,74.125.68.0-255,330,58738,64,318053
9049,0.00104,74.125.68.0-255,1484,60222,64,318053
9050,0.001045,172.31.40.0-255,66,60288,64,318053
9051,0.001071,74.125.68.0-255,2902,63190,64,318053
9052,0.001074,172.31.40.0-255,66,63256,64,318053
9053,0.001078,74.125.68.0-255,1484,64740,64,318053
9054,0.001105,74.125.68.0-255,4320,69060,64,318053
9055,0.001108,172.31.40.0-255,66,69126,64,318053
9056,0.001112,74.125.68.0-255,1484,70610,64,318053
9057,0.001116,74.125.68.0-255,2902,73512,64,318053
9058,0.001118,172.31.40.0-255,66,73578,64,318053
9059,0.001145,74.125.68.0-255,2543,76121,64,318053
9060,0.001148,172.31.40.0-255,66,76187,64,318053
9061,0.001179,74.125.68.0-255,1484,77671,64,318053
9062,0.001216,74.125.68.0-255,1484,79155,64,318053
9063,0.001219,172.31.40.0-255,66,79221,64,318053
9064,0.001251,74.125.68.0-255,1484,80705,64,318053
9065,0.001258,74.125.68.0-255,5738,86443,64,318053
9066,0.00126,172.31.40.0-255,66,86509,64,318053
9067,0.001264,74.125.68.0-255,1484,87993,64,318053
9068,0.001269,74.125.68.0-255,2902,90895,64,318053
9069,0.001271,172.31.40.0-255,66,90961,64,318053
9070,0.00128,74.125.68.0-255,1484,92445,64,318053
9071,0.001301,74.125.68.0-255,1125,93570,64,318053
9072,0.001304,172.31.40.0-255,66,93636,64,318053
9073,0.003307,74.125.68.0-255,2902,96538,64,318053
9074,0.003312,172.31.40.0-255,66,96604,64,318053
9075,0.00333,74.125.68.0-255,2902,99506,64,318053
9076,0.003332,172.31.40.0-255,66,99572,64,318053
9077,0.005353,74.125.68.0-255,5738,105310,64,318053
9078,0.00536,172.31.40.0-255,66,105376,64,318053
9079,0.007458,74.125.68.0-255,4320,109696,64,318053
9080,0.007464,172.31.40.0-255,66,109762,64,318053
9081,0.007489,74.125.68.0-255,1484,111246,64,318053
9082,0.0095,74.125.68.0-255,4320,115566,64,318053
9083,0.009507,172.31.40.0-255,66,115632,64,318053
9084,0.011545,74.125.68.0-255,5738,121370,64,318053
9085,0.011552,172.31.40.0-255,66,121436,64,318053
9086,0.013585,74.125.68.0-255,4320,125756,64,318053
9087,0.013591,172.31.40.0-255,66,125822,64,318053
9088,0.013623,74.125.68.0-255,1484,127306,64,318053
9089,0.015624,74.125.68.0-255,4320,131626,64,318053
9090,0.01563,172.31.40.0-255,66,131692,64,318053
9091,0.017668,74.125.68.0-255,5738,137430,64,318053
9092,0.017674,172.31.40.0-255,66,137496,64,318053
9093,0.019712,74.125.68.0-255,5738,143234,64,318053
9094,0.019721,172.31.40.0-255,66,143300,64,318053
9095,0.021761,74.125.68.0-255,5738,149038,64,318053
9096,0.021767,172.31.40.0-255,66,149104,64,318053
9097,0.023802,74.125.68.0-255,5738,154842,64,318053
9098,0.023807,172.31.40.0-255,66,154908,64,318053
9099,0.02439,172.31.40.0-255,171,155079,64,318053
9100,0.024415,172.31.40.0-255,1136,156215,64,318053
9101,0.024446,172.31.40.0-255,1514,157729,64,318053
9102,0.024448,172.31.40.0-255,1272,159001,64,318053
9103,0.025831,74.125.68.0-255,4320,163321,64,318053
9104,0.025837,172.31.40.0-255,66,163387,64,318053
9105,0.02586,74.125.68.0-255,1484,164871,64,318053
9106,0.025953,104.244.42.0-255,66,164937,64,318053
9107,0.02596,104.244.42.0-255,66,165003,64,318053
9108,0.026005,104.244.42.0-255,66,165069,64,318053
9109,0.027884,74.125.68.0-255,4320,169389,64,318053
9110,0.027895,172.31.40.0-255,66,169455,64,318053
9111,0.02992,74.125.68.0-255,2902,172357,64,318053
9112,0.029926,172.31.40.0-255,66,172423,64,318053
9113,0.029962,74.125.68.0-255,2902,175325,64,318053
9114,0.029965,172.31.40.0-255,66,175391,64,318053
9115,0.031955,74.125.68.0-255,2902,178293,64,318053
9116,0.031961,172.31.40.0-255,66,178359,64,318053
9117,0.031997,74.125.68.0-255,2902,181261,64,318053
9118,0.032,172.31.40.0-255,66,181327,64,318053
9119,0.033986,74.125.68.0-255,2902,184229,64,318053
9120,0.033991,172.31.40.0-255,66,184295,64,318053
9121,0.034031,74.125.68.0-255,2902,187197,64,318053
9122,0.034034,172.31.40.0-255,66,187263,64,318053
9123,0.036017,74.125.68.0-255,2902,190165,64,318053
9124,0.036023,172.31.40.0-255,66,190231,64,318053
9125,0.036057,74.125.68.0-255,2902,193133,64,318053
9126,0.03606,172.31.40.0-255,66,193199,64,318053
9127,0.03805,74.125.68.0-255,2902,196101,64,318053
9128,0.038057,172.31.40.0-255,66,196167,64,318053
9129,0.038085,74.125.68.0-255,2902,199069,64,318053
9130,0.038088,172.31.40.0-255,66,199135,64,318053
9131,0.040084,74.125.68.0-255,2902,202037,64,318053
9132,0.040092,172.31.40.0-255,66,202103,64,318053
9133,0.04013,74.125.68.0-255,2902,205005,64,318053
9134,0.040133,172.31.40.0-255,66,205071,64,318053
9135,0.042131,74.125.68.0-255,2902,207973,64,318053
9136,0.042137,172.31.40.0-255,66,208039,64,318053
9137,0.042169,74.125.68.0-255,2902,210941,64,318053
9138,0.042172,172.31.40.0-255,66,211007,64,318053
9139,0.044185,74.125.68.0-255,2902,213909,64,318053
9140,0.044193,172.31.40.0-255,66,213975,64,318053
9141,0.044231,74.125.68.0-255,2902,216877,64,318053
9142,0.044234,172.31.40.0-255,66,216943,64,318053
9143,0.046213,74.125.68.0-255,2902,219845,64,318053
9144,0.046218,172.31.40.0-255,66,219911,64,318053
9145,0.046252,74.125.68.0-255,1484,221395,64,318053
9146,0.046265,74.125.68.0-255,1484,222879,64,318053
9147,0.046268,172.31.40.0-255,66,222945,64,318053
9148,0.048247,74.125.68.0-255,2902,225847,64,318053
9149,0.048252,172.31.40.0-255,66,225913,64,318053
9150,0.048287,74.125.68.0-255,2902,228815,64,318053
9151,0.04829,172.31.40.0-255,66,228881,64,318053
9152,0.050289,74.125.68.0-255,2902,231783,64,318053
9153,0.050294,172.31.40.0-255,66,231849,64,318053
9154,0.050331,74.125.68.0-255,2902,234751,64,318053
9155,0.050334,172.31.40.0-255,66,234817,64,318053
9156,0.052315,74.125.68.0-255,2902,237719,64,318053
9157,0.052321,172.31.40.0-255,66,237785,64,318053
9158,0.052362,74.125.68.0-255,2902,240687,64,318053
9159,0.052364,172.31.40.0-255,66,240753,64,318053
9160,0.054371,74.125.68.0-255,2902,243655,64,318053
9161,0.054377,172.31.40.0-255,66,243721,64,318053
9162,0.05441,74.125.68.0-255,2902,246623,64,318053
9163,0.054413,172.31.40.0-255,66,246689,64,318053
9164,0.056404,74.125.68.0-255,1484,248173,64,318053
9165,0.056421,74.125.68.0-255,1484,249657,64,318053
9166,0.056425,172.31.40.0-255,66,249723,64,318053
9167,0.05645,74.125.68.0-255,2902,252625,64,318053
9168,0.056453,172.31.40.0-255,66,252691,64,318053
9169,0.058464,74.125.68.0-255,2902,255593,64,318053
9170,0.05847,172.31.40.0-255,66,255659,64,318053
9171,0.058501,74.125.68.0-255,2902,258561,64,318053
9172,0.058505,172.31.40.0-255,66,258627,64,318053
9173,0.060508,74.125.68.0-255,2902,261529,64,318053
9174,0.060515,172.31.40.0-255,66,261595,64,318053
9175,0.060546,74.125.68.0-255,2902,264497,64,318053
9176,0.06055,172.31.40.0-255,66,264563,64,318053
9177,0.062546,74.125.68.0-255,2902,267465,64,318053
9178,0.062552,172.31.40.0-255,66,267531,64,318053
9179,0.062626,74.125.68.0-255,2902,270433,64,318053
9180,0.062631,172.31.40.0-255,66,270499,64,318053
9181,0.064584,74.125.68.0-255,2902,273401,64,318053
9182,0.064589,172.31.40.0-255,66,273467,64,318053
9183,0.064703,74.125.68.0-255,2902,276369,64,318053
9184,0.064708,172.31.40.0-255,66,276435,64,318053
9185,0.066611,74.125.68.0-255,2902,279337,64,318053
9186,0.066616,172.31.40.0-255,66,279403,64,318053
9187,0.06673,74.125.68.0-255,2902,282305,64,318053
9188,0.066735,172.31.40.0-255,66,282371,64,318053
9189,0.068646,74.125.68.0-255,2902,285273,64,318053
9190,0.068651,172.31.40.0-255,66,285339,64,318053
9191,0.06875,74.125.68.0-255,2902,288241,64,318053
9192,0.068755,172.31.40.0-255,66,288307,64,318053
9193,0.070685,74.125.68.0-255,2902,291209,64,318053
9194,0.070691,172.31.40.0-255,66,291275,64,318053
9195,0.070772,74.125.68.0-255,2902,294177,64,318053
9196,0.070775,172.31.40.0-255,66,294243,64,318053
9197,0.072718,74.125.68.0-255,2902,297145,64,318053
9198,0.072723,172.31.40.0-255,66,297211,64,318053
9199,0.072799,74.125.68.0-255,2902,300113,64,318053
9200,0.072802,172.31.40.0-255,66,300179,64,318053
9201,0.074758,74.125.68.0-255,2902,303081,64,318053
9202,0.074765,172.31.40.0-255,66,303147,64,318053
9203,0.07482,74.125.68.0-255,2902,306049,64,318053
9204,0.074824,172.31.40.0-255,66,306115,64,318053
9205,0.076787,74.125.68.0-255,2902,309017,64,318053
9206,0.076793,172.31.40.0-255,66,309083,64,318053
9207,0.076841,74.125.68.0-255,2902,311985,64,318053
9208,0.076845,172.31.40.0-255,66,312051,64,318053
9209,0.078822,74.125.68.0-255,2902,314953,64,318053
9210,0.078828,172.31.40.0-255,66,315019,64,318053
9211,0.078866,74.125.68.0-255,1484,316503,64,318053
9212,0.078883,74.125.68.0-255,1484,317987,64,318053
9213,0.078886,172.31.40.0-255,66,318053,64,318053
9214,0.0,74.125.200.0-255,296,296,64,313364
9215,2.2e-05,172.31.40.0-255,66,362,64,313364
9216,2.8e-05,74.125.200.0-255,1484,1846,64,313364
9217,3.3e-05,172.31.40.0-255,66,1912,64,313364
9218,4e-05,74.125.200.0-255,4320,6232,64,313364
9219,5e-05,172.31.40.0-255,66,6298,64,313364
9220,5.7e-05,74.125.200.0-255,7156,13454,64,313364
9221,5.9e-05,172.31.40.0-255,66,13520,64,313364
9222,0.000114,172.31.40.0-255,66,13586,64,313364
9223,0.00012,74.125.200.0-255,5738,19324,64,313364
9224,0.000122,172.31.40.0-255,66,19390,64,313364
9225,0.000159,74.125.200.0-255,3961,23351,64,313364
9226,0.000162,172.31.40.0-255,66,23417,64,313364
9227,0.000242,74.125.200.0-255,1484,24901,64,313364
9228,0.000245,172.31.40.0-255,66,24967,64,313364
9229,0.000249,74.125.200.0-255,2902,27869,64,313364
9230,0.000251,172.31.40.0-255,66,27935,64,313364
9231,0.000275,74.125.200.0-255,5738,33673,64,313364
9232,0.000277,172.31.40.0-255,66,33739,64,313364
9233,0.000305,74.125.200.0-255,6797,40536,64,313364
9234,0.000307,172.31.40.0-255,66,40602,64,313364
9235,0.000621,74.125.200.0-255,1484,42086,64,313364
9236,0.000627,172.31.40.0-255,66,42152,64,313364
9237,0.000633,74.125.200.0-255,2902,45054,64,313364
9238,0.000635,172.31.40.0-255,66,45120,64,313364
9239,0.000647,74.125.200.0-255,5738,50858,64,313364
9240,0.00065,172.31.40.0-255,66,50924,64,313364
9241,0.000654,74.125.200.0-255,2902,53826,64,313364
9242,0.000657,172.31.40.0-255,66,53892,64,313364
9243,0.000661,74.125.200.0-255,2902,56794,64,313364
9244,0.000663,172.31.40.0-255,66,56860,64,313364
9245,0.000692,74.125.200.0-255,1125,57985,64,313364
9246,0.000795,74.125.200.0-255,1484,59469,64,313364
9247,0.000799,172.31.40.0-255,66,59535,64,313364
9248,0.000805,74.125.200.0-255,2902,62437,64,313364
9249,0.000807,172.31.40.0-255,66,62503,64,313364
9250,0.000818,74.125.200.0-255,4320,66823,64,313364
9251,0.00082,172.31.40.0-255,66,66889,64,313364
9252,0.000849,74.125.200.0-255,4320,71209,64,313364
9253,0.000852,172.31.40.0-255,66,71275,64,313364
9254,0.000882,74.125.200.0-255,5379,76654,64,313364
9255,0.000885,172.31.40.0-255,66,76720,64,313364
9256,0.000889,74.125.200.0-255,2902,79622,64,313364
9257,0.000891,172.31.40.0-255,66,79688,64,313364
9258,0.000919,74.125.200.0-255,5738,85426,64,313364
9259,0.000922,172.31.40.0-255,66,85492,64,313364
9260,0.000959,172.31.40.0-255,66,85558,64,313364
9261,0.001149,74.125.200.0-255,1484,87042,64,313364
9262,0.001157,74.125.200.0-255,1484,88526,64,313364
9263,0.001161,172.31.40.0-255,66,88592,64,313364
9264,0.001185,74.125.200.0-255,1484,90076,64,313364
9265,0.001188,74.125.200.0-255,1484,91560,64,313364
9266,0.00119,172.31.40.0-255,66,91626,64,313364
9267,0.001216,74.125.200.0-255,2902,94528,64,313364
9268,0.001219,172.31.40.0-255,66,94594,64,313364
9269,0.001247,74.125.200.0-255,7156,101750,64,313364
9270,0.00125,172.31.40.0-255,66,101816,64,313364
9271,0.001253,74.125.200.0-255,461,102277,64,313364
9272,0.00143,74.125.200.0-255,198,102475,64,313364
9273,0.00178,172.31.40.0-255,66,102541,64,313364
9274,0.001864,74.125.200.0-255,1484,104025,64,313364
9275,0.001873,74.125.200.0-255,2902,106927,64,313364
9276,0.001876,172.31.40.0-255,66,106993,64,313364
9277,0.00188,74.125.200.0-255,1484,108477,64,313364
9278,0.001923,74.125.200.0-255,2902,111379,64,313364
9279,0.001926,172.31.40.0-255,66,111445,64,313364
9280,0.001936,172.31.40.0-255,66,111511,64,313364
9281,0.001976,172.31.40.0-255,66,111577,64,313364
9282,0.001983,74.125.200.0-255,4320,115897,64,313364
9283,0.001984,172.31.40.0-255,66,115963,64,313364
9284,0.002021,74.125.200.0-255,2184,118147,64,313364
9285,0.002024,172.31.40.0-255,66,118213,64,313364
9286,0.004301,74.125.200.0-255,2902,121115,64,313364
9287,0.004309,172.31.40.0-255,66,121181,64,313364
9288,0.004339,74.125.200.0-255,2902,124083,64,313364
9289,0.004342,172.31.40.0-255,66,124149,64,313364
9290,0.006613,74.125.200.0-255,2902,127051,64,313364
9291,0.00662,172.31.40.0-255,66,127117,64,313364
9292,0.006655,74.125.200.0-255,2902,130019,64,313364
9293,0.006658,172.31.40.0-255,66,130085,64,313364
9294,0.008906,74.125.200.0-255,2902,132987,64,313364
9295,0.008913,172.31.40.0-255,66,133053,64,313364
9296,0.008946,74.125.200.0-255,2902,135955,64,313364
9297,0.008949,172.31.40.0-255,66,136021,64,313364
9298,0.011206,74.125.200.0-255,2902,138923,64,313364
9299,0.011213,172.31.40.0-255,66,138989,64,313364
9300,0.011247,74.125.200.0-255,2902,141891,64,313364
9301,0.011251,172.31.40.0-255,66,141957,64,313364
9302,0.013522,74.125.200.0-255,2902,144859,64,313364
9303,0.01353,172.31.40.0-255,66,144925,64,313364
9304,0.013558,74.125.200.0-255,2902,147827,64,313364
9305,0.013561,172.31.40.0-255,66,147893,64,313364
9306,0.015835,74.125.200.0-255,2902,150795,64,313364
9307,0.015846,172.31.40.0-255,66,150861,64,313364
9308,0.015879,74.125.200.0-255,2902,153763,64,313364
9309,0.015881,172.31.40.0-255,66,153829,64,313364
9310,0.018141,74.125.200.0-255,2902,156731,64,313364
9311,0.018151,172.31.40.0-255,66,156797,64,313364
9312,0.018178,74.125.200.0-255,2902,159699,64,313364
9313,0.018182,172.31.40.0-255,66,159765,64,313364
9314,0.020486,74.125.200.0-255,2902,162667,64,313364
9315,0.020494,172.31.40.0-255,66,162733,64,313364
9316,0.020524,74.125.200.0-255,2902,165635,64,313364
9317,0.020527,172.31.40.0-255,66,165701,64,313364
9318,0.022834,74.125.200.0-255,4320,170021,64,313364
9319,0.022846,172.31.40.0-255,66,170087,64,313364
9320,0.022876,74.125.200.0-255,1484,171571,64,313364
9321,0.025144,74.125.200.0-255,4320,175891,64,313364
9322,0.025152,172.31.40.0-255,66,175957,64,313364
9323,0.027457,74.125.200.0-255,5738,181695,64,313364
9324,0.027465,172.31.40.0-255,66,181761,64,313364
9325,0.029748,74.125.200.0-255,5738,187499,64,313364
9326,0.029755,172.31.40.0-255,66,187565,64,313364
9327,0.030495,172.31.40.0-255,167,187732,64,313364
9328,0.030526,172.31.40.0-255,1110,188842,64,313364
9329,0.030585,172.31.40.0-255,1514,190356,64,313364
9330,0.030587,172.31.40.0-255,1514,191870,64,313364
9331,0.030588,172.31.40.0-255,698,192568,64,313364
9332,0.032056,104.244.42.0-255,66,192634,64,313364
9333,0.032084,74.125.200.0-255,5738,198372,64,313364
9334,0.032088,172.31.40.0-255,66,198438,64,313364
9335,0.032114,104.244.42.0-255,66,198504,64,313364
9336,0.032143,104.244.42.0-255,66,198570,64,313364
9337,0.032146,104.244.42.0-255,66,198636,64,313364
9338,0.034396,74.125.200.0-255,5738,204374,64,313364
9339,0.034402,172.31.40.0-255,66,204440,64,313364
9340,0.036717,74.125.200.0-255,5738,210178,64,313364
9341,0.036724,172.31.40.0-255,66,210244,64,313364
9342,0.039031,74.125.200.0-255,5738,215982,64,313364
9343,0.039037,172.31.40.0-255,66,216048,64,313364
9344,0.041362,74.125.200.0-255,5738,221786,64,313364
9345,0.041369,172.31.40.0-255,66,221852,64,313364
9346,0.043676,74.125.200.0-255,5738,227590,64,313364
9347,0.043683,172.31.40.0-255,66,227656,64,313364
9348,0.045994,74.125.200.0-255,5738,233394,64,313364
9349,0.046001,172.31.40.0-255,66,233460,64,313364
9350,0.04831,74.125.200.0-255,5738,239198,64,313364
9351,0.048317,172.31.40.0-255,66,239264,64,313364
9352,0.050629,74.125.200.0-255,4320,243584,64,313364
9353,0.050635,172.31.40.0-255,66,243650,64,313364
9354,0.050663,74.125.200.0-255,1484,245134,64,313364
9355,0.052939,74.125.200.0-255,4320,249454,64,313364
9356,0.052952,172.31.40.0-255,66,249520,64,313364
9357,0.055258,74.125.200.0-255,5738,255258,64,313364
9358,0.055265,172.31.40.0-255,66,255324,64,313364
9359,0.05757,74.125.200.0-255,5738,261062,64,313364
9360,0.057577,172.31.40.0-255,66,261128,64,313364
9361,0.059875,74.125.200.0-255,5738,266866,64,313364
9362,0.059881,172.31.40.0-255,66,266932,64,313364
9363,0.062185,74.125.200.0-255,5738,272670,64,313364
9364,0.062192,172.31.40.0-255,66,272736,64,313364
9365,0.064505,74.125.200.0-255,5738,278474,64,313364
9366,0.064511,172.31.40.0-255,66,278540,64,313364
9367,0.066835,74.125.200.0-255,5738,284278,64,313364
9368,0.066842,172.31.40.0-255,66,284344,64,313364
9369,0.069149,74.125.200.0-255,5738,290082,64,313364
9370,0.069156,172.31.40.0-255,66,290148,64,313364
9371,0.071461,74.125.200.0-255,5738,295886,64,313364
9372,0.071467,172.31.40.0-255,66,295952,64,313364
9373,0.073781,74.125.200.0-255,5738,301690,64,313364
9374,0.073787,172.31.40.0-255,66,301756,64,313364
9375,0.076121,74.125.200.0-255,5738,307494,64,313364
9376,0.076127,172.31.40.0-255,66,307560,64,313364
9377,0.078433,74.125.200.0-255,5738,313298,64,313364
9378,0.07844,172.31.40.0-255,66,313364,64,313364
9379,0.0,74.125.68.0-255,153,153,64,405628
9380,2.5e-05,172.31.40.0-255,66,219,64,405628
9381,3.2e-05,74.125.68.0-255,1484,1703,64,405628
9382,3.7e-05,172.31.40.0-255,66,1769,64,405628
9383,4.2e-05,74.125.68.0-255,2902,4671,64,405628
9384,4.7e-05,172.31.40.0-255,66,4737,64,405628
9385,5.3e-05,74.125.68.0-255,4320,9057,64,405628
9386,5.5e-05,172.31.40.0-255,66,9123,64,405628
9387,5.8e-05,74.125.68.0-255,1484,10607,64,405628
9388,6e-05,172.31.40.0-255,66,10673,64,405628
9389,8.5e-05,74.125.68.0-255,3517,14190,64,405628
9390,8.8e-05,172.31.40.0-255,66,14256,64,405628
9391,0.000105,74.125.68.0-255,7156,21412,64,405628
9392,0.000108,172.31.40.0-255,66,21478,64,405628
9393,0.000131,74.125.68.0-255,2902,24380,64,405628
9394,0.000133,172.31.40.0-255,66,24446,64,405628
9395,0.000155,74.125.68.0-255,6797,31243,64,405628
9396,0.000157,172.31.40.0-255,66,31309,64,405628
9397,0.000283,74.125.68.0-255,1484,32793,64,405628
9398,0.000287,172.31.40.0-255,66,32859,64,405628
9399,0.000305,74.125.68.0-255,1484,34343,64,405628
9400,0.000307,172.31.40.0-255,66,34409,64,405628
9401,0.00032,74.125.68.0-255,2902,37311,64,405628
9402,0.000323,172.31.40.0-255,66,37377,64,405628
9403,0.000354,74.125.68.0-255,5738,43115,64,405628
9404,0.000357,172.31.40.0-255,66,43181,64,405628
9405,0.000361,74.125.68.0-255,2902,46083,64,405628
9406,0.000363,172.31.40.0-255,66,46149,64,405628
9407,0.000368,74.125.68.0-255,3961,50110,64,405628
9408,0.00037,172.31.40.0-255,66,50176,64,405628
9409,0.000389,74.125.68.0-255,1484,51660,64,405628
9410,0.000391,172.31.40.0-255,66,51726,64,405628
9411,0.000421,74.125.68.0-255,7156,58882,64,405628
9412,0.000425,172.31.40.0-255,66,58948,64,405628
9413,0.000429,74.125.68.0-255,2902,61850,64,405628
9414,0.000431,172.31.40.0-255,66,61916,64,405628
9415,0.000473,74.125.68.0-255,3961,65877,64,405628
9416,0.000476,172.31.40.0-255,66,65943,64,405628
9417,0.00076,74.125.68.0-255,647,66590,64,405628
9418,0.00089,74.125.68.0-255,1484,68074,64,405628
9419,0.000895,172.31.40.0-255,66,68140,64,405628
9420,0.000899,74.125.68.0-255,1484,69624,64,405628
9421,0.000912,74.125.68.0-255,1484,71108,64,405628
9422,0.000914,172.31.40.0-255,66,71174,64,405628
9423,0.000921,74.125.68.0-255,4320,75494,64,405628
9424,0.000923,172.31.40.0-255,66,75560,64,405628
9425,0.00094,74.125.68.0-255,2902,78462,64,405628
9426,0.000942,172.31.40.0-255,66,78528,64,405628
9427,0.000958,74.125.68.0-255,5738,84266,64,405628
9428,0.00096,172.31.40.0-255,66,84332,64,405628
9429,0.000967,74.125.68.0-255,5738,90070,64,405628
9430,0.000969,172.31.40.0-255,66,90136,64,405628
9431,0.001005,74.125.68.0-255,7156,97292,64,405628
9432,0.001008,172.31.40.0-255,66,97358,64,405628
9433,0.001013,74.125.68.0-255,2902,100260,64,405628
9434,0.001015,172.31.40.0-255,66,100326,64,405628
9435,0.001038,74.125.68.0-255,766,101092,64,405628
9436,0.001131,74.125.68.0-255,1484,102576,64,405628
9437,0.001134,172.31.40.0-255,66,102642,64,405628
9438,0.00114,74.125.68.0-255,2902,105544,64,405628
9439,0.001141,172.31.40.0-255,66,105610,64,405628
9440,0.001156,74.125.68.0-255,1484,107094,64,405628
9441,0.001171,74.125.68.0-255,4320,111414,64,405628
9442,0.001174,172.31.40.0-255,66,111480,64,405628
9443,0.001179,74.125.68.0-255,2902,114382,64,405628
9444,0.001181,172.31.40.0-255,66,114448,64,405628
9445,0.001215,74.125.68.0-255,4320,118768,64,405628
9446,0.001218,172.31.40.0-255,66,118834,64,405628
9447,0.001231,172.31.40.0-255,66,118900,64,405628
9448,0.001254,74.125.68.0-255,2902,121802,64,405628
9449,0.001257,172.31.40.0-255,66,121868,64,405628
9450,0.001261,74.125.68.0-255,1484,123352,64,405628
9451,0.001282,74.125.68.0-255,2184,125536,64,405628
9452,0.001286,172.31.40.0-255,66,125602,64,405628
9453,0.001397,74.125.68.0-255,1484,127086,64,405628
9454,0.001447,74.125.68.0-255,2902,129988,64,405628
9455,0.001451,172.31.40.0-255,66,130054,64,405628
9456,0.001475,74.125.68.0-255,5738,135792,64,405628
9457,0.001478,172.31.40.0-255,66,135858,64,405628
9458,0.001484,74.125.68.0-255,4320,140178,64,405628
9459,0.001485,172.31.40.0-255,66,140244,64,405628
9460,0.001498,74.125.68.0-255,2902,143146,64,405628
9461,0.001502,172.31.40.0-255,66,143212,64,405628
9462,0.001536,74.125.68.0-255,5738,148950,64,405628
9463,0.001538,172.31.40.0-255,66,149016,64,405628
9464,0.001553,74.125.68.0-255,1484,150500,64,405628
9465,0.001579,172.31.40.0-255,66,150566,64,405628
9466,0.001582,74.125.68.0-255,766,151332,64,405628
9467,0.001602,74.125.68.0-255,1484,152816,64,405628
9468,0.001637,172.31.40.0-255,66,152882,64,405628
9469,0.001646,74.125.68.0-255,1484,154366,64,405628
9470,0.00165,74.125.68.0-255,2902,157268,64,405628
9471,0.001653,172.31.40.0-255,66,157334,64,405628
9472,0.001676,74.125.68.0-255,2902,160236,64,405628
9473,0.001682,74.125.68.0-255,4320,164556,64,405628
9474,0.00169,172.31.40.0-255,66,164622,64,405628
9475,0.001694,172.31.40.0-255,66,164688,64,405628
9476,0.001725,74.125.68.0-255,5738,170426,64,405628
9477,0.001728,172.31.40.0-255,66,170492,64,405628
9478,0.001753,74.125.68.0-255,7156,177648,64,405628
9479,0.001756,172.31.40.0-255,66,177714,64,405628
9480,0.001769,74.125.68.0-255,2902,180616,64,405628
9481,0.001773,172.31.40.0-255,66,180682,64,405628
9482,0.001787,74.125.68.0-255,5020,185702,64,405628
9483,0.001804,172.31.40.0-255,66,185768,64,405628
9484,0.002105,74.125.68.0-255,1484,187252,64,405628
9485,0.002112,74.125.68.0-255,2902,190154,64,405628
9486,0.002116,172.31.40.0-255,66,190220,64,405628
9487,0.00212,74.125.68.0-255,2902,193122,64,405628
9488,0.002123,172.31.40.0-255,66,193188,64,405628
9489,0.002138,74.125.68.0-255,4320,197508,64,405628
9490,0.002141,172.31.40.0-255,66,197574,64,405628
9491,0.002164,74.125.68.0-255,2902,200476,64,405628
9492,0.002167,172.31.40.0-255,66,200542,64,405628
9493,0.002188,74.125.68.0-255,5738,206280,64,405628
9494,0.002191,172.31.40.0-255,66,206346,64,405628
9495,0.002196,74.125.68.0-255,2902,209248,64,405628
9496,0.002198,172.31.40.0-255,66,209314,64,405628
9497,0.002215,74.125.68.0-255,2902,212216,64,405628
9498,0.002217,172.31.40.0-255,66,212282,64,405628
9499,0.002222,74.125.68.0-255,2902,215184,64,405628
9500,0.002224,172.31.40.0-255,66,215250,64,405628
9501,0.002247,74.125.68.0-255,5020,220270,64,405628
9502,0.00225,172.31.40.0-255,66,220336,64,405628
9503,0.002341,74.125.68.0-255,1484,221820,64,405628
9504,0.002347,74.125.68.0-255,2902,224722,64,405628
9505,0.002352,172.31.40.0-255,66,224788,64,405628
9506,0.002366,74.125.68.0-255,5738,230526,64,405628
9507,0.002369,172.31.40.0-255,66,230592,64,405628
9508,0.002378,74.125.68.0-255,1484,232076,64,405628
9509,0.004723,74.125.68.0-255,4320,236396,64,405628
9510,0.00473,172.31.40.0-255,66,236462,64,405628
9511,0.007081,74.125.68.0-255,2902,239364,64,405628
9512,0.007088,172.31.40.0-255,66,239430,64,405628
9513,0.007103,74.125.68.0-255,2902,242332,64,405628
9514,0.007106,172.31.40.0-255,66,242398,64,405628
9515,0.009437,74.125.68.0-255,2902,245300,64,405628
9516,0.009444,172.31.40.0-255,66,245366,64,405628
9517,0.009469,74.125.68.0-255,2902,248268,64,405628
9518,0.009472,172.31.40.0-255,66,248334,64,405628
9519,0.011813,74.125.68.0-255,5738,254072,64,405628
9520,0.01182,172.31.40.0-255,66,254138,64,405628
9521,0.014181,74.125.68.0-255,5738,259876,64,405628
9522,0.014189,172.31.40.0-255,66,259942,64,405628
9523,0.016557,74.125.68.0-255,5738,265680,64,405628
9524,0.016567,172.31.40.0-255,66,265746,64,405628
9525,0.018927,74.125.68.0-255,5738,271484,64,405628
9526,0.018936,172.31.40.0-255,66,271550,64,405628
9527,0.0213,74.125.68.0-255,5738,277288,64,405628
9528,0.021307,172.31.40.0-255,66,277354,64,405628
9529,0.023674,74.125.68.0-255,5738,283092,64,405628
9530,0.023681,172.31.40.0-255,66,283158,64,405628
9531,0.026038,74.125.68.0-255,5738,288896,64,405628
9532,0.026045,172.31.40.0-255,66,288962,64,405628
9533,0.028401,74.125.68.0-255,5738,294700,64,405628
9534,0.028409,172.31.40.0-255,66,294766,64,405628
9535,0.030769,74.125.68.0-255,5738,300504,64,405628
9536,0.030777,172.31.40.0-255,66,300570,64,405628
9537,0.031903,172.31.40.0-255,167,300737,64,405628
9538,0.031934,172.31.40.0-255,1110,301847,64,405628
9539,0.031994,172.31.40.0-255,1514,303361,64,405628
9540,0.031996,172.31.40.0-255,1514,304875,64,405628
9541,0.032026,172.31.40.0-255,698,305573,64,405628
9542,0.033138,74.125.68.0-255,5738,311311,64,405628
9543,0.033146,172.31.40.0-255,66,311377,64,405628
9544,0.033439,104.244.42.0-255,66,311443,64,405628
9545,0.033493,104.244.42.0-255,66,311509,64,405628
9546,0.033578,104.244.42.0-255,66,311575,64,405628
9547,0.03363,104.244.42.0-255,66,311641,64,405628
9548,0.035511,74.125.68.0-255,5738,317379,64,405628
9549,0.035518,172.31.40.0-255,66,317445,64,405628
9550,0.037877,74.125.68.0-255,5738,323183,64,405628
9551,0.037884,172.31.40.0-255,66,323249,64,405628
9552,0.040259,74.125.68.0-255,5738,328987,64,405628
9553,0.040268,172.31.40.0-255,66,329053,64,405628
9554,0.042633,74.125.68.0-255,5738,334791,64,405628
9555,0.042643,172.31.40.0-255,66,334857,64,405628
9556,0.045004,74.125.68.0-255,5738,340595,64,405628
9557,0.045009,172.31.40.0-255,66,340661,64,405628
9558,0.047388,74.125.68.0-255,5738,346399,64,405628
9559,0.047395,172.31.40.0-255,66,346465,64,405628
9560,0.04976,74.125.68.0-255,2902,349367,64,405628
9561,0.049766,172.31.40.0-255,66,349433,64,405628
9562,0.049788,74.125.68.0-255,2902,352335,64,405628
9563,0.049791,172.31.40.0-255,66,352401,64,405628
9564,0.052122,74.125.68.0-255,2902,355303,64,405628
9565,0.052128,172.31.40.0-255,66,355369,64,405628
9566,0.052151,74.125.68.0-255,2902,358271,64,405628
9567,0.052154,172.31.40.0-255,66,358337,64,405628
9568,0.054499,74.125.68.0-255,5738,364075,64,405628
9569,0.054506,172.31.40.0-255,66,364141,64,405628
9570,0.054631,172.31.40.0-255,101,364242,64,405628
9571,0.056862,74.125.68.0-255,5738,369980,64,405628
9572,0.056868,172.31.40.0-255,66,370046,64,405628
9573,0.057064,74.125.68.0-255,66,370112,64,405628
9574,0.059237,74.125.68.0-255,5738,375850,64,405628
9575,0.059244,172.31.40.0-255,66,375916,64,405628
9576,0.06161,74.125.68.0-255,5738,381654,64,405628
9577,0.061621,172.31.40.0-255,66,381720,64,405628
9578,0.063985,74.125.68.0-255,5738,387458,64,405628
9579,0.063991,172.31.40.0-255,66,387524,64,405628
9580,0.066359,74.125.68.0-255,5738,393262,64,405628
9581,0.066366,172.31.40.0-255,66,393328,64,405628
9582,0.068727,74.125.68.0-255,5738,399066,64,405628
9583,0.068734,172.31.40.0-255,66,399132,64,405628
9584,0.071105,74.125.68.0-255,5738,404870,64,405628
9585,0.071112,172.31.40.0-255,66,404936,64,405628
9586,0.073441,74.125.68.0-255,587,405523,64,405628
9587,0.073565,172.31.40.0-255,105,405628,64,405628
9588,0.0,74.125.130.0-255,146,146,64,365948
9589,2.3e-05,172.31.40.0-255,66,212,64,365948
9590,3e-05,74.125.130.0-255,1484,1696,64,365948
9591,3.4e-05,172.31.40.0-255,66,1762,64,365948
9592,4e-05,74.125.130.0-255,2902,4664,64,365948
9593,5.3e-05,172.31.40.0-255,66,4730,64,365948
9594,5.8e-05,74.125.130.0-255,4320,9050,64,365948
9595,6.1e-05,172.31.40.0-255,66,9116,64,365948
9596,6.5e-05,74.125.130.0-255,2902,12018,64,365948
9597,6.9e-05,172.31.40.0-255,66,12084,64,365948
9598,8.8e-05,74.125.130.0-255,2062,14146,64,365948
9599,9.5e-05,172.31.40.0-255,66,14212,64,365948
9600,0.000159,74.125.130.0-255,1484,15696,64,365948
9601,0.000162,172.31.40.0-255,66,15762,64,365948
9602,0.000165,74.125.130.0-255,1484,17246,64,365948
9603,0.000167,172.31.40.0-255,66,17312,64,365948
9604,0.000172,74.125.130.0-255,2902,20214,64,365948
9605,0.000179,172.31.40.0-255,66,20280,64,365948
9606,0.000211,74.125.130.0-255,5738,26018,64,365948
9607,0.000213,172.31.40.0-255,66,26084,64,365948
9608,0.000216,74.125.130.0-255,1484,27568,64,365948
9609,0.000219,172.31.40.0-255,66,27634,64,365948
9610,0.000276,74.125.130.0-255,3961,31595,64,365948
9611,0.000279,172.31.40.0-255,66,31661,64,365948
9612,0.000437,74.125.130.0-255,1484,33145,64,365948
9613,0.000442,172.31.40.0-255,66,33211,64,365948
9614,0.00045,74.125.130.0-255,2902,36113,64,365948
9615,0.000452,172.31.40.0-255,66,36179,64,365948
9616,0.000464,74.125.130.0-255,5738,41917,64,365948
9617,0.000467,172.31.40.0-255,66,41983,64,365948
9618,0.000471,74.125.130.0-255,2902,44885,64,365948
9619,0.000473,172.31.40.0-255,66,44951,64,365948
9620,0.000513,74.125.130.0-255,3961,48912,64,365948
9621,0.000516,172.31.40.0-255,66,48978,64,365948
9622,0.000526,172.31.40.0-255,66,49044,64,365948
9623,0.00053,74.125.130.0-255,2902,51946,64,365948
9624,0.000544,172.31.40.0-255,66,52012,64,365948
9625,0.000578,74.125.130.0-255,4320,56332,64,365948
9626,0.00059,74.125.130.0-255,1417,57749,64,365948
9627,0.0006,172.31.40.0-255,66,57815,64,365948
9628,0.000842,74.125.130.0-255,363,58178,64,365948
9629,0.001083,74.125.130.0-255,1484,59662,64,365948
9630,0.001088,172.31.40.0-255,66,59728,64,365948
9631,0.001117,74.125.130.0-255,2902,62630,64,365948
9632,0.001124,74.125.130.0-255,5738,68368,64,365948
9633,0.001129,74.125.130.0-255,2902,71270,64,365948
9634,0.001134,74.125.130.0-255,3961,75231,64,365948
9635,0.001177,172.31.40.0-255,66,75297,64,365948
9636,0.001206,74.125.130.0-255,1484,76781,64,365948
9637,0.001211,74.125.130.0-255,2902,79683,64,365948
9638,0.001214,172.31.40.0-255,66,79749,64,365948
9639,0.00124,74.125.130.0-255,4320,84069,64,365948
9640,0.001243,74.125.130.0-255,1484,85553,64,365948
9641,0.001261,74.125.130.0-255,4320,89873,64,365948
9642,0.001279,74.125.130.0-255,2543,92416,64,365948
9643,0.001294,172.31.40.0-255,66,92482,64,365948
9644,0.001706,74.125.130.0-255,1484,93966,64,365948
9645,0.001712,172.31.40.0-255,66,94032,64,365948
9646,0.00172,74.125.130.0-255,2902,96934,64,365948
9647,0.001723,172.31.40.0-255,66,97000,64,365948
9648,0.001735,74.125.130.0-255,5738,102738,64,365948
9649,0.001768,74.125.130.0-255,5738,108476,64,365948
9650,0.001779,74.125.130.0-255,1484,109960,64,365948
9651,0.001793,74.125.130.0-255,2902,112862,64,365948
9652,0.00182,74.125.130.0-255,7156,120018,64,365948
9653,0.001824,74.125.130.0-255,1484,121502,64,365948
9654,0.001839,74.125.130.0-255,2902,124404,64,365948
9655,0.001855,74.125.130.0-255,2184,126588,64,365948
9656,0.001887,74.125.130.0-255,1484,128072,64,365948
9657,0.00189,74.125.130.0-255,1484,129556,64,365948
9658,0.001908,74.125.130.0-255,1484,131040,64,365948
9659,0.001913,74.125.130.0-255,2902,133942,64,365948
9660,0.001937,74.125.130.0-255,2902,136844,64,365948
9661,0.00194,74.125.130.0-255,1484,138328,64,365948
9662,0.001962,74.125.130.0-255,2902,141230,64,365948
9663,0.001967,74.125.130.0-255,4320,145550,64,365948
9664,0.001977,74.125.130.0-255,1484,147034,64,365948
9665,0.001983,74.125.130.0-255,4320,151354,64,365948
9666,0.002013,74.125.130.0-255,4320,155674,64,365948
9667,0.002033,74.125.130.0-255,1484,157158,64,365948
9668,0.002036,74.125.130.0-255,1484,158642,64,365948
9669,0.002052,74.125.130.0-255,2184,160826,64,365948
9670,0.002297,74.125.130.0-255,1484,162310,64,365948
9671,0.002305,74.125.130.0-255,2902,165212,64,365948
9672,0.002322,74.125.130.0-255,5738,170950,64,365948
9673,0.002334,74.125.130.0-255,2902,173852,64,365948
9674,0.002337,74.125.130.0-255,1484,175336,64,365948
9675,0.002358,74.125.130.0-255,2902,178238,64,365948
9676,0.002384,74.125.130.0-255,1484,179722,64,365948
9677,0.002413,74.125.130.0-255,6438,186160,64,365948
9678,0.007482,172.31.40.0-255,66,186226,64,365948
9679,0.009852,74.125.130.0-255,5738,191964,64,365948
9680,0.00986,172.31.40.0-255,66,192030,64,365948
9681,0.012213,74.125.130.0-255,5738,197768,64,365948
9682,0.012221,172.31.40.0-255,66,197834,64,365948
9683,0.014564,74.125.130.0-255,5738,203572,64,365948
9684,0.014573,172.31.40.0-255,66,203638,64,365948
9685,0.01693,74.125.130.0-255,5738,209376,64,365948
9686,0.01694,172.31.40.0-255,66,209442,64,365948
9687,0.019315,74.125.130.0-255,5738,215180,64,365948
9688,0.019323,172.31.40.0-255,66,215246,64,365948
9689,0.021684,74.125.130.0-255,5738,220984,64,365948
9690,0.021691,172.31.40.0-255,66,221050,64,365948
9691,0.02405,74.125.130.0-255,5738,226788,64,365948
9692,0.024057,172.31.40.0-255,66,226854,64,365948
9693,0.026421,74.125.130.0-255,5738,232592,64,365948
9694,0.026427,172.31.40.0-255,66,232658,64,365948
9695,0.027306,172.31.40.0-255,172,232830,64,365948
9696,0.027339,172.31.40.0-255,1110,233940,64,365948
9697,0.027402,172.31.40.0-255,1514,235454,64,365948
9698,0.027404,172.31.40.0-255,1514,236968,64,365948
9699,0.027431,172.31.40.0-255,698,237666,64,365948
9700,0.028791,74.125.130.0-255,5738,243404,64,365948
9701,0.028798,172.31.40.0-255,66,243470,64,365948
9702,0.028828,104.244.42.0-255,66,243536,64,365948
9703,0.028887,104.244.42.0-255,66,243602,64,365948
9704,0.028993,104.244.42.0-255,66,243668,64,365948
9705,0.028999,104.244.42.0-255,66,243734,64,365948
9706,0.03122,74.125.130.0-255,5738,249472,64,365948
9707,0.031226,172.31.40.0-255,66,249538,64,365948
9708,0.033583,74.125.130.0-255,5738,255276,64,365948
9709,0.033591,172.31.40.0-255,66,255342,64,365948
9710,0.035939,74.125.130.0-255,1484,256826,64,365948
9711,0.035945,172.31.40.0-255,66,256892,64,365948
9712,0.035978,74.125.130.0-255,4320,261212,64,365948
9713,0.036021,172.31.40.0-255,66,261278,64,365948
9714,0.038294,74.125.130.0-255,1484,262762,64,365948
9715,0.038302,172.31.40.0-255,66,262828,64,365948
9716,0.038354,74.125.130.0-255,4320,267148,64,365948
9717,0.0386,172.31.40.0-255,66,267214,64,365948
9718,0.040665,74.125.130.0-255,1484,268698,64,365948
9719,0.040964,74.125.130.0-255,4320,273018,64,365948
9720,0.04097,172.31.40.0-255,66,273084,64,365948
9721,0.043333,74.125.130.0-255,5738,278822,64,365948
9722,0.043371,172.31.40.0-255,66,278888,64,365948
9723,0.045726,74.125.130.0-255,5738,284626,64,365948
9724,0.045734,172.31.40.0-255,66,284692,64,365948
9725,0.048082,74.125.130.0-255,5738,290430,64,365948
9726,0.048089,172.31.40.0-255,66,290496,64,365948
9727,0.050442,74.125.130.0-255,5738,296234,64,365948
9728,0.050449,172.31.40.0-255,66,296300,64,365948
9729,0.052811,74.125.130.0-255,5738,302038,64,365948
9730,0.052819,172.31.40.0-255,66,302104,64,365948
9731,0.05517,74.125.130.0-255,5738,307842,64,365948
9732,0.055177,172.31.40.0-255,66,307908,64,365948
9733,0.057535,74.125.130.0-255,5738,313646,64,365948
9734,0.057542,172.31.40.0-255,66,313712,64,365948
9735,0.059903,74.125.130.0-255,5738,319450,64,365948
9736,0.059912,172.31.40.0-255,66,319516,64,365948
9737,0.062278,74.125.130.0-255,5738,325254,64,365948
9738,0.062284,172.31.40.0-255,66,325320,64,365948
9739,0.064644,74.125.130.0-255,5738,331058,64,365948
9740,0.064651,172.31.40.0-255,66,331124,64,365948
9741,0.067013,74.125.130.0-255,5738,336862,64,365948
9742,0.067019,172.31.40.0-255,66,336928,64,365948
9743,0.06937,74.125.130.0-255,5738,342666,64,365948
9744,0.069377,172.31.40.0-255,66,342732,64,365948
9745,0.071729,74.125.130.0-255,5738,348470,64,365948
9746,0.071735,172.31.40.0-255,66,348536,64,365948
9747,0.074103,74.125.130.0-255,5738,354274,64,365948
9748,0.07411,172.31.40.0-255,66,354340,64,365948
9749,0.076461,74.125.130.0-255,5738,360078,64,365948
9750,0.076467,172.31.40.0-255,66,360144,64,365948
9751,0.078835,74.125.130.0-255,5738,365882,64,365948
9752,0.078845,172.31.40.0-255,66,365948,64,365948
9753,0.0,74.125.200.0-255,148,148,64,357463
9754,1.7e-05,172.31.40.0-255,66,214,64,357463
9755,2.4e-05,74.125.200.0-255,1484,1698,64,357463
9756,2.8e-05,172.31.40.0-255,66,1764,64,357463
9757,3.4e-05,74.125.200.0-255,2902,4666,64,357463
9758,3.7e-05,172.31.40.0-255,66,4732,64,357463
9759,7e-05,74.125.200.0-255,7156,11888,64,357463
9760,7.3e-05,172.31.40.0-255,66,11954,64,357463
9761,7.7e-05,74.125.200.0-255,2092,14046,64,357463
9762,8e-05,172.31.40.0-255,66,14112,64,357463
9763,0.000166,74.125.200.0-255,1484,15596,64,357463
9764,0.000169,172.31.40.0-255,66,15662,64,357463
9765,0.000174,74.125.200.0-255,2902,18564,64,357463
9766,0.000176,172.31.40.0-255,66,18630,64,357463
9767,0.000192,74.125.200.0-255,5738,24368,64,357463
9768,0.000194,172.31.40.0-255,66,24434,64,357463
9769,0.000223,74.125.200.0-255,4320,28754,64,357463
9770,0.000225,172.31.40.0-255,66,28820,64,357463
9771,0.00024,74.125.200.0-255,2543,31363,64,357463
9772,0.000243,172.31.40.0-255,66,31429,64,357463
9773,0.000247,74.125.200.0-255,2902,34331,64,357463
9774,0.000249,172.31.40.0-255,66,34397,64,357463
9775,0.00027,74.125.200.0-255,4320,38717,64,357463
9776,0.000272,172.31.40.0-255,66,38783,64,357463
9777,0.000283,172.31.40.0-255,66,38849,64,357463
9778,0.000356,74.125.200.0-255,1484,40333,64,357463
9779,0.000361,172.31.40.0-255,66,40399,64,357463
9780,0.000365,74.125.200.0-255,1484,41883,64,357463
9781,0.000367,172.31.40.0-255,66,41949,64,357463
9782,0.000371,74.125.200.0-255,1484,43433,64,357463
9783,0.000372,172.31.40.0-255,66,43499,64,357463
9784,0.000388,74.125.200.0-255,1484,44983,64,357463
9785,0.000394,74.125.200.0-255,4320,49303,64,357463
9786,0.000397,172.31.40.0-255,66,49369,64,357463
9787,0.000415,74.125.200.0-255,1484,50853,64,357463
9788,0.000417,74.125.200.0-255,1484,52337,64,357463
9789,0.00042,172.31.40.0-255,66,52403,64,357463
9790,0.000442,74.125.200.0-255,3961,56364,64,357463
9791,0.000445,172.31.40.0-255,66,56430,64,357463
9792,0.000474,74.125.200.0-255,397,56827,64,357463
9793,0.000521,74.125.200.0-255,1484,58311,64,357463
9794,0.000524,172.31.40.0-255,66,58377,64,357463
9795,0.000543,74.125.200.0-255,2902,61279,64,357463
9796,0.000545,172.31.40.0-255,66,61345,64,357463
9797,0.000549,74.125.200.0-255,2902,64247,64,357463
9798,0.000552,172.31.40.0-255,66,64313,64,357463
9799,0.00058,74.125.200.0-255,2902,67215,64,357463
9800,0.000583,172.31.40.0-255,66,67281,64,357463
9801,0.00059,74.125.200.0-255,7156,74437,64,357463
9802,0.000593,172.31.40.0-255,66,74503,64,357463
9803,0.000603,172.31.40.0-255,66,74569,64,357463
9804,0.000631,74.125.200.0-255,4320,78889,64,357463
9805,0.000633,172.31.40.0-255,66,78955,64,357463
9806,0.000648,74.125.200.0-255,3602,82557,64,357463
9807,0.000651,172.31.40.0-255,66,82623,64,357463
9808,0.000653,74.125.200.0-255,346,82969,64,357463
9809,0.001033,74.125.200.0-255,1484,84453,64,357463
9810,0.001038,172.31.40.0-255,66,84519,64,357463
9811,0.001044,74.125.200.0-255,2902,87421,64,357463
9812,0.001046,172.31.40.0-255,66,87487,64,357463
9813,0.001052,74.125.200.0-255,5738,93225,64,357463
9814,0.001054,172.31.40.0-255,66,93291,64,357463
9815,0.001077,74.125.200.0-255,1484,94775,64,357463
9816,0.0011,172.31.40.0-255,66,94841,64,357463
9817,0.001117,74.125.200.0-255,2902,97743,64,357463
9818,0.00112,172.31.40.0-255,66,97809,64,357463
9819,0.001135,74.125.200.0-255,5738,103547,64,357463
9820,0.001138,172.31.40.0-255,66,103613,64,357463
9821,0.001155,74.125.200.0-255,5020,108633,64,357463
9822,0.001158,172.31.40.0-255,66,108699,64,357463
9823,0.001433,74.125.200.0-255,1484,110183,64,357463
9824,0.00144,74.125.200.0-255,2902,113085,64,357463
9825,0.001444,172.31.40.0-255,66,113151,64,357463
9826,0.001451,74.125.200.0-255,5738,118889,64,357463
9827,0.001454,172.31.40.0-255,66,118955,64,357463
9828,0.001485,74.125.200.0-255,5738,124693,64,357463
9829,0.001488,172.31.40.0-255,66,124759,64,357463
9830,0.001513,74.125.200.0-255,7156,131915,64,357463
9831,0.001515,172.31.40.0-255,66,131981,64,357463
9832,0.00154,74.125.200.0-255,5738,137719,64,357463
9833,0.001544,172.31.40.0-255,66,137785,64,357463
9834,0.001566,74.125.200.0-255,5020,142805,64,357463
9835,0.001569,172.31.40.0-255,66,142871,64,357463
9836,0.001588,74.125.200.0-255,1484,144355,64,357463
9837,0.001609,74.125.200.0-255,2902,147257,64,357463
9838,0.001612,172.31.40.0-255,66,147323,64,357463
9839,0.00162,74.125.200.0-255,5738,153061,64,357463
9840,0.001622,172.31.40.0-255,66,153127,64,357463
9841,0.001651,74.125.200.0-255,5738,158865,64,357463
9842,0.001654,172.31.40.0-255,66,158931,64,357463
9843,0.00166,74.125.200.0-255,5738,164669,64,357463
9844,0.001663,172.31.40.0-255,66,164735,64,357463
9845,0.001677,74.125.200.0-255,1484,166219,64,357463
9846,0.00168,74.125.200.0-255,1484,167703,64,357463
9847,0.001682,172.31.40.0-255,66,167769,64,357463
9848,0.001713,172.31.40.0-255,66,167835,64,357463
9849,0.001781,74.125.200.0-255,1484,169319,64,357463
9850,0.001785,74.125.200.0-255,1484,170803,64,357463
9851,0.001788,172.31.40.0-255,66,170869,64,357463
9852,0.001811,74.125.200.0-255,1484,172353,64,357463
9853,0.001818,74.125.200.0-255,5738,178091,64,357463
9854,0.00182,172.31.40.0-255,66,178157,64,357463
9855,0.001842,74.125.200.0-255,5738,183895,64,357463
9856,0.001845,172.31.40.0-255,66,183961,64,357463
9857,0.001869,74.125.200.0-255,5738,189699,64,357463
9858,0.001882,172.31.40.0-255,66,189765,64,357463
9859,0.001885,172.31.40.0-255,66,189831,64,357463
9860,0.001893,74.125.200.0-255,2184,192015,64,357463
9861,0.001895,172.31.40.0-255,66,192081,64,357463
9862,0.002008,74.125.200.0-255,1484,193565,64,357463
9863,0.002012,74.125.200.0-255,1484,195049,64,357463
9864,0.002015,172.31.40.0-255,66,195115,64,357463
9865,0.002028,74.125.200.0-255,1484,196599,64,357463
9866,0.002032,74.125.200.0-255,2902,199501,64,357463
9867,0.002036,172.31.40.0-255,66,199567,64,357463
9868,0.002052,74.125.200.0-255,4320,203887,64,357463
9869,0.002054,172.31.40.0-255,66,203953,64,357463
9870,0.002117,172.31.40.0-255,66,204019,64,357463
9871,0.00214,74.125.200.0-255,2902,206921,64,357463
9872,0.002159,74.125.200.0-255,2184,209105,64,357463
9873,0.002192,74.125.200.0-255,1484,210589,64,357463
9874,0.002207,74.125.200.0-255,2902,213491,64,357463
9875,0.002228,74.125.200.0-255,5738,219229,64,357463
9876,0.002232,74.125.200.0-255,2902,222131,64,357463
9877,0.002248,74.125.200.0-255,4320,226451,64,357463
9878,0.002265,74.125.200.0-255,5738,232189,64,357463
9879,0.002283,74.125.200.0-255,2902,235091,64,357463
9880,0.002286,74.125.200.0-255,2902,237993,64,357463
9881,0.002299,74.125.200.0-255,4320,242313,64,357463
9882,0.002301,74.125.200.0-255,766,243079,64,357463
9883,0.00544,172.31.40.0-255,66,243145,64,357463
9884,0.005445,172.31.40.0-255,66,243211,64,357463
9885,0.005448,172.31.40.0-255,66,243277,64,357463
9886,0.005452,172.31.40.0-255,66,243343,64,357463
9887,0.005461,172.31.40.0-255,66,243409,64,357463
9888,0.005464,172.31.40.0-255,66,243475,64,357463
9889,0.005468,172.31.40.0-255,66,243541,64,357463
9890,0.00547,172.31.40.0-255,66,243607,64,357463
9891,0.005473,172.31.40.0-255,66,243673,64,357463
9892,0.005476,172.31.40.0-255,66,243739,64,357463
9893,0.005479,172.31.40.0-255,66,243805,64,357463
9894,0.006813,172.31.40.0-255,66,243871,64,357463
9895,0.00782,74.125.200.0-255,4320,248191,64,357463
9896,0.007826,172.31.40.0-255,66,248257,64,357463
9897,0.00911,74.125.200.0-255,1484,249741,64,357463
9898,0.010133,74.125.200.0-255,4320,254061,64,357463
9899,0.01014,172.31.40.0-255,66,254127,64,357463
9900,0.012453,74.125.200.0-255,5738,259865,64,357463
9901,0.012462,172.31.40.0-255,66,259931,64,357463
9902,0.014776,74.125.200.0-255,5738,265669,64,357463
9903,0.014785,172.31.40.0-255,66,265735,64,357463
9904,0.017104,74.125.200.0-255,5738,271473,64,357463
9905,0.017112,172.31.40.0-255,66,271539,64,357463
9906,0.019426,74.125.200.0-255,5738,277277,64,357463
9907,0.019434,172.31.40.0-255,66,277343,64,357463
9908,0.021751,74.125.200.0-255,5738,283081,64,357463
9909,0.021759,172.31.40.0-255,66,283147,64,357463
9910,0.024078,74.125.200.0-255,5738,288885,64,357463
9911,0.024088,172.31.40.0-255,66,288951,64,357463
9912,0.026401,74.125.200.0-255,5738,294689,64,357463
9913,0.026409,172.31.40.0-255,66,294755,64,357463
9914,0.028722,74.125.200.0-255,5738,300493,64,357463
9915,0.02873,172.31.40.0-255,66,300559,64,357463
9916,0.031054,74.125.200.0-255,5738,306297,64,357463
9917,0.031065,172.31.40.0-255,66,306363,64,357463
9918,0.033378,74.125.200.0-255,5738,312101,64,357463
9919,0.033387,172.31.40.0-255,66,312167,64,357463
9920,0.033857,172.31.40.0-255,172,312339,64,357463
9921,0.033884,172.31.40.0-255,1108,313447,64,357463
9922,0.033935,172.31.40.0-255,1514,314961,64,357463
9923,0.033937,172.31.40.0-255,1300,316261,64,357463
9924,0.035521,104.244.42.0-255,66,316327,64,357463
9925,0.035555,104.244.42.0-255,66,316393,64,357463
9926,0.03562,104.244.42.0-255,66,316459,64,357463
9927,0.035718,74.125.200.0-255,5738,322197,64,357463
9928,0.035724,172.31.40.0-255,66,322263,64,357463
9929,0.038048,74.125.200.0-255,5738,328001,64,357463
9930,0.03806,172.31.40.0-255,66,328067,64,357463
9931,0.040389,74.125.200.0-255,5738,333805,64,357463
9932,0.040399,172.31.40.0-255,66,333871,64,357463
9933,0.042743,74.125.200.0-255,5738,339609,64,357463
9934,0.042754,172.31.40.0-255,66,339675,64,357463
9935,0.045091,74.125.200.0-255,5738,345413,64,357463
9936,0.045098,172.31.40.0-255,66,345479,64,357463
9937,0.04743,74.125.200.0-255,5738,351217,64,357463
9938,0.04744,172.31.40.0-255,66,351283,64,357463
9939,0.049761,74.125.200.0-255,5738,357021,64,357463
9940,0.049767,172.31.40.0-255,66,357087,64,357463
9941,0.052051,74.125.200.0-255,139,357226,64,357463
9942,0.052181,172.31.40.0-255,66,357292,64,357463
9943,0.052218,172.31.40.0-255,105,357397,64,357463
9944,0.054492,74.125.200.0-255,66,357463,64,357463
9945,0.0,172.31.40.0-255,105,105,64,459
9946,0.000205,172.31.40.0-255,90,195,64,459
9947,0.000214,172.31.40.0-255,66,261,64,459
9948,0.0025,74.125.24.0-255,66,327,64,459
9949,0.002531,74.125.24.0-255,66,393,64,459
9950,0.002553,172.31.40.0-255,66,459,64,459
9951,0.0,172.217.194.0-255,146,146,64,273401
9952,2.3e-05,172.31.40.0-255,66,212,64,273401
9953,3e-05,172.217.194.0-255,1484,1696,64,273401
9954,3.5e-05,172.31.40.0-255,66,1762,64,273401
9955,4.8e-05,172.217.194.0-255,2902,4664,64,273401
9956,5.2e-05,172.31.40.0-255,66,4730,64,273401
9957,7.3e-05,172.217.194.0-255,5738,10468,64,273401
9958,8.1e-05,172.31.40.0-255,66,10534,64,273401
9959,0.00011,172.217.194.0-255,1484,12018,64,273401
9960,0.000112,172.31.40.0-255,66,12084,64,273401
9961,0.000134,172.31.40.0-255,66,12150,64,273401
9962,0.000138,172.217.194.0-255,2543,14693,64,273401
9963,0.00014,172.31.40.0-255,66,14759,64,273401
9964,0.000143,172.217.194.0-255,1484,16243,64,273401
9965,0.000146,172.31.40.0-255,66,16309,64,273401
9966,0.000151,172.217.194.0-255,2902,19211,64,273401
9967,0.000153,172.31.40.0-255,66,19277,64,273401
9968,0.00016,172.217.194.0-255,5738,25015,64,273401
9969,0.000163,172.31.40.0-255,66,25081,64,273401
9970,0.000182,172.217.194.0-255,2902,27983,64,273401
9971,0.000185,172.31.40.0-255,66,28049,64,273401
9972,0.000216,172.31.40.0-255,66,28115,64,273401
9973,0.000228,172.31.40.0-255,66,28181,64,273401
9974,0.000231,172.217.194.0-255,1109,29290,64,273401
9975,0.000233,172.31.40.0-255,66,29356,64,273401
9976,0.000256,172.217.194.0-255,364,29720,64,273401
9977,0.000258,172.31.40.0-255,66,29786,64,273401
9978,0.000303,172.217.194.0-255,1484,31270,64,273401
9979,0.000306,172.31.40.0-255,66,31336,64,273401
9980,0.000324,172.217.194.0-255,4320,35656,64,273401
9981,0.000327,172.31.40.0-255,66,35722,64,273401
9982,0.00035,172.217.194.0-255,7156,42878,64,273401
9983,0.000353,172.31.40.0-255,66,42944,64,273401
9984,0.000394,172.217.194.0-255,3413,46357,64,273401
9985,0.000397,172.31.40.0-255,66,46423,64,273401
9986,0.000654,172.217.194.0-255,1484,47907,64,273401
9987,0.000662,172.217.194.0-255,2902,50809,64,273401
9988,0.000666,172.31.40.0-255,66,50875,64,273401
9989,0.00067,172.217.194.0-255,1484,52359,64,273401
9990,0.000699,172.217.194.0-255,4320,56679,64,273401
9991,0.000707,172.217.194.0-255,7156,63835,64,273401
9992,0.000712,172.31.40.0-255,66,63901,64,273401
9993,0.000715,172.31.40.0-255,66,63967,64,273401
9994,0.000736,172.217.194.0-255,5738,69705,64,273401
9995,0.000738,172.31.40.0-255,66,69771,64,273401
9996,0.000752,172.31.40.0-255,66,69837,64,273401
9997,0.000754,172.217.194.0-255,766,70603,64,273401
9998,0.001571,172.31.40.0-255,66,70669,64,273401
9999,0.002114,172.217.194.0-255,1484,72153,64,273401
10000,0.002124,172.217.194.0-255,2902,75055,64,273401
10001,0.002129,172.31.40.0-255,66,75121,64,273401
10002,0.00219,172.217.194.0-255,4320,79441,64,273401
10003,0.002194,172.31.40.0-255,66,79507,64,273401
10004,0.002214,172.217.194.0-255,1484,80991,64,273401
10005,0.002228,172.31.40.0-255,66,81057,64,273401
10006,0.002241,172.31.40.0-255,66,81123,64,273401
10007,0.002266,172.217.194.0-255,766,81889,64,273401
10008,0.002346,172.217.194.0-255,1484,83373,64,273401
10009,0.002351,172.31.40.0-255,66,83439,64,273401
10010,0.002357,172.217.194.0-255,2902,86341,64,273401
10011,0.002359,172.31.40.0-255,66,86407,64,273401
10012,0.00237,172.217.194.0-255,4320,90727,64,273401
10013,0.002372,172.31.40.0-255,66,90793,64,273401
10014,0.002402,172.217.194.0-255,1484,92277,64,273401
10015,0.002417,172.31.40.0-255,66,92343,64,273401
10016,0.002429,172.31.40.0-255,66,92409,64,273401
10017,0.002452,172.217.194.0-255,1484,93893,64,273401
10018,0.002488,172.31.40.0-255,66,93959,64,273401
10019,0.002515,172.31.40.0-255,66,94025,64,273401
10020,0.00252,172.217.194.0-255,4320,98345,64,273401
10021,0.002523,172.31.40.0-255,66,98411,64,273401
10022,0.002544,172.217.194.0-255,3602,102013,64,273401
10023,0.00255,172.31.40.0-255,66,102079,64,273401
10024,0.005142,172.217.194.0-255,1484,103563,64,273401
10025,0.0052,172.217.194.0-255,4320,107883,64,273401
10026,0.005202,172.31.40.0-255,66,107949,64,273401
10027,0.007898,172.217.194.0-255,5738,113687,64,273401
10028,0.007911,172.31.40.0-255,66,113753,64,273401
10029,0.010555,172.217.194.0-255,5738,119491,64,273401
10030,0.010563,172.31.40.0-255,66,119557,64,273401
10031,0.013198,172.217.194.0-255,5738,125295,64,273401
10032,0.013207,172.31.40.0-255,66,125361,64,273401
10033,0.015851,172.217.194.0-255,5738,131099,64,273401
10034,0.015863,172.31.40.0-255,66,131165,64,273401
10035,0.018513,172.217.194.0-255,5738,136903,64,273401
10036,0.018525,172.31.40.0-255,66,136969,64,273401
10037,0.02117,172.217.194.0-255,4320,141289,64,273401
10038,0.021175,172.31.40.0-255,66,141355,64,273401
10039,0.021204,172.217.194.0-255,1484,142839,64,273401
10040,0.023822,172.217.194.0-255,4320,147159,64,273401
10041,0.02383,172.31.40.0-255,66,147225,64,273401
10042,0.026464,172.217.194.0-255,5738,152963,64,273401
10043,0.026474,172.31.40.0-255,66,153029,64,273401
10044,0.029124,172.217.194.0-255,5738,158767,64,273401
10045,0.029131,172.31.40.0-255,66,158833,64,273401
10046,0.030531,172.31.40.0-255,172,159005,64,273401
10047,0.030564,172.31.40.0-255,1108,160113,64,273401
10048,0.030621,172.31.40.0-255,1514,161627,64,273401
10049,0.030649,172.31.40.0-255,1300,162927,64,273401
10050,0.031797,172.217.194.0-255,5738,168665,64,273401
10051,0.03182,172.31.40.0-255,66,168731,64,273401
10052,0.032207,104.244.42.0-255,66,168797,64,273401
10053,0.032214,104.244.42.0-255,66,168863,64,273401
10054,0.032325,104.244.42.0-255,66,168929,64,273401
10055,0.034471,172.217.194.0-255,5738,174667,64,273401
10056,0.034479,172.31.40.0-255,66,174733,64,273401
10057,0.037129,172.217.194.0-255,5738,180471,64,273401
10058,0.037135,172.31.40.0-255,66,180537,64,273401
10059,0.039789,172.217.194.0-255,5738,186275,64,273401
10060,0.039795,172.31.40.0-255,66,186341,64,273401
10061,0.042454,172.217.194.0-255,5738,192079,64,273401
10062,0.042461,172.31.40.0-255,66,192145,64,273401
10063,0.045124,172.217.194.0-255,5738,197883,64,273401
10064,0.045131,172.31.40.0-255,66,197949,64,273401
10065,0.04779,172.217.194.0-255,5738,203687,64,273401
10066,0.047797,172.31.40.0-255,66,203753,64,273401
10067,0.050473,172.217.194.0-255,5738,209491,64,273401
10068,0.050479,172.31.40.0-255,66,209557,64,273401
10069,0.053147,172.217.194.0-255,5738,215295,64,273401
10070,0.053153,172.31.40.0-255,66,215361,64,273401
10071,0.055782,172.217.194.0-255,5738,221099,64,273401
10072,0.055789,172.31.40.0-255,66,221165,64,273401
10073,0.058518,172.217.194.0-255,5738,226903,64,273401
10074,0.058525,172.31.40.0-255,66,226969,64,273401
10075,0.06117,172.217.194.0-255,5738,232707,64,273401
10076,0.061179,172.31.40.0-255,66,232773,64,273401
10077,0.063833,172.217.194.0-255,5738,238511,64,273401
10078,0.06384,172.31.40.0-255,66,238577,64,273401
10079,0.06649,172.217.194.0-255,5738,244315,64,273401
10080,0.066495,172.31.40.0-255,66,244381,64,273401
10081,0.069138,172.217.194.0-255,5738,250119,64,273401
10082,0.069146,172.31.40.0-255,66,250185,64,273401
10083,0.071793,172.217.194.0-255,5738,255923,64,273401
10084,0.071802,172.31.40.0-255,66,255989,64,273401
10085,0.074453,172.217.194.0-255,5738,261727,64,273401
10086,0.07446,172.31.40.0-255,66,261793,64,273401
10087,0.077168,172.217.194.0-255,5738,267531,64,273401
10088,0.077174,172.31.40.0-255,66,267597,64,273401
10089,0.079827,172.217.194.0-255,5738,273335,64,273401
10090,0.079837,172.31.40.0-255,66,273401,64,273401
10091,0.0,74.125.24.0-255,150,150,64,311488
10092,2.3e-05,172.31.40.0-255,66,216,64,311488
10093,3e-05,74.125.24.0-255,1484,1700,64,311488
10094,3.4e-05,172.31.40.0-255,66,1766,64,311488
10095,3.7e-05,74.125.24.0-255,1484,3250,64,311488
10096,4.1e-05,172.31.40.0-255,66,3316,64,311488
10097,8.7e-05,74.125.24.0-255,4320,7636,64,311488
10098,9e-05,172.31.40.0-255,66,7702,64,311488
10099,9.5e-05,74.125.24.0-255,2902,10604,64,311488
10100,9.7e-05,172.31.40.0-255,66,10670,64,311488
10101,0.000137,74.125.24.0-255,3507,14177,64,311488
10102,0.00014,172.31.40.0-255,66,14243,64,311488
10103,0.000279,74.125.24.0-255,1484,15727,64,311488
10104,0.000283,172.31.40.0-255,66,15793,64,311488
10105,0.000289,74.125.24.0-255,2902,18695,64,311488
10106,0.000292,172.31.40.0-255,66,18761,64,311488
10107,0.000297,74.125.24.0-255,4320,23081,64,311488
10108,0.0003,172.31.40.0-255,66,23147,64,311488
10109,0.000317,74.125.24.0-255,1484,24631,64,311488
10110,0.000319,172.31.40.0-255,66,24697,64,311488
10111,0.000348,74.125.24.0-255,7156,31853,64,311488
10112,0.00035,172.31.40.0-255,66,31919,64,311488
10113,0.000375,74.125.24.0-255,5379,37298,64,311488
10114,0.000378,172.31.40.0-255,66,37364,64,311488
10115,0.000408,74.125.24.0-255,1484,38848,64,311488
10116,0.000411,172.31.40.0-255,66,38914,64,311488
10117,0.000444,172.31.40.0-255,66,38980,64,311488
10118,0.000449,74.125.24.0-255,4320,43300,64,311488
10119,0.000452,172.31.40.0-255,66,43366,64,311488
10120,0.000472,74.125.24.0-255,5738,49104,64,311488
10121,0.00048,172.31.40.0-255,66,49170,64,311488
10122,0.000495,74.125.24.0-255,4320,53490,64,311488
10123,0.000498,172.31.40.0-255,66,53556,64,311488
10124,0.000518,74.125.24.0-255,2543,56099,64,311488
10125,0.000521,172.31.40.0-255,66,56165,64,311488
10126,0.000524,74.125.24.0-255,677,56842,64,311488
10127,0.000875,74.125.24.0-255,1484,58326,64,311488
10128,0.00088,172.31.40.0-255,66,58392,64,311488
10129,0.000886,74.125.24.0-255,2902,61294,64,311488
10130,0.000888,172.31.40.0-255,66,61360,64,311488
10131,0.000903,74.125.24.0-255,2902,64262,64,311488
10132,0.000908,74.125.24.0-255,2902,67164,64,311488
10133,0.000911,172.31.40.0-255,66,67230,64,311488
10134,0.000914,172.31.40.0-255,66,67296,64,311488
10135,0.000925,74.125.24.0-255,4320,71616,64,311488
10136,0.000927,172.31.40.0-255,66,71682,64,311488
10137,0.000949,74.125.24.0-255,7156,78838,64,311488
10138,0.000952,172.31.40.0-255,66,78904,64,311488
10139,0.000979,172.31.40.0-255,66,78970,64,311488
10140,0.000998,74.125.24.0-255,1484,80454,64,311488
10141,0.001018,74.125.24.0-255,2184,82638,64,311488
10142,0.001021,172.31.40.0-255,66,82704,64,311488
10143,0.001273,74.125.24.0-255,1484,84188,64,311488
10144,0.001289,74.125.24.0-255,2902,87090,64,311488
10145,0.001292,172.31.40.0-255,66,87156,64,311488
10146,0.001299,74.125.24.0-255,4320,91476,64,311488
10147,0.001301,172.31.40.0-255,66,91542,64,311488
10148,0.001323,74.125.24.0-255,1484,93026,64,311488
10149,0.00133,74.125.24.0-255,5738,98764,64,311488
10150,0.001332,172.31.40.0-255,66,98830,64,311488
10151,0.00136,74.125.24.0-255,2902,101732,64,311488
10152,0.001362,172.31.40.0-255,66,101798,64,311488
10153,0.001388,172.31.40.0-255,66,101864,64,311488
10154,0.001394,74.125.24.0-255,5020,106884,64,311488
10155,0.001396,172.31.40.0-255,66,106950,64,311488
10156,0.001537,74.125.24.0-255,1484,108434,64,311488
10157,0.001554,74.125.24.0-255,2902,111336,64,311488
10158,0.001557,172.31.40.0-255,66,111402,64,311488
10159,0.001564,74.125.24.0-255,5738,117140,64,311488
10160,0.001566,172.31.40.0-255,66,117206,64,311488
10161,0.001581,74.125.24.0-255,4320,121526,64,311488
10162,0.001583,172.31.40.0-255,66,121592,64,311488
10163,0.001602,74.125.24.0-255,2902,124494,64,311488
10164,0.001604,172.31.40.0-255,66,124560,64,311488
10165,0.001607,74.125.24.0-255,1484,126044,64,311488
10166,0.001644,172.31.40.0-255,66,126110,64,311488
10167,0.001648,74.125.24.0-255,2184,128294,64,311488
10168,0.00165,172.31.40.0-255,66,128360,64,311488
10169,0.002196,74.125.24.0-255,1484,129844,64,311488
10170,0.00221,74.125.24.0-255,1484,131328,64,311488
10171,0.002214,172.31.40.0-255,66,131394,64,311488
10172,0.002237,74.125.24.0-255,1484,132878,64,311488
10173,0.002244,74.125.24.0-255,5738,138616,64,311488
10174,0.002246,172.31.40.0-255,66,138682,64,311488
10175,0.002251,74.125.24.0-255,4320,143002,64,311488
10176,0.002253,172.31.40.0-255,66,143068,64,311488
10177,0.002256,74.125.24.0-255,1484,144552,64,311488
10178,0.002291,172.31.40.0-255,66,144618,64,311488
10179,0.002301,172.31.40.0-255,66,144684,64,311488
10180,0.00495,74.125.24.0-255,5738,150422,64,311488
10181,0.004957,172.31.40.0-255,66,150488,64,311488
10182,0.007621,74.125.24.0-255,5738,156226,64,311488
10183,0.007627,172.31.40.0-255,66,156292,64,311488
10184,0.010288,74.125.24.0-255,5738,162030,64,311488
10185,0.010295,172.31.40.0-255,66,162096,64,311488
10186,0.012959,74.125.24.0-255,5738,167834,64,311488
10187,0.012968,172.31.40.0-255,66,167900,64,311488
10188,0.015641,74.125.24.0-255,5738,173638,64,311488
10189,0.015654,172.31.40.0-255,66,173704,64,311488
10190,0.018318,74.125.24.0-255,5738,179442,64,311488
10191,0.018327,172.31.40.0-255,66,179508,64,311488
10192,0.021032,74.125.24.0-255,5738,185246,64,311488
10193,0.021041,172.31.40.0-255,66,185312,64,311488
10194,0.023746,74.125.24.0-255,5738,191050,64,311488
10195,0.023754,172.31.40.0-255,66,191116,64,311488
10196,0.02641,74.125.24.0-255,5738,196854,64,311488
10197,0.026417,172.31.40.0-255,66,196920,64,311488
10198,0.027593,172.31.40.0-255,172,197092,64,311488
10199,0.027625,172.31.40.0-255,1112,198204,64,311488
10200,0.027686,172.31.40.0-255,1514,199718,64,311488
10201,0.027687,172.31.40.0-255,1296,201014,64,311488
10202,0.02909,74.125.24.0-255,5738,206752,64,311488
10203,0.029097,172.31.40.0-255,66,206818,64,311488
10204,0.029262,104.244.42.0-255,66,206884,64,311488
10205,0.029309,104.244.42.0-255,66,206950,64,311488
10206,0.02936,104.244.42.0-255,66,207016,64,311488
10207,0.031756,74.125.24.0-255,5738,212754,64,311488
10208,0.031762,172.31.40.0-255,66,212820,64,311488
10209,0.034465,74.125.24.0-255,5738,218558,64,311488
10210,0.034472,172.31.40.0-255,66,218624,64,311488
10211,0.037148,74.125.24.0-255,5738,224362,64,311488
10212,0.037154,172.31.40.0-255,66,224428,64,311488
10213,0.039823,74.125.24.0-255,5738,230166,64,311488
10214,0.039832,172.31.40.0-255,66,230232,64,311488
10215,0.042487,74.125.24.0-255,5738,235970,64,311488
10216,0.042496,172.31.40.0-255,66,236036,64,311488
10217,0.045185,74.125.24.0-255,5738,241774,64,311488
10218,0.045192,172.31.40.0-255,66,241840,64,311488
10219,0.047893,74.125.24.0-255,5738,247578,64,311488
10220,0.047899,172.31.40.0-255,66,247644,64,311488
10221,0.050556,74.125.24.0-255,5738,253382,64,311488
10222,0.050562,172.31.40.0-255,66,253448,64,311488
10223,0.053223,74.125.24.0-255,5738,259186,64,311488
10224,0.053229,172.31.40.0-255,66,259252,64,311488
10225,0.055871,74.125.24.0-255,5738,264990,64,311488
10226,0.055877,172.31.40.0-255,66,265056,64,311488
10227,0.058572,74.125.24.0-255,5738,270794,64,311488
10228,0.058578,172.31.40.0-255,66,270860,64,311488
10229,0.061257,74.125.24.0-255,5738,276598,64,311488
10230,0.061267,172.31.40.0-255,66,276664,64,311488
10231,0.063923,74.125.24.0-255,5738,282402,64,311488
10232,0.063929,172.31.40.0-255,66,282468,64,311488
10233,0.066658,74.125.24.0-255,5738,288206,64,311488
10234,0.066664,172.31.40.0-255,66,288272,64,311488
10235,0.069352,74.125.24.0-255,5738,294010,64,311488
10236,0.069358,172.31.40.0-255,66,294076,64,311488
10237,0.072047,74.125.24.0-255,5738,299814,64,311488
10238,0.072052,172.31.40.0-255,66,299880,64,311488
10239,0.074703,74.125.24.0-255,5738,305618,64,311488
10240,0.07471,172.31.40.0-255,66,305684,64,311488
10241,0.077401,74.125.24.0-255,5738,311422,64,311488
10242,0.077408,172.31.40.0-255,66,311488,64,311488
10243,0.0,74.125.200.0-255,153,153,64,298239
10244,1.9e-05,172.31.40.0-255,66,219,64,298239
10245,2.6e-05,74.125.200.0-255,1484,1703,64,298239
10246,3e-05,172.31.40.0-255,66,1769,64,298239
10247,3.6e-05,74.125.200.0-255,2902,4671,64,298239
10248,3.8e-05,172.31.40.0-255,66,4737,64,298239
10249,4.1e-05,74.125.200.0-255,1484,6221,64,298239
10250,4.3e-05,172.31.40.0-255,66,6287,64,298239
10251,6.6e-05,74.125.200.0-255,2902,9189,64,298239
10252,6.9e-05,172.31.40.0-255,66,9255,64,298239
10253,8.9e-05,74.125.200.0-255,4903,14158,64,298239
10254,9.1e-05,172.31.40.0-255,66,14224,64,298239
10255,0.000192,74.125.200.0-255,1484,15708,64,298239
10256,0.000195,172.31.40.0-255,66,15774,64,298239
10257,0.0002,74.125.200.0-255,2902,18676,64,298239
10258,0.000203,172.31.40.0-255,66,18742,64,298239
10259,0.000209,74.125.200.0-255,5738,24480,64,298239
10260,0.000211,172.31.40.0-255,66,24546,64,298239
10261,0.00025,74.125.200.0-255,5738,30284,64,298239
10262,0.000253,172.31.40.0-255,66,30350,64,298239
10263,0.000283,172.31.40.0-255,66,30416,64,298239
10264,0.000297,172.31.40.0-255,66,30482,64,298239
10265,0.000308,172.31.40.0-255,66,30548,64,298239
10266,0.000381,74.125.200.0-255,3933,34481,64,298239
10267,0.000384,172.31.40.0-255,66,34547,64,298239
10268,0.000403,74.125.200.0-255,110,34657,64,298239
10269,0.000405,172.31.40.0-255,66,34723,64,298239
10270,0.00055,74.125.200.0-255,333,35056,64,298239
10271,0.000554,172.31.40.0-255,66,35122,64,298239
10272,0.000802,74.125.200.0-255,1484,36606,64,298239
10273,0.000809,74.125.200.0-255,2902,39508,64,298239
10274,0.000812,172.31.40.0-255,66,39574,64,298239
10275,0.000834,74.125.200.0-255,5738,45312,64,298239
10276,0.000837,172.31.40.0-255,66,45378,64,298239
10277,0.000847,74.125.200.0-255,1484,46862,64,298239
10278,0.000876,172.31.40.0-255,66,46928,64,298239
10279,0.000889,172.31.40.0-255,66,46994,64,298239
10280,0.000912,74.125.200.0-255,1484,48478,64,298239
10281,0.000917,74.125.200.0-255,2184,50662,64,298239
10282,0.000919,172.31.40.0-255,66,50728,64,298239
10283,0.001157,74.125.200.0-255,1484,52212,64,298239
10284,0.001176,74.125.200.0-255,2902,55114,64,298239
10285,0.00118,172.31.40.0-255,66,55180,64,298239
10286,0.001186,74.125.200.0-255,5738,60918,64,298239
10287,0.001188,172.31.40.0-255,66,60984,64,298239
10288,0.001235,74.125.200.0-255,7156,68140,64,298239
10289,0.001238,172.31.40.0-255,66,68206,64,298239
10290,0.001249,172.31.40.0-255,66,68272,64,298239
10291,0.001283,172.31.40.0-255,66,68338,64,298239
10292,0.001637,74.125.200.0-255,1484,69822,64,298239
10293,0.001643,74.125.200.0-255,2902,72724,64,298239
10294,0.001647,172.31.40.0-255,66,72790,64,298239
10295,0.00165,74.125.200.0-255,1484,74274,64,298239
10296,0.001667,74.125.200.0-255,2902,77176,64,298239
10297,0.001669,172.31.40.0-255,66,77242,64,298239
10298,0.001674,74.125.200.0-255,2902,80144,64,298239
10299,0.001676,172.31.40.0-255,66,80210,64,298239
10300,0.001691,74.125.200.0-255,2902,83112,64,298239
10301,0.001694,172.31.40.0-255,66,83178,64,298239
10302,0.001724,172.31.40.0-255,66,83244,64,298239
10303,0.001765,74.125.200.0-255,6438,89682,64,298239
10304,0.001768,172.31.40.0-255,66,89748,64,298239
10305,0.001812,74.125.200.0-255,2902,92650,64,298239
10306,0.001817,172.31.40.0-255,66,92716,64,298239
10307,0.001828,74.125.200.0-255,4320,97036,64,298239
10308,0.00183,172.31.40.0-255,66,97102,64,298239
10309,0.001864,172.31.40.0-255,66,97168,64,298239
10310,0.001871,74.125.200.0-255,7156,104324,64,298239
10311,0.001873,172.31.40.0-255,66,104390,64,298239
10312,0.00188,74.125.200.0-255,7156,111546,64,298239
10313,0.001883,172.31.40.0-255,66,111612,64,298239
10314,0.001903,74.125.200.0-255,1484,113096,64,298239
10315,0.001908,74.125.200.0-255,2184,115280,64,298239
10316,0.00191,172.31.40.0-255,66,115346,64,298239
10317,0.001983,74.125.200.0-255,1484,116830,64,298239
10318,0.002003,74.125.200.0-255,2902,119732,64,298239
10319,0.002007,172.31.40.0-255,66,119798,64,298239
10320,0.002011,74.125.200.0-255,2902,122700,64,298239
10321,0.002014,172.31.40.0-255,66,122766,64,298239
10322,0.002053,74.125.200.0-255,4320,127086,64,298239
10323,0.002056,172.31.40.0-255,66,127152,64,298239
10324,0.002059,74.125.200.0-255,1484,128636,64,298239
10325,0.002064,74.125.200.0-255,2902,131538,64,298239
10326,0.002066,172.31.40.0-255,66,131604,64,298239
10327,0.002093,74.125.200.0-255,5738,137342,64,298239
10328,0.002096,172.31.40.0-255,66,137408,64,298239
10329,0.002119,74.125.200.0-255,7156,144564,64,298239
10330,0.002122,172.31.40.0-255,66,144630,64,298239
10331,0.002143,74.125.200.0-255,5020,149650,64,298239
10332,0.002146,172.31.40.0-255,66,149716,64,298239
10333,0.002186,74.125.200.0-255,1484,151200,64,298239
10334,0.002201,74.125.200.0-255,2902,154102,64,298239
10335,0.002203,172.31.40.0-255,66,154168,64,298239
10336,0.002228,74.125.200.0-255,5738,159906,64,298239
10337,0.002231,172.31.40.0-255,66,159972,64,298239
10338,0.002244,74.125.200.0-255,7156,167128,64,298239
10339,0.002247,172.31.40.0-255,66,167194,64,298239
10340,0.002302,172.31.40.0-255,66,167260,64,298239
10341,0.002331,172.31.40.0-255,66,167326,64,298239
10342,0.002354,74.125.200.0-255,3602,170928,64,298239
10343,0.002357,172.31.40.0-255,66,170994,64,298239
10344,0.002364,74.125.200.0-255,5738,176732,64,298239
10345,0.002366,172.31.40.0-255,66,176798,64,298239
10346,0.002383,74.125.200.0-255,4320,181118,64,298239
10347,0.002385,172.31.40.0-255,66,181184,64,298239
10348,0.00241,172.31.40.0-255,66,181250,64,298239
10349,0.004784,74.125.200.0-255,5738,186988,64,298239
10350,0.004833,172.31.40.0-255,66,187054,64,298239
10351,0.007189,74.125.200.0-255,5738,192792,64,298239
10352,0.007195,172.31.40.0-255,66,192858,64,298239
10353,0.009566,74.125.200.0-255,5738,198596,64,298239
10354,0.009572,172.31.40.0-255,66,198662,64,298239
10355,0.011932,74.125.200.0-255,5738,204400,64,298239
10356,0.01194,172.31.40.0-255,66,204466,64,298239
10357,0.01431,74.125.200.0-255,5738,210204,64,298239
10358,0.014318,172.31.40.0-255,66,210270,64,298239
10359,0.016697,74.125.200.0-255,5738,216008,64,298239
10360,0.016706,172.31.40.0-255,66,216074,64,298239
10361,0.019074,74.125.200.0-255,5738,221812,64,298239
10362,0.019082,172.31.40.0-255,66,221878,64,298239
10363,0.021451,74.125.200.0-255,5738,227616,64,298239
10364,0.021458,172.31.40.0-255,66,227682,64,298239
10365,0.023829,74.125.200.0-255,5738,233420,64,298239
10366,0.023835,172.31.40.0-255,66,233486,64,298239
10367,0.026219,74.125.200.0-255,5738,239224,64,298239
10368,0.026226,172.31.40.0-255,66,239290,64,298239
10369,0.028595,74.125.200.0-255,5738,245028,64,298239
10370,0.028604,172.31.40.0-255,66,245094,64,298239
10371,0.030973,74.125.200.0-255,5738,250832,64,298239
10372,0.030982,172.31.40.0-255,66,250898,64,298239
10373,0.033344,74.125.200.0-255,5738,256636,64,298239
10374,0.033352,172.31.40.0-255,66,256702,64,298239
10375,0.035712,74.125.200.0-255,5738,262440,64,298239
10376,0.03572,172.31.40.0-255,66,262506,64,298239
10377,0.038085,74.125.200.0-255,5738,268244,64,298239
10378,0.038092,172.31.40.0-255,66,268310,64,298239
10379,0.038172,172.31.40.0-255,172,268482,64,298239
10380,0.038199,172.31.40.0-255,1110,269592,64,298239
10381,0.038258,172.31.40.0-255,1514,271106,64,298239
10382,0.03826,172.31.40.0-255,1514,272620,64,298239
10383,0.038262,172.31.40.0-255,1514,274134,64,298239
10384,0.038263,172.31.40.0-255,1083,275217,64,298239
10385,0.039765,104.244.42.0-255,66,275283,64,298239
10386,0.039883,104.244.42.0-255,66,275349,64,298239
10387,0.039888,104.244.42.0-255,66,275415,64,298239
10388,0.039892,104.244.42.0-255,66,275481,64,298239
10389,0.040451,74.125.200.0-255,4320,279801,64,298239
10390,0.040456,172.31.40.0-255,66,279867,64,298239
10391,0.040472,74.125.200.0-255,1484,281351,64,298239
10392,0.042827,74.125.200.0-255,4320,285671,64,298239
10393,0.042835,172.31.40.0-255,66,285737,64,298239
10394,0.045206,74.125.200.0-255,5738,291475,64,298239
10395,0.045212,172.31.40.0-255,66,291541,64,298239
10396,0.04759,74.125.200.0-255,5738,297279,64,298239
10397,0.047597,172.31.40.0-255,66,297345,64,298239
10398,0.049944,74.125.200.0-255,657,298002,64,298239
10399,0.050075,172.31.40.0-255,66,298068,64,298239
10400,0.05011,172.31.40.0-255,105,298173,64,298239
10401,0.052417,74.125.200.0-255,66,298239,64,298239
10402,0.0,74.125.200.0-255,146,146,64,178191
10403,2.2e-05,172.31.40.0-255,66,212,64,178191
10404,2.9e-05,74.125.200.0-255,1484,1696,64,178191
10405,3.5e-05,172.31.40.0-255,66,1762,64,178191
10406,4e-05,74.125.200.0-255,2902,4664,64,178191
10407,4.3e-05,172.31.40.0-255,66,4730,64,178191
10408,7.9e-05,74.125.200.0-255,7156,11886,64,178191
10409,8.2e-05,172.31.40.0-255,66,11952,64,178191
10410,0.000213,74.125.200.0-255,2104,14056,64,178191
10411,0.000217,172.31.40.0-255,66,14122,64,178191
10412,0.00024,74.125.200.0-255,4320,18442,64,178191
10413,0.000243,172.31.40.0-255,66,18508,64,178191
10414,0.000336,172.31.40.0-255,66,18574,64,178191
10415,0.000482,74.125.200.0-255,3961,22535,64,178191
10416,0.000488,172.31.40.0-255,66,22601,64,178191
10417,0.000565,172.31.40.0-255,66,22667,64,178191
10418,0.000584,74.125.200.0-255,4320,26987,64,178191
10419,0.000586,172.31.40.0-255,66,27053,64,178191
10420,0.000819,74.125.200.0-255,2902,29955,64,178191
10421,0.000824,172.31.40.0-255,66,30021,64,178191
10422,0.000859,172.31.40.0-255,66,30087,64,178191
10423,0.001149,74.125.200.0-255,678,30765,64,178191
10424,0.001154,172.31.40.0-255,66,30831,64,178191
10425,0.001204,74.125.200.0-255,2902,33733,64,178191
10426,0.001208,172.31.40.0-255,66,33799,64,178191
10427,0.001236,172.31.40.0-255,66,33865,64,178191
10428,0.001522,172.31.40.0-255,66,33931,64,178191
10429,0.001544,74.125.200.0-255,6797,40728,64,178191
10430,0.001565,172.31.40.0-255,66,40794,64,178191
10431,0.001803,74.125.200.0-255,4320,45114,64,178191
10432,0.001809,172.31.40.0-255,66,45180,64,178191
10433,0.001913,172.31.40.0-255,66,45246,64,178191
10434,0.002444,172.31.40.0-255,66,45312,64,178191
10435,0.003942,172.31.40.0-255,66,45378,64,178191
10436,0.004419,74.125.200.0-255,7156,52534,64,178191
10437,0.004424,172.31.40.0-255,66,52600,64,178191
10438,0.004501,74.125.200.0-255,2902,55502,64,178191
10439,0.004809,172.31.40.0-255,66,55568,64,178191
10440,0.007478,74.125.200.0-255,4320,59888,64,178191
10441,0.007487,172.31.40.0-255,66,59954,64,178191
10442,0.007507,74.125.200.0-255,1484,61438,64,178191
10443,0.010161,74.125.200.0-255,4320,65758,64,178191
10444,0.010169,172.31.40.0-255,66,65824,64,178191
10445,0.01285,74.125.200.0-255,5738,71562,64,178191
10446,0.012918,172.31.40.0-255,66,71628,64,178191
10447,0.015613,74.125.200.0-255,5738,77366,64,178191
10448,0.015632,172.31.40.0-255,66,77432,64,178191
10449,0.01832,74.125.200.0-255,5738,83170,64,178191
10450,0.018332,172.31.40.0-255,66,83236,64,178191
10451,0.021019,74.125.200.0-255,5738,88974,64,178191
10452,0.021035,172.31.40.0-255,66,89040,64,178191
10453,0.023709,74.125.200.0-255,5738,94778,64,178191
10454,0.023719,172.31.40.0-255,66,94844,64,178191
10455,0.026407,74.125.200.0-255,5738,100582,64,178191
10456,0.026422,172.31.40.0-255,66,100648,64,178191
10457,0.029113,74.125.200.0-255,5738,106386,64,178191
10458,0.029126,172.31.40.0-255,66,106452,64,178191
10459,0.031809,74.125.200.0-255,5738,112190,64,178191
10460,0.031821,172.31.40.0-255,66,112256,64,178191
10461,0.03452,74.125.200.0-255,5738,117994,64,178191
10462,0.034534,172.31.40.0-255,66,118060,64,178191
10463,0.035753,172.31.40.0-255,167,118227,64,178191
10464,0.035786,172.31.40.0-255,1110,119337,64,178191
10465,0.035845,172.31.40.0-255,1514,120851,64,178191
10466,0.035847,172.31.40.0-255,1300,122151,64,178191
10467,0.037206,74.125.200.0-255,5738,127889,64,178191
10468,0.037215,172.31.40.0-255,66,127955,64,178191
10469,0.03736,104.244.42.0-255,66,128021,64,178191
10470,0.037414,104.244.42.0-255,66,128087,64,178191
10471,0.037506,104.244.42.0-255,66,128153,64,178191
10472,0.039919,74.125.200.0-255,5738,133891,64,178191
10473,0.039927,172.31.40.0-255,66,133957,64,178191
10474,0.042614,74.125.200.0-255,5738,139695,64,178191
10475,0.042625,172.31.40.0-255,66,139761,64,178191
10476,0.045304,74.125.200.0-255,5738,145499,64,178191
10477,0.045311,172.31.40.0-255,66,145565,64,178191
10478,0.048008,74.125.200.0-255,5738,151303,64,178191
10479,0.048016,172.31.40.0-255,66,151369,64,178191
10480,0.050707,74.125.200.0-255,5738,157107,64,178191
10481,0.050713,172.31.40.0-255,66,157173,64,178191
10482,0.053403,74.125.200.0-255,5738,162911,64,178191
10483,0.053413,172.31.40.0-255,66,162977,64,178191
10484,0.056091,74.125.200.0-255,5738,168715,64,178191
10485,0.056098,172.31.40.0-255,66,168781,64,178191
10486,0.058798,74.125.200.0-255,5738,174519,64,178191
10487,0.058805,172.31.40.0-255,66,174585,64,178191
10488,0.061491,74.125.200.0-255,3369,177954,64,178191
10489,0.061498,172.31.40.0-255,66,178020,64,178191
10490,0.061674,172.31.40.0-255,105,178125,64,178191
10491,0.064327,74.125.200.0-255,66,178191,64,178191
10492,0.0,172.217.194.0-255,146,146,64,202139
10493,2.1e-05,172.31.40.0-255,66,212,64,202139
10494,2.9e-05,172.217.194.0-255,1484,1696,64,202139
10495,3.3e-05,172.31.40.0-255,66,1762,64,202139
10496,3.9e-05,172.217.194.0-255,2902,4664,64,202139
10497,5.1e-05,172.31.40.0-255,66,4730,64,202139
10498,5.9e-05,172.217.194.0-255,7156,11886,64,202139
10499,6.3e-05,172.31.40.0-255,66,11952,64,202139
10500,6.9e-05,172.217.194.0-255,4909,16861,64,202139
10501,7.2e-05,172.31.40.0-255,66,16927,64,202139
10502,0.00012,172.31.40.0-255,66,16993,64,202139
10503,0.000302,172.217.194.0-255,1484,18477,64,202139
10504,0.000308,172.31.40.0-255,66,18543,64,202139
10505,0.000314,172.217.194.0-255,2902,21445,64,202139
10506,0.000316,172.31.40.0-255,66,21511,64,202139
10507,0.000327,172.217.194.0-255,2902,24413,64,202139
10508,0.00033,172.31.40.0-255,66,24479,64,202139
10509,0.000342,172.217.194.0-255,2902,27381,64,202139
10510,0.000345,172.31.40.0-255,66,27447,64,202139
10511,0.000349,172.217.194.0-255,1484,28931,64,202139
10512,0.000351,172.31.40.0-255,66,28997,64,202139
10513,0.000383,172.31.40.0-255,66,29063,64,202139
10514,0.000396,172.31.40.0-255,66,29129,64,202139
10515,0.000449,172.217.194.0-255,120,29249,64,202139
10516,0.000451,172.31.40.0-255,66,29315,64,202139
10517,0.000582,172.217.194.0-255,1484,30799,64,202139
10518,0.000587,172.31.40.0-255,66,30865,64,202139
10519,0.000593,172.217.194.0-255,2902,33767,64,202139
10520,0.000596,172.31.40.0-255,66,33833,64,202139
10521,0.000599,172.217.194.0-255,1484,35317,64,202139
10522,0.00062,172.217.194.0-255,4320,39637,64,202139
10523,0.000632,172.217.194.0-255,7156,46793,64,202139
10524,0.000642,172.217.194.0-255,1484,48277,64,202139
10525,0.000649,172.31.40.0-255,66,48343,64,202139
10526,0.000687,172.217.194.0-255,2184,50527,64,202139
10527,0.000689,172.217.194.0-255,375,50902,64,202139
10528,0.000703,172.31.40.0-255,66,50968,64,202139
10529,0.000921,172.217.194.0-255,1484,52452,64,202139
10530,0.000948,172.217.194.0-255,2902,55354,64,202139
10531,0.000954,172.217.194.0-255,5738,61092,64,202139
10532,0.001036,172.217.194.0-255,2184,63276,64,202139
10533,0.00104,172.31.40.0-255,66,63342,64,202139
10534,0.001046,172.31.40.0-255,66,63408,64,202139
10535,0.001613,172.217.194.0-255,1484,64892,64,202139
10536,0.001621,172.217.194.0-255,2902,67794,64,202139
10537,0.001625,172.31.40.0-255,66,67860,64,202139
10538,0.001641,172.217.194.0-255,1484,69344,64,202139
10539,0.001644,172.217.194.0-255,1484,70828,64,202139
10540,0.00166,172.217.194.0-255,1484,72312,64,202139
10541,0.001666,172.217.194.0-255,5738,78050,64,202139
10542,0.001696,172.217.194.0-255,1484,79534,64,202139
10543,0.001707,172.217.194.0-255,2902,82436,64,202139
10544,0.001709,172.217.194.0-255,1484,83920,64,202139
10545,0.001723,172.217.194.0-255,1484,85404,64,202139
10546,0.001735,172.217.194.0-255,2902,88306,64,202139
10547,0.001752,172.217.194.0-255,2902,91208,64,202139
10548,0.001766,172.217.194.0-255,6438,97646,64,202139
10549,0.001922,172.217.194.0-255,1484,99130,64,202139
10550,0.001929,172.217.194.0-255,2902,102032,64,202139
10551,0.001951,172.217.194.0-255,5738,107770,64,202139
10552,0.001956,172.217.194.0-255,4320,112090,64,202139
10553,0.001973,172.217.194.0-255,1484,113574,64,202139
10554,0.00198,172.217.194.0-255,5738,119312,64,202139
10555,0.002004,172.217.194.0-255,7156,126468,64,202139
10556,0.002008,172.217.194.0-255,2902,129370,64,202139
10557,0.002021,172.217.194.0-255,2184,131554,64,202139
10558,0.002075,172.217.194.0-255,1484,133038,64,202139
10559,0.002079,172.217.194.0-255,1484,134522,64,202139
10560,0.002096,172.217.194.0-255,1484,136006,64,202139
10561,0.0021,172.217.194.0-255,2902,138908,64,202139
10562,0.002118,172.217.194.0-255,2902,141810,64,202139
10563,0.002124,172.217.194.0-255,7156,148966,64,202139
10564,0.002168,172.217.194.0-255,2184,151150,64,202139
10565,0.002212,172.217.194.0-255,7156,158306,64,202139
10566,0.002292,172.217.194.0-255,6438,164744,64,202139
10567,0.002304,172.217.194.0-255,4320,169064,64,202139
10568,0.002378,172.217.194.0-255,2902,171966,64,202139
10569,0.002393,172.217.194.0-255,5738,177704,64,202139
10570,0.002442,172.217.194.0-255,6438,184142,64,202139
10571,0.002518,172.217.194.0-255,5738,189880,64,202139
10572,0.002567,172.217.194.0-255,5738,195618,64,202139
10573,0.00258,172.217.194.0-255,1849,197467,64,202139
10574,0.002583,172.217.194.0-255,105,197572,64,202139
10575,0.005698,172.31.40.0-255,66,197638,64,202139
10576,0.008296,172.31.40.0-255,105,197743,64,202139
10577,0.010904,172.217.194.0-255,66,197809,64,202139
10578,0.034998,172.31.40.0-255,210,198019,64,202139
10579,0.035035,172.31.40.0-255,1112,199131,64,202139
10580,0.035094,172.31.40.0-255,1514,200645,64,202139
10581,0.035096,172.31.40.0-255,1296,201941,64,202139
10582,0.036573,104.244.42.0-255,66,202007,64,202139
10583,0.036603,104.244.42.0-255,66,202073,64,202139
10584,0.036652,104.244.42.0-255,66,202139,64,202139
10585,0.0,172.217.194.0-255,146,146,64,258745
10586,2.3e-05,172.31.40.0-255,66,212,64,258745
10587,3.1e-05,172.217.194.0-255,1484,1696,64,258745
10588,3.5e-05,172.31.40.0-255,66,1762,64,258745
10589,4e-05,172.217.194.0-255,2902,4664,64,258745
10590,4.3e-05,172.31.40.0-255,66,4730,64,258745
10591,4.9e-05,172.217.194.0-255,5738,10468,64,258745
10592,5.2e-05,172.31.40.0-255,66,10534,64,258745
10593,7.4e-05,172.217.194.0-255,2902,13436,64,258745
10594,7.6e-05,172.31.40.0-255,66,13502,64,258745
10595,0.000106,172.31.40.0-255,66,13568,64,258745
10596,0.000121,172.217.194.0-255,1484,15052,64,258745
10597,0.000123,172.31.40.0-255,66,15118,64,258745
10598,0.000139,172.217.194.0-255,4320,19438,64,258745
10599,0.000142,172.31.40.0-255,66,19504,64,258745
10600,0.000164,172.217.194.0-255,2543,22047,64,258745
10601,0.000167,172.31.40.0-255,66,22113,64,258745
10602,0.000699,172.217.194.0-255,1484,23597,64,258745
10603,0.000705,172.31.40.0-255,66,23663,64,258745
10604,0.000714,172.217.194.0-255,2902,26565,64,258745
10605,0.000716,172.31.40.0-255,66,26631,64,258745
10606,0.000719,172.217.194.0-255,1484,28115,64,258745
10607,0.000721,172.31.40.0-255,66,28181,64,258745
10608,0.000745,172.217.194.0-255,4320,32501,64,258745
10609,0.000747,172.31.40.0-255,66,32567,64,258745
10610,0.000755,172.217.194.0-255,6797,39364,64,258745
10611,0.000757,172.31.40.0-255,66,39430,64,258745
10612,0.000781,172.217.194.0-255,7156,46586,64,258745
10613,0.000783,172.31.40.0-255,66,46652,64,258745
10614,0.00081,172.217.194.0-255,7156,53808,64,258745
10615,0.000812,172.31.40.0-255,66,53874,64,258745
10616,0.000816,172.217.194.0-255,2792,56666,64,258745
10617,0.000819,172.31.40.0-255,66,56732,64,258745
10618,0.000839,172.217.194.0-255,5738,62470,64,258745
10619,0.000842,172.31.40.0-255,66,62536,64,258745
10620,0.000849,172.217.194.0-255,7156,69692,64,258745
10621,0.000852,172.31.40.0-255,66,69758,64,258745
10622,0.000879,172.31.40.0-255,66,69824,64,258745
10623,0.000904,172.217.194.0-255,4320,74144,64,258745
10624,0.000907,172.31.40.0-255,66,74210,64,258745
10625,0.000933,172.217.194.0-255,6438,80648,64,258745
10626,0.000937,172.31.40.0-255,66,80714,64,258745
10627,0.000939,172.217.194.0-255,406,81120,64,258745
10628,0.000941,172.31.40.0-255,66,81186,64,258745
10629,0.001141,172.217.194.0-255,1484,82670,64,258745
10630,0.001146,172.31.40.0-255,66,82736,64,258745
10631,0.001153,172.217.194.0-255,2902,85638,64,258745
10632,0.001155,172.31.40.0-255,66,85704,64,258745
10633,0.001175,172.217.194.0-255,4320,90024,64,258745
10634,0.001179,172.31.40.0-255,66,90090,64,258745
10635,0.001201,172.217.194.0-255,1484,91574,64,258745
10636,0.001203,172.31.40.0-255,66,91640,64,258745
10637,0.001209,172.217.194.0-255,4320,95960,64,258745
10638,0.001212,172.31.40.0-255,66,96026,64,258745
10639,0.001234,172.31.40.0-255,66,96092,64,258745
10640,0.001237,172.217.194.0-255,1484,97576,64,258745
10641,0.001239,172.31.40.0-255,66,97642,64,258745
10642,0.001271,172.31.40.0-255,66,97708,64,258745
10643,0.001292,172.217.194.0-255,1484,99192,64,258745
10644,0.001307,172.217.194.0-255,2902,102094,64,258745
10645,0.001366,172.217.194.0-255,1484,103578,64,258745
10646,0.001372,172.217.194.0-255,3602,107180,64,258745
10647,0.001419,172.217.194.0-255,1484,108664,64,258745
10648,0.001434,172.217.194.0-255,2902,111566,64,258745
10649,0.001493,172.217.194.0-255,5738,117304,64,258745
10650,0.001509,172.217.194.0-255,2902,120206,64,258745
10651,0.001636,172.217.194.0-255,1484,121690,64,258745
10652,0.001642,172.217.194.0-255,2902,124592,64,258745
10653,0.001656,172.217.194.0-255,2902,127494,64,258745
10654,0.001683,172.217.194.0-255,2902,130396,64,258745
10655,0.001691,172.217.194.0-255,7156,137552,64,258745
10656,0.001725,172.217.194.0-255,1484,139036,64,258745
10657,0.001783,172.217.194.0-255,5020,144056,64,258745
10658,0.002031,172.217.194.0-255,1484,145540,64,258745
10659,0.002036,172.217.194.0-255,2902,148442,64,258745
10660,0.002051,172.217.194.0-255,4320,152762,64,258745
10661,0.002062,172.217.194.0-255,1484,154246,64,258745
10662,0.0021,172.217.194.0-255,2902,157148,64,258745
10663,0.002116,172.217.194.0-255,4320,161468,64,258745
10664,0.002133,172.217.194.0-255,4320,165788,64,258745
10665,0.002144,172.217.194.0-255,2184,167972,64,258745
10666,0.002147,172.217.194.0-255,1484,169456,64,258745
10667,0.002199,172.217.194.0-255,7156,176612,64,258745
10668,0.002261,172.217.194.0-255,4320,180932,64,258745
10669,0.002285,172.217.194.0-255,5020,185952,64,258745
10670,0.002353,172.217.194.0-255,5738,191690,64,258745
10671,0.002395,172.217.194.0-255,2184,193874,64,258745
10672,0.0024,172.217.194.0-255,2902,196776,64,258745
10673,0.002418,172.217.194.0-255,4320,201096,64,258745
10674,0.002439,172.217.194.0-255,2902,203998,64,258745
10675,0.002505,172.217.194.0-255,4320,208318,64,258745
10676,0.00251,172.217.194.0-255,4320,212638,64,258745
10677,0.002524,172.217.194.0-255,3602,216240,64,258745
10678,0.010621,172.217.194.0-255,1484,217724,64,258745
10679,0.011337,172.31.40.0-255,66,217790,64,258745
10680,0.013774,172.217.194.0-255,5738,223528,64,258745
10681,0.013783,172.31.40.0-255,66,223594,64,258745
10682,0.016224,172.217.194.0-255,5738,229332,64,258745
10683,0.016239,172.31.40.0-255,66,229398,64,258745
10684,0.018652,172.217.194.0-255,5738,235136,64,258745
10685,0.018667,172.31.40.0-255,66,235202,64,258745
10686,0.021065,172.217.194.0-255,5738,240940,64,258745
10687,0.021073,172.31.40.0-255,66,241006,64,258745
10688,0.023439,172.217.194.0-255,5738,246744,64,258745
10689,0.023447,172.31.40.0-255,66,246810,64,258745
10690,0.025847,172.217.194.0-255,5738,252548,64,258745
10691,0.027093,172.31.40.0-255,66,252614,64,258745
10692,0.029518,172.217.194.0-255,2570,255184,64,258745
10693,0.029527,172.31.40.0-255,66,255250,64,258745
10694,0.030624,172.31.40.0-255,105,255355,64,258745
10695,0.032955,172.217.194.0-255,66,255421,64,258745
10696,0.049097,172.31.40.0-255,167,255588,64,258745
10697,0.04913,172.31.40.0-255,1107,256695,64,258745
10698,0.049193,172.31.40.0-255,1514,258209,64,258745
10699,0.049194,172.31.40.0-255,338,258547,64,258745
10700,0.050662,104.244.42.0-255,66,258613,64,258745
10701,0.050716,104.244.42.0-255,66,258679,64,258745
10702,0.050759,104.244.42.0-255,66,258745,64,258745
10703,0.0,74.125.24.0-255,152,152,64,137261
10704,2.3e-05,172.31.40.0-255,66,218,64,137261
10705,3e-05,74.125.24.0-255,1484,1702,64,137261
10706,3.5e-05,172.31.40.0-255,66,1768,64,137261
10707,4.8e-05,74.125.24.0-255,2902,4670,64,137261
10708,5.3e-05,172.31.40.0-255,66,4736,64,137261
10709,6.1e-05,74.125.24.0-255,7156,11892,64,137261
10710,6.4e-05,172.31.40.0-255,66,11958,64,137261
10711,6.9e-05,74.125.24.0-255,2093,14051,64,137261
10712,7.2e-05,172.31.40.0-255,66,14117,64,137261
10713,9.3e-05,74.125.24.0-255,5738,19855,64,137261
10714,9.6e-05,172.31.40.0-255,66,19921,64,137261
10715,0.000122,74.125.24.0-255,5738,25659,64,137261
10716,0.000125,172.31.40.0-255,66,25725,64,137261
10717,0.00014,172.31.40.0-255,66,25791,64,137261
10718,0.00017,74.125.24.0-255,7156,32947,64,137261
10719,0.000173,172.31.40.0-255,66,33013,64,137261
10720,0.000177,74.125.24.0-255,2184,35197,64,137261
10721,0.000179,172.31.40.0-255,66,35263,64,137261
10722,0.000319,74.125.24.0-255,1484,36747,64,137261
10723,0.000324,172.31.40.0-255,66,36813,64,137261
10724,0.000342,74.125.24.0-255,1484,38297,64,137261
10725,0.000344,172.31.40.0-255,66,38363,64,137261
10726,0.000373,74.125.24.0-255,1484,39847,64,137261
10727,0.000376,172.31.40.0-255,66,39913,64,137261
10728,0.000384,74.125.24.0-255,5738,45651,64,137261
10729,0.000387,172.31.40.0-255,66,45717,64,137261
10730,0.000395,74.125.24.0-255,2902,48619,64,137261
10731,0.000398,172.31.40.0-255,66,48685,64,137261
10732,0.000428,74.125.24.0-255,4236,52921,64,137261
10733,0.000432,172.31.40.0-255,66,52987,64,137261
10734,0.000439,74.125.24.0-255,7156,60143,64,137261
10735,0.000443,172.31.40.0-255,66,60209,64,137261
10736,0.000455,172.31.40.0-255,66,60275,64,137261
10737,0.000874,74.125.24.0-255,1484,61759,64,137261
10738,0.000882,74.125.24.0-255,2902,64661,64,137261
10739,0.000885,172.31.40.0-255,66,64727,64,137261
10740,0.000891,74.125.24.0-255,2902,67629,64,137261
10741,0.000893,172.31.40.0-255,66,67695,64,137261
10742,0.000927,74.125.24.0-255,2902,70597,64,137261
10743,0.00093,172.31.40.0-255,66,70663,64,137261
10744,0.000944,172.31.40.0-255,66,70729,64,137261
10745,0.000947,74.125.24.0-255,1484,72213,64,137261
10746,0.000967,74.125.24.0-255,2902,75115,64,137261
10747,0.00097,172.31.40.0-255,66,75181,64,137261
10748,0.000997,74.125.24.0-255,6438,81619,64,137261
10749,0.001,172.31.40.0-255,66,81685,64,137261
10750,0.001083,74.125.24.0-255,1484,83169,64,137261
10751,0.001101,74.125.24.0-255,2902,86071,64,137261
10752,0.001104,172.31.40.0-255,66,86137,64,137261
10753,0.001133,74.125.24.0-255,5738,91875,64,137261
10754,0.001136,172.31.40.0-255,66,91941,64,137261
10755,0.001147,172.31.40.0-255,66,92007,64,137261
10756,0.001196,172.31.40.0-255,66,92073,64,137261
10757,0.001218,74.125.24.0-255,6438,98511,64,137261
10758,0.001221,172.31.40.0-255,66,98577,64,137261
10759,0.001316,74.125.24.0-255,1484,100061,64,137261
10760,0.001331,74.125.24.0-255,2902,102963,64,137261
10761,0.001334,172.31.40.0-255,66,103029,64,137261
10762,0.001379,74.125.24.0-255,2902,105931,64,137261
10763,0.001381,172.31.40.0-255,66,105997,64,137261
10764,0.001409,74.125.24.0-255,2902,108899,64,137261
10765,0.001412,172.31.40.0-255,66,108965,64,137261
10766,0.001427,172.31.40.0-255,66,109031,64,137261
10767,0.001439,172.31.40.0-255,66,109097,64,137261
10768,0.001484,74.125.24.0-255,1484,110581,64,137261
10769,0.001498,74.125.24.0-255,1484,112065,64,137261
10770,0.0015,172.31.40.0-255,66,112131,64,137261
10771,0.00155,172.31.40.0-255,66,112197,64,137261
10772,0.001557,74.125.24.0-255,5738,117935,64,137261
10773,0.001559,172.31.40.0-255,66,118001,64,137261
10774,0.001572,172.31.40.0-255,66,118067,64,137261
10775,0.001609,172.31.40.0-255,66,118133,64,137261
10776,0.001616,74.125.24.0-255,7156,125289,64,137261
10777,0.001619,172.31.40.0-255,66,125355,64,137261
10778,0.001671,172.31.40.0-255,66,125421,64,137261
10779,0.001699,172.31.40.0-255,66,125487,64,137261
10780,0.001713,172.31.40.0-255,66,125553,64,137261
10781,0.00176,172.31.40.0-255,66,125619,64,137261
10782,0.001812,172.31.40.0-255,66,125685,64,137261
10783,0.00185,172.31.40.0-255,66,125751,64,137261
10784,0.001857,74.125.24.0-255,6438,132189,64,137261
10785,0.001859,172.31.40.0-255,66,132255,64,137261
10786,0.001887,172.31.40.0-255,66,132321,64,137261
10787,0.001904,172.31.40.0-255,66,132387,64,137261
10788,0.001946,172.31.40.0-255,66,132453,64,137261
10789,0.001949,74.125.24.0-255,105,132558,64,137261
10790,0.009072,172.31.40.0-255,66,132624,64,137261
10791,0.009125,172.31.40.0-255,105,132729,64,137261
10792,0.011487,74.125.24.0-255,66,132795,64,137261
10793,0.041733,172.31.40.0-255,172,132967,64,137261
10794,0.041764,172.31.40.0-255,1112,134079,64,137261
10795,0.04182,172.31.40.0-255,1514,135593,64,137261
10796,0.041821,172.31.40.0-255,1296,136889,64,137261
10797,0.043387,104.244.42.0-255,66,136955,64,137261
10798,0.043467,104.244.42.0-255,66,137021,64,137261
10799,0.043471,104.244.42.0-255,66,137087,64,137261
10800,0.043972,104.244.42.0-255,108,137195,64,137261
10801,0.043979,172.31.40.0-255,66,137261,64,137261
10802,0.0,172.31.40.0-255,105,105,64,459
10803,0.000257,172.31.40.0-255,90,195,64,459
10804,0.000268,172.31.40.0-255,66,261,64,459
10805,0.00281,74.125.24.0-255,66,327,64,459
10806,0.002843,74.125.24.0-255,66,393,64,459
10807,0.002867,172.31.40.0-255,66,459,64,459
10808,0.0,74.125.24.0-255,298,298,64,231426
10809,2.4e-05,172.31.40.0-255,66,364,64,231426
10810,3.1e-05,74.125.24.0-255,1484,1848,64,231426
10811,3.6e-05,172.31.40.0-255,66,1914,64,231426
10812,4.2e-05,74.125.24.0-255,4320,6234,64,231426
10813,4.6e-05,172.31.40.0-255,66,6300,64,231426
10814,8.5e-05,172.31.40.0-255,66,6366,64,231426
10815,0.000321,74.125.24.0-255,1484,7850,64,231426
10816,0.000327,172.31.40.0-255,66,7916,64,231426
10817,0.000348,74.125.24.0-255,2902,10818,64,231426
10818,0.000351,172.31.40.0-255,66,10884,64,231426
10819,0.000372,74.125.24.0-255,5738,16622,64,231426
10820,0.000375,172.31.40.0-255,66,16688,64,231426
10821,0.000414,74.125.24.0-255,6797,23485,64,231426
10822,0.000418,172.31.40.0-255,66,23551,64,231426
10823,0.000543,74.125.24.0-255,1484,25035,64,231426
10824,0.000547,172.31.40.0-255,66,25101,64,231426
10825,0.000552,74.125.24.0-255,2902,28003,64,231426
10826,0.000555,172.31.40.0-255,66,28069,64,231426
10827,0.000589,74.125.24.0-255,5738,33807,64,231426
10828,0.000593,74.125.24.0-255,4320,38127,64,231426
10829,0.000598,172.31.40.0-255,66,38193,64,231426
10830,0.000605,172.31.40.0-255,66,38259,64,231426
10831,0.000632,74.125.24.0-255,1484,39743,64,231426
10832,0.000634,172.31.40.0-255,66,39809,64,231426
10833,0.000675,74.125.24.0-255,4320,44129,64,231426
10834,0.00068,172.31.40.0-255,66,44195,64,231426
10835,0.000684,172.31.40.0-255,66,44261,64,231426
10836,0.000704,74.125.24.0-255,2858,47119,64,231426
10837,0.000707,172.31.40.0-255,66,47185,64,231426
10838,0.000744,74.125.24.0-255,372,47557,64,231426
10839,0.000952,74.125.24.0-255,1484,49041,64,231426
10840,0.000957,172.31.40.0-255,66,49107,64,231426
10841,0.000962,74.125.24.0-255,2902,52009,64,231426
10842,0.000964,172.31.40.0-255,66,52075,64,231426
10843,0.000996,74.125.24.0-255,5738,57813,64,231426
10844,0.000999,172.31.40.0-255,66,57879,64,231426
10845,0.001012,172.31.40.0-255,66,57945,64,231426
10846,0.001024,172.31.40.0-255,66,58011,64,231426
10847,0.001067,74.125.24.0-255,2184,60195,64,231426
10848,0.001069,172.31.40.0-255,66,60261,64,231426
10849,0.00139,74.125.24.0-255,1484,61745,64,231426
10850,0.001414,74.125.24.0-255,2902,64647,64,231426
10851,0.001418,172.31.40.0-255,66,64713,64,231426
10852,0.001424,74.125.24.0-255,2902,67615,64,231426
10853,0.001426,172.31.40.0-255,66,67681,64,231426
10854,0.001442,74.125.24.0-255,2902,70583,64,231426
10855,0.001448,74.125.24.0-255,4320,74903,64,231426
10856,0.001451,172.31.40.0-255,66,74969,64,231426
10857,0.001455,172.31.40.0-255,66,75035,64,231426
10858,0.00148,74.125.24.0-255,2902,77937,64,231426
10859,0.001483,172.31.40.0-255,66,78003,64,231426
10860,0.001495,172.31.40.0-255,66,78069,64,231426
10861,0.001525,74.125.24.0-255,3602,81671,64,231426
10862,0.001528,172.31.40.0-255,66,81737,64,231426
10863,0.001533,74.125.24.0-255,4320,86057,64,231426
10864,0.001535,172.31.40.0-255,66,86123,64,231426
10865,0.001539,74.125.24.0-255,1484,87607,64,231426
10866,0.001577,172.31.40.0-255,66,87673,64,231426
10867,0.001592,172.31.40.0-255,66,87739,64,231426
10868,0.001605,74.125.24.0-255,1484,89223,64,231426
10869,0.001643,74.125.24.0-255,5020,94243,64,231426
10870,0.001646,172.31.40.0-255,66,94309,64,231426
10871,0.001673,74.125.24.0-255,1484,95793,64,231426
10872,0.001688,74.125.24.0-255,2902,98695,64,231426
10873,0.00169,172.31.40.0-255,66,98761,64,231426
10874,0.001696,74.125.24.0-255,4320,103081,64,231426
10875,0.001699,172.31.40.0-255,66,103147,64,231426
10876,0.001712,74.125.24.0-255,1484,104631,64,231426
10877,0.001717,74.125.24.0-255,2902,107533,64,231426
10878,0.001719,172.31.40.0-255,66,107599,64,231426
10879,0.00175,172.31.40.0-255,66,107665,64,231426
10880,0.001789,172.31.40.0-255,66,107731,64,231426
10881,0.001972,74.125.24.0-255,1484,109215,64,231426
10882,0.001979,74.125.24.0-255,2902,112117,64,231426
10883,0.001982,172.31.40.0-255,66,112183,64,231426
10884,0.001986,74.125.24.0-255,1484,113667,64,231426
10885,0.002007,74.125.24.0-255,4320,117987,64,231426
10886,0.00201,172.31.40.0-255,66,118053,64,231426
10887,0.002023,74.125.24.0-255,4320,122373,64,231426
10888,0.002025,172.31.40.0-255,66,122439,64,231426
10889,0.002048,172.31.40.0-255,66,122505,64,231426
10890,0.00207,74.125.24.0-255,1484,123989,64,231426
10891,0.002096,172.31.40.0-255,66,124055,64,231426
10892,0.00212,74.125.24.0-255,1484,125539,64,231426
10893,0.002131,74.125.24.0-255,1484,127023,64,231426
10894,0.002136,74.125.24.0-255,4320,131343,64,231426
10895,0.00214,172.31.40.0-255,66,131409,64,231426
10896,0.002142,172.31.40.0-255,66,131475,64,231426
10897,0.002171,172.31.40.0-255,66,131541,64,231426
10898,0.00222,172.31.40.0-255,66,131607,64,231426
10899,0.002254,172.31.40.0-255,66,131673,64,231426
10900,0.002322,172.31.40.0-255,66,131739,64,231426
10901,0.002326,74.125.24.0-255,2184,133923,64,231426
10902,0.002329,172.31.40.0-255,66,133989,64,231426
10903,0.002441,74.125.24.0-255,1484,135473,64,231426
10904,0.002457,74.125.24.0-255,2902,138375,64,231426
10905,0.00246,172.31.40.0-255,66,138441,64,231426
10906,0.002467,74.125.24.0-255,5738,144179,64,231426
10907,0.00247,172.31.40.0-255,66,144245,64,231426
10908,0.002481,74.125.24.0-255,1484,145729,64,231426
10909,0.002512,172.31.40.0-255,66,145795,64,231426
10910,0.002521,172.31.40.0-255,66,145861,64,231426
10911,0.002546,74.125.24.0-255,2184,148045,64,231426
10912,0.002548,172.31.40.0-255,66,148111,64,231426
10913,0.005118,74.125.24.0-255,5738,153849,64,231426
10914,0.005127,172.31.40.0-255,66,153915,64,231426
10915,0.007725,74.125.24.0-255,5738,159653,64,231426
10916,0.007732,172.31.40.0-255,66,159719,64,231426
10917,0.01034,74.125.24.0-255,5738,165457,64,231426
10918,0.010345,172.31.40.0-255,66,165523,64,231426
10919,0.012954,74.125.24.0-255,5738,171261,64,231426
10920,0.012961,172.31.40.0-255,66,171327,64,231426
10921,0.015579,74.125.24.0-255,5738,177065,64,231426
10922,0.015594,172.31.40.0-255,66,177131,64,231426
10923,0.018214,74.125.24.0-255,5738,182869,64,231426
10924,0.01823,172.31.40.0-255,66,182935,64,231426
10925,0.020848,74.125.24.0-255,5738,188673,64,231426
10926,0.020862,172.31.40.0-255,66,188739,64,231426
10927,0.023464,74.125.24.0-255,5738,194477,64,231426
10928,0.023473,172.31.40.0-255,66,194543,64,231426
10929,0.026085,74.125.24.0-255,5738,200281,64,231426
10930,0.026092,172.31.40.0-255,66,200347,64,231426
10931,0.028713,74.125.24.0-255,5738,206085,64,231426
10932,0.028721,172.31.40.0-255,66,206151,64,231426
10933,0.031329,74.125.24.0-255,5738,211889,64,231426
10934,0.031337,172.31.40.0-255,66,211955,64,231426
10935,0.03395,74.125.24.0-255,5738,217693,64,231426
10936,0.033957,172.31.40.0-255,66,217759,64,231426
10937,0.036146,172.31.40.0-255,171,217930,64,231426
10938,0.036177,172.31.40.0-255,1134,219064,64,231426
10939,0.036239,172.31.40.0-255,1514,220578,64,231426
10940,0.036241,172.31.40.0-255,1514,222092,64,231426
10941,0.036247,172.31.40.0-255,1514,223606,64,231426
10942,0.036248,172.31.40.0-255,1514,225120,64,231426
10943,0.036267,172.31.40.0-255,455,225575,64,231426
10944,0.036574,74.125.24.0-255,5350,230925,64,231426
10945,0.036581,172.31.40.0-255,66,230991,64,231426
10946,0.036735,172.31.40.0-255,105,231096,64,231426
10947,0.03769,104.244.42.0-255,66,231162,64,231426
10948,0.037735,104.244.42.0-255,66,231228,64,231426
10949,0.037826,104.244.42.0-255,66,231294,64,231426
10950,0.03783,104.244.42.0-255,66,231360,64,231426
10951,0.039309,74.125.24.0-255,66,231426,64,231426
10952,0.0,74.125.24.0-255,167,167,64,310581
10953,2.2e-05,172.31.40.0-255,66,233,64,310581
10954,2.8e-05,74.125.24.0-255,1484,1717,64,310581
10955,3.3e-05,172.31.40.0-255,66,1783,64,310581
10956,3.8e-05,74.125.24.0-255,2902,4685,64,310581
10957,4.1e-05,172.31.40.0-255,66,4751,64,310581
10958,4.8e-05,74.125.24.0-255,7156,11907,64,310581
10959,5.2e-05,172.31.40.0-255,66,11973,64,310581
10960,8.2e-05,74.125.24.0-255,2066,14039,64,310581
10961,8.5e-05,172.31.40.0-255,66,14105,64,310581
10962,8.9e-05,74.125.24.0-255,2902,17007,64,310581
10963,9.1e-05,172.31.40.0-255,66,17073,64,310581
10964,0.000105,74.125.24.0-255,4320,21393,64,310581
10965,0.000107,172.31.40.0-255,66,21459,64,310581
10966,0.000127,74.125.24.0-255,2902,24361,64,310581
10967,0.000129,172.31.40.0-255,66,24427,64,310581
10968,0.000134,74.125.24.0-255,4320,28747,64,310581
10969,0.000136,172.31.40.0-255,66,28813,64,310581
10970,0.00015,74.125.24.0-255,2543,31356,64,310581
10971,0.000152,172.31.40.0-255,66,31422,64,310581
10972,0.000252,74.125.24.0-255,1484,32906,64,310581
10973,0.000256,172.31.40.0-255,66,32972,64,310581
10974,0.000278,74.125.24.0-255,2902,35874,64,310581
10975,0.000281,172.31.40.0-255,66,35940,64,310581
10976,0.000286,74.125.24.0-255,5738,41678,64,310581
10977,0.000288,172.31.40.0-255,66,41744,64,310581
10978,0.000292,74.125.24.0-255,2902,44646,64,310581
10979,0.000293,172.31.40.0-255,66,44712,64,310581
10980,0.000316,74.125.24.0-255,2902,47614,64,310581
10981,0.000318,172.31.40.0-255,66,47680,64,310581
10982,0.000341,172.31.40.0-255,66,47746,64,310581
10983,0.000358,74.125.24.0-255,3961,51707,64,310581
10984,0.00036,172.31.40.0-255,66,51773,64,310581
10985,0.000365,74.125.24.0-255,3961,55734,64,310581
10986,0.000368,172.31.40.0-255,66,55800,64,310581
10987,0.000397,74.125.24.0-255,411,56211,64,310581
10988,0.000486,74.125.24.0-255,332,56543,64,310581
10989,0.000574,74.125.24.0-255,1484,58027,64,310581
10990,0.000578,172.31.40.0-255,66,58093,64,310581
10991,0.000584,74.125.24.0-255,2902,60995,64,310581
10992,0.000586,172.31.40.0-255,66,61061,64,310581
10993,0.000589,74.125.24.0-255,1484,62545,64,310581
10994,0.000608,74.125.24.0-255,4320,66865,64,310581
10995,0.000611,172.31.40.0-255,66,66931,64,310581
10996,0.000614,74.125.24.0-255,1484,68415,64,310581
10997,0.00064,172.31.40.0-255,66,68481,64,310581
10998,0.000648,74.125.24.0-255,1484,69965,64,310581
10999,0.00067,172.31.40.0-255,66,70031,64,310581
11000,0.000849,74.125.24.0-255,1484,71515,64,310581
11001,0.000853,74.125.24.0-255,1484,72999,64,310581
11002,0.000858,172.31.40.0-255,66,73065,64,310581
11003,0.000875,74.125.24.0-255,1484,74549,64,310581
11004,0.000882,74.125.24.0-255,5738,80287,64,310581
11005,0.000884,172.31.40.0-255,66,80353,64,310581
11006,0.00093,172.31.40.0-255,66,80419,64,310581
11007,0.000938,74.125.24.0-255,7156,87575,64,310581
11008,0.000941,172.31.40.0-255,66,87641,64,310581
11009,0.000963,74.125.24.0-255,2902,90543,64,310581
11010,0.000966,172.31.40.0-255,66,90609,64,310581
11011,0.000986,74.125.24.0-255,766,91375,64,310581
11012,0.001136,74.125.24.0-255,1484,92859,64,310581
11013,0.00114,172.31.40.0-255,66,92925,64,310581
11014,0.001153,74.125.24.0-255,2902,95827,64,310581
11015,0.001156,172.31.40.0-255,66,95893,64,310581
11016,0.001173,74.125.24.0-255,4320,100213,64,310581
11017,0.001175,172.31.40.0-255,66,100279,64,310581
11018,0.001178,74.125.24.0-255,1484,101763,64,310581
11019,0.001192,74.125.24.0-255,4320,106083,64,310581
11020,0.001196,172.31.40.0-255,66,106149,64,310581
11021,0.001209,74.125.24.0-255,2902,109051,64,310581
11022,0.001211,172.31.40.0-255,66,109117,64,310581
11023,0.001283,74.125.24.0-255,4320,113437,64,310581
11024,0.001286,172.31.40.0-255,66,113503,64,310581
11025,0.001323,172.31.40.0-255,66,113569,64,310581
11026,0.001396,74.125.24.0-255,1484,115053,64,310581
11027,0.00141,74.125.24.0-255,2902,117955,64,310581
11028,0.001413,172.31.40.0-255,66,118021,64,310581
11029,0.001419,74.125.24.0-255,5738,123759,64,310581
11030,0.001421,172.31.40.0-255,66,123825,64,310581
11031,0.001459,172.31.40.0-255,66,123891,64,310581
11032,0.001478,74.125.24.0-255,1484,125375,64,310581
11033,0.00151,172.31.40.0-255,66,125441,64,310581
11034,0.001874,74.125.24.0-255,1484,126925,64,310581
11035,0.001889,74.125.24.0-255,2902,129827,64,310581
11036,0.001893,172.31.40.0-255,66,129893,64,310581
11037,0.001919,74.125.24.0-255,5738,135631,64,310581
11038,0.001922,172.31.40.0-255,66,135697,64,310581
11039,0.001926,74.125.24.0-255,2902,138599,64,310581
11040,0.001929,172.31.40.0-255,66,138665,64,310581
11041,0.00198,172.31.40.0-255,66,138731,64,310581
11042,0.00199,172.31.40.0-255,66,138797,64,310581
11043,0.002006,74.125.24.0-255,1484,140281,64,310581
11044,0.002009,74.125.24.0-255,766,141047,64,310581
11045,0.002011,172.31.40.0-255,66,141113,64,310581
11046,0.002204,74.125.24.0-255,1484,142597,64,310581
11047,0.002221,74.125.24.0-255,2902,145499,64,310581
11048,0.002224,172.31.40.0-255,66,145565,64,310581
11049,0.002231,74.125.24.0-255,5738,151303,64,310581
11050,0.002233,172.31.40.0-255,66,151369,64,310581
11051,0.002238,74.125.24.0-255,2902,154271,64,310581
11052,0.00224,172.31.40.0-255,66,154337,64,310581
11053,0.002271,74.125.24.0-255,4320,158657,64,310581
11054,0.002274,172.31.40.0-255,66,158723,64,310581
11055,0.002288,172.31.40.0-255,66,158789,64,310581
11056,0.002294,74.125.24.0-255,3602,162391,64,310581
11057,0.002296,172.31.40.0-255,66,162457,64,310581
11058,0.002299,74.125.24.0-255,2902,165359,64,310581
11059,0.002302,172.31.40.0-255,66,165425,64,310581
11060,0.004568,74.125.24.0-255,2902,168327,64,310581
11061,0.004574,172.31.40.0-255,66,168393,64,310581
11062,0.004593,74.125.24.0-255,2902,171295,64,310581
11063,0.004595,172.31.40.0-255,66,171361,64,310581
11064,0.006856,74.125.24.0-255,2902,174263,64,310581
11065,0.006863,172.31.40.0-255,66,174329,64,310581
11066,0.006896,74.125.24.0-255,2902,177231,64,310581
11067,0.006899,172.31.40.0-255,66,177297,64,310581
11068,0.009139,74.125.24.0-255,2902,180199,64,310581
11069,0.009145,172.31.40.0-255,66,180265,64,310581
11070,0.009184,74.125.24.0-255,2902,183167,64,310581
11071,0.009187,172.31.40.0-255,66,183233,64,310581
11072,0.011452,74.125.24.0-255,2902,186135,64,310581
11073,0.011459,172.31.40.0-255,66,186201,64,310581
11074,0.011484,74.125.24.0-255,2902,189103,64,310581
11075,0.011487,172.31.40.0-255,66,189169,64,310581
11076,0.013751,74.125.24.0-255,2902,192071,64,310581
11077,0.013761,172.31.40.0-255,66,192137,64,310581
11078,0.013792,74.125.24.0-255,2902,195039,64,310581
11079,0.013796,172.31.40.0-255,66,195105,64,310581
11080,0.016049,74.125.24.0-255,2902,198007,64,310581
11081,0.016056,172.31.40.0-255,66,198073,64,310581
11082,0.016075,74.125.24.0-255,2902,200975,64,310581
11083,0.016077,172.31.40.0-255,66,201041,64,310581
11084,0.018361,74.125.24.0-255,5738,206779,64,310581
11085,0.01837,172.31.40.0-255,66,206845,64,310581
11086,0.020687,74.125.24.0-255,5738,212583,64,310581
11087,0.020695,172.31.40.0-255,66,212649,64,310581
11088,0.022998,74.125.24.0-255,5738,218387,64,310581
11089,0.023007,172.31.40.0-255,66,218453,64,310581
11090,0.025293,74.125.24.0-255,5738,224191,64,310581
11091,0.0253,172.31.40.0-255,66,224257,64,310581
11092,0.025419,172.31.40.0-255,172,224429,64,310581
11093,0.025446,172.31.40.0-255,1110,225539,64,310581
11094,0.025506,172.31.40.0-255,1514,227053,64,310581
11095,0.025508,172.31.40.0-255,1514,228567,64,310581
11096,0.025532,172.31.40.0-255,700,229267,64,310581
11097,0.026952,104.244.42.0-255,66,229333,64,310581
11098,0.026981,104.244.42.0-255,66,229399,64,310581
11099,0.027048,104.244.42.0-255,66,229465,64,310581
11100,0.027094,104.244.42.0-255,66,229531,64,310581
11101,0.02762,74.125.24.0-255,5738,235269,64,310581
11102,0.027626,172.31.40.0-255,66,235335,64,310581
11103,0.027685,104.244.42.0-255,108,235443,64,310581
11104,0.027689,172.31.40.0-255,66,235509,64,310581
11105,0.029925,74.125.24.0-255,5738,241247,64,310581
11106,0.029932,172.31.40.0-255,66,241313,64,310581
11107,0.032234,74.125.24.0-255,5738,247051,64,310581
11108,0.032241,172.31.40.0-255,66,247117,64,310581
11109,0.034559,74.125.24.0-255,5738,252855,64,310581
11110,0.034565,172.31.40.0-255,66,252921,64,310581
11111,0.036857,74.125.24.0-255,5738,258659,64,310581
11112,0.036863,172.31.40.0-255,66,258725,64,310581
11113,0.039165,74.125.24.0-255,5738,264463,64,310581
11114,0.039172,172.31.40.0-255,66,264529,64,310581
11115,0.041485,74.125.24.0-255,5738,270267,64,310581
11116,0.041493,172.31.40.0-255,66,270333,64,310581
11117,0.043806,74.125.24.0-255,5738,276071,64,310581
11118,0.043813,172.31.40.0-255,66,276137,64,310581
11119,0.046117,74.125.24.0-255,5738,281875,64,310581
11120,0.046123,172.31.40.0-255,66,281941,64,310581
11121,0.04845,74.125.24.0-255,5738,287679,64,310581
11122,0.048457,172.31.40.0-255,66,287745,64,310581
11123,0.050766,74.125.24.0-255,5738,293483,64,310581
11124,0.050776,172.31.40.0-255,66,293549,64,310581
11125,0.053105,74.125.24.0-255,5738,299287,64,310581
11126,0.053116,172.31.40.0-255,66,299353,64,310581
11127,0.055417,74.125.24.0-255,5738,305091,64,310581
11128,0.055427,172.31.40.0-255,66,305157,64,310581
11129,0.057721,74.125.24.0-255,5187,310344,64,310581
11130,0.057729,172.31.40.0-255,66,310410,64,310581
11131,0.057931,172.31.40.0-255,105,310515,64,310581
11132,0.060187,74.125.24.0-255,66,310581,64,310581
11133,0.0,74.125.24.0-255,155,155,64,156173
11134,2.2e-05,172.31.40.0-255,66,221,64,156173
11135,3e-05,74.125.24.0-255,1484,1705,64,156173
11136,3.4e-05,172.31.40.0-255,66,1771,64,156173
11137,3.9e-05,74.125.24.0-255,2902,4673,64,156173
11138,4.3e-05,172.31.40.0-255,66,4739,64,156173
11139,5.1e-05,74.125.24.0-255,7156,11895,64,156173
11140,5.5e-05,172.31.40.0-255,66,11961,64,156173
11141,9.8e-05,172.31.40.0-255,66,12027,64,156173
11142,0.000102,74.125.24.0-255,2902,14929,64,156173
11143,0.000104,172.31.40.0-255,66,14995,64,156173
11144,0.000123,74.125.24.0-255,5738,20733,64,156173
11145,0.000126,172.31.40.0-255,66,20799,64,156173
11146,0.000128,74.125.24.0-255,1484,22283,64,156173
11147,0.00013,172.31.40.0-255,66,22349,64,156173
11148,0.000149,74.125.24.0-255,1125,23474,64,156173
11149,0.000152,172.31.40.0-255,66,23540,64,156173
11150,0.000189,74.125.24.0-255,2902,26442,64,156173
11151,0.000192,172.31.40.0-255,66,26508,64,156173
11152,0.000216,74.125.24.0-255,4320,30828,64,156173
11153,0.000218,172.31.40.0-255,66,30894,64,156173
11154,0.000231,172.31.40.0-255,66,30960,64,156173
11155,0.000234,74.125.24.0-255,1484,32444,64,156173
11156,0.000236,172.31.40.0-255,66,32510,64,156173
11157,0.000273,172.31.40.0-255,66,32576,64,156173
11158,0.000317,74.125.24.0-255,7078,39654,64,156173
11159,0.00032,172.31.40.0-255,66,39720,64,156173
11160,0.000323,74.125.24.0-255,406,40126,64,156173
11161,0.000325,172.31.40.0-255,66,40192,64,156173
11162,0.000557,74.125.24.0-255,1484,41676,64,156173
11163,0.000565,74.125.24.0-255,2902,44578,64,156173
11164,0.000568,172.31.40.0-255,66,44644,64,156173
11165,0.000599,74.125.24.0-255,4320,48964,64,156173
11166,0.000602,172.31.40.0-255,66,49030,64,156173
11167,0.000619,74.125.24.0-255,1484,50514,64,156173
11168,0.000633,172.31.40.0-255,66,50580,64,156173
11169,0.000674,172.31.40.0-255,66,50646,64,156173
11170,0.000686,172.31.40.0-255,66,50712,64,156173
11171,0.000716,74.125.24.0-255,1484,52196,64,156173
11172,0.000734,172.31.40.0-255,66,52262,64,156173
11173,0.000763,74.125.24.0-255,4470,56732,64,156173
11174,0.000766,172.31.40.0-255,66,56798,64,156173
11175,0.000773,74.125.24.0-255,5738,62536,64,156173
11176,0.000776,172.31.40.0-255,66,62602,64,156173
11177,0.000819,172.31.40.0-255,66,62668,64,156173
11178,0.00084,74.125.24.0-255,2543,65211,64,156173
11179,0.000843,172.31.40.0-255,66,65277,64,156173
11180,0.001014,74.125.24.0-255,1484,66761,64,156173
11181,0.001022,74.125.24.0-255,2902,69663,64,156173
11182,0.001025,172.31.40.0-255,66,69729,64,156173
11183,0.00103,74.125.24.0-255,2902,72631,64,156173
11184,0.001033,172.31.40.0-255,66,72697,64,156173
11185,0.001049,74.125.24.0-255,2902,75599,64,156173
11186,0.001052,172.31.40.0-255,66,75665,64,156173
11187,0.001063,172.31.40.0-255,66,75731,64,156173
11188,0.001084,74.125.24.0-255,1484,77215,64,156173
11189,0.001107,74.125.24.0-255,2902,80117,64,156173
11190,0.00111,172.31.40.0-255,66,80183,64,156173
11191,0.00113,172.31.40.0-255,66,80249,64,156173
11192,0.001299,74.125.24.0-255,1484,81733,64,156173
11193,0.001305,74.125.24.0-255,2902,84635,64,156173
11194,0.001308,172.31.40.0-255,66,84701,64,156173
11195,0.001315,74.125.24.0-255,5738,90439,64,156173
11196,0.001317,172.31.40.0-255,66,90505,64,156173
11197,0.001332,74.125.24.0-255,1484,91989,64,156173
11198,0.001354,172.31.40.0-255,66,92055,64,156173
11199,0.001359,74.125.24.0-255,2902,94957,64,156173
11200,0.001361,172.31.40.0-255,66,95023,64,156173
11201,0.001376,74.125.24.0-255,7156,102179,64,156173
11202,0.00138,172.31.40.0-255,66,102245,64,156173
11203,0.001399,74.125.24.0-255,766,103011,64,156173
11204,0.001433,74.125.24.0-255,1484,104495,64,156173
11205,0.001436,172.31.40.0-255,66,104561,64,156173
11206,0.001442,74.125.24.0-255,2902,107463,64,156173
11207,0.001444,172.31.40.0-255,66,107529,64,156173
11208,0.001447,74.125.24.0-255,1484,109013,64,156173
11209,0.001466,74.125.24.0-255,4320,113333,64,156173
11210,0.001469,172.31.40.0-255,66,113399,64,156173
11211,0.001497,172.31.40.0-255,66,113465,64,156173
11212,0.0015,74.125.24.0-255,1484,114949,64,156173
11213,0.001539,172.31.40.0-255,66,115015,64,156173
11214,0.001637,172.31.40.0-255,66,115081,64,156173
11215,0.00164,172.31.40.0-255,66,115147,64,156173
11216,0.001667,172.31.40.0-255,66,115213,64,156173
11217,0.00167,74.125.24.0-255,1484,116697,64,156173
11218,0.001674,74.125.24.0-255,2902,119599,64,156173
11219,0.001677,172.31.40.0-255,66,119665,64,156173
11220,0.001683,74.125.24.0-255,4320,123985,64,156173
11221,0.001686,172.31.40.0-255,66,124051,64,156173
11222,0.001706,74.125.24.0-255,1484,125535,64,156173
11223,0.00172,172.31.40.0-255,66,125601,64,156173
11224,0.001743,74.125.24.0-255,2902,128503,64,156173
11225,0.001746,172.31.40.0-255,66,128569,64,156173
11226,0.001758,172.31.40.0-255,66,128635,64,156173
11227,0.001761,74.125.24.0-255,766,129401,64,156173
11228,0.001795,74.125.24.0-255,1484,130885,64,156173
11229,0.001798,172.31.40.0-255,66,130951,64,156173
11230,0.001813,74.125.24.0-255,4320,135271,64,156173
11231,0.001816,172.31.40.0-255,66,135337,64,156173
11232,0.001858,172.31.40.0-255,66,135403,64,156173
11233,0.001869,172.31.40.0-255,66,135469,64,156173
11234,0.001894,172.31.40.0-255,66,135535,64,156173
11235,0.001914,74.125.24.0-255,2902,138437,64,156173
11236,0.001917,172.31.40.0-255,66,138503,64,156173
11237,0.001949,74.125.24.0-255,7156,145659,64,156173
11238,0.001953,172.31.40.0-255,66,145725,64,156173
11239,0.001963,172.31.40.0-255,66,145791,64,156173
11240,0.001984,74.125.24.0-255,2902,148693,64,156173
11241,0.001986,172.31.40.0-255,66,148759,64,156173
11242,0.002054,74.125.24.0-255,1484,150243,64,156173
11243,0.002057,74.125.24.0-255,253,150496,64,156173
11244,0.002069,172.31.40.0-255,66,150562,64,156173
11245,0.002072,74.125.24.0-255,105,150667,64,156173
11246,0.00886,172.31.40.0-255,66,150733,64,156173
11247,0.008897,172.31.40.0-255,105,150838,64,156173
11248,0.011412,74.125.24.0-255,66,150904,64,156173
11249,0.031154,172.31.40.0-255,167,151071,64,156173
11250,0.031188,172.31.40.0-255,1110,152181,64,156173
11251,0.031245,172.31.40.0-255,1514,153695,64,156173
11252,0.031247,172.31.40.0-255,1514,155209,64,156173
11253,0.031248,172.31.40.0-255,700,155909,64,156173
11254,0.0327,104.244.42.0-255,66,155975,64,156173
11255,0.032871,104.244.42.0-255,66,156041,64,156173
11256,0.032899,104.244.42.0-255,66,156107,64,156173
11257,0.032919,104.244.42.0-255,66,156173,64,156173
11258,0.0,74.125.200.0-255,298,298,64,267115
11259,3.2e-05,172.31.40.0-255,66,364,64,267115
11260,3.8e-05,74.125.200.0-255,1484,1848,64,267115
11261,4.2e-05,172.31.40.0-255,66,1914,64,267115
11262,4.5e-05,74.125.200.0-255,1484,3398,64,267115
11263,4.7e-05,172.31.40.0-255,66,3464,64,267115
11264,5.3e-05,74.125.200.0-255,2902,6366,64,267115
11265,6.3e-05,172.31.40.0-255,66,6432,64,267115
11266,6.8e-05,74.125.200.0-255,4320,10752,64,267115
11267,7.1e-05,172.31.40.0-255,66,10818,64,267115
11268,0.000103,74.125.200.0-255,1484,12302,64,267115
11269,0.000106,172.31.40.0-255,66,12368,64,267115
11270,0.00011,74.125.200.0-255,1838,14206,64,267115
11271,0.000113,172.31.40.0-255,66,14272,64,267115
11272,0.00021,74.125.200.0-255,1484,15756,64,267115
11273,0.000214,172.31.40.0-255,66,15822,64,267115
11274,0.000219,74.125.200.0-255,2902,18724,64,267115
11275,0.000222,172.31.40.0-255,66,18790,64,267115
11276,0.000225,74.125.200.0-255,1484,20274,64,267115
11277,0.000227,172.31.40.0-255,66,20340,64,267115
11278,0.000258,74.125.200.0-255,4320,24660,64,267115
11279,0.000261,172.31.40.0-255,66,24726,64,267115
11280,0.000271,74.125.200.0-255,4320,29046,64,267115
11281,0.000274,172.31.40.0-255,66,29112,64,267115
11282,0.000279,74.125.200.0-255,5379,34491,64,267115
11283,0.000281,172.31.40.0-255,66,34557,64,267115
11284,0.000324,172.31.40.0-255,66,34623,64,267115
11285,0.000339,74.125.200.0-255,1484,36107,64,267115
11286,0.000342,172.31.40.0-255,66,36173,64,267115
11287,0.00036,172.31.40.0-255,66,36239,64,267115
11288,0.000373,172.31.40.0-255,66,36305,64,267115
11289,0.000426,74.125.200.0-255,398,36703,64,267115
11290,0.000465,74.125.200.0-255,113,36816,64,267115
11291,0.000717,74.125.200.0-255,1484,38300,64,267115
11292,0.000721,172.31.40.0-255,66,38366,64,267115
11293,0.000727,74.125.200.0-255,2902,41268,64,267115
11294,0.000729,172.31.40.0-255,66,41334,64,267115
11295,0.000758,74.125.200.0-255,5738,47072,64,267115
11296,0.000763,172.31.40.0-255,66,47138,64,267115
11297,0.000764,74.125.200.0-255,7156,54294,64,267115
11298,0.000767,172.31.40.0-255,66,54360,64,267115
11299,0.000794,74.125.200.0-255,4320,58680,64,267115
11300,0.000802,172.31.40.0-255,66,58746,64,267115
11301,0.000837,172.31.40.0-255,66,58812,64,267115
11302,0.000849,74.125.200.0-255,2184,60996,64,267115
11303,0.000856,172.31.40.0-255,66,61062,64,267115
11304,0.00088,74.125.200.0-255,328,61390,64,267115
11305,0.001042,74.125.200.0-255,1484,62874,64,267115
11306,0.001046,172.31.40.0-255,66,62940,64,267115
11307,0.001068,74.125.200.0-255,2902,65842,64,267115
11308,0.001072,172.31.40.0-255,66,65908,64,267115
11309,0.001073,74.125.200.0-255,2902,68810,64,267115
11310,0.001076,172.31.40.0-255,66,68876,64,267115
11311,0.001094,74.125.200.0-255,4320,73196,64,267115
11312,0.001096,172.31.40.0-255,66,73262,64,267115
11313,0.001106,172.31.40.0-255,66,73328,64,267115
11314,0.001113,74.125.200.0-255,7156,80484,64,267115
11315,0.001115,172.31.40.0-255,66,80550,64,267115
11316,0.001156,74.125.200.0-255,6438,86988,64,267115
11317,0.001159,172.31.40.0-255,66,87054,64,267115
11318,0.001547,74.125.200.0-255,1484,88538,64,267115
11319,0.001574,74.125.200.0-255,2902,91440,64,267115
11320,0.001578,172.31.40.0-255,66,91506,64,267115
11321,0.001596,74.125.200.0-255,2902,94408,64,267115
11322,0.001603,172.31.40.0-255,66,94474,64,267115
11323,0.001608,74.125.200.0-255,2902,97376,64,267115
11324,0.001611,172.31.40.0-255,66,97442,64,267115
11325,0.001639,74.125.200.0-255,1484,98926,64,267115
11326,0.001656,172.31.40.0-255,66,98992,64,267115
11327,0.001662,74.125.200.0-255,4320,103312,64,267115
11328,0.001664,172.31.40.0-255,66,103378,64,267115
11329,0.001743,172.31.40.0-255,66,103444,64,267115
11330,0.004372,74.125.200.0-255,4320,107764,64,267115
11331,0.004379,172.31.40.0-255,66,107830,64,267115
11332,0.004391,74.125.200.0-255,1484,109314,64,267115
11333,0.007034,74.125.200.0-255,4320,113634,64,267115
11334,0.00704,172.31.40.0-255,66,113700,64,267115
11335,0.009678,74.125.200.0-255,5738,119438,64,267115
11336,0.009688,172.31.40.0-255,66,119504,64,267115
11337,0.012333,74.125.200.0-255,5738,125242,64,267115
11338,0.012344,172.31.40.0-255,66,125308,64,267115
11339,0.014993,74.125.200.0-255,5738,131046,64,267115
11340,0.015006,172.31.40.0-255,66,131112,64,267115
11341,0.017655,74.125.200.0-255,5738,136850,64,267115
11342,0.017664,172.31.40.0-255,66,136916,64,267115
11343,0.020307,74.125.200.0-255,5738,142654,64,267115
11344,0.020316,172.31.40.0-255,66,142720,64,267115
11345,0.021459,172.31.40.0-255,171,142891,64,267115
11346,0.021489,172.31.40.0-255,1136,144027,64,267115
11347,0.021531,172.31.40.0-255,1514,145541,64,267115
11348,0.021532,172.31.40.0-255,1272,146813,64,267115
11349,0.022952,74.125.200.0-255,5738,152551,64,267115
11350,0.022957,172.31.40.0-255,66,152617,64,267115
11351,0.023149,104.244.42.0-255,66,152683,64,267115
11352,0.023198,104.244.42.0-255,66,152749,64,267115
11353,0.023223,104.244.42.0-255,66,152815,64,267115
11354,0.025631,74.125.200.0-255,4320,157135,64,267115
11355,0.025637,172.31.40.0-255,66,157201,64,267115
11356,0.025666,74.125.200.0-255,1484,158685,64,267115
11357,0.028279,74.125.200.0-255,4320,163005,64,267115
11358,0.028285,172.31.40.0-255,66,163071,64,267115
11359,0.030941,74.125.200.0-255,4320,167391,64,267115
11360,0.030946,172.31.40.0-255,66,167457,64,267115
11361,0.030972,74.125.200.0-255,1484,168941,64,267115
11362,0.033584,74.125.200.0-255,2902,171843,64,267115
11363,0.033589,172.31.40.0-255,66,171909,64,267115
11364,0.036217,74.125.200.0-255,5738,177647,64,267115
11365,0.036223,172.31.40.0-255,66,177713,64,267115
11366,0.038921,74.125.200.0-255,4320,182033,64,267115
11367,0.038926,172.31.40.0-255,66,182099,64,267115
11368,0.038952,74.125.200.0-255,1484,183583,64,267115
11369,0.041569,74.125.200.0-255,4320,187903,64,267115
11370,0.041575,172.31.40.0-255,66,187969,64,267115
11371,0.04421,74.125.200.0-255,5738,193707,64,267115
11372,0.044216,172.31.40.0-255,66,193773,64,267115
11373,0.046852,74.125.200.0-255,5738,199511,64,267115
11374,0.046858,172.31.40.0-255,66,199577,64,267115
11375,0.049484,74.125.200.0-255,5738,205315,64,267115
11376,0.04949,172.31.40.0-255,66,205381,64,267115
11377,0.052121,74.125.200.0-255,5738,211119,64,267115
11378,0.052126,172.31.40.0-255,66,211185,64,267115
11379,0.054748,74.125.200.0-255,4320,215505,64,267115
11380,0.054753,172.31.40.0-255,66,215571,64,267115
11381,0.054785,74.125.200.0-255,1484,217055,64,267115
11382,0.057386,74.125.200.0-255,4320,221375,64,267115
11383,0.057391,172.31.40.0-255,66,221441,64,267115
11384,0.060022,74.125.200.0-255,4320,225761,64,267115
11385,0.060028,172.31.40.0-255,66,225827,64,267115
11386,0.060061,74.125.200.0-255,1484,227311,64,267115
11387,0.06266,74.125.200.0-255,4320,231631,64,267115
11388,0.062665,172.31.40.0-255,66,231697,64,267115
11389,0.065297,74.125.200.0-255,1484,233181,64,267115
11390,0.065325,74.125.200.0-255,4320,237501,64,267115
11391,0.06533,172.31.40.0-255,66,237567,64,267115
11392,0.067992,74.125.200.0-255,5738,243305,64,267115
11393,0.067997,172.31.40.0-255,66,243371,64,267115
11394,0.070623,74.125.200.0-255,2902,246273,64,267115
11395,0.070628,172.31.40.0-255,66,246339,64,267115
11396,0.070661,74.125.200.0-255,2902,249241,64,267115
11397,0.070665,172.31.40.0-255,66,249307,64,267115
11398,0.073276,74.125.200.0-255,2902,252209,64,267115
11399,0.07328,172.31.40.0-255,66,252275,64,267115
11400,0.073308,74.125.200.0-255,2902,255177,64,267115
11401,0.073311,172.31.40.0-255,66,255243,64,267115
11402,0.075908,74.125.200.0-255,2902,258145,64,267115
11403,0.075913,172.31.40.0-255,66,258211,64,267115
11404,0.075952,74.125.200.0-255,2902,261113,64,267115
11405,0.075956,172.31.40.0-255,66,261179,64,267115
11406,0.078538,74.125.200.0-255,2902,264081,64,267115
11407,0.078543,172.31.40.0-255,66,264147,64,267115
11408,0.07858,74.125.200.0-255,2902,267049,64,267115
11409,0.078584,172.31.40.0-255,66,267115,64,267115
11410,0.0,74.125.68.0-255,147,147,64,377644
11411,2.6e-05,172.31.40.0-255,66,213,64,377644
11412,3.4e-05,74.125.68.0-255,1484,1697,64,377644
11413,3.9e-05,172.31.40.0-255,66,1763,64,377644
11414,4.5e-05,74.125.68.0-255,2902,4665,64,377644
11415,5.5e-05,172.31.40.0-255,66,4731,64,377644
11416,7.5e-05,74.125.68.0-255,7156,11887,64,377644
11417,7.8e-05,172.31.40.0-255,66,11953,64,377644
11418,8.3e-05,74.125.68.0-255,2101,14054,64,377644
11419,8.6e-05,172.31.40.0-255,66,14120,64,377644
11420,0.000252,74.125.68.0-255,1484,15604,64,377644
11421,0.000257,172.31.40.0-255,66,15670,64,377644
11422,0.000292,74.125.68.0-255,2902,18572,64,377644
11423,0.000295,172.31.40.0-255,66,18638,64,377644
11424,0.000301,74.125.68.0-255,4320,22958,64,377644
11425,0.000303,172.31.40.0-255,66,23024,64,377644
11426,0.000324,74.125.68.0-255,1484,24508,64,377644
11427,0.000327,172.31.40.0-255,66,24574,64,377644
11428,0.000339,74.125.68.0-255,6797,31371,64,377644
11429,0.000342,172.31.40.0-255,66,31437,64,377644
11430,0.000377,74.125.68.0-255,1484,32921,64,377644
11431,0.000379,172.31.40.0-255,66,32987,64,377644
11432,0.000409,74.125.68.0-255,2902,35889,64,377644
11433,0.000412,172.31.40.0-255,66,35955,64,377644
11434,0.000418,74.125.68.0-255,4320,40275,64,377644
11435,0.00042,172.31.40.0-255,66,40341,64,377644
11436,0.000426,74.125.68.0-255,4320,44661,64,377644
11437,0.000429,172.31.40.0-255,66,44727,64,377644
11438,0.000457,74.125.68.0-255,1484,46211,64,377644
11439,0.00046,172.31.40.0-255,66,46277,64,377644
11440,0.000465,74.125.68.0-255,2543,48820,64,377644
11441,0.000467,172.31.40.0-255,66,48886,64,377644
11442,0.001104,74.125.68.0-255,1484,50370,64,377644
11443,0.001123,74.125.68.0-255,2902,53272,64,377644
11444,0.001128,172.31.40.0-255,66,53338,64,377644
11445,0.001162,74.125.68.0-255,4320,57658,64,377644
11446,0.001165,172.31.40.0-255,66,57724,64,377644
11447,0.001173,74.125.68.0-255,5738,63462,64,377644
11448,0.001175,172.31.40.0-255,66,63528,64,377644
11449,0.001221,74.125.68.0-255,3124,66652,64,377644
11450,0.001224,172.31.40.0-255,66,66718,64,377644
11451,0.001305,74.125.68.0-255,1484,68202,64,377644
11452,0.001324,74.125.68.0-255,2902,71104,64,377644
11453,0.001328,172.31.40.0-255,66,71170,64,377644
11454,0.001336,74.125.68.0-255,5738,76908,64,377644
11455,0.001338,172.31.40.0-255,66,76974,64,377644
11456,0.00135,74.125.68.0-255,6797,83771,64,377644
11457,0.001352,172.31.40.0-255,66,83837,64,377644
11458,0.001379,74.125.68.0-255,5738,89575,64,377644
11459,0.001381,172.31.40.0-255,66,89641,64,377644
11460,0.001386,74.125.68.0-255,2902,92543,64,377644
11461,0.001388,172.31.40.0-255,66,92609,64,377644
11462,0.001425,74.125.68.0-255,4320,96929,64,377644
11463,0.001428,172.31.40.0-255,66,96995,64,377644
11464,0.001452,74.125.68.0-255,3961,100956,64,377644
11465,0.001456,172.31.40.0-255,66,101022,64,377644
11466,0.00151,74.125.68.0-255,1484,102506,64,377644
11467,0.001516,74.125.68.0-255,2902,105408,64,377644
11468,0.001518,172.31.40.0-255,66,105474,64,377644
11469,0.001525,74.125.68.0-255,5738,111212,64,377644
11470,0.001528,172.31.40.0-255,66,111278,64,377644
11471,0.001532,74.125.68.0-255,2902,114180,64,377644
11472,0.001535,172.31.40.0-255,66,114246,64,377644
11473,0.00154,74.125.68.0-255,3397,117643,64,377644
11474,0.001543,172.31.40.0-255,66,117709,64,377644
11475,0.001615,74.125.68.0-255,1484,119193,64,377644
11476,0.001633,74.125.68.0-255,2902,122095,64,377644
11477,0.001637,172.31.40.0-255,66,122161,64,377644
11478,0.00167,74.125.68.0-255,5738,127899,64,377644
11479,0.001673,172.31.40.0-255,66,127965,64,377644
11480,0.001693,74.125.68.0-255,5738,133703,64,377644
11481,0.001696,172.31.40.0-255,66,133769,64,377644
11482,0.001727,74.125.68.0-255,5738,139507,64,377644
11483,0.00173,172.31.40.0-255,66,139573,64,377644
11484,0.001749,172.31.40.0-255,66,139639,64,377644
11485,0.00194,74.125.68.0-255,1484,141123,64,377644
11486,0.001948,74.125.68.0-255,2902,144025,64,377644
11487,0.001954,172.31.40.0-255,66,144091,64,377644
11488,0.001959,74.125.68.0-255,2902,146993,64,377644
11489,0.001961,172.31.40.0-255,66,147059,64,377644
11490,0.001984,74.125.68.0-255,2902,149961,64,377644
11491,0.001986,172.31.40.0-255,66,150027,64,377644
11492,0.002002,172.31.40.0-255,66,150093,64,377644
11493,0.002036,172.31.40.0-255,66,150159,64,377644
11494,0.002044,74.125.68.0-255,5020,155179,64,377644
11495,0.002046,172.31.40.0-255,66,155245,64,377644
11496,0.002135,74.125.68.0-255,1484,156729,64,377644
11497,0.002155,74.125.68.0-255,2902,159631,64,377644
11498,0.002159,172.31.40.0-255,66,159697,64,377644
11499,0.002166,74.125.68.0-255,5738,165435,64,377644
11500,0.002169,172.31.40.0-255,66,165501,64,377644
11501,0.002207,172.31.40.0-255,66,165567,64,377644
11502,0.002215,74.125.68.0-255,7156,172723,64,377644
11503,0.002217,172.31.40.0-255,66,172789,64,377644
11504,0.002238,74.125.68.0-255,2902,175691,64,377644
11505,0.002241,172.31.40.0-255,66,175757,64,377644
11506,0.002248,74.125.68.0-255,5020,180777,64,377644
11507,0.00225,172.31.40.0-255,66,180843,64,377644
11508,0.004569,74.125.68.0-255,5738,186581,64,377644
11509,0.004585,172.31.40.0-255,66,186647,64,377644
11510,0.006905,74.125.68.0-255,5738,192385,64,377644
11511,0.006917,172.31.40.0-255,66,192451,64,377644
11512,0.009217,74.125.68.0-255,5738,198189,64,377644
11513,0.009223,172.31.40.0-255,66,198255,64,377644
11514,0.011549,74.125.68.0-255,5738,203993,64,377644
11515,0.011568,172.31.40.0-255,66,204059,64,377644
11516,0.013895,74.125.68.0-255,5738,209797,64,377644
11517,0.013916,172.31.40.0-255,66,209863,64,377644
11518,0.016259,74.125.68.0-255,5738,215601,64,377644
11519,0.016279,172.31.40.0-255,66,215667,64,377644
11520,0.018605,74.125.68.0-255,5738,221405,64,377644
11521,0.018622,172.31.40.0-255,66,221471,64,377644
11522,0.020958,74.125.68.0-255,5738,227209,64,377644
11523,0.020977,172.31.40.0-255,66,227275,64,377644
11524,0.023302,74.125.68.0-255,5738,233013,64,377644
11525,0.023318,172.31.40.0-255,66,233079,64,377644
11526,0.025646,74.125.68.0-255,5738,238817,64,377644
11527,0.025663,172.31.40.0-255,66,238883,64,377644
11528,0.027987,74.125.68.0-255,5738,244621,64,377644
11529,0.028007,172.31.40.0-255,66,244687,64,377644
11530,0.030396,74.125.68.0-255,5738,250425,64,377644
11531,0.030411,172.31.40.0-255,66,250491,64,377644
11532,0.032746,74.125.68.0-255,5738,256229,64,377644
11533,0.032763,172.31.40.0-255,66,256295,64,377644
11534,0.035086,74.125.68.0-255,5738,262033,64,377644
11535,0.035102,172.31.40.0-255,66,262099,64,377644
11536,0.037433,74.125.68.0-255,5738,267837,64,377644
11537,0.037452,172.31.40.0-255,66,267903,64,377644
11538,0.039319,172.31.40.0-255,167,268070,64,377644
11539,0.03935,172.31.40.0-255,1110,269180,64,377644
11540,0.039415,172.31.40.0-255,1514,270694,64,377644
11541,0.039417,172.31.40.0-255,1514,272208,64,377644
11542,0.039445,172.31.40.0-255,700,272908,64,377644
11543,0.039796,74.125.68.0-255,5738,278646,64,377644
11544,0.039809,172.31.40.0-255,66,278712,64,377644
11545,0.040802,104.244.42.0-255,66,278778,64,377644
11546,0.040834,104.244.42.0-255,66,278844,64,377644
11547,0.040931,104.244.42.0-255,66,278910,64,377644
11548,0.040937,104.244.42.0-255,66,278976,64,377644
11549,0.042126,74.125.68.0-255,5738,284714,64,377644
11550,0.042137,172.31.40.0-255,66,284780,64,377644
11551,0.044456,74.125.68.0-255,5738,290518,64,377644
11552,0.044472,172.31.40.0-255,66,290584,64,377644
11553,0.046793,74.125.68.0-255,5738,296322,64,377644
11554,0.046811,172.31.40.0-255,66,296388,64,377644
11555,0.049144,74.125.68.0-255,5738,302126,64,377644
11556,0.049159,172.31.40.0-255,66,302192,64,377644
11557,0.051477,74.125.68.0-255,5738,307930,64,377644
11558,0.051489,172.31.40.0-255,66,307996,64,377644
11559,0.053805,74.125.68.0-255,5738,313734,64,377644
11560,0.053814,172.31.40.0-255,66,313800,64,377644
11561,0.05613,74.125.68.0-255,5738,319538,64,377644
11562,0.056143,172.31.40.0-255,66,319604,64,377644
11563,0.058474,74.125.68.0-255,5738,325342,64,377644
11564,0.058484,172.31.40.0-255,66,325408,64,377644
11565,0.060813,74.125.68.0-255,5738,331146,64,377644
11566,0.060829,172.31.40.0-255,66,331212,64,377644
11567,0.063147,74.125.68.0-255,5738,336950,64,377644
11568,0.063163,172.31.40.0-255,66,337016,64,377644
11569,0.065493,74.125.68.0-255,5738,342754,64,377644
11570,0.065507,172.31.40.0-255,66,342820,64,377644
11571,0.067841,74.125.68.0-255,5738,348558,64,377644
11572,0.067849,172.31.40.0-255,66,348624,64,377644
11573,0.070172,74.125.68.0-255,5738,354362,64,377644
11574,0.070182,172.31.40.0-255,66,354428,64,377644
11575,0.072512,74.125.68.0-255,5738,360166,64,377644
11576,0.072529,172.31.40.0-255,66,360232,64,377644
11577,0.07486,74.125.68.0-255,5738,365970,64,377644
11578,0.074871,172.31.40.0-255,66,366036,64,377644
11579,0.077197,74.125.68.0-255,5738,371774,64,377644
11580,0.077207,172.31.40.0-255,66,371840,64,377644
11581,0.07954,74.125.68.0-255,5738,377578,64,377644
11582,0.07956,172.31.40.0-255,66,377644,64,377644
11583,0.0,172.253.118.0-255,150,150,64,297325
11584,2.3e-05,172.31.40.0-255,66,216,64,297325
11585,3e-05,172.253.118.0-255,1484,1700,64,297325
11586,3.4e-05,172.31.40.0-255,66,1766,64,297325
11587,4e-05,172.253.118.0-255,2902,4668,64,297325
11588,5.1e-05,172.31.40.0-255,66,4734,64,297325
11589,6e-05,172.253.118.0-255,7156,11890,64,297325
11590,6.3e-05,172.31.40.0-255,66,11956,64,297325
11591,7.5e-05,172.31.40.0-255,66,12022,64,297325
11592,8.1e-05,172.253.118.0-255,5738,17760,64,297325
11593,8.4e-05,172.31.40.0-255,66,17826,64,297325
11594,0.000108,172.253.118.0-255,2902,20728,64,297325
11595,0.000111,172.31.40.0-255,66,20794,64,297325
11596,0.000115,172.253.118.0-255,2543,23337,64,297325
11597,0.000117,172.31.40.0-255,66,23403,64,297325
11598,0.000245,172.253.118.0-255,1484,24887,64,297325
11599,0.00025,172.31.40.0-255,66,24953,64,297325
11600,0.000257,172.253.118.0-255,2902,27855,64,297325
11601,0.00026,172.31.40.0-255,66,27921,64,297325
11602,0.000264,172.253.118.0-255,2902,30823,64,297325
11603,0.000272,172.31.40.0-255,66,30889,64,297325
11604,0.000309,172.253.118.0-255,2902,33791,64,297325
11605,0.000312,172.31.40.0-255,66,33857,64,297325
11606,0.000324,172.31.40.0-255,66,33923,64,297325
11607,0.000345,172.31.40.0-255,66,33989,64,297325
11608,0.000348,172.253.118.0-255,444,34433,64,297325
11609,0.000353,172.31.40.0-255,66,34499,64,297325
11610,0.000565,172.253.118.0-255,1484,35983,64,297325
11611,0.000571,172.31.40.0-255,66,36049,64,297325
11612,0.000577,172.253.118.0-255,2902,38951,64,297325
11613,0.00058,172.31.40.0-255,66,39017,64,297325
11614,0.000591,172.253.118.0-255,5738,44755,64,297325
11615,0.000594,172.31.40.0-255,66,44821,64,297325
11616,0.000637,172.31.40.0-255,66,44887,64,297325
11617,0.000643,172.253.118.0-255,5738,50625,64,297325
11618,0.000646,172.31.40.0-255,66,50691,64,297325
11619,0.000695,172.253.118.0-255,2902,53593,64,297325
11620,0.000699,172.31.40.0-255,66,53659,64,297325
11621,0.000723,172.253.118.0-255,2184,55843,64,297325
11622,0.000726,172.31.40.0-255,66,55909,64,297325
11623,0.001004,172.253.118.0-255,330,56239,64,297325
11624,0.001043,172.253.118.0-255,1484,57723,64,297325
11625,0.001047,172.31.40.0-255,66,57789,64,297325
11626,0.001053,172.253.118.0-255,4320,62109,64,297325
11627,0.001055,172.31.40.0-255,66,62175,64,297325
11628,0.001097,172.31.40.0-255,66,62241,64,297325
11629,0.001102,172.253.118.0-255,4320,66561,64,297325
11630,0.001105,172.31.40.0-255,66,66627,64,297325
11631,0.001145,172.253.118.0-255,7156,73783,64,297325
11632,0.001148,172.31.40.0-255,66,73849,64,297325
11633,0.001182,172.253.118.0-255,7156,81005,64,297325
11634,0.001185,172.31.40.0-255,66,81071,64,297325
11635,0.001188,172.253.118.0-255,766,81837,64,297325
11636,0.001191,172.253.118.0-255,1484,83321,64,297325
11637,0.001193,172.31.40.0-255,66,83387,64,297325
11638,0.001197,172.253.118.0-255,1484,84871,64,297325
11639,0.001211,172.253.118.0-255,1484,86355,64,297325
11640,0.001214,172.31.40.0-255,66,86421,64,297325
11641,0.00122,172.253.118.0-255,5738,92159,64,297325
11642,0.001223,172.31.40.0-255,66,92225,64,297325
11643,0.00123,172.253.118.0-255,5738,97963,64,297325
11644,0.001236,172.31.40.0-255,66,98029,64,297325
11645,0.001274,172.31.40.0-255,66,98095,64,297325
11646,0.001279,172.253.118.0-255,2902,100997,64,297325
11647,0.001281,172.31.40.0-255,66,101063,64,297325
11648,0.001301,172.253.118.0-255,2184,103247,64,297325
11649,0.001307,172.31.40.0-255,66,103313,64,297325
11650,0.001413,172.253.118.0-255,1484,104797,64,297325
11651,0.001418,172.253.118.0-255,1484,106281,64,297325
11652,0.001421,172.31.40.0-255,66,106347,64,297325
11653,0.001449,172.253.118.0-255,1484,107831,64,297325
11654,0.001456,172.253.118.0-255,5738,113569,64,297325
11655,0.001459,172.31.40.0-255,66,113635,64,297325
11656,0.001504,172.253.118.0-255,2902,116537,64,297325
11657,0.001507,172.31.40.0-255,66,116603,64,297325
11658,0.001537,172.31.40.0-255,66,116669,64,297325
11659,0.001542,172.253.118.0-255,2902,119571,64,297325
11660,0.001544,172.31.40.0-255,66,119637,64,297325
11661,0.001583,172.31.40.0-255,66,119703,64,297325
11662,0.001678,172.253.118.0-255,1484,121187,64,297325
11663,0.001695,172.253.118.0-255,2902,124089,64,297325
11664,0.001698,172.31.40.0-255,66,124155,64,297325
11665,0.001706,172.253.118.0-255,5738,129893,64,297325
11666,0.001708,172.31.40.0-255,66,129959,64,297325
11667,0.001712,172.253.118.0-255,2902,132861,64,297325
11668,0.001714,172.31.40.0-255,66,132927,64,297325
11669,0.001768,172.31.40.0-255,66,132993,64,297325
11670,0.001779,172.31.40.0-255,66,133059,64,297325
11671,0.001787,172.253.118.0-255,2184,135243,64,297325
11672,0.00179,172.31.40.0-255,66,135309,64,297325
11673,0.002002,172.253.118.0-255,1484,136793,64,297325
11674,0.002017,172.253.118.0-255,2902,139695,64,297325
11675,0.002021,172.31.40.0-255,66,139761,64,297325
11676,0.002052,172.253.118.0-255,5738,145499,64,297325
11677,0.002056,172.31.40.0-255,66,145565,64,297325
11678,0.002082,172.253.118.0-255,5738,151303,64,297325
11679,0.002084,172.31.40.0-255,66,151369,64,297325
11680,0.002114,172.253.118.0-255,2902,154271,64,297325
11681,0.002117,172.31.40.0-255,66,154337,64,297325
11682,0.002133,172.31.40.0-255,66,154403,64,297325
11683,0.002139,172.253.118.0-255,5020,159423,64,297325
11684,0.002142,172.31.40.0-255,66,159489,64,297325
11685,0.002243,172.253.118.0-255,1484,160973,64,297325
11686,0.00226,172.253.118.0-255,2902,163875,64,297325
11687,0.002263,172.31.40.0-255,66,163941,64,297325
11688,0.002269,172.253.118.0-255,4320,168261,64,297325
11689,0.002271,172.31.40.0-255,66,168327,64,297325
11690,0.002289,172.253.118.0-255,1484,169811,64,297325
11691,0.002306,172.253.118.0-255,4320,174131,64,297325
11692,0.002309,172.31.40.0-255,66,174197,64,297325
11693,0.002347,172.31.40.0-255,66,174263,64,297325
11694,0.002352,172.253.118.0-255,4320,178583,64,297325
11695,0.002354,172.31.40.0-255,66,178649,64,297325
11696,0.002379,172.253.118.0-255,6438,185087,64,297325
11697,0.002382,172.31.40.0-255,66,185153,64,297325
11698,0.005028,172.253.118.0-255,5738,190891,64,297325
11699,0.005038,172.31.40.0-255,66,190957,64,297325
11700,0.007699,172.253.118.0-255,5738,196695,64,297325
11701,0.007716,172.31.40.0-255,66,196761,64,297325
11702,0.010354,172.253.118.0-255,5738,202499,64,297325
11703,0.010364,172.31.40.0-255,66,202565,64,297325
11704,0.01302,172.253.118.0-255,5738,208303,64,297325
11705,0.013032,172.31.40.0-255,66,208369,64,297325
11706,0.015704,172.253.118.0-255,5738,214107,64,297325
11707,0.01572,172.31.40.0-255,66,214173,64,297325
11708,0.018423,172.253.118.0-255,5738,219911,64,297325
11709,0.018433,172.31.40.0-255,66,219977,64,297325
11710,0.021131,172.253.118.0-255,5738,225715,64,297325
11711,0.021144,172.31.40.0-255,66,225781,64,297325
11712,0.023809,172.253.118.0-255,5738,231519,64,297325
11713,0.023826,172.31.40.0-255,66,231585,64,297325
11714,0.026489,172.253.118.0-255,5738,237323,64,297325
11715,0.026504,172.31.40.0-255,66,237389,64,297325
11716,0.02917,172.253.118.0-255,5738,243127,64,297325
11717,0.029202,172.31.40.0-255,66,243193,64,297325
11718,0.031883,172.253.118.0-255,5738,248931,64,297325
11719,0.031902,172.31.40.0-255,66,248997,64,297325
11720,0.034575,172.253.118.0-255,5738,254735,64,297325
11721,0.034591,172.31.40.0-255,66,254801,64,297325
11722,0.037277,172.253.118.0-255,5738,260539,64,297325
11723,0.037294,172.31.40.0-255,66,260605,64,297325
11724,0.039951,172.253.118.0-255,5738,266343,64,297325
11725,0.039963,172.31.40.0-255,66,266409,64,297325
11726,0.042629,172.253.118.0-255,5738,272147,64,297325
11727,0.042642,172.31.40.0-255,66,272213,64,297325
11728,0.044397,172.31.40.0-255,167,272380,64,297325
11729,0.04443,172.31.40.0-255,1107,273487,64,297325
11730,0.044491,172.31.40.0-255,1514,275001,64,297325
11731,0.044492,172.31.40.0-255,338,275339,64,297325
11732,0.045312,172.253.118.0-255,5738,281077,64,297325
11733,0.045322,172.31.40.0-255,66,281143,64,297325
11734,0.045991,104.244.42.0-255,66,281209,64,297325
11735,0.045999,104.244.42.0-255,66,281275,64,297325
11736,0.046077,104.244.42.0-255,66,281341,64,297325
11737,0.047991,172.253.118.0-255,5738,287079,64,297325
11738,0.048,172.31.40.0-255,66,287145,64,297325
11739,0.05066,172.253.118.0-255,5738,292883,64,297325
11740,0.050667,172.31.40.0-255,66,292949,64,297325
11741,0.053327,172.253.118.0-255,4139,297088,64,297325
11742,0.053335,172.31.40.0-255,66,297154,64,297325
11743,0.053544,172.31.40.0-255,105,297259,64,297325
11744,0.056186,172.253.118.0-255,66,297325,64,297325
11745,0.0,74.125.68.0-255,153,153,64,284859
11746,1.4e-05,172.31.40.0-255,66,219,64,284859
11747,2e-05,74.125.68.0-255,1484,1703,64,284859
11748,2.4e-05,172.31.40.0-255,66,1769,64,284859
11749,2.9e-05,74.125.68.0-255,2902,4671,64,284859
11750,3.1e-05,172.31.40.0-255,66,4737,64,284859
11751,3.4e-05,74.125.68.0-255,1484,6221,64,284859
11752,3.6e-05,172.31.40.0-255,66,6287,64,284859
11753,6.9e-05,74.125.68.0-255,5738,12025,64,284859
11754,7.1e-05,172.31.40.0-255,66,12091,64,284859
11755,7.5e-05,74.125.68.0-255,2038,14129,64,284859
11756,7.7e-05,172.31.40.0-255,66,14195,64,284859
11757,9.2e-05,74.125.68.0-255,2902,17097,64,284859
11758,9.4e-05,172.31.40.0-255,66,17163,64,284859
11759,9.7e-05,74.125.68.0-255,1484,18647,64,284859
11760,9.8e-05,172.31.40.0-255,66,18713,64,284859
11761,0.000122,74.125.68.0-255,2902,21615,64,284859
11762,0.000124,172.31.40.0-255,66,21681,64,284859
11763,0.00015,74.125.68.0-255,5738,27419,64,284859
11764,0.000153,172.31.40.0-255,66,27485,64,284859
11765,0.000157,74.125.68.0-255,4320,31805,64,284859
11766,0.00016,172.31.40.0-255,66,31871,64,284859
11767,0.000178,74.125.68.0-255,7156,39027,64,284859
11768,0.000181,172.31.40.0-255,66,39093,64,284859
11769,0.000218,74.125.68.0-255,4320,43413,64,284859
11770,0.000221,172.31.40.0-255,66,43479,64,284859
11771,0.000241,74.125.68.0-255,5020,48499,64,284859
11772,0.000243,172.31.40.0-255,66,48565,64,284859
11773,0.000445,74.125.68.0-255,1484,50049,64,284859
11774,0.000449,172.31.40.0-255,66,50115,64,284859
11775,0.000467,74.125.68.0-255,2902,53017,64,284859
11776,0.000471,172.31.40.0-255,66,53083,64,284859
11777,0.000499,74.125.68.0-255,2902,55985,64,284859
11778,0.000501,172.31.40.0-255,66,56051,64,284859
11779,0.000515,74.125.68.0-255,2902,58953,64,284859
11780,0.000518,172.31.40.0-255,66,59019,64,284859
11781,0.000522,74.125.68.0-255,2902,61921,64,284859
11782,0.000524,172.31.40.0-255,66,61987,64,284859
11783,0.000559,74.125.68.0-255,4286,66273,64,284859
11784,0.000562,172.31.40.0-255,66,66339,64,284859
11785,0.001917,74.125.68.0-255,1484,67823,64,284859
11786,0.001926,74.125.68.0-255,2902,70725,64,284859
11787,0.00193,172.31.40.0-255,66,70791,64,284859
11788,0.00196,74.125.68.0-255,5738,76529,64,284859
11789,0.001975,172.31.40.0-255,66,76595,64,284859
11790,0.001979,74.125.68.0-255,1484,78079,64,284859
11791,0.002007,172.31.40.0-255,66,78145,64,284859
11792,0.002035,74.125.68.0-255,5738,83883,64,284859
11793,0.002038,172.31.40.0-255,66,83949,64,284859
11794,0.002058,74.125.68.0-255,5020,88969,64,284859
11795,0.00206,172.31.40.0-255,66,89035,64,284859
11796,0.004351,74.125.68.0-255,5738,94773,64,284859
11797,0.004356,172.31.40.0-255,66,94839,64,284859
11798,0.006657,74.125.68.0-255,5738,100577,64,284859
11799,0.006664,172.31.40.0-255,66,100643,64,284859
11800,0.008988,74.125.68.0-255,5738,106381,64,284859
11801,0.008997,172.31.40.0-255,66,106447,64,284859
11802,0.011319,74.125.68.0-255,5738,112185,64,284859
11803,0.011327,172.31.40.0-255,66,112251,64,284859
11804,0.01363,74.125.68.0-255,5738,117989,64,284859
11805,0.013637,172.31.40.0-255,66,118055,64,284859
11806,0.015926,74.125.68.0-255,5738,123793,64,284859
11807,0.015934,172.31.40.0-255,66,123859,64,284859
11808,0.018233,74.125.68.0-255,5738,129597,64,284859
11809,0.018243,172.31.40.0-255,66,129663,64,284859
11810,0.020545,74.125.68.0-255,5738,135401,64,284859
11811,0.020553,172.31.40.0-255,66,135467,64,284859
11812,0.022861,74.125.68.0-255,5738,141205,64,284859
11813,0.02287,172.31.40.0-255,66,141271,64,284859
11814,0.02491,172.31.40.0-255,172,141443,64,284859
11815,0.024941,172.31.40.0-255,1112,142555,64,284859
11816,0.025001,172.31.40.0-255,1514,144069,64,284859
11817,0.025003,172.31.40.0-255,1296,145365,64,284859
11818,0.025162,74.125.68.0-255,5738,151103,64,284859
11819,0.025169,172.31.40.0-255,66,151169,64,284859
11820,0.026468,104.244.42.0-255,66,151235,64,284859
11821,0.026511,104.244.42.0-255,66,151301,64,284859
11822,0.026556,104.244.42.0-255,66,151367,64,284859
11823,0.027455,74.125.68.0-255,5738,157105,64,284859
11824,0.027462,172.31.40.0-255,66,157171,64,284859
11825,0.029803,74.125.68.0-255,5738,162909,64,284859
11826,0.029811,172.31.40.0-255,66,162975,64,284859
11827,0.032151,74.125.68.0-255,5738,168713,64,284859
11828,0.032158,172.31.40.0-255,66,168779,64,284859
11829,0.034464,74.125.68.0-255,5738,174517,64,284859
11830,0.034471,172.31.40.0-255,66,174583,64,284859
11831,0.036771,74.125.68.0-255,5738,180321,64,284859
11832,0.036778,172.31.40.0-255,66,180387,64,284859
11833,0.039078,74.125.68.0-255,5738,186125,64,284859
11834,0.039084,172.31.40.0-255,66,186191,64,284859
11835,0.041387,74.125.68.0-255,5738,191929,64,284859
11836,0.041394,172.31.40.0-255,66,191995,64,284859
11837,0.043693,74.125.68.0-255,5738,197733,64,284859
11838,0.043703,172.31.40.0-255,66,197799,64,284859
11839,0.046011,74.125.68.0-255,5738,203537,64,284859
11840,0.046018,172.31.40.0-255,66,203603,64,284859
11841,0.048323,74.125.68.0-255,5738,209341,64,284859
11842,0.04833,172.31.40.0-255,66,209407,64,284859
11843,0.050621,74.125.68.0-255,5738,215145,64,284859
11844,0.050629,172.31.40.0-255,66,215211,64,284859
11845,0.052936,74.125.68.0-255,5738,220949,64,284859
11846,0.052943,172.31.40.0-255,66,221015,64,284859
11847,0.055243,74.125.68.0-255,5738,226753,64,284859
11848,0.05525,172.31.40.0-255,66,226819,64,284859
11849,0.057557,74.125.68.0-255,5738,232557,64,284859
11850,0.057564,172.31.40.0-255,66,232623,64,284859
11851,0.059874,74.125.68.0-255,5738,238361,64,284859
11852,0.059879,172.31.40.0-255,66,238427,64,284859
11853,0.062187,74.125.68.0-255,5738,244165,64,284859
11854,0.062192,172.31.40.0-255,66,244231,64,284859
11855,0.064488,74.125.68.0-255,5738,249969,64,284859
11856,0.064494,172.31.40.0-255,66,250035,64,284859
11857,0.066789,74.125.68.0-255,5738,255773,64,284859
11858,0.066796,172.31.40.0-255,66,255839,64,284859
11859,0.06909,74.125.68.0-255,5738,261577,64,284859
11860,0.069095,172.31.40.0-255,66,261643,64,284859
11861,0.071397,74.125.68.0-255,5738,267381,64,284859
11862,0.071404,172.31.40.0-255,66,267447,64,284859
11863,0.073711,74.125.68.0-255,5738,273185,64,284859
11864,0.073717,172.31.40.0-255,66,273251,64,284859
11865,0.076017,74.125.68.0-255,5738,278989,64,284859
11866,0.076024,172.31.40.0-255,66,279055,64,284859
11867,0.078322,74.125.68.0-255,5738,284793,64,284859
11868,0.078329,172.31.40.0-255,66,284859,64,284859
11869,0.0,172.217.194.0-255,296,296,64,169459
11870,2.3e-05,172.31.40.0-255,66,362,64,169459
11871,3e-05,172.217.194.0-255,1484,1846,64,169459
11872,3.5e-05,172.31.40.0-255,66,1912,64,169459
11873,4.1e-05,172.217.194.0-255,4320,6232,64,169459
11874,4.4e-05,172.31.40.0-255,66,6298,64,169459
11875,6.4e-05,172.31.40.0-255,66,6364,64,169459
11876,0.000157,172.217.194.0-255,1484,7848,64,169459
11877,0.00016,172.31.40.0-255,66,7914,64,169459
11878,0.000166,172.217.194.0-255,2902,10816,64,169459
11879,0.000168,172.31.40.0-255,66,10882,64,169459
11880,0.000203,172.217.194.0-255,1484,12366,64,169459
11881,0.000206,172.31.40.0-255,66,12432,64,169459
11882,0.000246,172.217.194.0-255,4320,16752,64,169459
11883,0.000248,172.31.40.0-255,66,16818,64,169459
11884,0.000255,172.217.194.0-255,6797,23615,64,169459
11885,0.000257,172.31.40.0-255,66,23681,64,169459
11886,0.000277,172.31.40.0-255,66,23747,64,169459
11887,0.00028,172.217.194.0-255,2543,26290,64,169459
11888,0.000296,172.31.40.0-255,66,26356,64,169459
11889,0.000302,172.217.194.0-255,2902,29258,64,169459
11890,0.000304,172.31.40.0-255,66,29324,64,169459
11891,0.000311,172.217.194.0-255,7156,36480,64,169459
11892,0.000314,172.31.40.0-255,66,36546,64,169459
11893,0.000321,172.217.194.0-255,7055,43601,64,169459
11894,0.000324,172.31.40.0-255,66,43667,64,169459
11895,0.000327,172.217.194.0-255,120,43787,64,169459
11896,0.000329,172.31.40.0-255,66,43853,64,169459
11897,0.000371,172.217.194.0-255,375,44228,64,169459
11898,0.000377,172.31.40.0-255,66,44294,64,169459
11899,0.000491,172.217.194.0-255,1484,45778,64,169459
11900,0.000498,172.217.194.0-255,2902,48680,64,169459
11901,0.000502,172.31.40.0-255,66,48746,64,169459
11902,0.000508,172.217.194.0-255,5738,54484,64,169459
11903,0.00051,172.31.40.0-255,66,54550,64,169459
11904,0.000556,172.217.194.0-255,4320,58870,64,169459
11905,0.000559,172.31.40.0-255,66,58936,64,169459
11906,0.000592,172.217.194.0-255,3961,62897,64,169459
11907,0.000596,172.31.40.0-255,66,62963,64,169459
11908,0.000606,172.31.40.0-255,66,63029,64,169459
11909,0.00064,172.217.194.0-255,6797,69826,64,169459
11910,0.000643,172.31.40.0-255,66,69892,64,169459
11911,0.000885,172.217.194.0-255,1484,71376,64,169459
11912,0.000891,172.217.194.0-255,2902,74278,64,169459
11913,0.000894,172.31.40.0-255,66,74344,64,169459
11914,0.000915,172.217.194.0-255,4320,78664,64,169459
11915,0.000917,172.31.40.0-255,66,78730,64,169459
11916,0.000943,172.31.40.0-255,66,78796,64,169459
11917,0.000974,172.31.40.0-255,66,78862,64,169459
11918,0.001008,172.217.194.0-255,6438,85300,64,169459
11919,0.001011,172.31.40.0-255,66,85366,64,169459
11920,0.001138,172.217.194.0-255,1484,86850,64,169459
11921,0.001145,172.217.194.0-255,2902,89752,64,169459
11922,0.001147,172.31.40.0-255,66,89818,64,169459
11923,0.001151,172.217.194.0-255,1484,91302,64,169459
11924,0.001174,172.217.194.0-255,4320,95622,64,169459
11925,0.001177,172.31.40.0-255,66,95688,64,169459
11926,0.00118,172.217.194.0-255,1484,97172,64,169459
11927,0.001185,172.217.194.0-255,4320,101492,64,169459
11928,0.001188,172.31.40.0-255,66,101558,64,169459
11929,0.001221,172.217.194.0-255,4320,105878,64,169459
11930,0.001224,172.31.40.0-255,66,105944,64,169459
11931,0.001238,172.217.194.0-255,2902,108846,64,169459
11932,0.001245,172.31.40.0-255,66,108912,64,169459
11933,0.001286,172.31.40.0-255,66,108978,64,169459
11934,0.001289,172.217.194.0-255,1484,110462,64,169459
11935,0.001293,172.217.194.0-255,2902,113364,64,169459
11936,0.001295,172.31.40.0-255,66,113430,64,169459
11937,0.001307,172.217.194.0-255,5738,119168,64,169459
11938,0.001309,172.31.40.0-255,66,119234,64,169459
11939,0.001357,172.31.40.0-255,66,119300,64,169459
11940,0.001378,172.217.194.0-255,2902,122202,64,169459
11941,0.00138,172.31.40.0-255,66,122268,64,169459
11942,0.001419,172.31.40.0-255,66,122334,64,169459
11943,0.001647,172.217.194.0-255,1484,123818,64,169459
11944,0.001668,172.217.194.0-255,2902,126720,64,169459
11945,0.001672,172.31.40.0-255,66,126786,64,169459
11946,0.001677,172.217.194.0-255,4320,131106,64,169459
11947,0.001679,172.31.40.0-255,66,131172,64,169459
11948,0.001723,172.31.40.0-255,66,131238,64,169459
11949,0.00173,172.217.194.0-255,5738,136976,64,169459
11950,0.001732,172.31.40.0-255,66,137042,64,169459
11951,0.001785,172.31.40.0-255,66,137108,64,169459
11952,0.00182,172.217.194.0-255,1484,138592,64,169459
11953,0.001843,172.217.194.0-255,2902,141494,64,169459
11954,0.001846,172.31.40.0-255,66,141560,64,169459
11955,0.001877,172.217.194.0-255,5738,147298,64,169459
11956,0.001938,172.31.40.0-255,66,147364,64,169459
11957,0.001982,172.217.194.0-255,5738,153102,64,169459
11958,0.002002,172.217.194.0-255,7156,160258,64,169459
11959,0.002005,172.31.40.0-255,66,160324,64,169459
11960,0.00201,172.31.40.0-255,66,160390,64,169459
11961,0.002056,172.31.40.0-255,66,160456,64,169459
11962,0.00208,172.217.194.0-255,1484,161940,64,169459
11963,0.002085,172.217.194.0-255,2184,164124,64,169459
11964,0.002152,172.31.40.0-255,66,164190,64,169459
11965,0.002233,172.217.194.0-255,97,164287,64,169459
11966,0.002241,172.31.40.0-255,66,164353,64,169459
11967,0.00225,172.217.194.0-255,105,164458,64,169459
11968,0.002267,172.217.194.0-255,129,164587,64,169459
11969,0.004679,172.31.40.0-255,105,164692,64,169459
11970,0.004715,172.31.40.0-255,105,164797,64,169459
11971,0.004971,172.31.40.0-255,90,164887,64,169459
11972,0.004981,172.31.40.0-255,66,164953,64,169459
11973,0.007202,172.217.194.0-255,66,165019,64,169459
11974,0.007211,172.217.194.0-255,66,165085,64,169459
11975,0.007454,172.217.194.0-255,66,165151,64,169459
11976,0.007478,172.217.194.0-255,66,165217,64,169459
11977,0.007484,172.31.40.0-255,66,165283,64,169459
11978,0.032212,172.31.40.0-255,172,165455,64,169459
11979,0.03226,172.31.40.0-255,1112,166567,64,169459
11980,0.032335,172.31.40.0-255,1514,168081,64,169459
11981,0.032337,172.31.40.0-255,1180,169261,64,169459
11982,0.033769,104.244.42.0-255,66,169327,64,169459
11983,0.033854,104.244.42.0-255,66,169393,64,169459
11984,0.033856,104.244.42.0-255,66,169459,64,169459
11985,0.0,172.217.194.0-255,150,150,64,308610
11986,2.1e-05,172.31.40.0-255,66,216,64,308610
11987,2.7e-05,172.217.194.0-255,1484,1700,64,308610
11988,3.1e-05,172.31.40.0-255,66,1766,64,308610
11989,3.5e-05,172.217.194.0-255,2902,4668,64,308610
11990,3.8e-05,172.31.40.0-255,66,4734,64,308610
11991,5.3e-05,172.217.194.0-255,7156,11890,64,308610
11992,5.6e-05,172.31.40.0-255,66,11956,64,308610
11993,6e-05,172.217.194.0-255,2102,14058,64,308610
11994,6.3e-05,172.31.40.0-255,66,14124,64,308610
11995,0.000101,172.217.194.0-255,1484,15608,64,308610
11996,0.000103,172.31.40.0-255,66,15674,64,308610
11997,0.000108,172.217.194.0-255,2902,18576,64,308610
11998,0.00011,172.31.40.0-255,66,18642,64,308610
11999,0.000113,172.217.194.0-255,1484,20126,64,308610
12000,0.000115,172.31.40.0-255,66,20192,64,308610
12001,0.000143,172.217.194.0-255,4320,24512,64,308610
12002,0.000147,172.31.40.0-255,66,24578,64,308610
12003,0.000152,172.217.194.0-255,4320,28898,64,308610
12004,0.000154,172.31.40.0-255,66,28964,64,308610
12005,0.000187,172.217.194.0-255,5379,34343,64,308610
12006,0.00019,172.31.40.0-255,66,34409,64,308610
12007,0.0002,172.31.40.0-255,66,34475,64,308610
12008,0.00021,172.217.194.0-255,3961,38436,64,308610
12009,0.000212,172.31.40.0-255,66,38502,64,308610
12010,0.000898,172.217.194.0-255,1484,39986,64,308610
12011,0.000904,172.31.40.0-255,66,40052,64,308610
12012,0.00091,172.217.194.0-255,2902,42954,64,308610
12013,0.000913,172.31.40.0-255,66,43020,64,308610
12014,0.000929,172.217.194.0-255,5738,48758,64,308610
12015,0.000931,172.31.40.0-255,66,48824,64,308610
12016,0.000976,172.217.194.0-255,6797,55621,64,308610
12017,0.00098,172.31.40.0-255,66,55687,64,308610
12018,0.001247,172.217.194.0-255,1484,57171,64,308610
12019,0.001258,172.217.194.0-255,2902,60073,64,308610
12020,0.001262,172.31.40.0-255,66,60139,64,308610
12021,0.001267,172.217.194.0-255,1484,61623,64,308610
12022,0.001294,172.217.194.0-255,4320,65943,64,308610
12023,0.001298,172.31.40.0-255,66,66009,64,308610
12024,0.001303,172.217.194.0-255,4320,70329,64,308610
12025,0.001306,172.31.40.0-255,66,70395,64,308610
12026,0.00134,172.217.194.0-255,5738,76133,64,308610
12027,0.001344,172.31.40.0-255,66,76199,64,308610
12028,0.001359,172.31.40.0-255,66,76265,64,308610
12029,0.00138,172.217.194.0-255,1484,77749,64,308610
12030,0.001409,172.217.194.0-255,2902,80651,64,308610
12031,0.001413,172.31.40.0-255,66,80717,64,308610
12032,0.001421,172.217.194.0-255,5738,86455,64,308610
12033,0.001423,172.31.40.0-255,66,86521,64,308610
12034,0.001459,172.217.194.0-255,5738,92259,64,308610
12035,0.001463,172.31.40.0-255,66,92325,64,308610
12036,0.001466,172.217.194.0-255,1484,93809,64,308610
12037,0.001497,172.31.40.0-255,66,93875,64,308610
12038,0.001526,172.217.194.0-255,1484,95359,64,308610
12039,0.001533,172.217.194.0-255,5020,100379,64,308610
12040,0.001537,172.31.40.0-255,66,100445,64,308610
12041,0.00154,172.217.194.0-255,1484,101929,64,308610
12042,0.001562,172.217.194.0-255,2902,104831,64,308610
12043,0.001566,172.31.40.0-255,66,104897,64,308610
12044,0.001572,172.217.194.0-255,5738,110635,64,308610
12045,0.001574,172.31.40.0-255,66,110701,64,308610
12046,0.001578,172.217.194.0-255,1484,112185,64,308610
12047,0.001612,172.217.194.0-255,5738,117923,64,308610
12048,0.001617,172.31.40.0-255,66,117989,64,308610
12049,0.001624,172.217.194.0-255,7156,125145,64,308610
12050,0.001627,172.31.40.0-255,66,125211,64,308610
12051,0.001641,172.217.194.0-255,7156,132367,64,308610
12052,0.001644,172.31.40.0-255,66,132433,64,308610
12053,0.001653,172.217.194.0-255,2184,134617,64,308610
12054,0.001656,172.31.40.0-255,66,134683,64,308610
12055,0.002589,172.217.194.0-255,1484,136167,64,308610
12056,0.004216,172.217.194.0-255,4320,140487,64,308610
12057,0.004222,172.31.40.0-255,66,140553,64,308610
12058,0.006798,172.217.194.0-255,2902,143455,64,308610
12059,0.006801,172.31.40.0-255,66,143521,64,308610
12060,0.006825,172.217.194.0-255,2902,146423,64,308610
12061,0.006827,172.31.40.0-255,66,146489,64,308610
12062,0.009408,172.217.194.0-255,5738,152227,64,308610
12063,0.009419,172.31.40.0-255,66,152293,64,308610
12064,0.012001,172.217.194.0-255,5738,158031,64,308610
12065,0.012011,172.31.40.0-255,66,158097,64,308610
12066,0.01459,172.217.194.0-255,5738,163835,64,308610
12067,0.014604,172.31.40.0-255,66,163901,64,308610
12068,0.017188,172.217.194.0-255,5738,169639,64,308610
12069,0.017195,172.31.40.0-255,66,169705,64,308610
12070,0.019768,172.217.194.0-255,5738,175443,64,308610
12071,0.019779,172.31.40.0-255,66,175509,64,308610
12072,0.022353,172.217.194.0-255,5738,181247,64,308610
12073,0.022366,172.31.40.0-255,66,181313,64,308610
12074,0.02497,172.217.194.0-255,5738,187051,64,308610
12075,0.024982,172.31.40.0-255,66,187117,64,308610
12076,0.027544,172.217.194.0-255,4320,191437,64,308610
12077,0.027554,172.31.40.0-255,66,191503,64,308610
12078,0.027584,172.217.194.0-255,1484,192987,64,308610
12079,0.028097,172.31.40.0-255,171,193158,64,308610
12080,0.028127,172.31.40.0-255,1134,194292,64,308610
12081,0.028167,172.31.40.0-255,1514,195806,64,308610
12082,0.028169,172.31.40.0-255,1274,197080,64,308610
12083,0.029648,104.244.42.0-255,66,197146,64,308610
12084,0.029694,104.244.42.0-255,66,197212,64,308610
12085,0.02976,104.244.42.0-255,66,197278,64,308610
12086,0.030121,172.217.194.0-255,2902,200180,64,308610
12087,0.030124,172.31.40.0-255,66,200246,64,308610
12088,0.030153,172.217.194.0-255,1484,201730,64,308610
12089,0.032707,172.217.194.0-255,4320,206050,64,308610
12090,0.032714,172.31.40.0-255,66,206116,64,308610
12091,0.035284,172.217.194.0-255,1484,207600,64,308610
12092,0.035316,172.217.194.0-255,4320,211920,64,308610
12093,0.035321,172.31.40.0-255,66,211986,64,308610
12094,0.037906,172.217.194.0-255,5738,217724,64,308610
12095,0.037911,172.31.40.0-255,66,217790,64,308610
12096,0.040534,172.217.194.0-255,5738,223528,64,308610
12097,0.04054,172.31.40.0-255,66,223594,64,308610
12098,0.043104,172.217.194.0-255,5738,229332,64,308610
12099,0.043109,172.31.40.0-255,66,229398,64,308610
12100,0.045664,172.217.194.0-255,4320,233718,64,308610
12101,0.04567,172.31.40.0-255,66,233784,64,308610
12102,0.045703,172.217.194.0-255,1484,235268,64,308610
12103,0.04823,172.217.194.0-255,4320,239588,64,308610
12104,0.048235,172.31.40.0-255,66,239654,64,308610
12105,0.050819,172.217.194.0-255,5738,245392,64,308610
12106,0.050825,172.31.40.0-255,66,245458,64,308610
12107,0.053384,172.217.194.0-255,5738,251196,64,308610
12108,0.05339,172.31.40.0-255,66,251262,64,308610
12109,0.055961,172.217.194.0-255,5738,257000,64,308610
12110,0.055967,172.31.40.0-255,66,257066,64,308610
12111,0.058538,172.217.194.0-255,1484,258550,64,308610
12112,0.058577,172.217.194.0-255,4320,262870,64,308610
12113,0.058582,172.31.40.0-255,66,262936,64,308610
12114,0.061128,172.217.194.0-255,5738,268674,64,308610
12115,0.061132,172.31.40.0-255,66,268740,64,308610
12116,0.063694,172.217.194.0-255,5738,274478,64,308610
12117,0.063699,172.31.40.0-255,66,274544,64,308610
12118,0.066272,172.217.194.0-255,4320,278864,64,308610
12119,0.066276,172.31.40.0-255,66,278930,64,308610
12120,0.066301,172.217.194.0-255,1484,280414,64,308610
12121,0.06882,172.217.194.0-255,4320,284734,64,308610
12122,0.068825,172.31.40.0-255,66,284800,64,308610
12123,0.071424,172.217.194.0-255,2902,287702,64,308610
12124,0.071428,172.31.40.0-255,66,287768,64,308610
12125,0.071455,172.217.194.0-255,2902,290670,64,308610
12126,0.071458,172.31.40.0-255,66,290736,64,308610
12127,0.073997,172.217.194.0-255,2902,293638,64,308610
12128,0.074001,172.31.40.0-255,66,293704,64,308610
12129,0.074035,172.217.194.0-255,2902,296606,64,308610
12130,0.074038,172.31.40.0-255,66,296672,64,308610
12131,0.07655,172.217.194.0-255,2902,299574,64,308610
12132,0.076554,172.31.40.0-255,66,299640,64,308610
12133,0.076615,172.217.194.0-255,1484,301124,64,308610
12134,0.076631,172.217.194.0-255,1484,302608,64,308610
12135,0.076634,172.31.40.0-255,66,302674,64,308610
12136,0.079112,172.217.194.0-255,2902,305576,64,308610
12137,0.079117,172.31.40.0-255,66,305642,64,308610
12138,0.079181,172.217.194.0-255,2902,308544,64,308610
12139,0.079186,172.31.40.0-255,66,308610,64,308610
12140,0.0,172.217.194.0-255,146,146,64,255539
12141,1.6e-05,172.31.40.0-255,66,212,64,255539
12142,2.4e-05,172.217.194.0-255,1484,1696,64,255539
12143,2.8e-05,172.31.40.0-255,66,1762,64,255539
12144,3.4e-05,172.217.194.0-255,2902,4664,64,255539
12145,3.8e-05,172.31.40.0-255,66,4730,64,255539
12146,5.3e-05,172.217.194.0-255,7156,11886,64,255539
12147,5.7e-05,172.31.40.0-255,66,11952,64,255539
12148,6e-05,172.217.194.0-255,1484,13436,64,255539
12149,6.3e-05,172.31.40.0-255,66,13502,64,255539
12150,0.00011,172.31.40.0-255,66,13568,64,255539
12151,0.000114,172.217.194.0-255,2543,16111,64,255539
12152,0.000116,172.31.40.0-255,66,16177,64,255539
12153,0.00012,172.217.194.0-255,1484,17661,64,255539
12154,0.000122,172.31.40.0-255,66,17727,64,255539
12155,0.00014,172.217.194.0-255,4320,22047,64,255539
12156,0.000143,172.31.40.0-255,66,22113,64,255539
12157,0.000182,172.217.194.0-255,5738,27851,64,255539
12158,0.000184,172.31.40.0-255,66,27917,64,255539
12159,0.000208,172.217.194.0-255,1484,29401,64,255539
12160,0.00021,172.31.40.0-255,66,29467,64,255539
12161,0.000215,172.217.194.0-255,3961,33428,64,255539
12162,0.000223,172.31.40.0-255,66,33494,64,255539
12163,0.000228,172.217.194.0-255,4320,37814,64,255539
12164,0.000231,172.31.40.0-255,66,37880,64,255539
12165,0.000236,172.217.194.0-255,4320,42200,64,255539
12166,0.000238,172.31.40.0-255,66,42266,64,255539
12167,0.000266,172.217.194.0-255,1484,43750,64,255539
12168,0.000269,172.31.40.0-255,66,43816,64,255539
12169,0.000273,172.217.194.0-255,1484,45300,64,255539
12170,0.000275,172.31.40.0-255,66,45366,64,255539
12171,0.000301,172.217.194.0-255,5693,51059,64,255539
12172,0.000304,172.31.40.0-255,66,51125,64,255539
12173,0.000307,172.217.194.0-255,394,51519,64,255539
12174,0.000538,172.217.194.0-255,1484,53003,64,255539
12175,0.000544,172.31.40.0-255,66,53069,64,255539
12176,0.00055,172.217.194.0-255,2902,55971,64,255539
12177,0.000552,172.31.40.0-255,66,56037,64,255539
12178,0.000559,172.217.194.0-255,5738,61775,64,255539
12179,0.000566,172.31.40.0-255,66,61841,64,255539
12180,0.000577,172.31.40.0-255,66,61907,64,255539
12181,0.000604,172.217.194.0-255,4320,66227,64,255539
12182,0.000612,172.31.40.0-255,66,66293,64,255539
12183,0.000624,172.31.40.0-255,66,66359,64,255539
12184,0.00094,172.217.194.0-255,1484,67843,64,255539
12185,0.000944,172.217.194.0-255,1484,69327,64,255539
12186,0.000948,172.31.40.0-255,66,69393,64,255539
12187,0.000979,172.217.194.0-255,1484,70877,64,255539
12188,0.000987,172.217.194.0-255,5738,76615,64,255539
12189,0.000989,172.31.40.0-255,66,76681,64,255539
12190,0.000995,172.217.194.0-255,4320,81001,64,255539
12191,0.000996,172.31.40.0-255,66,81067,64,255539
12192,0.001034,172.31.40.0-255,66,81133,64,255539
12193,0.001053,172.217.194.0-255,4320,85453,64,255539
12194,0.001061,172.31.40.0-255,66,85519,64,255539
12195,0.001092,172.217.194.0-255,6438,91957,64,255539
12196,0.001094,172.217.194.0-255,1484,93441,64,255539
12197,0.001098,172.217.194.0-255,2902,96343,64,255539
12198,0.0011,172.217.194.0-255,1484,97827,64,255539
12199,0.001104,172.31.40.0-255,66,97893,64,255539
12200,0.001108,172.31.40.0-255,66,97959,64,255539
12201,0.001134,172.217.194.0-255,4320,102279,64,255539
12202,0.001137,172.31.40.0-255,66,102345,64,255539
12203,0.001176,172.217.194.0-255,1484,103829,64,255539
12204,0.00119,172.31.40.0-255,66,103895,64,255539
12205,0.001215,172.217.194.0-255,2184,106079,64,255539
12206,0.001225,172.31.40.0-255,66,106145,64,255539
12207,0.001268,172.217.194.0-255,1484,107629,64,255539
12208,0.001273,172.217.194.0-255,2902,110531,64,255539
12209,0.001284,172.217.194.0-255,1484,112015,64,255539
12210,0.0013,172.217.194.0-255,4320,116335,64,255539
12211,0.001303,172.217.194.0-255,1484,117819,64,255539
12212,0.001306,172.217.194.0-255,1484,119303,64,255539
12213,0.001315,172.217.194.0-255,1484,120787,64,255539
12214,0.001321,172.217.194.0-255,2902,123689,64,255539
12215,0.001324,172.31.40.0-255,66,123755,64,255539
12216,0.001331,172.31.40.0-255,66,123821,64,255539
12217,0.001343,172.217.194.0-255,2902,126723,64,255539
12218,0.001346,172.217.194.0-255,1484,128207,64,255539
12219,0.001389,172.217.194.0-255,766,128973,64,255539
12220,0.001403,172.31.40.0-255,66,129039,64,255539
12221,0.001551,172.217.194.0-255,1484,130523,64,255539
12222,0.001556,172.217.194.0-255,1484,132007,64,255539
12223,0.001559,172.31.40.0-255,66,132073,64,255539
12224,0.001571,172.217.194.0-255,1484,133557,64,255539
12225,0.001583,172.217.194.0-255,5738,139295,64,255539
12226,0.001596,172.31.40.0-255,66,139361,64,255539
12227,0.001679,172.217.194.0-255,2184,141545,64,255539
12228,0.001693,172.31.40.0-255,66,141611,64,255539
12229,0.001726,172.217.194.0-255,1484,143095,64,255539
12230,0.00173,172.217.194.0-255,1484,144579,64,255539
12231,0.001741,172.217.194.0-255,1484,146063,64,255539
12232,0.001748,172.31.40.0-255,66,146129,64,255539
12233,0.001772,172.217.194.0-255,5738,151867,64,255539
12234,0.001809,172.31.40.0-255,66,151933,64,255539
12235,0.001818,172.31.40.0-255,66,151999,64,255539
12236,0.001825,172.217.194.0-255,5738,157737,64,255539
12237,0.00188,172.217.194.0-255,2902,160639,64,255539
12238,0.001897,172.31.40.0-255,66,160705,64,255539
12239,0.001906,172.217.194.0-255,1484,162189,64,255539
12240,0.001937,172.217.194.0-255,5020,167209,64,255539
12241,0.001945,172.217.194.0-255,7156,174365,64,255539
12242,0.001967,172.217.194.0-255,2902,177267,64,255539
12243,0.001994,172.217.194.0-255,7156,184423,64,255539
12244,0.002002,172.31.40.0-255,66,184489,64,255539
12245,0.002015,172.217.194.0-255,5738,190227,64,255539
12246,0.002024,172.217.194.0-255,2184,192411,64,255539
12247,0.002029,172.217.194.0-255,2902,195313,64,255539
12248,0.002052,172.217.194.0-255,7156,202469,64,255539
12249,0.002061,172.31.40.0-255,66,202535,64,255539
12250,0.002066,172.217.194.0-255,2902,205437,64,255539
12251,0.002072,172.31.40.0-255,66,205503,64,255539
12252,0.002092,172.217.194.0-255,5738,211241,64,255539
12253,0.002112,172.31.40.0-255,66,211307,64,255539
12254,0.002127,172.217.194.0-255,5738,217045,64,255539
12255,0.002164,172.217.194.0-255,7156,224201,64,255539
12256,0.00217,172.31.40.0-255,66,224267,64,255539
12257,0.00221,172.31.40.0-255,66,224333,64,255539
12258,0.004357,172.217.194.0-255,5738,230071,64,255539
12259,0.010252,172.31.40.0-255,66,230137,64,255539
12260,0.011052,172.217.194.0-255,1484,231621,64,255539
12261,0.012384,172.217.194.0-255,4320,235941,64,255539
12262,0.012389,172.31.40.0-255,66,236007,64,255539
12263,0.014545,172.217.194.0-255,5738,241745,64,255539
12264,0.014553,172.31.40.0-255,66,241811,64,255539
12265,0.016677,172.217.194.0-255,5738,247549,64,255539
12266,0.016685,172.31.40.0-255,66,247615,64,255539
12267,0.018834,172.217.194.0-255,3395,251010,64,255539
12268,0.018844,172.31.40.0-255,66,251076,64,255539
12269,0.020425,172.31.40.0-255,105,251181,64,255539
12270,0.022522,172.217.194.0-255,66,251247,64,255539
12271,0.03217,172.31.40.0-255,172,251419,64,255539
12272,0.032198,172.31.40.0-255,1112,252531,64,255539
12273,0.032252,172.31.40.0-255,1514,254045,64,255539
12274,0.032253,172.31.40.0-255,1296,255341,64,255539
12275,0.033866,104.244.42.0-255,66,255407,64,255539
12276,0.033893,104.244.42.0-255,66,255473,64,255539
12277,0.033952,104.244.42.0-255,66,255539,64,255539
12278,0.0,172.217.194.0-255,153,153,64,233863
12279,1.5e-05,172.31.40.0-255,66,219,64,233863
12280,2.1e-05,172.217.194.0-255,1484,1703,64,233863
12281,2.5e-05,172.31.40.0-255,66,1769,64,233863
12282,2.9e-05,172.217.194.0-255,1484,3253,64,233863
12283,3.2e-05,172.31.40.0-255,66,3319,64,233863
12284,6.1e-05,172.217.194.0-255,4320,7639,64,233863
12285,6.3e-05,172.31.40.0-255,66,7705,64,233863
12286,9.9e-05,172.31.40.0-255,66,7771,64,233863
12287,0.000128,172.217.194.0-255,2055,9826,64,233863
12288,0.00013,172.31.40.0-255,66,9892,64,233863
12289,0.000147,172.31.40.0-255,66,9958,64,233863
12290,0.000149,172.217.194.0-255,1125,11083,64,233863
12291,0.000152,172.31.40.0-255,66,11149,64,233863
12292,0.000214,172.217.194.0-255,1484,12633,64,233863
12293,0.000217,172.31.40.0-255,66,12699,64,233863
12294,0.000234,172.217.194.0-255,1484,14183,64,233863
12295,0.000236,172.31.40.0-255,66,14249,64,233863
12296,0.000247,172.217.194.0-255,1484,15733,64,233863
12297,0.000249,172.31.40.0-255,66,15799,64,233863
12298,0.000256,172.217.194.0-255,1484,17283,64,233863
12299,0.000258,172.31.40.0-255,66,17349,64,233863
12300,0.000264,172.217.194.0-255,5738,23087,64,233863
12301,0.000267,172.31.40.0-255,66,23153,64,233863
12302,0.000289,172.217.194.0-255,2902,26055,64,233863
12303,0.000292,172.31.40.0-255,66,26121,64,233863
12304,0.000327,172.31.40.0-255,66,26187,64,233863
12305,0.000333,172.217.194.0-255,4320,30507,64,233863
12306,0.000335,172.31.40.0-255,66,30573,64,233863
12307,0.000369,172.217.194.0-255,4249,34822,64,233863
12308,0.000372,172.31.40.0-255,66,34888,64,233863
12309,0.000375,172.217.194.0-255,366,35254,64,233863
12310,0.00041,172.217.194.0-255,1484,36738,64,233863
12311,0.000413,172.31.40.0-255,66,36804,64,233863
12312,0.00044,172.217.194.0-255,4320,41124,64,233863
12313,0.000443,172.31.40.0-255,66,41190,64,233863
12314,0.000446,172.217.194.0-255,1484,42674,64,233863
12315,0.000474,172.217.194.0-255,5738,48412,64,233863
12316,0.000477,172.31.40.0-255,66,48478,64,233863
12317,0.000518,172.31.40.0-255,66,48544,64,233863
12318,0.000554,172.31.40.0-255,66,48610,64,233863
12319,0.000581,172.217.194.0-255,1636,50246,64,233863
12320,0.000584,172.31.40.0-255,66,50312,64,233863
12321,0.000609,172.217.194.0-255,1484,51796,64,233863
12322,0.000614,172.217.194.0-255,2902,54698,64,233863
12323,0.000617,172.31.40.0-255,66,54764,64,233863
12324,0.000645,172.217.194.0-255,5738,60502,64,233863
12325,0.000648,172.31.40.0-255,66,60568,64,233863
12326,0.000651,172.217.194.0-255,1484,62052,64,233863
12327,0.000682,172.217.194.0-255,4320,66372,64,233863
12328,0.000685,172.31.40.0-255,66,66438,64,233863
12329,0.000691,172.217.194.0-255,5738,72176,64,233863
12330,0.000693,172.31.40.0-255,66,72242,64,233863
12331,0.000721,172.217.194.0-255,7156,79398,64,233863
12332,0.000724,172.31.40.0-255,66,79464,64,233863
12333,0.000729,172.217.194.0-255,5020,84484,64,233863
12334,0.000731,172.31.40.0-255,66,84550,64,233863
12335,0.001037,172.217.194.0-255,1484,86034,64,233863
12336,0.001057,172.217.194.0-255,2902,88936,64,233863
12337,0.001061,172.31.40.0-255,66,89002,64,233863
12338,0.001067,172.217.194.0-255,5738,94740,64,233863
12339,0.001068,172.31.40.0-255,66,94806,64,233863
12340,0.001128,172.31.40.0-255,66,94872,64,233863
12341,0.001146,172.217.194.0-255,4320,99192,64,233863
12342,0.001152,172.217.194.0-255,7156,106348,64,233863
12343,0.001157,172.31.40.0-255,66,106414,64,233863
12344,0.001159,172.31.40.0-255,66,106480,64,233863
12345,0.001171,172.217.194.0-255,3602,110082,64,233863
12346,0.001177,172.31.40.0-255,66,110148,64,233863
12347,0.001535,172.217.194.0-255,1484,111632,64,233863
12348,0.00154,172.217.194.0-255,2902,114534,64,233863
12349,0.001543,172.31.40.0-255,66,114600,64,233863
12350,0.001547,172.217.194.0-255,2902,117502,64,233863
12351,0.001549,172.31.40.0-255,66,117568,64,233863
12352,0.00157,172.217.194.0-255,2902,120470,64,233863
12353,0.001572,172.31.40.0-255,66,120536,64,233863
12354,0.001578,172.217.194.0-255,7156,127692,64,233863
12355,0.00158,172.31.40.0-255,66,127758,64,233863
12356,0.001618,172.217.194.0-255,2902,130660,64,233863
12357,0.001621,172.31.40.0-255,66,130726,64,233863
12358,0.001636,172.31.40.0-255,66,130792,64,233863
12359,0.00164,172.217.194.0-255,2184,132976,64,233863
12360,0.001642,172.31.40.0-255,66,133042,64,233863
12361,0.00262,172.217.194.0-255,1484,134526,64,233863
12362,0.002631,172.217.194.0-255,2902,137428,64,233863
12363,0.002635,172.31.40.0-255,66,137494,64,233863
12364,0.002643,172.217.194.0-255,5738,143232,64,233863
12365,0.002646,172.31.40.0-255,66,143298,64,233863
12366,0.002671,172.217.194.0-255,2902,146200,64,233863
12367,0.002673,172.31.40.0-255,66,146266,64,233863
12368,0.002699,172.217.194.0-255,2902,149168,64,233863
12369,0.002702,172.31.40.0-255,66,149234,64,233863
12370,0.002705,172.217.194.0-255,1484,150718,64,233863
12371,0.002716,172.31.40.0-255,66,150784,64,233863
12372,0.002725,172.217.194.0-255,2902,153686,64,233863
12373,0.002727,172.31.40.0-255,66,153752,64,233863
12374,0.002733,172.217.194.0-255,5020,158772,64,233863
12375,0.002739,172.31.40.0-255,66,158838,64,233863
12376,0.002943,172.217.194.0-255,1484,160322,64,233863
12377,0.002951,172.217.194.0-255,2902,163224,64,233863
12378,0.002955,172.31.40.0-255,66,163290,64,233863
12379,0.002962,172.217.194.0-255,5738,169028,64,233863
12380,0.002964,172.31.40.0-255,66,169094,64,233863
12381,0.003008,172.217.194.0-255,5738,174832,64,233863
12382,0.003011,172.31.40.0-255,66,174898,64,233863
12383,0.003025,172.31.40.0-255,66,174964,64,233863
12384,0.003032,172.217.194.0-255,5020,179984,64,233863
12385,0.003034,172.31.40.0-255,66,180050,64,233863
12386,0.003152,172.217.194.0-255,1484,181534,64,233863
12387,0.003157,172.217.194.0-255,1484,183018,64,233863
12388,0.00316,172.31.40.0-255,66,183084,64,233863
12389,0.003184,172.217.194.0-255,1484,184568,64,233863
12390,0.003191,172.217.194.0-255,5738,190306,64,233863
12391,0.003194,172.31.40.0-255,66,190372,64,233863
12392,0.003199,172.217.194.0-255,4320,194692,64,233863
12393,0.003201,172.31.40.0-255,66,194758,64,233863
12394,0.003204,172.217.194.0-255,1484,196242,64,233863
12395,0.003232,172.217.194.0-255,2902,199144,64,233863
12396,0.003234,172.31.40.0-255,66,199210,64,233863
12397,0.003271,172.31.40.0-255,66,199276,64,233863
12398,0.003277,172.217.194.0-255,4320,203596,64,233863
12399,0.003279,172.31.40.0-255,66,203662,64,233863
12400,0.003282,172.217.194.0-255,766,204428,64,233863
12401,0.003294,172.217.194.0-255,5738,210166,64,233863
12402,0.003296,172.31.40.0-255,66,210232,64,233863
12403,0.0033,172.217.194.0-255,2902,213134,64,233863
12404,0.003302,172.31.40.0-255,66,213200,64,233863
12405,0.003305,172.217.194.0-255,1484,214684,64,233863
12406,0.003308,172.217.194.0-255,1484,216168,64,233863
12407,0.00331,172.31.40.0-255,66,216234,64,233863
12408,0.003361,172.31.40.0-255,66,216300,64,233863
12409,0.003364,172.217.194.0-255,1484,217784,64,233863
12410,0.003379,172.31.40.0-255,66,217850,64,233863
12411,0.003382,172.217.194.0-255,766,218616,64,233863
12412,0.003456,172.31.40.0-255,66,218682,64,233863
12413,0.003492,172.217.194.0-255,7156,225838,64,233863
12414,0.003495,172.31.40.0-255,66,225904,64,233863
12415,0.003499,172.217.194.0-255,2902,228806,64,233863
12416,0.003502,172.31.40.0-255,66,228872,64,233863
12417,0.003527,172.31.40.0-255,66,228938,64,233863
12418,0.003545,172.31.40.0-255,66,229004,64,233863
12419,0.003548,172.217.194.0-255,159,229163,64,233863
12420,0.003551,172.217.194.0-255,105,229268,64,233863
12421,0.005237,172.31.40.0-255,66,229334,64,233863
12422,0.005268,172.31.40.0-255,105,229439,64,233863
12423,0.007831,172.217.194.0-255,66,229505,64,233863
12424,0.031626,172.31.40.0-255,172,229677,64,233863
12425,0.031662,172.31.40.0-255,1112,230789,64,233863
12426,0.03172,172.31.40.0-255,1514,232303,64,233863
12427,0.031741,172.31.40.0-255,1296,233599,64,233863
12428,0.033316,104.244.42.0-255,66,233665,64,233863
12429,0.033346,104.244.42.0-255,66,233731,64,233863
12430,0.033402,104.244.42.0-255,66,233797,64,233863
12431,0.033418,104.244.42.0-255,66,233863,64,233863
12432,0.0,172.217.194.0-255,153,153,64,168330
12433,2.4e-05,172.31.40.0-255,66,219,64,168330
12434,3.2e-05,172.217.194.0-255,1484,1703,64,168330
12435,3.7e-05,172.31.40.0-255,66,1769,64,168330
12436,4.5e-05,172.217.194.0-255,2902,4671,64,168330
12437,4.9e-05,172.31.40.0-255,66,4737,64,168330
12438,5.7e-05,172.217.194.0-255,7156,11893,64,168330
12439,6e-05,172.31.40.0-255,66,11959,64,168330
12440,0.0001,172.31.40.0-255,66,12025,64,168330
12441,0.000117,172.217.194.0-255,2543,14568,64,168330
12442,0.00012,172.31.40.0-255,66,14634,64,168330
12443,0.000157,172.217.194.0-255,2902,17536,64,168330
12444,0.000159,172.31.40.0-255,66,17602,64,168330
12445,0.000182,172.217.194.0-255,5738,23340,64,168330
12446,0.000185,172.31.40.0-255,66,23406,64,168330
12447,0.000187,172.217.194.0-255,1484,24890,64,168330
12448,0.000189,172.31.40.0-255,66,24956,64,168330
12449,0.000205,172.217.194.0-255,2902,27858,64,168330
12450,0.000208,172.31.40.0-255,66,27924,64,168330
12451,0.000224,172.217.194.0-255,5738,33662,64,168330
12452,0.000226,172.31.40.0-255,66,33728,64,168330
12453,0.000245,172.217.194.0-255,7156,40884,64,168330
12454,0.000248,172.31.40.0-255,66,40950,64,168330
12455,0.000275,172.31.40.0-255,66,41016,64,168330
12456,0.000278,172.217.194.0-255,410,41426,64,168330
12457,0.00028,172.31.40.0-255,66,41492,64,168330
12458,0.000351,172.217.194.0-255,1484,42976,64,168330
12459,0.000354,172.31.40.0-255,66,43042,64,168330
12460,0.000359,172.217.194.0-255,2902,45944,64,168330
12461,0.000362,172.31.40.0-255,66,46010,64,168330
12462,0.000366,172.217.194.0-255,2902,48912,64,168330
12463,0.000368,172.31.40.0-255,66,48978,64,168330
12464,0.000391,172.217.194.0-255,2902,51880,64,168330
12465,0.000393,172.31.40.0-255,66,51946,64,168330
12466,0.0004,172.217.194.0-255,5738,57684,64,168330
12467,0.000402,172.31.40.0-255,66,57750,64,168330
12468,0.000413,172.31.40.0-255,66,57816,64,168330
12469,0.000444,172.217.194.0-255,4320,62136,64,168330
12470,0.000446,172.31.40.0-255,66,62202,64,168330
12471,0.000453,172.217.194.0-255,5020,67222,64,168330
12472,0.000455,172.31.40.0-255,66,67288,64,168330
12473,0.000513,172.217.194.0-255,5738,73026,64,168330
12474,0.000515,172.31.40.0-255,66,73092,64,168330
12475,0.00052,172.217.194.0-255,4320,77412,64,168330
12476,0.000523,172.31.40.0-255,66,77478,64,168330
12477,0.000535,172.31.40.0-255,66,77544,64,168330
12478,0.000541,172.217.194.0-255,5738,83282,64,168330
12479,0.000543,172.31.40.0-255,66,83348,64,168330
12480,0.000575,172.31.40.0-255,66,83414,64,168330
12481,0.000579,172.217.194.0-255,2902,86316,64,168330
12482,0.000581,172.31.40.0-255,66,86382,64,168330
12483,0.000599,172.217.194.0-255,5379,91761,64,168330
12484,0.000601,172.31.40.0-255,66,91827,64,168330
12485,0.00064,172.217.194.0-255,1484,93311,64,168330
12486,0.000661,172.217.194.0-255,2902,96213,64,168330
12487,0.000663,172.31.40.0-255,66,96279,64,168330
12488,0.00067,172.217.194.0-255,5738,102017,64,168330
12489,0.000672,172.31.40.0-255,66,102083,64,168330
12490,0.000694,172.31.40.0-255,66,102149,64,168330
12491,0.000746,172.31.40.0-255,66,102215,64,168330
12492,0.000761,172.217.194.0-255,5020,107235,64,168330
12493,0.000762,172.31.40.0-255,66,107301,64,168330
12494,0.000815,172.217.194.0-255,1484,108785,64,168330
12495,0.000819,172.217.194.0-255,2902,111687,64,168330
12496,0.000822,172.31.40.0-255,66,111753,64,168330
12497,0.000827,172.217.194.0-255,2902,114655,64,168330
12498,0.000829,172.31.40.0-255,66,114721,64,168330
12499,0.000844,172.217.194.0-255,2902,117623,64,168330
12500,0.000846,172.31.40.0-255,66,117689,64,168330
12501,0.000854,172.217.194.0-255,7156,124845,64,168330
12502,0.000856,172.31.40.0-255,66,124911,64,168330
12503,0.000877,172.217.194.0-255,5738,130649,64,168330
12504,0.00088,172.31.40.0-255,66,130715,64,168330
12505,0.000922,172.31.40.0-255,66,130781,64,168330
12506,0.000934,172.31.40.0-255,66,130847,64,168330
12507,0.000975,172.31.40.0-255,66,130913,64,168330
12508,0.000981,172.217.194.0-255,5020,135933,64,168330
12509,0.000984,172.31.40.0-255,66,135999,64,168330
12510,0.001027,172.217.194.0-255,1484,137483,64,168330
12511,0.001049,172.217.194.0-255,2902,140385,64,168330
12512,0.001055,172.31.40.0-255,66,140451,64,168330
12513,0.001068,172.217.194.0-255,5738,146189,64,168330
12514,0.001071,172.31.40.0-255,66,146255,64,168330
12515,0.001104,172.31.40.0-255,66,146321,64,168330
12516,0.001114,172.217.194.0-255,1484,147805,64,168330
12517,0.001117,172.217.194.0-255,1484,149289,64,168330
12518,0.00112,172.31.40.0-255,66,149355,64,168330
12519,0.001212,172.217.194.0-255,1484,150839,64,168330
12520,0.001221,172.31.40.0-255,66,150905,64,168330
12521,0.001278,172.31.40.0-255,66,150971,64,168330
12522,0.00129,172.217.194.0-255,2902,153873,64,168330
12523,0.001327,172.31.40.0-255,66,153939,64,168330
12524,0.001336,172.217.194.0-255,4320,158259,64,168330
12525,0.001341,172.31.40.0-255,66,158325,64,168330
12526,0.001376,172.217.194.0-255,4320,162645,64,168330
12527,0.001384,172.31.40.0-255,66,162711,64,168330
12528,0.001418,172.31.40.0-255,66,162777,64,168330
12529,0.001482,172.217.194.0-255,1115,163892,64,168330
12530,0.001485,172.217.194.0-255,105,163997,64,168330
12531,0.001489,172.31.40.0-255,66,164063,64,168330
12532,0.01134,172.31.40.0-255,105,164168,64,168330
12533,0.013485,172.217.194.0-255,66,164234,64,168330
12534,0.039634,172.31.40.0-255,172,164406,64,168330
12535,0.039668,172.31.40.0-255,1108,165514,64,168330
12536,0.039729,172.31.40.0-255,1514,167028,64,168330
12537,0.039731,172.31.40.0-255,1302,168330,64,168330
12538,0.0,172.217.194.0-255,153,153,64,196384
12539,2.7e-05,172.31.40.0-255,66,219,64,196384
12540,3.4e-05,172.217.194.0-255,1484,1703,64,196384
12541,3.8e-05,172.31.40.0-255,66,1769,64,196384
12542,4.3e-05,172.217.194.0-255,2902,4671,64,196384
12543,4.5e-05,172.31.40.0-255,66,4737,64,196384
12544,5.3e-05,172.217.194.0-255,7156,11893,64,196384
12545,5.4e-05,172.31.40.0-255,66,11959,64,196384
12546,5.8e-05,172.217.194.0-255,2057,14016,64,196384
12547,6e-05,172.31.40.0-255,66,14082,64,196384
12548,8.7e-05,172.217.194.0-255,2902,16984,64,196384
12549,9.1e-05,172.31.40.0-255,66,17050,64,196384
12550,0.000117,172.31.40.0-255,66,17116,64,196384
12551,0.000129,172.31.40.0-255,66,17182,64,196384
12552,0.000154,172.31.40.0-255,66,17248,64,196384
12553,0.000162,172.217.194.0-255,5738,22986,64,196384
12554,0.000164,172.31.40.0-255,66,23052,64,196384
12555,0.000184,172.217.194.0-255,2184,25236,64,196384
12556,0.000187,172.31.40.0-255,66,25302,64,196384
12557,0.000197,172.31.40.0-255,66,25368,64,196384
12558,0.0002,172.217.194.0-255,1484,26852,64,196384
12559,0.000202,172.31.40.0-255,66,26918,64,196384
12560,0.000229,172.217.194.0-255,1447,28365,64,196384
12561,0.000232,172.31.40.0-255,66,28431,64,196384
12562,0.000236,172.217.194.0-255,2902,31333,64,196384
12563,0.000238,172.31.40.0-255,66,31399,64,196384
12564,0.000245,172.217.194.0-255,7156,38555,64,196384
12565,0.000248,172.31.40.0-255,66,38621,64,196384
12566,0.000252,172.217.194.0-255,4320,42941,64,196384
12567,0.000254,172.31.40.0-255,66,43007,64,196384
12568,0.0003,172.31.40.0-255,66,43073,64,196384
12569,0.00031,172.31.40.0-255,66,43139,64,196384
12570,0.000324,172.217.194.0-255,2902,46041,64,196384
12571,0.000326,172.31.40.0-255,66,46107,64,196384
12572,0.000345,172.217.194.0-255,5738,51845,64,196384
12573,0.000348,172.31.40.0-255,66,51911,64,196384
12574,0.00036,172.31.40.0-255,66,51977,64,196384
12575,0.000392,172.31.40.0-255,66,52043,64,196384
12576,0.000544,172.217.194.0-255,1484,53527,64,196384
12577,0.00055,172.217.194.0-255,2902,56429,64,196384
12578,0.000553,172.31.40.0-255,66,56495,64,196384
12579,0.00056,172.217.194.0-255,5738,62233,64,196384
12580,0.000562,172.31.40.0-255,66,62299,64,196384
12581,0.000619,172.217.194.0-255,7156,69455,64,196384
12582,0.000622,172.31.40.0-255,66,69521,64,196384
12583,0.000625,172.217.194.0-255,1484,71005,64,196384
12584,0.000665,172.31.40.0-255,66,71071,64,196384
12585,0.000677,172.217.194.0-255,4320,75391,64,196384
12586,0.000681,172.217.194.0-255,2902,78293,64,196384
12587,0.000681,172.31.40.0-255,66,78359,64,196384
12588,0.000684,172.31.40.0-255,66,78425,64,196384
12589,0.000696,172.217.194.0-255,2902,81327,64,196384
12590,0.000699,172.31.40.0-255,66,81393,64,196384
12591,0.000704,172.217.194.0-255,2902,84295,64,196384
12592,0.000706,172.31.40.0-255,66,84361,64,196384
12593,0.000727,172.31.40.0-255,66,84427,64,196384
12594,0.000729,172.217.194.0-255,1484,85911,64,196384
12595,0.000751,172.217.194.0-255,5738,91649,64,196384
12596,0.000754,172.31.40.0-255,66,91715,64,196384
12597,0.000774,172.217.194.0-255,5020,96735,64,196384
12598,0.000777,172.31.40.0-255,66,96801,64,196384
12599,0.000812,172.31.40.0-255,66,96867,64,196384
12600,0.000835,172.217.194.0-255,7156,104023,64,196384
12601,0.000839,172.31.40.0-255,66,104089,64,196384
12602,0.000849,172.31.40.0-255,66,104155,64,196384
12603,0.000866,172.217.194.0-255,5738,109893,64,196384
12604,0.000869,172.31.40.0-255,66,109959,64,196384
12605,0.000899,172.217.194.0-255,2184,112143,64,196384
12606,0.000902,172.31.40.0-255,66,112209,64,196384
12607,0.000917,172.31.40.0-255,66,112275,64,196384
12608,0.000939,172.217.194.0-255,4320,116595,64,196384
12609,0.000939,172.31.40.0-255,66,116661,64,196384
12610,0.000942,172.31.40.0-255,66,116727,64,196384
12611,0.000971,172.217.194.0-255,2184,118911,64,196384
12612,0.000975,172.31.40.0-255,66,118977,64,196384
12613,0.000982,172.217.194.0-255,7156,126133,64,196384
12614,0.000985,172.31.40.0-255,66,126199,64,196384
12615,0.000996,172.31.40.0-255,66,126265,64,196384
12616,0.001019,172.217.194.0-255,5738,132003,64,196384
12617,0.001022,172.31.40.0-255,66,132069,64,196384
12618,0.001029,172.217.194.0-255,6438,138507,64,196384
12619,0.001031,172.31.40.0-255,66,138573,64,196384
12620,0.001034,172.217.194.0-255,1484,140057,64,196384
12621,0.001039,172.217.194.0-255,2902,142959,64,196384
12622,0.001041,172.31.40.0-255,66,143025,64,196384
12623,0.001073,172.217.194.0-255,5738,148763,64,196384
12624,0.001076,172.31.40.0-255,66,148829,64,196384
12625,0.001088,172.31.40.0-255,66,148895,64,196384
12626,0.001116,172.217.194.0-255,4320,153215,64,196384
12627,0.001119,172.31.40.0-255,66,153281,64,196384
12628,0.001127,172.217.194.0-255,7156,160437,64,196384
12629,0.001129,172.31.40.0-255,66,160503,64,196384
12630,0.001177,172.217.194.0-255,3602,164105,64,196384
12631,0.001181,172.31.40.0-255,66,164171,64,196384
12632,0.001199,172.217.194.0-255,1484,165655,64,196384
12633,0.001232,172.217.194.0-255,2902,168557,64,196384
12634,0.001236,172.31.40.0-255,66,168623,64,196384
12635,0.001242,172.217.194.0-255,5738,174361,64,196384
12636,0.001245,172.31.40.0-255,66,174427,64,196384
12637,0.001249,172.217.194.0-255,2902,177329,64,196384
12638,0.001251,172.31.40.0-255,66,177395,64,196384
12639,0.001278,172.31.40.0-255,66,177461,64,196384
12640,0.00129,172.31.40.0-255,66,177527,64,196384
12641,0.001292,172.217.194.0-255,766,178293,64,196384
12642,0.001314,172.217.194.0-255,1484,179777,64,196384
12643,0.001317,172.31.40.0-255,66,179843,64,196384
12644,0.001323,172.217.194.0-255,4320,184163,64,196384
12645,0.001325,172.31.40.0-255,66,184229,64,196384
12646,0.001362,172.31.40.0-255,66,184295,64,196384
12647,0.001373,172.31.40.0-255,66,184361,64,196384
12648,0.001415,172.217.194.0-255,7156,191517,64,196384
12649,0.001419,172.31.40.0-255,66,191583,64,196384
12650,0.001445,172.31.40.0-255,66,191649,64,196384
12651,0.001449,172.217.194.0-255,105,191754,64,196384
12652,0.006888,172.31.40.0-255,101,191855,64,196384
12653,0.00852,172.31.40.0-255,105,191960,64,196384
12654,0.009008,172.217.194.0-255,66,192026,64,196384
12655,0.010641,172.217.194.0-255,66,192092,64,196384
12656,0.030041,172.31.40.0-255,172,192264,64,196384
12657,0.030073,172.31.40.0-255,1112,193376,64,196384
12658,0.030116,172.31.40.0-255,1514,194890,64,196384
12659,0.030118,172.31.40.0-255,1296,196186,64,196384
12660,0.031703,104.244.42.0-255,66,196252,64,196384
12661,0.031746,104.244.42.0-255,66,196318,64,196384
12662,0.031792,104.244.42.0-255,66,196384,64,196384
12663,0.0,74.125.68.0-255,162,162,64,368947
12664,2.2e-05,172.31.40.0-255,66,228,64,368947
12665,2.9e-05,74.125.68.0-255,1484,1712,64,368947
12666,3.3e-05,172.31.40.0-255,66,1778,64,368947
12667,3.7e-05,74.125.68.0-255,2902,4680,64,368947
12668,4e-05,172.31.40.0-255,66,4746,64,368947
12669,6.2e-05,74.125.68.0-255,4320,9066,64,368947
12670,6.4e-05,172.31.40.0-255,66,9132,64,368947
12671,7e-05,74.125.68.0-255,4874,14006,64,368947
12672,7.2e-05,172.31.40.0-255,66,14072,64,368947
12673,0.000119,74.125.68.0-255,1484,15556,64,368947
12674,0.000122,172.31.40.0-255,66,15622,64,368947
12675,0.000127,74.125.68.0-255,2902,18524,64,368947
12676,0.000129,172.31.40.0-255,66,18590,64,368947
12677,0.000145,74.125.68.0-255,4320,22910,64,368947
12678,0.000148,172.31.40.0-255,66,22976,64,368947
12679,0.000164,74.125.68.0-255,1484,24460,64,368947
12680,0.000166,172.31.40.0-255,66,24526,64,368947
12681,0.000174,74.125.68.0-255,6797,31323,64,368947
12682,0.000177,172.31.40.0-255,66,31389,64,368947
12683,0.000275,74.125.68.0-255,1484,32873,64,368947
12684,0.000279,172.31.40.0-255,66,32939,64,368947
12685,0.000285,74.125.68.0-255,2902,35841,64,368947
12686,0.000287,172.31.40.0-255,66,35907,64,368947
12687,0.00029,74.125.68.0-255,1484,37391,64,368947
12688,0.000292,172.31.40.0-255,66,37457,64,368947
12689,0.000324,74.125.68.0-255,4320,41777,64,368947
12690,0.000327,172.31.40.0-255,66,41843,64,368947
12691,0.000331,74.125.68.0-255,2902,44745,64,368947
12692,0.000333,172.31.40.0-255,66,44811,64,368947
12693,0.000348,74.125.68.0-255,2902,47713,64,368947
12694,0.000351,172.31.40.0-255,66,47779,64,368947
12695,0.000389,172.31.40.0-255,66,47845,64,368947
12696,0.000394,74.125.68.0-255,4320,52165,64,368947
12697,0.000397,172.31.40.0-255,66,52231,64,368947
12698,0.000429,74.125.68.0-255,5684,57915,64,368947
12699,0.000432,172.31.40.0-255,66,57981,64,368947
12700,0.000451,74.125.68.0-255,381,58362,64,368947
12701,0.000826,74.125.68.0-255,1484,59846,64,368947
12702,0.000831,172.31.40.0-255,66,59912,64,368947
12703,0.000837,74.125.68.0-255,2902,62814,64,368947
12704,0.000839,172.31.40.0-255,66,62880,64,368947
12705,0.000843,74.125.68.0-255,1484,64364,64,368947
12706,0.000859,74.125.68.0-255,1484,65848,64,368947
12707,0.000864,74.125.68.0-255,4320,70168,64,368947
12708,0.000868,172.31.40.0-255,66,70234,64,368947
12709,0.00087,172.31.40.0-255,66,70300,64,368947
12710,0.000878,74.125.68.0-255,1484,71784,64,368947
12711,0.000911,74.125.68.0-255,7156,78940,64,368947
12712,0.000914,172.31.40.0-255,66,79006,64,368947
12713,0.000921,74.125.68.0-255,5738,84744,64,368947
12714,0.000923,172.31.40.0-255,66,84810,64,368947
12715,0.000956,74.125.68.0-255,4320,89130,64,368947
12716,0.000959,172.31.40.0-255,66,89196,64,368947
12717,0.000983,74.125.68.0-255,2902,92098,64,368947
12718,0.000986,172.31.40.0-255,66,92164,64,368947
12719,0.000989,74.125.68.0-255,766,92930,64,368947
12720,0.001132,74.125.68.0-255,1484,94414,64,368947
12721,0.001135,172.31.40.0-255,66,94480,64,368947
12722,0.001153,74.125.68.0-255,2902,97382,64,368947
12723,0.001156,172.31.40.0-255,66,97448,64,368947
12724,0.00116,74.125.68.0-255,2902,100350,64,368947
12725,0.001162,172.31.40.0-255,66,100416,64,368947
12726,0.001167,74.125.68.0-255,2902,103318,64,368947
12727,0.00117,172.31.40.0-255,66,103384,64,368947
12728,0.001194,74.125.68.0-255,1484,104868,64,368947
12729,0.001207,172.31.40.0-255,66,104934,64,368947
12730,0.001213,74.125.68.0-255,5738,110672,64,368947
12731,0.001215,172.31.40.0-255,66,110738,64,368947
12732,0.00125,74.125.68.0-255,7156,117894,64,368947
12733,0.001253,172.31.40.0-255,66,117960,64,368947
12734,0.001256,74.125.68.0-255,766,118726,64,368947
12735,0.001418,74.125.68.0-255,1484,120210,64,368947
12736,0.001422,172.31.40.0-255,66,120276,64,368947
12737,0.001443,74.125.68.0-255,2902,123178,64,368947
12738,0.001446,172.31.40.0-255,66,123244,64,368947
12739,0.001451,74.125.68.0-255,4320,127564,64,368947
12740,0.001453,172.31.40.0-255,66,127630,64,368947
12741,0.001473,74.125.68.0-255,1484,129114,64,368947
12742,0.001478,74.125.68.0-255,2902,132016,64,368947
12743,0.00148,172.31.40.0-255,66,132082,64,368947
12744,0.001495,74.125.68.0-255,4320,136402,64,368947
12745,0.001498,172.31.40.0-255,66,136468,64,368947
12746,0.001527,74.125.68.0-255,5738,142206,64,368947
12747,0.00153,172.31.40.0-255,66,142272,64,368947
12748,0.001534,74.125.68.0-255,2902,145174,64,368947
12749,0.001537,172.31.40.0-255,66,145240,64,368947
12750,0.001542,74.125.68.0-255,4320,149560,64,368947
12751,0.001544,172.31.40.0-255,66,149626,64,368947
12752,0.00157,74.125.68.0-255,3602,153228,64,368947
12753,0.001572,172.31.40.0-255,66,153294,64,368947
12754,0.001595,74.125.68.0-255,4320,157614,64,368947
12755,0.001598,172.31.40.0-255,66,157680,64,368947
12756,0.001614,74.125.68.0-255,5738,163418,64,368947
12757,0.001616,172.31.40.0-255,66,163484,64,368947
12758,0.001646,74.125.68.0-255,4320,167804,64,368947
12759,0.001649,172.31.40.0-255,66,167870,64,368947
12760,0.001679,74.125.68.0-255,7156,175026,64,368947
12761,0.001682,172.31.40.0-255,66,175092,64,368947
12762,0.001686,74.125.68.0-255,2902,177994,64,368947
12763,0.001689,172.31.40.0-255,66,178060,64,368947
12764,0.001707,74.125.68.0-255,5738,183798,64,368947
12765,0.00171,172.31.40.0-255,66,183864,64,368947
12766,0.001715,74.125.68.0-255,3602,187466,64,368947
12767,0.001718,172.31.40.0-255,66,187532,64,368947
12768,0.001933,74.125.68.0-255,1484,189016,64,368947
12769,0.001937,74.125.68.0-255,1484,190500,64,368947
12770,0.001942,172.31.40.0-255,66,190566,64,368947
12771,0.001955,74.125.68.0-255,1484,192050,64,368947
12772,0.001976,74.125.68.0-255,5738,197788,64,368947
12773,0.001979,172.31.40.0-255,66,197854,64,368947
12774,0.001987,74.125.68.0-255,7156,205010,64,368947
12775,0.001989,172.31.40.0-255,66,205076,64,368947
12776,0.002012,74.125.68.0-255,4320,209396,64,368947
12777,0.002014,172.31.40.0-255,66,209462,64,368947
12778,0.002037,74.125.68.0-255,4320,213782,64,368947
12779,0.00204,172.31.40.0-255,66,213848,64,368947
12780,0.002066,74.125.68.0-255,4320,218168,64,368947
12781,0.002068,172.31.40.0-255,66,218234,64,368947
12782,0.002083,74.125.68.0-255,3602,221836,64,368947
12783,0.002086,172.31.40.0-255,66,221902,64,368947
12784,0.00217,74.125.68.0-255,1484,223386,64,368947
12785,0.00219,74.125.68.0-255,2902,226288,64,368947
12786,0.002194,172.31.40.0-255,66,226354,64,368947
12787,0.0022,74.125.68.0-255,4320,230674,64,368947
12788,0.002203,172.31.40.0-255,66,230740,64,368947
12789,0.002214,74.125.68.0-255,1484,232224,64,368947
12790,0.002224,74.125.68.0-255,4320,236544,64,368947
12791,0.002226,172.31.40.0-255,66,236610,64,368947
12792,0.002231,74.125.68.0-255,2902,239512,64,368947
12793,0.002233,172.31.40.0-255,66,239578,64,368947
12794,0.002249,74.125.68.0-255,2902,242480,64,368947
12795,0.002251,172.31.40.0-255,66,242546,64,368947
12796,0.002294,172.31.40.0-255,66,242612,64,368947
12797,0.002298,74.125.68.0-255,2184,244796,64,368947
12798,0.0023,172.31.40.0-255,66,244862,64,368947
12799,0.002322,74.125.68.0-255,4320,249182,64,368947
12800,0.002325,172.31.40.0-255,66,249248,64,368947
12801,0.00235,172.31.40.0-255,66,249314,64,368947
12802,0.002409,172.31.40.0-255,66,249380,64,368947
12803,0.004745,74.125.68.0-255,5738,255118,64,368947
12804,0.004751,172.31.40.0-255,66,255184,64,368947
12805,0.007083,74.125.68.0-255,5738,260922,64,368947
12806,0.007091,172.31.40.0-255,66,260988,64,368947
12807,0.009422,74.125.68.0-255,5738,266726,64,368947
12808,0.009427,172.31.40.0-255,66,266792,64,368947
12809,0.011764,74.125.68.0-255,5738,272530,64,368947
12810,0.011771,172.31.40.0-255,66,272596,64,368947
12811,0.014111,74.125.68.0-255,5738,278334,64,368947
12812,0.014119,172.31.40.0-255,66,278400,64,368947
12813,0.016466,74.125.68.0-255,5738,284138,64,368947
12814,0.01647,172.31.40.0-255,66,284204,64,368947
12815,0.0188,74.125.68.0-255,5738,289942,64,368947
12816,0.018809,172.31.40.0-255,66,290008,64,368947
12817,0.021162,74.125.68.0-255,5738,295746,64,368947
12818,0.021169,172.31.40.0-255,66,295812,64,368947
12819,0.023498,74.125.68.0-255,5738,301550,64,368947
12820,0.023506,172.31.40.0-255,66,301616,64,368947
12821,0.025842,74.125.68.0-255,5738,307354,64,368947
12822,0.025849,172.31.40.0-255,66,307420,64,368947
12823,0.028184,74.125.68.0-255,5738,313158,64,368947
12824,0.028191,172.31.40.0-255,66,313224,64,368947
12825,0.029755,172.31.40.0-255,167,313391,64,368947
12826,0.029782,172.31.40.0-255,1112,314503,64,368947
12827,0.029828,172.31.40.0-255,1514,316017,64,368947
12828,0.029829,172.31.40.0-255,1296,317313,64,368947
12829,0.030531,74.125.68.0-255,5738,323051,64,368947
12830,0.030537,172.31.40.0-255,66,323117,64,368947
12831,0.031273,104.244.42.0-255,66,323183,64,368947
12832,0.031345,104.244.42.0-255,66,323249,64,368947
12833,0.031394,104.244.42.0-255,66,323315,64,368947
12834,0.032882,74.125.68.0-255,5738,329053,64,368947
12835,0.032888,172.31.40.0-255,66,329119,64,368947
12836,0.035221,74.125.68.0-255,5738,334857,64,368947
12837,0.035228,172.31.40.0-255,66,334923,64,368947
12838,0.037565,74.125.68.0-255,5738,340661,64,368947
12839,0.037572,172.31.40.0-255,66,340727,64,368947
12840,0.039898,74.125.68.0-255,5738,346465,64,368947
12841,0.039905,172.31.40.0-255,66,346531,64,368947
12842,0.042246,74.125.68.0-255,5738,352269,64,368947
12843,0.042255,172.31.40.0-255,66,352335,64,368947
12844,0.044581,74.125.68.0-255,5738,358073,64,368947
12845,0.044586,172.31.40.0-255,66,358139,64,368947
12846,0.04692,74.125.68.0-255,5738,363877,64,368947
12847,0.046927,172.31.40.0-255,66,363943,64,368947
12848,0.049253,74.125.68.0-255,4767,368710,64,368947
12849,0.049258,172.31.40.0-255,66,368776,64,368947
12850,0.049393,172.31.40.0-255,105,368881,64,368947
12851,0.051688,74.125.68.0-255,66,368947,64,368947
12852,0.0,172.253.118.0-255,146,146,64,259400
12853,2.2e-05,172.31.40.0-255,66,212,64,259400
12854,4.7e-05,172.253.118.0-255,1484,1696,64,259400
12855,5.2e-05,172.31.40.0-255,66,1762,64,259400
12856,5.7e-05,172.253.118.0-255,2902,4664,64,259400
12857,6e-05,172.31.40.0-255,66,4730,64,259400
12858,6.3e-05,172.253.118.0-255,1484,6214,64,259400
12859,6.6e-05,172.31.40.0-255,66,6280,64,259400
12860,8.4e-05,172.253.118.0-255,4320,10600,64,259400
12861,8.6e-05,172.31.40.0-255,66,10666,64,259400
12862,0.000104,172.253.118.0-255,3542,14208,64,259400
12863,0.000107,172.31.40.0-255,66,14274,64,259400
12864,0.000113,172.253.118.0-255,4320,18594,64,259400
12865,0.000115,172.31.40.0-255,66,18660,64,259400
12866,0.000144,172.31.40.0-255,66,18726,64,259400
12867,0.000148,172.253.118.0-255,2543,21269,64,259400
12868,0.00015,172.31.40.0-255,66,21335,64,259400
12869,0.000268,172.253.118.0-255,1484,22819,64,259400
12870,0.000272,172.31.40.0-255,66,22885,64,259400
12871,0.000294,172.253.118.0-255,2902,25787,64,259400
12872,0.000297,172.31.40.0-255,66,25853,64,259400
12873,0.000303,172.253.118.0-255,5738,31591,64,259400
12874,0.000305,172.31.40.0-255,66,31657,64,259400
12875,0.000312,172.253.118.0-255,7156,38813,64,259400
12876,0.000314,172.31.40.0-255,66,38879,64,259400
12877,0.000367,172.31.40.0-255,66,38945,64,259400
12878,0.000379,172.253.118.0-255,2902,41847,64,259400
12879,0.000381,172.31.40.0-255,66,41913,64,259400
12880,0.000385,172.253.118.0-255,2184,44097,64,259400
12881,0.000387,172.31.40.0-255,66,44163,64,259400
12882,0.000532,172.253.118.0-255,404,44567,64,259400
12883,0.000572,172.253.118.0-255,109,44676,64,259400
12884,0.000697,172.253.118.0-255,1484,46160,64,259400
12885,0.000706,172.31.40.0-255,66,46226,64,259400
12886,0.000712,172.253.118.0-255,2902,49128,64,259400
12887,0.000715,172.31.40.0-255,66,49194,64,259400
12888,0.00072,172.253.118.0-255,4320,53514,64,259400
12889,0.000722,172.31.40.0-255,66,53580,64,259400
12890,0.00075,172.253.118.0-255,1484,55064,64,259400
12891,0.000764,172.31.40.0-255,66,55130,64,259400
12892,0.00077,172.253.118.0-255,7156,62286,64,259400
12893,0.000772,172.31.40.0-255,66,62352,64,259400
12894,0.000813,172.253.118.0-255,3865,66217,64,259400
12895,0.000816,172.31.40.0-255,66,66283,64,259400
12896,0.000953,172.253.118.0-255,1484,67767,64,259400
12897,0.000971,172.253.118.0-255,2902,70669,64,259400
12898,0.000974,172.31.40.0-255,66,70735,64,259400
12899,0.001001,172.253.118.0-255,5738,76473,64,259400
12900,0.001003,172.31.40.0-255,66,76539,64,259400
12901,0.001009,172.253.118.0-255,4320,80859,64,259400
12902,0.001011,172.31.40.0-255,66,80925,64,259400
12903,0.001054,172.253.118.0-255,4320,85245,64,259400
12904,0.001057,172.31.40.0-255,66,85311,64,259400
12905,0.001081,172.253.118.0-255,7156,92467,64,259400
12906,0.001084,172.31.40.0-255,66,92533,64,259400
12907,0.001112,172.253.118.0-255,5738,98271,64,259400
12908,0.001115,172.31.40.0-255,66,98337,64,259400
12909,0.001134,172.253.118.0-255,2184,100521,64,259400
12910,0.001136,172.31.40.0-255,66,100587,64,259400
12911,0.001187,172.253.118.0-255,1484,102071,64,259400
12912,0.001192,172.253.118.0-255,2902,104973,64,259400
12913,0.001195,172.31.40.0-255,66,105039,64,259400
12914,0.00122,172.253.118.0-255,5738,110777,64,259400
12915,0.001223,172.31.40.0-255,66,110843,64,259400
12916,0.001258,172.31.40.0-255,66,110909,64,259400
12917,0.001268,172.253.118.0-255,1484,112393,64,259400
12918,0.001302,172.31.40.0-255,66,112459,64,259400
12919,0.001312,172.253.118.0-255,1484,113943,64,259400
12920,0.001325,172.253.118.0-255,2902,116845,64,259400
12921,0.001327,172.31.40.0-255,66,116911,64,259400
12922,0.001347,172.253.118.0-255,5738,122649,64,259400
12923,0.00135,172.31.40.0-255,66,122715,64,259400
12924,0.001353,172.253.118.0-255,1484,124199,64,259400
12925,0.001385,172.253.118.0-255,7156,131355,64,259400
12926,0.001388,172.31.40.0-255,66,131421,64,259400
12927,0.001403,172.253.118.0-255,1484,132905,64,259400
12928,0.001406,172.253.118.0-255,1484,134389,64,259400
12929,0.00141,172.31.40.0-255,66,134455,64,259400
12930,0.00143,172.31.40.0-255,66,134521,64,259400
12931,0.00146,172.253.118.0-255,3602,138123,64,259400
12932,0.001467,172.31.40.0-255,101,138224,64,259400
12933,0.001476,172.31.40.0-255,66,138290,64,259400
12934,0.001591,172.253.118.0-255,1484,139774,64,259400
12935,0.001597,172.253.118.0-255,2902,142676,64,259400
12936,0.001601,172.31.40.0-255,66,142742,64,259400
12937,0.001624,172.253.118.0-255,5738,148480,64,259400
12938,0.001627,172.31.40.0-255,66,148546,64,259400
12939,0.001631,172.253.118.0-255,1484,150030,64,259400
12940,0.001657,172.31.40.0-255,66,150096,64,259400
12941,0.001663,172.253.118.0-255,4320,154416,64,259400
12942,0.001665,172.31.40.0-255,66,154482,64,259400
12943,0.001697,172.253.118.0-255,6438,160920,64,259400
12944,0.001701,172.31.40.0-255,66,160986,64,259400
12945,0.001824,172.253.118.0-255,1484,162470,64,259400
12946,0.00183,172.253.118.0-255,2902,165372,64,259400
12947,0.001834,172.31.40.0-255,66,165438,64,259400
12948,0.001887,172.253.118.0-255,5738,171176,64,259400
12949,0.001897,172.253.118.0-255,5738,176914,64,259400
12950,0.001904,172.253.118.0-255,5738,182652,64,259400
12951,0.001908,172.31.40.0-255,66,182718,64,259400
12952,0.001911,172.31.40.0-255,66,182784,64,259400
12953,0.001914,172.31.40.0-255,66,182850,64,259400
12954,0.00193,172.253.118.0-255,7156,190006,64,259400
12955,0.001933,172.31.40.0-255,66,190072,64,259400
12956,0.001943,172.31.40.0-255,66,190138,64,259400
12957,0.001954,172.31.40.0-255,66,190204,64,259400
12958,0.002,172.31.40.0-255,66,190270,64,259400
12959,0.002041,172.253.118.0-255,4320,194590,64,259400
12960,0.002044,172.31.40.0-255,66,194656,64,259400
12961,0.002072,172.253.118.0-255,6438,201094,64,259400
12962,0.002076,172.31.40.0-255,66,201160,64,259400
12963,0.002119,172.253.118.0-255,1484,202644,64,259400
12964,0.002135,172.253.118.0-255,2902,205546,64,259400
12965,0.002138,172.31.40.0-255,66,205612,64,259400
12966,0.002162,172.253.118.0-255,5738,211350,64,259400
12967,0.002165,172.31.40.0-255,66,211416,64,259400
12968,0.002171,172.253.118.0-255,4320,215736,64,259400
12969,0.002172,172.31.40.0-255,66,215802,64,259400
12970,0.00219,172.253.118.0-255,1484,217286,64,259400
12971,0.002221,172.31.40.0-255,66,217352,64,259400
12972,0.002226,172.253.118.0-255,7156,224508,64,259400
12973,0.002229,172.31.40.0-255,66,224574,64,259400
12974,0.002249,172.253.118.0-255,766,225340,64,259400
12975,0.002271,172.253.118.0-255,1484,226824,64,259400
12976,0.002274,172.31.40.0-255,66,226890,64,259400
12977,0.002283,172.253.118.0-255,2902,229792,64,259400
12978,0.002286,172.31.40.0-255,66,229858,64,259400
12979,0.002305,172.253.118.0-255,1484,231342,64,259400
12980,0.002316,172.31.40.0-255,66,231408,64,259400
12981,0.002322,172.253.118.0-255,7156,238564,64,259400
12982,0.002324,172.31.40.0-255,66,238630,64,259400
12983,0.002343,172.253.118.0-255,1484,240114,64,259400
12984,0.002373,172.253.118.0-255,2902,243016,64,259400
12985,0.002376,172.31.40.0-255,66,243082,64,259400
12986,0.002407,172.31.40.0-255,66,243148,64,259400
12987,0.002418,172.31.40.0-255,66,243214,64,259400
12988,0.002421,172.253.118.0-255,1484,244698,64,259400
12989,0.002457,172.31.40.0-255,66,244764,64,259400
12990,0.002475,172.253.118.0-255,4320,249084,64,259400
12991,0.002477,172.31.40.0-255,66,249150,64,259400
12992,0.002503,172.253.118.0-255,6518,255668,64,259400
12993,0.002506,172.31.40.0-255,66,255734,64,259400
12994,0.002524,172.253.118.0-255,105,255839,64,259400
12995,0.004004,172.253.118.0-255,66,255905,64,259400
12996,0.004441,172.31.40.0-255,105,256010,64,259400
12997,0.006979,172.253.118.0-255,66,256076,64,259400
12998,0.036161,172.31.40.0-255,167,256243,64,259400
12999,0.036196,172.31.40.0-255,1107,257350,64,259400
13000,0.036256,172.31.40.0-255,1514,258864,64,259400
13001,0.036259,172.31.40.0-255,338,259202,64,259400
13002,0.037741,104.244.42.0-255,66,259268,64,259400
13003,0.037751,104.244.42.0-255,66,259334,64,259400
13004,0.037816,104.244.42.0-255,66,259400,64,259400
13005,0.0,172.31.40.0-255,105,105,64,459
13006,0.00022,172.31.40.0-255,90,195,64,459
13007,0.000229,172.31.40.0-255,66,261,64,459
13008,0.002812,74.125.24.0-255,66,327,64,459
13009,0.002837,74.125.24.0-255,66,393,64,459
13010,0.002858,172.31.40.0-255,66,459,64,459
13011,0.0,74.125.68.0-255,153,153,64,346121
13012,2.3e-05,172.31.40.0-255,66,219,64,346121
13013,3e-05,74.125.68.0-255,1484,1703,64,346121
13014,3.5e-05,172.31.40.0-255,66,1769,64,346121
13015,4.9e-05,74.125.68.0-255,2902,4671,64,346121
13016,5.2e-05,172.31.40.0-255,66,4737,64,346121
13017,5.9e-05,74.125.68.0-255,5738,10475,64,346121
13018,6.2e-05,172.31.40.0-255,66,10541,64,346121
13019,0.000103,74.125.68.0-255,6247,16788,64,346121
13020,0.000107,172.31.40.0-255,66,16854,64,346121
13021,0.000113,74.125.68.0-255,5738,22592,64,346121
13022,0.000116,172.31.40.0-255,66,22658,64,346121
13023,0.000155,74.125.68.0-255,1484,24142,64,346121
13024,0.000159,172.31.40.0-255,66,24208,64,346121
13025,0.00019,74.125.68.0-255,5738,29946,64,346121
13026,0.000193,172.31.40.0-255,66,30012,64,346121
13027,0.000196,74.125.68.0-255,1125,31137,64,346121
13028,0.000198,172.31.40.0-255,66,31203,64,346121
13029,0.000244,74.125.68.0-255,1484,32687,64,346121
13030,0.000247,172.31.40.0-255,66,32753,64,346121
13031,0.000275,74.125.68.0-255,2902,35655,64,346121
13032,0.000277,172.31.40.0-255,66,35721,64,346121
13033,0.000283,74.125.68.0-255,5738,41459,64,346121
13034,0.000286,172.31.40.0-255,66,41525,64,346121
13035,0.000308,74.125.68.0-255,1484,43009,64,346121
13036,0.00031,172.31.40.0-255,66,43075,64,346121
13037,0.000343,74.125.68.0-255,7156,50231,64,346121
13038,0.000346,172.31.40.0-255,66,50297,64,346121
13039,0.00035,74.125.68.0-255,2902,53199,64,346121
13040,0.000353,172.31.40.0-255,66,53265,64,346121
13041,0.00039,74.125.68.0-255,7156,60421,64,346121
13042,0.000393,172.31.40.0-255,66,60487,64,346121
13043,0.000398,74.125.68.0-255,4320,64807,64,346121
13044,0.000401,172.31.40.0-255,66,64873,64,346121
13045,0.000426,74.125.68.0-255,1095,65968,64,346121
13046,0.000444,74.125.68.0-255,117,66085,64,346121
13047,0.000656,74.125.68.0-255,1484,67569,64,346121
13048,0.000662,172.31.40.0-255,66,67635,64,346121
13049,0.000668,74.125.68.0-255,2902,70537,64,346121
13050,0.000671,172.31.40.0-255,66,70603,64,346121
13051,0.000674,74.125.68.0-255,1484,72087,64,346121
13052,0.000694,74.125.68.0-255,2902,74989,64,346121
13053,0.0007,172.31.40.0-255,66,75055,64,346121
13054,0.000727,172.31.40.0-255,66,75121,64,346121
13055,0.000733,74.125.68.0-255,5738,80859,64,346121
13056,0.000736,172.31.40.0-255,66,80925,64,346121
13057,0.00074,74.125.68.0-255,2902,83827,64,346121
13058,0.000744,172.31.40.0-255,66,83893,64,346121
13059,0.000767,74.125.68.0-255,4320,88213,64,346121
13060,0.000774,172.31.40.0-255,66,88279,64,346121
13061,0.000779,74.125.68.0-255,3602,91881,64,346121
13062,0.000781,172.31.40.0-255,66,91947,64,346121
13063,0.000785,74.125.68.0-255,1484,93431,64,346121
13064,0.000816,74.125.68.0-255,2902,96333,64,346121
13065,0.000819,172.31.40.0-255,66,96399,64,346121
13066,0.000838,74.125.68.0-255,2225,98624,64,346121
13067,0.000846,172.31.40.0-255,66,98690,64,346121
13068,0.00095,74.125.68.0-255,1484,100174,64,346121
13069,0.000954,74.125.68.0-255,1484,101658,64,346121
13070,0.000968,74.125.68.0-255,1484,103142,64,346121
13071,0.00099,74.125.68.0-255,5738,108880,64,346121
13072,0.000994,74.125.68.0-255,1484,110364,64,346121
13073,0.000999,172.31.40.0-255,66,110430,64,346121
13074,0.001029,74.125.68.0-255,5738,116168,64,346121
13075,0.001032,74.125.68.0-255,1484,117652,64,346121
13076,0.001063,172.31.40.0-255,66,117718,64,346121
13077,0.001092,74.125.68.0-255,4320,122038,64,346121
13078,0.001097,172.31.40.0-255,66,122104,64,346121
13079,0.001123,74.125.68.0-255,2184,124288,64,346121
13080,0.001133,172.31.40.0-255,66,124354,64,346121
13081,0.002136,74.125.68.0-255,1484,125838,64,346121
13082,0.002145,74.125.68.0-255,2902,128740,64,346121
13083,0.002149,172.31.40.0-255,66,128806,64,346121
13084,0.002189,74.125.68.0-255,5738,134544,64,346121
13085,0.002192,172.31.40.0-255,66,134610,64,346121
13086,0.002199,74.125.68.0-255,5738,140348,64,346121
13087,0.002201,172.31.40.0-255,66,140414,64,346121
13088,0.002231,74.125.68.0-255,2902,143316,64,346121
13089,0.002233,172.31.40.0-255,66,143382,64,346121
13090,0.002246,172.31.40.0-255,66,143448,64,346121
13091,0.002264,74.125.68.0-255,5020,148468,64,346121
13092,0.002267,172.31.40.0-255,66,148534,64,346121
13093,0.002429,74.125.68.0-255,1484,150018,64,346121
13094,0.002446,74.125.68.0-255,1484,151502,64,346121
13095,0.00245,172.31.40.0-255,66,151568,64,346121
13096,0.002456,74.125.68.0-255,2902,154470,64,346121
13097,0.002458,172.31.40.0-255,66,154536,64,346121
13098,0.0025,74.125.68.0-255,4320,158856,64,346121
13099,0.002504,172.31.40.0-255,66,158922,64,346121
13100,0.00254,74.125.68.0-255,5738,164660,64,346121
13101,0.002543,172.31.40.0-255,66,164726,64,346121
13102,0.002549,74.125.68.0-255,4320,169046,64,346121
13103,0.002551,172.31.40.0-255,66,169112,64,346121
13104,0.002582,74.125.68.0-255,5738,174850,64,346121
13105,0.002585,172.31.40.0-255,66,174916,64,346121
13106,0.002643,172.31.40.0-255,66,174982,64,346121
13107,0.005252,74.125.68.0-255,5738,180720,64,346121
13108,0.005259,172.31.40.0-255,66,180786,64,346121
13109,0.007881,74.125.68.0-255,4320,185106,64,346121
13110,0.007886,172.31.40.0-255,66,185172,64,346121
13111,0.007912,74.125.68.0-255,1484,186656,64,346121
13112,0.010514,74.125.68.0-255,4320,190976,64,346121
13113,0.010523,172.31.40.0-255,66,191042,64,346121
13114,0.013146,74.125.68.0-255,5738,196780,64,346121
13115,0.013153,172.31.40.0-255,66,196846,64,346121
13116,0.015795,74.125.68.0-255,5738,202584,64,346121
13117,0.015804,172.31.40.0-255,66,202650,64,346121
13118,0.018441,74.125.68.0-255,5738,208388,64,346121
13119,0.01845,172.31.40.0-255,66,208454,64,346121
13120,0.021067,74.125.68.0-255,5738,214192,64,346121
13121,0.021075,172.31.40.0-255,66,214258,64,346121
13122,0.02369,74.125.68.0-255,5738,219996,64,346121
13123,0.023698,172.31.40.0-255,66,220062,64,346121
13124,0.025607,172.31.40.0-255,171,220233,64,346121
13125,0.025635,172.31.40.0-255,1136,221369,64,346121
13126,0.025682,172.31.40.0-255,1514,222883,64,346121
13127,0.025683,172.31.40.0-255,1156,224039,64,346121
13128,0.026324,74.125.68.0-255,5738,229777,64,346121
13129,0.02633,172.31.40.0-255,66,229843,64,346121
13130,0.027171,104.244.42.0-255,66,229909,64,346121
13131,0.027225,104.244.42.0-255,66,229975,64,346121
13132,0.027253,104.244.42.0-255,66,230041,64,346121
13133,0.028948,74.125.68.0-255,5738,235779,64,346121
13134,0.028954,172.31.40.0-255,66,235845,64,346121
13135,0.031576,74.125.68.0-255,5738,241583,64,346121
13136,0.031583,172.31.40.0-255,66,241649,64,346121
13137,0.03422,74.125.68.0-255,5738,247387,64,346121
13138,0.034226,172.31.40.0-255,66,247453,64,346121
13139,0.036846,74.125.68.0-255,5738,253191,64,346121
13140,0.036852,172.31.40.0-255,66,253257,64,346121
13141,0.039475,74.125.68.0-255,5738,258995,64,346121
13142,0.039482,172.31.40.0-255,66,259061,64,346121
13143,0.042134,74.125.68.0-255,5738,264799,64,346121
13144,0.042145,172.31.40.0-255,66,264865,64,346121
13145,0.044765,74.125.68.0-255,5738,270603,64,346121
13146,0.044774,172.31.40.0-255,66,270669,64,346121
13147,0.04741,74.125.68.0-255,5738,276407,64,346121
13148,0.04742,172.31.40.0-255,66,276473,64,346121
13149,0.050046,74.125.68.0-255,5738,282211,64,346121
13150,0.050053,172.31.40.0-255,66,282277,64,346121
13151,0.052679,74.125.68.0-255,5738,288015,64,346121
13152,0.052687,172.31.40.0-255,66,288081,64,346121
13153,0.055308,74.125.68.0-255,5738,293819,64,346121
13154,0.055314,172.31.40.0-255,66,293885,64,346121
13155,0.057936,74.125.68.0-255,5738,299623,64,346121
13156,0.057943,172.31.40.0-255,66,299689,64,346121
13157,0.060576,74.125.68.0-255,5738,305427,64,346121
13158,0.060584,172.31.40.0-255,66,305493,64,346121
13159,0.063204,74.125.68.0-255,5738,311231,64,346121
13160,0.063211,172.31.40.0-255,66,311297,64,346121
13161,0.065834,74.125.68.0-255,5738,317035,64,346121
13162,0.065841,172.31.40.0-255,66,317101,64,346121
13163,0.068458,74.125.68.0-255,5738,322839,64,346121
13164,0.068466,172.31.40.0-255,66,322905,64,346121
13165,0.071088,74.125.68.0-255,5738,328643,64,346121
13166,0.071094,172.31.40.0-255,66,328709,64,346121
13167,0.073723,74.125.68.0-255,5738,334447,64,346121
13168,0.073729,172.31.40.0-255,66,334513,64,346121
13169,0.076344,74.125.68.0-255,5738,340251,64,346121
13170,0.07635,172.31.40.0-255,66,340317,64,346121
13171,0.078967,74.125.68.0-255,5738,346055,64,346121
13172,0.078973,172.31.40.0-255,66,346121,64,346121
13173,0.0,172.217.194.0-255,143,143,64,324246
13174,2.3e-05,172.31.40.0-255,66,209,64,324246
13175,3e-05,172.217.194.0-255,1484,1693,64,324246
13176,3.4e-05,172.31.40.0-255,66,1759,64,324246
13177,4.9e-05,172.217.194.0-255,2902,4661,64,324246
13178,5.3e-05,172.31.40.0-255,66,4727,64,324246
13179,6e-05,172.217.194.0-255,5738,10465,64,324246
13180,6.2e-05,172.31.40.0-255,66,10531,64,324246
13181,7e-05,172.217.194.0-255,6392,16923,64,324246
13182,7.3e-05,172.31.40.0-255,66,16989,64,324246
13183,8e-05,172.217.194.0-255,7156,24145,64,324246
13184,8.3e-05,172.31.40.0-255,66,24211,64,324246
13185,0.000115,172.217.194.0-255,6797,31008,64,324246
13186,0.000119,172.31.40.0-255,66,31074,64,324246
13187,0.000145,172.217.194.0-255,1484,32558,64,324246
13188,0.000148,172.31.40.0-255,66,32624,64,324246
13189,0.000153,172.217.194.0-255,2902,35526,64,324246
13190,0.000156,172.31.40.0-255,66,35592,64,324246
13191,0.000197,172.217.194.0-255,5738,41330,64,324246
13192,0.0002,172.31.40.0-255,66,41396,64,324246
13193,0.000205,172.217.194.0-255,4320,45716,64,324246
13194,0.000207,172.31.40.0-255,66,45782,64,324246
13195,0.000213,172.217.194.0-255,5738,51520,64,324246
13196,0.000216,172.31.40.0-255,66,51586,64,324246
13197,0.000242,172.217.194.0-255,6797,58383,64,324246
13198,0.000245,172.31.40.0-255,66,58449,64,324246
13199,0.000252,172.217.194.0-255,7047,65496,64,324246
13200,0.000254,172.31.40.0-255,66,65562,64,324246
13201,0.000257,172.217.194.0-255,436,65998,64,324246
13202,0.000259,172.31.40.0-255,66,66064,64,324246
13203,0.000465,172.217.194.0-255,1484,67548,64,324246
13204,0.00047,172.31.40.0-255,66,67614,64,324246
13205,0.000477,172.217.194.0-255,2902,70516,64,324246
13206,0.00048,172.31.40.0-255,66,70582,64,324246
13207,0.000492,172.217.194.0-255,5738,76320,64,324246
13208,0.000495,172.31.40.0-255,66,76386,64,324246
13209,0.000501,172.217.194.0-255,4320,80706,64,324246
13210,0.000503,172.31.40.0-255,66,80772,64,324246
13211,0.00051,172.217.194.0-255,7156,87928,64,324246
13212,0.000513,172.31.40.0-255,66,87994,64,324246
13213,0.000543,172.217.194.0-255,4320,92314,64,324246
13214,0.000546,172.31.40.0-255,66,92380,64,324246
13215,0.000557,172.31.40.0-255,66,92446,64,324246
13216,0.001427,172.217.194.0-255,1484,93930,64,324246
13217,0.001435,172.217.194.0-255,2902,96832,64,324246
13218,0.001439,172.31.40.0-255,66,96898,64,324246
13219,0.001447,172.217.194.0-255,5738,102636,64,324246
13220,0.001449,172.31.40.0-255,66,102702,64,324246
13221,0.001507,172.31.40.0-255,66,102768,64,324246
13222,0.001535,172.217.194.0-255,1484,104252,64,324246
13223,0.001548,172.31.40.0-255,66,104318,64,324246
13224,0.00213,172.217.194.0-255,1484,105802,64,324246
13225,0.002141,172.217.194.0-255,2902,108704,64,324246
13226,0.002145,172.31.40.0-255,66,108770,64,324246
13227,0.002152,172.217.194.0-255,2902,111672,64,324246
13228,0.002154,172.31.40.0-255,66,111738,64,324246
13229,0.002188,172.217.194.0-255,2902,114640,64,324246
13230,0.002191,172.31.40.0-255,66,114706,64,324246
13231,0.002206,172.31.40.0-255,66,114772,64,324246
13232,0.002209,172.217.194.0-255,1484,116256,64,324246
13233,0.002236,172.31.40.0-255,66,116322,64,324246
13234,0.002241,172.217.194.0-255,4320,120642,64,324246
13235,0.002243,172.31.40.0-255,66,120708,64,324246
13236,0.002283,172.31.40.0-255,66,120774,64,324246
13237,0.002296,172.31.40.0-255,66,120840,64,324246
13238,0.002302,172.217.194.0-255,4320,125160,64,324246
13239,0.002304,172.31.40.0-255,66,125226,64,324246
13240,0.002345,172.217.194.0-255,5020,130246,64,324246
13241,0.002349,172.31.40.0-255,66,130312,64,324246
13242,0.002361,172.31.40.0-255,66,130378,64,324246
13243,0.002372,172.31.40.0-255,66,130444,64,324246
13244,0.00238,172.217.194.0-255,7156,137600,64,324246
13245,0.002382,172.31.40.0-255,66,137666,64,324246
13246,0.002409,172.217.194.0-255,2902,140568,64,324246
13247,0.002411,172.31.40.0-255,66,140634,64,324246
13248,0.004717,172.217.194.0-255,2902,143536,64,324246
13249,0.004724,172.31.40.0-255,66,143602,64,324246
13250,0.004752,172.217.194.0-255,2902,146504,64,324246
13251,0.004754,172.31.40.0-255,66,146570,64,324246
13252,0.006989,172.217.194.0-255,2902,149472,64,324246
13253,0.006994,172.31.40.0-255,66,149538,64,324246
13254,0.007019,172.217.194.0-255,2902,152440,64,324246
13255,0.007021,172.31.40.0-255,66,152506,64,324246
13256,0.009295,172.217.194.0-255,5738,158244,64,324246
13257,0.009302,172.31.40.0-255,66,158310,64,324246
13258,0.011616,172.217.194.0-255,5738,164048,64,324246
13259,0.011629,172.31.40.0-255,66,164114,64,324246
13260,0.013944,172.217.194.0-255,5738,169852,64,324246
13261,0.013963,172.31.40.0-255,66,169918,64,324246
13262,0.016289,172.217.194.0-255,5738,175656,64,324246
13263,0.016306,172.31.40.0-255,66,175722,64,324246
13264,0.01862,172.217.194.0-255,5738,181460,64,324246
13265,0.018629,172.31.40.0-255,66,181526,64,324246
13266,0.020923,172.217.194.0-255,5738,187264,64,324246
13267,0.020935,172.31.40.0-255,66,187330,64,324246
13268,0.023253,172.217.194.0-255,5738,193068,64,324246
13269,0.023268,172.31.40.0-255,66,193134,64,324246
13270,0.025581,172.217.194.0-255,5738,198872,64,324246
13271,0.025594,172.31.40.0-255,66,198938,64,324246
13272,0.027903,172.217.194.0-255,5738,204676,64,324246
13273,0.027911,172.31.40.0-255,66,204742,64,324246
13274,0.030234,172.217.194.0-255,5738,210480,64,324246
13275,0.030248,172.31.40.0-255,66,210546,64,324246
13276,0.032626,172.217.194.0-255,5738,216284,64,324246
13277,0.032647,172.31.40.0-255,66,216350,64,324246
13278,0.03498,172.217.194.0-255,5738,222088,64,324246
13279,0.035004,172.31.40.0-255,66,222154,64,324246
13280,0.037306,172.217.194.0-255,5738,227892,64,324246
13281,0.03732,172.31.40.0-255,66,227958,64,324246
13282,0.03933,172.31.40.0-255,167,228125,64,324246
13283,0.039363,172.31.40.0-255,1107,229232,64,324246
13284,0.039429,172.31.40.0-255,1514,230746,64,324246
13285,0.039431,172.31.40.0-255,338,231084,64,324246
13286,0.039613,172.217.194.0-255,5738,236822,64,324246
13287,0.03962,172.31.40.0-255,66,236888,64,324246
13288,0.040867,104.244.42.0-255,66,236954,64,324246
13289,0.040928,104.244.42.0-255,66,237020,64,324246
13290,0.040979,104.244.42.0-255,66,237086,64,324246
13291,0.041911,172.217.194.0-255,5738,242824,64,324246
13292,0.041923,172.31.40.0-255,66,242890,64,324246
13293,0.044232,172.217.194.0-255,5738,248628,64,324246
13294,0.04424,172.31.40.0-255,66,248694,64,324246
13295,0.046526,172.217.194.0-255,5738,254432,64,324246
13296,0.046543,172.31.40.0-255,66,254498,64,324246
13297,0.048852,172.217.194.0-255,5738,260236,64,324246
13298,0.048876,172.31.40.0-255,66,260302,64,324246
13299,0.051194,172.217.194.0-255,5738,266040,64,324246
13300,0.051205,172.31.40.0-255,66,266106,64,324246
13301,0.053499,172.217.194.0-255,5738,271844,64,324246
13302,0.053507,172.31.40.0-255,66,271910,64,324246
13303,0.055816,172.217.194.0-255,5738,277648,64,324246
13304,0.055825,172.31.40.0-255,66,277714,64,324246
13305,0.058321,172.217.194.0-255,5738,283452,64,324246
13306,0.058329,172.31.40.0-255,66,283518,64,324246
13307,0.060639,172.217.194.0-255,5738,289256,64,324246
13308,0.060648,172.31.40.0-255,66,289322,64,324246
13309,0.062958,172.217.194.0-255,5738,295060,64,324246
13310,0.06297,172.31.40.0-255,66,295126,64,324246
13311,0.065436,172.217.194.0-255,5738,300864,64,324246
13312,0.06545,172.31.40.0-255,66,300930,64,324246
13313,0.067762,172.217.194.0-255,5738,306668,64,324246
13314,0.067772,172.31.40.0-255,66,306734,64,324246
13315,0.070079,172.217.194.0-255,5738,312472,64,324246
13316,0.070089,172.31.40.0-255,66,312538,64,324246
13317,0.0724,172.217.194.0-255,5738,318276,64,324246
13318,0.07241,172.31.40.0-255,66,318342,64,324246
13319,0.074704,172.217.194.0-255,5667,324009,64,324246
13320,0.074713,172.31.40.0-255,66,324075,64,324246
13321,0.074945,172.31.40.0-255,105,324180,64,324246
13322,0.077242,172.217.194.0-255,66,324246,64,324246
13323,0.0,74.125.24.0-255,150,150,64,271259
13324,2e-05,172.31.40.0-255,66,216,64,271259
13325,2.7e-05,74.125.24.0-255,1484,1700,64,271259
13326,3.1e-05,172.31.40.0-255,66,1766,64,271259
13327,3.7e-05,74.125.24.0-255,2902,4668,64,271259
13328,4e-05,172.31.40.0-255,66,4734,64,271259
13329,7e-05,74.125.24.0-255,7156,11890,64,271259
13330,7.3e-05,172.31.40.0-255,66,11956,64,271259
13331,7.5e-05,74.125.24.0-255,1484,13440,64,271259
13332,7.7e-05,172.31.40.0-255,66,13506,64,271259
13333,0.000114,74.125.24.0-255,1484,14990,64,271259
13334,0.000116,172.31.40.0-255,66,15056,64,271259
13335,0.000147,172.31.40.0-255,66,15122,64,271259
13336,0.000154,74.125.24.0-255,6797,21919,64,271259
13337,0.000156,172.31.40.0-255,66,21985,64,271259
13338,0.000225,74.125.24.0-255,1484,23469,64,271259
13339,0.000228,172.31.40.0-255,66,23535,64,271259
13340,0.000233,74.125.24.0-255,2902,26437,64,271259
13341,0.000235,172.31.40.0-255,66,26503,64,271259
13342,0.000255,74.125.24.0-255,1484,27987,64,271259
13343,0.000257,172.31.40.0-255,66,28053,64,271259
13344,0.000273,74.125.24.0-255,4320,32373,64,271259
13345,0.000275,172.31.40.0-255,66,32439,64,271259
13346,0.000299,74.125.24.0-255,2902,35341,64,271259
13347,0.0003,172.31.40.0-255,66,35407,64,271259
13348,0.000318,74.125.24.0-255,3961,39368,64,271259
13349,0.00032,172.31.40.0-255,66,39434,64,271259
13350,0.000324,74.125.24.0-255,4320,43754,64,271259
13351,0.000326,172.31.40.0-255,66,43820,64,271259
13352,0.000347,74.125.24.0-255,2902,46722,64,271259
13353,0.000349,172.31.40.0-255,66,46788,64,271259
13354,0.000351,74.125.24.0-255,1484,48272,64,271259
13355,0.00038,172.31.40.0-255,66,48338,64,271259
13356,0.000382,74.125.24.0-255,364,48702,64,271259
13357,0.000437,74.125.24.0-255,130,48832,64,271259
13358,0.000701,74.125.24.0-255,345,49177,64,271259
13359,0.000772,74.125.24.0-255,1484,50661,64,271259
13360,0.000776,172.31.40.0-255,66,50727,64,271259
13361,0.00078,74.125.24.0-255,1484,52211,64,271259
13362,0.000794,74.125.24.0-255,1484,53695,64,271259
13363,0.000796,172.31.40.0-255,66,53761,64,271259
13364,0.000799,74.125.24.0-255,1484,55245,64,271259
13365,0.000821,74.125.24.0-255,1484,56729,64,271259
13366,0.000824,172.31.40.0-255,66,56795,64,271259
13367,0.00083,74.125.24.0-255,4320,61115,64,271259
13368,0.000832,172.31.40.0-255,66,61181,64,271259
13369,0.000858,74.125.24.0-255,1484,62665,64,271259
13370,0.000872,74.125.24.0-255,3961,66626,64,271259
13371,0.000875,172.31.40.0-255,66,66692,64,271259
13372,0.000898,74.125.24.0-255,2902,69594,64,271259
13373,0.000901,172.31.40.0-255,66,69660,64,271259
13374,0.000926,74.125.24.0-255,2902,72562,64,271259
13375,0.000929,172.31.40.0-255,66,72628,64,271259
13376,0.000936,74.125.24.0-255,7156,79784,64,271259
13377,0.000938,172.31.40.0-255,66,79850,64,271259
13378,0.000953,74.125.24.0-255,3961,83811,64,271259
13379,0.000955,172.31.40.0-255,66,83877,64,271259
13380,0.003352,74.125.24.0-255,5738,89615,64,271259
13381,0.003359,172.31.40.0-255,66,89681,64,271259
13382,0.00577,74.125.24.0-255,4320,94001,64,271259
13383,0.005774,172.31.40.0-255,66,94067,64,271259
13384,0.005792,74.125.24.0-255,1484,95551,64,271259
13385,0.008311,74.125.24.0-255,4320,99871,64,271259
13386,0.008319,172.31.40.0-255,66,99937,64,271259
13387,0.010778,74.125.24.0-255,5738,105675,64,271259
13388,0.010786,172.31.40.0-255,66,105741,64,271259
13389,0.013233,74.125.24.0-255,5738,111479,64,271259
13390,0.013244,172.31.40.0-255,66,111545,64,271259
13391,0.015664,74.125.24.0-255,5738,117283,64,271259
13392,0.015672,172.31.40.0-255,66,117349,64,271259
13393,0.018096,74.125.24.0-255,5738,123087,64,271259
13394,0.018103,172.31.40.0-255,66,123153,64,271259
13395,0.020548,74.125.24.0-255,5738,128891,64,271259
13396,0.020554,172.31.40.0-255,66,128957,64,271259
13397,0.022971,74.125.24.0-255,5738,134695,64,271259
13398,0.022979,172.31.40.0-255,66,134761,64,271259
13399,0.023068,172.31.40.0-255,172,134933,64,271259
13400,0.023097,172.31.40.0-255,1112,136045,64,271259
13401,0.023163,172.31.40.0-255,1514,137559,64,271259
13402,0.023165,172.31.40.0-255,1296,138855,64,271259
13403,0.024705,104.244.42.0-255,66,138921,64,271259
13404,0.024782,104.244.42.0-255,66,138987,64,271259
13405,0.024829,104.244.42.0-255,66,139053,64,271259
13406,0.025372,74.125.24.0-255,5738,144791,64,271259
13407,0.025377,172.31.40.0-255,66,144857,64,271259
13408,0.027778,74.125.24.0-255,5738,150595,64,271259
13409,0.027785,172.31.40.0-255,66,150661,64,271259
13410,0.030211,74.125.24.0-255,5738,156399,64,271259
13411,0.030219,172.31.40.0-255,66,156465,64,271259
13412,0.032638,74.125.24.0-255,5738,162203,64,271259
13413,0.032645,172.31.40.0-255,66,162269,64,271259
13414,0.035146,74.125.24.0-255,5738,168007,64,271259
13415,0.035153,172.31.40.0-255,66,168073,64,271259
13416,0.037616,74.125.24.0-255,5738,173811,64,271259
13417,0.037622,172.31.40.0-255,66,173877,64,271259
13418,0.040063,74.125.24.0-255,5738,179615,64,271259
13419,0.040069,172.31.40.0-255,66,179681,64,271259
13420,0.042477,74.125.24.0-255,5738,185419,64,271259
13421,0.042482,172.31.40.0-255,66,185485,64,271259
13422,0.044961,74.125.24.0-255,5738,191223,64,271259
13423,0.044974,172.31.40.0-255,66,191289,64,271259
13424,0.047422,74.125.24.0-255,5738,197027,64,271259
13425,0.047429,172.31.40.0-255,66,197093,64,271259
13426,0.049836,74.125.24.0-255,5738,202831,64,271259
13427,0.049843,172.31.40.0-255,66,202897,64,271259
13428,0.052291,74.125.24.0-255,5738,208635,64,271259
13429,0.052299,172.31.40.0-255,66,208701,64,271259
13430,0.054747,74.125.24.0-255,5738,214439,64,271259
13431,0.054758,172.31.40.0-255,66,214505,64,271259
13432,0.057232,74.125.24.0-255,5738,220243,64,271259
13433,0.057239,172.31.40.0-255,66,220309,64,271259
13434,0.059695,74.125.24.0-255,5738,226047,64,271259
13435,0.059702,172.31.40.0-255,66,226113,64,271259
13436,0.062136,74.125.24.0-255,5738,231851,64,271259
13437,0.062143,172.31.40.0-255,66,231917,64,271259
13438,0.064593,74.125.24.0-255,5738,237655,64,271259
13439,0.0646,172.31.40.0-255,66,237721,64,271259
13440,0.067048,74.125.24.0-255,4320,242041,64,271259
13441,0.067055,172.31.40.0-255,66,242107,64,271259
13442,0.067074,74.125.24.0-255,1484,243591,64,271259
13443,0.069498,74.125.24.0-255,4320,247911,64,271259
13444,0.069504,172.31.40.0-255,66,247977,64,271259
13445,0.071933,74.125.24.0-255,1484,249461,64,271259
13446,0.07195,74.125.24.0-255,4320,253781,64,271259
13447,0.071955,172.31.40.0-255,66,253847,64,271259
13448,0.074438,74.125.24.0-255,5738,259585,64,271259
13449,0.074447,172.31.40.0-255,66,259651,64,271259
13450,0.07692,74.125.24.0-255,5738,265389,64,271259
13451,0.076927,172.31.40.0-255,66,265455,64,271259
13452,0.079329,74.125.24.0-255,5738,271193,64,271259
13453,0.079335,172.31.40.0-255,66,271259,64,271259
13454,0.0,74.125.200.0-255,150,150,64,324742
13455,1.7e-05,172.31.40.0-255,66,216,64,324742
13456,3.8e-05,74.125.200.0-255,1484,1700,64,324742
13457,4.2e-05,172.31.40.0-255,66,1766,64,324742
13458,4.7e-05,74.125.200.0-255,2902,4668,64,324742
13459,5e-05,172.31.40.0-255,66,4734,64,324742
13460,5.5e-05,74.125.200.0-255,2902,7636,64,324742
13461,5.7e-05,172.31.40.0-255,66,7702,64,324742
13462,8.3e-05,74.125.200.0-255,2902,10604,64,324742
13463,8.5e-05,172.31.40.0-255,66,10670,64,324742
13464,9.1e-05,74.125.200.0-255,3511,14181,64,324742
13465,9.3e-05,172.31.40.0-255,66,14247,64,324742
13466,9.9e-05,74.125.200.0-255,4320,18567,64,324742
13467,0.000101,172.31.40.0-255,66,18633,64,324742
13468,0.000148,172.31.40.0-255,66,18699,64,324742
13469,0.000176,74.125.200.0-255,2543,21242,64,324742
13470,0.000178,172.31.40.0-255,66,21308,64,324742
13471,0.000265,74.125.200.0-255,1484,22792,64,324742
13472,0.000269,172.31.40.0-255,66,22858,64,324742
13473,0.000276,74.125.200.0-255,2902,25760,64,324742
13474,0.000279,172.31.40.0-255,66,25826,64,324742
13475,0.000305,74.125.200.0-255,4320,30146,64,324742
13476,0.000307,172.31.40.0-255,66,30212,64,324742
13477,0.000327,74.125.200.0-255,2902,33114,64,324742
13478,0.000329,172.31.40.0-255,66,33180,64,324742
13479,0.000353,74.125.200.0-255,6797,39977,64,324742
13480,0.000355,172.31.40.0-255,66,40043,64,324742
13481,0.000358,74.125.200.0-255,1484,41527,64,324742
13482,0.00036,172.31.40.0-255,66,41593,64,324742
13483,0.000363,74.125.200.0-255,1484,43077,64,324742
13484,0.000365,172.31.40.0-255,66,43143,64,324742
13485,0.000386,74.125.200.0-255,1484,44627,64,324742
13486,0.000394,74.125.200.0-255,5738,50365,64,324742
13487,0.000396,172.31.40.0-255,66,50431,64,324742
13488,0.000422,74.125.200.0-255,5653,56084,64,324742
13489,0.000425,172.31.40.0-255,66,56150,64,324742
13490,0.000428,74.125.200.0-255,131,56281,64,324742
13491,0.000584,74.125.200.0-255,1484,57765,64,324742
13492,0.000588,172.31.40.0-255,66,57831,64,324742
13493,0.00061,74.125.200.0-255,2902,60733,64,324742
13494,0.000614,172.31.40.0-255,66,60799,64,324742
13495,0.00062,74.125.200.0-255,5738,66537,64,324742
13496,0.000622,172.31.40.0-255,66,66603,64,324742
13497,0.00065,74.125.200.0-255,7156,73759,64,324742
13498,0.000653,172.31.40.0-255,66,73825,64,324742
13499,0.000675,74.125.200.0-255,5738,79563,64,324742
13500,0.000678,172.31.40.0-255,66,79629,64,324742
13501,0.000702,74.125.200.0-255,4320,83949,64,324742
13502,0.000705,172.31.40.0-255,66,84015,64,324742
13503,0.000726,74.125.200.0-255,6438,90453,64,324742
13504,0.000729,172.31.40.0-255,66,90519,64,324742
13505,0.000746,74.125.200.0-255,4320,94839,64,324742
13506,0.000748,172.31.40.0-255,66,94905,64,324742
13507,0.000773,74.125.200.0-255,1484,96389,64,324742
13508,0.000781,74.125.200.0-255,7156,103545,64,324742
13509,0.000784,172.31.40.0-255,66,103611,64,324742
13510,0.00082,172.31.40.0-255,66,103677,64,324742
13511,0.000833,74.125.200.0-255,4320,107997,64,324742
13512,0.000836,172.31.40.0-255,66,108063,64,324742
13513,0.000857,74.125.200.0-255,6438,114501,64,324742
13514,0.000861,172.31.40.0-255,66,114567,64,324742
13515,0.000903,74.125.200.0-255,7156,121723,64,324742
13516,0.000906,172.31.40.0-255,66,121789,64,324742
13517,0.000925,74.125.200.0-255,1484,123273,64,324742
13518,0.000932,74.125.200.0-255,5738,129011,64,324742
13519,0.000934,172.31.40.0-255,66,129077,64,324742
13520,0.000958,74.125.200.0-255,4320,133397,64,324742
13521,0.00096,172.31.40.0-255,66,133463,64,324742
13522,0.000972,172.31.40.0-255,66,133529,64,324742
13523,0.00103,74.125.200.0-255,5020,138549,64,324742
13524,0.001041,172.31.40.0-255,66,138615,64,324742
13525,0.001047,74.125.200.0-255,4320,142935,64,324742
13526,0.001052,172.31.40.0-255,66,143001,64,324742
13527,0.001064,74.125.200.0-255,1765,144766,64,324742
13528,0.001076,74.125.200.0-255,2902,147668,64,324742
13529,0.00109,74.125.200.0-255,4320,151988,64,324742
13530,0.001095,74.125.200.0-255,2902,154890,64,324742
13531,0.001107,74.125.200.0-255,1484,156374,64,324742
13532,0.001113,172.31.40.0-255,66,156440,64,324742
13533,0.001131,74.125.200.0-255,5738,162178,64,324742
13534,0.001145,74.125.200.0-255,1484,163662,64,324742
13535,0.001159,74.125.200.0-255,4320,167982,64,324742
13536,0.001167,172.31.40.0-255,66,168048,64,324742
13537,0.001198,74.125.200.0-255,1484,169532,64,324742
13538,0.001211,74.125.200.0-255,3602,173134,64,324742
13539,0.001227,172.31.40.0-255,66,173200,64,324742
13540,0.001417,74.125.200.0-255,1484,174684,64,324742
13541,0.001434,74.125.200.0-255,2902,177586,64,324742
13542,0.001437,172.31.40.0-255,66,177652,64,324742
13543,0.001464,74.125.200.0-255,2902,180554,64,324742
13544,0.00147,74.125.200.0-255,4320,184874,64,324742
13545,0.001485,74.125.200.0-255,1484,186358,64,324742
13546,0.001491,172.31.40.0-255,66,186424,64,324742
13547,0.001512,74.125.200.0-255,7156,193580,64,324742
13548,0.001516,74.125.200.0-255,1484,195064,64,324742
13549,0.001523,172.31.40.0-255,66,195130,64,324742
13550,0.001535,74.125.200.0-255,4320,199450,64,324742
13551,0.001565,74.125.200.0-255,7156,206606,64,324742
13552,0.001568,74.125.200.0-255,766,207372,64,324742
13553,0.001573,172.31.40.0-255,66,207438,64,324742
13554,0.001718,74.125.200.0-255,1484,208922,64,324742
13555,0.001738,74.125.200.0-255,2902,211824,64,324742
13556,0.001742,172.31.40.0-255,66,211890,64,324742
13557,0.001761,74.125.200.0-255,1484,213374,64,324742
13558,0.001775,74.125.200.0-255,4320,217694,64,324742
13559,0.001783,172.31.40.0-255,66,217760,64,324742
13560,0.001794,74.125.200.0-255,1484,219244,64,324742
13561,0.001799,74.125.200.0-255,2902,222146,64,324742
13562,0.00181,74.125.200.0-255,5738,227884,64,324742
13563,0.001831,172.31.40.0-255,66,227950,64,324742
13564,0.001851,74.125.200.0-255,1484,229434,64,324742
13565,0.001854,172.31.40.0-255,66,229500,64,324742
13566,0.001884,74.125.200.0-255,2902,232402,64,324742
13567,0.001889,172.31.40.0-255,66,232468,64,324742
13568,0.001908,74.125.200.0-255,2902,235370,64,324742
13569,0.001925,74.125.200.0-255,1484,236854,64,324742
13570,0.001932,172.31.40.0-255,66,236920,64,324742
13571,0.001963,74.125.200.0-255,4320,241240,64,324742
13572,0.001968,172.31.40.0-255,66,241306,64,324742
13573,0.001982,74.125.200.0-255,5738,247044,64,324742
13574,0.001996,74.125.200.0-255,2184,249228,64,324742
13575,0.002012,74.125.200.0-255,7156,256384,64,324742
13576,0.002024,74.125.200.0-255,1484,257868,64,324742
13577,0.00203,74.125.200.0-255,2902,260770,64,324742
13578,0.002035,172.31.40.0-255,66,260836,64,324742
13579,0.002047,74.125.200.0-255,2902,263738,64,324742
13580,0.002059,74.125.200.0-255,1484,265222,64,324742
13581,0.002074,74.125.200.0-255,5738,270960,64,324742
13582,0.00208,172.31.40.0-255,66,271026,64,324742
13583,0.002089,74.125.200.0-255,2902,273928,64,324742
13584,0.002098,172.31.40.0-255,66,273994,64,324742
13585,0.002105,74.125.200.0-255,5738,279732,64,324742
13586,0.002128,74.125.200.0-255,3602,283334,64,324742
13587,0.002131,74.125.200.0-255,1484,284818,64,324742
13588,0.00214,172.31.40.0-255,66,284884,64,324742
13589,0.002153,74.125.200.0-255,2902,287786,64,324742
13590,0.002189,74.125.200.0-255,1484,289270,64,324742
13591,0.002214,74.125.200.0-255,5738,295008,64,324742
13592,0.002221,74.125.200.0-255,7156,302164,64,324742
13593,0.00224,172.31.40.0-255,66,302230,64,324742
13594,0.002254,74.125.200.0-255,5738,307968,64,324742
13595,0.00226,172.31.40.0-255,66,308034,64,324742
13596,0.00227,74.125.200.0-255,2902,310936,64,324742
13597,0.002273,74.125.200.0-255,1484,312420,64,324742
13598,0.002299,172.31.40.0-255,66,312486,64,324742
13599,0.002317,172.31.40.0-255,66,312552,64,324742
13600,0.002357,74.125.200.0-255,6438,318990,64,324742
13601,0.002361,172.31.40.0-255,66,319056,64,324742
13602,0.002369,74.125.200.0-255,984,320040,64,324742
13603,0.002374,172.31.40.0-255,66,320106,64,324742
13604,0.004724,74.125.200.0-255,105,320211,64,324742
13605,0.013075,172.31.40.0-255,66,320277,64,324742
13606,0.013117,172.31.40.0-255,105,320382,64,324742
13607,0.015459,74.125.200.0-255,66,320448,64,324742
13608,0.034072,172.31.40.0-255,172,320620,64,324742
13609,0.034106,172.31.40.0-255,1112,321732,64,324742
13610,0.034171,172.31.40.0-255,1514,323246,64,324742
13611,0.034173,172.31.40.0-255,1298,324544,64,324742
13612,0.035675,104.244.42.0-255,66,324610,64,324742
13613,0.035814,104.244.42.0-255,66,324676,64,324742
13614,0.035819,104.244.42.0-255,66,324742,64,324742
13615,0.0,74.125.24.0-255,144,144,64,334379
13616,2.4e-05,172.31.40.0-255,66,210,64,334379
13617,3.2e-05,74.125.24.0-255,1484,1694,64,334379
13618,3.7e-05,172.31.40.0-255,66,1760,64,334379
13619,4.4e-05,74.125.24.0-255,2902,4662,64,334379
13620,4.8e-05,172.31.40.0-255,66,4728,64,334379
13621,5.4e-05,74.125.24.0-255,5738,10466,64,334379
13622,5.8e-05,172.31.40.0-255,66,10532,64,334379
13623,6.2e-05,74.125.24.0-255,3556,14088,64,334379
13624,6.5e-05,172.31.40.0-255,66,14154,64,334379
13625,0.000584,74.125.24.0-255,1484,15638,64,334379
13626,0.00059,172.31.40.0-255,66,15704,64,334379
13627,0.000598,74.125.24.0-255,2902,18606,64,334379
13628,0.0006,172.31.40.0-255,66,18672,64,334379
13629,0.000608,74.125.24.0-255,5738,24410,64,334379
13630,0.00061,172.31.40.0-255,66,24476,64,334379
13631,0.000638,74.125.24.0-255,6797,31273,64,334379
13632,0.000642,172.31.40.0-255,66,31339,64,334379
13633,0.000895,74.125.24.0-255,1484,32823,64,334379
13634,0.000901,172.31.40.0-255,66,32889,64,334379
13635,0.000929,74.125.24.0-255,2902,35791,64,334379
13636,0.000931,172.31.40.0-255,66,35857,64,334379
13637,0.000952,74.125.24.0-255,4320,40177,64,334379
13638,0.000956,172.31.40.0-255,66,40243,64,334379
13639,0.000962,74.125.24.0-255,5738,45981,64,334379
13640,0.000965,172.31.40.0-255,66,46047,64,334379
13641,0.000997,172.31.40.0-255,66,46113,64,334379
13642,0.001017,74.125.24.0-255,1125,47238,64,334379
13643,0.00102,172.31.40.0-255,66,47304,64,334379
13644,0.001026,74.125.24.0-255,5738,53042,64,334379
13645,0.001029,172.31.40.0-255,66,53108,64,334379
13646,0.001043,74.125.24.0-255,1399,54507,64,334379
13647,0.0015,74.125.24.0-255,383,54890,64,334379
13648,0.001507,172.31.40.0-255,66,54956,64,334379
13649,0.001528,74.125.24.0-255,1484,56440,64,334379
13650,0.00155,74.125.24.0-255,4320,60760,64,334379
13651,0.001553,172.31.40.0-255,66,60826,64,334379
13652,0.001559,74.125.24.0-255,4320,65146,64,334379
13653,0.001561,172.31.40.0-255,66,65212,64,334379
13654,0.001574,74.125.24.0-255,2902,68114,64,334379
13655,0.001576,172.31.40.0-255,66,68180,64,334379
13656,0.001591,74.125.24.0-255,1484,69664,64,334379
13657,0.00161,74.125.24.0-255,2543,72207,64,334379
13658,0.001613,172.31.40.0-255,66,72273,64,334379
13659,0.001655,74.125.24.0-255,1484,73757,64,334379
13660,0.001676,74.125.24.0-255,2902,76659,64,334379
13661,0.00168,172.31.40.0-255,66,76725,64,334379
13662,0.001705,74.125.24.0-255,5738,82463,64,334379
13663,0.001709,172.31.40.0-255,66,82529,64,334379
13664,0.001712,74.125.24.0-255,1484,84013,64,334379
13665,0.001756,74.125.24.0-255,2902,86915,64,334379
13666,0.001758,172.31.40.0-255,66,86981,64,334379
13667,0.001774,74.125.24.0-255,2543,89524,64,334379
13668,0.001776,172.31.40.0-255,66,89590,64,334379
13669,0.001927,74.125.24.0-255,1484,91074,64,334379
13670,0.001932,74.125.24.0-255,1484,92558,64,334379
13671,0.001935,172.31.40.0-255,66,92624,64,334379
13672,0.001957,74.125.24.0-255,1484,94108,64,334379
13673,0.001964,74.125.24.0-255,5738,99846,64,334379
13674,0.001967,172.31.40.0-255,66,99912,64,334379
13675,0.001972,74.125.24.0-255,4320,104232,64,334379
13676,0.001975,172.31.40.0-255,66,104298,64,334379
13677,0.001979,74.125.24.0-255,2902,107200,64,334379
13678,0.001981,172.31.40.0-255,66,107266,64,334379
13679,0.002011,172.31.40.0-255,66,107332,64,334379
13680,0.002022,172.31.40.0-255,66,107398,64,334379
13681,0.002055,74.125.24.0-255,2902,110300,64,334379
13682,0.002058,172.31.40.0-255,66,110366,64,334379
13683,0.002062,74.125.24.0-255,1484,111850,64,334379
13684,0.002078,74.125.24.0-255,2902,114752,64,334379
13685,0.002081,172.31.40.0-255,66,114818,64,334379
13686,0.00211,74.125.24.0-255,5738,120556,64,334379
13687,0.002113,172.31.40.0-255,66,120622,64,334379
13688,0.002138,74.125.24.0-255,2902,123524,64,334379
13689,0.00214,172.31.40.0-255,66,123590,64,334379
13690,0.002152,172.31.40.0-255,66,123656,64,334379
13691,0.002196,74.125.24.0-255,1484,125140,64,334379
13692,0.002312,74.125.24.0-255,1484,126624,64,334379
13693,0.002332,74.125.24.0-255,2902,129526,64,334379
13694,0.002339,74.125.24.0-255,5738,135264,64,334379
13695,0.002367,74.125.24.0-255,1484,136748,64,334379
13696,0.002371,74.125.24.0-255,2902,139650,64,334379
13697,0.002393,74.125.24.0-255,5738,145388,64,334379
13698,0.002819,172.31.40.0-255,66,145454,64,334379
13699,0.005197,74.125.24.0-255,5738,151192,64,334379
13700,0.005203,172.31.40.0-255,66,151258,64,334379
13701,0.007571,74.125.24.0-255,5738,156996,64,334379
13702,0.007579,172.31.40.0-255,66,157062,64,334379
13703,0.009934,74.125.24.0-255,5738,162800,64,334379
13704,0.009944,172.31.40.0-255,66,162866,64,334379
13705,0.012302,74.125.24.0-255,5738,168604,64,334379
13706,0.012311,172.31.40.0-255,66,168670,64,334379
13707,0.014675,74.125.24.0-255,5738,174408,64,334379
13708,0.014682,172.31.40.0-255,66,174474,64,334379
13709,0.017044,74.125.24.0-255,5738,180212,64,334379
13710,0.017052,172.31.40.0-255,66,180278,64,334379
13711,0.019444,74.125.24.0-255,5738,186016,64,334379
13712,0.019451,172.31.40.0-255,66,186082,64,334379
13713,0.021809,74.125.24.0-255,5738,191820,64,334379
13714,0.021816,172.31.40.0-255,66,191886,64,334379
13715,0.024086,172.31.40.0-255,172,192058,64,334379
13716,0.024116,172.31.40.0-255,1107,193165,64,334379
13717,0.02414,74.125.24.0-255,5738,198903,64,334379
13718,0.024146,172.31.40.0-255,66,198969,64,334379
13719,0.024265,172.31.40.0-255,1514,200483,64,334379
13720,0.024267,172.31.40.0-255,338,200821,64,334379
13721,0.026217,104.244.42.0-255,66,200887,64,334379
13722,0.026497,74.125.24.0-255,5738,206625,64,334379
13723,0.026503,172.31.40.0-255,66,206691,64,334379
13724,0.02889,74.125.24.0-255,5738,212429,64,334379
13725,0.028897,172.31.40.0-255,66,212495,64,334379
13726,0.031223,74.125.24.0-255,5738,218233,64,334379
13727,0.031234,172.31.40.0-255,66,218299,64,334379
13728,0.033624,74.125.24.0-255,5738,224037,64,334379
13729,0.03364,172.31.40.0-255,66,224103,64,334379
13730,0.035999,74.125.24.0-255,5738,229841,64,334379
13731,0.03601,172.31.40.0-255,66,229907,64,334379
13732,0.038362,74.125.24.0-255,5738,235645,64,334379
13733,0.038378,172.31.40.0-255,66,235711,64,334379
13734,0.040743,74.125.24.0-255,5738,241449,64,334379
13735,0.040759,172.31.40.0-255,66,241515,64,334379
13736,0.043119,74.125.24.0-255,5738,247253,64,334379
13737,0.043129,172.31.40.0-255,66,247319,64,334379
13738,0.045482,74.125.24.0-255,5738,253057,64,334379
13739,0.045491,172.31.40.0-255,66,253123,64,334379
13740,0.047869,74.125.24.0-255,5738,258861,64,334379
13741,0.047875,172.31.40.0-255,66,258927,64,334379
13742,0.050217,74.125.24.0-255,5738,264665,64,334379
13743,0.050223,172.31.40.0-255,66,264731,64,334379
13744,0.05257,74.125.24.0-255,5738,270469,64,334379
13745,0.052577,172.31.40.0-255,66,270535,64,334379
13746,0.054928,74.125.24.0-255,5738,276273,64,334379
13747,0.054934,172.31.40.0-255,66,276339,64,334379
13748,0.0573,74.125.24.0-255,5738,282077,64,334379
13749,0.057308,172.31.40.0-255,66,282143,64,334379
13750,0.059677,74.125.24.0-255,5738,287881,64,334379
13751,0.059684,172.31.40.0-255,66,287947,64,334379
13752,0.062046,74.125.24.0-255,5738,293685,64,334379
13753,0.062055,172.31.40.0-255,66,293751,64,334379
13754,0.064442,74.125.24.0-255,5738,299489,64,334379
13755,0.064457,172.31.40.0-255,66,299555,64,334379
13756,0.066822,74.125.24.0-255,5738,305293,64,334379
13757,0.06683,172.31.40.0-255,66,305359,64,334379
13758,0.069233,74.125.24.0-255,5738,311097,64,334379
13759,0.06924,172.31.40.0-255,66,311163,64,334379
13760,0.071603,74.125.24.0-255,5738,316901,64,334379
13761,0.07161,172.31.40.0-255,66,316967,64,334379
13762,0.07397,74.125.24.0-255,5738,322705,64,334379
13763,0.073977,172.31.40.0-255,66,322771,64,334379
13764,0.076353,74.125.24.0-255,5738,328509,64,334379
13765,0.07636,172.31.40.0-255,66,328575,64,334379
13766,0.078716,74.125.24.0-255,5738,334313,64,334379
13767,0.078722,172.31.40.0-255,66,334379,64,334379
13768,0.0,74.125.24.0-255,291,291,64,167069
13769,2.2e-05,172.31.40.0-255,66,357,64,167069
13770,2.8e-05,74.125.24.0-255,1484,1841,64,167069
13771,3.3e-05,172.31.40.0-255,66,1907,64,167069
13772,4.7e-05,74.125.24.0-255,4320,6227,64,167069
13773,5e-05,172.31.40.0-255,66,6293,64,167069
13774,5.3e-05,74.125.24.0-255,1484,7777,64,167069
13775,5.6e-05,172.31.40.0-255,66,7843,64,167069
13776,6e-05,74.125.24.0-255,1484,9327,64,167069
13777,6.2e-05,172.31.40.0-255,66,9393,64,167069
13778,9e-05,74.125.24.0-255,6146,15539,64,167069
13779,9.8e-05,172.31.40.0-255,66,15605,64,167069
13780,0.000113,172.31.40.0-255,66,15671,64,167069
13781,0.000137,74.125.24.0-255,2543,18214,64,167069
13782,0.00014,172.31.40.0-255,66,18280,64,167069
13783,0.000178,74.125.24.0-255,2902,21182,64,167069
13784,0.00018,172.31.40.0-255,66,21248,64,167069
13785,0.000217,74.125.24.0-255,4320,25568,64,167069
13786,0.00022,172.31.40.0-255,66,25634,64,167069
13787,0.000229,172.31.40.0-255,66,25700,64,167069
13788,0.000274,172.31.40.0-255,66,25766,64,167069
13789,0.000297,74.125.24.0-255,1403,27169,64,167069
13790,0.000301,172.31.40.0-255,66,27235,64,167069
13791,0.000573,74.125.24.0-255,377,27612,64,167069
13792,0.000578,172.31.40.0-255,66,27678,64,167069
13793,0.000706,74.125.24.0-255,1484,29162,64,167069
13794,0.000711,172.31.40.0-255,66,29228,64,167069
13795,0.00072,74.125.24.0-255,2902,32130,64,167069
13796,0.000722,172.31.40.0-255,66,32196,64,167069
13797,0.000741,74.125.24.0-255,5738,37934,64,167069
13798,0.000744,172.31.40.0-255,66,38000,64,167069
13799,0.000749,74.125.24.0-255,4320,42320,64,167069
13800,0.000751,172.31.40.0-255,66,42386,64,167069
13801,0.000775,74.125.24.0-255,2543,44929,64,167069
13802,0.00078,172.31.40.0-255,66,44995,64,167069
13803,0.001107,74.125.24.0-255,1484,46479,64,167069
13804,0.001113,74.125.24.0-255,2902,49381,64,167069
13805,0.001116,172.31.40.0-255,66,49447,64,167069
13806,0.001145,74.125.24.0-255,5738,55185,64,167069
13807,0.001147,172.31.40.0-255,66,55251,64,167069
13808,0.001152,74.125.24.0-255,2902,58153,64,167069
13809,0.001153,172.31.40.0-255,66,58219,64,167069
13810,0.001177,74.125.24.0-255,2902,61121,64,167069
13811,0.001179,172.31.40.0-255,66,61187,64,167069
13812,0.001186,74.125.24.0-255,6797,67984,64,167069
13813,0.001188,172.31.40.0-255,66,68050,64,167069
13814,0.001205,74.125.24.0-255,1484,69534,64,167069
13815,0.001235,74.125.24.0-255,5738,75272,64,167069
13816,0.001237,172.31.40.0-255,66,75338,64,167069
13817,0.001247,172.31.40.0-255,66,75404,64,167069
13818,0.001267,74.125.24.0-255,2902,78306,64,167069
13819,0.001269,172.31.40.0-255,66,78372,64,167069
13820,0.001305,172.31.40.0-255,66,78438,64,167069
13821,0.001576,74.125.24.0-255,1484,79922,64,167069
13822,0.001581,74.125.24.0-255,2902,82824,64,167069
13823,0.001584,172.31.40.0-255,66,82890,64,167069
13824,0.00161,74.125.24.0-255,4320,87210,64,167069
13825,0.001612,172.31.40.0-255,66,87276,64,167069
13826,0.001626,74.125.24.0-255,1484,88760,64,167069
13827,0.001633,74.125.24.0-255,5738,94498,64,167069
13828,0.001634,172.31.40.0-255,66,94564,64,167069
13829,0.001651,172.31.40.0-255,66,94630,64,167069
13830,0.001698,74.125.24.0-255,5020,99650,64,167069
13831,0.0017,172.31.40.0-255,66,99716,64,167069
13832,0.001878,74.125.24.0-255,1484,101200,64,167069
13833,0.001884,74.125.24.0-255,2902,104102,64,167069
13834,0.001887,172.31.40.0-255,66,104168,64,167069
13835,0.001921,74.125.24.0-255,5738,109906,64,167069
13836,0.001924,172.31.40.0-255,66,109972,64,167069
13837,0.001928,74.125.24.0-255,1484,111456,64,167069
13838,0.001956,74.125.24.0-255,2902,114358,64,167069
13839,0.001958,172.31.40.0-255,66,114424,64,167069
13840,0.001989,74.125.24.0-255,5738,120162,64,167069
13841,0.001992,74.125.24.0-255,1484,121646,64,167069
13842,0.001996,172.31.40.0-255,66,121712,64,167069
13843,0.002014,172.31.40.0-255,66,121778,64,167069
13844,0.002024,74.125.24.0-255,5738,127516,64,167069
13845,0.002026,172.31.40.0-255,66,127582,64,167069
13846,0.00207,172.31.40.0-255,66,127648,64,167069
13847,0.002085,172.31.40.0-255,66,127714,64,167069
13848,0.002088,74.125.24.0-255,1484,129198,64,167069
13849,0.002138,172.31.40.0-255,66,129264,64,167069
13850,0.002141,74.125.24.0-255,1484,130748,64,167069
13851,0.002185,172.31.40.0-255,66,130814,64,167069
13852,0.002231,74.125.24.0-255,3602,134416,64,167069
13853,0.002235,172.31.40.0-255,66,134482,64,167069
13854,0.002246,172.31.40.0-255,66,134548,64,167069
13855,0.002286,172.31.40.0-255,66,134614,64,167069
13856,0.002313,74.125.24.0-255,2902,137516,64,167069
13857,0.002315,172.31.40.0-255,66,137582,64,167069
13858,0.002346,74.125.24.0-255,6438,144020,64,167069
13859,0.00235,172.31.40.0-255,66,144086,64,167069
13860,0.002353,74.125.24.0-255,1484,145570,64,167069
13861,0.002394,172.31.40.0-255,66,145636,64,167069
13862,0.002442,172.31.40.0-255,66,145702,64,167069
13863,0.002561,74.125.24.0-255,2902,148604,64,167069
13864,0.002583,74.125.24.0-255,2902,151506,64,167069
13865,0.002632,74.125.24.0-255,6438,157944,64,167069
13866,0.002664,74.125.24.0-255,4320,162264,64,167069
13867,0.002699,74.125.24.0-255,105,162369,64,167069
13868,0.009756,172.31.40.0-255,66,162435,64,167069
13869,0.011797,172.31.40.0-255,105,162540,64,167069
13870,0.014204,74.125.24.0-255,66,162606,64,167069
13871,0.038647,172.31.40.0-255,167,162773,64,167069
13872,0.038682,172.31.40.0-255,1112,163885,64,167069
13873,0.038749,172.31.40.0-255,1514,165399,64,167069
13874,0.038771,172.31.40.0-255,1298,166697,64,167069
13875,0.04031,104.244.42.0-255,66,166763,64,167069
13876,0.040367,104.244.42.0-255,66,166829,64,167069
13877,0.040407,104.244.42.0-255,66,166895,64,167069
13878,0.041238,104.244.42.0-255,108,167003,64,167069
13879,0.041242,172.31.40.0-255,66,167069,64,167069
13880,0.0,74.125.130.0-255,146,146,64,256207
13881,2.1e-05,172.31.40.0-255,66,212,64,256207
13882,2.8e-05,74.125.130.0-255,1484,1696,64,256207
13883,3.1e-05,172.31.40.0-255,66,1762,64,256207
13884,3.6e-05,74.125.130.0-255,2902,4664,64,256207
13885,3.8e-05,172.31.40.0-255,66,4730,64,256207
13886,4.6e-05,74.125.130.0-255,7156,11886,64,256207
13887,4.8e-05,172.31.40.0-255,66,11952,64,256207
13888,5.2e-05,74.125.130.0-255,2063,14015,64,256207
13889,5.4e-05,172.31.40.0-255,66,14081,64,256207
13890,0.000136,74.125.130.0-255,1484,15565,64,256207
13891,0.000139,172.31.40.0-255,66,15631,64,256207
13892,0.000161,74.125.130.0-255,2902,18533,64,256207
13893,0.000164,172.31.40.0-255,66,18599,64,256207
13894,0.000169,74.125.130.0-255,4320,22919,64,256207
13895,0.000171,172.31.40.0-255,66,22985,64,256207
13896,0.000193,74.125.130.0-255,1484,24469,64,256207
13897,0.000194,172.31.40.0-255,66,24535,64,256207
13898,0.000229,172.31.40.0-255,66,24601,64,256207
13899,0.000238,172.31.40.0-255,66,24667,64,256207
13900,0.000286,74.125.130.0-255,6797,31464,64,256207
13901,0.000289,172.31.40.0-255,66,31530,64,256207
13902,0.000313,74.125.130.0-255,7156,38686,64,256207
13903,0.000316,172.31.40.0-255,66,38752,64,256207
13904,0.000318,74.125.130.0-255,1484,40236,64,256207
13905,0.00032,172.31.40.0-255,66,40302,64,256207
13906,0.000352,74.125.130.0-255,7156,47458,64,256207
13907,0.000355,172.31.40.0-255,66,47524,64,256207
13908,0.000358,74.125.130.0-255,1438,48962,64,256207
13909,0.00036,172.31.40.0-255,66,49028,64,256207
13910,0.000443,74.125.130.0-255,1484,50512,64,256207
13911,0.000446,172.31.40.0-255,66,50578,64,256207
13912,0.000451,74.125.130.0-255,2902,53480,64,256207
13913,0.000453,172.31.40.0-255,66,53546,64,256207
13914,0.000461,74.125.130.0-255,5738,59284,64,256207
13915,0.000463,172.31.40.0-255,66,59350,64,256207
13916,0.000469,74.125.130.0-255,5738,65088,64,256207
13917,0.000472,172.31.40.0-255,66,65154,64,256207
13918,0.000506,74.125.130.0-255,6797,71951,64,256207
13919,0.00051,172.31.40.0-255,66,72017,64,256207
13920,0.00053,74.125.130.0-255,2902,74919,64,256207
13921,0.000533,172.31.40.0-255,66,74985,64,256207
13922,0.000559,172.31.40.0-255,66,75051,64,256207
13923,0.000818,74.125.130.0-255,1484,76535,64,256207
13924,0.000829,172.31.40.0-255,66,76601,64,256207
13925,0.000835,74.125.130.0-255,2902,79503,64,256207
13926,0.000837,172.31.40.0-255,66,79569,64,256207
13927,0.000841,74.125.130.0-255,1484,81053,64,256207
13928,0.000858,74.125.130.0-255,4320,85373,64,256207
13929,0.000938,74.125.130.0-255,2184,87557,64,256207
13930,0.000948,172.31.40.0-255,66,87623,64,256207
13931,0.00115,74.125.130.0-255,1484,89107,64,256207
13932,0.001154,74.125.130.0-255,1484,90591,64,256207
13933,0.001157,172.31.40.0-255,66,90657,64,256207
13934,0.001171,74.125.130.0-255,1484,92141,64,256207
13935,0.001176,74.125.130.0-255,2902,95043,64,256207
13936,0.001194,74.125.130.0-255,2902,97945,64,256207
13937,0.001202,74.125.130.0-255,7156,105101,64,256207
13938,0.001218,172.31.40.0-255,66,105167,64,256207
13939,0.001233,74.125.130.0-255,2902,108069,64,256207
13940,0.00125,74.125.130.0-255,5020,113089,64,256207
13941,0.001256,172.31.40.0-255,66,113155,64,256207
13942,0.001292,74.125.130.0-255,5738,118893,64,256207
13943,0.001316,74.125.130.0-255,7156,126049,64,256207
13944,0.001319,172.31.40.0-255,66,126115,64,256207
13945,0.001327,172.31.40.0-255,66,126181,64,256207
13946,0.001353,74.125.130.0-255,2902,129083,64,256207
13947,0.001359,74.125.130.0-255,5738,134821,64,256207
13948,0.001373,74.125.130.0-255,766,135587,64,256207
13949,0.001381,172.31.40.0-255,66,135653,64,256207
13950,0.001393,74.125.130.0-255,1484,137137,64,256207
13951,0.001411,74.125.130.0-255,2902,140039,64,256207
13952,0.001414,74.125.130.0-255,1484,141523,64,256207
13953,0.001419,172.31.40.0-255,66,141589,64,256207
13954,0.001429,74.125.130.0-255,4320,145909,64,256207
13955,0.001441,74.125.130.0-255,1484,147393,64,256207
13956,0.001479,172.31.40.0-255,66,147459,64,256207
13957,0.001499,74.125.130.0-255,2902,150361,64,256207
13958,0.001511,172.31.40.0-255,66,150427,64,256207
13959,0.00153,172.31.40.0-255,66,150493,64,256207
13960,0.001569,74.125.130.0-255,1484,151977,64,256207
13961,0.001575,74.125.130.0-255,2902,154879,64,256207
13962,0.001591,172.31.40.0-255,66,154945,64,256207
13963,0.001604,74.125.130.0-255,5738,160683,64,256207
13964,0.001609,74.125.130.0-255,2902,163585,64,256207
13965,0.001634,74.125.130.0-255,4320,167905,64,256207
13966,0.001649,172.31.40.0-255,66,167971,64,256207
13967,0.001655,172.31.40.0-255,66,168037,64,256207
13968,0.001663,74.125.130.0-255,1484,169521,64,256207
13969,0.001667,74.125.130.0-255,2184,171705,64,256207
13970,0.001696,172.31.40.0-255,66,171771,64,256207
13971,0.0019,74.125.130.0-255,1484,173255,64,256207
13972,0.001907,74.125.130.0-255,2902,176157,64,256207
13973,0.001911,74.125.130.0-255,2902,179059,64,256207
13974,0.001917,172.31.40.0-255,66,179125,64,256207
13975,0.001927,74.125.130.0-255,2902,182027,64,256207
13976,0.001931,172.31.40.0-255,66,182093,64,256207
13977,0.001974,74.125.130.0-255,1484,183577,64,256207
13978,0.002037,74.125.130.0-255,4320,187897,64,256207
13979,0.002043,74.125.130.0-255,5738,193635,64,256207
13980,0.002078,74.125.130.0-255,4320,197955,64,256207
13981,0.002082,172.31.40.0-255,66,198021,64,256207
13982,0.002109,172.31.40.0-255,66,198087,64,256207
13983,0.002118,74.125.130.0-255,2902,200989,64,256207
13984,0.002133,74.125.130.0-255,6438,207427,64,256207
13985,0.002151,172.31.40.0-255,66,207493,64,256207
13986,0.002345,74.125.130.0-255,1484,208977,64,256207
13987,0.002368,74.125.130.0-255,2902,211879,64,256207
13988,0.002371,172.31.40.0-255,66,211945,64,256207
13989,0.00448,74.125.130.0-255,1484,213429,64,256207
13990,0.004723,74.125.130.0-255,4320,217749,64,256207
13991,0.004728,172.31.40.0-255,66,217815,64,256207
13992,0.007058,74.125.130.0-255,5738,223553,64,256207
13993,0.008022,172.31.40.0-255,66,223619,64,256207
13994,0.010362,74.125.130.0-255,5738,229357,64,256207
13995,0.010368,172.31.40.0-255,66,229423,64,256207
13996,0.012719,74.125.130.0-255,5738,235161,64,256207
13997,0.012727,172.31.40.0-255,66,235227,64,256207
13998,0.015092,74.125.130.0-255,5738,240965,64,256207
13999,0.0151,172.31.40.0-255,66,241031,64,256207
14000,0.017442,74.125.130.0-255,5738,246769,64,256207
14001,0.017451,172.31.40.0-255,66,246835,64,256207
14002,0.019802,74.125.130.0-255,3861,250696,64,256207
14003,0.01981,172.31.40.0-255,66,250762,64,256207
14004,0.020153,172.31.40.0-255,105,250867,64,256207
14005,0.022467,74.125.130.0-255,66,250933,64,256207
14006,0.035258,172.31.40.0-255,172,251105,64,256207
14007,0.035322,172.31.40.0-255,1110,252215,64,256207
14008,0.035386,172.31.40.0-255,1514,253729,64,256207
14009,0.035387,172.31.40.0-255,1514,255243,64,256207
14010,0.035413,172.31.40.0-255,700,255943,64,256207
14011,0.036837,104.244.42.0-255,66,256009,64,256207
14012,0.036847,104.244.42.0-255,66,256075,64,256207
14013,0.0369,104.244.42.0-255,66,256141,64,256207
14014,0.036904,104.244.42.0-255,66,256207,64,256207
14015,0.0,172.31.40.0-255,249,249,64,315
14016,0.006972,74.125.200.0-255,66,315,64,315
14017,0.0,74.125.130.0-255,293,293,64,364634
14018,1.6e-05,172.31.40.0-255,66,359,64,364634
14019,2.2e-05,74.125.130.0-255,1484,1843,64,364634
14020,2.6e-05,172.31.40.0-255,66,1909,64,364634
14021,3.2e-05,74.125.130.0-255,4320,6229,64,364634
14022,3.5e-05,172.31.40.0-255,66,6295,64,364634
14023,3.8e-05,74.125.130.0-255,1484,7779,64,364634
14024,4.2e-05,172.31.40.0-255,66,7845,64,364634
14025,6.9e-05,74.125.130.0-255,2902,10747,64,364634
14026,7.2e-05,172.31.40.0-255,66,10813,64,364634
14027,9.8e-05,74.125.130.0-255,4713,15526,64,364634
14028,0.000101,172.31.40.0-255,66,15592,64,364634
14029,0.000144,172.31.40.0-255,66,15658,64,364634
14030,0.000216,74.125.130.0-255,5379,21037,64,364634
14031,0.000218,172.31.40.0-255,66,21103,64,364634
14032,0.000262,74.125.130.0-255,1484,22587,64,364634
14033,0.000265,172.31.40.0-255,66,22653,64,364634
14034,0.000293,74.125.130.0-255,2902,25555,64,364634
14035,0.000296,172.31.40.0-255,66,25621,64,364634
14036,0.000303,74.125.130.0-255,5738,31359,64,364634
14037,0.000305,172.31.40.0-255,66,31425,64,364634
14038,0.000361,74.125.130.0-255,6797,38222,64,364634
14039,0.000364,172.31.40.0-255,66,38288,64,364634
14040,0.000422,74.125.130.0-255,7156,45444,64,364634
14041,0.000425,172.31.40.0-255,66,45510,64,364634
14042,0.000456,74.125.130.0-255,7156,52666,64,364634
14043,0.000458,172.31.40.0-255,66,52732,64,364634
14044,0.000547,74.125.130.0-255,2543,55275,64,364634
14045,0.000551,172.31.40.0-255,66,55341,64,364634
14046,0.000587,74.125.130.0-255,646,55987,64,364634
14047,0.00059,172.31.40.0-255,66,56053,64,364634
14048,0.000766,74.125.130.0-255,1484,57537,64,364634
14049,0.000773,74.125.130.0-255,2902,60439,64,364634
14050,0.000776,172.31.40.0-255,66,60505,64,364634
14051,0.000814,74.125.130.0-255,5738,66243,64,364634
14052,0.000817,172.31.40.0-255,66,66309,64,364634
14053,0.000847,74.125.130.0-255,4320,70629,64,364634
14054,0.00085,172.31.40.0-255,66,70695,64,364634
14055,0.000875,74.125.130.0-255,2902,73597,64,364634
14056,0.000879,172.31.40.0-255,66,73663,64,364634
14057,0.000902,74.125.130.0-255,1484,75147,64,364634
14058,0.000941,172.31.40.0-255,66,75213,64,364634
14059,0.001027,74.125.130.0-255,2184,77397,64,364634
14060,0.001031,172.31.40.0-255,66,77463,64,364634
14061,0.001252,74.125.130.0-255,1484,78947,64,364634
14062,0.001269,74.125.130.0-255,2902,81849,64,364634
14063,0.001273,172.31.40.0-255,66,81915,64,364634
14064,0.00128,74.125.130.0-255,5738,87653,64,364634
14065,0.001282,172.31.40.0-255,66,87719,64,364634
14066,0.001333,74.125.130.0-255,7156,94875,64,364634
14067,0.001336,172.31.40.0-255,66,94941,64,364634
14068,0.001386,74.125.130.0-255,1484,96425,64,364634
14069,0.001417,74.125.130.0-255,7156,103581,64,364634
14070,0.00142,172.31.40.0-255,66,103647,64,364634
14071,0.001476,74.125.130.0-255,7156,110803,64,364634
14072,0.001479,172.31.40.0-255,66,110869,64,364634
14073,0.001508,74.125.130.0-255,766,111635,64,364634
14074,0.00154,74.125.130.0-255,4320,115955,64,364634
14075,0.001543,172.31.40.0-255,66,116021,64,364634
14076,0.001576,74.125.130.0-255,4320,120341,64,364634
14077,0.001579,172.31.40.0-255,66,120407,64,364634
14078,0.00162,74.125.130.0-255,5738,126145,64,364634
14079,0.001623,172.31.40.0-255,66,126211,64,364634
14080,0.001687,172.31.40.0-255,66,126277,64,364634
14081,0.001717,74.125.130.0-255,4320,130597,64,364634
14082,0.00172,172.31.40.0-255,66,130663,64,364634
14083,0.001816,74.125.130.0-255,3602,134265,64,364634
14084,0.00182,172.31.40.0-255,66,134331,64,364634
14085,0.00185,74.125.130.0-255,4320,138651,64,364634
14086,0.001854,172.31.40.0-255,66,138717,64,364634
14087,0.001884,74.125.130.0-255,7156,145873,64,364634
14088,0.001887,172.31.40.0-255,66,145939,64,364634
14089,0.001914,74.125.130.0-255,2902,148841,64,364634
14090,0.001918,172.31.40.0-255,66,148907,64,364634
14091,0.001987,172.31.40.0-255,66,148973,64,364634
14092,0.002021,172.31.40.0-255,66,149039,64,364634
14093,0.004101,74.125.130.0-255,5738,154777,64,364634
14094,0.004108,172.31.40.0-255,66,154843,64,364634
14095,0.006177,74.125.130.0-255,5738,160581,64,364634
14096,0.00618,172.31.40.0-255,66,160647,64,364634
14097,0.008263,74.125.130.0-255,5738,166385,64,364634
14098,0.008269,172.31.40.0-255,66,166451,64,364634
14099,0.010392,74.125.130.0-255,5738,172189,64,364634
14100,0.010399,172.31.40.0-255,66,172255,64,364634
14101,0.012479,74.125.130.0-255,5738,177993,64,364634
14102,0.012488,172.31.40.0-255,66,178059,64,364634
14103,0.014567,74.125.130.0-255,5738,183797,64,364634
14104,0.014574,172.31.40.0-255,66,183863,64,364634
14105,0.016648,74.125.130.0-255,5738,189601,64,364634
14106,0.016658,172.31.40.0-255,66,189667,64,364634
14107,0.018739,74.125.130.0-255,5738,195405,64,364634
14108,0.018747,172.31.40.0-255,66,195471,64,364634
14109,0.020829,74.125.130.0-255,5738,201209,64,364634
14110,0.020836,172.31.40.0-255,66,201275,64,364634
14111,0.022912,74.125.130.0-255,5738,207013,64,364634
14112,0.022919,172.31.40.0-255,66,207079,64,364634
14113,0.02499,74.125.130.0-255,5738,212817,64,364634
14114,0.024997,172.31.40.0-255,66,212883,64,364634
14115,0.027073,74.125.130.0-255,5738,218621,64,364634
14116,0.027082,172.31.40.0-255,66,218687,64,364634
14117,0.029163,74.125.130.0-255,5738,224425,64,364634
14118,0.029169,172.31.40.0-255,66,224491,64,364634
14119,0.031219,172.31.40.0-255,172,224663,64,364634
14120,0.031249,74.125.130.0-255,5738,230401,64,364634
14121,0.031254,172.31.40.0-255,66,230467,64,364634
14122,0.031291,172.31.40.0-255,1112,231579,64,364634
14123,0.031348,172.31.40.0-255,1514,233093,64,364634
14124,0.03135,172.31.40.0-255,1298,234391,64,364634
14125,0.032712,104.244.42.0-255,66,234457,64,364634
14126,0.032799,104.244.42.0-255,66,234523,64,364634
14127,0.032857,104.244.42.0-255,66,234589,64,364634
14128,0.033341,74.125.130.0-255,5738,240327,64,364634
14129,0.033347,172.31.40.0-255,66,240393,64,364634
14130,0.033579,104.244.42.0-255,108,240501,64,364634
14131,0.033587,172.31.40.0-255,66,240567,64,364634
14132,0.035428,74.125.130.0-255,5738,246305,64,364634
14133,0.035433,172.31.40.0-255,66,246371,64,364634
14134,0.037529,74.125.130.0-255,5738,252109,64,364634
14135,0.037536,172.31.40.0-255,66,252175,64,364634
14136,0.039613,74.125.130.0-255,5738,257913,64,364634
14137,0.039623,172.31.40.0-255,66,257979,64,364634
14138,0.041735,74.125.130.0-255,5738,263717,64,364634
14139,0.041742,172.31.40.0-255,66,263783,64,364634
14140,0.043831,74.125.130.0-255,5738,269521,64,364634
14141,0.043838,172.31.40.0-255,66,269587,64,364634
14142,0.045919,74.125.130.0-255,5738,275325,64,364634
14143,0.045926,172.31.40.0-255,66,275391,64,364634
14144,0.048034,74.125.130.0-255,5738,281129,64,364634
14145,0.048041,172.31.40.0-255,66,281195,64,364634
14146,0.050138,74.125.130.0-255,5738,286933,64,364634
14147,0.050144,172.31.40.0-255,66,286999,64,364634
14148,0.052259,74.125.130.0-255,5738,292737,64,364634
14149,0.052265,172.31.40.0-255,66,292803,64,364634
14150,0.05435,74.125.130.0-255,5738,298541,64,364634
14151,0.054356,172.31.40.0-255,66,298607,64,364634
14152,0.056453,74.125.130.0-255,5738,304345,64,364634
14153,0.05646,172.31.40.0-255,66,304411,64,364634
14154,0.058556,74.125.130.0-255,5738,310149,64,364634
14155,0.058563,172.31.40.0-255,66,310215,64,364634
14156,0.060649,74.125.130.0-255,5738,315953,64,364634
14157,0.060655,172.31.40.0-255,66,316019,64,364634
14158,0.062741,74.125.130.0-255,5738,321757,64,364634
14159,0.062747,172.31.40.0-255,66,321823,64,364634
14160,0.064839,74.125.130.0-255,5738,327561,64,364634
14161,0.064845,172.31.40.0-255,66,327627,64,364634
14162,0.066929,74.125.130.0-255,5738,333365,64,364634
14163,0.066938,172.31.40.0-255,66,333431,64,364634
14164,0.069033,74.125.130.0-255,5738,339169,64,364634
14165,0.069039,172.31.40.0-255,66,339235,64,364634
14166,0.071125,74.125.130.0-255,5738,344973,64,364634
14167,0.071132,172.31.40.0-255,66,345039,64,364634
14168,0.073217,74.125.130.0-255,5738,350777,64,364634
14169,0.073223,172.31.40.0-255,66,350843,64,364634
14170,0.075288,74.125.130.0-255,5738,356581,64,364634
14171,0.075293,172.31.40.0-255,66,356647,64,364634
14172,0.077404,74.125.130.0-255,5738,362385,64,364634
14173,0.077409,172.31.40.0-255,66,362451,64,364634
14174,0.079481,74.125.130.0-255,2012,364463,64,364634
14175,0.079487,172.31.40.0-255,66,364529,64,364634
14176,0.079626,172.31.40.0-255,105,364634,64,364634
14177,0.0,74.125.68.0-255,153,153,64,367128
14178,2.2e-05,172.31.40.0-255,66,219,64,367128
14179,5.9e-05,74.125.68.0-255,1484,1703,64,367128
14180,6.5e-05,172.31.40.0-255,66,1769,64,367128
14181,7.1e-05,74.125.68.0-255,2902,4671,64,367128
14182,7.5e-05,172.31.40.0-255,66,4737,64,367128
14183,8.2e-05,74.125.68.0-255,5738,10475,64,367128
14184,8.5e-05,172.31.40.0-255,66,10541,64,367128
14185,9e-05,74.125.68.0-255,3519,14060,64,367128
14186,9.3e-05,172.31.40.0-255,66,14126,64,367128
14187,0.00012,74.125.68.0-255,1484,15610,64,367128
14188,0.000123,172.31.40.0-255,66,15676,64,367128
14189,0.000127,74.125.68.0-255,1484,17160,64,367128
14190,0.000129,172.31.40.0-255,66,17226,64,367128
14191,0.000149,74.125.68.0-255,1484,18710,64,367128
14192,0.000152,172.31.40.0-255,66,18776,64,367128
14193,0.000163,74.125.68.0-255,5738,24514,64,367128
14194,0.000166,172.31.40.0-255,66,24580,64,367128
14195,0.000208,74.125.68.0-255,6797,31377,64,367128
14196,0.000211,172.31.40.0-255,66,31443,64,367128
14197,0.000336,74.125.68.0-255,1484,32927,64,367128
14198,0.000339,172.31.40.0-255,66,32993,64,367128
14199,0.000367,74.125.68.0-255,2902,35895,64,367128
14200,0.00037,172.31.40.0-255,66,35961,64,367128
14201,0.000377,74.125.68.0-255,5738,41699,64,367128
14202,0.000379,172.31.40.0-255,66,41765,64,367128
14203,0.000384,74.125.68.0-255,2902,44667,64,367128
14204,0.000386,172.31.40.0-255,66,44733,64,367128
14205,0.000389,74.125.68.0-255,1484,46217,64,367128
14206,0.000391,172.31.40.0-255,66,46283,64,367128
14207,0.000423,74.125.68.0-255,2543,48826,64,367128
14208,0.000426,172.31.40.0-255,66,48892,64,367128
14209,0.000722,74.125.68.0-255,1484,50376,64,367128
14210,0.000727,74.125.68.0-255,1484,51860,64,367128
14211,0.00073,172.31.40.0-255,66,51926,64,367128
14212,0.000752,74.125.68.0-255,2902,54828,64,367128
14213,0.000754,172.31.40.0-255,66,54894,64,367128
14214,0.000762,74.125.68.0-255,5738,60632,64,367128
14215,0.000764,172.31.40.0-255,66,60698,64,367128
14216,0.000781,74.125.68.0-255,1484,62182,64,367128
14217,0.000799,74.125.68.0-255,2902,65084,64,367128
14218,0.000802,172.31.40.0-255,66,65150,64,367128
14219,0.000847,74.125.68.0-255,1449,66599,64,367128
14220,0.00092,74.125.68.0-255,1484,68083,64,367128
14221,0.000924,172.31.40.0-255,66,68149,64,367128
14222,0.000966,74.125.68.0-255,2902,71051,64,367128
14223,0.000969,172.31.40.0-255,66,71117,64,367128
14224,0.000972,74.125.68.0-255,1484,72601,64,367128
14225,0.001001,74.125.68.0-255,2902,75503,64,367128
14226,0.001004,172.31.40.0-255,66,75569,64,367128
14227,0.001011,74.125.68.0-255,5738,81307,64,367128
14228,0.001013,172.31.40.0-255,66,81373,64,367128
14229,0.001016,74.125.68.0-255,1484,82857,64,367128
14230,0.001042,74.125.68.0-255,5379,88236,64,367128
14231,0.001045,172.31.40.0-255,66,88302,64,367128
14232,0.00105,74.125.68.0-255,4320,92622,64,367128
14233,0.001052,172.31.40.0-255,66,92688,64,367128
14234,0.001079,74.125.68.0-255,1484,94172,64,367128
14235,0.001094,74.125.68.0-255,4320,98492,64,367128
14236,0.001097,172.31.40.0-255,66,98558,64,367128
14237,0.001133,74.125.68.0-255,2543,101101,64,367128
14238,0.001135,172.31.40.0-255,66,101167,64,367128
14239,0.001418,74.125.68.0-255,1484,102651,64,367128
14240,0.001472,74.125.68.0-255,2902,105553,64,367128
14241,0.001477,172.31.40.0-255,66,105619,64,367128
14242,0.001501,74.125.68.0-255,1484,107103,64,367128
14243,0.001537,74.125.68.0-255,2902,110005,64,367128
14244,0.001541,172.31.40.0-255,66,110071,64,367128
14245,0.001544,74.125.68.0-255,1484,111555,64,367128
14246,0.001576,74.125.68.0-255,2902,114457,64,367128
14247,0.001579,172.31.40.0-255,66,114523,64,367128
14248,0.001643,74.125.68.0-255,1484,116007,64,367128
14249,0.001649,74.125.68.0-255,2902,118909,64,367128
14250,0.001651,172.31.40.0-255,66,118975,64,367128
14251,0.001677,74.125.68.0-255,1484,120459,64,367128
14252,0.001702,74.125.68.0-255,2902,123361,64,367128
14253,0.001706,172.31.40.0-255,66,123427,64,367128
14254,0.001719,74.125.68.0-255,1484,124911,64,367128
14255,0.001722,74.125.68.0-255,1484,126395,64,367128
14256,0.001728,172.31.40.0-255,66,126461,64,367128
14257,0.001733,74.125.68.0-255,2902,129363,64,367128
14258,0.001735,172.31.40.0-255,66,129429,64,367128
14259,0.001742,74.125.68.0-255,5738,135167,64,367128
14260,0.001744,172.31.40.0-255,66,135233,64,367128
14261,0.001747,74.125.68.0-255,766,135999,64,367128
14262,0.002061,74.125.68.0-255,1484,137483,64,367128
14263,0.002065,172.31.40.0-255,66,137549,64,367128
14264,0.002071,74.125.68.0-255,2902,140451,64,367128
14265,0.002073,172.31.40.0-255,66,140517,64,367128
14266,0.002084,74.125.68.0-255,4320,144837,64,367128
14267,0.002086,172.31.40.0-255,66,144903,64,367128
14268,0.002108,74.125.68.0-255,1484,146387,64,367128
14269,0.002115,74.125.68.0-255,5738,152125,64,367128
14270,0.002117,172.31.40.0-255,66,152191,64,367128
14271,0.002159,74.125.68.0-255,1484,153675,64,367128
14272,0.002173,172.31.40.0-255,66,153741,64,367128
14273,0.002184,172.31.40.0-255,66,153807,64,367128
14274,0.00227,74.125.68.0-255,1484,155291,64,367128
14275,0.002276,74.125.68.0-255,2902,158193,64,367128
14276,0.002278,172.31.40.0-255,66,158259,64,367128
14277,0.002306,74.125.68.0-255,5738,163997,64,367128
14278,0.002309,172.31.40.0-255,66,164063,64,367128
14279,0.002316,74.125.68.0-255,5738,169801,64,367128
14280,0.002318,172.31.40.0-255,66,169867,64,367128
14281,0.002343,74.125.68.0-255,5738,175605,64,367128
14282,0.002346,172.31.40.0-255,66,175671,64,367128
14283,0.002366,74.125.68.0-255,1484,177155,64,367128
14284,0.004642,74.125.68.0-255,4320,181475,64,367128
14285,0.004649,172.31.40.0-255,66,181541,64,367128
14286,0.006939,74.125.68.0-255,5738,187279,64,367128
14287,0.006945,172.31.40.0-255,66,187345,64,367128
14288,0.009237,74.125.68.0-255,5738,193083,64,367128
14289,0.009241,172.31.40.0-255,66,193149,64,367128
14290,0.011534,74.125.68.0-255,5738,198887,64,367128
14291,0.011541,172.31.40.0-255,66,198953,64,367128
14292,0.013833,74.125.68.0-255,5738,204691,64,367128
14293,0.013842,172.31.40.0-255,66,204757,64,367128
14294,0.016139,74.125.68.0-255,5738,210495,64,367128
14295,0.016148,172.31.40.0-255,66,210561,64,367128
14296,0.018454,74.125.68.0-255,5738,216299,64,367128
14297,0.018463,172.31.40.0-255,66,216365,64,367128
14298,0.02075,74.125.68.0-255,5738,222103,64,367128
14299,0.020758,172.31.40.0-255,66,222169,64,367128
14300,0.023063,74.125.68.0-255,5738,227907,64,367128
14301,0.023069,172.31.40.0-255,66,227973,64,367128
14302,0.025363,74.125.68.0-255,5738,233711,64,367128
14303,0.02537,172.31.40.0-255,66,233777,64,367128
14304,0.027719,74.125.68.0-255,5738,239515,64,367128
14305,0.02773,172.31.40.0-255,66,239581,64,367128
14306,0.030024,74.125.68.0-255,4320,243901,64,367128
14307,0.030031,172.31.40.0-255,66,243967,64,367128
14308,0.030061,74.125.68.0-255,1484,245451,64,367128
14309,0.032324,74.125.68.0-255,2902,248353,64,367128
14310,0.032332,172.31.40.0-255,66,248419,64,367128
14311,0.032361,74.125.68.0-255,1484,249903,64,367128
14312,0.032606,172.31.40.0-255,167,250070,64,367128
14313,0.032636,172.31.40.0-255,1110,251180,64,367128
14314,0.032694,172.31.40.0-255,1514,252694,64,367128
14315,0.032715,172.31.40.0-255,1514,254208,64,367128
14316,0.032718,172.31.40.0-255,698,254906,64,367128
14317,0.034181,104.244.42.0-255,66,254972,64,367128
14318,0.03419,104.244.42.0-255,66,255038,64,367128
14319,0.034267,104.244.42.0-255,66,255104,64,367128
14320,0.034282,104.244.42.0-255,66,255170,64,367128
14321,0.034624,74.125.68.0-255,4320,259490,64,367128
14322,0.034629,172.31.40.0-255,66,259556,64,367128
14323,0.036932,74.125.68.0-255,5738,265294,64,367128
14324,0.036939,172.31.40.0-255,66,265360,64,367128
14325,0.039225,74.125.68.0-255,5738,271098,64,367128
14326,0.039232,172.31.40.0-255,66,271164,64,367128
14327,0.041516,74.125.68.0-255,5738,276902,64,367128
14328,0.041523,172.31.40.0-255,66,276968,64,367128
14329,0.043815,74.125.68.0-255,5738,282706,64,367128
14330,0.043823,172.31.40.0-255,66,282772,64,367128
14331,0.046152,74.125.68.0-255,5738,288510,64,367128
14332,0.046159,172.31.40.0-255,66,288576,64,367128
14333,0.048464,74.125.68.0-255,5738,294314,64,367128
14334,0.04847,172.31.40.0-255,66,294380,64,367128
14335,0.050776,74.125.68.0-255,5738,300118,64,367128
14336,0.050783,172.31.40.0-255,66,300184,64,367128
14337,0.053081,74.125.68.0-255,5738,305922,64,367128
14338,0.053088,172.31.40.0-255,66,305988,64,367128
14339,0.055381,74.125.68.0-255,5738,311726,64,367128
14340,0.055388,172.31.40.0-255,66,311792,64,367128
14341,0.057684,74.125.68.0-255,5738,317530,64,367128
14342,0.057689,172.31.40.0-255,66,317596,64,367128
14343,0.060036,74.125.68.0-255,4320,321916,64,367128
14344,0.060044,172.31.40.0-255,66,321982,64,367128
14345,0.060073,74.125.68.0-255,1484,323466,64,367128
14346,0.062346,74.125.68.0-255,4320,327786,64,367128
14347,0.062356,172.31.40.0-255,66,327852,64,367128
14348,0.064663,74.125.68.0-255,5738,333590,64,367128
14349,0.06467,172.31.40.0-255,66,333656,64,367128
14350,0.066953,74.125.68.0-255,5738,339394,64,367128
14351,0.066958,172.31.40.0-255,66,339460,64,367128
14352,0.069267,74.125.68.0-255,5738,345198,64,367128
14353,0.069273,172.31.40.0-255,66,345264,64,367128
14354,0.071562,74.125.68.0-255,5738,351002,64,367128
14355,0.071567,172.31.40.0-255,66,351068,64,367128
14356,0.07385,74.125.68.0-255,4320,355388,64,367128
14357,0.073855,172.31.40.0-255,66,355454,64,367128
14358,0.073884,74.125.68.0-255,1484,356938,64,367128
14359,0.076143,74.125.68.0-255,4320,361258,64,367128
14360,0.076149,172.31.40.0-255,66,361324,64,367128
14361,0.07844,74.125.68.0-255,5738,367062,64,367128
14362,0.078447,172.31.40.0-255,66,367128,64,367128
14363,0.0,74.125.68.0-255,301,301,64,280904
14364,2.1e-05,172.31.40.0-255,66,367,64,280904
14365,2.8e-05,74.125.68.0-255,1484,1851,64,280904
14366,3.3e-05,172.31.40.0-255,66,1917,64,280904
14367,4e-05,74.125.68.0-255,4320,6237,64,280904
14368,4.2e-05,172.31.40.0-255,66,6303,64,280904
14369,4.8e-05,74.125.68.0-255,4320,10623,64,280904
14370,5e-05,172.31.40.0-255,66,10689,64,280904
14371,7.3e-05,74.125.68.0-255,1484,12173,64,280904
14372,7.5e-05,172.31.40.0-255,66,12239,64,280904
14373,0.000106,74.125.68.0-255,1868,14107,64,280904
14374,0.000109,172.31.40.0-255,66,14173,64,280904
14375,0.000114,74.125.68.0-255,2902,17075,64,280904
14376,0.000116,172.31.40.0-255,66,17141,64,280904
14377,0.000139,74.125.68.0-255,4320,21461,64,280904
14378,0.000141,172.31.40.0-255,66,21527,64,280904
14379,0.000159,74.125.68.0-255,2902,24429,64,280904
14380,0.000161,172.31.40.0-255,66,24495,64,280904
14381,0.000165,74.125.68.0-255,2902,27397,64,280904
14382,0.000167,172.31.40.0-255,66,27463,64,280904
14383,0.000204,74.125.68.0-255,3961,31424,64,280904
14384,0.000207,172.31.40.0-255,66,31490,64,280904
14385,0.000257,74.125.68.0-255,1484,32974,64,280904
14386,0.00026,172.31.40.0-255,66,33040,64,280904
14387,0.000272,74.125.68.0-255,2902,35942,64,280904
14388,0.000274,172.31.40.0-255,66,36008,64,280904
14389,0.000304,74.125.68.0-255,5738,41746,64,280904
14390,0.000307,172.31.40.0-255,66,41812,64,280904
14391,0.000313,74.125.68.0-255,4320,46132,64,280904
14392,0.000314,172.31.40.0-255,66,46198,64,280904
14393,0.000329,74.125.68.0-255,4320,50518,64,280904
14394,0.000331,172.31.40.0-255,66,50584,64,280904
14395,0.000348,74.125.68.0-255,1125,51709,64,280904
14396,0.000365,74.125.68.0-255,2902,54611,64,280904
14397,0.000367,172.31.40.0-255,66,54677,64,280904
14398,0.000385,74.125.68.0-255,7156,61833,64,280904
14399,0.000388,172.31.40.0-255,66,61899,64,280904
14400,0.0004,74.125.68.0-255,1484,63383,64,280904
14401,0.000415,74.125.68.0-255,2855,66238,64,280904
14402,0.000418,172.31.40.0-255,66,66304,64,280904
14403,0.000551,74.125.68.0-255,108,66412,64,280904
14404,0.000555,74.125.68.0-255,332,66744,64,280904
14405,0.001104,172.31.40.0-255,66,66810,64,280904
14406,0.001207,74.125.68.0-255,1484,68294,64,280904
14407,0.001226,74.125.68.0-255,2902,71196,64,280904
14408,0.001229,172.31.40.0-255,66,71262,64,280904
14409,0.001235,74.125.68.0-255,2902,74164,64,280904
14410,0.001237,172.31.40.0-255,66,74230,64,280904
14411,0.00125,74.125.68.0-255,2902,77132,64,280904
14412,0.001252,172.31.40.0-255,66,77198,64,280904
14413,0.001268,74.125.68.0-255,1484,78682,64,280904
14414,0.001283,74.125.68.0-255,4320,83002,64,280904
14415,0.001285,172.31.40.0-255,66,83068,64,280904
14416,0.001301,74.125.68.0-255,4320,87388,64,280904
14417,0.001303,172.31.40.0-255,66,87454,64,280904
14418,0.00131,74.125.68.0-255,5738,93192,64,280904
14419,0.001312,172.31.40.0-255,66,93258,64,280904
14420,0.001354,172.31.40.0-255,66,93324,64,280904
14421,0.003764,74.125.68.0-255,5738,99062,64,280904
14422,0.003772,172.31.40.0-255,66,99128,64,280904
14423,0.006199,74.125.68.0-255,2902,102030,64,280904
14424,0.006203,172.31.40.0-255,66,102096,64,280904
14425,0.006217,74.125.68.0-255,2902,104998,64,280904
14426,0.006219,172.31.40.0-255,66,105064,64,280904
14427,0.008624,74.125.68.0-255,2902,107966,64,280904
14428,0.008631,172.31.40.0-255,66,108032,64,280904
14429,0.008652,74.125.68.0-255,2902,110934,64,280904
14430,0.008655,172.31.40.0-255,66,111000,64,280904
14431,0.011082,74.125.68.0-255,4320,115320,64,280904
14432,0.01109,172.31.40.0-255,66,115386,64,280904
14433,0.01111,74.125.68.0-255,1484,116870,64,280904
14434,0.013514,74.125.68.0-255,4320,121190,64,280904
14435,0.013523,172.31.40.0-255,66,121256,64,280904
14436,0.015947,74.125.68.0-255,5738,126994,64,280904
14437,0.015955,172.31.40.0-255,66,127060,64,280904
14438,0.018374,74.125.68.0-255,5738,132798,64,280904
14439,0.018381,172.31.40.0-255,66,132864,64,280904
14440,0.020812,74.125.68.0-255,5738,138602,64,280904
14441,0.02082,172.31.40.0-255,66,138668,64,280904
14442,0.023247,74.125.68.0-255,5738,144406,64,280904
14443,0.023255,172.31.40.0-255,66,144472,64,280904
14444,0.025702,74.125.68.0-255,5738,150210,64,280904
14445,0.025709,172.31.40.0-255,66,150276,64,280904
14446,0.026939,172.31.40.0-255,172,150448,64,280904
14447,0.026971,172.31.40.0-255,1110,151558,64,280904
14448,0.027027,172.31.40.0-255,1514,153072,64,280904
14449,0.027029,172.31.40.0-255,1298,154370,64,280904
14450,0.028141,74.125.68.0-255,5738,160108,64,280904
14451,0.028146,172.31.40.0-255,66,160174,64,280904
14452,0.028554,104.244.42.0-255,66,160240,64,280904
14453,0.028649,104.244.42.0-255,66,160306,64,280904
14454,0.0287,104.244.42.0-255,66,160372,64,280904
14455,0.030579,74.125.68.0-255,5738,166110,64,280904
14456,0.030584,172.31.40.0-255,66,166176,64,280904
14457,0.03301,74.125.68.0-255,5738,171914,64,280904
14458,0.033019,172.31.40.0-255,66,171980,64,280904
14459,0.035449,74.125.68.0-255,5738,177718,64,280904
14460,0.035459,172.31.40.0-255,66,177784,64,280904
14461,0.037901,74.125.68.0-255,5738,183522,64,280904
14462,0.037907,172.31.40.0-255,66,183588,64,280904
14463,0.040337,74.125.68.0-255,5738,189326,64,280904
14464,0.040343,172.31.40.0-255,66,189392,64,280904
14465,0.042775,74.125.68.0-255,5738,195130,64,280904
14466,0.042782,172.31.40.0-255,66,195196,64,280904
14467,0.045206,74.125.68.0-255,5738,200934,64,280904
14468,0.045212,172.31.40.0-255,66,201000,64,280904
14469,0.047631,74.125.68.0-255,5738,206738,64,280904
14470,0.047638,172.31.40.0-255,66,206804,64,280904
14471,0.050063,74.125.68.0-255,5738,212542,64,280904
14472,0.050071,172.31.40.0-255,66,212608,64,280904
14473,0.05251,74.125.68.0-255,5738,218346,64,280904
14474,0.052522,172.31.40.0-255,66,218412,64,280904
14475,0.054954,74.125.68.0-255,5738,224150,64,280904
14476,0.05496,172.31.40.0-255,66,224216,64,280904
14477,0.057406,74.125.68.0-255,5738,229954,64,280904
14478,0.057413,172.31.40.0-255,66,230020,64,280904
14479,0.059846,74.125.68.0-255,5738,235758,64,280904
14480,0.059851,172.31.40.0-255,66,235824,64,280904
14481,0.06227,74.125.68.0-255,5738,241562,64,280904
14482,0.062277,172.31.40.0-255,66,241628,64,280904
14483,0.064699,74.125.68.0-255,4320,245948,64,280904
14484,0.064706,172.31.40.0-255,66,246014,64,280904
14485,0.064765,74.125.68.0-255,1484,247498,64,280904
14486,0.067127,74.125.68.0-255,4320,251818,64,280904
14487,0.067135,172.31.40.0-255,66,251884,64,280904
14488,0.069583,74.125.68.0-255,5738,257622,64,280904
14489,0.069593,172.31.40.0-255,66,257688,64,280904
14490,0.072032,74.125.68.0-255,5738,263426,64,280904
14491,0.072039,172.31.40.0-255,66,263492,64,280904
14492,0.074526,74.125.68.0-255,5738,269230,64,280904
14493,0.074533,172.31.40.0-255,66,269296,64,280904
14494,0.07697,74.125.68.0-255,5738,275034,64,280904
14495,0.076977,172.31.40.0-255,66,275100,64,280904
14496,0.079409,74.125.68.0-255,5738,280838,64,280904
14497,0.079416,172.31.40.0-255,66,280904,64,280904
14498,0.0,142.250.4.0-255,152,152,64,313142
14499,2e-05,172.31.40.0-255,66,218,64,313142
14500,2.6e-05,142.250.4.0-255,1484,1702,64,313142
14501,3.2e-05,172.31.40.0-255,66,1768,64,313142
14502,3.7e-05,142.250.4.0-255,2902,4670,64,313142
14503,4e-05,172.31.40.0-255,66,4736,64,313142
14504,5.3e-05,142.250.4.0-255,5738,10474,64,313142
14505,5.6e-05,172.31.40.0-255,66,10540,64,313142
14506,0.000101,142.250.4.0-255,3474,14014,64,313142
14507,0.000104,172.31.40.0-255,66,14080,64,313142
14508,0.000109,142.250.4.0-255,2902,16982,64,313142
14509,0.000112,172.31.40.0-255,66,17048,64,313142
14510,0.000135,142.250.4.0-255,1484,18532,64,313142
14511,0.000137,172.31.40.0-255,66,18598,64,313142
14512,0.000144,142.250.4.0-255,5738,24336,64,313142
14513,0.000146,172.31.40.0-255,66,24402,64,313142
14514,0.000175,142.250.4.0-255,4320,28722,64,313142
14515,0.000181,172.31.40.0-255,66,28788,64,313142
14516,0.000186,142.250.4.0-255,2543,31331,64,313142
14517,0.000188,172.31.40.0-255,66,31397,64,313142
14518,0.000315,142.250.4.0-255,1484,32881,64,313142
14519,0.000321,172.31.40.0-255,66,32947,64,313142
14520,0.000326,142.250.4.0-255,2902,35849,64,313142
14521,0.000328,172.31.40.0-255,66,35915,64,313142
14522,0.000334,142.250.4.0-255,5738,41653,64,313142
14523,0.000337,172.31.40.0-255,66,41719,64,313142
14524,0.000347,142.250.4.0-255,4320,46039,64,313142
14525,0.000349,172.31.40.0-255,66,46105,64,313142
14526,0.000414,172.31.40.0-255,66,46171,64,313142
14527,0.000421,142.250.4.0-255,7110,53281,64,313142
14528,0.000424,172.31.40.0-255,66,53347,64,313142
14529,0.000427,142.250.4.0-255,107,53454,64,313142
14530,0.000436,142.250.4.0-255,332,53786,64,313142
14531,0.001056,172.31.40.0-255,66,53852,64,313142
14532,0.001547,142.250.4.0-255,1484,55336,64,313142
14533,0.001556,142.250.4.0-255,2902,58238,64,313142
14534,0.001561,172.31.40.0-255,66,58304,64,313142
14535,0.001569,142.250.4.0-255,5738,64042,64,313142
14536,0.001571,172.31.40.0-255,66,64108,64,313142
14537,0.001611,172.31.40.0-255,66,64174,64,313142
14538,0.001617,142.250.4.0-255,5738,69912,64,313142
14539,0.00162,172.31.40.0-255,66,69978,64,313142
14540,0.001647,142.250.4.0-255,5020,74998,64,313142
14541,0.001656,172.31.40.0-255,66,75064,64,313142
14542,0.001763,142.250.4.0-255,1484,76548,64,313142
14543,0.001769,142.250.4.0-255,2902,79450,64,313142
14544,0.001772,172.31.40.0-255,66,79516,64,313142
14545,0.00178,142.250.4.0-255,5738,85254,64,313142
14546,0.001782,172.31.40.0-255,66,85320,64,313142
14547,0.001802,142.250.4.0-255,5738,91058,64,313142
14548,0.001804,172.31.40.0-255,66,91124,64,313142
14549,0.001841,142.250.4.0-255,7156,98280,64,313142
14550,0.001863,172.31.40.0-255,66,98346,64,313142
14551,0.001872,142.250.4.0-255,2184,100530,64,313142
14552,0.001882,172.31.40.0-255,66,100596,64,313142
14553,0.003978,142.250.4.0-255,2902,103498,64,313142
14554,0.003986,172.31.40.0-255,66,103564,64,313142
14555,0.00402,142.250.4.0-255,2902,106466,64,313142
14556,0.004023,172.31.40.0-255,66,106532,64,313142
14557,0.006104,142.250.4.0-255,2902,109434,64,313142
14558,0.006108,172.31.40.0-255,66,109500,64,313142
14559,0.006133,142.250.4.0-255,2902,112402,64,313142
14560,0.006136,172.31.40.0-255,66,112468,64,313142
14561,0.008231,142.250.4.0-255,2902,115370,64,313142
14562,0.008238,172.31.40.0-255,66,115436,64,313142
14563,0.00827,142.250.4.0-255,2902,118338,64,313142
14564,0.008273,172.31.40.0-255,66,118404,64,313142
14565,0.010347,142.250.4.0-255,2902,121306,64,313142
14566,0.010355,172.31.40.0-255,66,121372,64,313142
14567,0.010385,142.250.4.0-255,2902,124274,64,313142
14568,0.010388,172.31.40.0-255,66,124340,64,313142
14569,0.012494,142.250.4.0-255,2902,127242,64,313142
14570,0.012502,172.31.40.0-255,66,127308,64,313142
14571,0.012537,142.250.4.0-255,2902,130210,64,313142
14572,0.012539,172.31.40.0-255,66,130276,64,313142
14573,0.014646,142.250.4.0-255,5738,136014,64,313142
14574,0.014652,172.31.40.0-255,66,136080,64,313142
14575,0.016787,142.250.4.0-255,5738,141818,64,313142
14576,0.016793,172.31.40.0-255,66,141884,64,313142
14577,0.018933,142.250.4.0-255,5738,147622,64,313142
14578,0.01894,172.31.40.0-255,66,147688,64,313142
14579,0.02111,142.250.4.0-255,5738,153426,64,313142
14580,0.02112,172.31.40.0-255,66,153492,64,313142
14581,0.023277,142.250.4.0-255,5738,159230,64,313142
14582,0.023286,172.31.40.0-255,66,159296,64,313142
14583,0.025419,142.250.4.0-255,5738,165034,64,313142
14584,0.025427,172.31.40.0-255,66,165100,64,313142
14585,0.027266,172.31.40.0-255,172,165272,64,313142
14586,0.027296,172.31.40.0-255,1108,166380,64,313142
14587,0.027463,172.31.40.0-255,1514,167894,64,313142
14588,0.027465,172.31.40.0-255,1302,169196,64,313142
14589,0.02757,142.250.4.0-255,4320,173516,64,313142
14590,0.027576,172.31.40.0-255,66,173582,64,313142
14591,0.027606,142.250.4.0-255,1484,175066,64,313142
14592,0.028907,104.244.42.0-255,66,175132,64,313142
14593,0.028946,104.244.42.0-255,66,175198,64,313142
14594,0.029146,104.244.42.0-255,66,175264,64,313142
14595,0.02974,142.250.4.0-255,4320,179584,64,313142
14596,0.029747,172.31.40.0-255,66,179650,64,313142
14597,0.031882,142.250.4.0-255,5738,185388,64,313142
14598,0.031889,172.31.40.0-255,66,185454,64,313142
14599,0.034061,142.250.4.0-255,5738,191192,64,313142
14600,0.034067,172.31.40.0-255,66,191258,64,313142
14601,0.036253,142.250.4.0-255,5738,196996,64,313142
14602,0.03626,172.31.40.0-255,66,197062,64,313142
14603,0.038407,142.250.4.0-255,5738,202800,64,313142
14604,0.038413,172.31.40.0-255,66,202866,64,313142
14605,0.040557,142.250.4.0-255,5738,208604,64,313142
14606,0.040564,172.31.40.0-255,66,208670,64,313142
14607,0.042716,142.250.4.0-255,5738,214408,64,313142
14608,0.042722,172.31.40.0-255,66,214474,64,313142
14609,0.044848,142.250.4.0-255,5738,220212,64,313142
14610,0.044855,172.31.40.0-255,66,220278,64,313142
14611,0.04699,142.250.4.0-255,5738,226016,64,313142
14612,0.046998,172.31.40.0-255,66,226082,64,313142
14613,0.049144,142.250.4.0-255,5738,231820,64,313142
14614,0.04915,172.31.40.0-255,66,231886,64,313142
14615,0.051313,142.250.4.0-255,5738,237624,64,313142
14616,0.051318,172.31.40.0-255,66,237690,64,313142
14617,0.053463,142.250.4.0-255,5738,243428,64,313142
14618,0.053474,172.31.40.0-255,66,243494,64,313142
14619,0.055621,142.250.4.0-255,5738,249232,64,313142
14620,0.055628,172.31.40.0-255,66,249298,64,313142
14621,0.057762,142.250.4.0-255,5738,255036,64,313142
14622,0.057768,172.31.40.0-255,66,255102,64,313142
14623,0.059938,142.250.4.0-255,5738,260840,64,313142
14624,0.059945,172.31.40.0-255,66,260906,64,313142
14625,0.062068,142.250.4.0-255,5738,266644,64,313142
14626,0.062074,172.31.40.0-255,66,266710,64,313142
14627,0.064211,142.250.4.0-255,5738,272448,64,313142
14628,0.064218,172.31.40.0-255,66,272514,64,313142
14629,0.066344,142.250.4.0-255,5738,278252,64,313142
14630,0.066349,172.31.40.0-255,66,278318,64,313142
14631,0.068489,142.250.4.0-255,5738,284056,64,313142
14632,0.068498,172.31.40.0-255,66,284122,64,313142
14633,0.07063,142.250.4.0-255,5738,289860,64,313142
14634,0.070636,172.31.40.0-255,66,289926,64,313142
14635,0.072789,142.250.4.0-255,5738,295664,64,313142
14636,0.072796,172.31.40.0-255,66,295730,64,313142
14637,0.074944,142.250.4.0-255,5738,301468,64,313142
14638,0.07495,172.31.40.0-255,66,301534,64,313142
14639,0.077088,142.250.4.0-255,5738,307272,64,313142
14640,0.077094,172.31.40.0-255,66,307338,64,313142
14641,0.079276,142.250.4.0-255,5738,313076,64,313142
14642,0.079283,172.31.40.0-255,66,313142,64,313142
14643,0.0,74.125.130.0-255,146,146,64,378710
14644,2e-05,172.31.40.0-255,66,212,64,378710
14645,2.7e-05,74.125.130.0-255,1484,1696,64,378710
14646,3.2e-05,172.31.40.0-255,66,1762,64,378710
14647,3.8e-05,74.125.130.0-255,2902,4664,64,378710
14648,4.2e-05,172.31.40.0-255,66,4730,64,378710
14649,7.2e-05,74.125.130.0-255,7156,11886,64,378710
14650,7.5e-05,172.31.40.0-255,66,11952,64,378710
14651,0.000113,74.125.130.0-255,2066,14018,64,378710
14652,0.000115,172.31.40.0-255,66,14084,64,378710
14653,0.000138,74.125.130.0-255,2902,16986,64,378710
14654,0.000141,172.31.40.0-255,66,17052,64,378710
14655,0.00016,74.125.130.0-255,1484,18536,64,378710
14656,0.000163,172.31.40.0-255,66,18602,64,378710
14657,0.000175,74.125.130.0-255,2902,21504,64,378710
14658,0.000178,172.31.40.0-255,66,21570,64,378710
14659,0.000201,74.125.130.0-255,5738,27308,64,378710
14660,0.000204,172.31.40.0-255,66,27374,64,378710
14661,0.000207,74.125.130.0-255,1484,28858,64,378710
14662,0.000209,172.31.40.0-255,66,28924,64,378710
14663,0.000227,74.125.130.0-255,2543,31467,64,378710
14664,0.00023,172.31.40.0-255,66,31533,64,378710
14665,0.000465,74.125.130.0-255,1484,33017,64,378710
14666,0.000469,172.31.40.0-255,66,33083,64,378710
14667,0.000474,74.125.130.0-255,2902,35985,64,378710
14668,0.000477,172.31.40.0-255,66,36051,64,378710
14669,0.000527,74.125.130.0-255,1484,37535,64,378710
14670,0.00053,172.31.40.0-255,66,37601,64,378710
14671,0.000549,74.125.130.0-255,1484,39085,64,378710
14672,0.000551,172.31.40.0-255,66,39151,64,378710
14673,0.000558,74.125.130.0-255,4320,43471,64,378710
14674,0.00056,172.31.40.0-255,66,43537,64,378710
14675,0.000565,74.125.130.0-255,2902,46439,64,378710
14676,0.000568,172.31.40.0-255,66,46505,64,378710
14677,0.000596,74.125.130.0-255,3961,50466,64,378710
14678,0.000599,172.31.40.0-255,66,50532,64,378710
14679,0.000619,74.125.130.0-255,2902,53434,64,378710
14680,0.000621,172.31.40.0-255,66,53500,64,378710
14681,0.00064,74.125.130.0-255,1484,54984,64,378710
14682,0.000647,74.125.130.0-255,5738,60722,64,378710
14683,0.00065,172.31.40.0-255,66,60788,64,378710
14684,0.000676,74.125.130.0-255,5379,66167,64,378710
14685,0.000679,172.31.40.0-255,66,66233,64,378710
14686,0.000916,74.125.130.0-255,645,66878,64,378710
14687,0.00102,74.125.130.0-255,1484,68362,64,378710
14688,0.001023,172.31.40.0-255,66,68428,64,378710
14689,0.001048,74.125.130.0-255,2902,71330,64,378710
14690,0.001051,172.31.40.0-255,66,71396,64,378710
14691,0.001057,74.125.130.0-255,5738,77134,64,378710
14692,0.00106,172.31.40.0-255,66,77200,64,378710
14693,0.001062,74.125.130.0-255,1484,78684,64,378710
14694,0.001086,74.125.130.0-255,2902,81586,64,378710
14695,0.001088,172.31.40.0-255,66,81652,64,378710
14696,0.001095,74.125.130.0-255,5738,87390,64,378710
14697,0.001098,172.31.40.0-255,66,87456,64,378710
14698,0.00112,74.125.130.0-255,2902,90358,64,378710
14699,0.001123,172.31.40.0-255,66,90424,64,378710
14700,0.001157,172.31.40.0-255,66,90490,64,378710
14701,0.001161,74.125.130.0-255,2184,92674,64,378710
14702,0.001164,172.31.40.0-255,66,92740,64,378710
14703,0.001331,74.125.130.0-255,1484,94224,64,378710
14704,0.001346,74.125.130.0-255,2902,97126,64,378710
14705,0.00135,172.31.40.0-255,66,97192,64,378710
14706,0.001353,74.125.130.0-255,1484,98676,64,378710
14707,0.001369,74.125.130.0-255,4320,102996,64,378710
14708,0.001372,172.31.40.0-255,66,103062,64,378710
14709,0.001375,74.125.130.0-255,1484,104546,64,378710
14710,0.00138,74.125.130.0-255,2902,107448,64,378710
14711,0.001382,172.31.40.0-255,66,107514,64,378710
14712,0.001409,74.125.130.0-255,5738,113252,64,378710
14713,0.001412,172.31.40.0-255,66,113318,64,378710
14714,0.001436,74.125.130.0-255,5738,119056,64,378710
14715,0.001439,172.31.40.0-255,66,119122,64,378710
14716,0.001491,74.125.130.0-255,7156,126278,64,378710
14717,0.001494,172.31.40.0-255,66,126344,64,378710
14718,0.001497,74.125.130.0-255,218,126562,64,378710
14719,0.001621,74.125.130.0-255,1484,128046,64,378710
14720,0.001624,172.31.40.0-255,66,128112,64,378710
14721,0.001639,74.125.130.0-255,2902,131014,64,378710
14722,0.001641,172.31.40.0-255,66,131080,64,378710
14723,0.001664,74.125.130.0-255,5738,136818,64,378710
14724,0.001667,172.31.40.0-255,66,136884,64,378710
14725,0.00168,74.125.130.0-255,2902,139786,64,378710
14726,0.001682,172.31.40.0-255,66,139852,64,378710
14727,0.001703,74.125.130.0-255,1484,141336,64,378710
14728,0.001726,74.125.130.0-255,5738,147074,64,378710
14729,0.001729,172.31.40.0-255,66,147140,64,378710
14730,0.001733,74.125.130.0-255,2902,150042,64,378710
14731,0.001735,172.31.40.0-255,66,150108,64,378710
14732,0.00175,74.125.130.0-255,2902,153010,64,378710
14733,0.001753,172.31.40.0-255,66,153076,64,378710
14734,0.00177,74.125.130.0-255,1484,154560,64,378710
14735,0.001787,74.125.130.0-255,2902,157462,64,378710
14736,0.001789,172.31.40.0-255,66,157528,64,378710
14737,0.00181,74.125.130.0-255,3602,161130,64,378710
14738,0.001813,172.31.40.0-255,66,161196,64,378710
14739,0.003834,74.125.130.0-255,1484,162680,64,378710
14740,0.003854,74.125.130.0-255,4320,167000,64,378710
14741,0.003858,172.31.40.0-255,66,167066,64,378710
14742,0.005915,74.125.130.0-255,5738,172804,64,378710
14743,0.005922,172.31.40.0-255,66,172870,64,378710
14744,0.007992,74.125.130.0-255,4320,177190,64,378710
14745,0.007996,172.31.40.0-255,66,177256,64,378710
14746,0.008015,74.125.130.0-255,1484,178740,64,378710
14747,0.01005,74.125.130.0-255,4320,183060,64,378710
14748,0.010057,172.31.40.0-255,66,183126,64,378710
14749,0.012123,74.125.130.0-255,5738,188864,64,378710
14750,0.012131,172.31.40.0-255,66,188930,64,378710
14751,0.014186,74.125.130.0-255,5738,194668,64,378710
14752,0.014194,172.31.40.0-255,66,194734,64,378710
14753,0.016264,74.125.130.0-255,5738,200472,64,378710
14754,0.016275,172.31.40.0-255,66,200538,64,378710
14755,0.018334,74.125.130.0-255,5738,206276,64,378710
14756,0.018341,172.31.40.0-255,66,206342,64,378710
14757,0.020431,74.125.130.0-255,5738,212080,64,378710
14758,0.02044,172.31.40.0-255,66,212146,64,378710
14759,0.022514,74.125.130.0-255,5738,217884,64,378710
14760,0.022522,172.31.40.0-255,66,217950,64,378710
14761,0.024574,74.125.130.0-255,5738,223688,64,378710
14762,0.024582,172.31.40.0-255,66,223754,64,378710
14763,0.02664,74.125.130.0-255,5738,229492,64,378710
14764,0.026646,172.31.40.0-255,66,229558,64,378710
14765,0.028711,74.125.130.0-255,4320,233878,64,378710
14766,0.028718,172.31.40.0-255,66,233944,64,378710
14767,0.028738,74.125.130.0-255,1484,235428,64,378710
14768,0.02955,172.31.40.0-255,172,235600,64,378710
14769,0.029577,172.31.40.0-255,1110,236710,64,378710
14770,0.029628,172.31.40.0-255,1514,238224,64,378710
14771,0.02963,172.31.40.0-255,1514,239738,64,378710
14772,0.029654,172.31.40.0-255,698,240436,64,378710
14773,0.030779,74.125.130.0-255,4320,244756,64,378710
14774,0.03079,172.31.40.0-255,66,244822,64,378710
14775,0.031103,104.244.42.0-255,66,244888,64,378710
14776,0.03114,104.244.42.0-255,66,244954,64,378710
14777,0.031192,104.244.42.0-255,66,245020,64,378710
14778,0.031197,104.244.42.0-255,66,245086,64,378710
14779,0.032876,74.125.130.0-255,5738,250824,64,378710
14780,0.032883,172.31.40.0-255,66,250890,64,378710
14781,0.034944,74.125.130.0-255,5738,256628,64,378710
14782,0.034951,172.31.40.0-255,66,256694,64,378710
14783,0.037005,74.125.130.0-255,5738,262432,64,378710
14784,0.037012,172.31.40.0-255,66,262498,64,378710
14785,0.039082,74.125.130.0-255,5738,268236,64,378710
14786,0.039089,172.31.40.0-255,66,268302,64,378710
14787,0.041148,74.125.130.0-255,5738,274040,64,378710
14788,0.041155,172.31.40.0-255,66,274106,64,378710
14789,0.043209,74.125.130.0-255,2902,277008,64,378710
14790,0.043216,172.31.40.0-255,66,277074,64,378710
14791,0.043238,74.125.130.0-255,2902,279976,64,378710
14792,0.043241,172.31.40.0-255,66,280042,64,378710
14793,0.045294,74.125.130.0-255,5738,285780,64,378710
14794,0.045301,172.31.40.0-255,66,285846,64,378710
14795,0.047367,74.125.130.0-255,5738,291584,64,378710
14796,0.047374,172.31.40.0-255,66,291650,64,378710
14797,0.049438,74.125.130.0-255,5738,297388,64,378710
14798,0.049444,172.31.40.0-255,66,297454,64,378710
14799,0.051567,74.125.130.0-255,5738,303192,64,378710
14800,0.051573,172.31.40.0-255,66,303258,64,378710
14801,0.053648,74.125.130.0-255,5738,308996,64,378710
14802,0.053655,172.31.40.0-255,66,309062,64,378710
14803,0.055717,74.125.130.0-255,5738,314800,64,378710
14804,0.055725,172.31.40.0-255,66,314866,64,378710
14805,0.05779,74.125.130.0-255,5738,320604,64,378710
14806,0.057795,172.31.40.0-255,66,320670,64,378710
14807,0.059855,74.125.130.0-255,5738,326408,64,378710
14808,0.05986,172.31.40.0-255,66,326474,64,378710
14809,0.061925,74.125.130.0-255,5738,332212,64,378710
14810,0.061931,172.31.40.0-255,66,332278,64,378710
14811,0.064001,74.125.130.0-255,5738,338016,64,378710
14812,0.064007,172.31.40.0-255,66,338082,64,378710
14813,0.066058,74.125.130.0-255,5738,343820,64,378710
14814,0.066065,172.31.40.0-255,66,343886,64,378710
14815,0.068132,74.125.130.0-255,5738,349624,64,378710
14816,0.06814,172.31.40.0-255,66,349690,64,378710
14817,0.070199,74.125.130.0-255,5738,355428,64,378710
14818,0.070205,172.31.40.0-255,66,355494,64,378710
14819,0.072268,74.125.130.0-255,5738,361232,64,378710
14820,0.072275,172.31.40.0-255,66,361298,64,378710
14821,0.074332,74.125.130.0-255,5738,367036,64,378710
14822,0.074339,172.31.40.0-255,66,367102,64,378710
14823,0.07643,74.125.130.0-255,5738,372840,64,378710
14824,0.076436,172.31.40.0-255,66,372906,64,378710
14825,0.078514,74.125.130.0-255,5738,378644,64,378710
14826,0.078519,172.31.40.0-255,66,378710,64,378710
14827,0.0,74.125.24.0-255,146,146,64,360619
14828,2.4e-05,172.31.40.0-255,66,212,64,360619
14829,4.7e-05,74.125.24.0-255,1484,1696,64,360619
14830,5.2e-05,172.31.40.0-255,66,1762,64,360619
14831,6.7e-05,74.125.24.0-255,2902,4664,64,360619
14832,7.1e-05,172.31.40.0-255,66,4730,64,360619
14833,9.7e-05,74.125.24.0-255,2902,7632,64,360619
14834,0.0001,172.31.40.0-255,66,7698,64,360619
14835,0.000133,172.31.40.0-255,66,7764,64,360619
14836,0.000155,74.125.24.0-255,5738,13502,64,360619
14837,0.000158,172.31.40.0-255,66,13568,64,360619
14838,0.000184,74.125.24.0-255,2902,16470,64,360619
14839,0.000187,172.31.40.0-255,66,16536,64,360619
14840,0.0002,172.31.40.0-255,66,16602,64,360619
14841,0.000221,74.125.24.0-255,4320,20922,64,360619
14842,0.000223,172.31.40.0-255,66,20988,64,360619
14843,0.000242,74.125.24.0-255,6438,27426,64,360619
14844,0.000244,172.31.40.0-255,66,27492,64,360619
14845,0.000468,74.125.24.0-255,1484,28976,64,360619
14846,0.000473,172.31.40.0-255,66,29042,64,360619
14847,0.000479,74.125.24.0-255,2902,31944,64,360619
14848,0.000482,172.31.40.0-255,66,32010,64,360619
14849,0.000489,74.125.24.0-255,5738,37748,64,360619
14850,0.000491,172.31.40.0-255,66,37814,64,360619
14851,0.000496,74.125.24.0-255,4320,42134,64,360619
14852,0.000499,172.31.40.0-255,66,42200,64,360619
14853,0.000503,74.125.24.0-255,2902,45102,64,360619
14854,0.000506,172.31.40.0-255,66,45168,64,360619
14855,0.000538,172.31.40.0-255,66,45234,64,360619
14856,0.000545,74.125.24.0-255,5738,50972,64,360619
14857,0.000556,172.31.40.0-255,66,51038,64,360619
14858,0.000574,74.125.24.0-255,1705,52743,64,360619
14859,0.000602,172.31.40.0-255,66,52809,64,360619
14860,0.000793,74.125.24.0-255,1484,54293,64,360619
14861,0.000799,74.125.24.0-255,2902,57195,64,360619
14862,0.000811,74.125.24.0-255,2902,60097,64,360619
14863,0.000824,172.31.40.0-255,66,60163,64,360619
14864,0.000833,74.125.24.0-255,2902,63065,64,360619
14865,0.000837,74.125.24.0-255,2902,65967,64,360619
14866,0.000843,172.31.40.0-255,66,66033,64,360619
14867,0.000854,74.125.24.0-255,1484,67517,64,360619
14868,0.000868,74.125.24.0-255,4320,71837,64,360619
14869,0.000879,172.31.40.0-255,66,71903,64,360619
14870,0.000893,74.125.24.0-255,4320,76223,64,360619
14871,0.000918,74.125.24.0-255,2184,78407,64,360619
14872,0.000929,172.31.40.0-255,66,78473,64,360619
14873,0.001394,74.125.24.0-255,1484,79957,64,360619
14874,0.001409,74.125.24.0-255,2902,82859,64,360619
14875,0.001413,172.31.40.0-255,66,82925,64,360619
14876,0.001443,74.125.24.0-255,5738,88663,64,360619
14877,0.001446,172.31.40.0-255,66,88729,64,360619
14878,0.001488,74.125.24.0-255,2902,91631,64,360619
14879,0.001494,74.125.24.0-255,4320,95951,64,360619
14880,0.001503,74.125.24.0-255,5738,101689,64,360619
14881,0.001516,74.125.24.0-255,2902,104591,64,360619
14882,0.001522,74.125.24.0-255,4320,108911,64,360619
14883,0.001536,172.31.40.0-255,66,108977,64,360619
14884,0.001573,74.125.24.0-255,5738,114715,64,360619
14885,0.001581,172.31.40.0-255,66,114781,64,360619
14886,0.0016,74.125.24.0-255,6438,121219,64,360619
14887,0.001618,172.31.40.0-255,66,121285,64,360619
14888,0.001627,74.125.24.0-255,2902,124187,64,360619
14889,0.001632,74.125.24.0-255,5738,129925,64,360619
14890,0.001637,172.31.40.0-255,66,129991,64,360619
14891,0.001665,74.125.24.0-255,4320,134311,64,360619
14892,0.001674,172.31.40.0-255,66,134377,64,360619
14893,0.001708,74.125.24.0-255,2184,136561,64,360619
14894,0.001719,172.31.40.0-255,66,136627,64,360619
14895,0.002028,74.125.24.0-255,1484,138111,64,360619
14896,0.002046,74.125.24.0-255,2902,141013,64,360619
14897,0.00205,172.31.40.0-255,66,141079,64,360619
14898,0.002053,74.125.24.0-255,1484,142563,64,360619
14899,0.002074,74.125.24.0-255,4320,146883,64,360619
14900,0.002104,172.31.40.0-255,66,146949,64,360619
14901,0.002112,74.125.24.0-255,7156,154105,64,360619
14902,0.002124,74.125.24.0-255,3961,158066,64,360619
14903,0.002129,74.125.24.0-255,4320,162386,64,360619
14904,0.002132,172.31.40.0-255,66,162452,64,360619
14905,0.002154,172.31.40.0-255,66,162518,64,360619
14906,0.002179,74.125.24.0-255,2902,165420,64,360619
14907,0.002189,172.31.40.0-255,66,165486,64,360619
14908,0.002221,172.31.40.0-255,66,165552,64,360619
14909,0.00436,74.125.24.0-255,5738,171290,64,360619
14910,0.004367,172.31.40.0-255,66,171356,64,360619
14911,0.006491,74.125.24.0-255,2902,174258,64,360619
14912,0.006513,74.125.24.0-255,2902,177160,64,360619
14913,0.009046,172.31.40.0-255,66,177226,64,360619
14914,0.01119,74.125.24.0-255,5738,182964,64,360619
14915,0.0112,172.31.40.0-255,66,183030,64,360619
14916,0.013327,74.125.24.0-255,5738,188768,64,360619
14917,0.013826,172.31.40.0-255,66,188834,64,360619
14918,0.015973,74.125.24.0-255,5738,194572,64,360619
14919,0.015983,172.31.40.0-255,66,194638,64,360619
14920,0.018106,74.125.24.0-255,5738,200376,64,360619
14921,0.018114,172.31.40.0-255,66,200442,64,360619
14922,0.020264,74.125.24.0-255,5738,206180,64,360619
14923,0.020272,172.31.40.0-255,66,206246,64,360619
14924,0.022404,74.125.24.0-255,5738,211984,64,360619
14925,0.02241,172.31.40.0-255,66,212050,64,360619
14926,0.024541,74.125.24.0-255,5738,217788,64,360619
14927,0.024549,172.31.40.0-255,66,217854,64,360619
14928,0.026667,74.125.24.0-255,5738,223592,64,360619
14929,0.026674,172.31.40.0-255,66,223658,64,360619
14930,0.028821,74.125.24.0-255,5738,229396,64,360619
14931,0.028828,172.31.40.0-255,66,229462,64,360619
14932,0.030947,74.125.24.0-255,5738,235200,64,360619
14933,0.030954,172.31.40.0-255,66,235266,64,360619
14934,0.032225,172.31.40.0-255,172,235438,64,360619
14935,0.032259,172.31.40.0-255,1110,236548,64,360619
14936,0.032313,172.31.40.0-255,1514,238062,64,360619
14937,0.032314,172.31.40.0-255,1298,239360,64,360619
14938,0.033097,74.125.24.0-255,5738,245098,64,360619
14939,0.033104,172.31.40.0-255,66,245164,64,360619
14940,0.033879,104.244.42.0-255,66,245230,64,360619
14941,0.033935,104.244.42.0-255,66,245296,64,360619
14942,0.03397,104.244.42.0-255,66,245362,64,360619
14943,0.035257,74.125.24.0-255,5738,251100,64,360619
14944,0.035265,172.31.40.0-255,66,251166,64,360619
14945,0.0375,74.125.24.0-255,5738,256904,64,360619
14946,0.037507,172.31.40.0-255,66,256970,64,360619
14947,0.039626,74.125.24.0-255,5738,262708,64,360619
14948,0.039633,172.31.40.0-255,66,262774,64,360619
14949,0.041753,74.125.24.0-255,5738,268512,64,360619
14950,0.041759,172.31.40.0-255,66,268578,64,360619
14951,0.043897,74.125.24.0-255,2902,271480,64,360619
14952,0.043903,172.31.40.0-255,66,271546,64,360619
14953,0.043925,74.125.24.0-255,2902,274448,64,360619
14954,0.043947,172.31.40.0-255,66,274514,64,360619
14955,0.046022,74.125.24.0-255,2902,277416,64,360619
14956,0.046028,172.31.40.0-255,66,277482,64,360619
14957,0.046072,74.125.24.0-255,2902,280384,64,360619
14958,0.04609,172.31.40.0-255,66,280450,64,360619
14959,0.048156,74.125.24.0-255,2902,283352,64,360619
14960,0.048161,172.31.40.0-255,66,283418,64,360619
14961,0.048187,74.125.24.0-255,2902,286320,64,360619
14962,0.048212,172.31.40.0-255,66,286386,64,360619
14963,0.050299,74.125.24.0-255,2902,289288,64,360619
14964,0.050307,172.31.40.0-255,66,289354,64,360619
14965,0.050333,74.125.24.0-255,2902,292256,64,360619
14966,0.050362,172.31.40.0-255,66,292322,64,360619
14967,0.052459,74.125.24.0-255,2902,295224,64,360619
14968,0.052465,172.31.40.0-255,66,295290,64,360619
14969,0.05249,74.125.24.0-255,2902,298192,64,360619
14970,0.052519,172.31.40.0-255,66,298258,64,360619
14971,0.054607,74.125.24.0-255,2902,301160,64,360619
14972,0.054612,172.31.40.0-255,66,301226,64,360619
14973,0.054634,74.125.24.0-255,2902,304128,64,360619
14974,0.054649,172.31.40.0-255,66,304194,64,360619
14975,0.056726,74.125.24.0-255,2902,307096,64,360619
14976,0.056732,172.31.40.0-255,66,307162,64,360619
14977,0.056782,74.125.24.0-255,2902,310064,64,360619
14978,0.056807,172.31.40.0-255,66,310130,64,360619
14979,0.058864,74.125.24.0-255,2902,313032,64,360619
14980,0.058869,172.31.40.0-255,66,313098,64,360619
14981,0.058915,74.125.24.0-255,2902,316000,64,360619
14982,0.058936,172.31.40.0-255,66,316066,64,360619
14983,0.060985,74.125.24.0-255,2902,318968,64,360619
14984,0.06099,172.31.40.0-255,66,319034,64,360619
14985,0.061044,74.125.24.0-255,2902,321936,64,360619
14986,0.061051,172.31.40.0-255,66,322002,64,360619
14987,0.06311,74.125.24.0-255,2902,324904,64,360619
14988,0.063114,172.31.40.0-255,66,324970,64,360619
14989,0.063172,74.125.24.0-255,2902,327872,64,360619
14990,0.063177,172.31.40.0-255,66,327938,64,360619
14991,0.065259,74.125.24.0-255,2902,330840,64,360619
14992,0.065268,172.31.40.0-255,66,330906,64,360619
14993,0.065321,74.125.24.0-255,2902,333808,64,360619
14994,0.065338,172.31.40.0-255,66,333874,64,360619
14995,0.067425,74.125.24.0-255,2902,336776,64,360619
14996,0.06743,172.31.40.0-255,66,336842,64,360619
14997,0.067456,74.125.24.0-255,2902,339744,64,360619
14998,0.067476,172.31.40.0-255,66,339810,64,360619
14999,0.069557,74.125.24.0-255,2902,342712,64,360619
15000,0.069562,172.31.40.0-255,66,342778,64,360619
15001,0.069702,74.125.24.0-255,2902,345680,64,360619
15002,0.069707,172.31.40.0-255,66,345746,64,360619
15003,0.071781,74.125.24.0-255,2902,348648,64,360619
15004,0.071787,172.31.40.0-255,66,348714,64,360619
15005,0.071818,74.125.24.0-255,2902,351616,64,360619
15006,0.072531,172.31.40.0-255,66,351682,64,360619
15007,0.073915,74.125.24.0-255,2902,354584,64,360619
15008,0.073921,172.31.40.0-255,66,354650,64,360619
15009,0.074678,74.125.24.0-255,2902,357552,64,360619
15010,0.074684,172.31.40.0-255,66,357618,64,360619
15011,0.076095,74.125.24.0-255,2764,360382,64,360619
15012,0.076101,172.31.40.0-255,66,360448,64,360619
15013,0.076259,172.31.40.0-255,105,360553,64,360619
15014,0.078358,74.125.24.0-255,66,360619,64,360619
15015,0.0,172.217.194.0-255,153,153,64,348162
15016,2.3e-05,172.31.40.0-255,66,219,64,348162
15017,3.1e-05,172.217.194.0-255,1484,1703,64,348162
15018,3.5e-05,172.31.40.0-255,66,1769,64,348162
15019,4e-05,172.217.194.0-255,2902,4671,64,348162
15020,4.5e-05,172.31.40.0-255,66,4737,64,348162
15021,4.9e-05,172.217.194.0-255,2902,7639,64,348162
15022,5.3e-05,172.31.40.0-255,66,7705,64,348162
15023,9.9e-05,172.217.194.0-255,6357,14062,64,348162
15024,0.000102,172.31.40.0-255,66,14128,64,348162
15025,0.00013,172.217.194.0-255,1484,15612,64,348162
15026,0.000133,172.31.40.0-255,66,15678,64,348162
15027,0.000138,172.217.194.0-255,2902,18580,64,348162
15028,0.000141,172.31.40.0-255,66,18646,64,348162
15029,0.000159,172.217.194.0-255,5738,24384,64,348162
15030,0.000162,172.31.40.0-255,66,24450,64,348162
15031,0.000189,172.217.194.0-255,5738,30188,64,348162
15032,0.000192,172.31.40.0-255,66,30254,64,348162
15033,0.000211,172.217.194.0-255,1125,31379,64,348162
15034,0.000214,172.31.40.0-255,66,31445,64,348162
15035,0.000241,172.217.194.0-255,7156,38601,64,348162
15036,0.000244,172.31.40.0-255,66,38667,64,348162
15037,0.000251,172.217.194.0-255,7156,45823,64,348162
15038,0.000254,172.31.40.0-255,66,45889,64,348162
15039,0.000289,172.217.194.0-255,2543,48432,64,348162
15040,0.000291,172.31.40.0-255,66,48498,64,348162
15041,0.000429,172.217.194.0-255,1484,49982,64,348162
15042,0.000433,172.31.40.0-255,66,50048,64,348162
15043,0.000438,172.217.194.0-255,2902,52950,64,348162
15044,0.000441,172.31.40.0-255,66,53016,64,348162
15045,0.000444,172.217.194.0-255,1484,54500,64,348162
15046,0.000446,172.31.40.0-255,66,54566,64,348162
15047,0.000474,172.217.194.0-255,4320,58886,64,348162
15048,0.000478,172.31.40.0-255,66,58952,64,348162
15049,0.000517,172.217.194.0-255,6797,65749,64,348162
15050,0.000519,172.31.40.0-255,66,65815,64,348162
15051,0.000522,172.217.194.0-255,677,66492,64,348162
15052,0.00065,172.217.194.0-255,1484,67976,64,348162
15053,0.000654,172.31.40.0-255,66,68042,64,348162
15054,0.00066,172.217.194.0-255,2902,70944,64,348162
15055,0.000662,172.31.40.0-255,66,71010,64,348162
15056,0.000665,172.217.194.0-255,1484,72494,64,348162
15057,0.000682,172.217.194.0-255,4320,76814,64,348162
15058,0.000685,172.31.40.0-255,66,76880,64,348162
15059,0.000713,172.217.194.0-255,6797,83677,64,348162
15060,0.000716,172.31.40.0-255,66,83743,64,348162
15061,0.001287,172.217.194.0-255,1484,85227,64,348162
15062,0.001293,172.217.194.0-255,2902,88129,64,348162
15063,0.001297,172.31.40.0-255,66,88195,64,348162
15064,0.001304,172.217.194.0-255,5738,93933,64,348162
15065,0.001306,172.31.40.0-255,66,93999,64,348162
15066,0.001343,172.217.194.0-255,7156,101155,64,348162
15067,0.001346,172.31.40.0-255,66,101221,64,348162
15068,0.001363,172.217.194.0-255,6797,108018,64,348162
15069,0.001365,172.31.40.0-255,66,108084,64,348162
15070,0.001369,172.217.194.0-255,2902,110986,64,348162
15071,0.001371,172.31.40.0-255,66,111052,64,348162
15072,0.001412,172.31.40.0-255,66,111118,64,348162
15073,0.001448,172.31.40.0-255,66,111184,64,348162
15074,0.001463,172.217.194.0-255,2184,113368,64,348162
15075,0.001476,172.31.40.0-255,66,113434,64,348162
15076,0.001479,172.31.40.0-255,66,113500,64,348162
15077,0.001505,172.217.194.0-255,4320,117820,64,348162
15078,0.001508,172.31.40.0-255,66,117886,64,348162
15079,0.001521,172.31.40.0-255,66,117952,64,348162
15080,0.001561,172.31.40.0-255,66,118018,64,348162
15081,0.00158,172.217.194.0-255,1484,119502,64,348162
15082,0.001585,172.217.194.0-255,2902,122404,64,348162
15083,0.001588,172.31.40.0-255,66,122470,64,348162
15084,0.001613,172.217.194.0-255,5738,128208,64,348162
15085,0.001616,172.31.40.0-255,66,128274,64,348162
15086,0.001623,172.217.194.0-255,5738,134012,64,348162
15087,0.001625,172.31.40.0-255,66,134078,64,348162
15088,0.001656,172.217.194.0-255,7156,141234,64,348162
15089,0.001659,172.31.40.0-255,66,141300,64,348162
15090,0.001705,172.31.40.0-255,66,141366,64,348162
15091,0.001727,172.217.194.0-255,1484,142850,64,348162
15092,0.001751,172.217.194.0-255,2902,145752,64,348162
15093,0.001758,172.217.194.0-255,5738,151490,64,348162
15094,0.00179,172.217.194.0-255,5738,157228,64,348162
15095,0.001797,172.31.40.0-255,66,157294,64,348162
15096,0.00182,172.217.194.0-255,6438,163732,64,348162
15097,0.001841,172.31.40.0-255,66,163798,64,348162
15098,0.002102,172.217.194.0-255,1484,165282,64,348162
15099,0.002108,172.217.194.0-255,2902,168184,64,348162
15100,0.002111,172.31.40.0-255,66,168250,64,348162
15101,0.002115,172.217.194.0-255,1484,169734,64,348162
15102,0.002134,172.217.194.0-255,4320,174054,64,348162
15103,0.002142,172.31.40.0-255,66,174120,64,348162
15104,0.002164,172.217.194.0-255,7156,181276,64,348162
15105,0.002188,172.217.194.0-255,5738,187014,64,348162
15106,0.002195,172.217.194.0-255,5738,192752,64,348162
15107,0.002233,172.217.194.0-255,5020,197772,64,348162
15108,0.002343,172.217.194.0-255,1484,199256,64,348162
15109,0.008182,172.31.40.0-255,66,199322,64,348162
15110,0.008606,172.31.40.0-255,101,199423,64,348162
15111,0.01051,172.217.194.0-255,5738,205161,64,348162
15112,0.010521,172.31.40.0-255,66,205227,64,348162
15113,0.010893,172.217.194.0-255,66,205293,64,348162
15114,0.012848,172.217.194.0-255,5738,211031,64,348162
15115,0.012856,172.31.40.0-255,66,211097,64,348162
15116,0.01518,172.217.194.0-255,5738,216835,64,348162
15117,0.015188,172.31.40.0-255,66,216901,64,348162
15118,0.017503,172.217.194.0-255,5738,222639,64,348162
15119,0.017513,172.31.40.0-255,66,222705,64,348162
15120,0.019816,172.217.194.0-255,5738,228443,64,348162
15121,0.019824,172.31.40.0-255,66,228509,64,348162
15122,0.022149,172.217.194.0-255,5738,234247,64,348162
15123,0.022156,172.31.40.0-255,66,234313,64,348162
15124,0.024498,172.217.194.0-255,5738,240051,64,348162
15125,0.024509,172.31.40.0-255,66,240117,64,348162
15126,0.026866,172.217.194.0-255,5738,245855,64,348162
15127,0.026876,172.31.40.0-255,66,245921,64,348162
15128,0.029189,172.217.194.0-255,5738,251659,64,348162
15129,0.029195,172.31.40.0-255,66,251725,64,348162
15130,0.0299,172.31.40.0-255,172,251897,64,348162
15131,0.029949,172.31.40.0-255,1110,253007,64,348162
15132,0.030008,172.31.40.0-255,1514,254521,64,348162
15133,0.030011,172.31.40.0-255,1514,256035,64,348162
15134,0.030043,172.31.40.0-255,698,256733,64,348162
15135,0.031456,104.244.42.0-255,66,256799,64,348162
15136,0.031492,104.244.42.0-255,66,256865,64,348162
15137,0.031498,172.217.194.0-255,5738,262603,64,348162
15138,0.031502,172.31.40.0-255,66,262669,64,348162
15139,0.031557,104.244.42.0-255,66,262735,64,348162
15140,0.031562,104.244.42.0-255,66,262801,64,348162
15141,0.033837,172.217.194.0-255,5738,268539,64,348162
15142,0.033844,172.31.40.0-255,66,268605,64,348162
15143,0.036166,172.217.194.0-255,5738,274343,64,348162
15144,0.036172,172.31.40.0-255,66,274409,64,348162
15145,0.038488,172.217.194.0-255,5738,280147,64,348162
15146,0.038495,172.31.40.0-255,66,280213,64,348162
15147,0.040825,172.217.194.0-255,5738,285951,64,348162
15148,0.040831,172.31.40.0-255,66,286017,64,348162
15149,0.043162,172.217.194.0-255,5738,291755,64,348162
15150,0.043169,172.31.40.0-255,66,291821,64,348162
15151,0.045481,172.217.194.0-255,5738,297559,64,348162
15152,0.045487,172.31.40.0-255,66,297625,64,348162
15153,0.047825,172.217.194.0-255,5738,303363,64,348162
15154,0.047832,172.31.40.0-255,66,303429,64,348162
15155,0.05017,172.217.194.0-255,5738,309167,64,348162
15156,0.050176,172.31.40.0-255,66,309233,64,348162
15157,0.052478,172.217.194.0-255,5738,314971,64,348162
15158,0.052484,172.31.40.0-255,66,315037,64,348162
15159,0.054799,172.217.194.0-255,5738,320775,64,348162
15160,0.054805,172.31.40.0-255,66,320841,64,348162
15161,0.057104,172.217.194.0-255,5738,326579,64,348162
15162,0.057109,172.31.40.0-255,66,326645,64,348162
15163,0.059443,172.217.194.0-255,5738,332383,64,348162
15164,0.059449,172.31.40.0-255,66,332449,64,348162
15165,0.061805,172.217.194.0-255,5738,338187,64,348162
15166,0.061812,172.31.40.0-255,66,338253,64,348162
15167,0.064179,172.217.194.0-255,5738,343991,64,348162
15168,0.064185,172.31.40.0-255,66,344057,64,348162
15169,0.066502,172.217.194.0-255,3868,347925,64,348162
15170,0.066508,172.31.40.0-255,66,347991,64,348162
15171,0.066664,172.31.40.0-255,105,348096,64,348162
15172,0.073451,172.217.194.0-255,66,348162,64,348162
15173,0.0,172.217.24.0-255,146,146,64,287656
15174,1.2e-05,172.31.40.0-255,66,212,64,287656
15175,1.7e-05,172.217.24.0-255,1484,1696,64,287656
15176,2e-05,172.31.40.0-255,66,1762,64,287656
15177,3.9e-05,172.217.24.0-255,2902,4664,64,287656
15178,4.2e-05,172.31.40.0-255,66,4730,64,287656
15179,6.7e-05,172.217.24.0-255,5738,10468,64,287656
15180,6.9e-05,172.31.40.0-255,66,10534,64,287656
15181,9.5e-05,172.217.24.0-255,3509,14043,64,287656
15182,9.8e-05,172.31.40.0-255,66,14109,64,287656
15183,0.000387,172.217.24.0-255,1484,15593,64,287656
15184,0.000393,172.31.40.0-255,66,15659,64,287656
15185,0.000398,172.217.24.0-255,2902,18561,64,287656
15186,0.0004,172.31.40.0-255,66,18627,64,287656
15187,0.000406,172.217.24.0-255,4320,22947,64,287656
15188,0.000408,172.31.40.0-255,66,23013,64,287656
15189,0.000424,172.217.24.0-255,1484,24497,64,287656
15190,0.000426,172.31.40.0-255,66,24563,64,287656
15191,0.00043,172.217.24.0-255,2902,27465,64,287656
15192,0.000432,172.31.40.0-255,66,27531,64,287656
15193,0.000456,172.217.24.0-255,3961,31492,64,287656
15194,0.000459,172.31.40.0-255,66,31558,64,287656
15195,0.000513,172.217.24.0-255,1484,33042,64,287656
15196,0.000516,172.31.40.0-255,66,33108,64,287656
15197,0.000519,172.217.24.0-255,1484,34592,64,287656
15198,0.000522,172.31.40.0-255,66,34658,64,287656
15199,0.000537,172.217.24.0-255,1484,36142,64,287656
15200,0.000539,172.31.40.0-255,66,36208,64,287656
15201,0.000544,172.217.24.0-255,4320,40528,64,287656
15202,0.000546,172.31.40.0-255,66,40594,64,287656
15203,0.000596,172.217.24.0-255,4320,44914,64,287656
15204,0.0006,172.31.40.0-255,66,44980,64,287656
15205,0.000619,172.217.24.0-255,3961,48941,64,287656
15206,0.000622,172.31.40.0-255,66,49007,64,287656
15207,0.000629,172.217.24.0-255,7156,56163,64,287656
15208,0.000642,172.31.40.0-255,66,56229,64,287656
15209,0.000646,172.217.24.0-255,1484,57713,64,287656
15210,0.000697,172.217.24.0-255,4320,62033,64,287656
15211,0.00071,172.217.24.0-255,3961,65994,64,287656
15212,0.000712,172.217.24.0-255,357,66351,64,287656
15213,0.000721,172.31.40.0-255,66,66417,64,287656
15214,0.001779,172.217.24.0-255,385,66802,64,287656
15215,0.001973,172.217.24.0-255,1484,68286,64,287656
15216,0.001977,172.31.40.0-255,66,68352,64,287656
15217,0.001983,172.217.24.0-255,2902,71254,64,287656
15218,0.001996,172.217.24.0-255,1484,72738,64,287656
15219,0.002011,172.217.24.0-255,2902,75640,64,287656
15220,0.002033,172.217.24.0-255,5738,81378,64,287656
15221,0.002036,172.217.24.0-255,1484,82862,64,287656
15222,0.007132,172.31.40.0-255,66,82928,64,287656
15223,0.009171,172.217.24.0-255,5738,88666,64,287656
15224,0.00918,172.31.40.0-255,66,88732,64,287656
15225,0.011205,172.217.24.0-255,5738,94470,64,287656
15226,0.012453,172.31.40.0-255,66,94536,64,287656
15227,0.014541,172.217.24.0-255,5738,100274,64,287656
15228,0.014551,172.31.40.0-255,66,100340,64,287656
15229,0.016577,172.217.24.0-255,5738,106078,64,287656
15230,0.016585,172.31.40.0-255,66,106144,64,287656
15231,0.018609,172.217.24.0-255,5738,111882,64,287656
15232,0.018616,172.31.40.0-255,66,111948,64,287656
15233,0.020636,172.217.24.0-255,5738,117686,64,287656
15234,0.020644,172.31.40.0-255,66,117752,64,287656
15235,0.022675,172.217.24.0-255,5738,123490,64,287656
15236,0.022684,172.31.40.0-255,66,123556,64,287656
15237,0.024731,172.217.24.0-255,5738,129294,64,287656
15238,0.024738,172.31.40.0-255,66,129360,64,287656
15239,0.026762,172.217.24.0-255,5738,135098,64,287656
15240,0.026769,172.31.40.0-255,66,135164,64,287656
15241,0.027633,172.31.40.0-255,172,135336,64,287656
15242,0.027666,172.31.40.0-255,1112,136448,64,287656
15243,0.027756,172.31.40.0-255,1514,137962,64,287656
15244,0.027758,172.31.40.0-255,1296,139258,64,287656
15245,0.028796,172.217.24.0-255,5738,144996,64,287656
15246,0.028803,172.31.40.0-255,66,145062,64,287656
15247,0.029316,104.244.42.0-255,66,145128,64,287656
15248,0.029367,104.244.42.0-255,66,145194,64,287656
15249,0.029452,104.244.42.0-255,66,145260,64,287656
15250,0.030837,172.217.24.0-255,5738,150998,64,287656
15251,0.030844,172.31.40.0-255,66,151064,64,287656
15252,0.032869,172.217.24.0-255,5738,156802,64,287656
15253,0.032875,172.31.40.0-255,66,156868,64,287656
15254,0.034911,172.217.24.0-255,5738,162606,64,287656
15255,0.034916,172.31.40.0-255,66,162672,64,287656
15256,0.036971,172.217.24.0-255,5738,168410,64,287656
15257,0.036978,172.31.40.0-255,66,168476,64,287656
15258,0.039008,172.217.24.0-255,5738,174214,64,287656
15259,0.039014,172.31.40.0-255,66,174280,64,287656
15260,0.041043,172.217.24.0-255,5738,180018,64,287656
15261,0.041049,172.31.40.0-255,66,180084,64,287656
15262,0.04307,172.217.24.0-255,4320,184404,64,287656
15263,0.043077,172.31.40.0-255,66,184470,64,287656
15264,0.0431,172.217.24.0-255,1484,185954,64,287656
15265,0.045106,172.217.24.0-255,4320,190274,64,287656
15266,0.045112,172.31.40.0-255,66,190340,64,287656
15267,0.04714,172.217.24.0-255,5738,196078,64,287656
15268,0.047189,172.31.40.0-255,66,196144,64,287656
15269,0.04924,172.217.24.0-255,5738,201882,64,287656
15270,0.049246,172.31.40.0-255,66,201948,64,287656
15271,0.051272,172.217.24.0-255,5738,207686,64,287656
15272,0.051278,172.31.40.0-255,66,207752,64,287656
15273,0.053348,172.217.24.0-255,5738,213490,64,287656
15274,0.053354,172.31.40.0-255,66,213556,64,287656
15275,0.055393,172.217.24.0-255,5738,219294,64,287656
15276,0.055399,172.31.40.0-255,66,219360,64,287656
15277,0.057415,172.217.24.0-255,5738,225098,64,287656
15278,0.057421,172.31.40.0-255,66,225164,64,287656
15279,0.059446,172.217.24.0-255,5738,230902,64,287656
15280,0.059452,172.31.40.0-255,66,230968,64,287656
15281,0.061495,172.217.24.0-255,5738,236706,64,287656
15282,0.061501,172.31.40.0-255,66,236772,64,287656
15283,0.063536,172.217.24.0-255,5738,242510,64,287656
15284,0.063543,172.31.40.0-255,66,242576,64,287656
15285,0.065618,172.217.24.0-255,5738,248314,64,287656
15286,0.065623,172.31.40.0-255,66,248380,64,287656
15287,0.067649,172.217.24.0-255,5738,254118,64,287656
15288,0.067656,172.31.40.0-255,66,254184,64,287656
15289,0.06968,172.217.24.0-255,5738,259922,64,287656
15290,0.069686,172.31.40.0-255,66,259988,64,287656
15291,0.071738,172.217.24.0-255,4320,264308,64,287656
15292,0.071746,172.31.40.0-255,66,264374,64,287656
15293,0.071772,172.217.24.0-255,1484,265858,64,287656
15294,0.073817,172.217.24.0-255,4320,270178,64,287656
15295,0.073822,172.31.40.0-255,66,270244,64,287656
15296,0.075842,172.217.24.0-255,5738,275982,64,287656
15297,0.075921,172.31.40.0-255,66,276048,64,287656
15298,0.077944,172.217.24.0-255,5738,281786,64,287656
15299,0.07795,172.31.40.0-255,66,281852,64,287656
15300,0.07998,172.217.24.0-255,5738,287590,64,287656
15301,0.079986,172.31.40.0-255,66,287656,64,287656
15302,0.0,74.125.24.0-255,299,299,64,328479
15303,2.9e-05,172.31.40.0-255,66,365,64,328479
15304,3.7e-05,74.125.24.0-255,1484,1849,64,328479
15305,4.2e-05,172.31.40.0-255,66,1915,64,328479
15306,5.5e-05,74.125.24.0-255,2902,4817,64,328479
15307,6e-05,172.31.40.0-255,66,4883,64,328479
15308,6.7e-05,74.125.24.0-255,5738,10621,64,328479
15309,7e-05,172.31.40.0-255,66,10687,64,328479
15310,7.6e-05,74.125.24.0-255,4738,15425,64,328479
15311,7.9e-05,172.31.40.0-255,66,15491,64,328479
15312,8.5e-05,74.125.24.0-255,5738,21229,64,328479
15313,8.8e-05,172.31.40.0-255,66,21295,64,328479
15314,0.000118,74.125.24.0-255,7156,28451,64,328479
15315,0.000122,172.31.40.0-255,66,28517,64,328479
15316,0.000126,74.125.24.0-255,2543,31060,64,328479
15317,0.000129,172.31.40.0-255,66,31126,64,328479
15318,0.000189,74.125.24.0-255,1484,32610,64,328479
15319,0.000192,172.31.40.0-255,66,32676,64,328479
15320,0.000197,74.125.24.0-255,2902,35578,64,328479
15321,0.000199,172.31.40.0-255,66,35644,64,328479
15322,0.000236,74.125.24.0-255,5738,41382,64,328479
15323,0.000239,172.31.40.0-255,66,41448,64,328479
15324,0.000261,74.125.24.0-255,4320,45768,64,328479
15325,0.000263,172.31.40.0-255,66,45834,64,328479
15326,0.000287,74.125.24.0-255,2543,48377,64,328479
15327,0.00029,172.31.40.0-255,66,48443,64,328479
15328,0.000296,74.125.24.0-255,7156,55599,64,328479
15329,0.000299,172.31.40.0-255,66,55665,64,328479
15330,0.000329,74.125.24.0-255,4320,59985,64,328479
15331,0.000332,172.31.40.0-255,66,60051,64,328479
15332,0.000338,74.125.24.0-255,5691,65742,64,328479
15333,0.000341,172.31.40.0-255,66,65808,64,328479
15334,0.000344,74.125.24.0-255,111,65919,64,328479
15335,0.000448,74.125.24.0-255,331,66250,64,328479
15336,0.000724,74.125.24.0-255,1484,67734,64,328479
15337,0.00073,172.31.40.0-255,66,67800,64,328479
15338,0.000737,74.125.24.0-255,2902,70702,64,328479
15339,0.000739,172.31.40.0-255,66,70768,64,328479
15340,0.000751,74.125.24.0-255,5738,76506,64,328479
15341,0.000754,172.31.40.0-255,66,76572,64,328479
15342,0.000786,74.125.24.0-255,4320,80892,64,328479
15343,0.000789,172.31.40.0-255,66,80958,64,328479
15344,0.00083,74.125.24.0-255,1484,82442,64,328479
15345,0.000857,74.125.24.0-255,5738,88180,64,328479
15346,0.000861,74.125.24.0-255,2184,90364,64,328479
15347,0.000866,172.31.40.0-255,66,90430,64,328479
15348,0.001151,74.125.24.0-255,1484,91914,64,328479
15349,0.001171,74.125.24.0-255,2902,94816,64,328479
15350,0.001175,172.31.40.0-255,66,94882,64,328479
15351,0.001204,74.125.24.0-255,2902,97784,64,328479
15352,0.001207,172.31.40.0-255,66,97850,64,328479
15353,0.00124,74.125.24.0-255,2902,100752,64,328479
15354,0.001243,172.31.40.0-255,66,100818,64,328479
15355,0.001249,74.125.24.0-255,4320,105138,64,328479
15356,0.001251,172.31.40.0-255,66,105204,64,328479
15357,0.001286,172.31.40.0-255,66,105270,64,328479
15358,0.001352,74.125.24.0-255,5738,111008,64,328479
15359,0.001356,172.31.40.0-255,66,111074,64,328479
15360,0.001387,74.125.24.0-255,3602,114676,64,328479
15361,0.001392,172.31.40.0-255,66,114742,64,328479
15362,0.001459,74.125.24.0-255,1484,116226,64,328479
15363,0.001473,74.125.24.0-255,2902,119128,64,328479
15364,0.001483,172.31.40.0-255,66,119194,64,328479
15365,0.001487,74.125.24.0-255,2902,122096,64,328479
15366,0.00151,74.125.24.0-255,2902,124998,64,328479
15367,0.001532,172.31.40.0-255,66,125064,64,328479
15368,0.001543,74.125.24.0-255,4320,129384,64,328479
15369,0.001548,74.125.24.0-255,4320,133704,64,328479
15370,0.001565,172.31.40.0-255,66,133770,64,328479
15371,0.001579,74.125.24.0-255,6438,140208,64,328479
15372,0.001613,172.31.40.0-255,66,140274,64,328479
15373,0.001704,74.125.24.0-255,1484,141758,64,328479
15374,0.00171,74.125.24.0-255,2902,144660,64,328479
15375,0.001714,172.31.40.0-255,66,144726,64,328479
15376,0.001748,74.125.24.0-255,2902,147628,64,328479
15377,0.001757,74.125.24.0-255,7156,154784,64,328479
15378,0.001786,74.125.24.0-255,5738,160522,64,328479
15379,0.001789,172.31.40.0-255,66,160588,64,328479
15380,0.001794,172.31.40.0-255,66,160654,64,328479
15381,0.001839,74.125.24.0-255,1484,162138,64,328479
15382,0.001845,74.125.24.0-255,3602,165740,64,328479
15383,0.00186,172.31.40.0-255,66,165806,64,328479
15384,0.001868,74.125.24.0-255,1484,167290,64,328479
15385,0.001895,74.125.24.0-255,2902,170192,64,328479
15386,0.001902,74.125.24.0-255,5738,175930,64,328479
15387,0.001909,172.31.40.0-255,66,175996,64,328479
15388,0.001942,74.125.24.0-255,1484,177480,64,328479
15389,0.001954,74.125.24.0-255,2902,180382,64,328479
15390,0.001963,172.31.40.0-255,66,180448,64,328479
15391,0.001992,74.125.24.0-255,1484,181932,64,328479
15392,0.001996,74.125.24.0-255,2902,184834,64,328479
15393,0.002008,172.31.40.0-255,66,184900,64,328479
15394,0.002039,74.125.24.0-255,3602,188502,64,328479
15395,0.002055,74.125.24.0-255,4320,192822,64,328479
15396,0.00206,172.31.40.0-255,66,192888,64,328479
15397,0.002091,74.125.24.0-255,7156,200044,64,328479
15398,0.002106,74.125.24.0-255,2902,202946,64,328479
15399,0.002109,74.125.24.0-255,1484,204430,64,328479
15400,0.002136,172.31.40.0-255,66,204496,64,328479
15401,0.002202,172.31.40.0-255,66,204562,64,328479
15402,0.002213,74.125.24.0-255,1484,206046,64,328479
15403,0.002231,74.125.24.0-255,2902,208948,64,328479
15404,0.002241,172.31.40.0-255,66,209014,64,328479
15405,0.00226,74.125.24.0-255,5738,214752,64,328479
15406,0.002283,74.125.24.0-255,2902,217654,64,328479
15407,0.002296,172.31.40.0-255,66,217720,64,328479
15408,0.002341,172.31.40.0-255,66,217786,64,328479
15409,0.00463,74.125.24.0-255,5738,223524,64,328479
15410,0.004653,172.31.40.0-255,66,223590,64,328479
15411,0.006985,74.125.24.0-255,5738,229328,64,328479
15412,0.014032,74.125.24.0-255,1484,230812,64,328479
15413,0.015122,172.31.40.0-255,66,230878,64,328479
15414,0.016189,172.31.40.0-255,101,230979,64,328479
15415,0.017433,74.125.24.0-255,5738,236717,64,328479
15416,0.017451,172.31.40.0-255,66,236783,64,328479
15417,0.018458,74.125.24.0-255,66,236849,64,328479
15418,0.019808,74.125.24.0-255,5738,242587,64,328479
15419,0.019824,172.31.40.0-255,66,242653,64,328479
15420,0.022145,74.125.24.0-255,5738,248391,64,328479
15421,0.022156,172.31.40.0-255,66,248457,64,328479
15422,0.024472,74.125.24.0-255,5738,254195,64,328479
15423,0.024487,172.31.40.0-255,66,254261,64,328479
15424,0.026781,74.125.24.0-255,5738,259999,64,328479
15425,0.026797,172.31.40.0-255,66,260065,64,328479
15426,0.029115,74.125.24.0-255,5738,265803,64,328479
15427,0.029133,172.31.40.0-255,66,265869,64,328479
15428,0.031442,74.125.24.0-255,5738,271607,64,328479
15429,0.031452,172.31.40.0-255,66,271673,64,328479
15430,0.033747,74.125.24.0-255,5738,277411,64,328479
15431,0.033755,172.31.40.0-255,66,277477,64,328479
15432,0.036035,74.125.24.0-255,5738,283215,64,328479
15433,0.036045,172.31.40.0-255,66,283281,64,328479
15434,0.038359,74.125.24.0-255,5738,289019,64,328479
15435,0.038369,172.31.40.0-255,66,289085,64,328479
15436,0.040664,74.125.24.0-255,5738,294823,64,328479
15437,0.040672,172.31.40.0-255,66,294889,64,328479
15438,0.041095,172.31.40.0-255,167,295056,64,328479
15439,0.04113,172.31.40.0-255,1107,296163,64,328479
15440,0.041192,172.31.40.0-255,1514,297677,64,328479
15441,0.041194,172.31.40.0-255,340,298017,64,328479
15442,0.042783,104.244.42.0-255,66,298083,64,328479
15443,0.042969,74.125.24.0-255,5738,303821,64,328479
15444,0.042974,172.31.40.0-255,66,303887,64,328479
15445,0.045262,74.125.24.0-255,5738,309625,64,328479
15446,0.045273,172.31.40.0-255,66,309691,64,328479
15447,0.04757,74.125.24.0-255,5738,315429,64,328479
15448,0.047578,172.31.40.0-255,66,315495,64,328479
15449,0.049892,74.125.24.0-255,5738,321233,64,328479
15450,0.049899,172.31.40.0-255,66,321299,64,328479
15451,0.052208,74.125.24.0-255,5738,327037,64,328479
15452,0.052215,172.31.40.0-255,66,327103,64,328479
15453,0.054518,74.125.24.0-255,1205,328308,64,328479
15454,0.054695,172.31.40.0-255,105,328413,64,328479
15455,0.060997,74.125.24.0-255,66,328479,64,328479
15456,0.0,74.125.24.0-255,153,153,64,299969
15457,1.6e-05,172.31.40.0-255,66,219,64,299969
15458,2.2e-05,74.125.24.0-255,1484,1703,64,299969
15459,2.7e-05,172.31.40.0-255,66,1769,64,299969
15460,3.3e-05,74.125.24.0-255,2902,4671,64,299969
15461,3.7e-05,172.31.40.0-255,66,4737,64,299969
15462,4.4e-05,74.125.24.0-255,4320,9057,64,299969
15463,4.7e-05,172.31.40.0-255,66,9123,64,299969
15464,0.000112,74.125.24.0-255,4900,14023,64,299969
15465,0.000116,172.31.40.0-255,66,14089,64,299969
15466,0.00026,74.125.24.0-255,1484,15573,64,299969
15467,0.000264,172.31.40.0-255,66,15639,64,299969
15468,0.00027,74.125.24.0-255,2902,18541,64,299969
15469,0.000272,172.31.40.0-255,66,18607,64,299969
15470,0.000288,74.125.24.0-255,1484,20091,64,299969
15471,0.00029,172.31.40.0-255,66,20157,64,299969
15472,0.000309,74.125.24.0-255,4320,24477,64,299969
15473,0.000311,172.31.40.0-255,66,24543,64,299969
15474,0.000318,74.125.24.0-255,5738,30281,64,299969
15475,0.00032,172.31.40.0-255,66,30347,64,299969
15476,0.000359,74.125.24.0-255,5379,35726,64,299969
15477,0.000363,172.31.40.0-255,66,35792,64,299969
15478,0.000369,74.125.24.0-255,5738,41530,64,299969
15479,0.000371,172.31.40.0-255,66,41596,64,299969
15480,0.000398,74.125.24.0-255,2902,44498,64,299969
15481,0.000401,172.31.40.0-255,66,44564,64,299969
15482,0.000422,74.125.24.0-255,3961,48525,64,299969
15483,0.000425,172.31.40.0-255,66,48591,64,299969
15484,0.000905,74.125.24.0-255,1484,50075,64,299969
15485,0.000911,172.31.40.0-255,66,50141,64,299969
15486,0.000918,74.125.24.0-255,2902,53043,64,299969
15487,0.00092,172.31.40.0-255,66,53109,64,299969
15488,0.000927,74.125.24.0-255,5738,58847,64,299969
15489,0.000929,172.31.40.0-255,66,58913,64,299969
15490,0.000969,74.125.24.0-255,7132,66045,64,299969
15491,0.000972,172.31.40.0-255,66,66111,64,299969
15492,0.001922,74.125.24.0-255,342,66453,64,299969
15493,0.001947,74.125.24.0-255,1484,67937,64,299969
15494,0.001953,172.31.40.0-255,66,68003,64,299969
15495,0.001971,74.125.24.0-255,2902,70905,64,299969
15496,0.001973,172.31.40.0-255,66,70971,64,299969
15497,0.001979,74.125.24.0-255,4320,75291,64,299969
15498,0.001981,172.31.40.0-255,66,75357,64,299969
15499,0.002024,74.125.24.0-255,1484,76841,64,299969
15500,0.00204,74.125.24.0-255,4320,81161,64,299969
15501,0.002042,172.31.40.0-255,66,81227,64,299969
15502,0.002063,74.125.24.0-255,2543,83770,64,299969
15503,0.004095,74.125.24.0-255,2902,86672,64,299969
15504,0.004337,172.31.40.0-255,66,86738,64,299969
15505,0.006367,74.125.24.0-255,5738,92476,64,299969
15506,0.006373,172.31.40.0-255,66,92542,64,299969
15507,0.008422,74.125.24.0-255,5738,98280,64,299969
15508,0.008428,172.31.40.0-255,66,98346,64,299969
15509,0.010488,74.125.24.0-255,5738,104084,64,299969
15510,0.010497,172.31.40.0-255,66,104150,64,299969
15511,0.012547,74.125.24.0-255,5738,109888,64,299969
15512,0.012553,172.31.40.0-255,66,109954,64,299969
15513,0.014618,74.125.24.0-255,5738,115692,64,299969
15514,0.014626,172.31.40.0-255,66,115758,64,299969
15515,0.016691,74.125.24.0-255,5738,121496,64,299969
15516,0.016701,172.31.40.0-255,66,121562,64,299969
15517,0.018771,74.125.24.0-255,5738,127300,64,299969
15518,0.018779,172.31.40.0-255,66,127366,64,299969
15519,0.020858,74.125.24.0-255,5738,133104,64,299969
15520,0.020866,172.31.40.0-255,66,133170,64,299969
15521,0.022941,74.125.24.0-255,5738,138908,64,299969
15522,0.022948,172.31.40.0-255,66,138974,64,299969
15523,0.024657,172.31.40.0-255,167,139141,64,299969
15524,0.024689,172.31.40.0-255,1110,140251,64,299969
15525,0.024745,172.31.40.0-255,1514,141765,64,299969
15526,0.024747,172.31.40.0-255,1298,143063,64,299969
15527,0.024993,74.125.24.0-255,5738,148801,64,299969
15528,0.025,172.31.40.0-255,66,148867,64,299969
15529,0.026302,104.244.42.0-255,66,148933,64,299969
15530,0.026346,104.244.42.0-255,66,148999,64,299969
15531,0.026436,104.244.42.0-255,66,149065,64,299969
15532,0.027067,74.125.24.0-255,5738,154803,64,299969
15533,0.027072,172.31.40.0-255,66,154869,64,299969
15534,0.029159,74.125.24.0-255,5738,160607,64,299969
15535,0.029166,172.31.40.0-255,66,160673,64,299969
15536,0.031231,74.125.24.0-255,5738,166411,64,299969
15537,0.031238,172.31.40.0-255,66,166477,64,299969
15538,0.033286,74.125.24.0-255,5738,172215,64,299969
15539,0.033292,172.31.40.0-255,66,172281,64,299969
15540,0.035355,74.125.24.0-255,5738,178019,64,299969
15541,0.035362,172.31.40.0-255,66,178085,64,299969
15542,0.037425,74.125.24.0-255,5738,183823,64,299969
15543,0.037432,172.31.40.0-255,66,183889,64,299969
15544,0.039507,74.125.24.0-255,5738,189627,64,299969
15545,0.039514,172.31.40.0-255,66,189693,64,299969
15546,0.041568,74.125.24.0-255,5738,195431,64,299969
15547,0.041576,172.31.40.0-255,66,195497,64,299969
15548,0.04363,74.125.24.0-255,5738,201235,64,299969
15549,0.043637,172.31.40.0-255,66,201301,64,299969
15550,0.045697,74.125.24.0-255,5738,207039,64,299969
15551,0.045703,172.31.40.0-255,66,207105,64,299969
15552,0.047782,74.125.24.0-255,5738,212843,64,299969
15553,0.047788,172.31.40.0-255,66,212909,64,299969
15554,0.049825,74.125.24.0-255,5738,218647,64,299969
15555,0.049831,172.31.40.0-255,66,218713,64,299969
15556,0.051897,74.125.24.0-255,5738,224451,64,299969
15557,0.051903,172.31.40.0-255,66,224517,64,299969
15558,0.053958,74.125.24.0-255,5738,230255,64,299969
15559,0.053964,172.31.40.0-255,66,230321,64,299969
15560,0.056084,74.125.24.0-255,5738,236059,64,299969
15561,0.056091,172.31.40.0-255,66,236125,64,299969
15562,0.058174,74.125.24.0-255,5738,241863,64,299969
15563,0.058181,172.31.40.0-255,66,241929,64,299969
15564,0.060254,74.125.24.0-255,5738,247667,64,299969
15565,0.060261,172.31.40.0-255,66,247733,64,299969
15566,0.062359,74.125.24.0-255,5738,253471,64,299969
15567,0.062365,172.31.40.0-255,66,253537,64,299969
15568,0.064431,74.125.24.0-255,5738,259275,64,299969
15569,0.064437,172.31.40.0-255,66,259341,64,299969
15570,0.066491,74.125.24.0-255,5738,265079,64,299969
15571,0.066498,172.31.40.0-255,66,265145,64,299969
15572,0.068579,74.125.24.0-255,5738,270883,64,299969
15573,0.068586,172.31.40.0-255,66,270949,64,299969
15574,0.07063,74.125.24.0-255,5738,276687,64,299969
15575,0.070637,172.31.40.0-255,66,276753,64,299969
15576,0.072705,74.125.24.0-255,5738,282491,64,299969
15577,0.072711,172.31.40.0-255,66,282557,64,299969
15578,0.07477,74.125.24.0-255,5738,288295,64,299969
15579,0.074777,172.31.40.0-255,66,288361,64,299969
15580,0.076835,74.125.24.0-255,5738,294099,64,299969
15581,0.076841,172.31.40.0-255,66,294165,64,299969
15582,0.078915,74.125.24.0-255,5738,299903,64,299969
15583,0.078924,172.31.40.0-255,66,299969,64,299969
15584,0.0,74.125.24.0-255,153,153,64,326373
15585,2.4e-05,172.31.40.0-255,66,219,64,326373
15586,3.2e-05,74.125.24.0-255,1484,1703,64,326373
15587,3.6e-05,172.31.40.0-255,66,1769,64,326373
15588,4.3e-05,74.125.24.0-255,2902,4671,64,326373
15589,4.7e-05,172.31.40.0-255,66,4737,64,326373
15590,5.6e-05,74.125.24.0-255,7156,11893,64,326373
15591,5.9e-05,172.31.40.0-255,66,11959,64,326373
15592,8.9e-05,172.31.40.0-255,66,12025,64,326373
15593,9.6e-05,74.125.24.0-255,4320,16345,64,326373
15594,9.8e-05,172.31.40.0-255,66,16411,64,326373
15595,0.000118,74.125.24.0-255,4320,20731,64,326373
15596,0.000121,172.31.40.0-255,66,20797,64,326373
15597,0.000126,74.125.24.0-255,2543,23340,64,326373
15598,0.000128,172.31.40.0-255,66,23406,64,326373
15599,0.000274,74.125.24.0-255,1484,24890,64,326373
15600,0.000279,172.31.40.0-255,66,24956,64,326373
15601,0.000285,74.125.24.0-255,2902,27858,64,326373
15602,0.000288,172.31.40.0-255,66,27924,64,326373
15603,0.000302,74.125.24.0-255,2902,30826,64,326373
15604,0.000305,172.31.40.0-255,66,30892,64,326373
15605,0.00032,74.125.24.0-255,2902,33794,64,326373
15606,0.000322,172.31.40.0-255,66,33860,64,326373
15607,0.000327,74.125.24.0-255,4320,38180,64,326373
15608,0.00033,172.31.40.0-255,66,38246,64,326373
15609,0.000349,74.125.24.0-255,2902,41148,64,326373
15610,0.000351,172.31.40.0-255,66,41214,64,326373
15611,0.000373,172.31.40.0-255,66,41280,64,326373
15612,0.000379,74.125.24.0-255,4320,45600,64,326373
15613,0.000381,172.31.40.0-255,66,45666,64,326373
15614,0.000401,74.125.24.0-255,3602,49268,64,326373
15615,0.000404,172.31.40.0-255,66,49334,64,326373
15616,0.000451,74.125.24.0-255,401,49735,64,326373
15617,0.000847,74.125.24.0-255,110,49845,64,326373
15618,0.000988,74.125.24.0-255,1484,51329,64,326373
15619,0.000992,172.31.40.0-255,66,51395,64,326373
15620,0.000997,74.125.24.0-255,2902,54297,64,326373
15621,0.000999,172.31.40.0-255,66,54363,64,326373
15622,0.001016,74.125.24.0-255,2902,57265,64,326373
15623,0.001018,172.31.40.0-255,66,57331,64,326373
15624,0.001021,74.125.24.0-255,1484,58815,64,326373
15625,0.001047,74.125.24.0-255,5738,64553,64,326373
15626,0.00105,172.31.40.0-255,66,64619,64,326373
15627,0.001055,74.125.24.0-255,4320,68939,64,326373
15628,0.001057,172.31.40.0-255,66,69005,64,326373
15629,0.001078,172.31.40.0-255,66,69071,64,326373
15630,0.001113,74.125.24.0-255,2902,71973,64,326373
15631,0.001116,172.31.40.0-255,66,72039,64,326373
15632,0.001121,74.125.24.0-255,3602,75641,64,326373
15633,0.001123,172.31.40.0-255,66,75707,64,326373
15634,0.001757,74.125.24.0-255,1484,77191,64,326373
15635,0.001764,74.125.24.0-255,1484,78675,64,326373
15636,0.001768,172.31.40.0-255,66,78741,64,326373
15637,0.00178,74.125.24.0-255,1484,80225,64,326373
15638,0.001786,74.125.24.0-255,5738,85963,64,326373
15639,0.001788,172.31.40.0-255,66,86029,64,326373
15640,0.001804,74.125.24.0-255,1484,87513,64,326373
15641,0.00185,172.31.40.0-255,66,87579,64,326373
15642,0.001868,74.125.24.0-255,2902,90481,64,326373
15643,0.00187,172.31.40.0-255,66,90547,64,326373
15644,0.001881,172.31.40.0-255,66,90613,64,326373
15645,0.002057,74.125.24.0-255,1484,92097,64,326373
15646,0.002064,74.125.24.0-255,2902,94999,64,326373
15647,0.002067,172.31.40.0-255,66,95065,64,326373
15648,0.00209,74.125.24.0-255,1484,96549,64,326373
15649,0.002112,74.125.24.0-255,2902,99451,64,326373
15650,0.002114,172.31.40.0-255,66,99517,64,326373
15651,0.002119,74.125.24.0-255,5738,105255,64,326373
15652,0.002121,172.31.40.0-255,66,105321,64,326373
15653,0.002148,74.125.24.0-255,4320,109641,64,326373
15654,0.00215,172.31.40.0-255,66,109707,64,326373
15655,0.002174,74.125.24.0-255,5738,115445,64,326373
15656,0.002177,172.31.40.0-255,66,115511,64,326373
15657,0.004299,74.125.24.0-255,1484,116995,64,326373
15658,0.004315,74.125.24.0-255,4320,121315,64,326373
15659,0.00432,172.31.40.0-255,66,121381,64,326373
15660,0.006403,74.125.24.0-255,5738,127119,64,326373
15661,0.006408,172.31.40.0-255,66,127185,64,326373
15662,0.008497,74.125.24.0-255,5738,132923,64,326373
15663,0.008502,172.31.40.0-255,66,132989,64,326373
15664,0.010658,74.125.24.0-255,5738,138727,64,326373
15665,0.010672,172.31.40.0-255,66,138793,64,326373
15666,0.012762,74.125.24.0-255,5738,144531,64,326373
15667,0.012771,172.31.40.0-255,66,144597,64,326373
15668,0.01487,74.125.24.0-255,5738,150335,64,326373
15669,0.014879,172.31.40.0-255,66,150401,64,326373
15670,0.016976,74.125.24.0-255,5738,156139,64,326373
15671,0.016983,172.31.40.0-255,66,156205,64,326373
15672,0.019087,74.125.24.0-255,5738,161943,64,326373
15673,0.019095,172.31.40.0-255,66,162009,64,326373
15674,0.021194,74.125.24.0-255,5738,167747,64,326373
15675,0.0212,172.31.40.0-255,66,167813,64,326373
15676,0.023325,74.125.24.0-255,5738,173551,64,326373
15677,0.023343,172.31.40.0-255,66,173617,64,326373
15678,0.025475,74.125.24.0-255,5738,179355,64,326373
15679,0.025483,172.31.40.0-255,66,179421,64,326373
15680,0.027597,74.125.24.0-255,5738,185159,64,326373
15681,0.027604,172.31.40.0-255,66,185225,64,326373
15682,0.029724,74.125.24.0-255,5738,190963,64,326373
15683,0.029735,172.31.40.0-255,66,191029,64,326373
15684,0.031856,74.125.24.0-255,4320,195349,64,326373
15685,0.031871,172.31.40.0-255,66,195415,64,326373
15686,0.031896,74.125.24.0-255,1484,196899,64,326373
15687,0.033988,74.125.24.0-255,1484,198383,64,326373
15688,0.033995,172.31.40.0-255,66,198449,64,326373
15689,0.034014,74.125.24.0-255,2902,201351,64,326373
15690,0.034018,172.31.40.0-255,66,201417,64,326373
15691,0.036097,74.125.24.0-255,2902,204319,64,326373
15692,0.036104,172.31.40.0-255,66,204385,64,326373
15693,0.036127,74.125.24.0-255,2902,207287,64,326373
15694,0.03613,172.31.40.0-255,66,207353,64,326373
15695,0.037064,172.31.40.0-255,172,207525,64,326373
15696,0.037117,172.31.40.0-255,1112,208637,64,326373
15697,0.037173,172.31.40.0-255,1514,210151,64,326373
15698,0.037174,172.31.40.0-255,1296,211447,64,326373
15699,0.038217,74.125.24.0-255,5738,217185,64,326373
15700,0.038226,172.31.40.0-255,66,217251,64,326373
15701,0.038742,104.244.42.0-255,66,217317,64,326373
15702,0.038795,104.244.42.0-255,66,217383,64,326373
15703,0.038849,104.244.42.0-255,66,217449,64,326373
15704,0.040343,74.125.24.0-255,5738,223187,64,326373
15705,0.040351,172.31.40.0-255,66,223253,64,326373
15706,0.04248,74.125.24.0-255,5738,228991,64,326373
15707,0.042497,172.31.40.0-255,66,229057,64,326373
15708,0.044627,74.125.24.0-255,5738,234795,64,326373
15709,0.044643,172.31.40.0-255,66,234861,64,326373
15710,0.046764,74.125.24.0-255,5738,240599,64,326373
15711,0.04678,172.31.40.0-255,66,240665,64,326373
15712,0.048874,74.125.24.0-255,5738,246403,64,326373
15713,0.048893,172.31.40.0-255,66,246469,64,326373
15714,0.05101,74.125.24.0-255,5738,252207,64,326373
15715,0.05102,172.31.40.0-255,66,252273,64,326373
15716,0.053161,74.125.24.0-255,5738,258011,64,326373
15717,0.053176,172.31.40.0-255,66,258077,64,326373
15718,0.055331,74.125.24.0-255,5738,263815,64,326373
15719,0.055348,172.31.40.0-255,66,263881,64,326373
15720,0.057468,74.125.24.0-255,5738,269619,64,326373
15721,0.057483,172.31.40.0-255,66,269685,64,326373
15722,0.059619,74.125.24.0-255,5738,275423,64,326373
15723,0.059636,172.31.40.0-255,66,275489,64,326373
15724,0.061839,74.125.24.0-255,5738,281227,64,326373
15725,0.061856,172.31.40.0-255,66,281293,64,326373
15726,0.063964,74.125.24.0-255,5738,287031,64,326373
15727,0.063977,172.31.40.0-255,66,287097,64,326373
15728,0.066115,74.125.24.0-255,5738,292835,64,326373
15729,0.06613,172.31.40.0-255,66,292901,64,326373
15730,0.06826,74.125.24.0-255,5738,298639,64,326373
15731,0.068274,172.31.40.0-255,66,298705,64,326373
15732,0.070376,74.125.24.0-255,5738,304443,64,326373
15733,0.07039,172.31.40.0-255,66,304509,64,326373
15734,0.072505,74.125.24.0-255,5738,310247,64,326373
15735,0.072512,172.31.40.0-255,66,310313,64,326373
15736,0.074611,74.125.24.0-255,5738,316051,64,326373
15737,0.074618,172.31.40.0-255,66,316117,64,326373
15738,0.076712,74.125.24.0-255,4320,320437,64,326373
15739,0.076716,172.31.40.0-255,66,320503,64,326373
15740,0.076733,74.125.24.0-255,1484,321987,64,326373
15741,0.078823,74.125.24.0-255,4320,326307,64,326373
15742,0.078828,172.31.40.0-255,66,326373,64,326373
15743,0.0,74.125.24.0-255,146,146,64,210207
15744,1.3e-05,172.31.40.0-255,66,212,64,210207
15745,1.9e-05,74.125.24.0-255,1484,1696,64,210207
15746,2.2e-05,172.31.40.0-255,66,1762,64,210207
15747,4.8e-05,74.125.24.0-255,2902,4664,64,210207
15748,5.1e-05,172.31.40.0-255,66,4730,64,210207
15749,5.9e-05,74.125.24.0-255,2902,7632,64,210207
15750,6.1e-05,172.31.40.0-255,66,7698,64,210207
15751,9e-05,74.125.24.0-255,2902,10600,64,210207
15752,9.2e-05,172.31.40.0-255,66,10666,64,210207
15753,9.5e-05,74.125.24.0-255,1484,12150,64,210207
15754,9.7e-05,172.31.40.0-255,66,12216,64,210207
15755,0.000124,74.125.24.0-255,4929,17145,64,210207
15756,0.00013,172.31.40.0-255,66,17211,64,210207
15757,0.000137,74.125.24.0-255,7156,24367,64,210207
15758,0.000139,172.31.40.0-255,66,24433,64,210207
15759,0.000144,74.125.24.0-255,4320,28753,64,210207
15760,0.000146,172.31.40.0-255,66,28819,64,210207
15761,0.00018,172.31.40.0-255,66,28885,64,210207
15762,0.000192,74.125.24.0-255,2902,31787,64,210207
15763,0.000193,172.31.40.0-255,66,31853,64,210207
15764,0.000225,172.31.40.0-255,66,31919,64,210207
15765,0.000258,172.31.40.0-255,66,31985,64,210207
15766,0.000262,74.125.24.0-255,2902,34887,64,210207
15767,0.000264,172.31.40.0-255,66,34953,64,210207
15768,0.000284,74.125.24.0-255,2543,37496,64,210207
15769,0.000286,172.31.40.0-255,66,37562,64,210207
15770,0.000289,74.125.24.0-255,645,38207,64,210207
15771,0.000291,172.31.40.0-255,66,38273,64,210207
15772,0.000375,74.125.24.0-255,1484,39757,64,210207
15773,0.000378,172.31.40.0-255,66,39823,64,210207
15774,0.000383,74.125.24.0-255,2902,42725,64,210207
15775,0.000385,172.31.40.0-255,66,42791,64,210207
15776,0.000388,74.125.24.0-255,1484,44275,64,210207
15777,0.00039,172.31.40.0-255,66,44341,64,210207
15778,0.000425,74.125.24.0-255,4320,48661,64,210207
15779,0.000427,172.31.40.0-255,66,48727,64,210207
15780,0.000432,74.125.24.0-255,4320,53047,64,210207
15781,0.000434,172.31.40.0-255,66,53113,64,210207
15782,0.000438,74.125.24.0-255,2902,56015,64,210207
15783,0.000443,172.31.40.0-255,66,56081,64,210207
15784,0.000468,74.125.24.0-255,4320,60401,64,210207
15785,0.000471,172.31.40.0-255,66,60467,64,210207
15786,0.0005,74.125.24.0-255,4320,64787,64,210207
15787,0.000502,172.31.40.0-255,66,64853,64,210207
15788,0.000534,172.31.40.0-255,66,64919,64,210207
15789,0.00074,74.125.24.0-255,1484,66403,64,210207
15790,0.000744,172.31.40.0-255,66,66469,64,210207
15791,0.000748,74.125.24.0-255,1484,67953,64,210207
15792,0.00075,172.31.40.0-255,66,68019,64,210207
15793,0.000771,74.125.24.0-255,1484,69503,64,210207
15794,0.000777,172.31.40.0-255,66,69569,64,210207
15795,0.000783,74.125.24.0-255,5738,75307,64,210207
15796,0.000785,172.31.40.0-255,66,75373,64,210207
15797,0.000788,74.125.24.0-255,1484,76857,64,210207
15798,0.00079,172.31.40.0-255,66,76923,64,210207
15799,0.000879,172.31.40.0-255,66,76989,64,210207
15800,0.000886,172.31.40.0-255,66,77055,64,210207
15801,0.0009,172.31.40.0-255,66,77121,64,210207
15802,0.000935,172.31.40.0-255,66,77187,64,210207
15803,0.000939,74.125.24.0-255,1484,78671,64,210207
15804,0.000956,172.31.40.0-255,66,78737,64,210207
15805,0.000977,74.125.24.0-255,2184,80921,64,210207
15806,0.000981,74.125.24.0-255,2902,83823,64,210207
15807,0.000993,172.31.40.0-255,66,83889,64,210207
15808,0.000998,74.125.24.0-255,4320,88209,64,210207
15809,0.001002,172.31.40.0-255,66,88275,64,210207
15810,0.001017,74.125.24.0-255,2902,91177,64,210207
15811,0.001023,74.125.24.0-255,5738,96915,64,210207
15812,0.001053,74.125.24.0-255,1484,98399,64,210207
15813,0.001061,172.31.40.0-255,66,98465,64,210207
15814,0.001081,74.125.24.0-255,6438,104903,64,210207
15815,0.001095,172.31.40.0-255,66,104969,64,210207
15816,0.001177,74.125.24.0-255,1484,106453,64,210207
15817,0.001183,74.125.24.0-255,2902,109355,64,210207
15818,0.001186,74.125.24.0-255,1484,110839,64,210207
15819,0.001197,172.31.40.0-255,66,110905,64,210207
15820,0.001207,74.125.24.0-255,4320,115225,64,210207
15821,0.001212,172.31.40.0-255,66,115291,64,210207
15822,0.001224,74.125.24.0-255,2902,118193,64,210207
15823,0.001267,172.31.40.0-255,66,118259,64,210207
15824,0.001286,74.125.24.0-255,4320,122579,64,210207
15825,0.0013,74.125.24.0-255,6438,129017,64,210207
15826,0.001307,172.31.40.0-255,66,129083,64,210207
15827,0.001446,74.125.24.0-255,1484,130567,64,210207
15828,0.001451,74.125.24.0-255,1484,132051,64,210207
15829,0.001467,74.125.24.0-255,1484,133535,64,210207
15830,0.001469,74.125.24.0-255,1484,135019,64,210207
15831,0.001474,172.31.40.0-255,66,135085,64,210207
15832,0.001503,74.125.24.0-255,4320,139405,64,210207
15833,0.001541,172.31.40.0-255,66,139471,64,210207
15834,0.001546,172.31.40.0-255,66,139537,64,210207
15835,0.001613,74.125.24.0-255,1484,141021,64,210207
15836,0.001617,74.125.24.0-255,1484,142505,64,210207
15837,0.001629,74.125.24.0-255,1484,143989,64,210207
15838,0.001634,74.125.24.0-255,4320,148309,64,210207
15839,0.001637,172.31.40.0-255,66,148375,64,210207
15840,0.001643,74.125.24.0-255,1484,149859,64,210207
15841,0.001659,74.125.24.0-255,4320,154179,64,210207
15842,0.001662,172.31.40.0-255,66,154245,64,210207
15843,0.001687,172.31.40.0-255,66,154311,64,210207
15844,0.001713,172.31.40.0-255,66,154377,64,210207
15845,0.001738,74.125.24.0-255,5738,160115,64,210207
15846,0.001746,172.31.40.0-255,66,160181,64,210207
15847,0.001819,172.31.40.0-255,66,160247,64,210207
15848,0.001825,74.125.24.0-255,3602,163849,64,210207
15849,0.001846,74.125.24.0-255,4320,168169,64,210207
15850,0.001853,172.31.40.0-255,66,168235,64,210207
15851,0.001864,74.125.24.0-255,7156,175391,64,210207
15852,0.001881,74.125.24.0-255,2902,178293,64,210207
15853,0.001908,74.125.24.0-255,2902,181195,64,210207
15854,0.001912,74.125.24.0-255,3602,184797,64,210207
15855,0.001916,172.31.40.0-255,66,184863,64,210207
15856,0.001921,172.31.40.0-255,66,184929,64,210207
15857,0.001965,74.125.24.0-255,1484,186413,64,210207
15858,0.001981,74.125.24.0-255,2902,189315,64,210207
15859,0.001987,172.31.40.0-255,66,189381,64,210207
15860,0.002007,74.125.24.0-255,4320,193701,64,210207
15861,0.002021,74.125.24.0-255,1484,195185,64,210207
15862,0.002024,74.125.24.0-255,1484,196669,64,210207
15863,0.002027,172.31.40.0-255,66,196735,64,210207
15864,0.002032,172.31.40.0-255,66,196801,64,210207
15865,0.002077,74.125.24.0-255,5738,202539,64,210207
15866,0.002086,172.31.40.0-255,66,202605,64,210207
15867,0.002096,74.125.24.0-255,2902,205507,64,210207
15868,0.002101,172.31.40.0-255,66,205573,64,210207
15869,0.002148,74.125.24.0-255,105,205678,64,210207
15870,0.002164,172.31.40.0-255,66,205744,64,210207
15871,0.004597,172.31.40.0-255,105,205849,64,210207
15872,0.006717,74.125.24.0-255,66,205915,64,210207
15873,0.029077,172.31.40.0-255,172,206087,64,210207
15874,0.029118,172.31.40.0-255,1112,207199,64,210207
15875,0.029183,172.31.40.0-255,1514,208713,64,210207
15876,0.029185,172.31.40.0-255,1296,210009,64,210207
15877,0.030757,104.244.42.0-255,66,210075,64,210207
15878,0.030768,104.244.42.0-255,66,210141,64,210207
15879,0.030852,104.244.42.0-255,66,210207,64,210207
15880,0.0,74.125.24.0-255,152,152,64,196355
15881,2.2e-05,172.31.40.0-255,66,218,64,196355
15882,3e-05,74.125.24.0-255,1484,1702,64,196355
15883,3.4e-05,172.31.40.0-255,66,1768,64,196355
15884,4e-05,74.125.24.0-255,2902,4670,64,196355
15885,4.4e-05,172.31.40.0-255,66,4736,64,196355
15886,5.1e-05,74.125.24.0-255,7156,11892,64,196355
15887,5.4e-05,172.31.40.0-255,66,11958,64,196355
15888,5.9e-05,74.125.24.0-255,2902,14860,64,196355
15889,6.2e-05,172.31.40.0-255,66,14926,64,196355
15890,0.000106,172.31.40.0-255,66,14992,64,196355
15891,0.00011,74.125.24.0-255,2543,17535,64,196355
15892,0.000112,172.31.40.0-255,66,17601,64,196355
15893,0.000167,74.125.24.0-255,2902,20503,64,196355
15894,0.00017,172.31.40.0-255,66,20569,64,196355
15895,0.000196,74.125.24.0-255,4320,24889,64,196355
15896,0.000198,172.31.40.0-255,66,24955,64,196355
15897,0.000207,172.31.40.0-255,66,25021,64,196355
15898,0.000216,172.31.40.0-255,66,25087,64,196355
15899,0.00025,172.31.40.0-255,66,25153,64,196355
15900,0.000252,74.125.24.0-255,1062,26215,64,196355
15901,0.000254,172.31.40.0-255,66,26281,64,196355
15902,0.000299,74.125.24.0-255,126,26407,64,196355
15903,0.000302,172.31.40.0-255,66,26473,64,196355
15904,0.000506,74.125.24.0-255,1484,27957,64,196355
15905,0.00051,172.31.40.0-255,66,28023,64,196355
15906,0.000515,74.125.24.0-255,2902,30925,64,196355
15907,0.000517,172.31.40.0-255,66,30991,64,196355
15908,0.000533,74.125.24.0-255,4320,35311,64,196355
15909,0.000535,172.31.40.0-255,66,35377,64,196355
15910,0.000565,74.125.24.0-255,1484,36861,64,196355
15911,0.000578,172.31.40.0-255,66,36927,64,196355
15912,0.000589,172.31.40.0-255,66,36993,64,196355
15913,0.000847,74.125.24.0-255,1484,38477,64,196355
15914,0.000855,74.125.24.0-255,2902,41379,64,196355
15915,0.000858,172.31.40.0-255,66,41445,64,196355
15916,0.000866,74.125.24.0-255,5738,47183,64,196355
15917,0.000868,172.31.40.0-255,66,47249,64,196355
15918,0.000906,74.125.24.0-255,5738,52987,64,196355
15919,0.00091,172.31.40.0-255,66,53053,64,196355
15920,0.000917,74.125.24.0-255,7156,60209,64,196355
15921,0.000919,172.31.40.0-255,66,60275,64,196355
15922,0.000923,74.125.24.0-255,2902,63177,64,196355
15923,0.000925,172.31.40.0-255,66,63243,64,196355
15924,0.00096,172.31.40.0-255,66,63309,64,196355
15925,0.000974,74.125.24.0-255,2902,66211,64,196355
15926,0.000976,172.31.40.0-255,66,66277,64,196355
15927,0.001014,172.31.40.0-255,66,66343,64,196355
15928,0.001057,172.31.40.0-255,66,66409,64,196355
15929,0.001078,74.125.24.0-255,4320,70729,64,196355
15930,0.001081,172.31.40.0-255,66,70795,64,196355
15931,0.001092,172.31.40.0-255,66,70861,64,196355
15932,0.001116,74.125.24.0-255,1484,72345,64,196355
15933,0.001121,74.125.24.0-255,2902,75247,64,196355
15934,0.001124,172.31.40.0-255,66,75313,64,196355
15935,0.001129,74.125.24.0-255,2902,78215,64,196355
15936,0.001131,172.31.40.0-255,66,78281,64,196355
15937,0.001148,74.125.24.0-255,2902,81183,64,196355
15938,0.00115,172.31.40.0-255,66,81249,64,196355
15939,0.001157,74.125.24.0-255,7156,88405,64,196355
15940,0.00116,172.31.40.0-255,66,88471,64,196355
15941,0.001175,74.125.24.0-255,2902,91373,64,196355
15942,0.001178,172.31.40.0-255,66,91439,64,196355
15943,0.001218,172.31.40.0-255,66,91505,64,196355
15944,0.001236,74.125.24.0-255,1484,92989,64,196355
15945,0.001261,172.31.40.0-255,66,93055,64,196355
15946,0.001275,74.125.24.0-255,2902,95957,64,196355
15947,0.001277,172.31.40.0-255,66,96023,64,196355
15948,0.001285,74.125.24.0-255,7156,103179,64,196355
15949,0.001287,172.31.40.0-255,66,103245,64,196355
15950,0.001308,74.125.24.0-255,2902,106147,64,196355
15951,0.001312,172.31.40.0-255,66,106213,64,196355
15952,0.001316,74.125.24.0-255,2902,109115,64,196355
15953,0.001318,172.31.40.0-255,66,109181,64,196355
15954,0.001343,74.125.24.0-255,6438,115619,64,196355
15955,0.001346,172.31.40.0-255,66,115685,64,196355
15956,0.001417,74.125.24.0-255,1484,117169,64,196355
15957,0.001423,74.125.24.0-255,2902,120071,64,196355
15958,0.001426,172.31.40.0-255,66,120137,64,196355
15959,0.001429,74.125.24.0-255,1484,121621,64,196355
15960,0.001444,74.125.24.0-255,1484,123105,64,196355
15961,0.001447,172.31.40.0-255,66,123171,64,196355
15962,0.001465,74.125.24.0-255,2902,126073,64,196355
15963,0.001467,172.31.40.0-255,66,126139,64,196355
15964,0.001479,74.125.24.0-255,7156,133295,64,196355
15965,0.001481,172.31.40.0-255,66,133361,64,196355
15966,0.001487,74.125.24.0-255,5738,139099,64,196355
15967,0.00149,172.31.40.0-255,66,139165,64,196355
15968,0.001524,172.31.40.0-255,66,139231,64,196355
15969,0.001529,74.125.24.0-255,2184,141415,64,196355
15970,0.00153,172.31.40.0-255,66,141481,64,196355
15971,0.001722,74.125.24.0-255,1484,142965,64,196355
15972,0.001743,74.125.24.0-255,2902,145867,64,196355
15973,0.001746,172.31.40.0-255,66,145933,64,196355
15974,0.001752,74.125.24.0-255,2902,148835,64,196355
15975,0.001754,172.31.40.0-255,66,148901,64,196355
15976,0.001771,74.125.24.0-255,2902,151803,64,196355
15977,0.001773,172.31.40.0-255,66,151869,64,196355
15978,0.001779,74.125.24.0-255,4320,156189,64,196355
15979,0.001781,172.31.40.0-255,66,156255,64,196355
15980,0.001785,74.125.24.0-255,2902,159157,64,196355
15981,0.001787,172.31.40.0-255,66,159223,64,196355
15982,0.001809,172.31.40.0-255,66,159289,64,196355
15983,0.001813,74.125.24.0-255,2902,162191,64,196355
15984,0.001815,172.31.40.0-255,66,162257,64,196355
15985,0.00185,172.31.40.0-255,66,162323,64,196355
15986,0.001864,74.125.24.0-255,766,163089,64,196355
15987,0.00188,172.31.40.0-255,66,163155,64,196355
15988,0.001903,74.125.24.0-255,4320,167475,64,196355
15989,0.001906,172.31.40.0-255,66,167541,64,196355
15990,0.001919,172.31.40.0-255,66,167607,64,196355
15991,0.001957,74.125.24.0-255,4320,171927,64,196355
15992,0.001959,172.31.40.0-255,66,171993,64,196355
15993,0.00199,74.125.24.0-255,7156,179149,64,196355
15994,0.001993,172.31.40.0-255,66,179215,64,196355
15995,0.002009,172.31.40.0-255,66,179281,64,196355
15996,0.002022,172.31.40.0-255,66,179347,64,196355
15997,0.002045,74.125.24.0-255,6438,185785,64,196355
15998,0.002048,172.31.40.0-255,66,185851,64,196355
15999,0.00206,172.31.40.0-255,66,185917,64,196355
16000,0.002064,74.125.24.0-255,2902,188819,64,196355
16001,0.002067,172.31.40.0-255,66,188885,64,196355
16002,0.002107,172.31.40.0-255,66,188951,64,196355
16003,0.002127,74.125.24.0-255,2705,191656,64,196355
16004,0.00213,172.31.40.0-255,66,191722,64,196355
16005,0.002132,74.125.24.0-255,105,191827,64,196355
16006,0.004007,172.31.40.0-255,66,191893,64,196355
16007,0.004045,172.31.40.0-255,105,191998,64,196355
16008,0.006185,74.125.24.0-255,66,192064,64,196355
16009,0.032203,172.31.40.0-255,171,192235,64,196355
16010,0.032234,172.31.40.0-255,1134,193369,64,196355
16011,0.032297,172.31.40.0-255,1514,194883,64,196355
16012,0.032298,172.31.40.0-255,1274,196157,64,196355
16013,0.033861,104.244.42.0-255,66,196223,64,196355
16014,0.034042,104.244.42.0-255,66,196289,64,196355
16015,0.034064,104.244.42.0-255,66,196355,64,196355
16016,0.0,74.125.200.0-255,153,153,64,344550
16017,1.9e-05,172.31.40.0-255,66,219,64,344550
16018,2.5e-05,74.125.200.0-255,1484,1703,64,344550
16019,2.9e-05,172.31.40.0-255,66,1769,64,344550
16020,5e-05,74.125.200.0-255,2902,4671,64,344550
16021,5.3e-05,172.31.40.0-255,66,4737,64,344550
16022,5.8e-05,74.125.200.0-255,2902,7639,64,344550
16023,6e-05,172.31.40.0-255,66,7705,64,344550
16024,8.3e-05,74.125.200.0-255,2902,10607,64,344550
16025,8.5e-05,172.31.40.0-255,66,10673,64,344550
16026,9.5e-05,172.31.40.0-255,66,10739,64,344550
16027,0.000126,172.31.40.0-255,66,10805,64,344550
16028,0.000131,74.125.200.0-255,3961,14766,64,344550
16029,0.000133,172.31.40.0-255,66,14832,64,344550
16030,0.000471,74.125.200.0-255,1484,16316,64,344550
16031,0.000476,172.31.40.0-255,66,16382,64,344550
16032,0.00049,74.125.200.0-255,2902,19284,64,344550
16033,0.000494,172.31.40.0-255,66,19350,64,344550
16034,0.000519,74.125.200.0-255,5738,25088,64,344550
16035,0.000522,172.31.40.0-255,66,25154,64,344550
16036,0.000528,74.125.200.0-255,6797,31951,64,344550
16037,0.00053,172.31.40.0-255,66,32017,64,344550
16038,0.000563,172.31.40.0-255,66,32083,64,344550
16039,0.000599,74.125.200.0-255,3961,36044,64,344550
16040,0.000602,172.31.40.0-255,66,36110,64,344550
16041,0.000632,74.125.200.0-255,1831,37941,64,344550
16042,0.000635,172.31.40.0-255,66,38007,64,344550
16043,0.000638,74.125.200.0-255,1484,39491,64,344550
16044,0.000639,172.31.40.0-255,66,39557,64,344550
16045,0.000654,74.125.200.0-255,1484,41041,64,344550
16046,0.00066,74.125.200.0-255,2902,43943,64,344550
16047,0.000662,172.31.40.0-255,66,44009,64,344550
16048,0.000683,74.125.200.0-255,4320,48329,64,344550
16049,0.000685,172.31.40.0-255,66,48395,64,344550
16050,0.000691,74.125.200.0-255,5620,54015,64,344550
16051,0.000692,172.31.40.0-255,66,54081,64,344550
16052,0.000825,74.125.200.0-255,1484,55565,64,344550
16053,0.000829,74.125.200.0-255,1484,57049,64,344550
16054,0.000832,172.31.40.0-255,66,57115,64,344550
16055,0.000848,74.125.200.0-255,1484,58599,64,344550
16056,0.000853,74.125.200.0-255,2902,61501,64,344550
16057,0.000854,172.31.40.0-255,66,61567,64,344550
16058,0.000876,74.125.200.0-255,1484,63051,64,344550
16059,0.000882,74.125.200.0-255,4320,67371,64,344550
16060,0.000884,172.31.40.0-255,66,67437,64,344550
16061,0.000903,74.125.200.0-255,4320,71757,64,344550
16062,0.000905,172.31.40.0-255,66,71823,64,344550
16063,0.000911,74.125.200.0-255,5738,77561,64,344550
16064,0.000912,172.31.40.0-255,66,77627,64,344550
16065,0.000932,74.125.200.0-255,2902,80529,64,344550
16066,0.000935,172.31.40.0-255,66,80595,64,344550
16067,0.000956,74.125.200.0-255,2902,83497,64,344550
16068,0.000958,172.31.40.0-255,66,83563,64,344550
16069,0.000975,74.125.200.0-255,5020,88583,64,344550
16070,0.000978,172.31.40.0-255,66,88649,64,344550
16071,0.001834,74.125.200.0-255,1484,90133,64,344550
16072,0.001844,74.125.200.0-255,2902,93035,64,344550
16073,0.001849,172.31.40.0-255,66,93101,64,344550
16074,0.001858,74.125.200.0-255,5738,98839,64,344550
16075,0.00186,172.31.40.0-255,66,98905,64,344550
16076,0.001864,74.125.200.0-255,1484,100389,64,344550
16077,0.001891,74.125.200.0-255,5738,106127,64,344550
16078,0.001894,172.31.40.0-255,66,106193,64,344550
16079,0.001899,74.125.200.0-255,2902,109095,64,344550
16080,0.001901,172.31.40.0-255,66,109161,64,344550
16081,0.001923,172.31.40.0-255,66,109227,64,344550
16082,0.001949,74.125.200.0-255,5020,114247,64,344550
16083,0.001952,172.31.40.0-255,66,114313,64,344550
16084,0.002032,74.125.200.0-255,1484,115797,64,344550
16085,0.002059,74.125.200.0-255,2902,118699,64,344550
16086,0.002064,172.31.40.0-255,66,118765,64,344550
16087,0.002082,74.125.200.0-255,1484,120249,64,344550
16088,0.002088,74.125.200.0-255,4320,124569,64,344550
16089,0.00209,172.31.40.0-255,66,124635,64,344550
16090,0.00211,74.125.200.0-255,1484,126119,64,344550
16091,0.002125,172.31.40.0-255,66,126185,64,344550
16092,0.002131,74.125.200.0-255,4320,130505,64,344550
16093,0.002133,172.31.40.0-255,66,130571,64,344550
16094,0.002171,74.125.200.0-255,5020,135591,64,344550
16095,0.002174,172.31.40.0-255,66,135657,64,344550
16096,0.002284,74.125.200.0-255,1484,137141,64,344550
16097,0.002304,74.125.200.0-255,2902,140043,64,344550
16098,0.002306,172.31.40.0-255,66,140109,64,344550
16099,0.002335,74.125.200.0-255,2902,143011,64,344550
16100,0.002337,172.31.40.0-255,66,143077,64,344550
16101,0.002356,74.125.200.0-255,2902,145979,64,344550
16102,0.002359,172.31.40.0-255,66,146045,64,344550
16103,0.002379,74.125.200.0-255,1484,147529,64,344550
16104,0.00239,172.31.40.0-255,66,147595,64,344550
16105,0.002429,74.125.200.0-255,5738,153333,64,344550
16106,0.002432,172.31.40.0-255,66,153399,64,344550
16107,0.002448,74.125.200.0-255,1484,154883,64,344550
16108,0.002456,74.125.200.0-255,6438,161321,64,344550
16109,0.002458,172.31.40.0-255,66,161387,64,344550
16110,0.004877,74.125.200.0-255,2902,164289,64,344550
16111,0.004881,172.31.40.0-255,66,164355,64,344550
16112,0.004895,74.125.200.0-255,2902,167257,64,344550
16113,0.004897,172.31.40.0-255,66,167323,64,344550
16114,0.007318,74.125.200.0-255,5738,173061,64,344550
16115,0.007325,172.31.40.0-255,66,173127,64,344550
16116,0.009762,74.125.200.0-255,5738,178865,64,344550
16117,0.009767,172.31.40.0-255,66,178931,64,344550
16118,0.012217,74.125.200.0-255,5738,184669,64,344550
16119,0.012226,172.31.40.0-255,66,184735,64,344550
16120,0.014689,74.125.200.0-255,5738,190473,64,344550
16121,0.014699,172.31.40.0-255,66,190539,64,344550
16122,0.017146,74.125.200.0-255,5738,196277,64,344550
16123,0.017157,172.31.40.0-255,66,196343,64,344550
16124,0.019596,74.125.200.0-255,4320,200663,64,344550
16125,0.019603,172.31.40.0-255,66,200729,64,344550
16126,0.019622,74.125.200.0-255,1484,202213,64,344550
16127,0.022039,74.125.200.0-255,4320,206533,64,344550
16128,0.022046,172.31.40.0-255,66,206599,64,344550
16129,0.0245,74.125.200.0-255,5738,212337,64,344550
16130,0.024507,172.31.40.0-255,66,212403,64,344550
16131,0.026951,74.125.200.0-255,5738,218141,64,344550
16132,0.026961,172.31.40.0-255,66,218207,64,344550
16133,0.0294,74.125.200.0-255,5738,223945,64,344550
16134,0.029408,172.31.40.0-255,66,224011,64,344550
16135,0.030091,172.31.40.0-255,172,224183,64,344550
16136,0.030123,172.31.40.0-255,1108,225291,64,344550
16137,0.030181,172.31.40.0-255,1514,226805,64,344550
16138,0.030183,172.31.40.0-255,1300,228105,64,344550
16139,0.031783,104.244.42.0-255,66,228171,64,344550
16140,0.031812,104.244.42.0-255,66,228237,64,344550
16141,0.031855,104.244.42.0-255,66,228303,64,344550
16142,0.032009,74.125.200.0-255,5738,234041,64,344550
16143,0.032015,172.31.40.0-255,66,234107,64,344550
16144,0.034457,74.125.200.0-255,5738,239845,64,344550
16145,0.034464,172.31.40.0-255,66,239911,64,344550
16146,0.036905,74.125.200.0-255,5738,245649,64,344550
16147,0.036911,172.31.40.0-255,66,245715,64,344550
16148,0.039355,74.125.200.0-255,5738,251453,64,344550
16149,0.039362,172.31.40.0-255,66,251519,64,344550
16150,0.039465,172.31.40.0-255,101,251620,64,344550
16151,0.041811,74.125.200.0-255,5738,257358,64,344550
16152,0.041817,172.31.40.0-255,66,257424,64,344550
16153,0.041838,74.125.200.0-255,66,257490,64,344550
16154,0.044247,74.125.200.0-255,5738,263228,64,344550
16155,0.044253,172.31.40.0-255,66,263294,64,344550
16156,0.046705,74.125.200.0-255,5738,269032,64,344550
16157,0.046711,172.31.40.0-255,66,269098,64,344550
16158,0.049162,74.125.200.0-255,5738,274836,64,344550
16159,0.049168,172.31.40.0-255,66,274902,64,344550
16160,0.051605,74.125.200.0-255,5738,280640,64,344550
16161,0.051611,172.31.40.0-255,66,280706,64,344550
16162,0.054058,74.125.200.0-255,5738,286444,64,344550
16163,0.054066,172.31.40.0-255,66,286510,64,344550
16164,0.056504,74.125.200.0-255,5738,292248,64,344550
16165,0.056509,172.31.40.0-255,66,292314,64,344550
16166,0.058945,74.125.200.0-255,5738,298052,64,344550
16167,0.058954,172.31.40.0-255,66,298118,64,344550
16168,0.061403,74.125.200.0-255,5738,303856,64,344550
16169,0.061408,172.31.40.0-255,66,303922,64,344550
16170,0.063861,74.125.200.0-255,5738,309660,64,344550
16171,0.063868,172.31.40.0-255,66,309726,64,344550
16172,0.066324,74.125.200.0-255,5738,315464,64,344550
16173,0.06633,172.31.40.0-255,66,315530,64,344550
16174,0.068802,74.125.200.0-255,5738,321268,64,344550
16175,0.068807,172.31.40.0-255,66,321334,64,344550
16176,0.071345,74.125.200.0-255,5738,327072,64,344550
16177,0.071352,172.31.40.0-255,66,327138,64,344550
16178,0.073809,74.125.200.0-255,5738,332876,64,344550
16179,0.073816,172.31.40.0-255,66,332942,64,344550
16180,0.076264,74.125.200.0-255,5738,338680,64,344550
16181,0.076272,172.31.40.0-255,66,338746,64,344550
16182,0.078782,74.125.200.0-255,5738,344484,64,344550
16183,0.078788,172.31.40.0-255,66,344550,64,344550
16184,0.0,172.217.194.0-255,150,150,64,279335
16185,1.6e-05,172.31.40.0-255,66,216,64,279335
16186,2.3e-05,172.217.194.0-255,1484,1700,64,279335
16187,2.7e-05,172.31.40.0-255,66,1766,64,279335
16188,3.3e-05,172.217.194.0-255,2902,4668,64,279335
16189,3.6e-05,172.31.40.0-255,66,4734,64,279335
16190,4.3e-05,172.217.194.0-255,7156,11890,64,279335
16191,4.7e-05,172.31.40.0-255,66,11956,64,279335
16192,5.1e-05,172.217.194.0-255,2164,14120,64,279335
16193,5.4e-05,172.31.40.0-255,66,14186,64,279335
16194,0.000137,172.217.194.0-255,1484,15670,64,279335
16195,0.00014,172.31.40.0-255,66,15736,64,279335
16196,0.00016,172.217.194.0-255,2902,18638,64,279335
16197,0.000163,172.31.40.0-255,66,18704,64,279335
16198,0.00017,172.217.194.0-255,5738,24442,64,279335
16199,0.000173,172.31.40.0-255,66,24508,64,279335
16200,0.000229,172.217.194.0-255,4320,28828,64,279335
16201,0.000232,172.31.40.0-255,66,28894,64,279335
16202,0.000261,172.217.194.0-255,5379,34273,64,279335
16203,0.000263,172.31.40.0-255,66,34339,64,279335
16204,0.000274,172.31.40.0-255,66,34405,64,279335
16205,0.000279,172.217.194.0-255,3961,38366,64,279335
16206,0.000282,172.31.40.0-255,66,38432,64,279335
16207,0.001103,172.217.194.0-255,1484,39916,64,279335
16208,0.001109,172.31.40.0-255,66,39982,64,279335
16209,0.001121,172.217.194.0-255,2902,42884,64,279335
16210,0.001123,172.31.40.0-255,66,42950,64,279335
16211,0.001128,172.217.194.0-255,2902,45852,64,279335
16212,0.00113,172.31.40.0-255,66,45918,64,279335
16213,0.001154,172.217.194.0-255,2902,48820,64,279335
16214,0.001157,172.31.40.0-255,66,48886,64,279335
16215,0.001181,172.217.194.0-255,4320,53206,64,279335
16216,0.001183,172.31.40.0-255,66,53272,64,279335
16217,0.001201,172.217.194.0-255,3122,56394,64,279335
16218,0.001204,172.31.40.0-255,66,56460,64,279335
16219,0.001241,172.217.194.0-255,1484,57944,64,279335
16220,0.001245,172.217.194.0-255,1484,59428,64,279335
16221,0.001248,172.31.40.0-255,66,59494,64,279335
16222,0.001263,172.217.194.0-255,1484,60978,64,279335
16223,0.001267,172.217.194.0-255,1484,62462,64,279335
16224,0.001269,172.31.40.0-255,66,62528,64,279335
16225,0.001291,172.217.194.0-255,4320,66848,64,279335
16226,0.001293,172.31.40.0-255,66,66914,64,279335
16227,0.001329,172.217.194.0-255,1484,68398,64,279335
16228,0.001348,172.217.194.0-255,2902,71300,64,279335
16229,0.001351,172.31.40.0-255,66,71366,64,279335
16230,0.001384,172.217.194.0-255,1484,72850,64,279335
16231,0.00139,172.217.194.0-255,2902,75752,64,279335
16232,0.001393,172.31.40.0-255,66,75818,64,279335
16233,0.001422,172.217.194.0-255,1484,77302,64,279335
16234,0.001443,172.217.194.0-255,4320,81622,64,279335
16235,0.001446,172.31.40.0-255,66,81688,64,279335
16236,0.001466,172.217.194.0-255,2902,84590,64,279335
16237,0.001468,172.31.40.0-255,66,84656,64,279335
16238,0.001489,172.217.194.0-255,2902,87558,64,279335
16239,0.001491,172.31.40.0-255,66,87624,64,279335
16240,0.00151,172.217.194.0-255,1484,89108,64,279335
16241,0.001514,172.217.194.0-255,2184,91292,64,279335
16242,0.001517,172.31.40.0-255,66,91358,64,279335
16243,0.001809,172.217.194.0-255,1484,92842,64,279335
16244,0.001816,172.217.194.0-255,2902,95744,64,279335
16245,0.00182,172.31.40.0-255,66,95810,64,279335
16246,0.001826,172.217.194.0-255,4320,100130,64,279335
16247,0.001829,172.31.40.0-255,66,100196,64,279335
16248,0.00184,172.217.194.0-255,1484,101680,64,279335
16249,0.001844,172.217.194.0-255,1484,103164,64,279335
16250,0.001846,172.31.40.0-255,66,103230,64,279335
16251,0.00188,172.31.40.0-255,66,103296,64,279335
16252,0.001885,172.217.194.0-255,2902,106198,64,279335
16253,0.001887,172.31.40.0-255,66,106264,64,279335
16254,0.001913,172.31.40.0-255,66,106330,64,279335
16255,0.001992,172.217.194.0-255,1484,107814,64,279335
16256,0.001996,172.217.194.0-255,2902,110716,64,279335
16257,0.001999,172.31.40.0-255,66,110782,64,279335
16258,0.002017,172.217.194.0-255,2902,113684,64,279335
16259,0.002019,172.31.40.0-255,66,113750,64,279335
16260,0.002032,172.217.194.0-255,2902,116652,64,279335
16261,0.002035,172.31.40.0-255,66,116718,64,279335
16262,0.002042,172.217.194.0-255,5738,122456,64,279335
16263,0.002044,172.31.40.0-255,66,122522,64,279335
16264,0.00207,172.217.194.0-255,5738,128260,64,279335
16265,0.002073,172.31.40.0-255,66,128326,64,279335
16266,0.002085,172.31.40.0-255,66,128392,64,279335
16267,0.00228,172.217.194.0-255,1484,129876,64,279335
16268,0.002294,172.217.194.0-255,2902,132778,64,279335
16269,0.002296,172.31.40.0-255,66,132844,64,279335
16270,0.002303,172.217.194.0-255,5738,138582,64,279335
16271,0.002306,172.31.40.0-255,66,138648,64,279335
16272,0.002332,172.217.194.0-255,4320,142968,64,279335
16273,0.002335,172.31.40.0-255,66,143034,64,279335
16274,0.002365,172.31.40.0-255,66,143100,64,279335
16275,0.002372,172.217.194.0-255,7156,150256,64,279335
16276,0.002374,172.31.40.0-255,66,150322,64,279335
16277,0.002391,172.217.194.0-255,3602,153924,64,279335
16278,0.002394,172.31.40.0-255,66,153990,64,279335
16279,0.002416,172.217.194.0-255,4320,158310,64,279335
16280,0.002418,172.31.40.0-255,66,158376,64,279335
16281,0.002485,172.31.40.0-255,66,158442,64,279335
16282,0.002504,172.31.40.0-255,66,158508,64,279335
16283,0.002514,172.31.40.0-255,66,158574,64,279335
16284,0.002517,172.217.194.0-255,1484,160058,64,279335
16285,0.002521,172.217.194.0-255,2902,162960,64,279335
16286,0.002524,172.31.40.0-255,66,163026,64,279335
16287,0.002528,172.217.194.0-255,2902,165928,64,279335
16288,0.00253,172.31.40.0-255,66,165994,64,279335
16289,0.002557,172.217.194.0-255,2902,168896,64,279335
16290,0.00256,172.31.40.0-255,66,168962,64,279335
16291,0.002572,172.217.194.0-255,7156,176118,64,279335
16292,0.002574,172.31.40.0-255,66,176184,64,279335
16293,0.00259,172.217.194.0-255,4320,180504,64,279335
16294,0.002592,172.31.40.0-255,66,180570,64,279335
16295,0.002597,172.217.194.0-255,4320,184890,64,279335
16296,0.002599,172.31.40.0-255,66,184956,64,279335
16297,0.002627,172.31.40.0-255,66,185022,64,279335
16298,0.002722,172.217.194.0-255,1484,186506,64,279335
16299,0.002735,172.217.194.0-255,2902,189408,64,279335
16300,0.002737,172.31.40.0-255,66,189474,64,279335
16301,0.00274,172.217.194.0-255,1484,190958,64,279335
16302,0.00276,172.217.194.0-255,4320,195278,64,279335
16303,0.002762,172.31.40.0-255,66,195344,64,279335
16304,0.002803,172.31.40.0-255,66,195410,64,279335
16305,0.002821,172.217.194.0-255,2902,198312,64,279335
16306,0.002823,172.31.40.0-255,66,198378,64,279335
16307,0.002826,172.217.194.0-255,1484,199862,64,279335
16308,0.002845,172.217.194.0-255,5738,205600,64,279335
16309,0.002848,172.31.40.0-255,66,205666,64,279335
16310,0.002876,172.31.40.0-255,66,205732,64,279335
16311,0.00288,172.217.194.0-255,2902,208634,64,279335
16312,0.002882,172.31.40.0-255,66,208700,64,279335
16313,0.002905,172.217.194.0-255,7156,215856,64,279335
16314,0.002908,172.31.40.0-255,66,215922,64,279335
16315,0.002929,172.217.194.0-255,1484,217406,64,279335
16316,0.002959,172.31.40.0-255,66,217472,64,279335
16317,0.003003,172.217.194.0-255,1484,218956,64,279335
16318,0.003016,172.217.194.0-255,1484,220440,64,279335
16319,0.003019,172.31.40.0-255,66,220506,64,279335
16320,0.003036,172.217.194.0-255,2184,222690,64,279335
16321,0.003039,172.31.40.0-255,66,222756,64,279335
16322,0.003046,172.217.194.0-255,5738,228494,64,279335
16323,0.003048,172.31.40.0-255,66,228560,64,279335
16324,0.003055,172.217.194.0-255,7156,235716,64,279335
16325,0.003057,172.31.40.0-255,66,235782,64,279335
16326,0.003069,172.31.40.0-255,66,235848,64,279335
16327,0.003084,172.217.194.0-255,1484,237332,64,279335
16328,0.003102,172.217.194.0-255,4320,241652,64,279335
16329,0.003104,172.31.40.0-255,66,241718,64,279335
16330,0.003126,172.217.194.0-255,5020,246738,64,279335
16331,0.003129,172.31.40.0-255,66,246804,64,279335
16332,0.003319,172.217.194.0-255,1484,248288,64,279335
16333,0.003334,172.217.194.0-255,2902,251190,64,279335
16334,0.003337,172.31.40.0-255,66,251256,64,279335
16335,0.003343,172.217.194.0-255,5738,256994,64,279335
16336,0.003345,172.31.40.0-255,66,257060,64,279335
16337,0.003366,172.217.194.0-255,2902,259962,64,279335
16338,0.003368,172.31.40.0-255,66,260028,64,279335
16339,0.003393,172.31.40.0-255,66,260094,64,279335
16340,0.003437,172.217.194.0-255,7156,267250,64,279335
16341,0.00344,172.31.40.0-255,66,267316,64,279335
16342,0.003468,172.217.194.0-255,3602,270918,64,279335
16343,0.00347,172.31.40.0-255,66,270984,64,279335
16344,0.003476,172.217.194.0-255,4619,275603,64,279335
16345,0.003478,172.31.40.0-255,66,275669,64,279335
16346,0.003481,172.217.194.0-255,105,275774,64,279335
16347,0.012274,172.31.40.0-255,66,275840,64,279335
16348,0.012325,172.31.40.0-255,105,275945,64,279335
16349,0.014922,172.217.194.0-255,66,276011,64,279335
16350,0.038463,172.31.40.0-255,167,276178,64,279335
16351,0.038499,172.31.40.0-255,1107,277285,64,279335
16352,0.038565,172.31.40.0-255,1514,278799,64,279335
16353,0.038567,172.31.40.0-255,338,279137,64,279335
16354,0.040037,104.244.42.0-255,66,279203,64,279335
16355,0.040069,104.244.42.0-255,66,279269,64,279335
16356,0.040123,104.244.42.0-255,66,279335,64,279335
16357,0.0,172.217.194.0-255,153,153,64,290217
16358,2.1e-05,172.31.40.0-255,66,219,64,290217
16359,2.8e-05,172.217.194.0-255,1484,1703,64,290217
16360,3.2e-05,172.31.40.0-255,66,1769,64,290217
16361,3.9e-05,172.217.194.0-255,2902,4671,64,290217
16362,4.2e-05,172.31.40.0-255,66,4737,64,290217
16363,4.9e-05,172.217.194.0-255,7156,11893,64,290217
16364,5.3e-05,172.31.40.0-255,66,11959,64,290217
16365,5.6e-05,172.217.194.0-255,1484,13443,64,290217
16366,5.8e-05,172.31.40.0-255,66,13509,64,290217
16367,6.2e-05,172.217.194.0-255,604,14113,64,290217
16368,6.4e-05,172.31.40.0-255,66,14179,64,290217
16369,0.000142,172.217.194.0-255,1484,15663,64,290217
16370,0.000145,172.31.40.0-255,66,15729,64,290217
16371,0.00015,172.217.194.0-255,2902,18631,64,290217
16372,0.000152,172.31.40.0-255,66,18697,64,290217
16373,0.000157,172.217.194.0-255,4320,23017,64,290217
16374,0.00016,172.31.40.0-255,66,23083,64,290217
16375,0.000183,172.217.194.0-255,1484,24567,64,290217
16376,0.000185,172.31.40.0-255,66,24633,64,290217
16377,0.000193,172.217.194.0-255,6797,31430,64,290217
16378,0.000195,172.31.40.0-255,66,31496,64,290217
16379,0.000241,172.217.194.0-255,1484,32980,64,290217
16380,0.000244,172.31.40.0-255,66,33046,64,290217
16381,0.000248,172.217.194.0-255,2902,35948,64,290217
16382,0.000251,172.31.40.0-255,66,36014,64,290217
16383,0.000283,172.217.194.0-255,5738,41752,64,290217
16384,0.000286,172.31.40.0-255,66,41818,64,290217
16385,0.000291,172.217.194.0-255,4320,46138,64,290217
16386,0.000293,172.31.40.0-255,66,46204,64,290217
16387,0.000322,172.217.194.0-255,2543,48747,64,290217
16388,0.000325,172.31.40.0-255,66,48813,64,290217
16389,0.000531,172.217.194.0-255,1484,50297,64,290217
16390,0.000548,172.217.194.0-255,2902,53199,64,290217
16391,0.000553,172.31.40.0-255,66,53265,64,290217
16392,0.000559,172.217.194.0-255,5738,59003,64,290217
16393,0.000562,172.31.40.0-255,66,59069,64,290217
16394,0.000615,172.31.40.0-255,66,59135,64,290217
16395,0.000658,172.217.194.0-255,1484,60619,64,290217
16396,0.000664,172.217.194.0-255,2902,63521,64,290217
16397,0.000667,172.31.40.0-255,66,63587,64,290217
16398,0.00067,172.217.194.0-255,1484,65071,64,290217
16399,0.000685,172.217.194.0-255,4320,69391,64,290217
16400,0.000688,172.31.40.0-255,66,69457,64,290217
16401,0.000715,172.217.194.0-255,2902,72359,64,290217
16402,0.000718,172.31.40.0-255,66,72425,64,290217
16403,0.000728,172.31.40.0-255,66,72491,64,290217
16404,0.000766,172.31.40.0-255,66,72557,64,290217
16405,0.000817,172.217.194.0-255,1484,74041,64,290217
16406,0.000831,172.217.194.0-255,2902,76943,64,290217
16407,0.000834,172.31.40.0-255,66,77009,64,290217
16408,0.000839,172.217.194.0-255,2902,79911,64,290217
16409,0.000841,172.31.40.0-255,66,79977,64,290217
16410,0.000858,172.217.194.0-255,2902,82879,64,290217
16411,0.000863,172.31.40.0-255,66,82945,64,290217
16412,0.000903,172.31.40.0-255,66,83011,64,290217
16413,0.000915,172.31.40.0-255,66,83077,64,290217
16414,0.000933,172.217.194.0-255,2184,85261,64,290217
16415,0.000936,172.31.40.0-255,66,85327,64,290217
16416,0.000954,172.217.194.0-255,1484,86811,64,290217
16417,0.000958,172.217.194.0-255,2902,89713,64,290217
16418,0.00096,172.31.40.0-255,66,89779,64,290217
16419,0.000963,172.217.194.0-255,1484,91263,64,290217
16420,0.000986,172.217.194.0-255,4320,95583,64,290217
16421,0.000989,172.31.40.0-255,66,95649,64,290217
16422,0.000992,172.217.194.0-255,1484,97133,64,290217
16423,0.001021,172.31.40.0-255,66,97199,64,290217
16424,0.001027,172.217.194.0-255,4320,101519,64,290217
16425,0.001032,172.31.40.0-255,66,101585,64,290217
16426,0.001041,172.217.194.0-255,2902,104487,64,290217
16427,0.001045,172.31.40.0-255,66,104553,64,290217
16428,0.001056,172.217.194.0-255,3602,108155,64,290217
16429,0.001093,172.31.40.0-255,66,108221,64,290217
16430,0.001098,172.31.40.0-255,66,108287,64,290217
16431,0.001145,172.31.40.0-255,66,108353,64,290217
16432,0.001331,172.217.194.0-255,1484,109837,64,290217
16433,0.001336,172.217.194.0-255,1484,111321,64,290217
16434,0.001339,172.31.40.0-255,66,111387,64,290217
16435,0.001359,172.217.194.0-255,1484,112871,64,290217
16436,0.001366,172.217.194.0-255,5738,118609,64,290217
16437,0.001368,172.217.194.0-255,1484,120093,64,290217
16438,0.001387,172.217.194.0-255,4320,124413,64,290217
16439,0.00139,172.31.40.0-255,66,124479,64,290217
16440,0.001399,172.31.40.0-255,66,124545,64,290217
16441,0.001406,172.217.194.0-255,7156,131701,64,290217
16442,0.001422,172.217.194.0-255,1484,133185,64,290217
16443,0.001428,172.217.194.0-255,5738,138923,64,290217
16444,0.001443,172.217.194.0-255,3602,142525,64,290217
16445,0.001447,172.31.40.0-255,66,142591,64,290217
16446,0.001452,172.31.40.0-255,66,142657,64,290217
16447,0.00203,172.217.194.0-255,1484,144141,64,290217
16448,0.002038,172.217.194.0-255,2902,147043,64,290217
16449,0.002042,172.31.40.0-255,66,147109,64,290217
16450,0.002049,172.217.194.0-255,5738,152847,64,290217
16451,0.002051,172.31.40.0-255,66,152913,64,290217
16452,0.002115,172.31.40.0-255,66,152979,64,290217
16453,0.002135,172.217.194.0-255,2902,155881,64,290217
16454,0.002137,172.31.40.0-255,66,155947,64,290217
16455,0.002217,172.217.194.0-255,1484,157431,64,290217
16456,0.002243,172.217.194.0-255,2902,160333,64,290217
16457,0.00225,172.217.194.0-255,5738,166071,64,290217
16458,0.002288,172.217.194.0-255,5738,171809,64,290217
16459,0.002332,172.217.194.0-255,5020,176829,64,290217
16460,0.007853,172.31.40.0-255,66,176895,64,290217
16461,0.010196,172.217.194.0-255,5738,182633,64,290217
16462,0.010206,172.31.40.0-255,66,182699,64,290217
16463,0.012477,172.217.194.0-255,5738,188437,64,290217
16464,0.012485,172.31.40.0-255,66,188503,64,290217
16465,0.014775,172.217.194.0-255,5738,194241,64,290217
16466,0.014782,172.31.40.0-255,66,194307,64,290217
16467,0.017076,172.217.194.0-255,5738,200045,64,290217
16468,0.017084,172.31.40.0-255,66,200111,64,290217
16469,0.019402,172.217.194.0-255,5738,205849,64,290217
16470,0.019411,172.31.40.0-255,66,205915,64,290217
16471,0.021682,172.217.194.0-255,5738,211653,64,290217
16472,0.02169,172.31.40.0-255,66,211719,64,290217
16473,0.024006,172.217.194.0-255,5738,217457,64,290217
16474,0.024012,172.31.40.0-255,66,217523,64,290217
16475,0.026324,172.217.194.0-255,5738,223261,64,290217
16476,0.02633,172.31.40.0-255,66,223327,64,290217
16477,0.028527,172.31.40.0-255,172,223499,64,290217
16478,0.028559,172.31.40.0-255,1112,224611,64,290217
16479,0.028618,172.217.194.0-255,5738,230349,64,290217
16480,0.028623,172.31.40.0-255,66,230415,64,290217
16481,0.028652,172.31.40.0-255,1514,231929,64,290217
16482,0.028653,172.31.40.0-255,1180,233109,64,290217
16483,0.030088,104.244.42.0-255,66,233175,64,290217
16484,0.030127,104.244.42.0-255,66,233241,64,290217
16485,0.030218,104.244.42.0-255,66,233307,64,290217
16486,0.030949,172.217.194.0-255,5738,239045,64,290217
16487,0.030955,172.31.40.0-255,66,239111,64,290217
16488,0.033296,172.217.194.0-255,5738,244849,64,290217
16489,0.033304,172.31.40.0-255,66,244915,64,290217
16490,0.035636,172.217.194.0-255,5738,250653,64,290217
16491,0.035646,172.31.40.0-255,66,250719,64,290217
16492,0.037977,172.217.194.0-255,5738,256457,64,290217
16493,0.037983,172.31.40.0-255,66,256523,64,290217
16494,0.040311,172.217.194.0-255,5738,262261,64,290217
16495,0.040317,172.31.40.0-255,66,262327,64,290217
16496,0.04262,172.217.194.0-255,5738,268065,64,290217
16497,0.042629,172.31.40.0-255,66,268131,64,290217
16498,0.044973,172.217.194.0-255,5738,273869,64,290217
16499,0.044979,172.31.40.0-255,66,273935,64,290217
16500,0.047326,172.217.194.0-255,5738,279673,64,290217
16501,0.047331,172.31.40.0-255,66,279739,64,290217
16502,0.049685,172.217.194.0-255,5738,285477,64,290217
16503,0.049691,172.31.40.0-255,66,285543,64,290217
16504,0.052024,172.217.194.0-255,4437,289980,64,290217
16505,0.05203,172.31.40.0-255,66,290046,64,290217
16506,0.052217,172.31.40.0-255,105,290151,64,290217
16507,0.054536,172.217.194.0-255,66,290217,64,290217
16508,0.0,74.125.24.0-255,156,156,64,247990
16509,2.1e-05,172.31.40.0-255,66,222,64,247990
16510,2.8e-05,74.125.24.0-255,1484,1706,64,247990
16511,3.2e-05,172.31.40.0-255,66,1772,64,247990
16512,3.8e-05,74.125.24.0-255,2902,4674,64,247990
16513,4.2e-05,172.31.40.0-255,66,4740,64,247990
16514,4.9e-05,74.125.24.0-255,7156,11896,64,247990
16515,5.1e-05,172.31.40.0-255,66,11962,64,247990
16516,5.7e-05,74.125.24.0-255,4930,16892,64,247990
16517,5.9e-05,172.31.40.0-255,66,16958,64,247990
16518,8.6e-05,172.31.40.0-255,66,17024,64,247990
16519,0.000109,74.125.24.0-255,5379,22403,64,247990
16520,0.000111,172.31.40.0-255,66,22469,64,247990
16521,0.000218,74.125.24.0-255,1484,23953,64,247990
16522,0.000221,172.31.40.0-255,66,24019,64,247990
16523,0.000227,74.125.24.0-255,2902,26921,64,247990
16524,0.000229,172.31.40.0-255,66,26987,64,247990
16525,0.000245,74.125.24.0-255,2902,29889,64,247990
16526,0.000247,172.31.40.0-255,66,29955,64,247990
16527,0.000267,74.125.24.0-255,2902,32857,64,247990
16528,0.000269,172.31.40.0-255,66,32923,64,247990
16529,0.000275,74.125.24.0-255,5738,38661,64,247990
16530,0.000277,172.31.40.0-255,66,38727,64,247990
16531,0.000279,74.125.24.0-255,1484,40211,64,247990
16532,0.000281,172.31.40.0-255,66,40277,64,247990
16533,0.000313,172.31.40.0-255,66,40343,64,247990
16534,0.000317,74.125.24.0-255,3961,44304,64,247990
16535,0.000319,172.31.40.0-255,66,44370,64,247990
16536,0.000343,74.125.24.0-255,363,44733,64,247990
16537,0.000346,172.31.40.0-255,66,44799,64,247990
16538,0.000435,74.125.24.0-255,1484,46283,64,247990
16539,0.000441,74.125.24.0-255,1484,47767,64,247990
16540,0.000443,172.31.40.0-255,66,47833,64,247990
16541,0.000462,74.125.24.0-255,1484,49317,64,247990
16542,0.000469,74.125.24.0-255,5738,55055,64,247990
16543,0.000471,172.31.40.0-255,66,55121,64,247990
16544,0.000506,74.125.24.0-255,7156,62277,64,247990
16545,0.000509,172.31.40.0-255,66,62343,64,247990
16546,0.000535,74.125.24.0-255,6797,69140,64,247990
16547,0.000538,172.31.40.0-255,66,69206,64,247990
16548,0.000545,74.125.24.0-255,7156,76362,64,247990
16549,0.000547,172.31.40.0-255,66,76428,64,247990
16550,0.000561,74.125.24.0-255,2834,79262,64,247990
16551,0.000563,172.31.40.0-255,66,79328,64,247990
16552,0.000588,74.125.24.0-255,2902,82230,64,247990
16553,0.00059,172.31.40.0-255,66,82296,64,247990
16554,0.000605,74.125.24.0-255,4320,86616,64,247990
16555,0.000607,172.31.40.0-255,66,86682,64,247990
16556,0.000632,74.125.24.0-255,2902,89584,64,247990
16557,0.000634,172.31.40.0-255,66,89650,64,247990
16558,0.000641,74.125.24.0-255,6249,95899,64,247990
16559,0.000643,172.31.40.0-255,66,95965,64,247990
16560,0.000747,74.125.24.0-255,1484,97449,64,247990
16561,0.000751,74.125.24.0-255,1484,98933,64,247990
16562,0.000753,172.31.40.0-255,66,98999,64,247990
16563,0.000771,74.125.24.0-255,1484,100483,64,247990
16564,0.000778,74.125.24.0-255,5738,106221,64,247990
16565,0.000779,172.31.40.0-255,66,106287,64,247990
16566,0.00079,74.125.24.0-255,2902,109189,64,247990
16567,0.000793,172.31.40.0-255,66,109255,64,247990
16568,0.000827,172.31.40.0-255,66,109321,64,247990
16569,0.000832,74.125.24.0-255,4320,113641,64,247990
16570,0.000834,172.31.40.0-255,66,113707,64,247990
16571,0.000862,74.125.24.0-255,6438,120145,64,247990
16572,0.000865,172.31.40.0-255,66,120211,64,247990
16573,0.001113,74.125.24.0-255,1484,121695,64,247990
16574,0.001133,74.125.24.0-255,2902,124597,64,247990
16575,0.001138,74.125.24.0-255,5738,130335,64,247990
16576,0.001142,172.31.40.0-255,66,130401,64,247990
16577,0.001145,172.31.40.0-255,66,130467,64,247990
16578,0.00119,172.31.40.0-255,66,130533,64,247990
16579,0.001197,74.125.24.0-255,7156,137689,64,247990
16580,0.001198,172.31.40.0-255,66,137755,64,247990
16581,0.001209,74.125.24.0-255,1484,139239,64,247990
16582,0.001234,74.125.24.0-255,2184,141423,64,247990
16583,0.001236,172.31.40.0-255,66,141489,64,247990
16584,0.001239,74.125.24.0-255,1484,142973,64,247990
16585,0.001255,74.125.24.0-255,1484,144457,64,247990
16586,0.001258,74.125.24.0-255,1484,145941,64,247990
16587,0.00126,172.31.40.0-255,66,146007,64,247990
16588,0.001275,74.125.24.0-255,5738,151745,64,247990
16589,0.001277,172.31.40.0-255,66,151811,64,247990
16590,0.001287,172.31.40.0-255,66,151877,64,247990
16591,0.001327,74.125.24.0-255,4320,156197,64,247990
16592,0.001331,172.31.40.0-255,66,156263,64,247990
16593,0.001361,172.31.40.0-255,66,156329,64,247990
16594,0.001393,74.125.24.0-255,1484,157813,64,247990
16595,0.001398,74.125.24.0-255,2902,160715,64,247990
16596,0.0014,172.31.40.0-255,66,160781,64,247990
16597,0.001434,74.125.24.0-255,2902,163683,64,247990
16598,0.001436,172.31.40.0-255,66,163749,64,247990
16599,0.001448,74.125.24.0-255,2902,166651,64,247990
16600,0.001449,172.31.40.0-255,66,166717,64,247990
16601,0.001462,172.31.40.0-255,66,166783,64,247990
16602,0.001486,74.125.24.0-255,7156,173939,64,247990
16603,0.001488,172.31.40.0-255,66,174005,64,247990
16604,0.001513,74.125.24.0-255,3602,177607,64,247990
16605,0.001516,172.31.40.0-255,66,177673,64,247990
16606,0.001526,172.31.40.0-255,66,177739,64,247990
16607,0.001543,74.125.24.0-255,1484,179223,64,247990
16608,0.001549,74.125.24.0-255,5738,184961,64,247990
16609,0.001551,172.31.40.0-255,66,185027,64,247990
16610,0.001587,74.125.24.0-255,1484,186511,64,247990
16611,0.001621,172.31.40.0-255,66,186577,64,247990
16612,0.001633,74.125.24.0-255,2184,188761,64,247990
16613,0.001637,172.31.40.0-255,66,188827,64,247990
16614,0.001766,74.125.24.0-255,1484,190311,64,247990
16615,0.001782,74.125.24.0-255,2902,193213,64,247990
16616,0.001785,172.31.40.0-255,66,193279,64,247990
16617,0.001792,74.125.24.0-255,5738,199017,64,247990
16618,0.001793,172.31.40.0-255,66,199083,64,247990
16619,0.001807,74.125.24.0-255,2902,201985,64,247990
16620,0.001809,172.31.40.0-255,66,202051,64,247990
16621,0.001824,74.125.24.0-255,7156,209207,64,247990
16622,0.001825,172.31.40.0-255,66,209273,64,247990
16623,0.001847,74.125.24.0-255,2902,212175,64,247990
16624,0.001849,172.31.40.0-255,66,212241,64,247990
16625,0.001861,172.31.40.0-255,66,212307,64,247990
16626,0.001881,74.125.24.0-255,2902,215209,64,247990
16627,0.001883,172.31.40.0-255,66,215275,64,247990
16628,0.001914,172.31.40.0-255,66,215341,64,247990
16629,0.001919,74.125.24.0-255,5738,221079,64,247990
16630,0.001921,172.31.40.0-255,66,221145,64,247990
16631,0.001943,172.31.40.0-255,66,221211,64,247990
16632,0.001948,74.125.24.0-255,5738,226949,64,247990
16633,0.00195,172.31.40.0-255,66,227015,64,247990
16634,0.00197,74.125.24.0-255,766,227781,64,247990
16635,0.001987,74.125.24.0-255,4320,232101,64,247990
16636,0.00199,172.31.40.0-255,66,232167,64,247990
16637,0.002012,74.125.24.0-255,5738,237905,64,247990
16638,0.002015,172.31.40.0-255,66,237971,64,247990
16639,0.002048,172.31.40.0-255,66,238037,64,247990
16640,0.002053,74.125.24.0-255,5020,243057,64,247990
16641,0.002055,172.31.40.0-255,66,243123,64,247990
16642,0.002064,172.31.40.0-255,66,243189,64,247990
16643,0.002106,172.31.40.0-255,66,243255,64,247990
16644,0.002109,74.125.24.0-255,105,243360,64,247990
16645,0.003205,172.31.40.0-255,101,243461,64,247990
16646,0.004252,172.31.40.0-255,105,243566,64,247990
16647,0.005559,74.125.24.0-255,66,243632,64,247990
16648,0.006592,74.125.24.0-255,66,243698,64,247990
16649,0.033193,172.31.40.0-255,172,243870,64,247990
16650,0.033222,172.31.40.0-255,1112,244982,64,247990
16651,0.033276,172.31.40.0-255,1514,246496,64,247990
16652,0.033278,172.31.40.0-255,1296,247792,64,247990
16653,0.034849,104.244.42.0-255,66,247858,64,247990
16654,0.034896,104.244.42.0-255,66,247924,64,247990
16655,0.034957,104.244.42.0-255,66,247990,64,247990
