,TIME,SRC,PACKET_SIZE,CUMULATIVE_PACKET_SIZE,PAGE_NUMBER,TOTAL_PACKET_SIZE
0,0.0,172.217.194.0-255,298,298,94,335554
1,3.1e-05,172.31.47.0-255,66,364,94,335554
2,3.7e-05,172.217.194.0-255,1484,1848,94,335554
3,4.2e-05,172.31.47.0-255,66,1914,94,335554
4,4.8e-05,172.217.194.0-255,4320,6234,94,335554
5,5.1e-05,172.31.47.0-255,66,6300,94,335554
6,5.7e-05,172.217.194.0-255,5738,12038,94,335554
7,5.9e-05,172.31.47.0-255,66,12104,94,335554
8,8.3e-05,172.217.194.0-255,1750,13854,94,335554
9,8.8e-05,172.31.47.0-255,66,13920,94,335554
10,9.2e-05,172.31.47.0-255,66,13986,94,335554
11,9.8e-05,172.217.194.0-255,5738,19724,94,335554
12,0.0001,172.31.47.0-255,66,19790,94,335554
13,0.000122,172.217.194.0-255,2543,22333,94,335554
14,0.000124,172.31.47.0-255,66,22399,94,335554
15,0.000204,172.217.194.0-255,1484,23883,94,335554
16,0.000208,172.31.47.0-255,66,23949,94,335554
17,0.000221,172.217.194.0-255,2902,26851,94,335554
18,0.000224,172.31.47.0-255,66,26917,94,335554
19,0.000261,172.217.194.0-255,5738,32655,94,335554
20,0.000264,172.31.47.0-255,66,32721,94,335554
21,0.000272,172.217.194.0-255,6797,39518,94,335554
22,0.000274,172.31.47.0-255,66,39584,94,335554
23,0.000279,172.217.194.0-255,4320,43904,94,335554
24,0.000281,172.31.47.0-255,66,43970,94,335554
25,0.000315,172.31.47.0-255,66,44036,94,335554
26,0.000319,172.217.194.0-255,2831,46867,94,335554
27,0.000322,172.31.47.0-255,66,46933,94,335554
28,0.000324,172.217.194.0-255,366,47299,94,335554
29,0.000326,172.31.47.0-255,66,47365,94,335554
30,0.000383,172.217.194.0-255,1484,48849,94,335554
31,0.000395,172.217.194.0-255,2902,51751,94,335554
32,0.000398,172.31.47.0-255,66,51817,94,335554
33,0.000421,172.217.194.0-255,5738,57555,94,335554
34,0.000424,172.31.47.0-255,66,57621,94,335554
35,0.000445,172.217.194.0-255,5738,63359,94,335554
36,0.000448,172.31.47.0-255,66,63425,94,335554
37,0.00047,172.217.194.0-255,2543,65968,94,335554
38,0.000474,172.31.47.0-255,66,66034,94,335554
39,0.000478,172.31.47.0-255,66,66100,94,335554
40,0.000493,172.217.194.0-255,2902,69002,94,335554
41,0.000496,172.31.47.0-255,66,69068,94,335554
42,0.000512,172.217.194.0-255,3961,73029,94,335554
43,0.000515,172.31.47.0-255,66,73095,94,335554
44,0.000615,172.217.194.0-255,1484,74579,94,335554
45,0.000619,172.217.194.0-255,1484,76063,94,335554
46,0.000621,172.31.47.0-255,66,76129,94,335554
47,0.000635,172.217.194.0-255,1484,77613,94,335554
48,0.00064,172.217.194.0-255,5738,83351,94,335554
49,0.000643,172.31.47.0-255,66,83417,94,335554
50,0.00067,172.31.47.0-255,66,83483,94,335554
51,0.000705,172.217.194.0-255,1484,84967,94,335554
52,0.000728,172.31.47.0-255,66,85033,94,335554
53,0.000747,172.217.194.0-255,3602,88635,94,335554
54,0.000749,172.31.47.0-255,66,88701,94,335554
55,0.000806,172.217.194.0-255,1484,90185,94,335554
56,0.000822,172.217.194.0-255,2902,93087,94,335554
57,0.000825,172.31.47.0-255,66,93153,94,335554
58,0.00083,172.217.194.0-255,5738,98891,94,335554
59,0.000832,172.31.47.0-255,66,98957,94,335554
60,0.000844,172.217.194.0-255,2902,101859,94,335554
61,0.00085,172.31.47.0-255,66,101925,94,335554
62,0.000879,172.31.47.0-255,66,101991,94,335554
63,0.000888,172.31.47.0-255,66,102057,94,335554
64,0.000902,172.217.194.0-255,766,102823,94,335554
65,0.001429,172.31.47.0-255,66,102889,94,335554
66,0.001557,172.217.194.0-255,1484,104373,94,335554
67,0.001568,172.217.194.0-255,2902,107275,94,335554
68,0.001571,172.31.47.0-255,66,107341,94,335554
69,0.001578,172.217.194.0-255,4320,111661,94,335554
70,0.00158,172.31.47.0-255,66,111727,94,335554
71,0.001584,172.217.194.0-255,1484,113211,94,335554
72,0.001605,172.217.194.0-255,7156,120367,94,335554
73,0.001609,172.31.47.0-255,66,120433,94,335554
74,0.001658,172.31.47.0-255,66,120499,94,335554
75,0.001678,172.217.194.0-255,3602,124101,94,335554
76,0.001681,172.31.47.0-255,66,124167,94,335554
77,0.003661,172.217.194.0-255,5738,129905,94,335554
78,0.003667,172.31.47.0-255,66,129971,94,335554
79,0.005692,172.217.194.0-255,4320,134291,94,335554
80,0.005697,172.31.47.0-255,66,134357,94,335554
81,0.005714,172.217.194.0-255,1484,135841,94,335554
82,0.007731,172.217.194.0-255,4320,140161,94,335554
83,0.007736,172.31.47.0-255,66,140227,94,335554
84,0.009733,172.217.194.0-255,4320,144547,94,335554
85,0.009739,172.31.47.0-255,66,144613,94,335554
86,0.00976,172.217.194.0-255,1484,146097,94,335554
87,0.01172,172.217.194.0-255,4320,150417,94,335554
88,0.011728,172.31.47.0-255,66,150483,94,335554
89,0.013747,172.217.194.0-255,5738,156221,94,335554
90,0.013757,172.31.47.0-255,66,156287,94,335554
91,0.015751,172.217.194.0-255,5738,162025,94,335554
92,0.015757,172.31.47.0-255,66,162091,94,335554
93,0.017742,172.217.194.0-255,5738,167829,94,335554
94,0.017749,172.31.47.0-255,66,167895,94,335554
95,0.019782,172.217.194.0-255,5738,173633,94,335554
96,0.01979,172.31.47.0-255,66,173699,94,335554
97,0.021796,172.217.194.0-255,5738,179437,94,335554
98,0.021804,172.31.47.0-255,66,179503,94,335554
99,0.023824,172.217.194.0-255,5738,185241,94,335554
100,0.02383,172.31.47.0-255,66,185307,94,335554
101,0.025106,172.31.47.0-255,172,185479,94,335554
102,0.025141,172.31.47.0-255,1116,186595,94,335554
103,0.025206,172.31.47.0-255,1514,188109,94,335554
104,0.025208,172.31.47.0-255,1289,189398,94,335554
105,0.025834,172.217.194.0-255,5738,195136,94,335554
106,0.02584,172.31.47.0-255,66,195202,94,335554
107,0.026668,104.244.42.0-255,66,195268,94,335554
108,0.026707,104.244.42.0-255,66,195334,94,335554
109,0.026764,104.244.42.0-255,66,195400,94,335554
110,0.027846,172.217.194.0-255,4320,199720,94,335554
111,0.02785,172.31.47.0-255,66,199786,94,335554
112,0.027877,172.217.194.0-255,1484,201270,94,335554
113,0.029873,172.217.194.0-255,4320,205590,94,335554
114,0.029879,172.31.47.0-255,66,205656,94,335554
115,0.031878,172.217.194.0-255,5738,211394,94,335554
116,0.031883,172.31.47.0-255,66,211460,94,335554
117,0.033873,172.217.194.0-255,4320,215780,94,335554
118,0.033878,172.31.47.0-255,66,215846,94,335554
119,0.033909,172.217.194.0-255,1484,217330,94,335554
120,0.035875,172.217.194.0-255,2902,220232,94,335554
121,0.03588,172.31.47.0-255,66,220298,94,335554
122,0.035904,172.217.194.0-255,1484,221782,94,335554
123,0.037887,172.217.194.0-255,4320,226102,94,335554
124,0.037892,172.31.47.0-255,66,226168,94,335554
125,0.0399,172.217.194.0-255,5738,231906,94,335554
126,0.039905,172.31.47.0-255,66,231972,94,335554
127,0.041906,172.217.194.0-255,5738,237710,94,335554
128,0.04191,172.31.47.0-255,66,237776,94,335554
129,0.043909,172.217.194.0-255,5738,243514,94,335554
130,0.043915,172.31.47.0-255,66,243580,94,335554
131,0.045909,172.217.194.0-255,5738,249318,94,335554
132,0.045914,172.31.47.0-255,66,249384,94,335554
133,0.047914,172.217.194.0-255,4320,253704,94,335554
134,0.047919,172.31.47.0-255,66,253770,94,335554
135,0.047946,172.217.194.0-255,1484,255254,94,335554
136,0.049914,172.217.194.0-255,4320,259574,94,335554
137,0.049918,172.31.47.0-255,66,259640,94,335554
138,0.051926,172.217.194.0-255,5738,265378,94,335554
139,0.051929,172.31.47.0-255,66,265444,94,335554
140,0.053952,172.217.194.0-255,5738,271182,94,335554
141,0.053957,172.31.47.0-255,66,271248,94,335554
142,0.05594,172.217.194.0-255,4320,275568,94,335554
143,0.055944,172.31.47.0-255,66,275634,94,335554
144,0.055974,172.217.194.0-255,1484,277118,94,335554
145,0.057952,172.217.194.0-255,4320,281438,94,335554
146,0.057957,172.31.47.0-255,66,281504,94,335554
147,0.059938,172.217.194.0-255,4320,285824,94,335554
148,0.059942,172.31.47.0-255,66,285890,94,335554
149,0.059968,172.217.194.0-255,1484,287374,94,335554
150,0.061948,172.217.194.0-255,4320,291694,94,335554
151,0.061953,172.31.47.0-255,66,291760,94,335554
152,0.063944,172.217.194.0-255,5738,297498,94,335554
153,0.063949,172.31.47.0-255,66,297564,94,335554
154,0.065954,172.217.194.0-255,5738,303302,94,335554
155,0.065958,172.31.47.0-255,66,303368,94,335554
156,0.067969,172.217.194.0-255,1484,304852,94,335554
157,0.067996,172.217.194.0-255,4320,309172,94,335554
158,0.068,172.31.47.0-255,66,309238,94,335554
159,0.070004,172.217.194.0-255,4320,313558,94,335554
160,0.070009,172.31.47.0-255,66,313624,94,335554
161,0.070033,172.217.194.0-255,1484,315108,94,335554
162,0.072018,172.217.194.0-255,4320,319428,94,335554
163,0.072023,172.31.47.0-255,66,319494,94,335554
164,0.074016,172.217.194.0-255,5738,325232,94,335554
165,0.074022,172.31.47.0-255,66,325298,94,335554
166,0.076018,172.217.194.0-255,4320,329618,94,335554
167,0.076022,172.31.47.0-255,66,329684,94,335554
168,0.076047,172.217.194.0-255,1484,331168,94,335554
169,0.078036,172.217.194.0-255,4320,335488,94,335554
170,0.07804,172.31.47.0-255,66,335554,94,335554
171,0.0,172.217.194.0-255,146,146,94,251171
172,2.6e-05,172.31.47.0-255,66,212,94,251171
173,3.2e-05,172.217.194.0-255,1484,1696,94,251171
174,3.6e-05,172.31.47.0-255,66,1762,94,251171
175,4e-05,172.217.194.0-255,2902,4664,94,251171
176,4.2e-05,172.31.47.0-255,66,4730,94,251171
177,5.9e-05,172.217.194.0-255,1484,6214,94,251171
178,6.1e-05,172.31.47.0-255,66,6280,94,251171
179,7.4e-05,172.217.194.0-255,4320,10600,94,251171
180,7.7e-05,172.31.47.0-255,66,10666,94,251171
181,0.000113,172.217.194.0-255,1484,12150,94,251171
182,0.000116,172.31.47.0-255,66,12216,94,251171
183,0.000138,172.217.194.0-255,2043,14259,94,251171
184,0.000141,172.31.47.0-255,66,14325,94,251171
185,0.000671,172.217.194.0-255,1484,15809,94,251171
186,0.000676,172.31.47.0-255,66,15875,94,251171
187,0.000695,172.217.194.0-255,2902,18777,94,251171
188,0.000697,172.31.47.0-255,66,18843,94,251171
189,0.000703,172.217.194.0-255,5738,24581,94,251171
190,0.000706,172.31.47.0-255,66,24647,94,251171
191,0.000727,172.217.194.0-255,1484,26131,94,251171
192,0.00073,172.31.47.0-255,66,26197,94,251171
193,0.000753,172.217.194.0-255,5379,31576,94,251171
194,0.000755,172.31.47.0-255,66,31642,94,251171
195,0.00077,172.217.194.0-255,5738,37380,94,251171
196,0.000773,172.31.47.0-255,66,37446,94,251171
197,0.00079,172.217.194.0-255,1484,38930,94,251171
198,0.000792,172.31.47.0-255,66,38996,94,251171
199,0.000802,172.31.47.0-255,66,39062,94,251171
200,0.000839,172.217.194.0-255,2902,41964,94,251171
201,0.000842,172.31.47.0-255,66,42030,94,251171
202,0.000875,172.31.47.0-255,66,42096,94,251171
203,0.000878,172.217.194.0-255,378,42474,94,251171
204,0.000955,172.217.194.0-255,364,42838,94,251171
205,0.001064,172.217.194.0-255,1484,44322,94,251171
206,0.001067,172.31.47.0-255,66,44388,94,251171
207,0.001071,172.217.194.0-255,2902,47290,94,251171
208,0.001073,172.31.47.0-255,66,47356,94,251171
209,0.001085,172.217.194.0-255,1484,48840,94,251171
210,0.001109,172.217.194.0-255,4320,53160,94,251171
211,0.001112,172.31.47.0-255,66,53226,94,251171
212,0.001115,172.217.194.0-255,1484,54710,94,251171
213,0.001143,172.31.47.0-255,66,54776,94,251171
214,0.001148,172.217.194.0-255,4320,59096,94,251171
215,0.001149,172.31.47.0-255,66,59162,94,251171
216,0.001161,172.217.194.0-255,1484,60646,94,251171
217,0.001208,172.217.194.0-255,1484,62130,94,251171
218,0.001211,172.31.47.0-255,66,62196,94,251171
219,0.001228,172.217.194.0-255,3602,65798,94,251171
220,0.00123,172.31.47.0-255,66,65864,94,251171
221,0.004142,172.217.194.0-255,1484,67348,94,251171
222,0.004159,172.217.194.0-255,2902,70250,94,251171
223,0.004163,172.31.47.0-255,66,70316,94,251171
224,0.00417,172.217.194.0-255,5738,76054,94,251171
225,0.004171,172.31.47.0-255,66,76120,94,251171
226,0.004191,172.217.194.0-255,1484,77604,94,251171
227,0.004229,172.31.47.0-255,66,77670,94,251171
228,0.004235,172.217.194.0-255,5738,83408,94,251171
229,0.004237,172.31.47.0-255,66,83474,94,251171
230,0.004271,172.217.194.0-255,5020,88494,94,251171
231,0.004273,172.31.47.0-255,66,88560,94,251171
232,0.005687,172.217.194.0-255,1484,90044,94,251171
233,0.005711,172.217.194.0-255,2902,92946,94,251171
234,0.005716,172.31.47.0-255,66,93012,94,251171
235,0.005724,172.217.194.0-255,5738,98750,94,251171
236,0.005727,172.31.47.0-255,66,98816,94,251171
237,0.005764,172.31.47.0-255,66,98882,94,251171
238,0.005772,172.217.194.0-255,7156,106038,94,251171
239,0.005774,172.31.47.0-255,66,106104,94,251171
240,0.005809,172.217.194.0-255,1484,107588,94,251171
241,0.005838,172.31.47.0-255,66,107654,94,251171
242,0.005861,172.217.194.0-255,5738,113392,94,251171
243,0.005864,172.31.47.0-255,66,113458,94,251171
244,0.005886,172.217.194.0-255,7156,120614,94,251171
245,0.005889,172.31.47.0-255,66,120680,94,251171
246,0.005904,172.31.47.0-255,66,120746,94,251171
247,0.00602,172.217.194.0-255,1484,122230,94,251171
248,0.006039,172.217.194.0-255,2902,125132,94,251171
249,0.006044,172.31.47.0-255,66,125198,94,251171
250,0.006048,172.217.194.0-255,1484,126682,94,251171
251,0.006065,172.217.194.0-255,4320,131002,94,251171
252,0.006068,172.31.47.0-255,66,131068,94,251171
253,0.006071,172.217.194.0-255,1484,132552,94,251171
254,0.006086,172.217.194.0-255,2902,135454,94,251171
255,0.006089,172.31.47.0-255,66,135520,94,251171
256,0.006118,172.217.194.0-255,2902,138422,94,251171
257,0.006121,172.31.47.0-255,66,138488,94,251171
258,0.006136,172.31.47.0-255,66,138554,94,251171
259,0.00614,172.217.194.0-255,2184,140738,94,251171
260,0.006142,172.31.47.0-255,66,140804,94,251171
261,0.006762,172.217.194.0-255,1484,142288,94,251171
262,0.006769,172.217.194.0-255,1484,143772,94,251171
263,0.006773,172.31.47.0-255,66,143838,94,251171
264,0.00679,172.217.194.0-255,1484,145322,94,251171
265,0.006796,172.217.194.0-255,4320,149642,94,251171
266,0.006799,172.31.47.0-255,66,149708,94,251171
267,0.006814,172.217.194.0-255,1484,151192,94,251171
268,0.006818,172.217.194.0-255,4320,155512,94,251171
269,0.00682,172.31.47.0-255,66,155578,94,251171
270,0.006848,172.31.47.0-255,66,155644,94,251171
271,0.006855,172.217.194.0-255,7156,162800,94,251171
272,0.006857,172.31.47.0-255,66,162866,94,251171
273,0.0069,172.31.47.0-255,66,162932,94,251171
274,0.006904,172.217.194.0-255,2902,165834,94,251171
275,0.006906,172.31.47.0-255,66,165900,94,251171
276,0.006923,172.217.194.0-255,7156,173056,94,251171
277,0.006925,172.31.47.0-255,66,173122,94,251171
278,0.006976,172.31.47.0-255,66,173188,94,251171
279,0.006997,172.217.194.0-255,6438,179626,94,251171
280,0.007,172.31.47.0-255,66,179692,94,251171
281,0.007768,172.217.194.0-255,1484,181176,94,251171
282,0.007788,172.217.194.0-255,2902,184078,94,251171
283,0.007792,172.31.47.0-255,66,184144,94,251171
284,0.007799,172.217.194.0-255,4320,188464,94,251171
285,0.007801,172.31.47.0-255,66,188530,94,251171
286,0.007837,172.31.47.0-255,66,188596,94,251171
287,0.007852,172.217.194.0-255,1484,190080,94,251171
288,0.007882,172.31.47.0-255,66,190146,94,251171
289,0.007899,172.217.194.0-255,2184,192330,94,251171
290,0.007901,172.31.47.0-255,66,192396,94,251171
291,0.009995,172.217.194.0-255,1484,193880,94,251171
292,0.010009,172.217.194.0-255,2902,196782,94,251171
293,0.010015,172.31.47.0-255,66,196848,94,251171
294,0.010033,172.217.194.0-255,4320,201168,94,251171
295,0.010038,172.31.47.0-255,66,201234,94,251171
296,0.010067,172.217.194.0-255,1484,202718,94,251171
297,0.010072,172.217.194.0-255,2902,205620,94,251171
298,0.010074,172.31.47.0-255,66,205686,94,251171
299,0.010083,172.31.47.0-255,66,205752,94,251171
300,0.010088,172.217.194.0-255,5738,211490,94,251171
301,0.01009,172.31.47.0-255,66,211556,94,251171
302,0.01011,172.217.194.0-255,1484,213040,94,251171
303,0.010141,172.31.47.0-255,66,213106,94,251171
304,0.010162,172.217.194.0-255,7156,220262,94,251171
305,0.010165,172.31.47.0-255,66,220328,94,251171
306,0.010169,172.217.194.0-255,1484,221812,94,251171
307,0.010171,172.217.194.0-255,1484,223296,94,251171
308,0.010173,172.31.47.0-255,66,223362,94,251171
309,0.010188,172.217.194.0-255,1484,224846,94,251171
310,0.010192,172.217.194.0-255,1484,226330,94,251171
311,0.010194,172.31.47.0-255,66,226396,94,251171
312,0.01023,172.31.47.0-255,66,226462,94,251171
313,0.010236,172.217.194.0-255,5738,232200,94,251171
314,0.010237,172.31.47.0-255,66,232266,94,251171
315,0.010241,172.217.194.0-255,2184,234450,94,251171
316,0.010243,172.31.47.0-255,66,234516,94,251171
317,0.010663,172.217.194.0-255,1484,236000,94,251171
318,0.010675,172.217.194.0-255,2902,238902,94,251171
319,0.010679,172.31.47.0-255,66,238968,94,251171
320,0.01071,172.217.194.0-255,5738,244706,94,251171
321,0.010713,172.31.47.0-255,66,244772,94,251171
322,0.010717,172.217.194.0-255,1703,246475,94,251171
323,0.010719,172.31.47.0-255,66,246541,94,251171
324,0.010807,172.217.194.0-255,105,246646,94,251171
325,0.010897,172.31.47.0-255,66,246712,94,251171
326,0.010935,172.31.47.0-255,105,246817,94,251171
327,0.013204,172.217.194.0-255,66,246883,94,251171
328,0.02373,172.31.47.0-255,172,247055,94,251171
329,0.023769,172.31.47.0-255,1117,248172,94,251171
330,0.023817,172.31.47.0-255,1514,249686,94,251171
331,0.023818,172.31.47.0-255,1287,250973,94,251171
332,0.02529,104.244.42.0-255,66,251039,94,251171
333,0.025335,104.244.42.0-255,66,251105,94,251171
334,0.025389,104.244.42.0-255,66,251171,94,251171
335,0.0,172.217.194.0-255,153,153,94,238506
336,2.7e-05,172.31.47.0-255,66,219,94,238506
337,3.4e-05,172.217.194.0-255,1484,1703,94,238506
338,3.8e-05,172.31.47.0-255,66,1769,94,238506
339,5e-05,172.217.194.0-255,2902,4671,94,238506
340,5.3e-05,172.31.47.0-255,66,4737,94,238506
341,5.8e-05,172.217.194.0-255,4320,9057,94,238506
342,6.2e-05,172.31.47.0-255,66,9123,94,238506
343,8.7e-05,172.217.194.0-255,2902,12025,94,238506
344,8.9e-05,172.31.47.0-255,66,12091,94,238506
345,9.3e-05,172.217.194.0-255,2164,14255,94,238506
346,9.6e-05,172.31.47.0-255,66,14321,94,238506
347,0.000109,172.31.47.0-255,66,14387,94,238506
348,0.000113,172.217.194.0-255,1484,15871,94,238506
349,0.000115,172.31.47.0-255,66,15937,94,238506
350,0.000146,172.217.194.0-255,3961,19898,94,238506
351,0.00015,172.31.47.0-255,66,19964,94,238506
352,0.00019,172.217.194.0-255,1484,21448,94,238506
353,0.000193,172.31.47.0-255,66,21514,94,238506
354,0.000199,172.217.194.0-255,2902,24416,94,238506
355,0.000201,172.31.47.0-255,66,24482,94,238506
356,0.000232,172.217.194.0-255,5738,30220,94,238506
357,0.000235,172.31.47.0-255,66,30286,94,238506
358,0.000239,172.217.194.0-255,4320,34606,94,238506
359,0.000242,172.31.47.0-255,66,34672,94,238506
360,0.000282,172.31.47.0-255,66,34738,94,238506
361,0.000288,172.217.194.0-255,6797,41535,94,238506
362,0.00029,172.31.47.0-255,66,41601,94,238506
363,0.000312,172.217.194.0-255,340,41941,94,238506
364,0.000315,172.31.47.0-255,66,42007,94,238506
365,0.000566,172.217.194.0-255,403,42410,94,238506
366,0.000624,172.217.194.0-255,1484,43894,94,238506
367,0.000628,172.31.47.0-255,66,43960,94,238506
368,0.000656,172.217.194.0-255,2902,46862,94,238506
369,0.00066,172.31.47.0-255,66,46928,94,238506
370,0.000666,172.217.194.0-255,5738,52666,94,238506
371,0.00067,172.31.47.0-255,66,52732,94,238506
372,0.000696,172.217.194.0-255,6248,58980,94,238506
373,0.000699,172.31.47.0-255,66,59046,94,238506
374,0.000776,172.217.194.0-255,1484,60530,94,238506
375,0.000781,172.217.194.0-255,2902,63432,94,238506
376,0.000784,172.31.47.0-255,66,63498,94,238506
377,0.000812,172.217.194.0-255,5738,69236,94,238506
378,0.000815,172.31.47.0-255,66,69302,94,238506
379,0.000828,172.31.47.0-255,66,69368,94,238506
380,0.000859,172.217.194.0-255,2902,72270,94,238506
381,0.000862,172.31.47.0-255,66,72336,94,238506
382,0.000872,172.31.47.0-255,66,72402,94,238506
383,0.000894,172.217.194.0-255,2184,74586,94,238506
384,0.000897,172.31.47.0-255,66,74652,94,238506
385,0.001007,172.217.194.0-255,1484,76136,94,238506
386,0.001029,172.217.194.0-255,2902,79038,94,238506
387,0.001033,172.31.47.0-255,66,79104,94,238506
388,0.001038,172.217.194.0-255,4320,83424,94,238506
389,0.001041,172.31.47.0-255,66,83490,94,238506
390,0.001076,172.31.47.0-255,66,83556,94,238506
391,0.001124,172.31.47.0-255,66,83622,94,238506
392,0.001148,172.217.194.0-255,1484,85106,94,238506
393,0.001153,172.217.194.0-255,2902,88008,94,238506
394,0.001156,172.31.47.0-255,66,88074,94,238506
395,0.001162,172.217.194.0-255,5738,93812,94,238506
396,0.001165,172.31.47.0-255,66,93878,94,238506
397,0.001191,172.217.194.0-255,4320,98198,94,238506
398,0.001196,172.31.47.0-255,66,98264,94,238506
399,0.0012,172.217.194.0-255,1484,99748,94,238506
400,0.001226,172.217.194.0-255,4320,104068,94,238506
401,0.001231,172.31.47.0-255,66,104134,94,238506
402,0.001235,172.217.194.0-255,2902,107036,94,238506
403,0.001237,172.31.47.0-255,66,107102,94,238506
404,0.00127,172.217.194.0-255,4320,111422,94,238506
405,0.001274,172.31.47.0-255,66,111488,94,238506
406,0.001295,172.217.194.0-255,6438,117926,94,238506
407,0.001298,172.31.47.0-255,66,117992,94,238506
408,0.001353,172.217.194.0-255,1484,119476,94,238506
409,0.001371,172.217.194.0-255,2902,122378,94,238506
410,0.001374,172.31.47.0-255,66,122444,94,238506
411,0.001399,172.217.194.0-255,4320,126764,94,238506
412,0.001403,172.31.47.0-255,66,126830,94,238506
413,0.00141,172.217.194.0-255,5738,132568,94,238506
414,0.001412,172.31.47.0-255,66,132634,94,238506
415,0.001448,172.31.47.0-255,66,132700,94,238506
416,0.001459,172.31.47.0-255,66,132766,94,238506
417,0.001542,172.217.194.0-255,1484,134250,94,238506
418,0.001548,172.217.194.0-255,2902,137152,94,238506
419,0.001551,172.31.47.0-255,66,137218,94,238506
420,0.00158,172.217.194.0-255,5738,142956,94,238506
421,0.001583,172.31.47.0-255,66,143022,94,238506
422,0.001596,172.217.194.0-255,5738,148760,94,238506
423,0.001603,172.31.47.0-255,66,148826,94,238506
424,0.001625,172.217.194.0-255,5738,154564,94,238506
425,0.001628,172.31.47.0-255,66,154630,94,238506
426,0.001646,172.31.47.0-255,66,154696,94,238506
427,0.001709,172.217.194.0-255,1484,156180,94,238506
428,0.001721,172.217.194.0-255,2902,159082,94,238506
429,0.001723,172.31.47.0-255,66,159148,94,238506
430,0.001733,172.217.194.0-255,1484,160632,94,238506
431,0.00175,172.217.194.0-255,4320,164952,94,238506
432,0.001752,172.31.47.0-255,66,165018,94,238506
433,0.001755,172.217.194.0-255,1484,166502,94,238506
434,0.001775,172.217.194.0-255,5738,172240,94,238506
435,0.001777,172.31.47.0-255,66,172306,94,238506
436,0.0018,172.217.194.0-255,5738,178044,94,238506
437,0.001802,172.31.47.0-255,66,178110,94,238506
438,0.001831,172.31.47.0-255,66,178176,94,238506
439,0.001834,172.217.194.0-255,2184,180360,94,238506
440,0.001836,172.31.47.0-255,66,180426,94,238506
441,0.001845,172.31.47.0-255,66,180492,94,238506
442,0.001887,172.31.47.0-255,66,180558,94,238506
443,0.001897,172.31.47.0-255,66,180624,94,238506
444,0.001917,172.217.194.0-255,2184,182808,94,238506
445,0.001919,172.31.47.0-255,66,182874,94,238506
446,0.001923,172.217.194.0-255,2902,185776,94,238506
447,0.001924,172.31.47.0-255,66,185842,94,238506
448,0.001944,172.217.194.0-255,4320,190162,94,238506
449,0.001946,172.31.47.0-255,66,190228,94,238506
450,0.001975,172.217.194.0-255,2902,193130,94,238506
451,0.001977,172.31.47.0-255,66,193196,94,238506
452,0.001981,172.217.194.0-255,5738,198934,94,238506
453,0.001983,172.31.47.0-255,66,199000,94,238506
454,0.001987,172.217.194.0-255,4320,203320,94,238506
455,0.001989,172.31.47.0-255,66,203386,94,238506
456,0.002027,172.31.47.0-255,66,203452,94,238506
457,0.002031,172.217.194.0-255,3602,207054,94,238506
458,0.002033,172.31.47.0-255,66,207120,94,238506
459,0.002051,172.217.194.0-255,1484,208604,94,238506
460,0.002054,172.217.194.0-255,1484,210088,94,238506
461,0.002056,172.31.47.0-255,66,210154,94,238506
462,0.002079,172.217.194.0-255,1484,211638,94,238506
463,0.002084,172.217.194.0-255,5738,217376,94,238506
464,0.002086,172.31.47.0-255,66,217442,94,238506
465,0.002088,172.217.194.0-255,1484,218926,94,238506
466,0.002106,172.217.194.0-255,4320,223246,94,238506
467,0.002108,172.31.47.0-255,66,223312,94,238506
468,0.002134,172.217.194.0-255,7156,230468,94,238506
469,0.002136,172.31.47.0-255,66,230534,94,238506
470,0.002145,172.31.47.0-255,66,230600,94,238506
471,0.002173,172.31.47.0-255,66,230666,94,238506
472,0.002212,172.217.194.0-255,2902,233568,94,238506
473,0.002214,172.31.47.0-255,66,233634,94,238506
474,0.002243,172.31.47.0-255,66,233700,94,238506
475,0.002245,172.217.194.0-255,105,233805,94,238506
476,0.007546,172.31.47.0-255,66,233871,94,238506
477,0.007571,172.31.47.0-255,105,233976,94,238506
478,0.010079,172.217.194.0-255,66,234042,94,238506
479,0.024273,172.31.47.0-255,172,234214,94,238506
480,0.024329,172.31.47.0-255,1116,235330,94,238506
481,0.02438,172.31.47.0-255,1514,236844,94,238506
482,0.024381,172.31.47.0-255,1290,238134,94,238506
483,0.025788,104.244.42.0-255,66,238200,94,238506
484,0.02583,104.244.42.0-255,66,238266,94,238506
485,0.025898,104.244.42.0-255,66,238332,94,238506
486,0.026709,104.244.42.0-255,108,238440,94,238506
487,0.026713,172.31.47.0-255,66,238506,94,238506
488,0.0,172.217.194.0-255,153,153,94,213350
489,3e-05,172.31.47.0-255,66,219,94,213350
490,3.6e-05,172.217.194.0-255,1484,1703,94,213350
491,4e-05,172.31.47.0-255,66,1769,94,213350
492,4.4e-05,172.217.194.0-255,2902,4671,94,213350
493,4.8e-05,172.31.47.0-255,66,4737,94,213350
494,6.1e-05,172.217.194.0-255,7156,11893,94,213350
495,6.3e-05,172.31.47.0-255,66,11959,94,213350
496,0.000101,172.217.194.0-255,4821,16780,94,213350
497,0.000104,172.31.47.0-255,66,16846,94,213350
498,0.000107,172.217.194.0-255,2902,19748,94,213350
499,0.000109,172.31.47.0-255,66,19814,94,213350
500,0.000137,172.217.194.0-255,2902,22716,94,213350
501,0.000139,172.31.47.0-255,66,22782,94,213350
502,0.00017,172.217.194.0-255,4320,27102,94,213350
503,0.000173,172.31.47.0-255,66,27168,94,213350
504,0.000198,172.217.194.0-255,3961,31129,94,213350
505,0.000202,172.31.47.0-255,66,31195,94,213350
506,0.000233,172.217.194.0-255,1484,32679,94,213350
507,0.000236,172.31.47.0-255,66,32745,94,213350
508,0.000239,172.217.194.0-255,1484,34229,94,213350
509,0.000241,172.31.47.0-255,66,34295,94,213350
510,0.00026,172.217.194.0-255,1484,35779,94,213350
511,0.000263,172.31.47.0-255,66,35845,94,213350
512,0.000269,172.217.194.0-255,5738,41583,94,213350
513,0.000273,172.31.47.0-255,66,41649,94,213350
514,0.000334,172.31.47.0-255,66,41715,94,213350
515,0.000344,172.31.47.0-255,66,41781,94,213350
516,0.000346,172.217.194.0-255,362,42143,94,213350
517,0.000348,172.31.47.0-255,66,42209,94,213350
518,0.000381,172.217.194.0-255,380,42589,94,213350
519,0.000569,172.217.194.0-255,1484,44073,94,213350
520,0.000573,172.31.47.0-255,66,44139,94,213350
521,0.000577,172.217.194.0-255,2902,47041,94,213350
522,0.000579,172.31.47.0-255,66,47107,94,213350
523,0.000602,172.217.194.0-255,5738,52845,94,213350
524,0.000605,172.31.47.0-255,66,52911,94,213350
525,0.000616,172.217.194.0-255,7156,60067,94,213350
526,0.000619,172.31.47.0-255,66,60133,94,213350
527,0.000623,172.217.194.0-255,2902,63035,94,213350
528,0.000624,172.31.47.0-255,66,63101,94,213350
529,0.000652,172.31.47.0-255,66,63167,94,213350
530,0.000656,172.217.194.0-255,2184,65351,94,213350
531,0.000657,172.31.47.0-255,66,65417,94,213350
532,0.000794,172.217.194.0-255,1484,66901,94,213350
533,0.000811,172.217.194.0-255,2902,69803,94,213350
534,0.000813,172.217.194.0-255,1484,71287,94,213350
535,0.000815,172.31.47.0-255,66,71353,94,213350
536,0.000842,172.217.194.0-255,4320,75673,94,213350
537,0.000845,172.31.47.0-255,66,75739,94,213350
538,0.000857,172.31.47.0-255,66,75805,94,213350
539,0.0009,172.31.47.0-255,66,75871,94,213350
540,0.000918,172.217.194.0-255,1484,77355,94,213350
541,0.000923,172.217.194.0-255,2902,80257,94,213350
542,0.000925,172.31.47.0-255,66,80323,94,213350
543,0.000938,172.217.194.0-255,5738,86061,94,213350
544,0.00094,172.217.194.0-255,1484,87545,94,213350
545,0.000942,172.31.47.0-255,66,87611,94,213350
546,0.000981,172.31.47.0-255,66,87677,94,213350
547,0.000987,172.217.194.0-255,7156,94833,94,213350
548,0.00099,172.31.47.0-255,66,94899,94,213350
549,0.001014,172.217.194.0-255,2902,97801,94,213350
550,0.001017,172.31.47.0-255,66,97867,94,213350
551,0.00102,172.217.194.0-255,766,98633,94,213350
552,0.001041,172.217.194.0-255,1484,100117,94,213350
553,0.001044,172.31.47.0-255,66,100183,94,213350
554,0.00105,172.217.194.0-255,4320,104503,94,213350
555,0.001052,172.31.47.0-255,66,104569,94,213350
556,0.001059,172.217.194.0-255,5738,110307,94,213350
557,0.001061,172.31.47.0-255,66,110373,94,213350
558,0.001092,172.217.194.0-255,4320,114693,94,213350
559,0.001096,172.31.47.0-255,66,114759,94,213350
560,0.001103,172.217.194.0-255,7156,121915,94,213350
561,0.001106,172.31.47.0-255,66,121981,94,213350
562,0.001125,172.217.194.0-255,5738,127719,94,213350
563,0.001128,172.31.47.0-255,66,127785,94,213350
564,0.001159,172.217.194.0-255,5020,132805,94,213350
565,0.001162,172.31.47.0-255,66,132871,94,213350
566,0.001165,172.217.194.0-255,1484,134355,94,213350
567,0.001197,172.217.194.0-255,5738,140093,94,213350
568,0.0012,172.31.47.0-255,66,140159,94,213350
569,0.001211,172.217.194.0-255,1484,141643,94,213350
570,0.001214,172.31.47.0-255,66,141709,94,213350
571,0.001283,172.31.47.0-255,66,141775,94,213350
572,0.001312,172.217.194.0-255,2902,144677,94,213350
573,0.001315,172.31.47.0-255,66,144743,94,213350
574,0.001319,172.217.194.0-255,766,145509,94,213350
575,0.001325,172.217.194.0-255,5738,151247,94,213350
576,0.001327,172.31.47.0-255,66,151313,94,213350
577,0.001334,172.217.194.0-255,7156,158469,94,213350
578,0.001337,172.31.47.0-255,66,158535,94,213350
579,0.001357,172.31.47.0-255,66,158601,94,213350
580,0.001363,172.217.194.0-255,6438,165039,94,213350
581,0.001366,172.31.47.0-255,66,165105,94,213350
582,0.001395,172.217.194.0-255,1484,166589,94,213350
583,0.0014,172.217.194.0-255,2902,169491,94,213350
584,0.001403,172.31.47.0-255,66,169557,94,213350
585,0.00141,172.217.194.0-255,5738,175295,94,213350
586,0.001412,172.31.47.0-255,66,175361,94,213350
587,0.001461,172.31.47.0-255,66,175427,94,213350
588,0.001491,172.217.194.0-255,7156,182583,94,213350
589,0.001494,172.31.47.0-255,66,182649,94,213350
590,0.001523,172.217.194.0-255,3602,186251,94,213350
591,0.001526,172.31.47.0-255,66,186317,94,213350
592,0.001538,172.31.47.0-255,66,186383,94,213350
593,0.001573,172.217.194.0-255,2902,189285,94,213350
594,0.001576,172.31.47.0-255,66,189351,94,213350
595,0.001591,172.31.47.0-255,66,189417,94,213350
596,0.001603,172.31.47.0-255,66,189483,94,213350
597,0.001618,172.31.47.0-255,66,189549,94,213350
598,0.00166,172.31.47.0-255,66,189615,94,213350
599,0.001664,172.217.194.0-255,2184,191799,94,213350
600,0.001667,172.31.47.0-255,66,191865,94,213350
601,0.001703,172.31.47.0-255,66,191931,94,213350
602,0.001739,172.217.194.0-255,5738,197669,94,213350
603,0.001743,172.31.47.0-255,66,197735,94,213350
604,0.001765,172.31.47.0-255,66,197801,94,213350
605,0.00177,172.217.194.0-255,3602,201403,94,213350
606,0.001774,172.217.194.0-255,4320,205723,94,213350
607,0.001774,172.31.47.0-255,66,205789,94,213350
608,0.001778,172.31.47.0-255,66,205855,94,213350
609,0.001801,172.217.194.0-255,2797,208652,94,213350
610,0.001804,172.31.47.0-255,66,208718,94,213350
611,0.001845,172.217.194.0-255,105,208823,94,213350
612,0.008931,172.31.47.0-255,66,208889,94,213350
613,0.008955,172.31.47.0-255,105,208994,94,213350
614,0.011208,172.217.194.0-255,66,209060,94,213350
615,0.028857,172.31.47.0-255,172,209232,94,213350
616,0.028884,172.31.47.0-255,1116,210348,94,213350
617,0.028918,172.31.47.0-255,1514,211862,94,213350
618,0.028935,172.31.47.0-255,1290,213152,94,213350
619,0.030348,104.244.42.0-255,66,213218,94,213350
620,0.030364,104.244.42.0-255,66,213284,94,213350
621,0.030419,104.244.42.0-255,66,213350,94,213350
622,0.0,172.217.194.0-255,153,153,94,194671
623,1.5e-05,172.31.47.0-255,66,219,94,194671
624,2.1e-05,172.217.194.0-255,1484,1703,94,194671
625,2.5e-05,172.31.47.0-255,66,1769,94,194671
626,3.1e-05,172.217.194.0-255,2902,4671,94,194671
627,3.4e-05,172.31.47.0-255,66,4737,94,194671
628,4.2e-05,172.217.194.0-255,7156,11893,94,194671
629,4.5e-05,172.31.47.0-255,66,11959,94,194671
630,7.1e-05,172.31.47.0-255,66,12025,94,194671
631,0.0001,172.31.47.0-255,66,12091,94,194671
632,0.000105,172.217.194.0-255,2853,14944,94,194671
633,0.000107,172.31.47.0-255,66,15010,94,194671
634,0.000195,172.217.194.0-255,366,15376,94,194671
635,0.000199,172.31.47.0-255,66,15442,94,194671
636,0.000341,172.217.194.0-255,1484,16926,94,194671
637,0.000345,172.31.47.0-255,66,16992,94,194671
638,0.000351,172.217.194.0-255,2902,19894,94,194671
639,0.000353,172.31.47.0-255,66,19960,94,194671
640,0.00038,172.217.194.0-255,5738,25698,94,194671
641,0.000383,172.31.47.0-255,66,25764,94,194671
642,0.000417,172.31.47.0-255,66,25830,94,194671
643,0.000444,172.217.194.0-255,4320,30150,94,194671
644,0.000446,172.31.47.0-255,66,30216,94,194671
645,0.000451,172.217.194.0-255,2902,33118,94,194671
646,0.000454,172.31.47.0-255,66,33184,94,194671
647,0.000485,172.31.47.0-255,66,33250,94,194671
648,0.000993,172.217.194.0-255,1484,34734,94,194671
649,0.000997,172.31.47.0-255,66,34800,94,194671
650,0.001003,172.217.194.0-255,2902,37702,94,194671
651,0.00101,172.217.194.0-255,5738,43440,94,194671
652,0.001023,172.31.47.0-255,66,43506,94,194671
653,0.001067,172.217.194.0-255,4320,47826,94,194671
654,0.001072,172.31.47.0-255,66,47892,94,194671
655,0.001086,172.217.194.0-255,4320,52212,94,194671
656,0.001102,172.217.194.0-255,6438,58650,94,194671
657,0.001118,172.31.47.0-255,66,58716,94,194671
658,0.001146,172.217.194.0-255,1484,60200,94,194671
659,0.001167,172.217.194.0-255,2902,63102,94,194671
660,0.00117,172.31.47.0-255,66,63168,94,194671
661,0.001176,172.217.194.0-255,5738,68906,94,194671
662,0.001199,172.217.194.0-255,5738,74644,94,194671
663,0.001203,172.31.47.0-255,66,74710,94,194671
664,0.001213,172.217.194.0-255,1484,76194,94,194671
665,0.00123,172.217.194.0-255,4320,80514,94,194671
666,0.001252,172.217.194.0-255,2184,82698,94,194671
667,0.001258,172.31.47.0-255,66,82764,94,194671
668,0.001308,172.217.194.0-255,7156,89920,94,194671
669,0.001319,172.31.47.0-255,66,89986,94,194671
670,0.001354,172.217.194.0-255,2902,92888,94,194671
671,0.00137,172.217.194.0-255,5738,98626,94,194671
672,0.001379,172.31.47.0-255,66,98692,94,194671
673,0.001389,172.217.194.0-255,1484,100176,94,194671
674,0.001425,172.217.194.0-255,4320,104496,94,194671
675,0.001427,172.31.47.0-255,66,104562,94,194671
676,0.001436,172.217.194.0-255,1484,106046,94,194671
677,0.001438,172.31.47.0-255,66,106112,94,194671
678,0.001474,172.31.47.0-255,66,106178,94,194671
679,0.00158,172.217.194.0-255,1484,107662,94,194671
680,0.001583,172.217.194.0-255,1484,109146,94,194671
681,0.001596,172.217.194.0-255,1484,110630,94,194671
682,0.001599,172.217.194.0-255,1484,112114,94,194671
683,0.001609,172.217.194.0-255,4320,116434,94,194671
684,0.001612,172.31.47.0-255,66,116500,94,194671
685,0.001616,172.31.47.0-255,66,116566,94,194671
686,0.001703,172.217.194.0-255,1484,118050,94,194671
687,0.001709,172.217.194.0-255,5738,123788,94,194671
688,0.001716,172.31.47.0-255,66,123854,94,194671
689,0.001728,172.217.194.0-255,5738,129592,94,194671
690,0.00177,172.31.47.0-255,66,129658,94,194671
691,0.001811,172.31.47.0-255,66,129724,94,194671
692,0.001816,172.217.194.0-255,4320,134044,94,194671
693,0.00182,172.31.47.0-255,66,134110,94,194671
694,0.001851,172.31.47.0-255,66,134176,94,194671
695,0.001876,172.31.47.0-255,66,134242,94,194671
696,0.001889,172.217.194.0-255,4320,138562,94,194671
697,0.001891,172.217.194.0-255,766,139328,94,194671
698,0.001913,172.31.47.0-255,66,139394,94,194671
699,0.001958,172.217.194.0-255,1484,140878,94,194671
700,0.001963,172.217.194.0-255,2902,143780,94,194671
701,0.001965,172.217.194.0-255,1484,145264,94,194671
702,0.001971,172.31.47.0-255,66,145330,94,194671
703,0.001979,172.217.194.0-255,4320,149650,94,194671
704,0.002,172.217.194.0-255,1484,151134,94,194671
705,0.002003,172.31.47.0-255,66,151200,94,194671
706,0.002014,172.217.194.0-255,5738,156938,94,194671
707,0.002035,172.217.194.0-255,6438,163376,94,194671
708,0.002043,172.31.47.0-255,66,163442,94,194671
709,0.002052,172.217.194.0-255,2902,166344,94,194671
710,0.002092,172.217.194.0-255,1484,167828,94,194671
711,0.002116,172.31.47.0-255,66,167894,94,194671
712,0.002127,172.217.194.0-255,4320,172214,94,194671
713,0.002142,172.217.194.0-255,5738,177952,94,194671
714,0.002151,172.217.194.0-255,766,178718,94,194671
715,0.002167,172.217.194.0-255,7156,185874,94,194671
716,0.002171,172.31.47.0-255,66,185940,94,194671
717,0.002195,172.217.194.0-255,3765,189705,94,194671
718,0.002198,172.217.194.0-255,97,189802,94,194671
719,0.002208,172.31.47.0-255,66,189868,94,194671
720,0.002211,172.217.194.0-255,105,189973,94,194671
721,0.009776,172.31.47.0-255,66,190039,94,194671
722,0.009818,172.31.47.0-255,105,190144,94,194671
723,0.012376,172.217.194.0-255,66,190210,94,194671
724,0.035692,172.31.47.0-255,171,190381,94,194671
725,0.035727,172.31.47.0-255,1141,191522,94,194671
726,0.035778,172.31.47.0-255,1514,193036,94,194671
727,0.03578,172.31.47.0-255,1263,194299,94,194671
728,0.037239,104.244.42.0-255,66,194365,94,194671
729,0.037278,104.244.42.0-255,66,194431,94,194671
730,0.037323,104.244.42.0-255,66,194497,94,194671
731,0.03833,104.244.42.0-255,108,194605,94,194671
732,0.038338,172.31.47.0-255,66,194671,94,194671
733,0.0,74.125.24.0-255,152,152,94,297083
734,2.6e-05,172.31.47.0-255,66,218,94,297083
735,3.3e-05,74.125.24.0-255,1484,1702,94,297083
736,3.7e-05,172.31.47.0-255,66,1768,94,297083
737,5.6e-05,74.125.24.0-255,2902,4670,94,297083
738,5.8e-05,172.31.47.0-255,66,4736,94,297083
739,8.6e-05,74.125.24.0-255,7156,11892,94,297083
740,8.9e-05,172.31.47.0-255,66,11958,94,297083
741,9.3e-05,74.125.24.0-255,1484,13442,94,297083
742,9.4e-05,172.31.47.0-255,66,13508,94,297083
743,0.000118,172.31.47.0-255,66,13574,94,297083
744,0.000139,74.125.24.0-255,1484,15058,94,297083
745,0.000142,172.31.47.0-255,66,15124,94,297083
746,0.000164,74.125.24.0-255,5379,20503,94,297083
747,0.000167,172.31.47.0-255,66,20569,94,297083
748,0.000188,74.125.24.0-255,1484,22053,94,297083
749,0.000191,172.31.47.0-255,66,22119,94,297083
750,0.000205,74.125.24.0-255,2902,25021,94,297083
751,0.000208,172.31.47.0-255,66,25087,94,297083
752,0.000214,74.125.24.0-255,4320,29407,94,297083
753,0.000216,172.31.47.0-255,66,29473,94,297083
754,0.000235,74.125.24.0-255,1484,30957,94,297083
755,0.000238,172.31.47.0-255,66,31023,94,297083
756,0.000243,74.125.24.0-255,4320,35343,94,297083
757,0.000245,172.31.47.0-255,66,35409,94,297083
758,0.000252,74.125.24.0-255,7156,42565,94,297083
759,0.000255,172.31.47.0-255,66,42631,94,297083
760,0.000269,74.125.24.0-255,4320,46951,94,297083
761,0.000272,172.31.47.0-255,66,47017,94,297083
762,0.00032,172.31.47.0-255,66,47083,94,297083
763,0.00038,74.125.24.0-255,1484,48567,94,297083
764,0.000398,74.125.24.0-255,1528,50095,94,297083
765,0.000401,172.31.47.0-255,66,50161,94,297083
766,0.000406,74.125.24.0-255,2902,53063,94,297083
767,0.000409,172.31.47.0-255,66,53129,94,297083
768,0.000437,74.125.24.0-255,1484,54613,94,297083
769,0.000449,172.31.47.0-255,66,54679,94,297083
770,0.000451,74.125.24.0-255,810,55489,94,297083
771,0.000927,172.31.47.0-255,66,55555,94,297083
772,0.00099,74.125.24.0-255,1484,57039,94,297083
773,0.000999,74.125.24.0-255,2902,59941,94,297083
774,0.001003,172.31.47.0-255,66,60007,94,297083
775,0.001025,74.125.24.0-255,5738,65745,94,297083
776,0.001028,172.31.47.0-255,66,65811,94,297083
777,0.001031,74.125.24.0-255,1484,67295,94,297083
778,0.001056,172.31.47.0-255,66,67361,94,297083
779,0.001059,74.125.24.0-255,1484,68845,94,297083
780,0.001062,74.125.24.0-255,1484,70329,94,297083
781,0.001064,172.31.47.0-255,66,70395,94,297083
782,0.001092,74.125.24.0-255,1484,71879,94,297083
783,0.0011,74.125.24.0-255,5738,77617,94,297083
784,0.001103,172.31.47.0-255,66,77683,94,297083
785,0.001106,74.125.24.0-255,766,78449,94,297083
786,0.001132,74.125.24.0-255,1484,79933,94,297083
787,0.001135,172.31.47.0-255,66,79999,94,297083
788,0.001152,74.125.24.0-255,4320,84319,94,297083
789,0.001155,172.31.47.0-255,66,84385,94,297083
790,0.001161,74.125.24.0-255,4320,88705,94,297083
791,0.001163,172.31.47.0-255,66,88771,94,297083
792,0.001187,74.125.24.0-255,2902,91673,94,297083
793,0.00119,172.31.47.0-255,66,91739,94,297083
794,0.001206,172.31.47.0-255,66,91805,94,297083
795,0.001211,74.125.24.0-255,5020,96825,94,297083
796,0.001214,172.31.47.0-255,66,96891,94,297083
797,0.001294,74.125.24.0-255,1484,98375,94,297083
798,0.001301,74.125.24.0-255,2902,101277,94,297083
799,0.001304,172.31.47.0-255,66,101343,94,297083
800,0.001324,74.125.24.0-255,5738,107081,94,297083
801,0.001327,172.31.47.0-255,66,107147,94,297083
802,0.00136,172.31.47.0-255,66,107213,94,297083
803,0.001362,74.125.24.0-255,1484,108697,94,297083
804,0.001389,172.31.47.0-255,66,108763,94,297083
805,0.001775,74.125.24.0-255,1484,110247,94,297083
806,0.001781,74.125.24.0-255,2902,113149,94,297083
807,0.001785,172.31.47.0-255,66,113215,94,297083
808,0.001815,74.125.24.0-255,5738,118953,94,297083
809,0.001818,172.31.47.0-255,66,119019,94,297083
810,0.001842,172.31.47.0-255,66,119085,94,297083
811,0.001866,74.125.24.0-255,1484,120569,94,297083
812,0.001893,172.31.47.0-255,66,120635,94,297083
813,0.001944,74.125.24.0-255,1484,122119,94,297083
814,0.001948,74.125.24.0-255,2902,125021,94,297083
815,0.00195,172.31.47.0-255,66,125087,94,297083
816,0.001954,74.125.24.0-255,2902,127989,94,297083
817,0.001957,172.31.47.0-255,66,128055,94,297083
818,0.00197,74.125.24.0-255,2902,130957,94,297083
819,0.001972,172.31.47.0-255,66,131023,94,297083
820,0.001977,74.125.24.0-255,4320,135343,94,297083
821,0.001979,172.31.47.0-255,66,135409,94,297083
822,0.001982,74.125.24.0-255,1484,136893,94,297083
823,0.002015,172.31.47.0-255,66,136959,94,297083
824,0.002027,74.125.24.0-255,2902,139861,94,297083
825,0.00203,172.31.47.0-255,66,139927,94,297083
826,0.002057,74.125.24.0-255,5020,144947,94,297083
827,0.002059,172.31.47.0-255,66,145013,94,297083
828,0.002135,74.125.24.0-255,1484,146497,94,297083
829,0.002147,74.125.24.0-255,2902,149399,94,297083
830,0.002149,172.31.47.0-255,66,149465,94,297083
831,0.00217,74.125.24.0-255,5738,155203,94,297083
832,0.002172,172.31.47.0-255,66,155269,94,297083
833,0.002176,74.125.24.0-255,2902,158171,94,297083
834,0.002177,172.31.47.0-255,66,158237,94,297083
835,0.002189,74.125.24.0-255,1484,159721,94,297083
836,0.002217,172.31.47.0-255,66,159787,94,297083
837,0.00222,74.125.24.0-255,1484,161271,94,297083
838,0.002245,172.31.47.0-255,66,161337,94,297083
839,0.00237,74.125.24.0-255,1484,162821,94,297083
840,0.002383,74.125.24.0-255,2902,165723,94,297083
841,0.002386,172.31.47.0-255,66,165789,94,297083
842,0.002405,74.125.24.0-255,5738,171527,94,297083
843,0.002407,172.31.47.0-255,66,171593,94,297083
844,0.002421,74.125.24.0-255,1484,173077,94,297083
845,0.002435,74.125.24.0-255,2902,175979,94,297083
846,0.002438,172.31.47.0-255,66,176045,94,297083
847,0.002467,74.125.24.0-255,5738,181783,94,297083
848,0.002469,172.31.47.0-255,66,181849,94,297083
849,0.002472,74.125.24.0-255,2902,184751,94,297083
850,0.002474,172.31.47.0-255,66,184817,94,297083
851,0.002477,74.125.24.0-255,1484,186301,94,297083
852,0.002502,74.125.24.0-255,5738,192039,94,297083
853,0.002504,172.31.47.0-255,66,192105,94,297083
854,0.004981,74.125.24.0-255,5738,197843,94,297083
855,0.004985,172.31.47.0-255,66,197909,94,297083
856,0.007448,74.125.24.0-255,2902,200811,94,297083
857,0.007456,172.31.47.0-255,66,200877,94,297083
858,0.007466,74.125.24.0-255,2902,203779,94,297083
859,0.007469,172.31.47.0-255,66,203845,94,297083
860,0.009911,74.125.24.0-255,2902,206747,94,297083
861,0.009922,172.31.47.0-255,66,206813,94,297083
862,0.009943,74.125.24.0-255,2902,209715,94,297083
863,0.009945,172.31.47.0-255,66,209781,94,297083
864,0.012387,74.125.24.0-255,2902,212683,94,297083
865,0.012394,172.31.47.0-255,66,212749,94,297083
866,0.012412,74.125.24.0-255,2902,215651,94,297083
867,0.012415,172.31.47.0-255,66,215717,94,297083
868,0.014853,74.125.24.0-255,2902,218619,94,297083
869,0.014862,172.31.47.0-255,66,218685,94,297083
870,0.014897,74.125.24.0-255,2902,221587,94,297083
871,0.014899,172.31.47.0-255,66,221653,94,297083
872,0.01736,74.125.24.0-255,2902,224555,94,297083
873,0.017369,172.31.47.0-255,66,224621,94,297083
874,0.01739,74.125.24.0-255,2902,227523,94,297083
875,0.017395,172.31.47.0-255,66,227589,94,297083
876,0.019842,74.125.24.0-255,4320,231909,94,297083
877,0.019848,172.31.47.0-255,66,231975,94,297083
878,0.019875,74.125.24.0-255,1484,233459,94,297083
879,0.022329,74.125.24.0-255,4320,237779,94,297083
880,0.022336,172.31.47.0-255,66,237845,94,297083
881,0.02481,74.125.24.0-255,5738,243583,94,297083
882,0.024817,172.31.47.0-255,66,243649,94,297083
883,0.027264,74.125.24.0-255,5738,249387,94,297083
884,0.02727,172.31.47.0-255,66,249453,94,297083
885,0.027374,172.31.47.0-255,172,249625,94,297083
886,0.027399,172.31.47.0-255,1117,250742,94,297083
887,0.027481,172.31.47.0-255,1514,252256,94,297083
888,0.027483,172.31.47.0-255,1288,253544,94,297083
889,0.028902,104.244.42.0-255,66,253610,94,297083
890,0.028949,104.244.42.0-255,66,253676,94,297083
891,0.029039,104.244.42.0-255,66,253742,94,297083
892,0.029739,74.125.24.0-255,2902,256644,94,297083
893,0.029742,172.31.47.0-255,66,256710,94,297083
894,0.029772,74.125.24.0-255,2902,259612,94,297083
895,0.029775,172.31.47.0-255,66,259678,94,297083
896,0.032224,74.125.24.0-255,4320,263998,94,297083
897,0.03223,172.31.47.0-255,66,264064,94,297083
898,0.032258,74.125.24.0-255,1484,265548,94,297083
899,0.034722,74.125.24.0-255,4320,269868,94,297083
900,0.034729,172.31.47.0-255,66,269934,94,297083
901,0.037204,74.125.24.0-255,5738,275672,94,297083
902,0.037209,172.31.47.0-255,66,275738,94,297083
903,0.039705,74.125.24.0-255,4320,280058,94,297083
904,0.03971,172.31.47.0-255,66,280124,94,297083
905,0.039734,74.125.24.0-255,1484,281608,94,297083
906,0.042174,74.125.24.0-255,4320,285928,94,297083
907,0.042178,172.31.47.0-255,66,285994,94,297083
908,0.044646,74.125.24.0-255,5738,291732,94,297083
909,0.044651,172.31.47.0-255,66,291798,94,297083
910,0.047111,74.125.24.0-255,5048,296846,94,297083
911,0.047115,172.31.47.0-255,66,296912,94,297083
912,0.047284,172.31.47.0-255,105,297017,94,297083
913,0.04971,74.125.24.0-255,66,297083,94,297083
914,0.0,74.125.24.0-255,152,152,94,238110
915,2.2e-05,172.31.47.0-255,66,218,94,238110
916,2.8e-05,74.125.24.0-255,1484,1702,94,238110
917,3.1e-05,172.31.47.0-255,66,1768,94,238110
918,5.8e-05,74.125.24.0-255,2902,4670,94,238110
919,6.1e-05,172.31.47.0-255,66,4736,94,238110
920,6.7e-05,74.125.24.0-255,7156,11892,94,238110
921,7.1e-05,172.31.47.0-255,66,11958,94,238110
922,9.7e-05,74.125.24.0-255,2210,14168,94,238110
923,0.0001,172.31.47.0-255,66,14234,94,238110
924,0.000226,74.125.24.0-255,1484,15718,94,238110
925,0.000231,172.31.47.0-255,66,15784,94,238110
926,0.000242,74.125.24.0-255,2902,18686,94,238110
927,0.000245,172.31.47.0-255,66,18752,94,238110
928,0.000256,74.125.24.0-255,5738,24490,94,238110
929,0.000259,172.31.47.0-255,66,24556,94,238110
930,0.0003,74.125.24.0-255,6797,31353,94,238110
931,0.000304,172.31.47.0-255,66,31419,94,238110
932,0.000448,74.125.24.0-255,1484,32903,94,238110
933,0.000451,172.31.47.0-255,66,32969,94,238110
934,0.000457,74.125.24.0-255,2902,35871,94,238110
935,0.000458,172.31.47.0-255,66,35937,94,238110
936,0.000463,74.125.24.0-255,4320,40257,94,238110
937,0.000465,172.31.47.0-255,66,40323,94,238110
938,0.000484,74.125.24.0-255,1484,41807,94,238110
939,0.000487,172.31.47.0-255,66,41873,94,238110
940,0.000492,74.125.24.0-255,2902,44775,94,238110
941,0.000494,172.31.47.0-255,66,44841,94,238110
942,0.000516,74.125.24.0-255,6797,51638,94,238110
943,0.000518,172.31.47.0-255,66,51704,94,238110
944,0.000534,172.31.47.0-255,66,51770,94,238110
945,0.000539,74.125.24.0-255,4233,56003,94,238110
946,0.000541,172.31.47.0-255,66,56069,94,238110
947,0.000562,74.125.24.0-255,383,56452,94,238110
948,0.000634,74.125.24.0-255,1484,57936,94,238110
949,0.000638,172.31.47.0-255,66,58002,94,238110
950,0.000642,74.125.24.0-255,2902,60904,94,238110
951,0.000644,172.31.47.0-255,66,60970,94,238110
952,0.000647,74.125.24.0-255,1484,62454,94,238110
953,0.000674,74.125.24.0-255,4320,66774,94,238110
954,0.000677,172.31.47.0-255,66,66840,94,238110
955,0.00068,74.125.24.0-255,1484,68324,94,238110
956,0.000721,172.31.47.0-255,66,68390,94,238110
957,0.000725,74.125.24.0-255,2902,71292,94,238110
958,0.000727,172.31.47.0-255,66,71358,94,238110
959,0.000751,74.125.24.0-255,6797,78155,94,238110
960,0.000758,172.31.47.0-255,66,78221,94,238110
961,0.000834,74.125.24.0-255,1484,79705,94,238110
962,0.00085,74.125.24.0-255,2902,82607,94,238110
963,0.000853,172.31.47.0-255,66,82673,94,238110
964,0.000858,74.125.24.0-255,4320,86993,94,238110
965,0.000859,172.31.47.0-255,66,87059,94,238110
966,0.000893,74.125.24.0-255,1484,88543,94,238110
967,0.000906,74.125.24.0-255,4320,92863,94,238110
968,0.000908,172.31.47.0-255,66,92929,94,238110
969,0.000912,172.31.47.0-255,66,92995,94,238110
970,0.000922,74.125.24.0-255,6438,99433,94,238110
971,0.000928,172.31.47.0-255,66,99499,94,238110
972,0.000952,74.125.24.0-255,1484,100983,94,238110
973,0.000956,74.125.24.0-255,2902,103885,94,238110
974,0.000959,172.31.47.0-255,66,103951,94,238110
975,0.000966,74.125.24.0-255,1484,105435,94,238110
976,0.000988,74.125.24.0-255,4320,109755,94,238110
977,0.000992,172.31.47.0-255,66,109821,94,238110
978,0.001003,74.125.24.0-255,4320,114141,94,238110
979,0.001005,172.31.47.0-255,66,114207,94,238110
980,0.001029,74.125.24.0-255,1994,116201,94,238110
981,0.001032,172.31.47.0-255,66,116267,94,238110
982,0.001451,74.125.24.0-255,1484,117751,94,238110
983,0.00146,74.125.24.0-255,2902,120653,94,238110
984,0.001465,172.31.47.0-255,66,120719,94,238110
985,0.001473,74.125.24.0-255,5738,126457,94,238110
986,0.001475,172.31.47.0-255,66,126523,94,238110
987,0.001517,172.31.47.0-255,66,126589,94,238110
988,0.001524,74.125.24.0-255,7156,133745,94,238110
989,0.001526,172.31.47.0-255,66,133811,94,238110
990,0.001547,74.125.24.0-255,3602,137413,94,238110
991,0.001554,172.31.47.0-255,66,137479,94,238110
992,0.001828,74.125.24.0-255,1484,138963,94,238110
993,0.001836,74.125.24.0-255,2902,141865,94,238110
994,0.00184,172.31.47.0-255,66,141931,94,238110
995,0.001847,74.125.24.0-255,5738,147669,94,238110
996,0.00185,172.31.47.0-255,66,147735,94,238110
997,0.001929,172.31.47.0-255,66,147801,94,238110
998,0.001946,74.125.24.0-255,1484,149285,94,238110
999,0.00196,172.31.47.0-255,66,149351,94,238110
1000,0.002004,172.31.47.0-255,66,149417,94,238110
1001,0.002012,172.31.47.0-255,66,149483,94,238110
1002,0.002015,74.125.24.0-255,1484,150967,94,238110
1003,0.002056,172.31.47.0-255,66,151033,94,238110
1004,0.002084,74.125.24.0-255,1484,152517,94,238110
1005,0.00209,74.125.24.0-255,2902,155419,94,238110
1006,0.002092,172.31.47.0-255,66,155485,94,238110
1007,0.002099,74.125.24.0-255,5738,161223,94,238110
1008,0.002101,172.31.47.0-255,66,161289,94,238110
1009,0.002145,172.31.47.0-255,66,161355,94,238110
1010,0.002157,172.31.47.0-255,66,161421,94,238110
1011,0.002159,74.125.24.0-255,766,162187,94,238110
1012,0.002187,74.125.24.0-255,1484,163671,94,238110
1013,0.00219,172.31.47.0-255,66,163737,94,238110
1014,0.002195,74.125.24.0-255,4320,168057,94,238110
1015,0.002197,172.31.47.0-255,66,168123,94,238110
1016,0.002237,172.31.47.0-255,66,168189,94,238110
1017,0.002248,172.31.47.0-255,66,168255,94,238110
1018,0.002298,172.31.47.0-255,66,168321,94,238110
1019,0.00235,74.125.24.0-255,1484,169805,94,238110
1020,0.002355,74.125.24.0-255,2902,172707,94,238110
1021,0.002358,172.31.47.0-255,66,172773,94,238110
1022,0.002364,74.125.24.0-255,2902,175675,94,238110
1023,0.002366,172.31.47.0-255,66,175741,94,238110
1024,0.002392,74.125.24.0-255,2902,178643,94,238110
1025,0.002395,172.31.47.0-255,66,178709,94,238110
1026,0.002401,74.125.24.0-255,5738,184447,94,238110
1027,0.002404,172.31.47.0-255,66,184513,94,238110
1028,0.002423,172.31.47.0-255,66,184579,94,238110
1029,0.002427,74.125.24.0-255,2902,187481,94,238110
1030,0.002429,172.31.47.0-255,66,187547,94,238110
1031,0.00246,74.125.24.0-255,2184,189731,94,238110
1032,0.002463,172.31.47.0-255,66,189797,94,238110
1033,0.002468,74.125.24.0-255,2902,192699,94,238110
1034,0.00247,172.31.47.0-255,66,192765,94,238110
1035,0.002494,74.125.24.0-255,2902,195667,94,238110
1036,0.002498,172.31.47.0-255,66,195733,94,238110
1037,0.00251,74.125.24.0-255,7156,202889,94,238110
1038,0.002513,172.31.47.0-255,66,202955,94,238110
1039,0.002527,172.31.47.0-255,66,203021,94,238110
1040,0.002531,74.125.24.0-255,2902,205923,94,238110
1041,0.002533,172.31.47.0-255,66,205989,94,238110
1042,0.002567,74.125.24.0-255,3602,209591,94,238110
1043,0.002571,172.31.47.0-255,66,209657,94,238110
1044,0.005105,74.125.24.0-255,4320,213977,94,238110
1045,0.005112,172.31.47.0-255,66,214043,94,238110
1046,0.005137,74.125.24.0-255,1484,215527,94,238110
1047,0.007692,74.125.24.0-255,4320,219847,94,238110
1048,0.007697,172.31.47.0-255,66,219913,94,238110
1049,0.010263,74.125.24.0-255,1484,221397,94,238110
1050,0.010288,74.125.24.0-255,4320,225717,94,238110
1051,0.010292,172.31.47.0-255,66,225783,94,238110
1052,0.012836,74.125.24.0-255,5738,231521,94,238110
1053,0.012842,172.31.47.0-255,66,231587,94,238110
1054,0.01542,74.125.24.0-255,2958,234545,94,238110
1055,0.015427,172.31.47.0-255,66,234611,94,238110
1056,0.015601,172.31.47.0-255,105,234716,94,238110
1057,0.018158,74.125.24.0-255,66,234782,94,238110
1058,0.024935,172.31.47.0-255,172,234954,94,238110
1059,0.024964,172.31.47.0-255,1116,236070,94,238110
1060,0.025002,172.31.47.0-255,1514,237584,94,238110
1061,0.025003,172.31.47.0-255,328,237912,94,238110
1062,0.026509,104.244.42.0-255,66,237978,94,238110
1063,0.026515,104.244.42.0-255,66,238044,94,238110
1064,0.026541,104.244.42.0-255,66,238110,94,238110
1065,0.0,172.217.194.0-255,153,153,94,327987
1066,2.9e-05,172.31.47.0-255,66,219,94,327987
1067,3.5e-05,172.217.194.0-255,1484,1703,94,327987
1068,3.9e-05,172.31.47.0-255,66,1769,94,327987
1069,4.4e-05,172.217.194.0-255,2902,4671,94,327987
1070,4.6e-05,172.31.47.0-255,66,4737,94,327987
1071,5.2e-05,172.217.194.0-255,7156,11893,94,327987
1072,5.4e-05,172.31.47.0-255,66,11959,94,327987
1073,5.8e-05,172.217.194.0-255,2203,14162,94,327987
1074,6e-05,172.31.47.0-255,66,14228,94,327987
1075,0.000112,172.217.194.0-255,1484,15712,94,327987
1076,0.000114,172.31.47.0-255,66,15778,94,327987
1077,0.000118,172.217.194.0-255,2902,18680,94,327987
1078,0.00012,172.31.47.0-255,66,18746,94,327987
1079,0.000125,172.217.194.0-255,2902,21648,94,327987
1080,0.000127,172.31.47.0-255,66,21714,94,327987
1081,0.00015,172.217.194.0-255,2902,24616,94,327987
1082,0.000152,172.31.47.0-255,66,24682,94,327987
1083,0.000165,172.217.194.0-255,5738,30420,94,327987
1084,0.000169,172.31.47.0-255,66,30486,94,327987
1085,0.000197,172.217.194.0-255,1125,31611,94,327987
1086,0.000199,172.31.47.0-255,66,31677,94,327987
1087,0.000207,172.217.194.0-255,7156,38833,94,327987
1088,0.000209,172.31.47.0-255,66,38899,94,327987
1089,0.000233,172.31.47.0-255,66,38965,94,327987
1090,0.000673,172.217.194.0-255,1484,40449,94,327987
1091,0.000678,172.31.47.0-255,66,40515,94,327987
1092,0.000686,172.217.194.0-255,2902,43417,94,327987
1093,0.000688,172.31.47.0-255,66,43483,94,327987
1094,0.000694,172.217.194.0-255,4320,47803,94,327987
1095,0.000696,172.31.47.0-255,66,47869,94,327987
1096,0.000715,172.217.194.0-255,1484,49353,94,327987
1097,0.00072,172.217.194.0-255,2902,52255,94,327987
1098,0.000722,172.31.47.0-255,66,52321,94,327987
1099,0.000741,172.217.194.0-255,4542,56863,94,327987
1100,0.000744,172.31.47.0-255,66,56929,94,327987
1101,0.00077,172.217.194.0-255,2902,59831,94,327987
1102,0.000773,172.31.47.0-255,66,59897,94,327987
1103,0.000793,172.217.194.0-255,5738,65635,94,327987
1104,0.000796,172.31.47.0-255,66,65701,94,327987
1105,0.000838,172.31.47.0-255,66,65767,94,327987
1106,0.000842,172.217.194.0-255,1484,67251,94,327987
1107,0.000852,172.31.47.0-255,66,67317,94,327987
1108,0.000867,172.217.194.0-255,2902,70219,94,327987
1109,0.000869,172.31.47.0-255,66,70285,94,327987
1110,0.000872,172.217.194.0-255,575,70860,94,327987
1111,0.001241,172.217.194.0-255,1484,72344,94,327987
1112,0.001246,172.31.47.0-255,66,72410,94,327987
1113,0.001251,172.217.194.0-255,2902,75312,94,327987
1114,0.001254,172.31.47.0-255,66,75378,94,327987
1115,0.001257,172.217.194.0-255,2902,78280,94,327987
1116,0.001259,172.31.47.0-255,66,78346,94,327987
1117,0.00127,172.217.194.0-255,2902,81248,94,327987
1118,0.001272,172.31.47.0-255,66,81314,94,327987
1119,0.001277,172.217.194.0-255,4320,85634,94,327987
1120,0.001278,172.31.47.0-255,66,85700,94,327987
1121,0.001296,172.217.194.0-255,4320,90020,94,327987
1122,0.001298,172.31.47.0-255,66,90086,94,327987
1123,0.00135,172.31.47.0-255,66,90152,94,327987
1124,0.001503,172.217.194.0-255,1484,91636,94,327987
1125,0.001514,172.217.194.0-255,2902,94538,94,327987
1126,0.001516,172.31.47.0-255,66,94604,94,327987
1127,0.001537,172.217.194.0-255,5738,100342,94,327987
1128,0.001539,172.31.47.0-255,66,100408,94,327987
1129,0.00155,172.217.194.0-255,1484,101892,94,327987
1130,0.001585,172.217.194.0-255,2902,104794,94,327987
1131,0.001587,172.31.47.0-255,66,104860,94,327987
1132,0.00161,172.31.47.0-255,66,104926,94,327987
1133,0.001619,172.31.47.0-255,66,104992,94,327987
1134,0.001624,172.217.194.0-255,5738,110730,94,327987
1135,0.001626,172.31.47.0-255,66,110796,94,327987
1136,0.001649,172.217.194.0-255,5738,116534,94,327987
1137,0.001651,172.31.47.0-255,66,116600,94,327987
1138,0.001656,172.217.194.0-255,5738,122338,94,327987
1139,0.001657,172.31.47.0-255,66,122404,94,327987
1140,0.001696,172.217.194.0-255,5738,128142,94,327987
1141,0.001698,172.31.47.0-255,66,128208,94,327987
1142,0.001715,172.31.47.0-255,66,128274,94,327987
1143,0.001728,172.217.194.0-255,766,129040,94,327987
1144,0.001929,172.217.194.0-255,1484,130524,94,327987
1145,0.001931,172.31.47.0-255,66,130590,94,327987
1146,0.001935,172.217.194.0-255,2902,133492,94,327987
1147,0.001937,172.31.47.0-255,66,133558,94,327987
1148,0.001946,172.217.194.0-255,1484,135042,94,327987
1149,0.001964,172.217.194.0-255,4320,139362,94,327987
1150,0.001966,172.31.47.0-255,66,139428,94,327987
1151,0.001969,172.217.194.0-255,1484,140912,94,327987
1152,0.001994,172.31.47.0-255,66,140978,94,327987
1153,0.001996,172.217.194.0-255,1484,142462,94,327987
1154,0.002021,172.31.47.0-255,66,142528,94,327987
1155,0.002291,172.217.194.0-255,1484,144012,94,327987
1156,0.0023,172.217.194.0-255,1484,145496,94,327987
1157,0.002302,172.31.47.0-255,66,145562,94,327987
1158,0.00232,172.217.194.0-255,1484,147046,94,327987
1159,0.002323,172.217.194.0-255,1484,148530,94,327987
1160,0.002324,172.31.47.0-255,66,148596,94,327987
1161,0.004578,172.217.194.0-255,2902,151498,94,327987
1162,0.004583,172.31.47.0-255,66,151564,94,327987
1163,0.004615,172.217.194.0-255,2902,154466,94,327987
1164,0.004617,172.31.47.0-255,66,154532,94,327987
1165,0.006841,172.217.194.0-255,2902,157434,94,327987
1166,0.006846,172.31.47.0-255,66,157500,94,327987
1167,0.006898,172.217.194.0-255,2902,160402,94,327987
1168,0.006902,172.31.47.0-255,66,160468,94,327987
1169,0.009137,172.217.194.0-255,2902,163370,94,327987
1170,0.009144,172.31.47.0-255,66,163436,94,327987
1171,0.00917,172.217.194.0-255,2902,166338,94,327987
1172,0.009174,172.31.47.0-255,66,166404,94,327987
1173,0.011417,172.217.194.0-255,2902,169306,94,327987
1174,0.011427,172.31.47.0-255,66,169372,94,327987
1175,0.011448,172.217.194.0-255,2902,172274,94,327987
1176,0.01145,172.31.47.0-255,66,172340,94,327987
1177,0.013722,172.217.194.0-255,5738,178078,94,327987
1178,0.013731,172.31.47.0-255,66,178144,94,327987
1179,0.016021,172.217.194.0-255,5738,183882,94,327987
1180,0.016028,172.31.47.0-255,66,183948,94,327987
1181,0.018313,172.217.194.0-255,5738,189686,94,327987
1182,0.018318,172.31.47.0-255,66,189752,94,327987
1183,0.020598,172.217.194.0-255,5738,195490,94,327987
1184,0.020603,172.31.47.0-255,66,195556,94,327987
1185,0.022907,172.217.194.0-255,5738,201294,94,327987
1186,0.022913,172.31.47.0-255,66,201360,94,327987
1187,0.023476,172.31.47.0-255,172,201532,94,327987
1188,0.023521,172.31.47.0-255,1116,202648,94,327987
1189,0.023593,172.31.47.0-255,1514,204162,94,327987
1190,0.023595,172.31.47.0-255,1288,205450,94,327987
1191,0.025014,104.244.42.0-255,66,205516,94,327987
1192,0.025048,104.244.42.0-255,66,205582,94,327987
1193,0.025148,104.244.42.0-255,66,205648,94,327987
1194,0.025195,172.217.194.0-255,5738,211386,94,327987
1195,0.025199,172.31.47.0-255,66,211452,94,327987
1196,0.027476,172.217.194.0-255,1484,212936,94,327987
1197,0.027497,172.217.194.0-255,4320,217256,94,327987
1198,0.027501,172.31.47.0-255,66,217322,94,327987
1199,0.029787,172.217.194.0-255,5738,223060,94,327987
1200,0.029793,172.31.47.0-255,66,223126,94,327987
1201,0.032071,172.217.194.0-255,5738,228864,94,327987
1202,0.032077,172.31.47.0-255,66,228930,94,327987
1203,0.034356,172.217.194.0-255,5738,234668,94,327987
1204,0.03436,172.31.47.0-255,66,234734,94,327987
1205,0.036656,172.217.194.0-255,5738,240472,94,327987
1206,0.036661,172.31.47.0-255,66,240538,94,327987
1207,0.038967,172.217.194.0-255,5738,246276,94,327987
1208,0.038972,172.31.47.0-255,66,246342,94,327987
1209,0.041254,172.217.194.0-255,5738,252080,94,327987
1210,0.04126,172.31.47.0-255,66,252146,94,327987
1211,0.043544,172.217.194.0-255,5738,257884,94,327987
1212,0.043549,172.31.47.0-255,66,257950,94,327987
1213,0.045841,172.217.194.0-255,5738,263688,94,327987
1214,0.045848,172.31.47.0-255,66,263754,94,327987
1215,0.048149,172.217.194.0-255,5738,269492,94,327987
1216,0.048153,172.31.47.0-255,66,269558,94,327987
1217,0.050436,172.217.194.0-255,5738,275296,94,327987
1218,0.050441,172.31.47.0-255,66,275362,94,327987
1219,0.052724,172.217.194.0-255,5738,281100,94,327987
1220,0.052729,172.31.47.0-255,66,281166,94,327987
1221,0.055016,172.217.194.0-255,2902,284068,94,327987
1222,0.055021,172.31.47.0-255,66,284134,94,327987
1223,0.055044,172.217.194.0-255,2902,287036,94,327987
1224,0.055047,172.31.47.0-255,66,287102,94,327987
1225,0.057314,172.217.194.0-255,2902,290004,94,327987
1226,0.05732,172.31.47.0-255,66,290070,94,327987
1227,0.05735,172.217.194.0-255,2902,292972,94,327987
1228,0.057353,172.31.47.0-255,66,293038,94,327987
1229,0.059608,172.217.194.0-255,2902,295940,94,327987
1230,0.059615,172.31.47.0-255,66,296006,94,327987
1231,0.059636,172.217.194.0-255,2902,298908,94,327987
1232,0.059639,172.31.47.0-255,66,298974,94,327987
1233,0.061915,172.217.194.0-255,1484,300458,94,327987
1234,0.061946,172.217.194.0-255,4320,304778,94,327987
1235,0.061951,172.31.47.0-255,66,304844,94,327987
1236,0.06424,172.217.194.0-255,5738,310582,94,327987
1237,0.064245,172.31.47.0-255,66,310648,94,327987
1238,0.066517,172.217.194.0-255,5738,316386,94,327987
1239,0.066532,172.31.47.0-255,66,316452,94,327987
1240,0.068819,172.217.194.0-255,5738,322190,94,327987
1241,0.068824,172.31.47.0-255,66,322256,94,327987
1242,0.071105,172.217.194.0-255,4320,326576,94,327987
1243,0.07111,172.31.47.0-255,66,326642,94,327987
1244,0.071133,172.217.194.0-255,1108,327750,94,327987
1245,0.071258,172.31.47.0-255,66,327816,94,327987
1246,0.071283,172.31.47.0-255,105,327921,94,327987
1247,0.073518,172.217.194.0-255,66,327987,94,327987
1248,0.0,74.125.24.0-255,153,153,94,162109
1249,2.4e-05,172.31.47.0-255,66,219,94,162109
1250,3e-05,74.125.24.0-255,1484,1703,94,162109
1251,3.4e-05,172.31.47.0-255,66,1769,94,162109
1252,3.8e-05,74.125.24.0-255,2902,4671,94,162109
1253,4.7e-05,172.31.47.0-255,66,4737,94,162109
1254,7e-05,74.125.24.0-255,2902,7639,94,162109
1255,7.2e-05,172.31.47.0-255,66,7705,94,162109
1256,9.8e-05,172.31.47.0-255,66,7771,94,162109
1257,0.000134,172.31.47.0-255,66,7837,94,162109
1258,0.000161,74.125.24.0-255,5379,13216,94,162109
1259,0.000164,172.31.47.0-255,66,13282,94,162109
1260,0.000228,74.125.24.0-255,1484,14766,94,162109
1261,0.000231,172.31.47.0-255,66,14832,94,162109
1262,0.000235,74.125.24.0-255,2902,17734,94,162109
1263,0.000237,172.31.47.0-255,66,17800,94,162109
1264,0.000274,74.125.24.0-255,5738,23538,94,162109
1265,0.000277,172.31.47.0-255,66,23604,94,162109
1266,0.000279,74.125.24.0-255,1484,25088,94,162109
1267,0.000281,172.31.47.0-255,66,25154,94,162109
1268,0.000321,172.31.47.0-255,66,25220,94,162109
1269,0.000334,172.31.47.0-255,66,25286,94,162109
1270,0.00036,74.125.24.0-255,1126,26412,94,162109
1271,0.000363,172.31.47.0-255,66,26478,94,162109
1272,0.000479,74.125.24.0-255,1484,27962,94,162109
1273,0.000482,172.31.47.0-255,66,28028,94,162109
1274,0.000487,74.125.24.0-255,2902,30930,94,162109
1275,0.000489,172.31.47.0-255,66,30996,94,162109
1276,0.000491,74.125.24.0-255,1484,32480,94,162109
1277,0.000508,74.125.24.0-255,4320,36800,94,162109
1278,0.00051,172.31.47.0-255,66,36866,94,162109
1279,0.000526,74.125.24.0-255,4320,41186,94,162109
1280,0.000529,172.31.47.0-255,66,41252,94,162109
1281,0.000554,74.125.24.0-255,4320,45572,94,162109
1282,0.000557,172.31.47.0-255,66,45638,94,162109
1283,0.000584,74.125.24.0-255,1484,47122,94,162109
1284,0.000615,172.31.47.0-255,66,47188,94,162109
1285,0.000701,74.125.24.0-255,1484,48672,94,162109
1286,0.000707,74.125.24.0-255,2902,51574,94,162109
1287,0.00071,172.31.47.0-255,66,51640,94,162109
1288,0.000715,74.125.24.0-255,2902,54542,94,162109
1289,0.000716,172.31.47.0-255,66,54608,94,162109
1290,0.000737,74.125.24.0-255,2902,57510,94,162109
1291,0.000744,172.31.47.0-255,66,57576,94,162109
1292,0.000756,172.31.47.0-255,66,57642,94,162109
1293,0.000791,74.125.24.0-255,2902,60544,94,162109
1294,0.000795,172.31.47.0-255,66,60610,94,162109
1295,0.000807,172.31.47.0-255,66,60676,94,162109
1296,0.000895,74.125.24.0-255,1484,62160,94,162109
1297,0.000912,74.125.24.0-255,2902,65062,94,162109
1298,0.000915,172.31.47.0-255,66,65128,94,162109
1299,0.000919,74.125.24.0-255,1484,66612,94,162109
1300,0.000938,74.125.24.0-255,4320,70932,94,162109
1301,0.000941,172.31.47.0-255,66,70998,94,162109
1302,0.000948,74.125.24.0-255,7156,78154,94,162109
1303,0.000951,172.31.47.0-255,66,78220,94,162109
1304,0.000988,172.31.47.0-255,66,78286,94,162109
1305,0.001013,74.125.24.0-255,2902,81188,94,162109
1306,0.001017,172.31.47.0-255,66,81254,94,162109
1307,0.001021,74.125.24.0-255,2184,83438,94,162109
1308,0.001023,172.31.47.0-255,66,83504,94,162109
1309,0.001298,74.125.24.0-255,1484,84988,94,162109
1310,0.001303,74.125.24.0-255,1484,86472,94,162109
1311,0.001308,172.31.47.0-255,66,86538,94,162109
1312,0.001317,74.125.24.0-255,1484,88022,94,162109
1313,0.001324,74.125.24.0-255,5738,93760,94,162109
1314,0.001326,172.31.47.0-255,66,93826,94,162109
1315,0.001337,74.125.24.0-255,5738,99564,94,162109
1316,0.00134,172.31.47.0-255,66,99630,94,162109
1317,0.001385,172.31.47.0-255,66,99696,94,162109
1318,0.001391,74.125.24.0-255,5020,104716,94,162109
1319,0.001394,172.31.47.0-255,66,104782,94,162109
1320,0.001538,74.125.24.0-255,1484,106266,94,162109
1321,0.001543,74.125.24.0-255,2902,109168,94,162109
1322,0.001546,172.31.47.0-255,66,109234,94,162109
1323,0.00155,74.125.24.0-255,2902,112136,94,162109
1324,0.001554,172.31.47.0-255,66,112202,94,162109
1325,0.001567,74.125.24.0-255,2902,115104,94,162109
1326,0.00157,172.31.47.0-255,66,115170,94,162109
1327,0.001609,172.31.47.0-255,66,115236,94,162109
1328,0.001615,74.125.24.0-255,5738,120974,94,162109
1329,0.001617,172.31.47.0-255,66,121040,94,162109
1330,0.001638,74.125.24.0-255,1484,122524,94,162109
1331,0.001674,172.31.47.0-255,66,122590,94,162109
1332,0.001701,172.31.47.0-255,66,122656,94,162109
1333,0.001732,74.125.24.0-255,4320,126976,94,162109
1334,0.001734,172.31.47.0-255,66,127042,94,162109
1335,0.001754,172.31.47.0-255,66,127108,94,162109
1336,0.001785,74.125.24.0-255,1484,128592,94,162109
1337,0.001838,172.31.47.0-255,66,128658,94,162109
1338,0.001859,172.31.47.0-255,66,128724,94,162109
1339,0.00187,172.31.47.0-255,66,128790,94,162109
1340,0.001909,74.125.24.0-255,4320,133110,94,162109
1341,0.001911,172.31.47.0-255,66,133176,94,162109
1342,0.001928,172.31.47.0-255,66,133242,94,162109
1343,0.001933,74.125.24.0-255,4320,137562,94,162109
1344,0.001937,172.31.47.0-255,66,137628,94,162109
1345,0.001957,74.125.24.0-255,6438,144066,94,162109
1346,0.00196,172.31.47.0-255,66,144132,94,162109
1347,0.00214,74.125.24.0-255,1484,145616,94,162109
1348,0.002157,74.125.24.0-255,2902,148518,94,162109
1349,0.002161,172.31.47.0-255,66,148584,94,162109
1350,0.002186,74.125.24.0-255,4320,152904,94,162109
1351,0.002189,172.31.47.0-255,66,152970,94,162109
1352,0.002241,74.125.24.0-255,1484,154454,94,162109
1353,0.002257,74.125.24.0-255,2959,157413,94,162109
1354,0.002261,172.31.47.0-255,66,157479,94,162109
1355,0.002284,74.125.24.0-255,105,157584,94,162109
1356,0.008382,172.31.47.0-255,66,157650,94,162109
1357,0.008408,172.31.47.0-255,105,157755,94,162109
1358,0.010712,74.125.24.0-255,66,157821,94,162109
1359,0.026271,172.31.47.0-255,172,157993,94,162109
1360,0.026306,172.31.47.0-255,1117,159110,94,162109
1361,0.026338,172.31.47.0-255,1514,160624,94,162109
1362,0.02634,172.31.47.0-255,1287,161911,94,162109
1363,0.027859,104.244.42.0-255,66,161977,94,162109
1364,0.027903,104.244.42.0-255,66,162043,94,162109
1365,0.027906,104.244.42.0-255,66,162109,94,162109
1366,0.0,172.217.194.0-255,153,153,94,229727
1367,1.4e-05,172.31.47.0-255,66,219,94,229727
1368,2e-05,172.217.194.0-255,1484,1703,94,229727
1369,2.4e-05,172.31.47.0-255,66,1769,94,229727
1370,2.9e-05,172.217.194.0-255,2902,4671,94,229727
1371,3.7e-05,172.31.47.0-255,66,4737,94,229727
1372,5.7e-05,172.217.194.0-255,4320,9057,94,229727
1373,6.4e-05,172.31.47.0-255,66,9123,94,229727
1374,7e-05,172.217.194.0-255,4845,13968,94,229727
1375,7.2e-05,172.31.47.0-255,66,14034,94,229727
1376,0.000116,172.31.47.0-255,66,14100,94,229727
1377,0.000121,172.217.194.0-255,5379,19479,94,229727
1378,0.000123,172.31.47.0-255,66,19545,94,229727
1379,0.000171,172.217.194.0-255,1484,21029,94,229727
1380,0.000173,172.31.47.0-255,66,21095,94,229727
1381,0.000177,172.217.194.0-255,2902,23997,94,229727
1382,0.000179,172.31.47.0-255,66,24063,94,229727
1383,0.0002,172.217.194.0-255,1484,25547,94,229727
1384,0.000202,172.31.47.0-255,66,25613,94,229727
1385,0.000205,172.217.194.0-255,1484,27097,94,229727
1386,0.000207,172.31.47.0-255,66,27163,94,229727
1387,0.000238,172.217.194.0-255,1484,28647,94,229727
1388,0.000241,172.31.47.0-255,66,28713,94,229727
1389,0.000247,172.217.194.0-255,5738,34451,94,229727
1390,0.000249,172.31.47.0-255,66,34517,94,229727
1391,0.000264,172.31.47.0-255,66,34583,94,229727
1392,0.000291,172.217.194.0-255,3961,38544,94,229727
1393,0.000294,172.31.47.0-255,66,38610,94,229727
1394,0.000296,172.217.194.0-255,1484,40094,94,229727
1395,0.000298,172.31.47.0-255,66,40160,94,229727
1396,0.000327,172.217.194.0-255,4582,44742,94,229727
1397,0.00033,172.31.47.0-255,66,44808,94,229727
1398,0.000379,172.217.194.0-255,1484,46292,94,229727
1399,0.000382,172.31.47.0-255,66,46358,94,229727
1400,0.0004,172.217.194.0-255,2902,49260,94,229727
1401,0.000402,172.31.47.0-255,66,49326,94,229727
1402,0.000409,172.217.194.0-255,5738,55064,94,229727
1403,0.000411,172.31.47.0-255,66,55130,94,229727
1404,0.000451,172.217.194.0-255,4320,59450,94,229727
1405,0.000454,172.31.47.0-255,66,59516,94,229727
1406,0.000478,172.217.194.0-255,5379,64895,94,229727
1407,0.00048,172.31.47.0-255,66,64961,94,229727
1408,0.000517,172.217.194.0-255,5738,70699,94,229727
1409,0.000519,172.31.47.0-255,66,70765,94,229727
1410,0.000544,172.217.194.0-255,4320,75085,94,229727
1411,0.000546,172.31.47.0-255,66,75151,94,229727
1412,0.000551,172.217.194.0-255,3411,78562,94,229727
1413,0.000553,172.31.47.0-255,66,78628,94,229727
1414,0.000771,172.217.194.0-255,1484,80112,94,229727
1415,0.000776,172.31.47.0-255,66,80178,94,229727
1416,0.000805,172.217.194.0-255,2902,83080,94,229727
1417,0.000807,172.31.47.0-255,66,83146,94,229727
1418,0.000813,172.217.194.0-255,5738,88884,94,229727
1419,0.000814,172.31.47.0-255,66,88950,94,229727
1420,0.000854,172.217.194.0-255,5738,94688,94,229727
1421,0.000857,172.31.47.0-255,66,94754,94,229727
1422,0.000891,172.217.194.0-255,7156,101910,94,229727
1423,0.000893,172.31.47.0-255,66,101976,94,229727
1424,0.000924,172.217.194.0-255,2902,104878,94,229727
1425,0.000933,172.31.47.0-255,66,104944,94,229727
1426,0.000967,172.31.47.0-255,66,105010,94,229727
1427,0.001224,172.217.194.0-255,1484,106494,94,229727
1428,0.001229,172.217.194.0-255,2902,109396,94,229727
1429,0.001232,172.31.47.0-255,66,109462,94,229727
1430,0.001235,172.217.194.0-255,1484,110946,94,229727
1431,0.001265,172.217.194.0-255,4320,115266,94,229727
1432,0.001267,172.31.47.0-255,66,115332,94,229727
1433,0.001274,172.217.194.0-255,7156,122488,94,229727
1434,0.001276,172.31.47.0-255,66,122554,94,229727
1435,0.001306,172.217.194.0-255,5738,128292,94,229727
1436,0.001308,172.31.47.0-255,66,128358,94,229727
1437,0.001343,172.31.47.0-255,66,128424,94,229727
1438,0.001457,172.217.194.0-255,1484,129908,94,229727
1439,0.001475,172.217.194.0-255,2902,132810,94,229727
1440,0.001478,172.31.47.0-255,66,132876,94,229727
1441,0.001481,172.217.194.0-255,1484,134360,94,229727
1442,0.001503,172.217.194.0-255,4320,138680,94,229727
1443,0.001506,172.217.194.0-255,1484,140164,94,229727
1444,0.001511,172.31.47.0-255,66,140230,94,229727
1445,0.001529,172.217.194.0-255,5738,145968,94,229727
1446,0.001538,172.31.47.0-255,66,146034,94,229727
1447,0.001575,172.217.194.0-255,2184,148218,94,229727
1448,0.001588,172.31.47.0-255,66,148284,94,229727
1449,0.001651,172.217.194.0-255,1484,149768,94,229727
1450,0.001655,172.217.194.0-255,2902,152670,94,229727
1451,0.00166,172.31.47.0-255,66,152736,94,229727
1452,0.001688,172.217.194.0-255,5738,158474,94,229727
1453,0.001696,172.31.47.0-255,66,158540,94,229727
1454,0.001707,172.217.194.0-255,7156,165696,94,229727
1455,0.001723,172.217.194.0-255,2902,168598,94,229727
1456,0.001735,172.217.194.0-255,2902,171500,94,229727
1457,0.001745,172.31.47.0-255,66,171566,94,229727
1458,0.001776,172.31.47.0-255,66,171632,94,229727
1459,0.00182,172.217.194.0-255,1484,173116,94,229727
1460,0.001825,172.217.194.0-255,2902,176018,94,229727
1461,0.001827,172.31.47.0-255,66,176084,94,229727
1462,0.001832,172.217.194.0-255,5738,181822,94,229727
1463,0.001838,172.31.47.0-255,66,181888,94,229727
1464,0.001911,172.31.47.0-255,66,181954,94,229727
1465,0.001923,172.217.194.0-255,1484,183438,94,229727
1466,0.00193,172.217.194.0-255,2902,186340,94,229727
1467,0.001932,172.217.194.0-255,1484,187824,94,229727
1468,0.001944,172.217.194.0-255,4320,192144,94,229727
1469,0.001949,172.31.47.0-255,66,192210,94,229727
1470,0.001988,172.31.47.0-255,66,192276,94,229727
1471,0.002026,172.217.194.0-255,1484,193760,94,229727
1472,0.00204,172.217.194.0-255,4320,198080,94,229727
1473,0.002047,172.31.47.0-255,66,198146,94,229727
1474,0.002111,172.217.194.0-255,4320,202466,94,229727
1475,0.002119,172.31.47.0-255,66,202532,94,229727
1476,0.002155,172.217.194.0-255,4320,206852,94,229727
1477,0.00216,172.31.47.0-255,66,206918,94,229727
1478,0.002214,172.217.194.0-255,5738,212656,94,229727
1479,0.002225,172.31.47.0-255,66,212722,94,229727
1480,0.002238,172.217.194.0-255,7156,219878,94,229727
1481,0.002263,172.217.194.0-255,1484,221362,94,229727
1482,0.002279,172.217.194.0-255,3669,225031,94,229727
1483,0.002287,172.31.47.0-255,66,225097,94,229727
1484,0.002293,172.217.194.0-255,105,225202,94,229727
1485,0.004375,172.31.47.0-255,66,225268,94,229727
1486,0.004411,172.31.47.0-255,105,225373,94,229727
1487,0.006925,172.217.194.0-255,66,225439,94,229727
1488,0.023065,172.31.47.0-255,172,225611,94,229727
1489,0.0231,172.31.47.0-255,1117,226728,94,229727
1490,0.023164,172.31.47.0-255,1514,228242,94,229727
1491,0.023166,172.31.47.0-255,1287,229529,94,229727
1492,0.024661,104.244.42.0-255,66,229595,94,229727
1493,0.024691,104.244.42.0-255,66,229661,94,229727
1494,0.02474,104.244.42.0-255,66,229727,94,229727
1495,0.0,172.217.194.0-255,153,153,94,130031
1496,3e-05,172.31.47.0-255,66,219,94,130031
1497,3.6e-05,172.217.194.0-255,1484,1703,94,130031
1498,4e-05,172.31.47.0-255,66,1769,94,130031
1499,5.1e-05,172.217.194.0-255,2902,4671,94,130031
1500,5.3e-05,172.31.47.0-255,66,4737,94,130031
1501,5.9e-05,172.217.194.0-255,5738,10475,94,130031
1502,6.1e-05,172.31.47.0-255,66,10541,94,130031
1503,8.3e-05,172.217.194.0-255,1484,12025,94,130031
1504,8.5e-05,172.31.47.0-255,66,12091,94,130031
1505,9.1e-05,172.217.194.0-255,3483,15574,94,130031
1506,9.3e-05,172.31.47.0-255,66,15640,94,130031
1507,9.6e-05,172.217.194.0-255,2902,18542,94,130031
1508,9.9e-05,172.31.47.0-255,66,18608,94,130031
1509,0.000135,172.31.47.0-255,66,18674,94,130031
1510,0.000139,172.217.194.0-255,2543,21217,94,130031
1511,0.00014,172.31.47.0-255,66,21283,94,130031
1512,0.000145,172.217.194.0-255,2902,24185,94,130031
1513,0.000147,172.31.47.0-255,66,24251,94,130031
1514,0.000155,172.217.194.0-255,7156,31407,94,130031
1515,0.000158,172.31.47.0-255,66,31473,94,130031
1516,0.000188,172.217.194.0-255,6797,38270,94,130031
1517,0.000191,172.31.47.0-255,66,38336,94,130031
1518,0.000813,172.217.194.0-255,1484,39820,94,130031
1519,0.000818,172.31.47.0-255,66,39886,94,130031
1520,0.000827,172.217.194.0-255,2902,42788,94,130031
1521,0.000829,172.31.47.0-255,66,42854,94,130031
1522,0.00084,172.217.194.0-255,5738,48592,94,130031
1523,0.000842,172.31.47.0-255,66,48658,94,130031
1524,0.00086,172.217.194.0-255,4320,52978,94,130031
1525,0.000862,172.31.47.0-255,66,53044,94,130031
1526,0.000892,172.31.47.0-255,66,53110,94,130031
1527,0.000903,172.31.47.0-255,66,53176,94,130031
1528,0.000948,172.31.47.0-255,66,53242,94,130031
1529,0.000972,172.217.194.0-255,2184,55426,94,130031
1530,0.000975,172.31.47.0-255,66,55492,94,130031
1531,0.001869,172.217.194.0-255,1484,56976,94,130031
1532,0.001875,172.217.194.0-255,1484,58460,94,130031
1533,0.001879,172.31.47.0-255,66,58526,94,130031
1534,0.001902,172.217.194.0-255,1484,60010,94,130031
1535,0.001908,172.217.194.0-255,5738,65748,94,130031
1536,0.00191,172.31.47.0-255,66,65814,94,130031
1537,0.001916,172.217.194.0-255,7156,72970,94,130031
1538,0.001917,172.31.47.0-255,66,73036,94,130031
1539,0.001939,172.217.194.0-255,5738,78774,94,130031
1540,0.001941,172.31.47.0-255,66,78840,94,130031
1541,0.001972,172.217.194.0-255,7156,85996,94,130031
1542,0.001974,172.31.47.0-255,66,86062,94,130031
1543,0.002002,172.217.194.0-255,3602,89664,94,130031
1544,0.002004,172.31.47.0-255,66,89730,94,130031
1545,0.002487,172.217.194.0-255,1484,91214,94,130031
1546,0.002494,172.217.194.0-255,2902,94116,94,130031
1547,0.002496,172.31.47.0-255,66,94182,94,130031
1548,0.002517,172.217.194.0-255,5738,99920,94,130031
1549,0.002519,172.31.47.0-255,66,99986,94,130031
1550,0.002536,172.217.194.0-255,5738,105724,94,130031
1551,0.002538,172.31.47.0-255,66,105790,94,130031
1552,0.002554,172.217.194.0-255,7156,112946,94,130031
1553,0.002555,172.31.47.0-255,66,113012,94,130031
1554,0.002568,172.31.47.0-255,66,113078,94,130031
1555,0.002611,172.217.194.0-255,7156,120234,94,130031
1556,0.002613,172.31.47.0-255,66,120300,94,130031
1557,0.002645,172.31.47.0-255,66,120366,94,130031
1558,0.002673,172.217.194.0-255,7156,127522,94,130031
1559,0.002676,172.31.47.0-255,66,127588,94,130031
1560,0.002684,172.31.47.0-255,66,127654,94,130031
1561,0.002709,172.31.47.0-255,66,127720,94,130031
1562,0.002771,172.31.47.0-255,66,127786,94,130031
1563,0.002799,172.31.47.0-255,66,127852,94,130031
1564,0.002812,172.31.47.0-255,66,127918,94,130031
1565,0.002857,172.31.47.0-255,66,127984,94,130031
1566,0.002901,172.31.47.0-255,66,128050,94,130031
1567,0.002945,172.31.47.0-255,66,128116,94,130031
1568,0.002966,172.31.47.0-255,66,128182,94,130031
1569,0.002988,172.31.47.0-255,66,128248,94,130031
1570,0.002996,172.31.47.0-255,66,128314,94,130031
1571,0.002999,172.217.194.0-255,105,128419,94,130031
1572,0.004733,172.31.47.0-255,66,128485,94,130031
1573,0.004763,172.31.47.0-255,105,128590,94,130031
1574,0.006949,172.217.194.0-255,66,128656,94,130031
1575,0.027104,172.31.47.0-255,172,128828,94,130031
1576,0.027146,172.31.47.0-255,1071,129899,94,130031
1577,0.028626,104.244.42.0-255,66,129965,94,130031
1578,0.028671,104.244.42.0-255,66,130031,94,130031
1579,0.0,74.125.24.0-255,153,153,94,348468
1580,2.5e-05,172.31.47.0-255,66,219,94,348468
1581,3.1e-05,74.125.24.0-255,1484,1703,94,348468
1582,3.5e-05,172.31.47.0-255,66,1769,94,348468
1583,4e-05,74.125.24.0-255,2902,4671,94,348468
1584,5e-05,172.31.47.0-255,66,4737,94,348468
1585,5.6e-05,74.125.24.0-255,5738,10475,94,348468
1586,5.8e-05,172.31.47.0-255,66,10541,94,348468
1587,9.1e-05,74.125.24.0-255,1484,12025,94,348468
1588,9.4e-05,172.31.47.0-255,66,12091,94,348468
1589,0.0001,74.125.24.0-255,6426,18517,94,348468
1590,0.000103,172.31.47.0-255,66,18583,94,348468
1591,0.000109,74.125.24.0-255,7156,25739,94,348468
1592,0.000111,172.31.47.0-255,66,25805,94,348468
1593,0.000146,74.125.24.0-255,5379,31184,94,348468
1594,0.000148,172.31.47.0-255,66,31250,94,348468
1595,0.000185,74.125.24.0-255,1484,32734,94,348468
1596,0.000187,172.31.47.0-255,66,32800,94,348468
1597,0.00019,74.125.24.0-255,1484,34284,94,348468
1598,0.000192,172.31.47.0-255,66,34350,94,348468
1599,0.000213,74.125.24.0-255,1484,35834,94,348468
1600,0.000216,172.31.47.0-255,66,35900,94,348468
1601,0.000221,74.125.24.0-255,5738,41638,94,348468
1602,0.000223,172.31.47.0-255,66,41704,94,348468
1603,0.00023,74.125.24.0-255,7156,48860,94,348468
1604,0.000232,172.31.47.0-255,66,48926,94,348468
1605,0.000259,74.125.24.0-255,2902,51828,94,348468
1606,0.000262,172.31.47.0-255,66,51894,94,348468
1607,0.000286,74.125.24.0-255,5738,57632,94,348468
1608,0.00029,172.31.47.0-255,66,57698,94,348468
1609,0.00032,172.31.47.0-255,66,57764,94,348468
1610,0.000433,74.125.24.0-255,1484,59248,94,348468
1611,0.000447,74.125.24.0-255,2902,62150,94,348468
1612,0.00045,172.31.47.0-255,66,62216,94,348468
1613,0.000454,74.125.24.0-255,1484,63700,94,348468
1614,0.000478,74.125.24.0-255,4320,68020,94,348468
1615,0.000482,172.31.47.0-255,66,68086,94,348468
1616,0.000483,74.125.24.0-255,5738,73824,94,348468
1617,0.000494,172.31.47.0-255,66,73890,94,348468
1618,0.000524,172.31.47.0-255,66,73956,94,348468
1619,0.00053,74.125.24.0-255,4703,78659,94,348468
1620,0.000538,172.31.47.0-255,66,78725,94,348468
1621,0.000788,74.125.24.0-255,1484,80209,94,348468
1622,0.000794,74.125.24.0-255,2902,83111,94,348468
1623,0.000797,172.31.47.0-255,66,83177,94,348468
1624,0.000824,74.125.24.0-255,5738,88915,94,348468
1625,0.00083,74.125.24.0-255,5738,94653,94,348468
1626,0.000832,172.31.47.0-255,66,94719,94,348468
1627,0.000836,172.31.47.0-255,66,94785,94,348468
1628,0.000857,74.125.24.0-255,2902,97687,94,348468
1629,0.000861,172.31.47.0-255,66,97753,94,348468
1630,0.000882,74.125.24.0-255,4320,102073,94,348468
1631,0.000891,172.31.47.0-255,66,102139,94,348468
1632,0.000903,172.31.47.0-255,66,102205,94,348468
1633,0.000914,74.125.24.0-255,2184,104389,94,348468
1634,0.000921,172.31.47.0-255,66,104455,94,348468
1635,0.001312,74.125.24.0-255,1484,105939,94,348468
1636,0.001321,74.125.24.0-255,2902,108841,94,348468
1637,0.001324,172.31.47.0-255,66,108907,94,348468
1638,0.001363,74.125.24.0-255,1484,110391,94,348468
1639,0.00138,74.125.24.0-255,4320,114711,94,348468
1640,0.001383,172.31.47.0-255,66,114777,94,348468
1641,0.001386,74.125.24.0-255,1484,116261,94,348468
1642,0.001399,172.31.47.0-255,66,116327,94,348468
1643,0.001408,74.125.24.0-255,7156,123483,94,348468
1644,0.001437,74.125.24.0-255,6438,129921,94,348468
1645,0.001648,74.125.24.0-255,1484,131405,94,348468
1646,0.001653,74.125.24.0-255,2902,134307,94,348468
1647,0.001666,74.125.24.0-255,1484,135791,94,348468
1648,0.001679,74.125.24.0-255,4320,140111,94,348468
1649,0.001681,74.125.24.0-255,1484,141595,94,348468
1650,0.001705,74.125.24.0-255,5738,147333,94,348468
1651,0.001722,74.125.24.0-255,4320,151653,94,348468
1652,0.001724,74.125.24.0-255,766,152419,94,348468
1653,0.004113,172.31.47.0-255,66,152485,94,348468
1654,0.006322,74.125.24.0-255,5738,158223,94,348468
1655,0.006328,172.31.47.0-255,66,158289,94,348468
1656,0.008556,74.125.24.0-255,5738,164027,94,348468
1657,0.008563,172.31.47.0-255,66,164093,94,348468
1658,0.010787,74.125.24.0-255,5738,169831,94,348468
1659,0.010793,172.31.47.0-255,66,169897,94,348468
1660,0.013026,74.125.24.0-255,5738,175635,94,348468
1661,0.013032,172.31.47.0-255,66,175701,94,348468
1662,0.01526,74.125.24.0-255,5738,181439,94,348468
1663,0.015268,172.31.47.0-255,66,181505,94,348468
1664,0.017495,74.125.24.0-255,4320,185825,94,348468
1665,0.0175,172.31.47.0-255,66,185891,94,348468
1666,0.017534,74.125.24.0-255,1484,187375,94,348468
1667,0.019718,74.125.24.0-255,4320,191695,94,348468
1668,0.019727,172.31.47.0-255,66,191761,94,348468
1669,0.021969,74.125.24.0-255,5738,197499,94,348468
1670,0.021978,172.31.47.0-255,66,197565,94,348468
1671,0.023861,172.31.47.0-255,172,197737,94,348468
1672,0.023891,172.31.47.0-255,1116,198853,94,348468
1673,0.023932,172.31.47.0-255,1514,200367,94,348468
1674,0.023934,172.31.47.0-255,329,200696,94,348468
1675,0.024202,74.125.24.0-255,5738,206434,94,348468
1676,0.024209,172.31.47.0-255,66,206500,94,348468
1677,0.025527,104.244.42.0-255,66,206566,94,348468
1678,0.026421,74.125.24.0-255,2902,209468,94,348468
1679,0.026425,172.31.47.0-255,66,209534,94,348468
1680,0.026462,74.125.24.0-255,2902,212436,94,348468
1681,0.026465,172.31.47.0-255,66,212502,94,348468
1682,0.028647,74.125.24.0-255,2902,215404,94,348468
1683,0.028651,172.31.47.0-255,66,215470,94,348468
1684,0.028692,74.125.24.0-255,2902,218372,94,348468
1685,0.028696,172.31.47.0-255,66,218438,94,348468
1686,0.030855,74.125.24.0-255,2902,221340,94,348468
1687,0.03086,172.31.47.0-255,66,221406,94,348468
1688,0.030909,74.125.24.0-255,1484,222890,94,348468
1689,0.030925,74.125.24.0-255,1484,224374,94,348468
1690,0.030928,172.31.47.0-255,66,224440,94,348468
1691,0.033078,74.125.24.0-255,2902,227342,94,348468
1692,0.033083,172.31.47.0-255,66,227408,94,348468
1693,0.033129,74.125.24.0-255,2902,230310,94,348468
1694,0.033133,172.31.47.0-255,66,230376,94,348468
1695,0.035284,74.125.24.0-255,2902,233278,94,348468
1696,0.035291,172.31.47.0-255,66,233344,94,348468
1697,0.035342,74.125.24.0-255,2902,236246,94,348468
1698,0.035346,172.31.47.0-255,66,236312,94,348468
1699,0.037527,74.125.24.0-255,2902,239214,94,348468
1700,0.037533,172.31.47.0-255,66,239280,94,348468
1701,0.037561,74.125.24.0-255,2902,242182,94,348468
1702,0.037564,172.31.47.0-255,66,242248,94,348468
1703,0.039756,74.125.24.0-255,5738,247986,94,348468
1704,0.039762,172.31.47.0-255,66,248052,94,348468
1705,0.041984,74.125.24.0-255,5738,253790,94,348468
1706,0.041989,172.31.47.0-255,66,253856,94,348468
1707,0.044241,74.125.24.0-255,4320,258176,94,348468
1708,0.044246,172.31.47.0-255,66,258242,94,348468
1709,0.044276,74.125.24.0-255,1484,259726,94,348468
1710,0.046459,74.125.24.0-255,4320,264046,94,348468
1711,0.046465,172.31.47.0-255,66,264112,94,348468
1712,0.048741,74.125.24.0-255,5738,269850,94,348468
1713,0.048745,172.31.47.0-255,66,269916,94,348468
1714,0.051035,74.125.24.0-255,5738,275654,94,348468
1715,0.051039,172.31.47.0-255,66,275720,94,348468
1716,0.053269,74.125.24.0-255,5738,281458,94,348468
1717,0.053274,172.31.47.0-255,66,281524,94,348468
1718,0.055476,74.125.24.0-255,5738,287262,94,348468
1719,0.055482,172.31.47.0-255,66,287328,94,348468
1720,0.057713,74.125.24.0-255,5738,293066,94,348468
1721,0.057717,172.31.47.0-255,66,293132,94,348468
1722,0.059945,74.125.24.0-255,5738,298870,94,348468
1723,0.05995,172.31.47.0-255,66,298936,94,348468
1724,0.062147,74.125.24.0-255,5738,304674,94,348468
1725,0.062152,172.31.47.0-255,66,304740,94,348468
1726,0.064385,74.125.24.0-255,4320,309060,94,348468
1727,0.06439,172.31.47.0-255,66,309126,94,348468
1728,0.064422,74.125.24.0-255,1484,310610,94,348468
1729,0.066594,74.125.24.0-255,4320,314930,94,348468
1730,0.066598,172.31.47.0-255,66,314996,94,348468
1731,0.068829,74.125.24.0-255,5738,320734,94,348468
1732,0.068833,172.31.47.0-255,66,320800,94,348468
1733,0.071059,74.125.24.0-255,5738,326538,94,348468
1734,0.071063,172.31.47.0-255,66,326604,94,348468
1735,0.073274,74.125.24.0-255,5738,332342,94,348468
1736,0.073279,172.31.47.0-255,66,332408,94,348468
1737,0.075494,74.125.24.0-255,5738,338146,94,348468
1738,0.075499,172.31.47.0-255,66,338212,94,348468
1739,0.077714,74.125.24.0-255,4320,342532,94,348468
1740,0.077719,172.31.47.0-255,66,342598,94,348468
1741,0.077746,74.125.24.0-255,1484,344082,94,348468
1742,0.079931,74.125.24.0-255,4320,348402,94,348468
1743,0.079935,172.31.47.0-255,66,348468,94,348468
1744,0.0,74.125.24.0-255,153,153,94,330924
1745,3.4e-05,172.31.47.0-255,66,219,94,330924
1746,4.1e-05,74.125.24.0-255,1484,1703,94,330924
1747,4.6e-05,172.31.47.0-255,66,1769,94,330924
1748,5e-05,74.125.24.0-255,2902,4671,94,330924
1749,6e-05,172.31.47.0-255,66,4737,94,330924
1750,6.6e-05,74.125.24.0-255,5738,10475,94,330924
1751,6.9e-05,172.31.47.0-255,66,10541,94,330924
1752,8e-05,172.31.47.0-255,66,10607,94,330924
1753,0.000121,172.31.47.0-255,66,10673,94,330924
1754,0.000124,74.125.24.0-255,1125,11798,94,330924
1755,0.000126,172.31.47.0-255,66,11864,94,330924
1756,0.00022,74.125.24.0-255,1484,13348,94,330924
1757,0.000224,172.31.47.0-255,66,13414,94,330924
1758,0.000229,74.125.24.0-255,2902,16316,94,330924
1759,0.000231,172.31.47.0-255,66,16382,94,330924
1760,0.000253,74.125.24.0-255,1484,17866,94,330924
1761,0.000256,172.31.47.0-255,66,17932,94,330924
1762,0.000289,74.125.24.0-255,2902,20834,94,330924
1763,0.000293,172.31.47.0-255,66,20900,94,330924
1764,0.000299,74.125.24.0-255,5738,26638,94,330924
1765,0.000301,172.31.47.0-255,66,26704,94,330924
1766,0.000313,172.31.47.0-255,66,26770,94,330924
1767,0.000365,172.31.47.0-255,66,26836,94,330924
1768,0.000655,74.125.24.0-255,646,27482,94,330924
1769,0.00066,172.31.47.0-255,66,27548,94,330924
1770,0.000923,74.125.24.0-255,1484,29032,94,330924
1771,0.000928,172.31.47.0-255,66,29098,94,330924
1772,0.000938,74.125.24.0-255,2902,32000,94,330924
1773,0.00094,172.31.47.0-255,66,32066,94,330924
1774,0.000953,74.125.24.0-255,5738,37804,94,330924
1775,0.000956,172.31.47.0-255,66,37870,94,330924
1776,0.000963,74.125.24.0-255,7156,45026,94,330924
1777,0.000965,172.31.47.0-255,66,45092,94,330924
1778,0.001,74.125.24.0-255,5738,50830,94,330924
1779,0.001003,172.31.47.0-255,66,50896,94,330924
1780,0.00101,74.125.24.0-255,5738,56634,94,330924
1781,0.001012,172.31.47.0-255,66,56700,94,330924
1782,0.001044,74.125.24.0-255,5020,61720,94,330924
1783,0.001048,172.31.47.0-255,66,61786,94,330924
1784,0.001225,74.125.24.0-255,1484,63270,94,330924
1785,0.001233,74.125.24.0-255,2902,66172,94,330924
1786,0.001237,172.31.47.0-255,66,66238,94,330924
1787,0.001244,74.125.24.0-255,5738,71976,94,330924
1788,0.001245,172.31.47.0-255,66,72042,94,330924
1789,0.001283,172.31.47.0-255,66,72108,94,330924
1790,0.001315,172.31.47.0-255,66,72174,94,330924
1791,0.001343,74.125.24.0-255,5020,77194,94,330924
1792,0.001345,172.31.47.0-255,66,77260,94,330924
1793,0.001569,74.125.24.0-255,1484,78744,94,330924
1794,0.001587,74.125.24.0-255,2902,81646,94,330924
1795,0.001591,172.31.47.0-255,66,81712,94,330924
1796,0.001596,74.125.24.0-255,5738,87450,94,330924
1797,0.001598,172.31.47.0-255,66,87516,94,330924
1798,0.001602,74.125.24.0-255,4320,91836,94,330924
1799,0.001604,172.31.47.0-255,66,91902,94,330924
1800,0.00163,74.125.24.0-255,1484,93386,94,330924
1801,0.00164,172.31.47.0-255,66,93452,94,330924
1802,0.001664,74.125.24.0-255,1484,94936,94,330924
1803,0.001669,74.125.24.0-255,5020,99956,94,330924
1804,0.001671,172.31.47.0-255,66,100022,94,330924
1805,0.001688,74.125.24.0-255,5738,105760,94,330924
1806,0.00169,172.31.47.0-255,66,105826,94,330924
1807,0.001711,74.125.24.0-255,4320,110146,94,330924
1808,0.001713,172.31.47.0-255,66,110212,94,330924
1809,0.001746,172.31.47.0-255,66,110278,94,330924
1810,0.001748,74.125.24.0-255,1484,111762,94,330924
1811,0.00177,74.125.24.0-255,7156,118918,94,330924
1812,0.001772,172.31.47.0-255,66,118984,94,330924
1813,0.001797,74.125.24.0-255,6438,125422,94,330924
1814,0.0018,172.31.47.0-255,66,125488,94,330924
1815,0.001847,74.125.24.0-255,1484,126972,94,330924
1816,0.001857,74.125.24.0-255,2902,129874,94,330924
1817,0.001859,172.31.47.0-255,66,129940,94,330924
1818,0.001874,74.125.24.0-255,5738,135678,94,330924
1819,0.001879,172.31.47.0-255,66,135744,94,330924
1820,0.001891,74.125.24.0-255,1484,137228,94,330924
1821,0.00192,172.31.47.0-255,66,137294,94,330924
1822,0.001924,74.125.24.0-255,4320,141614,94,330924
1823,0.001926,172.31.47.0-255,66,141680,94,330924
1824,0.001953,74.125.24.0-255,5738,147418,94,330924
1825,0.001956,172.31.47.0-255,66,147484,94,330924
1826,0.001958,74.125.24.0-255,766,148250,94,330924
1827,0.003888,74.125.24.0-255,4320,152570,94,330924
1828,0.003891,172.31.47.0-255,66,152636,94,330924
1829,0.005852,74.125.24.0-255,5738,158374,94,330924
1830,0.005861,172.31.47.0-255,66,158440,94,330924
1831,0.007875,74.125.24.0-255,5738,164178,94,330924
1832,0.007883,172.31.47.0-255,66,164244,94,330924
1833,0.009836,74.125.24.0-255,5738,169982,94,330924
1834,0.009843,172.31.47.0-255,66,170048,94,330924
1835,0.011787,74.125.24.0-255,5738,175786,94,330924
1836,0.011799,172.31.47.0-255,66,175852,94,330924
1837,0.013773,74.125.24.0-255,5738,181590,94,330924
1838,0.013781,172.31.47.0-255,66,181656,94,330924
1839,0.015708,74.125.24.0-255,5738,187394,94,330924
1840,0.015715,172.31.47.0-255,66,187460,94,330924
1841,0.017663,74.125.24.0-255,5738,193198,94,330924
1842,0.01767,172.31.47.0-255,66,193264,94,330924
1843,0.01963,74.125.24.0-255,5738,199002,94,330924
1844,0.019639,172.31.47.0-255,66,199068,94,330924
1845,0.021596,74.125.24.0-255,5738,204806,94,330924
1846,0.021605,172.31.47.0-255,66,204872,94,330924
1847,0.023559,74.125.24.0-255,5738,210610,94,330924
1848,0.023565,172.31.47.0-255,66,210676,94,330924
1849,0.024566,172.31.47.0-255,172,210848,94,330924
1850,0.024593,172.31.47.0-255,1116,211964,94,330924
1851,0.02462,172.31.47.0-255,1514,213478,94,330924
1852,0.024639,172.31.47.0-255,1288,214766,94,330924
1853,0.02551,74.125.24.0-255,5738,220504,94,330924
1854,0.025515,172.31.47.0-255,66,220570,94,330924
1855,0.026113,104.244.42.0-255,66,220636,94,330924
1856,0.026148,104.244.42.0-255,66,220702,94,330924
1857,0.026194,104.244.42.0-255,66,220768,94,330924
1858,0.027455,74.125.24.0-255,1484,222252,94,330924
1859,0.027488,74.125.24.0-255,4320,226572,94,330924
1860,0.027493,172.31.47.0-255,66,226638,94,330924
1861,0.02946,74.125.24.0-255,1484,228122,94,330924
1862,0.029488,74.125.24.0-255,4320,232442,94,330924
1863,0.029492,172.31.47.0-255,66,232508,94,330924
1864,0.031454,74.125.24.0-255,5738,238246,94,330924
1865,0.03146,172.31.47.0-255,66,238312,94,330924
1866,0.033404,74.125.24.0-255,4320,242632,94,330924
1867,0.033411,172.31.47.0-255,66,242698,94,330924
1868,0.033444,74.125.24.0-255,1484,244182,94,330924
1869,0.035342,74.125.24.0-255,4320,248502,94,330924
1870,0.035347,172.31.47.0-255,66,248568,94,330924
1871,0.03727,74.125.24.0-255,5738,254306,94,330924
1872,0.037275,172.31.47.0-255,66,254372,94,330924
1873,0.039227,74.125.24.0-255,5738,260110,94,330924
1874,0.039233,172.31.47.0-255,66,260176,94,330924
1875,0.041228,74.125.24.0-255,5738,265914,94,330924
1876,0.041234,172.31.47.0-255,66,265980,94,330924
1877,0.043207,74.125.24.0-255,5738,271718,94,330924
1878,0.043211,172.31.47.0-255,66,271784,94,330924
1879,0.045265,74.125.24.0-255,5738,277522,94,330924
1880,0.04527,172.31.47.0-255,66,277588,94,330924
1881,0.047203,74.125.24.0-255,1484,279072,94,330924
1882,0.047234,74.125.24.0-255,4320,283392,94,330924
1883,0.047239,172.31.47.0-255,66,283458,94,330924
1884,0.049181,74.125.24.0-255,5738,289196,94,330924
1885,0.049187,172.31.47.0-255,66,289262,94,330924
1886,0.051134,74.125.24.0-255,4320,293582,94,330924
1887,0.051139,172.31.47.0-255,66,293648,94,330924
1888,0.051174,74.125.24.0-255,1484,295132,94,330924
1889,0.05312,74.125.24.0-255,4320,299452,94,330924
1890,0.053125,172.31.47.0-255,66,299518,94,330924
1891,0.055074,74.125.24.0-255,5738,305256,94,330924
1892,0.055083,172.31.47.0-255,66,305322,94,330924
1893,0.057053,74.125.24.0-255,4320,309642,94,330924
1894,0.057058,172.31.47.0-255,66,309708,94,330924
1895,0.057089,74.125.24.0-255,1484,311192,94,330924
1896,0.059002,74.125.24.0-255,4320,315512,94,330924
1897,0.059007,172.31.47.0-255,66,315578,94,330924
1898,0.060952,74.125.24.0-255,5738,321316,94,330924
1899,0.060957,172.31.47.0-255,66,321382,94,330924
1900,0.062919,74.125.24.0-255,5738,327120,94,330924
1901,0.062923,172.31.47.0-255,66,327186,94,330924
1902,0.064856,74.125.24.0-255,3501,330687,94,330924
1903,0.06486,172.31.47.0-255,66,330753,94,330924
1904,0.065111,172.31.47.0-255,105,330858,94,330924
1905,0.067182,74.125.24.0-255,66,330924,94,330924
1906,0.0,74.125.24.0-255,153,153,94,143633
1907,2.4e-05,172.31.47.0-255,66,219,94,143633
1908,3e-05,74.125.24.0-255,1484,1703,94,143633
1909,3.3e-05,172.31.47.0-255,66,1769,94,143633
1910,3.8e-05,74.125.24.0-255,2902,4671,94,143633
1911,4e-05,172.31.47.0-255,66,4737,94,143633
1912,5.4e-05,74.125.24.0-255,7156,11893,94,143633
1913,5.7e-05,172.31.47.0-255,66,11959,94,143633
1914,9.3e-05,74.125.24.0-255,1484,13443,94,143633
1915,9.6e-05,172.31.47.0-255,66,13509,94,143633
1916,0.00013,172.31.47.0-255,66,13575,94,143633
1917,0.00014,172.31.47.0-255,66,13641,94,143633
1918,0.000223,74.125.24.0-255,1484,15125,94,143633
1919,0.000226,172.31.47.0-255,66,15191,94,143633
1920,0.00023,74.125.24.0-255,1484,16675,94,143633
1921,0.000231,172.31.47.0-255,66,16741,94,143633
1922,0.000248,74.125.24.0-255,1484,18225,94,143633
1923,0.00025,172.31.47.0-255,66,18291,94,143633
1924,0.000256,74.125.24.0-255,5738,24029,94,143633
1925,0.000259,172.31.47.0-255,66,24095,94,143633
1926,0.000266,74.125.24.0-255,2902,26997,94,143633
1927,0.000269,172.31.47.0-255,66,27063,94,143633
1928,0.000275,74.125.24.0-255,5738,32801,94,143633
1929,0.000279,172.31.47.0-255,66,32867,94,143633
1930,0.00031,172.31.47.0-255,66,32933,94,143633
1931,0.000315,74.125.24.0-255,5379,38312,94,143633
1932,0.000317,172.31.47.0-255,66,38378,94,143633
1933,0.000561,74.125.24.0-255,396,38774,94,143633
1934,0.000566,172.31.47.0-255,66,38840,94,143633
1935,0.000634,74.125.24.0-255,113,38953,94,143633
1936,0.000671,74.125.24.0-255,1484,40437,94,143633
1937,0.000674,172.31.47.0-255,66,40503,94,143633
1938,0.000679,74.125.24.0-255,2902,43405,94,143633
1939,0.000681,172.31.47.0-255,66,43471,94,143633
1940,0.000711,74.125.24.0-255,7156,50627,94,143633
1941,0.000714,172.31.47.0-255,66,50693,94,143633
1942,0.000719,74.125.24.0-255,4320,55013,94,143633
1943,0.000721,172.31.47.0-255,66,55079,94,143633
1944,0.000733,172.31.47.0-255,66,55145,94,143633
1945,0.000744,74.125.24.0-255,1484,56629,94,143633
1946,0.000768,74.125.24.0-255,5286,61915,94,143633
1947,0.000771,172.31.47.0-255,66,61981,94,143633
1948,0.000801,74.125.24.0-255,2902,64883,94,143633
1949,0.000804,172.31.47.0-255,66,64949,94,143633
1950,0.00081,74.125.24.0-255,4320,69269,94,143633
1951,0.000811,172.31.47.0-255,66,69335,94,143633
1952,0.000851,172.31.47.0-255,66,69401,94,143633
1953,0.000882,172.31.47.0-255,66,69467,94,143633
1954,0.000906,74.125.24.0-255,2184,71651,94,143633
1955,0.000909,172.31.47.0-255,66,71717,94,143633
1956,0.000912,74.125.24.0-255,1484,73201,94,143633
1957,0.000916,74.125.24.0-255,2902,76103,94,143633
1958,0.000918,172.31.47.0-255,66,76169,94,143633
1959,0.000929,74.125.24.0-255,5738,81907,94,143633
1960,0.000932,172.31.47.0-255,66,81973,94,143633
1961,0.000965,172.31.47.0-255,66,82039,94,143633
1962,0.000977,172.31.47.0-255,66,82105,94,143633
1963,0.001048,172.31.47.0-255,66,82171,94,143633
1964,0.001054,172.31.47.0-255,66,82237,94,143633
1965,0.001058,74.125.24.0-255,2902,85139,94,143633
1966,0.00106,172.31.47.0-255,66,85205,94,143633
1967,0.001106,172.31.47.0-255,66,85271,94,143633
1968,0.001109,74.125.24.0-255,1484,86755,94,143633
1969,0.001113,74.125.24.0-255,2902,89657,94,143633
1970,0.001115,172.31.47.0-255,66,89723,94,143633
1971,0.001139,74.125.24.0-255,5738,95461,94,143633
1972,0.001142,172.31.47.0-255,66,95527,94,143633
1973,0.001146,74.125.24.0-255,1484,97011,94,143633
1974,0.001198,172.31.47.0-255,66,97077,94,143633
1975,0.001211,172.31.47.0-255,66,97143,94,143633
1976,0.001641,74.125.24.0-255,1484,98627,94,143633
1977,0.001647,74.125.24.0-255,2902,101529,94,143633
1978,0.001651,172.31.47.0-255,66,101595,94,143633
1979,0.001657,74.125.24.0-255,5738,107333,94,143633
1980,0.001659,172.31.47.0-255,66,107399,94,143633
1981,0.001671,74.125.24.0-255,4320,111719,94,143633
1982,0.001674,172.31.47.0-255,66,111785,94,143633
1983,0.001679,74.125.24.0-255,2902,114687,94,143633
1984,0.001682,172.31.47.0-255,66,114753,94,143633
1985,0.001728,172.31.47.0-255,66,114819,94,143633
1986,0.001739,172.31.47.0-255,66,114885,94,143633
1987,0.001768,74.125.24.0-255,1484,116369,94,143633
1988,0.001774,74.125.24.0-255,2902,119271,94,143633
1989,0.001776,172.31.47.0-255,66,119337,94,143633
1990,0.001781,74.125.24.0-255,2902,122239,94,143633
1991,0.001783,172.31.47.0-255,66,122305,94,143633
1992,0.001804,74.125.24.0-255,2902,125207,94,143633
1993,0.001806,172.31.47.0-255,66,125273,94,143633
1994,0.001825,74.125.24.0-255,1484,126757,94,143633
1995,0.001826,172.31.47.0-255,66,126823,94,143633
1996,0.001852,74.125.24.0-255,5738,132561,94,143633
1997,0.001855,172.31.47.0-255,66,132627,94,143633
1998,0.001861,74.125.24.0-255,5738,138365,94,143633
1999,0.001863,172.31.47.0-255,66,138431,94,143633
2000,0.00191,172.31.47.0-255,66,138497,94,143633
2001,0.00192,172.31.47.0-255,66,138563,94,143633
2002,0.001989,172.31.47.0-255,66,138629,94,143633
2003,0.002028,172.31.47.0-255,66,138695,94,143633
2004,0.002057,172.31.47.0-255,66,138761,94,143633
2005,0.002063,172.31.47.0-255,66,138827,94,143633
2006,0.002066,74.125.24.0-255,105,138932,94,143633
2007,0.003534,172.31.47.0-255,66,138998,94,143633
2008,0.003563,172.31.47.0-255,105,139103,94,143633
2009,0.00614,74.125.24.0-255,66,139169,94,143633
2010,0.027543,172.31.47.0-255,172,139341,94,143633
2011,0.027571,172.31.47.0-255,1112,140453,94,143633
2012,0.027604,172.31.47.0-255,1514,141967,94,143633
2013,0.027606,172.31.47.0-255,1294,143261,94,143633
2014,0.029044,104.244.42.0-255,66,143327,94,143633
2015,0.029053,104.244.42.0-255,66,143393,94,143633
2016,0.029099,104.244.42.0-255,66,143459,94,143633
2017,0.029736,104.244.42.0-255,108,143567,94,143633
2018,0.029743,172.31.47.0-255,66,143633,94,143633
2019,0.0,172.217.194.0-255,298,298,94,184269
2020,2.5e-05,172.31.47.0-255,66,364,94,184269
2021,3.1e-05,172.217.194.0-255,1484,1848,94,184269
2022,3.5e-05,172.31.47.0-255,66,1914,94,184269
2023,3.9e-05,172.217.194.0-255,4320,6234,94,184269
2024,4.8e-05,172.31.47.0-255,66,6300,94,184269
2025,5.2e-05,172.217.194.0-255,4320,10620,94,184269
2026,5.5e-05,172.31.47.0-255,66,10686,94,184269
2027,8.2e-05,172.217.194.0-255,2902,13588,94,184269
2028,8.5e-05,172.31.47.0-255,66,13654,94,184269
2029,9.2e-05,172.217.194.0-255,7156,20810,94,184269
2030,9.4e-05,172.31.47.0-255,66,20876,94,184269
2031,0.00015,172.217.194.0-255,6084,26960,94,184269
2032,0.000153,172.31.47.0-255,66,27026,94,184269
2033,0.000158,172.217.194.0-255,3961,30987,94,184269
2034,0.000159,172.31.47.0-255,66,31053,94,184269
2035,0.000247,172.217.194.0-255,1484,32537,94,184269
2036,0.000253,172.31.47.0-255,66,32603,94,184269
2037,0.000257,172.217.194.0-255,2902,35505,94,184269
2038,0.000259,172.31.47.0-255,66,35571,94,184269
2039,0.000289,172.217.194.0-255,5738,41309,94,184269
2040,0.000292,172.31.47.0-255,66,41375,94,184269
2041,0.000319,172.217.194.0-255,6797,48172,94,184269
2042,0.000321,172.31.47.0-255,66,48238,94,184269
2043,0.000441,172.217.194.0-255,1484,49722,94,184269
2044,0.000446,172.31.47.0-255,66,49788,94,184269
2045,0.00045,172.217.194.0-255,2902,52690,94,184269
2046,0.000452,172.31.47.0-255,66,52756,94,184269
2047,0.000456,172.217.194.0-255,2902,55658,94,184269
2048,0.000458,172.31.47.0-255,66,55724,94,184269
2049,0.000487,172.217.194.0-255,2902,58626,94,184269
2050,0.00049,172.31.47.0-255,66,58692,94,184269
2051,0.00052,172.217.194.0-255,7110,65802,94,184269
2052,0.00053,172.31.47.0-255,66,65868,94,184269
2053,0.000625,172.217.194.0-255,365,66233,94,184269
2054,0.0008,172.217.194.0-255,1484,67717,94,184269
2055,0.000804,172.31.47.0-255,66,67783,94,184269
2056,0.000809,172.217.194.0-255,2902,70685,94,184269
2057,0.000813,172.217.194.0-255,2902,73587,94,184269
2058,0.00082,172.31.47.0-255,66,73653,94,184269
2059,0.000831,172.217.194.0-255,2902,76555,94,184269
2060,0.000838,172.31.47.0-255,66,76621,94,184269
2061,0.000843,172.217.194.0-255,4320,80941,94,184269
2062,0.000856,172.31.47.0-255,66,81007,94,184269
2063,0.000882,172.31.47.0-255,66,81073,94,184269
2064,0.000906,172.31.47.0-255,66,81139,94,184269
2065,0.000983,172.217.194.0-255,1484,82623,94,184269
2066,0.001001,172.217.194.0-255,2902,85525,94,184269
2067,0.001004,172.217.194.0-255,1484,87009,94,184269
2068,0.001011,172.31.47.0-255,66,87075,94,184269
2069,0.001021,172.217.194.0-255,4320,91395,94,184269
2070,0.001025,172.217.194.0-255,2902,94297,94,184269
2071,0.001025,172.31.47.0-255,66,94363,94,184269
2072,0.00103,172.31.47.0-255,66,94429,94,184269
2073,0.001055,172.31.47.0-255,66,94495,94,184269
2074,0.001086,172.31.47.0-255,66,94561,94,184269
2075,0.001097,172.217.194.0-255,4320,98881,94,184269
2076,0.001106,172.31.47.0-255,66,98947,94,184269
2077,0.001139,172.217.194.0-255,7156,106103,94,184269
2078,0.001146,172.31.47.0-255,66,106169,94,184269
2079,0.001151,172.31.47.0-255,66,106235,94,184269
2080,0.001198,172.217.194.0-255,5738,111973,94,184269
2081,0.001203,172.31.47.0-255,66,112039,94,184269
2082,0.00123,172.217.194.0-255,5020,117059,94,184269
2083,0.001236,172.31.47.0-255,66,117125,94,184269
2084,0.00125,172.31.47.0-255,66,117191,94,184269
2085,0.00127,172.217.194.0-255,4320,121511,94,184269
2086,0.001274,172.31.47.0-255,66,121577,94,184269
2087,0.001308,172.217.194.0-255,1484,123061,94,184269
2088,0.00131,172.31.47.0-255,66,123127,94,184269
2089,0.001325,172.217.194.0-255,5738,128865,94,184269
2090,0.001335,172.31.47.0-255,66,128931,94,184269
2091,0.00134,172.217.194.0-255,1484,130415,94,184269
2092,0.001356,172.31.47.0-255,66,130481,94,184269
2093,0.001361,172.217.194.0-255,1484,131965,94,184269
2094,0.001396,172.31.47.0-255,66,132031,94,184269
2095,0.001406,172.217.194.0-255,766,132797,94,184269
2096,0.001413,172.217.194.0-255,1484,134281,94,184269
2097,0.001417,172.31.47.0-255,66,134347,94,184269
2098,0.001425,172.217.194.0-255,1484,135831,94,184269
2099,0.00145,172.217.194.0-255,1484,137315,94,184269
2100,0.001453,172.31.47.0-255,66,137381,94,184269
2101,0.001461,172.217.194.0-255,5738,143119,94,184269
2102,0.001463,172.217.194.0-255,1484,144603,94,184269
2103,0.001463,172.31.47.0-255,66,144669,94,184269
2104,0.001494,172.31.47.0-255,66,144735,94,184269
2105,0.001513,172.217.194.0-255,2902,147637,94,184269
2106,0.001516,172.31.47.0-255,66,147703,94,184269
2107,0.001548,172.31.47.0-255,66,147769,94,184269
2108,0.00156,172.217.194.0-255,2184,149953,94,184269
2109,0.001564,172.31.47.0-255,66,150019,94,184269
2110,0.00162,172.217.194.0-255,1484,151503,94,184269
2111,0.001632,172.217.194.0-255,2902,154405,94,184269
2112,0.001635,172.31.47.0-255,66,154471,94,184269
2113,0.001639,172.217.194.0-255,2902,157373,94,184269
2114,0.001646,172.31.47.0-255,66,157439,94,184269
2115,0.00166,172.217.194.0-255,2902,160341,94,184269
2116,0.001664,172.217.194.0-255,2902,163243,94,184269
2117,0.001669,172.31.47.0-255,66,163309,94,184269
2118,0.001703,172.217.194.0-255,5738,169047,94,184269
2119,0.001706,172.31.47.0-255,66,169113,94,184269
2120,0.00171,172.31.47.0-255,66,169179,94,184269
2121,0.001713,172.217.194.0-255,2902,172081,94,184269
2122,0.001721,172.31.47.0-255,66,172147,94,184269
2123,0.001767,172.31.47.0-255,66,172213,94,184269
2124,0.001779,172.217.194.0-255,766,172979,94,184269
2125,0.001789,172.217.194.0-255,5738,178717,94,184269
2126,0.001792,172.31.47.0-255,66,178783,94,184269
2127,0.00183,172.31.47.0-255,66,178849,94,184269
2128,0.001858,172.217.194.0-255,1484,180333,94,184269
2129,0.001898,172.31.47.0-255,66,180399,94,184269
2130,0.001927,172.31.47.0-255,66,180465,94,184269
2131,0.001972,172.31.47.0-255,66,180531,94,184269
2132,0.001982,172.217.194.0-255,105,180636,94,184269
2133,0.001983,172.31.47.0-255,66,180702,94,184269
2134,0.003266,172.31.47.0-255,66,180768,94,184269
2135,0.003289,172.31.47.0-255,105,180873,94,184269
2136,0.005636,172.217.194.0-255,66,180939,94,184269
2137,0.027153,172.31.47.0-255,172,181111,94,184269
2138,0.027183,172.31.47.0-255,1112,182223,94,184269
2139,0.027219,172.31.47.0-255,1514,183737,94,184269
2140,0.02722,172.31.47.0-255,334,184071,94,184269
2141,0.028697,104.244.42.0-255,66,184137,94,184269
2142,0.028703,104.244.42.0-255,66,184203,94,184269
2143,0.028744,104.244.42.0-255,66,184269,94,184269
2144,0.0,74.125.68.0-255,153,153,94,375053
2145,2.3e-05,172.31.47.0-255,66,219,94,375053
2146,2.9e-05,74.125.68.0-255,1484,1703,94,375053
2147,3.3e-05,172.31.47.0-255,66,1769,94,375053
2148,5.7e-05,74.125.68.0-255,2902,4671,94,375053
2149,5.9e-05,172.31.47.0-255,66,4737,94,375053
2150,7.8e-05,74.125.68.0-255,4320,9057,94,375053
2151,8.1e-05,172.31.47.0-255,66,9123,94,375053
2152,0.000108,74.125.68.0-255,4865,13988,94,375053
2153,0.000111,172.31.47.0-255,66,14054,94,375053
2154,0.000155,74.125.68.0-255,1484,15538,94,375053
2155,0.000157,172.31.47.0-255,66,15604,94,375053
2156,0.000176,74.125.68.0-255,2902,18506,94,375053
2157,0.000178,172.31.47.0-255,66,18572,94,375053
2158,0.000207,74.125.68.0-255,5738,24310,94,375053
2159,0.00021,172.31.47.0-255,66,24376,94,375053
2160,0.000216,74.125.68.0-255,5738,30114,94,375053
2161,0.000218,172.31.47.0-255,66,30180,94,375053
2162,0.000253,74.125.68.0-255,6797,36977,94,375053
2163,0.000257,172.31.47.0-255,66,37043,94,375053
2164,0.000261,74.125.68.0-255,2902,39945,94,375053
2165,0.000263,172.31.47.0-255,66,40011,94,375053
2166,0.000308,74.125.68.0-255,4320,44331,94,375053
2167,0.000312,172.31.47.0-255,66,44397,94,375053
2168,0.000337,74.125.68.0-255,3961,48358,94,375053
2169,0.00034,172.31.47.0-255,66,48424,94,375053
2170,0.000468,74.125.68.0-255,1484,49908,94,375053
2171,0.000471,172.31.47.0-255,66,49974,94,375053
2172,0.000477,74.125.68.0-255,2902,52876,94,375053
2173,0.000479,172.31.47.0-255,66,52942,94,375053
2174,0.000514,74.125.68.0-255,5738,58680,94,375053
2175,0.000517,172.31.47.0-255,66,58746,94,375053
2176,0.000523,74.125.68.0-255,4320,63066,94,375053
2177,0.000526,172.31.47.0-255,66,63132,94,375053
2178,0.000561,74.125.68.0-255,2543,65675,94,375053
2179,0.000564,172.31.47.0-255,66,65741,94,375053
2180,0.00059,74.125.68.0-255,646,66387,94,375053
2181,0.000749,172.31.47.0-255,66,66453,94,375053
2182,0.00077,74.125.68.0-255,1484,67937,94,375053
2183,0.000776,74.125.68.0-255,2902,70839,94,375053
2184,0.00078,172.31.47.0-255,66,70905,94,375053
2185,0.000783,74.125.68.0-255,1484,72389,94,375053
2186,0.000813,74.125.68.0-255,4320,76709,94,375053
2187,0.000816,172.31.47.0-255,66,76775,94,375053
2188,0.000823,74.125.68.0-255,5738,82513,94,375053
2189,0.000825,172.31.47.0-255,66,82579,94,375053
2190,0.000836,74.125.68.0-255,576,83155,94,375053
2191,0.00093,172.31.47.0-255,66,83221,94,375053
2192,0.001075,74.125.68.0-255,1484,84705,94,375053
2193,0.001085,74.125.68.0-255,2902,87607,94,375053
2194,0.001089,172.31.47.0-255,66,87673,94,375053
2195,0.001094,74.125.68.0-255,1484,89157,94,375053
2196,0.00112,74.125.68.0-255,4320,93477,94,375053
2197,0.001123,172.31.47.0-255,66,93543,94,375053
2198,0.001128,74.125.68.0-255,2902,96445,94,375053
2199,0.00113,172.31.47.0-255,66,96511,94,375053
2200,0.001136,74.125.68.0-255,4320,100831,94,375053
2201,0.001138,172.31.47.0-255,66,100897,94,375053
2202,0.001186,172.31.47.0-255,66,100963,94,375053
2203,0.001193,74.125.68.0-255,5738,106701,94,375053
2204,0.001195,172.31.47.0-255,66,106767,94,375053
2205,0.001221,74.125.68.0-255,2184,108951,94,375053
2206,0.001223,172.31.47.0-255,66,109017,94,375053
2207,0.001531,74.125.68.0-255,1484,110501,94,375053
2208,0.001538,74.125.68.0-255,1484,111985,94,375053
2209,0.001542,172.31.47.0-255,66,112051,94,375053
2210,0.001553,74.125.68.0-255,1484,113535,94,375053
2211,0.001563,74.125.68.0-255,4320,117855,94,375053
2212,0.001565,172.31.47.0-255,66,117921,94,375053
2213,0.001584,74.125.68.0-255,1484,119405,94,375053
2214,0.00159,74.125.68.0-255,4320,123725,94,375053
2215,0.001592,172.31.47.0-255,66,123791,94,375053
2216,0.001599,74.125.68.0-255,5738,129529,94,375053
2217,0.001601,172.31.47.0-255,66,129595,94,375053
2218,0.001637,172.31.47.0-255,66,129661,94,375053
2219,0.001666,74.125.68.0-255,2902,132563,94,375053
2220,0.001669,172.31.47.0-255,66,132629,94,375053
2221,0.001672,74.125.68.0-255,2184,134813,94,375053
2222,0.001675,172.31.47.0-255,66,134879,94,375053
2223,0.001878,74.125.68.0-255,1484,136363,94,375053
2224,0.001891,74.125.68.0-255,2902,139265,94,375053
2225,0.001893,172.31.47.0-255,66,139331,94,375053
2226,0.001912,74.125.68.0-255,2902,142233,94,375053
2227,0.001913,172.31.47.0-255,66,142299,94,375053
2228,0.00194,74.125.68.0-255,2902,145201,94,375053
2229,0.001943,172.31.47.0-255,66,145267,94,375053
2230,0.001948,74.125.68.0-255,5738,151005,94,375053
2231,0.00195,172.31.47.0-255,66,151071,94,375053
2232,0.001961,74.125.68.0-255,7156,158227,94,375053
2233,0.001964,172.31.47.0-255,66,158293,94,375053
2234,0.002013,172.31.47.0-255,66,158359,94,375053
2235,0.002059,74.125.68.0-255,1484,159843,94,375053
2236,0.002071,74.125.68.0-255,2902,162745,94,375053
2237,0.002073,172.31.47.0-255,66,162811,94,375053
2238,0.002076,74.125.68.0-255,1484,164295,94,375053
2239,0.002098,74.125.68.0-255,2902,167197,94,375053
2240,0.002101,172.31.47.0-255,66,167263,94,375053
2241,0.002107,74.125.68.0-255,5738,173001,94,375053
2242,0.002109,172.31.47.0-255,66,173067,94,375053
2243,0.00214,74.125.68.0-255,5738,178805,94,375053
2244,0.002142,172.31.47.0-255,66,178871,94,375053
2245,0.00217,74.125.68.0-255,4320,183191,94,375053
2246,0.002172,172.31.47.0-255,66,183257,94,375053
2247,0.002204,172.31.47.0-255,66,183323,94,375053
2248,0.004496,74.125.68.0-255,5738,189061,94,375053
2249,0.004502,172.31.47.0-255,66,189127,94,375053
2250,0.006804,74.125.68.0-255,5738,194865,94,375053
2251,0.00681,172.31.47.0-255,66,194931,94,375053
2252,0.009119,74.125.68.0-255,5738,200669,94,375053
2253,0.009126,172.31.47.0-255,66,200735,94,375053
2254,0.011438,74.125.68.0-255,5738,206473,94,375053
2255,0.011446,172.31.47.0-255,66,206539,94,375053
2256,0.013763,74.125.68.0-255,5738,212277,94,375053
2257,0.013769,172.31.47.0-255,66,212343,94,375053
2258,0.01609,74.125.68.0-255,5738,218081,94,375053
2259,0.016097,172.31.47.0-255,66,218147,94,375053
2260,0.0184,74.125.68.0-255,5738,223885,94,375053
2261,0.018407,172.31.47.0-255,66,223951,94,375053
2262,0.020716,74.125.68.0-255,5738,229689,94,375053
2263,0.020724,172.31.47.0-255,66,229755,94,375053
2264,0.021536,172.31.47.0-255,172,229927,94,375053
2265,0.021566,172.31.47.0-255,1112,231039,94,375053
2266,0.021603,172.31.47.0-255,1514,232553,94,375053
2267,0.021605,172.31.47.0-255,334,232887,94,375053
2268,0.023023,104.244.42.0-255,66,232953,94,375053
2269,0.023035,74.125.68.0-255,5738,238691,94,375053
2270,0.02304,172.31.47.0-255,66,238757,94,375053
2271,0.023064,104.244.42.0-255,66,238823,94,375053
2272,0.023099,104.244.42.0-255,66,238889,94,375053
2273,0.025343,74.125.68.0-255,5738,244627,94,375053
2274,0.025348,172.31.47.0-255,66,244693,94,375053
2275,0.027674,74.125.68.0-255,5738,250431,94,375053
2276,0.027679,172.31.47.0-255,66,250497,94,375053
2277,0.029976,74.125.68.0-255,4320,254817,94,375053
2278,0.02998,172.31.47.0-255,66,254883,94,375053
2279,0.030009,74.125.68.0-255,1484,256367,94,375053
2280,0.032274,74.125.68.0-255,4320,260687,94,375053
2281,0.03228,172.31.47.0-255,66,260753,94,375053
2282,0.034587,74.125.68.0-255,5738,266491,94,375053
2283,0.034592,172.31.47.0-255,66,266557,94,375053
2284,0.036896,74.125.68.0-255,5738,272295,94,375053
2285,0.036902,172.31.47.0-255,66,272361,94,375053
2286,0.039211,74.125.68.0-255,5738,278099,94,375053
2287,0.039215,172.31.47.0-255,66,278165,94,375053
2288,0.041516,74.125.68.0-255,2902,281067,94,375053
2289,0.041522,172.31.47.0-255,66,281133,94,375053
2290,0.041556,74.125.68.0-255,2902,284035,94,375053
2291,0.04156,172.31.47.0-255,66,284101,94,375053
2292,0.043813,74.125.68.0-255,2902,287003,94,375053
2293,0.04382,172.31.47.0-255,66,287069,94,375053
2294,0.043852,74.125.68.0-255,2902,289971,94,375053
2295,0.043855,172.31.47.0-255,66,290037,94,375053
2296,0.04612,74.125.68.0-255,2902,292939,94,375053
2297,0.046125,172.31.47.0-255,66,293005,94,375053
2298,0.04616,74.125.68.0-255,2902,295907,94,375053
2299,0.046164,172.31.47.0-255,66,295973,94,375053
2300,0.04843,74.125.68.0-255,2902,298875,94,375053
2301,0.048435,172.31.47.0-255,66,298941,94,375053
2302,0.048463,74.125.68.0-255,2902,301843,94,375053
2303,0.048466,172.31.47.0-255,66,301909,94,375053
2304,0.050727,74.125.68.0-255,2902,304811,94,375053
2305,0.050733,172.31.47.0-255,66,304877,94,375053
2306,0.050817,74.125.68.0-255,2902,307779,94,375053
2307,0.05082,172.31.47.0-255,66,307845,94,375053
2308,0.053026,74.125.68.0-255,1484,309329,94,375053
2309,0.053056,74.125.68.0-255,1484,310813,94,375053
2310,0.05306,172.31.47.0-255,66,310879,94,375053
2311,0.053109,74.125.68.0-255,2902,313781,94,375053
2312,0.053113,172.31.47.0-255,66,313847,94,375053
2313,0.055346,74.125.68.0-255,1484,315331,94,375053
2314,0.055407,74.125.68.0-255,4320,319651,94,375053
2315,0.055412,172.31.47.0-255,66,319717,94,375053
2316,0.05771,74.125.68.0-255,5738,325455,94,375053
2317,0.057715,172.31.47.0-255,66,325521,94,375053
2318,0.060024,74.125.68.0-255,5738,331259,94,375053
2319,0.06003,172.31.47.0-255,66,331325,94,375053
2320,0.062334,74.125.68.0-255,5738,337063,94,375053
2321,0.062341,172.31.47.0-255,66,337129,94,375053
2322,0.064639,74.125.68.0-255,5738,342867,94,375053
2323,0.064644,172.31.47.0-255,66,342933,94,375053
2324,0.066951,74.125.68.0-255,5738,348671,94,375053
2325,0.066957,172.31.47.0-255,66,348737,94,375053
2326,0.069268,74.125.68.0-255,4320,353057,94,375053
2327,0.069274,172.31.47.0-255,66,353123,94,375053
2328,0.069305,74.125.68.0-255,1484,354607,94,375053
2329,0.071582,74.125.68.0-255,4320,358927,94,375053
2330,0.071587,172.31.47.0-255,66,358993,94,375053
2331,0.073887,74.125.68.0-255,5738,364731,94,375053
2332,0.073893,172.31.47.0-255,66,364797,94,375053
2333,0.076189,74.125.68.0-255,4320,369117,94,375053
2334,0.076194,172.31.47.0-255,66,369183,94,375053
2335,0.076224,74.125.68.0-255,1484,370667,94,375053
2336,0.078529,74.125.68.0-255,4320,374987,94,375053
2337,0.078535,172.31.47.0-255,66,375053,94,375053
2338,0.0,74.125.68.0-255,153,153,94,372627
2339,2.6e-05,172.31.47.0-255,66,219,94,372627
2340,4.9e-05,74.125.68.0-255,1484,1703,94,372627
2341,5.3e-05,172.31.47.0-255,66,1769,94,372627
2342,5.6e-05,74.125.68.0-255,1484,3253,94,372627
2343,5.8e-05,172.31.47.0-255,66,3319,94,372627
2344,7.7e-05,74.125.68.0-255,1484,4803,94,372627
2345,7.9e-05,172.31.47.0-255,66,4869,94,372627
2346,8.9e-05,74.125.68.0-255,4320,9189,94,372627
2347,9.2e-05,172.31.47.0-255,66,9255,94,372627
2348,9.7e-05,74.125.68.0-255,5092,14347,94,372627
2349,9.9e-05,172.31.47.0-255,66,14413,94,372627
2350,0.000149,172.31.47.0-255,66,14479,94,372627
2351,0.000166,74.125.68.0-255,2902,17381,94,372627
2352,0.000168,172.31.47.0-255,66,17447,94,372627
2353,0.000187,74.125.68.0-255,5379,22826,94,372627
2354,0.000189,172.31.47.0-255,66,22892,94,372627
2355,0.00025,74.125.68.0-255,1484,24376,94,372627
2356,0.000254,172.31.47.0-255,66,24442,94,372627
2357,0.000257,74.125.68.0-255,1484,25926,94,372627
2358,0.00026,172.31.47.0-255,66,25992,94,372627
2359,0.000284,74.125.68.0-255,1484,27476,94,372627
2360,0.000288,172.31.47.0-255,66,27542,94,372627
2361,0.000291,74.125.68.0-255,1484,29026,94,372627
2362,0.000293,172.31.47.0-255,66,29092,94,372627
2363,0.000295,74.125.68.0-255,1484,30576,94,372627
2364,0.000297,172.31.47.0-255,66,30642,94,372627
2365,0.000322,74.125.68.0-255,1484,32126,94,372627
2366,0.000326,172.31.47.0-255,66,32192,94,372627
2367,0.000331,74.125.68.0-255,5738,37930,94,372627
2368,0.000333,172.31.47.0-255,66,37996,94,372627
2369,0.00037,74.125.68.0-255,2543,40539,94,372627
2370,0.000373,172.31.47.0-255,66,40605,94,372627
2371,0.000376,74.125.68.0-255,2902,43507,94,372627
2372,0.000379,172.31.47.0-255,66,43573,94,372627
2373,0.000398,74.125.68.0-255,1484,45057,94,372627
2374,0.000413,74.125.68.0-255,2902,47959,94,372627
2375,0.000415,172.31.47.0-255,66,48025,94,372627
2376,0.000421,74.125.68.0-255,5738,53763,94,372627
2377,0.000423,172.31.47.0-255,66,53829,94,372627
2378,0.000442,74.125.68.0-255,3961,57790,94,372627
2379,0.000445,172.31.47.0-255,66,57856,94,372627
2380,0.000474,74.125.68.0-255,647,58503,94,372627
2381,0.000663,172.31.47.0-255,66,58569,94,372627
2382,0.000842,74.125.68.0-255,1484,60053,94,372627
2383,0.00085,74.125.68.0-255,2902,62955,94,372627
2384,0.000853,172.31.47.0-255,66,63021,94,372627
2385,0.000895,74.125.68.0-255,5738,68759,94,372627
2386,0.000898,172.31.47.0-255,66,68825,94,372627
2387,0.000903,74.125.68.0-255,2902,71727,94,372627
2388,0.000904,172.31.47.0-255,66,71793,94,372627
2389,0.000926,74.125.68.0-255,4320,76113,94,372627
2390,0.000932,172.31.47.0-255,66,76179,94,372627
2391,0.000957,74.125.68.0-255,5738,81917,94,372627
2392,0.000959,172.31.47.0-255,66,81983,94,372627
2393,0.000969,172.31.47.0-255,66,82049,94,372627
2394,0.000998,74.125.68.0-255,766,82815,94,372627
2395,0.001256,74.125.68.0-255,1484,84299,94,372627
2396,0.001261,172.31.47.0-255,66,84365,94,372627
2397,0.001265,74.125.68.0-255,1484,85849,94,372627
2398,0.001283,74.125.68.0-255,1484,87333,94,372627
2399,0.001285,172.31.47.0-255,66,87399,94,372627
2400,0.001288,74.125.68.0-255,1484,88883,94,372627
2401,0.001303,74.125.68.0-255,4320,93203,94,372627
2402,0.001308,172.31.47.0-255,66,93269,94,372627
2403,0.001312,74.125.68.0-255,4320,97589,94,372627
2404,0.001314,172.31.47.0-255,66,97655,94,372627
2405,0.001319,74.125.68.0-255,5738,103393,94,372627
2406,0.001321,172.31.47.0-255,66,103459,94,372627
2407,0.001359,172.31.47.0-255,66,103525,94,372627
2408,0.001363,74.125.68.0-255,2184,105709,94,372627
2409,0.001364,172.31.47.0-255,66,105775,94,372627
2410,0.001412,74.125.68.0-255,1484,107259,94,372627
2411,0.001431,172.31.47.0-255,66,107325,94,372627
2412,0.001454,74.125.68.0-255,4320,111645,94,372627
2413,0.001456,172.31.47.0-255,66,111711,94,372627
2414,0.001487,172.31.47.0-255,66,111777,94,372627
2415,0.001491,74.125.68.0-255,4320,116097,94,372627
2416,0.001493,172.31.47.0-255,66,116163,94,372627
2417,0.001506,74.125.68.0-255,1484,117647,94,372627
2418,0.001524,74.125.68.0-255,3602,121249,94,372627
2419,0.001526,172.31.47.0-255,66,121315,94,372627
2420,0.001686,74.125.68.0-255,1484,122799,94,372627
2421,0.0017,74.125.68.0-255,2902,125701,94,372627
2422,0.001702,172.31.47.0-255,66,125767,94,372627
2423,0.001714,74.125.68.0-255,4320,130087,94,372627
2424,0.001719,172.31.47.0-255,66,130153,94,372627
2425,0.001723,74.125.68.0-255,2902,133055,94,372627
2426,0.001725,172.31.47.0-255,66,133121,94,372627
2427,0.001741,74.125.68.0-255,2902,136023,94,372627
2428,0.001742,172.31.47.0-255,66,136089,94,372627
2429,0.001765,74.125.68.0-255,4320,140409,94,372627
2430,0.001767,172.31.47.0-255,66,140475,94,372627
2431,0.001778,74.125.68.0-255,1484,141959,94,372627
2432,0.001796,74.125.68.0-255,1484,143443,94,372627
2433,0.001798,172.31.47.0-255,66,143509,94,372627
2434,0.001811,74.125.68.0-255,5738,149247,94,372627
2435,0.001813,172.31.47.0-255,66,149313,94,372627
2436,0.001819,74.125.68.0-255,2902,152215,94,372627
2437,0.001821,172.31.47.0-255,66,152281,94,372627
2438,0.001825,74.125.68.0-255,3602,155883,94,372627
2439,0.001829,172.31.47.0-255,66,155949,94,372627
2440,0.001884,74.125.68.0-255,1484,157433,94,372627
2441,0.001888,74.125.68.0-255,2902,160335,94,372627
2442,0.00189,172.31.47.0-255,66,160401,94,372627
2443,0.001912,74.125.68.0-255,5738,166139,94,372627
2444,0.001914,172.31.47.0-255,66,166205,94,372627
2445,0.001948,74.125.68.0-255,7156,173361,94,372627
2446,0.00195,172.31.47.0-255,66,173427,94,372627
2447,0.001972,74.125.68.0-255,7156,180583,94,372627
2448,0.001974,172.31.47.0-255,66,180649,94,372627
2449,0.001996,74.125.68.0-255,5738,186387,94,372627
2450,0.001998,172.31.47.0-255,66,186453,94,372627
2451,0.003927,74.125.68.0-255,2902,189355,94,372627
2452,0.00393,172.31.47.0-255,66,189421,94,372627
2453,0.003942,74.125.68.0-255,2902,192323,94,372627
2454,0.003947,172.31.47.0-255,66,192389,94,372627
2455,0.005868,74.125.68.0-255,2902,195291,94,372627
2456,0.005872,172.31.47.0-255,66,195357,94,372627
2457,0.005895,74.125.68.0-255,2902,198259,94,372627
2458,0.005898,172.31.47.0-255,66,198325,94,372627
2459,0.00781,74.125.68.0-255,2902,201227,94,372627
2460,0.007816,172.31.47.0-255,66,201293,94,372627
2461,0.007846,74.125.68.0-255,2902,204195,94,372627
2462,0.007849,172.31.47.0-255,66,204261,94,372627
2463,0.009792,74.125.68.0-255,5738,209999,94,372627
2464,0.009798,172.31.47.0-255,66,210065,94,372627
2465,0.011742,74.125.68.0-255,5738,215803,94,372627
2466,0.01175,172.31.47.0-255,66,215869,94,372627
2467,0.013706,74.125.68.0-255,5738,221607,94,372627
2468,0.013713,172.31.47.0-255,66,221673,94,372627
2469,0.015655,74.125.68.0-255,5738,227411,94,372627
2470,0.015662,172.31.47.0-255,66,227477,94,372627
2471,0.017607,74.125.68.0-255,5738,233215,94,372627
2472,0.017613,172.31.47.0-255,66,233281,94,372627
2473,0.019554,74.125.68.0-255,5738,239019,94,372627
2474,0.019559,172.31.47.0-255,66,239085,94,372627
2475,0.021512,74.125.68.0-255,5738,244823,94,372627
2476,0.021519,172.31.47.0-255,66,244889,94,372627
2477,0.023465,74.125.68.0-255,5738,250627,94,372627
2478,0.02347,172.31.47.0-255,66,250693,94,372627
2479,0.02354,172.31.47.0-255,172,250865,94,372627
2480,0.023563,172.31.47.0-255,1112,251977,94,372627
2481,0.023594,172.31.47.0-255,1514,253491,94,372627
2482,0.023595,172.31.47.0-255,1292,254783,94,372627
2483,0.025077,104.244.42.0-255,66,254849,94,372627
2484,0.025134,104.244.42.0-255,66,254915,94,372627
2485,0.025163,104.244.42.0-255,66,254981,94,372627
2486,0.025402,74.125.68.0-255,5738,260719,94,372627
2487,0.025406,172.31.47.0-255,66,260785,94,372627
2488,0.026097,104.244.42.0-255,108,260893,94,372627
2489,0.026101,172.31.47.0-255,66,260959,94,372627
2490,0.027342,74.125.68.0-255,5738,266697,94,372627
2491,0.027346,172.31.47.0-255,66,266763,94,372627
2492,0.029295,74.125.68.0-255,2902,269665,94,372627
2493,0.029299,172.31.47.0-255,66,269731,94,372627
2494,0.029342,74.125.68.0-255,2902,272633,94,372627
2495,0.029345,172.31.47.0-255,66,272699,94,372627
2496,0.031243,74.125.68.0-255,2902,275601,94,372627
2497,0.031248,172.31.47.0-255,66,275667,94,372627
2498,0.031283,74.125.68.0-255,2902,278569,94,372627
2499,0.031286,172.31.47.0-255,66,278635,94,372627
2500,0.033184,74.125.68.0-255,2902,281537,94,372627
2501,0.03319,172.31.47.0-255,66,281603,94,372627
2502,0.033224,74.125.68.0-255,2902,284505,94,372627
2503,0.033229,172.31.47.0-255,66,284571,94,372627
2504,0.035133,74.125.68.0-255,2902,287473,94,372627
2505,0.035139,172.31.47.0-255,66,287539,94,372627
2506,0.035174,74.125.68.0-255,2902,290441,94,372627
2507,0.035177,172.31.47.0-255,66,290507,94,372627
2508,0.037077,74.125.68.0-255,2902,293409,94,372627
2509,0.037082,172.31.47.0-255,66,293475,94,372627
2510,0.037116,74.125.68.0-255,2902,296377,94,372627
2511,0.037119,172.31.47.0-255,66,296443,94,372627
2512,0.03903,74.125.68.0-255,2902,299345,94,372627
2513,0.039035,172.31.47.0-255,66,299411,94,372627
2514,0.039065,74.125.68.0-255,2902,302313,94,372627
2515,0.039067,172.31.47.0-255,66,302379,94,372627
2516,0.041001,74.125.68.0-255,2902,305281,94,372627
2517,0.041005,172.31.47.0-255,66,305347,94,372627
2518,0.041036,74.125.68.0-255,2902,308249,94,372627
2519,0.041039,172.31.47.0-255,66,308315,94,372627
2520,0.04294,74.125.68.0-255,2902,311217,94,372627
2521,0.042957,172.31.47.0-255,66,311283,94,372627
2522,0.042981,74.125.68.0-255,2902,314185,94,372627
2523,0.042985,172.31.47.0-255,66,314251,94,372627
2524,0.044908,74.125.68.0-255,2902,317153,94,372627
2525,0.044913,172.31.47.0-255,66,317219,94,372627
2526,0.044948,74.125.68.0-255,2902,320121,94,372627
2527,0.044951,172.31.47.0-255,66,320187,94,372627
2528,0.04686,74.125.68.0-255,2902,323089,94,372627
2529,0.046863,172.31.47.0-255,66,323155,94,372627
2530,0.046892,74.125.68.0-255,2902,326057,94,372627
2531,0.046895,172.31.47.0-255,66,326123,94,372627
2532,0.0488,74.125.68.0-255,2902,329025,94,372627
2533,0.048806,172.31.47.0-255,66,329091,94,372627
2534,0.048841,74.125.68.0-255,2902,331993,94,372627
2535,0.048844,172.31.47.0-255,66,332059,94,372627
2536,0.050745,74.125.68.0-255,2902,334961,94,372627
2537,0.05075,172.31.47.0-255,66,335027,94,372627
2538,0.050782,74.125.68.0-255,2902,337929,94,372627
2539,0.050785,172.31.47.0-255,66,337995,94,372627
2540,0.052684,74.125.68.0-255,2902,340897,94,372627
2541,0.052689,172.31.47.0-255,66,340963,94,372627
2542,0.052719,74.125.68.0-255,2902,343865,94,372627
2543,0.052721,172.31.47.0-255,66,343931,94,372627
2544,0.054627,74.125.68.0-255,2902,346833,94,372627
2545,0.054633,172.31.47.0-255,66,346899,94,372627
2546,0.054666,74.125.68.0-255,2902,349801,94,372627
2547,0.054669,172.31.47.0-255,66,349867,94,372627
2548,0.056597,74.125.68.0-255,2902,352769,94,372627
2549,0.056603,172.31.47.0-255,66,352835,94,372627
2550,0.056638,74.125.68.0-255,2902,355737,94,372627
2551,0.056641,172.31.47.0-255,66,355803,94,372627
2552,0.058597,74.125.68.0-255,2902,358705,94,372627
2553,0.058603,172.31.47.0-255,66,358771,94,372627
2554,0.058636,74.125.68.0-255,2902,361673,94,372627
2555,0.058639,172.31.47.0-255,66,361739,94,372627
2556,0.060535,74.125.68.0-255,2902,364641,94,372627
2557,0.060541,172.31.47.0-255,66,364707,94,372627
2558,0.060567,74.125.68.0-255,2902,367609,94,372627
2559,0.06057,172.31.47.0-255,66,367675,94,372627
2560,0.062484,74.125.68.0-255,2902,370577,94,372627
2561,0.062489,172.31.47.0-255,66,370643,94,372627
2562,0.06252,74.125.68.0-255,1747,372390,94,372627
2563,0.062523,172.31.47.0-255,66,372456,94,372627
2564,0.062679,172.31.47.0-255,105,372561,94,372627
2565,0.06461,74.125.68.0-255,66,372627,94,372627
2566,0.0,74.125.130.0-255,153,153,94,353869
2567,2.5e-05,172.31.47.0-255,66,219,94,353869
2568,3.3e-05,74.125.130.0-255,1484,1703,94,353869
2569,3.7e-05,172.31.47.0-255,66,1769,94,353869
2570,4.4e-05,74.125.130.0-255,2902,4671,94,353869
2571,4.8e-05,172.31.47.0-255,66,4737,94,353869
2572,5.6e-05,74.125.130.0-255,7156,11893,94,353869
2573,5.9e-05,172.31.47.0-255,66,11959,94,353869
2574,6.3e-05,74.125.130.0-255,1974,13933,94,353869
2575,6.6e-05,172.31.47.0-255,66,13999,94,353869
2576,0.000122,74.125.130.0-255,1484,15483,94,353869
2577,0.000125,172.31.47.0-255,66,15549,94,353869
2578,0.00013,74.125.130.0-255,2902,18451,94,353869
2579,0.000132,172.31.47.0-255,66,18517,94,353869
2580,0.000161,74.125.130.0-255,5738,24255,94,353869
2581,0.000164,172.31.47.0-255,66,24321,94,353869
2582,0.000167,74.125.130.0-255,1484,25805,94,353869
2583,0.000169,172.31.47.0-255,66,25871,94,353869
2584,0.00019,74.125.130.0-255,5379,31250,94,353869
2585,0.000193,172.31.47.0-255,66,31316,94,353869
2586,0.000306,74.125.130.0-255,1484,32800,94,353869
2587,0.00031,172.31.47.0-255,66,32866,94,353869
2588,0.000324,74.125.130.0-255,2902,35768,94,353869
2589,0.000326,172.31.47.0-255,66,35834,94,353869
2590,0.00033,74.125.130.0-255,1484,37318,94,353869
2591,0.000331,172.31.47.0-255,66,37384,94,353869
2592,0.000364,74.125.130.0-255,4320,41704,94,353869
2593,0.000367,172.31.47.0-255,66,41770,94,353869
2594,0.000378,172.31.47.0-255,66,41836,94,353869
2595,0.000418,172.31.47.0-255,66,41902,94,353869
2596,0.000424,74.125.130.0-255,3961,45863,94,353869
2597,0.000426,172.31.47.0-255,66,45929,94,353869
2598,0.000582,74.125.130.0-255,647,46576,94,353869
2599,0.000764,74.125.130.0-255,1484,48060,94,353869
2600,0.000769,172.31.47.0-255,66,48126,94,353869
2601,0.000789,74.125.130.0-255,2902,51028,94,353869
2602,0.000791,172.31.47.0-255,66,51094,94,353869
2603,0.000798,74.125.130.0-255,4320,55414,94,353869
2604,0.0008,172.31.47.0-255,66,55480,94,353869
2605,0.000825,74.125.130.0-255,1484,56964,94,353869
2606,0.000832,74.125.130.0-255,7156,64120,94,353869
2607,0.000835,172.31.47.0-255,66,64186,94,353869
2608,0.000841,74.125.130.0-255,4320,68506,94,353869
2609,0.000843,172.31.47.0-255,66,68572,94,353869
2610,0.000857,74.125.130.0-255,4320,72892,94,353869
2611,0.00086,172.31.47.0-255,66,72958,94,353869
2612,0.000866,74.125.130.0-255,4320,77278,94,353869
2613,0.000868,172.31.47.0-255,66,77344,94,353869
2614,0.000891,74.125.130.0-255,3602,80946,94,353869
2615,0.000893,172.31.47.0-255,66,81012,94,353869
2616,0.000936,74.125.130.0-255,1484,82496,94,353869
2617,0.000954,74.125.130.0-255,2902,85398,94,353869
2618,0.000957,172.31.47.0-255,66,85464,94,353869
2619,0.000975,74.125.130.0-255,5738,91202,94,353869
2620,0.000978,172.31.47.0-255,66,91268,94,353869
2621,0.000984,74.125.130.0-255,5738,97006,94,353869
2622,0.000987,172.31.47.0-255,66,97072,94,353869
2623,0.000999,74.125.130.0-255,1484,98556,94,353869
2624,0.001026,74.125.130.0-255,5738,104294,94,353869
2625,0.00103,172.31.47.0-255,66,104360,94,353869
2626,0.00105,74.125.130.0-255,7156,111516,94,353869
2627,0.001053,172.31.47.0-255,66,111582,94,353869
2628,0.001074,74.125.130.0-255,3602,115184,94,353869
2629,0.001077,172.31.47.0-255,66,115250,94,353869
2630,0.001158,74.125.130.0-255,1484,116734,94,353869
2631,0.001171,74.125.130.0-255,2902,119636,94,353869
2632,0.001174,172.31.47.0-255,66,119702,94,353869
2633,0.001177,74.125.130.0-255,1484,121186,94,353869
2634,0.001193,74.125.130.0-255,4320,125506,94,353869
2635,0.001195,172.31.47.0-255,66,125572,94,353869
2636,0.001215,74.125.130.0-255,4320,129892,94,353869
2637,0.001218,172.31.47.0-255,66,129958,94,353869
2638,0.001245,172.31.47.0-255,66,130024,94,353869
2639,0.001251,74.125.130.0-255,4320,134344,94,353869
2640,0.001254,172.31.47.0-255,66,134410,94,353869
2641,0.001278,74.125.130.0-255,4320,138730,94,353869
2642,0.001281,172.31.47.0-255,66,138796,94,353869
2643,0.0013,74.125.130.0-255,2184,140980,94,353869
2644,0.001303,172.31.47.0-255,66,141046,94,353869
2645,0.001491,74.125.130.0-255,1484,142530,94,353869
2646,0.001504,74.125.130.0-255,2902,145432,94,353869
2647,0.001507,172.31.47.0-255,66,145498,94,353869
2648,0.00153,74.125.130.0-255,5738,151236,94,353869
2649,0.001533,172.31.47.0-255,66,151302,94,353869
2650,0.001537,74.125.130.0-255,2902,154204,94,353869
2651,0.001539,172.31.47.0-255,66,154270,94,353869
2652,0.001543,74.125.130.0-255,4320,158590,94,353869
2653,0.001545,172.31.47.0-255,66,158656,94,353869
2654,0.001618,172.31.47.0-255,66,158722,94,353869
2655,0.001623,74.125.130.0-255,4320,163042,94,353869
2656,0.001624,172.31.47.0-255,66,163108,94,353869
2657,0.001636,74.125.130.0-255,1484,164592,94,353869
2658,0.001649,74.125.130.0-255,2184,166776,94,353869
2659,0.001651,172.31.47.0-255,66,166842,94,353869
2660,0.002094,74.125.130.0-255,1484,168326,94,353869
2661,0.00211,74.125.130.0-255,2902,171228,94,353869
2662,0.002113,172.31.47.0-255,66,171294,94,353869
2663,0.002136,74.125.130.0-255,5738,177032,94,353869
2664,0.002139,172.31.47.0-255,66,177098,94,353869
2665,0.002145,74.125.130.0-255,5738,182836,94,353869
2666,0.002147,172.31.47.0-255,66,182902,94,353869
2667,0.002189,74.125.130.0-255,7156,190058,94,353869
2668,0.002191,172.31.47.0-255,66,190124,94,353869
2669,0.002195,74.125.130.0-255,2902,193026,94,353869
2670,0.002196,172.31.47.0-255,66,193092,94,353869
2671,0.002218,172.31.47.0-255,66,193158,94,353869
2672,0.002254,172.31.47.0-255,66,193224,94,353869
2673,0.002265,74.125.130.0-255,5738,198962,94,353869
2674,0.002267,172.31.47.0-255,66,199028,94,353869
2675,0.002298,74.125.130.0-255,4320,203348,94,353869
2676,0.0023,172.31.47.0-255,66,203414,94,353869
2677,0.002327,172.31.47.0-255,66,203480,94,353869
2678,0.004589,74.125.130.0-255,5738,209218,94,353869
2679,0.004596,172.31.47.0-255,66,209284,94,353869
2680,0.006859,74.125.130.0-255,5738,215022,94,353869
2681,0.006863,172.31.47.0-255,66,215088,94,353869
2682,0.009117,74.125.130.0-255,5738,220826,94,353869
2683,0.009125,172.31.47.0-255,66,220892,94,353869
2684,0.011379,74.125.130.0-255,5738,226630,94,353869
2685,0.011387,172.31.47.0-255,66,226696,94,353869
2686,0.013637,74.125.130.0-255,5738,232434,94,353869
2687,0.013644,172.31.47.0-255,66,232500,94,353869
2688,0.015911,74.125.130.0-255,5738,238238,94,353869
2689,0.015921,172.31.47.0-255,66,238304,94,353869
2690,0.018187,74.125.130.0-255,5738,244042,94,353869
2691,0.018194,172.31.47.0-255,66,244108,94,353869
2692,0.020457,74.125.130.0-255,5738,249846,94,353869
2693,0.020464,172.31.47.0-255,66,249912,94,353869
2694,0.022723,74.125.130.0-255,5738,255650,94,353869
2695,0.022729,172.31.47.0-255,66,255716,94,353869
2696,0.024984,74.125.130.0-255,5738,261454,94,353869
2697,0.02499,172.31.47.0-255,66,261520,94,353869
2698,0.027247,74.125.130.0-255,5738,267258,94,353869
2699,0.027254,172.31.47.0-255,66,267324,94,353869
2700,0.028629,172.31.47.0-255,172,267496,94,353869
2701,0.028657,172.31.47.0-255,1118,268614,94,353869
2702,0.028705,172.31.47.0-255,1514,270128,94,353869
2703,0.028706,172.31.47.0-255,1286,271414,94,353869
2704,0.029511,74.125.130.0-255,5738,277152,94,353869
2705,0.029517,172.31.47.0-255,66,277218,94,353869
2706,0.030138,104.244.42.0-255,66,277284,94,353869
2707,0.030199,104.244.42.0-255,66,277350,94,353869
2708,0.030202,104.244.42.0-255,66,277416,94,353869
2709,0.031779,74.125.130.0-255,5738,283154,94,353869
2710,0.031788,172.31.47.0-255,66,283220,94,353869
2711,0.034051,74.125.130.0-255,5738,288958,94,353869
2712,0.034057,172.31.47.0-255,66,289024,94,353869
2713,0.036321,74.125.130.0-255,5738,294762,94,353869
2714,0.036327,172.31.47.0-255,66,294828,94,353869
2715,0.038579,74.125.130.0-255,5738,300566,94,353869
2716,0.038585,172.31.47.0-255,66,300632,94,353869
2717,0.040832,74.125.130.0-255,5738,306370,94,353869
2718,0.040841,172.31.47.0-255,66,306436,94,353869
2719,0.04309,74.125.130.0-255,5738,312174,94,353869
2720,0.043095,172.31.47.0-255,66,312240,94,353869
2721,0.045349,74.125.130.0-255,5738,317978,94,353869
2722,0.045358,172.31.47.0-255,66,318044,94,353869
2723,0.04763,74.125.130.0-255,5738,323782,94,353869
2724,0.047644,172.31.47.0-255,66,323848,94,353869
2725,0.049913,74.125.130.0-255,5738,329586,94,353869
2726,0.049919,172.31.47.0-255,66,329652,94,353869
2727,0.052165,74.125.130.0-255,5738,335390,94,353869
2728,0.05217,172.31.47.0-255,66,335456,94,353869
2729,0.054466,74.125.130.0-255,5738,341194,94,353869
2730,0.054472,172.31.47.0-255,66,341260,94,353869
2731,0.056742,74.125.130.0-255,5738,346998,94,353869
2732,0.056748,172.31.47.0-255,66,347064,94,353869
2733,0.058999,74.125.130.0-255,5738,352802,94,353869
2734,0.059004,172.31.47.0-255,66,352868,94,353869
2735,0.061243,74.125.130.0-255,764,353632,94,353869
2736,0.061389,172.31.47.0-255,66,353698,94,353869
2737,0.061425,172.31.47.0-255,105,353803,94,353869
2738,0.063654,74.125.130.0-255,66,353869,94,353869
2739,0.0,74.125.130.0-255,153,153,94,358274
2740,2.4e-05,172.31.47.0-255,66,219,94,358274
2741,6.7e-05,74.125.130.0-255,1484,1703,94,358274
2742,7.1e-05,172.31.47.0-255,66,1769,94,358274
2743,7.6e-05,74.125.130.0-255,2902,4671,94,358274
2744,7.9e-05,172.31.47.0-255,66,4737,94,358274
2745,0.000105,74.125.130.0-255,1484,6221,94,358274
2746,0.000108,172.31.47.0-255,66,6287,94,358274
2747,0.000112,74.125.130.0-255,2902,9189,94,358274
2748,0.000114,172.31.47.0-255,66,9255,94,358274
2749,0.000145,74.125.130.0-255,4891,14146,94,358274
2750,0.000148,172.31.47.0-255,66,14212,94,358274
2751,0.000179,74.125.130.0-255,2902,17114,94,358274
2752,0.000182,172.31.47.0-255,66,17180,94,358274
2753,0.000212,74.125.130.0-255,4320,21500,94,358274
2754,0.000216,172.31.47.0-255,66,21566,94,358274
2755,0.000256,74.125.130.0-255,7156,28722,94,358274
2756,0.000259,172.31.47.0-255,66,28788,94,358274
2757,0.000271,172.31.47.0-255,66,28854,94,358274
2758,0.000276,74.125.130.0-255,4320,33174,94,358274
2759,0.000277,172.31.47.0-255,66,33240,94,358274
2760,0.000311,74.125.130.0-255,4320,37560,94,358274
2761,0.000316,172.31.47.0-255,66,37626,94,358274
2762,0.000344,74.125.130.0-255,2184,39810,94,358274
2763,0.000347,172.31.47.0-255,66,39876,94,358274
2764,0.000413,74.125.130.0-255,1484,41360,94,358274
2765,0.000418,172.31.47.0-255,66,41426,94,358274
2766,0.000422,74.125.130.0-255,2902,44328,94,358274
2767,0.000425,172.31.47.0-255,66,44394,94,358274
2768,0.000428,74.125.130.0-255,1484,45878,94,358274
2769,0.00043,172.31.47.0-255,66,45944,94,358274
2770,0.000446,74.125.130.0-255,2902,48846,94,358274
2771,0.000449,172.31.47.0-255,66,48912,94,358274
2772,0.000478,172.31.47.0-255,66,48978,94,358274
2773,0.000481,74.125.130.0-255,286,49264,94,358274
2774,0.000591,74.125.130.0-255,1484,50748,94,358274
2775,0.000595,172.31.47.0-255,66,50814,94,358274
2776,0.000624,74.125.130.0-255,2902,53716,94,358274
2777,0.000627,172.31.47.0-255,66,53782,94,358274
2778,0.000633,74.125.130.0-255,5738,59520,94,358274
2779,0.000635,172.31.47.0-255,66,59586,94,358274
2780,0.00064,74.125.130.0-255,2902,62488,94,358274
2781,0.000642,172.31.47.0-255,66,62554,94,358274
2782,0.000679,172.31.47.0-255,66,62620,94,358274
2783,0.000712,74.125.130.0-255,2543,65163,94,358274
2784,0.000716,172.31.47.0-255,66,65229,94,358274
2785,0.000722,74.125.130.0-255,5738,70967,94,358274
2786,0.000724,172.31.47.0-255,66,71033,94,358274
2787,0.000745,74.125.130.0-255,3961,74994,94,358274
2788,0.000753,172.31.47.0-255,66,75060,94,358274
2789,0.000826,74.125.130.0-255,1484,76544,94,358274
2790,0.000843,74.125.130.0-255,2902,79446,94,358274
2791,0.000853,74.125.130.0-255,1484,80930,94,358274
2792,0.000854,172.31.47.0-255,66,80996,94,358274
2793,0.000877,74.125.130.0-255,4320,85316,94,358274
2794,0.000881,172.31.47.0-255,66,85382,94,358274
2795,0.000886,74.125.130.0-255,2902,88284,94,358274
2796,0.000888,172.31.47.0-255,66,88350,94,358274
2797,0.000918,74.125.130.0-255,7156,95506,94,358274
2798,0.000921,172.31.47.0-255,66,95572,94,358274
2799,0.00094,172.31.47.0-255,66,95638,94,358274
2800,0.000945,74.125.130.0-255,2184,97822,94,358274
2801,0.000948,172.31.47.0-255,66,97888,94,358274
2802,0.001143,74.125.130.0-255,1484,99372,94,358274
2803,0.001157,74.125.130.0-255,2902,102274,94,358274
2804,0.001161,172.31.47.0-255,66,102340,94,358274
2805,0.001191,74.125.130.0-255,5738,108078,94,358274
2806,0.001194,172.31.47.0-255,66,108144,94,358274
2807,0.001197,74.125.130.0-255,1484,109628,94,358274
2808,0.001219,74.125.130.0-255,2902,112530,94,358274
2809,0.001223,172.31.47.0-255,66,112596,94,358274
2810,0.001261,74.125.130.0-255,5738,118334,94,358274
2811,0.001265,172.31.47.0-255,66,118400,94,358274
2812,0.001268,74.125.130.0-255,1484,119884,94,358274
2813,0.001306,172.31.47.0-255,66,119950,94,358274
2814,0.001309,74.125.130.0-255,1484,121434,94,358274
2815,0.001313,74.125.130.0-255,2184,123618,94,358274
2816,0.001315,172.31.47.0-255,66,123684,94,358274
2817,0.001855,74.125.130.0-255,1484,125168,94,358274
2818,0.001877,74.125.130.0-255,2902,128070,94,358274
2819,0.001882,172.31.47.0-255,66,128136,94,358274
2820,0.001889,74.125.130.0-255,5738,133874,94,358274
2821,0.001892,172.31.47.0-255,66,133940,94,358274
2822,0.00193,172.31.47.0-255,66,134006,94,358274
2823,0.001935,74.125.130.0-255,4320,138326,94,358274
2824,0.001938,172.31.47.0-255,66,138392,94,358274
2825,0.001962,74.125.130.0-255,5738,144130,94,358274
2826,0.001965,172.31.47.0-255,66,144196,94,358274
2827,0.00197,74.125.130.0-255,5020,149216,94,358274
2828,0.001973,172.31.47.0-255,66,149282,94,358274
2829,0.002003,74.125.130.0-255,5738,155020,94,358274
2830,0.002006,172.31.47.0-255,66,155086,94,358274
2831,0.002009,74.125.130.0-255,1484,156570,94,358274
2832,0.002073,74.125.130.0-255,2902,159472,94,358274
2833,0.002077,172.31.47.0-255,66,159538,94,358274
2834,0.002084,74.125.130.0-255,5738,165276,94,358274
2835,0.002086,172.31.47.0-255,66,165342,94,358274
2836,0.002092,74.125.130.0-255,7156,172498,94,358274
2837,0.002094,172.31.47.0-255,66,172564,94,358274
2838,0.002119,74.125.130.0-255,5738,178302,94,358274
2839,0.002122,172.31.47.0-255,66,178368,94,358274
2840,0.002152,74.125.130.0-255,5020,183388,94,358274
2841,0.002155,172.31.47.0-255,66,183454,94,358274
2842,0.002251,74.125.130.0-255,1484,184938,94,358274
2843,0.002257,74.125.130.0-255,2902,187840,94,358274
2844,0.00226,172.31.47.0-255,66,187906,94,358274
2845,0.002287,74.125.130.0-255,5738,193644,94,358274
2846,0.00229,172.31.47.0-255,66,193710,94,358274
2847,0.002328,172.31.47.0-255,66,193776,94,358274
2848,0.00235,74.125.130.0-255,4320,198096,94,358274
2849,0.002352,172.31.47.0-255,66,198162,94,358274
2850,0.002357,74.125.130.0-255,4320,202482,94,358274
2851,0.002359,172.31.47.0-255,66,202548,94,358274
2852,0.004672,74.125.130.0-255,4320,206868,94,358274
2853,0.004678,172.31.47.0-255,66,206934,94,358274
2854,0.004702,74.125.130.0-255,1484,208418,94,358274
2855,0.006987,74.125.130.0-255,2902,211320,94,358274
2856,0.006992,172.31.47.0-255,66,211386,94,358274
2857,0.007019,74.125.130.0-255,1484,212870,94,358274
2858,0.009301,74.125.130.0-255,4320,217190,94,358274
2859,0.009308,172.31.47.0-255,66,217256,94,358274
2860,0.011795,74.125.130.0-255,5738,222994,94,358274
2861,0.011856,172.31.47.0-255,66,223060,94,358274
2862,0.014186,74.125.130.0-255,5738,228798,94,358274
2863,0.014194,172.31.47.0-255,66,228864,94,358274
2864,0.016497,74.125.130.0-255,5738,234602,94,358274
2865,0.016504,172.31.47.0-255,66,234668,94,358274
2866,0.01882,74.125.130.0-255,5738,240406,94,358274
2867,0.018827,172.31.47.0-255,66,240472,94,358274
2868,0.021146,74.125.130.0-255,5738,246210,94,358274
2869,0.021153,172.31.47.0-255,66,246276,94,358274
2870,0.023455,74.125.130.0-255,5738,252014,94,358274
2871,0.023462,172.31.47.0-255,66,252080,94,358274
2872,0.025774,74.125.130.0-255,5738,257818,94,358274
2873,0.025783,172.31.47.0-255,66,257884,94,358274
2874,0.028093,74.125.130.0-255,5738,263622,94,358274
2875,0.028101,172.31.47.0-255,66,263688,94,358274
2876,0.030409,74.125.130.0-255,5738,269426,94,358274
2877,0.030417,172.31.47.0-255,66,269492,94,358274
2878,0.032727,74.125.130.0-255,4320,273812,94,358274
2879,0.032735,172.31.47.0-255,66,273878,94,358274
2880,0.032773,74.125.130.0-255,1484,275362,94,358274
2881,0.03505,74.125.130.0-255,4320,279682,94,358274
2882,0.035058,172.31.47.0-255,66,279748,94,358274
2883,0.037367,74.125.130.0-255,5738,285486,94,358274
2884,0.037376,172.31.47.0-255,66,285552,94,358274
2885,0.03969,74.125.130.0-255,5738,291290,94,358274
2886,0.039697,172.31.47.0-255,66,291356,94,358274
2887,0.039802,172.31.47.0-255,172,291528,94,358274
2888,0.039829,172.31.47.0-255,1071,292599,94,358274
2889,0.041359,104.244.42.0-255,66,292665,94,358274
2890,0.041406,104.244.42.0-255,66,292731,94,358274
2891,0.041988,74.125.130.0-255,1484,294215,94,358274
2892,0.042019,74.125.130.0-255,4320,298535,94,358274
2893,0.042024,172.31.47.0-255,66,298601,94,358274
2894,0.044385,74.125.130.0-255,5738,304339,94,358274
2895,0.044392,172.31.47.0-255,66,304405,94,358274
2896,0.046704,74.125.130.0-255,5738,310143,94,358274
2897,0.04671,172.31.47.0-255,66,310209,94,358274
2898,0.049026,74.125.130.0-255,5738,315947,94,358274
2899,0.049032,172.31.47.0-255,66,316013,94,358274
2900,0.051342,74.125.130.0-255,5738,321751,94,358274
2901,0.051348,172.31.47.0-255,66,321817,94,358274
2902,0.05366,74.125.130.0-255,5738,327555,94,358274
2903,0.053666,172.31.47.0-255,66,327621,94,358274
2904,0.055969,74.125.130.0-255,2902,330523,94,358274
2905,0.055975,172.31.47.0-255,66,330589,94,358274
2906,0.056038,74.125.130.0-255,2902,333491,94,358274
2907,0.056042,172.31.47.0-255,66,333557,94,358274
2908,0.058279,74.125.130.0-255,2902,336459,94,358274
2909,0.058284,172.31.47.0-255,66,336525,94,358274
2910,0.058342,74.125.130.0-255,2902,339427,94,358274
2911,0.058346,172.31.47.0-255,66,339493,94,358274
2912,0.060587,74.125.130.0-255,2902,342395,94,358274
2913,0.060592,172.31.47.0-255,66,342461,94,358274
2914,0.060637,74.125.130.0-255,2902,345363,94,358274
2915,0.060641,172.31.47.0-255,66,345429,94,358274
2916,0.062894,74.125.130.0-255,2902,348331,94,358274
2917,0.0629,172.31.47.0-255,66,348397,94,358274
2918,0.062942,74.125.130.0-255,2902,351299,94,358274
2919,0.062946,172.31.47.0-255,66,351365,94,358274
2920,0.065202,74.125.130.0-255,2902,354267,94,358274
2921,0.065208,172.31.47.0-255,66,354333,94,358274
2922,0.065243,74.125.130.0-255,2902,357235,94,358274
2923,0.065246,172.31.47.0-255,66,357301,94,358274
2924,0.067519,74.125.130.0-255,736,358037,94,358274
2925,0.067674,172.31.47.0-255,66,358103,94,358274
2926,0.067702,172.31.47.0-255,105,358208,94,358274
2927,0.069964,74.125.130.0-255,66,358274,94,358274
2928,0.0,172.217.194.0-255,153,153,94,186974
2929,2.3e-05,172.31.47.0-255,66,219,94,186974
2930,3.1e-05,172.217.194.0-255,1484,1703,94,186974
2931,3.5e-05,172.31.47.0-255,66,1769,94,186974
2932,4e-05,172.217.194.0-255,2902,4671,94,186974
2933,4.3e-05,172.31.47.0-255,66,4737,94,186974
2934,5e-05,172.217.194.0-255,5738,10475,94,186974
2935,5.3e-05,172.31.47.0-255,66,10541,94,186974
2936,5.6e-05,172.217.194.0-255,1484,12025,94,186974
2937,5.8e-05,172.31.47.0-255,66,12091,94,186974
2938,8.3e-05,172.217.194.0-255,2005,14096,94,186974
2939,8.6e-05,172.31.47.0-255,66,14162,94,186974
2940,8.9e-05,172.217.194.0-255,1484,15646,94,186974
2941,9.1e-05,172.31.47.0-255,66,15712,94,186974
2942,0.00011,172.217.194.0-255,2902,18614,94,186974
2943,0.000113,172.31.47.0-255,66,18680,94,186974
2944,0.000118,172.217.194.0-255,4320,23000,94,186974
2945,0.000121,172.31.47.0-255,66,23066,94,186974
2946,0.000136,172.217.194.0-255,1484,24550,94,186974
2947,0.000138,172.31.47.0-255,66,24616,94,186974
2948,0.000178,172.217.194.0-255,6797,31413,94,186974
2949,0.00018,172.31.47.0-255,66,31479,94,186974
2950,0.000443,172.217.194.0-255,1484,32963,94,186974
2951,0.000448,172.31.47.0-255,66,33029,94,186974
2952,0.000454,172.217.194.0-255,2902,35931,94,186974
2953,0.000457,172.31.47.0-255,66,35997,94,186974
2954,0.000463,172.217.194.0-255,5738,41735,94,186974
2955,0.000465,172.31.47.0-255,66,41801,94,186974
2956,0.000468,172.217.194.0-255,1484,43285,94,186974
2957,0.00047,172.31.47.0-255,66,43351,94,186974
2958,0.000499,172.217.194.0-255,5379,48730,94,186974
2959,0.000502,172.31.47.0-255,66,48796,94,186974
2960,0.000536,172.31.47.0-255,66,48862,94,186974
2961,0.000551,172.217.194.0-255,2902,51764,94,186974
2962,0.000554,172.31.47.0-255,66,51830,94,186974
2963,0.000559,172.217.194.0-255,2543,54373,94,186974
2964,0.000561,172.31.47.0-255,66,54439,94,186974
2965,0.000563,172.217.194.0-255,647,55086,94,186974
2966,0.000775,172.217.194.0-255,1484,56570,94,186974
2967,0.00078,172.31.47.0-255,66,56636,94,186974
2968,0.000784,172.217.194.0-255,2902,59538,94,186974
2969,0.000786,172.31.47.0-255,66,59604,94,186974
2970,0.000789,172.217.194.0-255,1484,61088,94,186974
2971,0.000806,172.217.194.0-255,4320,65408,94,186974
2972,0.000808,172.31.47.0-255,66,65474,94,186974
2973,0.000813,172.217.194.0-255,2902,68376,94,186974
2974,0.000814,172.31.47.0-255,66,68442,94,186974
2975,0.000836,172.31.47.0-255,66,68508,94,186974
2976,0.000872,172.31.47.0-255,66,68574,94,186974
2977,0.000889,172.217.194.0-255,2184,70758,94,186974
2978,0.000892,172.31.47.0-255,66,70824,94,186974
2979,0.000896,172.217.194.0-255,2902,73726,94,186974
2980,0.000898,172.31.47.0-255,66,73792,94,186974
2981,0.000926,172.217.194.0-255,7156,80948,94,186974
2982,0.000929,172.31.47.0-255,66,81014,94,186974
2983,0.000935,172.217.194.0-255,5738,86752,94,186974
2984,0.000938,172.31.47.0-255,66,86818,94,186974
2985,0.000959,172.31.47.0-255,66,86884,94,186974
2986,0.000984,172.217.194.0-255,5738,92622,94,186974
2987,0.000987,172.31.47.0-255,66,92688,94,186974
2988,0.00102,172.217.194.0-255,2184,94872,94,186974
2989,0.001022,172.31.47.0-255,66,94938,94,186974
2990,0.001033,172.31.47.0-255,66,95004,94,186974
2991,0.001038,172.217.194.0-255,4320,99324,94,186974
2992,0.001042,172.31.47.0-255,66,99390,94,186974
2993,0.001073,172.31.47.0-255,66,99456,94,186974
2994,0.001094,172.217.194.0-255,2902,102358,94,186974
2995,0.001097,172.31.47.0-255,66,102424,94,186974
2996,0.001129,172.31.47.0-255,66,102490,94,186974
2997,0.001141,172.31.47.0-255,66,102556,94,186974
2998,0.001147,172.217.194.0-255,4320,106876,94,186974
2999,0.00115,172.31.47.0-255,66,106942,94,186974
3000,0.001193,172.217.194.0-255,766,107708,94,186974
3001,0.001198,172.31.47.0-255,66,107774,94,186974
3002,0.00121,172.217.194.0-255,1484,109258,94,186974
3003,0.001213,172.31.47.0-255,66,109324,94,186974
3004,0.001229,172.217.194.0-255,4320,113644,94,186974
3005,0.001231,172.31.47.0-255,66,113710,94,186974
3006,0.001237,172.217.194.0-255,4320,118030,94,186974
3007,0.001239,172.31.47.0-255,66,118096,94,186974
3008,0.001275,172.31.47.0-255,66,118162,94,186974
3009,0.001292,172.217.194.0-255,2902,121064,94,186974
3010,0.001295,172.31.47.0-255,66,121130,94,186974
3011,0.001331,172.31.47.0-255,66,121196,94,186974
3012,0.001478,172.217.194.0-255,1484,122680,94,186974
3013,0.001483,172.217.194.0-255,1484,124164,94,186974
3014,0.001486,172.31.47.0-255,66,124230,94,186974
3015,0.001503,172.217.194.0-255,1484,125714,94,186974
3016,0.001509,172.217.194.0-255,5738,131452,94,186974
3017,0.001512,172.31.47.0-255,66,131518,94,186974
3018,0.001583,172.31.47.0-255,66,131584,94,186974
3019,0.001596,172.31.47.0-255,66,131650,94,186974
3020,0.001645,172.217.194.0-255,1484,133134,94,186974
3021,0.001649,172.217.194.0-255,1484,134618,94,186974
3022,0.001666,172.217.194.0-255,1484,136102,94,186974
3023,0.001673,172.217.194.0-255,5738,141840,94,186974
3024,0.001676,172.31.47.0-255,66,141906,94,186974
3025,0.001693,172.217.194.0-255,1484,143390,94,186974
3026,0.001698,172.31.47.0-255,66,143456,94,186974
3027,0.001725,172.31.47.0-255,66,143522,94,186974
3028,0.001751,172.217.194.0-255,7156,150678,94,186974
3029,0.001763,172.31.47.0-255,66,150744,94,186974
3030,0.001773,172.217.194.0-255,3602,154346,94,186974
3031,0.001778,172.31.47.0-255,66,154412,94,186974
3032,0.001792,172.217.194.0-255,1484,155896,94,186974
3033,0.001805,172.217.194.0-255,2902,158798,94,186974
3034,0.001814,172.31.47.0-255,66,158864,94,186974
3035,0.00182,172.217.194.0-255,4320,163184,94,186974
3036,0.001824,172.31.47.0-255,66,163250,94,186974
3037,0.001836,172.217.194.0-255,1484,164734,94,186974
3038,0.00184,172.217.194.0-255,2902,167636,94,186974
3039,0.001851,172.31.47.0-255,66,167702,94,186974
3040,0.0019,172.31.47.0-255,66,167768,94,186974
3041,0.001909,172.217.194.0-255,1484,169252,94,186974
3042,0.001926,172.217.194.0-255,7156,176408,94,186974
3043,0.00196,172.31.47.0-255,66,176474,94,186974
3044,0.001973,172.217.194.0-255,1484,177958,94,186974
3045,0.002011,172.31.47.0-255,66,178024,94,186974
3046,0.002058,172.217.194.0-255,4320,182344,94,186974
3047,0.002086,172.217.194.0-255,105,182449,94,186974
3048,0.002093,172.31.47.0-255,66,182515,94,186974
3049,0.004586,172.31.47.0-255,105,182620,94,186974
3050,0.006637,172.217.194.0-255,66,182686,94,186974
3051,0.029924,172.31.47.0-255,172,182858,94,186974
3052,0.029969,172.31.47.0-255,1116,183974,94,186974
3053,0.030022,172.31.47.0-255,1514,185488,94,186974
3054,0.030024,172.31.47.0-255,1288,186776,94,186974
3055,0.031456,104.244.42.0-255,66,186842,94,186974
3056,0.031635,104.244.42.0-255,66,186908,94,186974
3057,0.031676,104.244.42.0-255,66,186974,94,186974
3058,0.0,172.31.47.0-255,105,105,94,276
3059,0.071876,31.13.82.0-255,105,210,94,276
3060,0.071887,172.31.47.0-255,66,276,94,276
3061,0.0,172.217.194.0-255,153,153,94,193806
3062,2.3e-05,172.31.47.0-255,66,219,94,193806
3063,2.9e-05,172.217.194.0-255,1484,1703,94,193806
3064,3.2e-05,172.31.47.0-255,66,1769,94,193806
3065,3.6e-05,172.217.194.0-255,2902,4671,94,193806
3066,3.9e-05,172.31.47.0-255,66,4737,94,193806
3067,5.9e-05,172.217.194.0-255,5738,10475,94,193806
3068,6.1e-05,172.31.47.0-255,66,10541,94,193806
3069,9.3e-05,172.217.194.0-255,3548,14089,94,193806
3070,9.5e-05,172.31.47.0-255,66,14155,94,193806
3071,0.00014,172.217.194.0-255,1484,15639,94,193806
3072,0.000144,172.31.47.0-255,66,15705,94,193806
3073,0.000151,172.217.194.0-255,2902,18607,94,193806
3074,0.000153,172.31.47.0-255,66,18673,94,193806
3075,0.000173,172.217.194.0-255,4320,22993,94,193806
3076,0.000175,172.31.47.0-255,66,23059,94,193806
3077,0.000199,172.217.194.0-255,1484,24543,94,193806
3078,0.000202,172.31.47.0-255,66,24609,94,193806
3079,0.000208,172.217.194.0-255,6797,31406,94,193806
3080,0.00021,172.31.47.0-255,66,31472,94,193806
3081,0.00024,172.217.194.0-255,7156,38628,94,193806
3082,0.000243,172.31.47.0-255,66,38694,94,193806
3083,0.000249,172.217.194.0-255,7156,45850,94,193806
3084,0.000252,172.31.47.0-255,66,45916,94,193806
3085,0.000279,172.217.194.0-255,1484,47400,94,193806
3086,0.000281,172.31.47.0-255,66,47466,94,193806
3087,0.000304,172.217.194.0-255,2902,50368,94,193806
3088,0.000306,172.31.47.0-255,66,50434,94,193806
3089,0.000329,172.217.194.0-255,2902,53336,94,193806
3090,0.000332,172.31.47.0-255,66,53402,94,193806
3091,0.000361,172.217.194.0-255,3961,57363,94,193806
3092,0.000364,172.31.47.0-255,66,57429,94,193806
3093,0.000397,172.217.194.0-255,677,58106,94,193806
3094,0.000401,172.31.47.0-255,66,58172,94,193806
3095,0.000405,172.31.47.0-255,66,58238,94,193806
3096,0.000719,172.217.194.0-255,1484,59722,94,193806
3097,0.000722,172.31.47.0-255,66,59788,94,193806
3098,0.000734,172.217.194.0-255,2902,62690,94,193806
3099,0.00074,172.31.47.0-255,66,62756,94,193806
3100,0.000745,172.217.194.0-255,4320,67076,94,193806
3101,0.000747,172.31.47.0-255,66,67142,94,193806
3102,0.000765,172.217.194.0-255,1484,68626,94,193806
3103,0.000768,172.31.47.0-255,66,68692,94,193806
3104,0.000776,172.217.194.0-255,2902,71594,94,193806
3105,0.000778,172.31.47.0-255,66,71660,94,193806
3106,0.00081,172.31.47.0-255,66,71726,94,193806
3107,0.000831,172.217.194.0-255,1484,73210,94,193806
3108,0.000833,172.31.47.0-255,66,73276,94,193806
3109,0.000844,172.31.47.0-255,66,73342,94,193806
3110,0.000861,172.217.194.0-255,1484,74826,94,193806
3111,0.00088,172.217.194.0-255,2902,77728,94,193806
3112,0.000883,172.31.47.0-255,66,77794,94,193806
3113,0.000886,172.217.194.0-255,1484,79278,94,193806
3114,0.000903,172.217.194.0-255,4320,83598,94,193806
3115,0.000905,172.31.47.0-255,66,83664,94,193806
3116,0.000933,172.31.47.0-255,66,83730,94,193806
3117,0.000937,172.217.194.0-255,2902,86632,94,193806
3118,0.000939,172.31.47.0-255,66,86698,94,193806
3119,0.00097,172.31.47.0-255,66,86764,94,193806
3120,0.000974,172.217.194.0-255,2184,88948,94,193806
3121,0.000976,172.31.47.0-255,66,89014,94,193806
3122,0.001018,172.217.194.0-255,4320,93334,94,193806
3123,0.001023,172.31.47.0-255,66,93400,94,193806
3124,0.001029,172.217.194.0-255,5738,99138,94,193806
3125,0.001032,172.31.47.0-255,66,99204,94,193806
3126,0.001035,172.217.194.0-255,2902,102106,94,193806
3127,0.001037,172.31.47.0-255,66,102172,94,193806
3128,0.001062,172.31.47.0-255,66,102238,94,193806
3129,0.001067,172.217.194.0-255,4320,106558,94,193806
3130,0.001069,172.31.47.0-255,66,106624,94,193806
3131,0.0011,172.31.47.0-255,66,106690,94,193806
3132,0.00113,172.31.47.0-255,66,106756,94,193806
3133,0.001168,172.31.47.0-255,66,106822,94,193806
3134,0.001171,172.217.194.0-255,3602,110424,94,193806
3135,0.001172,172.31.47.0-255,66,110490,94,193806
3136,0.001184,172.31.47.0-255,66,110556,94,193806
3137,0.001199,172.217.194.0-255,4320,114876,94,193806
3138,0.001202,172.31.47.0-255,66,114942,94,193806
3139,0.001219,172.31.47.0-255,66,115008,94,193806
3140,0.001233,172.217.194.0-255,4320,119328,94,193806
3141,0.001238,172.31.47.0-255,66,119394,94,193806
3142,0.001277,172.31.47.0-255,66,119460,94,193806
3143,0.001286,172.217.194.0-255,2184,121644,94,193806
3144,0.001299,172.31.47.0-255,66,121710,94,193806
3145,0.001343,172.217.194.0-255,1484,123194,94,193806
3146,0.001358,172.217.194.0-255,2902,126096,94,193806
3147,0.001361,172.31.47.0-255,66,126162,94,193806
3148,0.001387,172.217.194.0-255,5738,131900,94,193806
3149,0.00139,172.217.194.0-255,1484,133384,94,193806
3150,0.001391,172.31.47.0-255,66,133450,94,193806
3151,0.001402,172.217.194.0-255,1484,134934,94,193806
3152,0.001414,172.31.47.0-255,66,135000,94,193806
3153,0.001424,172.217.194.0-255,4320,139320,94,193806
3154,0.001434,172.31.47.0-255,66,139386,94,193806
3155,0.001448,172.217.194.0-255,5738,145124,94,193806
3156,0.001457,172.31.47.0-255,66,145190,94,193806
3157,0.001471,172.31.47.0-255,66,145256,94,193806
3158,0.001511,172.217.194.0-255,1484,146740,94,193806
3159,0.001516,172.217.194.0-255,2902,149642,94,193806
3160,0.001518,172.31.47.0-255,66,149708,94,193806
3161,0.001522,172.217.194.0-255,2902,152610,94,193806
3162,0.00153,172.31.47.0-255,66,152676,94,193806
3163,0.001544,172.217.194.0-255,2902,155578,94,193806
3164,0.001547,172.217.194.0-255,1484,157062,94,193806
3165,0.001547,172.31.47.0-255,66,157128,94,193806
3166,0.001584,172.217.194.0-255,1484,158612,94,193806
3167,0.001588,172.31.47.0-255,66,158678,94,193806
3168,0.001619,172.31.47.0-255,66,158744,94,193806
3169,0.001641,172.217.194.0-255,766,159510,94,193806
3170,0.001657,172.31.47.0-255,66,159576,94,193806
3171,0.001696,172.31.47.0-255,66,159642,94,193806
3172,0.001701,172.217.194.0-255,2902,162544,94,193806
3173,0.001704,172.217.194.0-255,2184,164728,94,193806
3174,0.001708,172.31.47.0-255,66,164794,94,193806
3175,0.001722,172.217.194.0-255,2902,167696,94,193806
3176,0.001738,172.31.47.0-255,66,167762,94,193806
3177,0.001746,172.217.194.0-255,7156,174918,94,193806
3178,0.001755,172.31.47.0-255,66,174984,94,193806
3179,0.001794,172.31.47.0-255,66,175050,94,193806
3180,0.001804,172.217.194.0-255,2902,177952,94,193806
3181,0.001808,172.31.47.0-255,66,178018,94,193806
3182,0.00183,172.217.194.0-255,5020,183038,94,193806
3183,0.001838,172.31.47.0-255,66,183104,94,193806
3184,0.001881,172.31.47.0-255,66,183170,94,193806
3185,0.001918,172.217.194.0-255,2902,186072,94,193806
3186,0.001925,172.31.47.0-255,66,186138,94,193806
3187,0.001971,172.31.47.0-255,66,186204,94,193806
3188,0.001998,172.217.194.0-255,97,186301,94,193806
3189,0.003993,172.217.194.0-255,105,186406,94,193806
3190,0.007563,172.31.47.0-255,66,186472,94,193806
3191,0.007587,172.31.47.0-255,105,186577,94,193806
3192,0.009629,172.217.194.0-255,66,186643,94,193806
3193,0.024413,172.31.47.0-255,172,186815,94,193806
3194,0.024444,172.31.47.0-255,1117,187932,94,193806
3195,0.024479,172.31.47.0-255,1514,189446,94,193806
3196,0.024481,172.31.47.0-255,1514,190960,94,193806
3197,0.024482,172.31.47.0-255,1514,192474,94,193806
3198,0.024483,172.31.47.0-255,1068,193542,94,193806
3199,0.025967,104.244.42.0-255,66,193608,94,193806
3200,0.025995,104.244.42.0-255,66,193674,94,193806
3201,0.026044,104.244.42.0-255,66,193740,94,193806
3202,0.026046,104.244.42.0-255,66,193806,94,193806
3203,0.0,172.217.194.0-255,153,153,94,138486
3204,2.4e-05,172.31.47.0-255,66,219,94,138486
3205,3e-05,172.217.194.0-255,1484,1703,94,138486
3206,3.3e-05,172.31.47.0-255,66,1769,94,138486
3207,3.7e-05,172.217.194.0-255,2902,4671,94,138486
3208,3.9e-05,172.31.47.0-255,66,4737,94,138486
3209,5.2e-05,172.217.194.0-255,7156,11893,94,138486
3210,5.5e-05,172.31.47.0-255,66,11959,94,138486
3211,8.3e-05,172.217.194.0-255,2100,14059,94,138486
3212,8.6e-05,172.31.47.0-255,66,14125,94,138486
3213,0.000147,172.217.194.0-255,1484,15609,94,138486
3214,0.00015,172.31.47.0-255,66,15675,94,138486
3215,0.000154,172.217.194.0-255,2902,18577,94,138486
3216,0.000156,172.31.47.0-255,66,18643,94,138486
3217,0.000184,172.217.194.0-255,5738,24381,94,138486
3218,0.000188,172.31.47.0-255,66,24447,94,138486
3219,0.000192,172.217.194.0-255,2902,27349,94,138486
3220,0.000194,172.31.47.0-255,66,27415,94,138486
3221,0.000232,172.31.47.0-255,66,27481,94,138486
3222,0.000244,172.31.47.0-255,66,27547,94,138486
3223,0.000249,172.217.194.0-255,5738,33285,94,138486
3224,0.000253,172.31.47.0-255,66,33351,94,138486
3225,0.000291,172.31.47.0-255,66,33417,94,138486
3226,0.000294,172.217.194.0-255,380,33797,94,138486
3227,0.000296,172.31.47.0-255,66,33863,94,138486
3228,0.000299,172.217.194.0-255,98,33961,94,138486
3229,0.000301,172.31.47.0-255,66,34027,94,138486
3230,0.000398,172.217.194.0-255,1484,35511,94,138486
3231,0.000402,172.217.194.0-255,2902,38413,94,138486
3232,0.000403,172.31.47.0-255,66,38479,94,138486
3233,0.00041,172.31.47.0-255,66,38545,94,138486
3234,0.000429,172.217.194.0-255,5738,44283,94,138486
3235,0.000437,172.31.47.0-255,66,44349,94,138486
3236,0.000474,172.31.47.0-255,66,44415,94,138486
3237,0.000504,172.31.47.0-255,66,44481,94,138486
3238,0.000519,172.217.194.0-255,4320,48801,94,138486
3239,0.000533,172.31.47.0-255,66,48867,94,138486
3240,0.000557,172.217.194.0-255,1484,50351,94,138486
3241,0.000562,172.31.47.0-255,66,50417,94,138486
3242,0.000576,172.217.194.0-255,5020,55437,94,138486
3243,0.00058,172.31.47.0-255,66,55503,94,138486
3244,0.000635,172.217.194.0-255,1484,56987,94,138486
3245,0.000648,172.217.194.0-255,2902,59889,94,138486
3246,0.000659,172.31.47.0-255,66,59955,94,138486
3247,0.000666,172.217.194.0-255,5738,65693,94,138486
3248,0.000669,172.217.194.0-255,1484,67177,94,138486
3249,0.000675,172.31.47.0-255,66,67243,94,138486
3250,0.000718,172.31.47.0-255,66,67309,94,138486
3251,0.000726,172.217.194.0-255,5738,73047,94,138486
3252,0.000742,172.31.47.0-255,66,73113,94,138486
3253,0.000749,172.217.194.0-255,5020,78133,94,138486
3254,0.000758,172.31.47.0-255,66,78199,94,138486
3255,0.000774,172.31.47.0-255,66,78265,94,138486
3256,0.000802,172.31.47.0-255,66,78331,94,138486
3257,0.00083,172.217.194.0-255,2184,80515,94,138486
3258,0.00083,172.31.47.0-255,66,80581,94,138486
3259,0.000835,172.31.47.0-255,66,80647,94,138486
3260,0.000991,172.217.194.0-255,1484,82131,94,138486
3261,0.000997,172.217.194.0-255,2902,85033,94,138486
3262,0.001001,172.31.47.0-255,66,85099,94,138486
3263,0.001008,172.217.194.0-255,5738,90837,94,138486
3264,0.001019,172.31.47.0-255,66,90903,94,138486
3265,0.001062,172.31.47.0-255,66,90969,94,138486
3266,0.001093,172.217.194.0-255,5738,96707,94,138486
3267,0.001097,172.31.47.0-255,66,96773,94,138486
3268,0.001129,172.217.194.0-255,6438,103211,94,138486
3269,0.001143,172.31.47.0-255,66,103277,94,138486
3270,0.001168,172.31.47.0-255,66,103343,94,138486
3271,0.00119,172.217.194.0-255,7156,110499,94,138486
3272,0.001194,172.31.47.0-255,66,110565,94,138486
3273,0.001231,172.217.194.0-255,2902,113467,94,138486
3274,0.001232,172.31.47.0-255,66,113533,94,138486
3275,0.001237,172.31.47.0-255,66,113599,94,138486
3276,0.001283,172.31.47.0-255,66,113665,94,138486
3277,0.001293,172.217.194.0-255,1484,115149,94,138486
3278,0.001302,172.217.194.0-255,2902,118051,94,138486
3279,0.001308,172.217.194.0-255,5738,123789,94,138486
3280,0.00131,172.31.47.0-255,66,123855,94,138486
3281,0.001314,172.31.47.0-255,66,123921,94,138486
3282,0.001371,172.217.194.0-255,7156,131077,94,138486
3283,0.001374,172.31.47.0-255,66,131143,94,138486
3284,0.001379,172.31.47.0-255,66,131209,94,138486
3285,0.001444,172.31.47.0-255,66,131275,94,138486
3286,0.00145,172.31.47.0-255,66,131341,94,138486
3287,0.001461,172.217.194.0-255,2184,133525,94,138486
3288,0.001462,172.31.47.0-255,66,133591,94,138486
3289,0.001466,172.31.47.0-255,66,133657,94,138486
3290,0.001522,172.31.47.0-255,66,133723,94,138486
3291,0.001552,172.31.47.0-255,66,133789,94,138486
3292,0.001574,172.31.47.0-255,66,133855,94,138486
3293,0.001592,172.217.194.0-255,105,133960,94,138486
3294,0.001596,172.31.47.0-255,66,134026,94,138486
3295,0.003414,172.31.47.0-255,105,134131,94,138486
3296,0.005645,172.217.194.0-255,66,134197,94,138486
3297,0.046762,172.31.47.0-255,171,134368,94,138486
3298,0.046791,172.31.47.0-255,1132,135500,94,138486
3299,0.046826,172.31.47.0-255,1514,137014,94,138486
3300,0.046827,172.31.47.0-255,1274,138288,94,138486
3301,0.048328,104.244.42.0-255,66,138354,94,138486
3302,0.048337,104.244.42.0-255,66,138420,94,138486
3303,0.04845,104.244.42.0-255,66,138486,94,138486
3304,0.0,172.31.47.0-255,166,166,94,232
3305,0.007103,172.253.118.0-255,66,232,94,232
3306,0.0,172.217.194.0-255,153,153,94,315832
3307,2.3e-05,172.31.47.0-255,66,219,94,315832
3308,2.8e-05,172.217.194.0-255,1484,1703,94,315832
3309,3.2e-05,172.31.47.0-255,66,1769,94,315832
3310,3.6e-05,172.217.194.0-255,2902,4671,94,315832
3311,4.5e-05,172.31.47.0-255,66,4737,94,315832
3312,4.7e-05,172.217.194.0-255,1484,6221,94,315832
3313,5e-05,172.31.47.0-255,66,6287,94,315832
3314,9.5e-05,172.31.47.0-255,66,6353,94,315832
3315,0.000112,172.217.194.0-255,7156,13509,94,315832
3316,0.000119,172.31.47.0-255,66,13575,94,315832
3317,0.000141,172.31.47.0-255,66,13641,94,315832
3318,0.000157,172.217.194.0-255,1484,15125,94,315832
3319,0.000159,172.31.47.0-255,66,15191,94,315832
3320,0.000172,172.217.194.0-255,2902,18093,94,315832
3321,0.000177,172.31.47.0-255,66,18159,94,315832
3322,0.000181,172.217.194.0-255,2902,21061,94,315832
3323,0.000183,172.31.47.0-255,66,21127,94,315832
3324,0.00021,172.217.194.0-255,2902,24029,94,315832
3325,0.000219,172.31.47.0-255,66,24095,94,315832
3326,0.000225,172.217.194.0-255,5738,29833,94,315832
3327,0.000228,172.31.47.0-255,66,29899,94,315832
3328,0.000266,172.217.194.0-255,4320,34219,94,315832
3329,0.00027,172.31.47.0-255,66,34285,94,315832
3330,0.000306,172.31.47.0-255,66,34351,94,315832
3331,0.000311,172.217.194.0-255,4250,38601,94,315832
3332,0.000313,172.31.47.0-255,66,38667,94,315832
3333,0.000316,172.217.194.0-255,398,39065,94,315832
3334,0.00032,172.31.47.0-255,66,39131,94,315832
3335,0.000467,172.217.194.0-255,1484,40615,94,315832
3336,0.000483,172.217.194.0-255,2902,43517,94,315832
3337,0.000488,172.217.194.0-255,2902,46419,94,315832
3338,0.000495,172.31.47.0-255,66,46485,94,315832
3339,0.000501,172.217.194.0-255,2902,49387,94,315832
3340,0.000507,172.217.194.0-255,5738,55125,94,315832
3341,0.000512,172.31.47.0-255,66,55191,94,315832
3342,0.000538,172.217.194.0-255,7156,62347,94,315832
3343,0.00055,172.217.194.0-255,5738,68085,94,315832
3344,0.00055,172.31.47.0-255,66,68151,94,315832
3345,0.000556,172.31.47.0-255,66,68217,94,315832
3346,0.000565,172.217.194.0-255,7156,75373,94,315832
3347,0.000572,172.31.47.0-255,66,75439,94,315832
3348,0.000613,172.217.194.0-255,2543,77982,94,315832
3349,0.000614,172.31.47.0-255,66,78048,94,315832
3350,0.000619,172.31.47.0-255,66,78114,94,315832
3351,0.000667,172.217.194.0-255,1484,79598,94,315832
3352,0.000681,172.217.194.0-255,2902,82500,94,315832
3353,0.000684,172.217.194.0-255,1484,83984,94,315832
3354,0.000685,172.31.47.0-255,66,84050,94,315832
3355,0.000714,172.217.194.0-255,4320,88370,94,315832
3356,0.000718,172.217.194.0-255,1484,89854,94,315832
3357,0.000722,172.217.194.0-255,2902,92756,94,315832
3358,0.000726,172.31.47.0-255,66,92822,94,315832
3359,0.000759,172.217.194.0-255,5738,98560,94,315832
3360,0.000764,172.31.47.0-255,66,98626,94,315832
3361,0.000804,172.31.47.0-255,66,98692,94,315832
3362,0.000832,172.217.194.0-255,2184,100876,94,315832
3363,0.000837,172.217.194.0-255,2902,103778,94,315832
3364,0.000838,172.31.47.0-255,66,103844,94,315832
3365,0.000841,172.217.194.0-255,4320,108164,94,315832
3366,0.000842,172.31.47.0-255,66,108230,94,315832
3367,0.000858,172.31.47.0-255,66,108296,94,315832
3368,0.000867,172.217.194.0-255,2902,111198,94,315832
3369,0.000876,172.31.47.0-255,66,111264,94,315832
3370,0.00088,172.31.47.0-255,66,111330,94,315832
3371,0.000916,172.31.47.0-255,66,111396,94,315832
3372,0.00093,172.217.194.0-255,2184,113580,94,315832
3373,0.000933,172.31.47.0-255,66,113646,94,315832
3374,0.001016,172.217.194.0-255,1484,115130,94,315832
3375,0.001021,172.217.194.0-255,2902,118032,94,315832
3376,0.001033,172.31.47.0-255,66,118098,94,315832
3377,0.001054,172.217.194.0-255,5738,123836,94,315832
3378,0.001058,172.217.194.0-255,1484,125320,94,315832
3379,0.001061,172.31.47.0-255,66,125386,94,315832
3380,0.001097,172.31.47.0-255,66,125452,94,315832
3381,0.0011,172.217.194.0-255,7156,132608,94,315832
3382,0.001112,172.31.47.0-255,66,132674,94,315832
3383,0.001146,172.217.194.0-255,3602,136276,94,315832
3384,0.00115,172.31.47.0-255,66,136342,94,315832
3385,0.001255,172.217.194.0-255,1484,137826,94,315832
3386,0.001272,172.217.194.0-255,2902,140728,94,315832
3387,0.001285,172.31.47.0-255,66,140794,94,315832
3388,0.001313,172.217.194.0-255,5738,146532,94,315832
3389,0.001321,172.217.194.0-255,7156,153688,94,315832
3390,0.001322,172.31.47.0-255,66,153754,94,315832
3391,0.00133,172.31.47.0-255,66,153820,94,315832
3392,0.001374,172.31.47.0-255,66,153886,94,315832
3393,0.001388,172.217.194.0-255,2902,156788,94,315832
3394,0.001393,172.217.194.0-255,2184,158972,94,315832
3395,0.001402,172.31.47.0-255,66,159038,94,315832
3396,0.001884,172.217.194.0-255,1484,160522,94,315832
3397,0.001889,172.217.194.0-255,2902,163424,94,315832
3398,0.001892,172.31.47.0-255,66,163490,94,315832
3399,0.001898,172.217.194.0-255,5738,169228,94,315832
3400,0.001916,172.217.194.0-255,1484,170712,94,315832
3401,0.002,172.217.194.0-255,4320,175032,94,315832
3402,0.002015,172.217.194.0-255,6438,181470,94,315832
3403,0.010282,172.31.47.0-255,66,181536,94,315832
3404,0.011262,172.217.194.0-255,1484,183020,94,315832
3405,0.012266,172.217.194.0-255,4320,187340,94,315832
3406,0.012271,172.31.47.0-255,66,187406,94,315832
3407,0.014284,172.217.194.0-255,5738,193144,94,315832
3408,0.014327,172.31.47.0-255,66,193210,94,315832
3409,0.016303,172.217.194.0-255,5738,198948,94,315832
3410,0.016321,172.31.47.0-255,66,199014,94,315832
3411,0.018321,172.217.194.0-255,5738,204752,94,315832
3412,0.018336,172.31.47.0-255,66,204818,94,315832
3413,0.020321,172.217.194.0-255,4320,209138,94,315832
3414,0.020333,172.31.47.0-255,66,209204,94,315832
3415,0.020368,172.217.194.0-255,1484,210688,94,315832
3416,0.022298,172.217.194.0-255,4320,215008,94,315832
3417,0.022305,172.31.47.0-255,66,215074,94,315832
3418,0.024296,172.217.194.0-255,5738,220812,94,315832
3419,0.024359,172.31.47.0-255,66,220878,94,315832
3420,0.026333,172.217.194.0-255,5738,226616,94,315832
3421,0.026339,172.31.47.0-255,66,226682,94,315832
3422,0.028319,172.217.194.0-255,5738,232420,94,315832
3423,0.028326,172.31.47.0-255,66,232486,94,315832
3424,0.030306,172.217.194.0-255,5738,238224,94,315832
3425,0.030313,172.31.47.0-255,66,238290,94,315832
3426,0.032304,172.217.194.0-255,5738,244028,94,315832
3427,0.032312,172.31.47.0-255,66,244094,94,315832
3428,0.034316,172.217.194.0-255,5738,249832,94,315832
3429,0.034331,172.31.47.0-255,66,249898,94,315832
3430,0.036324,172.217.194.0-255,5738,255636,94,315832
3431,0.03633,172.31.47.0-255,66,255702,94,315832
3432,0.037188,172.31.47.0-255,172,255874,94,315832
3433,0.037223,172.31.47.0-255,1108,256982,94,315832
3434,0.03728,172.31.47.0-255,1514,258496,94,315832
3435,0.037303,172.31.47.0-255,1296,259792,94,315832
3436,0.038318,172.217.194.0-255,5738,265530,94,315832
3437,0.038329,172.31.47.0-255,66,265596,94,315832
3438,0.038747,104.244.42.0-255,66,265662,94,315832
3439,0.038757,104.244.42.0-255,66,265728,94,315832
3440,0.038856,104.244.42.0-255,66,265794,94,315832
3441,0.04028,172.217.194.0-255,5738,271532,94,315832
3442,0.040289,172.31.47.0-255,66,271598,94,315832
3443,0.042274,172.217.194.0-255,5738,277336,94,315832
3444,0.042286,172.31.47.0-255,66,277402,94,315832
3445,0.042329,104.244.42.0-255,108,277510,94,315832
3446,0.042334,172.31.47.0-255,66,277576,94,315832
3447,0.044311,172.217.194.0-255,5738,283314,94,315832
3448,0.04432,172.31.47.0-255,66,283380,94,315832
3449,0.0463,172.217.194.0-255,5738,289118,94,315832
3450,0.046317,172.31.47.0-255,66,289184,94,315832
3451,0.048308,172.217.194.0-255,5738,294922,94,315832
3452,0.048317,172.31.47.0-255,66,294988,94,315832
3453,0.050273,172.217.194.0-255,2902,297890,94,315832
3454,0.050279,172.31.47.0-255,66,297956,94,315832
3455,0.050312,172.217.194.0-255,2902,300858,94,315832
3456,0.050324,172.31.47.0-255,66,300924,94,315832
3457,0.05224,172.217.194.0-255,2902,303826,94,315832
3458,0.052245,172.31.47.0-255,66,303892,94,315832
3459,0.052288,172.217.194.0-255,2902,306794,94,315832
3460,0.05236,172.31.47.0-255,66,306860,94,315832
3461,0.054757,172.217.194.0-255,2902,309762,94,315832
3462,0.054761,172.31.47.0-255,66,309828,94,315832
3463,0.054991,172.217.194.0-255,2902,312730,94,315832
3464,0.054996,172.31.47.0-255,66,312796,94,315832
3465,0.056736,172.217.194.0-255,2799,315595,94,315832
3466,0.05674,172.31.47.0-255,66,315661,94,315832
3467,0.057396,172.31.47.0-255,105,315766,94,315832
3468,0.059331,172.217.194.0-255,66,315832,94,315832
3469,0.0,172.31.47.0-255,166,166,94,232
3470,0.006937,74.125.24.0-255,66,232,94,232
3471,0.0,172.217.194.0-255,153,153,94,281551
3472,1.7e-05,172.31.47.0-255,66,219,94,281551
3473,2.3e-05,172.217.194.0-255,1484,1703,94,281551
3474,2.7e-05,172.31.47.0-255,66,1769,94,281551
3475,3.3e-05,172.217.194.0-255,2902,4671,94,281551
3476,3.6e-05,172.31.47.0-255,66,4737,94,281551
3477,4.3e-05,172.217.194.0-255,7156,11893,94,281551
3478,4.7e-05,172.31.47.0-255,66,11959,94,281551
3479,9.2e-05,172.31.47.0-255,66,12025,94,281551
3480,0.000109,172.217.194.0-255,3961,15986,94,281551
3481,0.000111,172.31.47.0-255,66,16052,94,281551
3482,0.00018,172.217.194.0-255,1484,17536,94,281551
3483,0.000184,172.31.47.0-255,66,17602,94,281551
3484,0.000189,172.217.194.0-255,2902,20504,94,281551
3485,0.000191,172.31.47.0-255,66,20570,94,281551
3486,0.000217,172.217.194.0-255,5738,26308,94,281551
3487,0.000219,172.31.47.0-255,66,26374,94,281551
3488,0.000253,172.31.47.0-255,66,26440,94,281551
3489,0.000298,172.31.47.0-255,66,26506,94,281551
3490,0.000301,172.217.194.0-255,117,26623,94,281551
3491,0.000303,172.31.47.0-255,66,26689,94,281551
3492,0.00044,172.217.194.0-255,1484,28173,94,281551
3493,0.000444,172.31.47.0-255,66,28239,94,281551
3494,0.000449,172.217.194.0-255,2902,31141,94,281551
3495,0.000452,172.31.47.0-255,66,31207,94,281551
3496,0.000458,172.217.194.0-255,4320,35527,94,281551
3497,0.00046,172.31.47.0-255,66,35593,94,281551
3498,0.000491,172.31.47.0-255,66,35659,94,281551
3499,0.000527,172.217.194.0-255,7156,42815,94,281551
3500,0.00053,172.31.47.0-255,66,42881,94,281551
3501,0.00055,172.31.47.0-255,66,42947,94,281551
3502,0.000565,172.217.194.0-255,381,43328,94,281551
3503,0.000981,172.217.194.0-255,1484,44812,94,281551
3504,0.000985,172.31.47.0-255,66,44878,94,281551
3505,0.000991,172.217.194.0-255,2902,47780,94,281551
3506,0.000993,172.31.47.0-255,66,47846,94,281551
3507,0.000998,172.217.194.0-255,4320,52166,94,281551
3508,0.001001,172.31.47.0-255,66,52232,94,281551
3509,0.001032,172.217.194.0-255,1484,53716,94,281551
3510,0.001043,172.31.47.0-255,66,53782,94,281551
3511,0.001054,172.31.47.0-255,66,53848,94,281551
3512,0.001069,172.217.194.0-255,1484,55332,94,281551
3513,0.00112,172.217.194.0-255,5020,60352,94,281551
3514,0.001124,172.31.47.0-255,66,60418,94,281551
3515,0.001203,172.217.194.0-255,1484,61902,94,281551
3516,0.001208,172.217.194.0-255,2902,64804,94,281551
3517,0.00121,172.31.47.0-255,66,64870,94,281551
3518,0.001225,172.217.194.0-255,1484,66354,94,281551
3519,0.00124,172.217.194.0-255,4320,70674,94,281551
3520,0.001242,172.31.47.0-255,66,70740,94,281551
3521,0.001273,172.217.194.0-255,2902,73642,94,281551
3522,0.001275,172.31.47.0-255,66,73708,94,281551
3523,0.001304,172.31.47.0-255,66,73774,94,281551
3524,0.001315,172.31.47.0-255,66,73840,94,281551
3525,0.001319,172.217.194.0-255,2902,76742,94,281551
3526,0.001321,172.31.47.0-255,66,76808,94,281551
3527,0.001355,172.31.47.0-255,66,76874,94,281551
3528,0.001361,172.217.194.0-255,7156,84030,94,281551
3529,0.001363,172.31.47.0-255,66,84096,94,281551
3530,0.001381,172.217.194.0-255,4320,88416,94,281551
3531,0.001384,172.31.47.0-255,66,88482,94,281551
3532,0.001402,172.31.47.0-255,66,88548,94,281551
3533,0.001424,172.217.194.0-255,2184,90732,94,281551
3534,0.001426,172.31.47.0-255,66,90798,94,281551
3535,0.001429,172.217.194.0-255,1484,92282,94,281551
3536,0.001452,172.31.47.0-255,66,92348,94,281551
3537,0.001477,172.217.194.0-255,4320,96668,94,281551
3538,0.00148,172.31.47.0-255,66,96734,94,281551
3539,0.001493,172.31.47.0-255,66,96800,94,281551
3540,0.001497,172.217.194.0-255,3602,100402,94,281551
3541,0.001499,172.31.47.0-255,66,100468,94,281551
3542,0.001668,172.217.194.0-255,1484,101952,94,281551
3543,0.001672,172.217.194.0-255,1484,103436,94,281551
3544,0.001674,172.31.47.0-255,66,103502,94,281551
3545,0.001694,172.217.194.0-255,1484,104986,94,281551
3546,0.0017,172.217.194.0-255,5738,110724,94,281551
3547,0.001702,172.31.47.0-255,66,110790,94,281551
3548,0.001729,172.217.194.0-255,7156,117946,94,281551
3549,0.001732,172.31.47.0-255,66,118012,94,281551
3550,0.001758,172.217.194.0-255,5738,123750,94,281551
3551,0.001765,172.217.194.0-255,7156,130906,94,281551
3552,0.001768,172.31.47.0-255,66,130972,94,281551
3553,0.001771,172.31.47.0-255,66,131038,94,281551
3554,0.001789,172.217.194.0-255,3602,134640,94,281551
3555,0.001791,172.31.47.0-255,66,134706,94,281551
3556,0.002253,172.217.194.0-255,1484,136190,94,281551
3557,0.002259,172.217.194.0-255,2902,139092,94,281551
3558,0.002262,172.31.47.0-255,66,139158,94,281551
3559,0.002267,172.217.194.0-255,2902,142060,94,281551
3560,0.002268,172.31.47.0-255,66,142126,94,281551
3561,0.002279,172.217.194.0-255,1484,143610,94,281551
3562,0.004499,172.217.194.0-255,1484,145094,94,281551
3563,0.004511,172.31.47.0-255,66,145160,94,281551
3564,0.004522,172.217.194.0-255,2902,148062,94,281551
3565,0.004525,172.31.47.0-255,66,148128,94,281551
3566,0.006736,172.217.194.0-255,2902,151030,94,281551
3567,0.006747,172.31.47.0-255,66,151096,94,281551
3568,0.006775,172.217.194.0-255,2902,153998,94,281551
3569,0.006777,172.31.47.0-255,66,154064,94,281551
3570,0.008974,172.217.194.0-255,2902,156966,94,281551
3571,0.008977,172.31.47.0-255,66,157032,94,281551
3572,0.008998,172.217.194.0-255,1484,158516,94,281551
3573,0.00901,172.217.194.0-255,1484,160000,94,281551
3574,0.009012,172.31.47.0-255,66,160066,94,281551
3575,0.01123,172.217.194.0-255,2902,162968,94,281551
3576,0.011238,172.31.47.0-255,66,163034,94,281551
3577,0.011256,172.217.194.0-255,1484,164518,94,281551
3578,0.011269,172.217.194.0-255,1484,166002,94,281551
3579,0.01127,172.31.47.0-255,66,166068,94,281551
3580,0.01348,172.217.194.0-255,2902,168970,94,281551
3581,0.013487,172.31.47.0-255,66,169036,94,281551
3582,0.013525,172.217.194.0-255,2902,171938,94,281551
3583,0.013528,172.31.47.0-255,66,172004,94,281551
3584,0.01572,172.217.194.0-255,2902,174906,94,281551
3585,0.015727,172.31.47.0-255,66,174972,94,281551
3586,0.015753,172.217.194.0-255,1484,176456,94,281551
3587,0.015768,172.217.194.0-255,1484,177940,94,281551
3588,0.01577,172.31.47.0-255,66,178006,94,281551
3589,0.017965,172.217.194.0-255,2902,180908,94,281551
3590,0.017973,172.31.47.0-255,66,180974,94,281551
3591,0.018008,172.217.194.0-255,2902,183876,94,281551
3592,0.018011,172.31.47.0-255,66,183942,94,281551
3593,0.020221,172.217.194.0-255,2902,186844,94,281551
3594,0.020227,172.31.47.0-255,66,186910,94,281551
3595,0.020259,172.217.194.0-255,2902,189812,94,281551
3596,0.020261,172.31.47.0-255,66,189878,94,281551
3597,0.022457,172.217.194.0-255,2902,192780,94,281551
3598,0.022466,172.31.47.0-255,66,192846,94,281551
3599,0.022483,172.217.194.0-255,1484,194330,94,281551
3600,0.022496,172.217.194.0-255,1484,195814,94,281551
3601,0.022498,172.31.47.0-255,66,195880,94,281551
3602,0.02476,172.217.194.0-255,5738,201618,94,281551
3603,0.024768,172.31.47.0-255,66,201684,94,281551
3604,0.027,172.217.194.0-255,5738,207422,94,281551
3605,0.027008,172.31.47.0-255,66,207488,94,281551
3606,0.029223,172.217.194.0-255,5738,213226,94,281551
3607,0.02923,172.31.47.0-255,66,213292,94,281551
3608,0.031476,172.217.194.0-255,5738,219030,94,281551
3609,0.031484,172.31.47.0-255,66,219096,94,281551
3610,0.032086,172.31.47.0-255,172,219268,94,281551
3611,0.032115,172.31.47.0-255,1112,220380,94,281551
3612,0.032164,172.31.47.0-255,1514,221894,94,281551
3613,0.032165,172.31.47.0-255,1292,223186,94,281551
3614,0.033732,172.217.194.0-255,5738,228924,94,281551
3615,0.03374,172.31.47.0-255,66,228990,94,281551
3616,0.033979,104.244.42.0-255,66,229056,94,281551
3617,0.033996,104.244.42.0-255,66,229122,94,281551
3618,0.034045,104.244.42.0-255,66,229188,94,281551
3619,0.036001,172.217.194.0-255,5738,234926,94,281551
3620,0.036008,172.31.47.0-255,66,234992,94,281551
3621,0.03825,172.217.194.0-255,5738,240730,94,281551
3622,0.038257,172.31.47.0-255,66,240796,94,281551
3623,0.040491,172.217.194.0-255,5738,246534,94,281551
3624,0.040498,172.31.47.0-255,66,246600,94,281551
3625,0.042759,172.217.194.0-255,5738,252338,94,281551
3626,0.042766,172.31.47.0-255,66,252404,94,281551
3627,0.045012,172.217.194.0-255,5738,258142,94,281551
3628,0.045018,172.31.47.0-255,66,258208,94,281551
3629,0.04727,172.217.194.0-255,5738,263946,94,281551
3630,0.047277,172.31.47.0-255,66,264012,94,281551
3631,0.049541,172.217.194.0-255,5738,269750,94,281551
3632,0.049549,172.31.47.0-255,66,269816,94,281551
3633,0.051807,172.217.194.0-255,5738,275554,94,281551
3634,0.051814,172.31.47.0-255,66,275620,94,281551
3635,0.054095,172.217.194.0-255,5694,281314,94,281551
3636,0.054103,172.31.47.0-255,66,281380,94,281551
3637,0.054395,172.31.47.0-255,105,281485,94,281551
3638,0.056584,172.217.194.0-255,66,281551,94,281551
3639,0.0,74.125.24.0-255,153,153,94,148936
3640,2.3e-05,172.31.47.0-255,66,219,94,148936
3641,3.1e-05,74.125.24.0-255,1484,1703,94,148936
3642,3.6e-05,172.31.47.0-255,66,1769,94,148936
3643,4.2e-05,74.125.24.0-255,2902,4671,94,148936
3644,5.2e-05,172.31.47.0-255,66,4737,94,148936
3645,6e-05,74.125.24.0-255,7156,11893,94,148936
3646,6.3e-05,172.31.47.0-255,66,11959,94,148936
3647,6.8e-05,74.125.24.0-255,2139,14098,94,148936
3648,7.1e-05,172.31.47.0-255,66,14164,94,148936
3649,8.5e-05,172.31.47.0-255,66,14230,94,148936
3650,9.1e-05,74.125.24.0-255,5379,19609,94,148936
3651,9.4e-05,172.31.47.0-255,66,19675,94,148936
3652,0.000154,74.125.24.0-255,1484,21159,94,148936
3653,0.000158,172.31.47.0-255,66,21225,94,148936
3654,0.000163,74.125.24.0-255,2902,24127,94,148936
3655,0.000165,172.31.47.0-255,66,24193,94,148936
3656,0.000168,74.125.24.0-255,1484,25677,94,148936
3657,0.00017,172.31.47.0-255,66,25743,94,148936
3658,0.0002,74.125.24.0-255,4320,30063,94,148936
3659,0.000203,172.31.47.0-255,66,30129,94,148936
3660,0.00021,74.125.24.0-255,6797,36926,94,148936
3661,0.000212,172.31.47.0-255,66,36992,94,148936
3662,0.00025,172.31.47.0-255,66,37058,94,148936
3663,0.000254,74.125.24.0-255,2818,39876,94,148936
3664,0.000256,172.31.47.0-255,66,39942,94,148936
3665,0.000444,74.125.24.0-255,384,40326,94,148936
3666,0.000449,172.31.47.0-255,66,40392,94,148936
3667,0.000569,74.125.24.0-255,1484,41876,94,148936
3668,0.000574,172.31.47.0-255,66,41942,94,148936
3669,0.000579,74.125.24.0-255,2902,44844,94,148936
3670,0.000581,172.31.47.0-255,66,44910,94,148936
3671,0.000587,74.125.24.0-255,2902,47812,94,148936
3672,0.000593,172.31.47.0-255,66,47878,94,148936
3673,0.000616,74.125.24.0-255,2902,50780,94,148936
3674,0.000619,172.31.47.0-255,66,50846,94,148936
3675,0.000635,172.31.47.0-255,66,50912,94,148936
3676,0.000669,74.125.24.0-255,2543,53455,94,148936
3677,0.000671,172.31.47.0-255,66,53521,94,148936
3678,0.000684,172.31.47.0-255,66,53587,94,148936
3679,0.000825,74.125.24.0-255,1484,55071,94,148936
3680,0.000832,74.125.24.0-255,2902,57973,94,148936
3681,0.000835,172.31.47.0-255,66,58039,94,148936
3682,0.000866,74.125.24.0-255,5738,63777,94,148936
3683,0.000869,172.31.47.0-255,66,63843,94,148936
3684,0.000885,172.31.47.0-255,66,63909,94,148936
3685,0.000899,74.125.24.0-255,4320,68229,94,148936
3686,0.000901,172.31.47.0-255,66,68295,94,148936
3687,0.000933,74.125.24.0-255,6438,74733,94,148936
3688,0.000937,172.31.47.0-255,66,74799,94,148936
3689,0.000969,74.125.24.0-255,1484,76283,94,148936
3690,0.000974,74.125.24.0-255,2902,79185,94,148936
3691,0.000976,172.31.47.0-255,66,79251,94,148936
3692,0.000985,74.125.24.0-255,5738,84989,94,148936
3693,0.000987,172.31.47.0-255,66,85055,94,148936
3694,0.001037,172.31.47.0-255,66,85121,94,148936
3695,0.00104,74.125.24.0-255,1484,86605,94,148936
3696,0.001044,74.125.24.0-255,1484,88089,94,148936
3697,0.001046,172.31.47.0-255,66,88155,94,148936
3698,0.001084,172.31.47.0-255,66,88221,94,148936
3699,0.001098,172.31.47.0-255,66,88287,94,148936
3700,0.001147,172.31.47.0-255,66,88353,94,148936
3701,0.001181,74.125.24.0-255,6438,94791,94,148936
3702,0.001184,172.31.47.0-255,66,94857,94,148936
3703,0.00122,74.125.24.0-255,1484,96341,94,148936
3704,0.001235,74.125.24.0-255,2902,99243,94,148936
3705,0.001238,172.31.47.0-255,66,99309,94,148936
3706,0.001245,74.125.24.0-255,4320,103629,94,148936
3707,0.001247,172.31.47.0-255,66,103695,94,148936
3708,0.001264,74.125.24.0-255,1484,105179,94,148936
3709,0.001277,74.125.24.0-255,7156,112335,94,148936
3710,0.00128,172.31.47.0-255,66,112401,94,148936
3711,0.001306,74.125.24.0-255,4320,116721,94,148936
3712,0.001309,172.31.47.0-255,66,116787,94,148936
3713,0.001312,74.125.24.0-255,1484,118271,94,148936
3714,0.001371,172.31.47.0-255,66,118337,94,148936
3715,0.001482,74.125.24.0-255,1484,119821,94,148936
3716,0.001488,74.125.24.0-255,2902,122723,94,148936
3717,0.001494,172.31.47.0-255,66,122789,94,148936
3718,0.001522,74.125.24.0-255,5738,128527,94,148936
3719,0.001526,172.31.47.0-255,66,128593,94,148936
3720,0.001535,74.125.24.0-255,7156,135749,94,148936
3721,0.001537,172.31.47.0-255,66,135815,94,148936
3722,0.001555,172.31.47.0-255,66,135881,94,148936
3723,0.001642,172.31.47.0-255,66,135947,94,148936
3724,0.001661,172.31.47.0-255,66,136013,94,148936
3725,0.001667,74.125.24.0-255,5020,141033,94,148936
3726,0.001669,172.31.47.0-255,66,141099,94,148936
3727,0.001672,74.125.24.0-255,1484,142583,94,148936
3728,0.001723,172.31.47.0-255,66,142649,94,148936
3729,0.001744,172.31.47.0-255,66,142715,94,148936
3730,0.001758,172.31.47.0-255,66,142781,94,148936
3731,0.001774,172.31.47.0-255,66,142847,94,148936
3732,0.001788,172.31.47.0-255,66,142913,94,148936
3733,0.001842,172.31.47.0-255,66,142979,94,148936
3734,0.001864,172.31.47.0-255,66,143045,94,148936
3735,0.00188,172.31.47.0-255,66,143111,94,148936
3736,0.001883,74.125.24.0-255,1190,144301,94,148936
3737,0.001907,74.125.24.0-255,105,144406,94,148936
3738,0.004822,172.31.47.0-255,66,144472,94,148936
3739,0.004875,172.31.47.0-255,105,144577,94,148936
3740,0.007057,74.125.24.0-255,66,144643,94,148936
3741,0.049121,172.31.47.0-255,176,144819,94,148936
3742,0.049148,172.31.47.0-255,1108,145927,94,148936
3743,0.049203,172.31.47.0-255,1514,147441,94,148936
3744,0.049205,172.31.47.0-255,1297,148738,94,148936
3745,0.050655,104.244.42.0-255,66,148804,94,148936
3746,0.050671,104.244.42.0-255,66,148870,94,148936
3747,0.050723,104.244.42.0-255,66,148936,94,148936
3748,0.0,74.125.200.0-255,153,153,94,386831
3749,2e-05,172.31.47.0-255,66,219,94,386831
3750,2.6e-05,74.125.200.0-255,1484,1703,94,386831
3751,3.2e-05,172.31.47.0-255,66,1769,94,386831
3752,6.2e-05,74.125.200.0-255,2902,4671,94,386831
3753,6.6e-05,172.31.47.0-255,66,4737,94,386831
3754,7.1e-05,74.125.200.0-255,2902,7639,94,386831
3755,7.4e-05,172.31.47.0-255,66,7705,94,386831
3756,7.7e-05,74.125.200.0-255,1484,9189,94,386831
3757,8e-05,172.31.47.0-255,66,9255,94,386831
3758,0.000101,74.125.200.0-255,2902,12157,94,386831
3759,0.000103,172.31.47.0-255,66,12223,94,386831
3760,0.000116,74.125.200.0-255,2163,14386,94,386831
3761,0.000118,172.31.47.0-255,66,14452,94,386831
3762,0.000168,74.125.200.0-255,1484,15936,94,386831
3763,0.000171,172.31.47.0-255,66,16002,94,386831
3764,0.000191,74.125.200.0-255,2902,18904,94,386831
3765,0.000194,172.31.47.0-255,66,18970,94,386831
3766,0.000208,74.125.200.0-255,5738,24708,94,386831
3767,0.00021,172.31.47.0-255,66,24774,94,386831
3768,0.000215,74.125.200.0-255,2902,27676,94,386831
3769,0.000217,172.31.47.0-255,66,27742,94,386831
3770,0.000222,74.125.200.0-255,3961,31703,94,386831
3771,0.000225,172.31.47.0-255,66,31769,94,386831
3772,0.000263,74.125.200.0-255,4320,36089,94,386831
3773,0.000266,172.31.47.0-255,66,36155,94,386831
3774,0.00028,74.125.200.0-255,4320,40475,94,386831
3775,0.000282,172.31.47.0-255,66,40541,94,386831
3776,0.000306,74.125.200.0-255,1484,42025,94,386831
3777,0.000309,172.31.47.0-255,66,42091,94,386831
3778,0.000329,74.125.200.0-255,6797,48888,94,386831
3779,0.000331,172.31.47.0-255,66,48954,94,386831
3780,0.000726,74.125.200.0-255,1484,50438,94,386831
3781,0.000734,74.125.200.0-255,2902,53340,94,386831
3782,0.000738,172.31.47.0-255,66,53406,94,386831
3783,0.000771,74.125.200.0-255,5738,59144,94,386831
3784,0.000774,172.31.47.0-255,66,59210,94,386831
3785,0.00079,74.125.200.0-255,1484,60694,94,386831
3786,0.000807,74.125.200.0-255,5379,66073,94,386831
3787,0.00081,172.31.47.0-255,66,66139,94,386831
3788,0.000813,74.125.200.0-255,646,66785,94,386831
3789,0.000882,74.125.200.0-255,1484,68269,94,386831
3790,0.000885,172.31.47.0-255,66,68335,94,386831
3791,0.000891,74.125.200.0-255,2902,71237,94,386831
3792,0.000893,172.31.47.0-255,66,71303,94,386831
3793,0.000924,74.125.200.0-255,5738,77041,94,386831
3794,0.000927,172.31.47.0-255,66,77107,94,386831
3795,0.000931,74.125.200.0-255,2902,80009,94,386831
3796,0.000933,172.31.47.0-255,66,80075,94,386831
3797,0.000939,74.125.200.0-255,4320,84395,94,386831
3798,0.000941,172.31.47.0-255,66,84461,94,386831
3799,0.000973,172.31.47.0-255,66,84527,94,386831
3800,0.000979,74.125.200.0-255,5738,90265,94,386831
3801,0.000981,172.31.47.0-255,66,90331,94,386831
3802,0.001019,74.125.200.0-255,2184,92515,94,386831
3803,0.001025,172.31.47.0-255,66,92581,94,386831
3804,0.001524,74.125.200.0-255,1484,94065,94,386831
3805,0.001533,74.125.200.0-255,2902,96967,94,386831
3806,0.001538,172.31.47.0-255,66,97033,94,386831
3807,0.001565,74.125.200.0-255,5738,102771,94,386831
3808,0.001568,172.31.47.0-255,66,102837,94,386831
3809,0.001574,74.125.200.0-255,5738,108575,94,386831
3810,0.001576,172.31.47.0-255,66,108641,94,386831
3811,0.00158,74.125.200.0-255,1484,110125,94,386831
3812,0.001598,74.125.200.0-255,5738,115863,94,386831
3813,0.001601,172.31.47.0-255,66,115929,94,386831
3814,0.001644,74.125.200.0-255,2902,118831,94,386831
3815,0.001648,172.31.47.0-255,66,118897,94,386831
3816,0.001652,74.125.200.0-255,1484,120381,94,386831
3817,0.001672,74.125.200.0-255,2902,123283,94,386831
3818,0.001674,172.31.47.0-255,66,123349,94,386831
3819,0.00168,74.125.200.0-255,3602,126951,94,386831
3820,0.001682,172.31.47.0-255,66,127017,94,386831
3821,0.001787,74.125.200.0-255,1484,128501,94,386831
3822,0.00181,74.125.200.0-255,2902,131403,94,386831
3823,0.001813,172.31.47.0-255,66,131469,94,386831
3824,0.001825,74.125.200.0-255,1484,132953,94,386831
3825,0.001843,74.125.200.0-255,1484,134437,94,386831
3826,0.001846,172.31.47.0-255,66,134503,94,386831
3827,0.001864,74.125.200.0-255,1484,135987,94,386831
3828,0.001871,74.125.200.0-255,5738,141725,94,386831
3829,0.001873,172.31.47.0-255,66,141791,94,386831
3830,0.001876,74.125.200.0-255,1484,143275,94,386831
3831,0.001924,74.125.200.0-255,1484,144759,94,386831
3832,0.001928,172.31.47.0-255,66,144825,94,386831
3833,0.001933,74.125.200.0-255,2902,147727,94,386831
3834,0.001935,172.31.47.0-255,66,147793,94,386831
3835,0.001981,74.125.200.0-255,2902,150695,94,386831
3836,0.001984,172.31.47.0-255,66,150761,94,386831
3837,0.00199,74.125.200.0-255,2902,153663,94,386831
3838,0.001992,172.31.47.0-255,66,153729,94,386831
3839,0.002005,74.125.200.0-255,1484,155213,94,386831
3840,0.002035,74.125.200.0-255,6438,161651,94,386831
3841,0.002038,172.31.47.0-255,66,161717,94,386831
3842,0.002259,74.125.200.0-255,1484,163201,94,386831
3843,0.002267,74.125.200.0-255,2902,166103,94,386831
3844,0.002271,172.31.47.0-255,66,166169,94,386831
3845,0.002275,74.125.200.0-255,1484,167653,94,386831
3846,0.002293,74.125.200.0-255,2902,170555,94,386831
3847,0.002296,172.31.47.0-255,66,170621,94,386831
3848,0.002303,74.125.200.0-255,5738,176359,94,386831
3849,0.002305,172.31.47.0-255,66,176425,94,386831
3850,0.002319,74.125.200.0-255,1484,177909,94,386831
3851,0.002347,172.31.47.0-255,66,177975,94,386831
3852,0.002351,74.125.200.0-255,4320,182295,94,386831
3853,0.002354,172.31.47.0-255,66,182361,94,386831
3854,0.002382,74.125.200.0-255,3602,185963,94,386831
3855,0.002397,172.31.47.0-255,66,186029,94,386831
3856,0.002493,74.125.200.0-255,1484,187513,94,386831
3857,0.002519,74.125.200.0-255,1484,188997,94,386831
3858,0.002522,172.31.47.0-255,66,189063,94,386831
3859,0.00254,74.125.200.0-255,1484,190547,94,386831
3860,0.002543,74.125.200.0-255,1484,192031,94,386831
3861,0.002545,172.31.47.0-255,66,192097,94,386831
3862,0.002548,74.125.200.0-255,2902,194999,94,386831
3863,0.00255,172.31.47.0-255,66,195065,94,386831
3864,0.00258,74.125.200.0-255,2902,197967,94,386831
3865,0.002583,172.31.47.0-255,66,198033,94,386831
3866,0.002597,74.125.200.0-255,2902,200935,94,386831
3867,0.0026,172.31.47.0-255,66,201001,94,386831
3868,0.002605,74.125.200.0-255,5738,206739,94,386831
3869,0.002607,172.31.47.0-255,66,206805,94,386831
3870,0.002624,74.125.200.0-255,1484,208289,94,386831
3871,0.002646,74.125.200.0-255,5738,214027,94,386831
3872,0.002648,172.31.47.0-255,66,214093,94,386831
3873,0.00265,74.125.200.0-255,1484,215577,94,386831
3874,0.005274,74.125.200.0-255,4320,219897,94,386831
3875,0.005279,172.31.47.0-255,66,219963,94,386831
3876,0.007888,74.125.200.0-255,5738,225701,94,386831
3877,0.007893,172.31.47.0-255,66,225767,94,386831
3878,0.010517,74.125.200.0-255,5738,231505,94,386831
3879,0.010526,172.31.47.0-255,66,231571,94,386831
3880,0.013163,74.125.200.0-255,5738,237309,94,386831
3881,0.01317,172.31.47.0-255,66,237375,94,386831
3882,0.015803,74.125.200.0-255,5738,243113,94,386831
3883,0.015814,172.31.47.0-255,66,243179,94,386831
3884,0.018428,74.125.200.0-255,5738,248917,94,386831
3885,0.018437,172.31.47.0-255,66,248983,94,386831
3886,0.021056,74.125.200.0-255,5738,254721,94,386831
3887,0.021064,172.31.47.0-255,66,254787,94,386831
3888,0.023687,74.125.200.0-255,5738,260525,94,386831
3889,0.023694,172.31.47.0-255,66,260591,94,386831
3890,0.026125,172.31.47.0-255,172,260763,94,386831
3891,0.026155,172.31.47.0-255,1116,261879,94,386831
3892,0.026201,172.31.47.0-255,1514,263393,94,386831
3893,0.026203,172.31.47.0-255,1290,264683,94,386831
3894,0.026299,74.125.200.0-255,5738,270421,94,386831
3895,0.026308,172.31.47.0-255,66,270487,94,386831
3896,0.027655,104.244.42.0-255,66,270553,94,386831
3897,0.02768,104.244.42.0-255,66,270619,94,386831
3898,0.027737,104.244.42.0-255,66,270685,94,386831
3899,0.028923,74.125.200.0-255,5738,276423,94,386831
3900,0.028928,172.31.47.0-255,66,276489,94,386831
3901,0.031548,74.125.200.0-255,5738,282227,94,386831
3902,0.031555,172.31.47.0-255,66,282293,94,386831
3903,0.034168,74.125.200.0-255,5738,288031,94,386831
3904,0.034174,172.31.47.0-255,66,288097,94,386831
3905,0.036795,74.125.200.0-255,5738,293835,94,386831
3906,0.0368,172.31.47.0-255,66,293901,94,386831
3907,0.039418,74.125.200.0-255,5738,299639,94,386831
3908,0.039426,172.31.47.0-255,66,299705,94,386831
3909,0.042059,74.125.200.0-255,5738,305443,94,386831
3910,0.042069,172.31.47.0-255,66,305509,94,386831
3911,0.044686,74.125.200.0-255,5738,311247,94,386831
3912,0.044691,172.31.47.0-255,66,311313,94,386831
3913,0.047307,74.125.200.0-255,5738,317051,94,386831
3914,0.047313,172.31.47.0-255,66,317117,94,386831
3915,0.049937,74.125.200.0-255,5738,322855,94,386831
3916,0.049943,172.31.47.0-255,66,322921,94,386831
3917,0.052572,74.125.200.0-255,5738,328659,94,386831
3918,0.052578,172.31.47.0-255,66,328725,94,386831
3919,0.055197,74.125.200.0-255,5738,334463,94,386831
3920,0.055204,172.31.47.0-255,66,334529,94,386831
3921,0.057828,74.125.200.0-255,5738,340267,94,386831
3922,0.057834,172.31.47.0-255,66,340333,94,386831
3923,0.06045,74.125.200.0-255,5738,346071,94,386831
3924,0.060458,172.31.47.0-255,66,346137,94,386831
3925,0.063055,74.125.200.0-255,1484,347621,94,386831
3926,0.063072,74.125.200.0-255,4320,351941,94,386831
3927,0.063076,172.31.47.0-255,66,352007,94,386831
3928,0.06569,74.125.200.0-255,5738,357745,94,386831
3929,0.065698,172.31.47.0-255,66,357811,94,386831
3930,0.068316,74.125.200.0-255,5738,363549,94,386831
3931,0.068321,172.31.47.0-255,66,363615,94,386831
3932,0.070952,74.125.200.0-255,5738,369353,94,386831
3933,0.070958,172.31.47.0-255,66,369419,94,386831
3934,0.073575,74.125.200.0-255,5738,375157,94,386831
3935,0.07358,172.31.47.0-255,66,375223,94,386831
3936,0.07623,74.125.200.0-255,5738,380961,94,386831
3937,0.076236,172.31.47.0-255,66,381027,94,386831
3938,0.078858,74.125.200.0-255,5738,386765,94,386831
3939,0.078864,172.31.47.0-255,66,386831,94,386831
3940,0.0,74.125.68.0-255,630,630,94,890
3941,0.000172,74.125.68.0-255,97,727,94,890
3942,0.004727,172.31.47.0-255,97,824,94,890
3943,0.012515,74.125.68.0-255,66,890,94,890
3944,0.0,172.217.194.0-255,149,149,94,211270
3945,1.6e-05,172.31.47.0-255,66,215,94,211270
3946,2.3e-05,172.217.194.0-255,1484,1699,94,211270
3947,2.7e-05,172.31.47.0-255,66,1765,94,211270
3948,4.2e-05,172.217.194.0-255,2902,4667,94,211270
3949,4.5e-05,172.31.47.0-255,66,4733,94,211270
3950,5.3e-05,172.217.194.0-255,7156,11889,94,211270
3951,5.6e-05,172.31.47.0-255,66,11955,94,211270
3952,0.00011,172.217.194.0-255,2138,14093,94,211270
3953,0.000113,172.31.47.0-255,66,14159,94,211270
3954,0.000119,172.217.194.0-255,2902,17061,94,211270
3955,0.000121,172.31.47.0-255,66,17127,94,211270
3956,0.000128,172.217.194.0-255,7156,24283,94,211270
3957,0.00013,172.31.47.0-255,66,24349,94,211270
3958,0.000138,172.217.194.0-255,6797,31146,94,211270
3959,0.00014,172.31.47.0-255,66,31212,94,211270
3960,0.000201,172.217.194.0-255,1484,32696,94,211270
3961,0.000204,172.31.47.0-255,66,32762,94,211270
3962,0.000208,172.217.194.0-255,2902,35664,94,211270
3963,0.00021,172.31.47.0-255,66,35730,94,211270
3964,0.000242,172.217.194.0-255,5738,41468,94,211270
3965,0.000247,172.31.47.0-255,66,41534,94,211270
3966,0.000281,172.217.194.0-255,7156,48690,94,211270
3967,0.000284,172.31.47.0-255,66,48756,94,211270
3968,0.000306,172.217.194.0-255,2543,51299,94,211270
3969,0.000308,172.31.47.0-255,66,51365,94,211270
3970,0.00032,172.31.47.0-255,66,51431,94,211270
3971,0.000326,172.217.194.0-255,4605,56036,94,211270
3972,0.000328,172.31.47.0-255,66,56102,94,211270
3973,0.000747,172.217.194.0-255,1484,57586,94,211270
3974,0.000753,172.31.47.0-255,66,57652,94,211270
3975,0.000759,172.217.194.0-255,2902,60554,94,211270
3976,0.000765,172.217.194.0-255,4320,64874,94,211270
3977,0.000805,172.217.194.0-255,1484,66358,94,211270
3978,0.000828,172.217.194.0-255,766,67124,94,211270
3979,0.000866,172.31.47.0-255,66,67190,94,211270
3980,0.001633,172.217.194.0-255,1484,68674,94,211270
3981,0.001638,172.31.47.0-255,66,68740,94,211270
3982,0.001647,172.217.194.0-255,2902,71642,94,211270
3983,0.001653,172.217.194.0-255,5738,77380,94,211270
3984,0.001661,172.217.194.0-255,1484,78864,94,211270
3985,0.001704,172.31.47.0-255,66,78930,94,211270
3986,0.001708,172.217.194.0-255,2902,81832,94,211270
3987,0.001712,172.31.47.0-255,66,81898,94,211270
3988,0.001761,172.217.194.0-255,1484,83382,94,211270
3989,0.001781,172.217.194.0-255,7156,90538,94,211270
3990,0.001785,172.31.47.0-255,66,90604,94,211270
3991,0.001812,172.217.194.0-255,3602,94206,94,211270
3992,0.001817,172.217.194.0-255,4320,98526,94,211270
3993,0.001826,172.31.47.0-255,66,98592,94,211270
3994,0.001836,172.217.194.0-255,7156,105748,94,211270
3995,0.001839,172.31.47.0-255,66,105814,94,211270
3996,0.001859,172.217.194.0-255,2902,108716,94,211270
3997,0.001913,172.31.47.0-255,66,108782,94,211270
3998,0.00193,172.217.194.0-255,2902,111684,94,211270
3999,0.001937,172.217.194.0-255,4320,116004,94,211270
4000,0.00196,172.31.47.0-255,66,116070,94,211270
4001,0.001975,172.31.47.0-255,66,116136,94,211270
4002,0.001992,172.217.194.0-255,5738,121874,94,211270
4003,0.002006,172.217.194.0-255,2184,124058,94,211270
4004,0.002019,172.31.47.0-255,66,124124,94,211270
4005,0.002058,172.217.194.0-255,2902,127026,94,211270
4006,0.002067,172.31.47.0-255,66,127092,94,211270
4007,0.002081,172.217.194.0-255,4320,131412,94,211270
4008,0.002097,172.31.47.0-255,66,131478,94,211270
4009,0.002176,172.217.194.0-255,2184,133662,94,211270
4010,0.002178,172.217.194.0-255,1484,135146,94,211270
4011,0.002202,172.31.47.0-255,66,135212,94,211270
4012,0.002214,172.31.47.0-255,66,135278,94,211270
4013,0.00223,172.217.194.0-255,7156,142434,94,211270
4014,0.00225,172.31.47.0-255,66,142500,94,211270
4015,0.002328,172.31.47.0-255,66,142566,94,211270
4016,0.004589,172.217.194.0-255,5738,148304,94,211270
4017,0.007644,172.31.47.0-255,66,148370,94,211270
4018,0.009882,172.217.194.0-255,5738,154108,94,211270
4019,0.009895,172.31.47.0-255,66,154174,94,211270
4020,0.012138,172.217.194.0-255,5738,159912,94,211270
4021,0.012152,172.31.47.0-255,66,159978,94,211270
4022,0.0144,172.217.194.0-255,5738,165716,94,211270
4023,0.014417,172.31.47.0-255,66,165782,94,211270
4024,0.016678,172.217.194.0-255,5738,171520,94,211270
4025,0.016687,172.31.47.0-255,66,171586,94,211270
4026,0.018925,172.217.194.0-255,5738,177324,94,211270
4027,0.018941,172.31.47.0-255,66,177390,94,211270
4028,0.02121,172.217.194.0-255,5738,183128,94,211270
4029,0.021224,172.31.47.0-255,66,183194,94,211270
4030,0.023465,172.217.194.0-255,5738,188932,94,211270
4031,0.023479,172.31.47.0-255,66,188998,94,211270
4032,0.025747,172.217.194.0-255,5738,194736,94,211270
4033,0.025766,172.31.47.0-255,66,194802,94,211270
4034,0.028019,172.217.194.0-255,5738,200540,94,211270
4035,0.028333,172.31.47.0-255,66,200606,94,211270
4036,0.030581,172.217.194.0-255,5738,206344,94,211270
4037,0.030591,172.31.47.0-255,66,206410,94,211270
4038,0.032797,172.217.194.0-255,335,206745,94,211270
4039,0.032912,172.31.47.0-255,66,206811,94,211270
4040,0.032948,172.31.47.0-255,105,206916,94,211270
4041,0.035159,172.217.194.0-255,66,206982,94,211270
4042,0.039059,172.31.47.0-255,172,207154,94,211270
4043,0.039088,172.31.47.0-255,1108,208262,94,211270
4044,0.039151,172.31.47.0-255,1514,209776,94,211270
4045,0.039153,172.31.47.0-255,1296,211072,94,211270
4046,0.040582,104.244.42.0-255,66,211138,94,211270
4047,0.04062,104.244.42.0-255,66,211204,94,211270
4048,0.040674,104.244.42.0-255,66,211270,94,211270
4049,0.0,172.253.118.0-255,153,153,94,308859
4050,2.5e-05,172.31.47.0-255,66,219,94,308859
4051,3.1e-05,172.253.118.0-255,1484,1703,94,308859
4052,3.5e-05,172.31.47.0-255,66,1769,94,308859
4053,4e-05,172.253.118.0-255,2902,4671,94,308859
4054,4.3e-05,172.31.47.0-255,66,4737,94,308859
4055,7.6e-05,172.253.118.0-255,7156,11893,94,308859
4056,8e-05,172.253.118.0-255,1939,13832,94,308859
4057,8.1e-05,172.31.47.0-255,66,13898,94,308859
4058,8.4e-05,172.31.47.0-255,66,13964,94,308859
4059,0.000121,172.253.118.0-255,1484,15448,94,308859
4060,0.000124,172.31.47.0-255,66,15514,94,308859
4061,0.000136,172.253.118.0-255,2902,18416,94,308859
4062,0.000139,172.31.47.0-255,66,18482,94,308859
4063,0.000159,172.253.118.0-255,5738,24220,94,308859
4064,0.000161,172.31.47.0-255,66,24286,94,308859
4065,0.000178,172.253.118.0-255,1484,25770,94,308859
4066,0.00018,172.31.47.0-255,66,25836,94,308859
4067,0.0002,172.253.118.0-255,2902,28738,94,308859
4068,0.000203,172.31.47.0-255,66,28804,94,308859
4069,0.00022,172.253.118.0-255,2543,31347,94,308859
4070,0.000222,172.31.47.0-255,66,31413,94,308859
4071,0.000341,172.253.118.0-255,1484,32897,94,308859
4072,0.000346,172.31.47.0-255,66,32963,94,308859
4073,0.000399,172.253.118.0-255,2902,35865,94,308859
4074,0.000403,172.31.47.0-255,66,35931,94,308859
4075,0.000409,172.253.118.0-255,5738,41669,94,308859
4076,0.000411,172.31.47.0-255,66,41735,94,308859
4077,0.000423,172.31.47.0-255,66,41801,94,308859
4078,0.000434,172.31.47.0-255,66,41867,94,308859
4079,0.000436,172.253.118.0-255,1438,43305,94,308859
4080,0.000531,172.253.118.0-255,108,43413,94,308859
4081,0.000787,172.31.47.0-255,66,43479,94,308859
4082,0.000974,172.253.118.0-255,332,43811,94,308859
4083,0.001484,172.253.118.0-255,1484,45295,94,308859
4084,0.001492,172.31.47.0-255,66,45361,94,308859
4085,0.001496,172.253.118.0-255,1484,46845,94,308859
4086,0.0015,172.253.118.0-255,2902,49747,94,308859
4087,0.001501,172.31.47.0-255,66,49813,94,308859
4088,0.001527,172.253.118.0-255,5738,55551,94,308859
4089,0.001528,172.31.47.0-255,66,55617,94,308859
4090,0.001533,172.253.118.0-255,4320,59937,94,308859
4091,0.001534,172.31.47.0-255,66,60003,94,308859
4092,0.001551,172.253.118.0-255,7156,67159,94,308859
4093,0.001552,172.31.47.0-255,66,67225,94,308859
4094,0.001587,172.253.118.0-255,2902,70127,94,308859
4095,0.001588,172.31.47.0-255,66,70193,94,308859
4096,0.001611,172.31.47.0-255,66,70259,94,308859
4097,0.002065,172.253.118.0-255,1484,71743,94,308859
4098,0.002086,172.253.118.0-255,2902,74645,94,308859
4099,0.002088,172.31.47.0-255,66,74711,94,308859
4100,0.002092,172.253.118.0-255,2902,77613,94,308859
4101,0.002094,172.31.47.0-255,66,77679,94,308859
4102,0.002097,172.253.118.0-255,2902,80581,94,308859
4103,0.002099,172.31.47.0-255,66,80647,94,308859
4104,0.002115,172.253.118.0-255,1484,82131,94,308859
4105,0.002129,172.253.118.0-255,4320,86451,94,308859
4106,0.002131,172.31.47.0-255,66,86517,94,308859
4107,0.00215,172.253.118.0-255,4320,90837,94,308859
4108,0.002152,172.31.47.0-255,66,90903,94,308859
4109,0.002157,172.253.118.0-255,5738,96641,94,308859
4110,0.002159,172.31.47.0-255,66,96707,94,308859
4111,0.002196,172.253.118.0-255,7156,103863,94,308859
4112,0.002198,172.31.47.0-255,66,103929,94,308859
4113,0.002214,172.253.118.0-255,766,104695,94,308859
4114,0.003716,172.31.47.0-255,66,104761,94,308859
4115,0.004402,172.253.118.0-255,4320,109081,94,308859
4116,0.004406,172.31.47.0-255,66,109147,94,308859
4117,0.005925,172.253.118.0-255,1484,110631,94,308859
4118,0.00662,172.253.118.0-255,4320,114951,94,308859
4119,0.006625,172.31.47.0-255,66,115017,94,308859
4120,0.008836,172.253.118.0-255,5738,120755,94,308859
4121,0.008842,172.31.47.0-255,66,120821,94,308859
4122,0.011058,172.253.118.0-255,5738,126559,94,308859
4123,0.011067,172.31.47.0-255,66,126625,94,308859
4124,0.013289,172.253.118.0-255,5738,132363,94,308859
4125,0.013298,172.31.47.0-255,66,132429,94,308859
4126,0.015514,172.253.118.0-255,5738,138167,94,308859
4127,0.01552,172.31.47.0-255,66,138233,94,308859
4128,0.017743,172.253.118.0-255,5738,143971,94,308859
4129,0.01775,172.31.47.0-255,66,144037,94,308859
4130,0.019972,172.253.118.0-255,5738,149775,94,308859
4131,0.019979,172.31.47.0-255,66,149841,94,308859
4132,0.022197,172.253.118.0-255,5738,155579,94,308859
4133,0.022204,172.31.47.0-255,66,155645,94,308859
4134,0.02443,172.253.118.0-255,5738,161383,94,308859
4135,0.024436,172.31.47.0-255,66,161449,94,308859
4136,0.02564,172.31.47.0-255,172,161621,94,308859
4137,0.025665,172.31.47.0-255,1116,162737,94,308859
4138,0.025702,172.31.47.0-255,1514,164251,94,308859
4139,0.025704,172.31.47.0-255,1288,165539,94,308859
4140,0.026645,172.253.118.0-255,4320,169859,94,308859
4141,0.026651,172.31.47.0-255,66,169925,94,308859
4142,0.026679,172.253.118.0-255,1484,171409,94,308859
4143,0.027199,104.244.42.0-255,66,171475,94,308859
4144,0.027206,104.244.42.0-255,66,171541,94,308859
4145,0.027241,104.244.42.0-255,66,171607,94,308859
4146,0.028864,172.253.118.0-255,4320,175927,94,308859
4147,0.028869,172.31.47.0-255,66,175993,94,308859
4148,0.031076,172.253.118.0-255,5738,181731,94,308859
4149,0.031082,172.31.47.0-255,66,181797,94,308859
4150,0.033289,172.253.118.0-255,5738,187535,94,308859
4151,0.033294,172.31.47.0-255,66,187601,94,308859
4152,0.03552,172.253.118.0-255,5738,193339,94,308859
4153,0.035525,172.31.47.0-255,66,193405,94,308859
4154,0.037747,172.253.118.0-255,5738,199143,94,308859
4155,0.037752,172.31.47.0-255,66,199209,94,308859
4156,0.039949,172.253.118.0-255,5738,204947,94,308859
4157,0.039955,172.31.47.0-255,66,205013,94,308859
4158,0.042172,172.253.118.0-255,5738,210751,94,308859
4159,0.042179,172.31.47.0-255,66,210817,94,308859
4160,0.044376,172.253.118.0-255,5738,216555,94,308859
4161,0.044381,172.31.47.0-255,66,216621,94,308859
4162,0.046588,172.253.118.0-255,2902,219523,94,308859
4163,0.046592,172.31.47.0-255,66,219589,94,308859
4164,0.046624,172.253.118.0-255,2902,222491,94,308859
4165,0.046627,172.31.47.0-255,66,222557,94,308859
4166,0.048853,172.253.118.0-255,4320,226877,94,308859
4167,0.048858,172.31.47.0-255,66,226943,94,308859
4168,0.048885,172.253.118.0-255,1484,228427,94,308859
4169,0.051065,172.253.118.0-255,4320,232747,94,308859
4170,0.05107,172.31.47.0-255,66,232813,94,308859
4171,0.053307,172.253.118.0-255,5738,238551,94,308859
4172,0.053311,172.31.47.0-255,66,238617,94,308859
4173,0.055512,172.253.118.0-255,5738,244355,94,308859
4174,0.055517,172.31.47.0-255,66,244421,94,308859
4175,0.057736,172.253.118.0-255,5738,250159,94,308859
4176,0.057741,172.31.47.0-255,66,250225,94,308859
4177,0.059948,172.253.118.0-255,5738,255963,94,308859
4178,0.059953,172.31.47.0-255,66,256029,94,308859
4179,0.06217,172.253.118.0-255,5738,261767,94,308859
4180,0.062175,172.31.47.0-255,66,261833,94,308859
4181,0.064382,172.253.118.0-255,5738,267571,94,308859
4182,0.064386,172.31.47.0-255,66,267637,94,308859
4183,0.066601,172.253.118.0-255,5738,273375,94,308859
4184,0.066605,172.31.47.0-255,66,273441,94,308859
4185,0.068805,172.253.118.0-255,5738,279179,94,308859
4186,0.068809,172.31.47.0-255,66,279245,94,308859
4187,0.071035,172.253.118.0-255,5738,284983,94,308859
4188,0.071041,172.31.47.0-255,66,285049,94,308859
4189,0.073235,172.253.118.0-255,2902,287951,94,308859
4190,0.07324,172.31.47.0-255,66,288017,94,308859
4191,0.073265,172.253.118.0-255,2902,290919,94,308859
4192,0.073267,172.31.47.0-255,66,290985,94,308859
4193,0.075462,172.253.118.0-255,2902,293887,94,308859
4194,0.075467,172.31.47.0-255,66,293953,94,308859
4195,0.075493,172.253.118.0-255,2902,296855,94,308859
4196,0.075495,172.31.47.0-255,66,296921,94,308859
4197,0.07767,172.253.118.0-255,2902,299823,94,308859
4198,0.077674,172.31.47.0-255,66,299889,94,308859
4199,0.077699,172.253.118.0-255,1484,301373,94,308859
4200,0.077713,172.253.118.0-255,1484,302857,94,308859
4201,0.077715,172.31.47.0-255,66,302923,94,308859
4202,0.079875,172.253.118.0-255,2902,305825,94,308859
4203,0.07988,172.31.47.0-255,66,305891,94,308859
4204,0.079959,172.253.118.0-255,2902,308793,94,308859
4205,0.079962,172.31.47.0-255,66,308859,94,308859
4206,0.0,74.125.200.0-255,153,153,94,287909
4207,2.4e-05,172.31.47.0-255,66,219,94,287909
4208,5.2e-05,74.125.200.0-255,1484,1703,94,287909
4209,5.6e-05,172.31.47.0-255,66,1769,94,287909
4210,6.1e-05,74.125.200.0-255,2902,4671,94,287909
4211,6.4e-05,172.31.47.0-255,66,4737,94,287909
4212,8.5e-05,74.125.200.0-255,1484,6221,94,287909
4213,8.7e-05,172.31.47.0-255,66,6287,94,287909
4214,0.000112,74.125.200.0-255,4320,10607,94,287909
4215,0.000115,172.31.47.0-255,66,10673,94,287909
4216,0.000119,74.125.200.0-255,3392,14065,94,287909
4217,0.000121,172.31.47.0-255,66,14131,94,287909
4218,0.000256,74.125.200.0-255,1484,15615,94,287909
4219,0.00026,172.31.47.0-255,66,15681,94,287909
4220,0.000265,74.125.200.0-255,2902,18583,94,287909
4221,0.000267,172.31.47.0-255,66,18649,94,287909
4222,0.000294,74.125.200.0-255,5738,24387,94,287909
4223,0.000298,172.31.47.0-255,66,24453,94,287909
4224,0.000301,74.125.200.0-255,2902,27355,94,287909
4225,0.000303,172.31.47.0-255,66,27421,94,287909
4226,0.000306,74.125.200.0-255,1484,28905,94,287909
4227,0.000307,172.31.47.0-255,66,28971,94,287909
4228,0.000328,74.125.200.0-255,2543,31514,94,287909
4229,0.000331,172.31.47.0-255,66,31580,94,287909
4230,0.000339,74.125.200.0-255,2902,34482,94,287909
4231,0.000341,172.31.47.0-255,66,34548,94,287909
4232,0.000367,74.125.200.0-255,5738,40286,94,287909
4233,0.000371,172.31.47.0-255,66,40352,94,287909
4234,0.000387,74.125.200.0-255,4320,44672,94,287909
4235,0.00039,172.31.47.0-255,66,44738,94,287909
4236,0.000425,74.125.200.0-255,5738,50476,94,287909
4237,0.000429,172.31.47.0-255,66,50542,94,287909
4238,0.000435,74.125.200.0-255,7156,57698,94,287909
4239,0.000437,172.31.47.0-255,66,57764,94,287909
4240,0.000451,172.31.47.0-255,66,57830,94,287909
4241,0.000453,74.125.200.0-255,400,58230,94,287909
4242,0.000481,74.125.200.0-255,343,58573,94,287909
4243,0.000675,172.31.47.0-255,66,58639,94,287909
4244,0.000826,74.125.200.0-255,1484,60123,94,287909
4245,0.000848,74.125.200.0-255,1484,61607,94,287909
4246,0.000852,172.31.47.0-255,66,61673,94,287909
4247,0.000879,74.125.200.0-255,1484,63157,94,287909
4248,0.000885,74.125.200.0-255,5738,68895,94,287909
4249,0.000887,172.31.47.0-255,66,68961,94,287909
4250,0.000892,74.125.200.0-255,4320,73281,94,287909
4251,0.000894,172.31.47.0-255,66,73347,94,287909
4252,0.000924,74.125.200.0-255,2902,76249,94,287909
4253,0.000927,172.31.47.0-255,66,76315,94,287909
4254,0.000933,74.125.200.0-255,7156,83471,94,287909
4255,0.000935,172.31.47.0-255,66,83537,94,287909
4256,0.000945,172.31.47.0-255,66,83603,94,287909
4257,0.000947,74.125.200.0-255,766,84369,94,287909
4258,0.001939,172.31.47.0-255,66,84435,94,287909
4259,0.003195,74.125.200.0-255,4320,88755,94,287909
4260,0.0032,172.31.47.0-255,66,88821,94,287909
4261,0.004192,74.125.200.0-255,1484,90305,94,287909
4262,0.005461,74.125.200.0-255,2902,93207,94,287909
4263,0.005464,172.31.47.0-255,66,93273,94,287909
4264,0.00548,74.125.200.0-255,1484,94757,94,287909
4265,0.007728,74.125.200.0-255,1484,96241,94,287909
4266,0.007736,172.31.47.0-255,66,96307,94,287909
4267,0.007766,74.125.200.0-255,2902,99209,94,287909
4268,0.00777,172.31.47.0-255,66,99275,94,287909
4269,0.010002,74.125.200.0-255,2902,102177,94,287909
4270,0.010009,172.31.47.0-255,66,102243,94,287909
4271,0.010038,74.125.200.0-255,2902,105145,94,287909
4272,0.010042,172.31.47.0-255,66,105211,94,287909
4273,0.01229,74.125.200.0-255,2902,108113,94,287909
4274,0.012299,172.31.47.0-255,66,108179,94,287909
4275,0.012335,74.125.200.0-255,2902,111081,94,287909
4276,0.012339,172.31.47.0-255,66,111147,94,287909
4277,0.014563,74.125.200.0-255,2902,114049,94,287909
4278,0.014571,172.31.47.0-255,66,114115,94,287909
4279,0.014599,74.125.200.0-255,2902,117017,94,287909
4280,0.014602,172.31.47.0-255,66,117083,94,287909
4281,0.01685,74.125.200.0-255,2902,119985,94,287909
4282,0.016855,172.31.47.0-255,66,120051,94,287909
4283,0.016881,74.125.200.0-255,2902,122953,94,287909
4284,0.016885,172.31.47.0-255,66,123019,94,287909
4285,0.019117,74.125.200.0-255,2902,125921,94,287909
4286,0.019123,172.31.47.0-255,66,125987,94,287909
4287,0.019151,74.125.200.0-255,2902,128889,94,287909
4288,0.019154,172.31.47.0-255,66,128955,94,287909
4289,0.019276,172.31.47.0-255,172,129127,94,287909
4290,0.019318,172.31.47.0-255,1118,130245,94,287909
4291,0.019382,172.31.47.0-255,1514,131759,94,287909
4292,0.019383,172.31.47.0-255,1286,133045,94,287909
4293,0.020797,104.244.42.0-255,66,133111,94,287909
4294,0.020903,104.244.42.0-255,66,133177,94,287909
4295,0.020961,104.244.42.0-255,66,133243,94,287909
4296,0.021376,74.125.200.0-255,2902,136145,94,287909
4297,0.021379,172.31.47.0-255,66,136211,94,287909
4298,0.02141,74.125.200.0-255,2902,139113,94,287909
4299,0.021412,172.31.47.0-255,66,139179,94,287909
4300,0.023639,74.125.200.0-255,2902,142081,94,287909
4301,0.023644,172.31.47.0-255,66,142147,94,287909
4302,0.023674,74.125.200.0-255,2902,145049,94,287909
4303,0.023677,172.31.47.0-255,66,145115,94,287909
4304,0.025898,74.125.200.0-255,2902,148017,94,287909
4305,0.025902,172.31.47.0-255,66,148083,94,287909
4306,0.025931,74.125.200.0-255,2902,150985,94,287909
4307,0.025933,172.31.47.0-255,66,151051,94,287909
4308,0.028161,74.125.200.0-255,2902,153953,94,287909
4309,0.028166,172.31.47.0-255,66,154019,94,287909
4310,0.028199,74.125.200.0-255,2902,156921,94,287909
4311,0.028202,172.31.47.0-255,66,156987,94,287909
4312,0.030424,74.125.200.0-255,2902,159889,94,287909
4313,0.030429,172.31.47.0-255,66,159955,94,287909
4314,0.03047,74.125.200.0-255,1484,161439,94,287909
4315,0.030484,74.125.200.0-255,1484,162923,94,287909
4316,0.030487,172.31.47.0-255,66,162989,94,287909
4317,0.032695,74.125.200.0-255,2902,165891,94,287909
4318,0.0327,172.31.47.0-255,66,165957,94,287909
4319,0.032749,74.125.200.0-255,2902,168859,94,287909
4320,0.032752,172.31.47.0-255,66,168925,94,287909
4321,0.034946,74.125.200.0-255,2902,171827,94,287909
4322,0.034951,172.31.47.0-255,66,171893,94,287909
4323,0.035034,74.125.200.0-255,2902,174795,94,287909
4324,0.035038,172.31.47.0-255,66,174861,94,287909
4325,0.037207,74.125.200.0-255,2902,177763,94,287909
4326,0.037212,172.31.47.0-255,66,177829,94,287909
4327,0.037289,74.125.200.0-255,2902,180731,94,287909
4328,0.037294,172.31.47.0-255,66,180797,94,287909
4329,0.039462,74.125.200.0-255,2902,183699,94,287909
4330,0.039466,172.31.47.0-255,66,183765,94,287909
4331,0.039539,74.125.200.0-255,1484,185249,94,287909
4332,0.03955,74.125.200.0-255,1484,186733,94,287909
4333,0.039553,172.31.47.0-255,66,186799,94,287909
4334,0.041712,74.125.200.0-255,2902,189701,94,287909
4335,0.041716,172.31.47.0-255,66,189767,94,287909
4336,0.041809,74.125.200.0-255,2902,192669,94,287909
4337,0.041813,172.31.47.0-255,66,192735,94,287909
4338,0.043973,74.125.200.0-255,2902,195637,94,287909
4339,0.043978,172.31.47.0-255,66,195703,94,287909
4340,0.044075,74.125.200.0-255,2902,198605,94,287909
4341,0.044079,172.31.47.0-255,66,198671,94,287909
4342,0.046275,74.125.200.0-255,2902,201573,94,287909
4343,0.04628,172.31.47.0-255,66,201639,94,287909
4344,0.046335,74.125.200.0-255,1484,203123,94,287909
4345,0.046352,74.125.200.0-255,1484,204607,94,287909
4346,0.046355,172.31.47.0-255,66,204673,94,287909
4347,0.048535,74.125.200.0-255,2902,207575,94,287909
4348,0.04854,172.31.47.0-255,66,207641,94,287909
4349,0.048601,74.125.200.0-255,2902,210543,94,287909
4350,0.048604,172.31.47.0-255,66,210609,94,287909
4351,0.050806,74.125.200.0-255,2902,213511,94,287909
4352,0.05081,172.31.47.0-255,66,213577,94,287909
4353,0.050856,74.125.200.0-255,2902,216479,94,287909
4354,0.050859,172.31.47.0-255,66,216545,94,287909
4355,0.05306,74.125.200.0-255,2902,219447,94,287909
4356,0.053066,172.31.47.0-255,66,219513,94,287909
4357,0.0531,74.125.200.0-255,1484,220997,94,287909
4358,0.053111,74.125.200.0-255,1484,222481,94,287909
4359,0.053113,172.31.47.0-255,66,222547,94,287909
4360,0.055354,74.125.200.0-255,2902,225449,94,287909
4361,0.055359,172.31.47.0-255,66,225515,94,287909
4362,0.055386,74.125.200.0-255,2902,228417,94,287909
4363,0.055389,172.31.47.0-255,66,228483,94,287909
4364,0.057631,74.125.200.0-255,2902,231385,94,287909
4365,0.057661,172.31.47.0-255,66,231451,94,287909
4366,0.057686,74.125.200.0-255,2902,234353,94,287909
4367,0.057689,172.31.47.0-255,66,234419,94,287909
4368,0.059916,74.125.200.0-255,2902,237321,94,287909
4369,0.059921,172.31.47.0-255,66,237387,94,287909
4370,0.059947,74.125.200.0-255,2902,240289,94,287909
4371,0.059949,172.31.47.0-255,66,240355,94,287909
4372,0.062218,74.125.200.0-255,2902,243257,94,287909
4373,0.062224,172.31.47.0-255,66,243323,94,287909
4374,0.062262,74.125.200.0-255,2902,246225,94,287909
4375,0.062265,172.31.47.0-255,66,246291,94,287909
4376,0.064493,74.125.200.0-255,2902,249193,94,287909
4377,0.064498,172.31.47.0-255,66,249259,94,287909
4378,0.064531,74.125.200.0-255,2902,252161,94,287909
4379,0.064533,172.31.47.0-255,66,252227,94,287909
4380,0.066759,74.125.200.0-255,2902,255129,94,287909
4381,0.066764,172.31.47.0-255,66,255195,94,287909
4382,0.0668,74.125.200.0-255,2902,258097,94,287909
4383,0.066803,172.31.47.0-255,66,258163,94,287909
4384,0.06904,74.125.200.0-255,2902,261065,94,287909
4385,0.069045,172.31.47.0-255,66,261131,94,287909
4386,0.069083,74.125.200.0-255,2902,264033,94,287909
4387,0.069086,172.31.47.0-255,66,264099,94,287909
4388,0.071299,74.125.200.0-255,2902,267001,94,287909
4389,0.071303,172.31.47.0-255,66,267067,94,287909
4390,0.071335,74.125.200.0-255,2902,269969,94,287909
4391,0.071338,172.31.47.0-255,66,270035,94,287909
4392,0.07356,74.125.200.0-255,2902,272937,94,287909
4393,0.073566,172.31.47.0-255,66,273003,94,287909
4394,0.073599,74.125.200.0-255,2902,275905,94,287909
4395,0.073602,172.31.47.0-255,66,275971,94,287909
4396,0.075828,74.125.200.0-255,2902,278873,94,287909
4397,0.075832,172.31.47.0-255,66,278939,94,287909
4398,0.075868,74.125.200.0-255,2902,281841,94,287909
4399,0.075871,172.31.47.0-255,66,281907,94,287909
4400,0.078079,74.125.200.0-255,2902,284809,94,287909
4401,0.078084,172.31.47.0-255,66,284875,94,287909
4402,0.078124,74.125.200.0-255,1484,286359,94,287909
4403,0.078136,74.125.200.0-255,1484,287843,94,287909
4404,0.078138,172.31.47.0-255,66,287909,94,287909
4405,0.0,74.125.24.0-255,153,153,94,345050
4406,1.9e-05,172.31.47.0-255,66,219,94,345050
4407,2.6e-05,74.125.24.0-255,1484,1703,94,345050
4408,3e-05,172.31.47.0-255,66,1769,94,345050
4409,3.6e-05,74.125.24.0-255,2902,4671,94,345050
4410,3.9e-05,172.31.47.0-255,66,4737,94,345050
4411,4.7e-05,74.125.24.0-255,7156,11893,94,345050
4412,4.9e-05,172.31.47.0-255,66,11959,94,345050
4413,5.4e-05,74.125.24.0-255,2101,14060,94,345050
4414,5.7e-05,172.31.47.0-255,66,14126,94,345050
4415,9.1e-05,74.125.24.0-255,1484,15610,94,345050
4416,9.4e-05,172.31.47.0-255,66,15676,94,345050
4417,9.9e-05,74.125.24.0-255,2902,18578,94,345050
4418,0.000102,172.31.47.0-255,66,18644,94,345050
4419,0.000108,74.125.24.0-255,5738,24382,94,345050
4420,0.000111,172.31.47.0-255,66,24448,94,345050
4421,0.000126,74.125.24.0-255,2902,27350,94,345050
4422,0.000129,172.31.47.0-255,66,27416,94,345050
4423,0.000154,74.125.24.0-255,3961,31377,94,345050
4424,0.000157,172.31.47.0-255,66,31443,94,345050
4425,0.000258,74.125.24.0-255,1484,32927,94,345050
4426,0.000262,172.31.47.0-255,66,32993,94,345050
4427,0.000267,74.125.24.0-255,2902,35895,94,345050
4428,0.000269,172.31.47.0-255,66,35961,94,345050
4429,0.000273,74.125.24.0-255,2902,38863,94,345050
4430,0.000275,172.31.47.0-255,66,38929,94,345050
4431,0.00029,74.125.24.0-255,2902,41831,94,345050
4432,0.000292,172.31.47.0-255,66,41897,94,345050
4433,0.0003,74.125.24.0-255,6797,48694,94,345050
4434,0.000302,172.31.47.0-255,66,48760,94,345050
4435,0.000335,74.125.24.0-255,5738,54498,94,345050
4436,0.000338,172.31.47.0-255,66,54564,94,345050
4437,0.000385,74.125.24.0-255,2855,57419,94,345050
4438,0.000403,74.125.24.0-255,109,57528,94,345050
4439,0.00049,172.31.47.0-255,66,57594,94,345050
4440,0.000541,74.125.24.0-255,1484,59078,94,345050
4441,0.000558,74.125.24.0-255,2902,61980,94,345050
4442,0.000574,172.31.47.0-255,66,62046,94,345050
4443,0.000581,74.125.24.0-255,5738,67784,94,345050
4444,0.000585,74.125.24.0-255,2902,70686,94,345050
4445,0.000591,172.31.47.0-255,66,70752,94,345050
4446,0.000601,74.125.24.0-255,3961,74713,94,345050
4447,0.000617,74.125.24.0-255,4320,79033,94,345050
4448,0.000629,172.31.47.0-255,66,79099,94,345050
4449,0.000648,74.125.24.0-255,2543,81642,94,345050
4450,0.000653,172.31.47.0-255,66,81708,94,345050
4451,0.000908,74.125.24.0-255,1484,83192,94,345050
4452,0.000913,74.125.24.0-255,1484,84676,94,345050
4453,0.000922,172.31.47.0-255,66,84742,94,345050
4454,0.00093,74.125.24.0-255,1484,86226,94,345050
4455,0.000936,74.125.24.0-255,5738,91964,94,345050
4456,0.000941,74.125.24.0-255,4320,96284,94,345050
4457,0.000946,172.31.47.0-255,66,96350,94,345050
4458,0.000963,74.125.24.0-255,1484,97834,94,345050
4459,0.00099,172.31.47.0-255,66,97900,94,345050
4460,0.000998,74.125.24.0-255,1484,99384,94,345050
4461,0.001002,74.125.24.0-255,4320,103704,94,345050
4462,0.001015,74.125.24.0-255,3602,107306,94,345050
4463,0.001018,172.31.47.0-255,66,107372,94,345050
4464,0.001044,172.31.47.0-255,66,107438,94,345050
4465,0.001352,74.125.24.0-255,1484,108922,94,345050
4466,0.001357,74.125.24.0-255,1484,110406,94,345050
4467,0.001359,172.31.47.0-255,66,110472,94,345050
4468,0.001379,74.125.24.0-255,1484,111956,94,345050
4469,0.001386,74.125.24.0-255,5738,117694,94,345050
4470,0.001401,74.125.24.0-255,7156,124850,94,345050
4471,0.00141,172.31.47.0-255,66,124916,94,345050
4472,0.001413,74.125.24.0-255,1484,126400,94,345050
4473,0.001427,172.31.47.0-255,66,126466,94,345050
4474,0.00144,74.125.24.0-255,5020,131486,94,345050
4475,0.001462,172.31.47.0-255,66,131552,94,345050
4476,0.001948,74.125.24.0-255,1484,133036,94,345050
4477,0.001964,74.125.24.0-255,2902,135938,94,345050
4478,0.001969,172.31.47.0-255,66,136004,94,345050
4479,0.001975,74.125.24.0-255,5738,141742,94,345050
4480,0.001987,74.125.24.0-255,1484,143226,94,345050
4481,0.001997,172.31.47.0-255,66,143292,94,345050
4482,0.002012,74.125.24.0-255,7156,150448,94,345050
4483,0.002025,172.31.47.0-255,66,150514,94,345050
4484,0.002037,74.125.24.0-255,4320,154834,94,345050
4485,0.002049,74.125.24.0-255,2184,157018,94,345050
4486,0.002072,172.31.47.0-255,66,157084,94,345050
4487,0.002236,74.125.24.0-255,1484,158568,94,345050
4488,0.00224,74.125.24.0-255,1484,160052,94,345050
4489,0.002243,172.31.47.0-255,66,160118,94,345050
4490,0.002261,74.125.24.0-255,1484,161602,94,345050
4491,0.002267,74.125.24.0-255,5738,167340,94,345050
4492,0.002316,74.125.24.0-255,4320,171660,94,345050
4493,0.002323,172.31.47.0-255,66,171726,94,345050
4494,0.002347,172.31.47.0-255,66,171792,94,345050
4495,0.002383,172.31.47.0-255,66,171858,94,345050
4496,0.002487,74.125.24.0-255,1484,173342,94,345050
4497,0.002508,74.125.24.0-255,2902,176244,94,345050
4498,0.002516,74.125.24.0-255,5738,181982,94,345050
4499,0.002527,74.125.24.0-255,2902,184884,94,345050
4500,0.002537,172.31.47.0-255,66,184950,94,345050
4501,0.002551,74.125.24.0-255,7156,192106,94,345050
4502,0.002567,74.125.24.0-255,2902,195008,94,345050
4503,0.002569,74.125.24.0-255,1484,196492,94,345050
4504,0.003479,172.31.47.0-255,66,196558,94,345050
4505,0.00601,74.125.24.0-255,5738,202296,94,345050
4506,0.0075,172.31.47.0-255,66,202362,94,345050
4507,0.01008,74.125.24.0-255,5738,208100,94,345050
4508,0.010099,172.31.47.0-255,66,208166,94,345050
4509,0.012683,74.125.24.0-255,5738,213904,94,345050
4510,0.012702,172.31.47.0-255,66,213970,94,345050
4511,0.015263,74.125.24.0-255,5738,219708,94,345050
4512,0.015274,172.31.47.0-255,66,219774,94,345050
4513,0.017847,74.125.24.0-255,5738,225512,94,345050
4514,0.017865,172.31.47.0-255,66,225578,94,345050
4515,0.020441,74.125.24.0-255,5738,231316,94,345050
4516,0.020453,172.31.47.0-255,66,231382,94,345050
4517,0.023014,74.125.24.0-255,5738,237120,94,345050
4518,0.023026,172.31.47.0-255,66,237186,94,345050
4519,0.025591,74.125.24.0-255,5738,242924,94,345050
4520,0.025611,172.31.47.0-255,66,242990,94,345050
4521,0.028205,74.125.24.0-255,5738,248728,94,345050
4522,0.028222,172.31.47.0-255,66,248794,94,345050
4523,0.0308,74.125.24.0-255,5738,254532,94,345050
4524,0.030813,172.31.47.0-255,66,254598,94,345050
4525,0.033386,74.125.24.0-255,5738,260336,94,345050
4526,0.033406,172.31.47.0-255,66,260402,94,345050
4527,0.035982,74.125.24.0-255,5738,266140,94,345050
4528,0.035995,172.31.47.0-255,66,266206,94,345050
4529,0.038559,74.125.24.0-255,5738,271944,94,345050
4530,0.038568,172.31.47.0-255,66,272010,94,345050
4531,0.03964,172.31.47.0-255,172,272182,94,345050
4532,0.039671,172.31.47.0-255,1108,273290,94,345050
4533,0.039728,172.31.47.0-255,1514,274804,94,345050
4534,0.03973,172.31.47.0-255,1296,276100,94,345050
4535,0.04114,74.125.24.0-255,5738,281838,94,345050
4536,0.041156,172.31.47.0-255,66,281904,94,345050
4537,0.041188,104.244.42.0-255,66,281970,94,345050
4538,0.041247,104.244.42.0-255,66,282036,94,345050
4539,0.0413,104.244.42.0-255,66,282102,94,345050
4540,0.043729,74.125.24.0-255,5738,287840,94,345050
4541,0.043752,172.31.47.0-255,66,287906,94,345050
4542,0.046346,74.125.24.0-255,5738,293644,94,345050
4543,0.046363,172.31.47.0-255,66,293710,94,345050
4544,0.048958,74.125.24.0-255,5738,299448,94,345050
4545,0.048978,172.31.47.0-255,66,299514,94,345050
4546,0.051553,74.125.24.0-255,5738,305252,94,345050
4547,0.051565,172.31.47.0-255,66,305318,94,345050
4548,0.054111,74.125.24.0-255,5738,311056,94,345050
4549,0.054118,172.31.47.0-255,66,311122,94,345050
4550,0.0567,74.125.24.0-255,5738,316860,94,345050
4551,0.056707,172.31.47.0-255,66,316926,94,345050
4552,0.05928,74.125.24.0-255,5738,322664,94,345050
4553,0.059287,172.31.47.0-255,66,322730,94,345050
4554,0.061833,74.125.24.0-255,5738,328468,94,345050
4555,0.06184,172.31.47.0-255,66,328534,94,345050
4556,0.064451,74.125.24.0-255,5738,334272,94,345050
4557,0.064462,172.31.47.0-255,66,334338,94,345050
4558,0.066993,74.125.24.0-255,5738,340076,94,345050
4559,0.067,172.31.47.0-255,66,340142,94,345050
4560,0.069555,74.125.24.0-255,4671,344813,94,345050
4561,0.069561,172.31.47.0-255,66,344879,94,345050
4562,0.069754,172.31.47.0-255,105,344984,94,345050
4563,0.072287,74.125.24.0-255,66,345050,94,345050
4564,0.0,172.253.118.0-255,153,153,94,356098
4565,2.9e-05,172.31.47.0-255,66,219,94,356098
4566,3.5e-05,172.253.118.0-255,1484,1703,94,356098
4567,3.9e-05,172.31.47.0-255,66,1769,94,356098
4568,4.4e-05,172.253.118.0-255,2902,4671,94,356098
4569,4.7e-05,172.31.47.0-255,66,4737,94,356098
4570,7.2e-05,172.253.118.0-255,4320,9057,94,356098
4571,7.5e-05,172.31.47.0-255,66,9123,94,356098
4572,9.9e-05,172.253.118.0-255,2902,12025,94,356098
4573,0.000101,172.31.47.0-255,66,12091,94,356098
4574,0.000105,172.253.118.0-255,2055,14146,94,356098
4575,0.000108,172.31.47.0-255,66,14212,94,356098
4576,0.000195,172.253.118.0-255,1484,15696,94,356098
4577,0.000199,172.31.47.0-255,66,15762,94,356098
4578,0.000205,172.253.118.0-255,2902,18664,94,356098
4579,0.000207,172.31.47.0-255,66,18730,94,356098
4580,0.000229,172.253.118.0-255,5738,24468,94,356098
4581,0.000231,172.31.47.0-255,66,24534,94,356098
4582,0.000258,172.253.118.0-255,5738,30272,94,356098
4583,0.000262,172.31.47.0-255,66,30338,94,356098
4584,0.00028,172.253.118.0-255,1125,31463,94,356098
4585,0.000283,172.31.47.0-255,66,31529,94,356098
4586,0.000292,172.253.118.0-255,7156,38685,94,356098
4587,0.000295,172.31.47.0-255,66,38751,94,356098
4588,0.000298,172.253.118.0-255,1484,40235,94,356098
4589,0.0003,172.31.47.0-255,66,40301,94,356098
4590,0.000328,172.31.47.0-255,66,40367,94,356098
4591,0.000363,172.253.118.0-255,2902,43269,94,356098
4592,0.000367,172.31.47.0-255,66,43335,94,356098
4593,0.000371,172.253.118.0-255,4320,47655,94,356098
4594,0.000374,172.31.47.0-255,66,47721,94,356098
4595,0.000377,172.253.118.0-255,1484,49205,94,356098
4596,0.000406,172.253.118.0-255,7156,56361,94,356098
4597,0.00041,172.31.47.0-255,66,56427,94,356098
4598,0.000413,172.253.118.0-255,1437,57864,94,356098
4599,0.000427,172.253.118.0-255,373,58237,94,356098
4600,0.000432,172.31.47.0-255,66,58303,94,356098
4601,0.000681,172.253.118.0-255,1484,59787,94,356098
4602,0.000705,172.253.118.0-255,2902,62689,94,356098
4603,0.000709,172.31.47.0-255,66,62755,94,356098
4604,0.000715,172.253.118.0-255,4320,67075,94,356098
4605,0.000717,172.31.47.0-255,66,67141,94,356098
4606,0.000731,172.253.118.0-255,1484,68625,94,356098
4607,0.000744,172.253.118.0-255,1484,70109,94,356098
4608,0.000749,172.31.47.0-255,66,70175,94,356098
4609,0.00078,172.31.47.0-255,66,70241,94,356098
4610,0.000789,172.31.47.0-255,66,70307,94,356098
4611,0.000802,172.253.118.0-255,1125,71432,94,356098
4612,0.001143,172.31.47.0-255,66,71498,94,356098
4613,0.001163,172.253.118.0-255,1484,72982,94,356098
4614,0.001183,172.253.118.0-255,2902,75884,94,356098
4615,0.001185,172.31.47.0-255,66,75950,94,356098
4616,0.00119,172.253.118.0-255,4320,80270,94,356098
4617,0.001192,172.31.47.0-255,66,80336,94,356098
4618,0.001204,172.253.118.0-255,1484,81820,94,356098
4619,0.001221,172.253.118.0-255,2902,84722,94,356098
4620,0.001224,172.31.47.0-255,66,84788,94,356098
4621,0.001249,172.31.47.0-255,66,84854,94,356098
4622,0.001272,172.253.118.0-255,1484,86338,94,356098
4623,0.001285,172.253.118.0-255,4320,90658,94,356098
4624,0.001288,172.31.47.0-255,66,90724,94,356098
4625,0.00131,172.253.118.0-255,5020,95744,94,356098
4626,0.001313,172.31.47.0-255,66,95810,94,356098
4627,0.001345,172.253.118.0-255,1484,97294,94,356098
4628,0.00135,172.253.118.0-255,2902,100196,94,356098
4629,0.001353,172.31.47.0-255,66,100262,94,356098
4630,0.001373,172.253.118.0-255,4320,104582,94,356098
4631,0.001376,172.31.47.0-255,66,104648,94,356098
4632,0.001393,172.253.118.0-255,1484,106132,94,356098
4633,0.001406,172.31.47.0-255,66,106198,94,356098
4634,0.001426,172.253.118.0-255,1484,107682,94,356098
4635,0.001437,172.31.47.0-255,66,107748,94,356098
4636,0.001455,172.253.118.0-255,2184,109932,94,356098
4637,0.001458,172.31.47.0-255,66,109998,94,356098
4638,0.001739,172.253.118.0-255,1484,111482,94,356098
4639,0.001749,172.253.118.0-255,2902,114384,94,356098
4640,0.001753,172.31.47.0-255,66,114450,94,356098
4641,0.001758,172.253.118.0-255,4320,118770,94,356098
4642,0.00176,172.31.47.0-255,66,118836,94,356098
4643,0.001774,172.253.118.0-255,1484,120320,94,356098
4644,0.001779,172.253.118.0-255,4320,124640,94,356098
4645,0.001781,172.31.47.0-255,66,124706,94,356098
4646,0.001794,172.253.118.0-255,2902,127608,94,356098
4647,0.001797,172.31.47.0-255,66,127674,94,356098
4648,0.001832,172.253.118.0-255,5738,133412,94,356098
4649,0.001835,172.31.47.0-255,66,133478,94,356098
4650,0.001855,172.253.118.0-255,2902,136380,94,356098
4651,0.001857,172.31.47.0-255,66,136446,94,356098
4652,0.001866,172.31.47.0-255,66,136512,94,356098
4653,0.003854,172.253.118.0-255,5738,142250,94,356098
4654,0.00386,172.31.47.0-255,66,142316,94,356098
4655,0.005869,172.253.118.0-255,4320,146636,94,356098
4656,0.005874,172.31.47.0-255,66,146702,94,356098
4657,0.005897,172.253.118.0-255,1484,148186,94,356098
4658,0.007897,172.253.118.0-255,4320,152506,94,356098
4659,0.007903,172.31.47.0-255,66,152572,94,356098
4660,0.009916,172.253.118.0-255,5738,158310,94,356098
4661,0.009923,172.31.47.0-255,66,158376,94,356098
4662,0.01193,172.253.118.0-255,5738,164114,94,356098
4663,0.011938,172.31.47.0-255,66,164180,94,356098
4664,0.013958,172.253.118.0-255,5738,169918,94,356098
4665,0.013975,172.31.47.0-255,66,169984,94,356098
4666,0.015992,172.253.118.0-255,5738,175722,94,356098
4667,0.016001,172.31.47.0-255,66,175788,94,356098
4668,0.018018,172.253.118.0-255,5738,181526,94,356098
4669,0.018025,172.31.47.0-255,66,181592,94,356098
4670,0.020039,172.253.118.0-255,5738,187330,94,356098
4671,0.020045,172.31.47.0-255,66,187396,94,356098
4672,0.022055,172.253.118.0-255,5738,193134,94,356098
4673,0.022061,172.31.47.0-255,66,193200,94,356098
4674,0.024061,172.253.118.0-255,5738,198938,94,356098
4675,0.024068,172.31.47.0-255,66,199004,94,356098
4676,0.025092,172.31.47.0-255,172,199176,94,356098
4677,0.025129,172.31.47.0-255,1112,200288,94,356098
4678,0.025184,172.31.47.0-255,1514,201802,94,356098
4679,0.025186,172.31.47.0-255,1292,203094,94,356098
4680,0.026056,172.253.118.0-255,5738,208832,94,356098
4681,0.02606,172.31.47.0-255,66,208898,94,356098
4682,0.026609,104.244.42.0-255,66,208964,94,356098
4683,0.026679,104.244.42.0-255,66,209030,94,356098
4684,0.026766,104.244.42.0-255,66,209096,94,356098
4685,0.028083,172.253.118.0-255,5738,214834,94,356098
4686,0.028088,172.31.47.0-255,66,214900,94,356098
4687,0.030097,172.253.118.0-255,5738,220638,94,356098
4688,0.030103,172.31.47.0-255,66,220704,94,356098
4689,0.032104,172.253.118.0-255,5738,226442,94,356098
4690,0.032108,172.31.47.0-255,66,226508,94,356098
4691,0.034105,172.253.118.0-255,5738,232246,94,356098
4692,0.03411,172.31.47.0-255,66,232312,94,356098
4693,0.036105,172.253.118.0-255,5738,238050,94,356098
4694,0.036109,172.31.47.0-255,66,238116,94,356098
4695,0.038108,172.253.118.0-255,5738,243854,94,356098
4696,0.038112,172.31.47.0-255,66,243920,94,356098
4697,0.040113,172.253.118.0-255,5738,249658,94,356098
4698,0.040118,172.31.47.0-255,66,249724,94,356098
4699,0.04211,172.253.118.0-255,5738,255462,94,356098
4700,0.042114,172.31.47.0-255,66,255528,94,356098
4701,0.044099,172.253.118.0-255,5738,261266,94,356098
4702,0.044104,172.31.47.0-255,66,261332,94,356098
4703,0.046091,172.253.118.0-255,1484,262816,94,356098
4704,0.046118,172.253.118.0-255,4320,267136,94,356098
4705,0.046122,172.31.47.0-255,66,267202,94,356098
4706,0.048117,172.253.118.0-255,5738,272940,94,356098
4707,0.048122,172.31.47.0-255,66,273006,94,356098
4708,0.050121,172.253.118.0-255,5738,278744,94,356098
4709,0.050127,172.31.47.0-255,66,278810,94,356098
4710,0.052127,172.253.118.0-255,5738,284548,94,356098
4711,0.052131,172.31.47.0-255,66,284614,94,356098
4712,0.054126,172.253.118.0-255,5738,290352,94,356098
4713,0.05413,172.31.47.0-255,66,290418,94,356098
4714,0.056131,172.253.118.0-255,5738,296156,94,356098
4715,0.056135,172.31.47.0-255,66,296222,94,356098
4716,0.058146,172.253.118.0-255,4320,300542,94,356098
4717,0.058151,172.31.47.0-255,66,300608,94,356098
4718,0.05818,172.253.118.0-255,1484,302092,94,356098
4719,0.060158,172.253.118.0-255,4320,306412,94,356098
4720,0.060165,172.31.47.0-255,66,306478,94,356098
4721,0.062169,172.253.118.0-255,2902,309380,94,356098
4722,0.062174,172.31.47.0-255,66,309446,94,356098
4723,0.062203,172.253.118.0-255,2902,312348,94,356098
4724,0.062205,172.31.47.0-255,66,312414,94,356098
4725,0.064202,172.253.118.0-255,2902,315316,94,356098
4726,0.064207,172.31.47.0-255,66,315382,94,356098
4727,0.064235,172.253.118.0-255,2902,318284,94,356098
4728,0.064238,172.31.47.0-255,66,318350,94,356098
4729,0.066209,172.253.118.0-255,2902,321252,94,356098
4730,0.066214,172.31.47.0-255,66,321318,94,356098
4731,0.066242,172.253.118.0-255,2902,324220,94,356098
4732,0.066245,172.31.47.0-255,66,324286,94,356098
4733,0.068213,172.253.118.0-255,2902,327188,94,356098
4734,0.068219,172.31.47.0-255,66,327254,94,356098
4735,0.068248,172.253.118.0-255,2902,330156,94,356098
4736,0.06825,172.31.47.0-255,66,330222,94,356098
4737,0.070215,172.253.118.0-255,2902,333124,94,356098
4738,0.070221,172.31.47.0-255,66,333190,94,356098
4739,0.070282,172.253.118.0-255,2902,336092,94,356098
4740,0.070285,172.31.47.0-255,66,336158,94,356098
4741,0.072227,172.253.118.0-255,2902,339060,94,356098
4742,0.072231,172.31.47.0-255,66,339126,94,356098
4743,0.072265,172.253.118.0-255,2902,342028,94,356098
4744,0.072268,172.31.47.0-255,66,342094,94,356098
4745,0.074235,172.253.118.0-255,2902,344996,94,356098
4746,0.07424,172.31.47.0-255,66,345062,94,356098
4747,0.074258,172.253.118.0-255,2902,347964,94,356098
4748,0.07426,172.31.47.0-255,66,348030,94,356098
4749,0.076228,172.253.118.0-255,2902,350932,94,356098
4750,0.076233,172.31.47.0-255,66,350998,94,356098
4751,0.076263,172.253.118.0-255,2902,353900,94,356098
4752,0.076265,172.31.47.0-255,66,353966,94,356098
4753,0.078227,172.253.118.0-255,1961,355927,94,356098
4754,0.078231,172.31.47.0-255,66,355993,94,356098
4755,0.07838,172.31.47.0-255,105,356098,94,356098
4756,0.0,74.125.24.0-255,152,152,94,323693
4757,1.5e-05,172.31.47.0-255,66,218,94,323693
4758,2.1e-05,74.125.24.0-255,1484,1702,94,323693
4759,2.6e-05,172.31.47.0-255,66,1768,94,323693
4760,3.1e-05,74.125.24.0-255,2902,4670,94,323693
4761,3.4e-05,172.31.47.0-255,66,4736,94,323693
4762,4.2e-05,74.125.24.0-255,7156,11892,94,323693
4763,4.6e-05,172.31.47.0-255,66,11958,94,323693
4764,5e-05,74.125.24.0-255,2090,14048,94,323693
4765,5.3e-05,172.31.47.0-255,66,14114,94,323693
4766,0.000107,74.125.24.0-255,1484,15598,94,323693
4767,0.000111,172.31.47.0-255,66,15664,94,323693
4768,0.000114,74.125.24.0-255,1484,17148,94,323693
4769,0.000117,172.31.47.0-255,66,17214,94,323693
4770,0.000131,74.125.24.0-255,1484,18698,94,323693
4771,0.000133,172.31.47.0-255,66,18764,94,323693
4772,0.00014,74.125.24.0-255,5738,24502,94,323693
4773,0.000142,172.31.47.0-255,66,24568,94,323693
4774,0.000145,74.125.24.0-255,1484,26052,94,323693
4775,0.000147,172.31.47.0-255,66,26118,94,323693
4776,0.000202,74.125.24.0-255,5379,31497,94,323693
4777,0.000207,172.31.47.0-255,66,31563,94,323693
4778,0.000292,74.125.24.0-255,1484,33047,94,323693
4779,0.000296,172.31.47.0-255,66,33113,94,323693
4780,0.000301,74.125.24.0-255,2902,36015,94,323693
4781,0.000303,172.31.47.0-255,66,36081,94,323693
4782,0.000306,74.125.24.0-255,1484,37565,94,323693
4783,0.000308,172.31.47.0-255,66,37631,94,323693
4784,0.000329,74.125.24.0-255,4320,41951,94,323693
4785,0.000333,172.31.47.0-255,66,42017,94,323693
4786,0.000335,74.125.24.0-255,1484,43501,94,323693
4787,0.000337,172.31.47.0-255,66,43567,94,323693
4788,0.000379,172.31.47.0-255,66,43633,94,323693
4789,0.000389,172.31.47.0-255,66,43699,94,323693
4790,0.000421,74.125.24.0-255,1402,45101,94,323693
4791,0.00046,74.125.24.0-255,132,45233,94,323693
4792,0.000609,74.125.24.0-255,1484,46717,94,323693
4793,0.000614,74.125.24.0-255,2902,49619,94,323693
4794,0.000625,172.31.47.0-255,66,49685,94,323693
4795,0.000629,172.31.47.0-255,66,49751,94,323693
4796,0.000634,74.125.24.0-255,5738,55489,94,323693
4797,0.000637,172.31.47.0-255,66,55555,94,323693
4798,0.000657,74.125.24.0-255,4320,59875,94,323693
4799,0.00066,172.31.47.0-255,66,59941,94,323693
4800,0.000681,74.125.24.0-255,2543,62484,94,323693
4801,0.000685,172.31.47.0-255,66,62550,94,323693
4802,0.000701,74.125.24.0-255,7156,69706,94,323693
4803,0.000704,172.31.47.0-255,66,69772,94,323693
4804,0.000709,74.125.24.0-255,4320,74092,94,323693
4805,0.000711,172.31.47.0-255,66,74158,94,323693
4806,0.00073,74.125.24.0-255,1484,75642,94,323693
4807,0.000759,74.125.24.0-255,4238,79880,94,323693
4808,0.000763,172.31.47.0-255,66,79946,94,323693
4809,0.000902,74.125.24.0-255,1484,81430,94,323693
4810,0.000909,74.125.24.0-255,2902,84332,94,323693
4811,0.000914,172.31.47.0-255,66,84398,94,323693
4812,0.00092,74.125.24.0-255,5738,90136,94,323693
4813,0.000922,172.31.47.0-255,66,90202,94,323693
4814,0.000953,172.31.47.0-255,66,90268,94,323693
4815,0.000977,74.125.24.0-255,2902,93170,94,323693
4816,0.000982,172.31.47.0-255,66,93236,94,323693
4817,0.000995,172.31.47.0-255,66,93302,94,323693
4818,0.001565,74.125.24.0-255,1484,94786,94,323693
4819,0.001571,74.125.24.0-255,2902,97688,94,323693
4820,0.001575,172.31.47.0-255,66,97754,94,323693
4821,0.00158,74.125.24.0-255,2902,100656,94,323693
4822,0.001581,172.31.47.0-255,66,100722,94,323693
4823,0.001596,74.125.24.0-255,2902,103624,94,323693
4824,0.001598,172.31.47.0-255,66,103690,94,323693
4825,0.001603,74.125.24.0-255,5738,109428,94,323693
4826,0.001604,172.31.47.0-255,66,109494,94,323693
4827,0.001664,172.31.47.0-255,66,109560,94,323693
4828,0.001668,74.125.24.0-255,5020,114580,94,323693
4829,0.00167,172.31.47.0-255,66,114646,94,323693
4830,0.001674,74.125.24.0-255,4320,118966,94,323693
4831,0.001676,172.31.47.0-255,66,119032,94,323693
4832,0.001692,74.125.24.0-255,1484,120516,94,323693
4833,0.001696,74.125.24.0-255,2902,123418,94,323693
4834,0.001697,172.31.47.0-255,66,123484,94,323693
4835,0.001727,172.31.47.0-255,66,123550,94,323693
4836,0.001744,74.125.24.0-255,4320,127870,94,323693
4837,0.001746,172.31.47.0-255,66,127936,94,323693
4838,0.001774,172.31.47.0-255,66,128002,94,323693
4839,0.00178,74.125.24.0-255,7156,135158,94,323693
4840,0.001782,172.31.47.0-255,66,135224,94,323693
4841,0.001822,74.125.24.0-255,2902,138126,94,323693
4842,0.001825,172.31.47.0-255,66,138192,94,323693
4843,0.001863,172.31.47.0-255,66,138258,94,323693
4844,0.004067,74.125.24.0-255,5738,143996,94,323693
4845,0.004071,172.31.47.0-255,66,144062,94,323693
4846,0.006268,74.125.24.0-255,5738,149800,94,323693
4847,0.006274,172.31.47.0-255,66,149866,94,323693
4848,0.008474,74.125.24.0-255,5738,155604,94,323693
4849,0.008481,172.31.47.0-255,66,155670,94,323693
4850,0.010668,74.125.24.0-255,5738,161408,94,323693
4851,0.010675,172.31.47.0-255,66,161474,94,323693
4852,0.012878,74.125.24.0-255,5738,167212,94,323693
4853,0.012885,172.31.47.0-255,66,167278,94,323693
4854,0.015073,74.125.24.0-255,5738,173016,94,323693
4855,0.01508,172.31.47.0-255,66,173082,94,323693
4856,0.017294,74.125.24.0-255,5738,178820,94,323693
4857,0.017301,172.31.47.0-255,66,178886,94,323693
4858,0.019516,74.125.24.0-255,5738,184624,94,323693
4859,0.019523,172.31.47.0-255,66,184690,94,323693
4860,0.021739,74.125.24.0-255,5738,190428,94,323693
4861,0.021745,172.31.47.0-255,66,190494,94,323693
4862,0.023948,74.125.24.0-255,5738,196232,94,323693
4863,0.023953,172.31.47.0-255,66,196298,94,323693
4864,0.024251,172.31.47.0-255,172,196470,94,323693
4865,0.02428,172.31.47.0-255,1117,197587,94,323693
4866,0.024312,172.31.47.0-255,1514,199101,94,323693
4867,0.024313,172.31.47.0-255,1289,200390,94,323693
4868,0.02575,104.244.42.0-255,66,200456,94,323693
4869,0.02577,104.244.42.0-255,66,200522,94,323693
4870,0.025808,104.244.42.0-255,66,200588,94,323693
4871,0.026151,74.125.24.0-255,5738,206326,94,323693
4872,0.026155,172.31.47.0-255,66,206392,94,323693
4873,0.028354,74.125.24.0-255,5738,212130,94,323693
4874,0.02836,172.31.47.0-255,66,212196,94,323693
4875,0.030563,74.125.24.0-255,5738,217934,94,323693
4876,0.030569,172.31.47.0-255,66,218000,94,323693
4877,0.032774,74.125.24.0-255,5738,223738,94,323693
4878,0.03278,172.31.47.0-255,66,223804,94,323693
4879,0.03496,74.125.24.0-255,5738,229542,94,323693
4880,0.034965,172.31.47.0-255,66,229608,94,323693
4881,0.037155,74.125.24.0-255,5738,235346,94,323693
4882,0.03716,172.31.47.0-255,66,235412,94,323693
4883,0.039391,74.125.24.0-255,5738,241150,94,323693
4884,0.039411,172.31.47.0-255,66,241216,94,323693
4885,0.041617,74.125.24.0-255,5738,246954,94,323693
4886,0.041623,172.31.47.0-255,66,247020,94,323693
4887,0.043815,74.125.24.0-255,4320,251340,94,323693
4888,0.04382,172.31.47.0-255,66,251406,94,323693
4889,0.043846,74.125.24.0-255,1484,252890,94,323693
4890,0.046034,74.125.24.0-255,2902,255792,94,323693
4891,0.046038,172.31.47.0-255,66,255858,94,323693
4892,0.046065,74.125.24.0-255,1484,257342,94,323693
4893,0.048235,74.125.24.0-255,4320,261662,94,323693
4894,0.048239,172.31.47.0-255,66,261728,94,323693
4895,0.050446,74.125.24.0-255,5738,267466,94,323693
4896,0.050452,172.31.47.0-255,66,267532,94,323693
4897,0.052656,74.125.24.0-255,5738,273270,94,323693
4898,0.052662,172.31.47.0-255,66,273336,94,323693
4899,0.054853,74.125.24.0-255,5738,279074,94,323693
4900,0.054864,172.31.47.0-255,66,279140,94,323693
4901,0.057044,74.125.24.0-255,5738,284878,94,323693
4902,0.057051,172.31.47.0-255,66,284944,94,323693
4903,0.059232,74.125.24.0-255,5738,290682,94,323693
4904,0.059237,172.31.47.0-255,66,290748,94,323693
4905,0.061434,74.125.24.0-255,5738,296486,94,323693
4906,0.061439,172.31.47.0-255,66,296552,94,323693
4907,0.06363,74.125.24.0-255,4320,300872,94,323693
4908,0.063635,172.31.47.0-255,66,300938,94,323693
4909,0.063651,74.125.24.0-255,1484,302422,94,323693
4910,0.065833,74.125.24.0-255,4320,306742,94,323693
4911,0.065838,172.31.47.0-255,66,306808,94,323693
4912,0.068035,74.125.24.0-255,5738,312546,94,323693
4913,0.06804,172.31.47.0-255,66,312612,94,323693
4914,0.070235,74.125.24.0-255,4320,316932,94,323693
4915,0.07024,172.31.47.0-255,66,316998,94,323693
4916,0.070266,74.125.24.0-255,1484,318482,94,323693
4917,0.072436,74.125.24.0-255,4320,322802,94,323693
4918,0.072442,172.31.47.0-255,66,322868,94,323693
4919,0.074609,74.125.24.0-255,588,323456,94,323693
4920,0.074741,172.31.47.0-255,66,323522,94,323693
4921,0.07477,172.31.47.0-255,105,323627,94,323693
4922,0.076918,74.125.24.0-255,66,323693,94,323693
4923,0.0,216.58.221.0-255,153,153,94,317010
4924,1.4e-05,172.31.47.0-255,66,219,94,317010
4925,1.9e-05,216.58.221.0-255,1484,1703,94,317010
4926,2.3e-05,172.31.47.0-255,66,1769,94,317010
4927,2.9e-05,216.58.221.0-255,2902,4671,94,317010
4928,3.2e-05,172.31.47.0-255,66,4737,94,317010
4929,4.2e-05,216.58.221.0-255,2902,7639,94,317010
4930,4.5e-05,172.31.47.0-255,66,7705,94,317010
4931,5e-05,216.58.221.0-255,4320,12025,94,317010
4932,5.2e-05,172.31.47.0-255,66,12091,94,317010
4933,0.000108,216.58.221.0-255,2094,14185,94,317010
4934,0.000111,172.31.47.0-255,66,14251,94,317010
4935,0.000177,216.58.221.0-255,1484,15735,94,317010
4936,0.00018,172.31.47.0-255,66,15801,94,317010
4937,0.000185,216.58.221.0-255,2902,18703,94,317010
4938,0.000187,172.31.47.0-255,66,18769,94,317010
4939,0.00019,216.58.221.0-255,1484,20253,94,317010
4940,0.000192,172.31.47.0-255,66,20319,94,317010
4941,0.000223,216.58.221.0-255,4320,24639,94,317010
4942,0.000225,172.31.47.0-255,66,24705,94,317010
4943,0.00026,216.58.221.0-255,6797,31502,94,317010
4944,0.000263,172.31.47.0-255,66,31568,94,317010
4945,0.000629,216.58.221.0-255,1484,33052,94,317010
4946,0.000635,172.31.47.0-255,66,33118,94,317010
4947,0.000639,216.58.221.0-255,1484,34602,94,317010
4948,0.000641,172.31.47.0-255,66,34668,94,317010
4949,0.000646,216.58.221.0-255,2902,37570,94,317010
4950,0.000653,172.31.47.0-255,66,37636,94,317010
4951,0.000659,216.58.221.0-255,4320,41956,94,317010
4952,0.000662,172.31.47.0-255,66,42022,94,317010
4953,0.000682,216.58.221.0-255,1484,43506,94,317010
4954,0.000684,172.31.47.0-255,66,43572,94,317010
4955,0.000691,216.58.221.0-255,4320,47892,94,317010
4956,0.000692,172.31.47.0-255,66,47958,94,317010
4957,0.000715,172.31.47.0-255,66,48024,94,317010
4958,0.000729,172.31.47.0-255,66,48090,94,317010
4959,0.000756,216.58.221.0-255,393,48483,94,317010
4960,0.001061,172.31.47.0-255,66,48549,94,317010
4961,0.001408,216.58.221.0-255,115,48664,94,317010
4962,0.001533,216.58.221.0-255,1484,50148,94,317010
4963,0.001538,172.31.47.0-255,66,50214,94,317010
4964,0.001545,216.58.221.0-255,2902,53116,94,317010
4965,0.001547,172.31.47.0-255,66,53182,94,317010
4966,0.001552,216.58.221.0-255,4320,57502,94,317010
4967,0.001559,172.31.47.0-255,66,57568,94,317010
4968,0.001588,216.58.221.0-255,5738,63306,94,317010
4969,0.001591,172.31.47.0-255,66,63372,94,317010
4970,0.001625,216.58.221.0-255,3961,67333,94,317010
4971,0.001627,172.31.47.0-255,66,67399,94,317010
4972,0.001638,172.31.47.0-255,66,67465,94,317010
4973,0.001671,216.58.221.0-255,2902,70367,94,317010
4974,0.001673,172.31.47.0-255,66,70433,94,317010
4975,0.001677,216.58.221.0-255,2543,72976,94,317010
4976,0.001679,172.31.47.0-255,66,73042,94,317010
4977,0.003559,216.58.221.0-255,2902,75944,94,317010
4978,0.003566,172.31.47.0-255,66,76010,94,317010
4979,0.003591,216.58.221.0-255,2902,78912,94,317010
4980,0.003593,172.31.47.0-255,66,78978,94,317010
4981,0.005454,216.58.221.0-255,2902,81880,94,317010
4982,0.005456,172.31.47.0-255,66,81946,94,317010
4983,0.005503,216.58.221.0-255,2902,84848,94,317010
4984,0.005504,172.31.47.0-255,66,84914,94,317010
4985,0.007344,216.58.221.0-255,2902,87816,94,317010
4986,0.00735,172.31.47.0-255,66,87882,94,317010
4987,0.007382,216.58.221.0-255,2902,90784,94,317010
4988,0.007386,172.31.47.0-255,66,90850,94,317010
4989,0.009241,216.58.221.0-255,2902,93752,94,317010
4990,0.009248,172.31.47.0-255,66,93818,94,317010
4991,0.009281,216.58.221.0-255,2902,96720,94,317010
4992,0.009286,172.31.47.0-255,66,96786,94,317010
4993,0.011146,216.58.221.0-255,2902,99688,94,317010
4994,0.011164,172.31.47.0-255,66,99754,94,317010
4995,0.011212,216.58.221.0-255,2902,102656,94,317010
4996,0.011217,172.31.47.0-255,66,102722,94,317010
4997,0.01308,216.58.221.0-255,2902,105624,94,317010
4998,0.01309,172.31.47.0-255,66,105690,94,317010
4999,0.013124,216.58.221.0-255,2902,108592,94,317010
5000,0.013127,172.31.47.0-255,66,108658,94,317010
5001,0.01498,216.58.221.0-255,2902,111560,94,317010
5002,0.014986,172.31.47.0-255,66,111626,94,317010
5003,0.015027,216.58.221.0-255,2902,114528,94,317010
5004,0.015031,172.31.47.0-255,66,114594,94,317010
5005,0.016877,216.58.221.0-255,2902,117496,94,317010
5006,0.016884,172.31.47.0-255,66,117562,94,317010
5007,0.016913,216.58.221.0-255,2902,120464,94,317010
5008,0.016917,172.31.47.0-255,66,120530,94,317010
5009,0.018773,216.58.221.0-255,2902,123432,94,317010
5010,0.01878,172.31.47.0-255,66,123498,94,317010
5011,0.018809,216.58.221.0-255,2902,126400,94,317010
5012,0.018812,172.31.47.0-255,66,126466,94,317010
5013,0.020658,216.58.221.0-255,2902,129368,94,317010
5014,0.020663,172.31.47.0-255,66,129434,94,317010
5015,0.020689,216.58.221.0-255,2902,132336,94,317010
5016,0.020693,172.31.47.0-255,66,132402,94,317010
5017,0.02097,172.31.47.0-255,172,132574,94,317010
5018,0.021005,172.31.47.0-255,1117,133691,94,317010
5019,0.021057,172.31.47.0-255,1514,135205,94,317010
5020,0.021058,172.31.47.0-255,1287,136492,94,317010
5021,0.02256,216.58.221.0-255,2902,139394,94,317010
5022,0.022567,172.31.47.0-255,66,139460,94,317010
5023,0.022574,104.244.42.0-255,66,139526,94,317010
5024,0.02258,104.244.42.0-255,66,139592,94,317010
5025,0.022632,216.58.221.0-255,2902,142494,94,317010
5026,0.022635,172.31.47.0-255,66,142560,94,317010
5027,0.022639,104.244.42.0-255,66,142626,94,317010
5028,0.024497,216.58.221.0-255,2902,145528,94,317010
5029,0.024503,172.31.47.0-255,66,145594,94,317010
5030,0.02453,216.58.221.0-255,2902,148496,94,317010
5031,0.024532,172.31.47.0-255,66,148562,94,317010
5032,0.026396,216.58.221.0-255,2902,151464,94,317010
5033,0.026402,172.31.47.0-255,66,151530,94,317010
5034,0.026426,216.58.221.0-255,2902,154432,94,317010
5035,0.026428,172.31.47.0-255,66,154498,94,317010
5036,0.028302,216.58.221.0-255,5738,160236,94,317010
5037,0.028308,172.31.47.0-255,66,160302,94,317010
5038,0.03022,216.58.221.0-255,5738,166040,94,317010
5039,0.030227,172.31.47.0-255,66,166106,94,317010
5040,0.03213,216.58.221.0-255,5738,171844,94,317010
5041,0.032139,172.31.47.0-255,66,171910,94,317010
5042,0.034035,216.58.221.0-255,5738,177648,94,317010
5043,0.034041,172.31.47.0-255,66,177714,94,317010
5044,0.035951,216.58.221.0-255,5738,183452,94,317010
5045,0.035956,172.31.47.0-255,66,183518,94,317010
5046,0.037853,216.58.221.0-255,5738,189256,94,317010
5047,0.037859,172.31.47.0-255,66,189322,94,317010
5048,0.03976,216.58.221.0-255,5738,195060,94,317010
5049,0.03977,172.31.47.0-255,66,195126,94,317010
5050,0.041669,216.58.221.0-255,5738,200864,94,317010
5051,0.041676,172.31.47.0-255,66,200930,94,317010
5052,0.043583,216.58.221.0-255,5738,206668,94,317010
5053,0.043589,172.31.47.0-255,66,206734,94,317010
5054,0.04549,216.58.221.0-255,5738,212472,94,317010
5055,0.045495,172.31.47.0-255,66,212538,94,317010
5056,0.047415,216.58.221.0-255,5738,218276,94,317010
5057,0.04742,172.31.47.0-255,66,218342,94,317010
5058,0.049328,216.58.221.0-255,5738,224080,94,317010
5059,0.049333,172.31.47.0-255,66,224146,94,317010
5060,0.051275,216.58.221.0-255,5738,229884,94,317010
5061,0.051281,172.31.47.0-255,66,229950,94,317010
5062,0.053181,216.58.221.0-255,5738,235688,94,317010
5063,0.053186,172.31.47.0-255,66,235754,94,317010
5064,0.055093,216.58.221.0-255,5738,241492,94,317010
5065,0.055098,172.31.47.0-255,66,241558,94,317010
5066,0.05701,216.58.221.0-255,5738,247296,94,317010
5067,0.057015,172.31.47.0-255,66,247362,94,317010
5068,0.05892,216.58.221.0-255,5738,253100,94,317010
5069,0.058926,172.31.47.0-255,66,253166,94,317010
5070,0.060839,216.58.221.0-255,5738,258904,94,317010
5071,0.060845,172.31.47.0-255,66,258970,94,317010
5072,0.062749,216.58.221.0-255,5738,264708,94,317010
5073,0.062754,172.31.47.0-255,66,264774,94,317010
5074,0.064657,216.58.221.0-255,5738,270512,94,317010
5075,0.064662,172.31.47.0-255,66,270578,94,317010
5076,0.066566,216.58.221.0-255,5738,276316,94,317010
5077,0.066571,172.31.47.0-255,66,276382,94,317010
5078,0.068476,216.58.221.0-255,5738,282120,94,317010
5079,0.068482,172.31.47.0-255,66,282186,94,317010
5080,0.07038,216.58.221.0-255,5738,287924,94,317010
5081,0.070386,172.31.47.0-255,66,287990,94,317010
5082,0.072302,216.58.221.0-255,5738,293728,94,317010
5083,0.072308,172.31.47.0-255,66,293794,94,317010
5084,0.074202,216.58.221.0-255,5738,299532,94,317010
5085,0.074207,172.31.47.0-255,66,299598,94,317010
5086,0.076112,216.58.221.0-255,5738,305336,94,317010
5087,0.076117,172.31.47.0-255,66,305402,94,317010
5088,0.078018,216.58.221.0-255,5738,311140,94,317010
5089,0.078024,172.31.47.0-255,66,311206,94,317010
5090,0.079924,216.58.221.0-255,5738,316944,94,317010
5091,0.079929,172.31.47.0-255,66,317010,94,317010
5092,0.0,172.217.194.0-255,153,153,94,205671
5093,1.9e-05,172.31.47.0-255,66,219,94,205671
5094,2.6e-05,172.217.194.0-255,1484,1703,94,205671
5095,3e-05,172.31.47.0-255,66,1769,94,205671
5096,3.5e-05,172.217.194.0-255,2902,4671,94,205671
5097,3.7e-05,172.31.47.0-255,66,4737,94,205671
5098,4.4e-05,172.217.194.0-255,7156,11893,94,205671
5099,4.7e-05,172.31.47.0-255,66,11959,94,205671
5100,5.1e-05,172.217.194.0-255,1975,13934,94,205671
5101,5.3e-05,172.31.47.0-255,66,14000,94,205671
5102,8.1e-05,172.31.47.0-255,66,14066,94,205671
5103,0.000104,172.217.194.0-255,1484,15550,94,205671
5104,0.000106,172.31.47.0-255,66,15616,94,205671
5105,0.000116,172.31.47.0-255,66,15682,94,205671
5106,0.000151,172.31.47.0-255,66,15748,94,205671
5107,0.000153,172.217.194.0-255,766,16514,94,205671
5108,0.000155,172.31.47.0-255,66,16580,94,205671
5109,0.001296,172.217.194.0-255,1484,18064,94,205671
5110,0.001302,172.31.47.0-255,66,18130,94,205671
5111,0.00131,172.217.194.0-255,1484,19614,94,205671
5112,0.001312,172.31.47.0-255,66,19680,94,205671
5113,0.001337,172.217.194.0-255,1484,21164,94,205671
5114,0.001339,172.31.47.0-255,66,21230,94,205671
5115,0.001345,172.217.194.0-255,5738,26968,94,205671
5116,0.001347,172.31.47.0-255,66,27034,94,205671
5117,0.001362,172.217.194.0-255,2902,29936,94,205671
5118,0.001364,172.31.47.0-255,66,30002,94,205671
5119,0.001383,172.217.194.0-255,4285,34287,94,205671
5120,0.001385,172.31.47.0-255,66,34353,94,205671
5121,0.003996,172.217.194.0-255,1484,35837,94,205671
5122,0.004018,172.217.194.0-255,4320,40157,94,205671
5123,0.004023,172.31.47.0-255,66,40223,94,205671
5124,0.006677,172.217.194.0-255,5738,45961,94,205671
5125,0.006682,172.31.47.0-255,66,46027,94,205671
5126,0.00932,172.217.194.0-255,5738,51765,94,205671
5127,0.009327,172.31.47.0-255,66,51831,94,205671
5128,0.011957,172.217.194.0-255,4320,56151,94,205671
5129,0.011967,172.31.47.0-255,66,56217,94,205671
5130,0.011984,172.217.194.0-255,1484,57701,94,205671
5131,0.014626,172.217.194.0-255,4320,62021,94,205671
5132,0.014639,172.31.47.0-255,66,62087,94,205671
5133,0.017312,172.217.194.0-255,5738,67825,94,205671
5134,0.017321,172.31.47.0-255,66,67891,94,205671
5135,0.019942,172.217.194.0-255,5738,73629,94,205671
5136,0.019952,172.31.47.0-255,66,73695,94,205671
5137,0.022572,172.217.194.0-255,5738,79433,94,205671
5138,0.022583,172.31.47.0-255,66,79499,94,205671
5139,0.023683,172.31.47.0-255,172,79671,94,205671
5140,0.023716,172.31.47.0-255,1117,80788,94,205671
5141,0.023773,172.31.47.0-255,1514,82302,94,205671
5142,0.023775,172.31.47.0-255,1287,83589,94,205671
5143,0.02524,172.217.194.0-255,5738,89327,94,205671
5144,0.025247,172.31.47.0-255,66,89393,94,205671
5145,0.025266,104.244.42.0-255,66,89459,94,205671
5146,0.025295,104.244.42.0-255,66,89525,94,205671
5147,0.025346,104.244.42.0-255,66,89591,94,205671
5148,0.027887,172.217.194.0-255,5738,95329,94,205671
5149,0.027895,172.31.47.0-255,66,95395,94,205671
5150,0.030533,172.217.194.0-255,5738,101133,94,205671
5151,0.03054,172.31.47.0-255,66,101199,94,205671
5152,0.033179,172.217.194.0-255,5738,106937,94,205671
5153,0.033186,172.31.47.0-255,66,107003,94,205671
5154,0.035836,172.217.194.0-255,5738,112741,94,205671
5155,0.035843,172.31.47.0-255,66,112807,94,205671
5156,0.038502,172.217.194.0-255,5738,118545,94,205671
5157,0.03851,172.31.47.0-255,66,118611,94,205671
5158,0.041164,172.217.194.0-255,5738,124349,94,205671
5159,0.04117,172.31.47.0-255,66,124415,94,205671
5160,0.043815,172.217.194.0-255,5738,130153,94,205671
5161,0.043822,172.31.47.0-255,66,130219,94,205671
5162,0.046448,172.217.194.0-255,5738,135957,94,205671
5163,0.046454,172.31.47.0-255,66,136023,94,205671
5164,0.049112,172.217.194.0-255,5738,141761,94,205671
5165,0.049118,172.31.47.0-255,66,141827,94,205671
5166,0.051783,172.217.194.0-255,5738,147565,94,205671
5167,0.051794,172.31.47.0-255,66,147631,94,205671
5168,0.054459,172.217.194.0-255,5738,153369,94,205671
5169,0.054467,172.31.47.0-255,66,153435,94,205671
5170,0.057132,172.217.194.0-255,5738,159173,94,205671
5171,0.057138,172.31.47.0-255,66,159239,94,205671
5172,0.059792,172.217.194.0-255,5738,164977,94,205671
5173,0.059797,172.31.47.0-255,66,165043,94,205671
5174,0.062441,172.217.194.0-255,5738,170781,94,205671
5175,0.062447,172.31.47.0-255,66,170847,94,205671
5176,0.065056,172.217.194.0-255,5738,176585,94,205671
5177,0.065061,172.31.47.0-255,66,176651,94,205671
5178,0.067672,172.217.194.0-255,5738,182389,94,205671
5179,0.067679,172.31.47.0-255,66,182455,94,205671
5180,0.070315,172.217.194.0-255,5738,188193,94,205671
5181,0.070323,172.31.47.0-255,66,188259,94,205671
5182,0.072957,172.217.194.0-255,5738,193997,94,205671
5183,0.072965,172.31.47.0-255,66,194063,94,205671
5184,0.07558,172.217.194.0-255,5738,199801,94,205671
5185,0.075588,172.31.47.0-255,66,199867,94,205671
5186,0.078228,172.217.194.0-255,5738,205605,94,205671
5187,0.078233,172.31.47.0-255,66,205671,94,205671
5188,0.0,74.125.68.0-255,153,153,94,248715
5189,2.8e-05,172.31.47.0-255,66,219,94,248715
5190,3.4e-05,74.125.68.0-255,1484,1703,94,248715
5191,3.8e-05,172.31.47.0-255,66,1769,94,248715
5192,4.2e-05,74.125.68.0-255,2902,4671,94,248715
5193,4.4e-05,172.31.47.0-255,66,4737,94,248715
5194,0.000121,74.125.68.0-255,4320,9057,94,248715
5195,0.000124,172.31.47.0-255,66,9123,94,248715
5196,0.000141,74.125.68.0-255,1484,10607,94,248715
5197,0.000143,172.31.47.0-255,66,10673,94,248715
5198,0.000252,74.125.68.0-255,2902,13575,94,248715
5199,0.000257,172.31.47.0-255,66,13641,94,248715
5200,0.000276,74.125.68.0-255,6364,20005,94,248715
5201,0.000279,172.31.47.0-255,66,20071,94,248715
5202,0.000491,74.125.68.0-255,5738,25809,94,248715
5203,0.000495,172.31.47.0-255,66,25875,94,248715
5204,0.00052,74.125.68.0-255,5379,31254,94,248715
5205,0.000523,172.31.47.0-255,66,31320,94,248715
5206,0.00077,74.125.68.0-255,2902,34222,94,248715
5207,0.000774,172.31.47.0-255,66,34288,94,248715
5208,0.000857,74.125.68.0-255,4320,38608,94,248715
5209,0.000862,172.31.47.0-255,66,38674,94,248715
5210,0.000954,74.125.68.0-255,7156,45830,94,248715
5211,0.000959,172.31.47.0-255,66,45896,94,248715
5212,0.000978,74.125.68.0-255,1484,47380,94,248715
5213,0.00098,172.31.47.0-255,66,47446,94,248715
5214,0.001162,74.125.68.0-255,7156,54602,94,248715
5215,0.001166,172.31.47.0-255,66,54668,94,248715
5216,0.001193,172.31.47.0-255,66,54734,94,248715
5217,0.001612,74.125.68.0-255,2902,57636,94,248715
5218,0.001615,172.31.47.0-255,66,57702,94,248715
5219,0.00165,172.31.47.0-255,66,57768,94,248715
5220,0.002072,74.125.68.0-255,1484,59252,94,248715
5221,0.002088,74.125.68.0-255,2902,62154,94,248715
5222,0.002091,172.31.47.0-255,66,62220,94,248715
5223,0.002174,74.125.68.0-255,1484,63704,94,248715
5224,0.002223,172.31.47.0-255,66,63770,94,248715
5225,0.002445,74.125.68.0-255,2902,66672,94,248715
5226,0.002448,172.31.47.0-255,66,66738,94,248715
5227,0.00248,172.31.47.0-255,66,66804,94,248715
5228,0.002882,74.125.68.0-255,2902,69706,94,248715
5229,0.002886,172.31.47.0-255,66,69772,94,248715
5230,0.002933,172.31.47.0-255,66,69838,94,248715
5231,0.00295,74.125.68.0-255,6438,76276,94,248715
5232,0.002968,172.31.47.0-255,66,76342,94,248715
5233,0.003746,74.125.68.0-255,5738,82080,94,248715
5234,0.00375,172.31.47.0-255,66,82146,94,248715
5235,0.003817,172.31.47.0-255,66,82212,94,248715
5236,0.006052,74.125.68.0-255,1484,83696,94,248715
5237,0.00607,74.125.68.0-255,4320,88016,94,248715
5238,0.006074,172.31.47.0-255,66,88082,94,248715
5239,0.008314,74.125.68.0-255,5738,93820,94,248715
5240,0.008322,172.31.47.0-255,66,93886,94,248715
5241,0.01058,74.125.68.0-255,5738,99624,94,248715
5242,0.010593,172.31.47.0-255,66,99690,94,248715
5243,0.012837,74.125.68.0-255,5738,105428,94,248715
5244,0.012843,172.31.47.0-255,66,105494,94,248715
5245,0.015077,74.125.68.0-255,5738,111232,94,248715
5246,0.016828,172.31.47.0-255,66,111298,94,248715
5247,0.019073,74.125.68.0-255,5738,117036,94,248715
5248,0.019082,172.31.47.0-255,66,117102,94,248715
5249,0.02134,74.125.68.0-255,5738,122840,94,248715
5250,0.021353,172.31.47.0-255,66,122906,94,248715
5251,0.021918,172.31.47.0-255,171,123077,94,248715
5252,0.02195,172.31.47.0-255,1132,124209,94,248715
5253,0.022015,172.31.47.0-255,1514,125723,94,248715
5254,0.022017,172.31.47.0-255,1272,126995,94,248715
5255,0.023533,104.244.42.0-255,66,127061,94,248715
5256,0.023577,74.125.68.0-255,2902,129963,94,248715
5257,0.023582,172.31.47.0-255,66,130029,94,248715
5258,0.023604,104.244.42.0-255,66,130095,94,248715
5259,0.023608,74.125.68.0-255,2902,132997,94,248715
5260,0.023619,104.244.42.0-255,66,133063,94,248715
5261,0.023634,172.31.47.0-255,66,133129,94,248715
5262,0.025813,74.125.68.0-255,2902,136031,94,248715
5263,0.025819,172.31.47.0-255,66,136097,94,248715
5264,0.025863,74.125.68.0-255,2902,138999,94,248715
5265,0.025884,172.31.47.0-255,66,139065,94,248715
5266,0.028061,74.125.68.0-255,2902,141967,94,248715
5267,0.028068,172.31.47.0-255,66,142033,94,248715
5268,0.028105,74.125.68.0-255,2902,144935,94,248715
5269,0.028134,172.31.47.0-255,66,145001,94,248715
5270,0.030305,74.125.68.0-255,2902,147903,94,248715
5271,0.030311,172.31.47.0-255,66,147969,94,248715
5272,0.030358,74.125.68.0-255,2902,150871,94,248715
5273,0.030391,172.31.47.0-255,66,150937,94,248715
5274,0.032547,74.125.68.0-255,1484,152421,94,248715
5275,0.032627,74.125.68.0-255,4320,156741,94,248715
5276,0.032681,172.31.47.0-255,66,156807,94,248715
5277,0.037048,74.125.68.0-255,5738,162545,94,248715
5278,0.03706,172.31.47.0-255,66,162611,94,248715
5279,0.039315,74.125.68.0-255,5738,168349,94,248715
5280,0.042985,172.31.47.0-255,66,168415,94,248715
5281,0.045268,74.125.68.0-255,5738,174153,94,248715
5282,0.045289,172.31.47.0-255,66,174219,94,248715
5283,0.047543,74.125.68.0-255,5738,179957,94,248715
5284,0.051013,172.31.47.0-255,66,180023,94,248715
5285,0.053273,74.125.68.0-255,5738,185761,94,248715
5286,0.053291,172.31.47.0-255,66,185827,94,248715
5287,0.055539,74.125.68.0-255,4320,190147,94,248715
5288,0.055544,172.31.47.0-255,66,190213,94,248715
5289,0.055563,74.125.68.0-255,1484,191697,94,248715
5290,0.057779,74.125.68.0-255,4320,196017,94,248715
5291,0.057784,172.31.47.0-255,66,196083,94,248715
5292,0.060029,74.125.68.0-255,5738,201821,94,248715
5293,0.060036,172.31.47.0-255,66,201887,94,248715
5294,0.06228,74.125.68.0-255,5738,207625,94,248715
5295,0.062287,172.31.47.0-255,66,207691,94,248715
5296,0.064521,74.125.68.0-255,5738,213429,94,248715
5297,0.064526,172.31.47.0-255,66,213495,94,248715
5298,0.06676,74.125.68.0-255,2902,216397,94,248715
5299,0.066766,172.31.47.0-255,66,216463,94,248715
5300,0.066791,74.125.68.0-255,2902,219365,94,248715
5301,0.066794,172.31.47.0-255,66,219431,94,248715
5302,0.069038,74.125.68.0-255,2902,222333,94,248715
5303,0.069044,172.31.47.0-255,66,222399,94,248715
5304,0.069059,74.125.68.0-255,2902,225301,94,248715
5305,0.069062,172.31.47.0-255,66,225367,94,248715
5306,0.071287,74.125.68.0-255,2902,228269,94,248715
5307,0.071294,172.31.47.0-255,66,228335,94,248715
5308,0.07131,74.125.68.0-255,2902,231237,94,248715
5309,0.071313,172.31.47.0-255,66,231303,94,248715
5310,0.07355,74.125.68.0-255,5738,237041,94,248715
5311,0.07356,172.31.47.0-255,66,237107,94,248715
5312,0.07581,74.125.68.0-255,5738,242845,94,248715
5313,0.075818,172.31.47.0-255,66,242911,94,248715
5314,0.078096,74.125.68.0-255,5738,248649,94,248715
5315,0.078103,172.31.47.0-255,66,248715,94,248715
5316,0.0,172.217.194.0-255,298,298,94,294231
5317,3.9e-05,172.31.47.0-255,66,364,94,294231
5318,4.6e-05,172.217.194.0-255,1484,1848,94,294231
5319,5.1e-05,172.31.47.0-255,66,1914,94,294231
5320,6.4e-05,172.217.194.0-255,4320,6234,94,294231
5321,6.7e-05,172.31.47.0-255,66,6300,94,294231
5322,7.7e-05,172.31.47.0-255,66,6366,94,294231
5323,0.00012,172.31.47.0-255,66,6432,94,294231
5324,0.00016,172.217.194.0-255,6797,13229,94,294231
5325,0.000164,172.31.47.0-255,66,13295,94,294231
5326,0.000188,172.217.194.0-255,5738,19033,94,294231
5327,0.000191,172.31.47.0-255,66,19099,94,294231
5328,0.000214,172.217.194.0-255,1484,20583,94,294231
5329,0.000216,172.31.47.0-255,66,20649,94,294231
5330,0.000232,172.31.47.0-255,66,20715,94,294231
5331,0.000263,172.217.194.0-255,4320,25035,94,294231
5332,0.000266,172.31.47.0-255,66,25101,94,294231
5333,0.000309,172.31.47.0-255,66,25167,94,294231
5334,0.000313,172.217.194.0-255,119,25286,94,294231
5335,0.000317,172.31.47.0-255,66,25352,94,294231
5336,0.000727,172.217.194.0-255,380,25732,94,294231
5337,0.000732,172.31.47.0-255,66,25798,94,294231
5338,0.00101,172.217.194.0-255,1484,27282,94,294231
5339,0.001016,172.31.47.0-255,66,27348,94,294231
5340,0.001026,172.217.194.0-255,2902,30250,94,294231
5341,0.001029,172.31.47.0-255,66,30316,94,294231
5342,0.001042,172.217.194.0-255,5738,36054,94,294231
5343,0.001045,172.31.47.0-255,66,36120,94,294231
5344,0.001051,172.217.194.0-255,5738,41858,94,294231
5345,0.001054,172.31.47.0-255,66,41924,94,294231
5346,0.00109,172.217.194.0-255,7156,49080,94,294231
5347,0.001094,172.31.47.0-255,66,49146,94,294231
5348,0.001107,172.31.47.0-255,66,49212,94,294231
5349,0.001903,172.217.194.0-255,1484,50696,94,294231
5350,0.001911,172.217.194.0-255,2902,53598,94,294231
5351,0.001914,172.31.47.0-255,66,53664,94,294231
5352,0.00192,172.217.194.0-255,4320,57984,94,294231
5353,0.001921,172.31.47.0-255,66,58050,94,294231
5354,0.001938,172.217.194.0-255,1484,59534,94,294231
5355,0.001943,172.217.194.0-255,5738,65272,94,294231
5356,0.001949,172.31.47.0-255,66,65338,94,294231
5357,0.001953,172.217.194.0-255,2902,68240,94,294231
5358,0.001954,172.31.47.0-255,66,68306,94,294231
5359,0.001982,172.31.47.0-255,66,68372,94,294231
5360,0.001985,172.217.194.0-255,1484,69856,94,294231
5361,0.001999,172.217.194.0-255,3602,73458,94,294231
5362,0.002,172.31.47.0-255,66,73524,94,294231
5363,0.004018,172.217.194.0-255,5738,79262,94,294231
5364,0.004024,172.31.47.0-255,66,79328,94,294231
5365,0.006051,172.217.194.0-255,5738,85066,94,294231
5366,0.006058,172.31.47.0-255,66,85132,94,294231
5367,0.008088,172.217.194.0-255,5738,90870,94,294231
5368,0.008094,172.31.47.0-255,66,90936,94,294231
5369,0.010197,172.217.194.0-255,5738,96674,94,294231
5370,0.010205,172.31.47.0-255,66,96740,94,294231
5371,0.01222,172.217.194.0-255,5738,102478,94,294231
5372,0.012227,172.31.47.0-255,66,102544,94,294231
5373,0.014238,172.217.194.0-255,5738,108282,94,294231
5374,0.014245,172.31.47.0-255,66,108348,94,294231
5375,0.016274,172.217.194.0-255,5738,114086,94,294231
5376,0.016282,172.31.47.0-255,66,114152,94,294231
5377,0.018334,172.217.194.0-255,5738,119890,94,294231
5378,0.018341,172.31.47.0-255,66,119956,94,294231
5379,0.020345,172.217.194.0-255,5738,125694,94,294231
5380,0.020352,172.31.47.0-255,66,125760,94,294231
5381,0.022367,172.217.194.0-255,5738,131498,94,294231
5382,0.022372,172.31.47.0-255,66,131564,94,294231
5383,0.024374,172.217.194.0-255,5738,137302,94,294231
5384,0.02438,172.31.47.0-255,66,137368,94,294231
5385,0.026438,172.217.194.0-255,5738,143106,94,294231
5386,0.026444,172.31.47.0-255,66,143172,94,294231
5387,0.028465,172.217.194.0-255,5738,148910,94,294231
5388,0.02847,172.31.47.0-255,66,148976,94,294231
5389,0.030474,172.217.194.0-255,5738,154714,94,294231
5390,0.030481,172.31.47.0-255,66,154780,94,294231
5391,0.031519,172.31.47.0-255,172,154952,94,294231
5392,0.031553,172.31.47.0-255,1071,156023,94,294231
5393,0.032504,172.217.194.0-255,5738,161761,94,294231
5394,0.032509,172.31.47.0-255,66,161827,94,294231
5395,0.033047,104.244.42.0-255,66,161893,94,294231
5396,0.033092,104.244.42.0-255,66,161959,94,294231
5397,0.034554,172.217.194.0-255,5738,167697,94,294231
5398,0.034559,172.31.47.0-255,66,167763,94,294231
5399,0.036597,172.217.194.0-255,5738,173501,94,294231
5400,0.036604,172.31.47.0-255,66,173567,94,294231
5401,0.038613,172.217.194.0-255,5738,179305,94,294231
5402,0.038617,172.31.47.0-255,66,179371,94,294231
5403,0.040649,172.217.194.0-255,5738,185109,94,294231
5404,0.040655,172.31.47.0-255,66,185175,94,294231
5405,0.042658,172.217.194.0-255,4320,189495,94,294231
5406,0.042676,172.31.47.0-255,66,189561,94,294231
5407,0.042691,172.217.194.0-255,1484,191045,94,294231
5408,0.044703,172.217.194.0-255,4320,195365,94,294231
5409,0.044709,172.31.47.0-255,66,195431,94,294231
5410,0.046716,172.217.194.0-255,5738,201169,94,294231
5411,0.046721,172.31.47.0-255,66,201235,94,294231
5412,0.048773,172.217.194.0-255,5738,206973,94,294231
5413,0.048778,172.31.47.0-255,66,207039,94,294231
5414,0.050836,172.217.194.0-255,5738,212777,94,294231
5415,0.050843,172.31.47.0-255,66,212843,94,294231
5416,0.052844,172.217.194.0-255,5738,218581,94,294231
5417,0.05285,172.31.47.0-255,66,218647,94,294231
5418,0.054878,172.217.194.0-255,5738,224385,94,294231
5419,0.054882,172.31.47.0-255,66,224451,94,294231
5420,0.056904,172.217.194.0-255,5738,230189,94,294231
5421,0.056908,172.31.47.0-255,66,230255,94,294231
5422,0.058907,172.217.194.0-255,5738,235993,94,294231
5423,0.058911,172.31.47.0-255,66,236059,94,294231
5424,0.060932,172.217.194.0-255,5738,241797,94,294231
5425,0.06094,172.31.47.0-255,66,241863,94,294231
5426,0.062974,172.217.194.0-255,5738,247601,94,294231
5427,0.06298,172.31.47.0-255,66,247667,94,294231
5428,0.065004,172.217.194.0-255,5738,253405,94,294231
5429,0.065009,172.31.47.0-255,66,253471,94,294231
5430,0.067061,172.217.194.0-255,5738,259209,94,294231
5431,0.067067,172.31.47.0-255,66,259275,94,294231
5432,0.069079,172.217.194.0-255,5738,265013,94,294231
5433,0.069085,172.31.47.0-255,66,265079,94,294231
5434,0.071068,172.217.194.0-255,5738,270817,94,294231
5435,0.071073,172.31.47.0-255,66,270883,94,294231
5436,0.073119,172.217.194.0-255,5738,276621,94,294231
5437,0.073124,172.31.47.0-255,66,276687,94,294231
5438,0.075169,172.217.194.0-255,5738,282425,94,294231
5439,0.075174,172.31.47.0-255,66,282491,94,294231
5440,0.077181,172.217.194.0-255,5738,288229,94,294231
5441,0.077186,172.31.47.0-255,66,288295,94,294231
5442,0.079183,172.217.194.0-255,2902,291197,94,294231
5443,0.079189,172.31.47.0-255,66,291263,94,294231
5444,0.079224,172.217.194.0-255,2902,294165,94,294231
5445,0.079227,172.31.47.0-255,66,294231,94,294231
5446,0.0,74.125.200.0-255,153,153,94,354378
5447,2.3e-05,172.31.47.0-255,66,219,94,354378
5448,2.9e-05,74.125.200.0-255,1484,1703,94,354378
5449,3.4e-05,172.31.47.0-255,66,1769,94,354378
5450,3.8e-05,74.125.200.0-255,2902,4671,94,354378
5451,4.1e-05,172.31.47.0-255,66,4737,94,354378
5452,7.7e-05,74.125.200.0-255,7156,11893,94,354378
5453,8e-05,172.31.47.0-255,66,11959,94,354378
5454,0.000116,74.125.200.0-255,2137,14096,94,354378
5455,0.000119,172.31.47.0-255,66,14162,94,354378
5456,0.000156,74.125.200.0-255,2902,17064,94,354378
5457,0.000159,172.31.47.0-255,66,17130,94,354378
5458,0.000162,74.125.200.0-255,1484,18614,94,354378
5459,0.000163,172.31.47.0-255,66,18680,94,354378
5460,0.000184,74.125.200.0-255,5738,24418,94,354378
5461,0.000187,172.31.47.0-255,66,24484,94,354378
5462,0.000227,74.125.200.0-255,6797,31281,94,354378
5463,0.00023,172.31.47.0-255,66,31347,94,354378
5464,0.000291,74.125.200.0-255,1484,32831,94,354378
5465,0.000294,172.31.47.0-255,66,32897,94,354378
5466,0.000298,74.125.200.0-255,2902,35799,94,354378
5467,0.0003,172.31.47.0-255,66,35865,94,354378
5468,0.000322,74.125.200.0-255,2902,38767,94,354378
5469,0.000325,172.31.47.0-255,66,38833,94,354378
5470,0.00033,74.125.200.0-255,4320,43153,94,354378
5471,0.000332,172.31.47.0-255,66,43219,94,354378
5472,0.000366,74.125.200.0-255,2902,46121,94,354378
5473,0.000368,172.31.47.0-255,66,46187,94,354378
5474,0.000393,74.125.200.0-255,2543,48730,94,354378
5475,0.000396,172.31.47.0-255,66,48796,94,354378
5476,0.000448,74.125.200.0-255,1484,50280,94,354378
5477,0.000452,172.31.47.0-255,66,50346,94,354378
5478,0.000463,74.125.200.0-255,2902,53248,94,354378
5479,0.000467,172.31.47.0-255,66,53314,94,354378
5480,0.000487,74.125.200.0-255,4320,57634,94,354378
5481,0.000496,172.31.47.0-255,66,57700,94,354378
5482,0.000504,74.125.200.0-255,1484,59184,94,354378
5483,0.000527,74.125.200.0-255,7146,66330,94,354378
5484,0.000534,172.31.47.0-255,66,66396,94,354378
5485,0.000555,74.125.200.0-255,330,66726,94,354378
5486,0.000697,172.31.47.0-255,66,66792,94,354378
5487,0.000756,74.125.200.0-255,1484,68276,94,354378
5488,0.000774,74.125.200.0-255,2902,71178,94,354378
5489,0.000792,74.125.200.0-255,2902,74080,94,354378
5490,0.000812,74.125.200.0-255,7156,81236,94,354378
5491,0.000831,74.125.200.0-255,2543,83779,94,354378
5492,0.000874,74.125.200.0-255,2902,86681,94,354378
5493,0.00089,74.125.200.0-255,4320,91001,94,354378
5494,0.000906,74.125.200.0-255,1484,92485,94,354378
5495,0.000922,74.125.200.0-255,7156,99641,94,354378
5496,0.000938,74.125.200.0-255,1125,100766,94,354378
5497,0.001331,74.125.200.0-255,1484,102250,94,354378
5498,0.001338,74.125.200.0-255,2902,105152,94,354378
5499,0.001363,74.125.200.0-255,4320,109472,94,354378
5500,0.001405,74.125.200.0-255,5738,115210,94,354378
5501,0.001408,74.125.200.0-255,1484,116694,94,354378
5502,0.001426,74.125.200.0-255,5738,122432,94,354378
5503,0.001441,74.125.200.0-255,1484,123916,94,354378
5504,0.00146,74.125.200.0-255,4320,128236,94,354378
5505,0.001469,74.125.200.0-255,2902,131138,94,354378
5506,0.001481,74.125.200.0-255,3602,134740,94,354378
5507,0.001591,74.125.200.0-255,1484,136224,94,354378
5508,0.001609,74.125.200.0-255,2902,139126,94,354378
5509,0.001633,74.125.200.0-255,1484,140610,94,354378
5510,0.001661,74.125.200.0-255,4320,144930,94,354378
5511,0.001663,74.125.200.0-255,1484,146414,94,354378
5512,0.001666,74.125.200.0-255,2902,149316,94,354378
5513,0.001691,74.125.200.0-255,1484,150800,94,354378
5514,0.001708,74.125.200.0-255,4320,155120,94,354378
5515,0.001712,74.125.200.0-255,2902,158022,94,354378
5516,0.001715,74.125.200.0-255,4320,162342,94,354378
5517,0.001745,74.125.200.0-255,2902,165244,94,354378
5518,0.001759,74.125.200.0-255,3602,168846,94,354378
5519,0.005613,172.31.47.0-255,66,168912,94,354378
5520,0.007881,74.125.200.0-255,5738,174650,94,354378
5521,0.007889,172.31.47.0-255,66,174716,94,354378
5522,0.010151,74.125.200.0-255,5738,180454,94,354378
5523,0.010671,172.31.47.0-255,66,180520,94,354378
5524,0.012935,74.125.200.0-255,5738,186258,94,354378
5525,0.012944,172.31.47.0-255,66,186324,94,354378
5526,0.015211,74.125.200.0-255,5738,192062,94,354378
5527,0.015218,172.31.47.0-255,66,192128,94,354378
5528,0.017468,74.125.200.0-255,5738,197866,94,354378
5529,0.017476,172.31.47.0-255,66,197932,94,354378
5530,0.019741,74.125.200.0-255,5738,203670,94,354378
5531,0.01975,172.31.47.0-255,66,203736,94,354378
5532,0.022004,74.125.200.0-255,5738,209474,94,354378
5533,0.022011,172.31.47.0-255,66,209540,94,354378
5534,0.023526,172.31.47.0-255,172,209712,94,354378
5535,0.023557,172.31.47.0-255,1108,210820,94,354378
5536,0.023598,172.31.47.0-255,1514,212334,94,354378
5537,0.0236,172.31.47.0-255,1296,213630,94,354378
5538,0.024336,74.125.200.0-255,5738,219368,94,354378
5539,0.024342,172.31.47.0-255,66,219434,94,354378
5540,0.025064,104.244.42.0-255,66,219500,94,354378
5541,0.025098,104.244.42.0-255,66,219566,94,354378
5542,0.02514,104.244.42.0-255,66,219632,94,354378
5543,0.026596,74.125.200.0-255,2902,222534,94,354378
5544,0.026601,172.31.47.0-255,66,222600,94,354378
5545,0.026662,74.125.200.0-255,2902,225502,94,354378
5546,0.026682,172.31.47.0-255,66,225568,94,354378
5547,0.028847,74.125.200.0-255,2902,228470,94,354378
5548,0.028852,172.31.47.0-255,66,228536,94,354378
5549,0.028923,74.125.200.0-255,1484,230020,94,354378
5550,0.028937,74.125.200.0-255,1484,231504,94,354378
5551,0.028942,172.31.47.0-255,66,231570,94,354378
5552,0.031108,74.125.200.0-255,2902,234472,94,354378
5553,0.031113,172.31.47.0-255,66,234538,94,354378
5554,0.031189,74.125.200.0-255,2902,237440,94,354378
5555,0.031193,172.31.47.0-255,66,237506,94,354378
5556,0.033368,74.125.200.0-255,2902,240408,94,354378
5557,0.033372,172.31.47.0-255,66,240474,94,354378
5558,0.033435,74.125.200.0-255,1484,241958,94,354378
5559,0.033452,74.125.200.0-255,1484,243442,94,354378
5560,0.033457,172.31.47.0-255,66,243508,94,354378
5561,0.035614,74.125.200.0-255,2902,246410,94,354378
5562,0.035619,172.31.47.0-255,66,246476,94,354378
5563,0.035705,74.125.200.0-255,2902,249378,94,354378
5564,0.03571,172.31.47.0-255,66,249444,94,354378
5565,0.037873,74.125.200.0-255,2902,252346,94,354378
5566,0.037879,172.31.47.0-255,66,252412,94,354378
5567,0.037946,74.125.200.0-255,2902,255314,94,354378
5568,0.038289,172.31.47.0-255,66,255380,94,354378
5569,0.040147,74.125.200.0-255,2902,258282,94,354378
5570,0.040164,172.31.47.0-255,66,258348,94,354378
5571,0.040539,74.125.200.0-255,2902,261250,94,354378
5572,0.042418,74.125.200.0-255,2902,264152,94,354378
5573,0.042733,172.31.47.0-255,66,264218,94,354378
5574,0.045012,74.125.200.0-255,5738,269956,94,354378
5575,0.045031,172.31.47.0-255,66,270022,94,354378
5576,0.047296,74.125.200.0-255,5738,275760,94,354378
5577,0.047307,172.31.47.0-255,66,275826,94,354378
5578,0.049648,74.125.200.0-255,5738,281564,94,354378
5579,0.049668,172.31.47.0-255,66,281630,94,354378
5580,0.051945,74.125.200.0-255,5738,287368,94,354378
5581,0.051961,172.31.47.0-255,66,287434,94,354378
5582,0.05423,74.125.200.0-255,5738,293172,94,354378
5583,0.05425,172.31.47.0-255,66,293238,94,354378
5584,0.056602,74.125.200.0-255,5738,298976,94,354378
5585,0.056621,172.31.47.0-255,66,299042,94,354378
5586,0.058894,74.125.200.0-255,5738,304780,94,354378
5587,0.058914,172.31.47.0-255,66,304846,94,354378
5588,0.061196,74.125.200.0-255,5738,310584,94,354378
5589,0.061216,172.31.47.0-255,66,310650,94,354378
5590,0.06352,74.125.200.0-255,5738,316388,94,354378
5591,0.063534,172.31.47.0-255,66,316454,94,354378
5592,0.065801,74.125.200.0-255,5738,322192,94,354378
5593,0.065813,172.31.47.0-255,66,322258,94,354378
5594,0.068074,74.125.200.0-255,4320,326578,94,354378
5595,0.06808,172.31.47.0-255,66,326644,94,354378
5596,0.068113,74.125.200.0-255,1484,328128,94,354378
5597,0.070329,74.125.200.0-255,4320,332448,94,354378
5598,0.070333,172.31.47.0-255,66,332514,94,354378
5599,0.072584,74.125.200.0-255,4320,336834,94,354378
5600,0.072588,172.31.47.0-255,66,336900,94,354378
5601,0.07262,74.125.200.0-255,1484,338384,94,354378
5602,0.074841,74.125.200.0-255,4320,342704,94,354378
5603,0.074846,172.31.47.0-255,66,342770,94,354378
5604,0.077101,74.125.200.0-255,5738,348508,94,354378
5605,0.077154,172.31.47.0-255,66,348574,94,354378
5606,0.079416,74.125.200.0-255,5738,354312,94,354378
5607,0.079421,172.31.47.0-255,66,354378,94,354378
5608,0.0,74.125.24.0-255,153,153,94,315521
5609,2.8e-05,172.31.47.0-255,66,219,94,315521
5610,3.4e-05,74.125.24.0-255,1484,1703,94,315521
5611,3.7e-05,172.31.47.0-255,66,1769,94,315521
5612,4.1e-05,74.125.24.0-255,2902,4671,94,315521
5613,4.3e-05,172.31.47.0-255,66,4737,94,315521
5614,5.6e-05,74.125.24.0-255,7156,11893,94,315521
5615,5.9e-05,172.31.47.0-255,66,11959,94,315521
5616,6.2e-05,74.125.24.0-255,2205,14164,94,315521
5617,6.4e-05,172.31.47.0-255,66,14230,94,315521
5618,0.000159,74.125.24.0-255,1484,15714,94,315521
5619,0.000163,172.31.47.0-255,66,15780,94,315521
5620,0.000169,74.125.24.0-255,2902,18682,94,315521
5621,0.000171,172.31.47.0-255,66,18748,94,315521
5622,0.000176,74.125.24.0-255,4320,23068,94,315521
5623,0.000178,172.31.47.0-255,66,23134,94,315521
5624,0.000196,74.125.24.0-255,1484,24618,94,315521
5625,0.000198,172.31.47.0-255,66,24684,94,315521
5626,0.000249,74.125.24.0-255,7156,31840,94,315521
5627,0.000252,172.31.47.0-255,66,31906,94,315521
5628,0.000269,74.125.24.0-255,3961,35867,94,315521
5629,0.000272,172.31.47.0-255,66,35933,94,315521
5630,0.000282,172.31.47.0-255,66,35999,94,315521
5631,0.000284,74.125.24.0-255,1125,37124,94,315521
5632,0.000285,172.31.47.0-255,66,37190,94,315521
5633,0.000288,74.125.24.0-255,1484,38674,94,315521
5634,0.00029,172.31.47.0-255,66,38740,94,315521
5635,0.000325,74.125.24.0-255,4320,43060,94,315521
5636,0.000328,172.31.47.0-255,66,43126,94,315521
5637,0.000331,74.125.24.0-255,4320,47446,94,315521
5638,0.000334,172.31.47.0-255,66,47512,94,315521
5639,0.000372,74.125.24.0-255,5738,53250,94,315521
5640,0.000375,172.31.47.0-255,66,53316,94,315521
5641,0.000391,74.125.24.0-255,1427,54743,94,315521
5642,0.000694,172.31.47.0-255,66,54809,94,315521
5643,0.000856,74.125.24.0-255,376,55185,94,315521
5644,0.000999,74.125.24.0-255,1484,56669,94,315521
5645,0.001004,172.31.47.0-255,66,56735,94,315521
5646,0.001009,74.125.24.0-255,2902,59637,94,315521
5647,0.00101,172.31.47.0-255,66,59703,94,315521
5648,0.001054,74.125.24.0-255,5738,65441,94,315521
5649,0.001058,172.31.47.0-255,66,65507,94,315521
5650,0.001062,74.125.24.0-255,2902,68409,94,315521
5651,0.001064,172.31.47.0-255,66,68475,94,315521
5652,0.001113,172.31.47.0-255,66,68541,94,315521
5653,0.00112,74.125.24.0-255,7156,75697,94,315521
5654,0.001122,172.31.47.0-255,66,75763,94,315521
5655,0.001139,74.125.24.0-255,5379,81142,94,315521
5656,0.001141,172.31.47.0-255,66,81208,94,315521
5657,0.001587,74.125.24.0-255,1484,82692,94,315521
5658,0.001594,74.125.24.0-255,2902,85594,94,315521
5659,0.001598,172.31.47.0-255,66,85660,94,315521
5660,0.00161,74.125.24.0-255,2902,88562,94,315521
5661,0.001616,172.31.47.0-255,66,88628,94,315521
5662,0.001628,74.125.24.0-255,2902,91530,94,315521
5663,0.00163,172.31.47.0-255,66,91596,94,315521
5664,0.001645,172.31.47.0-255,66,91662,94,315521
5665,0.00165,74.125.24.0-255,5738,97400,94,315521
5666,0.001653,172.31.47.0-255,66,97466,94,315521
5667,0.001683,74.125.24.0-255,5020,102486,94,315521
5668,0.001686,172.31.47.0-255,66,102552,94,315521
5669,0.001688,74.125.24.0-255,1484,104036,94,315521
5670,0.001692,74.125.24.0-255,2902,106938,94,315521
5671,0.001694,172.31.47.0-255,66,107004,94,315521
5672,0.001724,74.125.24.0-255,5738,112742,94,315521
5673,0.001726,172.31.47.0-255,66,112808,94,315521
5674,0.001799,74.125.24.0-255,5738,118546,94,315521
5675,0.001875,74.125.24.0-255,1484,120030,94,315521
5676,0.001888,74.125.24.0-255,2902,122932,94,315521
5677,0.001905,74.125.24.0-255,4320,127252,94,315521
5678,0.001915,74.125.24.0-255,1484,128736,94,315521
5679,0.001965,74.125.24.0-255,4320,133056,94,315521
5680,0.001976,74.125.24.0-255,4320,137376,94,315521
5681,0.00198,74.125.24.0-255,2902,140278,94,315521
5682,0.002044,74.125.24.0-255,1484,141762,94,315521
5683,0.002054,74.125.24.0-255,2902,144664,94,315521
5684,0.002075,74.125.24.0-255,5738,150402,94,315521
5685,0.002091,74.125.24.0-255,4320,154722,94,315521
5686,0.002142,74.125.24.0-255,7156,161878,94,315521
5687,0.002156,74.125.24.0-255,3602,165480,94,315521
5688,0.004012,172.31.47.0-255,66,165546,94,315521
5689,0.006289,74.125.24.0-255,4320,169866,94,315521
5690,0.006294,172.31.47.0-255,66,169932,94,315521
5691,0.006315,74.125.24.0-255,1484,171416,94,315521
5692,0.008572,74.125.24.0-255,4320,175736,94,315521
5693,0.008578,172.31.47.0-255,66,175802,94,315521
5694,0.010826,74.125.24.0-255,5738,181540,94,315521
5695,0.010832,172.31.47.0-255,66,181606,94,315521
5696,0.013083,74.125.24.0-255,5738,187344,94,315521
5697,0.013091,172.31.47.0-255,66,187410,94,315521
5698,0.015345,74.125.24.0-255,5738,193148,94,315521
5699,0.015352,172.31.47.0-255,66,193214,94,315521
5700,0.017628,74.125.24.0-255,5738,198952,94,315521
5701,0.017635,172.31.47.0-255,66,199018,94,315521
5702,0.019888,74.125.24.0-255,5738,204756,94,315521
5703,0.019894,172.31.47.0-255,66,204822,94,315521
5704,0.02214,74.125.24.0-255,5738,210560,94,315521
5705,0.022148,172.31.47.0-255,66,210626,94,315521
5706,0.02442,74.125.24.0-255,5738,216364,94,315521
5707,0.024426,172.31.47.0-255,66,216430,94,315521
5708,0.024767,172.31.47.0-255,172,216602,94,315521
5709,0.024802,172.31.47.0-255,1116,217718,94,315521
5710,0.024861,172.31.47.0-255,1514,219232,94,315521
5711,0.024863,172.31.47.0-255,1288,220520,94,315521
5712,0.026282,104.244.42.0-255,66,220586,94,315521
5713,0.026323,104.244.42.0-255,66,220652,94,315521
5714,0.026423,104.244.42.0-255,66,220718,94,315521
5715,0.026684,74.125.24.0-255,2902,223620,94,315521
5716,0.026688,172.31.47.0-255,66,223686,94,315521
5717,0.026714,74.125.24.0-255,2902,226588,94,315521
5718,0.026716,172.31.47.0-255,66,226654,94,315521
5719,0.028971,74.125.24.0-255,5738,232392,94,315521
5720,0.028977,172.31.47.0-255,66,232458,94,315521
5721,0.031241,74.125.24.0-255,5738,238196,94,315521
5722,0.031248,172.31.47.0-255,66,238262,94,315521
5723,0.033504,74.125.24.0-255,5738,244000,94,315521
5724,0.033511,172.31.47.0-255,66,244066,94,315521
5725,0.035767,74.125.24.0-255,5738,249804,94,315521
5726,0.035773,172.31.47.0-255,66,249870,94,315521
5727,0.038022,74.125.24.0-255,5738,255608,94,315521
5728,0.038028,172.31.47.0-255,66,255674,94,315521
5729,0.040299,74.125.24.0-255,5738,261412,94,315521
5730,0.040304,172.31.47.0-255,66,261478,94,315521
5731,0.042561,74.125.24.0-255,5738,267216,94,315521
5732,0.042567,172.31.47.0-255,66,267282,94,315521
5733,0.044867,74.125.24.0-255,5738,273020,94,315521
5734,0.044886,172.31.47.0-255,66,273086,94,315521
5735,0.047154,74.125.24.0-255,5738,278824,94,315521
5736,0.04716,172.31.47.0-255,66,278890,94,315521
5737,0.049413,74.125.24.0-255,5738,284628,94,315521
5738,0.049418,172.31.47.0-255,66,284694,94,315521
5739,0.051685,74.125.24.0-255,5738,290432,94,315521
5740,0.051692,172.31.47.0-255,66,290498,94,315521
5741,0.053962,74.125.24.0-255,5738,296236,94,315521
5742,0.053966,172.31.47.0-255,66,296302,94,315521
5743,0.056243,74.125.24.0-255,5738,302040,94,315521
5744,0.056248,172.31.47.0-255,66,302106,94,315521
5745,0.058495,74.125.24.0-255,5738,307844,94,315521
5746,0.058501,172.31.47.0-255,66,307910,94,315521
5747,0.060755,74.125.24.0-255,5738,313648,94,315521
5748,0.06076,172.31.47.0-255,66,313714,94,315521
5749,0.063017,74.125.24.0-255,1570,315284,94,315521
5750,0.063022,172.31.47.0-255,66,315350,94,315521
5751,0.063188,172.31.47.0-255,105,315455,94,315521
5752,0.065414,74.125.24.0-255,66,315521,94,315521
5753,0.0,172.217.194.0-255,153,153,94,332659
5754,2.4e-05,172.31.47.0-255,66,219,94,332659
5755,3e-05,172.217.194.0-255,1484,1703,94,332659
5756,3.4e-05,172.31.47.0-255,66,1769,94,332659
5757,3.8e-05,172.217.194.0-255,2902,4671,94,332659
5758,4.1e-05,172.31.47.0-255,66,4737,94,332659
5759,5.6e-05,172.217.194.0-255,7156,11893,94,332659
5760,5.9e-05,172.31.47.0-255,66,11959,94,332659
5761,8.1e-05,172.217.194.0-255,2207,14166,94,332659
5762,8.4e-05,172.31.47.0-255,66,14232,94,332659
5763,0.00012,172.217.194.0-255,2902,17134,94,332659
5764,0.000124,172.31.47.0-255,66,17200,94,332659
5765,0.000128,172.217.194.0-255,1484,18684,94,332659
5766,0.00013,172.31.47.0-255,66,18750,94,332659
5767,0.000134,172.217.194.0-255,2902,21652,94,332659
5768,0.000136,172.31.47.0-255,66,21718,94,332659
5769,0.000167,172.217.194.0-255,2902,24620,94,332659
5770,0.00017,172.31.47.0-255,66,24686,94,332659
5771,0.000177,172.217.194.0-255,5738,30424,94,332659
5772,0.000179,172.31.47.0-255,66,30490,94,332659
5773,0.000217,172.31.47.0-255,66,30556,94,332659
5774,0.000221,172.217.194.0-255,2902,33458,94,332659
5775,0.000224,172.31.47.0-255,66,33524,94,332659
5776,0.000229,172.217.194.0-255,2902,36426,94,332659
5777,0.000231,172.31.47.0-255,66,36492,94,332659
5778,0.000267,172.217.194.0-255,3961,40453,94,332659
5779,0.000271,172.31.47.0-255,66,40519,94,332659
5780,0.000576,172.217.194.0-255,1484,42003,94,332659
5781,0.000581,172.31.47.0-255,66,42069,94,332659
5782,0.000587,172.217.194.0-255,2902,44971,94,332659
5783,0.000589,172.31.47.0-255,66,45037,94,332659
5784,0.000593,172.217.194.0-255,1484,46521,94,332659
5785,0.000622,172.217.194.0-255,4320,50841,94,332659
5786,0.000626,172.31.47.0-255,66,50907,94,332659
5787,0.000647,172.217.194.0-255,6797,57704,94,332659
5788,0.00065,172.31.47.0-255,66,57770,94,332659
5789,0.000707,172.217.194.0-255,1484,59254,94,332659
5790,0.000725,172.217.194.0-255,2902,62156,94,332659
5791,0.000729,172.31.47.0-255,66,62222,94,332659
5792,0.000735,172.217.194.0-255,5738,67960,94,332659
5793,0.000737,172.31.47.0-255,66,68026,94,332659
5794,0.000772,172.217.194.0-255,6797,74823,94,332659
5795,0.000776,172.31.47.0-255,66,74889,94,332659
5796,0.00082,172.31.47.0-255,66,74955,94,332659
5797,0.000824,172.217.194.0-255,2543,77498,94,332659
5798,0.000826,172.31.47.0-255,66,77564,94,332659
5799,0.001032,172.217.194.0-255,1484,79048,94,332659
5800,0.001038,172.217.194.0-255,2902,81950,94,332659
5801,0.00104,172.31.47.0-255,66,82016,94,332659
5802,0.001043,172.217.194.0-255,1484,83500,94,332659
5803,0.001065,172.217.194.0-255,4320,87820,94,332659
5804,0.001069,172.217.194.0-255,2902,90722,94,332659
5805,0.00107,172.31.47.0-255,66,90788,94,332659
5806,0.001073,172.31.47.0-255,66,90854,94,332659
5807,0.001108,172.31.47.0-255,66,90920,94,332659
5808,0.001113,172.217.194.0-255,4320,95240,94,332659
5809,0.001115,172.31.47.0-255,66,95306,94,332659
5810,0.001139,172.217.194.0-255,6438,101744,94,332659
5811,0.001145,172.31.47.0-255,66,101810,94,332659
5812,0.001479,172.217.194.0-255,1484,103294,94,332659
5813,0.001487,172.217.194.0-255,2902,106196,94,332659
5814,0.00149,172.31.47.0-255,66,106262,94,332659
5815,0.001497,172.217.194.0-255,5738,112000,94,332659
5816,0.001498,172.31.47.0-255,66,112066,94,332659
5817,0.001553,172.217.194.0-255,4320,116386,94,332659
5818,0.001557,172.31.47.0-255,66,116452,94,332659
5819,0.001594,172.31.47.0-255,66,116518,94,332659
5820,0.001606,172.31.47.0-255,66,116584,94,332659
5821,0.002025,172.217.194.0-255,1484,118068,94,332659
5822,0.002032,172.217.194.0-255,2902,120970,94,332659
5823,0.002036,172.31.47.0-255,66,121036,94,332659
5824,0.002041,172.217.194.0-255,4320,125356,94,332659
5825,0.002042,172.31.47.0-255,66,125422,94,332659
5826,0.00206,172.217.194.0-255,1484,126906,94,332659
5827,0.002097,172.31.47.0-255,66,126972,94,332659
5828,0.002099,172.217.194.0-255,1484,128456,94,332659
5829,0.002134,172.217.194.0-255,5738,134194,94,332659
5830,0.002135,172.31.47.0-255,66,134260,94,332659
5831,0.002147,172.217.194.0-255,3602,137862,94,332659
5832,0.002153,172.31.47.0-255,66,137928,94,332659
5833,0.004459,172.217.194.0-255,4320,142248,94,332659
5834,0.004465,172.31.47.0-255,66,142314,94,332659
5835,0.004482,172.217.194.0-255,1484,143798,94,332659
5836,0.006809,172.217.194.0-255,4320,148118,94,332659
5837,0.006813,172.31.47.0-255,66,148184,94,332659
5838,0.00916,172.217.194.0-255,5738,153922,94,332659
5839,0.009166,172.31.47.0-255,66,153988,94,332659
5840,0.011472,172.217.194.0-255,5738,159726,94,332659
5841,0.011478,172.31.47.0-255,66,159792,94,332659
5842,0.01381,172.217.194.0-255,5738,165530,94,332659
5843,0.013815,172.31.47.0-255,66,165596,94,332659
5844,0.016181,172.217.194.0-255,5738,171334,94,332659
5845,0.016187,172.31.47.0-255,66,171400,94,332659
5846,0.018539,172.217.194.0-255,5738,177138,94,332659
5847,0.018546,172.31.47.0-255,66,177204,94,332659
5848,0.020879,172.217.194.0-255,5738,182942,94,332659
5849,0.020886,172.31.47.0-255,66,183008,94,332659
5850,0.023248,172.217.194.0-255,5738,188746,94,332659
5851,0.023254,172.31.47.0-255,66,188812,94,332659
5852,0.025564,172.217.194.0-255,5738,194550,94,332659
5853,0.02557,172.31.47.0-255,66,194616,94,332659
5854,0.025989,172.31.47.0-255,172,194788,94,332659
5855,0.026018,172.31.47.0-255,1116,195904,94,332659
5856,0.026061,172.31.47.0-255,1514,197418,94,332659
5857,0.026063,172.31.47.0-255,329,197747,94,332659
5858,0.027525,104.244.42.0-255,66,197813,94,332659
5859,0.027564,104.244.42.0-255,66,197879,94,332659
5860,0.027625,104.244.42.0-255,66,197945,94,332659
5861,0.027911,172.217.194.0-255,4320,202265,94,332659
5862,0.027915,172.31.47.0-255,66,202331,94,332659
5863,0.027945,172.217.194.0-255,1484,203815,94,332659
5864,0.030262,172.217.194.0-255,4320,208135,94,332659
5865,0.030267,172.31.47.0-255,66,208201,94,332659
5866,0.032586,172.217.194.0-255,5738,213939,94,332659
5867,0.03259,172.31.47.0-255,66,214005,94,332659
5868,0.034918,172.217.194.0-255,5738,219743,94,332659
5869,0.034922,172.31.47.0-255,66,219809,94,332659
5870,0.037228,172.217.194.0-255,2902,222711,94,332659
5871,0.037233,172.31.47.0-255,66,222777,94,332659
5872,0.037264,172.217.194.0-255,2902,225679,94,332659
5873,0.037267,172.31.47.0-255,66,225745,94,332659
5874,0.039549,172.217.194.0-255,2902,228647,94,332659
5875,0.039553,172.31.47.0-255,66,228713,94,332659
5876,0.039605,172.217.194.0-255,2902,231615,94,332659
5877,0.039608,172.31.47.0-255,66,231681,94,332659
5878,0.041897,172.217.194.0-255,2902,234583,94,332659
5879,0.041901,172.31.47.0-255,66,234649,94,332659
5880,0.041958,172.217.194.0-255,2902,237551,94,332659
5881,0.041962,172.31.47.0-255,66,237617,94,332659
5882,0.044235,172.217.194.0-255,2902,240519,94,332659
5883,0.04424,172.31.47.0-255,66,240585,94,332659
5884,0.044274,172.217.194.0-255,1484,242069,94,332659
5885,0.044289,172.217.194.0-255,1484,243553,94,332659
5886,0.044291,172.31.47.0-255,66,243619,94,332659
5887,0.046551,172.217.194.0-255,2902,246521,94,332659
5888,0.046555,172.31.47.0-255,66,246587,94,332659
5889,0.046638,172.217.194.0-255,2902,249489,94,332659
5890,0.046642,172.31.47.0-255,66,249555,94,332659
5891,0.048884,172.217.194.0-255,2902,252457,94,332659
5892,0.048889,172.31.47.0-255,66,252523,94,332659
5893,0.048953,172.217.194.0-255,2902,255425,94,332659
5894,0.048955,172.31.47.0-255,66,255491,94,332659
5895,0.051205,172.217.194.0-255,2902,258393,94,332659
5896,0.05121,172.31.47.0-255,66,258459,94,332659
5897,0.051271,172.217.194.0-255,2902,261361,94,332659
5898,0.051274,172.31.47.0-255,66,261427,94,332659
5899,0.05356,172.217.194.0-255,2902,264329,94,332659
5900,0.053564,172.31.47.0-255,66,264395,94,332659
5901,0.053656,172.217.194.0-255,2902,267297,94,332659
5902,0.05366,172.31.47.0-255,66,267363,94,332659
5903,0.055885,172.217.194.0-255,2902,270265,94,332659
5904,0.055889,172.31.47.0-255,66,270331,94,332659
5905,0.05597,172.217.194.0-255,2902,273233,94,332659
5906,0.055973,172.31.47.0-255,66,273299,94,332659
5907,0.058217,172.217.194.0-255,2902,276201,94,332659
5908,0.058221,172.31.47.0-255,66,276267,94,332659
5909,0.058281,172.217.194.0-255,2902,279169,94,332659
5910,0.058285,172.31.47.0-255,66,279235,94,332659
5911,0.060575,172.217.194.0-255,2902,282137,94,332659
5912,0.06058,172.31.47.0-255,66,282203,94,332659
5913,0.060626,172.217.194.0-255,2902,285105,94,332659
5914,0.06063,172.31.47.0-255,66,285171,94,332659
5915,0.062898,172.217.194.0-255,2902,288073,94,332659
5916,0.062902,172.31.47.0-255,66,288139,94,332659
5917,0.06296,172.217.194.0-255,2902,291041,94,332659
5918,0.062964,172.31.47.0-255,66,291107,94,332659
5919,0.065223,172.217.194.0-255,2902,294009,94,332659
5920,0.065228,172.31.47.0-255,66,294075,94,332659
5921,0.065363,172.217.194.0-255,2902,296977,94,332659
5922,0.065368,172.31.47.0-255,66,297043,94,332659
5923,0.067533,172.217.194.0-255,2902,299945,94,332659
5924,0.067538,172.31.47.0-255,66,300011,94,332659
5925,0.067708,172.217.194.0-255,2902,302913,94,332659
5926,0.067713,172.31.47.0-255,66,302979,94,332659
5927,0.06988,172.217.194.0-255,2902,305881,94,332659
5928,0.069886,172.31.47.0-255,66,305947,94,332659
5929,0.070042,172.217.194.0-255,2902,308849,94,332659
5930,0.070047,172.31.47.0-255,66,308915,94,332659
5931,0.072216,172.217.194.0-255,2902,311817,94,332659
5932,0.072222,172.31.47.0-255,66,311883,94,332659
5933,0.072382,172.217.194.0-255,2902,314785,94,332659
5934,0.072385,172.31.47.0-255,66,314851,94,332659
5935,0.074547,172.217.194.0-255,2902,317753,94,332659
5936,0.074551,172.31.47.0-255,66,317819,94,332659
5937,0.074713,172.217.194.0-255,2902,320721,94,332659
5938,0.074718,172.31.47.0-255,66,320787,94,332659
5939,0.076894,172.217.194.0-255,2902,323689,94,332659
5940,0.076898,172.31.47.0-255,66,323755,94,332659
5941,0.077046,172.217.194.0-255,2902,326657,94,332659
5942,0.077051,172.31.47.0-255,66,326723,94,332659
5943,0.07923,172.217.194.0-255,2902,329625,94,332659
5944,0.079234,172.31.47.0-255,66,329691,94,332659
5945,0.079376,172.217.194.0-255,2902,332593,94,332659
5946,0.079381,172.31.47.0-255,66,332659,94,332659
5947,0.0,172.217.26.0-255,153,153,94,357009
5948,2e-05,172.31.47.0-255,66,219,94,357009
5949,2.6e-05,172.217.26.0-255,1484,1703,94,357009
5950,3e-05,172.31.47.0-255,66,1769,94,357009
5951,3.5e-05,172.217.26.0-255,2902,4671,94,357009
5952,4.3e-05,172.31.47.0-255,66,4737,94,357009
5953,4.9e-05,172.217.26.0-255,5738,10475,94,357009
5954,5.2e-05,172.31.47.0-255,66,10541,94,357009
5955,7.4e-05,172.217.26.0-255,2902,13443,94,357009
5956,7.6e-05,172.31.47.0-255,66,13509,94,357009
5957,0.000116,172.31.47.0-255,66,13575,94,357009
5958,0.00012,172.217.26.0-255,2902,16477,94,357009
5959,0.000122,172.31.47.0-255,66,16543,94,357009
5960,0.000147,172.217.26.0-255,3961,20504,94,357009
5961,0.000153,172.31.47.0-255,66,20570,94,357009
5962,0.00021,172.217.26.0-255,1484,22054,94,357009
5963,0.000213,172.31.47.0-255,66,22120,94,357009
5964,0.000216,172.217.26.0-255,1484,23604,94,357009
5965,0.000218,172.31.47.0-255,66,23670,94,357009
5966,0.000238,172.217.26.0-255,1484,25154,94,357009
5967,0.00024,172.31.47.0-255,66,25220,94,357009
5968,0.000249,172.217.26.0-255,5738,30958,94,357009
5969,0.000251,172.31.47.0-255,66,31024,94,357009
5970,0.000282,172.217.26.0-255,6797,37821,94,357009
5971,0.000284,172.31.47.0-255,66,37887,94,357009
5972,0.000329,172.217.26.0-255,7156,45043,94,357009
5973,0.000332,172.31.47.0-255,66,45109,94,357009
5974,0.000337,172.217.26.0-255,4320,49429,94,357009
5975,0.000339,172.31.47.0-255,66,49495,94,357009
5976,0.000372,172.217.26.0-255,5379,54874,94,357009
5977,0.000375,172.31.47.0-255,66,54940,94,357009
5978,0.000413,172.217.26.0-255,357,55297,94,357009
5979,0.000888,172.217.26.0-255,138,55435,94,357009
5980,0.001016,172.217.26.0-255,1484,56919,94,357009
5981,0.001021,172.31.47.0-255,66,56985,94,357009
5982,0.001027,172.217.26.0-255,2902,59887,94,357009
5983,0.001029,172.31.47.0-255,66,59953,94,357009
5984,0.001039,172.217.26.0-255,4320,64273,94,357009
5985,0.001042,172.31.47.0-255,66,64339,94,357009
5986,0.001048,172.217.26.0-255,5738,70077,94,357009
5987,0.00105,172.31.47.0-255,66,70143,94,357009
5988,0.001095,172.217.26.0-255,2543,72686,94,357009
5989,0.001098,172.31.47.0-255,66,72752,94,357009
5990,0.001146,172.217.26.0-255,1484,74236,94,357009
5991,0.001159,172.217.26.0-255,2902,77138,94,357009
5992,0.001161,172.31.47.0-255,66,77204,94,357009
5993,0.001167,172.217.26.0-255,4320,81524,94,357009
5994,0.001169,172.31.47.0-255,66,81590,94,357009
5995,0.001201,172.217.26.0-255,1484,83074,94,357009
5996,0.001209,172.217.26.0-255,6797,89871,94,357009
5997,0.001211,172.31.47.0-255,66,89937,94,357009
5998,0.001213,172.217.26.0-255,346,90283,94,357009
5999,0.001436,172.31.47.0-255,66,90349,94,357009
6000,0.001732,172.217.26.0-255,1484,91833,94,357009
6001,0.001759,172.217.26.0-255,1484,93317,94,357009
6002,0.001763,172.31.47.0-255,66,93383,94,357009
6003,0.001785,172.217.26.0-255,1484,94867,94,357009
6004,0.00179,172.217.26.0-255,2902,97769,94,357009
6005,0.001792,172.31.47.0-255,66,97835,94,357009
6006,0.0018,172.217.26.0-255,7156,104991,94,357009
6007,0.001802,172.31.47.0-255,66,105057,94,357009
6008,0.001805,172.217.26.0-255,1484,106541,94,357009
6009,0.001854,172.217.26.0-255,4320,110861,94,357009
6010,0.001858,172.31.47.0-255,66,110927,94,357009
6011,0.001864,172.217.26.0-255,5738,116665,94,357009
6012,0.001866,172.31.47.0-255,66,116731,94,357009
6013,0.001875,172.217.26.0-255,2902,119633,94,357009
6014,0.001877,172.31.47.0-255,66,119699,94,357009
6015,0.001883,172.217.26.0-255,5020,124719,94,357009
6016,0.001885,172.31.47.0-255,66,124785,94,357009
6017,0.003818,172.217.26.0-255,4320,129105,94,357009
6018,0.003823,172.31.47.0-255,66,129171,94,357009
6019,0.00384,172.217.26.0-255,1484,130655,94,357009
6020,0.005755,172.217.26.0-255,4320,134975,94,357009
6021,0.005761,172.31.47.0-255,66,135041,94,357009
6022,0.007694,172.217.26.0-255,5738,140779,94,357009
6023,0.0077,172.31.47.0-255,66,140845,94,357009
6024,0.009663,172.217.26.0-255,5738,146583,94,357009
6025,0.009669,172.31.47.0-255,66,146649,94,357009
6026,0.011598,172.217.26.0-255,5738,152387,94,357009
6027,0.011606,172.31.47.0-255,66,152453,94,357009
6028,0.013549,172.217.26.0-255,5738,158191,94,357009
6029,0.013556,172.31.47.0-255,66,158257,94,357009
6030,0.015497,172.217.26.0-255,5738,163995,94,357009
6031,0.015504,172.31.47.0-255,66,164061,94,357009
6032,0.017443,172.217.26.0-255,5738,169799,94,357009
6033,0.017449,172.31.47.0-255,66,169865,94,357009
6034,0.019379,172.217.26.0-255,5738,175603,94,357009
6035,0.019384,172.31.47.0-255,66,175669,94,357009
6036,0.021315,172.217.26.0-255,5738,181407,94,357009
6037,0.021321,172.31.47.0-255,66,181473,94,357009
6038,0.023003,172.31.47.0-255,172,181645,94,357009
6039,0.023033,172.31.47.0-255,1116,182761,94,357009
6040,0.023098,172.31.47.0-255,1514,184275,94,357009
6041,0.0231,172.31.47.0-255,328,184603,94,357009
6042,0.023252,172.217.26.0-255,5738,190341,94,357009
6043,0.023259,172.31.47.0-255,66,190407,94,357009
6044,0.024593,104.244.42.0-255,66,190473,94,357009
6045,0.024602,104.244.42.0-255,66,190539,94,357009
6046,0.024676,104.244.42.0-255,66,190605,94,357009
6047,0.025202,172.217.26.0-255,4320,194925,94,357009
6048,0.025208,172.31.47.0-255,66,194991,94,357009
6049,0.025232,172.217.26.0-255,1484,196475,94,357009
6050,0.027149,172.217.26.0-255,4320,200795,94,357009
6051,0.027155,172.31.47.0-255,66,200861,94,357009
6052,0.029083,172.217.26.0-255,5738,206599,94,357009
6053,0.029089,172.31.47.0-255,66,206665,94,357009
6054,0.031072,172.217.26.0-255,4320,210985,94,357009
6055,0.03108,172.31.47.0-255,66,211051,94,357009
6056,0.031108,172.217.26.0-255,1484,212535,94,357009
6057,0.033026,172.217.26.0-255,4320,216855,94,357009
6058,0.033036,172.31.47.0-255,66,216921,94,357009
6059,0.034975,172.217.26.0-255,5738,222659,94,357009
6060,0.034982,172.31.47.0-255,66,222725,94,357009
6061,0.036921,172.217.26.0-255,5738,228463,94,357009
6062,0.036928,172.31.47.0-255,66,228529,94,357009
6063,0.038868,172.217.26.0-255,5738,234267,94,357009
6064,0.038875,172.31.47.0-255,66,234333,94,357009
6065,0.040813,172.217.26.0-255,5738,240071,94,357009
6066,0.04082,172.31.47.0-255,66,240137,94,357009
6067,0.042763,172.217.26.0-255,5738,245875,94,357009
6068,0.04277,172.31.47.0-255,66,245941,94,357009
6069,0.0447,172.217.26.0-255,5738,251679,94,357009
6070,0.044706,172.31.47.0-255,66,251745,94,357009
6071,0.046645,172.217.26.0-255,5738,257483,94,357009
6072,0.046651,172.31.47.0-255,66,257549,94,357009
6073,0.048597,172.217.26.0-255,5738,263287,94,357009
6074,0.048605,172.31.47.0-255,66,263353,94,357009
6075,0.050546,172.217.26.0-255,5738,269091,94,357009
6076,0.050552,172.31.47.0-255,66,269157,94,357009
6077,0.05249,172.217.26.0-255,5738,274895,94,357009
6078,0.052497,172.31.47.0-255,66,274961,94,357009
6079,0.054421,172.217.26.0-255,2902,277863,94,357009
6080,0.054427,172.31.47.0-255,66,277929,94,357009
6081,0.054452,172.217.26.0-255,2902,280831,94,357009
6082,0.054455,172.31.47.0-255,66,280897,94,357009
6083,0.056354,172.217.26.0-255,2902,283799,94,357009
6084,0.056361,172.31.47.0-255,66,283865,94,357009
6085,0.056389,172.217.26.0-255,2902,286767,94,357009
6086,0.056392,172.31.47.0-255,66,286833,94,357009
6087,0.058304,172.217.26.0-255,2902,289735,94,357009
6088,0.058309,172.31.47.0-255,66,289801,94,357009
6089,0.058336,172.217.26.0-255,2902,292703,94,357009
6090,0.058338,172.31.47.0-255,66,292769,94,357009
6091,0.060235,172.217.26.0-255,2902,295671,94,357009
6092,0.060241,172.31.47.0-255,66,295737,94,357009
6093,0.060266,172.217.26.0-255,2902,298639,94,357009
6094,0.060269,172.31.47.0-255,66,298705,94,357009
6095,0.062183,172.217.26.0-255,5738,304443,94,357009
6096,0.062191,172.31.47.0-255,66,304509,94,357009
6097,0.064132,172.217.26.0-255,5738,310247,94,357009
6098,0.064138,172.31.47.0-255,66,310313,94,357009
6099,0.066089,172.217.26.0-255,5738,316051,94,357009
6100,0.0661,172.31.47.0-255,66,316117,94,357009
6101,0.068035,172.217.26.0-255,5738,321855,94,357009
6102,0.068041,172.31.47.0-255,66,321921,94,357009
6103,0.069988,172.217.26.0-255,5738,327659,94,357009
6104,0.069996,172.31.47.0-255,66,327725,94,357009
6105,0.071932,172.217.26.0-255,5738,333463,94,357009
6106,0.071939,172.31.47.0-255,66,333529,94,357009
6107,0.0739,172.217.26.0-255,5738,339267,94,357009
6108,0.073905,172.31.47.0-255,66,339333,94,357009
6109,0.075848,172.217.26.0-255,2902,342235,94,357009
6110,0.075855,172.31.47.0-255,66,342301,94,357009
6111,0.07588,172.217.26.0-255,2902,345203,94,357009
6112,0.075883,172.31.47.0-255,66,345269,94,357009
6113,0.077782,172.217.26.0-255,2902,348171,94,357009
6114,0.077789,172.31.47.0-255,66,348237,94,357009
6115,0.077808,172.217.26.0-255,2902,351139,94,357009
6116,0.077811,172.31.47.0-255,66,351205,94,357009
6117,0.079725,172.217.26.0-255,5738,356943,94,357009
6118,0.07973,172.31.47.0-255,66,357009,94,357009
6119,0.0,74.125.24.0-255,298,298,94,327916
6120,2.6e-05,172.31.47.0-255,66,364,94,327916
6121,3.2e-05,74.125.24.0-255,1484,1848,94,327916
6122,3.6e-05,172.31.47.0-255,66,1914,94,327916
6123,4.1e-05,74.125.24.0-255,2902,4816,94,327916
6124,4.3e-05,172.31.47.0-255,66,4882,94,327916
6125,4.7e-05,74.125.24.0-255,2902,7784,94,327916
6126,5e-05,172.31.47.0-255,66,7850,94,327916
6127,7.1e-05,74.125.24.0-255,2902,10752,94,327916
6128,7.4e-05,172.31.47.0-255,66,10818,94,327916
6129,7.8e-05,74.125.24.0-255,3235,14053,94,327916
6130,8e-05,172.31.47.0-255,66,14119,94,327916
6131,0.000108,74.125.24.0-255,4320,18439,94,327916
6132,0.000111,172.31.47.0-255,66,18505,94,327916
6133,0.000141,172.31.47.0-255,66,18571,94,327916
6134,0.000148,74.125.24.0-255,7156,25727,94,327916
6135,0.00015,172.31.47.0-255,66,25793,94,327916
6136,0.000185,74.125.24.0-255,2902,28695,94,327916
6137,0.000188,172.31.47.0-255,66,28761,94,327916
6138,0.000217,172.31.47.0-255,66,28827,94,327916
6139,0.000487,74.125.24.0-255,1484,30311,94,327916
6140,0.000492,172.31.47.0-255,66,30377,94,327916
6141,0.000497,74.125.24.0-255,2902,33279,94,327916
6142,0.000499,172.31.47.0-255,66,33345,94,327916
6143,0.000514,74.125.24.0-255,5738,39083,94,327916
6144,0.000518,172.31.47.0-255,66,39149,94,327916
6145,0.000537,74.125.24.0-255,1484,40633,94,327916
6146,0.000542,172.31.47.0-255,66,40699,94,327916
6147,0.000553,74.125.24.0-255,4320,45019,94,327916
6148,0.000555,172.31.47.0-255,66,45085,94,327916
6149,0.000569,74.125.24.0-255,1125,46210,94,327916
6150,0.000741,172.31.47.0-255,66,46276,94,327916
6151,0.000939,74.125.24.0-255,648,46924,94,327916
6152,0.000976,74.125.24.0-255,1484,48408,94,327916
6153,0.00098,172.31.47.0-255,66,48474,94,327916
6154,0.001015,74.125.24.0-255,4320,52794,94,327916
6155,0.001019,172.31.47.0-255,66,52860,94,327916
6156,0.001022,74.125.24.0-255,1484,54344,94,327916
6157,0.00104,74.125.24.0-255,4320,58664,94,327916
6158,0.001043,172.31.47.0-255,66,58730,94,327916
6159,0.001048,74.125.24.0-255,2902,61632,94,327916
6160,0.00105,172.31.47.0-255,66,61698,94,327916
6161,0.001066,74.125.24.0-255,5738,67436,94,327916
6162,0.00107,172.31.47.0-255,66,67502,94,327916
6163,0.001081,172.31.47.0-255,66,67568,94,327916
6164,0.001103,74.125.24.0-255,1484,69052,94,327916
6165,0.001108,74.125.24.0-255,3602,72654,94,327916
6166,0.00111,172.31.47.0-255,66,72720,94,327916
6167,0.001228,74.125.24.0-255,1484,74204,94,327916
6168,0.001248,74.125.24.0-255,2902,77106,94,327916
6169,0.001252,172.31.47.0-255,66,77172,94,327916
6170,0.001263,74.125.24.0-255,1484,78656,94,327916
6171,0.001279,74.125.24.0-255,4320,82976,94,327916
6172,0.001281,172.31.47.0-255,66,83042,94,327916
6173,0.001313,74.125.24.0-255,7156,90198,94,327916
6174,0.001316,172.31.47.0-255,66,90264,94,327916
6175,0.001336,74.125.24.0-255,4320,94584,94,327916
6176,0.00134,172.31.47.0-255,66,94650,94,327916
6177,0.001347,74.125.24.0-255,7156,101806,94,327916
6178,0.00135,172.31.47.0-255,66,101872,94,327916
6179,0.001373,74.125.24.0-255,5020,106892,94,327916
6180,0.001376,172.31.47.0-255,66,106958,94,327916
6181,0.001505,74.125.24.0-255,1484,108442,94,327916
6182,0.00152,74.125.24.0-255,2902,111344,94,327916
6183,0.001523,172.31.47.0-255,66,111410,94,327916
6184,0.001527,74.125.24.0-255,1484,112894,94,327916
6185,0.001545,74.125.24.0-255,4320,117214,94,327916
6186,0.001547,172.31.47.0-255,66,117280,94,327916
6187,0.00157,74.125.24.0-255,5738,123018,94,327916
6188,0.001573,172.31.47.0-255,66,123084,94,327916
6189,0.001577,74.125.24.0-255,2902,125986,94,327916
6190,0.001579,172.31.47.0-255,66,126052,94,327916
6191,0.001602,172.31.47.0-255,66,126118,94,327916
6192,0.001606,74.125.24.0-255,2902,129020,94,327916
6193,0.001609,172.31.47.0-255,66,129086,94,327916
6194,0.001628,74.125.24.0-255,2184,131270,94,327916
6195,0.001633,172.31.47.0-255,66,131336,94,327916
6196,0.002468,74.125.24.0-255,1484,132820,94,327916
6197,0.002479,74.125.24.0-255,2902,135722,94,327916
6198,0.002483,172.31.47.0-255,66,135788,94,327916
6199,0.00249,74.125.24.0-255,5738,141526,94,327916
6200,0.002493,172.31.47.0-255,66,141592,94,327916
6201,0.002509,74.125.24.0-255,2902,144494,94,327916
6202,0.002512,172.31.47.0-255,66,144560,94,327916
6203,0.002536,74.125.24.0-255,4320,148880,94,327916
6204,0.00254,172.31.47.0-255,66,148946,94,327916
6205,0.002544,74.125.24.0-255,2902,151848,94,327916
6206,0.002546,172.31.47.0-255,66,151914,94,327916
6207,0.00257,172.31.47.0-255,66,151980,94,327916
6208,0.005096,74.125.24.0-255,5738,157718,94,327916
6209,0.005104,172.31.47.0-255,66,157784,94,327916
6210,0.007624,74.125.24.0-255,5738,163522,94,327916
6211,0.007629,172.31.47.0-255,66,163588,94,327916
6212,0.010179,74.125.24.0-255,5738,169326,94,327916
6213,0.010186,172.31.47.0-255,66,169392,94,327916
6214,0.012699,74.125.24.0-255,5738,175130,94,327916
6215,0.012711,172.31.47.0-255,66,175196,94,327916
6216,0.015235,74.125.24.0-255,5738,180934,94,327916
6217,0.015244,172.31.47.0-255,66,181000,94,327916
6218,0.017804,74.125.24.0-255,5738,186738,94,327916
6219,0.017811,172.31.47.0-255,66,186804,94,327916
6220,0.020347,74.125.24.0-255,5738,192542,94,327916
6221,0.020358,172.31.47.0-255,66,192608,94,327916
6222,0.022864,74.125.24.0-255,5738,198346,94,327916
6223,0.022871,172.31.47.0-255,66,198412,94,327916
6224,0.025403,74.125.24.0-255,5738,204150,94,327916
6225,0.025409,172.31.47.0-255,66,204216,94,327916
6226,0.026603,172.31.47.0-255,172,204388,94,327916
6227,0.026637,172.31.47.0-255,1117,205505,94,327916
6228,0.026675,172.31.47.0-255,1514,207019,94,327916
6229,0.026676,172.31.47.0-255,1287,208306,94,327916
6230,0.027935,74.125.24.0-255,5738,214044,94,327916
6231,0.02794,172.31.47.0-255,66,214110,94,327916
6232,0.028138,104.244.42.0-255,66,214176,94,327916
6233,0.028195,104.244.42.0-255,66,214242,94,327916
6234,0.028292,104.244.42.0-255,66,214308,94,327916
6235,0.030466,74.125.24.0-255,2902,217210,94,327916
6236,0.030472,172.31.47.0-255,66,217276,94,327916
6237,0.030505,74.125.24.0-255,2902,220178,94,327916
6238,0.030508,172.31.47.0-255,66,220244,94,327916
6239,0.032979,74.125.24.0-255,2902,223146,94,327916
6240,0.032985,172.31.47.0-255,66,223212,94,327916
6241,0.033014,74.125.24.0-255,2902,226114,94,327916
6242,0.033017,172.31.47.0-255,66,226180,94,327916
6243,0.035508,74.125.24.0-255,2902,229082,94,327916
6244,0.035514,172.31.47.0-255,66,229148,94,327916
6245,0.035555,74.125.24.0-255,2902,232050,94,327916
6246,0.035559,172.31.47.0-255,66,232116,94,327916
6247,0.038042,74.125.24.0-255,2902,235018,94,327916
6248,0.038047,172.31.47.0-255,66,235084,94,327916
6249,0.038077,74.125.24.0-255,2902,237986,94,327916
6250,0.038079,172.31.47.0-255,66,238052,94,327916
6251,0.040554,74.125.24.0-255,2902,240954,94,327916
6252,0.040573,172.31.47.0-255,66,241020,94,327916
6253,0.040594,74.125.24.0-255,2902,243922,94,327916
6254,0.040598,172.31.47.0-255,66,243988,94,327916
6255,0.043107,74.125.24.0-255,5738,249726,94,327916
6256,0.043112,172.31.47.0-255,66,249792,94,327916
6257,0.045635,74.125.24.0-255,4320,254112,94,327916
6258,0.04564,172.31.47.0-255,66,254178,94,327916
6259,0.045664,74.125.24.0-255,1484,255662,94,327916
6260,0.048167,74.125.24.0-255,4320,259982,94,327916
6261,0.048173,172.31.47.0-255,66,260048,94,327916
6262,0.050697,74.125.24.0-255,5738,265786,94,327916
6263,0.050702,172.31.47.0-255,66,265852,94,327916
6264,0.053222,74.125.24.0-255,5738,271590,94,327916
6265,0.053227,172.31.47.0-255,66,271656,94,327916
6266,0.055751,74.125.24.0-255,2902,274558,94,327916
6267,0.055756,172.31.47.0-255,66,274624,94,327916
6268,0.055783,74.125.24.0-255,2902,277526,94,327916
6269,0.055785,172.31.47.0-255,66,277592,94,327916
6270,0.05829,74.125.24.0-255,4320,281912,94,327916
6271,0.058295,172.31.47.0-255,66,281978,94,327916
6272,0.058325,74.125.24.0-255,1484,283462,94,327916
6273,0.060788,74.125.24.0-255,1484,284946,94,327916
6274,0.060793,172.31.47.0-255,66,285012,94,327916
6275,0.060818,74.125.24.0-255,2902,287914,94,327916
6276,0.06082,172.31.47.0-255,66,287980,94,327916
6277,0.063305,74.125.24.0-255,2902,290882,94,327916
6278,0.063311,172.31.47.0-255,66,290948,94,327916
6279,0.063343,74.125.24.0-255,2902,293850,94,327916
6280,0.063346,172.31.47.0-255,66,293916,94,327916
6281,0.065831,74.125.24.0-255,2902,296818,94,327916
6282,0.065836,172.31.47.0-255,66,296884,94,327916
6283,0.065866,74.125.24.0-255,2902,299786,94,327916
6284,0.065869,172.31.47.0-255,66,299852,94,327916
6285,0.068331,74.125.24.0-255,2902,302754,94,327916
6286,0.068336,172.31.47.0-255,66,302820,94,327916
6287,0.068376,74.125.24.0-255,2902,305722,94,327916
6288,0.068379,172.31.47.0-255,66,305788,94,327916
6289,0.070865,74.125.24.0-255,2902,308690,94,327916
6290,0.07087,172.31.47.0-255,66,308756,94,327916
6291,0.070901,74.125.24.0-255,2902,311658,94,327916
6292,0.070904,172.31.47.0-255,66,311724,94,327916
6293,0.073395,74.125.24.0-255,2902,314626,94,327916
6294,0.073399,172.31.47.0-255,66,314692,94,327916
6295,0.073434,74.125.24.0-255,2902,317594,94,327916
6296,0.073437,172.31.47.0-255,66,317660,94,327916
6297,0.075956,74.125.24.0-255,4320,321980,94,327916
6298,0.07596,172.31.47.0-255,66,322046,94,327916
6299,0.075983,74.125.24.0-255,1484,323530,94,327916
6300,0.078461,74.125.24.0-255,4320,327850,94,327916
6301,0.078466,172.31.47.0-255,66,327916,94,327916
6302,0.0,74.125.24.0-255,297,297,94,260924
6303,2.4e-05,172.31.47.0-255,66,363,94,260924
6304,2.9e-05,74.125.24.0-255,1484,1847,94,260924
6305,3.2e-05,172.31.47.0-255,66,1913,94,260924
6306,3.8e-05,74.125.24.0-255,4320,6233,94,260924
6307,3.9e-05,172.31.47.0-255,66,6299,94,260924
6308,5e-05,172.31.47.0-255,66,6365,94,260924
6309,0.000111,172.31.47.0-255,66,6431,94,260924
6310,0.000268,74.125.24.0-255,1484,7915,94,260924
6311,0.000272,172.31.47.0-255,66,7981,94,260924
6312,0.000277,74.125.24.0-255,2902,10883,94,260924
6313,0.000279,172.31.47.0-255,66,10949,94,260924
6314,0.000302,74.125.24.0-255,5738,16687,94,260924
6315,0.000304,74.125.24.0-255,1484,18171,94,260924
6316,0.000306,172.31.47.0-255,66,18237,94,260924
6317,0.000309,172.31.47.0-255,66,18303,94,260924
6318,0.000323,74.125.24.0-255,2902,21205,94,260924
6319,0.000326,172.31.47.0-255,66,21271,94,260924
6320,0.00033,74.125.24.0-255,2902,24173,94,260924
6321,0.000332,172.31.47.0-255,66,24239,94,260924
6322,0.000365,172.31.47.0-255,66,24305,94,260924
6323,0.000372,74.125.24.0-255,7156,31461,94,260924
6324,0.000374,172.31.47.0-255,66,31527,94,260924
6325,0.000387,74.125.24.0-255,766,32293,94,260924
6326,0.000389,172.31.47.0-255,66,32359,94,260924
6327,0.000392,74.125.24.0-255,427,32786,94,260924
6328,0.000394,172.31.47.0-255,66,32852,94,260924
6329,0.00052,74.125.24.0-255,1484,34336,94,260924
6330,0.000523,172.31.47.0-255,66,34402,94,260924
6331,0.000538,74.125.24.0-255,2902,37304,94,260924
6332,0.000546,172.31.47.0-255,66,37370,94,260924
6333,0.000558,74.125.24.0-255,5738,43108,94,260924
6334,0.000561,74.125.24.0-255,1484,44592,94,260924
6335,0.000561,172.31.47.0-255,66,44658,94,260924
6336,0.000576,74.125.24.0-255,2902,47560,94,260924
6337,0.000581,172.31.47.0-255,66,47626,94,260924
6338,0.000593,74.125.24.0-255,7156,54782,94,260924
6339,0.000599,172.31.47.0-255,66,54848,94,260924
6340,0.000606,74.125.24.0-255,4320,59168,94,260924
6341,0.000612,172.31.47.0-255,66,59234,94,260924
6342,0.000621,74.125.24.0-255,7156,66390,94,260924
6343,0.000625,172.31.47.0-255,66,66456,94,260924
6344,0.000631,74.125.24.0-255,766,67222,94,260924
6345,0.000673,74.125.24.0-255,1484,68706,94,260924
6346,0.000676,172.31.47.0-255,66,68772,94,260924
6347,0.000679,74.125.24.0-255,1484,70256,94,260924
6348,0.000693,74.125.24.0-255,1484,71740,94,260924
6349,0.0007,74.125.24.0-255,5738,77478,94,260924
6350,0.000701,172.31.47.0-255,66,77544,94,260924
6351,0.000705,172.31.47.0-255,66,77610,94,260924
6352,0.000744,74.125.24.0-255,7156,84766,94,260924
6353,0.000754,172.31.47.0-255,66,84832,94,260924
6354,0.000774,74.125.24.0-255,4320,89152,94,260924
6355,0.00078,172.31.47.0-255,66,89218,94,260924
6356,0.000787,74.125.24.0-255,3602,92820,94,260924
6357,0.000793,172.31.47.0-255,66,92886,94,260924
6358,0.000824,74.125.24.0-255,2902,95788,94,260924
6359,0.000827,74.125.24.0-255,1484,97272,94,260924
6360,0.000828,172.31.47.0-255,66,97338,94,260924
6361,0.00084,74.125.24.0-255,2902,100240,94,260924
6362,0.000843,172.31.47.0-255,66,100306,94,260924
6363,0.000856,74.125.24.0-255,5738,106044,94,260924
6364,0.000858,172.31.47.0-255,66,106110,94,260924
6365,0.000876,74.125.24.0-255,2902,109012,94,260924
6366,0.000884,172.31.47.0-255,66,109078,94,260924
6367,0.000888,172.31.47.0-255,66,109144,94,260924
6368,0.000934,74.125.24.0-255,5738,114882,94,260924
6369,0.000945,74.125.24.0-255,766,115648,94,260924
6370,0.000945,172.31.47.0-255,66,115714,94,260924
6371,0.001064,74.125.24.0-255,1484,117198,94,260924
6372,0.001067,172.31.47.0-255,66,117264,94,260924
6373,0.001072,74.125.24.0-255,2902,120166,94,260924
6374,0.001083,172.31.47.0-255,66,120232,94,260924
6375,0.0011,74.125.24.0-255,4320,124552,94,260924
6376,0.00111,74.125.24.0-255,1484,126036,94,260924
6377,0.001117,172.31.47.0-255,66,126102,94,260924
6378,0.00113,74.125.24.0-255,4320,130422,94,260924
6379,0.001137,172.31.47.0-255,66,130488,94,260924
6380,0.001156,74.125.24.0-255,2902,133390,94,260924
6381,0.001165,172.31.47.0-255,66,133456,94,260924
6382,0.001171,172.31.47.0-255,66,133522,94,260924
6383,0.001226,74.125.24.0-255,7156,140678,94,260924
6384,0.001232,172.31.47.0-255,66,140744,94,260924
6385,0.001249,74.125.24.0-255,766,141510,94,260924
6386,0.001256,74.125.24.0-255,7156,148666,94,260924
6387,0.001269,172.31.47.0-255,66,148732,94,260924
6388,0.001288,74.125.24.0-255,4320,153052,94,260924
6389,0.001298,172.31.47.0-255,66,153118,94,260924
6390,0.001307,74.125.24.0-255,5738,158856,94,260924
6391,0.001311,172.31.47.0-255,66,158922,94,260924
6392,0.001326,74.125.24.0-255,7156,166078,94,260924
6393,0.001329,74.125.24.0-255,766,166844,94,260924
6394,0.001332,172.31.47.0-255,66,166910,94,260924
6395,0.001344,74.125.24.0-255,1484,168394,94,260924
6396,0.001358,74.125.24.0-255,4320,172714,94,260924
6397,0.00136,172.31.47.0-255,66,172780,94,260924
6398,0.001391,74.125.24.0-255,4320,177100,94,260924
6399,0.001395,172.31.47.0-255,66,177166,94,260924
6400,0.001408,74.125.24.0-255,4320,181486,94,260924
6401,0.001417,172.31.47.0-255,66,181552,94,260924
6402,0.001435,74.125.24.0-255,5738,187290,94,260924
6403,0.001439,172.31.47.0-255,66,187356,94,260924
6404,0.001455,74.125.24.0-255,3602,190958,94,260924
6405,0.00146,172.31.47.0-255,66,191024,94,260924
6406,0.001554,74.125.24.0-255,1484,192508,94,260924
6407,0.001559,74.125.24.0-255,2902,195410,94,260924
6408,0.001562,172.31.47.0-255,66,195476,94,260924
6409,0.001581,74.125.24.0-255,5738,201214,94,260924
6410,0.001583,74.125.24.0-255,1484,202698,94,260924
6411,0.001585,172.31.47.0-255,66,202764,94,260924
6412,0.001603,74.125.24.0-255,2902,205666,94,260924
6413,0.001606,74.125.24.0-255,1484,207150,94,260924
6414,0.001611,172.31.47.0-255,66,207216,94,260924
6415,0.001643,172.31.47.0-255,66,207282,94,260924
6416,0.001647,172.31.47.0-255,66,207348,94,260924
6417,0.001714,74.125.24.0-255,1484,208832,94,260924
6418,0.001725,74.125.24.0-255,2902,211734,94,260924
6419,0.001728,172.31.47.0-255,66,211800,94,260924
6420,0.001749,74.125.24.0-255,5738,217538,94,260924
6421,0.001754,74.125.24.0-255,4320,221858,94,260924
6422,0.001763,172.31.47.0-255,66,221924,94,260924
6423,0.001766,74.125.24.0-255,1484,223408,94,260924
6424,0.001791,74.125.24.0-255,2902,226310,94,260924
6425,0.001793,172.31.47.0-255,66,226376,94,260924
6426,0.001796,172.31.47.0-255,66,226442,94,260924
6427,0.001814,74.125.24.0-255,5020,231462,94,260924
6428,0.001826,172.31.47.0-255,66,231528,94,260924
6429,0.001829,74.125.24.0-255,7156,238684,94,260924
6430,0.001837,172.31.47.0-255,66,238750,94,260924
6431,0.001841,74.125.24.0-255,1484,240234,94,260924
6432,0.00187,172.31.47.0-255,66,240300,94,260924
6433,0.001887,74.125.24.0-255,7156,247456,94,260924
6434,0.00189,172.31.47.0-255,66,247522,94,260924
6435,0.001929,172.31.47.0-255,66,247588,94,260924
6436,0.001959,74.125.24.0-255,7156,254744,94,260924
6437,0.001963,172.31.47.0-255,66,254810,94,260924
6438,0.001991,74.125.24.0-255,1484,256294,94,260924
6439,0.002012,74.125.24.0-255,105,256399,94,260924
6440,0.002021,172.31.47.0-255,66,256465,94,260924
6441,0.003158,172.31.47.0-255,105,256570,94,260924
6442,0.00542,74.125.24.0-255,66,256636,94,260924
6443,0.026948,172.31.47.0-255,172,256808,94,260924
6444,0.026977,172.31.47.0-255,1116,257924,94,260924
6445,0.027006,172.31.47.0-255,1514,259438,94,260924
6446,0.027007,172.31.47.0-255,1288,260726,94,260924
6447,0.028479,104.244.42.0-255,66,260792,94,260924
6448,0.028521,104.244.42.0-255,66,260858,94,260924
6449,0.028581,104.244.42.0-255,66,260924,94,260924
6450,0.0,172.217.194.0-255,153,153,94,225605
6451,1.9e-05,172.31.47.0-255,66,219,94,225605
6452,2.6e-05,172.217.194.0-255,1484,1703,94,225605
6453,3e-05,172.31.47.0-255,66,1769,94,225605
6454,3.5e-05,172.217.194.0-255,2902,4671,94,225605
6455,3.7e-05,172.31.47.0-255,66,4737,94,225605
6456,4e-05,172.217.194.0-255,1484,6221,94,225605
6457,4.3e-05,172.31.47.0-255,66,6287,94,225605
6458,6.6e-05,172.217.194.0-255,2902,9189,94,225605
6459,6.8e-05,172.31.47.0-255,66,9255,94,225605
6460,8.5e-05,172.217.194.0-255,4946,14201,94,225605
6461,8.7e-05,172.31.47.0-255,66,14267,94,225605
6462,0.000134,172.217.194.0-255,1484,15751,94,225605
6463,0.000137,172.31.47.0-255,66,15817,94,225605
6464,0.00014,172.217.194.0-255,1484,17301,94,225605
6465,0.000141,172.31.47.0-255,66,17367,94,225605
6466,0.000156,172.217.194.0-255,1484,18851,94,225605
6467,0.000158,172.31.47.0-255,66,18917,94,225605
6468,0.000163,172.217.194.0-255,5738,24655,94,225605
6469,0.000165,172.31.47.0-255,66,24721,94,225605
6470,0.0002,172.217.194.0-255,1484,26205,94,225605
6471,0.000202,172.31.47.0-255,66,26271,94,225605
6472,0.000225,172.217.194.0-255,5379,31650,94,225605
6473,0.000227,172.31.47.0-255,66,31716,94,225605
6474,0.000513,172.217.194.0-255,1484,33200,94,225605
6475,0.000519,172.31.47.0-255,66,33266,94,225605
6476,0.000526,172.217.194.0-255,2902,36168,94,225605
6477,0.000529,172.31.47.0-255,66,36234,94,225605
6478,0.000535,172.217.194.0-255,5738,41972,94,225605
6479,0.000538,172.31.47.0-255,66,42038,94,225605
6480,0.000543,172.217.194.0-255,4320,46358,94,225605
6481,0.000545,172.31.47.0-255,66,46424,94,225605
6482,0.000571,172.217.194.0-255,2543,48967,94,225605
6483,0.000575,172.217.194.0-255,1484,50451,94,225605
6484,0.000609,172.217.194.0-255,2543,52994,94,225605
6485,0.000625,172.217.194.0-255,678,53672,94,225605
6486,0.000629,172.31.47.0-255,66,53738,94,225605
6487,0.000679,172.217.194.0-255,1484,55222,94,225605
6488,0.000686,172.217.194.0-255,4320,59542,94,225605
6489,0.000701,172.31.47.0-255,66,59608,94,225605
6490,0.000708,172.217.194.0-255,5738,65346,94,225605
6491,0.000722,172.31.47.0-255,66,65412,94,225605
6492,0.00074,172.217.194.0-255,1484,66896,94,225605
6493,0.000768,172.217.194.0-255,4320,71216,94,225605
6494,0.000791,172.217.194.0-255,5379,76595,94,225605
6495,0.000806,172.31.47.0-255,66,76661,94,225605
6496,0.001129,172.217.194.0-255,1484,78145,94,225605
6497,0.001136,172.217.194.0-255,2902,81047,94,225605
6498,0.001141,172.31.47.0-255,66,81113,94,225605
6499,0.001161,172.217.194.0-255,4320,85433,94,225605
6500,0.001169,172.31.47.0-255,66,85499,94,225605
6501,0.001182,172.217.194.0-255,1484,86983,94,225605
6502,0.001189,172.217.194.0-255,7156,94139,94,225605
6503,0.001202,172.217.194.0-255,2902,97041,94,225605
6504,0.00123,172.31.47.0-255,66,97107,94,225605
6505,0.001239,172.217.194.0-255,2902,100009,94,225605
6506,0.001242,172.217.194.0-255,2184,102193,94,225605
6507,0.001247,172.31.47.0-255,66,102259,94,225605
6508,0.001339,172.217.194.0-255,1484,103743,94,225605
6509,0.001355,172.217.194.0-255,2902,106645,94,225605
6510,0.001359,172.217.194.0-255,2902,109547,94,225605
6511,0.001372,172.31.47.0-255,66,109613,94,225605
6512,0.001377,172.217.194.0-255,2902,112515,94,225605
6513,0.001379,172.217.194.0-255,1484,113999,94,225605
6514,0.001384,172.31.47.0-255,66,114065,94,225605
6515,0.001439,172.217.194.0-255,4320,118385,94,225605
6516,0.001442,172.31.47.0-255,66,118451,94,225605
6517,0.001447,172.31.47.0-255,66,118517,94,225605
6518,0.001466,172.217.194.0-255,6438,124955,94,225605
6519,0.001508,172.31.47.0-255,66,125021,94,225605
6520,0.001828,172.217.194.0-255,1484,126505,94,225605
6521,0.001833,172.217.194.0-255,2902,129407,94,225605
6522,0.001844,172.31.47.0-255,66,129473,94,225605
6523,0.001848,172.217.194.0-255,2902,132375,94,225605
6524,0.001861,172.217.194.0-255,2902,135277,94,225605
6525,0.001871,172.217.194.0-255,2902,138179,94,225605
6526,0.001896,172.31.47.0-255,66,138245,94,225605
6527,0.001905,172.217.194.0-255,1484,139729,94,225605
6528,0.001931,172.217.194.0-255,1484,141213,94,225605
6529,0.001956,172.31.47.0-255,66,141279,94,225605
6530,0.001989,172.217.194.0-255,2902,144181,94,225605
6531,0.002002,172.31.47.0-255,66,144247,94,225605
6532,0.002009,172.217.194.0-255,1484,145731,94,225605
6533,0.002034,172.217.194.0-255,2902,148633,94,225605
6534,0.002039,172.31.47.0-255,66,148699,94,225605
6535,0.002071,172.31.47.0-255,66,148765,94,225605
6536,0.00209,172.217.194.0-255,4320,153085,94,225605
6537,0.002096,172.217.194.0-255,5738,158823,94,225605
6538,0.002111,172.31.47.0-255,66,158889,94,225605
6539,0.002153,172.217.194.0-255,4320,163209,94,225605
6540,0.002157,172.31.47.0-255,66,163275,94,225605
6541,0.002181,172.217.194.0-255,1484,164759,94,225605
6542,0.002205,172.217.194.0-255,6438,171197,94,225605
6543,0.002215,172.31.47.0-255,66,171263,94,225605
6544,0.00225,172.217.194.0-255,1484,172747,94,225605
6545,0.002271,172.217.194.0-255,2902,175649,94,225605
6546,0.002277,172.217.194.0-255,5738,181387,94,225605
6547,0.002281,172.31.47.0-255,66,181453,94,225605
6548,0.002297,172.217.194.0-255,7156,188609,94,225605
6549,0.002308,172.217.194.0-255,1484,190093,94,225605
6550,0.002319,172.31.47.0-255,66,190159,94,225605
6551,0.002333,172.31.47.0-255,66,190225,94,225605
6552,0.00234,172.217.194.0-255,1484,191709,94,225605
6553,0.002344,172.217.194.0-255,2184,193893,94,225605
6554,0.002346,172.217.194.0-255,1484,195377,94,225605
6555,0.002361,172.31.47.0-255,66,195443,94,225605
6556,0.002369,172.217.194.0-255,1484,196927,94,225605
6557,0.002376,172.217.194.0-255,7156,204083,94,225605
6558,0.002381,172.31.47.0-255,66,204149,94,225605
6559,0.002412,172.31.47.0-255,66,204215,94,225605
6560,0.002423,172.217.194.0-255,2902,207117,94,225605
6561,0.002431,172.217.194.0-255,7156,214273,94,225605
6562,0.002441,172.31.47.0-255,66,214339,94,225605
6563,0.002514,172.31.47.0-255,66,214405,94,225605
6564,0.00255,172.31.47.0-255,66,214471,94,225605
6565,0.002579,172.31.47.0-255,66,214537,94,225605
6566,0.002604,172.217.194.0-255,6438,220975,94,225605
6567,0.002621,172.217.194.0-255,105,221080,94,225605
6568,0.002625,172.31.47.0-255,66,221146,94,225605
6569,0.014341,172.31.47.0-255,105,221251,94,225605
6570,0.016957,172.217.194.0-255,66,221317,94,225605
6571,0.040209,172.31.47.0-255,172,221489,94,225605
6572,0.040383,172.31.47.0-255,1108,222597,94,225605
6573,0.040465,172.31.47.0-255,1514,224111,94,225605
6574,0.040467,172.31.47.0-255,1296,225407,94,225605
6575,0.041768,104.244.42.0-255,66,225473,94,225605
6576,0.041944,104.244.42.0-255,66,225539,94,225605
6577,0.042043,104.244.42.0-255,66,225605,94,225605
6578,0.0,74.125.24.0-255,153,153,94,208829
6579,1.8e-05,172.31.47.0-255,66,219,94,208829
6580,2.4e-05,74.125.24.0-255,1484,1703,94,208829
6581,2.9e-05,172.31.47.0-255,66,1769,94,208829
6582,3.4e-05,74.125.24.0-255,2902,4671,94,208829
6583,3.7e-05,172.31.47.0-255,66,4737,94,208829
6584,6e-05,74.125.24.0-255,5738,10475,94,208829
6585,6.3e-05,172.31.47.0-255,66,10541,94,208829
6586,8.2e-05,74.125.24.0-255,1484,12025,94,208829
6587,8.4e-05,172.31.47.0-255,66,12091,94,208829
6588,0.000102,74.125.24.0-255,2045,14136,94,208829
6589,0.000104,172.31.47.0-255,66,14202,94,208829
6590,0.000109,74.125.24.0-255,4320,18522,94,208829
6591,0.000112,172.31.47.0-255,66,18588,94,208829
6592,0.000145,172.31.47.0-255,66,18654,94,208829
6593,0.000163,74.125.24.0-255,2543,21197,94,208829
6594,0.000165,172.31.47.0-255,66,21263,94,208829
6595,0.000287,74.125.24.0-255,1484,22747,94,208829
6596,0.000293,172.31.47.0-255,66,22813,94,208829
6597,0.000298,74.125.24.0-255,2902,25715,94,208829
6598,0.0003,172.31.47.0-255,66,25781,94,208829
6599,0.000305,74.125.24.0-255,4320,30101,94,208829
6600,0.000307,172.31.47.0-255,66,30167,94,208829
6601,0.000327,74.125.24.0-255,1484,31651,94,208829
6602,0.000329,172.31.47.0-255,66,31717,94,208829
6603,0.000335,74.125.24.0-255,4320,36037,94,208829
6604,0.000337,172.31.47.0-255,66,36103,94,208829
6605,0.000362,172.31.47.0-255,66,36169,94,208829
6606,0.000373,172.31.47.0-255,66,36235,94,208829
6607,0.000375,74.125.24.0-255,442,36677,94,208829
6608,0.000428,74.125.24.0-255,332,37009,94,208829
6609,0.000788,74.125.24.0-255,1484,38493,94,208829
6610,0.000793,172.31.47.0-255,66,38559,94,208829
6611,0.000837,74.125.24.0-255,2902,41461,94,208829
6612,0.00084,172.31.47.0-255,66,41527,94,208829
6613,0.000845,74.125.24.0-255,5738,47265,94,208829
6614,0.000847,172.31.47.0-255,66,47331,94,208829
6615,0.000859,172.31.47.0-255,66,47397,94,208829
6616,0.000891,172.31.47.0-255,66,47463,94,208829
6617,0.001621,74.125.24.0-255,1484,48947,94,208829
6618,0.001625,74.125.24.0-255,1484,50431,94,208829
6619,0.001629,172.31.47.0-255,66,50497,94,208829
6620,0.001654,74.125.24.0-255,1484,51981,94,208829
6621,0.00166,74.125.24.0-255,5738,57719,94,208829
6622,0.001662,172.31.47.0-255,66,57785,94,208829
6623,0.001666,74.125.24.0-255,2902,60687,94,208829
6624,0.001668,172.31.47.0-255,66,60753,94,208829
6625,0.001696,74.125.24.0-255,7156,67909,94,208829
6626,0.001698,172.31.47.0-255,66,67975,94,208829
6627,0.001707,172.31.47.0-255,66,68041,94,208829
6628,0.001739,74.125.24.0-255,2902,70943,94,208829
6629,0.001742,172.31.47.0-255,66,71009,94,208829
6630,0.001746,74.125.24.0-255,2184,73193,94,208829
6631,0.001748,172.31.47.0-255,66,73259,94,208829
6632,0.002614,74.125.24.0-255,1484,74743,94,208829
6633,0.002623,74.125.24.0-255,2902,77645,94,208829
6634,0.002627,172.31.47.0-255,66,77711,94,208829
6635,0.002635,74.125.24.0-255,4320,82031,94,208829
6636,0.002637,172.31.47.0-255,66,82097,94,208829
6637,0.002669,172.31.47.0-255,66,82163,94,208829
6638,0.002677,74.125.24.0-255,7156,89319,94,208829
6639,0.00268,172.31.47.0-255,66,89385,94,208829
6640,0.002686,74.125.24.0-255,4320,93705,94,208829
6641,0.002688,172.31.47.0-255,66,93771,94,208829
6642,0.002708,74.125.24.0-255,2184,95955,94,208829
6643,0.00271,172.31.47.0-255,66,96021,94,208829
6644,0.002751,172.31.47.0-255,66,96087,94,208829
6645,0.00276,74.125.24.0-255,7156,103243,94,208829
6646,0.002762,172.31.47.0-255,66,103309,94,208829
6647,0.002779,74.125.24.0-255,4320,107629,94,208829
6648,0.002781,172.31.47.0-255,66,107695,94,208829
6649,0.002784,74.125.24.0-255,1484,109179,94,208829
6650,0.002817,172.31.47.0-255,66,109245,94,208829
6651,0.002844,74.125.24.0-255,4320,113565,94,208829
6652,0.002847,172.31.47.0-255,66,113631,94,208829
6653,0.002851,74.125.24.0-255,2902,116533,94,208829
6654,0.002853,172.31.47.0-255,66,116599,94,208829
6655,0.002866,74.125.24.0-255,2902,119501,94,208829
6656,0.002869,172.31.47.0-255,66,119567,94,208829
6657,0.002873,74.125.24.0-255,2902,122469,94,208829
6658,0.002876,172.31.47.0-255,66,122535,94,208829
6659,0.002897,172.31.47.0-255,66,122601,94,208829
6660,0.002911,172.31.47.0-255,66,122667,94,208829
6661,0.002939,74.125.24.0-255,2184,124851,94,208829
6662,0.002941,172.31.47.0-255,66,124917,94,208829
6663,0.003048,74.125.24.0-255,1484,126401,94,208829
6664,0.003051,74.125.24.0-255,1484,127885,94,208829
6665,0.003053,172.31.47.0-255,66,127951,94,208829
6666,0.003068,74.125.24.0-255,1484,129435,94,208829
6667,0.003075,74.125.24.0-255,4320,133755,94,208829
6668,0.003077,172.31.47.0-255,66,133821,94,208829
6669,0.003095,74.125.24.0-255,1484,135305,94,208829
6670,0.003099,74.125.24.0-255,2902,138207,94,208829
6671,0.003101,172.31.47.0-255,66,138273,94,208829
6672,0.003104,74.125.24.0-255,1484,139757,94,208829
6673,0.003158,74.125.24.0-255,1484,141241,94,208829
6674,0.003162,172.31.47.0-255,78,141319,94,208829
6675,0.003176,172.31.47.0-255,66,141385,94,208829
6676,0.00318,74.125.24.0-255,2902,144287,94,208829
6677,0.003183,172.31.47.0-255,66,144353,94,208829
6678,0.003186,74.125.24.0-255,1484,145837,94,208829
6679,0.003189,74.125.24.0-255,766,146603,94,208829
6680,0.003191,172.31.47.0-255,66,146669,94,208829
6681,0.003291,74.125.24.0-255,1484,148153,94,208829
6682,0.003295,74.125.24.0-255,2902,151055,94,208829
6683,0.003297,172.31.47.0-255,66,151121,94,208829
6684,0.003302,74.125.24.0-255,2902,154023,94,208829
6685,0.003304,172.31.47.0-255,66,154089,94,208829
6686,0.003316,74.125.24.0-255,2902,156991,94,208829
6687,0.003318,172.31.47.0-255,66,157057,94,208829
6688,0.003361,172.31.47.0-255,66,157123,94,208829
6689,0.003367,74.125.24.0-255,5738,162861,94,208829
6690,0.003369,172.31.47.0-255,66,162927,94,208829
6691,0.003401,74.125.24.0-255,5020,167947,94,208829
6692,0.003403,172.31.47.0-255,66,168013,94,208829
6693,0.003639,74.125.24.0-255,1484,169497,94,208829
6694,0.003642,74.125.24.0-255,1484,170981,94,208829
6695,0.003644,172.31.47.0-255,66,171047,94,208829
6696,0.003661,74.125.24.0-255,1484,172531,94,208829
6697,0.003667,74.125.24.0-255,4320,176851,94,208829
6698,0.00367,172.31.47.0-255,66,176917,94,208829
6699,0.003686,74.125.24.0-255,1484,178401,94,208829
6700,0.003691,74.125.24.0-255,4320,182721,94,208829
6701,0.003693,172.31.47.0-255,66,182787,94,208829
6702,0.003714,172.31.47.0-255,66,182853,94,208829
6703,0.00372,74.125.24.0-255,5738,188591,94,208829
6704,0.003723,172.31.47.0-255,66,188657,94,208829
6705,0.003768,172.31.47.0-255,66,188723,94,208829
6706,0.003795,74.125.24.0-255,5020,193743,94,208829
6707,0.003798,172.31.47.0-255,66,193809,94,208829
6708,0.003812,172.31.47.0-255,66,193875,94,208829
6709,0.003837,74.125.24.0-255,4320,198195,94,208829
6710,0.003839,172.31.47.0-255,66,198261,94,208829
6711,0.003871,172.31.47.0-255,66,198327,94,208829
6712,0.003877,74.125.24.0-255,5738,204065,94,208829
6713,0.00388,172.31.47.0-255,66,204131,94,208829
6714,0.00391,172.31.47.0-255,66,204197,94,208829
6715,0.003926,74.125.24.0-255,105,204302,94,208829
6716,0.007425,172.31.47.0-255,66,204368,94,208829
6717,0.007465,172.31.47.0-255,105,204473,94,208829
6718,0.009741,74.125.24.0-255,66,204539,94,208829
6719,0.030608,172.31.47.0-255,172,204711,94,208829
6720,0.030637,172.31.47.0-255,1117,205828,94,208829
6721,0.030687,172.31.47.0-255,1514,207342,94,208829
6722,0.030689,172.31.47.0-255,1289,208631,94,208829
6723,0.032176,104.244.42.0-255,66,208697,94,208829
6724,0.032195,104.244.42.0-255,66,208763,94,208829
6725,0.032241,104.244.42.0-255,66,208829,94,208829
6726,0.0,172.31.47.0-255,105,105,94,276
6727,0.074535,31.13.82.0-255,105,210,94,276
6728,0.074552,172.31.47.0-255,66,276,94,276
6729,0.0,74.125.24.0-255,152,152,94,260571
6730,2.3e-05,172.31.47.0-255,66,218,94,260571
6731,2.8e-05,74.125.24.0-255,1484,1702,94,260571
6732,3.2e-05,172.31.47.0-255,66,1768,94,260571
6733,5.1e-05,74.125.24.0-255,2902,4670,94,260571
6734,5.3e-05,172.31.47.0-255,66,4736,94,260571
6735,8e-05,74.125.24.0-255,7156,11892,94,260571
6736,8.3e-05,172.31.47.0-255,66,11958,94,260571
6737,8.6e-05,74.125.24.0-255,2172,14130,94,260571
6738,8.8e-05,172.31.47.0-255,66,14196,94,260571
6739,0.00012,74.125.24.0-255,1484,15680,94,260571
6740,0.000122,172.31.47.0-255,66,15746,94,260571
6741,0.000133,74.125.24.0-255,1484,17230,94,260571
6742,0.000135,172.31.47.0-255,66,17296,94,260571
6743,0.00014,74.125.24.0-255,4320,21616,94,260571
6744,0.000142,172.31.47.0-255,66,21682,94,260571
6745,0.000164,74.125.24.0-255,2902,24584,94,260571
6746,0.000167,172.31.47.0-255,66,24650,94,260571
6747,0.000205,74.125.24.0-255,4320,28970,94,260571
6748,0.000207,172.31.47.0-255,66,29036,94,260571
6749,0.000218,74.125.24.0-255,2543,31579,94,260571
6750,0.00022,172.31.47.0-255,66,31645,94,260571
6751,0.000319,74.125.24.0-255,1484,33129,94,260571
6752,0.000322,172.31.47.0-255,66,33195,94,260571
6753,0.000336,74.125.24.0-255,2902,36097,94,260571
6754,0.000339,172.31.47.0-255,66,36163,94,260571
6755,0.000342,74.125.24.0-255,2902,39065,94,260571
6756,0.000345,172.31.47.0-255,66,39131,94,260571
6757,0.000364,74.125.24.0-255,4320,43451,94,260571
6758,0.000367,172.31.47.0-255,66,43517,94,260571
6759,0.000397,74.125.24.0-255,4320,47837,94,260571
6760,0.000401,172.31.47.0-255,66,47903,94,260571
6761,0.00042,74.125.24.0-255,5379,53282,94,260571
6762,0.000423,172.31.47.0-255,66,53348,94,260571
6763,0.000434,172.31.47.0-255,66,53414,94,260571
6764,0.000453,74.125.24.0-255,2543,55957,94,260571
6765,0.000455,172.31.47.0-255,66,56023,94,260571
6766,0.000506,74.125.24.0-255,676,56699,94,260571
6767,0.000716,172.31.47.0-255,66,56765,94,260571
6768,0.000778,74.125.24.0-255,1484,58249,94,260571
6769,0.000793,74.125.24.0-255,2902,61151,94,260571
6770,0.000796,172.31.47.0-255,66,61217,94,260571
6771,0.000807,74.125.24.0-255,1484,62701,94,260571
6772,0.000819,74.125.24.0-255,4320,67021,94,260571
6773,0.000822,172.31.47.0-255,66,67087,94,260571
6774,0.000837,74.125.24.0-255,1484,68571,94,260571
6775,0.000872,172.31.47.0-255,66,68637,94,260571
6776,0.000881,172.31.47.0-255,66,68703,94,260571
6777,0.000919,74.125.24.0-255,2184,70887,94,260571
6778,0.000922,172.31.47.0-255,66,70953,94,260571
6779,0.001843,74.125.24.0-255,1484,72437,94,260571
6780,0.001858,74.125.24.0-255,2902,75339,94,260571
6781,0.001861,172.31.47.0-255,66,75405,94,260571
6782,0.001866,74.125.24.0-255,2902,78307,94,260571
6783,0.001867,172.31.47.0-255,66,78373,94,260571
6784,0.001881,74.125.24.0-255,2902,81275,94,260571
6785,0.001883,172.31.47.0-255,66,81341,94,260571
6786,0.001887,74.125.24.0-255,5738,87079,94,260571
6787,0.001889,172.31.47.0-255,66,87145,94,260571
6788,0.001907,74.125.24.0-255,4320,91465,94,260571
6789,0.00191,172.31.47.0-255,66,91531,94,260571
6790,0.001979,74.125.24.0-255,4320,95851,94,260571
6791,0.001981,172.31.47.0-255,66,95917,94,260571
6792,0.002003,172.31.47.0-255,66,95983,94,260571
6793,0.004624,74.125.24.0-255,5738,101721,94,260571
6794,0.004629,172.31.47.0-255,66,101787,94,260571
6795,0.007238,74.125.24.0-255,5738,107525,94,260571
6796,0.007244,172.31.47.0-255,66,107591,94,260571
6797,0.00988,74.125.24.0-255,4320,111911,94,260571
6798,0.009888,172.31.47.0-255,66,111977,94,260571
6799,0.009906,74.125.24.0-255,1484,113461,94,260571
6800,0.012497,74.125.24.0-255,4320,117781,94,260571
6801,0.012506,172.31.47.0-255,66,117847,94,260571
6802,0.015136,74.125.24.0-255,5738,123585,94,260571
6803,0.015144,172.31.47.0-255,66,123651,94,260571
6804,0.017759,74.125.24.0-255,5738,129389,94,260571
6805,0.017765,172.31.47.0-255,66,129455,94,260571
6806,0.020374,172.31.47.0-255,172,129627,94,260571
6807,0.02039,74.125.24.0-255,5738,135365,94,260571
6808,0.020395,172.31.47.0-255,66,135431,94,260571
6809,0.020414,172.31.47.0-255,1116,136547,94,260571
6810,0.020431,172.31.47.0-255,1514,138061,94,260571
6811,0.020433,172.31.47.0-255,328,138389,94,260571
6812,0.022021,104.244.42.0-255,66,138455,94,260571
6813,0.023016,74.125.24.0-255,4320,142775,94,260571
6814,0.02302,172.31.47.0-255,66,142841,94,260571
6815,0.023045,74.125.24.0-255,1484,144325,94,260571
6816,0.025635,74.125.24.0-255,4320,148645,94,260571
6817,0.02564,172.31.47.0-255,66,148711,94,260571
6818,0.028241,74.125.24.0-255,5738,154449,94,260571
6819,0.028247,172.31.47.0-255,66,154515,94,260571
6820,0.030856,74.125.24.0-255,5738,160253,94,260571
6821,0.03086,172.31.47.0-255,66,160319,94,260571
6822,0.033457,74.125.24.0-255,4320,164639,94,260571
6823,0.033462,172.31.47.0-255,66,164705,94,260571
6824,0.033486,74.125.24.0-255,1484,166189,94,260571
6825,0.036061,74.125.24.0-255,4320,170509,94,260571
6826,0.036067,172.31.47.0-255,66,170575,94,260571
6827,0.038699,74.125.24.0-255,5738,176313,94,260571
6828,0.038704,172.31.47.0-255,66,176379,94,260571
6829,0.041298,74.125.24.0-255,4320,180699,94,260571
6830,0.041303,172.31.47.0-255,66,180765,94,260571
6831,0.041335,74.125.24.0-255,1484,182249,94,260571
6832,0.043917,74.125.24.0-255,4320,186569,94,260571
6833,0.043922,172.31.47.0-255,66,186635,94,260571
6834,0.046574,74.125.24.0-255,4320,190955,94,260571
6835,0.046578,172.31.47.0-255,66,191021,94,260571
6836,0.046604,74.125.24.0-255,1484,192505,94,260571
6837,0.049175,74.125.24.0-255,4320,196825,94,260571
6838,0.049179,172.31.47.0-255,66,196891,94,260571
6839,0.05177,74.125.24.0-255,4320,201211,94,260571
6840,0.051775,172.31.47.0-255,66,201277,94,260571
6841,0.051794,74.125.24.0-255,1484,202761,94,260571
6842,0.054391,74.125.24.0-255,4320,207081,94,260571
6843,0.054396,172.31.47.0-255,66,207147,94,260571
6844,0.05703,74.125.24.0-255,2902,210049,94,260571
6845,0.057034,172.31.47.0-255,66,210115,94,260571
6846,0.057069,74.125.24.0-255,2902,213017,94,260571
6847,0.057071,172.31.47.0-255,66,213083,94,260571
6848,0.059648,74.125.24.0-255,2902,215985,94,260571
6849,0.059652,172.31.47.0-255,66,216051,94,260571
6850,0.059683,74.125.24.0-255,2902,218953,94,260571
6851,0.059685,172.31.47.0-255,66,219019,94,260571
6852,0.062277,74.125.24.0-255,2902,221921,94,260571
6853,0.062281,172.31.47.0-255,66,221987,94,260571
6854,0.062306,74.125.24.0-255,2902,224889,94,260571
6855,0.062309,172.31.47.0-255,66,224955,94,260571
6856,0.064897,74.125.24.0-255,2902,227857,94,260571
6857,0.064902,172.31.47.0-255,66,227923,94,260571
6858,0.064934,74.125.24.0-255,2902,230825,94,260571
6859,0.064937,172.31.47.0-255,66,230891,94,260571
6860,0.067492,74.125.24.0-255,2902,233793,94,260571
6861,0.067498,172.31.47.0-255,66,233859,94,260571
6862,0.067555,74.125.24.0-255,2902,236761,94,260571
6863,0.06756,172.31.47.0-255,66,236827,94,260571
6864,0.070089,74.125.24.0-255,2902,239729,94,260571
6865,0.070095,172.31.47.0-255,66,239795,94,260571
6866,0.070157,74.125.24.0-255,2902,242697,94,260571
6867,0.070161,172.31.47.0-255,66,242763,94,260571
6868,0.072715,74.125.24.0-255,2902,245665,94,260571
6869,0.07272,172.31.47.0-255,66,245731,94,260571
6870,0.072805,74.125.24.0-255,2902,248633,94,260571
6871,0.07281,172.31.47.0-255,66,248699,94,260571
6872,0.075324,74.125.24.0-255,2902,251601,94,260571
6873,0.075329,172.31.47.0-255,66,251667,94,260571
6874,0.075395,74.125.24.0-255,2902,254569,94,260571
6875,0.0754,172.31.47.0-255,66,254635,94,260571
6876,0.077925,74.125.24.0-255,2902,257537,94,260571
6877,0.077929,172.31.47.0-255,66,257603,94,260571
6878,0.078014,74.125.24.0-255,2902,260505,94,260571
6879,0.078018,172.31.47.0-255,66,260571,94,260571
6880,0.0,74.125.24.0-255,297,297,94,288182
6881,2.8e-05,172.31.47.0-255,66,363,94,288182
6882,3.5e-05,74.125.24.0-255,1484,1847,94,288182
6883,3.9e-05,172.31.47.0-255,66,1913,94,288182
6884,4.4e-05,74.125.24.0-255,4320,6233,94,288182
6885,4.6e-05,172.31.47.0-255,66,6299,94,288182
6886,5e-05,74.125.24.0-255,2902,9201,94,288182
6887,5.2e-05,172.31.47.0-255,66,9267,94,288182
6888,8.5e-05,74.125.24.0-255,4320,13587,94,288182
6889,8.8e-05,172.31.47.0-255,66,13653,94,288182
6890,0.000104,74.125.24.0-255,4785,18438,94,288182
6891,0.000107,172.31.47.0-255,66,18504,94,288182
6892,0.000111,74.125.24.0-255,4320,22824,94,288182
6893,0.000113,172.31.47.0-255,66,22890,94,288182
6894,0.000159,74.125.24.0-255,4320,27210,94,288182
6895,0.000162,172.31.47.0-255,66,27276,94,288182
6896,0.000179,74.125.24.0-255,3961,31237,94,288182
6897,0.000182,172.31.47.0-255,66,31303,94,288182
6898,0.000681,74.125.24.0-255,1484,32787,94,288182
6899,0.000687,172.31.47.0-255,66,32853,94,288182
6900,0.000695,74.125.24.0-255,2902,35755,94,288182
6901,0.000697,172.31.47.0-255,66,35821,94,288182
6902,0.000702,74.125.24.0-255,2902,38723,94,288182
6903,0.000704,172.31.47.0-255,66,38789,94,288182
6904,0.000723,74.125.24.0-255,1484,40273,94,288182
6905,0.000726,172.31.47.0-255,66,40339,94,288182
6906,0.000731,74.125.24.0-255,2902,43241,94,288182
6907,0.000733,172.31.47.0-255,66,43307,94,288182
6908,0.000765,74.125.24.0-255,6797,50104,94,288182
6909,0.000772,74.125.24.0-255,5738,55842,94,288182
6910,0.000782,172.31.47.0-255,66,55908,94,288182
6911,0.000786,172.31.47.0-255,66,55974,94,288182
6912,0.000849,172.31.47.0-255,66,56040,94,288182
6913,0.001141,74.125.24.0-255,1484,57524,94,288182
6914,0.001148,74.125.24.0-255,2902,60426,94,288182
6915,0.001152,172.31.47.0-255,66,60492,94,288182
6916,0.00116,74.125.24.0-255,5738,66230,94,288182
6917,0.001164,74.125.24.0-255,4320,70550,94,288182
6918,0.001186,172.31.47.0-255,66,70616,94,288182
6919,0.001216,74.125.24.0-255,2543,73159,94,288182
6920,0.001227,172.31.47.0-255,66,73225,94,288182
6921,0.001298,74.125.24.0-255,1484,74709,94,288182
6922,0.001304,74.125.24.0-255,2902,77611,94,288182
6923,0.001307,74.125.24.0-255,1484,79095,94,288182
6924,0.001329,74.125.24.0-255,4320,83415,94,288182
6925,0.001333,74.125.24.0-255,2902,86317,94,288182
6926,0.001337,172.31.47.0-255,66,86383,94,288182
6927,0.001361,172.31.47.0-255,66,86449,94,288182
6928,0.001364,74.125.24.0-255,1484,87933,94,288182
6929,0.001368,74.125.24.0-255,4320,92253,94,288182
6930,0.001384,74.125.24.0-255,6438,98691,94,288182
6931,0.001404,172.31.47.0-255,66,98757,94,288182
6932,0.003752,74.125.24.0-255,1484,100241,94,288182
6933,0.003772,74.125.24.0-255,4320,104561,94,288182
6934,0.003775,172.31.47.0-255,66,104627,94,288182
6935,0.006229,74.125.24.0-255,5738,110365,94,288182
6936,0.006234,172.31.47.0-255,66,110431,94,288182
6937,0.008607,74.125.24.0-255,5738,116169,94,288182
6938,0.008613,172.31.47.0-255,66,116235,94,288182
6939,0.011001,74.125.24.0-255,5738,121973,94,288182
6940,0.011008,172.31.47.0-255,66,122039,94,288182
6941,0.013399,74.125.24.0-255,5738,127777,94,288182
6942,0.013406,172.31.47.0-255,66,127843,94,288182
6943,0.015771,74.125.24.0-255,5738,133581,94,288182
6944,0.015778,172.31.47.0-255,66,133647,94,288182
6945,0.018205,74.125.24.0-255,5738,139385,94,288182
6946,0.018217,172.31.47.0-255,66,139451,94,288182
6947,0.020617,74.125.24.0-255,5738,145189,94,288182
6948,0.020624,172.31.47.0-255,66,145255,94,288182
6949,0.021305,172.31.47.0-255,172,145427,94,288182
6950,0.021339,172.31.47.0-255,1111,146538,94,288182
6951,0.021375,172.31.47.0-255,1514,148052,94,288182
6952,0.021377,172.31.47.0-255,1294,149346,94,288182
6953,0.022851,104.244.42.0-255,66,149412,94,288182
6954,0.022904,104.244.42.0-255,66,149478,94,288182
6955,0.022956,74.125.24.0-255,1484,150962,94,288182
6956,0.022977,104.244.42.0-255,66,151028,94,288182
6957,0.022988,74.125.24.0-255,4320,155348,94,288182
6958,0.022992,172.31.47.0-255,66,155414,94,288182
6959,0.025374,74.125.24.0-255,5738,161152,94,288182
6960,0.02538,172.31.47.0-255,66,161218,94,288182
6961,0.027768,74.125.24.0-255,5738,166956,94,288182
6962,0.027772,172.31.47.0-255,66,167022,94,288182
6963,0.030134,74.125.24.0-255,5738,172760,94,288182
6964,0.030138,172.31.47.0-255,66,172826,94,288182
6965,0.032582,74.125.24.0-255,5738,178564,94,288182
6966,0.032587,172.31.47.0-255,66,178630,94,288182
6967,0.034932,74.125.24.0-255,5738,184368,94,288182
6968,0.034938,172.31.47.0-255,66,184434,94,288182
6969,0.037558,74.125.24.0-255,5738,190172,94,288182
6970,0.037563,172.31.47.0-255,66,190238,94,288182
6971,0.039937,74.125.24.0-255,4320,194558,94,288182
6972,0.039942,172.31.47.0-255,66,194624,94,288182
6973,0.039966,74.125.24.0-255,1484,196108,94,288182
6974,0.042332,74.125.24.0-255,2902,199010,94,288182
6975,0.042337,172.31.47.0-255,66,199076,94,288182
6976,0.042368,74.125.24.0-255,1484,200560,94,288182
6977,0.044673,74.125.24.0-255,1484,202044,94,288182
6978,0.044678,172.31.47.0-255,66,202110,94,288182
6979,0.044705,74.125.24.0-255,2902,205012,94,288182
6980,0.044717,172.31.47.0-255,66,205078,94,288182
6981,0.047037,74.125.24.0-255,2902,207980,94,288182
6982,0.047043,172.31.47.0-255,66,208046,94,288182
6983,0.047189,74.125.24.0-255,2902,210948,94,288182
6984,0.047195,172.31.47.0-255,66,211014,94,288182
6985,0.049429,74.125.24.0-255,2902,213916,94,288182
6986,0.049434,172.31.47.0-255,66,213982,94,288182
6987,0.049627,74.125.24.0-255,2902,216884,94,288182
6988,0.049633,172.31.47.0-255,66,216950,94,288182
6989,0.05178,74.125.24.0-255,2902,219852,94,288182
6990,0.051785,172.31.47.0-255,66,219918,94,288182
6991,0.05205,74.125.24.0-255,2902,222820,94,288182
6992,0.052056,172.31.47.0-255,66,222886,94,288182
6993,0.054135,74.125.24.0-255,2902,225788,94,288182
6994,0.054139,172.31.47.0-255,66,225854,94,288182
6995,0.054458,74.125.24.0-255,2902,228756,94,288182
6996,0.054463,172.31.47.0-255,66,228822,94,288182
6997,0.056574,74.125.24.0-255,2902,231724,94,288182
6998,0.056579,172.31.47.0-255,66,231790,94,288182
6999,0.05682,74.125.24.0-255,2902,234692,94,288182
7000,0.056825,172.31.47.0-255,66,234758,94,288182
7001,0.05898,74.125.24.0-255,2902,237660,94,288182
7002,0.058996,172.31.47.0-255,66,237726,94,288182
7003,0.059219,74.125.24.0-255,2902,240628,94,288182
7004,0.059224,172.31.47.0-255,66,240694,94,288182
7005,0.061357,74.125.24.0-255,2902,243596,94,288182
7006,0.061375,172.31.47.0-255,66,243662,94,288182
7007,0.061614,74.125.24.0-255,2902,246564,94,288182
7008,0.06162,172.31.47.0-255,66,246630,94,288182
7009,0.063768,74.125.24.0-255,2902,249532,94,288182
7010,0.063777,172.31.47.0-255,66,249598,94,288182
7011,0.063948,74.125.24.0-255,2902,252500,94,288182
7012,0.063953,172.31.47.0-255,66,252566,94,288182
7013,0.066159,74.125.24.0-255,2902,255468,94,288182
7014,0.066164,172.31.47.0-255,66,255534,94,288182
7015,0.066313,74.125.24.0-255,2902,258436,94,288182
7016,0.066318,172.31.47.0-255,66,258502,94,288182
7017,0.0686,74.125.24.0-255,2902,261404,94,288182
7018,0.068605,172.31.47.0-255,66,261470,94,288182
7019,0.068679,74.125.24.0-255,2902,264372,94,288182
7020,0.068687,172.31.47.0-255,66,264438,94,288182
7021,0.070988,74.125.24.0-255,2902,267340,94,288182
7022,0.070994,172.31.47.0-255,66,267406,94,288182
7023,0.071093,74.125.24.0-255,2902,270308,94,288182
7024,0.071098,172.31.47.0-255,66,270374,94,288182
7025,0.07338,74.125.24.0-255,2902,273276,94,288182
7026,0.073385,172.31.47.0-255,66,273342,94,288182
7027,0.073476,74.125.24.0-255,2902,276244,94,288182
7028,0.073481,172.31.47.0-255,66,276310,94,288182
7029,0.075792,74.125.24.0-255,2902,279212,94,288182
7030,0.075797,172.31.47.0-255,66,279278,94,288182
7031,0.075902,74.125.24.0-255,2902,282180,94,288182
7032,0.075906,172.31.47.0-255,66,282246,94,288182
7033,0.078133,74.125.24.0-255,2902,285148,94,288182
7034,0.078138,172.31.47.0-255,66,285214,94,288182
7035,0.078297,74.125.24.0-255,2902,288116,94,288182
7036,0.078302,172.31.47.0-255,66,288182,94,288182
7037,0.0,74.125.24.0-255,153,153,94,304819
7038,2.2e-05,172.31.47.0-255,66,219,94,304819
7039,2.9e-05,74.125.24.0-255,1484,1703,94,304819
7040,3.3e-05,172.31.47.0-255,66,1769,94,304819
7041,3.8e-05,74.125.24.0-255,2902,4671,94,304819
7042,4.2e-05,172.31.47.0-255,66,4737,94,304819
7043,5e-05,74.125.24.0-255,7156,11893,94,304819
7044,5.4e-05,172.31.47.0-255,66,11959,94,304819
7045,5.8e-05,74.125.24.0-255,2173,14132,94,304819
7046,6.1e-05,172.31.47.0-255,66,14198,94,304819
7047,6.8e-05,74.125.24.0-255,5738,19936,94,304819
7048,7.1e-05,172.31.47.0-255,66,20002,94,304819
7049,7.7e-05,74.125.24.0-255,4320,24322,94,304819
7050,7.9e-05,172.31.47.0-255,66,24388,94,304819
7051,0.000105,74.125.24.0-255,2902,27290,94,304819
7052,0.000108,172.31.47.0-255,66,27356,94,304819
7053,0.000128,74.125.24.0-255,3961,31317,94,304819
7054,0.000131,172.31.47.0-255,66,31383,94,304819
7055,0.000217,74.125.24.0-255,1484,32867,94,304819
7056,0.00022,172.31.47.0-255,66,32933,94,304819
7057,0.000225,74.125.24.0-255,2902,35835,94,304819
7058,0.000228,172.31.47.0-255,66,35901,94,304819
7059,0.000256,74.125.24.0-255,5738,41639,94,304819
7060,0.000259,172.31.47.0-255,66,41705,94,304819
7061,0.000291,74.125.24.0-255,2902,44607,94,304819
7062,0.000293,172.31.47.0-255,66,44673,94,304819
7063,0.000325,172.31.47.0-255,66,44739,94,304819
7064,0.000341,74.125.24.0-255,1484,46223,94,304819
7065,0.000344,172.31.47.0-255,66,46289,94,304819
7066,0.000358,74.125.24.0-255,5738,52027,94,304819
7067,0.000361,172.31.47.0-255,66,52093,94,304819
7068,0.000383,74.125.24.0-255,2849,54942,94,304819
7069,0.000385,172.31.47.0-255,66,55008,94,304819
7070,0.000389,74.125.24.0-255,115,55123,94,304819
7071,0.000583,74.125.24.0-255,1484,56607,94,304819
7072,0.000589,172.31.47.0-255,66,56673,94,304819
7073,0.000592,74.125.24.0-255,1484,58157,94,304819
7074,0.000597,74.125.24.0-255,2902,61059,94,304819
7075,0.000599,172.31.47.0-255,66,61125,94,304819
7076,0.000606,74.125.24.0-255,5738,66863,94,304819
7077,0.000608,172.31.47.0-255,66,66929,94,304819
7078,0.000613,74.125.24.0-255,2902,69831,94,304819
7079,0.000615,172.31.47.0-255,66,69897,94,304819
7080,0.000643,172.31.47.0-255,66,69963,94,304819
7081,0.000667,74.125.24.0-255,1484,71447,94,304819
7082,0.000682,74.125.24.0-255,5738,77185,94,304819
7083,0.000686,172.31.47.0-255,66,77251,94,304819
7084,0.000706,74.125.24.0-255,3961,81212,94,304819
7085,0.00071,172.31.47.0-255,66,81278,94,304819
7086,0.001158,74.125.24.0-255,1484,82762,94,304819
7087,0.001164,74.125.24.0-255,2902,85664,94,304819
7088,0.001168,172.31.47.0-255,66,85730,94,304819
7089,0.001191,74.125.24.0-255,5738,91468,94,304819
7090,0.001194,172.31.47.0-255,66,91534,94,304819
7091,0.001221,74.125.24.0-255,2902,94436,94,304819
7092,0.001224,172.31.47.0-255,66,94502,94,304819
7093,0.001244,172.31.47.0-255,66,94568,94,304819
7094,0.001299,172.31.47.0-255,66,94634,94,304819
7095,0.001324,74.125.24.0-255,1484,96118,94,304819
7096,0.00134,74.125.24.0-255,1484,97602,94,304819
7097,0.001344,172.31.47.0-255,66,97668,94,304819
7098,0.001362,74.125.24.0-255,1484,99152,94,304819
7099,0.001369,74.125.24.0-255,5738,104890,94,304819
7100,0.001371,172.31.47.0-255,66,104956,94,304819
7101,0.001375,74.125.24.0-255,1484,106440,94,304819
7102,0.001394,74.125.24.0-255,5738,112178,94,304819
7103,0.001396,172.31.47.0-255,66,112244,94,304819
7104,0.001427,74.125.24.0-255,4320,116564,94,304819
7105,0.00143,172.31.47.0-255,66,116630,94,304819
7106,0.00145,74.125.24.0-255,5738,122368,94,304819
7107,0.001452,172.31.47.0-255,66,122434,94,304819
7108,0.001476,74.125.24.0-255,4320,126754,94,304819
7109,0.001478,172.31.47.0-255,66,126820,94,304819
7110,0.001483,74.125.24.0-255,2184,129004,94,304819
7111,0.001485,172.31.47.0-255,66,129070,94,304819
7112,0.001877,74.125.24.0-255,1484,130554,94,304819
7113,0.001883,74.125.24.0-255,2902,133456,94,304819
7114,0.001886,172.31.47.0-255,66,133522,94,304819
7115,0.001891,74.125.24.0-255,4320,137842,94,304819
7116,0.001893,172.31.47.0-255,66,137908,94,304819
7117,0.001904,74.125.24.0-255,1484,139392,94,304819
7118,0.001908,74.125.24.0-255,1484,140876,94,304819
7119,0.001909,172.31.47.0-255,66,140942,94,304819
7120,0.001947,172.31.47.0-255,66,141008,94,304819
7121,0.001952,74.125.24.0-255,2902,143910,94,304819
7122,0.001954,172.31.47.0-255,66,143976,94,304819
7123,0.001971,74.125.24.0-255,6438,150414,94,304819
7124,0.001974,172.31.47.0-255,66,150480,94,304819
7125,0.002065,74.125.24.0-255,1484,151964,94,304819
7126,0.002078,74.125.24.0-255,2902,154866,94,304819
7127,0.002081,74.125.24.0-255,2902,157768,94,304819
7128,0.002085,172.31.47.0-255,66,157834,94,304819
7129,0.002087,172.31.47.0-255,66,157900,94,304819
7130,0.002099,74.125.24.0-255,2902,160802,94,304819
7131,0.002101,172.31.47.0-255,66,160868,94,304819
7132,0.002111,172.31.47.0-255,66,160934,94,304819
7133,0.002153,74.125.24.0-255,4320,165254,94,304819
7134,0.002156,172.31.47.0-255,66,165320,94,304819
7135,0.00218,172.31.47.0-255,66,165386,94,304819
7136,0.002218,74.125.24.0-255,5738,171124,94,304819
7137,0.002221,172.31.47.0-255,66,171190,94,304819
7138,0.002239,74.125.24.0-255,4320,175510,94,304819
7139,0.002241,172.31.47.0-255,66,175576,94,304819
7140,0.002259,172.31.47.0-255,66,175642,94,304819
7141,0.002271,172.31.47.0-255,66,175708,94,304819
7142,0.002274,74.125.24.0-255,2902,178610,94,304819
7143,0.002276,172.31.47.0-255,66,178676,94,304819
7144,0.002306,172.31.47.0-255,66,178742,94,304819
7145,0.002312,74.125.24.0-255,7156,185898,94,304819
7146,0.002314,172.31.47.0-255,66,185964,94,304819
7147,0.002336,172.31.47.0-255,66,186030,94,304819
7148,0.002358,74.125.24.0-255,2902,188932,94,304819
7149,0.002359,172.31.47.0-255,66,188998,94,304819
7150,0.002363,74.125.24.0-255,2184,191182,94,304819
7151,0.002365,172.31.47.0-255,66,191248,94,304819
7152,0.004698,74.125.24.0-255,4320,195568,94,304819
7153,0.004705,172.31.47.0-255,66,195634,94,304819
7154,0.004722,74.125.24.0-255,1484,197118,94,304819
7155,0.007027,74.125.24.0-255,4320,201438,94,304819
7156,0.007034,172.31.47.0-255,66,201504,94,304819
7157,0.009345,74.125.24.0-255,5738,207242,94,304819
7158,0.009351,172.31.47.0-255,66,207308,94,304819
7159,0.011673,74.125.24.0-255,5738,213046,94,304819
7160,0.011681,172.31.47.0-255,66,213112,94,304819
7161,0.013999,74.125.24.0-255,5738,218850,94,304819
7162,0.014006,172.31.47.0-255,66,218916,94,304819
7163,0.016318,74.125.24.0-255,5738,224654,94,304819
7164,0.016325,172.31.47.0-255,66,224720,94,304819
7165,0.018628,74.125.24.0-255,5738,230458,94,304819
7166,0.018638,172.31.47.0-255,66,230524,94,304819
7167,0.020956,74.125.24.0-255,5738,236262,94,304819
7168,0.020962,172.31.47.0-255,66,236328,94,304819
7169,0.023282,74.125.24.0-255,5738,242066,94,304819
7170,0.023288,172.31.47.0-255,66,242132,94,304819
7171,0.02558,74.125.24.0-255,5738,247870,94,304819
7172,0.025585,172.31.47.0-255,66,247936,94,304819
7173,0.026294,172.31.47.0-255,172,248108,94,304819
7174,0.026321,172.31.47.0-255,1116,249224,94,304819
7175,0.026389,172.31.47.0-255,1514,250738,94,304819
7176,0.02639,172.31.47.0-255,329,251067,94,304819
7177,0.027838,104.244.42.0-255,66,251133,94,304819
7178,0.027868,104.244.42.0-255,66,251199,94,304819
7179,0.027894,74.125.24.0-255,5738,256937,94,304819
7180,0.027898,172.31.47.0-255,66,257003,94,304819
7181,0.02796,104.244.42.0-255,66,257069,94,304819
7182,0.0302,74.125.24.0-255,5738,262807,94,304819
7183,0.030207,172.31.47.0-255,66,262873,94,304819
7184,0.032549,74.125.24.0-255,5738,268611,94,304819
7185,0.032554,172.31.47.0-255,66,268677,94,304819
7186,0.03485,74.125.24.0-255,5738,274415,94,304819
7187,0.034855,172.31.47.0-255,66,274481,94,304819
7188,0.037174,74.125.24.0-255,5738,280219,94,304819
7189,0.03718,172.31.47.0-255,66,280285,94,304819
7190,0.0395,74.125.24.0-255,5738,286023,94,304819
7191,0.039505,172.31.47.0-255,66,286089,94,304819
7192,0.04182,74.125.24.0-255,5738,291827,94,304819
7193,0.041825,172.31.47.0-255,66,291893,94,304819
7194,0.044149,74.125.24.0-255,5738,297631,94,304819
7195,0.044158,172.31.47.0-255,66,297697,94,304819
7196,0.04651,74.125.24.0-255,5738,303435,94,304819
7197,0.046517,172.31.47.0-255,66,303501,94,304819
7198,0.048822,74.125.24.0-255,1081,304582,94,304819
7199,0.048963,172.31.47.0-255,66,304648,94,304819
7200,0.048999,172.31.47.0-255,105,304753,94,304819
7201,0.051269,74.125.24.0-255,66,304819,94,304819
7202,0.0,172.31.47.0-255,105,105,94,276
7203,0.001749,157.240.7.0-255,105,210,94,276
7204,0.001761,172.31.47.0-255,66,276,94,276
7205,0.0,172.31.47.0-255,105,105,94,276
7206,0.001847,157.240.7.0-255,105,210,94,276
7207,0.001859,172.31.47.0-255,66,276,94,276
7208,0.0,74.125.24.0-255,153,153,94,273932
7209,3.1e-05,172.31.47.0-255,66,219,94,273932
7210,3.8e-05,74.125.24.0-255,1484,1703,94,273932
7211,4.3e-05,172.31.47.0-255,66,1769,94,273932
7212,5.5e-05,74.125.24.0-255,2902,4671,94,273932
7213,5.9e-05,172.31.47.0-255,66,4737,94,273932
7214,6.6e-05,74.125.24.0-255,7156,11893,94,273932
7215,6.8e-05,172.31.47.0-255,66,11959,94,273932
7216,7.2e-05,74.125.24.0-255,2099,14058,94,273932
7217,7.4e-05,172.31.47.0-255,66,14124,94,273932
7218,0.000108,74.125.24.0-255,2902,17026,94,273932
7219,0.000111,172.31.47.0-255,66,17092,94,273932
7220,0.000118,74.125.24.0-255,7156,24248,94,273932
7221,0.00012,172.31.47.0-255,66,24314,94,273932
7222,0.000146,74.125.24.0-255,1484,25798,94,273932
7223,0.000149,172.31.47.0-255,66,25864,94,273932
7224,0.000175,74.125.24.0-255,5379,31243,94,273932
7225,0.000178,172.31.47.0-255,66,31309,94,273932
7226,0.000268,74.125.24.0-255,1484,32793,94,273932
7227,0.000272,172.31.47.0-255,66,32859,94,273932
7228,0.000278,74.125.24.0-255,2902,35761,94,273932
7229,0.000282,172.31.47.0-255,66,35827,94,273932
7230,0.000307,74.125.24.0-255,5738,41565,94,273932
7231,0.000311,172.31.47.0-255,66,41631,94,273932
7232,0.00034,74.125.24.0-255,6797,48428,94,273932
7233,0.000344,172.31.47.0-255,66,48494,94,273932
7234,0.000855,74.125.24.0-255,1484,49978,94,273932
7235,0.00086,172.31.47.0-255,66,50044,94,273932
7236,0.00087,74.125.24.0-255,2902,52946,94,273932
7237,0.000873,172.31.47.0-255,66,53012,94,273932
7238,0.000887,74.125.24.0-255,5738,58750,94,273932
7239,0.00089,172.31.47.0-255,66,58816,94,273932
7240,0.000894,74.125.24.0-255,2902,61718,94,273932
7241,0.000896,172.31.47.0-255,66,61784,94,273932
7242,0.000929,74.125.24.0-255,3961,65745,94,273932
7243,0.000933,172.31.47.0-255,66,65811,94,273932
7244,0.000983,74.125.24.0-255,1484,67295,94,273932
7245,0.001001,74.125.24.0-255,2902,70197,94,273932
7246,0.001004,172.31.47.0-255,66,70263,94,273932
7247,0.001034,74.125.24.0-255,5738,76001,94,273932
7248,0.001036,172.31.47.0-255,66,76067,94,273932
7249,0.001043,74.125.24.0-255,6797,82864,94,273932
7250,0.001046,172.31.47.0-255,66,82930,94,273932
7251,0.001077,74.125.24.0-255,646,83576,94,273932
7252,0.003395,74.125.24.0-255,4320,87896,94,273932
7253,0.003401,172.31.47.0-255,66,87962,94,273932
7254,0.005767,74.125.24.0-255,5738,93700,94,273932
7255,0.005771,172.31.47.0-255,66,93766,94,273932
7256,0.008139,74.125.24.0-255,5738,99504,94,273932
7257,0.008147,172.31.47.0-255,66,99570,94,273932
7258,0.010506,74.125.24.0-255,5738,105308,94,273932
7259,0.010514,172.31.47.0-255,66,105374,94,273932
7260,0.012883,74.125.24.0-255,5738,111112,94,273932
7261,0.012893,172.31.47.0-255,66,111178,94,273932
7262,0.015265,74.125.24.0-255,4320,115498,94,273932
7263,0.015274,172.31.47.0-255,66,115564,94,273932
7264,0.015303,74.125.24.0-255,1484,117048,94,273932
7265,0.017672,74.125.24.0-255,4320,121368,94,273932
7266,0.017679,172.31.47.0-255,66,121434,94,273932
7267,0.020041,172.31.47.0-255,172,121606,94,273932
7268,0.020045,74.125.24.0-255,5738,127344,94,273932
7269,0.020049,172.31.47.0-255,66,127410,94,273932
7270,0.020074,172.31.47.0-255,1108,128518,94,273932
7271,0.0202,172.31.47.0-255,1514,130032,94,273932
7272,0.020204,172.31.47.0-255,1296,131328,94,273932
7273,0.021597,104.244.42.0-255,66,131394,94,273932
7274,0.021636,104.244.42.0-255,66,131460,94,273932
7275,0.021795,104.244.42.0-255,66,131526,94,273932
7276,0.022343,104.244.42.0-255,108,131634,94,273932
7277,0.022347,172.31.47.0-255,66,131700,94,273932
7278,0.022392,74.125.24.0-255,2902,134602,94,273932
7279,0.022396,172.31.47.0-255,66,134668,94,273932
7280,0.022425,74.125.24.0-255,2902,137570,94,273932
7281,0.022429,172.31.47.0-255,66,137636,94,273932
7282,0.024749,74.125.24.0-255,2902,140538,94,273932
7283,0.024755,172.31.47.0-255,66,140604,94,273932
7284,0.024789,74.125.24.0-255,1484,142088,94,273932
7285,0.024802,74.125.24.0-255,1484,143572,94,273932
7286,0.024805,172.31.47.0-255,66,143638,94,273932
7287,0.027132,74.125.24.0-255,1484,145122,94,273932
7288,0.027157,74.125.24.0-255,4320,149442,94,273932
7289,0.027161,172.31.47.0-255,66,149508,94,273932
7290,0.029509,74.125.24.0-255,5738,155246,94,273932
7291,0.029515,172.31.47.0-255,66,155312,94,273932
7292,0.031865,74.125.24.0-255,5738,161050,94,273932
7293,0.031869,172.31.47.0-255,66,161116,94,273932
7294,0.034192,74.125.24.0-255,5738,166854,94,273932
7295,0.034198,172.31.47.0-255,66,166920,94,273932
7296,0.036514,74.125.24.0-255,5738,172658,94,273932
7297,0.036519,172.31.47.0-255,66,172724,94,273932
7298,0.038872,74.125.24.0-255,5738,178462,94,273932
7299,0.038878,172.31.47.0-255,66,178528,94,273932
7300,0.041244,74.125.24.0-255,5738,184266,94,273932
7301,0.04125,172.31.47.0-255,66,184332,94,273932
7302,0.043611,74.125.24.0-255,5738,190070,94,273932
7303,0.043615,172.31.47.0-255,66,190136,94,273932
7304,0.045948,74.125.24.0-255,4320,194456,94,273932
7305,0.045952,172.31.47.0-255,66,194522,94,273932
7306,0.04599,74.125.24.0-255,1484,196006,94,273932
7307,0.048288,74.125.24.0-255,4320,200326,94,273932
7308,0.048294,172.31.47.0-255,66,200392,94,273932
7309,0.050642,74.125.24.0-255,4320,204712,94,273932
7310,0.050647,172.31.47.0-255,66,204778,94,273932
7311,0.050679,74.125.24.0-255,1484,206262,94,273932
7312,0.052996,74.125.24.0-255,4320,210582,94,273932
7313,0.053002,172.31.47.0-255,66,210648,94,273932
7314,0.055349,74.125.24.0-255,5738,216386,94,273932
7315,0.055354,172.31.47.0-255,66,216452,94,273932
7316,0.057715,74.125.24.0-255,4320,220772,94,273932
7317,0.05772,172.31.47.0-255,66,220838,94,273932
7318,0.05775,74.125.24.0-255,1484,222322,94,273932
7319,0.060077,74.125.24.0-255,4320,226642,94,273932
7320,0.060082,172.31.47.0-255,66,226708,94,273932
7321,0.062434,74.125.24.0-255,5738,232446,94,273932
7322,0.062438,172.31.47.0-255,66,232512,94,273932
7323,0.064787,74.125.24.0-255,5738,238250,94,273932
7324,0.064791,172.31.47.0-255,66,238316,94,273932
7325,0.067132,74.125.24.0-255,2902,241218,94,273932
7326,0.067138,172.31.47.0-255,66,241284,94,273932
7327,0.067169,74.125.24.0-255,2902,244186,94,273932
7328,0.067172,172.31.47.0-255,66,244252,94,273932
7329,0.069487,74.125.24.0-255,2902,247154,94,273932
7330,0.069492,172.31.47.0-255,66,247220,94,273932
7331,0.06953,74.125.24.0-255,2902,250122,94,273932
7332,0.069532,172.31.47.0-255,66,250188,94,273932
7333,0.071863,74.125.24.0-255,2902,253090,94,273932
7334,0.07187,172.31.47.0-255,66,253156,94,273932
7335,0.071897,74.125.24.0-255,2902,256058,94,273932
7336,0.0719,172.31.47.0-255,66,256124,94,273932
7337,0.074232,74.125.24.0-255,2902,259026,94,273932
7338,0.074253,172.31.47.0-255,66,259092,94,273932
7339,0.074299,74.125.24.0-255,2902,261994,94,273932
7340,0.074303,172.31.47.0-255,66,262060,94,273932
7341,0.076629,74.125.24.0-255,2902,264962,94,273932
7342,0.076643,172.31.47.0-255,66,265028,94,273932
7343,0.076696,74.125.24.0-255,2902,267930,94,273932
7344,0.076699,172.31.47.0-255,66,267996,94,273932
7345,0.078986,74.125.24.0-255,2902,270898,94,273932
7346,0.079002,172.31.47.0-255,66,270964,94,273932
7347,0.079053,74.125.24.0-255,2902,273866,94,273932
7348,0.079056,172.31.47.0-255,66,273932,94,273932
7349,0.0,172.217.26.0-255,153,153,94,296994
7350,2.8e-05,172.31.47.0-255,66,219,94,296994
7351,3.4e-05,172.217.26.0-255,1484,1703,94,296994
7352,3.7e-05,172.31.47.0-255,66,1769,94,296994
7353,4.1e-05,172.217.26.0-255,2902,4671,94,296994
7354,4.3e-05,172.31.47.0-255,66,4737,94,296994
7355,4.8e-05,172.217.26.0-255,4320,9057,94,296994
7356,4.9e-05,172.31.47.0-255,66,9123,94,296994
7357,8.5e-05,172.217.26.0-255,4320,13443,94,296994
7358,8.7e-05,172.31.47.0-255,66,13509,94,296994
7359,9.7e-05,172.217.26.0-255,531,14040,94,296994
7360,9.9e-05,172.31.47.0-255,66,14106,94,296994
7361,0.000142,172.217.26.0-255,1484,15590,94,296994
7362,0.000146,172.31.47.0-255,66,15656,94,296994
7363,0.00015,172.217.26.0-255,2902,18558,94,296994
7364,0.000152,172.31.47.0-255,66,18624,94,296994
7365,0.000155,172.217.26.0-255,1484,20108,94,296994
7366,0.000156,172.31.47.0-255,66,20174,94,296994
7367,0.00017,172.217.26.0-255,4320,24494,94,296994
7368,0.000172,172.31.47.0-255,66,24560,94,296994
7369,0.000188,172.217.26.0-255,5738,30298,94,296994
7370,0.00019,172.31.47.0-255,66,30364,94,296994
7371,0.000206,172.217.26.0-255,1125,31489,94,296994
7372,0.000207,172.31.47.0-255,66,31555,94,296994
7373,0.000289,172.217.26.0-255,1484,33039,94,296994
7374,0.000293,172.31.47.0-255,66,33105,94,296994
7375,0.000296,172.217.26.0-255,1484,34589,94,296994
7376,0.000298,172.31.47.0-255,66,34655,94,296994
7377,0.000322,172.217.26.0-255,1484,36139,94,296994
7378,0.000324,172.31.47.0-255,66,36205,94,296994
7379,0.00033,172.217.26.0-255,5738,41943,94,296994
7380,0.000332,172.31.47.0-255,66,42009,94,296994
7381,0.000336,172.217.26.0-255,2902,44911,94,296994
7382,0.000338,172.31.47.0-255,66,44977,94,296994
7383,0.000365,172.217.26.0-255,3961,48938,94,296994
7384,0.000367,172.31.47.0-255,66,49004,94,296994
7385,0.000385,172.217.26.0-255,1484,50488,94,296994
7386,0.000388,172.31.47.0-255,66,50554,94,296994
7387,0.000391,172.217.26.0-255,1484,52038,94,296994
7388,0.000405,172.217.26.0-255,1484,53522,94,296994
7389,0.000408,172.31.47.0-255,66,53588,94,296994
7390,0.000415,172.217.26.0-255,5738,59326,94,296994
7391,0.000425,172.31.47.0-255,66,59392,94,296994
7392,0.000443,172.217.26.0-255,1484,60876,94,296994
7393,0.000466,172.217.26.0-255,5379,66255,94,296994
7394,0.000469,172.217.26.0-255,396,66651,94,296994
7395,0.00047,172.31.47.0-255,66,66717,94,296994
7396,0.000684,172.31.47.0-255,66,66783,94,296994
7397,0.000996,172.217.26.0-255,349,67132,94,296994
7398,0.001132,172.217.26.0-255,1484,68616,94,296994
7399,0.001137,172.31.47.0-255,66,68682,94,296994
7400,0.001142,172.217.26.0-255,2902,71584,94,296994
7401,0.001144,172.31.47.0-255,66,71650,94,296994
7402,0.001158,172.217.26.0-255,4320,75970,94,296994
7403,0.001171,172.217.26.0-255,2902,78872,94,296994
7404,0.001188,172.217.26.0-255,6797,85669,94,296994
7405,0.001223,172.217.26.0-255,2902,88571,94,296994
7406,0.00124,172.217.26.0-255,2543,91114,94,296994
7407,0.005689,172.31.47.0-255,66,91180,94,296994
7408,0.007692,172.217.26.0-255,5738,96918,94,296994
7409,0.007699,172.31.47.0-255,66,96984,94,296994
7410,0.009679,172.217.26.0-255,2902,99886,94,296994
7411,0.0097,172.217.26.0-255,2902,102788,94,296994
7412,0.011996,172.31.47.0-255,66,102854,94,296994
7413,0.014011,172.217.26.0-255,5738,108592,94,296994
7414,0.014021,172.31.47.0-255,66,108658,94,296994
7415,0.016013,172.217.26.0-255,5738,114396,94,296994
7416,0.016019,172.31.47.0-255,66,114462,94,296994
7417,0.018018,172.217.26.0-255,5738,120200,94,296994
7418,0.018025,172.31.47.0-255,66,120266,94,296994
7419,0.020008,172.217.26.0-255,5738,126004,94,296994
7420,0.020014,172.31.47.0-255,66,126070,94,296994
7421,0.0203,172.31.47.0-255,172,126242,94,296994
7422,0.020341,172.31.47.0-255,1116,127358,94,296994
7423,0.020419,172.31.47.0-255,1514,128872,94,296994
7424,0.020421,172.31.47.0-255,1288,130160,94,296994
7425,0.021851,104.244.42.0-255,66,130226,94,296994
7426,0.021887,104.244.42.0-255,66,130292,94,296994
7427,0.021989,104.244.42.0-255,66,130358,94,296994
7428,0.021993,172.217.26.0-255,4320,134678,94,296994
7429,0.021996,172.31.47.0-255,66,134744,94,296994
7430,0.022022,172.217.26.0-255,1484,136228,94,296994
7431,0.023968,172.217.26.0-255,4320,140548,94,296994
7432,0.023973,172.31.47.0-255,66,140614,94,296994
7433,0.025956,172.217.26.0-255,5738,146352,94,296994
7434,0.026003,172.31.47.0-255,66,146418,94,296994
7435,0.027987,172.217.26.0-255,5738,152156,94,296994
7436,0.027992,172.31.47.0-255,66,152222,94,296994
7437,0.029979,172.217.26.0-255,5738,157960,94,296994
7438,0.029984,172.31.47.0-255,66,158026,94,296994
7439,0.031952,172.217.26.0-255,1484,159510,94,296994
7440,0.031957,172.31.47.0-255,66,159576,94,296994
7441,0.031984,172.217.26.0-255,4320,163896,94,296994
7442,0.032294,172.31.47.0-255,66,163962,94,296994
7443,0.033938,172.217.26.0-255,1484,165446,94,296994
7444,0.033945,172.31.47.0-255,66,165512,94,296994
7445,0.034282,172.217.26.0-255,4320,169832,94,296994
7446,0.034334,172.31.47.0-255,66,169898,94,296994
7447,0.035911,172.217.26.0-255,1484,171382,94,296994
7448,0.036322,172.217.26.0-255,4320,175702,94,296994
7449,0.036328,172.31.47.0-255,66,175768,94,296994
7450,0.038318,172.217.26.0-255,5738,181506,94,296994
7451,0.038372,172.31.47.0-255,66,181572,94,296994
7452,0.040348,172.217.26.0-255,4320,185892,94,296994
7453,0.040354,172.31.47.0-255,66,185958,94,296994
7454,0.040378,172.217.26.0-255,1484,187442,94,296994
7455,0.042333,172.217.26.0-255,4320,191762,94,296994
7456,0.042338,172.31.47.0-255,66,191828,94,296994
7457,0.044315,172.217.26.0-255,5738,197566,94,296994
7458,0.044359,172.31.47.0-255,66,197632,94,296994
7459,0.046362,172.217.26.0-255,5738,203370,94,296994
7460,0.046366,172.31.47.0-255,66,203436,94,296994
7461,0.048343,172.217.26.0-255,4320,207756,94,296994
7462,0.048348,172.31.47.0-255,66,207822,94,296994
7463,0.048371,172.217.26.0-255,1484,209306,94,296994
7464,0.050321,172.217.26.0-255,4320,213626,94,296994
7465,0.050326,172.31.47.0-255,66,213692,94,296994
7466,0.052309,172.217.26.0-255,2902,216594,94,296994
7467,0.052314,172.31.47.0-255,66,216660,94,296994
7468,0.052342,172.217.26.0-255,2902,219562,94,296994
7469,0.052362,172.31.47.0-255,66,219628,94,296994
7470,0.054291,172.217.26.0-255,2902,222530,94,296994
7471,0.054295,172.31.47.0-255,66,222596,94,296994
7472,0.05435,172.217.26.0-255,1484,224080,94,296994
7473,0.054367,172.217.26.0-255,1484,225564,94,296994
7474,0.054374,172.31.47.0-255,66,225630,94,296994
7475,0.056296,172.217.26.0-255,2902,228532,94,296994
7476,0.0563,172.31.47.0-255,66,228598,94,296994
7477,0.056387,172.217.26.0-255,1484,230082,94,296994
7478,0.056398,172.217.26.0-255,1484,231566,94,296994
7479,0.056401,172.31.47.0-255,66,231632,94,296994
7480,0.058309,172.217.26.0-255,2902,234534,94,296994
7481,0.058314,172.31.47.0-255,66,234600,94,296994
7482,0.058376,172.217.26.0-255,2902,237502,94,296994
7483,0.058382,172.31.47.0-255,66,237568,94,296994
7484,0.060324,172.217.26.0-255,2902,240470,94,296994
7485,0.06033,172.31.47.0-255,66,240536,94,296994
7486,0.060398,172.217.26.0-255,2902,243438,94,296994
7487,0.06042,172.31.47.0-255,66,243504,94,296994
7488,0.062313,172.217.26.0-255,2902,246406,94,296994
7489,0.062318,172.31.47.0-255,66,246472,94,296994
7490,0.062394,172.217.26.0-255,2902,249374,94,296994
7491,0.062409,172.31.47.0-255,66,249440,94,296994
7492,0.06429,172.217.26.0-255,2902,252342,94,296994
7493,0.064294,172.31.47.0-255,66,252408,94,296994
7494,0.064383,172.217.26.0-255,2902,255310,94,296994
7495,0.064387,172.31.47.0-255,66,255376,94,296994
7496,0.066271,172.217.26.0-255,2902,258278,94,296994
7497,0.066276,172.31.47.0-255,66,258344,94,296994
7498,0.066364,172.217.26.0-255,2902,261246,94,296994
7499,0.066368,172.31.47.0-255,66,261312,94,296994
7500,0.068254,172.217.26.0-255,2902,264214,94,296994
7501,0.068259,172.31.47.0-255,66,264280,94,296994
7502,0.068337,172.217.26.0-255,2902,267182,94,296994
7503,0.068342,172.31.47.0-255,66,267248,94,296994
7504,0.070238,172.217.26.0-255,2902,270150,94,296994
7505,0.070242,172.31.47.0-255,66,270216,94,296994
7506,0.070323,172.217.26.0-255,2902,273118,94,296994
7507,0.070326,172.31.47.0-255,66,273184,94,296994
7508,0.072225,172.217.26.0-255,2902,276086,94,296994
7509,0.072229,172.31.47.0-255,66,276152,94,296994
7510,0.072286,172.217.26.0-255,2902,279054,94,296994
7511,0.072298,172.31.47.0-255,66,279120,94,296994
7512,0.074218,172.217.26.0-255,2902,282022,94,296994
7513,0.074223,172.31.47.0-255,66,282088,94,296994
7514,0.07426,172.217.26.0-255,2902,284990,94,296994
7515,0.074278,172.31.47.0-255,66,285056,94,296994
7516,0.076202,172.217.26.0-255,2902,287958,94,296994
7517,0.076207,172.31.47.0-255,66,288024,94,296994
7518,0.076258,172.217.26.0-255,1484,289508,94,296994
7519,0.076275,172.217.26.0-255,1484,290992,94,296994
7520,0.076288,172.31.47.0-255,66,291058,94,296994
7521,0.078179,172.217.26.0-255,2902,293960,94,296994
7522,0.078184,172.31.47.0-255,66,294026,94,296994
7523,0.078251,172.217.26.0-255,2902,296928,94,296994
7524,0.078259,172.31.47.0-255,66,296994,94,296994
7525,0.0,74.125.130.0-255,152,152,94,332424
7526,3.7e-05,172.31.47.0-255,66,218,94,332424
7527,4.4e-05,74.125.130.0-255,1484,1702,94,332424
7528,4.8e-05,172.31.47.0-255,66,1768,94,332424
7529,6.1e-05,74.125.130.0-255,2902,4670,94,332424
7530,6.4e-05,172.31.47.0-255,66,4736,94,332424
7531,7.1e-05,74.125.130.0-255,7156,11892,94,332424
7532,7.4e-05,172.31.47.0-255,66,11958,94,332424
7533,7.7e-05,74.125.130.0-255,2127,14085,94,332424
7534,8e-05,172.31.47.0-255,66,14151,94,332424
7535,0.000177,74.125.130.0-255,1484,15635,94,332424
7536,0.000183,172.31.47.0-255,66,15701,94,332424
7537,0.000188,74.125.130.0-255,2902,18603,94,332424
7538,0.00019,172.31.47.0-255,66,18669,94,332424
7539,0.000224,74.125.130.0-255,5738,24407,94,332424
7540,0.000228,172.31.47.0-255,66,24473,94,332424
7541,0.000234,74.125.130.0-255,4320,28793,94,332424
7542,0.000237,172.31.47.0-255,66,28859,94,332424
7543,0.000274,74.125.130.0-255,2543,31402,94,332424
7544,0.000277,172.31.47.0-255,66,31468,94,332424
7545,0.000644,74.125.130.0-255,1484,32952,94,332424
7546,0.000648,172.31.47.0-255,66,33018,94,332424
7547,0.000655,74.125.130.0-255,2902,35920,94,332424
7548,0.000657,172.31.47.0-255,66,35986,94,332424
7549,0.000686,74.125.130.0-255,4320,40306,94,332424
7550,0.000689,172.31.47.0-255,66,40372,94,332424
7551,0.000718,74.125.130.0-255,5738,46110,94,332424
7552,0.000721,172.31.47.0-255,66,46176,94,332424
7553,0.000737,74.125.130.0-255,2543,48719,94,332424
7554,0.00074,172.31.47.0-255,66,48785,94,332424
7555,0.000766,74.125.130.0-255,2902,51687,94,332424
7556,0.000768,172.31.47.0-255,66,51753,94,332424
7557,0.000791,74.125.130.0-255,2902,54655,94,332424
7558,0.000794,172.31.47.0-255,66,54721,94,332424
7559,0.000823,74.125.130.0-255,4320,59041,94,332424
7560,0.000826,172.31.47.0-255,66,59107,94,332424
7561,0.000855,74.125.130.0-255,5738,64845,94,332424
7562,0.000857,172.31.47.0-255,66,64911,94,332424
7563,0.000879,74.125.130.0-255,1413,66324,94,332424
7564,0.000955,74.125.130.0-255,1484,67808,94,332424
7565,0.000958,172.31.47.0-255,66,67874,94,332424
7566,0.000972,74.125.130.0-255,2902,70776,94,332424
7567,0.000978,172.31.47.0-255,66,70842,94,332424
7568,0.000981,74.125.130.0-255,1484,72326,94,332424
7569,0.001002,74.125.130.0-255,2902,75228,94,332424
7570,0.001005,172.31.47.0-255,66,75294,94,332424
7571,0.001029,74.125.130.0-255,5738,81032,94,332424
7572,0.001032,172.31.47.0-255,66,81098,94,332424
7573,0.001035,74.125.130.0-255,1484,82582,94,332424
7574,0.001083,74.125.130.0-255,1403,83985,94,332424
7575,0.001086,172.31.47.0-255,66,84051,94,332424
7576,0.001242,74.125.130.0-255,1484,85535,94,332424
7577,0.001254,74.125.130.0-255,1484,87019,94,332424
7578,0.001256,172.31.47.0-255,66,87085,94,332424
7579,0.001264,74.125.130.0-255,1484,88569,94,332424
7580,0.001283,74.125.130.0-255,1484,90053,94,332424
7581,0.001284,172.31.47.0-255,66,90119,94,332424
7582,0.001299,74.125.130.0-255,4320,94439,94,332424
7583,0.001304,172.31.47.0-255,66,94505,94,332424
7584,0.00131,74.125.130.0-255,7156,101661,94,332424
7585,0.001336,74.125.130.0-255,1484,103145,94,332424
7586,0.001358,74.125.130.0-255,5738,108883,94,332424
7587,0.001372,74.125.130.0-255,2902,111785,94,332424
7588,0.001391,74.125.130.0-255,5738,117523,94,332424
7589,0.001393,74.125.130.0-255,766,118289,94,332424
7590,0.001418,74.125.130.0-255,1484,119773,94,332424
7591,0.001435,74.125.130.0-255,1484,121257,94,332424
7592,0.001449,74.125.130.0-255,2902,124159,94,332424
7593,0.001475,74.125.130.0-255,4320,128479,94,332424
7594,0.001484,74.125.130.0-255,1484,129963,94,332424
7595,0.0015,74.125.130.0-255,1484,131447,94,332424
7596,0.001534,74.125.130.0-255,1484,132931,94,332424
7597,0.001557,74.125.130.0-255,1484,134415,94,332424
7598,0.001562,74.125.130.0-255,5738,140153,94,332424
7599,0.001566,74.125.130.0-255,2902,143055,94,332424
7600,0.001587,74.125.130.0-255,4320,147375,94,332424
7601,0.001641,74.125.130.0-255,6438,153813,94,332424
7602,0.001648,74.125.130.0-255,7156,160969,94,332424
7603,0.002498,74.125.130.0-255,1484,162453,94,332424
7604,0.005781,172.31.47.0-255,66,162519,94,332424
7605,0.008274,74.125.130.0-255,5738,168257,94,332424
7606,0.00829,172.31.47.0-255,66,168323,94,332424
7607,0.010772,74.125.130.0-255,5738,174061,94,332424
7608,0.01079,172.31.47.0-255,66,174127,94,332424
7609,0.013278,74.125.130.0-255,5738,179865,94,332424
7610,0.013298,172.31.47.0-255,66,179931,94,332424
7611,0.015781,74.125.130.0-255,5738,185669,94,332424
7612,0.015799,172.31.47.0-255,66,185735,94,332424
7613,0.018277,74.125.130.0-255,5738,191473,94,332424
7614,0.018293,172.31.47.0-255,66,191539,94,332424
7615,0.02078,74.125.130.0-255,5738,197277,94,332424
7616,0.020802,172.31.47.0-255,66,197343,94,332424
7617,0.023288,74.125.130.0-255,5738,203081,94,332424
7618,0.02331,172.31.47.0-255,66,203147,94,332424
7619,0.025779,74.125.130.0-255,5738,208885,94,332424
7620,0.025786,172.31.47.0-255,66,208951,94,332424
7621,0.027219,172.31.47.0-255,176,209127,94,332424
7622,0.027253,172.31.47.0-255,1116,210243,94,332424
7623,0.027287,172.31.47.0-255,1514,211757,94,332424
7624,0.02729,172.31.47.0-255,1289,213046,94,332424
7625,0.028242,74.125.130.0-255,5738,218784,94,332424
7626,0.028253,172.31.47.0-255,66,218850,94,332424
7627,0.028777,104.244.42.0-255,66,218916,94,332424
7628,0.028814,104.244.42.0-255,66,218982,94,332424
7629,0.02886,104.244.42.0-255,66,219048,94,332424
7630,0.030726,74.125.130.0-255,4320,223368,94,332424
7631,0.030735,172.31.47.0-255,66,223434,94,332424
7632,0.03077,74.125.130.0-255,1484,224918,94,332424
7633,0.0332,74.125.130.0-255,2902,227820,94,332424
7634,0.03321,172.31.47.0-255,66,227886,94,332424
7635,0.033243,74.125.130.0-255,1484,229370,94,332424
7636,0.035673,74.125.130.0-255,4320,233690,94,332424
7637,0.035686,172.31.47.0-255,66,233756,94,332424
7638,0.038158,74.125.130.0-255,5738,239494,94,332424
7639,0.038172,172.31.47.0-255,66,239560,94,332424
7640,0.040652,74.125.130.0-255,5738,245298,94,332424
7641,0.040667,172.31.47.0-255,66,245364,94,332424
7642,0.043137,74.125.130.0-255,5738,251102,94,332424
7643,0.04315,172.31.47.0-255,66,251168,94,332424
7644,0.04562,74.125.130.0-255,5738,256906,94,332424
7645,0.045636,172.31.47.0-255,66,256972,94,332424
7646,0.048134,74.125.130.0-255,5738,262710,94,332424
7647,0.048145,172.31.47.0-255,66,262776,94,332424
7648,0.050629,74.125.130.0-255,5738,268514,94,332424
7649,0.050649,172.31.47.0-255,66,268580,94,332424
7650,0.053124,74.125.130.0-255,5738,274318,94,332424
7651,0.053139,172.31.47.0-255,66,274384,94,332424
7652,0.055621,74.125.130.0-255,5738,280122,94,332424
7653,0.055633,172.31.47.0-255,66,280188,94,332424
7654,0.058095,74.125.130.0-255,5738,285926,94,332424
7655,0.058108,172.31.47.0-255,66,285992,94,332424
7656,0.060567,74.125.130.0-255,5738,291730,94,332424
7657,0.060575,172.31.47.0-255,66,291796,94,332424
7658,0.063046,74.125.130.0-255,5738,297534,94,332424
7659,0.063057,172.31.47.0-255,66,297600,94,332424
7660,0.065522,74.125.130.0-255,5738,303338,94,332424
7661,0.06553,172.31.47.0-255,66,303404,94,332424
7662,0.068035,74.125.130.0-255,5738,309142,94,332424
7663,0.068051,172.31.47.0-255,66,309208,94,332424
7664,0.070517,74.125.130.0-255,5738,314946,94,332424
7665,0.070527,172.31.47.0-255,66,315012,94,332424
7666,0.073,74.125.130.0-255,5738,320750,94,332424
7667,0.07303,172.31.47.0-255,66,320816,94,332424
7668,0.075511,74.125.130.0-255,5738,326554,94,332424
7669,0.075522,172.31.47.0-255,66,326620,94,332424
7670,0.078014,74.125.130.0-255,5738,332358,94,332424
7671,0.078025,172.31.47.0-255,66,332424,94,332424
7672,0.0,172.253.118.0-255,153,153,94,235445
7673,2.1e-05,172.31.47.0-255,66,219,94,235445
7674,4.6e-05,172.253.118.0-255,1484,1703,94,235445
7675,5.1e-05,172.31.47.0-255,66,1769,94,235445
7676,5.6e-05,172.253.118.0-255,2902,4671,94,235445
7677,6e-05,172.31.47.0-255,66,4737,94,235445
7678,6.7e-05,172.253.118.0-255,7156,11893,94,235445
7679,7e-05,172.31.47.0-255,66,11959,94,235445
7680,8.2e-05,172.253.118.0-255,2160,14119,94,235445
7681,8.4e-05,172.31.47.0-255,66,14185,94,235445
7682,0.000145,172.253.118.0-255,1484,15669,94,235445
7683,0.000148,172.31.47.0-255,66,15735,94,235445
7684,0.000171,172.253.118.0-255,2902,18637,94,235445
7685,0.000173,172.31.47.0-255,66,18703,94,235445
7686,0.000178,172.253.118.0-255,4320,23023,94,235445
7687,0.000181,172.31.47.0-255,66,23089,94,235445
7688,0.00023,172.253.118.0-255,4320,27409,94,235445
7689,0.000233,172.31.47.0-255,66,27475,94,235445
7690,0.000259,172.253.118.0-255,3961,31436,94,235445
7691,0.000261,172.31.47.0-255,66,31502,94,235445
7692,0.000351,172.253.118.0-255,1484,32986,94,235445
7693,0.000356,172.31.47.0-255,66,33052,94,235445
7694,0.000362,172.253.118.0-255,2902,35954,94,235445
7695,0.000365,172.31.47.0-255,66,36020,94,235445
7696,0.000373,172.253.118.0-255,1484,37504,94,235445
7697,0.000375,172.31.47.0-255,66,37570,94,235445
7698,0.000403,172.253.118.0-255,4320,41890,94,235445
7699,0.000406,172.31.47.0-255,66,41956,94,235445
7700,0.000412,172.253.118.0-255,4320,46276,94,235445
7701,0.000414,172.31.47.0-255,66,46342,94,235445
7702,0.000442,172.253.118.0-255,7156,53498,94,235445
7703,0.000445,172.31.47.0-255,66,53564,94,235445
7704,0.000471,172.253.118.0-255,5379,58943,94,235445
7705,0.000473,172.31.47.0-255,66,59009,94,235445
7706,0.000481,172.253.118.0-255,7077,66086,94,235445
7707,0.000483,172.31.47.0-255,66,66152,94,235445
7708,0.000485,172.253.118.0-255,375,66527,94,235445
7709,0.000615,172.253.118.0-255,1484,68011,94,235445
7710,0.000619,172.31.47.0-255,66,68077,94,235445
7711,0.000624,172.253.118.0-255,2902,70979,94,235445
7712,0.000627,172.31.47.0-255,66,71045,94,235445
7713,0.00063,172.253.118.0-255,1484,72529,94,235445
7714,0.000658,172.253.118.0-255,4320,76849,94,235445
7715,0.000661,172.31.47.0-255,66,76915,94,235445
7716,0.000673,172.31.47.0-255,66,76981,94,235445
7717,0.000698,172.253.118.0-255,5379,82360,94,235445
7718,0.000701,172.31.47.0-255,66,82426,94,235445
7719,0.000713,172.31.47.0-255,66,82492,94,235445
7720,0.000954,172.253.118.0-255,1484,83976,94,235445
7721,0.000961,172.253.118.0-255,2902,86878,94,235445
7722,0.000964,172.31.47.0-255,66,86944,94,235445
7723,0.000969,172.253.118.0-255,2902,89846,94,235445
7724,0.000971,172.31.47.0-255,66,89912,94,235445
7725,0.000997,172.253.118.0-255,2902,92814,94,235445
7726,0.001,172.31.47.0-255,66,92880,94,235445
7727,0.001016,172.31.47.0-255,66,92946,94,235445
7728,0.001054,172.253.118.0-255,4320,97266,94,235445
7729,0.001057,172.31.47.0-255,66,97332,94,235445
7730,0.001093,172.31.47.0-255,66,97398,94,235445
7731,0.001256,172.253.118.0-255,1484,98882,94,235445
7732,0.001273,172.253.118.0-255,2902,101784,94,235445
7733,0.001277,172.31.47.0-255,66,101850,94,235445
7734,0.001284,172.253.118.0-255,5738,107588,94,235445
7735,0.001286,172.31.47.0-255,66,107654,94,235445
7736,0.001323,172.31.47.0-255,66,107720,94,235445
7737,0.001384,172.31.47.0-255,66,107786,94,235445
7738,0.001413,172.253.118.0-255,2184,109970,94,235445
7739,0.001416,172.31.47.0-255,66,110036,94,235445
7740,0.001452,172.253.118.0-255,1484,111520,94,235445
7741,0.001466,172.253.118.0-255,2902,114422,94,235445
7742,0.001472,172.253.118.0-255,5738,120160,94,235445
7743,0.001475,172.31.47.0-255,66,120226,94,235445
7744,0.001479,172.31.47.0-255,66,120292,94,235445
7745,0.00151,172.253.118.0-255,4320,124612,94,235445
7746,0.001512,172.31.47.0-255,66,124678,94,235445
7747,0.001549,172.31.47.0-255,66,124744,94,235445
7748,0.001554,172.253.118.0-255,2902,127646,94,235445
7749,0.001556,172.31.47.0-255,66,127712,94,235445
7750,0.001594,172.31.47.0-255,66,127778,94,235445
7751,0.001598,172.253.118.0-255,2902,130680,94,235445
7752,0.001604,172.31.47.0-255,66,130746,94,235445
7753,0.001633,172.253.118.0-255,2902,133648,94,235445
7754,0.001641,172.253.118.0-255,7156,140804,94,235445
7755,0.001656,172.31.47.0-255,66,140870,94,235445
7756,0.00167,172.31.47.0-255,66,140936,94,235445
7757,0.001689,172.253.118.0-255,5738,146674,94,235445
7758,0.001713,172.253.118.0-255,6438,153112,94,235445
7759,0.001764,172.31.47.0-255,66,153178,94,235445
7760,0.001772,172.253.118.0-255,7156,160334,94,235445
7761,0.001804,172.31.47.0-255,66,160400,94,235445
7762,0.001858,172.31.47.0-255,66,160466,94,235445
7763,0.001901,172.253.118.0-255,1484,161950,94,235445
7764,0.001918,172.31.47.0-255,66,162016,94,235445
7765,0.001945,172.31.47.0-255,66,162082,94,235445
7766,0.001973,172.253.118.0-255,1484,163566,94,235445
7767,0.001978,172.253.118.0-255,2902,166468,94,235445
7768,0.001992,172.253.118.0-255,2902,169370,94,235445
7769,0.001998,172.31.47.0-255,66,169436,94,235445
7770,0.00201,172.253.118.0-255,2902,172338,94,235445
7771,0.00202,172.253.118.0-255,5738,178076,94,235445
7772,0.002036,172.31.47.0-255,66,178142,94,235445
7773,0.002071,172.253.118.0-255,5020,183162,94,235445
7774,0.002091,172.31.47.0-255,66,183228,94,235445
7775,0.002156,172.253.118.0-255,1484,184712,94,235445
7776,0.00216,172.253.118.0-255,1484,186196,94,235445
7777,0.002176,172.253.118.0-255,1484,187680,94,235445
7778,0.002179,172.253.118.0-255,1484,189164,94,235445
7779,0.002184,172.31.47.0-255,66,189230,94,235445
7780,0.002209,172.253.118.0-255,4320,193550,94,235445
7781,0.002217,172.253.118.0-255,7156,200706,94,235445
7782,0.002232,172.253.118.0-255,5738,206444,94,235445
7783,0.002239,172.31.47.0-255,66,206510,94,235445
7784,0.002261,172.253.118.0-255,2184,208694,94,235445
7785,0.002284,172.31.47.0-255,66,208760,94,235445
7786,0.002293,172.253.118.0-255,2902,211662,94,235445
7787,0.002299,172.31.47.0-255,66,211728,94,235445
7788,0.002326,172.253.118.0-255,4320,216048,94,235445
7789,0.002329,172.253.118.0-255,1484,217532,94,235445
7790,0.002342,172.31.47.0-255,66,217598,94,235445
7791,0.002355,172.253.118.0-255,7156,224754,94,235445
7792,0.002357,172.253.118.0-255,1484,226238,94,235445
7793,0.00238,172.31.47.0-255,66,226304,94,235445
7794,0.002446,172.253.118.0-255,4320,230624,94,235445
7795,0.00245,172.253.118.0-255,189,230813,94,235445
7796,0.002493,172.253.118.0-255,105,230918,94,235445
7797,0.00832,172.31.47.0-255,66,230984,94,235445
7798,0.010589,172.31.47.0-255,105,231089,94,235445
7799,0.013131,172.253.118.0-255,66,231155,94,235445
7800,0.030519,172.31.47.0-255,172,231327,94,235445
7801,0.030551,172.31.47.0-255,1116,232443,94,235445
7802,0.030615,172.31.47.0-255,1514,233957,94,235445
7803,0.030617,172.31.47.0-255,1290,235247,94,235445
7804,0.032054,104.244.42.0-255,66,235313,94,235445
7805,0.032076,104.244.42.0-255,66,235379,94,235445
7806,0.032131,104.244.42.0-255,66,235445,94,235445
7807,0.0,74.125.68.0-255,152,152,94,392938
7808,3.3e-05,172.31.47.0-255,66,218,94,392938
7809,4e-05,74.125.68.0-255,1484,1702,94,392938
7810,4.4e-05,172.31.47.0-255,66,1768,94,392938
7811,4.9e-05,74.125.68.0-255,2902,4670,94,392938
7812,5.1e-05,172.31.47.0-255,66,4736,94,392938
7813,5.6e-05,74.125.68.0-255,4320,9056,94,392938
7814,5.8e-05,172.31.47.0-255,66,9122,94,392938
7815,8.1e-05,74.125.68.0-255,4320,13442,94,392938
7816,8.3e-05,172.31.47.0-255,66,13508,94,392938
7817,0.000107,74.125.68.0-255,4864,18372,94,392938
7818,0.00011,172.31.47.0-255,66,18438,94,392938
7819,0.000113,74.125.68.0-255,1484,19922,94,392938
7820,0.000115,172.31.47.0-255,66,19988,94,392938
7821,0.000119,74.125.68.0-255,2902,22890,94,392938
7822,0.000121,172.31.47.0-255,66,22956,94,392938
7823,0.000144,74.125.68.0-255,5738,28694,94,392938
7824,0.000147,172.31.47.0-255,66,28760,94,392938
7825,0.000192,74.125.68.0-255,2543,31303,94,392938
7826,0.000195,172.31.47.0-255,66,31369,94,392938
7827,0.00026,74.125.68.0-255,1484,32853,94,392938
7828,0.000265,172.31.47.0-255,66,32919,94,392938
7829,0.000278,74.125.68.0-255,2902,35821,94,392938
7830,0.000282,172.31.47.0-255,66,35887,94,392938
7831,0.000285,74.125.68.0-255,1484,37371,94,392938
7832,0.000286,172.31.47.0-255,66,37437,94,392938
7833,0.000313,74.125.68.0-255,4320,41757,94,392938
7834,0.000317,172.31.47.0-255,66,41823,94,392938
7835,0.00034,74.125.68.0-255,6797,48620,94,392938
7836,0.000345,172.31.47.0-255,66,48686,94,392938
7837,0.000359,74.125.68.0-255,4320,53006,94,392938
7838,0.000361,172.31.47.0-255,66,53072,94,392938
7839,0.000396,74.125.68.0-255,5738,58810,94,392938
7840,0.0004,172.31.47.0-255,66,58876,94,392938
7841,0.000405,74.125.68.0-255,5738,64614,94,392938
7842,0.000408,172.31.47.0-255,66,64680,94,392938
7843,0.00044,74.125.68.0-255,1482,66162,94,392938
7844,0.000469,74.125.68.0-255,328,66490,94,392938
7845,0.000472,172.31.47.0-255,66,66556,94,392938
7846,0.000534,74.125.68.0-255,1484,68040,94,392938
7847,0.000547,74.125.68.0-255,1484,69524,94,392938
7848,0.000549,172.31.47.0-255,66,69590,94,392938
7849,0.000563,74.125.68.0-255,2902,72492,94,392938
7850,0.000565,172.31.47.0-255,66,72558,94,392938
7851,0.000569,74.125.68.0-255,2902,75460,94,392938
7852,0.000571,172.31.47.0-255,66,75526,94,392938
7853,0.000587,74.125.68.0-255,2902,78428,94,392938
7854,0.00059,172.31.47.0-255,66,78494,94,392938
7855,0.000594,74.125.68.0-255,2902,81396,94,392938
7856,0.000595,172.31.47.0-255,66,81462,94,392938
7857,0.000613,74.125.68.0-255,2543,84005,94,392938
7858,0.000615,172.31.47.0-255,66,84071,94,392938
7859,0.000648,74.125.68.0-255,1484,85555,94,392938
7860,0.000667,74.125.68.0-255,2902,88457,94,392938
7861,0.000669,172.31.47.0-255,66,88523,94,392938
7862,0.00068,74.125.68.0-255,2902,91425,94,392938
7863,0.000683,172.31.47.0-255,66,91491,94,392938
7864,0.000698,74.125.68.0-255,2902,94393,94,392938
7865,0.0007,172.31.47.0-255,66,94459,94,392938
7866,0.000705,74.125.68.0-255,4320,98779,94,392938
7867,0.000707,172.31.47.0-255,66,98845,94,392938
7868,0.000723,74.125.68.0-255,1484,100329,94,392938
7869,0.000753,74.125.68.0-255,1125,101454,94,392938
7870,0.000756,172.31.47.0-255,66,101520,94,392938
7871,0.001104,74.125.68.0-255,1484,103004,94,392938
7872,0.001128,74.125.68.0-255,2902,105906,94,392938
7873,0.001132,172.31.47.0-255,66,105972,94,392938
7874,0.001155,74.125.68.0-255,5738,111710,94,392938
7875,0.001159,172.31.47.0-255,66,111776,94,392938
7876,0.001163,74.125.68.0-255,2902,114678,94,392938
7877,0.001165,172.31.47.0-255,66,114744,94,392938
7878,0.001169,74.125.68.0-255,4320,119064,94,392938
7879,0.00117,172.31.47.0-255,66,119130,94,392938
7880,0.001189,74.125.68.0-255,4320,123450,94,392938
7881,0.001191,172.31.47.0-255,66,123516,94,392938
7882,0.001206,74.125.68.0-255,4320,127836,94,392938
7883,0.001208,172.31.47.0-255,66,127902,94,392938
7884,0.001214,74.125.68.0-255,5738,133640,94,392938
7885,0.001215,172.31.47.0-255,66,133706,94,392938
7886,0.001238,74.125.68.0-255,590,134296,94,392938
7887,0.001277,74.125.68.0-255,1484,135780,94,392938
7888,0.00128,172.31.47.0-255,66,135846,94,392938
7889,0.001283,74.125.68.0-255,1484,137330,94,392938
7890,0.001297,74.125.68.0-255,2902,140232,94,392938
7891,0.001299,172.31.47.0-255,66,140298,94,392938
7892,0.001303,74.125.68.0-255,2902,143200,94,392938
7893,0.001304,172.31.47.0-255,66,143266,94,392938
7894,0.00133,74.125.68.0-255,4320,147586,94,392938
7895,0.001332,172.31.47.0-255,66,147652,94,392938
7896,0.001361,172.31.47.0-255,66,147718,94,392938
7897,0.001366,74.125.68.0-255,5738,153456,94,392938
7898,0.001368,172.31.47.0-255,66,153522,94,392938
7899,0.001378,74.125.68.0-255,1484,155006,94,392938
7900,0.001393,74.125.68.0-255,5020,160026,94,392938
7901,0.001395,172.31.47.0-255,66,160092,94,392938
7902,0.001577,74.125.68.0-255,1484,161576,94,392938
7903,0.001593,74.125.68.0-255,2902,164478,94,392938
7904,0.001598,172.31.47.0-255,66,164544,94,392938
7905,0.001604,74.125.68.0-255,4320,168864,94,392938
7906,0.001606,172.31.47.0-255,66,168930,94,392938
7907,0.001634,74.125.68.0-255,5738,174668,94,392938
7908,0.001637,172.31.47.0-255,66,174734,94,392938
7909,0.001668,172.31.47.0-255,66,174800,94,392938
7910,0.001673,74.125.68.0-255,4320,179120,94,392938
7911,0.001674,172.31.47.0-255,66,179186,94,392938
7912,0.001722,74.125.68.0-255,1484,180670,94,392938
7913,0.001731,74.125.68.0-255,2902,183572,94,392938
7914,0.001733,172.31.47.0-255,66,183638,94,392938
7915,0.00176,74.125.68.0-255,6438,190076,94,392938
7916,0.001762,172.31.47.0-255,66,190142,94,392938
7917,0.001771,172.31.47.0-255,66,190208,94,392938
7918,0.001776,74.125.68.0-255,5738,195946,94,392938
7919,0.001777,172.31.47.0-255,66,196012,94,392938
7920,0.001827,74.125.68.0-255,2902,198914,94,392938
7921,0.001829,172.31.47.0-255,66,198980,94,392938
7922,0.001848,74.125.68.0-255,6438,205418,94,392938
7923,0.00185,172.31.47.0-255,66,205484,94,392938
7924,0.001897,74.125.68.0-255,1484,206968,94,392938
7925,0.0019,74.125.68.0-255,2902,209870,94,392938
7926,0.001902,172.31.47.0-255,66,209936,94,392938
7927,0.001904,74.125.68.0-255,1484,211420,94,392938
7928,0.001928,74.125.68.0-255,4320,215740,94,392938
7929,0.001929,172.31.47.0-255,66,215806,94,392938
7930,0.001932,74.125.68.0-255,2902,218708,94,392938
7931,0.001934,172.31.47.0-255,66,218774,94,392938
7932,0.001951,74.125.68.0-255,2902,221676,94,392938
7933,0.001953,172.31.47.0-255,66,221742,94,392938
7934,0.001973,74.125.68.0-255,7156,228898,94,392938
7935,0.001975,172.31.47.0-255,66,228964,94,392938
7936,0.001978,74.125.68.0-255,1484,230448,94,392938
7937,0.001998,74.125.68.0-255,7156,237604,94,392938
7938,0.002,172.31.47.0-255,66,237670,94,392938
7939,0.002028,74.125.68.0-255,2184,239854,94,392938
7940,0.002031,172.31.47.0-255,66,239920,94,392938
7941,0.004027,74.125.68.0-255,2902,242822,94,392938
7942,0.004031,172.31.47.0-255,66,242888,94,392938
7943,0.004049,74.125.68.0-255,1484,244372,94,392938
7944,0.004066,74.125.68.0-255,1484,245856,94,392938
7945,0.004069,172.31.47.0-255,66,245922,94,392938
7946,0.006069,74.125.68.0-255,2902,248824,94,392938
7947,0.006075,172.31.47.0-255,66,248890,94,392938
7948,0.006102,74.125.68.0-255,2902,251792,94,392938
7949,0.006105,172.31.47.0-255,66,251858,94,392938
7950,0.008119,74.125.68.0-255,2902,254760,94,392938
7951,0.008126,172.31.47.0-255,66,254826,94,392938
7952,0.008152,74.125.68.0-255,2902,257728,94,392938
7953,0.008155,172.31.47.0-255,66,257794,94,392938
7954,0.010163,74.125.68.0-255,2902,260696,94,392938
7955,0.010171,172.31.47.0-255,66,260762,94,392938
7956,0.010193,74.125.68.0-255,2902,263664,94,392938
7957,0.010196,172.31.47.0-255,66,263730,94,392938
7958,0.012222,74.125.68.0-255,5738,269468,94,392938
7959,0.012229,172.31.47.0-255,66,269534,94,392938
7960,0.014287,74.125.68.0-255,4320,273854,94,392938
7961,0.014293,172.31.47.0-255,66,273920,94,392938
7962,0.014312,74.125.68.0-255,1484,275404,94,392938
7963,0.016342,74.125.68.0-255,4320,279724,94,392938
7964,0.016348,172.31.47.0-255,66,279790,94,392938
7965,0.018387,74.125.68.0-255,4320,284110,94,392938
7966,0.018394,172.31.47.0-255,66,284176,94,392938
7967,0.018425,74.125.68.0-255,1484,285660,94,392938
7968,0.020439,74.125.68.0-255,4320,289980,94,392938
7969,0.020444,172.31.47.0-255,66,290046,94,392938
7970,0.022496,74.125.68.0-255,5738,295784,94,392938
7971,0.022502,172.31.47.0-255,66,295850,94,392938
7972,0.024544,74.125.68.0-255,5738,301588,94,392938
7973,0.02455,172.31.47.0-255,66,301654,94,392938
7974,0.024916,172.31.47.0-255,172,301826,94,392938
7975,0.024945,172.31.47.0-255,1112,302938,94,392938
7976,0.024983,172.31.47.0-255,1514,304452,94,392938
7977,0.024985,172.31.47.0-255,332,304784,94,392938
7978,0.026433,104.244.42.0-255,66,304850,94,392938
7979,0.026589,74.125.68.0-255,5738,310588,94,392938
7980,0.026594,172.31.47.0-255,66,310654,94,392938
7981,0.026615,104.244.42.0-255,66,310720,94,392938
7982,0.026619,104.244.42.0-255,66,310786,94,392938
7983,0.028646,74.125.68.0-255,2902,313688,94,392938
7984,0.028651,172.31.47.0-255,66,313754,94,392938
7985,0.028678,74.125.68.0-255,2902,316656,94,392938
7986,0.028681,172.31.47.0-255,66,316722,94,392938
7987,0.030688,74.125.68.0-255,2902,319624,94,392938
7988,0.030692,172.31.47.0-255,66,319690,94,392938
7989,0.03072,74.125.68.0-255,2902,322592,94,392938
7990,0.030722,172.31.47.0-255,66,322658,94,392938
7991,0.032739,74.125.68.0-255,1484,324142,94,392938
7992,0.032766,74.125.68.0-255,4320,328462,94,392938
7993,0.032769,172.31.47.0-255,66,328528,94,392938
7994,0.034809,74.125.68.0-255,4320,332848,94,392938
7995,0.034814,172.31.47.0-255,66,332914,94,392938
7996,0.034845,74.125.68.0-255,1484,334398,94,392938
7997,0.036881,74.125.68.0-255,4320,338718,94,392938
7998,0.036886,172.31.47.0-255,66,338784,94,392938
7999,0.03892,74.125.68.0-255,4320,343104,94,392938
8000,0.038924,172.31.47.0-255,66,343170,94,392938
8001,0.038953,74.125.68.0-255,1484,344654,94,392938
8002,0.040961,74.125.68.0-255,4320,348974,94,392938
8003,0.040966,172.31.47.0-255,66,349040,94,392938
8004,0.043018,74.125.68.0-255,5738,354778,94,392938
8005,0.043023,172.31.47.0-255,66,354844,94,392938
8006,0.045065,74.125.68.0-255,5738,360582,94,392938
8007,0.04507,172.31.47.0-255,66,360648,94,392938
8008,0.047116,74.125.68.0-255,5738,366386,94,392938
8009,0.047125,172.31.47.0-255,66,366452,94,392938
8010,0.049168,74.125.68.0-255,5738,372190,94,392938
8011,0.049175,172.31.47.0-255,66,372256,94,392938
8012,0.051229,74.125.68.0-255,4320,376576,94,392938
8013,0.051233,172.31.47.0-255,66,376642,94,392938
8014,0.051258,74.125.68.0-255,1484,378126,94,392938
8015,0.053272,74.125.68.0-255,4320,382446,94,392938
8016,0.053276,172.31.47.0-255,66,382512,94,392938
8017,0.055327,74.125.68.0-255,5738,388250,94,392938
8018,0.055332,172.31.47.0-255,66,388316,94,392938
8019,0.057374,74.125.68.0-255,1484,389800,94,392938
8020,0.057406,74.125.68.0-255,2901,392701,94,392938
8021,0.057411,172.31.47.0-255,66,392767,94,392938
8022,0.057568,172.31.47.0-255,105,392872,94,392938
8023,0.059569,74.125.68.0-255,66,392938,94,392938
8024,0.0,74.125.24.0-255,153,153,94,248732
8025,3.5e-05,172.31.47.0-255,66,219,94,248732
8026,4.2e-05,74.125.24.0-255,1484,1703,94,248732
8027,4.7e-05,172.31.47.0-255,66,1769,94,248732
8028,5.1e-05,74.125.24.0-255,2902,4671,94,248732
8029,5.3e-05,172.31.47.0-255,66,4737,94,248732
8030,6e-05,74.125.24.0-255,7156,11893,94,248732
8031,6.2e-05,172.31.47.0-255,66,11959,94,248732
8032,8.7e-05,74.125.24.0-255,2023,13982,94,248732
8033,9.2e-05,172.31.47.0-255,66,14048,94,248732
8034,0.000439,74.125.24.0-255,1484,15532,94,248732
8035,0.000444,172.31.47.0-255,66,15598,94,248732
8036,0.000452,74.125.24.0-255,2902,18500,94,248732
8037,0.000455,172.31.47.0-255,66,18566,94,248732
8038,0.000486,74.125.24.0-255,5738,24304,94,248732
8039,0.000489,172.31.47.0-255,66,24370,94,248732
8040,0.000503,74.125.24.0-255,2902,27272,94,248732
8041,0.000505,172.31.47.0-255,66,27338,94,248732
8042,0.000526,74.125.24.0-255,3961,31299,94,248732
8043,0.000531,172.31.47.0-255,66,31365,94,248732
8044,0.000538,74.125.24.0-255,7156,38521,94,248732
8045,0.00054,172.31.47.0-255,66,38587,94,248732
8046,0.000583,172.31.47.0-255,66,38653,94,248732
8047,0.000687,74.125.24.0-255,1484,40137,94,248732
8048,0.000692,172.31.47.0-255,66,40203,94,248732
8049,0.000698,74.125.24.0-255,2902,43105,94,248732
8050,0.000701,172.31.47.0-255,66,43171,94,248732
8051,0.000716,74.125.24.0-255,1484,44655,94,248732
8052,0.000719,172.31.47.0-255,66,44721,94,248732
8053,0.000748,74.125.24.0-255,4320,49041,94,248732
8054,0.000752,172.31.47.0-255,66,49107,94,248732
8055,0.000759,74.125.24.0-255,7067,56174,94,248732
8056,0.000762,172.31.47.0-255,66,56240,94,248732
8057,0.003305,74.125.24.0-255,134,56374,94,248732
8058,0.003335,172.31.47.0-255,66,56440,94,248732
8059,0.003351,74.125.24.0-255,1484,57924,94,248732
8060,0.003366,74.125.24.0-255,2902,60826,94,248732
8061,0.003368,172.31.47.0-255,66,60892,94,248732
8062,0.005636,74.125.24.0-255,1484,62376,94,248732
8063,0.005684,74.125.24.0-255,4320,66696,94,248732
8064,0.005688,172.31.47.0-255,66,66762,94,248732
8065,0.008013,74.125.24.0-255,5738,72500,94,248732
8066,0.008022,172.31.47.0-255,66,72566,94,248732
8067,0.010349,74.125.24.0-255,5738,78304,94,248732
8068,0.010361,172.31.47.0-255,66,78370,94,248732
8069,0.012723,74.125.24.0-255,5738,84108,94,248732
8070,0.012738,172.31.47.0-255,66,84174,94,248732
8071,0.015074,74.125.24.0-255,5738,89912,94,248732
8072,0.015082,172.31.47.0-255,66,89978,94,248732
8073,0.017388,74.125.24.0-255,5738,95716,94,248732
8074,0.017395,172.31.47.0-255,66,95782,94,248732
8075,0.019697,74.125.24.0-255,4320,100102,94,248732
8076,0.019703,172.31.47.0-255,66,100168,94,248732
8077,0.019722,74.125.24.0-255,1484,101652,94,248732
8078,0.02202,74.125.24.0-255,4320,105972,94,248732
8079,0.022028,172.31.47.0-255,66,106038,94,248732
8080,0.022818,172.31.47.0-255,172,106210,94,248732
8081,0.022843,172.31.47.0-255,1117,107327,94,248732
8082,0.022887,172.31.47.0-255,1514,108841,94,248732
8083,0.022889,172.31.47.0-255,1287,110128,94,248732
8084,0.024345,74.125.24.0-255,5738,115866,94,248732
8085,0.024351,172.31.47.0-255,66,115932,94,248732
8086,0.024379,104.244.42.0-255,66,115998,94,248732
8087,0.024401,104.244.42.0-255,66,116064,94,248732
8088,0.024454,104.244.42.0-255,66,116130,94,248732
8089,0.026651,74.125.24.0-255,5738,121868,94,248732
8090,0.026656,172.31.47.0-255,66,121934,94,248732
8091,0.028968,74.125.24.0-255,5738,127672,94,248732
8092,0.028974,172.31.47.0-255,66,127738,94,248732
8093,0.031292,74.125.24.0-255,4320,132058,94,248732
8094,0.031297,172.31.47.0-255,66,132124,94,248732
8095,0.031317,74.125.24.0-255,1484,133608,94,248732
8096,0.033593,74.125.24.0-255,4320,137928,94,248732
8097,0.033598,172.31.47.0-255,66,137994,94,248732
8098,0.035905,74.125.24.0-255,4320,142314,94,248732
8099,0.03591,172.31.47.0-255,66,142380,94,248732
8100,0.035939,74.125.24.0-255,1484,143864,94,248732
8101,0.038212,74.125.24.0-255,4320,148184,94,248732
8102,0.038217,172.31.47.0-255,66,148250,94,248732
8103,0.040548,74.125.24.0-255,5738,153988,94,248732
8104,0.040552,172.31.47.0-255,66,154054,94,248732
8105,0.042867,74.125.24.0-255,5738,159792,94,248732
8106,0.042873,172.31.47.0-255,66,159858,94,248732
8107,0.045177,74.125.24.0-255,5738,165596,94,248732
8108,0.045183,172.31.47.0-255,66,165662,94,248732
8109,0.047489,74.125.24.0-255,5738,171400,94,248732
8110,0.047495,172.31.47.0-255,66,171466,94,248732
8111,0.049802,74.125.24.0-255,5738,177204,94,248732
8112,0.049807,172.31.47.0-255,66,177270,94,248732
8113,0.052118,74.125.24.0-255,5738,183008,94,248732
8114,0.052122,172.31.47.0-255,66,183074,94,248732
8115,0.05442,74.125.24.0-255,4320,187394,94,248732
8116,0.054425,172.31.47.0-255,66,187460,94,248732
8117,0.054457,74.125.24.0-255,1484,188944,94,248732
8118,0.056722,74.125.24.0-255,4320,193264,94,248732
8119,0.056726,172.31.47.0-255,66,193330,94,248732
8120,0.059027,74.125.24.0-255,5738,199068,94,248732
8121,0.059032,172.31.47.0-255,66,199134,94,248732
8122,0.061367,74.125.24.0-255,5738,204872,94,248732
8123,0.061373,172.31.47.0-255,66,204938,94,248732
8124,0.063682,74.125.24.0-255,5738,210676,94,248732
8125,0.063688,172.31.47.0-255,66,210742,94,248732
8126,0.066005,74.125.24.0-255,4320,215062,94,248732
8127,0.06601,172.31.47.0-255,66,215128,94,248732
8128,0.06603,74.125.24.0-255,1484,216612,94,248732
8129,0.068299,74.125.24.0-255,4320,220932,94,248732
8130,0.068303,172.31.47.0-255,66,220998,94,248732
8131,0.070609,74.125.24.0-255,5738,226736,94,248732
8132,0.070615,172.31.47.0-255,66,226802,94,248732
8133,0.072919,74.125.24.0-255,5738,232540,94,248732
8134,0.072925,172.31.47.0-255,66,232606,94,248732
8135,0.075215,74.125.24.0-255,4320,236926,94,248732
8136,0.075222,172.31.47.0-255,66,236992,94,248732
8137,0.075242,74.125.24.0-255,1484,238476,94,248732
8138,0.077561,74.125.24.0-255,4320,242796,94,248732
8139,0.077567,172.31.47.0-255,66,242862,94,248732
8140,0.079873,74.125.24.0-255,4320,247182,94,248732
8141,0.079879,172.31.47.0-255,66,247248,94,248732
8142,0.07991,74.125.24.0-255,1484,248732,94,248732
8143,0.0,74.125.24.0-255,146,146,94,303418
8144,3.3e-05,172.31.47.0-255,66,212,94,303418
8145,4e-05,74.125.24.0-255,1484,1696,94,303418
8146,4.4e-05,172.31.47.0-255,66,1762,94,303418
8147,4.9e-05,74.125.24.0-255,2902,4664,94,303418
8148,5.1e-05,172.31.47.0-255,66,4730,94,303418
8149,8e-05,74.125.24.0-255,4320,9050,94,303418
8150,8.3e-05,172.31.47.0-255,66,9116,94,303418
8151,8.8e-05,74.125.24.0-255,4880,13996,94,303418
8152,9e-05,172.31.47.0-255,66,14062,94,303418
8153,0.000243,74.125.24.0-255,1484,15546,94,303418
8154,0.000248,172.31.47.0-255,66,15612,94,303418
8155,0.000253,74.125.24.0-255,2902,18514,94,303418
8156,0.000255,172.31.47.0-255,66,18580,94,303418
8157,0.000259,74.125.24.0-255,2902,21482,94,303418
8158,0.000261,172.31.47.0-255,66,21548,94,303418
8159,0.000279,74.125.24.0-255,2902,24450,94,303418
8160,0.000282,172.31.47.0-255,66,24516,94,303418
8161,0.000289,74.125.24.0-255,6797,31313,94,303418
8162,0.000292,172.31.47.0-255,66,31379,94,303418
8163,0.000338,74.125.24.0-255,7156,38535,94,303418
8164,0.000341,172.31.47.0-255,66,38601,94,303418
8165,0.000365,74.125.24.0-255,7156,45757,94,303418
8166,0.000368,172.31.47.0-255,66,45823,94,303418
8167,0.000373,74.125.24.0-255,2543,48366,94,303418
8168,0.000375,172.31.47.0-255,66,48432,94,303418
8169,0.000491,74.125.24.0-255,1484,49916,94,303418
8170,0.000495,172.31.47.0-255,66,49982,94,303418
8171,0.000515,74.125.24.0-255,2902,52884,94,303418
8172,0.000518,172.31.47.0-255,66,52950,94,303418
8173,0.000525,74.125.24.0-255,5738,58688,94,303418
8174,0.000527,172.31.47.0-255,66,58754,94,303418
8175,0.000543,74.125.24.0-255,1484,60238,94,303418
8176,0.000549,172.31.47.0-255,66,60304,94,303418
8177,0.00056,74.125.24.0-255,5714,66018,94,303418
8178,0.000563,172.31.47.0-255,66,66084,94,303418
8179,0.000757,74.125.24.0-255,342,66426,94,303418
8180,0.000761,172.31.47.0-255,66,66492,94,303418
8181,0.000915,74.125.24.0-255,1484,67976,94,303418
8182,0.00092,172.31.47.0-255,66,68042,94,303418
8183,0.000929,74.125.24.0-255,2902,70944,94,303418
8184,0.000932,172.31.47.0-255,66,71010,94,303418
8185,0.000938,74.125.24.0-255,5738,76748,94,303418
8186,0.00094,172.31.47.0-255,66,76814,94,303418
8187,0.000962,74.125.24.0-255,6797,83611,94,303418
8188,0.000965,172.31.47.0-255,66,83677,94,303418
8189,0.000997,74.125.24.0-255,1484,85161,94,303418
8190,0.001,172.31.47.0-255,66,85227,94,303418
8191,0.001004,74.125.24.0-255,1484,86711,94,303418
8192,0.001006,172.31.47.0-255,66,86777,94,303418
8193,0.001018,74.125.24.0-255,1484,88261,94,303418
8194,0.001021,172.31.47.0-255,66,88327,94,303418
8195,0.001028,74.125.24.0-255,5738,94065,94,303418
8196,0.00103,172.31.47.0-255,66,94131,94,303418
8197,0.001052,74.125.24.0-255,2902,97033,94,303418
8198,0.001055,172.31.47.0-255,66,97099,94,303418
8199,0.001074,74.125.24.0-255,3961,101060,94,303418
8200,0.001076,172.31.47.0-255,66,101126,94,303418
8201,0.002255,74.125.24.0-255,1484,102610,94,303418
8202,0.002262,74.125.24.0-255,2902,105512,94,303418
8203,0.002267,74.125.24.0-255,2902,108414,94,303418
8204,0.002283,74.125.24.0-255,2902,111316,94,303418
8205,0.002289,74.125.24.0-255,5738,117054,94,303418
8206,0.002311,74.125.24.0-255,7156,124210,94,303418
8207,0.002366,74.125.24.0-255,766,124976,94,303418
8208,0.00381,172.31.47.0-255,66,125042,94,303418
8209,0.006129,74.125.24.0-255,5738,130780,94,303418
8210,0.006134,172.31.47.0-255,66,130846,94,303418
8211,0.008441,74.125.24.0-255,5738,136584,94,303418
8212,0.008446,172.31.47.0-255,66,136650,94,303418
8213,0.010773,74.125.24.0-255,5738,142388,94,303418
8214,0.010781,172.31.47.0-255,66,142454,94,303418
8215,0.013098,74.125.24.0-255,5738,148192,94,303418
8216,0.014243,172.31.47.0-255,66,148258,94,303418
8217,0.016567,74.125.24.0-255,5738,153996,94,303418
8218,0.016578,172.31.47.0-255,66,154062,94,303418
8219,0.018905,74.125.24.0-255,5738,159800,94,303418
8220,0.024093,172.31.47.0-255,66,159866,94,303418
8221,0.024767,172.31.47.0-255,172,160038,94,303418
8222,0.024799,172.31.47.0-255,1117,161155,94,303418
8223,0.024838,172.31.47.0-255,1514,162669,94,303418
8224,0.02484,172.31.47.0-255,1287,163956,94,303418
8225,0.026378,104.244.42.0-255,66,164022,94,303418
8226,0.026385,104.244.42.0-255,66,164088,94,303418
8227,0.026391,74.125.24.0-255,5738,169826,94,303418
8228,0.026396,172.31.47.0-255,66,169892,94,303418
8229,0.026522,104.244.42.0-255,66,169958,94,303418
8230,0.028703,74.125.24.0-255,2902,172860,94,303418
8231,0.028708,172.31.47.0-255,66,172926,94,303418
8232,0.028734,74.125.24.0-255,2902,175828,94,303418
8233,0.028737,172.31.47.0-255,66,175894,94,303418
8234,0.030994,74.125.24.0-255,2902,178796,94,303418
8235,0.031,172.31.47.0-255,66,178862,94,303418
8236,0.031032,74.125.24.0-255,2902,181764,94,303418
8237,0.031036,172.31.47.0-255,66,181830,94,303418
8238,0.033313,74.125.24.0-255,2902,184732,94,303418
8239,0.03332,172.31.47.0-255,66,184798,94,303418
8240,0.033356,74.125.24.0-255,2902,187700,94,303418
8241,0.033358,172.31.47.0-255,66,187766,94,303418
8242,0.035612,74.125.24.0-255,2902,190668,94,303418
8243,0.035617,172.31.47.0-255,66,190734,94,303418
8244,0.03566,74.125.24.0-255,1484,192218,94,303418
8245,0.035673,74.125.24.0-255,1484,193702,94,303418
8246,0.035676,172.31.47.0-255,66,193768,94,303418
8247,0.037918,74.125.24.0-255,2902,196670,94,303418
8248,0.037924,172.31.47.0-255,66,196736,94,303418
8249,0.037965,74.125.24.0-255,2902,199638,94,303418
8250,0.037968,172.31.47.0-255,66,199704,94,303418
8251,0.040253,74.125.24.0-255,2902,202606,94,303418
8252,0.040258,172.31.47.0-255,66,202672,94,303418
8253,0.040291,74.125.24.0-255,2902,205574,94,303418
8254,0.040294,172.31.47.0-255,66,205640,94,303418
8255,0.042562,74.125.24.0-255,2902,208542,94,303418
8256,0.042566,172.31.47.0-255,66,208608,94,303418
8257,0.042595,74.125.24.0-255,2902,211510,94,303418
8258,0.042597,172.31.47.0-255,66,211576,94,303418
8259,0.044863,74.125.24.0-255,2902,214478,94,303418
8260,0.044867,172.31.47.0-255,66,214544,94,303418
8261,0.044901,74.125.24.0-255,2902,217446,94,303418
8262,0.044904,172.31.47.0-255,66,217512,94,303418
8263,0.047162,74.125.24.0-255,2902,220414,94,303418
8264,0.047167,172.31.47.0-255,66,220480,94,303418
8265,0.047197,74.125.24.0-255,2902,223382,94,303418
8266,0.0472,172.31.47.0-255,66,223448,94,303418
8267,0.049498,74.125.24.0-255,5738,229186,94,303418
8268,0.049503,172.31.47.0-255,66,229252,94,303418
8269,0.051808,74.125.24.0-255,5738,234990,94,303418
8270,0.051813,172.31.47.0-255,66,235056,94,303418
8271,0.054125,74.125.24.0-255,5738,240794,94,303418
8272,0.054133,172.31.47.0-255,66,240860,94,303418
8273,0.056451,74.125.24.0-255,5738,246598,94,303418
8274,0.056457,172.31.47.0-255,66,246664,94,303418
8275,0.058759,74.125.24.0-255,5738,252402,94,303418
8276,0.058765,172.31.47.0-255,66,252468,94,303418
8277,0.061068,74.125.24.0-255,5738,258206,94,303418
8278,0.061072,172.31.47.0-255,66,258272,94,303418
8279,0.063353,74.125.24.0-255,4320,262592,94,303418
8280,0.063358,172.31.47.0-255,66,262658,94,303418
8281,0.063384,74.125.24.0-255,1484,264142,94,303418
8282,0.065673,74.125.24.0-255,4320,268462,94,303418
8283,0.065677,172.31.47.0-255,66,268528,94,303418
8284,0.067982,74.125.24.0-255,5738,274266,94,303418
8285,0.067987,172.31.47.0-255,66,274332,94,303418
8286,0.070295,74.125.24.0-255,5738,280070,94,303418
8287,0.070302,172.31.47.0-255,66,280136,94,303418
8288,0.072605,74.125.24.0-255,5738,285874,94,303418
8289,0.07261,172.31.47.0-255,66,285940,94,303418
8290,0.074918,74.125.24.0-255,5738,291678,94,303418
8291,0.074924,172.31.47.0-255,66,291744,94,303418
8292,0.077247,74.125.24.0-255,5738,297482,94,303418
8293,0.077252,172.31.47.0-255,66,297548,94,303418
8294,0.079554,74.125.24.0-255,4320,301868,94,303418
8295,0.07956,172.31.47.0-255,66,301934,94,303418
8296,0.07959,74.125.24.0-255,1484,303418,94,303418
8297,0.0,172.31.47.0-255,105,105,94,276
8298,0.001805,157.240.13.0-255,105,210,94,276
8299,0.001824,172.31.47.0-255,66,276,94,276
8300,0.0,172.217.194.0-255,298,298,94,303473
8301,1.9e-05,172.31.47.0-255,66,364,94,303473
8302,2.5e-05,172.217.194.0-255,1484,1848,94,303473
8303,3e-05,172.31.47.0-255,66,1914,94,303473
8304,5.1e-05,172.217.194.0-255,4320,6234,94,303473
8305,5.3e-05,172.31.47.0-255,66,6300,94,303473
8306,5.9e-05,172.217.194.0-255,5738,12038,94,303473
8307,6.2e-05,172.31.47.0-255,66,12104,94,303473
8308,9.8e-05,172.217.194.0-255,1850,13954,94,303473
8309,0.000101,172.31.47.0-255,66,14020,94,303473
8310,0.000175,172.217.194.0-255,1484,15504,94,303473
8311,0.000178,172.31.47.0-255,66,15570,94,303473
8312,0.000192,172.217.194.0-255,2902,18472,94,303473
8313,0.000195,172.31.47.0-255,66,18538,94,303473
8314,0.000201,172.217.194.0-255,4320,22858,94,303473
8315,0.000204,172.31.47.0-255,66,22924,94,303473
8316,0.00022,172.217.194.0-255,1484,24408,94,303473
8317,0.000223,172.31.47.0-255,66,24474,94,303473
8318,0.000256,172.31.47.0-255,66,24540,94,303473
8319,0.000287,172.31.47.0-255,66,24606,94,303473
8320,0.000307,172.217.194.0-255,4320,28926,94,303473
8321,0.00031,172.31.47.0-255,66,28992,94,303473
8322,0.00032,172.31.47.0-255,66,29058,94,303473
8323,0.000339,172.217.194.0-255,3602,32660,94,303473
8324,0.000341,172.31.47.0-255,66,32726,94,303473
8325,0.000344,172.217.194.0-255,711,33437,94,303473
8326,0.000346,172.31.47.0-255,66,33503,94,303473
8327,0.000697,172.217.194.0-255,1484,34987,94,303473
8328,0.000703,172.31.47.0-255,66,35053,94,303473
8329,0.000708,172.217.194.0-255,2902,37955,94,303473
8330,0.000711,172.31.47.0-255,66,38021,94,303473
8331,0.000739,172.217.194.0-255,5738,43759,94,303473
8332,0.000742,172.31.47.0-255,66,43825,94,303473
8333,0.000755,172.217.194.0-255,2902,46727,94,303473
8334,0.000757,172.31.47.0-255,66,46793,94,303473
8335,0.00079,172.31.47.0-255,66,46859,94,303473
8336,0.00085,172.31.47.0-255,66,46925,94,303473
8337,0.001897,172.217.194.0-255,1484,48409,94,303473
8338,0.001908,172.217.194.0-255,2902,51311,94,303473
8339,0.001914,172.31.47.0-255,66,51377,94,303473
8340,0.001922,172.217.194.0-255,5738,57115,94,303473
8341,0.001924,172.31.47.0-255,66,57181,94,303473
8342,0.00193,172.217.194.0-255,5738,62919,94,303473
8343,0.001932,172.31.47.0-255,66,62985,94,303473
8344,0.001951,172.217.194.0-255,4320,67305,94,303473
8345,0.001954,172.31.47.0-255,66,67371,94,303473
8346,0.001973,172.31.47.0-255,66,67437,94,303473
8347,0.001979,172.217.194.0-255,5020,72457,94,303473
8348,0.001981,172.31.47.0-255,66,72523,94,303473
8349,0.003975,172.217.194.0-255,5738,78261,94,303473
8350,0.003982,172.31.47.0-255,66,78327,94,303473
8351,0.005967,172.217.194.0-255,5738,84065,94,303473
8352,0.005973,172.31.47.0-255,66,84131,94,303473
8353,0.008004,172.217.194.0-255,5738,89869,94,303473
8354,0.008009,172.31.47.0-255,66,89935,94,303473
8355,0.009953,172.217.194.0-255,5738,95673,94,303473
8356,0.009961,172.31.47.0-255,66,95739,94,303473
8357,0.011913,172.217.194.0-255,5738,101477,94,303473
8358,0.011921,172.31.47.0-255,66,101543,94,303473
8359,0.013902,172.217.194.0-255,5738,107281,94,303473
8360,0.013912,172.31.47.0-255,66,107347,94,303473
8361,0.015913,172.217.194.0-255,5738,113085,94,303473
8362,0.01592,172.31.47.0-255,66,113151,94,303473
8363,0.017902,172.217.194.0-255,5738,118889,94,303473
8364,0.01791,172.31.47.0-255,66,118955,94,303473
8365,0.01989,172.217.194.0-255,5738,124693,94,303473
8366,0.019895,172.31.47.0-255,66,124759,94,303473
8367,0.021844,172.217.194.0-255,5738,130497,94,303473
8368,0.021853,172.31.47.0-255,66,130563,94,303473
8369,0.02382,172.217.194.0-255,5738,136301,94,303473
8370,0.023826,172.31.47.0-255,66,136367,94,303473
8371,0.024585,172.31.47.0-255,172,136539,94,303473
8372,0.024617,172.31.47.0-255,1117,137656,94,303473
8373,0.024677,172.31.47.0-255,1514,139170,94,303473
8374,0.024679,172.31.47.0-255,1287,140457,94,303473
8375,0.025814,172.217.194.0-255,5738,146195,94,303473
8376,0.02582,172.31.47.0-255,66,146261,94,303473
8377,0.02616,104.244.42.0-255,66,146327,94,303473
8378,0.026194,104.244.42.0-255,66,146393,94,303473
8379,0.026246,104.244.42.0-255,66,146459,94,303473
8380,0.027022,104.244.42.0-255,108,146567,94,303473
8381,0.027028,172.31.47.0-255,66,146633,94,303473
8382,0.027819,172.217.194.0-255,5738,152371,94,303473
8383,0.027825,172.31.47.0-255,66,152437,94,303473
8384,0.029765,172.217.194.0-255,5738,158175,94,303473
8385,0.029772,172.31.47.0-255,66,158241,94,303473
8386,0.031735,172.217.194.0-255,5738,163979,94,303473
8387,0.031746,172.31.47.0-255,66,164045,94,303473
8388,0.03372,172.217.194.0-255,5738,169783,94,303473
8389,0.033727,172.31.47.0-255,66,169849,94,303473
8390,0.035723,172.217.194.0-255,5738,175587,94,303473
8391,0.03573,172.31.47.0-255,66,175653,94,303473
8392,0.037726,172.217.194.0-255,5738,181391,94,303473
8393,0.037733,172.31.47.0-255,66,181457,94,303473
8394,0.039735,172.217.194.0-255,5738,187195,94,303473
8395,0.039745,172.31.47.0-255,66,187261,94,303473
8396,0.041742,172.217.194.0-255,5738,192999,94,303473
8397,0.041749,172.31.47.0-255,66,193065,94,303473
8398,0.043781,172.217.194.0-255,5738,198803,94,303473
8399,0.043787,172.31.47.0-255,66,198869,94,303473
8400,0.045759,172.217.194.0-255,5738,204607,94,303473
8401,0.045765,172.31.47.0-255,66,204673,94,303473
8402,0.047817,172.217.194.0-255,5738,210411,94,303473
8403,0.047824,172.31.47.0-255,66,210477,94,303473
8404,0.04984,172.217.194.0-255,5738,216215,94,303473
8405,0.049849,172.31.47.0-255,66,216281,94,303473
8406,0.051846,172.217.194.0-255,5738,222019,94,303473
8407,0.051853,172.31.47.0-255,66,222085,94,303473
8408,0.053804,172.217.194.0-255,5738,227823,94,303473
8409,0.05381,172.31.47.0-255,66,227889,94,303473
8410,0.05582,172.217.194.0-255,5738,233627,94,303473
8411,0.055825,172.31.47.0-255,66,233693,94,303473
8412,0.057773,172.217.194.0-255,5738,239431,94,303473
8413,0.057778,172.31.47.0-255,66,239497,94,303473
8414,0.059749,172.217.194.0-255,5738,245235,94,303473
8415,0.059754,172.31.47.0-255,66,245301,94,303473
8416,0.061703,172.217.194.0-255,2902,248203,94,303473
8417,0.06171,172.31.47.0-255,66,248269,94,303473
8418,0.061732,172.217.194.0-255,2902,251171,94,303473
8419,0.061735,172.31.47.0-255,66,251237,94,303473
8420,0.063735,172.217.194.0-255,5738,256975,94,303473
8421,0.063742,172.31.47.0-255,66,257041,94,303473
8422,0.065744,172.217.194.0-255,5738,262779,94,303473
8423,0.065754,172.31.47.0-255,66,262845,94,303473
8424,0.067742,172.217.194.0-255,5738,268583,94,303473
8425,0.067748,172.31.47.0-255,66,268649,94,303473
8426,0.069718,172.217.194.0-255,5738,274387,94,303473
8427,0.069723,172.31.47.0-255,66,274453,94,303473
8428,0.071711,172.217.194.0-255,5738,280191,94,303473
8429,0.071717,172.31.47.0-255,66,280257,94,303473
8430,0.073683,172.217.194.0-255,5738,285995,94,303473
8431,0.073688,172.31.47.0-255,66,286061,94,303473
8432,0.075644,172.217.194.0-255,5738,291799,94,303473
8433,0.075651,172.31.47.0-255,66,291865,94,303473
8434,0.077646,172.217.194.0-255,5738,297603,94,303473
8435,0.077651,172.31.47.0-255,66,297669,94,303473
8436,0.079641,172.217.194.0-255,5738,303407,94,303473
8437,0.079648,172.31.47.0-255,66,303473,94,303473
8438,0.0,172.217.194.0-255,152,152,94,241528
8439,3e-05,172.31.47.0-255,66,218,94,241528
8440,3.6e-05,172.217.194.0-255,1484,1702,94,241528
8441,3.9e-05,172.31.47.0-255,66,1768,94,241528
8442,4.3e-05,172.217.194.0-255,2902,4670,94,241528
8443,4.6e-05,172.31.47.0-255,66,4736,94,241528
8444,4.9e-05,172.217.194.0-255,1484,6220,94,241528
8445,5.1e-05,172.31.47.0-255,66,6286,94,241528
8446,7.4e-05,172.217.194.0-255,4320,10606,94,241528
8447,7.7e-05,172.31.47.0-255,66,10672,94,241528
8448,9.5e-05,172.217.194.0-255,7156,17828,94,241528
8449,9.8e-05,172.31.47.0-255,66,17894,94,241528
8450,0.000124,172.217.194.0-255,6300,24194,94,241528
8451,0.000127,172.31.47.0-255,66,24260,94,241528
8452,0.00013,172.217.194.0-255,1484,25744,94,241528
8453,0.000131,172.31.47.0-255,66,25810,94,241528
8454,0.000156,172.217.194.0-255,5379,31189,94,241528
8455,0.000159,172.31.47.0-255,66,31255,94,241528
8456,0.000202,172.217.194.0-255,1484,32739,94,241528
8457,0.000204,172.31.47.0-255,66,32805,94,241528
8458,0.000208,172.217.194.0-255,2902,35707,94,241528
8459,0.000209,172.31.47.0-255,66,35773,94,241528
8460,0.000229,172.217.194.0-255,5738,41511,94,241528
8461,0.000232,172.31.47.0-255,66,41577,94,241528
8462,0.000276,172.31.47.0-255,66,41643,94,241528
8463,0.000287,172.31.47.0-255,66,41709,94,241528
8464,0.000311,172.217.194.0-255,4251,45960,94,241528
8465,0.000313,172.31.47.0-255,66,46026,94,241528
8466,0.000328,172.217.194.0-255,365,46391,94,241528
8467,0.00033,172.31.47.0-255,66,46457,94,241528
8468,0.000392,172.217.194.0-255,1484,47941,94,241528
8469,0.000395,172.31.47.0-255,66,48007,94,241528
8470,0.0004,172.217.194.0-255,2902,50909,94,241528
8471,0.000402,172.31.47.0-255,66,50975,94,241528
8472,0.000405,172.217.194.0-255,1484,52459,94,241528
8473,0.000407,172.31.47.0-255,66,52525,94,241528
8474,0.000424,172.217.194.0-255,4320,56845,94,241528
8475,0.000426,172.31.47.0-255,66,56911,94,241528
8476,0.000443,172.217.194.0-255,1484,58395,94,241528
8477,0.000445,172.31.47.0-255,66,58461,94,241528
8478,0.00047,172.31.47.0-255,66,58527,94,241528
8479,0.000485,172.31.47.0-255,66,58593,94,241528
8480,0.000543,172.31.47.0-255,66,58659,94,241528
8481,0.000559,172.217.194.0-255,4320,62979,94,241528
8482,0.000572,172.31.47.0-255,66,63045,94,241528
8483,0.000573,172.217.194.0-255,2543,65588,94,241528
8484,0.000577,172.31.47.0-255,66,65654,94,241528
8485,0.000718,172.217.194.0-255,1484,67138,94,241528
8486,0.000723,172.217.194.0-255,2902,70040,94,241528
8487,0.000726,172.31.47.0-255,66,70106,94,241528
8488,0.00075,172.217.194.0-255,5738,75844,94,241528
8489,0.000755,172.31.47.0-255,66,75910,94,241528
8490,0.000763,172.217.194.0-255,2902,78812,94,241528
8491,0.000765,172.31.47.0-255,66,78878,94,241528
8492,0.000781,172.217.194.0-255,7156,86034,94,241528
8493,0.000785,172.31.47.0-255,66,86100,94,241528
8494,0.000816,172.217.194.0-255,4320,90420,94,241528
8495,0.000826,172.31.47.0-255,66,90486,94,241528
8496,0.000856,172.31.47.0-255,66,90552,94,241528
8497,0.000974,172.217.194.0-255,1484,92036,94,241528
8498,0.00101,172.217.194.0-255,1484,93520,94,241528
8499,0.001013,172.31.47.0-255,66,93586,94,241528
8500,0.001033,172.217.194.0-255,1484,95070,94,241528
8501,0.001038,172.217.194.0-255,4320,99390,94,241528
8502,0.001041,172.31.47.0-255,66,99456,94,241528
8503,0.001044,172.217.194.0-255,2902,102358,94,241528
8504,0.00105,172.31.47.0-255,66,102424,94,241528
8505,0.00106,172.217.194.0-255,5738,108162,94,241528
8506,0.001063,172.217.194.0-255,2902,111064,94,241528
8507,0.00107,172.31.47.0-255,66,111130,94,241528
8508,0.001087,172.217.194.0-255,5738,116868,94,241528
8509,0.001092,172.31.47.0-255,66,116934,94,241528
8510,0.001113,172.217.194.0-255,1484,118418,94,241528
8511,0.00113,172.217.194.0-255,6438,124856,94,241528
8512,0.001141,172.31.47.0-255,66,124922,94,241528
8513,0.001173,172.217.194.0-255,1484,126406,94,241528
8514,0.001187,172.217.194.0-255,2902,129308,94,241528
8515,0.00119,172.31.47.0-255,66,129374,94,241528
8516,0.001206,172.217.194.0-255,1484,130858,94,241528
8517,0.001231,172.217.194.0-255,4320,135178,94,241528
8518,0.001236,172.31.47.0-255,66,135244,94,241528
8519,0.001237,172.217.194.0-255,7156,142400,94,241528
8520,0.001251,172.31.47.0-255,66,142466,94,241528
8521,0.001258,172.217.194.0-255,5738,148204,94,241528
8522,0.001263,172.31.47.0-255,66,148270,94,241528
8523,0.001288,172.217.194.0-255,2184,150454,94,241528
8524,0.001292,172.31.47.0-255,66,150520,94,241528
8525,0.001329,172.217.194.0-255,1484,152004,94,241528
8526,0.001331,172.217.194.0-255,1484,153488,94,241528
8527,0.001334,172.31.47.0-255,66,153554,94,241528
8528,0.001345,172.217.194.0-255,1484,155038,94,241528
8529,0.001357,172.217.194.0-255,4320,159358,94,241528
8530,0.001363,172.31.47.0-255,66,159424,94,241528
8531,0.001368,172.217.194.0-255,1484,160908,94,241528
8532,0.001371,172.217.194.0-255,2902,163810,94,241528
8533,0.00138,172.31.47.0-255,66,163876,94,241528
8534,0.001394,172.217.194.0-255,4320,168196,94,241528
8535,0.001399,172.31.47.0-255,66,168262,94,241528
8536,0.00142,172.217.194.0-255,5738,174000,94,241528
8537,0.001425,172.31.47.0-255,66,174066,94,241528
8538,0.001433,172.217.194.0-255,5738,179804,94,241528
8539,0.001436,172.31.47.0-255,66,179870,94,241528
8540,0.001453,172.217.194.0-255,5020,184890,94,241528
8541,0.001458,172.31.47.0-255,66,184956,94,241528
8542,0.001578,172.217.194.0-255,1484,186440,94,241528
8543,0.00159,172.217.194.0-255,2902,189342,94,241528
8544,0.001593,172.31.47.0-255,66,189408,94,241528
8545,0.001597,172.217.194.0-255,2902,192310,94,241528
8546,0.001611,172.31.47.0-255,66,192376,94,241528
8547,0.001612,172.217.194.0-255,2902,195278,94,241528
8548,0.001615,172.217.194.0-255,1484,196762,94,241528
8549,0.001615,172.31.47.0-255,66,196828,94,241528
8550,0.00163,172.217.194.0-255,1484,198312,94,241528
8551,0.001636,172.31.47.0-255,66,198378,94,241528
8552,0.001657,172.31.47.0-255,66,198444,94,241528
8553,0.001706,172.217.194.0-255,7156,205600,94,241528
8554,0.00171,172.31.47.0-255,66,205666,94,241528
8555,0.001729,172.217.194.0-255,6438,212104,94,241528
8556,0.001733,172.31.47.0-255,66,212170,94,241528
8557,0.001747,172.31.47.0-255,66,212236,94,241528
8558,0.001759,172.31.47.0-255,66,212302,94,241528
8559,0.001783,172.217.194.0-255,1484,213786,94,241528
8560,0.001787,172.217.194.0-255,2902,216688,94,241528
8561,0.001799,172.31.47.0-255,66,216754,94,241528
8562,0.001805,172.217.194.0-255,5738,222492,94,241528
8563,0.001811,172.31.47.0-255,66,222558,94,241528
8564,0.001841,172.31.47.0-255,66,222624,94,241528
8565,0.001876,172.217.194.0-255,2902,225526,94,241528
8566,0.00188,172.31.47.0-255,66,225592,94,241528
8567,0.001917,172.31.47.0-255,66,225658,94,241528
8568,0.001928,172.31.47.0-255,66,225724,94,241528
8569,0.00194,172.217.194.0-255,1484,227208,94,241528
8570,0.001952,172.31.47.0-255,66,227274,94,241528
8571,0.001989,172.217.194.0-255,2902,230176,94,241528
8572,0.001999,172.31.47.0-255,66,230242,94,241528
8573,0.002029,172.31.47.0-255,66,230308,94,241528
8574,0.002045,172.217.194.0-255,3038,233346,94,241528
8575,0.002047,172.217.194.0-255,105,233451,94,241528
8576,0.002049,172.31.47.0-255,66,233517,94,241528
8577,0.003112,172.31.47.0-255,66,233583,94,241528
8578,0.003138,172.31.47.0-255,105,233688,94,241528
8579,0.005435,172.217.194.0-255,66,233754,94,241528
8580,0.024134,172.31.47.0-255,172,233926,94,241528
8581,0.024163,172.31.47.0-255,1117,235043,94,241528
8582,0.024197,172.31.47.0-255,1514,236557,94,241528
8583,0.024199,172.31.47.0-255,1514,238071,94,241528
8584,0.024204,172.31.47.0-255,1514,239585,94,241528
8585,0.024205,172.31.47.0-255,1514,241099,94,241528
8586,0.024228,172.31.47.0-255,165,241264,94,241528
8587,0.025663,104.244.42.0-255,66,241330,94,241528
8588,0.025726,104.244.42.0-255,66,241396,94,241528
8589,0.025729,104.244.42.0-255,66,241462,94,241528
8590,0.025776,104.244.42.0-255,66,241528,94,241528
8591,0.0,74.125.24.0-255,153,153,94,164148
8592,3.3e-05,172.31.47.0-255,66,219,94,164148
8593,4.1e-05,74.125.24.0-255,1484,1703,94,164148
8594,4.5e-05,172.31.47.0-255,66,1769,94,164148
8595,4.8e-05,74.125.24.0-255,1484,3253,94,164148
8596,5e-05,172.31.47.0-255,66,3319,94,164148
8597,9.6e-05,74.125.24.0-255,1484,4803,94,164148
8598,9.9e-05,172.31.47.0-255,66,4869,94,164148
8599,0.000108,74.125.24.0-255,7156,12025,94,164148
8600,0.000111,172.31.47.0-255,66,12091,94,164148
8601,0.000117,74.125.24.0-255,6317,18408,94,164148
8602,0.000119,172.31.47.0-255,66,18474,94,164148
8603,0.000161,172.31.47.0-255,66,18540,94,164148
8604,0.000217,172.31.47.0-255,66,18606,94,164148
8605,0.000242,74.125.24.0-255,3961,22567,94,164148
8606,0.000244,172.31.47.0-255,66,22633,94,164148
8607,0.000619,74.125.24.0-255,1484,24117,94,164148
8608,0.000624,172.31.47.0-255,66,24183,94,164148
8609,0.000629,74.125.24.0-255,2902,27085,94,164148
8610,0.000632,172.31.47.0-255,66,27151,94,164148
8611,0.000655,74.125.24.0-255,4320,31471,94,164148
8612,0.000663,172.31.47.0-255,66,31537,94,164148
8613,0.000674,172.31.47.0-255,66,31603,94,164148
8614,0.000718,74.125.24.0-255,1484,33087,94,164148
8615,0.000722,172.31.47.0-255,66,33153,94,164148
8616,0.000726,74.125.24.0-255,2902,36055,94,164148
8617,0.000729,172.31.47.0-255,66,36121,94,164148
8618,0.000732,74.125.24.0-255,1484,37605,94,164148
8619,0.000733,172.31.47.0-255,66,37671,94,164148
8620,0.000769,74.125.24.0-255,4320,41991,94,164148
8621,0.000773,74.125.24.0-255,4320,46311,94,164148
8622,0.000774,172.31.47.0-255,66,46377,94,164148
8623,0.000778,172.31.47.0-255,66,46443,94,164148
8624,0.000815,172.31.47.0-255,66,46509,94,164148
8625,0.000851,172.31.47.0-255,66,46575,94,164148
8626,0.001053,74.125.24.0-255,1484,48059,94,164148
8627,0.001059,74.125.24.0-255,2902,50961,94,164148
8628,0.001063,172.31.47.0-255,66,51027,94,164148
8629,0.001066,74.125.24.0-255,1484,52511,94,164148
8630,0.001095,74.125.24.0-255,4320,56831,94,164148
8631,0.001101,74.125.24.0-255,7156,63987,94,164148
8632,0.001101,172.31.47.0-255,66,64053,94,164148
8633,0.001104,172.31.47.0-255,66,64119,94,164148
8634,0.001132,74.125.24.0-255,2902,67021,94,164148
8635,0.00114,172.31.47.0-255,66,67087,94,164148
8636,0.001166,172.31.47.0-255,66,67153,94,164148
8637,0.001205,74.125.24.0-255,3602,70755,94,164148
8638,0.001209,172.31.47.0-255,66,70821,94,164148
8639,0.001297,74.125.24.0-255,1484,72305,94,164148
8640,0.001301,74.125.24.0-255,1484,73789,94,164148
8641,0.001304,172.31.47.0-255,66,73855,94,164148
8642,0.001331,74.125.24.0-255,1484,75339,94,164148
8643,0.001338,74.125.24.0-255,5738,81077,94,164148
8644,0.00134,172.31.47.0-255,66,81143,94,164148
8645,0.001364,74.125.24.0-255,1484,82627,94,164148
8646,0.001413,74.125.24.0-255,4320,86947,94,164148
8647,0.001417,172.31.47.0-255,66,87013,94,164148
8648,0.001441,74.125.24.0-255,4320,91333,94,164148
8649,0.001444,172.31.47.0-255,66,91399,94,164148
8650,0.001456,172.31.47.0-255,66,91465,94,164148
8651,0.00146,74.125.24.0-255,2184,93649,94,164148
8652,0.001462,172.31.47.0-255,66,93715,94,164148
8653,0.001487,74.125.24.0-255,1484,95199,94,164148
8654,0.001503,74.125.24.0-255,2902,98101,94,164148
8655,0.001506,172.31.47.0-255,66,98167,94,164148
8656,0.001511,74.125.24.0-255,4320,102487,94,164148
8657,0.001514,172.31.47.0-255,66,102553,94,164148
8658,0.001529,74.125.24.0-255,1484,104037,94,164148
8659,0.001559,172.31.47.0-255,66,104103,94,164148
8660,0.00157,172.31.47.0-255,66,104169,94,164148
8661,0.001601,74.125.24.0-255,2184,106353,94,164148
8662,0.001604,172.31.47.0-255,66,106419,94,164148
8663,0.001737,74.125.24.0-255,1484,107903,94,164148
8664,0.001753,74.125.24.0-255,2902,110805,94,164148
8665,0.001756,172.31.47.0-255,66,110871,94,164148
8666,0.001786,74.125.24.0-255,5738,116609,94,164148
8667,0.001789,172.31.47.0-255,66,116675,94,164148
8668,0.001819,172.31.47.0-255,66,116741,94,164148
8669,0.001846,74.125.24.0-255,4320,121061,94,164148
8670,0.00185,172.31.47.0-255,66,121127,94,164148
8671,0.001856,74.125.24.0-255,5738,126865,94,164148
8672,0.001859,172.31.47.0-255,66,126931,94,164148
8673,0.001862,74.125.24.0-255,1484,128415,94,164148
8674,0.001889,74.125.24.0-255,3602,132017,94,164148
8675,0.001892,172.31.47.0-255,66,132083,94,164148
8676,0.001948,74.125.24.0-255,1484,133567,94,164148
8677,0.001952,74.125.24.0-255,1484,135051,94,164148
8678,0.001955,172.31.47.0-255,66,135117,94,164148
8679,0.001968,74.125.24.0-255,1484,136601,94,164148
8680,0.00198,74.125.24.0-255,5738,142339,94,164148
8681,0.001982,172.31.47.0-255,66,142405,94,164148
8682,0.002045,172.31.47.0-255,66,142471,94,164148
8683,0.002058,172.31.47.0-255,66,142537,94,164148
8684,0.002067,74.125.24.0-255,2902,145439,94,164148
8685,0.002069,172.31.47.0-255,66,145505,94,164148
8686,0.002114,172.31.47.0-255,66,145571,94,164148
8687,0.002124,172.31.47.0-255,66,145637,94,164148
8688,0.002147,74.125.24.0-255,2902,148539,94,164148
8689,0.002149,172.31.47.0-255,66,148605,94,164148
8690,0.002203,172.31.47.0-255,66,148671,94,164148
8691,0.002241,74.125.24.0-255,5738,154409,94,164148
8692,0.002244,172.31.47.0-255,66,154475,94,164148
8693,0.002269,172.31.47.0-255,66,154541,94,164148
8694,0.002288,172.31.47.0-255,66,154607,94,164148
8695,0.002307,172.31.47.0-255,66,154673,94,164148
8696,0.00231,74.125.24.0-255,766,155439,94,164148
8697,0.002386,74.125.24.0-255,6926,162365,94,164148
8698,0.00239,172.31.47.0-255,66,162431,94,164148
8699,0.004629,74.125.24.0-255,105,162536,94,164148
8700,0.006886,172.31.47.0-255,66,162602,94,164148
8701,0.006913,172.31.47.0-255,105,162707,94,164148
8702,0.009134,74.125.24.0-255,66,162773,94,164148
8703,0.041464,172.31.47.0-255,172,162945,94,164148
8704,0.041496,172.31.47.0-255,1071,164016,94,164148
8705,0.042989,104.244.42.0-255,66,164082,94,164148
8706,0.043034,104.244.42.0-255,66,164148,94,164148
8707,0.0,172.217.194.0-255,298,298,94,282682
8708,2.9e-05,172.31.47.0-255,66,364,94,282682
8709,3.5e-05,172.217.194.0-255,1484,1848,94,282682
8710,3.8e-05,172.31.47.0-255,66,1914,94,282682
8711,4.3e-05,172.217.194.0-255,4320,6234,94,282682
8712,4.5e-05,172.31.47.0-255,66,6300,94,282682
8713,5e-05,172.217.194.0-255,4320,10620,94,282682
8714,5.3e-05,172.31.47.0-255,66,10686,94,282682
8715,7.7e-05,172.217.194.0-255,2902,13588,94,282682
8716,8.1e-05,172.31.47.0-255,66,13654,94,282682
8717,0.000111,172.31.47.0-255,66,13720,94,282682
8718,0.000132,172.217.194.0-255,2902,16622,94,282682
8719,0.000136,172.31.47.0-255,66,16688,94,282682
8720,0.000161,172.31.47.0-255,66,16754,94,282682
8721,0.000167,172.217.194.0-255,6438,23192,94,282682
8722,0.000169,172.31.47.0-255,66,23258,94,282682
8723,0.000192,172.217.194.0-255,1484,24742,94,282682
8724,0.000194,172.31.47.0-255,66,24808,94,282682
8725,0.0002,172.217.194.0-255,2902,27710,94,282682
8726,0.000202,172.31.47.0-255,66,27776,94,282682
8727,0.000223,172.217.194.0-255,5738,33514,94,282682
8728,0.000225,172.31.47.0-255,66,33580,94,282682
8729,0.000246,172.217.194.0-255,1484,35064,94,282682
8730,0.000248,172.31.47.0-255,66,35130,94,282682
8731,0.000268,172.217.194.0-255,5668,40798,94,282682
8732,0.00027,172.31.47.0-255,66,40864,94,282682
8733,0.000322,172.217.194.0-255,1484,42348,94,282682
8734,0.000326,172.31.47.0-255,66,42414,94,282682
8735,0.00033,172.217.194.0-255,2902,45316,94,282682
8736,0.000332,172.31.47.0-255,66,45382,94,282682
8737,0.00035,172.217.194.0-255,5738,51120,94,282682
8738,0.000354,172.217.194.0-255,1484,52604,94,282682
8739,0.000365,172.31.47.0-255,66,52670,94,282682
8740,0.000388,172.31.47.0-255,66,52736,94,282682
8741,0.000392,172.217.194.0-255,4320,57056,94,282682
8742,0.000395,172.31.47.0-255,66,57122,94,282682
8743,0.000401,172.217.194.0-255,7156,64278,94,282682
8744,0.000406,172.31.47.0-255,66,64344,94,282682
8745,0.000415,172.217.194.0-255,2484,66828,94,282682
8746,0.000421,172.31.47.0-255,66,66894,94,282682
8747,0.001343,172.217.194.0-255,1484,68378,94,282682
8748,0.001354,172.217.194.0-255,2902,71280,94,282682
8749,0.001358,172.31.47.0-255,66,71346,94,282682
8750,0.001365,172.217.194.0-255,4320,75666,94,282682
8751,0.001367,172.31.47.0-255,66,75732,94,282682
8752,0.001378,172.217.194.0-255,1484,77216,94,282682
8753,0.001381,172.217.194.0-255,1484,78700,94,282682
8754,0.001383,172.31.47.0-255,66,78766,94,282682
8755,0.001415,172.31.47.0-255,66,78832,94,282682
8756,0.001426,172.31.47.0-255,66,78898,94,282682
8757,0.001673,172.217.194.0-255,1484,80382,94,282682
8758,0.001681,172.217.194.0-255,2902,83284,94,282682
8759,0.001684,172.31.47.0-255,66,83350,94,282682
8760,0.001691,172.217.194.0-255,5738,89088,94,282682
8761,0.001693,172.31.47.0-255,66,89154,94,282682
8762,0.001731,172.31.47.0-255,66,89220,94,282682
8763,0.001784,172.217.194.0-255,3602,92822,94,282682
8764,0.002095,172.217.194.0-255,1484,94306,94,282682
8765,0.002109,172.217.194.0-255,2902,97208,94,282682
8766,0.002127,172.217.194.0-255,5738,102946,94,282682
8767,0.002143,172.217.194.0-255,2902,105848,94,282682
8768,0.002189,172.217.194.0-255,2184,108032,94,282682
8769,0.009645,172.31.47.0-255,66,108098,94,282682
8770,0.011877,172.217.194.0-255,1484,109582,94,282682
8771,0.011931,172.217.194.0-255,4320,113902,94,282682
8772,0.011936,172.31.47.0-255,66,113968,94,282682
8773,0.014258,172.217.194.0-255,5738,119706,94,282682
8774,0.014264,172.31.47.0-255,66,119772,94,282682
8775,0.016514,172.217.194.0-255,5738,125510,94,282682
8776,0.01652,172.31.47.0-255,66,125576,94,282682
8777,0.018793,172.217.194.0-255,5738,131314,94,282682
8778,0.018799,172.31.47.0-255,66,131380,94,282682
8779,0.021071,172.217.194.0-255,5738,137118,94,282682
8780,0.021077,172.31.47.0-255,66,137184,94,282682
8781,0.023357,172.217.194.0-255,5738,142922,94,282682
8782,0.023364,172.31.47.0-255,66,142988,94,282682
8783,0.025635,172.217.194.0-255,5738,148726,94,282682
8784,0.025643,172.31.47.0-255,66,148792,94,282682
8785,0.027943,172.217.194.0-255,5738,154530,94,282682
8786,0.027951,172.31.47.0-255,66,154596,94,282682
8787,0.030258,172.217.194.0-255,5738,160334,94,282682
8788,0.030283,172.31.47.0-255,66,160400,94,282682
8789,0.032534,172.217.194.0-255,4320,164720,94,282682
8790,0.032541,172.31.47.0-255,66,164786,94,282682
8791,0.03257,172.217.194.0-255,1484,166270,94,282682
8792,0.034811,172.217.194.0-255,4320,170590,94,282682
8793,0.034817,172.31.47.0-255,66,170656,94,282682
8794,0.035905,172.31.47.0-255,172,170828,94,282682
8795,0.03594,172.31.47.0-255,1116,171944,94,282682
8796,0.035972,172.31.47.0-255,1514,173458,94,282682
8797,0.035974,172.31.47.0-255,1288,174746,94,282682
8798,0.037087,172.217.194.0-255,5738,180484,94,282682
8799,0.037093,172.31.47.0-255,66,180550,94,282682
8800,0.037465,104.244.42.0-255,66,180616,94,282682
8801,0.037472,104.244.42.0-255,66,180682,94,282682
8802,0.03755,104.244.42.0-255,66,180748,94,282682
8803,0.039333,172.217.194.0-255,1484,182232,94,282682
8804,0.039361,172.217.194.0-255,4320,186552,94,282682
8805,0.039366,172.31.47.0-255,66,186618,94,282682
8806,0.04162,172.217.194.0-255,2902,189520,94,282682
8807,0.041625,172.31.47.0-255,66,189586,94,282682
8808,0.04165,172.217.194.0-255,2902,192488,94,282682
8809,0.041652,172.31.47.0-255,66,192554,94,282682
8810,0.043869,172.217.194.0-255,2902,195456,94,282682
8811,0.043874,172.31.47.0-255,66,195522,94,282682
8812,0.043902,172.217.194.0-255,2902,198424,94,282682
8813,0.043904,172.31.47.0-255,66,198490,94,282682
8814,0.046128,172.217.194.0-255,2902,201392,94,282682
8815,0.046134,172.31.47.0-255,66,201458,94,282682
8816,0.046164,172.217.194.0-255,2902,204360,94,282682
8817,0.046168,172.31.47.0-255,66,204426,94,282682
8818,0.048396,172.217.194.0-255,2902,207328,94,282682
8819,0.048401,172.31.47.0-255,66,207394,94,282682
8820,0.048434,172.217.194.0-255,2902,210296,94,282682
8821,0.048437,172.31.47.0-255,66,210362,94,282682
8822,0.050661,172.217.194.0-255,2902,213264,94,282682
8823,0.050666,172.31.47.0-255,66,213330,94,282682
8824,0.050701,172.217.194.0-255,2902,216232,94,282682
8825,0.050704,172.31.47.0-255,66,216298,94,282682
8826,0.052944,172.217.194.0-255,1484,217782,94,282682
8827,0.052969,172.217.194.0-255,1484,219266,94,282682
8828,0.052973,172.31.47.0-255,66,219332,94,282682
8829,0.052992,172.217.194.0-255,2902,222234,94,282682
8830,0.052994,172.31.47.0-255,66,222300,94,282682
8831,0.055226,172.217.194.0-255,2902,225202,94,282682
8832,0.055231,172.31.47.0-255,66,225268,94,282682
8833,0.055257,172.217.194.0-255,2902,228170,94,282682
8834,0.055259,172.31.47.0-255,66,228236,94,282682
8835,0.057492,172.217.194.0-255,2902,231138,94,282682
8836,0.057496,172.31.47.0-255,66,231204,94,282682
8837,0.057527,172.217.194.0-255,2902,234106,94,282682
8838,0.05753,172.31.47.0-255,66,234172,94,282682
8839,0.059749,172.217.194.0-255,2902,237074,94,282682
8840,0.059755,172.31.47.0-255,66,237140,94,282682
8841,0.059783,172.217.194.0-255,2902,240042,94,282682
8842,0.059785,172.31.47.0-255,66,240108,94,282682
8843,0.062023,172.217.194.0-255,2902,243010,94,282682
8844,0.062028,172.31.47.0-255,66,243076,94,282682
8845,0.062053,172.217.194.0-255,2902,245978,94,282682
8846,0.062056,172.31.47.0-255,66,246044,94,282682
8847,0.064284,172.217.194.0-255,1484,247528,94,282682
8848,0.064326,172.217.194.0-255,4320,251848,94,282682
8849,0.06433,172.31.47.0-255,66,251914,94,282682
8850,0.066601,172.217.194.0-255,4320,256234,94,282682
8851,0.066607,172.31.47.0-255,66,256300,94,282682
8852,0.066632,172.217.194.0-255,1484,257784,94,282682
8853,0.068866,172.217.194.0-255,4320,262104,94,282682
8854,0.068872,172.31.47.0-255,66,262170,94,282682
8855,0.071134,172.217.194.0-255,4320,266490,94,282682
8856,0.07114,172.31.47.0-255,66,266556,94,282682
8857,0.071156,172.217.194.0-255,1484,268040,94,282682
8858,0.073431,172.217.194.0-255,4320,272360,94,282682
8859,0.073436,172.31.47.0-255,66,272426,94,282682
8860,0.075693,172.217.194.0-255,4320,276746,94,282682
8861,0.075699,172.31.47.0-255,66,276812,94,282682
8862,0.075727,172.217.194.0-255,1484,278296,94,282682
8863,0.07796,172.217.194.0-255,4320,282616,94,282682
8864,0.077964,172.31.47.0-255,66,282682,94,282682
8865,0.0,74.125.68.0-255,153,153,94,366171
8866,2.2e-05,172.31.47.0-255,66,219,94,366171
8867,2.8e-05,74.125.68.0-255,1484,1703,94,366171
8868,3.4e-05,172.31.47.0-255,66,1769,94,366171
8869,3.9e-05,74.125.68.0-255,2902,4671,94,366171
8870,4.2e-05,172.31.47.0-255,66,4737,94,366171
8871,4.7e-05,74.125.68.0-255,5738,10475,94,366171
8872,5e-05,172.31.47.0-255,66,10541,94,366171
8873,8.1e-05,74.125.68.0-255,5009,15550,94,366171
8874,8.4e-05,172.31.47.0-255,66,15616,94,366171
8875,8.9e-05,74.125.68.0-255,5738,21354,94,366171
8876,9.1e-05,172.31.47.0-255,66,21420,94,366171
8877,0.00011,74.125.68.0-255,1484,22904,94,366171
8878,0.000112,172.31.47.0-255,66,22970,94,366171
8879,0.00014,172.31.47.0-255,66,23036,94,366171
8880,0.000201,74.125.68.0-255,1484,24520,94,366171
8881,0.000204,172.31.47.0-255,66,24586,94,366171
8882,0.00022,74.125.68.0-255,2902,27488,94,366171
8883,0.000223,172.31.47.0-255,66,27554,94,366171
8884,0.000225,74.125.68.0-255,1484,29038,94,366171
8885,0.000227,172.31.47.0-255,66,29104,94,366171
8886,0.000251,74.125.68.0-255,2902,32006,94,366171
8887,0.000254,172.31.47.0-255,66,32072,94,366171
8888,0.0003,172.31.47.0-255,66,32138,94,366171
8889,0.000302,74.125.68.0-255,1484,33622,94,366171
8890,0.000304,172.31.47.0-255,66,33688,94,366171
8891,0.000334,172.31.47.0-255,66,33754,94,366171
8892,0.000338,74.125.68.0-255,2902,36656,94,366171
8893,0.000339,172.31.47.0-255,66,36722,94,366171
8894,0.000362,74.125.68.0-255,1484,38206,94,366171
8895,0.000373,74.125.68.0-255,1480,39686,94,366171
8896,0.000376,172.31.47.0-255,66,39752,94,366171
8897,0.000391,74.125.68.0-255,331,40083,94,366171
8898,0.00059,74.125.68.0-255,1484,41567,94,366171
8899,0.000595,172.31.47.0-255,66,41633,94,366171
8900,0.0006,74.125.68.0-255,2902,44535,94,366171
8901,0.000602,172.31.47.0-255,66,44601,94,366171
8902,0.000607,74.125.68.0-255,4320,48921,94,366171
8903,0.000609,172.31.47.0-255,66,48987,94,366171
8904,0.000631,74.125.68.0-255,1484,50471,94,366171
8905,0.000638,74.125.68.0-255,5738,56209,94,366171
8906,0.00064,172.31.47.0-255,66,56275,94,366171
8907,0.000645,74.125.68.0-255,4320,60595,94,366171
8908,0.000647,172.31.47.0-255,66,60661,94,366171
8909,0.000659,74.125.68.0-255,2902,63563,94,366171
8910,0.000661,172.31.47.0-255,66,63629,94,366171
8911,0.000663,74.125.68.0-255,1484,65113,94,366171
8912,0.000681,74.125.68.0-255,7156,72269,94,366171
8913,0.000683,172.31.47.0-255,66,72335,94,366171
8914,0.000729,74.125.68.0-255,2184,74519,94,366171
8915,0.000733,172.31.47.0-255,66,74585,94,366171
8916,0.000934,74.125.68.0-255,1484,76069,94,366171
8917,0.000947,74.125.68.0-255,2902,78971,94,366171
8918,0.00095,172.31.47.0-255,66,79037,94,366171
8919,0.000972,74.125.68.0-255,5738,84775,94,366171
8920,0.000974,172.31.47.0-255,66,84841,94,366171
8921,0.000978,74.125.68.0-255,2902,87743,94,366171
8922,0.00098,172.31.47.0-255,66,87809,94,366171
8923,0.000983,74.125.68.0-255,1484,89293,94,366171
8924,0.000995,74.125.68.0-255,2902,92195,94,366171
8925,0.000998,172.31.47.0-255,66,92261,94,366171
8926,0.001007,74.125.68.0-255,1484,93745,94,366171
8927,0.001024,74.125.68.0-255,7156,100901,94,366171
8928,0.001026,172.31.47.0-255,66,100967,94,366171
8929,0.001031,74.125.68.0-255,4320,105287,94,366171
8930,0.001032,172.31.47.0-255,66,105353,94,366171
8931,0.001078,74.125.68.0-255,3602,108955,94,366171
8932,0.001081,172.31.47.0-255,66,109021,94,366171
8933,0.001133,74.125.68.0-255,1484,110505,94,366171
8934,0.001146,74.125.68.0-255,2902,113407,94,366171
8935,0.001148,172.31.47.0-255,66,113473,94,366171
8936,0.001165,74.125.68.0-255,1484,114957,94,366171
8937,0.001188,74.125.68.0-255,4320,119277,94,366171
8938,0.001191,172.31.47.0-255,66,119343,94,366171
8939,0.001195,74.125.68.0-255,2902,122245,94,366171
8940,0.001197,172.31.47.0-255,66,122311,94,366171
8941,0.001199,74.125.68.0-255,1484,123795,94,366171
8942,0.001229,172.31.47.0-255,66,123861,94,366171
8943,0.001235,74.125.68.0-255,4320,128181,94,366171
8944,0.001236,172.31.47.0-255,66,128247,94,366171
8945,0.001251,74.125.68.0-255,4320,132567,94,366171
8946,0.001254,172.31.47.0-255,66,132633,94,366171
8947,0.001282,74.125.68.0-255,2184,134817,94,366171
8948,0.001285,172.31.47.0-255,66,134883,94,366171
8949,0.001322,74.125.68.0-255,2902,137785,94,366171
8950,0.001325,172.31.47.0-255,66,137851,94,366171
8951,0.001328,74.125.68.0-255,1484,139335,94,366171
8952,0.001343,74.125.68.0-255,2902,142237,94,366171
8953,0.001345,172.31.47.0-255,66,142303,94,366171
8954,0.001367,74.125.68.0-255,5738,148041,94,366171
8955,0.00137,172.31.47.0-255,66,148107,94,366171
8956,0.001384,74.125.68.0-255,2902,151009,94,366171
8957,0.001386,172.31.47.0-255,66,151075,94,366171
8958,0.001404,74.125.68.0-255,5738,156813,94,366171
8959,0.001407,172.31.47.0-255,66,156879,94,366171
8960,0.001418,172.31.47.0-255,66,156945,94,366171
8961,0.001437,74.125.68.0-255,2184,159129,94,366171
8962,0.00144,172.31.47.0-255,66,159195,94,366171
8963,0.001757,74.125.68.0-255,1484,160679,94,366171
8964,0.001773,74.125.68.0-255,2902,163581,94,366171
8965,0.001776,172.31.47.0-255,66,163647,94,366171
8966,0.001795,74.125.68.0-255,4320,167967,94,366171
8967,0.001797,172.31.47.0-255,66,168033,94,366171
8968,0.001803,74.125.68.0-255,5738,173771,94,366171
8969,0.001805,172.31.47.0-255,66,173837,94,366171
8970,0.001833,74.125.68.0-255,4320,178157,94,366171
8971,0.001836,172.31.47.0-255,66,178223,94,366171
8972,0.001856,74.125.68.0-255,5738,183961,94,366171
8973,0.001859,172.31.47.0-255,66,184027,94,366171
8974,0.00191,172.31.47.0-255,66,184093,94,366171
8975,0.004402,74.125.68.0-255,4320,188413,94,366171
8976,0.004408,172.31.47.0-255,66,188479,94,366171
8977,0.004427,74.125.68.0-255,1484,189963,94,366171
8978,0.006895,74.125.68.0-255,4320,194283,94,366171
8979,0.006902,172.31.47.0-255,66,194349,94,366171
8980,0.009402,74.125.68.0-255,5738,200087,94,366171
8981,0.009409,172.31.47.0-255,66,200153,94,366171
8982,0.011908,74.125.68.0-255,5738,205891,94,366171
8983,0.011915,172.31.47.0-255,66,205957,94,366171
8984,0.014401,74.125.68.0-255,4320,210277,94,366171
8985,0.014407,172.31.47.0-255,66,210343,94,366171
8986,0.014427,74.125.68.0-255,1484,211827,94,366171
8987,0.0169,74.125.68.0-255,4320,216147,94,366171
8988,0.016911,172.31.47.0-255,66,216213,94,366171
8989,0.01943,74.125.68.0-255,5738,221951,94,366171
8990,0.019439,172.31.47.0-255,66,222017,94,366171
8991,0.021924,74.125.68.0-255,5738,227755,94,366171
8992,0.021931,172.31.47.0-255,66,227821,94,366171
8993,0.024414,74.125.68.0-255,5738,233559,94,366171
8994,0.024422,172.31.47.0-255,66,233625,94,366171
8995,0.02706,74.125.68.0-255,5738,239363,94,366171
8996,0.027069,172.31.47.0-255,66,239429,94,366171
8997,0.029553,74.125.68.0-255,5738,245167,94,366171
8998,0.029559,172.31.47.0-255,66,245233,94,366171
8999,0.03185,172.31.47.0-255,172,245405,94,366171
9000,0.031882,172.31.47.0-255,1116,246521,94,366171
9001,0.031938,172.31.47.0-255,1514,248035,94,366171
9002,0.031939,172.31.47.0-255,1288,249323,94,366171
9003,0.032057,74.125.68.0-255,5738,255061,94,366171
9004,0.032063,172.31.47.0-255,66,255127,94,366171
9005,0.033385,104.244.42.0-255,66,255193,94,366171
9006,0.033393,104.244.42.0-255,66,255259,94,366171
9007,0.033474,104.244.42.0-255,66,255325,94,366171
9008,0.034396,104.244.42.0-255,108,255433,94,366171
9009,0.0344,172.31.47.0-255,66,255499,94,366171
9010,0.034544,74.125.68.0-255,5738,261237,94,366171
9011,0.034547,172.31.47.0-255,66,261303,94,366171
9012,0.037037,74.125.68.0-255,5738,267041,94,366171
9013,0.037043,172.31.47.0-255,66,267107,94,366171
9014,0.039537,74.125.68.0-255,5738,272845,94,366171
9015,0.039543,172.31.47.0-255,66,272911,94,366171
9016,0.042052,74.125.68.0-255,5738,278649,94,366171
9017,0.04206,172.31.47.0-255,66,278715,94,366171
9018,0.044547,74.125.68.0-255,5738,284453,94,366171
9019,0.044553,172.31.47.0-255,66,284519,94,366171
9020,0.047039,74.125.68.0-255,5738,290257,94,366171
9021,0.047045,172.31.47.0-255,66,290323,94,366171
9022,0.049547,74.125.68.0-255,5738,296061,94,366171
9023,0.049554,172.31.47.0-255,66,296127,94,366171
9024,0.052037,74.125.68.0-255,2902,299029,94,366171
9025,0.052054,172.31.47.0-255,66,299095,94,366171
9026,0.052074,74.125.68.0-255,2902,301997,94,366171
9027,0.052079,172.31.47.0-255,66,302063,94,366171
9028,0.054532,74.125.68.0-255,2902,304965,94,366171
9029,0.054538,172.31.47.0-255,66,305031,94,366171
9030,0.054559,74.125.68.0-255,2902,307933,94,366171
9031,0.054561,172.31.47.0-255,66,307999,94,366171
9032,0.057029,74.125.68.0-255,2902,310901,94,366171
9033,0.05704,172.31.47.0-255,66,310967,94,366171
9034,0.057065,74.125.68.0-255,2902,313869,94,366171
9035,0.057068,172.31.47.0-255,66,313935,94,366171
9036,0.059541,74.125.68.0-255,5738,319673,94,366171
9037,0.059547,172.31.47.0-255,66,319739,94,366171
9038,0.062029,74.125.68.0-255,5738,325477,94,366171
9039,0.062034,172.31.47.0-255,66,325543,94,366171
9040,0.064532,74.125.68.0-255,5738,331281,94,366171
9041,0.064538,172.31.47.0-255,66,331347,94,366171
9042,0.067024,74.125.68.0-255,5738,337085,94,366171
9043,0.06703,172.31.47.0-255,66,337151,94,366171
9044,0.069537,74.125.68.0-255,5738,342889,94,366171
9045,0.069545,172.31.47.0-255,66,342955,94,366171
9046,0.072028,74.125.68.0-255,5738,348693,94,366171
9047,0.072034,172.31.47.0-255,66,348759,94,366171
9048,0.074524,74.125.68.0-255,5738,354497,94,366171
9049,0.07453,172.31.47.0-255,66,354563,94,366171
9050,0.077019,74.125.68.0-255,5738,360301,94,366171
9051,0.077025,172.31.47.0-255,66,360367,94,366171
9052,0.079546,74.125.68.0-255,5738,366105,94,366171
9053,0.079551,172.31.47.0-255,66,366171,94,366171
9054,0.0,74.125.24.0-255,152,152,94,307956
9055,1.6e-05,172.31.47.0-255,66,218,94,307956
9056,4.8e-05,74.125.24.0-255,1484,1702,94,307956
9057,5.2e-05,172.31.47.0-255,66,1768,94,307956
9058,5.7e-05,74.125.24.0-255,2902,4670,94,307956
9059,6e-05,172.31.47.0-255,66,4736,94,307956
9060,7.1e-05,74.125.24.0-255,5738,10474,94,307956
9061,7.3e-05,172.31.47.0-255,66,10540,94,307956
9062,0.000115,74.125.24.0-255,3461,14001,94,307956
9063,0.000118,172.31.47.0-255,66,14067,94,307956
9064,0.000158,74.125.24.0-255,1484,15551,94,307956
9065,0.000161,172.31.47.0-255,66,15617,94,307956
9066,0.000177,74.125.24.0-255,2902,18519,94,307956
9067,0.000179,172.31.47.0-255,66,18585,94,307956
9068,0.000182,74.125.24.0-255,1484,20069,94,307956
9069,0.000184,172.31.47.0-255,66,20135,94,307956
9070,0.000205,74.125.24.0-255,4320,24455,94,307956
9071,0.000207,172.31.47.0-255,66,24521,94,307956
9072,0.000214,74.125.24.0-255,6797,31318,94,307956
9073,0.000217,172.31.47.0-255,66,31384,94,307956
9074,0.000326,74.125.24.0-255,1484,32868,94,307956
9075,0.00033,172.31.47.0-255,66,32934,94,307956
9076,0.000353,74.125.24.0-255,2902,35836,94,307956
9077,0.000355,172.31.47.0-255,66,35902,94,307956
9078,0.000383,74.125.24.0-255,5738,41640,94,307956
9079,0.000386,172.31.47.0-255,66,41706,94,307956
9080,0.000418,172.31.47.0-255,66,41772,94,307956
9081,0.000444,74.125.24.0-255,1125,42897,94,307956
9082,0.000446,172.31.47.0-255,66,42963,94,307956
9083,0.000462,172.31.47.0-255,66,43029,94,307956
9084,0.000464,74.125.24.0-255,1437,44466,94,307956
9085,0.000467,74.125.24.0-255,342,44808,94,307956
9086,0.000535,74.125.24.0-255,1484,46292,94,307956
9087,0.000539,74.125.24.0-255,1484,47776,94,307956
9088,0.000552,172.31.47.0-255,66,47842,94,307956
9089,0.000556,74.125.24.0-255,1484,49326,94,307956
9090,0.000561,74.125.24.0-255,5738,55064,94,307956
9091,0.000578,172.31.47.0-255,66,55130,94,307956
9092,0.000585,74.125.24.0-255,5738,60868,94,307956
9093,0.000587,74.125.24.0-255,1484,62352,94,307956
9094,0.000603,74.125.24.0-255,4320,66672,94,307956
9095,0.000633,74.125.24.0-255,3961,70633,94,307956
9096,0.000646,172.31.47.0-255,66,70699,94,307956
9097,0.001073,74.125.24.0-255,1484,72183,94,307956
9098,0.001079,74.125.24.0-255,2902,75085,94,307956
9099,0.001082,172.31.47.0-255,66,75151,94,307956
9100,0.001088,74.125.24.0-255,5738,80889,94,307956
9101,0.001108,74.125.24.0-255,4320,85209,94,307956
9102,0.001116,172.31.47.0-255,66,85275,94,307956
9103,0.00118,74.125.24.0-255,2184,87459,94,307956
9104,0.001198,172.31.47.0-255,66,87525,94,307956
9105,0.00154,74.125.24.0-255,1484,89009,94,307956
9106,0.001545,74.125.24.0-255,2902,91911,94,307956
9107,0.001549,172.31.47.0-255,66,91977,94,307956
9108,0.001555,74.125.24.0-255,4320,96297,94,307956
9109,0.001578,74.125.24.0-255,1484,97781,94,307956
9110,0.001593,74.125.24.0-255,4320,102101,94,307956
9111,0.001597,172.31.47.0-255,66,102167,94,307956
9112,0.00162,74.125.24.0-255,7156,109323,94,307956
9113,0.001646,172.31.47.0-255,66,109389,94,307956
9114,0.001665,74.125.24.0-255,3602,112991,94,307956
9115,0.00168,172.31.47.0-255,66,113057,94,307956
9116,0.001707,74.125.24.0-255,1484,114541,94,307956
9117,0.001724,74.125.24.0-255,2902,117443,94,307956
9118,0.001727,74.125.24.0-255,1484,118927,94,307956
9119,0.001731,172.31.47.0-255,66,118993,94,307956
9120,0.00176,74.125.24.0-255,4320,123313,94,307956
9121,0.001769,172.31.47.0-255,66,123379,94,307956
9122,0.001779,74.125.24.0-255,5738,129117,94,307956
9123,0.001784,172.31.47.0-255,66,129183,94,307956
9124,0.001814,74.125.24.0-255,7156,136339,94,307956
9125,0.00182,74.125.24.0-255,5738,142077,94,307956
9126,0.00183,74.125.24.0-255,1484,143561,94,307956
9127,0.001834,172.31.47.0-255,66,143627,94,307956
9128,0.001852,74.125.24.0-255,3602,147229,94,307956
9129,0.001878,172.31.47.0-255,66,147295,94,307956
9130,0.00228,74.125.24.0-255,1484,148779,94,307956
9131,0.0023,74.125.24.0-255,2902,151681,94,307956
9132,0.002303,172.31.47.0-255,66,151747,94,307956
9133,0.002311,74.125.24.0-255,5738,157485,94,307956
9134,0.002334,74.125.24.0-255,7156,164641,94,307956
9135,0.002354,74.125.24.0-255,4320,168961,94,307956
9136,0.002362,172.31.47.0-255,66,169027,94,307956
9137,0.00237,74.125.24.0-255,1484,170511,94,307956
9138,0.002373,74.125.24.0-255,2902,173413,94,307956
9139,0.002387,172.31.47.0-255,66,173479,94,307956
9140,0.002419,172.31.47.0-255,66,173545,94,307956
9141,0.002513,74.125.24.0-255,1484,175029,94,307956
9142,0.002517,74.125.24.0-255,1484,176513,94,307956
9143,0.002529,172.31.47.0-255,66,176579,94,307956
9144,0.002532,74.125.24.0-255,1484,178063,94,307956
9145,0.002536,74.125.24.0-255,2902,180965,94,307956
9146,0.002573,74.125.24.0-255,2902,183867,94,307956
9147,0.002577,74.125.24.0-255,2902,186769,94,307956
9148,0.002593,172.31.47.0-255,66,186835,94,307956
9149,0.002667,74.125.24.0-255,2902,189737,94,307956
9150,0.002672,74.125.24.0-255,4320,194057,94,307956
9151,0.0027,74.125.24.0-255,1484,195541,94,307956
9152,0.002703,74.125.24.0-255,1484,197025,94,307956
9153,0.002721,74.125.24.0-255,4320,201345,94,307956
9154,0.00273,74.125.24.0-255,1484,202829,94,307956
9155,0.00275,74.125.24.0-255,5738,208567,94,307956
9156,0.00277,74.125.24.0-255,3602,212169,94,307956
9157,0.002807,74.125.24.0-255,2902,215071,94,307956
9158,0.002826,74.125.24.0-255,7156,222227,94,307956
9159,0.002828,74.125.24.0-255,1484,223711,94,307956
9160,0.00286,74.125.24.0-255,1484,225195,94,307956
9161,0.002948,74.125.24.0-255,1484,226679,94,307956
9162,0.002965,74.125.24.0-255,1484,228163,94,307956
9163,0.002979,74.125.24.0-255,1484,229647,94,307956
9164,0.002985,74.125.24.0-255,4320,233967,94,307956
9165,0.002999,74.125.24.0-255,1484,235451,94,307956
9166,0.003007,74.125.24.0-255,7156,242607,94,307956
9167,0.003026,74.125.24.0-255,5738,248345,94,307956
9168,0.003028,74.125.24.0-255,1484,249829,94,307956
9169,0.00303,74.125.24.0-255,1484,251313,94,307956
9170,0.003033,74.125.24.0-255,1484,252797,94,307956
9171,0.003052,74.125.24.0-255,4320,257117,94,307956
9172,0.003064,74.125.24.0-255,2184,259301,94,307956
9173,0.003094,74.125.24.0-255,2902,262203,94,307956
9174,0.003097,74.125.24.0-255,1484,263687,94,307956
9175,0.003101,74.125.24.0-255,5738,269425,94,307956
9176,0.003119,74.125.24.0-255,5738,275163,94,307956
9177,0.003129,74.125.24.0-255,4320,279483,94,307956
9178,0.003143,74.125.24.0-255,7156,286639,94,307956
9179,0.003173,74.125.24.0-255,7156,293795,94,307956
9180,0.003186,74.125.24.0-255,3602,297397,94,307956
9181,0.003221,74.125.24.0-255,5695,303092,94,307956
9182,0.003262,74.125.24.0-255,105,303197,94,307956
9183,0.007972,172.31.47.0-255,78,303275,94,307956
9184,0.007977,172.31.47.0-255,78,303353,94,307956
9185,0.007981,172.31.47.0-255,78,303431,94,307956
9186,0.008056,172.31.47.0-255,66,303497,94,307956
9187,0.009604,172.31.47.0-255,105,303602,94,307956
9188,0.012146,74.125.24.0-255,66,303668,94,307956
9189,0.028758,172.31.47.0-255,172,303840,94,307956
9190,0.02879,172.31.47.0-255,1117,304957,94,307956
9191,0.028846,172.31.47.0-255,1514,306471,94,307956
9192,0.028848,172.31.47.0-255,1287,307758,94,307956
9193,0.030317,104.244.42.0-255,66,307824,94,307956
9194,0.030343,104.244.42.0-255,66,307890,94,307956
9195,0.030385,104.244.42.0-255,66,307956,94,307956
9196,0.0,74.125.130.0-255,153,153,94,294135
9197,2.7e-05,172.31.47.0-255,66,219,94,294135
9198,3.4e-05,74.125.130.0-255,1484,1703,94,294135
9199,3.8e-05,172.31.47.0-255,66,1769,94,294135
9200,6.1e-05,74.125.130.0-255,2902,4671,94,294135
9201,6.3e-05,172.31.47.0-255,66,4737,94,294135
9202,9.9e-05,74.125.130.0-255,4320,9057,94,294135
9203,0.000102,172.31.47.0-255,66,9123,94,294135
9204,0.000108,74.125.130.0-255,4982,14105,94,294135
9205,0.00011,172.31.47.0-255,66,14171,94,294135
9206,0.000189,74.125.130.0-255,1484,15655,94,294135
9207,0.000194,172.31.47.0-255,66,15721,94,294135
9208,0.000198,74.125.130.0-255,1484,17205,94,294135
9209,0.0002,172.31.47.0-255,66,17271,94,294135
9210,0.000224,74.125.130.0-255,2902,20173,94,294135
9211,0.000231,172.31.47.0-255,66,20239,94,294135
9212,0.000247,74.125.130.0-255,5738,25977,94,294135
9213,0.000255,172.31.47.0-255,66,26043,94,294135
9214,0.000257,74.125.130.0-255,1484,27527,94,294135
9215,0.00026,172.31.47.0-255,66,27593,94,294135
9216,0.000292,74.125.130.0-255,2902,30495,94,294135
9217,0.000296,172.31.47.0-255,66,30561,94,294135
9218,0.000299,74.125.130.0-255,1125,31686,94,294135
9219,0.000301,172.31.47.0-255,66,31752,94,294135
9220,0.000492,74.125.130.0-255,1484,33236,94,294135
9221,0.000498,172.31.47.0-255,66,33302,94,294135
9222,0.000532,74.125.130.0-255,2902,36204,94,294135
9223,0.000536,172.31.47.0-255,66,36270,94,294135
9224,0.000541,74.125.130.0-255,4320,40590,94,294135
9225,0.000544,172.31.47.0-255,66,40656,94,294135
9226,0.000563,74.125.130.0-255,4320,44976,94,294135
9227,0.000565,172.31.47.0-255,66,45042,94,294135
9228,0.000592,74.125.130.0-255,1484,46526,94,294135
9229,0.000608,74.125.130.0-255,5738,52264,94,294135
9230,0.000611,172.31.47.0-255,66,52330,94,294135
9231,0.000635,74.125.130.0-255,1125,53455,94,294135
9232,0.00064,74.125.130.0-255,1484,54939,94,294135
9233,0.000642,172.31.47.0-255,66,55005,94,294135
9234,0.000648,74.125.130.0-255,2902,57907,94,294135
9235,0.000651,172.31.47.0-255,66,57973,94,294135
9236,0.000686,74.125.130.0-255,7156,65129,94,294135
9237,0.00069,172.31.47.0-255,66,65195,94,294135
9238,0.000693,74.125.130.0-255,1125,66320,94,294135
9239,0.000894,172.31.47.0-255,66,66386,94,294135
9240,0.001368,74.125.130.0-255,647,67033,94,294135
9241,0.001421,172.31.47.0-255,66,67099,94,294135
9242,0.003497,74.125.130.0-255,1484,68583,94,294135
9243,0.003509,74.125.130.0-255,2902,71485,94,294135
9244,0.003514,172.31.47.0-255,66,71551,94,294135
9245,0.003519,74.125.130.0-255,1484,73035,94,294135
9246,0.005529,74.125.130.0-255,4320,77355,94,294135
9247,0.005536,172.31.47.0-255,66,77421,94,294135
9248,0.007549,74.125.130.0-255,5738,83159,94,294135
9249,0.007558,172.31.47.0-255,66,83225,94,294135
9250,0.00958,74.125.130.0-255,5738,88963,94,294135
9251,0.00959,172.31.47.0-255,66,89029,94,294135
9252,0.011611,74.125.130.0-255,5738,94767,94,294135
9253,0.011624,172.31.47.0-255,66,94833,94,294135
9254,0.013657,74.125.130.0-255,5738,100571,94,294135
9255,0.013667,172.31.47.0-255,66,100637,94,294135
9256,0.015696,74.125.130.0-255,5738,106375,94,294135
9257,0.015709,172.31.47.0-255,66,106441,94,294135
9258,0.017742,74.125.130.0-255,5738,112179,94,294135
9259,0.017756,172.31.47.0-255,66,112245,94,294135
9260,0.019774,74.125.130.0-255,5738,117983,94,294135
9261,0.019783,172.31.47.0-255,66,118049,94,294135
9262,0.020243,172.31.47.0-255,172,118221,94,294135
9263,0.020274,172.31.47.0-255,1108,119329,94,294135
9264,0.020337,172.31.47.0-255,1514,120843,94,294135
9265,0.02034,172.31.47.0-255,1514,122357,94,294135
9266,0.020345,172.31.47.0-255,1514,123871,94,294135
9267,0.020346,172.31.47.0-255,1514,125385,94,294135
9268,0.020369,172.31.47.0-255,170,125555,94,294135
9269,0.021822,74.125.130.0-255,5738,131293,94,294135
9270,0.02183,172.31.47.0-255,66,131359,94,294135
9271,0.021837,104.244.42.0-255,66,131425,94,294135
9272,0.021848,104.244.42.0-255,66,131491,94,294135
9273,0.021905,104.244.42.0-255,66,131557,94,294135
9274,0.021909,104.244.42.0-255,66,131623,94,294135
9275,0.023849,74.125.130.0-255,5738,137361,94,294135
9276,0.023856,172.31.47.0-255,66,137427,94,294135
9277,0.025895,74.125.130.0-255,5738,143165,94,294135
9278,0.025904,172.31.47.0-255,66,143231,94,294135
9279,0.027945,74.125.130.0-255,5738,148969,94,294135
9280,0.027953,172.31.47.0-255,66,149035,94,294135
9281,0.029982,74.125.130.0-255,5738,154773,94,294135
9282,0.029988,172.31.47.0-255,66,154839,94,294135
9283,0.032079,74.125.130.0-255,5738,160577,94,294135
9284,0.032086,172.31.47.0-255,66,160643,94,294135
9285,0.034118,74.125.130.0-255,5738,166381,94,294135
9286,0.034126,172.31.47.0-255,66,166447,94,294135
9287,0.036151,74.125.130.0-255,5738,172185,94,294135
9288,0.036159,172.31.47.0-255,66,172251,94,294135
9289,0.038178,74.125.130.0-255,5738,177989,94,294135
9290,0.038185,172.31.47.0-255,66,178055,94,294135
9291,0.04021,74.125.130.0-255,5738,183793,94,294135
9292,0.040216,172.31.47.0-255,66,183859,94,294135
9293,0.042246,74.125.130.0-255,5738,189597,94,294135
9294,0.042253,172.31.47.0-255,66,189663,94,294135
9295,0.044286,74.125.130.0-255,5738,195401,94,294135
9296,0.044294,172.31.47.0-255,66,195467,94,294135
9297,0.046318,74.125.130.0-255,5738,201205,94,294135
9298,0.046323,172.31.47.0-255,66,201271,94,294135
9299,0.048343,74.125.130.0-255,5738,207009,94,294135
9300,0.048349,172.31.47.0-255,66,207075,94,294135
9301,0.050405,74.125.130.0-255,5738,212813,94,294135
9302,0.050413,172.31.47.0-255,66,212879,94,294135
9303,0.052446,74.125.130.0-255,5738,218617,94,294135
9304,0.052455,172.31.47.0-255,66,218683,94,294135
9305,0.05449,74.125.130.0-255,5738,224421,94,294135
9306,0.054498,172.31.47.0-255,66,224487,94,294135
9307,0.056522,74.125.130.0-255,5738,230225,94,294135
9308,0.056529,172.31.47.0-255,66,230291,94,294135
9309,0.058567,74.125.130.0-255,5738,236029,94,294135
9310,0.058574,172.31.47.0-255,66,236095,94,294135
9311,0.060609,74.125.130.0-255,5738,241833,94,294135
9312,0.060616,172.31.47.0-255,66,241899,94,294135
9313,0.062644,74.125.130.0-255,5738,247637,94,294135
9314,0.062651,172.31.47.0-255,66,247703,94,294135
9315,0.064677,74.125.130.0-255,5738,253441,94,294135
9316,0.064683,172.31.47.0-255,66,253507,94,294135
9317,0.066711,74.125.130.0-255,5738,259245,94,294135
9318,0.066729,172.31.47.0-255,66,259311,94,294135
9319,0.068779,74.125.130.0-255,5738,265049,94,294135
9320,0.068799,172.31.47.0-255,66,265115,94,294135
9321,0.070829,74.125.130.0-255,5738,270853,94,294135
9322,0.070845,172.31.47.0-255,66,270919,94,294135
9323,0.072876,74.125.130.0-255,5738,276657,94,294135
9324,0.072893,172.31.47.0-255,66,276723,94,294135
9325,0.074945,74.125.130.0-255,5738,282461,94,294135
9326,0.074962,172.31.47.0-255,66,282527,94,294135
9327,0.077005,74.125.130.0-255,5738,288265,94,294135
9328,0.07702,172.31.47.0-255,66,288331,94,294135
9329,0.079067,74.125.130.0-255,5738,294069,94,294135
9330,0.079084,172.31.47.0-255,66,294135,94,294135
9331,0.0,172.217.194.0-255,153,153,94,247798
9332,2.3e-05,172.31.47.0-255,66,219,94,247798
9333,3.1e-05,172.217.194.0-255,1484,1703,94,247798
9334,3.6e-05,172.31.47.0-255,66,1769,94,247798
9335,4.3e-05,172.217.194.0-255,2902,4671,94,247798
9336,5.7e-05,172.31.47.0-255,66,4737,94,247798
9337,6.5e-05,172.217.194.0-255,7156,11893,94,247798
9338,6.9e-05,172.31.47.0-255,66,11959,94,247798
9339,8e-05,172.31.47.0-255,66,12025,94,247798
9340,8.4e-05,172.217.194.0-255,2902,14927,94,247798
9341,8.7e-05,172.31.47.0-255,66,14993,94,247798
9342,0.000134,172.31.47.0-255,66,15059,94,247798
9343,0.00014,172.217.194.0-255,4320,19379,94,247798
9344,0.000142,172.31.47.0-255,66,19445,94,247798
9345,0.000172,172.217.194.0-255,7156,26601,94,247798
9346,0.00018,172.31.47.0-255,66,26667,94,247798
9347,0.000186,172.217.194.0-255,5379,32046,94,247798
9348,0.000188,172.31.47.0-255,66,32112,94,247798
9349,0.000357,172.217.194.0-255,1484,33596,94,247798
9350,0.000361,172.31.47.0-255,66,33662,94,247798
9351,0.000368,172.217.194.0-255,2902,36564,94,247798
9352,0.000371,172.31.47.0-255,66,36630,94,247798
9353,0.000374,172.217.194.0-255,1484,38114,94,247798
9354,0.00038,172.31.47.0-255,66,38180,94,247798
9355,0.000415,172.217.194.0-255,4320,42500,94,247798
9356,0.000418,172.31.47.0-255,66,42566,94,247798
9357,0.000425,172.217.194.0-255,5738,48304,94,247798
9358,0.000428,172.31.47.0-255,66,48370,94,247798
9359,0.000458,172.217.194.0-255,1704,50074,94,247798
9360,0.000461,172.31.47.0-255,66,50140,94,247798
9361,0.000495,172.217.194.0-255,1484,51624,94,247798
9362,0.0005,172.217.194.0-255,2902,54526,94,247798
9363,0.000503,172.31.47.0-255,66,54592,94,247798
9364,0.000524,172.217.194.0-255,5738,60330,94,247798
9365,0.000526,172.31.47.0-255,66,60396,94,247798
9366,0.000576,172.217.194.0-255,2902,63298,94,247798
9367,0.000579,172.31.47.0-255,66,63364,94,247798
9368,0.00062,172.31.47.0-255,66,63430,94,247798
9369,0.000625,172.217.194.0-255,4320,67750,94,247798
9370,0.000627,172.31.47.0-255,66,67816,94,247798
9371,0.000638,172.217.194.0-255,5379,73195,94,247798
9372,0.000641,172.31.47.0-255,66,73261,94,247798
9373,0.000978,172.217.194.0-255,1484,74745,94,247798
9374,0.000986,172.217.194.0-255,2902,77647,94,247798
9375,0.00099,172.31.47.0-255,66,77713,94,247798
9376,0.001016,172.217.194.0-255,1484,79197,94,247798
9377,0.001037,172.217.194.0-255,2902,82099,94,247798
9378,0.00104,172.31.47.0-255,66,82165,94,247798
9379,0.001047,172.217.194.0-255,5738,87903,94,247798
9380,0.001049,172.31.47.0-255,66,87969,94,247798
9381,0.001059,172.217.194.0-255,4320,92289,94,247798
9382,0.001061,172.31.47.0-255,66,92355,94,247798
9383,0.001093,172.31.47.0-255,66,92421,94,247798
9384,0.0011,172.217.194.0-255,6438,98859,94,247798
9385,0.001103,172.31.47.0-255,66,98925,94,247798
9386,0.001526,172.217.194.0-255,1484,100409,94,247798
9387,0.001544,172.217.194.0-255,2902,103311,94,247798
9388,0.001548,172.31.47.0-255,66,103377,94,247798
9389,0.001552,172.217.194.0-255,1484,104861,94,247798
9390,0.001582,172.217.194.0-255,4320,109181,94,247798
9391,0.001584,172.31.47.0-255,66,109247,94,247798
9392,0.001598,172.31.47.0-255,66,109313,94,247798
9393,0.001616,172.31.47.0-255,66,109379,94,247798
9394,0.001663,172.31.47.0-255,66,109445,94,247798
9395,0.001705,172.31.47.0-255,66,109511,94,247798
9396,0.001715,172.31.47.0-255,66,109577,94,247798
9397,0.001782,172.217.194.0-255,1484,111061,94,247798
9398,0.001787,172.217.194.0-255,2902,113963,94,247798
9399,0.001797,172.31.47.0-255,66,114029,94,247798
9400,0.001805,172.217.194.0-255,5738,119767,94,247798
9401,0.001808,172.31.47.0-255,66,119833,94,247798
9402,0.001832,172.217.194.0-255,1484,121317,94,247798
9403,0.001874,172.31.47.0-255,66,121383,94,247798
9404,0.001885,172.31.47.0-255,66,121449,94,247798
9405,0.001893,172.217.194.0-255,766,122215,94,247798
9406,0.001916,172.217.194.0-255,1484,123699,94,247798
9407,0.001919,172.31.47.0-255,66,123765,94,247798
9408,0.001924,172.217.194.0-255,4320,128085,94,247798
9409,0.001927,172.31.47.0-255,66,128151,94,247798
9410,0.001969,172.31.47.0-255,66,128217,94,247798
9411,0.001987,172.31.47.0-255,66,128283,94,247798
9412,0.002042,172.217.194.0-255,1484,129767,94,247798
9413,0.002055,172.31.47.0-255,66,129833,94,247798
9414,0.002066,172.31.47.0-255,66,129899,94,247798
9415,0.002084,172.31.47.0-255,66,129965,94,247798
9416,0.002091,172.217.194.0-255,6438,136403,94,247798
9417,0.002094,172.31.47.0-255,66,136469,94,247798
9418,0.004135,172.217.194.0-255,5738,142207,94,247798
9419,0.004146,172.31.47.0-255,66,142273,94,247798
9420,0.00616,172.217.194.0-255,5738,148011,94,247798
9421,0.006167,172.31.47.0-255,66,148077,94,247798
9422,0.008194,172.217.194.0-255,5738,153815,94,247798
9423,0.008216,172.31.47.0-255,66,153881,94,247798
9424,0.010212,172.217.194.0-255,5738,159619,94,247798
9425,0.010222,172.31.47.0-255,66,159685,94,247798
9426,0.012226,172.217.194.0-255,5738,165423,94,247798
9427,0.012237,172.31.47.0-255,66,165489,94,247798
9428,0.014258,172.217.194.0-255,5738,171227,94,247798
9429,0.014276,172.31.47.0-255,66,171293,94,247798
9430,0.016289,172.217.194.0-255,5738,177031,94,247798
9431,0.016308,172.31.47.0-255,66,177097,94,247798
9432,0.01831,172.217.194.0-255,5738,182835,94,247798
9433,0.018329,172.31.47.0-255,66,182901,94,247798
9434,0.020352,172.217.194.0-255,5738,188639,94,247798
9435,0.020367,172.31.47.0-255,66,188705,94,247798
9436,0.0224,172.217.194.0-255,5738,194443,94,247798
9437,0.022416,172.31.47.0-255,66,194509,94,247798
9438,0.02443,172.217.194.0-255,5738,200247,94,247798
9439,0.024447,172.31.47.0-255,66,200313,94,247798
9440,0.026485,172.217.194.0-255,5738,206051,94,247798
9441,0.026501,172.31.47.0-255,66,206117,94,247798
9442,0.028538,172.217.194.0-255,5738,211855,94,247798
9443,0.028551,172.31.47.0-255,66,211921,94,247798
9444,0.030586,172.217.194.0-255,5738,217659,94,247798
9445,0.030609,172.31.47.0-255,66,217725,94,247798
9446,0.032646,172.217.194.0-255,5738,223463,94,247798
9447,0.032667,172.31.47.0-255,66,223529,94,247798
9448,0.034679,172.217.194.0-255,5738,229267,94,247798
9449,0.034699,172.31.47.0-255,66,229333,94,247798
9450,0.036735,172.217.194.0-255,5738,235071,94,247798
9451,0.036756,172.31.47.0-255,66,235137,94,247798
9452,0.038787,172.217.194.0-255,5738,240875,94,247798
9453,0.038805,172.31.47.0-255,66,240941,94,247798
9454,0.040849,172.217.194.0-255,5071,246012,94,247798
9455,0.040861,172.31.47.0-255,66,246078,94,247798
9456,0.041068,172.31.47.0-255,105,246183,94,247798
9457,0.043049,172.217.194.0-255,66,246249,94,247798
9458,0.048772,172.31.47.0-255,172,246421,94,247798
9459,0.048805,172.31.47.0-255,1071,247492,94,247798
9460,0.050325,104.244.42.0-255,66,247558,94,247798
9461,0.050365,104.244.42.0-255,66,247624,94,247798
9462,0.051053,104.244.42.0-255,108,247732,94,247798
9463,0.051061,172.31.47.0-255,66,247798,94,247798
9464,0.0,74.125.200.0-255,153,153,94,313713
9465,2.3e-05,172.31.47.0-255,66,219,94,313713
9466,2.9e-05,74.125.200.0-255,1484,1703,94,313713
9467,3.2e-05,172.31.47.0-255,66,1769,94,313713
9468,3.7e-05,74.125.200.0-255,2902,4671,94,313713
9469,3.9e-05,172.31.47.0-255,66,4737,94,313713
9470,4.3e-05,74.125.200.0-255,2902,7639,94,313713
9471,4.5e-05,172.31.47.0-255,66,7705,94,313713
9472,7e-05,74.125.200.0-255,4320,12025,94,313713
9473,7.2e-05,172.31.47.0-255,66,12091,94,313713
9474,8.2e-05,74.125.200.0-255,1973,14064,94,313713
9475,8.5e-05,172.31.47.0-255,66,14130,94,313713
9476,0.00018,74.125.200.0-255,1484,15614,94,313713
9477,0.000182,172.31.47.0-255,66,15680,94,313713
9478,0.000185,74.125.200.0-255,1484,17164,94,313713
9479,0.000187,172.31.47.0-255,66,17230,94,313713
9480,0.000215,74.125.200.0-255,1484,18714,94,313713
9481,0.000217,172.31.47.0-255,66,18780,94,313713
9482,0.00022,74.125.200.0-255,2902,21682,94,313713
9483,0.000222,172.31.47.0-255,66,21748,94,313713
9484,0.000226,74.125.200.0-255,4320,26068,94,313713
9485,0.000231,172.31.47.0-255,66,26134,94,313713
9486,0.000267,74.125.200.0-255,2902,29036,94,313713
9487,0.000269,172.31.47.0-255,66,29102,94,313713
9488,0.000295,74.125.200.0-255,3961,33063,94,313713
9489,0.000297,172.31.47.0-255,66,33129,94,313713
9490,0.000303,74.125.200.0-255,7156,40285,94,313713
9491,0.000304,172.31.47.0-255,66,40351,94,313713
9492,0.000328,74.125.200.0-255,7156,47507,94,313713
9493,0.00033,172.31.47.0-255,66,47573,94,313713
9494,0.000358,74.125.200.0-255,7156,54729,94,313713
9495,0.000361,172.31.47.0-255,66,54795,94,313713
9496,0.000383,74.125.200.0-255,1484,56279,94,313713
9497,0.00039,74.125.200.0-255,7156,63435,94,313713
9498,0.000391,172.31.47.0-255,66,63501,94,313713
9499,0.000412,74.125.200.0-255,2184,65685,94,313713
9500,0.000414,172.31.47.0-255,66,65751,94,313713
9501,0.000726,74.125.200.0-255,646,66397,94,313713
9502,0.000747,74.125.200.0-255,1484,67881,94,313713
9503,0.000751,172.31.47.0-255,66,67947,94,313713
9504,0.000758,74.125.200.0-255,1484,69431,94,313713
9505,0.000775,74.125.200.0-255,2902,72333,94,313713
9506,0.000777,172.31.47.0-255,66,72399,94,313713
9507,0.000781,74.125.200.0-255,2902,75301,94,313713
9508,0.000782,172.31.47.0-255,66,75367,94,313713
9509,0.000801,74.125.200.0-255,2902,78269,94,313713
9510,0.000802,172.31.47.0-255,66,78335,94,313713
9511,0.000831,172.31.47.0-255,66,78401,94,313713
9512,0.00086,74.125.200.0-255,4320,82721,94,313713
9513,0.000862,172.31.47.0-255,66,82787,94,313713
9514,0.000867,74.125.200.0-255,4320,87107,94,313713
9515,0.000869,172.31.47.0-255,66,87173,94,313713
9516,0.000896,74.125.200.0-255,5020,92193,94,313713
9517,0.000898,172.31.47.0-255,66,92259,94,313713
9518,0.000915,74.125.200.0-255,4320,96579,94,313713
9519,0.000917,172.31.47.0-255,66,96645,94,313713
9520,0.000945,74.125.200.0-255,4320,100965,94,313713
9521,0.000948,172.31.47.0-255,66,101031,94,313713
9522,0.000962,172.31.47.0-255,66,101097,94,313713
9523,0.000995,172.31.47.0-255,66,101163,94,313713
9524,0.00102,74.125.200.0-255,3602,104765,94,313713
9525,0.001023,172.31.47.0-255,66,104831,94,313713
9526,0.003205,74.125.200.0-255,1484,106315,94,313713
9527,0.003228,74.125.200.0-255,1484,107799,94,313713
9528,0.003232,172.31.47.0-255,66,107865,94,313713
9529,0.003259,74.125.200.0-255,2902,110767,94,313713
9530,0.003262,172.31.47.0-255,66,110833,94,313713
9531,0.005454,74.125.200.0-255,2902,113735,94,313713
9532,0.005459,172.31.47.0-255,66,113801,94,313713
9533,0.005478,74.125.200.0-255,2902,116703,94,313713
9534,0.00548,172.31.47.0-255,66,116769,94,313713
9535,0.007673,74.125.200.0-255,2902,119671,94,313713
9536,0.00768,172.31.47.0-255,66,119737,94,313713
9537,0.007717,74.125.200.0-255,2902,122639,94,313713
9538,0.00772,172.31.47.0-255,66,122705,94,313713
9539,0.009893,74.125.200.0-255,2902,125607,94,313713
9540,0.009901,172.31.47.0-255,66,125673,94,313713
9541,0.009927,74.125.200.0-255,1484,127157,94,313713
9542,0.00994,74.125.200.0-255,1484,128641,94,313713
9543,0.009942,172.31.47.0-255,66,128707,94,313713
9544,0.012129,74.125.200.0-255,2902,131609,94,313713
9545,0.012136,172.31.47.0-255,66,131675,94,313713
9546,0.012163,74.125.200.0-255,2902,134577,94,313713
9547,0.012166,172.31.47.0-255,66,134643,94,313713
9548,0.014367,74.125.200.0-255,2902,137545,94,313713
9549,0.014374,172.31.47.0-255,66,137611,94,313713
9550,0.014403,74.125.200.0-255,2902,140513,94,313713
9551,0.014406,172.31.47.0-255,66,140579,94,313713
9552,0.016609,74.125.200.0-255,4320,144899,94,313713
9553,0.016618,172.31.47.0-255,66,144965,94,313713
9554,0.016644,74.125.200.0-255,1484,146449,94,313713
9555,0.018879,74.125.200.0-255,4320,150769,94,313713
9556,0.018886,172.31.47.0-255,66,150835,94,313713
9557,0.021101,74.125.200.0-255,5738,156573,94,313713
9558,0.021107,172.31.47.0-255,66,156639,94,313713
9559,0.023323,74.125.200.0-255,4320,160959,94,313713
9560,0.023325,172.31.47.0-255,66,161025,94,313713
9561,0.023346,74.125.200.0-255,1484,162509,94,313713
9562,0.025537,74.125.200.0-255,4320,166829,94,313713
9563,0.025542,172.31.47.0-255,66,166895,94,313713
9564,0.027801,74.125.200.0-255,5738,172633,94,313713
9565,0.027806,172.31.47.0-255,66,172699,94,313713
9566,0.027852,172.31.47.0-255,172,172871,94,313713
9567,0.027876,172.31.47.0-255,1118,173989,94,313713
9568,0.027955,172.31.47.0-255,1514,175503,94,313713
9569,0.027957,172.31.47.0-255,1286,176789,94,313713
9570,0.029392,104.244.42.0-255,66,176855,94,313713
9571,0.029432,104.244.42.0-255,66,176921,94,313713
9572,0.029541,104.244.42.0-255,66,176987,94,313713
9573,0.030063,74.125.200.0-255,2902,179889,94,313713
9574,0.030066,172.31.47.0-255,66,179955,94,313713
9575,0.030099,74.125.200.0-255,2902,182857,94,313713
9576,0.030101,172.31.47.0-255,66,182923,94,313713
9577,0.032273,74.125.200.0-255,1484,184407,94,313713
9578,0.032298,74.125.200.0-255,1484,185891,94,313713
9579,0.032302,172.31.47.0-255,66,185957,94,313713
9580,0.032328,74.125.200.0-255,2902,188859,94,313713
9581,0.03233,172.31.47.0-255,66,188925,94,313713
9582,0.034522,74.125.200.0-255,2902,191827,94,313713
9583,0.034528,172.31.47.0-255,66,191893,94,313713
9584,0.034566,74.125.200.0-255,2902,194795,94,313713
9585,0.03457,172.31.47.0-255,66,194861,94,313713
9586,0.036732,74.125.200.0-255,2902,197763,94,313713
9587,0.036738,172.31.47.0-255,66,197829,94,313713
9588,0.036765,74.125.200.0-255,2902,200731,94,313713
9589,0.036767,172.31.47.0-255,66,200797,94,313713
9590,0.038957,74.125.200.0-255,2902,203699,94,313713
9591,0.038962,172.31.47.0-255,66,203765,94,313713
9592,0.038985,74.125.200.0-255,2902,206667,94,313713
9593,0.038987,172.31.47.0-255,66,206733,94,313713
9594,0.04117,74.125.200.0-255,2902,209635,94,313713
9595,0.041175,172.31.47.0-255,66,209701,94,313713
9596,0.0412,74.125.200.0-255,2902,212603,94,313713
9597,0.041203,172.31.47.0-255,66,212669,94,313713
9598,0.043394,74.125.200.0-255,2902,215571,94,313713
9599,0.043399,172.31.47.0-255,66,215637,94,313713
9600,0.043426,74.125.200.0-255,2902,218539,94,313713
9601,0.043428,172.31.47.0-255,66,218605,94,313713
9602,0.045624,74.125.200.0-255,2902,221507,94,313713
9603,0.04563,172.31.47.0-255,66,221573,94,313713
9604,0.045665,74.125.200.0-255,2902,224475,94,313713
9605,0.045668,172.31.47.0-255,66,224541,94,313713
9606,0.047847,74.125.200.0-255,2902,227443,94,313713
9607,0.047852,172.31.47.0-255,66,227509,94,313713
9608,0.047879,74.125.200.0-255,2902,230411,94,313713
9609,0.047882,172.31.47.0-255,66,230477,94,313713
9610,0.050085,74.125.200.0-255,2902,233379,94,313713
9611,0.05009,172.31.47.0-255,66,233445,94,313713
9612,0.050123,74.125.200.0-255,2902,236347,94,313713
9613,0.050126,172.31.47.0-255,66,236413,94,313713
9614,0.052298,74.125.200.0-255,2902,239315,94,313713
9615,0.052303,172.31.47.0-255,66,239381,94,313713
9616,0.052337,74.125.200.0-255,2902,242283,94,313713
9617,0.05234,172.31.47.0-255,66,242349,94,313713
9618,0.054518,74.125.200.0-255,2902,245251,94,313713
9619,0.054524,172.31.47.0-255,66,245317,94,313713
9620,0.054561,74.125.200.0-255,2902,248219,94,313713
9621,0.054564,172.31.47.0-255,66,248285,94,313713
9622,0.056736,74.125.200.0-255,2902,251187,94,313713
9623,0.05674,172.31.47.0-255,66,251253,94,313713
9624,0.056792,74.125.200.0-255,2902,254155,94,313713
9625,0.056795,172.31.47.0-255,66,254221,94,313713
9626,0.058988,74.125.200.0-255,2902,257123,94,313713
9627,0.058994,172.31.47.0-255,66,257189,94,313713
9628,0.059022,74.125.200.0-255,2902,260091,94,313713
9629,0.059024,172.31.47.0-255,66,260157,94,313713
9630,0.061222,74.125.200.0-255,2902,263059,94,313713
9631,0.061227,172.31.47.0-255,66,263125,94,313713
9632,0.061255,74.125.200.0-255,2902,266027,94,313713
9633,0.061257,172.31.47.0-255,66,266093,94,313713
9634,0.063435,74.125.200.0-255,2902,268995,94,313713
9635,0.06344,172.31.47.0-255,66,269061,94,313713
9636,0.063466,74.125.200.0-255,2902,271963,94,313713
9637,0.063469,172.31.47.0-255,66,272029,94,313713
9638,0.065657,74.125.200.0-255,2902,274931,94,313713
9639,0.065662,172.31.47.0-255,66,274997,94,313713
9640,0.065692,74.125.200.0-255,2902,277899,94,313713
9641,0.065695,172.31.47.0-255,66,277965,94,313713
9642,0.067879,74.125.200.0-255,2902,280867,94,313713
9643,0.067884,172.31.47.0-255,66,280933,94,313713
9644,0.067912,74.125.200.0-255,2902,283835,94,313713
9645,0.067915,172.31.47.0-255,66,283901,94,313713
9646,0.070104,74.125.200.0-255,2902,286803,94,313713
9647,0.070108,172.31.47.0-255,66,286869,94,313713
9648,0.070149,74.125.200.0-255,2902,289771,94,313713
9649,0.070152,172.31.47.0-255,66,289837,94,313713
9650,0.072322,74.125.200.0-255,2902,292739,94,313713
9651,0.072339,172.31.47.0-255,66,292805,94,313713
9652,0.072364,74.125.200.0-255,2902,295707,94,313713
9653,0.072368,172.31.47.0-255,66,295773,94,313713
9654,0.074554,74.125.200.0-255,2902,298675,94,313713
9655,0.07456,172.31.47.0-255,66,298741,94,313713
9656,0.07459,74.125.200.0-255,2902,301643,94,313713
9657,0.074593,172.31.47.0-255,66,301709,94,313713
9658,0.076793,74.125.200.0-255,2902,304611,94,313713
9659,0.076798,172.31.47.0-255,66,304677,94,313713
9660,0.076831,74.125.200.0-255,1484,306161,94,313713
9661,0.076847,74.125.200.0-255,1484,307645,94,313713
9662,0.07685,172.31.47.0-255,66,307711,94,313713
9663,0.079006,74.125.200.0-255,2902,310613,94,313713
9664,0.079011,172.31.47.0-255,66,310679,94,313713
9665,0.079064,74.125.200.0-255,1484,312163,94,313713
9666,0.079077,74.125.200.0-255,1484,313647,94,313713
9667,0.07908,172.31.47.0-255,66,313713,94,313713
9668,0.0,172.217.194.0-255,66,66,94,66
9669,0.0,172.217.194.0-255,153,153,94,301659
9670,1.4e-05,172.31.47.0-255,66,219,94,301659
9671,3.5e-05,172.217.194.0-255,1484,1703,94,301659
9672,3.8e-05,172.31.47.0-255,66,1769,94,301659
9673,5.5e-05,172.217.194.0-255,2902,4671,94,301659
9674,5.7e-05,172.31.47.0-255,66,4737,94,301659
9675,6e-05,172.217.194.0-255,1484,6221,94,301659
9676,6.2e-05,172.31.47.0-255,66,6287,94,301659
9677,9.8e-05,172.217.194.0-255,5738,12025,94,301659
9678,0.000101,172.31.47.0-255,66,12091,94,301659
9679,0.00012,172.217.194.0-255,2139,14230,94,301659
9680,0.000122,172.31.47.0-255,66,14296,94,301659
9681,0.000416,172.217.194.0-255,1484,15780,94,301659
9682,0.000421,172.31.47.0-255,66,15846,94,301659
9683,0.000426,172.217.194.0-255,2902,18748,94,301659
9684,0.000428,172.31.47.0-255,66,18814,94,301659
9685,0.000431,172.217.194.0-255,1484,20298,94,301659
9686,0.000432,172.31.47.0-255,66,20364,94,301659
9687,0.000449,172.217.194.0-255,4320,24684,94,301659
9688,0.000451,172.31.47.0-255,66,24750,94,301659
9689,0.00047,172.217.194.0-255,2902,27652,94,301659
9690,0.000473,172.31.47.0-255,66,27718,94,301659
9691,0.000492,172.217.194.0-255,3961,31679,94,301659
9692,0.000495,172.31.47.0-255,66,31745,94,301659
9693,0.000527,172.217.194.0-255,5738,37483,94,301659
9694,0.00053,172.31.47.0-255,66,37549,94,301659
9695,0.000552,172.217.194.0-255,1484,39033,94,301659
9696,0.000555,172.31.47.0-255,66,39099,94,301659
9697,0.000565,172.31.47.0-255,66,39165,94,301659
9698,0.000591,172.31.47.0-255,66,39231,94,301659
9699,0.000623,172.31.47.0-255,66,39297,94,301659
9700,0.000915,172.217.194.0-255,379,39676,94,301659
9701,0.000973,172.217.194.0-255,365,40041,94,301659
9702,0.001062,172.31.47.0-255,66,40107,94,301659
9703,0.001441,172.217.194.0-255,1484,41591,94,301659
9704,0.00145,172.217.194.0-255,2902,44493,94,301659
9705,0.001482,172.217.194.0-255,5738,50231,94,301659
9706,0.001489,172.31.47.0-255,66,50297,94,301659
9707,0.001496,172.217.194.0-255,7156,57453,94,301659
9708,0.0015,172.31.47.0-255,66,57519,94,301659
9709,0.001512,172.217.194.0-255,2902,60421,94,301659
9710,0.001535,172.31.47.0-255,66,60487,94,301659
9711,0.001549,172.217.194.0-255,4320,64807,94,301659
9712,0.001579,172.31.47.0-255,66,64873,94,301659
9713,0.001919,172.217.194.0-255,1484,66357,94,301659
9714,0.001926,172.217.194.0-255,2902,69259,94,301659
9715,0.001929,172.31.47.0-255,66,69325,94,301659
9716,0.001952,172.217.194.0-255,5738,75063,94,301659
9717,0.001963,172.31.47.0-255,66,75129,94,301659
9718,0.00198,172.217.194.0-255,4320,79449,94,301659
9719,0.00199,172.31.47.0-255,66,79515,94,301659
9720,0.00201,172.217.194.0-255,4320,83835,94,301659
9721,0.00203,172.217.194.0-255,5738,89573,94,301659
9722,0.002036,172.31.47.0-255,66,89639,94,301659
9723,0.002042,172.217.194.0-255,766,90405,94,301659
9724,0.002212,172.31.47.0-255,66,90471,94,301659
9725,0.004022,172.217.194.0-255,2902,93373,94,301659
9726,0.00404,172.217.194.0-255,1484,94857,94,301659
9727,0.004049,172.31.47.0-255,66,94923,94,301659
9728,0.004204,172.217.194.0-255,1484,96407,94,301659
9729,0.006045,172.217.194.0-255,4320,100727,94,301659
9730,0.006051,172.31.47.0-255,66,100793,94,301659
9731,0.008105,172.217.194.0-255,5738,106531,94,301659
9732,0.008157,172.31.47.0-255,66,106597,94,301659
9733,0.010148,172.217.194.0-255,5738,112335,94,301659
9734,0.010155,172.31.47.0-255,66,112401,94,301659
9735,0.012186,172.217.194.0-255,5738,118139,94,301659
9736,0.012195,172.31.47.0-255,66,118205,94,301659
9737,0.014225,172.217.194.0-255,5738,123943,94,301659
9738,0.014232,172.31.47.0-255,66,124009,94,301659
9739,0.01624,172.217.194.0-255,5738,129747,94,301659
9740,0.016246,172.31.47.0-255,66,129813,94,301659
9741,0.018298,172.217.194.0-255,5738,135551,94,301659
9742,0.018306,172.31.47.0-255,66,135617,94,301659
9743,0.020353,172.217.194.0-255,5738,141355,94,301659
9744,0.020358,172.31.47.0-255,66,141421,94,301659
9745,0.022185,172.31.47.0-255,172,141593,94,301659
9746,0.022229,172.31.47.0-255,1108,142701,94,301659
9747,0.022356,172.217.194.0-255,5738,148439,94,301659
9748,0.022361,172.31.47.0-255,66,148505,94,301659
9749,0.022413,172.31.47.0-255,1514,150019,94,301659
9750,0.022414,172.31.47.0-255,1296,151315,94,301659
9751,0.023697,104.244.42.0-255,66,151381,94,301659
9752,0.023741,104.244.42.0-255,66,151447,94,301659
9753,0.023999,104.244.42.0-255,66,151513,94,301659
9754,0.024398,172.217.194.0-255,5738,157251,94,301659
9755,0.024405,172.31.47.0-255,66,157317,94,301659
9756,0.02639,172.217.194.0-255,5738,163055,94,301659
9757,0.026394,172.31.47.0-255,66,163121,94,301659
9758,0.028404,172.217.194.0-255,5738,168859,94,301659
9759,0.028409,172.31.47.0-255,66,168925,94,301659
9760,0.030417,172.217.194.0-255,4320,173245,94,301659
9761,0.030422,172.31.47.0-255,66,173311,94,301659
9762,0.030445,172.217.194.0-255,1484,174795,94,301659
9763,0.03245,172.217.194.0-255,4320,179115,94,301659
9764,0.032455,172.31.47.0-255,66,179181,94,301659
9765,0.034483,172.217.194.0-255,5738,184919,94,301659
9766,0.034519,172.31.47.0-255,66,184985,94,301659
9767,0.036523,172.217.194.0-255,4320,189305,94,301659
9768,0.036528,172.31.47.0-255,66,189371,94,301659
9769,0.036549,172.217.194.0-255,1484,190855,94,301659
9770,0.038538,172.217.194.0-255,4320,195175,94,301659
9771,0.038545,172.31.47.0-255,66,195241,94,301659
9772,0.040547,172.217.194.0-255,5738,200979,94,301659
9773,0.040595,172.31.47.0-255,66,201045,94,301659
9774,0.042622,172.217.194.0-255,2902,203947,94,301659
9775,0.042627,172.31.47.0-255,66,204013,94,301659
9776,0.042656,172.217.194.0-255,2902,206915,94,301659
9777,0.042673,172.31.47.0-255,66,206981,94,301659
9778,0.044629,172.217.194.0-255,2902,209883,94,301659
9779,0.044634,172.31.47.0-255,66,209949,94,301659
9780,0.044651,172.217.194.0-255,2902,212851,94,301659
9781,0.045712,172.31.47.0-255,66,212917,94,301659
9782,0.046648,172.217.194.0-255,2902,215819,94,301659
9783,0.046655,172.31.47.0-255,66,215885,94,301659
9784,0.047739,172.217.194.0-255,2902,218787,94,301659
9785,0.048659,172.217.194.0-255,2902,221689,94,301659
9786,0.049614,172.31.47.0-255,66,221755,94,301659
9787,0.051622,172.217.194.0-255,5738,227493,94,301659
9788,0.051637,172.31.47.0-255,66,227559,94,301659
9789,0.053662,172.217.194.0-255,5738,233297,94,301659
9790,0.053677,172.31.47.0-255,66,233363,94,301659
9791,0.055753,172.217.194.0-255,5738,239101,94,301659
9792,0.055771,172.31.47.0-255,66,239167,94,301659
9793,0.057802,172.217.194.0-255,4320,243487,94,301659
9794,0.057809,172.31.47.0-255,66,243553,94,301659
9795,0.057838,172.217.194.0-255,1484,245037,94,301659
9796,0.059815,172.217.194.0-255,4320,249357,94,301659
9797,0.059827,172.31.47.0-255,66,249423,94,301659
9798,0.061901,172.217.194.0-255,5738,255161,94,301659
9799,0.061942,172.31.47.0-255,66,255227,94,301659
9800,0.063977,172.217.194.0-255,5738,260965,94,301659
9801,0.063992,172.31.47.0-255,66,261031,94,301659
9802,0.066017,172.217.194.0-255,5738,266769,94,301659
9803,0.066025,172.31.47.0-255,66,266835,94,301659
9804,0.06806,172.217.194.0-255,5738,272573,94,301659
9805,0.068079,172.31.47.0-255,66,272639,94,301659
9806,0.070108,172.217.194.0-255,5738,278377,94,301659
9807,0.070121,172.31.47.0-255,66,278443,94,301659
9808,0.072174,172.217.194.0-255,5738,284181,94,301659
9809,0.072188,172.31.47.0-255,66,284247,94,301659
9810,0.074229,172.217.194.0-255,5738,289985,94,301659
9811,0.074246,172.31.47.0-255,66,290051,94,301659
9812,0.076317,172.217.194.0-255,5738,295789,94,301659
9813,0.076361,172.31.47.0-255,66,295855,94,301659
9814,0.078421,172.217.194.0-255,5738,301593,94,301659
9815,0.078433,172.31.47.0-255,66,301659,94,301659
9816,0.0,172.31.47.0-255,105,105,94,276
9817,0.067705,31.13.82.0-255,105,210,94,276
9818,0.067716,172.31.47.0-255,66,276,94,276
9819,0.0,74.125.24.0-255,153,153,94,276036
9820,3.1e-05,172.31.47.0-255,66,219,94,276036
9821,3.7e-05,74.125.24.0-255,1484,1703,94,276036
9822,4.1e-05,172.31.47.0-255,66,1769,94,276036
9823,4.6e-05,74.125.24.0-255,2902,4671,94,276036
9824,4.8e-05,172.31.47.0-255,66,4737,94,276036
9825,6.1e-05,74.125.24.0-255,7156,11893,94,276036
9826,6.3e-05,172.31.47.0-255,66,11959,94,276036
9827,8.9e-05,74.125.24.0-255,1960,13919,94,276036
9828,9.2e-05,172.31.47.0-255,66,13985,94,276036
9829,0.000474,74.125.24.0-255,1484,15469,94,276036
9830,0.00048,172.31.47.0-255,66,15535,94,276036
9831,0.000488,74.125.24.0-255,2902,18437,94,276036
9832,0.000491,172.31.47.0-255,66,18503,94,276036
9833,0.000501,74.125.24.0-255,2902,21405,94,276036
9834,0.000503,172.31.47.0-255,66,21471,94,276036
9835,0.000528,74.125.24.0-255,4320,25791,94,276036
9836,0.000536,172.31.47.0-255,66,25857,94,276036
9837,0.000563,74.125.24.0-255,2902,28759,94,276036
9838,0.000568,172.31.47.0-255,66,28825,94,276036
9839,0.000584,74.125.24.0-255,2543,31368,94,276036
9840,0.000588,172.31.47.0-255,66,31434,94,276036
9841,0.001484,74.125.24.0-255,1484,32918,94,276036
9842,0.00149,172.31.47.0-255,66,32984,94,276036
9843,0.001498,74.125.24.0-255,2902,35886,94,276036
9844,0.001499,172.31.47.0-255,66,35952,94,276036
9845,0.001504,74.125.24.0-255,4320,40272,94,276036
9846,0.00151,172.31.47.0-255,66,40338,94,276036
9847,0.001523,74.125.24.0-255,1484,41822,94,276036
9848,0.001525,172.31.47.0-255,66,41888,94,276036
9849,0.001551,74.125.24.0-255,4320,46208,94,276036
9850,0.001553,172.31.47.0-255,66,46274,94,276036
9851,0.001601,74.125.24.0-255,2902,49176,94,276036
9852,0.001622,172.31.47.0-255,66,49242,94,276036
9853,0.001628,74.125.24.0-255,6797,56039,94,276036
9854,0.001636,172.31.47.0-255,66,56105,94,276036
9855,0.001865,74.125.24.0-255,399,56504,94,276036
9856,0.00188,172.31.47.0-255,66,56570,94,276036
9857,0.002044,74.125.24.0-255,1484,58054,94,276036
9858,0.00207,74.125.24.0-255,1484,59538,94,276036
9859,0.002073,172.31.47.0-255,66,59604,94,276036
9860,0.0021,74.125.24.0-255,2902,62506,94,276036
9861,0.002105,74.125.24.0-255,5738,68244,94,276036
9862,0.002108,74.125.24.0-255,2902,71146,94,276036
9863,0.002118,172.31.47.0-255,66,71212,94,276036
9864,0.00213,74.125.24.0-255,2902,74114,94,276036
9865,0.002153,74.125.24.0-255,7156,81270,94,276036
9866,0.002155,74.125.24.0-255,1484,82754,94,276036
9867,0.00216,172.31.47.0-255,66,82820,94,276036
9868,0.0022,172.31.47.0-255,66,82886,94,276036
9869,0.004501,74.125.24.0-255,5738,88624,94,276036
9870,0.004506,172.31.47.0-255,66,88690,94,276036
9871,0.006749,74.125.24.0-255,2902,91592,94,276036
9872,0.006755,172.31.47.0-255,66,91658,94,276036
9873,0.006783,74.125.24.0-255,2902,94560,94,276036
9874,0.006809,172.31.47.0-255,66,94626,94,276036
9875,0.009002,74.125.24.0-255,2902,97528,94,276036
9876,0.009009,172.31.47.0-255,66,97594,94,276036
9877,0.009142,74.125.24.0-255,2902,100496,94,276036
9878,0.009145,172.31.47.0-255,66,100562,94,276036
9879,0.011284,74.125.24.0-255,2902,103464,94,276036
9880,0.011293,172.31.47.0-255,66,103530,94,276036
9881,0.011405,74.125.24.0-255,2902,106432,94,276036
9882,0.011411,172.31.47.0-255,66,106498,94,276036
9883,0.013622,74.125.24.0-255,2902,109400,94,276036
9884,0.01363,172.31.47.0-255,66,109466,94,276036
9885,0.013661,74.125.24.0-255,2902,112368,94,276036
9886,0.013711,172.31.47.0-255,66,112434,94,276036
9887,0.015881,74.125.24.0-255,2902,115336,94,276036
9888,0.015889,172.31.47.0-255,66,115402,94,276036
9889,0.01594,74.125.24.0-255,2902,118304,94,276036
9890,0.015957,172.31.47.0-255,66,118370,94,276036
9891,0.018194,74.125.24.0-255,5738,124108,94,276036
9892,0.018409,172.31.47.0-255,66,124174,94,276036
9893,0.018753,172.31.47.0-255,172,124346,94,276036
9894,0.018785,172.31.47.0-255,1117,125463,94,276036
9895,0.018841,172.31.47.0-255,1514,126977,94,276036
9896,0.018843,172.31.47.0-255,1287,128264,94,276036
9897,0.020296,104.244.42.0-255,66,128330,94,276036
9898,0.020346,104.244.42.0-255,66,128396,94,276036
9899,0.020455,104.244.42.0-255,66,128462,94,276036
9900,0.020683,74.125.24.0-255,5738,134200,94,276036
9901,0.020689,172.31.47.0-255,66,134266,94,276036
9902,0.022964,74.125.24.0-255,4320,138586,94,276036
9903,0.02297,172.31.47.0-255,66,138652,94,276036
9904,0.023004,74.125.24.0-255,1484,140136,94,276036
9905,0.025201,74.125.24.0-255,4320,144456,94,276036
9906,0.025205,172.31.47.0-255,66,144522,94,276036
9907,0.027448,74.125.24.0-255,5738,150260,94,276036
9908,0.027493,172.31.47.0-255,66,150326,94,276036
9909,0.029801,74.125.24.0-255,5738,156064,94,276036
9910,0.029805,172.31.47.0-255,66,156130,94,276036
9911,0.032031,74.125.24.0-255,5738,161868,94,276036
9912,0.032036,172.31.47.0-255,66,161934,94,276036
9913,0.034289,74.125.24.0-255,5738,167672,94,276036
9914,0.034295,172.31.47.0-255,66,167738,94,276036
9915,0.036567,74.125.24.0-255,5738,173476,94,276036
9916,0.036574,172.31.47.0-255,66,173542,94,276036
9917,0.038817,74.125.24.0-255,5738,179280,94,276036
9918,0.038822,172.31.47.0-255,66,179346,94,276036
9919,0.041061,74.125.24.0-255,4320,183666,94,276036
9920,0.041066,172.31.47.0-255,66,183732,94,276036
9921,0.041102,74.125.24.0-255,1484,185216,94,276036
9922,0.04332,74.125.24.0-255,4320,189536,94,276036
9923,0.043328,172.31.47.0-255,66,189602,94,276036
9924,0.045588,74.125.24.0-255,4320,193922,94,276036
9925,0.045593,172.31.47.0-255,66,193988,94,276036
9926,0.045622,74.125.24.0-255,1484,195472,94,276036
9927,0.047865,74.125.24.0-255,4320,199792,94,276036
9928,0.047869,172.31.47.0-255,66,199858,94,276036
9929,0.050116,74.125.24.0-255,4320,204178,94,276036
9930,0.050121,172.31.47.0-255,66,204244,94,276036
9931,0.05015,74.125.24.0-255,1484,205728,94,276036
9932,0.052373,74.125.24.0-255,4320,210048,94,276036
9933,0.052378,172.31.47.0-255,66,210114,94,276036
9934,0.054625,74.125.24.0-255,5738,215852,94,276036
9935,0.05468,172.31.47.0-255,66,215918,94,276036
9936,0.056946,74.125.24.0-255,2902,218820,94,276036
9937,0.056951,172.31.47.0-255,66,218886,94,276036
9938,0.056983,74.125.24.0-255,2902,221788,94,276036
9939,0.056995,172.31.47.0-255,66,221854,94,276036
9940,0.059219,74.125.24.0-255,5738,227592,94,276036
9941,0.059262,172.31.47.0-255,66,227658,94,276036
9942,0.061529,74.125.24.0-255,5738,233396,94,276036
9943,0.061533,172.31.47.0-255,66,233462,94,276036
9944,0.063808,74.125.24.0-255,4320,237782,94,276036
9945,0.063814,172.31.47.0-255,66,237848,94,276036
9946,0.06384,74.125.24.0-255,1484,239332,94,276036
9947,0.066113,74.125.24.0-255,4320,243652,94,276036
9948,0.066118,172.31.47.0-255,66,243718,94,276036
9949,0.068411,74.125.24.0-255,5738,249456,94,276036
9950,0.068457,172.31.47.0-255,66,249522,94,276036
9951,0.070704,74.125.24.0-255,2902,252424,94,276036
9952,0.070708,172.31.47.0-255,66,252490,94,276036
9953,0.070736,74.125.24.0-255,2902,255392,94,276036
9954,0.070753,172.31.47.0-255,66,255458,94,276036
9955,0.072992,74.125.24.0-255,4320,259778,94,276036
9956,0.072996,172.31.47.0-255,66,259844,94,276036
9957,0.073023,74.125.24.0-255,1484,261328,94,276036
9958,0.075275,74.125.24.0-255,2902,264230,94,276036
9959,0.07528,172.31.47.0-255,66,264296,94,276036
9960,0.075306,74.125.24.0-255,1484,265780,94,276036
9961,0.077528,74.125.24.0-255,4320,270100,94,276036
9962,0.077573,172.31.47.0-255,66,270166,94,276036
9963,0.079822,74.125.24.0-255,4320,274486,94,276036
9964,0.079826,172.31.47.0-255,66,274552,94,276036
9965,0.079852,74.125.24.0-255,1484,276036,94,276036
9966,0.0,172.217.194.0-255,153,153,94,199321
9967,3.2e-05,172.31.47.0-255,66,219,94,199321
9968,3.9e-05,172.217.194.0-255,1484,1703,94,199321
9969,4.4e-05,172.31.47.0-255,66,1769,94,199321
9970,4.9e-05,172.217.194.0-255,2902,4671,94,199321
9971,5.9e-05,172.31.47.0-255,66,4737,94,199321
9972,6.5e-05,172.217.194.0-255,4320,9057,94,199321
9973,6.7e-05,172.31.47.0-255,66,9123,94,199321
9974,0.000102,172.217.194.0-255,4881,14004,94,199321
9975,0.000106,172.31.47.0-255,66,14070,94,199321
9976,0.000487,172.217.194.0-255,1484,15554,94,199321
9977,0.000494,172.31.47.0-255,66,15620,94,199321
9978,0.000503,172.217.194.0-255,2902,18522,94,199321
9979,0.000506,172.31.47.0-255,66,18588,94,199321
9980,0.00052,172.217.194.0-255,5738,24326,94,199321
9981,0.000523,172.31.47.0-255,66,24392,94,199321
9982,0.000556,172.31.47.0-255,66,24458,94,199321
9983,0.000576,172.217.194.0-255,5379,29837,94,199321
9984,0.000581,172.31.47.0-255,66,29903,94,199321
9985,0.000595,172.31.47.0-255,66,29969,94,199321
9986,0.0006,172.217.194.0-255,4320,34289,94,199321
9987,0.000603,172.31.47.0-255,66,34355,94,199321
9988,0.000643,172.31.47.0-255,66,34421,94,199321
9989,0.000646,172.217.194.0-255,378,34799,94,199321
9990,0.000648,172.31.47.0-255,66,34865,94,199321
9991,0.00067,172.217.194.0-255,364,35229,94,199321
9992,0.000673,172.31.47.0-255,66,35295,94,199321
9993,0.000854,172.217.194.0-255,1484,36779,94,199321
9994,0.00086,172.31.47.0-255,66,36845,94,199321
9995,0.000894,172.217.194.0-255,2902,39747,94,199321
9996,0.000898,172.31.47.0-255,66,39813,94,199321
9997,0.000901,172.217.194.0-255,1484,41297,94,199321
9998,0.000906,172.217.194.0-255,2902,44199,94,199321
9999,0.000909,172.31.47.0-255,66,44265,94,199321
10000,0.000942,172.217.194.0-255,2902,47167,94,199321
10001,0.000945,172.31.47.0-255,66,47233,94,199321
10002,0.000958,172.31.47.0-255,66,47299,94,199321
10003,0.000963,172.217.194.0-255,5738,53037,94,199321
10004,0.000966,172.31.47.0-255,66,53103,94,199321
10005,0.00099,172.217.194.0-255,1484,54587,94,199321
10006,0.001041,172.31.47.0-255,66,54653,94,199321
10007,0.001069,172.217.194.0-255,2184,56837,94,199321
10008,0.001071,172.31.47.0-255,66,56903,94,199321
10009,0.001077,172.217.194.0-255,4831,61734,94,199321
10010,0.001079,172.31.47.0-255,66,61800,94,199321
10011,0.00116,172.217.194.0-255,1484,63284,94,199321
10012,0.001178,172.217.194.0-255,2902,66186,94,199321
10013,0.00118,172.31.47.0-255,66,66252,94,199321
10014,0.001183,172.217.194.0-255,1484,67736,94,199321
10015,0.001207,172.217.194.0-255,4320,72056,94,199321
10016,0.001209,172.31.47.0-255,66,72122,94,199321
10017,0.001215,172.217.194.0-255,5738,77860,94,199321
10018,0.001218,172.31.47.0-255,66,77926,94,199321
10019,0.001222,172.217.194.0-255,2902,80828,94,199321
10020,0.001224,172.31.47.0-255,66,80894,94,199321
10021,0.001261,172.31.47.0-255,66,80960,94,199321
10022,0.001267,172.217.194.0-255,5020,85980,94,199321
10023,0.001271,172.31.47.0-255,66,86046,94,199321
10024,0.001281,172.217.194.0-255,2902,88948,94,199321
10025,0.001283,172.31.47.0-255,66,89014,94,199321
10026,0.001316,172.217.194.0-255,2902,91916,94,199321
10027,0.00134,172.31.47.0-255,66,91982,94,199321
10028,0.001342,172.31.47.0-255,66,92048,94,199321
10029,0.001343,172.31.47.0-255,66,92114,94,199321
10030,0.001366,172.217.194.0-255,7156,99270,94,199321
10031,0.001369,172.31.47.0-255,66,99336,94,199321
10032,0.001373,172.217.194.0-255,3602,102938,94,199321
10033,0.001375,172.31.47.0-255,66,103004,94,199321
10034,0.001379,172.217.194.0-255,2902,105906,94,199321
10035,0.001381,172.31.47.0-255,66,105972,94,199321
10036,0.001401,172.217.194.0-255,1484,107456,94,199321
10037,0.001408,172.217.194.0-255,7156,114612,94,199321
10038,0.001411,172.31.47.0-255,66,114678,94,199321
10039,0.001432,172.217.194.0-255,2902,117580,94,199321
10040,0.001434,172.31.47.0-255,66,117646,94,199321
10041,0.001446,172.31.47.0-255,66,117712,94,199321
10042,0.001474,172.31.47.0-255,66,117778,94,199321
10043,0.001803,172.217.194.0-255,1484,119262,94,199321
10044,0.001808,172.217.194.0-255,2902,122164,94,199321
10045,0.00181,172.31.47.0-255,66,122230,94,199321
10046,0.001839,172.217.194.0-255,5738,127968,94,199321
10047,0.001841,172.31.47.0-255,66,128034,94,199321
10048,0.001844,172.217.194.0-255,1484,129518,94,199321
10049,0.001874,172.31.47.0-255,66,129584,94,199321
10050,0.00188,172.217.194.0-255,7156,136740,94,199321
10051,0.001882,172.31.47.0-255,66,136806,94,199321
10052,0.001902,172.217.194.0-255,3602,140408,94,199321
10053,0.001904,172.31.47.0-255,66,140474,94,199321
10054,0.00199,172.217.194.0-255,1484,141958,94,199321
10055,0.002013,172.217.194.0-255,2902,144860,94,199321
10056,0.002016,172.31.47.0-255,66,144926,94,199321
10057,0.002021,172.217.194.0-255,4320,149246,94,199321
10058,0.002094,172.217.194.0-255,3602,152848,94,199321
10059,0.002113,172.217.194.0-255,1484,154332,94,199321
10060,0.002124,172.217.194.0-255,1484,155816,94,199321
10061,0.002129,172.217.194.0-255,4320,160136,94,199321
10062,0.002244,172.217.194.0-255,5738,165874,94,199321
10063,0.00225,172.217.194.0-255,4320,170194,94,199321
10064,0.002286,172.217.194.0-255,2902,173096,94,199321
10065,0.002332,172.217.194.0-255,5020,178116,94,199321
10066,0.002364,172.217.194.0-255,5738,183854,94,199321
10067,0.002371,172.217.194.0-255,6438,190292,94,199321
10068,0.002392,172.217.194.0-255,2902,193194,94,199321
10069,0.002438,172.217.194.0-255,1431,194625,94,199321
10070,0.003473,172.31.47.0-255,66,194691,94,199321
10071,0.005801,172.217.194.0-255,105,194796,94,199321
10072,0.006434,172.31.47.0-255,66,194862,94,199321
10073,0.006458,172.31.47.0-255,105,194967,94,199321
10074,0.00878,172.217.194.0-255,66,195033,94,199321
10075,0.024606,172.31.47.0-255,172,195205,94,199321
10076,0.024639,172.31.47.0-255,1117,196322,94,199321
10077,0.024663,172.31.47.0-255,1514,197836,94,199321
10078,0.024664,172.31.47.0-255,1287,199123,94,199321
10079,0.026161,104.244.42.0-255,66,199189,94,199321
10080,0.026169,104.244.42.0-255,66,199255,94,199321
10081,0.026237,104.244.42.0-255,66,199321,94,199321
10082,0.0,74.125.130.0-255,153,153,94,357828
10083,2.7e-05,172.31.47.0-255,66,219,94,357828
10084,3.3e-05,74.125.130.0-255,1484,1703,94,357828
10085,3.6e-05,172.31.47.0-255,66,1769,94,357828
10086,4.1e-05,74.125.130.0-255,2902,4671,94,357828
10087,4.2e-05,172.31.47.0-255,66,4737,94,357828
10088,4.7e-05,74.125.130.0-255,4320,9057,94,357828
10089,5e-05,172.31.47.0-255,66,9123,94,357828
10090,9.4e-05,74.125.130.0-255,4938,14061,94,357828
10091,9.7e-05,172.31.47.0-255,66,14127,94,357828
10092,0.000187,74.125.130.0-255,1484,15611,94,357828
10093,0.00019,172.31.47.0-255,66,15677,94,357828
10094,0.000194,74.125.130.0-255,1484,17161,94,357828
10095,0.000197,172.31.47.0-255,66,17227,94,357828
10096,0.000201,74.125.130.0-255,2902,20129,94,357828
10097,0.000203,172.31.47.0-255,66,20195,94,357828
10098,0.000207,74.125.130.0-255,2902,23097,94,357828
10099,0.000209,172.31.47.0-255,66,23163,94,357828
10100,0.000232,74.125.130.0-255,2902,26065,94,357828
10101,0.000234,172.31.47.0-255,66,26131,94,357828
10102,0.000248,74.125.130.0-255,1484,27615,94,357828
10103,0.000251,172.31.47.0-255,66,27681,94,357828
10104,0.000265,74.125.130.0-255,3961,31642,94,357828
10105,0.000268,172.31.47.0-255,66,31708,94,357828
10106,0.000936,74.125.130.0-255,1484,33192,94,357828
10107,0.000942,172.31.47.0-255,66,33258,94,357828
10108,0.000951,74.125.130.0-255,2902,36160,94,357828
10109,0.000953,172.31.47.0-255,66,36226,94,357828
10110,0.000956,74.125.130.0-255,1484,37710,94,357828
10111,0.000958,172.31.47.0-255,66,37776,94,357828
10112,0.000962,74.125.130.0-255,2902,40678,94,357828
10113,0.000964,172.31.47.0-255,66,40744,94,357828
10114,0.000991,74.125.130.0-255,5738,46482,94,357828
10115,0.000993,172.31.47.0-255,66,46548,94,357828
10116,0.001012,74.125.130.0-255,3961,50509,94,357828
10117,0.001015,172.31.47.0-255,66,50575,94,357828
10118,0.001019,74.125.130.0-255,2902,53477,94,357828
10119,0.001021,172.31.47.0-255,66,53543,94,357828
10120,0.001037,74.125.130.0-255,1484,55027,94,357828
10121,0.001039,172.31.47.0-255,66,55093,94,357828
10122,0.001042,74.125.130.0-255,1484,56577,94,357828
10123,0.001044,172.31.47.0-255,66,56643,94,357828
10124,0.001077,172.31.47.0-255,66,56709,94,357828
10125,0.001113,74.125.130.0-255,1125,57834,94,357828
10126,0.001116,172.31.47.0-255,66,57900,94,357828
10127,0.001164,74.125.130.0-255,645,58545,94,357828
10128,0.00117,172.31.47.0-255,66,58611,94,357828
10129,0.001469,74.125.130.0-255,1484,60095,94,357828
10130,0.001473,172.31.47.0-255,66,60161,94,357828
10131,0.001477,74.125.130.0-255,2902,63063,94,357828
10132,0.00148,172.31.47.0-255,66,63129,94,357828
10133,0.001499,74.125.130.0-255,2902,66031,94,357828
10134,0.001502,172.31.47.0-255,66,66097,94,357828
10135,0.001519,74.125.130.0-255,2902,68999,94,357828
10136,0.001521,172.31.47.0-255,66,69065,94,357828
10137,0.00155,172.31.47.0-255,66,69131,94,357828
10138,0.00159,74.125.130.0-255,5738,74869,94,357828
10139,0.001593,172.31.47.0-255,66,74935,94,357828
10140,0.001612,74.125.130.0-255,5020,79955,94,357828
10141,0.001614,172.31.47.0-255,66,80021,94,357828
10142,0.001624,74.125.130.0-255,1484,81505,94,357828
10143,0.001626,172.31.47.0-255,66,81571,94,357828
10144,0.001629,74.125.130.0-255,1484,83055,94,357828
10145,0.00163,172.31.47.0-255,66,83121,94,357828
10146,0.001652,74.125.130.0-255,1484,84605,94,357828
10147,0.001654,172.31.47.0-255,66,84671,94,357828
10148,0.001659,74.125.130.0-255,5738,90409,94,357828
10149,0.001661,172.31.47.0-255,66,90475,94,357828
10150,0.001676,74.125.130.0-255,5738,96213,94,357828
10151,0.001678,172.31.47.0-255,66,96279,94,357828
10152,0.001699,74.125.130.0-255,7156,103435,94,357828
10153,0.001701,172.31.47.0-255,66,103501,94,357828
10154,0.001711,172.31.47.0-255,66,103567,94,357828
10155,0.001754,74.125.130.0-255,2184,105751,94,357828
10156,0.001756,172.31.47.0-255,66,105817,94,357828
10157,0.001797,74.125.130.0-255,1484,107301,94,357828
10158,0.001799,172.31.47.0-255,66,107367,94,357828
10159,0.00182,74.125.130.0-255,2902,110269,94,357828
10160,0.001822,172.31.47.0-255,66,110335,94,357828
10161,0.001827,74.125.130.0-255,4320,114655,94,357828
10162,0.00183,172.31.47.0-255,66,114721,94,357828
10163,0.001839,74.125.130.0-255,1484,116205,94,357828
10164,0.001841,172.31.47.0-255,66,116271,94,357828
10165,0.001869,74.125.130.0-255,2902,119173,94,357828
10166,0.001871,172.31.47.0-255,66,119239,94,357828
10167,0.001888,74.125.130.0-255,2902,122141,94,357828
10168,0.00189,172.31.47.0-255,66,122207,94,357828
10169,0.001907,74.125.130.0-255,1484,123691,94,357828
10170,0.001909,172.31.47.0-255,66,123757,94,357828
10171,0.001924,74.125.130.0-255,2902,126659,94,357828
10172,0.001927,172.31.47.0-255,66,126725,94,357828
10173,0.001942,74.125.130.0-255,2902,129627,94,357828
10174,0.001943,172.31.47.0-255,66,129693,94,357828
10175,0.001967,74.125.130.0-255,5738,135431,94,357828
10176,0.001969,172.31.47.0-255,66,135497,94,357828
10177,0.001973,74.125.130.0-255,2902,138399,94,357828
10178,0.001975,172.31.47.0-255,66,138465,94,357828
10179,0.002008,74.125.130.0-255,2184,140649,94,357828
10180,0.00201,172.31.47.0-255,66,140715,94,357828
10181,0.003966,74.125.130.0-255,2902,143617,94,357828
10182,0.003973,172.31.47.0-255,66,143683,94,357828
10183,0.003989,74.125.130.0-255,1484,145167,94,357828
10184,0.003991,172.31.47.0-255,66,145233,94,357828
10185,0.004012,74.125.130.0-255,1484,146717,94,357828
10186,0.004014,172.31.47.0-255,66,146783,94,357828
10187,0.005965,74.125.130.0-255,2902,149685,94,357828
10188,0.005972,172.31.47.0-255,66,149751,94,357828
10189,0.005991,74.125.130.0-255,2902,152653,94,357828
10190,0.005993,172.31.47.0-255,66,152719,94,357828
10191,0.007974,74.125.130.0-255,2902,155621,94,357828
10192,0.00798,172.31.47.0-255,66,155687,94,357828
10193,0.008014,74.125.130.0-255,2902,158589,94,357828
10194,0.008018,172.31.47.0-255,66,158655,94,357828
10195,0.010263,74.125.130.0-255,5738,164393,94,357828
10196,0.010321,172.31.47.0-255,66,164459,94,357828
10197,0.012343,74.125.130.0-255,5738,170197,94,357828
10198,0.012354,172.31.47.0-255,66,170263,94,357828
10199,0.01436,74.125.130.0-255,5738,176001,94,357828
10200,0.014366,172.31.47.0-255,66,176067,94,357828
10201,0.016368,74.125.130.0-255,5738,181805,94,357828
10202,0.016376,172.31.47.0-255,66,181871,94,357828
10203,0.018392,74.125.130.0-255,5738,187609,94,357828
10204,0.018402,172.31.47.0-255,66,187675,94,357828
10205,0.02044,74.125.130.0-255,5738,193413,94,357828
10206,0.020456,172.31.47.0-255,66,193479,94,357828
10207,0.022467,74.125.130.0-255,5738,199217,94,357828
10208,0.022475,172.31.47.0-255,66,199283,94,357828
10209,0.02448,74.125.130.0-255,5738,205021,94,357828
10210,0.024487,172.31.47.0-255,66,205087,94,357828
10211,0.02651,74.125.130.0-255,5738,210825,94,357828
10212,0.026517,172.31.47.0-255,66,210891,94,357828
10213,0.028543,74.125.130.0-255,5738,216629,94,357828
10214,0.02855,172.31.47.0-255,66,216695,94,357828
10215,0.030566,74.125.130.0-255,5738,222433,94,357828
10216,0.030573,172.31.47.0-255,66,222499,94,357828
10217,0.032578,74.125.130.0-255,5738,228237,94,357828
10218,0.032585,172.31.47.0-255,66,228303,94,357828
10219,0.033419,172.31.47.0-255,172,228475,94,357828
10220,0.033452,172.31.47.0-255,1071,229546,94,357828
10221,0.034594,74.125.130.0-255,5738,235284,94,357828
10222,0.034602,172.31.47.0-255,66,235350,94,357828
10223,0.034954,104.244.42.0-255,66,235416,94,357828
10224,0.035014,104.244.42.0-255,66,235482,94,357828
10225,0.03661,74.125.130.0-255,5738,241220,94,357828
10226,0.036616,172.31.47.0-255,66,241286,94,357828
10227,0.038656,74.125.130.0-255,5738,247024,94,357828
10228,0.038662,172.31.47.0-255,66,247090,94,357828
10229,0.040668,74.125.130.0-255,4320,251410,94,357828
10230,0.040674,172.31.47.0-255,66,251476,94,357828
10231,0.040703,74.125.130.0-255,1484,252960,94,357828
10232,0.042668,74.125.130.0-255,2902,255862,94,357828
10233,0.042673,172.31.47.0-255,66,255928,94,357828
10234,0.042706,74.125.130.0-255,1484,257412,94,357828
10235,0.044687,74.125.130.0-255,4320,261732,94,357828
10236,0.044698,172.31.47.0-255,66,261798,94,357828
10237,0.046698,74.125.130.0-255,5738,267536,94,357828
10238,0.046705,172.31.47.0-255,66,267602,94,357828
10239,0.048705,74.125.130.0-255,5738,273340,94,357828
10240,0.048711,172.31.47.0-255,66,273406,94,357828
10241,0.050708,74.125.130.0-255,5738,279144,94,357828
10242,0.050713,172.31.47.0-255,66,279210,94,357828
10243,0.052716,74.125.130.0-255,5738,284948,94,357828
10244,0.052721,172.31.47.0-255,66,285014,94,357828
10245,0.054754,74.125.130.0-255,5738,290752,94,357828
10246,0.05476,172.31.47.0-255,66,290818,94,357828
10247,0.056762,74.125.130.0-255,5738,296556,94,357828
10248,0.056768,172.31.47.0-255,66,296622,94,357828
10249,0.058766,74.125.130.0-255,5738,302360,94,357828
10250,0.058772,172.31.47.0-255,66,302426,94,357828
10251,0.060768,74.125.130.0-255,5738,308164,94,357828
10252,0.060772,172.31.47.0-255,66,308230,94,357828
10253,0.062796,74.125.130.0-255,5738,313968,94,357828
10254,0.062801,172.31.47.0-255,66,314034,94,357828
10255,0.064795,74.125.130.0-255,5738,319772,94,357828
10256,0.0648,172.31.47.0-255,66,319838,94,357828
10257,0.066797,74.125.130.0-255,4320,324158,94,357828
10258,0.066802,172.31.47.0-255,66,324224,94,357828
10259,0.066827,74.125.130.0-255,1484,325708,94,357828
10260,0.068872,74.125.130.0-255,4320,330028,94,357828
10261,0.068877,172.31.47.0-255,66,330094,94,357828
10262,0.070895,74.125.130.0-255,5738,335832,94,357828
10263,0.0709,172.31.47.0-255,66,335898,94,357828
10264,0.072894,74.125.130.0-255,4320,340218,94,357828
10265,0.072899,172.31.47.0-255,66,340284,94,357828
10266,0.072924,74.125.130.0-255,1484,341768,94,357828
10267,0.07489,74.125.130.0-255,4320,346088,94,357828
10268,0.074895,172.31.47.0-255,66,346154,94,357828
10269,0.076894,74.125.130.0-255,5738,351892,94,357828
10270,0.076899,172.31.47.0-255,66,351958,94,357828
10271,0.07889,74.125.130.0-255,4320,356278,94,357828
10272,0.078894,172.31.47.0-255,66,356344,94,357828
10273,0.078922,74.125.130.0-255,1484,357828,94,357828
10274,0.0,74.125.68.0-255,153,153,94,392936
10275,3.2e-05,172.31.47.0-255,66,219,94,392936
10276,4e-05,74.125.68.0-255,1484,1703,94,392936
10277,4.5e-05,172.31.47.0-255,66,1769,94,392936
10278,7.6e-05,74.125.68.0-255,2902,4671,94,392936
10279,8e-05,172.31.47.0-255,66,4737,94,392936
10280,8.6e-05,74.125.68.0-255,5738,10475,94,392936
10281,8.9e-05,74.125.68.0-255,1484,11959,94,392936
10282,9.2e-05,172.31.47.0-255,66,12025,94,392936
10283,9.6e-05,172.31.47.0-255,66,12091,94,392936
10284,0.000118,74.125.68.0-255,2172,14263,94,392936
10285,0.000121,172.31.47.0-255,66,14329,94,392936
10286,0.000126,74.125.68.0-255,4320,18649,94,392936
10287,0.000129,172.31.47.0-255,66,18715,94,392936
10288,0.00014,172.31.47.0-255,66,18781,94,392936
10289,0.000165,74.125.68.0-255,1484,20265,94,392936
10290,0.000167,172.31.47.0-255,66,20331,94,392936
10291,0.000173,74.125.68.0-255,2543,22874,94,392936
10292,0.000175,172.31.47.0-255,66,22940,94,392936
10293,0.00025,74.125.68.0-255,1484,24424,94,392936
10294,0.000254,172.31.47.0-255,66,24490,94,392936
10295,0.000283,74.125.68.0-255,2902,27392,94,392936
10296,0.000286,172.31.47.0-255,66,27458,94,392936
10297,0.000292,74.125.68.0-255,5738,33196,94,392936
10298,0.000295,172.31.47.0-255,66,33262,94,392936
10299,0.000328,74.125.68.0-255,6797,40059,94,392936
10300,0.000332,172.31.47.0-255,66,40125,94,392936
10301,0.00073,74.125.68.0-255,1484,41609,94,392936
10302,0.000735,172.31.47.0-255,66,41675,94,392936
10303,0.000743,74.125.68.0-255,1484,43159,94,392936
10304,0.000745,172.31.47.0-255,66,43225,94,392936
10305,0.000757,74.125.68.0-255,2902,46127,94,392936
10306,0.000759,172.31.47.0-255,66,46193,94,392936
10307,0.000789,74.125.68.0-255,5738,51931,94,392936
10308,0.000791,172.31.47.0-255,66,51997,94,392936
10309,0.000812,74.125.68.0-255,2902,54899,94,392936
10310,0.000815,172.31.47.0-255,66,54965,94,392936
10311,0.000845,74.125.68.0-255,2543,57508,94,392936
10312,0.000848,172.31.47.0-255,66,57574,94,392936
10313,0.000893,74.125.68.0-255,2902,60476,94,392936
10314,0.000896,172.31.47.0-255,66,60542,94,392936
10315,0.000923,74.125.68.0-255,4320,64862,94,392936
10316,0.000926,172.31.47.0-255,66,64928,94,392936
10317,0.000938,74.125.68.0-255,2902,67830,94,392936
10318,0.000945,172.31.47.0-255,66,67896,94,392936
10319,0.000963,74.125.68.0-255,5738,73634,94,392936
10320,0.000966,172.31.47.0-255,66,73700,94,392936
10321,0.001004,74.125.68.0-255,4320,78020,94,392936
10322,0.001022,172.31.47.0-255,66,78086,94,392936
10323,0.001047,74.125.68.0-255,2543,80629,94,392936
10324,0.00105,172.31.47.0-255,66,80695,94,392936
10325,0.001056,74.125.68.0-255,7156,87851,94,392936
10326,0.001058,172.31.47.0-255,66,87917,94,392936
10327,0.001064,74.125.68.0-255,4540,92457,94,392936
10328,0.001066,172.31.47.0-255,66,92523,94,392936
10329,0.001101,74.125.68.0-255,5738,98261,94,392936
10330,0.001105,172.31.47.0-255,66,98327,94,392936
10331,0.001144,74.125.68.0-255,1484,99811,94,392936
10332,0.00116,74.125.68.0-255,5738,105549,94,392936
10333,0.001163,172.31.47.0-255,66,105615,94,392936
10334,0.001203,74.125.68.0-255,3399,109014,94,392936
10335,0.001207,172.31.47.0-255,66,109080,94,392936
10336,0.001242,74.125.68.0-255,4320,113400,94,392936
10337,0.001245,172.31.47.0-255,66,113466,94,392936
10338,0.001249,74.125.68.0-255,2902,116368,94,392936
10339,0.001298,74.125.68.0-255,4320,120688,94,392936
10340,0.001309,74.125.68.0-255,4320,125008,94,392936
10341,0.001318,74.125.68.0-255,1484,126492,94,392936
10342,0.001329,74.125.68.0-255,2902,129394,94,392936
10343,0.001338,74.125.68.0-255,1484,130878,94,392936
10344,0.001357,74.125.68.0-255,3602,134480,94,392936
10345,0.001743,74.125.68.0-255,1484,135964,94,392936
10346,0.001762,74.125.68.0-255,2902,138866,94,392936
10347,0.001773,74.125.68.0-255,1484,140350,94,392936
10348,0.001787,74.125.68.0-255,4320,144670,94,392936
10349,0.00179,74.125.68.0-255,2902,147572,94,392936
10350,0.001812,74.125.68.0-255,4320,151892,94,392936
10351,0.001824,74.125.68.0-255,1484,153376,94,392936
10352,0.001837,74.125.68.0-255,7156,160532,94,392936
10353,0.00184,74.125.68.0-255,1484,162016,94,392936
10354,0.001856,74.125.68.0-255,2902,164918,94,392936
10355,0.001895,74.125.68.0-255,3602,168520,94,392936
10356,0.001992,74.125.68.0-255,1484,170004,94,392936
10357,0.002005,74.125.68.0-255,2902,172906,94,392936
10358,0.002014,74.125.68.0-255,1484,174390,94,392936
10359,0.002026,74.125.68.0-255,2902,177292,94,392936
10360,0.002037,74.125.68.0-255,1484,178776,94,392936
10361,0.002052,74.125.68.0-255,4320,183096,94,392936
10362,0.002067,74.125.68.0-255,2902,185998,94,392936
10363,0.00207,74.125.68.0-255,2902,188900,94,392936
10364,0.002086,74.125.68.0-255,1484,190384,94,392936
10365,0.002102,74.125.68.0-255,2902,193286,94,392936
10366,0.002114,74.125.68.0-255,1484,194770,94,392936
10367,0.002124,74.125.68.0-255,2902,197672,94,392936
10368,0.002166,74.125.68.0-255,1484,199156,94,392936
10369,0.002184,74.125.68.0-255,3602,202758,94,392936
10370,0.002289,74.125.68.0-255,1484,204242,94,392936
10371,0.002315,74.125.68.0-255,1484,205726,94,392936
10372,0.005313,172.31.47.0-255,66,205792,94,392936
10373,0.00763,74.125.68.0-255,5738,211530,94,392936
10374,0.007637,172.31.47.0-255,66,211596,94,392936
10375,0.009944,74.125.68.0-255,5738,217334,94,392936
10376,0.009952,172.31.47.0-255,66,217400,94,392936
10377,0.012265,74.125.68.0-255,5738,223138,94,392936
10378,0.012271,172.31.47.0-255,66,223204,94,392936
10379,0.01458,74.125.68.0-255,5738,228942,94,392936
10380,0.014588,172.31.47.0-255,66,229008,94,392936
10381,0.016885,74.125.68.0-255,5738,234746,94,392936
10382,0.016891,172.31.47.0-255,66,234812,94,392936
10383,0.019214,74.125.68.0-255,5738,240550,94,392936
10384,0.019221,172.31.47.0-255,66,240616,94,392936
10385,0.021519,74.125.68.0-255,5738,246354,94,392936
10386,0.021525,172.31.47.0-255,66,246420,94,392936
10387,0.022398,172.31.47.0-255,172,246592,94,392936
10388,0.022429,172.31.47.0-255,1116,247708,94,392936
10389,0.022459,172.31.47.0-255,1514,249222,94,392936
10390,0.02246,172.31.47.0-255,328,249550,94,392936
10391,0.023819,74.125.68.0-255,5738,255288,94,392936
10392,0.023824,172.31.47.0-255,66,255354,94,392936
10393,0.023964,104.244.42.0-255,66,255420,94,392936
10394,0.023981,104.244.42.0-255,66,255486,94,392936
10395,0.023985,104.244.42.0-255,66,255552,94,392936
10396,0.026122,74.125.68.0-255,4320,259872,94,392936
10397,0.026128,172.31.47.0-255,66,259938,94,392936
10398,0.026158,74.125.68.0-255,1484,261422,94,392936
10399,0.028436,74.125.68.0-255,4320,265742,94,392936
10400,0.028441,172.31.47.0-255,66,265808,94,392936
10401,0.030732,74.125.68.0-255,5738,271546,94,392936
10402,0.030737,172.31.47.0-255,66,271612,94,392936
10403,0.033038,74.125.68.0-255,5738,277350,94,392936
10404,0.033044,172.31.47.0-255,66,277416,94,392936
10405,0.035347,74.125.68.0-255,5738,283154,94,392936
10406,0.035352,172.31.47.0-255,66,283220,94,392936
10407,0.037644,74.125.68.0-255,5738,288958,94,392936
10408,0.03765,172.31.47.0-255,66,289024,94,392936
10409,0.039979,74.125.68.0-255,5738,294762,94,392936
10410,0.039984,172.31.47.0-255,66,294828,94,392936
10411,0.04227,74.125.68.0-255,5738,300566,94,392936
10412,0.042275,172.31.47.0-255,66,300632,94,392936
10413,0.044565,74.125.68.0-255,5738,306370,94,392936
10414,0.04457,172.31.47.0-255,66,306436,94,392936
10415,0.046868,74.125.68.0-255,2902,309338,94,392936
10416,0.046872,172.31.47.0-255,66,309404,94,392936
10417,0.046903,74.125.68.0-255,2902,312306,94,392936
10418,0.046906,172.31.47.0-255,66,312372,94,392936
10419,0.049163,74.125.68.0-255,2902,315274,94,392936
10420,0.049168,172.31.47.0-255,66,315340,94,392936
10421,0.049201,74.125.68.0-255,2902,318242,94,392936
10422,0.049205,172.31.47.0-255,66,318308,94,392936
10423,0.051453,74.125.68.0-255,2902,321210,94,392936
10424,0.051457,172.31.47.0-255,66,321276,94,392936
10425,0.051492,74.125.68.0-255,2902,324178,94,392936
10426,0.051494,172.31.47.0-255,66,324244,94,392936
10427,0.053743,74.125.68.0-255,2902,327146,94,392936
10428,0.053748,172.31.47.0-255,66,327212,94,392936
10429,0.053779,74.125.68.0-255,2902,330114,94,392936
10430,0.053782,172.31.47.0-255,66,330180,94,392936
10431,0.056033,74.125.68.0-255,2902,333082,94,392936
10432,0.056039,172.31.47.0-255,66,333148,94,392936
10433,0.056073,74.125.68.0-255,2902,336050,94,392936
10434,0.056077,172.31.47.0-255,66,336116,94,392936
10435,0.058325,74.125.68.0-255,1484,337600,94,392936
10436,0.058368,74.125.68.0-255,4320,341920,94,392936
10437,0.058375,172.31.47.0-255,66,341986,94,392936
10438,0.060682,74.125.68.0-255,5738,347724,94,392936
10439,0.060688,172.31.47.0-255,66,347790,94,392936
10440,0.062971,74.125.68.0-255,1484,349274,94,392936
10441,0.063003,74.125.68.0-255,4320,353594,94,392936
10442,0.063007,172.31.47.0-255,66,353660,94,392936
10443,0.065365,74.125.68.0-255,5738,359398,94,392936
10444,0.06537,172.31.47.0-255,66,359464,94,392936
10445,0.067669,74.125.68.0-255,5738,365202,94,392936
10446,0.067674,172.31.47.0-255,66,365268,94,392936
10447,0.069964,74.125.68.0-255,4320,369588,94,392936
10448,0.069969,172.31.47.0-255,66,369654,94,392936
10449,0.070001,74.125.68.0-255,1484,371138,94,392936
10450,0.072253,74.125.68.0-255,4320,375458,94,392936
10451,0.072258,172.31.47.0-255,66,375524,94,392936
10452,0.074549,74.125.68.0-255,5738,381262,94,392936
10453,0.074553,172.31.47.0-255,66,381328,94,392936
10454,0.07685,74.125.68.0-255,5738,387066,94,392936
10455,0.076856,172.31.47.0-255,66,387132,94,392936
10456,0.079151,74.125.68.0-255,5738,392870,94,392936
10457,0.079156,172.31.47.0-255,66,392936,94,392936
10458,0.0,172.217.194.0-255,153,153,94,149018
10459,3.4e-05,172.31.47.0-255,66,219,94,149018
10460,4.1e-05,172.217.194.0-255,1484,1703,94,149018
10461,4.5e-05,172.31.47.0-255,66,1769,94,149018
10462,4.9e-05,172.217.194.0-255,2902,4671,94,149018
10463,5.2e-05,172.31.47.0-255,66,4737,94,149018
10464,6.5e-05,172.217.194.0-255,5738,10475,94,149018
10465,6.7e-05,172.31.47.0-255,66,10541,94,149018
10466,7.7e-05,172.31.47.0-255,66,10607,94,149018
10467,0.000113,172.217.194.0-255,4784,15391,94,149018
10468,0.000116,172.31.47.0-255,66,15457,94,149018
10469,0.000123,172.217.194.0-255,6797,22254,94,149018
10470,0.000125,172.31.47.0-255,66,22320,94,149018
10471,0.000233,172.217.194.0-255,1484,23804,94,149018
10472,0.000237,172.31.47.0-255,66,23870,94,149018
10473,0.000242,172.217.194.0-255,2902,26772,94,149018
10474,0.000244,172.31.47.0-255,66,26838,94,149018
10475,0.000264,172.217.194.0-255,5738,32576,94,149018
10476,0.000273,172.31.47.0-255,66,32642,94,149018
10477,0.000316,172.31.47.0-255,66,32708,94,149018
10478,0.000335,172.31.47.0-255,66,32774,94,149018
10479,0.000337,172.217.194.0-255,398,33172,94,149018
10480,0.000339,172.31.47.0-255,66,33238,94,149018
10481,0.000451,172.217.194.0-255,1484,34722,94,149018
10482,0.000455,172.31.47.0-255,66,34788,94,149018
10483,0.000461,172.217.194.0-255,2902,37690,94,149018
10484,0.000463,172.31.47.0-255,66,37756,94,149018
10485,0.000469,172.217.194.0-255,5738,43494,94,149018
10486,0.000474,172.31.47.0-255,66,43560,94,149018
10487,0.000487,172.217.194.0-255,2902,46462,94,149018
10488,0.00049,172.31.47.0-255,66,46528,94,149018
10489,0.000535,172.31.47.0-255,66,46594,94,149018
10490,0.00054,172.31.47.0-255,66,46660,94,149018
10491,0.000718,172.217.194.0-255,1484,48144,94,149018
10492,0.000724,172.217.194.0-255,2902,51046,94,149018
10493,0.000727,172.31.47.0-255,66,51112,94,149018
10494,0.00073,172.217.194.0-255,1484,52596,94,149018
10495,0.000752,172.217.194.0-255,4320,56916,94,149018
10496,0.000755,172.31.47.0-255,66,56982,94,149018
10497,0.000762,172.217.194.0-255,7156,64138,94,149018
10498,0.000764,172.31.47.0-255,66,64204,94,149018
10499,0.000782,172.217.194.0-255,5738,69942,94,149018
10500,0.000789,172.31.47.0-255,66,70008,94,149018
10501,0.000822,172.31.47.0-255,66,70074,94,149018
10502,0.000884,172.31.47.0-255,66,70140,94,149018
10503,0.000902,172.31.47.0-255,66,70206,94,149018
10504,0.000929,172.217.194.0-255,6438,76644,94,149018
10505,0.000932,172.31.47.0-255,66,76710,94,149018
10506,0.001015,172.217.194.0-255,1484,78194,94,149018
10507,0.00102,172.217.194.0-255,2902,81096,94,149018
10508,0.001022,172.31.47.0-255,66,81162,94,149018
10509,0.001048,172.217.194.0-255,5738,86900,94,149018
10510,0.001051,172.31.47.0-255,66,86966,94,149018
10511,0.001079,172.31.47.0-255,66,87032,94,149018
10512,0.001103,172.217.194.0-255,1484,88516,94,149018
10513,0.001116,172.31.47.0-255,66,88582,94,149018
10514,0.001146,172.217.194.0-255,1484,90066,94,149018
10515,0.00115,172.217.194.0-255,2902,92968,94,149018
10516,0.001153,172.31.47.0-255,66,93034,94,149018
10517,0.001156,172.217.194.0-255,1484,94518,94,149018
10518,0.001188,172.217.194.0-255,4320,98838,94,149018
10519,0.001192,172.31.47.0-255,66,98904,94,149018
10520,0.001204,172.31.47.0-255,66,98970,94,149018
10521,0.001221,172.31.47.0-255,66,99036,94,149018
10522,0.001571,172.217.194.0-255,1484,100520,94,149018
10523,0.001576,172.217.194.0-255,1484,102004,94,149018
10524,0.001579,172.31.47.0-255,66,102070,94,149018
10525,0.001608,172.217.194.0-255,1484,103554,94,149018
10526,0.001615,172.217.194.0-255,5738,109292,94,149018
10527,0.001618,172.31.47.0-255,66,109358,94,149018
10528,0.001647,172.31.47.0-255,66,109424,94,149018
10529,0.001658,172.31.47.0-255,66,109490,94,149018
10530,0.001683,172.217.194.0-255,2184,111674,94,149018
10531,0.001687,172.31.47.0-255,66,111740,94,149018
10532,0.001705,172.31.47.0-255,66,111806,94,149018
10533,0.001711,172.217.194.0-255,5738,117544,94,149018
10534,0.001713,172.31.47.0-255,66,117610,94,149018
10535,0.001772,172.217.194.0-255,5738,123348,94,149018
10536,0.001777,172.31.47.0-255,66,123414,94,149018
10537,0.00179,172.31.47.0-255,66,123480,94,149018
10538,0.001801,172.31.47.0-255,66,123546,94,149018
10539,0.00184,172.217.194.0-255,2902,126448,94,149018
10540,0.001843,172.31.47.0-255,66,126514,94,149018
10541,0.001885,172.31.47.0-255,66,126580,94,149018
10542,0.001888,172.217.194.0-255,1484,128064,94,149018
10543,0.001891,172.217.194.0-255,2902,130966,94,149018
10544,0.001894,172.31.47.0-255,66,131032,94,149018
10545,0.0019,172.217.194.0-255,5738,136770,94,149018
10546,0.001902,172.31.47.0-255,66,136836,94,149018
10547,0.001912,172.31.47.0-255,66,136902,94,149018
10548,0.001961,172.217.194.0-255,7156,144058,94,149018
10549,0.001966,172.31.47.0-255,66,144124,94,149018
10550,0.002005,172.31.47.0-255,66,144190,94,149018
10551,0.002023,172.31.47.0-255,66,144256,94,149018
10552,0.002038,172.31.47.0-255,66,144322,94,149018
10553,0.002071,172.31.47.0-255,66,144388,94,149018
10554,0.002097,172.217.194.0-255,105,144493,94,149018
10555,0.003392,172.31.47.0-255,66,144559,94,149018
10556,0.003416,172.31.47.0-255,105,144664,94,149018
10557,0.005636,172.217.194.0-255,66,144730,94,149018
10558,0.031618,172.31.47.0-255,172,144902,94,149018
10559,0.031649,172.31.47.0-255,1116,146018,94,149018
10560,0.031692,172.31.47.0-255,1514,147532,94,149018
10561,0.031693,172.31.47.0-255,1288,148820,94,149018
10562,0.033151,104.244.42.0-255,66,148886,94,149018
10563,0.033329,104.244.42.0-255,66,148952,94,149018
10564,0.033332,104.244.42.0-255,66,149018,94,149018
10565,0.0,74.125.200.0-255,153,153,94,367324
10566,2.7e-05,172.31.47.0-255,66,219,94,367324
10567,3.2e-05,74.125.200.0-255,1484,1703,94,367324
10568,3.6e-05,172.31.47.0-255,66,1769,94,367324
10569,4e-05,74.125.200.0-255,2902,4671,94,367324
10570,4.2e-05,172.31.47.0-255,66,4737,94,367324
10571,4.6e-05,74.125.200.0-255,2902,7639,94,367324
10572,4.8e-05,172.31.47.0-255,66,7705,94,367324
10573,5.1e-05,74.125.200.0-255,1484,9189,94,367324
10574,5.3e-05,172.31.47.0-255,66,9255,94,367324
10575,7.2e-05,74.125.200.0-255,2902,12157,94,367324
10576,7.4e-05,172.31.47.0-255,66,12223,94,367324
10577,9.8e-05,74.125.200.0-255,2013,14236,94,367324
10578,0.0001,172.31.47.0-255,66,14302,94,367324
10579,0.000214,74.125.200.0-255,1484,15786,94,367324
10580,0.000218,172.31.47.0-255,66,15852,94,367324
10581,0.000235,74.125.200.0-255,2902,18754,94,367324
10582,0.000241,172.31.47.0-255,66,18820,94,367324
10583,0.00026,74.125.200.0-255,4320,23140,94,367324
10584,0.000263,172.31.47.0-255,66,23206,94,367324
10585,0.000316,172.31.47.0-255,66,23272,94,367324
10586,0.000469,74.125.200.0-255,1484,24756,94,367324
10587,0.000472,172.31.47.0-255,66,24822,94,367324
10588,0.000475,74.125.200.0-255,1484,26306,94,367324
10589,0.000477,172.31.47.0-255,66,26372,94,367324
10590,0.000489,74.125.200.0-255,1484,27856,94,367324
10591,0.000491,172.31.47.0-255,66,27922,94,367324
10592,0.000509,74.125.200.0-255,1484,29406,94,367324
10593,0.000511,172.31.47.0-255,66,29472,94,367324
10594,0.000521,74.125.200.0-255,1484,30956,94,367324
10595,0.000523,172.31.47.0-255,66,31022,94,367324
10596,0.000529,74.125.200.0-255,4320,35342,94,367324
10597,0.000531,172.31.47.0-255,66,35408,94,367324
10598,0.00055,74.125.200.0-255,1484,36892,94,367324
10599,0.000572,74.125.200.0-255,3961,40853,94,367324
10600,0.000575,172.31.47.0-255,66,40919,94,367324
10601,0.000646,74.125.200.0-255,1484,42403,94,367324
10602,0.000653,74.125.200.0-255,1484,43887,94,367324
10603,0.000657,172.31.47.0-255,66,43953,94,367324
10604,0.000667,74.125.200.0-255,1484,45437,94,367324
10605,0.00068,74.125.200.0-255,1484,46921,94,367324
10606,0.000682,172.31.47.0-255,66,46987,94,367324
10607,0.000685,74.125.200.0-255,1484,48471,94,367324
10608,0.000702,74.125.200.0-255,4320,52791,94,367324
10609,0.000704,172.31.47.0-255,66,52857,94,367324
10610,0.000707,74.125.200.0-255,1484,54341,94,367324
10611,0.000756,74.125.200.0-255,4260,58601,94,367324
10612,0.00076,172.31.47.0-255,66,58667,94,367324
10613,0.000863,74.125.200.0-255,130,58797,94,367324
10614,0.000947,74.125.200.0-255,347,59144,94,367324
10615,0.001326,74.125.200.0-255,1484,60628,94,367324
10616,0.001331,172.31.47.0-255,66,60694,94,367324
10617,0.001348,74.125.200.0-255,2902,63596,94,367324
10618,0.00135,172.31.47.0-255,66,63662,94,367324
10619,0.001369,74.125.200.0-255,5738,69400,94,367324
10620,0.001371,172.31.47.0-255,66,69466,94,367324
10621,0.001396,74.125.200.0-255,7156,76622,94,367324
10622,0.001398,172.31.47.0-255,66,76688,94,367324
10623,0.001436,172.31.47.0-255,66,76754,94,367324
10624,0.001446,74.125.200.0-255,4320,81074,94,367324
10625,0.001448,172.31.47.0-255,66,81140,94,367324
10626,0.001464,74.125.200.0-255,3602,84742,94,367324
10627,0.001467,172.31.47.0-255,66,84808,94,367324
10628,0.001531,74.125.200.0-255,1484,86292,94,367324
10629,0.001536,74.125.200.0-255,2902,89194,94,367324
10630,0.001539,172.31.47.0-255,66,89260,94,367324
10631,0.001553,74.125.200.0-255,1484,90744,94,367324
10632,0.001568,74.125.200.0-255,4320,95064,94,367324
10633,0.001573,172.31.47.0-255,66,95130,94,367324
10634,0.001594,74.125.200.0-255,7156,102286,94,367324
10635,0.001597,172.31.47.0-255,66,102352,94,367324
10636,0.001612,74.125.200.0-255,5738,108090,94,367324
10637,0.001615,172.31.47.0-255,66,108156,94,367324
10638,0.001637,172.31.47.0-255,66,108222,94,367324
10639,0.001641,74.125.200.0-255,2184,110406,94,367324
10640,0.001644,172.31.47.0-255,66,110472,94,367324
10641,0.001756,74.125.200.0-255,1484,111956,94,367324
10642,0.001769,74.125.200.0-255,2902,114858,94,367324
10643,0.001772,172.31.47.0-255,66,114924,94,367324
10644,0.001793,74.125.200.0-255,4320,119244,94,367324
10645,0.001795,172.31.47.0-255,66,119310,94,367324
10646,0.001823,74.125.200.0-255,2902,122212,94,367324
10647,0.001825,172.31.47.0-255,66,122278,94,367324
10648,0.001846,74.125.200.0-255,5738,128016,94,367324
10649,0.001849,172.31.47.0-255,66,128082,94,367324
10650,0.001872,172.31.47.0-255,66,128148,94,367324
10651,0.001892,74.125.200.0-255,1484,129632,94,367324
10652,0.001895,74.125.200.0-255,1484,131116,94,367324
10653,0.001897,172.31.47.0-255,66,131182,94,367324
10654,0.001938,74.125.200.0-255,4320,135502,94,367324
10655,0.001941,172.31.47.0-255,66,135568,94,367324
10656,0.001956,74.125.200.0-255,766,136334,94,367324
10657,0.002191,172.31.47.0-255,66,136400,94,367324
10658,0.002303,74.125.200.0-255,1484,137884,94,367324
10659,0.00231,74.125.200.0-255,2902,140786,94,367324
10660,0.002313,172.31.47.0-255,66,140852,94,367324
10661,0.002331,74.125.200.0-255,2902,143754,94,367324
10662,0.002333,172.31.47.0-255,66,143820,94,367324
10663,0.002337,74.125.200.0-255,4320,148140,94,367324
10664,0.002338,172.31.47.0-255,66,148206,94,367324
10665,0.002369,74.125.200.0-255,4320,152526,94,367324
10666,0.00237,172.31.47.0-255,66,152592,94,367324
10667,0.002385,74.125.200.0-255,4320,156912,94,367324
10668,0.002386,172.31.47.0-255,66,156978,94,367324
10669,0.002391,74.125.200.0-255,4320,161298,94,367324
10670,0.002392,172.31.47.0-255,66,161364,94,367324
10671,0.00241,74.125.200.0-255,2902,164266,94,367324
10672,0.002412,172.31.47.0-255,66,164332,94,367324
10673,0.002446,74.125.200.0-255,6438,170770,94,367324
10674,0.002448,172.31.47.0-255,66,170836,94,367324
10675,0.00251,74.125.200.0-255,1484,172320,94,367324
10676,0.002559,74.125.200.0-255,2902,175222,94,367324
10677,0.002561,172.31.47.0-255,66,175288,94,367324
10678,0.002566,74.125.200.0-255,5738,181026,94,367324
10679,0.002568,172.31.47.0-255,66,181092,94,367324
10680,0.00257,74.125.200.0-255,1484,182576,94,367324
10681,0.002582,74.125.200.0-255,1484,184060,94,367324
10682,0.002584,172.31.47.0-255,66,184126,94,367324
10683,0.002595,74.125.200.0-255,2902,187028,94,367324
10684,0.002597,172.31.47.0-255,66,187094,94,367324
10685,0.002608,74.125.200.0-255,2902,189996,94,367324
10686,0.002609,172.31.47.0-255,66,190062,94,367324
10687,0.002626,74.125.200.0-255,4320,194382,94,367324
10688,0.002628,172.31.47.0-255,66,194448,94,367324
10689,0.002636,172.31.47.0-255,66,194514,94,367324
10690,0.002639,74.125.200.0-255,2184,196698,94,367324
10691,0.002642,172.31.47.0-255,66,196764,94,367324
10692,0.005192,74.125.200.0-255,4320,201084,94,367324
10693,0.005195,172.31.47.0-255,66,201150,94,367324
10694,0.005208,74.125.200.0-255,1484,202634,94,367324
10695,0.007771,74.125.200.0-255,4320,206954,94,367324
10696,0.007778,172.31.47.0-255,66,207020,94,367324
10697,0.01036,74.125.200.0-255,5738,212758,94,367324
10698,0.010368,172.31.47.0-255,66,212824,94,367324
10699,0.012956,74.125.200.0-255,5738,218562,94,367324
10700,0.012966,172.31.47.0-255,66,218628,94,367324
10701,0.015552,74.125.200.0-255,5738,224366,94,367324
10702,0.01556,172.31.47.0-255,66,224432,94,367324
10703,0.018144,74.125.200.0-255,5738,230170,94,367324
10704,0.018151,172.31.47.0-255,66,230236,94,367324
10705,0.020734,74.125.200.0-255,5738,235974,94,367324
10706,0.020741,172.31.47.0-255,66,236040,94,367324
10707,0.022784,172.31.47.0-255,172,236212,94,367324
10708,0.02281,172.31.47.0-255,1118,237330,94,367324
10709,0.02284,172.31.47.0-255,1514,238844,94,367324
10710,0.022841,172.31.47.0-255,1286,240130,94,367324
10711,0.023311,74.125.200.0-255,5738,245868,94,367324
10712,0.023317,172.31.47.0-255,66,245934,94,367324
10713,0.024311,104.244.42.0-255,66,246000,94,367324
10714,0.024375,104.244.42.0-255,66,246066,94,367324
10715,0.024419,104.244.42.0-255,66,246132,94,367324
10716,0.025893,74.125.200.0-255,5738,251870,94,367324
10717,0.025898,172.31.47.0-255,66,251936,94,367324
10718,0.028465,74.125.200.0-255,5738,257674,94,367324
10719,0.028471,172.31.47.0-255,66,257740,94,367324
10720,0.031045,74.125.200.0-255,5738,263478,94,367324
10721,0.031054,172.31.47.0-255,66,263544,94,367324
10722,0.033632,74.125.200.0-255,5738,269282,94,367324
10723,0.033638,172.31.47.0-255,66,269348,94,367324
10724,0.036203,74.125.200.0-255,5738,275086,94,367324
10725,0.036208,172.31.47.0-255,66,275152,94,367324
10726,0.03878,74.125.200.0-255,5738,280890,94,367324
10727,0.038784,172.31.47.0-255,66,280956,94,367324
10728,0.041371,74.125.200.0-255,5738,286694,94,367324
10729,0.041379,172.31.47.0-255,66,286760,94,367324
10730,0.043944,74.125.200.0-255,4320,291080,94,367324
10731,0.043949,172.31.47.0-255,66,291146,94,367324
10732,0.043977,74.125.200.0-255,1484,292630,94,367324
10733,0.046513,74.125.200.0-255,4320,296950,94,367324
10734,0.046518,172.31.47.0-255,66,297016,94,367324
10735,0.049092,74.125.200.0-255,5738,302754,94,367324
10736,0.049096,172.31.47.0-255,66,302820,94,367324
10737,0.051669,74.125.200.0-255,4320,307140,94,367324
10738,0.051674,172.31.47.0-255,66,307206,94,367324
10739,0.051701,74.125.200.0-255,1484,308690,94,367324
10740,0.054242,74.125.200.0-255,4320,313010,94,367324
10741,0.054246,172.31.47.0-255,66,313076,94,367324
10742,0.056808,74.125.200.0-255,5738,318814,94,367324
10743,0.056812,172.31.47.0-255,66,318880,94,367324
10744,0.059386,74.125.200.0-255,5738,324618,94,367324
10745,0.059391,172.31.47.0-255,66,324684,94,367324
10746,0.061958,74.125.200.0-255,4320,329004,94,367324
10747,0.061963,172.31.47.0-255,66,329070,94,367324
10748,0.061987,74.125.200.0-255,1484,330554,94,367324
10749,0.064538,74.125.200.0-255,4320,334874,94,367324
10750,0.064542,172.31.47.0-255,66,334940,94,367324
10751,0.06711,74.125.200.0-255,5738,340678,94,367324
10752,0.067115,172.31.47.0-255,66,340744,94,367324
10753,0.069689,74.125.200.0-255,5738,346482,94,367324
10754,0.069694,172.31.47.0-255,66,346548,94,367324
10755,0.072259,74.125.200.0-255,4320,350868,94,367324
10756,0.072263,172.31.47.0-255,66,350934,94,367324
10757,0.072287,74.125.200.0-255,1484,352418,94,367324
10758,0.074816,74.125.200.0-255,1484,353902,94,367324
10759,0.07482,172.31.47.0-255,66,353968,94,367324
10760,0.074879,74.125.200.0-255,2902,356870,94,367324
10761,0.074883,172.31.47.0-255,66,356936,94,367324
10762,0.077379,74.125.200.0-255,2902,359838,94,367324
10763,0.077384,172.31.47.0-255,66,359904,94,367324
10764,0.077442,74.125.200.0-255,2902,362806,94,367324
10765,0.077445,172.31.47.0-255,66,362872,94,367324
10766,0.079955,74.125.200.0-255,2902,365774,94,367324
10767,0.079959,172.31.47.0-255,66,365840,94,367324
10768,0.079998,74.125.200.0-255,1484,367324,94,367324
10769,0.0,172.31.47.0-255,66,66,94,66
10770,0.0,172.217.194.0-255,298,298,94,206796
10771,2.3e-05,172.31.47.0-255,66,364,94,206796
10772,2.9e-05,172.217.194.0-255,1484,1848,94,206796
10773,3.3e-05,172.31.47.0-255,66,1914,94,206796
10774,4.4e-05,172.217.194.0-255,4320,6234,94,206796
10775,4.7e-05,172.31.47.0-255,66,6300,94,206796
10776,8.3e-05,172.217.194.0-255,7156,13456,94,206796
10777,8.6e-05,172.31.47.0-255,66,13522,94,206796
10778,0.000107,172.217.194.0-255,605,14127,94,206796
10779,0.000109,172.31.47.0-255,66,14193,94,206796
10780,0.000119,172.31.47.0-255,66,14259,94,206796
10781,0.000145,172.217.194.0-255,4320,18579,94,206796
10782,0.000147,172.31.47.0-255,66,18645,94,206796
10783,0.000173,172.217.194.0-255,3961,22606,94,206796
10784,0.000176,172.31.47.0-255,66,22672,94,206796
10785,0.0002,172.217.194.0-255,2902,25574,94,206796
10786,0.000202,172.31.47.0-255,66,25640,94,206796
10787,0.000228,172.217.194.0-255,5738,31378,94,206796
10788,0.000231,172.31.47.0-255,66,31444,94,206796
10789,0.000242,172.31.47.0-255,66,31510,94,206796
10790,0.000249,172.217.194.0-255,2902,34412,94,206796
10791,0.000251,172.31.47.0-255,66,34478,94,206796
10792,0.000293,172.31.47.0-255,66,34544,94,206796
10793,0.000296,172.217.194.0-255,339,34883,94,206796
10794,0.000297,172.31.47.0-255,66,34949,94,206796
10795,0.000321,172.217.194.0-255,121,35070,94,206796
10796,0.000324,172.31.47.0-255,66,35136,94,206796
10797,0.000326,172.217.194.0-255,380,35516,94,206796
10798,0.000328,172.31.47.0-255,66,35582,94,206796
10799,0.000681,172.217.194.0-255,1484,37066,94,206796
10800,0.000687,172.217.194.0-255,2902,39968,94,206796
10801,0.000689,172.31.47.0-255,66,40034,94,206796
10802,0.000693,172.217.194.0-255,1484,41518,94,206796
10803,0.000712,172.217.194.0-255,4320,45838,94,206796
10804,0.000715,172.31.47.0-255,66,45904,94,206796
10805,0.000718,172.217.194.0-255,1484,47388,94,206796
10806,0.000746,172.31.47.0-255,66,47454,94,206796
10807,0.00075,172.217.194.0-255,2902,50356,94,206796
10808,0.000752,172.31.47.0-255,66,50422,94,206796
10809,0.000787,172.31.47.0-255,66,50488,94,206796
10810,0.000878,172.217.194.0-255,1484,51972,94,206796
10811,0.000889,172.217.194.0-255,2902,54874,94,206796
10812,0.000892,172.31.47.0-255,66,54940,94,206796
10813,0.000897,172.217.194.0-255,4320,59260,94,206796
10814,0.000899,172.31.47.0-255,66,59326,94,206796
10815,0.000917,172.217.194.0-255,1484,60810,94,206796
10816,0.000951,172.217.194.0-255,1484,62294,94,206796
10817,0.000954,172.31.47.0-255,66,62360,94,206796
10818,0.000977,172.31.47.0-255,66,62426,94,206796
10819,0.000984,172.31.47.0-255,66,62492,94,206796
10820,0.0016,172.217.194.0-255,1484,63976,94,206796
10821,0.001611,172.217.194.0-255,2902,66878,94,206796
10822,0.001615,172.31.47.0-255,66,66944,94,206796
10823,0.001645,172.217.194.0-255,4320,71264,94,206796
10824,0.001649,172.31.47.0-255,66,71330,94,206796
10825,0.001676,172.217.194.0-255,1484,72814,94,206796
10826,0.001683,172.217.194.0-255,4320,77134,94,206796
10827,0.001686,172.31.47.0-255,66,77200,94,206796
10828,0.001723,172.31.47.0-255,66,77266,94,206796
10829,0.001729,172.217.194.0-255,4320,81586,94,206796
10830,0.001731,172.31.47.0-255,66,81652,94,206796
10831,0.001768,172.217.194.0-255,6438,88090,94,206796
10832,0.001772,172.31.47.0-255,66,88156,94,206796
10833,0.001775,172.217.194.0-255,1484,89640,94,206796
10834,0.00178,172.217.194.0-255,2902,92542,94,206796
10835,0.001782,172.31.47.0-255,66,92608,94,206796
10836,0.001788,172.217.194.0-255,5738,98346,94,206796
10837,0.00179,172.31.47.0-255,66,98412,94,206796
10838,0.001795,172.217.194.0-255,4320,102732,94,206796
10839,0.001799,172.31.47.0-255,66,102798,94,206796
10840,0.001845,172.31.47.0-255,66,102864,94,206796
10841,0.001907,172.31.47.0-255,66,102930,94,206796
10842,0.001909,172.31.47.0-255,66,102996,94,206796
10843,0.001912,172.217.194.0-255,1484,104480,94,206796
10844,0.001923,172.31.47.0-255,66,104546,94,206796
10845,0.001926,172.217.194.0-255,1484,106030,94,206796
10846,0.001967,172.31.47.0-255,66,106096,94,206796
10847,0.00203,172.217.194.0-255,4320,110416,94,206796
10848,0.002124,172.217.194.0-255,1484,111900,94,206796
10849,0.002148,172.217.194.0-255,1484,113384,94,206796
10850,0.006285,172.31.47.0-255,66,113450,94,206796
10851,0.008404,172.217.194.0-255,5738,119188,94,206796
10852,0.008414,172.31.47.0-255,66,119254,94,206796
10853,0.010509,172.217.194.0-255,5738,124992,94,206796
10854,0.010515,172.31.47.0-255,66,125058,94,206796
10855,0.012637,172.217.194.0-255,5738,130796,94,206796
10856,0.012644,172.31.47.0-255,66,130862,94,206796
10857,0.014744,172.217.194.0-255,5738,136600,94,206796
10858,0.014752,172.31.47.0-255,66,136666,94,206796
10859,0.016829,172.217.194.0-255,4320,140986,94,206796
10860,0.016835,172.31.47.0-255,66,141052,94,206796
10861,0.016864,172.217.194.0-255,1484,142536,94,206796
10862,0.018979,172.217.194.0-255,4320,146856,94,206796
10863,0.018987,172.31.47.0-255,66,146922,94,206796
10864,0.021048,172.217.194.0-255,5738,152660,94,206796
10865,0.021053,172.31.47.0-255,66,152726,94,206796
10866,0.023127,172.217.194.0-255,5738,158464,94,206796
10867,0.023134,172.31.47.0-255,66,158530,94,206796
10868,0.025219,172.217.194.0-255,5738,164268,94,206796
10869,0.025224,172.31.47.0-255,66,164334,94,206796
10870,0.027319,172.217.194.0-255,5738,170072,94,206796
10871,0.027324,172.31.47.0-255,66,170138,94,206796
10872,0.029408,172.217.194.0-255,5738,175876,94,206796
10873,0.029413,172.31.47.0-255,66,175942,94,206796
10874,0.031498,172.217.194.0-255,4320,180262,94,206796
10875,0.031504,172.31.47.0-255,66,180328,94,206796
10876,0.031536,172.217.194.0-255,1484,181812,94,206796
10877,0.032723,172.31.47.0-255,172,181984,94,206796
10878,0.032752,172.31.47.0-255,1116,183100,94,206796
10879,0.032785,172.31.47.0-255,1514,184614,94,206796
10880,0.032787,172.31.47.0-255,1514,186128,94,206796
10881,0.032788,172.31.47.0-255,1514,187642,94,206796
10882,0.032789,172.31.47.0-255,1514,189156,94,206796
10883,0.032811,172.31.47.0-255,162,189318,94,206796
10884,0.03356,172.217.194.0-255,4320,193638,94,206796
10885,0.033565,172.31.47.0-255,66,193704,94,206796
10886,0.034242,104.244.42.0-255,66,193770,94,206796
10887,0.034249,104.244.42.0-255,66,193836,94,206796
10888,0.034347,104.244.42.0-255,66,193902,94,206796
10889,0.034349,104.244.42.0-255,66,193968,94,206796
10890,0.03563,172.217.194.0-255,5738,199706,94,206796
10891,0.035634,172.31.47.0-255,66,199772,94,206796
10892,0.037736,172.217.194.0-255,4320,204092,94,206796
10893,0.037742,172.31.47.0-255,66,204158,94,206796
10894,0.037769,172.217.194.0-255,1484,205642,94,206796
10895,0.039775,172.217.194.0-255,917,206559,94,206796
10896,0.03978,172.31.47.0-255,66,206625,94,206796
10897,0.039919,172.31.47.0-255,105,206730,94,206796
10898,0.041986,172.217.194.0-255,66,206796,94,206796
10899,0.0,172.217.194.0-255,153,153,94,316316
10900,3.2e-05,172.31.47.0-255,66,219,94,316316
10901,3.9e-05,172.217.194.0-255,1484,1703,94,316316
10902,4.3e-05,172.31.47.0-255,66,1769,94,316316
10903,5.5e-05,172.217.194.0-255,2902,4671,94,316316
10904,5.9e-05,172.31.47.0-255,66,4737,94,316316
10905,6.3e-05,172.217.194.0-255,2902,7639,94,316316
10906,6.5e-05,172.31.47.0-255,66,7705,94,316316
10907,9.7e-05,172.217.194.0-255,6354,14059,94,316316
10908,0.0001,172.31.47.0-255,66,14125,94,316316
10909,0.000141,172.217.194.0-255,4320,18445,94,316316
10910,0.000145,172.31.47.0-255,66,18511,94,316316
10911,0.000151,172.217.194.0-255,5738,24249,94,316316
10912,0.000153,172.31.47.0-255,66,24315,94,316316
10913,0.00018,172.217.194.0-255,4320,28635,94,316316
10914,0.000183,172.31.47.0-255,66,28701,94,316316
10915,0.000224,172.31.47.0-255,66,28767,94,316316
10916,0.000234,172.31.47.0-255,66,28833,94,316316
10917,0.000237,172.217.194.0-255,2543,31376,94,316316
10918,0.000244,172.31.47.0-255,66,31442,94,316316
10919,0.000248,172.217.194.0-255,2902,34344,94,316316
10920,0.00025,172.217.194.0-255,1484,35828,94,316316
10921,0.000252,172.31.47.0-255,66,35894,94,316316
10922,0.000255,172.31.47.0-255,66,35960,94,316316
10923,0.000293,172.217.194.0-255,5738,41698,94,316316
10924,0.000297,172.31.47.0-255,66,41764,94,316316
10925,0.000303,172.217.194.0-255,6797,48561,94,316316
10926,0.000306,172.31.47.0-255,66,48627,94,316316
10927,0.000326,172.217.194.0-255,377,49004,94,316316
10928,0.000329,172.31.47.0-255,66,49070,94,316316
10929,0.000397,172.217.194.0-255,366,49436,94,316316
10930,0.000497,172.217.194.0-255,1484,50920,94,316316
10931,0.000502,172.217.194.0-255,2902,53822,94,316316
10932,0.000506,172.31.47.0-255,66,53888,94,316316
10933,0.00054,172.217.194.0-255,5738,59626,94,316316
10934,0.000544,172.217.194.0-255,1484,61110,94,316316
10935,0.000548,172.31.47.0-255,66,61176,94,316316
10936,0.000559,172.217.194.0-255,5379,66555,94,316316
10937,0.000572,172.31.47.0-255,66,66621,94,316316
10938,0.000576,172.217.194.0-255,2902,69523,94,316316
10939,0.00059,172.31.47.0-255,66,69589,94,316316
10940,0.000606,172.217.194.0-255,4320,73909,94,316316
10941,0.000609,172.217.194.0-255,1484,75393,94,316316
10942,0.000622,172.31.47.0-255,66,75459,94,316316
10943,0.000658,172.31.47.0-255,66,75525,94,316316
10944,0.000913,172.217.194.0-255,1484,77009,94,316316
10945,0.000918,172.217.194.0-255,2902,79911,94,316316
10946,0.000921,172.31.47.0-255,66,79977,94,316316
10947,0.000953,172.217.194.0-255,5738,85715,94,316316
10948,0.000958,172.217.194.0-255,4320,90035,94,316316
10949,0.000958,172.31.47.0-255,66,90101,94,316316
10950,0.000963,172.31.47.0-255,66,90167,94,316316
10951,0.00101,172.31.47.0-255,66,90233,94,316316
10952,0.001014,172.31.47.0-255,66,90299,94,316316
10953,0.001026,172.217.194.0-255,2184,92483,94,316316
10954,0.001039,172.31.47.0-255,66,92549,94,316316
10955,0.002125,172.217.194.0-255,1484,94033,94,316316
10956,0.002134,172.217.194.0-255,2902,96935,94,316316
10957,0.002138,172.31.47.0-255,66,97001,94,316316
10958,0.002144,172.217.194.0-255,5738,102739,94,316316
10959,0.002162,172.217.194.0-255,2902,105641,94,316316
10960,0.002177,172.217.194.0-255,7156,112797,94,316316
10961,0.002187,172.217.194.0-255,2902,115699,94,316316
10962,0.002197,172.217.194.0-255,766,116465,94,316316
10963,0.002237,172.217.194.0-255,1484,117949,94,316316
10964,0.002279,172.217.194.0-255,2902,120851,94,316316
10965,0.00229,172.217.194.0-255,1484,122335,94,316316
10966,0.002302,172.217.194.0-255,5738,128073,94,316316
10967,0.002324,172.217.194.0-255,2184,130257,94,316316
10968,0.006416,172.31.47.0-255,66,130323,94,316316
10969,0.008761,172.217.194.0-255,5738,136061,94,316316
10970,0.008768,172.31.47.0-255,66,136127,94,316316
10971,0.011132,172.217.194.0-255,5738,141865,94,316316
10972,0.01114,172.31.47.0-255,66,141931,94,316316
10973,0.013479,172.217.194.0-255,5738,147669,94,316316
10974,0.013487,172.31.47.0-255,66,147735,94,316316
10975,0.015842,172.217.194.0-255,5738,153473,94,316316
10976,0.015849,172.31.47.0-255,66,153539,94,316316
10977,0.018203,172.217.194.0-255,5738,159277,94,316316
10978,0.018213,172.31.47.0-255,66,159343,94,316316
10979,0.020578,172.217.194.0-255,5738,165081,94,316316
10980,0.020585,172.31.47.0-255,66,165147,94,316316
10981,0.022941,172.217.194.0-255,5738,170885,94,316316
10982,0.022949,172.31.47.0-255,66,170951,94,316316
10983,0.025054,172.31.47.0-255,171,171122,94,316316
10984,0.025082,172.31.47.0-255,1132,172254,94,316316
10985,0.025124,172.31.47.0-255,1514,173768,94,316316
10986,0.025126,172.31.47.0-255,1272,175040,94,316316
10987,0.025286,172.217.194.0-255,5738,180778,94,316316
10988,0.025293,172.31.47.0-255,66,180844,94,316316
10989,0.026589,104.244.42.0-255,66,180910,94,316316
10990,0.026629,104.244.42.0-255,66,180976,94,316316
10991,0.026672,104.244.42.0-255,66,181042,94,316316
10992,0.027625,172.217.194.0-255,5738,186780,94,316316
10993,0.027632,172.31.47.0-255,66,186846,94,316316
10994,0.030002,172.217.194.0-255,5738,192584,94,316316
10995,0.030022,172.31.47.0-255,66,192650,94,316316
10996,0.032403,172.217.194.0-255,5738,198388,94,316316
10997,0.032417,172.31.47.0-255,66,198454,94,316316
10998,0.034747,172.217.194.0-255,5738,204192,94,316316
10999,0.034763,172.31.47.0-255,66,204258,94,316316
11000,0.037133,172.217.194.0-255,5738,209996,94,316316
11001,0.037149,172.31.47.0-255,66,210062,94,316316
11002,0.039522,172.217.194.0-255,5738,215800,94,316316
11003,0.039548,172.31.47.0-255,66,215866,94,316316
11004,0.041901,172.217.194.0-255,5738,221604,94,316316
11005,0.041917,172.31.47.0-255,66,221670,94,316316
11006,0.044278,172.217.194.0-255,5738,227408,94,316316
11007,0.044299,172.31.47.0-255,66,227474,94,316316
11008,0.046634,172.217.194.0-255,5738,233212,94,316316
11009,0.046645,172.31.47.0-255,66,233278,94,316316
11010,0.049157,172.217.194.0-255,5738,239016,94,316316
11011,0.049162,172.31.47.0-255,66,239082,94,316316
11012,0.051507,172.217.194.0-255,2902,241984,94,316316
11013,0.051513,172.31.47.0-255,66,242050,94,316316
11014,0.051549,172.217.194.0-255,2902,244952,94,316316
11015,0.051558,172.31.47.0-255,66,245018,94,316316
11016,0.053809,172.217.194.0-255,2902,247920,94,316316
11017,0.053815,172.31.47.0-255,66,247986,94,316316
11018,0.053874,172.217.194.0-255,2902,250888,94,316316
11019,0.053956,172.31.47.0-255,66,250954,94,316316
11020,0.056134,172.217.194.0-255,2902,253856,94,316316
11021,0.05614,172.31.47.0-255,66,253922,94,316316
11022,0.056282,172.217.194.0-255,2902,256824,94,316316
11023,0.056342,172.31.47.0-255,66,256890,94,316316
11024,0.058445,172.217.194.0-255,2902,259792,94,316316
11025,0.05845,172.31.47.0-255,66,259858,94,316316
11026,0.058667,172.217.194.0-255,2902,262760,94,316316
11027,0.058673,172.31.47.0-255,66,262826,94,316316
11028,0.060786,172.217.194.0-255,2902,265728,94,316316
11029,0.060792,172.31.47.0-255,66,265794,94,316316
11030,0.061011,172.217.194.0-255,2902,268696,94,316316
11031,0.061017,172.31.47.0-255,66,268762,94,316316
11032,0.063119,172.217.194.0-255,2902,271664,94,316316
11033,0.063124,172.31.47.0-255,66,271730,94,316316
11034,0.063343,172.217.194.0-255,2902,274632,94,316316
11035,0.063509,172.31.47.0-255,66,274698,94,316316
11036,0.065435,172.217.194.0-255,2902,277600,94,316316
11037,0.06544,172.31.47.0-255,66,277666,94,316316
11038,0.06583,172.217.194.0-255,2902,280568,94,316316
11039,0.065835,172.31.47.0-255,66,280634,94,316316
11040,0.067811,172.217.194.0-255,2902,283536,94,316316
11041,0.067817,172.31.47.0-255,66,283602,94,316316
11042,0.068182,172.217.194.0-255,2902,286504,94,316316
11043,0.068199,172.31.47.0-255,66,286570,94,316316
11044,0.070155,172.217.194.0-255,2902,289472,94,316316
11045,0.07016,172.31.47.0-255,66,289538,94,316316
11046,0.07054,172.217.194.0-255,2902,292440,94,316316
11047,0.070545,172.31.47.0-255,66,292506,94,316316
11048,0.072499,172.217.194.0-255,2902,295408,94,316316
11049,0.072504,172.31.47.0-255,66,295474,94,316316
11050,0.07285,172.217.194.0-255,2902,298376,94,316316
11051,0.072856,172.31.47.0-255,66,298442,94,316316
11052,0.074815,172.217.194.0-255,2902,301344,94,316316
11053,0.07482,172.31.47.0-255,66,301410,94,316316
11054,0.075191,172.217.194.0-255,2902,304312,94,316316
11055,0.075196,172.31.47.0-255,66,304378,94,316316
11056,0.077147,172.217.194.0-255,2902,307280,94,316316
11057,0.077152,172.31.47.0-255,66,307346,94,316316
11058,0.077574,172.217.194.0-255,2902,310248,94,316316
11059,0.07758,172.31.47.0-255,66,310314,94,316316
11060,0.079456,172.217.194.0-255,2902,313216,94,316316
11061,0.07946,172.31.47.0-255,66,313282,94,316316
11062,0.079915,172.217.194.0-255,1484,314766,94,316316
11063,0.079945,172.217.194.0-255,1484,316250,94,316316
11064,0.079948,172.31.47.0-255,66,316316,94,316316
11065,0.0,74.125.24.0-255,66,66,94,132
11066,0.033238,172.31.47.0-255,66,132,94,132
11067,0.0,172.217.160.0-255,153,153,94,316382
11068,2.3e-05,172.31.47.0-255,66,219,94,316382
11069,3.1e-05,172.217.160.0-255,1484,1703,94,316382
11070,3.5e-05,172.31.47.0-255,66,1769,94,316382
11071,4.1e-05,172.217.160.0-255,2902,4671,94,316382
11072,4.3e-05,172.31.47.0-255,66,4737,94,316382
11073,5.1e-05,172.217.160.0-255,7156,11893,94,316382
11074,5.4e-05,172.31.47.0-255,66,11959,94,316382
11075,5.7e-05,172.217.160.0-255,2098,14057,94,316382
11076,6e-05,172.31.47.0-255,66,14123,94,316382
11077,9.9e-05,172.31.47.0-255,66,14189,94,316382
11078,0.000117,172.217.160.0-255,1484,15673,94,316382
11079,0.000119,172.31.47.0-255,66,15739,94,316382
11080,0.000145,172.217.160.0-255,5379,21118,94,316382
11081,0.000148,172.31.47.0-255,66,21184,94,316382
11082,0.000195,172.217.160.0-255,1484,22668,94,316382
11083,0.000198,172.31.47.0-255,66,22734,94,316382
11084,0.000203,172.217.160.0-255,2902,25636,94,316382
11085,0.000205,172.31.47.0-255,66,25702,94,316382
11086,0.000209,172.217.160.0-255,2902,28604,94,316382
11087,0.000211,172.31.47.0-255,66,28670,94,316382
11088,0.000228,172.217.160.0-255,2902,31572,94,316382
11089,0.00023,172.31.47.0-255,66,31638,94,316382
11090,0.000244,172.217.160.0-255,2902,34540,94,316382
11091,0.000247,172.31.47.0-255,66,34606,94,316382
11092,0.000267,172.217.160.0-255,3961,38567,94,316382
11093,0.000269,172.31.47.0-255,66,38633,94,316382
11094,0.000383,172.217.160.0-255,1484,40117,94,316382
11095,0.000387,172.31.47.0-255,66,40183,94,316382
11096,0.000392,172.217.160.0-255,2902,43085,94,316382
11097,0.000394,172.31.47.0-255,66,43151,94,316382
11098,0.000397,172.217.160.0-255,1484,44635,94,316382
11099,0.000414,172.217.160.0-255,2902,47537,94,316382
11100,0.000416,172.31.47.0-255,66,47603,94,316382
11101,0.000442,172.217.160.0-255,1484,49087,94,316382
11102,0.000463,172.217.160.0-255,6797,55884,94,316382
11103,0.000466,172.31.47.0-255,66,55950,94,316382
11104,0.000517,172.217.160.0-255,339,56289,94,316382
11105,0.001727,172.217.160.0-255,403,56692,94,316382
11106,0.001776,172.217.160.0-255,1484,58176,94,316382
11107,0.001782,172.31.47.0-255,66,58242,94,316382
11108,0.001788,172.217.160.0-255,2902,61144,94,316382
11109,0.001791,172.31.47.0-255,66,61210,94,316382
11110,0.001798,172.217.160.0-255,5738,66948,94,316382
11111,0.0018,172.31.47.0-255,66,67014,94,316382
11112,0.001848,172.217.160.0-255,6797,73811,94,316382
11113,0.001851,172.31.47.0-255,66,73877,94,316382
11114,0.001889,172.217.160.0-255,1484,75361,94,316382
11115,0.001893,172.217.160.0-255,1484,76845,94,316382
11116,0.001895,172.31.47.0-255,66,76911,94,316382
11117,0.001914,172.217.160.0-255,1484,78395,94,316382
11118,0.001921,172.217.160.0-255,5738,84133,94,316382
11119,0.001923,172.31.47.0-255,66,84199,94,316382
11120,0.00382,172.217.160.0-255,5738,89937,94,316382
11121,0.003827,172.31.47.0-255,66,90003,94,316382
11122,0.005725,172.217.160.0-255,5738,95741,94,316382
11123,0.005733,172.31.47.0-255,66,95807,94,316382
11124,0.007642,172.217.160.0-255,5738,101545,94,316382
11125,0.007658,172.31.47.0-255,66,101611,94,316382
11126,0.009574,172.217.160.0-255,5738,107349,94,316382
11127,0.009588,172.31.47.0-255,66,107415,94,316382
11128,0.011488,172.217.160.0-255,5738,113153,94,316382
11129,0.011498,172.31.47.0-255,66,113219,94,316382
11130,0.013395,172.217.160.0-255,5738,118957,94,316382
11131,0.013404,172.31.47.0-255,66,119023,94,316382
11132,0.015329,172.217.160.0-255,5738,124761,94,316382
11133,0.015335,172.31.47.0-255,66,124827,94,316382
11134,0.017232,172.217.160.0-255,5738,130565,94,316382
11135,0.017241,172.31.47.0-255,66,130631,94,316382
11136,0.019142,172.217.160.0-255,5738,136369,94,316382
11137,0.019154,172.31.47.0-255,66,136435,94,316382
11138,0.021053,172.217.160.0-255,5738,142173,94,316382
11139,0.021062,172.31.47.0-255,66,142239,94,316382
11140,0.022978,172.217.160.0-255,5738,147977,94,316382
11141,0.022986,172.31.47.0-255,66,148043,94,316382
11142,0.024878,172.217.160.0-255,5738,153781,94,316382
11143,0.024887,172.31.47.0-255,66,153847,94,316382
11144,0.026791,172.217.160.0-255,5738,159585,94,316382
11145,0.0268,172.31.47.0-255,66,159651,94,316382
11146,0.028721,172.217.160.0-255,5738,165389,94,316382
11147,0.028733,172.31.47.0-255,66,165455,94,316382
11148,0.030643,172.217.160.0-255,5738,171193,94,316382
11149,0.030651,172.31.47.0-255,66,171259,94,316382
11150,0.032553,172.217.160.0-255,5738,176997,94,316382
11151,0.032564,172.31.47.0-255,66,177063,94,316382
11152,0.033776,172.31.47.0-255,172,177235,94,316382
11153,0.033802,172.31.47.0-255,1071,178306,94,316382
11154,0.034466,172.217.160.0-255,5738,184044,94,316382
11155,0.034473,172.31.47.0-255,66,184110,94,316382
11156,0.035339,104.244.42.0-255,66,184176,94,316382
11157,0.035347,104.244.42.0-255,66,184242,94,316382
11158,0.036373,172.217.160.0-255,5738,189980,94,316382
11159,0.03638,172.31.47.0-255,66,190046,94,316382
11160,0.038272,172.217.160.0-255,5738,195784,94,316382
11161,0.038279,172.31.47.0-255,66,195850,94,316382
11162,0.040191,172.217.160.0-255,5738,201588,94,316382
11163,0.040197,172.31.47.0-255,66,201654,94,316382
11164,0.042089,172.217.160.0-255,5738,207392,94,316382
11165,0.042097,172.31.47.0-255,66,207458,94,316382
11166,0.043984,172.217.160.0-255,5738,213196,94,316382
11167,0.04399,172.31.47.0-255,66,213262,94,316382
11168,0.045885,172.217.160.0-255,5738,219000,94,316382
11169,0.045892,172.31.47.0-255,66,219066,94,316382
11170,0.047784,172.217.160.0-255,5738,224804,94,316382
11171,0.04779,172.31.47.0-255,66,224870,94,316382
11172,0.049681,172.217.160.0-255,5738,230608,94,316382
11173,0.049687,172.31.47.0-255,66,230674,94,316382
11174,0.051598,172.217.160.0-255,5738,236412,94,316382
11175,0.051612,172.31.47.0-255,66,236478,94,316382
11176,0.053526,172.217.160.0-255,5738,242216,94,316382
11177,0.053532,172.31.47.0-255,66,242282,94,316382
11178,0.055455,172.217.160.0-255,5738,248020,94,316382
11179,0.055464,172.31.47.0-255,66,248086,94,316382
11180,0.057366,172.217.160.0-255,5738,253824,94,316382
11181,0.057373,172.31.47.0-255,66,253890,94,316382
11182,0.059285,172.217.160.0-255,5738,259628,94,316382
11183,0.059291,172.31.47.0-255,66,259694,94,316382
11184,0.061189,172.217.160.0-255,5738,265432,94,316382
11185,0.061196,172.31.47.0-255,66,265498,94,316382
11186,0.063093,172.217.160.0-255,5738,271236,94,316382
11187,0.063101,172.31.47.0-255,66,271302,94,316382
11188,0.064988,172.217.160.0-255,4320,275622,94,316382
11189,0.064995,172.31.47.0-255,66,275688,94,316382
11190,0.065014,172.217.160.0-255,1484,277172,94,316382
11191,0.066895,172.217.160.0-255,4320,281492,94,316382
11192,0.066903,172.31.47.0-255,66,281558,94,316382
11193,0.068803,172.217.160.0-255,5738,287296,94,316382
11194,0.068811,172.31.47.0-255,66,287362,94,316382
11195,0.070714,172.217.160.0-255,5738,293100,94,316382
11196,0.070721,172.31.47.0-255,66,293166,94,316382
11197,0.072617,172.217.160.0-255,5738,298904,94,316382
11198,0.072625,172.31.47.0-255,66,298970,94,316382
11199,0.07452,172.217.160.0-255,5738,304708,94,316382
11200,0.074527,172.31.47.0-255,66,304774,94,316382
11201,0.076422,172.217.160.0-255,5738,310512,94,316382
11202,0.076429,172.31.47.0-255,66,310578,94,316382
11203,0.078362,172.217.160.0-255,5738,316316,94,316382
11204,0.078368,172.31.47.0-255,66,316382,94,316382
11205,0.0,172.31.47.0-255,105,105,94,276
11206,0.001574,157.240.13.0-255,105,210,94,276
11207,0.001586,172.31.47.0-255,66,276,94,276
11208,0.0,74.125.24.0-255,153,153,94,230447
11209,2.7e-05,172.31.47.0-255,66,219,94,230447
11210,3.3e-05,74.125.24.0-255,1484,1703,94,230447
11211,3.7e-05,172.31.47.0-255,66,1769,94,230447
11212,4.2e-05,74.125.24.0-255,2902,4671,94,230447
11213,4.5e-05,172.31.47.0-255,66,4737,94,230447
11214,5e-05,74.125.24.0-255,7156,11893,94,230447
11215,5.3e-05,172.31.47.0-255,66,11959,94,230447
11216,5.7e-05,74.125.24.0-255,3422,15381,94,230447
11217,5.9e-05,172.31.47.0-255,66,15447,94,230447
11218,0.000113,172.31.47.0-255,66,15513,94,230447
11219,0.000117,74.125.24.0-255,2543,18056,94,230447
11220,0.000119,172.31.47.0-255,66,18122,94,230447
11221,0.000154,74.125.24.0-255,1484,19606,94,230447
11222,0.000156,172.31.47.0-255,66,19672,94,230447
11223,0.00016,74.125.24.0-255,2902,22574,94,230447
11224,0.000162,172.31.47.0-255,66,22640,94,230447
11225,0.000165,74.125.24.0-255,1484,24124,94,230447
11226,0.000166,172.31.47.0-255,66,24190,94,230447
11227,0.000186,74.125.24.0-255,4320,28510,94,230447
11228,0.000189,172.31.47.0-255,66,28576,94,230447
11229,0.000201,74.125.24.0-255,2902,31478,94,230447
11230,0.000203,172.31.47.0-255,66,31544,94,230447
11231,0.000228,172.31.47.0-255,66,31610,94,230447
11232,0.000255,74.125.24.0-255,1484,33094,94,230447
11233,0.000258,172.31.47.0-255,66,33160,94,230447
11234,0.000286,172.31.47.0-255,66,33226,94,230447
11235,0.000318,74.125.24.0-255,137,33363,94,230447
11236,0.000321,172.31.47.0-255,66,33429,94,230447
11237,0.000402,74.125.24.0-255,1484,34913,94,230447
11238,0.000407,74.125.24.0-255,2902,37815,94,230447
11239,0.00041,172.31.47.0-255,66,37881,94,230447
11240,0.000432,74.125.24.0-255,5738,43619,94,230447
11241,0.000436,172.31.47.0-255,66,43685,94,230447
11242,0.000458,172.31.47.0-255,66,43751,94,230447
11243,0.000473,74.125.24.0-255,2543,46294,94,230447
11244,0.000475,172.31.47.0-255,66,46360,94,230447
11245,0.000486,172.31.47.0-255,66,46426,94,230447
11246,0.000507,74.125.24.0-255,1125,47551,94,230447
11247,0.000934,172.31.47.0-255,66,47617,94,230447
11248,0.001028,74.125.24.0-255,348,47965,94,230447
11249,0.00106,172.31.47.0-255,66,48031,94,230447
11250,0.001193,74.125.24.0-255,1484,49515,94,230447
11251,0.001202,74.125.24.0-255,2902,52417,94,230447
11252,0.001206,172.31.47.0-255,66,52483,94,230447
11253,0.001214,74.125.24.0-255,5738,58221,94,230447
11254,0.001217,172.31.47.0-255,66,58287,94,230447
11255,0.001222,74.125.24.0-255,4320,62607,94,230447
11256,0.001224,172.31.47.0-255,66,62673,94,230447
11257,0.00123,74.125.24.0-255,4320,66993,94,230447
11258,0.001232,172.31.47.0-255,66,67059,94,230447
11259,0.001248,74.125.24.0-255,1484,68543,94,230447
11260,0.001278,172.31.47.0-255,66,68609,94,230447
11261,0.001282,74.125.24.0-255,2184,70793,94,230447
11262,0.001284,172.31.47.0-255,66,70859,94,230447
11263,0.001374,74.125.24.0-255,1484,72343,94,230447
11264,0.001381,74.125.24.0-255,2902,75245,94,230447
11265,0.001384,172.31.47.0-255,66,75311,94,230447
11266,0.001391,74.125.24.0-255,5738,81049,94,230447
11267,0.001393,172.31.47.0-255,66,81115,94,230447
11268,0.001414,74.125.24.0-255,5738,86853,94,230447
11269,0.001417,172.31.47.0-255,66,86919,94,230447
11270,0.001452,74.125.24.0-255,7156,94075,94,230447
11271,0.001456,172.31.47.0-255,66,94141,94,230447
11272,0.001469,172.31.47.0-255,66,94207,94,230447
11273,0.001551,74.125.24.0-255,1484,95691,94,230447
11274,0.001557,74.125.24.0-255,2902,98593,94,230447
11275,0.001561,172.31.47.0-255,66,98659,94,230447
11276,0.001568,74.125.24.0-255,5738,104397,94,230447
11277,0.00157,172.31.47.0-255,66,104463,94,230447
11278,0.001573,74.125.24.0-255,1484,105947,94,230447
11279,0.001599,74.125.24.0-255,5738,111685,94,230447
11280,0.001602,172.31.47.0-255,66,111751,94,230447
11281,0.001609,74.125.24.0-255,7156,118907,94,230447
11282,0.001611,172.31.47.0-255,66,118973,94,230447
11283,0.001625,74.125.24.0-255,7156,126129,94,230447
11284,0.001628,172.31.47.0-255,66,126195,94,230447
11285,0.001631,74.125.24.0-255,2184,128379,94,230447
11286,0.001634,172.31.47.0-255,66,128445,94,230447
11287,0.001724,74.125.24.0-255,1484,129929,94,230447
11288,0.001729,74.125.24.0-255,2902,132831,94,230447
11289,0.001732,172.31.47.0-255,66,132897,94,230447
11290,0.001755,74.125.24.0-255,5738,138635,94,230447
11291,0.001758,172.31.47.0-255,66,138701,94,230447
11292,0.001788,172.31.47.0-255,66,138767,94,230447
11293,0.001795,74.125.24.0-255,7156,145923,94,230447
11294,0.001797,172.31.47.0-255,66,145989,94,230447
11295,0.001828,74.125.24.0-255,4320,150309,94,230447
11296,0.00183,172.31.47.0-255,66,150375,94,230447
11297,0.001871,172.31.47.0-255,66,150441,94,230447
11298,0.001878,74.125.24.0-255,7156,157597,94,230447
11299,0.00188,172.31.47.0-255,66,157663,94,230447
11300,0.001895,74.125.24.0-255,5738,163401,94,230447
11301,0.001898,172.31.47.0-255,66,163467,94,230447
11302,0.001901,74.125.24.0-255,2184,165651,94,230447
11303,0.001903,172.31.47.0-255,66,165717,94,230447
11304,0.001907,74.125.24.0-255,2902,168619,94,230447
11305,0.001909,172.31.47.0-255,66,168685,94,230447
11306,0.00194,74.125.24.0-255,7156,175841,94,230447
11307,0.001943,172.31.47.0-255,66,175907,94,230447
11308,0.001949,74.125.24.0-255,5738,181645,94,230447
11309,0.001951,172.31.47.0-255,66,181711,94,230447
11310,0.00199,172.31.47.0-255,66,181777,94,230447
11311,0.001995,74.125.24.0-255,3602,185379,94,230447
11312,0.001998,172.31.47.0-255,66,185445,94,230447
11313,0.002082,74.125.24.0-255,1484,186929,94,230447
11314,0.002087,74.125.24.0-255,2902,189831,94,230447
11315,0.002089,172.31.47.0-255,66,189897,94,230447
11316,0.00211,74.125.24.0-255,5738,195635,94,230447
11317,0.002112,172.31.47.0-255,66,195701,94,230447
11318,0.002124,74.125.24.0-255,4320,200021,94,230447
11319,0.002126,172.31.47.0-255,66,200087,94,230447
11320,0.002171,172.31.47.0-255,66,200153,94,230447
11321,0.0022,172.31.47.0-255,66,200219,94,230447
11322,0.002239,172.31.47.0-255,66,200285,94,230447
11323,0.00227,74.125.24.0-255,1484,201769,94,230447
11324,0.002284,74.125.24.0-255,1484,203253,94,230447
11325,0.00229,172.31.47.0-255,66,203319,94,230447
11326,0.002302,74.125.24.0-255,1484,204803,94,230447
11327,0.002306,74.125.24.0-255,4320,209123,94,230447
11328,0.002314,172.31.47.0-255,66,209189,94,230447
11329,0.002329,74.125.24.0-255,4320,213509,94,230447
11330,0.002367,172.31.47.0-255,66,213575,94,230447
11331,0.002388,74.125.24.0-255,4320,217895,94,230447
11332,0.002406,172.31.47.0-255,66,217961,94,230447
11333,0.00241,74.125.24.0-255,4320,222281,94,230447
11334,0.002414,172.31.47.0-255,66,222347,94,230447
11335,0.002428,74.125.24.0-255,3468,225815,94,230447
11336,0.002431,74.125.24.0-255,105,225920,94,230447
11337,0.00244,172.31.47.0-255,66,225986,94,230447
11338,0.00394,172.31.47.0-255,105,226091,94,230447
11339,0.006177,74.125.24.0-255,66,226157,94,230447
11340,0.022607,172.31.47.0-255,172,226329,94,230447
11341,0.022653,172.31.47.0-255,1117,227446,94,230447
11342,0.022735,172.31.47.0-255,1514,228960,94,230447
11343,0.022737,172.31.47.0-255,1289,230249,94,230447
11344,0.024141,104.244.42.0-255,66,230315,94,230447
11345,0.024173,104.244.42.0-255,66,230381,94,230447
11346,0.024268,104.244.42.0-255,66,230447,94,230447
11347,0.0,172.217.194.0-255,153,153,94,230663
11348,2.9e-05,172.31.47.0-255,66,219,94,230663
11349,3.5e-05,172.217.194.0-255,1484,1703,94,230663
11350,4e-05,172.31.47.0-255,66,1769,94,230663
11351,5.2e-05,172.217.194.0-255,2902,4671,94,230663
11352,5.5e-05,172.31.47.0-255,66,4737,94,230663
11353,6.1e-05,172.217.194.0-255,4320,9057,94,230663
11354,6.3e-05,172.31.47.0-255,66,9123,94,230663
11355,7.4e-05,172.31.47.0-255,66,9189,94,230663
11356,0.000112,172.31.47.0-255,66,9255,94,230663
11357,0.000188,172.217.194.0-255,1484,10739,94,230663
11358,0.000192,172.31.47.0-255,66,10805,94,230663
11359,0.000197,172.217.194.0-255,2902,13707,94,230663
11360,0.0002,172.31.47.0-255,66,13773,94,230663
11361,0.000232,172.217.194.0-255,5738,19511,94,230663
11362,0.000235,172.31.47.0-255,66,19577,94,230663
11363,0.000242,172.217.194.0-255,6797,26374,94,230663
11364,0.000245,172.31.47.0-255,66,26440,94,230663
11365,0.00025,172.217.194.0-255,5738,32178,94,230663
11366,0.000254,172.31.47.0-255,66,32244,94,230663
11367,0.000285,172.217.194.0-255,1484,33728,94,230663
11368,0.000288,172.31.47.0-255,66,33794,94,230663
11369,0.000302,172.31.47.0-255,66,33860,94,230663
11370,0.000332,172.217.194.0-255,98,33958,94,230663
11371,0.000336,172.31.47.0-255,66,34024,94,230663
11372,0.000388,172.217.194.0-255,1484,35508,94,230663
11373,0.000392,172.31.47.0-255,66,35574,94,230663
11374,0.000397,172.217.194.0-255,2902,38476,94,230663
11375,0.0004,172.31.47.0-255,66,38542,94,230663
11376,0.000405,172.217.194.0-255,4320,42862,94,230663
11377,0.000413,172.31.47.0-255,66,42928,94,230663
11378,0.000437,172.217.194.0-255,1484,44412,94,230663
11379,0.000451,172.31.47.0-255,66,44478,94,230663
11380,0.000479,172.217.194.0-255,3961,48439,94,230663
11381,0.000482,172.31.47.0-255,66,48505,94,230663
11382,0.000485,172.217.194.0-255,1484,49989,94,230663
11383,0.000518,172.31.47.0-255,66,50055,94,230663
11384,0.001345,172.217.194.0-255,1484,51539,94,230663
11385,0.001363,172.217.194.0-255,2902,54441,94,230663
11386,0.001368,172.31.47.0-255,66,54507,94,230663
11387,0.001374,172.217.194.0-255,2902,57409,94,230663
11388,0.001375,172.31.47.0-255,66,57475,94,230663
11389,0.001412,172.217.194.0-255,2902,60377,94,230663
11390,0.001415,172.31.47.0-255,66,60443,94,230663
11391,0.001421,172.217.194.0-255,5738,66181,94,230663
11392,0.001423,172.31.47.0-255,66,66247,94,230663
11393,0.00143,172.217.194.0-255,7156,73403,94,230663
11394,0.001432,172.31.47.0-255,66,73469,94,230663
11395,0.001464,172.217.194.0-255,5738,79207,94,230663
11396,0.001467,172.31.47.0-255,66,79273,94,230663
11397,0.001473,172.217.194.0-255,5020,84293,94,230663
11398,0.001475,172.31.47.0-255,66,84359,94,230663
11399,0.001701,172.217.194.0-255,1484,85843,94,230663
11400,0.001708,172.217.194.0-255,2902,88745,94,230663
11401,0.001712,172.31.47.0-255,66,88811,94,230663
11402,0.001756,172.217.194.0-255,4320,93131,94,230663
11403,0.001758,172.31.47.0-255,66,93197,94,230663
11404,0.001786,172.217.194.0-255,1484,94681,94,230663
11405,0.001798,172.31.47.0-255,66,94747,94,230663
11406,0.001805,172.217.194.0-255,7156,101903,94,230663
11407,0.001806,172.31.47.0-255,66,101969,94,230663
11408,0.001871,172.31.47.0-255,66,102035,94,230663
11409,0.001884,172.31.47.0-255,66,102101,94,230663
11410,0.001903,172.31.47.0-255,66,102167,94,230663
11411,0.001919,172.31.47.0-255,66,102233,94,230663
11412,0.001929,172.31.47.0-255,66,102299,94,230663
11413,0.001994,172.31.47.0-255,66,102365,94,230663
11414,0.002001,172.217.194.0-255,7156,109521,94,230663
11415,0.002003,172.31.47.0-255,66,109587,94,230663
11416,0.002023,172.217.194.0-255,5738,115325,94,230663
11417,0.002026,172.31.47.0-255,66,115391,94,230663
11418,0.002071,172.31.47.0-255,66,115457,94,230663
11419,0.002089,172.31.47.0-255,66,115523,94,230663
11420,0.0021,172.31.47.0-255,66,115589,94,230663
11421,0.004109,172.217.194.0-255,4320,119909,94,230663
11422,0.004114,172.31.47.0-255,66,119975,94,230663
11423,0.004136,172.217.194.0-255,1484,121459,94,230663
11424,0.006108,172.217.194.0-255,1484,122943,94,230663
11425,0.00611,172.31.47.0-255,66,123009,94,230663
11426,0.006133,172.217.194.0-255,2902,125911,94,230663
11427,0.006135,172.31.47.0-255,66,125977,94,230663
11428,0.008138,172.217.194.0-255,5738,131715,94,230663
11429,0.008144,172.31.47.0-255,66,131781,94,230663
11430,0.010132,172.217.194.0-255,5738,137519,94,230663
11431,0.010142,172.31.47.0-255,66,137585,94,230663
11432,0.012179,172.217.194.0-255,5738,143323,94,230663
11433,0.01219,172.31.47.0-255,66,143389,94,230663
11434,0.014198,172.217.194.0-255,5738,149127,94,230663
11435,0.014206,172.31.47.0-255,66,149193,94,230663
11436,0.016239,172.217.194.0-255,5738,154931,94,230663
11437,0.016245,172.31.47.0-255,66,154997,94,230663
11438,0.018308,172.217.194.0-255,5738,160735,94,230663
11439,0.018314,172.31.47.0-255,66,160801,94,230663
11440,0.020336,172.217.194.0-255,5738,166539,94,230663
11441,0.020341,172.31.47.0-255,66,166605,94,230663
11442,0.02236,172.217.194.0-255,5738,172343,94,230663
11443,0.022368,172.31.47.0-255,66,172409,94,230663
11444,0.023516,172.31.47.0-255,172,172581,94,230663
11445,0.023547,172.31.47.0-255,1116,173697,94,230663
11446,0.023573,172.31.47.0-255,1514,175211,94,230663
11447,0.023575,172.31.47.0-255,1288,176499,94,230663
11448,0.024388,172.217.194.0-255,5738,182237,94,230663
11449,0.024393,172.31.47.0-255,66,182303,94,230663
11450,0.02504,104.244.42.0-255,66,182369,94,230663
11451,0.025063,104.244.42.0-255,66,182435,94,230663
11452,0.025089,104.244.42.0-255,66,182501,94,230663
11453,0.02638,172.217.194.0-255,2902,185403,94,230663
11454,0.026383,172.31.47.0-255,66,185469,94,230663
11455,0.026413,172.217.194.0-255,2902,188371,94,230663
11456,0.026416,172.31.47.0-255,66,188437,94,230663
11457,0.028363,172.217.194.0-255,2902,191339,94,230663
11458,0.028367,172.31.47.0-255,66,191405,94,230663
11459,0.0284,172.217.194.0-255,2902,194307,94,230663
11460,0.028403,172.31.47.0-255,66,194373,94,230663
11461,0.030368,172.217.194.0-255,2902,197275,94,230663
11462,0.030373,172.31.47.0-255,66,197341,94,230663
11463,0.030407,172.217.194.0-255,2902,200243,94,230663
11464,0.03041,172.31.47.0-255,66,200309,94,230663
11465,0.032374,172.217.194.0-255,2902,203211,94,230663
11466,0.032381,172.31.47.0-255,66,203277,94,230663
11467,0.032418,172.217.194.0-255,2902,206179,94,230663
11468,0.032422,172.31.47.0-255,66,206245,94,230663
11469,0.034404,172.217.194.0-255,5738,211983,94,230663
11470,0.034409,172.31.47.0-255,66,212049,94,230663
11471,0.036433,172.217.194.0-255,5738,217787,94,230663
11472,0.036437,172.31.47.0-255,66,217853,94,230663
11473,0.038448,172.217.194.0-255,5738,223591,94,230663
11474,0.038456,172.31.47.0-255,66,223657,94,230663
11475,0.040466,172.217.194.0-255,5738,229395,94,230663
11476,0.040471,172.31.47.0-255,66,229461,94,230663
11477,0.042463,172.217.194.0-255,965,230426,94,230663
11478,0.042629,172.31.47.0-255,66,230492,94,230663
11479,0.042655,172.31.47.0-255,105,230597,94,230663
11480,0.044628,172.217.194.0-255,66,230663,94,230663
11481,0.0,74.125.24.0-255,153,153,94,237885
11482,1.6e-05,172.31.47.0-255,66,219,94,237885
11483,2.2e-05,74.125.24.0-255,1484,1703,94,237885
11484,2.7e-05,172.31.47.0-255,66,1769,94,237885
11485,3.9e-05,74.125.24.0-255,2902,4671,94,237885
11486,4.2e-05,172.31.47.0-255,66,4737,94,237885
11487,8.4e-05,74.125.24.0-255,4320,9057,94,237885
11488,8.7e-05,172.31.47.0-255,66,9123,94,237885
11489,9.8e-05,74.125.24.0-255,2902,12025,94,237885
11490,0.000103,172.31.47.0-255,66,12091,94,237885
11491,0.000108,74.125.24.0-255,2100,14191,94,237885
11492,0.00011,172.31.47.0-255,66,14257,94,237885
11493,0.000114,74.125.24.0-255,2902,17159,94,237885
11494,0.000116,172.31.47.0-255,66,17225,94,237885
11495,0.000119,74.125.24.0-255,1484,18709,94,237885
11496,0.000121,172.31.47.0-255,66,18775,94,237885
11497,0.000155,74.125.24.0-255,1484,20259,94,237885
11498,0.000157,172.31.47.0-255,66,20325,94,237885
11499,0.000163,74.125.24.0-255,7156,27481,94,237885
11500,0.000165,172.31.47.0-255,66,27547,94,237885
11501,0.000189,74.125.24.0-255,3961,31508,94,237885
11502,0.000191,172.31.47.0-255,66,31574,94,237885
11503,0.000488,74.125.24.0-255,1484,33058,94,237885
11504,0.000493,172.31.47.0-255,66,33124,94,237885
11505,0.0005,74.125.24.0-255,2902,36026,94,237885
11506,0.000502,172.31.47.0-255,66,36092,94,237885
11507,0.000513,74.125.24.0-255,4320,40412,94,237885
11508,0.000515,172.31.47.0-255,66,40478,94,237885
11509,0.000546,74.125.24.0-255,1484,41962,94,237885
11510,0.000549,172.31.47.0-255,66,42028,94,237885
11511,0.000557,74.125.24.0-255,6797,48825,94,237885
11512,0.000559,172.31.47.0-255,66,48891,94,237885
11513,0.001001,74.125.24.0-255,1484,50375,94,237885
11514,0.001012,74.125.24.0-255,2902,53277,94,237885
11515,0.001016,172.31.47.0-255,66,53343,94,237885
11516,0.001046,74.125.24.0-255,5738,59081,94,237885
11517,0.001049,172.31.47.0-255,66,59147,94,237885
11518,0.001053,74.125.24.0-255,2902,62049,94,237885
11519,0.001055,172.31.47.0-255,66,62115,94,237885
11520,0.001102,74.125.24.0-255,4572,66687,94,237885
11521,0.001105,172.31.47.0-255,66,66753,94,237885
11522,0.001184,74.125.24.0-255,1484,68237,94,237885
11523,0.001188,74.125.24.0-255,1484,69721,94,237885
11524,0.001191,172.31.47.0-255,66,69787,94,237885
11525,0.001211,74.125.24.0-255,1484,71271,94,237885
11526,0.001219,74.125.24.0-255,5738,77009,94,237885
11527,0.001222,172.31.47.0-255,66,77075,94,237885
11528,0.001245,74.125.24.0-255,6797,83872,94,237885
11529,0.001248,172.31.47.0-255,66,83938,94,237885
11530,0.001464,74.125.24.0-255,1484,85422,94,237885
11531,0.001472,74.125.24.0-255,2902,88324,94,237885
11532,0.001476,172.31.47.0-255,66,88390,94,237885
11533,0.001512,74.125.24.0-255,5738,94128,94,237885
11534,0.001514,172.31.47.0-255,66,94194,94,237885
11535,0.00152,74.125.24.0-255,4320,98514,94,237885
11536,0.001523,172.31.47.0-255,66,98580,94,237885
11537,0.001546,74.125.24.0-255,2543,101123,94,237885
11538,0.001548,172.31.47.0-255,66,101189,94,237885
11539,0.002721,74.125.24.0-255,1484,102673,94,237885
11540,0.00273,74.125.24.0-255,2902,105575,94,237885
11541,0.002734,172.31.47.0-255,66,105641,94,237885
11542,0.002741,74.125.24.0-255,5738,111379,94,237885
11543,0.002744,172.31.47.0-255,66,111445,94,237885
11544,0.002777,172.31.47.0-255,66,111511,94,237885
11545,0.002806,74.125.24.0-255,4320,115831,94,237885
11546,0.002808,172.31.47.0-255,66,115897,94,237885
11547,0.002816,74.125.24.0-255,7156,123053,94,237885
11548,0.002819,172.31.47.0-255,66,123119,94,237885
11549,0.002828,74.125.24.0-255,3602,126721,94,237885
11550,0.002831,172.31.47.0-255,66,126787,94,237885
11551,0.00366,74.125.24.0-255,1484,128271,94,237885
11552,0.003677,74.125.24.0-255,2902,131173,94,237885
11553,0.00368,172.31.47.0-255,66,131239,94,237885
11554,0.003687,74.125.24.0-255,5738,136977,94,237885
11555,0.003689,172.31.47.0-255,66,137043,94,237885
11556,0.003726,172.31.47.0-255,66,137109,94,237885
11557,0.003769,74.125.24.0-255,5738,142847,94,237885
11558,0.003771,172.31.47.0-255,66,142913,94,237885
11559,0.003795,74.125.24.0-255,5020,147933,94,237885
11560,0.003798,172.31.47.0-255,66,147999,94,237885
11561,0.003888,74.125.24.0-255,1484,149483,94,237885
11562,0.003893,74.125.24.0-255,2902,152385,94,237885
11563,0.003895,172.31.47.0-255,66,152451,94,237885
11564,0.003927,74.125.24.0-255,5738,158189,94,237885
11565,0.00393,172.31.47.0-255,66,158255,94,237885
11566,0.003934,74.125.24.0-255,2902,161157,94,237885
11567,0.003936,172.31.47.0-255,66,161223,94,237885
11568,0.003954,74.125.24.0-255,2902,164125,94,237885
11569,0.003956,172.31.47.0-255,66,164191,94,237885
11570,0.00396,74.125.24.0-255,2902,167093,94,237885
11571,0.003963,172.31.47.0-255,66,167159,94,237885
11572,0.004007,172.31.47.0-255,66,167225,94,237885
11573,0.004014,74.125.24.0-255,5020,172245,94,237885
11574,0.004016,172.31.47.0-255,66,172311,94,237885
11575,0.004043,74.125.24.0-255,1484,173795,94,237885
11576,0.004066,74.125.24.0-255,5738,179533,94,237885
11577,0.004068,172.31.47.0-255,66,179599,94,237885
11578,0.004103,172.31.47.0-255,66,179665,94,237885
11579,0.004109,74.125.24.0-255,7156,186821,94,237885
11580,0.004112,172.31.47.0-255,66,186887,94,237885
11581,0.004151,172.31.47.0-255,66,186953,94,237885
11582,0.00418,74.125.24.0-255,6438,193391,94,237885
11583,0.004182,172.31.47.0-255,66,193457,94,237885
11584,0.004193,74.125.24.0-255,4320,197777,94,237885
11585,0.004196,172.31.47.0-255,66,197843,94,237885
11586,0.004235,172.31.47.0-255,66,197909,94,237885
11587,0.00424,74.125.24.0-255,3602,201511,94,237885
11588,0.004242,172.31.47.0-255,66,201577,94,237885
11589,0.00425,74.125.24.0-255,7156,208733,94,237885
11590,0.004252,172.31.47.0-255,66,208799,94,237885
11591,0.004286,172.31.47.0-255,66,208865,94,237885
11592,0.004304,172.31.47.0-255,66,208931,94,237885
11593,0.004311,74.125.24.0-255,5738,214669,94,237885
11594,0.004314,172.31.47.0-255,66,214735,94,237885
11595,0.004351,172.31.47.0-255,66,214801,94,237885
11596,0.004376,74.125.24.0-255,2902,217703,94,237885
11597,0.004378,172.31.47.0-255,66,217769,94,237885
11598,0.004388,172.31.47.0-255,66,217835,94,237885
11599,0.004393,74.125.24.0-255,4320,222155,94,237885
11600,0.004395,172.31.47.0-255,66,222221,94,237885
11601,0.004445,172.31.47.0-255,66,222287,94,237885
11602,0.004463,172.31.47.0-255,66,222353,94,237885
11603,0.004516,172.31.47.0-255,66,222419,94,237885
11604,0.004546,74.125.24.0-255,7156,229575,94,237885
11605,0.004549,172.31.47.0-255,66,229641,94,237885
11606,0.00456,172.31.47.0-255,66,229707,94,237885
11607,0.00457,172.31.47.0-255,66,229773,94,237885
11608,0.004573,74.125.24.0-255,105,229878,94,237885
11609,0.014114,172.31.47.0-255,66,229944,94,237885
11610,0.014168,172.31.47.0-255,105,230049,94,237885
11611,0.016205,74.125.24.0-255,66,230115,94,237885
11612,0.045581,172.31.47.0-255,172,230287,94,237885
11613,0.045614,172.31.47.0-255,1108,231395,94,237885
11614,0.045679,172.31.47.0-255,1514,232909,94,237885
11615,0.045681,172.31.47.0-255,1514,234423,94,237885
11616,0.045683,172.31.47.0-255,1514,235937,94,237885
11617,0.045684,172.31.47.0-255,1514,237451,94,237885
11618,0.045685,172.31.47.0-255,170,237621,94,237885
11619,0.047143,104.244.42.0-255,66,237687,94,237885
11620,0.047169,104.244.42.0-255,66,237753,94,237885
11621,0.047296,104.244.42.0-255,66,237819,94,237885
11622,0.0473,104.244.42.0-255,66,237885,94,237885
11623,0.0,74.125.200.0-255,153,153,94,343858
11624,4.3e-05,172.31.47.0-255,66,219,94,343858
11625,5.3e-05,74.125.200.0-255,1484,1703,94,343858
11626,5.8e-05,172.31.47.0-255,66,1769,94,343858
11627,6.9e-05,74.125.200.0-255,1484,3253,94,343858
11628,7.1e-05,172.31.47.0-255,66,3319,94,343858
11629,8e-05,74.125.200.0-255,4320,7639,94,343858
11630,8.3e-05,172.31.47.0-255,66,7705,94,343858
11631,9e-05,74.125.200.0-255,4320,12025,94,343858
11632,9.2e-05,172.31.47.0-255,66,12091,94,343858
11633,0.000119,74.125.200.0-255,2128,14219,94,343858
11634,0.000122,172.31.47.0-255,66,14285,94,343858
11635,0.000141,74.125.200.0-255,7156,21441,94,343858
11636,0.000143,172.31.47.0-255,66,21507,94,343858
11637,0.000182,172.31.47.0-255,66,21573,94,343858
11638,0.000187,74.125.200.0-255,1125,22698,94,343858
11639,0.000189,172.31.47.0-255,66,22764,94,343858
11640,0.000257,74.125.200.0-255,1484,24248,94,343858
11641,0.000261,172.31.47.0-255,66,24314,94,343858
11642,0.000267,74.125.200.0-255,2902,27216,94,343858
11643,0.00027,172.31.47.0-255,66,27282,94,343858
11644,0.000274,74.125.200.0-255,1484,28766,94,343858
11645,0.000276,172.31.47.0-255,66,28832,94,343858
11646,0.000305,74.125.200.0-255,1484,30316,94,343858
11647,0.000313,172.31.47.0-255,66,30382,94,343858
11648,0.00032,74.125.200.0-255,4320,34702,94,343858
11649,0.000322,172.31.47.0-255,66,34768,94,343858
11650,0.000329,74.125.200.0-255,4320,39088,94,343858
11651,0.000331,172.31.47.0-255,66,39154,94,343858
11652,0.000364,74.125.200.0-255,5379,44533,94,343858
11653,0.000373,172.31.47.0-255,66,44599,94,343858
11654,0.000379,74.125.200.0-255,2902,47501,94,343858
11655,0.00038,172.31.47.0-255,66,47567,94,343858
11656,0.000418,74.125.200.0-255,416,47983,94,343858
11657,0.000422,172.31.47.0-255,66,48049,94,343858
11658,0.000462,74.125.200.0-255,327,48376,94,343858
11659,0.000592,74.125.200.0-255,1484,49860,94,343858
11660,0.000596,172.31.47.0-255,66,49926,94,343858
11661,0.000602,74.125.200.0-255,2902,52828,94,343858
11662,0.000604,172.31.47.0-255,66,52894,94,343858
11663,0.000634,74.125.200.0-255,5738,58632,94,343858
11664,0.000637,172.31.47.0-255,66,58698,94,343858
11665,0.000641,74.125.200.0-255,1484,60182,94,343858
11666,0.000677,172.31.47.0-255,66,60248,94,343858
11667,0.000683,74.125.200.0-255,4320,64568,94,343858
11668,0.000686,172.31.47.0-255,66,64634,94,343858
11669,0.000722,74.125.200.0-255,4320,68954,94,343858
11670,0.000725,172.31.47.0-255,66,69020,94,343858
11671,0.000751,74.125.200.0-255,2184,71204,94,343858
11672,0.000755,172.31.47.0-255,66,71270,94,343858
11673,0.001112,74.125.200.0-255,1484,72754,94,343858
11674,0.001127,74.125.200.0-255,2902,75656,94,343858
11675,0.00113,172.31.47.0-255,66,75722,94,343858
11676,0.001134,74.125.200.0-255,1484,77206,94,343858
11677,0.001163,74.125.200.0-255,4320,81526,94,343858
11678,0.001166,172.31.47.0-255,66,81592,94,343858
11679,0.001173,74.125.200.0-255,4320,85912,94,343858
11680,0.001176,172.31.47.0-255,66,85978,94,343858
11681,0.001215,172.31.47.0-255,66,86044,94,343858
11682,0.001274,172.31.47.0-255,66,86110,94,343858
11683,0.001435,74.125.200.0-255,1484,87594,94,343858
11684,0.001454,74.125.200.0-255,2902,90496,94,343858
11685,0.001456,172.31.47.0-255,66,90562,94,343858
11686,0.001486,74.125.200.0-255,2902,93464,94,343858
11687,0.001489,172.31.47.0-255,66,93530,94,343858
11688,0.001494,74.125.200.0-255,2902,96432,94,343858
11689,0.001496,172.31.47.0-255,66,96498,94,343858
11690,0.001529,74.125.200.0-255,1484,97982,94,343858
11691,0.001534,74.125.200.0-255,4320,102302,94,343858
11692,0.001536,172.31.47.0-255,66,102368,94,343858
11693,0.001539,74.125.200.0-255,1484,103852,94,343858
11694,0.001566,74.125.200.0-255,4320,108172,94,343858
11695,0.001569,172.31.47.0-255,66,108238,94,343858
11696,0.001573,74.125.200.0-255,2902,111140,94,343858
11697,0.001575,172.31.47.0-255,66,111206,94,343858
11698,0.001619,74.125.200.0-255,2902,114108,94,343858
11699,0.001622,172.31.47.0-255,66,114174,94,343858
11700,0.001625,74.125.200.0-255,1484,115658,94,343858
11701,0.001651,74.125.200.0-255,2902,118560,94,343858
11702,0.001654,172.31.47.0-255,66,118626,94,343858
11703,0.00168,74.125.200.0-255,2184,120810,94,343858
11704,0.001683,172.31.47.0-255,66,120876,94,343858
11705,0.001833,74.125.200.0-255,1484,122360,94,343858
11706,0.001842,74.125.200.0-255,1484,123844,94,343858
11707,0.001846,172.31.47.0-255,66,123910,94,343858
11708,0.001871,74.125.200.0-255,1484,125394,94,343858
11709,0.0019,74.125.200.0-255,2902,128296,94,343858
11710,0.001903,172.31.47.0-255,66,128362,94,343858
11711,0.001919,74.125.200.0-255,4320,132682,94,343858
11712,0.001927,172.31.47.0-255,66,132748,94,343858
11713,0.00193,74.125.200.0-255,1484,134232,94,343858
11714,0.001935,74.125.200.0-255,2902,137134,94,343858
11715,0.001937,172.31.47.0-255,66,137200,94,343858
11716,0.001963,74.125.200.0-255,5738,142938,94,343858
11717,0.001966,172.31.47.0-255,66,143004,94,343858
11718,0.001979,74.125.200.0-255,4320,147324,94,343858
11719,0.001981,172.31.47.0-255,66,147390,94,343858
11720,0.002022,74.125.200.0-255,5738,153128,94,343858
11721,0.002026,172.31.47.0-255,66,153194,94,343858
11722,0.002031,74.125.200.0-255,2184,155378,94,343858
11723,0.002033,172.31.47.0-255,66,155444,94,343858
11724,0.002134,74.125.200.0-255,1484,156928,94,343858
11725,0.002141,74.125.200.0-255,2902,159830,94,343858
11726,0.002144,172.31.47.0-255,66,159896,94,343858
11727,0.002152,74.125.200.0-255,5738,165634,94,343858
11728,0.002154,172.31.47.0-255,66,165700,94,343858
11729,0.002229,172.31.47.0-255,66,165766,94,343858
11730,0.002246,74.125.200.0-255,1484,167250,94,343858
11731,0.002277,172.31.47.0-255,66,167316,94,343858
11732,0.002281,74.125.200.0-255,2184,169500,94,343858
11733,0.002283,172.31.47.0-255,66,169566,94,343858
11734,0.002286,74.125.200.0-255,1484,171050,94,343858
11735,0.002316,74.125.200.0-255,2902,173952,94,343858
11736,0.002319,172.31.47.0-255,66,174018,94,343858
11737,0.002324,74.125.200.0-255,2902,176920,94,343858
11738,0.002327,172.31.47.0-255,66,176986,94,343858
11739,0.002351,74.125.200.0-255,2902,179888,94,343858
11740,0.002353,172.31.47.0-255,66,179954,94,343858
11741,0.002372,74.125.200.0-255,5738,185692,94,343858
11742,0.002374,172.31.47.0-255,66,185758,94,343858
11743,0.002383,74.125.200.0-255,7156,192914,94,343858
11744,0.002386,172.31.47.0-255,66,192980,94,343858
11745,0.002391,74.125.200.0-255,4320,197300,94,343858
11746,0.002422,74.125.200.0-255,2902,200202,94,343858
11747,0.002425,74.125.200.0-255,1484,201686,94,343858
11748,0.002443,74.125.200.0-255,2184,203870,94,343858
11749,0.002447,74.125.200.0-255,2902,206772,94,343858
11750,0.002461,74.125.200.0-255,1484,208256,94,343858
11751,0.00249,74.125.200.0-255,4320,212576,94,343858
11752,0.002512,74.125.200.0-255,4320,216896,94,343858
11753,0.002514,74.125.200.0-255,1484,218380,94,343858
11754,0.002559,74.125.200.0-255,1484,219864,94,343858
11755,0.002585,74.125.200.0-255,1484,221348,94,343858
11756,0.002597,74.125.200.0-255,2902,224250,94,343858
11757,0.002636,74.125.200.0-255,1484,225734,94,343858
11758,0.002657,74.125.200.0-255,3602,229336,94,343858
11759,0.007958,172.31.47.0-255,66,229402,94,343858
11760,0.010605,74.125.200.0-255,5738,235140,94,343858
11761,0.010621,172.31.47.0-255,66,235206,94,343858
11762,0.013254,74.125.200.0-255,5738,240944,94,343858
11763,0.013273,172.31.47.0-255,66,241010,94,343858
11764,0.015898,74.125.200.0-255,5738,246748,94,343858
11765,0.01592,172.31.47.0-255,66,246814,94,343858
11766,0.018549,74.125.200.0-255,5738,252552,94,343858
11767,0.018569,172.31.47.0-255,66,252618,94,343858
11768,0.021202,74.125.200.0-255,5738,258356,94,343858
11769,0.021219,172.31.47.0-255,66,258422,94,343858
11770,0.023842,74.125.200.0-255,5738,264160,94,343858
11771,0.02386,172.31.47.0-255,66,264226,94,343858
11772,0.026472,74.125.200.0-255,5738,269964,94,343858
11773,0.026488,172.31.47.0-255,66,270030,94,343858
11774,0.029104,74.125.200.0-255,5738,275768,94,343858
11775,0.029118,172.31.47.0-255,66,275834,94,343858
11776,0.030381,172.31.47.0-255,172,276006,94,343858
11777,0.030411,172.31.47.0-255,1116,277122,94,343858
11778,0.030456,172.31.47.0-255,1514,278636,94,343858
11779,0.030458,172.31.47.0-255,1289,279925,94,343858
11780,0.031719,74.125.200.0-255,5738,285663,94,343858
11781,0.031729,172.31.47.0-255,66,285729,94,343858
11782,0.031946,104.244.42.0-255,66,285795,94,343858
11783,0.031992,104.244.42.0-255,66,285861,94,343858
11784,0.032019,104.244.42.0-255,66,285927,94,343858
11785,0.034345,74.125.200.0-255,5738,291665,94,343858
11786,0.034359,172.31.47.0-255,66,291731,94,343858
11787,0.036976,74.125.200.0-255,5738,297469,94,343858
11788,0.036986,172.31.47.0-255,66,297535,94,343858
11789,0.039608,74.125.200.0-255,5738,303273,94,343858
11790,0.039633,172.31.47.0-255,66,303339,94,343858
11791,0.042251,74.125.200.0-255,5738,309077,94,343858
11792,0.042266,172.31.47.0-255,66,309143,94,343858
11793,0.044882,74.125.200.0-255,5738,314881,94,343858
11794,0.0449,172.31.47.0-255,66,314947,94,343858
11795,0.047527,74.125.200.0-255,5738,320685,94,343858
11796,0.047545,172.31.47.0-255,66,320751,94,343858
11797,0.050203,74.125.200.0-255,5738,326489,94,343858
11798,0.05022,172.31.47.0-255,66,326555,94,343858
11799,0.052832,74.125.200.0-255,5738,332293,94,343858
11800,0.052844,172.31.47.0-255,66,332359,94,343858
11801,0.055481,74.125.200.0-255,5738,338097,94,343858
11802,0.055499,172.31.47.0-255,66,338163,94,343858
11803,0.058109,74.125.200.0-255,5458,343621,94,343858
11804,0.058119,172.31.47.0-255,66,343687,94,343858
11805,0.058366,172.31.47.0-255,105,343792,94,343858
11806,0.060934,74.125.200.0-255,66,343858,94,343858
11807,0.0,74.125.24.0-255,153,153,94,331405
11808,1.1e-05,172.31.47.0-255,66,219,94,331405
11809,3.7e-05,74.125.24.0-255,1484,1703,94,331405
11810,4.1e-05,172.31.47.0-255,66,1769,94,331405
11811,4.7e-05,74.125.24.0-255,2902,4671,94,331405
11812,4.9e-05,172.31.47.0-255,66,4737,94,331405
11813,5.7e-05,74.125.24.0-255,5738,10475,94,331405
11814,6e-05,172.31.47.0-255,66,10541,94,331405
11815,0.0001,74.125.24.0-255,3635,14176,94,331405
11816,0.000102,172.31.47.0-255,66,14242,94,331405
11817,0.000125,74.125.24.0-255,4320,18562,94,331405
11818,0.000127,172.31.47.0-255,66,18628,94,331405
11819,0.000132,74.125.24.0-255,4320,22948,94,331405
11820,0.000134,172.31.47.0-255,66,23014,94,331405
11821,0.000197,172.31.47.0-255,66,23080,94,331405
11822,0.000235,74.125.24.0-255,1484,24564,94,331405
11823,0.000238,172.31.47.0-255,66,24630,94,331405
11824,0.000242,74.125.24.0-255,2902,27532,94,331405
11825,0.000243,172.31.47.0-255,66,27598,94,331405
11826,0.000258,74.125.24.0-255,1484,29082,94,331405
11827,0.000261,172.31.47.0-255,66,29148,94,331405
11828,0.000285,74.125.24.0-255,4320,33468,94,331405
11829,0.000288,172.31.47.0-255,66,33534,94,331405
11830,0.000295,74.125.24.0-255,5738,39272,94,331405
11831,0.000297,172.31.47.0-255,66,39338,94,331405
11832,0.000332,74.125.24.0-255,1125,40463,94,331405
11833,0.000335,172.31.47.0-255,66,40529,94,331405
11834,0.00046,74.125.24.0-255,1484,42013,94,331405
11835,0.000466,172.31.47.0-255,66,42079,94,331405
11836,0.000485,74.125.24.0-255,2902,44981,94,331405
11837,0.000489,172.31.47.0-255,66,45047,94,331405
11838,0.000517,74.125.24.0-255,4320,49367,94,331405
11839,0.00052,172.31.47.0-255,66,49433,94,331405
11840,0.00053,172.31.47.0-255,66,49499,94,331405
11841,0.000533,74.125.24.0-255,333,49832,94,331405
11842,0.000628,74.125.24.0-255,1484,51316,94,331405
11843,0.000632,172.31.47.0-255,66,51382,94,331405
11844,0.000637,74.125.24.0-255,2902,54284,94,331405
11845,0.00064,172.31.47.0-255,66,54350,94,331405
11846,0.000671,74.125.24.0-255,5738,60088,94,331405
11847,0.000673,172.31.47.0-255,66,60154,94,331405
11848,0.000701,74.125.24.0-255,6797,66951,94,331405
11849,0.000704,172.31.47.0-255,66,67017,94,331405
11850,0.000728,74.125.24.0-255,4320,71337,94,331405
11851,0.000731,172.31.47.0-255,66,71403,94,331405
11852,0.000751,74.125.24.0-255,2902,74305,94,331405
11853,0.000753,172.31.47.0-255,66,74371,94,331405
11854,0.000765,172.31.47.0-255,66,74437,94,331405
11855,0.001743,74.125.24.0-255,1484,75921,94,331405
11856,0.001753,74.125.24.0-255,2902,78823,94,331405
11857,0.001758,172.31.47.0-255,66,78889,94,331405
11858,0.00179,74.125.24.0-255,5738,84627,94,331405
11859,0.001792,172.31.47.0-255,66,84693,94,331405
11860,0.001807,172.31.47.0-255,66,84759,94,331405
11861,0.001811,74.125.24.0-255,2902,87661,94,331405
11862,0.001813,172.31.47.0-255,66,87727,94,331405
11863,0.001847,172.31.47.0-255,66,87793,94,331405
11864,0.001899,74.125.24.0-255,1484,89277,94,331405
11865,0.001905,74.125.24.0-255,2902,92179,94,331405
11866,0.001908,172.31.47.0-255,66,92245,94,331405
11867,0.001912,74.125.24.0-255,2902,95147,94,331405
11868,0.001914,172.31.47.0-255,66,95213,94,331405
11869,0.001944,74.125.24.0-255,2902,98115,94,331405
11870,0.001947,172.31.47.0-255,66,98181,94,331405
11871,0.00196,172.31.47.0-255,66,98247,94,331405
11872,0.001968,74.125.24.0-255,7156,105403,94,331405
11873,0.00197,172.31.47.0-255,66,105469,94,331405
11874,0.001997,74.125.24.0-255,3602,109071,94,331405
11875,0.001999,172.31.47.0-255,66,109137,94,331405
11876,0.002128,74.125.24.0-255,1484,110621,94,331405
11877,0.002135,74.125.24.0-255,2902,113523,94,331405
11878,0.002139,172.31.47.0-255,66,113589,94,331405
11879,0.002176,74.125.24.0-255,5738,119327,94,331405
11880,0.002179,172.31.47.0-255,66,119393,94,331405
11881,0.002185,74.125.24.0-255,5738,125131,94,331405
11882,0.002187,172.31.47.0-255,66,125197,94,331405
11883,0.002201,74.125.24.0-255,7156,132353,94,331405
11884,0.002203,172.31.47.0-255,66,132419,94,331405
11885,0.002208,74.125.24.0-255,2902,135321,94,331405
11886,0.00221,172.31.47.0-255,66,135387,94,331405
11887,0.002249,172.31.47.0-255,66,135453,94,331405
11888,0.004553,74.125.24.0-255,5738,141191,94,331405
11889,0.00456,172.31.47.0-255,66,141257,94,331405
11890,0.006852,74.125.24.0-255,5738,146995,94,331405
11891,0.006856,172.31.47.0-255,66,147061,94,331405
11892,0.009168,74.125.24.0-255,5738,152799,94,331405
11893,0.009174,172.31.47.0-255,66,152865,94,331405
11894,0.011466,74.125.24.0-255,5738,158603,94,331405
11895,0.011475,172.31.47.0-255,66,158669,94,331405
11896,0.013786,74.125.24.0-255,5738,164407,94,331405
11897,0.013796,172.31.47.0-255,66,164473,94,331405
11898,0.016092,74.125.24.0-255,5738,170211,94,331405
11899,0.016101,172.31.47.0-255,66,170277,94,331405
11900,0.018389,74.125.24.0-255,5738,176015,94,331405
11901,0.018401,172.31.47.0-255,66,176081,94,331405
11902,0.020724,74.125.24.0-255,5738,181819,94,331405
11903,0.020737,172.31.47.0-255,66,181885,94,331405
11904,0.023015,74.125.24.0-255,2902,184787,94,331405
11905,0.023023,172.31.47.0-255,66,184853,94,331405
11906,0.023055,74.125.24.0-255,2902,187755,94,331405
11907,0.023058,172.31.47.0-255,66,187821,94,331405
11908,0.025328,74.125.24.0-255,5738,193559,94,331405
11909,0.025338,172.31.47.0-255,66,193625,94,331405
11910,0.027664,74.125.24.0-255,5738,199363,94,331405
11911,0.027674,172.31.47.0-255,66,199429,94,331405
11912,0.028765,172.31.47.0-255,172,199601,94,331405
11913,0.028793,172.31.47.0-255,1112,200713,94,331405
11914,0.02884,172.31.47.0-255,1514,202227,94,331405
11915,0.028842,172.31.47.0-255,1292,203519,94,331405
11916,0.030014,74.125.24.0-255,5738,209257,94,331405
11917,0.030019,172.31.47.0-255,66,209323,94,331405
11918,0.030287,104.244.42.0-255,66,209389,94,331405
11919,0.03033,104.244.42.0-255,66,209455,94,331405
11920,0.030375,104.244.42.0-255,66,209521,94,331405
11921,0.032352,74.125.24.0-255,5738,215259,94,331405
11922,0.032357,172.31.47.0-255,66,215325,94,331405
11923,0.034718,74.125.24.0-255,5738,221063,94,331405
11924,0.034723,172.31.47.0-255,66,221129,94,331405
11925,0.037052,74.125.24.0-255,5738,226867,94,331405
11926,0.037058,172.31.47.0-255,66,226933,94,331405
11927,0.039344,74.125.24.0-255,5738,232671,94,331405
11928,0.039351,172.31.47.0-255,66,232737,94,331405
11929,0.041663,74.125.24.0-255,5738,238475,94,331405
11930,0.04167,172.31.47.0-255,66,238541,94,331405
11931,0.043988,74.125.24.0-255,5738,244279,94,331405
11932,0.043994,172.31.47.0-255,66,244345,94,331405
11933,0.046284,74.125.24.0-255,5738,250083,94,331405
11934,0.046291,172.31.47.0-255,66,250149,94,331405
11935,0.048593,74.125.24.0-255,5738,255887,94,331405
11936,0.048599,172.31.47.0-255,66,255953,94,331405
11937,0.050879,74.125.24.0-255,5738,261691,94,331405
11938,0.050886,172.31.47.0-255,66,261757,94,331405
11939,0.053179,74.125.24.0-255,5738,267495,94,331405
11940,0.053187,172.31.47.0-255,66,267561,94,331405
11941,0.055472,74.125.24.0-255,5738,273299,94,331405
11942,0.055479,172.31.47.0-255,66,273365,94,331405
11943,0.057805,74.125.24.0-255,5738,279103,94,331405
11944,0.057812,172.31.47.0-255,66,279169,94,331405
11945,0.060128,74.125.24.0-255,5738,284907,94,331405
11946,0.060133,172.31.47.0-255,66,284973,94,331405
11947,0.062435,74.125.24.0-255,5738,290711,94,331405
11948,0.062441,172.31.47.0-255,66,290777,94,331405
11949,0.064757,74.125.24.0-255,5738,296515,94,331405
11950,0.064763,172.31.47.0-255,66,296581,94,331405
11951,0.067071,74.125.24.0-255,5738,302319,94,331405
11952,0.067078,172.31.47.0-255,66,302385,94,331405
11953,0.06937,74.125.24.0-255,5738,308123,94,331405
11954,0.069376,172.31.47.0-255,66,308189,94,331405
11955,0.07166,74.125.24.0-255,5738,313927,94,331405
11956,0.071666,172.31.47.0-255,66,313993,94,331405
11957,0.073968,74.125.24.0-255,5738,319731,94,331405
11958,0.073974,172.31.47.0-255,66,319797,94,331405
11959,0.076289,74.125.24.0-255,5738,325535,94,331405
11960,0.076294,172.31.47.0-255,66,325601,94,331405
11961,0.078605,74.125.24.0-255,5738,331339,94,331405
11962,0.078611,172.31.47.0-255,66,331405,94,331405
11963,0.0,74.125.24.0-255,153,153,94,310886
11964,1.9e-05,172.31.47.0-255,66,219,94,310886
11965,2.7e-05,74.125.24.0-255,1484,1703,94,310886
11966,3.2e-05,172.31.47.0-255,66,1769,94,310886
11967,3.8e-05,74.125.24.0-255,2902,4671,94,310886
11968,4.1e-05,172.31.47.0-255,66,4737,94,310886
11969,5e-05,74.125.24.0-255,7156,11893,94,310886
11970,5.3e-05,172.31.47.0-255,66,11959,94,310886
11971,5.8e-05,74.125.24.0-255,2184,14143,94,310886
11972,6e-05,172.31.47.0-255,66,14209,94,310886
11973,9.3e-05,74.125.24.0-255,1484,15693,94,310886
11974,9.5e-05,172.31.47.0-255,66,15759,94,310886
11975,0.000112,74.125.24.0-255,1484,17243,94,310886
11976,0.000115,172.31.47.0-255,66,17309,94,310886
11977,0.000123,74.125.24.0-255,7156,24465,94,310886
11978,0.000126,172.31.47.0-255,66,24531,94,310886
11979,0.00013,74.125.24.0-255,4320,28851,94,310886
11980,0.000132,172.31.47.0-255,66,28917,94,310886
11981,0.000167,74.125.24.0-255,2543,31460,94,310886
11982,0.000169,172.31.47.0-255,66,31526,94,310886
11983,0.000344,74.125.24.0-255,1484,33010,94,310886
11984,0.00035,172.31.47.0-255,66,33076,94,310886
11985,0.000355,74.125.24.0-255,1484,34560,94,310886
11986,0.000357,172.31.47.0-255,66,34626,94,310886
11987,0.000369,74.125.24.0-255,1484,36110,94,310886
11988,0.000371,172.31.47.0-255,66,36176,94,310886
11989,0.000378,74.125.24.0-255,4320,40496,94,310886
11990,0.00038,172.31.47.0-255,66,40562,94,310886
11991,0.000392,74.125.24.0-255,1484,42046,94,310886
11992,0.000395,172.31.47.0-255,66,42112,94,310886
11993,0.000412,74.125.24.0-255,6797,48909,94,310886
11994,0.000415,172.31.47.0-255,66,48975,94,310886
11995,0.000451,74.125.24.0-255,4320,53295,94,310886
11996,0.000454,172.31.47.0-255,66,53361,94,310886
11997,0.000473,74.125.24.0-255,2902,56263,94,310886
11998,0.000475,172.31.47.0-255,66,56329,94,310886
11999,0.000481,74.125.24.0-255,4320,60649,94,310886
12000,0.000484,172.31.47.0-255,66,60715,94,310886
12001,0.000503,74.125.24.0-255,5691,66406,94,310886
12002,0.000506,172.31.47.0-255,66,66472,94,310886
12003,0.000522,74.125.24.0-255,109,66581,94,310886
12004,0.000538,74.125.24.0-255,331,66912,94,310886
12005,0.000664,74.125.24.0-255,1484,68396,94,310886
12006,0.000669,172.31.47.0-255,66,68462,94,310886
12007,0.000675,74.125.24.0-255,2902,71364,94,310886
12008,0.000677,172.31.47.0-255,66,71430,94,310886
12009,0.00068,74.125.24.0-255,1484,72914,94,310886
12010,0.000695,74.125.24.0-255,2902,75816,94,310886
12011,0.000698,172.31.47.0-255,66,75882,94,310886
12012,0.000717,74.125.24.0-255,1484,77366,94,310886
12013,0.000745,74.125.24.0-255,6248,83614,94,310886
12014,0.000748,172.31.47.0-255,66,83680,94,310886
12015,0.001315,74.125.24.0-255,1484,85164,94,310886
12016,0.001325,74.125.24.0-255,2902,88066,94,310886
12017,0.001329,172.31.47.0-255,66,88132,94,310886
12018,0.001337,74.125.24.0-255,5738,93870,94,310886
12019,0.001339,172.31.47.0-255,66,93936,94,310886
12020,0.001342,74.125.24.0-255,1484,95420,94,310886
12021,0.001357,74.125.24.0-255,2902,98322,94,310886
12022,0.001359,172.31.47.0-255,66,98388,94,310886
12023,0.001395,172.31.47.0-255,66,98454,94,310886
12024,0.001405,172.31.47.0-255,66,98520,94,310886
12025,0.001423,74.125.24.0-255,766,99286,94,310886
12026,0.001996,74.125.24.0-255,1484,100770,94,310886
12027,0.002003,172.31.47.0-255,66,100836,94,310886
12028,0.00201,74.125.24.0-255,2902,103738,94,310886
12029,0.002012,172.31.47.0-255,66,103804,94,310886
12030,0.002019,74.125.24.0-255,5738,109542,94,310886
12031,0.002021,172.31.47.0-255,66,109608,94,310886
12032,0.002027,74.125.24.0-255,4320,113928,94,310886
12033,0.002029,172.31.47.0-255,66,113994,94,310886
12034,0.002055,74.125.24.0-255,1484,115478,94,310886
12035,0.002069,172.31.47.0-255,66,115544,94,310886
12036,0.002086,74.125.24.0-255,1484,117028,94,310886
12037,0.0021,74.125.24.0-255,3602,120630,94,310886
12038,0.002102,172.31.47.0-255,66,120696,94,310886
12039,0.00445,74.125.24.0-255,5738,126434,94,310886
12040,0.004453,172.31.47.0-255,66,126500,94,310886
12041,0.00683,74.125.24.0-255,5738,132238,94,310886
12042,0.006837,172.31.47.0-255,66,132304,94,310886
12043,0.009229,74.125.24.0-255,5738,138042,94,310886
12044,0.009235,172.31.47.0-255,66,138108,94,310886
12045,0.011598,74.125.24.0-255,5738,143846,94,310886
12046,0.011605,172.31.47.0-255,66,143912,94,310886
12047,0.013969,74.125.24.0-255,5738,149650,94,310886
12048,0.013976,172.31.47.0-255,66,149716,94,310886
12049,0.016338,74.125.24.0-255,5738,155454,94,310886
12050,0.016349,172.31.47.0-255,66,155520,94,310886
12051,0.0187,74.125.24.0-255,5738,161258,94,310886
12052,0.018707,172.31.47.0-255,66,161324,94,310886
12053,0.021087,74.125.24.0-255,5738,167062,94,310886
12054,0.021097,172.31.47.0-255,66,167128,94,310886
12055,0.022316,172.31.47.0-255,172,167300,94,310886
12056,0.022344,172.31.47.0-255,1116,168416,94,310886
12057,0.022394,172.31.47.0-255,1514,169930,94,310886
12058,0.022396,172.31.47.0-255,1288,171218,94,310886
12059,0.023445,74.125.24.0-255,5738,176956,94,310886
12060,0.023452,172.31.47.0-255,66,177022,94,310886
12061,0.023877,104.244.42.0-255,66,177088,94,310886
12062,0.023884,104.244.42.0-255,66,177154,94,310886
12063,0.02394,104.244.42.0-255,66,177220,94,310886
12064,0.025035,104.244.42.0-255,108,177328,94,310886
12065,0.02504,172.31.47.0-255,66,177394,94,310886
12066,0.025852,74.125.24.0-255,5738,183132,94,310886
12067,0.025858,172.31.47.0-255,66,183198,94,310886
12068,0.028233,74.125.24.0-255,5738,188936,94,310886
12069,0.028239,172.31.47.0-255,66,189002,94,310886
12070,0.030594,74.125.24.0-255,5738,194740,94,310886
12071,0.0306,172.31.47.0-255,66,194806,94,310886
12072,0.032986,74.125.24.0-255,5738,200544,94,310886
12073,0.032993,172.31.47.0-255,66,200610,94,310886
12074,0.035409,74.125.24.0-255,5738,206348,94,310886
12075,0.035416,172.31.47.0-255,66,206414,94,310886
12076,0.037771,74.125.24.0-255,5738,212152,94,310886
12077,0.037777,172.31.47.0-255,66,212218,94,310886
12078,0.040166,74.125.24.0-255,5738,217956,94,310886
12079,0.040173,172.31.47.0-255,66,218022,94,310886
12080,0.042511,74.125.24.0-255,5738,223760,94,310886
12081,0.042518,172.31.47.0-255,66,223826,94,310886
12082,0.044902,74.125.24.0-255,5738,229564,94,310886
12083,0.044909,172.31.47.0-255,66,229630,94,310886
12084,0.047338,74.125.24.0-255,5738,235368,94,310886
12085,0.047346,172.31.47.0-255,66,235434,94,310886
12086,0.049679,74.125.24.0-255,5738,241172,94,310886
12087,0.049687,172.31.47.0-255,66,241238,94,310886
12088,0.052097,74.125.24.0-255,5738,246976,94,310886
12089,0.052105,172.31.47.0-255,66,247042,94,310886
12090,0.054525,74.125.24.0-255,5738,252780,94,310886
12091,0.054532,172.31.47.0-255,66,252846,94,310886
12092,0.056917,74.125.24.0-255,5738,258584,94,310886
12093,0.056924,172.31.47.0-255,66,258650,94,310886
12094,0.059341,74.125.24.0-255,5738,264388,94,310886
12095,0.059348,172.31.47.0-255,66,264454,94,310886
12096,0.061736,74.125.24.0-255,5738,270192,94,310886
12097,0.061744,172.31.47.0-255,66,270258,94,310886
12098,0.064105,74.125.24.0-255,5738,275996,94,310886
12099,0.064113,172.31.47.0-255,66,276062,94,310886
12100,0.066504,74.125.24.0-255,5738,281800,94,310886
12101,0.066512,172.31.47.0-255,66,281866,94,310886
12102,0.068872,74.125.24.0-255,5738,287604,94,310886
12103,0.068879,172.31.47.0-255,66,287670,94,310886
12104,0.071264,74.125.24.0-255,5738,293408,94,310886
12105,0.071271,172.31.47.0-255,66,293474,94,310886
12106,0.073656,74.125.24.0-255,5738,299212,94,310886
12107,0.073663,172.31.47.0-255,66,299278,94,310886
12108,0.07602,74.125.24.0-255,5738,305016,94,310886
12109,0.076027,172.31.47.0-255,66,305082,94,310886
12110,0.078403,74.125.24.0-255,5738,310820,94,310886
12111,0.078409,172.31.47.0-255,66,310886,94,310886
12112,0.0,74.125.68.0-255,153,153,94,370450
12113,2.3e-05,172.31.47.0-255,66,219,94,370450
12114,3e-05,74.125.68.0-255,1484,1703,94,370450
12115,3.5e-05,172.31.47.0-255,66,1769,94,370450
12116,5.9e-05,74.125.68.0-255,2902,4671,94,370450
12117,6.9e-05,172.31.47.0-255,66,4737,94,370450
12118,7.2e-05,74.125.68.0-255,1484,6221,94,370450
12119,7.4e-05,172.31.47.0-255,66,6287,94,370450
12120,0.000101,74.125.68.0-255,4320,10607,94,370450
12121,0.000104,172.31.47.0-255,66,10673,94,370450
12122,0.000174,74.125.68.0-255,6461,17134,94,370450
12123,0.000179,172.31.47.0-255,66,17200,94,370450
12124,0.000184,74.125.68.0-255,4320,21520,94,370450
12125,0.000186,172.31.47.0-255,66,21586,94,370450
12126,0.000224,74.125.68.0-255,2902,24488,94,370450
12127,0.000227,172.31.47.0-255,66,24554,94,370450
12128,0.000255,74.125.68.0-255,2902,27456,94,370450
12129,0.000257,172.31.47.0-255,66,27522,94,370450
12130,0.000286,74.125.68.0-255,3961,31483,94,370450
12131,0.000289,172.31.47.0-255,66,31549,94,370450
12132,0.000374,74.125.68.0-255,1484,33033,94,370450
12133,0.000378,172.31.47.0-255,66,33099,94,370450
12134,0.000409,74.125.68.0-255,2902,36001,94,370450
12135,0.000411,172.31.47.0-255,66,36067,94,370450
12136,0.000445,74.125.68.0-255,5738,41805,94,370450
12137,0.000448,172.31.47.0-255,66,41871,94,370450
12138,0.000454,74.125.68.0-255,5738,47609,94,370450
12139,0.000457,172.31.47.0-255,66,47675,94,370450
12140,0.000484,74.125.68.0-255,1484,49159,94,370450
12141,0.000486,172.31.47.0-255,66,49225,94,370450
12142,0.000494,74.125.68.0-255,7156,56381,94,370450
12143,0.000501,172.31.47.0-255,66,56447,94,370450
12144,0.000536,172.31.47.0-255,66,56513,94,370450
12145,0.000538,74.125.68.0-255,766,57279,94,370450
12146,0.00119,172.31.47.0-255,66,57345,94,370450
12147,0.001276,74.125.68.0-255,645,57990,94,370450
12148,0.00143,74.125.68.0-255,1484,59474,94,370450
12149,0.001434,172.31.47.0-255,66,59540,94,370450
12150,0.001438,74.125.68.0-255,1484,61024,94,370450
12151,0.00146,74.125.68.0-255,2902,63926,94,370450
12152,0.001463,172.31.47.0-255,66,63992,94,370450
12153,0.001469,74.125.68.0-255,5738,69730,94,370450
12154,0.001471,172.31.47.0-255,66,69796,94,370450
12155,0.001493,74.125.68.0-255,1484,71280,94,370450
12156,0.00151,74.125.68.0-255,3413,74693,94,370450
12157,0.001513,172.31.47.0-255,66,74759,94,370450
12158,0.001557,74.125.68.0-255,1484,76243,94,370450
12159,0.00157,74.125.68.0-255,2902,79145,94,370450
12160,0.001573,172.31.47.0-255,66,79211,94,370450
12161,0.001599,74.125.68.0-255,5738,84949,94,370450
12162,0.001601,172.31.47.0-255,66,85015,94,370450
12163,0.001606,74.125.68.0-255,2902,87917,94,370450
12164,0.001607,172.31.47.0-255,66,87983,94,370450
12165,0.001613,74.125.68.0-255,3961,91944,94,370450
12166,0.00162,172.31.47.0-255,66,92010,94,370450
12167,0.00166,172.31.47.0-255,66,92076,94,370450
12168,0.001664,74.125.68.0-255,2902,94978,94,370450
12169,0.001666,172.31.47.0-255,66,95044,94,370450
12170,0.001701,74.125.68.0-255,2902,97946,94,370450
12171,0.001704,172.31.47.0-255,66,98012,94,370450
12172,0.001725,74.125.68.0-255,2543,100555,94,370450
12173,0.001727,172.31.47.0-255,66,100621,94,370450
12174,0.00175,74.125.68.0-255,4320,104941,94,370450
12175,0.001752,172.31.47.0-255,66,105007,94,370450
12176,0.001774,74.125.68.0-255,1484,106491,94,370450
12177,0.001781,74.125.68.0-255,7156,113647,94,370450
12178,0.001782,172.31.47.0-255,66,113713,94,370450
12179,0.001814,172.31.47.0-255,66,113779,94,370450
12180,0.001838,74.125.68.0-255,4320,118099,94,370450
12181,0.001842,172.31.47.0-255,66,118165,94,370450
12182,0.001866,74.125.68.0-255,6438,124603,94,370450
12183,0.001869,172.31.47.0-255,66,124669,94,370450
12184,0.001896,74.125.68.0-255,7156,131825,94,370450
12185,0.001899,172.31.47.0-255,66,131891,94,370450
12186,0.001904,74.125.68.0-255,4320,136211,94,370450
12187,0.001906,172.31.47.0-255,66,136277,94,370450
12188,0.001935,74.125.68.0-255,1484,137761,94,370450
12189,0.001955,74.125.68.0-255,3961,141722,94,370450
12190,0.001958,172.31.47.0-255,66,141788,94,370450
12191,0.00391,74.125.68.0-255,5738,147526,94,370450
12192,0.003918,172.31.47.0-255,66,147592,94,370450
12193,0.005885,74.125.68.0-255,5738,153330,94,370450
12194,0.005895,172.31.47.0-255,66,153396,94,370450
12195,0.007846,74.125.68.0-255,5738,159134,94,370450
12196,0.007851,172.31.47.0-255,66,159200,94,370450
12197,0.009801,74.125.68.0-255,5738,164938,94,370450
12198,0.009808,172.31.47.0-255,66,165004,94,370450
12199,0.01176,74.125.68.0-255,5738,170742,94,370450
12200,0.011767,172.31.47.0-255,66,170808,94,370450
12201,0.013731,74.125.68.0-255,5738,176546,94,370450
12202,0.013741,172.31.47.0-255,66,176612,94,370450
12203,0.015692,74.125.68.0-255,5738,182350,94,370450
12204,0.015702,172.31.47.0-255,66,182416,94,370450
12205,0.017662,74.125.68.0-255,5738,188154,94,370450
12206,0.017671,172.31.47.0-255,66,188220,94,370450
12207,0.019621,74.125.68.0-255,5738,193958,94,370450
12208,0.019628,172.31.47.0-255,66,194024,94,370450
12209,0.021591,74.125.68.0-255,5738,199762,94,370450
12210,0.021598,172.31.47.0-255,66,199828,94,370450
12211,0.023557,74.125.68.0-255,5738,205566,94,370450
12212,0.023564,172.31.47.0-255,66,205632,94,370450
12213,0.024917,172.31.47.0-255,172,205804,94,370450
12214,0.024945,172.31.47.0-255,1116,206920,94,370450
12215,0.024993,172.31.47.0-255,1514,208434,94,370450
12216,0.024995,172.31.47.0-255,328,208762,94,370450
12217,0.025519,74.125.68.0-255,5738,214500,94,370450
12218,0.025525,172.31.47.0-255,66,214566,94,370450
12219,0.026446,104.244.42.0-255,66,214632,94,370450
12220,0.026542,104.244.42.0-255,66,214698,94,370450
12221,0.026548,104.244.42.0-255,66,214764,94,370450
12222,0.027494,74.125.68.0-255,5738,220502,94,370450
12223,0.027501,172.31.47.0-255,66,220568,94,370450
12224,0.029521,74.125.68.0-255,5738,226306,94,370450
12225,0.029527,172.31.47.0-255,66,226372,94,370450
12226,0.031488,74.125.68.0-255,5738,232110,94,370450
12227,0.031494,172.31.47.0-255,66,232176,94,370450
12228,0.033444,74.125.68.0-255,5738,237914,94,370450
12229,0.03345,172.31.47.0-255,66,237980,94,370450
12230,0.035404,74.125.68.0-255,5738,243718,94,370450
12231,0.03541,172.31.47.0-255,66,243784,94,370450
12232,0.03736,74.125.68.0-255,5738,249522,94,370450
12233,0.037367,172.31.47.0-255,66,249588,94,370450
12234,0.039313,74.125.68.0-255,5738,255326,94,370450
12235,0.039319,172.31.47.0-255,66,255392,94,370450
12236,0.041273,74.125.68.0-255,5738,261130,94,370450
12237,0.041281,172.31.47.0-255,66,261196,94,370450
12238,0.04324,74.125.68.0-255,5738,266934,94,370450
12239,0.043247,172.31.47.0-255,66,267000,94,370450
12240,0.045204,74.125.68.0-255,4320,271320,94,370450
12241,0.045211,172.31.47.0-255,66,271386,94,370450
12242,0.04524,74.125.68.0-255,1484,272870,94,370450
12243,0.047168,74.125.68.0-255,4320,277190,94,370450
12244,0.047177,172.31.47.0-255,66,277256,94,370450
12245,0.049165,74.125.68.0-255,5738,282994,94,370450
12246,0.049171,172.31.47.0-255,66,283060,94,370450
12247,0.051142,74.125.68.0-255,5738,288798,94,370450
12248,0.051149,172.31.47.0-255,66,288864,94,370450
12249,0.05311,74.125.68.0-255,5738,294602,94,370450
12250,0.053117,172.31.47.0-255,66,294668,94,370450
12251,0.055075,74.125.68.0-255,5738,300406,94,370450
12252,0.055082,172.31.47.0-255,66,300472,94,370450
12253,0.057046,74.125.68.0-255,5738,306210,94,370450
12254,0.057053,172.31.47.0-255,66,306276,94,370450
12255,0.059005,74.125.68.0-255,5738,312014,94,370450
12256,0.059011,172.31.47.0-255,66,312080,94,370450
12257,0.06098,74.125.68.0-255,5738,317818,94,370450
12258,0.060988,172.31.47.0-255,66,317884,94,370450
12259,0.062946,74.125.68.0-255,5738,323622,94,370450
12260,0.062952,172.31.47.0-255,66,323688,94,370450
12261,0.064898,74.125.68.0-255,2902,326590,94,370450
12262,0.064904,172.31.47.0-255,66,326656,94,370450
12263,0.064931,74.125.68.0-255,2902,329558,94,370450
12264,0.064934,172.31.47.0-255,66,329624,94,370450
12265,0.066848,74.125.68.0-255,2902,332526,94,370450
12266,0.066854,172.31.47.0-255,66,332592,94,370450
12267,0.066876,74.125.68.0-255,2902,335494,94,370450
12268,0.06688,172.31.47.0-255,66,335560,94,370450
12269,0.068803,74.125.68.0-255,1484,337044,94,370450
12270,0.068826,74.125.68.0-255,4320,341364,94,370450
12271,0.06883,172.31.47.0-255,66,341430,94,370450
12272,0.070806,74.125.68.0-255,5738,347168,94,370450
12273,0.070812,172.31.47.0-255,66,347234,94,370450
12274,0.07278,74.125.68.0-255,5738,352972,94,370450
12275,0.072787,172.31.47.0-255,66,353038,94,370450
12276,0.074749,74.125.68.0-255,5738,358776,94,370450
12277,0.074754,172.31.47.0-255,66,358842,94,370450
12278,0.07675,74.125.68.0-255,5738,364580,94,370450
12279,0.076757,172.31.47.0-255,66,364646,94,370450
12280,0.078725,74.125.68.0-255,5738,370384,94,370450
12281,0.078731,172.31.47.0-255,66,370450,94,370450
12282,0.0,172.217.194.0-255,153,153,94,262461
12283,2.4e-05,172.31.47.0-255,66,219,94,262461
12284,2.9e-05,172.217.194.0-255,1484,1703,94,262461
12285,3.3e-05,172.31.47.0-255,66,1769,94,262461
12286,3.7e-05,172.217.194.0-255,2902,4671,94,262461
12287,3.9e-05,172.31.47.0-255,66,4737,94,262461
12288,6e-05,172.217.194.0-255,7156,11893,94,262461
12289,6.3e-05,172.31.47.0-255,66,11959,94,262461
12290,6.6e-05,172.217.194.0-255,2207,14166,94,262461
12291,6.8e-05,172.31.47.0-255,66,14232,94,262461
12292,0.00013,172.217.194.0-255,1484,15716,94,262461
12293,0.000133,172.31.47.0-255,66,15782,94,262461
12294,0.000152,172.217.194.0-255,2902,18684,94,262461
12295,0.000154,172.31.47.0-255,66,18750,94,262461
12296,0.000158,172.217.194.0-255,2902,21652,94,262461
12297,0.000159,172.31.47.0-255,66,21718,94,262461
12298,0.000183,172.217.194.0-255,2902,24620,94,262461
12299,0.000185,172.31.47.0-255,66,24686,94,262461
12300,0.000209,172.217.194.0-255,4320,29006,94,262461
12301,0.000211,172.31.47.0-255,66,29072,94,262461
12302,0.000225,172.217.194.0-255,2543,31615,94,262461
12303,0.000227,172.31.47.0-255,66,31681,94,262461
12304,0.000662,172.217.194.0-255,1484,33165,94,262461
12305,0.000667,172.31.47.0-255,66,33231,94,262461
12306,0.000675,172.217.194.0-255,1484,34715,94,262461
12307,0.000676,172.31.47.0-255,66,34781,94,262461
12308,0.0007,172.217.194.0-255,1484,36265,94,262461
12309,0.000703,172.31.47.0-255,66,36331,94,262461
12310,0.000708,172.217.194.0-255,5738,42069,94,262461
12311,0.00071,172.31.47.0-255,66,42135,94,262461
12312,0.000714,172.217.194.0-255,4320,46455,94,262461
12313,0.000716,172.31.47.0-255,66,46521,94,262461
12314,0.000759,172.31.47.0-255,66,46587,94,262461
12315,0.000769,172.31.47.0-255,66,46653,94,262461
12316,0.000771,172.217.194.0-255,365,47018,94,262461
12317,0.00083,172.217.194.0-255,1484,48502,94,262461
12318,0.000834,172.31.47.0-255,66,48568,94,262461
12319,0.00084,172.217.194.0-255,2902,51470,94,262461
12320,0.000842,172.31.47.0-255,66,51536,94,262461
12321,0.000847,172.217.194.0-255,5738,57274,94,262461
12322,0.000849,172.31.47.0-255,66,57340,94,262461
12323,0.000876,172.217.194.0-255,2902,60242,94,262461
12324,0.000879,172.31.47.0-255,66,60308,94,262461
12325,0.000903,172.217.194.0-255,3961,64269,94,262461
12326,0.000907,172.31.47.0-255,66,64335,94,262461
12327,0.000913,172.217.194.0-255,7156,71491,94,262461
12328,0.000915,172.31.47.0-255,66,71557,94,262461
12329,0.000952,172.31.47.0-255,66,71623,94,262461
12330,0.003248,172.217.194.0-255,5738,77361,94,262461
12331,0.003253,172.31.47.0-255,66,77427,94,262461
12332,0.005545,172.217.194.0-255,1484,78911,94,262461
12333,0.00557,172.217.194.0-255,4320,83231,94,262461
12334,0.005574,172.31.47.0-255,66,83297,94,262461
12335,0.007922,172.217.194.0-255,5738,89035,94,262461
12336,0.00793,172.31.47.0-255,66,89101,94,262461
12337,0.010296,172.217.194.0-255,5738,94839,94,262461
12338,0.010302,172.31.47.0-255,66,94905,94,262461
12339,0.012615,172.217.194.0-255,5738,100643,94,262461
12340,0.012622,172.31.47.0-255,66,100709,94,262461
12341,0.015004,172.217.194.0-255,5738,106447,94,262461
12342,0.015011,172.31.47.0-255,66,106513,94,262461
12343,0.017349,172.217.194.0-255,5738,112251,94,262461
12344,0.017356,172.31.47.0-255,66,112317,94,262461
12345,0.018418,172.31.47.0-255,172,112489,94,262461
12346,0.018453,172.31.47.0-255,1116,113605,94,262461
12347,0.018515,172.31.47.0-255,1514,115119,94,262461
12348,0.018517,172.31.47.0-255,328,115447,94,262461
12349,0.019709,172.217.194.0-255,5738,121185,94,262461
12350,0.019713,172.31.47.0-255,66,121251,94,262461
12351,0.019978,104.244.42.0-255,66,121317,94,262461
12352,0.019985,104.244.42.0-255,66,121383,94,262461
12353,0.020061,104.244.42.0-255,66,121449,94,262461
12354,0.022062,172.217.194.0-255,4320,125769,94,262461
12355,0.022065,172.31.47.0-255,66,125835,94,262461
12356,0.022092,172.217.194.0-255,1484,127319,94,262461
12357,0.024401,172.217.194.0-255,4320,131639,94,262461
12358,0.024407,172.31.47.0-255,66,131705,94,262461
12359,0.026743,172.217.194.0-255,5738,137443,94,262461
12360,0.026748,172.31.47.0-255,66,137509,94,262461
12361,0.029052,172.217.194.0-255,2902,140411,94,262461
12362,0.029056,172.31.47.0-255,66,140477,94,262461
12363,0.029079,172.217.194.0-255,2902,143379,94,262461
12364,0.029082,172.31.47.0-255,66,143445,94,262461
12365,0.031398,172.217.194.0-255,4320,147765,94,262461
12366,0.031404,172.31.47.0-255,66,147831,94,262461
12367,0.031435,172.217.194.0-255,1484,149315,94,262461
12368,0.033733,172.217.194.0-255,4320,153635,94,262461
12369,0.033739,172.31.47.0-255,66,153701,94,262461
12370,0.036055,172.217.194.0-255,5738,159439,94,262461
12371,0.036059,172.31.47.0-255,66,159505,94,262461
12372,0.038379,172.217.194.0-255,5738,165243,94,262461
12373,0.038384,172.31.47.0-255,66,165309,94,262461
12374,0.040733,172.217.194.0-255,5738,171047,94,262461
12375,0.040737,172.31.47.0-255,66,171113,94,262461
12376,0.043051,172.217.194.0-255,4320,175433,94,262461
12377,0.043055,172.31.47.0-255,66,175499,94,262461
12378,0.043079,172.217.194.0-255,1484,176983,94,262461
12379,0.045339,172.217.194.0-255,4320,181303,94,262461
12380,0.045343,172.31.47.0-255,66,181369,94,262461
12381,0.047704,172.217.194.0-255,2902,184271,94,262461
12382,0.047709,172.31.47.0-255,66,184337,94,262461
12383,0.047738,172.217.194.0-255,2902,187239,94,262461
12384,0.047741,172.31.47.0-255,66,187305,94,262461
12385,0.05001,172.217.194.0-255,2902,190207,94,262461
12386,0.050015,172.31.47.0-255,66,190273,94,262461
12387,0.050071,172.217.194.0-255,2902,193175,94,262461
12388,0.050074,172.31.47.0-255,66,193241,94,262461
12389,0.052326,172.217.194.0-255,2902,196143,94,262461
12390,0.05233,172.31.47.0-255,66,196209,94,262461
12391,0.052383,172.217.194.0-255,2902,199111,94,262461
12392,0.052387,172.31.47.0-255,66,199177,94,262461
12393,0.054663,172.217.194.0-255,2902,202079,94,262461
12394,0.054667,172.31.47.0-255,66,202145,94,262461
12395,0.054715,172.217.194.0-255,2902,205047,94,262461
12396,0.054718,172.31.47.0-255,66,205113,94,262461
12397,0.057027,172.217.194.0-255,5738,210851,94,262461
12398,0.057033,172.31.47.0-255,66,210917,94,262461
12399,0.059373,172.217.194.0-255,5738,216655,94,262461
12400,0.059377,172.31.47.0-255,66,216721,94,262461
12401,0.06177,172.217.194.0-255,5738,222459,94,262461
12402,0.061776,172.31.47.0-255,66,222525,94,262461
12403,0.064134,172.217.194.0-255,2902,225427,94,262461
12404,0.06414,172.31.47.0-255,66,225493,94,262461
12405,0.064158,172.217.194.0-255,2902,228395,94,262461
12406,0.06416,172.31.47.0-255,66,228461,94,262461
12407,0.066442,172.217.194.0-255,2902,231363,94,262461
12408,0.066447,172.31.47.0-255,66,231429,94,262461
12409,0.066497,172.217.194.0-255,1484,232913,94,262461
12410,0.066509,172.217.194.0-255,1484,234397,94,262461
12411,0.066512,172.31.47.0-255,66,234463,94,262461
12412,0.068764,172.217.194.0-255,2902,237365,94,262461
12413,0.068769,172.31.47.0-255,66,237431,94,262461
12414,0.068826,172.217.194.0-255,1484,238915,94,262461
12415,0.068839,172.217.194.0-255,1484,240399,94,262461
12416,0.068842,172.31.47.0-255,66,240465,94,262461
12417,0.071119,172.217.194.0-255,2902,243367,94,262461
12418,0.071123,172.31.47.0-255,66,243433,94,262461
12419,0.071175,172.217.194.0-255,2902,246335,94,262461
12420,0.071179,172.31.47.0-255,66,246401,94,262461
12421,0.073478,172.217.194.0-255,4320,250721,94,262461
12422,0.073483,172.31.47.0-255,66,250787,94,262461
12423,0.073512,172.217.194.0-255,1484,252271,94,262461
12424,0.075847,172.217.194.0-255,4320,256591,94,262461
12425,0.075852,172.31.47.0-255,66,256657,94,262461
12426,0.078169,172.217.194.0-255,5738,262395,94,262461
12427,0.078174,172.31.47.0-255,66,262461,94,262461
12428,0.0,172.31.47.0-255,105,105,94,276
12429,0.072176,31.13.82.0-255,105,210,94,276
12430,0.072196,172.31.47.0-255,66,276,94,276
12431,0.0,172.217.194.0-255,153,153,94,250510
12432,2e-05,172.31.47.0-255,66,219,94,250510
12433,2.7e-05,172.217.194.0-255,1484,1703,94,250510
12434,3.1e-05,172.31.47.0-255,66,1769,94,250510
12435,3.7e-05,172.217.194.0-255,2902,4671,94,250510
12436,4.1e-05,172.31.47.0-255,66,4737,94,250510
12437,4.9e-05,172.217.194.0-255,7156,11893,94,250510
12438,5.2e-05,172.31.47.0-255,66,11959,94,250510
12439,5.7e-05,172.217.194.0-255,3546,15505,94,250510
12440,6e-05,172.31.47.0-255,66,15571,94,250510
12441,8.3e-05,172.217.194.0-255,5738,21309,94,250510
12442,8.6e-05,172.31.47.0-255,66,21375,94,250510
12443,0.000112,172.217.194.0-255,7156,28531,94,250510
12444,0.000115,172.31.47.0-255,66,28597,94,250510
12445,0.000119,172.217.194.0-255,2543,31140,94,250510
12446,0.000121,172.31.47.0-255,66,31206,94,250510
12447,0.000148,172.217.194.0-255,2902,34108,94,250510
12448,0.000152,172.31.47.0-255,66,34174,94,250510
12449,0.000157,172.217.194.0-255,4320,38494,94,250510
12450,0.000159,172.31.47.0-255,66,38560,94,250510
12451,0.000181,172.31.47.0-255,66,38626,94,250510
12452,0.000219,172.217.194.0-255,7156,45782,94,250510
12453,0.000222,172.31.47.0-255,66,45848,94,250510
12454,0.000244,172.31.47.0-255,66,45914,94,250510
12455,0.000402,172.217.194.0-255,376,46290,94,250510
12456,0.000406,172.31.47.0-255,66,46356,94,250510
12457,0.000586,172.217.194.0-255,1484,47840,94,250510
12458,0.00059,172.31.47.0-255,66,47906,94,250510
12459,0.000593,172.217.194.0-255,1484,49390,94,250510
12460,0.000595,172.31.47.0-255,66,49456,94,250510
12461,0.000608,172.217.194.0-255,1484,50940,94,250510
12462,0.000629,172.217.194.0-255,5738,56678,94,250510
12463,0.000631,172.31.47.0-255,66,56744,94,250510
12464,0.000639,172.217.194.0-255,7156,63900,94,250510
12465,0.00064,172.31.47.0-255,66,63966,94,250510
12466,0.000661,172.217.194.0-255,5738,69704,94,250510
12467,0.000667,172.217.194.0-255,4320,74024,94,250510
12468,0.000686,172.217.194.0-255,6438,80462,94,250510
12469,0.000689,172.31.47.0-255,66,80528,94,250510
12470,0.000697,172.31.47.0-255,66,80594,94,250510
12471,0.000717,172.217.194.0-255,4320,84914,94,250510
12472,0.000725,172.31.47.0-255,66,84980,94,250510
12473,0.000749,172.217.194.0-255,7156,92136,94,250510
12474,0.000784,172.217.194.0-255,1484,93620,94,250510
12475,0.000809,172.217.194.0-255,7156,100776,94,250510
12476,0.00082,172.217.194.0-255,2902,103678,94,250510
12477,0.000826,172.217.194.0-255,5738,109416,94,250510
12478,0.000832,172.31.47.0-255,66,109482,94,250510
12479,0.000845,172.217.194.0-255,2902,112384,94,250510
12480,0.000854,172.31.47.0-255,66,112450,94,250510
12481,0.000905,172.31.47.0-255,66,112516,94,250510
12482,0.000916,172.217.194.0-255,2902,115418,94,250510
12483,0.000929,172.31.47.0-255,66,115484,94,250510
12484,0.000948,172.217.194.0-255,4320,119804,94,250510
12485,0.000953,172.31.47.0-255,66,119870,94,250510
12486,0.000968,172.217.194.0-255,5738,125608,94,250510
12487,0.000984,172.217.194.0-255,4320,129928,94,250510
12488,0.000986,172.31.47.0-255,66,129994,94,250510
12489,0.000991,172.31.47.0-255,66,130060,94,250510
12490,0.001004,172.217.194.0-255,5020,135080,94,250510
12491,0.001035,172.217.194.0-255,4320,139400,94,250510
12492,0.001063,172.31.47.0-255,66,139466,94,250510
12493,0.001067,172.31.47.0-255,66,139532,94,250510
12494,0.001077,172.217.194.0-255,2902,142434,94,250510
12495,0.001079,172.217.194.0-255,766,143200,94,250510
12496,0.001084,172.217.194.0-255,4320,147520,94,250510
12497,0.001098,172.217.194.0-255,7156,154676,94,250510
12498,0.001106,172.217.194.0-255,1484,156160,94,250510
12499,0.001109,172.217.194.0-255,1484,157644,94,250510
12500,0.001141,172.217.194.0-255,6438,164082,94,250510
12501,0.001146,172.31.47.0-255,66,164148,94,250510
12502,0.001311,172.217.194.0-255,1484,165632,94,250510
12503,0.001316,172.217.194.0-255,2902,168534,94,250510
12504,0.001326,172.31.47.0-255,66,168600,94,250510
12505,0.001339,172.217.194.0-255,5738,174338,94,250510
12506,0.001342,172.217.194.0-255,1484,175822,94,250510
12507,0.001355,172.31.47.0-255,66,175888,94,250510
12508,0.001389,172.31.47.0-255,66,175954,94,250510
12509,0.001396,172.217.194.0-255,7156,183110,94,250510
12510,0.001401,172.31.47.0-255,66,183176,94,250510
12511,0.001415,172.217.194.0-255,6438,189614,94,250510
12512,0.001423,172.31.47.0-255,66,189680,94,250510
12513,0.001492,172.217.194.0-255,1484,191164,94,250510
12514,0.001495,172.217.194.0-255,1484,192648,94,250510
12515,0.001501,172.31.47.0-255,66,192714,94,250510
12516,0.001508,172.217.194.0-255,1484,194198,94,250510
12517,0.001542,172.217.194.0-255,4320,198518,94,250510
12518,0.001546,172.31.47.0-255,66,198584,94,250510
12519,0.00156,172.217.194.0-255,1484,200068,94,250510
12520,0.001586,172.31.47.0-255,66,200134,94,250510
12521,0.00161,172.217.194.0-255,4320,204454,94,250510
12522,0.001622,172.217.194.0-255,4320,208774,94,250510
12523,0.001631,172.31.47.0-255,66,208840,94,250510
12524,0.001637,172.217.194.0-255,5738,214578,94,250510
12525,0.001641,172.31.47.0-255,66,214644,94,250510
12526,0.001656,172.217.194.0-255,1484,216128,94,250510
12527,0.001661,172.217.194.0-255,4320,220448,94,250510
12528,0.001678,172.217.194.0-255,2184,222632,94,250510
12529,0.001682,172.31.47.0-255,66,222698,94,250510
12530,0.001711,172.217.194.0-255,1484,224182,94,250510
12531,0.001715,172.217.194.0-255,2902,227084,94,250510
12532,0.001721,172.31.47.0-255,66,227150,94,250510
12533,0.001738,172.217.194.0-255,5738,232888,94,250510
12534,0.001742,172.31.47.0-255,66,232954,94,250510
12535,0.001754,172.217.194.0-255,2902,235856,94,250510
12536,0.001763,172.31.47.0-255,66,235922,94,250510
12537,0.001785,172.217.194.0-255,1484,237406,94,250510
12538,0.001791,172.217.194.0-255,5738,243144,94,250510
12539,0.001797,172.31.47.0-255,66,243210,94,250510
12540,0.001833,172.217.194.0-255,2430,245640,94,250510
12541,0.001842,172.31.47.0-255,66,245706,94,250510
12542,0.001868,172.217.194.0-255,105,245811,94,250510
12543,0.010128,172.31.47.0-255,66,245877,94,250510
12544,0.010169,172.31.47.0-255,105,245982,94,250510
12545,0.012432,172.217.194.0-255,66,246048,94,250510
12546,0.026201,172.31.47.0-255,172,246220,94,250510
12547,0.026228,172.31.47.0-255,1116,247336,94,250510
12548,0.026281,172.31.47.0-255,1514,248850,94,250510
12549,0.026283,172.31.47.0-255,1288,250138,94,250510
12550,0.027716,104.244.42.0-255,66,250204,94,250510
12551,0.027752,104.244.42.0-255,66,250270,94,250510
12552,0.02778,104.244.42.0-255,66,250336,94,250510
12553,0.029134,104.244.42.0-255,108,250444,94,250510
12554,0.02914,172.31.47.0-255,66,250510,94,250510
12555,0.0,172.217.194.0-255,153,153,94,237234
12556,2.1e-05,172.31.47.0-255,66,219,94,237234
12557,2.8e-05,172.217.194.0-255,1484,1703,94,237234
12558,3.1e-05,172.31.47.0-255,66,1769,94,237234
12559,3.6e-05,172.217.194.0-255,2902,4671,94,237234
12560,3.9e-05,172.31.47.0-255,66,4737,94,237234
12561,4.5e-05,172.217.194.0-255,5738,10475,94,237234
12562,4.8e-05,172.31.47.0-255,66,10541,94,237234
12563,6.7e-05,172.217.194.0-255,1484,12025,94,237234
12564,6.9e-05,172.31.47.0-255,66,12091,94,237234
12565,7.4e-05,172.217.194.0-255,2003,14094,94,237234
12566,7.6e-05,172.31.47.0-255,66,14160,94,237234
12567,0.000209,172.217.194.0-255,1484,15644,94,237234
12568,0.000214,172.31.47.0-255,66,15710,94,237234
12569,0.000218,172.217.194.0-255,1484,17194,94,237234
12570,0.00022,172.31.47.0-255,66,17260,94,237234
12571,0.000237,172.217.194.0-255,1484,18744,94,237234
12572,0.000239,172.31.47.0-255,66,18810,94,237234
12573,0.000245,172.217.194.0-255,5738,24548,94,237234
12574,0.000247,172.31.47.0-255,66,24614,94,237234
12575,0.000269,172.217.194.0-255,6797,31411,94,237234
12576,0.000272,172.31.47.0-255,66,31477,94,237234
12577,0.000308,172.217.194.0-255,5738,37215,94,237234
12578,0.000311,172.31.47.0-255,66,37281,94,237234
12579,0.000334,172.217.194.0-255,1484,38765,94,237234
12580,0.000337,172.31.47.0-255,66,38831,94,237234
12581,0.000346,172.31.47.0-255,66,38897,94,237234
12582,0.000368,172.31.47.0-255,66,38963,94,237234
12583,0.00039,172.31.47.0-255,66,39029,94,237234
12584,0.000393,172.217.194.0-255,120,39149,94,237234
12585,0.000396,172.217.194.0-255,378,39527,94,237234
12586,0.000632,172.217.194.0-255,1484,41011,94,237234
12587,0.000637,172.31.47.0-255,66,41077,94,237234
12588,0.000643,172.217.194.0-255,2902,43979,94,237234
12589,0.000644,172.31.47.0-255,66,44045,94,237234
12590,0.000649,172.217.194.0-255,4320,48365,94,237234
12591,0.000652,172.31.47.0-255,66,48431,94,237234
12592,0.000665,172.217.194.0-255,1484,49915,94,237234
12593,0.00067,172.217.194.0-255,4320,54235,94,237234
12594,0.000672,172.31.47.0-255,66,54301,94,237234
12595,0.00071,172.31.47.0-255,66,54367,94,237234
12596,0.00072,172.31.47.0-255,66,54433,94,237234
12597,0.000722,172.217.194.0-255,766,55199,94,237234
12598,0.000987,172.217.194.0-255,1484,56683,94,237234
12599,0.000991,172.31.47.0-255,66,56749,94,237234
12600,0.000996,172.217.194.0-255,2902,59651,94,237234
12601,0.000998,172.31.47.0-255,66,59717,94,237234
12602,0.001002,172.217.194.0-255,4320,64037,94,237234
12603,0.001004,172.31.47.0-255,66,64103,94,237234
12604,0.00103,172.217.194.0-255,1484,65587,94,237234
12605,0.001043,172.31.47.0-255,66,65653,94,237234
12606,0.001046,172.217.194.0-255,2902,68555,94,237234
12607,0.001048,172.31.47.0-255,66,68621,94,237234
12608,0.001064,172.217.194.0-255,5738,74359,94,237234
12609,0.001067,172.31.47.0-255,66,74425,94,237234
12610,0.001086,172.217.194.0-255,2184,76609,94,237234
12611,0.001088,172.31.47.0-255,66,76675,94,237234
12612,0.001342,172.217.194.0-255,1484,78159,94,237234
12613,0.001346,172.217.194.0-255,1484,79643,94,237234
12614,0.001349,172.31.47.0-255,66,79709,94,237234
12615,0.001364,172.217.194.0-255,1484,81193,94,237234
12616,0.001368,172.217.194.0-255,2902,84095,94,237234
12617,0.00137,172.31.47.0-255,66,84161,94,237234
12618,0.001392,172.217.194.0-255,2902,87063,94,237234
12619,0.001394,172.31.47.0-255,66,87129,94,237234
12620,0.001398,172.217.194.0-255,2902,90031,94,237234
12621,0.0014,172.31.47.0-255,66,90097,94,237234
12622,0.001427,172.31.47.0-255,66,90163,94,237234
12623,0.001436,172.31.47.0-255,66,90229,94,237234
12624,0.00148,172.217.194.0-255,3602,93831,94,237234
12625,0.001485,172.217.194.0-255,4320,98151,94,237234
12626,0.001495,172.217.194.0-255,2902,101053,94,237234
12627,0.001502,172.31.47.0-255,66,101119,94,237234
12628,0.001505,172.31.47.0-255,66,101185,94,237234
12629,0.001507,172.31.47.0-255,66,101251,94,237234
12630,0.00151,172.31.47.0-255,66,101317,94,237234
12631,0.001517,172.217.194.0-255,7156,108473,94,237234
12632,0.001519,172.31.47.0-255,66,108539,94,237234
12633,0.001552,172.217.194.0-255,2902,111441,94,237234
12634,0.001554,172.31.47.0-255,66,111507,94,237234
12635,0.001569,172.217.194.0-255,5020,116527,94,237234
12636,0.001573,172.31.47.0-255,66,116593,94,237234
12637,0.001736,172.217.194.0-255,1484,118077,94,237234
12638,0.001741,172.217.194.0-255,2902,120979,94,237234
12639,0.001743,172.31.47.0-255,66,121045,94,237234
12640,0.001768,172.217.194.0-255,5738,126783,94,237234
12641,0.001771,172.31.47.0-255,66,126849,94,237234
12642,0.001794,172.31.47.0-255,66,126915,94,237234
12643,0.001815,172.217.194.0-255,2902,129817,94,237234
12644,0.001817,172.31.47.0-255,66,129883,94,237234
12645,0.001824,172.217.194.0-255,7156,137039,94,237234
12646,0.001825,172.31.47.0-255,66,137105,94,237234
12647,0.001852,172.217.194.0-255,3602,140707,94,237234
12648,0.001854,172.31.47.0-255,66,140773,94,237234
12649,0.002026,172.217.194.0-255,1484,142257,94,237234
12650,0.002031,172.217.194.0-255,2902,145159,94,237234
12651,0.002034,172.31.47.0-255,66,145225,94,237234
12652,0.00206,172.217.194.0-255,5738,150963,94,237234
12653,0.002062,172.31.47.0-255,66,151029,94,237234
12654,0.002067,172.217.194.0-255,2902,153931,94,237234
12655,0.002068,172.31.47.0-255,66,153997,94,237234
12656,0.00209,172.217.194.0-255,5738,159735,94,237234
12657,0.002093,172.31.47.0-255,66,159801,94,237234
12658,0.002115,172.217.194.0-255,4320,164121,94,237234
12659,0.002118,172.31.47.0-255,66,164187,94,237234
12660,0.00213,172.31.47.0-255,66,164253,94,237234
12661,0.002136,172.217.194.0-255,5738,169991,94,237234
12662,0.002138,172.31.47.0-255,66,170057,94,237234
12663,0.002164,172.31.47.0-255,66,170123,94,237234
12664,0.002177,172.31.47.0-255,66,170189,94,237234
12665,0.002193,172.217.194.0-255,2184,172373,94,237234
12666,0.002195,172.31.47.0-255,66,172439,94,237234
12667,0.002224,172.217.194.0-255,1484,173923,94,237234
12668,0.002228,172.217.194.0-255,2902,176825,94,237234
12669,0.00223,172.31.47.0-255,66,176891,94,237234
12670,0.002236,172.217.194.0-255,5738,182629,94,237234
12671,0.002237,172.31.47.0-255,66,182695,94,237234
12672,0.00228,172.31.47.0-255,66,182761,94,237234
12673,0.002289,172.31.47.0-255,66,182827,94,237234
12674,0.002321,172.217.194.0-255,4320,187147,94,237234
12675,0.002324,172.31.47.0-255,66,187213,94,237234
12676,0.002383,172.31.47.0-255,66,187279,94,237234
12677,0.0024,172.217.194.0-255,3602,190881,94,237234
12678,0.002402,172.31.47.0-255,66,190947,94,237234
12679,0.002414,172.31.47.0-255,66,191013,94,237234
12680,0.004746,172.217.194.0-255,5738,196751,94,237234
12681,0.004754,172.31.47.0-255,66,196817,94,237234
12682,0.007053,172.217.194.0-255,5738,202555,94,237234
12683,0.007057,172.31.47.0-255,66,202621,94,237234
12684,0.009371,172.217.194.0-255,5738,208359,94,237234
12685,0.009377,172.31.47.0-255,66,208425,94,237234
12686,0.011693,172.217.194.0-255,5738,214163,94,237234
12687,0.011698,172.31.47.0-255,66,214229,94,237234
12688,0.014006,172.217.194.0-255,5738,219967,94,237234
12689,0.014016,172.31.47.0-255,66,220033,94,237234
12690,0.016331,172.217.194.0-255,5738,225771,94,237234
12691,0.016341,172.31.47.0-255,66,225837,94,237234
12692,0.018649,172.217.194.0-255,5738,231575,94,237234
12693,0.018656,172.31.47.0-255,66,231641,94,237234
12694,0.020952,172.217.194.0-255,1068,232709,94,237234
12695,0.021056,172.31.47.0-255,66,232775,94,237234
12696,0.02109,172.31.47.0-255,105,232880,94,237234
12697,0.023373,172.217.194.0-255,66,232946,94,237234
12698,0.029865,172.31.47.0-255,172,233118,94,237234
12699,0.029896,172.31.47.0-255,1117,234235,94,237234
12700,0.029962,172.31.47.0-255,1514,235749,94,237234
12701,0.029963,172.31.47.0-255,1287,237036,94,237234
12702,0.031445,104.244.42.0-255,66,237102,94,237234
12703,0.031453,104.244.42.0-255,66,237168,94,237234
12704,0.03153,104.244.42.0-255,66,237234,94,237234
12705,0.0,74.125.130.0-255,153,153,94,341208
12706,2.7e-05,172.31.47.0-255,66,219,94,341208
12707,3.3e-05,74.125.130.0-255,1484,1703,94,341208
12708,3.8e-05,172.31.47.0-255,66,1769,94,341208
12709,6.7e-05,74.125.130.0-255,2902,4671,94,341208
12710,7e-05,172.31.47.0-255,66,4737,94,341208
12711,8.7e-05,74.125.130.0-255,1484,6221,94,341208
12712,9.1e-05,172.31.47.0-255,66,6287,94,341208
12713,0.000107,74.125.130.0-255,4320,10607,94,341208
12714,0.00011,172.31.47.0-255,66,10673,94,341208
12715,0.000172,74.125.130.0-255,1484,12157,94,341208
12716,0.000176,172.31.47.0-255,66,12223,94,341208
12717,0.000194,74.125.130.0-255,1995,14218,94,341208
12718,0.000197,172.31.47.0-255,66,14284,94,341208
12719,0.000254,74.125.130.0-255,1484,15768,94,341208
12720,0.000257,172.31.47.0-255,66,15834,94,341208
12721,0.000275,74.125.130.0-255,2902,18736,94,341208
12722,0.000278,172.31.47.0-255,66,18802,94,341208
12723,0.000283,74.125.130.0-255,2902,21704,94,341208
12724,0.000285,172.31.47.0-255,66,21770,94,341208
12725,0.000303,74.125.130.0-255,2902,24672,94,341208
12726,0.000306,172.31.47.0-255,66,24738,94,341208
12727,0.000309,74.125.130.0-255,1484,26222,94,341208
12728,0.00031,172.31.47.0-255,66,26288,94,341208
12729,0.000348,74.125.130.0-255,1484,27772,94,341208
12730,0.000352,172.31.47.0-255,66,27838,94,341208
12731,0.000376,74.125.130.0-255,5379,33217,94,341208
12732,0.000382,172.31.47.0-255,66,33283,94,341208
12733,0.000383,74.125.130.0-255,7156,40439,94,341208
12734,0.000386,172.31.47.0-255,66,40505,94,341208
12735,0.000404,74.125.130.0-255,5738,46243,94,341208
12736,0.000408,172.31.47.0-255,66,46309,94,341208
12737,0.000425,74.125.130.0-255,2543,48852,94,341208
12738,0.000428,172.31.47.0-255,66,48918,94,341208
12739,0.000674,74.125.130.0-255,1484,50402,94,341208
12740,0.000682,172.31.47.0-255,66,50468,94,341208
12741,0.000687,74.125.130.0-255,2902,53370,94,341208
12742,0.00069,172.31.47.0-255,66,53436,94,341208
12743,0.000708,74.125.130.0-255,2902,56338,94,341208
12744,0.00071,172.31.47.0-255,66,56404,94,341208
12745,0.000738,74.125.130.0-255,2902,59306,94,341208
12746,0.000741,172.31.47.0-255,66,59372,94,341208
12747,0.000748,74.125.130.0-255,6797,66169,94,341208
12748,0.00075,172.31.47.0-255,66,66235,94,341208
12749,0.000753,74.125.130.0-255,340,66575,94,341208
12750,0.000755,172.31.47.0-255,66,66641,94,341208
12751,0.000875,74.125.130.0-255,404,67045,94,341208
12752,0.000878,172.31.47.0-255,66,67111,94,341208
12753,0.001041,74.125.130.0-255,1484,68595,94,341208
12754,0.001045,172.31.47.0-255,66,68661,94,341208
12755,0.00106,74.125.130.0-255,2902,71563,94,341208
12756,0.001063,172.31.47.0-255,66,71629,94,341208
12757,0.001069,74.125.130.0-255,2902,74531,94,341208
12758,0.001071,172.31.47.0-255,66,74597,94,341208
12759,0.001087,74.125.130.0-255,1484,76081,94,341208
12760,0.00109,172.31.47.0-255,66,76147,94,341208
12761,0.001104,74.125.130.0-255,1484,77631,94,341208
12762,0.001106,172.31.47.0-255,66,77697,94,341208
12763,0.001122,74.125.130.0-255,7156,84853,94,341208
12764,0.001125,172.31.47.0-255,66,84919,94,341208
12765,0.001137,74.125.130.0-255,1125,86044,94,341208
12766,0.001139,172.31.47.0-255,66,86110,94,341208
12767,0.001144,74.125.130.0-255,4320,90430,94,341208
12768,0.001145,172.31.47.0-255,66,90496,94,341208
12769,0.00117,74.125.130.0-255,2902,93398,94,341208
12770,0.001172,172.31.47.0-255,66,93464,94,341208
12771,0.001193,172.31.47.0-255,66,93530,94,341208
12772,0.001659,74.125.130.0-255,1484,95014,94,341208
12773,0.001678,74.125.130.0-255,2902,97916,94,341208
12774,0.001698,74.125.130.0-255,5738,103654,94,341208
12775,0.00172,74.125.130.0-255,2902,106556,94,341208
12776,0.001738,74.125.130.0-255,5738,112294,94,341208
12777,0.001756,74.125.130.0-255,5738,118032,94,341208
12778,0.001773,74.125.130.0-255,4320,122352,94,341208
12779,0.001776,74.125.130.0-255,1484,123836,94,341208
12780,0.001794,74.125.130.0-255,3602,127438,94,341208
12781,0.002044,74.125.130.0-255,1484,128922,94,341208
12782,0.003965,172.31.47.0-255,66,128988,94,341208
12783,0.006009,74.125.130.0-255,4320,133308,94,341208
12784,0.006014,172.31.47.0-255,66,133374,94,341208
12785,0.006038,74.125.130.0-255,1484,134858,94,341208
12786,0.008037,74.125.130.0-255,4320,139178,94,341208
12787,0.008042,172.31.47.0-255,66,139244,94,341208
12788,0.010081,74.125.130.0-255,5738,144982,94,341208
12789,0.010086,172.31.47.0-255,66,145048,94,341208
12790,0.012122,74.125.130.0-255,5738,150786,94,341208
12791,0.01213,172.31.47.0-255,66,150852,94,341208
12792,0.014155,74.125.130.0-255,5738,156590,94,341208
12793,0.014162,172.31.47.0-255,66,156656,94,341208
12794,0.016206,74.125.130.0-255,5738,162394,94,341208
12795,0.016216,172.31.47.0-255,66,162460,94,341208
12796,0.018256,74.125.130.0-255,5738,168198,94,341208
12797,0.018263,172.31.47.0-255,66,168264,94,341208
12798,0.020311,74.125.130.0-255,5738,174002,94,341208
12799,0.020319,172.31.47.0-255,66,174068,94,341208
12800,0.022352,74.125.130.0-255,5738,179806,94,341208
12801,0.02236,172.31.47.0-255,66,179872,94,341208
12802,0.024388,74.125.130.0-255,5738,185610,94,341208
12803,0.024394,172.31.47.0-255,66,185676,94,341208
12804,0.025683,172.31.47.0-255,172,185848,94,341208
12805,0.025715,172.31.47.0-255,1117,186965,94,341208
12806,0.025743,172.31.47.0-255,1514,188479,94,341208
12807,0.025744,172.31.47.0-255,1287,189766,94,341208
12808,0.026459,74.125.130.0-255,5738,195504,94,341208
12809,0.026465,172.31.47.0-255,66,195570,94,341208
12810,0.027217,104.244.42.0-255,66,195636,94,341208
12811,0.027286,104.244.42.0-255,66,195702,94,341208
12812,0.027332,104.244.42.0-255,66,195768,94,341208
12813,0.027973,104.244.42.0-255,108,195876,94,341208
12814,0.027977,172.31.47.0-255,66,195942,94,341208
12815,0.028473,74.125.130.0-255,1484,197426,94,341208
12816,0.0285,74.125.130.0-255,4320,201746,94,341208
12817,0.028503,172.31.47.0-255,66,201812,94,341208
12818,0.030528,74.125.130.0-255,4320,206132,94,341208
12819,0.030532,172.31.47.0-255,66,206198,94,341208
12820,0.030554,74.125.130.0-255,1484,207682,94,341208
12821,0.032564,74.125.130.0-255,4320,212002,94,341208
12822,0.032569,172.31.47.0-255,66,212068,94,341208
12823,0.034609,74.125.130.0-255,4320,216388,94,341208
12824,0.034614,172.31.47.0-255,66,216454,94,341208
12825,0.034645,74.125.130.0-255,1484,217938,94,341208
12826,0.036643,74.125.130.0-255,4320,222258,94,341208
12827,0.036647,172.31.47.0-255,66,222324,94,341208
12828,0.038667,74.125.130.0-255,4320,226644,94,341208
12829,0.038672,172.31.47.0-255,66,226710,94,341208
12830,0.038696,74.125.130.0-255,1484,228194,94,341208
12831,0.040695,74.125.130.0-255,4320,232514,94,341208
12832,0.040699,172.31.47.0-255,66,232580,94,341208
12833,0.042727,74.125.130.0-255,5738,238318,94,341208
12834,0.042731,172.31.47.0-255,66,238384,94,341208
12835,0.044774,74.125.130.0-255,5738,244122,94,341208
12836,0.04478,172.31.47.0-255,66,244188,94,341208
12837,0.046817,74.125.130.0-255,5738,249926,94,341208
12838,0.046822,172.31.47.0-255,66,249992,94,341208
12839,0.048861,74.125.130.0-255,5738,255730,94,341208
12840,0.048866,172.31.47.0-255,66,255796,94,341208
12841,0.050881,74.125.130.0-255,5738,261534,94,341208
12842,0.050885,172.31.47.0-255,66,261600,94,341208
12843,0.052914,74.125.130.0-255,5738,267338,94,341208
12844,0.052918,172.31.47.0-255,66,267404,94,341208
12845,0.054961,74.125.130.0-255,5738,273142,94,341208
12846,0.054968,172.31.47.0-255,66,273208,94,341208
12847,0.056993,74.125.130.0-255,4320,277528,94,341208
12848,0.056997,172.31.47.0-255,66,277594,94,341208
12849,0.057024,74.125.130.0-255,1484,279078,94,341208
12850,0.059035,74.125.130.0-255,2902,281980,94,341208
12851,0.059039,172.31.47.0-255,66,282046,94,341208
12852,0.059067,74.125.130.0-255,1484,283530,94,341208
12853,0.061068,74.125.130.0-255,4320,287850,94,341208
12854,0.061073,172.31.47.0-255,66,287916,94,341208
12855,0.063105,74.125.130.0-255,5738,293654,94,341208
12856,0.06311,172.31.47.0-255,66,293720,94,341208
12857,0.065116,74.125.130.0-255,2902,296622,94,341208
12858,0.065121,172.31.47.0-255,66,296688,94,341208
12859,0.065146,74.125.130.0-255,2902,299590,94,341208
12860,0.065149,172.31.47.0-255,66,299656,94,341208
12861,0.067153,74.125.130.0-255,2902,302558,94,341208
12862,0.067158,172.31.47.0-255,66,302624,94,341208
12863,0.067189,74.125.130.0-255,2902,305526,94,341208
12864,0.067191,172.31.47.0-255,66,305592,94,341208
12865,0.069195,74.125.130.0-255,2902,308494,94,341208
12866,0.0692,172.31.47.0-255,66,308560,94,341208
12867,0.069228,74.125.130.0-255,2902,311462,94,341208
12868,0.069231,172.31.47.0-255,66,311528,94,341208
12869,0.071219,74.125.130.0-255,2902,314430,94,341208
12870,0.071225,172.31.47.0-255,66,314496,94,341208
12871,0.071256,74.125.130.0-255,2902,317398,94,341208
12872,0.071259,172.31.47.0-255,66,317464,94,341208
12873,0.073266,74.125.130.0-255,2902,320366,94,341208
12874,0.073272,172.31.47.0-255,66,320432,94,341208
12875,0.073292,74.125.130.0-255,2902,323334,94,341208
12876,0.073294,172.31.47.0-255,66,323400,94,341208
12877,0.075293,74.125.130.0-255,2902,326302,94,341208
12878,0.075298,172.31.47.0-255,66,326368,94,341208
12879,0.075328,74.125.130.0-255,2902,329270,94,341208
12880,0.075331,172.31.47.0-255,66,329336,94,341208
12881,0.077328,74.125.130.0-255,2902,332238,94,341208
12882,0.077332,172.31.47.0-255,66,332304,94,341208
12883,0.077359,74.125.130.0-255,2902,335206,94,341208
12884,0.077362,172.31.47.0-255,66,335272,94,341208
12885,0.079378,74.125.130.0-255,2902,338174,94,341208
12886,0.079382,172.31.47.0-255,66,338240,94,341208
12887,0.079418,74.125.130.0-255,2902,341142,94,341208
12888,0.079421,172.31.47.0-255,66,341208,94,341208
12889,0.0,172.217.194.0-255,148,148,94,362738
12890,1.9e-05,172.31.47.0-255,66,214,94,362738
12891,2.5e-05,172.217.194.0-255,1484,1698,94,362738
12892,2.9e-05,172.31.47.0-255,66,1764,94,362738
12893,3.4e-05,172.217.194.0-255,2902,4666,94,362738
12894,4.6e-05,172.31.47.0-255,66,4732,94,362738
12895,5.4e-05,172.217.194.0-255,7156,11888,94,362738
12896,5.7e-05,172.31.47.0-255,66,11954,94,362738
12897,6.1e-05,172.217.194.0-255,2902,14856,94,362738
12898,6.4e-05,172.31.47.0-255,66,14922,94,362738
12899,0.0001,172.217.194.0-255,3517,18439,94,362738
12900,0.000104,172.31.47.0-255,66,18505,94,362738
12901,0.00014,172.31.47.0-255,66,18571,94,362738
12902,0.00017,172.217.194.0-255,1484,20055,94,362738
12903,0.000172,172.31.47.0-255,66,20121,94,362738
12904,0.000177,172.217.194.0-255,2902,23023,94,362738
12905,0.000178,172.31.47.0-255,66,23089,94,362738
12906,0.000185,172.217.194.0-255,5738,28827,94,362738
12907,0.000192,172.31.47.0-255,66,28893,94,362738
12908,0.000218,172.217.194.0-255,7156,36049,94,362738
12909,0.00022,172.31.47.0-255,66,36115,94,362738
12910,0.000255,172.217.194.0-255,1484,37599,94,362738
12911,0.000257,172.31.47.0-255,66,37665,94,362738
12912,0.00027,172.31.47.0-255,66,37731,94,362738
12913,0.000277,172.217.194.0-255,5333,43064,94,362738
12914,0.000279,172.31.47.0-255,66,43130,94,362738
12915,0.000338,172.217.194.0-255,364,43494,94,362738
12916,0.000342,172.31.47.0-255,66,43560,94,362738
12917,0.000418,172.217.194.0-255,1484,45044,94,362738
12918,0.000422,172.31.47.0-255,66,45110,94,362738
12919,0.000427,172.217.194.0-255,2902,48012,94,362738
12920,0.000433,172.217.194.0-255,2902,50914,94,362738
12921,0.000452,172.217.194.0-255,2902,53816,94,362738
12922,0.000477,172.217.194.0-255,6248,60064,94,362738
12923,0.000515,172.217.194.0-255,1484,61548,94,362738
12924,0.000529,172.217.194.0-255,2902,64450,94,362738
12925,0.000556,172.217.194.0-255,5738,70188,94,362738
12926,0.000561,172.217.194.0-255,4320,74508,94,362738
12927,0.000611,172.217.194.0-255,4320,78828,94,362738
12928,0.000634,172.217.194.0-255,7156,85984,94,362738
12929,0.000642,172.217.194.0-255,7156,93140,94,362738
12930,0.000653,172.217.194.0-255,766,93906,94,362738
12931,0.000673,172.31.47.0-255,66,93972,94,362738
12932,0.000954,172.217.194.0-255,1484,95456,94,362738
12933,0.000958,172.217.194.0-255,1484,96940,94,362738
12934,0.000975,172.217.194.0-255,1484,98424,94,362738
12935,0.000988,172.217.194.0-255,4320,102744,94,362738
12936,0.000991,172.217.194.0-255,1484,104228,94,362738
12937,0.001007,172.31.47.0-255,66,104294,94,362738
12938,0.001021,172.217.194.0-255,7156,111450,94,362738
12939,0.001033,172.217.194.0-255,7156,118606,94,362738
12940,0.001039,172.31.47.0-255,66,118672,94,362738
12941,0.00108,172.217.194.0-255,1484,120156,94,362738
12942,0.001084,172.217.194.0-255,2902,123058,94,362738
12943,0.001129,172.31.47.0-255,66,123124,94,362738
12944,0.00114,172.217.194.0-255,5738,128862,94,362738
12945,0.001161,172.31.47.0-255,66,128928,94,362738
12946,0.001188,172.217.194.0-255,4320,133248,94,362738
12947,0.001198,172.31.47.0-255,66,133314,94,362738
12948,0.001237,172.31.47.0-255,66,133380,94,362738
12949,0.002267,172.217.194.0-255,1484,134864,94,362738
12950,0.002274,172.217.194.0-255,2902,137766,94,362738
12951,0.002277,172.31.47.0-255,66,137832,94,362738
12952,0.002301,172.217.194.0-255,5738,143570,94,362738
12953,0.002304,172.31.47.0-255,66,143636,94,362738
12954,0.002337,172.217.194.0-255,7156,150792,94,362738
12955,0.00234,172.31.47.0-255,66,150858,94,362738
12956,0.00237,172.217.194.0-255,5738,156596,94,362738
12957,0.002373,172.31.47.0-255,66,156662,94,362738
12958,0.002378,172.217.194.0-255,4320,160982,94,362738
12959,0.00238,172.31.47.0-255,66,161048,94,362738
12960,0.002386,172.217.194.0-255,5738,166786,94,362738
12961,0.002389,172.31.47.0-255,66,166852,94,362738
12962,0.004712,172.217.194.0-255,5738,172590,94,362738
12963,0.004719,172.31.47.0-255,66,172656,94,362738
12964,0.007024,172.217.194.0-255,1484,174140,94,362738
12965,0.007045,172.217.194.0-255,4320,178460,94,362738
12966,0.00705,172.31.47.0-255,66,178526,94,362738
12967,0.009412,172.217.194.0-255,5738,184264,94,362738
12968,0.009419,172.31.47.0-255,66,184330,94,362738
12969,0.011749,172.217.194.0-255,5738,190068,94,362738
12970,0.011757,172.31.47.0-255,66,190134,94,362738
12971,0.014082,172.217.194.0-255,5738,195872,94,362738
12972,0.014088,172.31.47.0-255,66,195938,94,362738
12973,0.016394,172.217.194.0-255,5738,201676,94,362738
12974,0.016401,172.31.47.0-255,66,201742,94,362738
12975,0.018719,172.217.194.0-255,5738,207480,94,362738
12976,0.018727,172.31.47.0-255,66,207546,94,362738
12977,0.02105,172.217.194.0-255,5738,213284,94,362738
12978,0.021067,172.31.47.0-255,66,213350,94,362738
12979,0.023382,172.217.194.0-255,5738,219088,94,362738
12980,0.023399,172.31.47.0-255,66,219154,94,362738
12981,0.025719,172.217.194.0-255,5738,224892,94,362738
12982,0.025734,172.31.47.0-255,66,224958,94,362738
12983,0.028065,172.217.194.0-255,5738,230696,94,362738
12984,0.028079,172.31.47.0-255,66,230762,94,362738
12985,0.030393,172.217.194.0-255,5738,236500,94,362738
12986,0.030404,172.31.47.0-255,66,236566,94,362738
12987,0.032787,172.217.194.0-255,5738,242304,94,362738
12988,0.032793,172.31.47.0-255,66,242370,94,362738
12989,0.035127,172.217.194.0-255,5738,248108,94,362738
12990,0.035135,172.31.47.0-255,66,248174,94,362738
12991,0.037454,172.217.194.0-255,5738,253912,94,362738
12992,0.037463,172.31.47.0-255,66,253978,94,362738
12993,0.0398,172.217.194.0-255,5738,259716,94,362738
12994,0.039808,172.31.47.0-255,66,259782,94,362738
12995,0.04212,172.217.194.0-255,5738,265520,94,362738
12996,0.042128,172.31.47.0-255,66,265586,94,362738
12997,0.044426,172.217.194.0-255,5738,271324,94,362738
12998,0.044439,172.31.47.0-255,66,271390,94,362738
12999,0.046786,172.217.194.0-255,5738,277128,94,362738
13000,0.046803,172.31.47.0-255,66,277194,94,362738
13001,0.049122,172.217.194.0-255,5738,282932,94,362738
13002,0.049131,172.31.47.0-255,66,282998,94,362738
13003,0.051427,172.217.194.0-255,5738,288736,94,362738
13004,0.051438,172.31.47.0-255,66,288802,94,362738
13005,0.053786,172.217.194.0-255,5738,294540,94,362738
13006,0.053792,172.31.47.0-255,66,294606,94,362738
13007,0.054508,172.31.47.0-255,172,294778,94,362738
13008,0.054546,172.31.47.0-255,1108,295886,94,362738
13009,0.054612,172.31.47.0-255,1514,297400,94,362738
13010,0.054614,172.31.47.0-255,1296,298696,94,362738
13011,0.056079,104.244.42.0-255,66,298762,94,362738
13012,0.056105,172.217.194.0-255,5738,304500,94,362738
13013,0.056111,172.31.47.0-255,66,304566,94,362738
13014,0.056136,104.244.42.0-255,66,304632,94,362738
13015,0.056172,104.244.42.0-255,66,304698,94,362738
13016,0.05846,172.217.194.0-255,5738,310436,94,362738
13017,0.058475,172.31.47.0-255,66,310502,94,362738
13018,0.060798,172.217.194.0-255,5738,316240,94,362738
13019,0.060813,172.31.47.0-255,66,316306,94,362738
13020,0.063149,172.217.194.0-255,5738,322044,94,362738
13021,0.063156,172.31.47.0-255,66,322110,94,362738
13022,0.065461,172.217.194.0-255,5738,327848,94,362738
13023,0.065466,172.31.47.0-255,66,327914,94,362738
13024,0.067799,172.217.194.0-255,5738,333652,94,362738
13025,0.067805,172.31.47.0-255,66,333718,94,362738
13026,0.0701,172.217.194.0-255,5738,339456,94,362738
13027,0.070107,172.31.47.0-255,66,339522,94,362738
13028,0.072398,172.217.194.0-255,5738,345260,94,362738
13029,0.072405,172.31.47.0-255,66,345326,94,362738
13030,0.074735,172.217.194.0-255,5738,351064,94,362738
13031,0.074742,172.31.47.0-255,66,351130,94,362738
13032,0.077077,172.217.194.0-255,5738,356868,94,362738
13033,0.077084,172.31.47.0-255,66,356934,94,362738
13034,0.079374,172.217.194.0-255,5738,362672,94,362738
13035,0.07938,172.31.47.0-255,66,362738,94,362738
13036,0.0,172.31.47.0-255,105,105,94,105
13037,0.0,172.217.194.0-255,153,153,94,266206
13038,2.8e-05,172.31.47.0-255,66,219,94,266206
13039,3.4e-05,172.217.194.0-255,1484,1703,94,266206
13040,3.8e-05,172.31.47.0-255,66,1769,94,266206
13041,4.2e-05,172.217.194.0-255,2902,4671,94,266206
13042,4.5e-05,172.31.47.0-255,66,4737,94,266206
13043,5e-05,172.217.194.0-255,4320,9057,94,266206
13044,5.3e-05,172.31.47.0-255,66,9123,94,266206
13045,7.6e-05,172.217.194.0-255,2902,12025,94,266206
13046,7.9e-05,172.31.47.0-255,66,12091,94,266206
13047,8.2e-05,172.217.194.0-255,1484,13575,94,266206
13048,8.4e-05,172.31.47.0-255,66,13641,94,266206
13049,8.6e-05,172.217.194.0-255,685,14326,94,266206
13050,8.8e-05,172.31.47.0-255,66,14392,94,266206
13051,0.000239,172.217.194.0-255,1484,15876,94,266206
13052,0.000243,172.31.47.0-255,66,15942,94,266206
13053,0.000266,172.217.194.0-255,2902,18844,94,266206
13054,0.00027,172.31.47.0-255,66,18910,94,266206
13055,0.000276,172.217.194.0-255,5738,24648,94,266206
13056,0.000279,172.31.47.0-255,66,24714,94,266206
13057,0.000301,172.217.194.0-255,4320,29034,94,266206
13058,0.000305,172.31.47.0-255,66,29100,94,266206
13059,0.000324,172.217.194.0-255,2543,31643,94,266206
13060,0.000327,172.31.47.0-255,66,31709,94,266206
13061,0.000593,172.217.194.0-255,1484,33193,94,266206
13062,0.000598,172.31.47.0-255,66,33259,94,266206
13063,0.000606,172.217.194.0-255,2902,36161,94,266206
13064,0.000609,172.31.47.0-255,66,36227,94,266206
13065,0.000613,172.217.194.0-255,1484,37711,94,266206
13066,0.000614,172.31.47.0-255,66,37777,94,266206
13067,0.000635,172.217.194.0-255,4320,42097,94,266206
13068,0.000639,172.31.47.0-255,66,42163,94,266206
13069,0.000646,172.217.194.0-255,7156,49319,94,266206
13070,0.000649,172.31.47.0-255,66,49385,94,266206
13071,0.000672,172.217.194.0-255,6797,56182,94,266206
13072,0.000676,172.31.47.0-255,66,56248,94,266206
13073,0.000687,172.31.47.0-255,66,56314,94,266206
13074,0.000709,172.217.194.0-255,677,56991,94,266206
13075,0.000747,172.217.194.0-255,1484,58475,94,266206
13076,0.000751,172.31.47.0-255,66,58541,94,266206
13077,0.000757,172.217.194.0-255,4320,62861,94,266206
13078,0.000759,172.31.47.0-255,66,62927,94,266206
13079,0.000761,172.217.194.0-255,1484,64411,94,266206
13080,0.000785,172.217.194.0-255,5738,70149,94,266206
13081,0.000788,172.31.47.0-255,66,70215,94,266206
13082,0.000808,172.217.194.0-255,3961,74176,94,266206
13083,0.000812,172.31.47.0-255,66,74242,94,266206
13084,0.000833,172.217.194.0-255,4320,78562,94,266206
13085,0.000835,172.31.47.0-255,66,78628,94,266206
13086,0.000852,172.217.194.0-255,5738,84366,94,266206
13087,0.000855,172.31.47.0-255,66,84432,94,266206
13088,0.000871,172.217.194.0-255,4320,88752,94,266206
13089,0.000873,172.31.47.0-255,66,88818,94,266206
13090,0.000877,172.217.194.0-255,2543,91361,94,266206
13091,0.000878,172.31.47.0-255,66,91427,94,266206
13092,0.001167,172.217.194.0-255,1484,92911,94,266206
13093,0.001184,172.217.194.0-255,2902,95813,94,266206
13094,0.001188,172.31.47.0-255,66,95879,94,266206
13095,0.001195,172.217.194.0-255,5738,101617,94,266206
13096,0.001198,172.31.47.0-255,66,101683,94,266206
13097,0.001229,172.217.194.0-255,7156,108839,94,266206
13098,0.001231,172.31.47.0-255,66,108905,94,266206
13099,0.001265,172.217.194.0-255,5738,114643,94,266206
13100,0.001267,172.31.47.0-255,66,114709,94,266206
13101,0.001285,172.217.194.0-255,2902,117611,94,266206
13102,0.001287,172.31.47.0-255,66,117677,94,266206
13103,0.001295,172.31.47.0-255,66,117743,94,266206
13104,0.001298,172.217.194.0-255,1484,119227,94,266206
13105,0.001318,172.217.194.0-255,7156,126383,94,266206
13106,0.00132,172.31.47.0-255,66,126449,94,266206
13107,0.001325,172.217.194.0-255,4320,130769,94,266206
13108,0.001326,172.31.47.0-255,66,130835,94,266206
13109,0.001353,172.31.47.0-255,66,130901,94,266206
13110,0.001375,172.217.194.0-255,5738,136639,94,266206
13111,0.001377,172.31.47.0-255,66,136705,94,266206
13112,0.00139,172.217.194.0-255,5020,141725,94,266206
13113,0.001392,172.31.47.0-255,66,141791,94,266206
13114,0.001422,172.217.194.0-255,1484,143275,94,266206
13115,0.001427,172.217.194.0-255,2902,146177,94,266206
13116,0.001428,172.31.47.0-255,66,146243,94,266206
13117,0.001447,172.217.194.0-255,5738,151981,94,266206
13118,0.001449,172.31.47.0-255,66,152047,94,266206
13119,0.001484,172.31.47.0-255,66,152113,94,266206
13120,0.001494,172.31.47.0-255,66,152179,94,266206
13121,0.001524,172.217.194.0-255,1484,153663,94,266206
13122,0.001551,172.31.47.0-255,66,153729,94,266206
13123,0.001562,172.31.47.0-255,66,153795,94,266206
13124,0.001577,172.217.194.0-255,1484,155279,94,266206
13125,0.001583,172.217.194.0-255,5738,161017,94,266206
13126,0.001585,172.31.47.0-255,66,161083,94,266206
13127,0.001596,172.217.194.0-255,5020,166103,94,266206
13128,0.001599,172.31.47.0-255,66,166169,94,266206
13129,0.001626,172.217.194.0-255,5738,171907,94,266206
13130,0.001628,172.31.47.0-255,66,171973,94,266206
13131,0.001649,172.217.194.0-255,2902,174875,94,266206
13132,0.001651,172.31.47.0-255,66,174941,94,266206
13133,0.001666,172.31.47.0-255,66,175007,94,266206
13134,0.001685,172.217.194.0-255,7156,182163,94,266206
13135,0.001687,172.31.47.0-255,66,182229,94,266206
13136,0.001709,172.31.47.0-255,66,182295,94,266206
13137,0.001743,172.217.194.0-255,1484,183779,94,266206
13138,0.001746,172.217.194.0-255,1484,185263,94,266206
13139,0.001748,172.31.47.0-255,66,185329,94,266206
13140,0.001765,172.217.194.0-255,1484,186813,94,266206
13141,0.001771,172.217.194.0-255,5738,192551,94,266206
13142,0.001773,172.31.47.0-255,66,192617,94,266206
13143,0.001777,172.217.194.0-255,4320,196937,94,266206
13144,0.001779,172.31.47.0-255,66,197003,94,266206
13145,0.001792,172.217.194.0-255,2902,199905,94,266206
13146,0.001794,172.31.47.0-255,66,199971,94,266206
13147,0.001798,172.217.194.0-255,2902,202873,94,266206
13148,0.0018,172.31.47.0-255,66,202939,94,266206
13149,0.00182,172.217.194.0-255,7156,210095,94,266206
13150,0.001822,172.31.47.0-255,66,210161,94,266206
13151,0.001837,172.217.194.0-255,4320,214481,94,266206
13152,0.00184,172.31.47.0-255,66,214547,94,266206
13153,0.001843,172.217.194.0-255,2184,216731,94,266206
13154,0.001846,172.31.47.0-255,66,216797,94,266206
13155,0.001936,172.217.194.0-255,1484,218281,94,266206
13156,0.001941,172.217.194.0-255,2902,221183,94,266206
13157,0.001943,172.31.47.0-255,66,221249,94,266206
13158,0.001948,172.217.194.0-255,5738,226987,94,266206
13159,0.00195,172.31.47.0-255,66,227053,94,266206
13160,0.002007,172.31.47.0-255,66,227119,94,266206
13161,0.002017,172.31.47.0-255,66,227185,94,266206
13162,0.002041,172.217.194.0-255,1484,228669,94,266206
13163,0.002044,172.217.194.0-255,1484,230153,94,266206
13164,0.002046,172.31.47.0-255,66,230219,94,266206
13165,0.002056,172.217.194.0-255,1484,231703,94,266206
13166,0.002059,172.217.194.0-255,1484,233187,94,266206
13167,0.002061,172.31.47.0-255,66,233253,94,266206
13168,0.002077,172.217.194.0-255,4320,237573,94,266206
13169,0.002079,172.31.47.0-255,66,237639,94,266206
13170,0.002083,172.217.194.0-255,2902,240541,94,266206
13171,0.002085,172.31.47.0-255,66,240607,94,266206
13172,0.002114,172.31.47.0-255,66,240673,94,266206
13173,0.002136,172.217.194.0-255,5738,246411,94,266206
13174,0.002139,172.31.47.0-255,66,246477,94,266206
13175,0.002162,172.217.194.0-255,5020,251497,94,266206
13176,0.002164,172.31.47.0-255,66,251563,94,266206
13177,0.002175,172.31.47.0-255,66,251629,94,266206
13178,0.0022,172.217.194.0-255,5738,257367,94,266206
13179,0.002202,172.31.47.0-255,66,257433,94,266206
13180,0.002261,172.31.47.0-255,66,257499,94,266206
13181,0.002267,172.217.194.0-255,6924,264423,94,266206
13182,0.00227,172.31.47.0-255,66,264489,94,266206
13183,0.002272,172.217.194.0-255,105,264594,94,266206
13184,0.005417,172.31.47.0-255,66,264660,94,266206
13185,0.005444,172.31.47.0-255,105,264765,94,266206
13186,0.007953,172.217.194.0-255,66,264831,94,266206
13187,0.031971,172.31.47.0-255,172,265003,94,266206
13188,0.032,172.31.47.0-255,1071,266074,94,266206
13189,0.033524,104.244.42.0-255,66,266140,94,266206
13190,0.033533,104.244.42.0-255,66,266206,94,266206
13191,0.0,172.253.118.0-255,152,152,94,352890
13192,2.5e-05,172.31.47.0-255,66,218,94,352890
13193,3.2e-05,172.253.118.0-255,1484,1702,94,352890
13194,3.5e-05,172.31.47.0-255,66,1768,94,352890
13195,4.1e-05,172.253.118.0-255,2902,4670,94,352890
13196,4.3e-05,172.31.47.0-255,66,4736,94,352890
13197,4.9e-05,172.253.118.0-255,4320,9056,94,352890
13198,5.3e-05,172.31.47.0-255,66,9122,94,352890
13199,0.000104,172.253.118.0-255,4913,14035,94,352890
13200,0.000107,172.31.47.0-255,66,14101,94,352890
13201,0.00016,172.253.118.0-255,1484,15585,94,352890
13202,0.000163,172.31.47.0-255,66,15651,94,352890
13203,0.000167,172.253.118.0-255,2902,18553,94,352890
13204,0.000169,172.31.47.0-255,66,18619,94,352890
13205,0.000175,172.253.118.0-255,5738,24357,94,352890
13206,0.000178,172.31.47.0-255,66,24423,94,352890
13207,0.000199,172.253.118.0-255,6797,31220,94,352890
13208,0.000202,172.31.47.0-255,66,31286,94,352890
13209,0.000262,172.253.118.0-255,1484,32770,94,352890
13210,0.000265,172.31.47.0-255,66,32836,94,352890
13211,0.00027,172.253.118.0-255,2902,35738,94,352890
13212,0.000274,172.31.47.0-255,66,35804,94,352890
13213,0.000277,172.253.118.0-255,1484,37288,94,352890
13214,0.000279,172.31.47.0-255,66,37354,94,352890
13215,0.000307,172.253.118.0-255,4320,41674,94,352890
13216,0.00031,172.31.47.0-255,66,41740,94,352890
13217,0.000315,172.253.118.0-255,4320,46060,94,352890
13218,0.000317,172.31.47.0-255,66,46126,94,352890
13219,0.000352,172.253.118.0-255,2543,48669,94,352890
13220,0.000355,172.31.47.0-255,66,48735,94,352890
13221,0.000474,172.253.118.0-255,1484,50219,94,352890
13222,0.000478,172.31.47.0-255,66,50285,94,352890
13223,0.000483,172.253.118.0-255,2902,53187,94,352890
13224,0.000485,172.31.47.0-255,66,53253,94,352890
13225,0.00049,172.253.118.0-255,2902,56155,94,352890
13226,0.000494,172.31.47.0-255,66,56221,94,352890
13227,0.000512,172.253.118.0-255,1484,57705,94,352890
13228,0.000515,172.31.47.0-255,66,57771,94,352890
13229,0.000519,172.253.118.0-255,2902,60673,94,352890
13230,0.000522,172.31.47.0-255,66,60739,94,352890
13231,0.000543,172.253.118.0-255,5680,66419,94,352890
13232,0.000546,172.31.47.0-255,66,66485,94,352890
13233,0.00058,172.253.118.0-255,131,66616,94,352890
13234,0.000743,172.253.118.0-255,1484,68100,94,352890
13235,0.000762,172.253.118.0-255,2902,71002,94,352890
13236,0.000769,172.253.118.0-255,5738,76740,94,352890
13237,0.000803,172.253.118.0-255,4320,81060,94,352890
13238,0.000817,172.253.118.0-255,2818,83878,94,352890
13239,0.001366,172.253.118.0-255,1484,85362,94,352890
13240,0.001373,172.253.118.0-255,2902,88264,94,352890
13241,0.001389,172.253.118.0-255,4320,92584,94,352890
13242,0.001404,172.253.118.0-255,1484,94068,94,352890
13243,0.001408,172.253.118.0-255,2902,96970,94,352890
13244,0.001439,172.253.118.0-255,2902,99872,94,352890
13245,0.001459,172.253.118.0-255,7156,107028,94,352890
13246,0.001461,172.253.118.0-255,766,107794,94,352890
13247,0.001811,172.253.118.0-255,1484,109278,94,352890
13248,0.001829,172.253.118.0-255,2902,112180,94,352890
13249,0.001846,172.253.118.0-255,4320,116500,94,352890
13250,0.001861,172.253.118.0-255,1484,117984,94,352890
13251,0.001875,172.253.118.0-255,1484,119468,94,352890
13252,0.001974,172.253.118.0-255,2184,121652,94,352890
13253,0.001994,172.253.118.0-255,1484,123136,94,352890
13254,0.00201,172.253.118.0-255,1484,124620,94,352890
13255,0.002021,172.253.118.0-255,1484,126104,94,352890
13256,0.002025,172.253.118.0-255,2902,129006,94,352890
13257,0.002044,172.253.118.0-255,2902,131908,94,352890
13258,0.002049,172.253.118.0-255,5738,137646,94,352890
13259,0.002081,172.253.118.0-255,4320,141966,94,352890
13260,0.002083,172.253.118.0-255,1484,143450,94,352890
13261,0.004394,172.31.47.0-255,66,143516,94,352890
13262,0.006458,172.253.118.0-255,5738,149254,94,352890
13263,0.006464,172.31.47.0-255,66,149320,94,352890
13264,0.008517,172.253.118.0-255,5738,155058,94,352890
13265,0.008523,172.31.47.0-255,66,155124,94,352890
13266,0.010586,172.253.118.0-255,5738,160862,94,352890
13267,0.010593,172.31.47.0-255,66,160928,94,352890
13268,0.012645,172.253.118.0-255,5738,166666,94,352890
13269,0.012653,172.31.47.0-255,66,166732,94,352890
13270,0.014718,172.253.118.0-255,5738,172470,94,352890
13271,0.014725,172.31.47.0-255,66,172536,94,352890
13272,0.016772,172.253.118.0-255,5738,178274,94,352890
13273,0.016779,172.31.47.0-255,66,178340,94,352890
13274,0.018818,172.253.118.0-255,5738,184078,94,352890
13275,0.018824,172.31.47.0-255,66,184144,94,352890
13276,0.020873,172.253.118.0-255,4320,188464,94,352890
13277,0.020879,172.31.47.0-255,66,188530,94,352890
13278,0.0209,172.253.118.0-255,1484,190014,94,352890
13279,0.022923,172.253.118.0-255,4320,194334,94,352890
13280,0.022929,172.31.47.0-255,66,194400,94,352890
13281,0.024983,172.253.118.0-255,5738,200138,94,352890
13282,0.025024,172.31.47.0-255,66,200204,94,352890
13283,0.026295,172.31.47.0-255,172,200376,94,352890
13284,0.026322,172.31.47.0-255,1117,201493,94,352890
13285,0.026354,172.31.47.0-255,1514,203007,94,352890
13286,0.026355,172.31.47.0-255,1287,204294,94,352890
13287,0.027085,172.253.118.0-255,5738,210032,94,352890
13288,0.02709,172.31.47.0-255,66,210098,94,352890
13289,0.027869,104.244.42.0-255,66,210164,94,352890
13290,0.027921,104.244.42.0-255,66,210230,94,352890
13291,0.027972,104.244.42.0-255,66,210296,94,352890
13292,0.029123,172.253.118.0-255,4320,214616,94,352890
13293,0.029127,172.31.47.0-255,66,214682,94,352890
13294,0.029152,172.253.118.0-255,1484,216166,94,352890
13295,0.031172,172.253.118.0-255,4320,220486,94,352890
13296,0.031177,172.31.47.0-255,66,220552,94,352890
13297,0.03322,172.253.118.0-255,5738,226290,94,352890
13298,0.033261,172.31.47.0-255,66,226356,94,352890
13299,0.035306,172.253.118.0-255,5738,232094,94,352890
13300,0.035311,172.31.47.0-255,66,232160,94,352890
13301,0.037356,172.253.118.0-255,5738,237898,94,352890
13302,0.037362,172.31.47.0-255,66,237964,94,352890
13303,0.03941,172.253.118.0-255,5738,243702,94,352890
13304,0.039416,172.31.47.0-255,66,243768,94,352890
13305,0.041452,172.253.118.0-255,5738,249506,94,352890
13306,0.041458,172.31.47.0-255,66,249572,94,352890
13307,0.04351,172.253.118.0-255,5738,255310,94,352890
13308,0.043516,172.31.47.0-255,66,255376,94,352890
13309,0.045563,172.253.118.0-255,5738,261114,94,352890
13310,0.045568,172.31.47.0-255,66,261180,94,352890
13311,0.047599,172.253.118.0-255,5738,266918,94,352890
13312,0.047604,172.31.47.0-255,66,266984,94,352890
13313,0.049679,172.253.118.0-255,5738,272722,94,352890
13314,0.049684,172.31.47.0-255,66,272788,94,352890
13315,0.051742,172.253.118.0-255,5738,278526,94,352890
13316,0.051748,172.31.47.0-255,66,278592,94,352890
13317,0.053799,172.253.118.0-255,5738,284330,94,352890
13318,0.053804,172.31.47.0-255,66,284396,94,352890
13319,0.055824,172.253.118.0-255,5738,290134,94,352890
13320,0.05583,172.31.47.0-255,66,290200,94,352890
13321,0.05791,172.253.118.0-255,2902,293102,94,352890
13322,0.057915,172.31.47.0-255,66,293168,94,352890
13323,0.057943,172.253.118.0-255,2902,296070,94,352890
13324,0.057949,172.31.47.0-255,66,296136,94,352890
13325,0.059961,172.253.118.0-255,5738,301874,94,352890
13326,0.060005,172.31.47.0-255,66,301940,94,352890
13327,0.062044,172.253.118.0-255,4320,306260,94,352890
13328,0.062049,172.31.47.0-255,66,306326,94,352890
13329,0.062072,172.253.118.0-255,1484,307810,94,352890
13330,0.064075,172.253.118.0-255,4320,312130,94,352890
13331,0.064079,172.31.47.0-255,66,312196,94,352890
13332,0.066129,172.253.118.0-255,5738,317934,94,352890
13333,0.066171,172.31.47.0-255,66,318000,94,352890
13334,0.068206,172.253.118.0-255,5738,323738,94,352890
13335,0.06821,172.31.47.0-255,66,323804,94,352890
13336,0.07028,172.253.118.0-255,5738,329542,94,352890
13337,0.070286,172.31.47.0-255,66,329608,94,352890
13338,0.072366,172.253.118.0-255,5738,335346,94,352890
13339,0.072371,172.31.47.0-255,66,335412,94,352890
13340,0.07446,172.253.118.0-255,5738,341150,94,352890
13341,0.074466,172.31.47.0-255,66,341216,94,352890
13342,0.076511,172.253.118.0-255,5738,346954,94,352890
13343,0.076517,172.31.47.0-255,66,347020,94,352890
13344,0.078551,172.253.118.0-255,4320,351340,94,352890
13345,0.078557,172.31.47.0-255,66,351406,94,352890
13346,0.07858,172.253.118.0-255,1484,352890,94,352890
13347,0.0,74.125.68.0-255,153,153,94,357562
13348,2.5e-05,172.31.47.0-255,66,219,94,357562
13349,3.3e-05,74.125.68.0-255,1484,1703,94,357562
13350,3.8e-05,172.31.47.0-255,66,1769,94,357562
13351,4.3e-05,74.125.68.0-255,2902,4671,94,357562
13352,4.6e-05,172.31.47.0-255,66,4737,94,357562
13353,5.4e-05,74.125.68.0-255,7156,11893,94,357562
13354,5.6e-05,172.31.47.0-255,66,11959,94,357562
13355,6e-05,74.125.68.0-255,2100,14059,94,357562
13356,6.3e-05,172.31.47.0-255,66,14125,94,357562
13357,0.000105,74.125.68.0-255,1484,15609,94,357562
13358,0.000108,172.31.47.0-255,66,15675,94,357562
13359,0.000122,74.125.68.0-255,1484,17159,94,357562
13360,0.000126,172.31.47.0-255,66,17225,94,357562
13361,0.000149,74.125.68.0-255,1484,18709,94,357562
13362,0.000151,172.31.47.0-255,66,18775,94,357562
13363,0.000159,74.125.68.0-255,5738,24513,94,357562
13364,0.000161,172.31.47.0-255,66,24579,94,357562
13365,0.000168,74.125.68.0-255,6797,31376,94,357562
13366,0.000171,172.31.47.0-255,66,31442,94,357562
13367,0.000268,74.125.68.0-255,1484,32926,94,357562
13368,0.000271,172.31.47.0-255,66,32992,94,357562
13369,0.000276,74.125.68.0-255,2902,35894,94,357562
13370,0.000278,172.31.47.0-255,66,35960,94,357562
13371,0.000302,74.125.68.0-255,5738,41698,94,357562
13372,0.000305,172.31.47.0-255,66,41764,94,357562
13373,0.00034,74.125.68.0-255,6797,48561,94,357562
13374,0.000343,172.31.47.0-255,66,48627,94,357562
13375,0.00035,74.125.68.0-255,7156,55783,94,357562
13376,0.000352,172.31.47.0-255,66,55849,94,357562
13377,0.000406,172.31.47.0-255,66,55915,94,357562
13378,0.000408,74.125.68.0-255,414,56329,94,357562
13379,0.000445,74.125.68.0-255,331,56660,94,357562
13380,0.001077,74.125.68.0-255,1484,58144,94,357562
13381,0.001083,172.31.47.0-255,66,58210,94,357562
13382,0.001089,74.125.68.0-255,2902,61112,94,357562
13383,0.001091,172.31.47.0-255,66,61178,94,357562
13384,0.001094,74.125.68.0-255,1484,62662,94,357562
13385,0.001122,74.125.68.0-255,4320,66982,94,357562
13386,0.001125,172.31.47.0-255,66,67048,94,357562
13387,0.001134,74.125.68.0-255,7156,74204,94,357562
13388,0.001136,172.31.47.0-255,66,74270,94,357562
13389,0.001149,74.125.68.0-255,2902,77172,94,357562
13390,0.001151,172.31.47.0-255,66,77238,94,357562
13391,0.001156,74.125.68.0-255,2902,80140,94,357562
13392,0.001158,172.31.47.0-255,66,80206,94,357562
13393,0.001186,172.31.47.0-255,66,80272,94,357562
13394,0.00119,74.125.68.0-255,2184,82456,94,357562
13395,0.001192,172.31.47.0-255,66,82522,94,357562
13396,0.001233,74.125.68.0-255,1484,84006,94,357562
13397,0.001238,74.125.68.0-255,1484,85490,94,357562
13398,0.00124,172.31.47.0-255,66,85556,94,357562
13399,0.001255,74.125.68.0-255,1484,87040,94,357562
13400,0.001261,74.125.68.0-255,5738,92778,94,357562
13401,0.001264,172.31.47.0-255,66,92844,94,357562
13402,0.001285,74.125.68.0-255,5738,98582,94,357562
13403,0.001287,172.31.47.0-255,66,98648,94,357562
13404,0.001292,74.125.68.0-255,2902,101550,94,357562
13405,0.001294,172.31.47.0-255,66,101616,94,357562
13406,0.001317,74.125.68.0-255,4320,105936,94,357562
13407,0.001319,172.31.47.0-255,66,106002,94,357562
13408,0.001346,172.31.47.0-255,66,106068,94,357562
13409,0.001699,74.125.68.0-255,1484,107552,94,357562
13410,0.001714,74.125.68.0-255,2902,110454,94,357562
13411,0.001718,172.31.47.0-255,66,110520,94,357562
13412,0.001721,74.125.68.0-255,1484,112004,94,357562
13413,0.001747,74.125.68.0-255,4320,116324,94,357562
13414,0.00175,172.31.47.0-255,66,116390,94,357562
13415,0.001755,74.125.68.0-255,2902,119292,94,357562
13416,0.001756,172.31.47.0-255,66,119358,94,357562
13417,0.001763,74.125.68.0-255,4320,123678,94,357562
13418,0.001765,172.31.47.0-255,66,123744,94,357562
13419,0.001768,74.125.68.0-255,1484,125228,94,357562
13420,0.001786,74.125.68.0-255,7156,132384,94,357562
13421,0.001789,172.31.47.0-255,66,132450,94,357562
13422,0.001796,74.125.68.0-255,7156,139606,94,357562
13423,0.001798,172.31.47.0-255,66,139672,94,357562
13424,0.00182,74.125.68.0-255,766,140438,94,357562
13425,0.002178,172.31.47.0-255,66,140504,94,357562
13426,0.003863,74.125.68.0-255,4320,144824,94,357562
13427,0.00387,172.31.47.0-255,66,144890,94,357562
13428,0.004239,74.125.68.0-255,1484,146374,94,357562
13429,0.005934,74.125.68.0-255,4320,150694,94,357562
13430,0.005938,172.31.47.0-255,66,150760,94,357562
13431,0.008008,74.125.68.0-255,5738,156498,94,357562
13432,0.008016,172.31.47.0-255,66,156564,94,357562
13433,0.010096,74.125.68.0-255,5738,162302,94,357562
13434,0.010107,172.31.47.0-255,66,162368,94,357562
13435,0.012186,74.125.68.0-255,5738,168106,94,357562
13436,0.012198,172.31.47.0-255,66,168172,94,357562
13437,0.014274,74.125.68.0-255,5738,173910,94,357562
13438,0.014282,172.31.47.0-255,66,173976,94,357562
13439,0.016361,74.125.68.0-255,5738,179714,94,357562
13440,0.01637,172.31.47.0-255,66,179780,94,357562
13441,0.018441,74.125.68.0-255,5738,185518,94,357562
13442,0.01845,172.31.47.0-255,66,185584,94,357562
13443,0.020542,74.125.68.0-255,5738,191322,94,357562
13444,0.02056,172.31.47.0-255,66,191388,94,357562
13445,0.022641,74.125.68.0-255,5738,197126,94,357562
13446,0.022651,172.31.47.0-255,66,197192,94,357562
13447,0.024759,74.125.68.0-255,5738,202930,94,357562
13448,0.024768,172.31.47.0-255,66,202996,94,357562
13449,0.026846,74.125.68.0-255,5738,208734,94,357562
13450,0.026856,172.31.47.0-255,66,208800,94,357562
13451,0.02898,74.125.68.0-255,5738,214538,94,357562
13452,0.028989,172.31.47.0-255,66,214604,94,357562
13453,0.029491,172.31.47.0-255,172,214776,94,357562
13454,0.029524,172.31.47.0-255,1108,215884,94,357562
13455,0.029585,172.31.47.0-255,1514,217398,94,357562
13456,0.029587,172.31.47.0-255,1296,218694,94,357562
13457,0.031034,104.244.42.0-255,66,218760,94,357562
13458,0.031066,104.244.42.0-255,66,218826,94,357562
13459,0.031089,74.125.68.0-255,5738,224564,94,357562
13460,0.031094,172.31.47.0-255,66,224630,94,357562
13461,0.031113,104.244.42.0-255,66,224696,94,357562
13462,0.03319,74.125.68.0-255,5738,230434,94,357562
13463,0.03321,172.31.47.0-255,66,230500,94,357562
13464,0.0353,74.125.68.0-255,5738,236238,94,357562
13465,0.035315,172.31.47.0-255,66,236304,94,357562
13466,0.037409,74.125.68.0-255,5738,242042,94,357562
13467,0.037426,172.31.47.0-255,66,242108,94,357562
13468,0.039518,74.125.68.0-255,5738,247846,94,357562
13469,0.039528,172.31.47.0-255,66,247912,94,357562
13470,0.041634,74.125.68.0-255,5738,253650,94,357562
13471,0.041659,172.31.47.0-255,66,253716,94,357562
13472,0.043775,74.125.68.0-255,5738,259454,94,357562
13473,0.043794,172.31.47.0-255,66,259520,94,357562
13474,0.045899,74.125.68.0-255,5738,265258,94,357562
13475,0.045915,172.31.47.0-255,66,265324,94,357562
13476,0.048019,74.125.68.0-255,5738,271062,94,357562
13477,0.04804,172.31.47.0-255,66,271128,94,357562
13478,0.05012,74.125.68.0-255,5738,276866,94,357562
13479,0.050134,172.31.47.0-255,66,276932,94,357562
13480,0.052232,74.125.68.0-255,5738,282670,94,357562
13481,0.052239,172.31.47.0-255,66,282736,94,357562
13482,0.054311,74.125.68.0-255,5738,288474,94,357562
13483,0.054318,172.31.47.0-255,66,288540,94,357562
13484,0.056384,74.125.68.0-255,1484,290024,94,357562
13485,0.056416,74.125.68.0-255,4320,294344,94,357562
13486,0.056421,172.31.47.0-255,66,294410,94,357562
13487,0.058488,74.125.68.0-255,1484,295894,94,357562
13488,0.058523,74.125.68.0-255,4320,300214,94,357562
13489,0.058527,172.31.47.0-255,66,300280,94,357562
13490,0.06063,74.125.68.0-255,5738,306018,94,357562
13491,0.060637,172.31.47.0-255,66,306084,94,357562
13492,0.06271,74.125.68.0-255,5738,311822,94,357562
13493,0.062716,172.31.47.0-255,66,311888,94,357562
13494,0.064784,74.125.68.0-255,2902,314790,94,357562
13495,0.06479,172.31.47.0-255,66,314856,94,357562
13496,0.06482,74.125.68.0-255,2902,317758,94,357562
13497,0.064823,172.31.47.0-255,66,317824,94,357562
13498,0.066866,74.125.68.0-255,2902,320726,94,357562
13499,0.066872,172.31.47.0-255,66,320792,94,357562
13500,0.066902,74.125.68.0-255,2902,323694,94,357562
13501,0.066904,172.31.47.0-255,66,323760,94,357562
13502,0.068931,74.125.68.0-255,2902,326662,94,357562
13503,0.068936,172.31.47.0-255,66,326728,94,357562
13504,0.068973,74.125.68.0-255,2902,329630,94,357562
13505,0.068976,172.31.47.0-255,66,329696,94,357562
13506,0.070995,74.125.68.0-255,2902,332598,94,357562
13507,0.071001,172.31.47.0-255,66,332664,94,357562
13508,0.071038,74.125.68.0-255,2902,335566,94,357562
13509,0.071041,172.31.47.0-255,66,335632,94,357562
13510,0.073059,74.125.68.0-255,1484,337116,94,357562
13511,0.073096,74.125.68.0-255,2902,340018,94,357562
13512,0.073101,172.31.47.0-255,66,340084,94,357562
13513,0.073124,74.125.68.0-255,1484,341568,94,357562
13514,0.075174,74.125.68.0-255,4320,345888,94,357562
13515,0.075181,172.31.47.0-255,66,345954,94,357562
13516,0.077256,74.125.68.0-255,5738,351692,94,357562
13517,0.077262,172.31.47.0-255,66,351758,94,357562
13518,0.079343,74.125.68.0-255,5738,357496,94,357562
13519,0.079349,172.31.47.0-255,66,357562,94,357562
13520,0.0,74.125.24.0-255,153,153,94,330913
13521,2.4e-05,172.31.47.0-255,66,219,94,330913
13522,4.6e-05,74.125.24.0-255,1484,1703,94,330913
13523,5e-05,172.31.47.0-255,66,1769,94,330913
13524,5.6e-05,74.125.24.0-255,2902,4671,94,330913
13525,5.8e-05,172.31.47.0-255,66,4737,94,330913
13526,8.8e-05,74.125.24.0-255,5738,10475,94,330913
13527,9.2e-05,172.31.47.0-255,66,10541,94,330913
13528,0.000123,74.125.24.0-255,6284,16825,94,330913
13529,0.000126,172.31.47.0-255,66,16891,94,330913
13530,0.00013,74.125.24.0-255,1484,18375,94,330913
13531,0.000132,172.31.47.0-255,66,18441,94,330913
13532,0.000164,172.31.47.0-255,66,18507,94,330913
13533,0.000277,74.125.24.0-255,1484,19991,94,330913
13534,0.000284,172.31.47.0-255,66,20057,94,330913
13535,0.00029,74.125.24.0-255,2902,22959,94,330913
13536,0.000292,172.31.47.0-255,66,23025,94,330913
13537,0.000316,74.125.24.0-255,5738,28763,94,330913
13538,0.00032,172.31.47.0-255,66,28829,94,330913
13539,0.000348,74.125.24.0-255,4320,33149,94,330913
13540,0.000352,172.31.47.0-255,66,33215,94,330913
13541,0.000379,172.31.47.0-255,66,33281,94,330913
13542,0.000407,74.125.24.0-255,5738,39019,94,330913
13543,0.000411,172.31.47.0-255,66,39085,94,330913
13544,0.00043,74.125.24.0-255,5692,44777,94,330913
13545,0.000434,172.31.47.0-255,66,44843,94,330913
13546,0.000436,74.125.24.0-255,374,45217,94,330913
13547,0.000438,172.31.47.0-255,66,45283,94,330913
13548,0.000645,74.125.24.0-255,1484,46767,94,330913
13549,0.000649,172.31.47.0-255,66,46833,94,330913
13550,0.000662,74.125.24.0-255,1484,48317,94,330913
13551,0.000678,74.125.24.0-255,1484,49801,94,330913
13552,0.00068,172.31.47.0-255,66,49867,94,330913
13553,0.000687,74.125.24.0-255,5738,55605,94,330913
13554,0.00069,172.31.47.0-255,66,55671,94,330913
13555,0.00072,172.31.47.0-255,66,55737,94,330913
13556,0.000754,74.125.24.0-255,2902,58639,94,330913
13557,0.000758,172.31.47.0-255,66,58705,94,330913
13558,0.000792,172.31.47.0-255,66,58771,94,330913
13559,0.001097,74.125.24.0-255,1484,60255,94,330913
13560,0.001104,74.125.24.0-255,1484,61739,94,330913
13561,0.001107,172.31.47.0-255,66,61805,94,330913
13562,0.001126,74.125.24.0-255,1484,63289,94,330913
13563,0.001131,74.125.24.0-255,5738,69027,94,330913
13564,0.001133,172.31.47.0-255,66,69093,94,330913
13565,0.001172,74.125.24.0-255,1484,70577,94,330913
13566,0.001204,172.31.47.0-255,66,70643,94,330913
13567,0.001216,172.31.47.0-255,66,70709,94,330913
13568,0.001267,172.31.47.0-255,66,70775,94,330913
13569,0.001285,74.125.24.0-255,4320,75095,94,330913
13570,0.001287,172.31.47.0-255,66,75161,94,330913
13571,0.001291,74.125.24.0-255,2902,78063,94,330913
13572,0.001292,172.31.47.0-255,66,78129,94,330913
13573,0.001328,172.31.47.0-255,66,78195,94,330913
13574,0.001333,74.125.24.0-255,6438,84633,94,330913
13575,0.001335,172.31.47.0-255,66,84699,94,330913
13576,0.001454,74.125.24.0-255,1484,86183,94,330913
13577,0.00146,74.125.24.0-255,2902,89085,94,330913
13578,0.001464,172.31.47.0-255,66,89151,94,330913
13579,0.001486,74.125.24.0-255,5738,94889,94,330913
13580,0.001489,172.31.47.0-255,66,94955,94,330913
13581,0.001516,74.125.24.0-255,4320,99275,94,330913
13582,0.001518,172.31.47.0-255,66,99341,94,330913
13583,0.00154,172.31.47.0-255,66,99407,94,330913
13584,0.001571,74.125.24.0-255,5738,105145,94,330913
13585,0.001575,172.31.47.0-255,66,105211,94,330913
13586,0.001594,74.125.24.0-255,5020,110231,94,330913
13587,0.001596,172.31.47.0-255,66,110297,94,330913
13588,0.003614,74.125.24.0-255,5738,116035,94,330913
13589,0.003621,172.31.47.0-255,66,116101,94,330913
13590,0.005643,74.125.24.0-255,5738,121839,94,330913
13591,0.005647,172.31.47.0-255,66,121905,94,330913
13592,0.007664,74.125.24.0-255,5738,127643,94,330913
13593,0.00767,172.31.47.0-255,66,127709,94,330913
13594,0.009698,74.125.24.0-255,5738,133447,94,330913
13595,0.009705,172.31.47.0-255,66,133513,94,330913
13596,0.011752,74.125.24.0-255,5738,139251,94,330913
13597,0.011759,172.31.47.0-255,66,139317,94,330913
13598,0.013759,74.125.24.0-255,5738,145055,94,330913
13599,0.013765,172.31.47.0-255,66,145121,94,330913
13600,0.015765,74.125.24.0-255,5738,150859,94,330913
13601,0.015772,172.31.47.0-255,66,150925,94,330913
13602,0.017792,74.125.24.0-255,5738,156663,94,330913
13603,0.017797,172.31.47.0-255,66,156729,94,330913
13604,0.019824,74.125.24.0-255,5738,162467,94,330913
13605,0.01983,172.31.47.0-255,66,162533,94,330913
13606,0.02182,74.125.24.0-255,5738,168271,94,330913
13607,0.021827,172.31.47.0-255,66,168337,94,330913
13608,0.022319,172.31.47.0-255,172,168509,94,330913
13609,0.022353,172.31.47.0-255,1112,169621,94,330913
13610,0.022384,172.31.47.0-255,1514,171135,94,330913
13611,0.022385,172.31.47.0-255,332,171467,94,330913
13612,0.023835,104.244.42.0-255,66,171533,94,330913
13613,0.023846,74.125.24.0-255,5738,177271,94,330913
13614,0.02385,172.31.47.0-255,66,177337,94,330913
13615,0.023883,104.244.42.0-255,66,177403,94,330913
13616,0.023926,104.244.42.0-255,66,177469,94,330913
13617,0.025857,74.125.24.0-255,5738,183207,94,330913
13618,0.025863,172.31.47.0-255,66,183273,94,330913
13619,0.027872,74.125.24.0-255,5738,189011,94,330913
13620,0.027878,172.31.47.0-255,66,189077,94,330913
13621,0.029875,74.125.24.0-255,5738,194815,94,330913
13622,0.029882,172.31.47.0-255,66,194881,94,330913
13623,0.031894,74.125.24.0-255,5738,200619,94,330913
13624,0.0319,172.31.47.0-255,66,200685,94,330913
13625,0.033926,74.125.24.0-255,5738,206423,94,330913
13626,0.033932,172.31.47.0-255,66,206489,94,330913
13627,0.035913,74.125.24.0-255,5738,212227,94,330913
13628,0.035919,172.31.47.0-255,66,212293,94,330913
13629,0.037904,74.125.24.0-255,2902,215195,94,330913
13630,0.037909,172.31.47.0-255,66,215261,94,330913
13631,0.037938,74.125.24.0-255,2902,218163,94,330913
13632,0.037941,172.31.47.0-255,66,218229,94,330913
13633,0.039917,74.125.24.0-255,2902,221131,94,330913
13634,0.039938,172.31.47.0-255,66,221197,94,330913
13635,0.039959,74.125.24.0-255,2902,224099,94,330913
13636,0.039963,172.31.47.0-255,66,224165,94,330913
13637,0.041961,74.125.24.0-255,5738,229903,94,330913
13638,0.041966,172.31.47.0-255,66,229969,94,330913
13639,0.043961,74.125.24.0-255,4320,234289,94,330913
13640,0.043967,172.31.47.0-255,66,234355,94,330913
13641,0.043999,74.125.24.0-255,1484,235839,94,330913
13642,0.04596,74.125.24.0-255,4320,240159,94,330913
13643,0.045965,172.31.47.0-255,66,240225,94,330913
13644,0.047962,74.125.24.0-255,5738,245963,94,330913
13645,0.047967,172.31.47.0-255,66,246029,94,330913
13646,0.049987,74.125.24.0-255,5738,251767,94,330913
13647,0.049991,172.31.47.0-255,66,251833,94,330913
13648,0.052015,74.125.24.0-255,4320,256153,94,330913
13649,0.05202,172.31.47.0-255,66,256219,94,330913
13650,0.05205,74.125.24.0-255,1484,257703,94,330913
13651,0.054068,74.125.24.0-255,4320,262023,94,330913
13652,0.054072,172.31.47.0-255,66,262089,94,330913
13653,0.056065,74.125.24.0-255,5738,267827,94,330913
13654,0.056069,172.31.47.0-255,66,267893,94,330913
13655,0.058071,74.125.24.0-255,2902,270795,94,330913
13656,0.058075,172.31.47.0-255,66,270861,94,330913
13657,0.058105,74.125.24.0-255,2902,273763,94,330913
13658,0.058107,172.31.47.0-255,66,273829,94,330913
13659,0.060066,74.125.24.0-255,2902,276731,94,330913
13660,0.060071,172.31.47.0-255,66,276797,94,330913
13661,0.060098,74.125.24.0-255,2902,279699,94,330913
13662,0.060101,172.31.47.0-255,66,279765,94,330913
13663,0.06208,74.125.24.0-255,5738,285503,94,330913
13664,0.062085,172.31.47.0-255,66,285569,94,330913
13665,0.064081,74.125.24.0-255,5738,291307,94,330913
13666,0.064086,172.31.47.0-255,66,291373,94,330913
13667,0.066095,74.125.24.0-255,5738,297111,94,330913
13668,0.066099,172.31.47.0-255,66,297177,94,330913
13669,0.068133,74.125.24.0-255,2902,300079,94,330913
13670,0.068138,172.31.47.0-255,66,300145,94,330913
13671,0.068165,74.125.24.0-255,2902,303047,94,330913
13672,0.068168,172.31.47.0-255,66,303113,94,330913
13673,0.070165,74.125.24.0-255,4320,307433,94,330913
13674,0.07017,172.31.47.0-255,66,307499,94,330913
13675,0.070195,74.125.24.0-255,1484,308983,94,330913
13676,0.072185,74.125.24.0-255,4320,313303,94,330913
13677,0.07219,172.31.47.0-255,66,313369,94,330913
13678,0.074174,74.125.24.0-255,5738,319107,94,330913
13679,0.074179,172.31.47.0-255,66,319173,94,330913
13680,0.076174,74.125.24.0-255,2902,322075,94,330913
13681,0.076179,172.31.47.0-255,66,322141,94,330913
13682,0.076207,74.125.24.0-255,2902,325043,94,330913
13683,0.076209,172.31.47.0-255,66,325109,94,330913
13684,0.078191,74.125.24.0-255,5738,330847,94,330913
13685,0.078195,172.31.47.0-255,66,330913,94,330913
13686,0.0,74.125.24.0-255,153,153,94,355731
13687,2.5e-05,172.31.47.0-255,66,219,94,355731
13688,3.1e-05,74.125.24.0-255,1484,1703,94,355731
13689,3.4e-05,172.31.47.0-255,66,1769,94,355731
13690,3.8e-05,74.125.24.0-255,2902,4671,94,355731
13691,4e-05,172.31.47.0-255,66,4737,94,355731
13692,4.2e-05,74.125.24.0-255,1484,6221,94,355731
13693,4.4e-05,172.31.47.0-255,66,6287,94,355731
13694,4.9e-05,74.125.24.0-255,4320,10607,94,355731
13695,5.1e-05,172.31.47.0-255,66,10673,94,355731
13696,7e-05,74.125.24.0-255,1484,12157,94,355731
13697,7.2e-05,172.31.47.0-255,66,12223,94,355731
13698,8.2e-05,172.31.47.0-255,66,12289,94,355731
13699,0.000109,74.125.24.0-255,4811,17100,94,355731
13700,0.000112,172.31.47.0-255,66,17166,94,355731
13701,0.000117,74.125.24.0-255,5379,22545,94,355731
13702,0.000119,172.31.47.0-255,66,22611,94,355731
13703,0.000134,74.125.24.0-255,1484,24095,94,355731
13704,0.000136,172.31.47.0-255,66,24161,94,355731
13705,0.000141,74.125.24.0-255,1484,25645,94,355731
13706,0.000142,172.31.47.0-255,66,25711,94,355731
13707,0.000168,74.125.24.0-255,1484,27195,94,355731
13708,0.00017,172.31.47.0-255,66,27261,94,355731
13709,0.000175,74.125.24.0-255,5738,32999,94,355731
13710,0.000177,172.31.47.0-255,66,33065,94,355731
13711,0.00018,74.125.24.0-255,1484,34549,94,355731
13712,0.000181,172.31.47.0-255,66,34615,94,355731
13713,0.000207,74.125.24.0-255,5379,39994,94,355731
13714,0.000209,172.31.47.0-255,66,40060,94,355731
13715,0.000245,74.125.24.0-255,7156,47216,94,355731
13716,0.000261,172.31.47.0-255,66,47282,94,355731
13717,0.000267,74.125.24.0-255,5738,53020,94,355731
13718,0.000269,172.31.47.0-255,66,53086,94,355731
13719,0.000292,74.125.24.0-255,2902,55988,94,355731
13720,0.000295,172.31.47.0-255,66,56054,94,355731
13721,0.000312,74.125.24.0-255,1455,57509,94,355731
13722,0.000314,74.125.24.0-255,112,57621,94,355731
13723,0.000316,172.31.47.0-255,66,57687,94,355731
13724,0.000711,74.125.24.0-255,332,58019,94,355731
13725,0.000818,172.31.47.0-255,66,58085,94,355731
13726,0.000944,74.125.24.0-255,1484,59569,94,355731
13727,0.000951,74.125.24.0-255,2902,62471,94,355731
13728,0.000955,172.31.47.0-255,66,62537,94,355731
13729,0.000961,74.125.24.0-255,5738,68275,94,355731
13730,0.000964,172.31.47.0-255,66,68341,94,355731
13731,0.000985,74.125.24.0-255,7156,75497,94,355731
13732,0.000988,172.31.47.0-255,66,75563,94,355731
13733,0.001004,74.125.24.0-255,5738,81301,94,355731
13734,0.001006,172.31.47.0-255,66,81367,94,355731
13735,0.001014,172.31.47.0-255,66,81433,94,355731
13736,0.001036,74.125.24.0-255,2184,83617,94,355731
13737,0.001038,172.31.47.0-255,66,83683,94,355731
13738,0.00119,74.125.24.0-255,1484,85167,94,355731
13739,0.001196,74.125.24.0-255,2902,88069,94,355731
13740,0.001199,172.31.47.0-255,66,88135,94,355731
13741,0.001221,74.125.24.0-255,5738,93873,94,355731
13742,0.001224,172.31.47.0-255,66,93939,94,355731
13743,0.001228,74.125.24.0-255,4320,98259,94,355731
13744,0.00123,172.31.47.0-255,66,98325,94,355731
13745,0.00125,172.31.47.0-255,66,98391,94,355731
13746,0.001283,172.31.47.0-255,66,98457,94,355731
13747,0.001311,74.125.24.0-255,1484,99941,94,355731
13748,0.001322,74.125.24.0-255,1484,101425,94,355731
13749,0.001323,172.31.47.0-255,66,101491,94,355731
13750,0.001338,74.125.24.0-255,1484,102975,94,355731
13751,0.001343,74.125.24.0-255,5738,108713,94,355731
13752,0.001345,172.31.47.0-255,66,108779,94,355731
13753,0.001374,74.125.24.0-255,1484,110263,94,355731
13754,0.001388,74.125.24.0-255,5738,116001,94,355731
13755,0.001389,172.31.47.0-255,66,116067,94,355731
13756,0.001398,172.31.47.0-255,66,116133,94,355731
13757,0.001425,74.125.24.0-255,2902,119035,94,355731
13758,0.001426,172.31.47.0-255,66,119101,94,355731
13759,0.001446,74.125.24.0-255,5020,124121,94,355731
13760,0.001448,172.31.47.0-255,66,124187,94,355731
13761,0.001555,74.125.24.0-255,1484,125671,94,355731
13762,0.001566,74.125.24.0-255,2902,128573,94,355731
13763,0.001568,172.31.47.0-255,66,128639,94,355731
13764,0.001589,74.125.24.0-255,5738,134377,94,355731
13765,0.001591,172.31.47.0-255,66,134443,94,355731
13766,0.001611,74.125.24.0-255,7156,141599,94,355731
13767,0.001613,172.31.47.0-255,66,141665,94,355731
13768,0.00163,74.125.24.0-255,5738,147403,94,355731
13769,0.001632,172.31.47.0-255,66,147469,94,355731
13770,0.001637,74.125.24.0-255,4320,151789,94,355731
13771,0.001639,172.31.47.0-255,66,151855,94,355731
13772,0.001663,74.125.24.0-255,2902,154757,94,355731
13773,0.001665,172.31.47.0-255,66,154823,94,355731
13774,0.001681,74.125.24.0-255,3602,158425,94,355731
13775,0.001683,172.31.47.0-255,66,158491,94,355731
13776,0.001707,74.125.24.0-255,2902,161393,94,355731
13777,0.001709,172.31.47.0-255,66,161459,94,355731
13778,0.001726,74.125.24.0-255,4320,165779,94,355731
13779,0.001728,172.31.47.0-255,66,165845,94,355731
13780,0.001732,74.125.24.0-255,2902,168747,94,355731
13781,0.001733,172.31.47.0-255,66,168813,94,355731
13782,0.001751,74.125.24.0-255,5738,174551,94,355731
13783,0.001753,172.31.47.0-255,66,174617,94,355731
13784,0.001756,74.125.24.0-255,1484,176101,94,355731
13785,0.001786,172.31.47.0-255,66,176167,94,355731
13786,0.001801,74.125.24.0-255,4320,180487,94,355731
13787,0.001803,172.31.47.0-255,66,180553,94,355731
13788,0.001805,74.125.24.0-255,766,181319,94,355731
13789,0.002034,74.125.24.0-255,1484,182803,94,355731
13790,0.002036,172.31.47.0-255,66,182869,94,355731
13791,0.00204,74.125.24.0-255,2902,185771,94,355731
13792,0.002041,172.31.47.0-255,66,185837,94,355731
13793,0.002055,74.125.24.0-255,2902,188739,94,355731
13794,0.002057,172.31.47.0-255,66,188805,94,355731
13795,0.002074,74.125.24.0-255,2902,191707,94,355731
13796,0.002076,172.31.47.0-255,66,191773,94,355731
13797,0.002089,172.31.47.0-255,66,191839,94,355731
13798,0.002111,74.125.24.0-255,2902,194741,94,355731
13799,0.002112,172.31.47.0-255,66,194807,94,355731
13800,0.002119,74.125.24.0-255,7156,201963,94,355731
13801,0.00212,172.31.47.0-255,66,202029,94,355731
13802,0.002122,74.125.24.0-255,1484,203513,94,355731
13803,0.002134,74.125.24.0-255,2184,205697,94,355731
13804,0.002136,172.31.47.0-255,66,205763,94,355731
13805,0.004405,74.125.24.0-255,2902,208665,94,355731
13806,0.004409,172.31.47.0-255,66,208731,94,355731
13807,0.004426,74.125.24.0-255,2902,211633,94,355731
13808,0.004428,172.31.47.0-255,66,211699,94,355731
13809,0.006675,74.125.24.0-255,5738,217437,94,355731
13810,0.006681,172.31.47.0-255,66,217503,94,355731
13811,0.008931,74.125.24.0-255,5738,223241,94,355731
13812,0.008939,172.31.47.0-255,66,223307,94,355731
13813,0.011203,74.125.24.0-255,5738,229045,94,355731
13814,0.011209,172.31.47.0-255,66,229111,94,355731
13815,0.013475,74.125.24.0-255,5738,234849,94,355731
13816,0.013485,172.31.47.0-255,66,234915,94,355731
13817,0.015743,74.125.24.0-255,5738,240653,94,355731
13818,0.015749,172.31.47.0-255,66,240719,94,355731
13819,0.018028,74.125.24.0-255,5738,246457,94,355731
13820,0.01804,172.31.47.0-255,66,246523,94,355731
13821,0.020292,74.125.24.0-255,5738,252261,94,355731
13822,0.020299,172.31.47.0-255,66,252327,94,355731
13823,0.022538,74.125.24.0-255,5738,258065,94,355731
13824,0.022546,172.31.47.0-255,66,258131,94,355731
13825,0.024827,74.125.24.0-255,5738,263869,94,355731
13826,0.024834,172.31.47.0-255,66,263935,94,355731
13827,0.026897,172.31.47.0-255,172,264107,94,355731
13828,0.026925,172.31.47.0-255,1118,265225,94,355731
13829,0.026953,172.31.47.0-255,1514,266739,94,355731
13830,0.026955,172.31.47.0-255,1286,268025,94,355731
13831,0.027108,74.125.24.0-255,5738,273763,94,355731
13832,0.027114,172.31.47.0-255,66,273829,94,355731
13833,0.028456,104.244.42.0-255,66,273895,94,355731
13834,0.028489,104.244.42.0-255,66,273961,94,355731
13835,0.028492,104.244.42.0-255,66,274027,94,355731
13836,0.029348,74.125.24.0-255,2902,276929,94,355731
13837,0.029352,172.31.47.0-255,66,276995,94,355731
13838,0.029381,74.125.24.0-255,2902,279897,94,355731
13839,0.029384,172.31.47.0-255,66,279963,94,355731
13840,0.031611,74.125.24.0-255,2902,282865,94,355731
13841,0.031615,172.31.47.0-255,66,282931,94,355731
13842,0.031646,74.125.24.0-255,2902,285833,94,355731
13843,0.031648,172.31.47.0-255,66,285899,94,355731
13844,0.033887,74.125.24.0-255,4320,290219,94,355731
13845,0.033892,172.31.47.0-255,66,290285,94,355731
13846,0.033919,74.125.24.0-255,1484,291769,94,355731
13847,0.036143,74.125.24.0-255,4320,296089,94,355731
13848,0.036148,172.31.47.0-255,66,296155,94,355731
13849,0.038411,74.125.24.0-255,2902,299057,94,355731
13850,0.038416,172.31.47.0-255,66,299123,94,355731
13851,0.03844,74.125.24.0-255,2902,302025,94,355731
13852,0.038443,172.31.47.0-255,66,302091,94,355731
13853,0.040672,74.125.24.0-255,4320,306411,94,355731
13854,0.040676,172.31.47.0-255,66,306477,94,355731
13855,0.040698,74.125.24.0-255,1484,307961,94,355731
13856,0.042939,74.125.24.0-255,4320,312281,94,355731
13857,0.042945,172.31.47.0-255,66,312347,94,355731
13858,0.045199,74.125.24.0-255,4320,316667,94,355731
13859,0.045204,172.31.47.0-255,66,316733,94,355731
13860,0.045226,74.125.24.0-255,1484,318217,94,355731
13861,0.047492,74.125.24.0-255,4320,322537,94,355731
13862,0.047497,172.31.47.0-255,66,322603,94,355731
13863,0.049755,74.125.24.0-255,2902,325505,94,355731
13864,0.049759,172.31.47.0-255,66,325571,94,355731
13865,0.049786,74.125.24.0-255,2902,328473,94,355731
13866,0.049788,172.31.47.0-255,66,328539,94,355731
13867,0.051997,74.125.24.0-255,2902,331441,94,355731
13868,0.052001,172.31.47.0-255,66,331507,94,355731
13869,0.052047,74.125.24.0-255,2902,334409,94,355731
13870,0.052051,172.31.47.0-255,66,334475,94,355731
13871,0.054251,74.125.24.0-255,2902,337377,94,355731
13872,0.054255,172.31.47.0-255,66,337443,94,355731
13873,0.054311,74.125.24.0-255,2902,340345,94,355731
13874,0.054315,172.31.47.0-255,66,340411,94,355731
13875,0.056506,74.125.24.0-255,2902,343313,94,355731
13876,0.05651,172.31.47.0-255,66,343379,94,355731
13877,0.056581,74.125.24.0-255,2902,346281,94,355731
13878,0.056584,172.31.47.0-255,66,346347,94,355731
13879,0.058811,74.125.24.0-255,2902,349249,94,355731
13880,0.058816,172.31.47.0-255,66,349315,94,355731
13881,0.05887,74.125.24.0-255,2902,352217,94,355731
13882,0.058874,172.31.47.0-255,66,352283,94,355731
13883,0.061066,74.125.24.0-255,2902,355185,94,355731
13884,0.061073,172.31.47.0-255,66,355251,94,355731
13885,0.061112,74.125.24.0-255,243,355494,94,355731
13886,0.061228,172.31.47.0-255,66,355560,94,355731
13887,0.061254,172.31.47.0-255,105,355665,94,355731
13888,0.063478,74.125.24.0-255,66,355731,94,355731
13889,0.0,172.31.47.0-255,105,105,94,276
13890,0.074527,31.13.82.0-255,105,210,94,276
13891,0.074546,172.31.47.0-255,66,276,94,276
13892,0.0,74.125.200.0-255,153,153,94,373948
13893,2.3e-05,172.31.47.0-255,66,219,94,373948
13894,3e-05,74.125.200.0-255,1484,1703,94,373948
13895,3.4e-05,172.31.47.0-255,66,1769,94,373948
13896,3.6e-05,74.125.200.0-255,1484,3253,94,373948
13897,3.8e-05,172.31.47.0-255,66,3319,94,373948
13898,4.3e-05,74.125.200.0-255,2902,6221,94,373948
13899,4.4e-05,172.31.47.0-255,66,6287,94,373948
13900,6.8e-05,74.125.200.0-255,5738,12025,94,373948
13901,6.9e-05,172.31.47.0-255,66,12091,94,373948
13902,8.7e-05,74.125.200.0-255,2207,14298,94,373948
13903,8.9e-05,172.31.47.0-255,66,14364,94,373948
13904,0.000127,74.125.200.0-255,2902,17266,94,373948
13905,0.00013,172.31.47.0-255,66,17332,94,373948
13906,0.000135,74.125.200.0-255,2902,20234,94,373948
13907,0.000137,172.31.47.0-255,66,20300,94,373948
13908,0.000152,74.125.200.0-255,4320,24620,94,373948
13909,0.000154,172.31.47.0-255,66,24686,94,373948
13910,0.000197,74.125.200.0-255,1484,26170,94,373948
13911,0.0002,172.31.47.0-255,66,26236,94,373948
13912,0.000218,74.125.200.0-255,5379,31615,94,373948
13913,0.00022,172.31.47.0-255,66,31681,94,373948
13914,0.00027,74.125.200.0-255,1484,33165,94,373948
13915,0.000273,172.31.47.0-255,66,33231,94,373948
13916,0.000292,74.125.200.0-255,2902,36133,94,373948
13917,0.000294,172.31.47.0-255,66,36199,94,373948
13918,0.000298,74.125.200.0-255,4320,40519,94,373948
13919,0.0003,172.31.47.0-255,66,40585,94,373948
13920,0.000323,74.125.200.0-255,1484,42069,94,373948
13921,0.000326,172.31.47.0-255,66,42135,94,373948
13922,0.00035,172.31.47.0-255,66,42201,94,373948
13923,0.000355,74.125.200.0-255,4320,46521,94,373948
13924,0.000357,172.31.47.0-255,66,46587,94,373948
13925,0.000399,74.125.200.0-255,2902,49489,94,373948
13926,0.000401,172.31.47.0-255,66,49555,94,373948
13927,0.000426,172.31.47.0-255,66,49621,94,373948
13928,0.000429,74.125.200.0-255,396,50017,94,373948
13929,0.000468,74.125.200.0-255,347,50364,94,373948
13930,0.000672,172.31.47.0-255,66,50430,94,373948
13931,0.000729,74.125.200.0-255,1484,51914,94,373948
13932,0.000747,74.125.200.0-255,2902,54816,94,373948
13933,0.00075,172.31.47.0-255,66,54882,94,373948
13934,0.000753,74.125.200.0-255,1484,56366,94,373948
13935,0.000768,74.125.200.0-255,2902,59268,94,373948
13936,0.00077,172.31.47.0-255,66,59334,94,373948
13937,0.000776,74.125.200.0-255,5738,65072,94,373948
13938,0.000778,172.31.47.0-255,66,65138,94,373948
13939,0.000795,74.125.200.0-255,1484,66622,94,373948
13940,0.000816,172.31.47.0-255,66,66688,94,373948
13941,0.000854,74.125.200.0-255,1484,68172,94,373948
13942,0.000866,74.125.200.0-255,5738,73910,94,373948
13943,0.000869,172.31.47.0-255,66,73976,94,373948
13944,0.000887,74.125.200.0-255,2184,76160,94,373948
13945,0.000889,172.31.47.0-255,66,76226,94,373948
13946,0.001408,74.125.200.0-255,1484,77710,94,373948
13947,0.001415,74.125.200.0-255,2902,80612,94,373948
13948,0.001418,172.31.47.0-255,66,80678,94,373948
13949,0.001422,74.125.200.0-255,2902,83580,94,373948
13950,0.001424,172.31.47.0-255,66,83646,94,373948
13951,0.00144,74.125.200.0-255,2902,86548,94,373948
13952,0.001442,172.31.47.0-255,66,86614,94,373948
13953,0.001463,74.125.200.0-255,5738,92352,94,373948
13954,0.001465,172.31.47.0-255,66,92418,94,373948
13955,0.001484,74.125.200.0-255,7156,99574,94,373948
13956,0.001486,172.31.47.0-255,66,99640,94,373948
13957,0.001523,172.31.47.0-255,66,99706,94,373948
13958,0.001559,74.125.200.0-255,2902,102608,94,373948
13959,0.001561,172.31.47.0-255,66,102674,94,373948
13960,0.001583,74.125.200.0-255,7156,109830,94,373948
13961,0.001585,172.31.47.0-255,66,109896,94,373948
13962,0.001595,74.125.200.0-255,1484,111380,94,373948
13963,0.001609,74.125.200.0-255,5738,117118,94,373948
13964,0.001611,172.31.47.0-255,66,117184,94,373948
13965,0.001631,74.125.200.0-255,4320,121504,94,373948
13966,0.001633,172.31.47.0-255,66,121570,94,373948
13967,0.001641,172.31.47.0-255,66,121636,94,373948
13968,0.001664,74.125.200.0-255,2184,123820,94,373948
13969,0.001666,172.31.47.0-255,66,123886,94,373948
13970,0.001676,74.125.200.0-255,2902,126788,94,373948
13971,0.001678,172.31.47.0-255,66,126854,94,373948
13972,0.001705,74.125.200.0-255,7156,134010,94,373948
13973,0.001707,172.31.47.0-255,66,134076,94,373948
13974,0.001712,74.125.200.0-255,4320,138396,94,373948
13975,0.001713,172.31.47.0-255,66,138462,94,373948
13976,0.001724,74.125.200.0-255,2902,141364,94,373948
13977,0.001725,172.31.47.0-255,66,141430,94,373948
13978,0.001762,74.125.200.0-255,2902,144332,94,373948
13979,0.001764,172.31.47.0-255,66,144398,94,373948
13980,0.0018,74.125.200.0-255,4320,148718,94,373948
13981,0.001802,172.31.47.0-255,66,148784,94,373948
13982,0.001817,74.125.200.0-255,5738,154522,94,373948
13983,0.001819,172.31.47.0-255,66,154588,94,373948
13984,0.001832,74.125.200.0-255,2902,157490,94,373948
13985,0.001834,172.31.47.0-255,66,157556,94,373948
13986,0.001843,74.125.200.0-255,766,158322,94,373948
13987,0.001912,74.125.200.0-255,1484,159806,94,373948
13988,0.001914,172.31.47.0-255,66,159872,94,373948
13989,0.00193,74.125.200.0-255,2902,162774,94,373948
13990,0.001932,172.31.47.0-255,66,162840,94,373948
13991,0.001964,74.125.200.0-255,5738,168578,94,373948
13992,0.001967,172.31.47.0-255,66,168644,94,373948
13993,0.001982,74.125.200.0-255,2902,171546,94,373948
13994,0.001984,172.31.47.0-255,66,171612,94,373948
13995,0.002005,74.125.200.0-255,4320,175932,94,373948
13996,0.002007,172.31.47.0-255,66,175998,94,373948
13997,0.002029,74.125.200.0-255,5738,181736,94,373948
13998,0.002031,172.31.47.0-255,66,181802,94,373948
13999,0.002048,74.125.200.0-255,1484,183286,94,373948
14000,0.002057,172.31.47.0-255,66,183352,94,373948
14001,0.00206,74.125.200.0-255,766,184118,94,373948
14002,0.004094,74.125.200.0-255,4320,188438,94,373948
14003,0.004097,172.31.47.0-255,66,188504,94,373948
14004,0.006121,74.125.200.0-255,5738,194242,94,373948
14005,0.006126,172.31.47.0-255,66,194308,94,373948
14006,0.008165,74.125.200.0-255,4320,198628,94,373948
14007,0.008172,172.31.47.0-255,66,198694,94,373948
14008,0.008192,74.125.200.0-255,1484,200178,94,373948
14009,0.010211,74.125.200.0-255,4320,204498,94,373948
14010,0.010217,172.31.47.0-255,66,204564,94,373948
14011,0.012254,74.125.200.0-255,5738,210302,94,373948
14012,0.012263,172.31.47.0-255,66,210368,94,373948
14013,0.0143,74.125.200.0-255,5738,216106,94,373948
14014,0.014306,172.31.47.0-255,66,216172,94,373948
14015,0.016364,74.125.200.0-255,5738,221910,94,373948
14016,0.016371,172.31.47.0-255,66,221976,94,373948
14017,0.018398,74.125.200.0-255,5738,227714,94,373948
14018,0.018404,172.31.47.0-255,66,227780,94,373948
14019,0.020433,74.125.200.0-255,5738,233518,94,373948
14020,0.02044,172.31.47.0-255,66,233584,94,373948
14021,0.022493,74.125.200.0-255,4320,237904,94,373948
14022,0.0225,172.31.47.0-255,66,237970,94,373948
14023,0.022527,74.125.200.0-255,1484,239454,94,373948
14024,0.024439,172.31.47.0-255,172,239626,94,373948
14025,0.024466,172.31.47.0-255,1116,240742,94,373948
14026,0.024501,172.31.47.0-255,1514,242256,94,373948
14027,0.024502,172.31.47.0-255,1514,243770,94,373948
14028,0.024503,172.31.47.0-255,1514,245284,94,373948
14029,0.024504,172.31.47.0-255,1514,246798,94,373948
14030,0.024505,172.31.47.0-255,162,246960,94,373948
14031,0.024527,74.125.200.0-255,4320,251280,94,373948
14032,0.024531,172.31.47.0-255,66,251346,94,373948
14033,0.025971,104.244.42.0-255,66,251412,94,373948
14034,0.026011,104.244.42.0-255,66,251478,94,373948
14035,0.026051,104.244.42.0-255,66,251544,94,373948
14036,0.026071,104.244.42.0-255,66,251610,94,373948
14037,0.026567,74.125.200.0-255,1484,253094,94,373948
14038,0.026594,74.125.200.0-255,4320,257414,94,373948
14039,0.026598,172.31.47.0-255,66,257480,94,373948
14040,0.026833,104.244.42.0-255,108,257588,94,373948
14041,0.026838,172.31.47.0-255,66,257654,94,373948
14042,0.028623,74.125.200.0-255,4320,261974,94,373948
14043,0.028628,172.31.47.0-255,66,262040,94,373948
14044,0.028659,74.125.200.0-255,1484,263524,94,373948
14045,0.030663,74.125.200.0-255,2902,266426,94,373948
14046,0.030667,172.31.47.0-255,66,266492,94,373948
14047,0.030694,74.125.200.0-255,1484,267976,94,373948
14048,0.032692,74.125.200.0-255,4320,272296,94,373948
14049,0.032698,172.31.47.0-255,66,272362,94,373948
14050,0.034722,74.125.200.0-255,4320,276682,94,373948
14051,0.034726,172.31.47.0-255,66,276748,94,373948
14052,0.034749,74.125.200.0-255,1484,278232,94,373948
14053,0.036749,74.125.200.0-255,1484,279716,94,373948
14054,0.036753,172.31.47.0-255,66,279782,94,373948
14055,0.036777,74.125.200.0-255,2902,282684,94,373948
14056,0.03678,172.31.47.0-255,66,282750,94,373948
14057,0.038779,74.125.200.0-255,2902,285652,94,373948
14058,0.038784,172.31.47.0-255,66,285718,94,373948
14059,0.03881,74.125.200.0-255,2902,288620,94,373948
14060,0.038813,172.31.47.0-255,66,288686,94,373948
14061,0.040806,74.125.200.0-255,2902,291588,94,373948
14062,0.04081,172.31.47.0-255,66,291654,94,373948
14063,0.040842,74.125.200.0-255,2902,294556,94,373948
14064,0.040845,172.31.47.0-255,66,294622,94,373948
14065,0.042838,74.125.200.0-255,2902,297524,94,373948
14066,0.042843,172.31.47.0-255,66,297590,94,373948
14067,0.042874,74.125.200.0-255,2902,300492,94,373948
14068,0.042877,172.31.47.0-255,66,300558,94,373948
14069,0.044881,74.125.200.0-255,2902,303460,94,373948
14070,0.044886,172.31.47.0-255,66,303526,94,373948
14071,0.044909,74.125.200.0-255,2902,306428,94,373948
14072,0.044912,172.31.47.0-255,66,306494,94,373948
14073,0.046913,74.125.200.0-255,2902,309396,94,373948
14074,0.046917,172.31.47.0-255,66,309462,94,373948
14075,0.046944,74.125.200.0-255,2902,312364,94,373948
14076,0.046946,172.31.47.0-255,66,312430,94,373948
14077,0.048951,74.125.200.0-255,2902,315332,94,373948
14078,0.048956,172.31.47.0-255,66,315398,94,373948
14079,0.048986,74.125.200.0-255,2902,318300,94,373948
14080,0.048989,172.31.47.0-255,66,318366,94,373948
14081,0.050978,74.125.200.0-255,2902,321268,94,373948
14082,0.050982,172.31.47.0-255,66,321334,94,373948
14083,0.051017,74.125.200.0-255,2902,324236,94,373948
14084,0.05102,172.31.47.0-255,66,324302,94,373948
14085,0.053007,74.125.200.0-255,2902,327204,94,373948
14086,0.053015,172.31.47.0-255,66,327270,94,373948
14087,0.05304,74.125.200.0-255,2902,330172,94,373948
14088,0.053043,172.31.47.0-255,66,330238,94,373948
14089,0.055042,74.125.200.0-255,2902,333140,94,373948
14090,0.055047,172.31.47.0-255,66,333206,94,373948
14091,0.055065,74.125.200.0-255,2902,336108,94,373948
14092,0.055067,172.31.47.0-255,66,336174,94,373948
14093,0.057084,74.125.200.0-255,5738,341912,94,373948
14094,0.05709,172.31.47.0-255,66,341978,94,373948
14095,0.059128,74.125.200.0-255,5738,347716,94,373948
14096,0.059133,172.31.47.0-255,66,347782,94,373948
14097,0.06117,74.125.200.0-255,5738,353520,94,373948
14098,0.061174,172.31.47.0-255,66,353586,94,373948
14099,0.0632,74.125.200.0-255,4320,357906,94,373948
14100,0.063205,172.31.47.0-255,66,357972,94,373948
14101,0.063237,74.125.200.0-255,1484,359456,94,373948
14102,0.065226,74.125.200.0-255,2902,362358,94,373948
14103,0.065231,172.31.47.0-255,66,362424,94,373948
14104,0.065259,74.125.200.0-255,1484,363908,94,373948
14105,0.06726,74.125.200.0-255,2902,366810,94,373948
14106,0.067265,172.31.47.0-255,66,366876,94,373948
14107,0.067307,74.125.200.0-255,1484,368360,94,373948
14108,0.069304,74.125.200.0-255,4320,372680,94,373948
14109,0.069309,172.31.47.0-255,66,372746,94,373948
14110,0.071353,74.125.200.0-255,965,373711,94,373948
14111,0.071476,172.31.47.0-255,66,373777,94,373948
14112,0.071499,172.31.47.0-255,105,373882,94,373948
14113,0.073489,74.125.200.0-255,66,373948,94,373948
14114,0.0,74.125.24.0-255,153,153,94,295972
14115,3.2e-05,172.31.47.0-255,66,219,94,295972
14116,3.9e-05,74.125.24.0-255,1484,1703,94,295972
14117,4.3e-05,172.31.47.0-255,66,1769,94,295972
14118,4.8e-05,74.125.24.0-255,2902,4671,94,295972
14119,5.9e-05,172.31.47.0-255,66,4737,94,295972
14120,6.5e-05,74.125.24.0-255,7156,11893,94,295972
14121,6.7e-05,172.31.47.0-255,66,11959,94,295972
14122,7.1e-05,74.125.24.0-255,2209,14168,94,295972
14123,7.4e-05,172.31.47.0-255,66,14234,94,295972
14124,0.000101,74.125.24.0-255,5738,19972,94,295972
14125,0.000104,172.31.47.0-255,66,20038,94,295972
14126,0.000126,74.125.24.0-255,5738,25776,94,295972
14127,0.000129,172.31.47.0-255,66,25842,94,295972
14128,0.000134,74.125.24.0-255,5379,31221,94,295972
14129,0.000136,172.31.47.0-255,66,31287,94,295972
14130,0.000313,74.125.24.0-255,1484,32771,94,295972
14131,0.000318,172.31.47.0-255,66,32837,94,295972
14132,0.000324,74.125.24.0-255,2902,35739,94,295972
14133,0.000326,172.31.47.0-255,66,35805,94,295972
14134,0.000356,74.125.24.0-255,5738,41543,94,295972
14135,0.00036,172.31.47.0-255,66,41609,94,295972
14136,0.000364,74.125.24.0-255,4320,45929,94,295972
14137,0.000366,172.31.47.0-255,66,45995,94,295972
14138,0.000386,74.125.24.0-255,2543,48538,94,295972
14139,0.000394,172.31.47.0-255,66,48604,94,295972
14140,0.000654,74.125.24.0-255,1484,50088,94,295972
14141,0.000658,172.31.47.0-255,66,50154,94,295972
14142,0.000663,74.125.24.0-255,2902,53056,94,295972
14143,0.000665,172.31.47.0-255,66,53122,94,295972
14144,0.000669,74.125.24.0-255,2902,56024,94,295972
14145,0.000677,172.31.47.0-255,66,56090,94,295972
14146,0.000712,74.125.24.0-255,2902,58992,94,295972
14147,0.000715,172.31.47.0-255,66,59058,94,295972
14148,0.000722,74.125.24.0-255,6797,65855,94,295972
14149,0.000724,172.31.47.0-255,66,65921,94,295972
14150,0.00076,74.125.24.0-255,1484,67405,94,295972
14151,0.000775,74.125.24.0-255,2902,70307,94,295972
14152,0.000778,172.31.47.0-255,66,70373,94,295972
14153,0.000798,74.125.24.0-255,4320,74693,94,295972
14154,0.000801,172.31.47.0-255,66,74759,94,295972
14155,0.000837,172.31.47.0-255,66,74825,94,295972
14156,0.000873,172.31.47.0-255,66,74891,94,295972
14157,0.000892,74.125.24.0-255,4541,79432,94,295972
14158,0.000895,172.31.47.0-255,66,79498,94,295972
14159,0.0009,74.125.24.0-255,4320,83818,94,295972
14160,0.000902,172.31.47.0-255,66,83884,94,295972
14161,0.000919,74.125.24.0-255,1484,85368,94,295972
14162,0.000947,74.125.24.0-255,2902,88270,94,295972
14163,0.00095,172.31.47.0-255,66,88336,94,295972
14164,0.000977,74.125.24.0-255,4816,93152,94,295972
14165,0.000981,172.31.47.0-255,66,93218,94,295972
14166,0.001015,74.125.24.0-255,1484,94702,94,295972
14167,0.001038,74.125.24.0-255,2902,97604,94,295972
14168,0.00104,172.31.47.0-255,66,97670,94,295972
14169,0.001046,74.125.24.0-255,5738,103408,94,295972
14170,0.001048,172.31.47.0-255,66,103474,94,295972
14171,0.001053,74.125.24.0-255,4320,107794,94,295972
14172,0.001062,172.31.47.0-255,66,107860,94,295972
14173,0.0011,74.125.24.0-255,2902,110762,94,295972
14174,0.001102,172.31.47.0-255,66,110828,94,295972
14175,0.001117,172.31.47.0-255,66,110894,94,295972
14176,0.00112,74.125.24.0-255,2184,113078,94,295972
14177,0.001122,172.31.47.0-255,66,113144,94,295972
14178,0.003556,74.125.24.0-255,4320,117464,94,295972
14179,0.003562,172.31.47.0-255,66,117530,94,295972
14180,0.003586,74.125.24.0-255,1484,119014,94,295972
14181,0.00587,74.125.24.0-255,2902,121916,94,295972
14182,0.005872,172.31.47.0-255,66,121982,94,295972
14183,0.005893,74.125.24.0-255,1484,123466,94,295972
14184,0.008229,74.125.24.0-255,4320,127786,94,295972
14185,0.008236,172.31.47.0-255,66,127852,94,295972
14186,0.01057,74.125.24.0-255,5738,133590,94,295972
14187,0.010577,172.31.47.0-255,66,133656,94,295972
14188,0.012929,74.125.24.0-255,4320,137976,94,295972
14189,0.012936,172.31.47.0-255,66,138042,94,295972
14190,0.012972,74.125.24.0-255,1484,139526,94,295972
14191,0.015287,74.125.24.0-255,4320,143846,94,295972
14192,0.015296,172.31.47.0-255,66,143912,94,295972
14193,0.017615,74.125.24.0-255,5738,149650,94,295972
14194,0.017623,172.31.47.0-255,66,149716,94,295972
14195,0.019959,74.125.24.0-255,4320,154036,94,295972
14196,0.019965,172.31.47.0-255,66,154102,94,295972
14197,0.019994,74.125.24.0-255,1484,155586,94,295972
14198,0.022281,74.125.24.0-255,4320,159906,94,295972
14199,0.022288,172.31.47.0-255,66,159972,94,295972
14200,0.024612,74.125.24.0-255,5738,165710,94,295972
14201,0.02462,172.31.47.0-255,66,165776,94,295972
14202,0.02697,74.125.24.0-255,5738,171514,94,295972
14203,0.026975,172.31.47.0-255,66,171580,94,295972
14204,0.027523,172.31.47.0-255,172,171752,94,295972
14205,0.027566,172.31.47.0-255,1116,172868,94,295972
14206,0.027633,172.31.47.0-255,1514,174382,94,295972
14207,0.027635,172.31.47.0-255,1288,175670,94,295972
14208,0.029061,104.244.42.0-255,66,175736,94,295972
14209,0.029105,104.244.42.0-255,66,175802,94,295972
14210,0.029187,104.244.42.0-255,66,175868,94,295972
14211,0.029308,74.125.24.0-255,4320,180188,94,295972
14212,0.029311,172.31.47.0-255,66,180254,94,295972
14213,0.029341,74.125.24.0-255,1484,181738,94,295972
14214,0.031642,74.125.24.0-255,2902,184640,94,295972
14215,0.031647,172.31.47.0-255,66,184706,94,295972
14216,0.033991,74.125.24.0-255,1484,186190,94,295972
14217,0.034028,74.125.24.0-255,4320,190510,94,295972
14218,0.034032,172.31.47.0-255,66,190576,94,295972
14219,0.036377,74.125.24.0-255,5738,196314,94,295972
14220,0.036382,172.31.47.0-255,66,196380,94,295972
14221,0.038696,74.125.24.0-255,4320,200700,94,295972
14222,0.038702,172.31.47.0-255,66,200766,94,295972
14223,0.038731,74.125.24.0-255,1484,202250,94,295972
14224,0.041046,74.125.24.0-255,4320,206570,94,295972
14225,0.04105,172.31.47.0-255,66,206636,94,295972
14226,0.043471,74.125.24.0-255,2902,209538,94,295972
14227,0.043476,172.31.47.0-255,66,209604,94,295972
14228,0.043508,74.125.24.0-255,2902,212506,94,295972
14229,0.043511,172.31.47.0-255,66,212572,94,295972
14230,0.045955,74.125.24.0-255,2902,215474,94,295972
14231,0.04596,172.31.47.0-255,66,215540,94,295972
14232,0.045983,74.125.24.0-255,2902,218442,94,295972
14233,0.045985,172.31.47.0-255,66,218508,94,295972
14234,0.048333,74.125.24.0-255,4320,222828,94,295972
14235,0.048338,172.31.47.0-255,66,222894,94,295972
14236,0.048371,74.125.24.0-255,1484,224378,94,295972
14237,0.05069,74.125.24.0-255,2902,227280,94,295972
14238,0.050694,172.31.47.0-255,66,227346,94,295972
14239,0.050724,74.125.24.0-255,1484,228830,94,295972
14240,0.053029,74.125.24.0-255,4320,233150,94,295972
14241,0.053033,172.31.47.0-255,66,233216,94,295972
14242,0.055335,74.125.24.0-255,2902,236118,94,295972
14243,0.055339,172.31.47.0-255,66,236184,94,295972
14244,0.05537,74.125.24.0-255,2902,239086,94,295972
14245,0.055373,172.31.47.0-255,66,239152,94,295972
14246,0.057686,74.125.24.0-255,4320,243472,94,295972
14247,0.057691,172.31.47.0-255,66,243538,94,295972
14248,0.057726,74.125.24.0-255,1484,245022,94,295972
14249,0.060004,74.125.24.0-255,4320,249342,94,295972
14250,0.060008,172.31.47.0-255,66,249408,94,295972
14251,0.062351,74.125.24.0-255,5738,255146,94,295972
14252,0.062356,172.31.47.0-255,66,255212,94,295972
14253,0.064709,74.125.24.0-255,5738,260950,94,295972
14254,0.064715,172.31.47.0-255,66,261016,94,295972
14255,0.067043,74.125.24.0-255,1484,262500,94,295972
14256,0.067071,74.125.24.0-255,4320,266820,94,295972
14257,0.067075,172.31.47.0-255,66,266886,94,295972
14258,0.069392,74.125.24.0-255,5738,272624,94,295972
14259,0.069398,172.31.47.0-255,66,272690,94,295972
14260,0.071721,74.125.24.0-255,5738,278428,94,295972
14261,0.071727,172.31.47.0-255,66,278494,94,295972
14262,0.074121,74.125.24.0-255,5738,284232,94,295972
14263,0.074127,172.31.47.0-255,66,284298,94,295972
14264,0.076429,74.125.24.0-255,5738,290036,94,295972
14265,0.076434,172.31.47.0-255,66,290102,94,295972
14266,0.078775,74.125.24.0-255,4320,294422,94,295972
14267,0.07878,172.31.47.0-255,66,294488,94,295972
14268,0.078808,74.125.24.0-255,1484,295972,94,295972
14269,0.0,172.217.194.0-255,153,153,94,194938
14270,1.3e-05,172.31.47.0-255,66,219,94,194938
14271,1.9e-05,172.217.194.0-255,1484,1703,94,194938
14272,2.3e-05,172.31.47.0-255,66,1769,94,194938
14273,2.8e-05,172.217.194.0-255,2902,4671,94,194938
14274,3.1e-05,172.31.47.0-255,66,4737,94,194938
14275,3.8e-05,172.217.194.0-255,7156,11893,94,194938
14276,4e-05,172.31.47.0-255,66,11959,94,194938
14277,6.6e-05,172.217.194.0-255,2100,14059,94,194938
14278,6.8e-05,172.31.47.0-255,66,14125,94,194938
14279,9.9e-05,172.217.194.0-255,2902,17027,94,194938
14280,0.000102,172.31.47.0-255,66,17093,94,194938
14281,0.000106,172.217.194.0-255,2902,19995,94,194938
14282,0.000108,172.31.47.0-255,66,20061,94,194938
14283,0.00013,172.217.194.0-255,4320,24381,94,194938
14284,0.000133,172.31.47.0-255,66,24447,94,194938
14285,0.000138,172.217.194.0-255,5738,30185,94,194938
14286,0.00014,172.31.47.0-255,66,30251,94,194938
14287,0.000197,172.31.47.0-255,66,30317,94,194938
14288,0.000214,172.217.194.0-255,1484,31801,94,194938
14289,0.000215,172.31.47.0-255,66,31867,94,194938
14290,0.000235,172.217.194.0-255,3961,35828,94,194938
14291,0.000238,172.31.47.0-255,66,35894,94,194938
14292,0.000243,172.217.194.0-255,5738,41632,94,194938
14293,0.000245,172.31.47.0-255,66,41698,94,194938
14294,0.000279,172.217.194.0-255,5738,47436,94,194938
14295,0.000281,172.31.47.0-255,66,47502,94,194938
14296,0.000299,172.217.194.0-255,2854,50356,94,194938
14297,0.000301,172.31.47.0-255,66,50422,94,194938
14298,0.000304,172.217.194.0-255,98,50520,94,194938
14299,0.000306,172.31.47.0-255,66,50586,94,194938
14300,0.000342,172.217.194.0-255,1484,52070,94,194938
14301,0.000355,172.217.194.0-255,2902,54972,94,194938
14302,0.000384,172.217.194.0-255,7156,62128,94,194938
14303,0.000387,172.217.194.0-255,1484,63612,94,194938
14304,0.000402,172.217.194.0-255,6797,70409,94,194938
14305,0.000437,172.217.194.0-255,7156,77565,94,194938
14306,0.00046,172.217.194.0-255,6797,84362,94,194938
14307,0.000509,172.31.47.0-255,66,84428,94,194938
14308,0.001077,172.217.194.0-255,1484,85912,94,194938
14309,0.001084,172.217.194.0-255,2902,88814,94,194938
14310,0.001087,172.31.47.0-255,66,88880,94,194938
14311,0.001091,172.217.194.0-255,2902,91782,94,194938
14312,0.001102,172.217.194.0-255,2902,94684,94,194938
14313,0.001105,172.31.47.0-255,66,94750,94,194938
14314,0.001112,172.217.194.0-255,1484,96234,94,194938
14315,0.001116,172.31.47.0-255,66,96300,94,194938
14316,0.001137,172.217.194.0-255,2902,99202,94,194938
14317,0.001163,172.31.47.0-255,66,99268,94,194938
14318,0.001167,172.31.47.0-255,66,99334,94,194938
14319,0.001227,172.217.194.0-255,1484,100818,94,194938
14320,0.00125,172.217.194.0-255,2902,103720,94,194938
14321,0.001253,172.31.47.0-255,66,103786,94,194938
14322,0.001256,172.217.194.0-255,1484,105270,94,194938
14323,0.001276,172.217.194.0-255,4320,109590,94,194938
14324,0.001292,172.217.194.0-255,4320,113910,94,194938
14325,0.001304,172.31.47.0-255,66,113976,94,194938
14326,0.001314,172.217.194.0-255,4320,118296,94,194938
14327,0.001328,172.217.194.0-255,2184,120480,94,194938
14328,0.001334,172.31.47.0-255,66,120546,94,194938
14329,0.001391,172.217.194.0-255,1484,122030,94,194938
14330,0.001395,172.217.194.0-255,1484,123514,94,194938
14331,0.001435,172.217.194.0-255,1484,124998,94,194938
14332,0.001441,172.217.194.0-255,5738,130736,94,194938
14333,0.001461,172.217.194.0-255,1484,132220,94,194938
14334,0.001472,172.31.47.0-255,66,132286,94,194938
14335,0.001478,172.217.194.0-255,1484,133770,94,194938
14336,0.001483,172.31.47.0-255,66,133836,94,194938
14337,0.001491,172.217.194.0-255,766,134602,94,194938
14338,0.001659,172.217.194.0-255,1484,136086,94,194938
14339,0.001667,172.31.47.0-255,66,136152,94,194938
14340,0.001675,172.217.194.0-255,2902,139054,94,194938
14341,0.001679,172.217.194.0-255,2902,141956,94,194938
14342,0.001683,172.31.47.0-255,66,142022,94,194938
14343,0.001691,172.217.194.0-255,2902,144924,94,194938
14344,0.001693,172.217.194.0-255,1484,146408,94,194938
14345,0.001714,172.217.194.0-255,7156,153564,94,194938
14346,0.001716,172.31.47.0-255,66,153630,94,194938
14347,0.00172,172.31.47.0-255,66,153696,94,194938
14348,0.001743,172.217.194.0-255,4320,158016,94,194938
14349,0.00175,172.31.47.0-255,66,158082,94,194938
14350,0.001777,172.31.47.0-255,66,158148,94,194938
14351,0.001805,172.217.194.0-255,4320,162468,94,194938
14352,0.001808,172.31.47.0-255,66,162534,94,194938
14353,0.001827,172.217.194.0-255,1484,164018,94,194938
14354,0.00183,172.31.47.0-255,66,164084,94,194938
14355,0.00189,172.217.194.0-255,1484,165568,94,194938
14356,0.001955,172.217.194.0-255,1484,167052,94,194938
14357,0.001958,172.217.194.0-255,1484,168536,94,194938
14358,0.001961,172.31.47.0-255,66,168602,94,194938
14359,0.001966,172.31.47.0-255,66,168668,94,194938
14360,0.00198,172.217.194.0-255,1484,170152,94,194938
14361,0.001986,172.217.194.0-255,5738,175890,94,194938
14362,0.001989,172.217.194.0-255,1484,177374,94,194938
14363,0.001997,172.31.47.0-255,66,177440,94,194938
14364,0.002043,172.31.47.0-255,66,177506,94,194938
14365,0.002065,172.217.194.0-255,4320,181826,94,194938
14366,0.002073,172.31.47.0-255,66,181892,94,194938
14367,0.002132,172.217.194.0-255,2902,184794,94,194938
14368,0.002158,172.31.47.0-255,66,184860,94,194938
14369,0.002183,172.31.47.0-255,66,184926,94,194938
14370,0.002207,172.217.194.0-255,2902,187828,94,194938
14371,0.002234,172.217.194.0-255,2122,189950,94,194938
14372,0.00224,172.31.47.0-255,66,190016,94,194938
14373,0.002251,172.217.194.0-255,105,190121,94,194938
14374,0.012751,172.31.47.0-255,105,190226,94,194938
14375,0.013037,172.31.47.0-255,90,190316,94,194938
14376,0.013049,172.31.47.0-255,66,190382,94,194938
14377,0.015097,172.217.194.0-255,66,190448,94,194938
14378,0.015298,172.217.194.0-255,66,190514,94,194938
14379,0.015327,172.217.194.0-255,66,190580,94,194938
14380,0.015337,172.31.47.0-255,66,190646,94,194938
14381,0.041222,172.31.47.0-255,176,190822,94,194938
14382,0.041256,172.31.47.0-255,1108,191930,94,194938
14383,0.041305,172.31.47.0-255,1514,193444,94,194938
14384,0.041307,172.31.47.0-255,1296,194740,94,194938
14385,0.042808,104.244.42.0-255,66,194806,94,194938
14386,0.042819,104.244.42.0-255,66,194872,94,194938
14387,0.042845,104.244.42.0-255,66,194938,94,194938
14388,0.0,172.217.194.0-255,153,153,94,193052
14389,8e-05,172.31.47.0-255,66,219,94,193052
14390,8.6e-05,172.217.194.0-255,1484,1703,94,193052
14391,9e-05,172.31.47.0-255,66,1769,94,193052
14392,9.4e-05,172.217.194.0-255,2902,4671,94,193052
14393,0.000105,172.31.47.0-255,66,4737,94,193052
14394,0.000111,172.217.194.0-255,7156,11893,94,193052
14395,0.000114,172.31.47.0-255,66,11959,94,193052
14396,0.000118,172.217.194.0-255,2252,14211,94,193052
14397,0.00012,172.31.47.0-255,66,14277,94,193052
14398,0.000124,172.217.194.0-255,2902,17179,94,193052
14399,0.000127,172.31.47.0-255,66,17245,94,193052
14400,0.000131,172.217.194.0-255,2902,20147,94,193052
14401,0.000133,172.31.47.0-255,66,20213,94,193052
14402,0.000163,172.217.194.0-255,4320,24533,94,193052
14403,0.000167,172.31.47.0-255,66,24599,94,193052
14404,0.000181,172.217.194.0-255,4320,28919,94,193052
14405,0.000183,172.31.47.0-255,66,28985,94,193052
14406,0.000204,172.217.194.0-255,2543,31528,94,193052
14407,0.000207,172.31.47.0-255,66,31594,94,193052
14408,0.000255,172.217.194.0-255,1484,33078,94,193052
14409,0.000258,172.31.47.0-255,66,33144,94,193052
14410,0.000262,172.217.194.0-255,1484,34628,94,193052
14411,0.000263,172.31.47.0-255,66,34694,94,193052
14412,0.000293,172.217.194.0-255,1484,36178,94,193052
14413,0.000297,172.31.47.0-255,66,36244,94,193052
14414,0.000303,172.217.194.0-255,5738,41982,94,193052
14415,0.000305,172.31.47.0-255,66,42048,94,193052
14416,0.000353,172.217.194.0-255,1484,43532,94,193052
14417,0.000357,172.31.47.0-255,66,43598,94,193052
14418,0.000393,172.31.47.0-255,66,43664,94,193052
14419,0.000397,172.217.194.0-255,676,44340,94,193052
14420,0.000398,172.31.47.0-255,66,44406,94,193052
14421,0.000721,172.217.194.0-255,1484,45890,94,193052
14422,0.000725,172.31.47.0-255,66,45956,94,193052
14423,0.00073,172.217.194.0-255,2902,48858,94,193052
14424,0.000734,172.217.194.0-255,2902,51760,94,193052
14425,0.000734,172.31.47.0-255,66,51826,94,193052
14426,0.000737,172.31.47.0-255,66,51892,94,193052
14427,0.000762,172.217.194.0-255,2902,54794,94,193052
14428,0.000767,172.31.47.0-255,66,54860,94,193052
14429,0.000772,172.31.47.0-255,66,54926,94,193052
14430,0.000803,172.217.194.0-255,4320,59246,94,193052
14431,0.000806,172.31.47.0-255,66,59312,94,193052
14432,0.000819,172.31.47.0-255,66,59378,94,193052
14433,0.001387,172.217.194.0-255,1484,60862,94,193052
14434,0.001396,172.217.194.0-255,2902,63764,94,193052
14435,0.0014,172.31.47.0-255,66,63830,94,193052
14436,0.001407,172.217.194.0-255,5738,69568,94,193052
14437,0.001408,172.31.47.0-255,66,69634,94,193052
14438,0.001454,172.31.47.0-255,66,69700,94,193052
14439,0.001464,172.31.47.0-255,66,69766,94,193052
14440,0.001467,172.217.194.0-255,766,70532,94,193052
14441,0.001647,172.217.194.0-255,1484,72016,94,193052
14442,0.001652,172.31.47.0-255,66,72082,94,193052
14443,0.001658,172.217.194.0-255,2902,74984,94,193052
14444,0.001659,172.31.47.0-255,66,75050,94,193052
14445,0.001664,172.217.194.0-255,2902,77952,94,193052
14446,0.001666,172.31.47.0-255,66,78018,94,193052
14447,0.001682,172.217.194.0-255,2902,80920,94,193052
14448,0.001684,172.31.47.0-255,66,80986,94,193052
14449,0.001696,172.217.194.0-255,7156,88142,94,193052
14450,0.001698,172.31.47.0-255,66,88208,94,193052
14451,0.001726,172.217.194.0-255,5738,93946,94,193052
14452,0.001729,172.31.47.0-255,66,94012,94,193052
14453,0.001763,172.31.47.0-255,66,94078,94,193052
14454,0.001799,172.217.194.0-255,2902,96980,94,193052
14455,0.001803,172.31.47.0-255,66,97046,94,193052
14456,0.001849,172.31.47.0-255,66,97112,94,193052
14457,0.001868,172.31.47.0-255,66,97178,94,193052
14458,0.001882,172.31.47.0-255,66,97244,94,193052
14459,0.001888,172.217.194.0-255,5738,102982,94,193052
14460,0.00189,172.31.47.0-255,66,103048,94,193052
14461,0.00193,172.31.47.0-255,66,103114,94,193052
14462,0.001933,172.217.194.0-255,766,103880,94,193052
14463,0.001939,172.217.194.0-255,5738,109618,94,193052
14464,0.001941,172.31.47.0-255,66,109684,94,193052
14465,0.001983,172.31.47.0-255,66,109750,94,193052
14466,0.001996,172.31.47.0-255,66,109816,94,193052
14467,0.001998,172.217.194.0-255,766,110582,94,193052
14468,0.002043,172.217.194.0-255,1484,112066,94,193052
14469,0.002045,172.31.47.0-255,66,112132,94,193052
14470,0.002062,172.217.194.0-255,2902,115034,94,193052
14471,0.002065,172.31.47.0-255,66,115100,94,193052
14472,0.002069,172.217.194.0-255,4320,119420,94,193052
14473,0.002071,172.31.47.0-255,66,119486,94,193052
14474,0.002092,172.217.194.0-255,1484,120970,94,193052
14475,0.002101,172.31.47.0-255,66,121036,94,193052
14476,0.002127,172.217.194.0-255,2902,123938,94,193052
14477,0.002129,172.31.47.0-255,66,124004,94,193052
14478,0.002139,172.31.47.0-255,66,124070,94,193052
14479,0.002245,172.217.194.0-255,1484,125554,94,193052
14480,0.002257,172.217.194.0-255,2902,128456,94,193052
14481,0.00226,172.31.47.0-255,66,128522,94,193052
14482,0.002273,172.217.194.0-255,5738,134260,94,193052
14483,0.002279,172.31.47.0-255,66,134326,94,193052
14484,0.002316,172.31.47.0-255,66,134392,94,193052
14485,0.002327,172.31.47.0-255,66,134458,94,193052
14486,0.002344,172.217.194.0-255,766,135224,94,193052
14487,0.002347,172.217.194.0-255,1484,136708,94,193052
14488,0.002349,172.31.47.0-255,66,136774,94,193052
14489,0.002383,172.217.194.0-255,2902,139676,94,193052
14490,0.002385,172.31.47.0-255,66,139742,94,193052
14491,0.002391,172.217.194.0-255,5738,145480,94,193052
14492,0.002393,172.31.47.0-255,66,145546,94,193052
14493,0.002404,172.31.47.0-255,66,145612,94,193052
14494,0.002444,172.217.194.0-255,7156,152768,94,193052
14495,0.002448,172.31.47.0-255,66,152834,94,193052
14496,0.002458,172.217.194.0-255,5020,157854,94,193052
14497,0.002461,172.31.47.0-255,66,157920,94,193052
14498,0.002587,172.217.194.0-255,1484,159404,94,193052
14499,0.002598,172.217.194.0-255,2902,162306,94,193052
14500,0.002601,172.31.47.0-255,66,162372,94,193052
14501,0.002629,172.217.194.0-255,5738,168110,94,193052
14502,0.002632,172.31.47.0-255,66,168176,94,193052
14503,0.002642,172.31.47.0-255,66,168242,94,193052
14504,0.002659,172.217.194.0-255,1484,169726,94,193052
14505,0.005231,172.217.194.0-255,4320,174046,94,193052
14506,0.005237,172.31.47.0-255,66,174112,94,193052
14507,0.007824,172.217.194.0-255,5738,179850,94,193052
14508,0.007838,172.31.47.0-255,66,179916,94,193052
14509,0.010385,172.217.194.0-255,4320,184236,94,193052
14510,0.010389,172.31.47.0-255,66,184302,94,193052
14511,0.010414,172.217.194.0-255,1484,185786,94,193052
14512,0.012992,172.217.194.0-255,2741,188527,94,193052
14513,0.013,172.31.47.0-255,66,188593,94,193052
14514,0.014126,172.31.47.0-255,105,188698,94,193052
14515,0.016675,172.217.194.0-255,66,188764,94,193052
14516,0.035213,172.31.47.0-255,172,188936,94,193052
14517,0.03524,172.31.47.0-255,1112,190048,94,193052
14518,0.035275,172.31.47.0-255,1514,191562,94,193052
14519,0.035294,172.31.47.0-255,1292,192854,94,193052
14520,0.036767,104.244.42.0-255,66,192920,94,193052
14521,0.036776,104.244.42.0-255,66,192986,94,193052
14522,0.03686,104.244.42.0-255,66,193052,94,193052
14523,0.0,74.125.200.0-255,153,153,94,384490
14524,1.5e-05,172.31.47.0-255,66,219,94,384490
14525,6.8e-05,74.125.200.0-255,1484,1703,94,384490
14526,7.3e-05,172.31.47.0-255,66,1769,94,384490
14527,7.7e-05,74.125.200.0-255,2902,4671,94,384490
14528,8e-05,172.31.47.0-255,66,4737,94,384490
14529,0.000103,74.125.200.0-255,2902,7639,94,384490
14530,0.000106,172.31.47.0-255,66,7705,94,384490
14531,0.000119,74.125.200.0-255,2902,10607,94,384490
14532,0.000121,172.31.47.0-255,66,10673,94,384490
14533,0.000125,74.125.200.0-255,2902,13575,94,384490
14534,0.000127,172.31.47.0-255,66,13641,94,384490
14535,0.000129,74.125.200.0-255,1484,15125,94,384490
14536,0.000131,172.31.47.0-255,66,15191,94,384490
14537,0.000152,74.125.200.0-255,2171,17362,94,384490
14538,0.000155,172.31.47.0-255,66,17428,94,384490
14539,0.000172,74.125.200.0-255,5738,23166,94,384490
14540,0.000175,172.31.47.0-255,66,23232,94,384490
14541,0.000194,74.125.200.0-255,2902,26134,94,384490
14542,0.000196,172.31.47.0-255,66,26200,94,384490
14543,0.0002,74.125.200.0-255,4320,30520,94,384490
14544,0.000203,172.31.47.0-255,66,30586,94,384490
14545,0.000222,74.125.200.0-255,1125,31711,94,384490
14546,0.000224,172.31.47.0-255,66,31777,94,384490
14547,0.000294,74.125.200.0-255,1484,33261,94,384490
14548,0.000297,172.31.47.0-255,66,33327,94,384490
14549,0.000302,74.125.200.0-255,2902,36229,94,384490
14550,0.000304,172.31.47.0-255,66,36295,94,384490
14551,0.000324,74.125.200.0-255,1484,37779,94,384490
14552,0.000326,172.31.47.0-255,66,37845,94,384490
14553,0.000339,74.125.200.0-255,2902,40747,94,384490
14554,0.000341,172.31.47.0-255,66,40813,94,384490
14555,0.00037,74.125.200.0-255,5738,46551,94,384490
14556,0.000373,172.31.47.0-255,66,46617,94,384490
14557,0.000376,74.125.200.0-255,1484,48101,94,384490
14558,0.000434,74.125.200.0-255,2543,50644,94,384490
14559,0.000438,172.31.47.0-255,66,50710,94,384490
14560,0.000455,74.125.200.0-255,2902,53612,94,384490
14561,0.000458,172.31.47.0-255,66,53678,94,384490
14562,0.000481,74.125.200.0-255,2902,56580,94,384490
14563,0.000484,172.31.47.0-255,66,56646,94,384490
14564,0.000502,74.125.200.0-255,4320,60966,94,384490
14565,0.000505,172.31.47.0-255,66,61032,94,384490
14566,0.000535,74.125.200.0-255,5687,66719,94,384490
14567,0.000537,172.31.47.0-255,66,66785,94,384490
14568,0.00054,74.125.200.0-255,115,66900,94,384490
14569,0.00061,74.125.200.0-255,1484,68384,94,384490
14570,0.000614,172.31.47.0-255,66,68450,94,384490
14571,0.000618,74.125.200.0-255,2902,71352,94,384490
14572,0.00062,172.31.47.0-255,66,71418,94,384490
14573,0.000649,74.125.200.0-255,4320,75738,94,384490
14574,0.000652,172.31.47.0-255,66,75804,94,384490
14575,0.000656,74.125.200.0-255,4320,80124,94,384490
14576,0.000658,172.31.47.0-255,66,80190,94,384490
14577,0.000676,74.125.200.0-255,4320,84510,94,384490
14578,0.000679,172.31.47.0-255,66,84576,94,384490
14579,0.000684,74.125.200.0-255,5738,90314,94,384490
14580,0.000686,172.31.47.0-255,66,90380,94,384490
14581,0.00069,74.125.200.0-255,2902,93282,94,384490
14582,0.000691,172.31.47.0-255,66,93348,94,384490
14583,0.000707,74.125.200.0-255,4320,97668,94,384490
14584,0.000709,172.31.47.0-255,66,97734,94,384490
14585,0.000742,74.125.200.0-255,1484,99218,94,384490
14586,0.000757,74.125.200.0-255,2184,101402,94,384490
14587,0.000765,172.31.47.0-255,66,101468,94,384490
14588,0.000777,74.125.200.0-255,330,101798,94,384490
14589,0.00082,74.125.200.0-255,1484,103282,94,384490
14590,0.000824,172.31.47.0-255,66,103348,94,384490
14591,0.000828,74.125.200.0-255,2902,106250,94,384490
14592,0.00083,172.31.47.0-255,66,106316,94,384490
14593,0.000841,74.125.200.0-255,1484,107800,94,384490
14594,0.000862,74.125.200.0-255,4320,112120,94,384490
14595,0.000866,172.31.47.0-255,66,112186,94,384490
14596,0.000882,74.125.200.0-255,2902,115088,94,384490
14597,0.000884,172.31.47.0-255,66,115154,94,384490
14598,0.000912,172.31.47.0-255,66,115220,94,384490
14599,0.000923,172.31.47.0-255,66,115286,94,384490
14600,0.001659,74.125.200.0-255,1484,116770,94,384490
14601,0.001676,74.125.200.0-255,2902,119672,94,384490
14602,0.00168,172.31.47.0-255,66,119738,94,384490
14603,0.001684,74.125.200.0-255,1484,121222,94,384490
14604,0.001702,74.125.200.0-255,2902,124124,94,384490
14605,0.001704,172.31.47.0-255,66,124190,94,384490
14606,0.001709,74.125.200.0-255,4320,128510,94,384490
14607,0.001711,172.31.47.0-255,66,128576,94,384490
14608,0.001723,74.125.200.0-255,1484,130060,94,384490
14609,0.001755,172.31.47.0-255,66,130126,94,384490
14610,0.001758,74.125.200.0-255,1484,131610,94,384490
14611,0.001784,172.31.47.0-255,66,131676,94,384490
14612,0.001787,74.125.200.0-255,766,132442,94,384490
14613,0.001935,74.125.200.0-255,1484,133926,94,384490
14614,0.00194,172.31.47.0-255,66,133992,94,384490
14615,0.001963,74.125.200.0-255,2902,136894,94,384490
14616,0.001968,172.31.47.0-255,66,136960,94,384490
14617,0.001972,74.125.200.0-255,2902,139862,94,384490
14618,0.001974,172.31.47.0-255,66,139928,94,384490
14619,0.002001,74.125.200.0-255,2902,142830,94,384490
14620,0.002004,172.31.47.0-255,66,142896,94,384490
14621,0.002007,74.125.200.0-255,1484,144380,94,384490
14622,0.002011,74.125.200.0-255,2902,147282,94,384490
14623,0.002013,172.31.47.0-255,66,147348,94,384490
14624,0.002034,74.125.200.0-255,5738,153086,94,384490
14625,0.002037,172.31.47.0-255,66,153152,94,384490
14626,0.00204,74.125.200.0-255,1484,154636,94,384490
14627,0.002054,74.125.200.0-255,2902,157538,94,384490
14628,0.002057,172.31.47.0-255,66,157604,94,384490
14629,0.002082,74.125.200.0-255,5738,163342,94,384490
14630,0.002085,172.31.47.0-255,66,163408,94,384490
14631,0.002088,74.125.200.0-255,1484,164892,94,384490
14632,0.002104,74.125.200.0-255,2184,167076,94,384490
14633,0.002107,172.31.47.0-255,66,167142,94,384490
14634,0.002143,74.125.200.0-255,2902,170044,94,384490
14635,0.002146,172.31.47.0-255,66,170110,94,384490
14636,0.002195,74.125.200.0-255,4320,174430,94,384490
14637,0.002198,172.31.47.0-255,66,174496,94,384490
14638,0.002202,74.125.200.0-255,2902,177398,94,384490
14639,0.002204,172.31.47.0-255,66,177464,94,384490
14640,0.002209,74.125.200.0-255,4320,181784,94,384490
14641,0.002211,172.31.47.0-255,66,181850,94,384490
14642,0.002214,74.125.200.0-255,1484,183334,94,384490
14643,0.002243,74.125.200.0-255,7156,190490,94,384490
14644,0.002246,172.31.47.0-255,66,190556,94,384490
14645,0.002251,74.125.200.0-255,4320,194876,94,384490
14646,0.002253,172.31.47.0-255,66,194942,94,384490
14647,0.002258,74.125.200.0-255,4320,199262,94,384490
14648,0.00226,172.31.47.0-255,66,199328,94,384490
14649,0.002276,74.125.200.0-255,1484,200812,94,384490
14650,0.002294,74.125.200.0-255,2184,202996,94,384490
14651,0.002297,172.31.47.0-255,66,203062,94,384490
14652,0.002301,74.125.200.0-255,2902,205964,94,384490
14653,0.002303,172.31.47.0-255,66,206030,94,384490
14654,0.002317,74.125.200.0-255,1484,207514,94,384490
14655,0.002335,74.125.200.0-255,5738,213252,94,384490
14656,0.002338,172.31.47.0-255,66,213318,94,384490
14657,0.002343,74.125.200.0-255,2902,216220,94,384490
14658,0.002345,172.31.47.0-255,66,216286,94,384490
14659,0.004632,74.125.200.0-255,5738,222024,94,384490
14660,0.004642,172.31.47.0-255,66,222090,94,384490
14661,0.006931,74.125.200.0-255,5738,227828,94,384490
14662,0.00694,172.31.47.0-255,66,227894,94,384490
14663,0.009233,74.125.200.0-255,5738,233632,94,384490
14664,0.009243,172.31.47.0-255,66,233698,94,384490
14665,0.01154,74.125.200.0-255,5738,239436,94,384490
14666,0.011548,172.31.47.0-255,66,239502,94,384490
14667,0.013843,74.125.200.0-255,5738,245240,94,384490
14668,0.01385,172.31.47.0-255,66,245306,94,384490
14669,0.016146,74.125.200.0-255,5738,251044,94,384490
14670,0.016152,172.31.47.0-255,66,251110,94,384490
14671,0.018443,74.125.200.0-255,5738,256848,94,384490
14672,0.018447,172.31.47.0-255,66,256914,94,384490
14673,0.020763,74.125.200.0-255,5738,262652,94,384490
14674,0.02077,172.31.47.0-255,66,262718,94,384490
14675,0.023072,74.125.200.0-255,5738,268456,94,384490
14676,0.02308,172.31.47.0-255,66,268522,94,384490
14677,0.023598,172.31.47.0-255,172,268694,94,384490
14678,0.023635,172.31.47.0-255,1116,269810,94,384490
14679,0.023696,172.31.47.0-255,1514,271324,94,384490
14680,0.023697,172.31.47.0-255,328,271652,94,384490
14681,0.025135,104.244.42.0-255,66,271718,94,384490
14682,0.025189,104.244.42.0-255,66,271784,94,384490
14683,0.025275,104.244.42.0-255,66,271850,94,384490
14684,0.025373,74.125.200.0-255,5738,277588,94,384490
14685,0.025378,172.31.47.0-255,66,277654,94,384490
14686,0.027664,74.125.200.0-255,5738,283392,94,384490
14687,0.027672,172.31.47.0-255,66,283458,94,384490
14688,0.029978,74.125.200.0-255,5738,289196,94,384490
14689,0.029982,172.31.47.0-255,66,289262,94,384490
14690,0.03228,74.125.200.0-255,5738,295000,94,384490
14691,0.032286,172.31.47.0-255,66,295066,94,384490
14692,0.034571,74.125.200.0-255,2902,297968,94,384490
14693,0.034575,172.31.47.0-255,66,298034,94,384490
14694,0.034597,74.125.200.0-255,2902,300936,94,384490
14695,0.0346,172.31.47.0-255,66,301002,94,384490
14696,0.036867,74.125.200.0-255,2902,303904,94,384490
14697,0.036871,172.31.47.0-255,66,303970,94,384490
14698,0.036897,74.125.200.0-255,2902,306872,94,384490
14699,0.036899,172.31.47.0-255,66,306938,94,384490
14700,0.039183,74.125.200.0-255,5738,312676,94,384490
14701,0.039202,172.31.47.0-255,66,312742,94,384490
14702,0.041503,74.125.200.0-255,5738,318480,94,384490
14703,0.041508,172.31.47.0-255,66,318546,94,384490
14704,0.043793,74.125.200.0-255,5738,324284,94,384490
14705,0.043799,172.31.47.0-255,66,324350,94,384490
14706,0.046099,74.125.200.0-255,5738,330088,94,384490
14707,0.046107,172.31.47.0-255,66,330154,94,384490
14708,0.04839,74.125.200.0-255,5738,335892,94,384490
14709,0.048395,172.31.47.0-255,66,335958,94,384490
14710,0.050681,74.125.200.0-255,2902,338860,94,384490
14711,0.050686,172.31.47.0-255,66,338926,94,384490
14712,0.050714,74.125.200.0-255,2902,341828,94,384490
14713,0.050717,172.31.47.0-255,66,341894,94,384490
14714,0.052971,74.125.200.0-255,2902,344796,94,384490
14715,0.052977,172.31.47.0-255,66,344862,94,384490
14716,0.053007,74.125.200.0-255,2902,347764,94,384490
14717,0.05301,172.31.47.0-255,66,347830,94,384490
14718,0.05526,74.125.200.0-255,2902,350732,94,384490
14719,0.055264,172.31.47.0-255,66,350798,94,384490
14720,0.055287,74.125.200.0-255,1484,352282,94,384490
14721,0.055303,74.125.200.0-255,1484,353766,94,384490
14722,0.055306,172.31.47.0-255,66,353832,94,384490
14723,0.057549,74.125.200.0-255,2902,356734,94,384490
14724,0.057555,172.31.47.0-255,66,356800,94,384490
14725,0.057623,74.125.200.0-255,2902,359702,94,384490
14726,0.057629,172.31.47.0-255,66,359768,94,384490
14727,0.059835,74.125.200.0-255,2902,362670,94,384490
14728,0.059841,172.31.47.0-255,66,362736,94,384490
14729,0.059899,74.125.200.0-255,2902,365638,94,384490
14730,0.059902,172.31.47.0-255,66,365704,94,384490
14731,0.06214,74.125.200.0-255,2902,368606,94,384490
14732,0.062151,172.31.47.0-255,66,368672,94,384490
14733,0.062175,74.125.200.0-255,1484,370156,94,384490
14734,0.062192,74.125.200.0-255,1484,371640,94,384490
14735,0.062194,172.31.47.0-255,66,371706,94,384490
14736,0.064448,74.125.200.0-255,2902,374608,94,384490
14737,0.064458,172.31.47.0-255,66,374674,94,384490
14738,0.064489,74.125.200.0-255,2902,377576,94,384490
14739,0.064492,172.31.47.0-255,66,377642,94,384490
14740,0.066747,74.125.200.0-255,2902,380544,94,384490
14741,0.066752,172.31.47.0-255,66,380610,94,384490
14742,0.066778,74.125.200.0-255,2902,383512,94,384490
14743,0.066781,172.31.47.0-255,66,383578,94,384490
14744,0.069013,74.125.200.0-255,675,384253,94,384490
14745,0.069151,172.31.47.0-255,66,384319,94,384490
14746,0.06918,172.31.47.0-255,105,384424,94,384490
14747,0.071441,74.125.200.0-255,66,384490,94,384490
14748,0.0,74.125.24.0-255,153,153,94,313111
14749,2.3e-05,172.31.47.0-255,66,219,94,313111
14750,3e-05,74.125.24.0-255,1484,1703,94,313111
14751,3.3e-05,172.31.47.0-255,66,1769,94,313111
14752,3.8e-05,74.125.24.0-255,2902,4671,94,313111
14753,4e-05,172.31.47.0-255,66,4737,94,313111
14754,4.2e-05,74.125.24.0-255,1484,6221,94,313111
14755,4.4e-05,172.31.47.0-255,66,6287,94,313111
14756,7e-05,74.125.24.0-255,5738,12025,94,313111
14757,7.2e-05,74.125.24.0-255,2054,14079,94,313111
14758,7.4e-05,172.31.47.0-255,66,14145,94,313111
14759,7.7e-05,172.31.47.0-255,66,14211,94,313111
14760,9.4e-05,74.125.24.0-255,2902,17113,94,313111
14761,9.7e-05,172.31.47.0-255,66,17179,94,313111
14762,0.000121,74.125.24.0-255,1484,18663,94,313111
14763,0.000123,172.31.47.0-255,66,18729,94,313111
14764,0.000128,74.125.24.0-255,2902,21631,94,313111
14765,0.000129,172.31.47.0-255,66,21697,94,313111
14766,0.000141,74.125.24.0-255,1484,23181,94,313111
14767,0.000143,172.31.47.0-255,66,23247,94,313111
14768,0.000166,74.125.24.0-255,4320,27567,94,313111
14769,0.000169,172.31.47.0-255,66,27633,94,313111
14770,0.000174,74.125.24.0-255,3961,31594,94,313111
14771,0.000176,172.31.47.0-255,66,31660,94,313111
14772,0.000218,74.125.24.0-255,1484,33144,94,313111
14773,0.00022,172.31.47.0-255,66,33210,94,313111
14774,0.000232,74.125.24.0-255,2902,36112,94,313111
14775,0.000234,172.31.47.0-255,66,36178,94,313111
14776,0.000238,74.125.24.0-255,2902,39080,94,313111
14777,0.00024,172.31.47.0-255,66,39146,94,313111
14778,0.000259,74.125.24.0-255,2902,42048,94,313111
14779,0.000262,172.31.47.0-255,66,42114,94,313111
14780,0.000266,74.125.24.0-255,2902,45016,94,313111
14781,0.000268,172.31.47.0-255,66,45082,94,313111
14782,0.000302,172.31.47.0-255,66,45148,94,313111
14783,0.000308,74.125.24.0-255,7156,52304,94,313111
14784,0.00031,172.31.47.0-255,66,52370,94,313111
14785,0.000331,74.125.24.0-255,1484,53854,94,313111
14786,0.000349,74.125.24.0-255,1417,55271,94,313111
14787,0.000352,172.31.47.0-255,66,55337,94,313111
14788,0.000434,74.125.24.0-255,137,55474,94,313111
14789,0.000625,74.125.24.0-255,1484,56958,94,313111
14790,0.000628,172.31.47.0-255,66,57024,94,313111
14791,0.000633,74.125.24.0-255,2902,59926,94,313111
14792,0.000635,172.31.47.0-255,66,59992,94,313111
14793,0.000647,74.125.24.0-255,2902,62894,94,313111
14794,0.000649,172.31.47.0-255,66,62960,94,313111
14795,0.000672,74.125.24.0-255,2902,65862,94,313111
14796,0.000675,172.31.47.0-255,66,65928,94,313111
14797,0.000686,172.31.47.0-255,66,65994,94,313111
14798,0.000709,74.125.24.0-255,1125,67119,94,313111
14799,0.00072,172.31.47.0-255,66,67185,94,313111
14800,0.000723,74.125.24.0-255,348,67533,94,313111
14801,0.000968,172.31.47.0-255,66,67599,94,313111
14802,0.001012,74.125.24.0-255,1484,69083,94,313111
14803,0.001018,74.125.24.0-255,2902,71985,94,313111
14804,0.001021,172.31.47.0-255,66,72051,94,313111
14805,0.001047,74.125.24.0-255,5738,77789,94,313111
14806,0.00105,172.31.47.0-255,66,77855,94,313111
14807,0.001056,74.125.24.0-255,4320,82175,94,313111
14808,0.001058,172.31.47.0-255,66,82241,94,313111
14809,0.001098,172.31.47.0-255,66,82307,94,313111
14810,0.001125,74.125.24.0-255,2902,85209,94,313111
14811,0.001128,172.31.47.0-255,66,85275,94,313111
14812,0.001138,172.31.47.0-255,66,85341,94,313111
14813,0.001928,74.125.24.0-255,1484,86825,94,313111
14814,0.001939,74.125.24.0-255,2902,89727,94,313111
14815,0.001943,172.31.47.0-255,66,89793,94,313111
14816,0.001968,74.125.24.0-255,5738,95531,94,313111
14817,0.001971,172.31.47.0-255,66,95597,94,313111
14818,0.001974,74.125.24.0-255,1484,97081,94,313111
14819,0.002013,172.31.47.0-255,66,97147,94,313111
14820,0.002022,172.31.47.0-255,66,97213,94,313111
14821,0.002042,74.125.24.0-255,2184,99397,94,313111
14822,0.002044,172.31.47.0-255,66,99463,94,313111
14823,0.002048,74.125.24.0-255,2902,102365,94,313111
14824,0.002049,172.31.47.0-255,66,102431,94,313111
14825,0.002053,74.125.24.0-255,2902,105333,94,313111
14826,0.002055,172.31.47.0-255,66,105399,94,313111
14827,0.002074,74.125.24.0-255,1484,106883,94,313111
14828,0.002084,172.31.47.0-255,66,106949,94,313111
14829,0.002106,74.125.24.0-255,1484,108433,94,313111
14830,0.002135,172.31.47.0-255,66,108499,94,313111
14831,0.002215,74.125.24.0-255,1484,109983,94,313111
14832,0.002219,74.125.24.0-255,2902,112885,94,313111
14833,0.002221,172.31.47.0-255,66,112951,94,313111
14834,0.002224,74.125.24.0-255,1484,114435,94,313111
14835,0.002238,74.125.24.0-255,4320,118755,94,313111
14836,0.002241,172.31.47.0-255,66,118821,94,313111
14837,0.002274,172.31.47.0-255,66,118887,94,313111
14838,0.002277,74.125.24.0-255,2902,121789,94,313111
14839,0.00228,172.31.47.0-255,66,121855,94,313111
14840,0.002302,172.31.47.0-255,66,121921,94,313111
14841,0.004625,74.125.24.0-255,5738,127659,94,313111
14842,0.00463,172.31.47.0-255,66,127725,94,313111
14843,0.00697,74.125.24.0-255,5738,133463,94,313111
14844,0.006976,172.31.47.0-255,66,133529,94,313111
14845,0.009302,74.125.24.0-255,5738,139267,94,313111
14846,0.00931,172.31.47.0-255,66,139333,94,313111
14847,0.011647,74.125.24.0-255,2902,142235,94,313111
14848,0.011655,172.31.47.0-255,66,142301,94,313111
14849,0.011687,74.125.24.0-255,2902,145203,94,313111
14850,0.01169,172.31.47.0-255,66,145269,94,313111
14851,0.01395,74.125.24.0-255,2902,148171,94,313111
14852,0.013956,172.31.47.0-255,66,148237,94,313111
14853,0.013998,74.125.24.0-255,2902,151139,94,313111
14854,0.014002,172.31.47.0-255,66,151205,94,313111
14855,0.016265,74.125.24.0-255,2902,154107,94,313111
14856,0.016273,172.31.47.0-255,66,154173,94,313111
14857,0.016307,74.125.24.0-255,2902,157075,94,313111
14858,0.01631,172.31.47.0-255,66,157141,94,313111
14859,0.018598,74.125.24.0-255,2902,160043,94,313111
14860,0.018604,172.31.47.0-255,66,160109,94,313111
14861,0.018633,74.125.24.0-255,2902,163011,94,313111
14862,0.018635,172.31.47.0-255,66,163077,94,313111
14863,0.020937,74.125.24.0-255,5738,168815,94,313111
14864,0.020945,172.31.47.0-255,66,168881,94,313111
14865,0.023247,74.125.24.0-255,5738,174619,94,313111
14866,0.023252,172.31.47.0-255,66,174685,94,313111
14867,0.024102,172.31.47.0-255,172,174857,94,313111
14868,0.024131,172.31.47.0-255,1117,175974,94,313111
14869,0.024166,172.31.47.0-255,1514,177488,94,313111
14870,0.024167,172.31.47.0-255,1514,179002,94,313111
14871,0.024169,172.31.47.0-255,1514,180516,94,313111
14872,0.02417,172.31.47.0-255,1514,182030,94,313111
14873,0.024171,172.31.47.0-255,161,182191,94,313111
14874,0.025579,74.125.24.0-255,5738,187929,94,313111
14875,0.025584,172.31.47.0-255,66,187995,94,313111
14876,0.025628,104.244.42.0-255,66,188061,94,313111
14877,0.025694,104.244.42.0-255,66,188127,94,313111
14878,0.025729,104.244.42.0-255,66,188193,94,313111
14879,0.025732,104.244.42.0-255,66,188259,94,313111
14880,0.027906,74.125.24.0-255,5738,193997,94,313111
14881,0.027911,172.31.47.0-255,66,194063,94,313111
14882,0.030272,74.125.24.0-255,5738,199801,94,313111
14883,0.030277,172.31.47.0-255,66,199867,94,313111
14884,0.032581,74.125.24.0-255,4320,204187,94,313111
14885,0.032586,172.31.47.0-255,66,204253,94,313111
14886,0.032613,74.125.24.0-255,1484,205737,94,313111
14887,0.034902,74.125.24.0-255,4320,210057,94,313111
14888,0.034908,172.31.47.0-255,66,210123,94,313111
14889,0.037219,74.125.24.0-255,4320,214443,94,313111
14890,0.037223,172.31.47.0-255,66,214509,94,313111
14891,0.037248,74.125.24.0-255,1484,215993,94,313111
14892,0.039527,74.125.24.0-255,4320,220313,94,313111
14893,0.039533,172.31.47.0-255,66,220379,94,313111
14894,0.041841,74.125.24.0-255,2902,223281,94,313111
14895,0.041844,172.31.47.0-255,66,223347,94,313111
14896,0.041873,74.125.24.0-255,2902,226249,94,313111
14897,0.041876,172.31.47.0-255,66,226315,94,313111
14898,0.044133,74.125.24.0-255,2902,229217,94,313111
14899,0.044138,172.31.47.0-255,66,229283,94,313111
14900,0.044174,74.125.24.0-255,2902,232185,94,313111
14901,0.044178,172.31.47.0-255,66,232251,94,313111
14902,0.046435,74.125.24.0-255,2902,235153,94,313111
14903,0.046441,172.31.47.0-255,66,235219,94,313111
14904,0.046473,74.125.24.0-255,2902,238121,94,313111
14905,0.046475,172.31.47.0-255,66,238187,94,313111
14906,0.048756,74.125.24.0-255,2902,241089,94,313111
14907,0.048761,172.31.47.0-255,66,241155,94,313111
14908,0.04879,74.125.24.0-255,2902,244057,94,313111
14909,0.048793,172.31.47.0-255,66,244123,94,313111
14910,0.051053,74.125.24.0-255,2902,247025,94,313111
14911,0.051058,172.31.47.0-255,66,247091,94,313111
14912,0.051108,74.125.24.0-255,1484,248575,94,313111
14913,0.051125,74.125.24.0-255,1484,250059,94,313111
14914,0.051128,172.31.47.0-255,66,250125,94,313111
14915,0.053349,74.125.24.0-255,2902,253027,94,313111
14916,0.053353,172.31.47.0-255,66,253093,94,313111
14917,0.053444,74.125.24.0-255,2902,255995,94,313111
14918,0.053448,172.31.47.0-255,66,256061,94,313111
14919,0.055662,74.125.24.0-255,2902,258963,94,313111
14920,0.055667,172.31.47.0-255,66,259029,94,313111
14921,0.055785,74.125.24.0-255,2902,261931,94,313111
14922,0.05579,172.31.47.0-255,66,261997,94,313111
14923,0.057951,74.125.24.0-255,2902,264899,94,313111
14924,0.057957,172.31.47.0-255,66,264965,94,313111
14925,0.058109,74.125.24.0-255,2902,267867,94,313111
14926,0.058115,172.31.47.0-255,66,267933,94,313111
14927,0.060274,74.125.24.0-255,2902,270835,94,313111
14928,0.060279,172.31.47.0-255,66,270901,94,313111
14929,0.060446,74.125.24.0-255,2902,273803,94,313111
14930,0.060452,172.31.47.0-255,66,273869,94,313111
14931,0.062569,74.125.24.0-255,2902,276771,94,313111
14932,0.062575,172.31.47.0-255,66,276837,94,313111
14933,0.06276,74.125.24.0-255,2902,279739,94,313111
14934,0.062766,172.31.47.0-255,66,279805,94,313111
14935,0.064876,74.125.24.0-255,2902,282707,94,313111
14936,0.064882,172.31.47.0-255,66,282773,94,313111
14937,0.065061,74.125.24.0-255,2902,285675,94,313111
14938,0.065067,172.31.47.0-255,66,285741,94,313111
14939,0.067174,74.125.24.0-255,2902,288643,94,313111
14940,0.06718,172.31.47.0-255,66,288709,94,313111
14941,0.06736,74.125.24.0-255,2902,291611,94,313111
14942,0.067366,172.31.47.0-255,66,291677,94,313111
14943,0.069483,74.125.24.0-255,2902,294579,94,313111
14944,0.069488,172.31.47.0-255,66,294645,94,313111
14945,0.069676,74.125.24.0-255,2902,297547,94,313111
14946,0.069682,172.31.47.0-255,66,297613,94,313111
14947,0.071803,74.125.24.0-255,2902,300515,94,313111
14948,0.071808,172.31.47.0-255,66,300581,94,313111
14949,0.07201,74.125.24.0-255,2902,303483,94,313111
14950,0.072016,172.31.47.0-255,66,303549,94,313111
14951,0.074122,74.125.24.0-255,2902,306451,94,313111
14952,0.074127,172.31.47.0-255,66,306517,94,313111
14953,0.074323,74.125.24.0-255,2902,309419,94,313111
14954,0.074328,172.31.47.0-255,66,309485,94,313111
14955,0.076441,74.125.24.0-255,2902,312387,94,313111
14956,0.076445,172.31.47.0-255,66,312453,94,313111
14957,0.076628,74.125.24.0-255,421,312874,94,313111
14958,0.076763,172.31.47.0-255,66,312940,94,313111
14959,0.076786,172.31.47.0-255,105,313045,94,313111
14960,0.079061,74.125.24.0-255,66,313111,94,313111
14961,0.0,172.217.194.0-255,431,431,94,76321
14962,1.7e-05,172.217.194.0-255,1484,1915,94,76321
14963,2.8e-05,172.31.47.0-255,66,1981,94,76321
14964,3.6e-05,172.217.194.0-255,4320,6301,94,76321
14965,4e-05,172.31.47.0-255,66,6367,94,76321
14966,0.000214,172.31.47.0-255,66,6433,94,76321
14967,0.000561,172.31.47.0-255,66,6499,94,76321
14968,0.00093,172.217.194.0-255,7156,13655,94,76321
14969,0.000937,172.31.47.0-255,66,13721,94,76321
14970,0.002375,172.217.194.0-255,5738,19459,94,76321
14971,0.002379,172.31.47.0-255,66,19525,94,76321
14972,0.002576,172.217.194.0-255,4320,23845,94,76321
14973,0.002587,172.31.47.0-255,66,23911,94,76321
14974,0.003052,172.217.194.0-255,7156,31067,94,76321
14975,0.003056,172.31.47.0-255,66,31133,94,76321
14976,0.003093,172.31.47.0-255,66,31199,94,76321
14977,0.003829,172.31.47.0-255,66,31265,94,76321
14978,0.003881,172.31.47.0-255,66,31331,94,76321
14979,0.004504,172.217.194.0-255,7156,38487,94,76321
14980,0.004509,172.31.47.0-255,66,38553,94,76321
14981,0.004799,172.31.47.0-255,66,38619,94,76321
14982,0.005066,172.31.47.0-255,66,38685,94,76321
14983,0.005096,172.217.194.0-255,7156,45841,94,76321
14984,0.005117,172.31.47.0-255,66,45907,94,76321
14985,0.0055,172.31.47.0-255,66,45973,94,76321
14986,0.005537,172.31.47.0-255,66,46039,94,76321
14987,0.005942,172.31.47.0-255,66,46105,94,76321
14988,0.005978,172.31.47.0-255,66,46171,94,76321
14989,0.006305,172.217.194.0-255,7156,53327,94,76321
14990,0.006311,172.31.47.0-255,66,53393,94,76321
14991,0.006344,172.31.47.0-255,66,53459,94,76321
14992,0.006857,172.217.194.0-255,7156,60615,94,76321
14993,0.006862,172.31.47.0-255,66,60681,94,76321
14994,0.0069,172.31.47.0-255,66,60747,94,76321
14995,0.007426,172.31.47.0-255,66,60813,94,76321
14996,0.007462,172.217.194.0-255,4320,65133,94,76321
14997,0.007466,172.31.47.0-255,66,65199,94,76321
14998,0.007877,172.31.47.0-255,66,65265,94,76321
14999,0.007911,172.217.194.0-255,5738,71003,94,76321
15000,0.007915,172.31.47.0-255,66,71069,94,76321
15001,0.007962,172.31.47.0-255,66,71135,94,76321
15002,0.008041,172.31.47.0-255,66,71201,94,76321
15003,0.00832,172.31.47.0-255,66,71267,94,76321
15004,0.008387,172.31.47.0-255,66,71333,94,76321
15005,0.008617,172.31.47.0-255,66,71399,94,76321
15006,0.008667,172.31.47.0-255,66,71465,94,76321
15007,0.008954,172.31.47.0-255,66,71531,94,76321
15008,0.009006,172.31.47.0-255,66,71597,94,76321
15009,0.009235,172.31.47.0-255,66,71663,94,76321
15010,0.009314,172.31.47.0-255,66,71729,94,76321
15011,0.009828,172.31.47.0-255,66,71795,94,76321
15012,0.010325,172.31.47.0-255,105,71900,94,76321
15013,0.012654,172.217.194.0-255,66,71966,94,76321
15014,0.021319,172.31.47.0-255,171,72137,94,76321
15015,0.021366,172.31.47.0-255,1140,73277,94,76321
15016,0.021431,172.31.47.0-255,1514,74791,94,76321
15017,0.021433,172.31.47.0-255,1266,76057,94,76321
15018,0.022874,104.244.42.0-255,66,76123,94,76321
15019,0.022882,104.244.42.0-255,66,76189,94,76321
15020,0.023001,104.244.42.0-255,66,76255,94,76321
15021,0.023003,104.244.42.0-255,66,76321,94,76321
15022,0.0,172.31.47.0-255,105,105,94,276
15023,0.069296,31.13.82.0-255,105,210,94,276
15024,0.069314,172.31.47.0-255,66,276,94,276
15025,0.0,74.125.24.0-255,153,153,94,231005
15026,2.5e-05,172.31.47.0-255,66,219,94,231005
15027,3.1e-05,74.125.24.0-255,1484,1703,94,231005
15028,3.4e-05,172.31.47.0-255,66,1769,94,231005
15029,3.8e-05,74.125.24.0-255,2902,4671,94,231005
15030,4.1e-05,172.31.47.0-255,66,4737,94,231005
15031,5.3e-05,74.125.24.0-255,7156,11893,94,231005
15032,5.6e-05,172.31.47.0-255,66,11959,94,231005
15033,0.000103,172.31.47.0-255,66,12025,94,231005
15034,0.000109,74.125.24.0-255,6797,18822,94,231005
15035,0.000111,172.31.47.0-255,66,18888,94,231005
15036,0.000172,74.125.24.0-255,1484,20372,94,231005
15037,0.000175,172.31.47.0-255,66,20438,94,231005
15038,0.000192,74.125.24.0-255,2902,23340,94,231005
15039,0.000194,172.31.47.0-255,66,23406,94,231005
15040,0.000219,74.125.24.0-255,5738,29144,94,231005
15041,0.000224,172.31.47.0-255,66,29210,94,231005
15042,0.000251,74.125.24.0-255,5738,34948,94,231005
15043,0.000255,172.31.47.0-255,66,35014,94,231005
15044,0.000283,74.125.24.0-255,3961,38975,94,231005
15045,0.000285,172.31.47.0-255,66,39041,94,231005
15046,0.000296,172.31.47.0-255,66,39107,94,231005
15047,0.000306,74.125.24.0-255,4239,43346,94,231005
15048,0.000308,172.31.47.0-255,66,43412,94,231005
15049,0.000329,74.125.24.0-255,377,43789,94,231005
15050,0.000331,172.31.47.0-255,66,43855,94,231005
15051,0.000619,74.125.24.0-255,1484,45339,94,231005
15052,0.000622,172.31.47.0-255,66,45405,94,231005
15053,0.000628,74.125.24.0-255,2902,48307,94,231005
15054,0.00063,172.31.47.0-255,66,48373,94,231005
15055,0.000635,74.125.24.0-255,5738,54111,94,231005
15056,0.000637,172.31.47.0-255,66,54177,94,231005
15057,0.000681,172.31.47.0-255,66,54243,94,231005
15058,0.000737,74.125.24.0-255,5738,59981,94,231005
15059,0.00074,172.31.47.0-255,66,60047,94,231005
15060,0.000759,74.125.24.0-255,5020,65067,94,231005
15061,0.000761,172.31.47.0-255,66,65133,94,231005
15062,0.000992,74.125.24.0-255,1484,66617,94,231005
15063,0.001001,74.125.24.0-255,2902,69519,94,231005
15064,0.001005,172.31.47.0-255,66,69585,94,231005
15065,0.001008,74.125.24.0-255,1484,71069,94,231005
15066,0.001032,74.125.24.0-255,4320,75389,94,231005
15067,0.001035,172.31.47.0-255,66,75455,94,231005
15068,0.001045,172.31.47.0-255,66,75521,94,231005
15069,0.001056,74.125.24.0-255,5738,81259,94,231005
15070,0.001059,172.31.47.0-255,66,81325,94,231005
15071,0.001084,74.125.24.0-255,4320,85645,94,231005
15072,0.001088,172.31.47.0-255,66,85711,94,231005
15073,0.001093,74.125.24.0-255,5020,90731,94,231005
15074,0.001095,172.31.47.0-255,66,90797,94,231005
15075,0.001155,74.125.24.0-255,1484,92281,94,231005
15076,0.00116,74.125.24.0-255,1484,93765,94,231005
15077,0.001162,172.31.47.0-255,66,93831,94,231005
15078,0.001183,74.125.24.0-255,1484,95315,94,231005
15079,0.001187,74.125.24.0-255,1484,96799,94,231005
15080,0.001189,172.31.47.0-255,66,96865,94,231005
15081,0.001218,74.125.24.0-255,4320,101185,94,231005
15082,0.001221,172.31.47.0-255,66,101251,94,231005
15083,0.00123,172.31.47.0-255,66,101317,94,231005
15084,0.001262,172.31.47.0-255,66,101383,94,231005
15085,0.001267,74.125.24.0-255,2902,104285,94,231005
15086,0.001268,172.31.47.0-255,66,104351,94,231005
15087,0.001289,74.125.24.0-255,2184,106535,94,231005
15088,0.001295,172.31.47.0-255,66,106601,94,231005
15089,0.001316,74.125.24.0-255,2902,109503,94,231005
15090,0.001318,172.31.47.0-255,66,109569,94,231005
15091,0.001321,74.125.24.0-255,1484,111053,94,231005
15092,0.001336,74.125.24.0-255,2902,113955,94,231005
15093,0.001339,172.31.47.0-255,66,114021,94,231005
15094,0.001343,74.125.24.0-255,2902,116923,94,231005
15095,0.001345,172.31.47.0-255,66,116989,94,231005
15096,0.001371,74.125.24.0-255,5738,122727,94,231005
15097,0.001374,172.31.47.0-255,66,122793,94,231005
15098,0.001377,74.125.24.0-255,1484,124277,94,231005
15099,0.001411,172.31.47.0-255,66,124343,94,231005
15100,0.001484,74.125.24.0-255,1484,125827,94,231005
15101,0.001489,74.125.24.0-255,2902,128729,94,231005
15102,0.001492,172.31.47.0-255,66,128795,94,231005
15103,0.001513,74.125.24.0-255,5738,134533,94,231005
15104,0.001517,172.31.47.0-255,66,134599,94,231005
15105,0.001547,172.31.47.0-255,66,134665,94,231005
15106,0.001587,74.125.24.0-255,5738,140403,94,231005
15107,0.001591,172.31.47.0-255,66,140469,94,231005
15108,0.001626,172.31.47.0-255,66,140535,94,231005
15109,0.001632,74.125.24.0-255,5738,146273,94,231005
15110,0.001634,172.31.47.0-255,66,146339,94,231005
15111,0.001668,172.31.47.0-255,66,146405,94,231005
15112,0.001687,74.125.24.0-255,5738,152143,94,231005
15113,0.001691,172.31.47.0-255,66,152209,94,231005
15114,0.001707,74.125.24.0-255,5738,157947,94,231005
15115,0.00171,172.31.47.0-255,66,158013,94,231005
15116,0.00173,74.125.24.0-255,6438,164451,94,231005
15117,0.001733,172.31.47.0-255,66,164517,94,231005
15118,0.001762,74.125.24.0-255,1484,166001,94,231005
15119,0.001787,74.125.24.0-255,2902,168903,94,231005
15120,0.001789,172.31.47.0-255,66,168969,94,231005
15121,0.001809,74.125.24.0-255,5738,174707,94,231005
15122,0.001812,172.31.47.0-255,66,174773,94,231005
15123,0.001817,74.125.24.0-255,5738,180511,94,231005
15124,0.00182,172.31.47.0-255,66,180577,94,231005
15125,0.00184,74.125.24.0-255,7156,187733,94,231005
15126,0.001847,172.31.47.0-255,66,187799,94,231005
15127,0.001852,74.125.24.0-255,2902,190701,94,231005
15128,0.001854,172.31.47.0-255,66,190767,94,231005
15129,0.001884,172.31.47.0-255,66,190833,94,231005
15130,0.001907,74.125.24.0-255,1484,192317,94,231005
15131,0.001911,74.125.24.0-255,2902,195219,94,231005
15132,0.001913,172.31.47.0-255,66,195285,94,231005
15133,0.001918,74.125.24.0-255,5738,201023,94,231005
15134,0.00192,172.31.47.0-255,66,201089,94,231005
15135,0.001981,172.31.47.0-255,66,201155,94,231005
15136,0.002004,74.125.24.0-255,4320,205475,94,231005
15137,0.002007,172.31.47.0-255,66,205541,94,231005
15138,0.002016,172.31.47.0-255,66,205607,94,231005
15139,0.002022,74.125.24.0-255,6438,212045,94,231005
15140,0.002024,172.31.47.0-255,66,212111,94,231005
15141,0.002029,74.125.24.0-255,7156,219267,94,231005
15142,0.002031,172.31.47.0-255,66,219333,94,231005
15143,0.002034,74.125.24.0-255,1484,220817,94,231005
15144,0.002073,172.31.47.0-255,66,220883,94,231005
15145,0.002075,74.125.24.0-255,1484,222367,94,231005
15146,0.002078,74.125.24.0-255,1484,223851,94,231005
15147,0.002079,172.31.47.0-255,66,223917,94,231005
15148,0.002135,172.31.47.0-255,66,223983,94,231005
15149,0.002147,172.31.47.0-255,66,224049,94,231005
15150,0.002187,172.31.47.0-255,66,224115,94,231005
15151,0.002204,74.125.24.0-255,3284,227399,94,231005
15152,0.002207,172.31.47.0-255,66,227465,94,231005
15153,0.002209,74.125.24.0-255,105,227570,94,231005
15154,0.004191,172.31.47.0-255,66,227636,94,231005
15155,0.00422,172.31.47.0-255,105,227741,94,231005
15156,0.006218,74.125.24.0-255,66,227807,94,231005
15157,0.024483,172.31.47.0-255,172,227979,94,231005
15158,0.024511,172.31.47.0-255,1116,229095,94,231005
15159,0.024546,172.31.47.0-255,1514,230609,94,231005
15160,0.024548,172.31.47.0-255,330,230939,94,231005
15161,0.026106,104.244.42.0-255,66,231005,94,231005
15162,0.0,172.217.194.0-255,153,153,94,219173
15163,2.1e-05,172.31.47.0-255,66,219,94,219173
15164,2.7e-05,172.217.194.0-255,1484,1703,94,219173
15165,3.2e-05,172.31.47.0-255,66,1769,94,219173
15166,3.7e-05,172.217.194.0-255,2902,4671,94,219173
15167,4.8e-05,172.31.47.0-255,66,4737,94,219173
15168,5.3e-05,172.217.194.0-255,4320,9057,94,219173
15169,5.6e-05,172.31.47.0-255,66,9123,94,219173
15170,6.1e-05,172.217.194.0-255,4320,13443,94,219173
15171,6.3e-05,172.31.47.0-255,66,13509,94,219173
15172,8.6e-05,172.217.194.0-255,5009,18518,94,219173
15173,8.8e-05,172.31.47.0-255,66,18584,94,219173
15174,0.000105,172.31.47.0-255,66,18650,94,219173
15175,0.000152,172.217.194.0-255,1484,20134,94,219173
15176,0.000155,172.31.47.0-255,66,20200,94,219173
15177,0.000158,172.217.194.0-255,1484,21684,94,219173
15178,0.000159,172.31.47.0-255,66,21750,94,219173
15179,0.00018,172.217.194.0-255,1484,23234,94,219173
15180,0.000182,172.31.47.0-255,66,23300,94,219173
15181,0.000188,172.217.194.0-255,5738,29038,94,219173
15182,0.00019,172.31.47.0-255,66,29104,94,219173
15183,0.000199,172.217.194.0-255,5738,34842,94,219173
15184,0.000201,172.31.47.0-255,66,34908,94,219173
15185,0.00027,172.31.47.0-255,66,34974,94,219173
15186,0.000273,172.217.194.0-255,100,35074,94,219173
15187,0.000274,172.31.47.0-255,66,35140,94,219173
15188,0.000276,172.217.194.0-255,363,35503,94,219173
15189,0.000278,172.31.47.0-255,66,35569,94,219173
15190,0.000566,172.217.194.0-255,1484,37053,94,219173
15191,0.000571,172.31.47.0-255,66,37119,94,219173
15192,0.000577,172.217.194.0-255,2902,40021,94,219173
15193,0.00058,172.31.47.0-255,66,40087,94,219173
15194,0.000582,172.217.194.0-255,1484,41571,94,219173
15195,0.000609,172.217.194.0-255,4320,45891,94,219173
15196,0.000612,172.31.47.0-255,66,45957,94,219173
15197,0.000614,172.217.194.0-255,1484,47441,94,219173
15198,0.000623,172.31.47.0-255,66,47507,94,219173
15199,0.000643,172.217.194.0-255,1484,48991,94,219173
15200,0.00068,172.31.47.0-255,66,49057,94,219173
15201,0.000901,172.217.194.0-255,1484,50541,94,219173
15202,0.000906,172.217.194.0-255,2902,53443,94,219173
15203,0.000909,172.31.47.0-255,66,53509,94,219173
15204,0.000914,172.217.194.0-255,2902,56411,94,219173
15205,0.000916,172.31.47.0-255,66,56477,94,219173
15206,0.00094,172.217.194.0-255,2902,59379,94,219173
15207,0.000942,172.31.47.0-255,66,59445,94,219173
15208,0.000948,172.217.194.0-255,5738,65183,94,219173
15209,0.00095,172.31.47.0-255,66,65249,94,219173
15210,0.000971,172.217.194.0-255,7156,72405,94,219173
15211,0.000973,172.31.47.0-255,66,72471,94,219173
15212,0.000982,172.31.47.0-255,66,72537,94,219173
15213,0.001013,172.217.194.0-255,1634,74171,94,219173
15214,0.001015,172.31.47.0-255,66,74237,94,219173
15215,0.00102,172.217.194.0-255,2902,77139,94,219173
15216,0.001021,172.31.47.0-255,66,77205,94,219173
15217,0.001024,172.217.194.0-255,1484,78689,94,219173
15218,0.001053,172.217.194.0-255,5738,84427,94,219173
15219,0.001055,172.31.47.0-255,66,84493,94,219173
15220,0.001067,172.31.47.0-255,66,84559,94,219173
15221,0.001098,172.217.194.0-255,4320,88879,94,219173
15222,0.001103,172.31.47.0-255,66,88945,94,219173
15223,0.001135,172.31.47.0-255,66,89011,94,219173
15224,0.001202,172.217.194.0-255,1484,90495,94,219173
15225,0.001214,172.217.194.0-255,2902,93397,94,219173
15226,0.001217,172.31.47.0-255,66,93463,94,219173
15227,0.001222,172.217.194.0-255,4320,97783,94,219173
15228,0.001225,172.31.47.0-255,66,97849,94,219173
15229,0.001247,172.217.194.0-255,1484,99333,94,219173
15230,0.001259,172.31.47.0-255,66,99399,94,219173
15231,0.001264,172.217.194.0-255,4320,103719,94,219173
15232,0.001266,172.31.47.0-255,66,103785,94,219173
15233,0.001286,172.217.194.0-255,6438,110223,94,219173
15234,0.001295,172.31.47.0-255,66,110289,94,219173
15235,0.001327,172.31.47.0-255,66,110355,94,219173
15236,0.001394,172.31.47.0-255,66,110421,94,219173
15237,0.001401,172.31.47.0-255,66,110487,94,219173
15238,0.001404,172.217.194.0-255,1484,111971,94,219173
15239,0.001407,172.217.194.0-255,2902,114873,94,219173
15240,0.001409,172.31.47.0-255,66,114939,94,219173
15241,0.001417,172.217.194.0-255,5738,120677,94,219173
15242,0.001419,172.31.47.0-255,66,120743,94,219173
15243,0.001426,172.217.194.0-255,7156,127899,94,219173
15244,0.001427,172.31.47.0-255,66,127965,94,219173
15245,0.001456,172.217.194.0-255,2902,130867,94,219173
15246,0.001458,172.31.47.0-255,66,130933,94,219173
15247,0.00149,172.31.47.0-255,66,130999,94,219173
15248,0.001493,172.217.194.0-255,2184,133183,94,219173
15249,0.001495,172.31.47.0-255,66,133249,94,219173
15250,0.001598,172.217.194.0-255,1484,134733,94,219173
15251,0.001603,172.217.194.0-255,2902,137635,94,219173
15252,0.001606,172.31.47.0-255,66,137701,94,219173
15253,0.001609,172.217.194.0-255,1484,139185,94,219173
15254,0.001633,172.217.194.0-255,4320,143505,94,219173
15255,0.001635,172.31.47.0-255,66,143571,94,219173
15256,0.001641,172.217.194.0-255,7156,150727,94,219173
15257,0.001643,172.31.47.0-255,66,150793,94,219173
15258,0.001692,172.31.47.0-255,66,150859,94,219173
15259,0.001695,172.217.194.0-255,2184,153043,94,219173
15260,0.001697,172.31.47.0-255,66,153109,94,219173
15261,0.001769,172.217.194.0-255,1484,154593,94,219173
15262,0.001773,172.217.194.0-255,2902,157495,94,219173
15263,0.001776,172.31.47.0-255,66,157561,94,219173
15264,0.001781,172.217.194.0-255,4320,161881,94,219173
15265,0.001783,172.31.47.0-255,66,161947,94,219173
15266,0.0018,172.217.194.0-255,1484,163431,94,219173
15267,0.001805,172.217.194.0-255,7156,170587,94,219173
15268,0.00181,172.31.47.0-255,66,170653,94,219173
15269,0.001834,172.217.194.0-255,5738,176391,94,219173
15270,0.001837,172.31.47.0-255,66,176457,94,219173
15271,0.001842,172.217.194.0-255,4320,180777,94,219173
15272,0.001843,172.31.47.0-255,66,180843,94,219173
15273,0.001876,172.217.194.0-255,6438,187281,94,219173
15274,0.001879,172.31.47.0-255,66,187347,94,219173
15275,0.002032,172.217.194.0-255,1484,188831,94,219173
15276,0.002037,172.217.194.0-255,2902,191733,94,219173
15277,0.00204,172.31.47.0-255,66,191799,94,219173
15278,0.002046,172.217.194.0-255,5738,197537,94,219173
15279,0.002047,172.31.47.0-255,66,197603,94,219173
15280,0.002052,172.217.194.0-255,5738,203341,94,219173
15281,0.002058,172.31.47.0-255,66,203407,94,219173
15282,0.00206,172.217.194.0-255,1484,204891,94,219173
15283,0.002088,172.31.47.0-255,66,204957,94,219173
15284,0.002093,172.217.194.0-255,4320,209277,94,219173
15285,0.002094,172.31.47.0-255,66,209343,94,219173
15286,0.002125,172.31.47.0-255,66,209409,94,219173
15287,0.002137,172.31.47.0-255,66,209475,94,219173
15288,0.002182,172.31.47.0-255,66,209541,94,219173
15289,0.002186,172.217.194.0-255,2184,211725,94,219173
15290,0.002188,172.31.47.0-255,66,211791,94,219173
15291,0.002192,172.217.194.0-255,2446,214237,94,219173
15292,0.002193,172.31.47.0-255,66,214303,94,219173
15293,0.002219,172.217.194.0-255,105,214408,94,219173
15294,0.010163,172.31.47.0-255,66,214474,94,219173
15295,0.010203,172.31.47.0-255,105,214579,94,219173
15296,0.012474,172.217.194.0-255,66,214645,94,219173
15297,0.028913,172.31.47.0-255,172,214817,94,219173
15298,0.028944,172.31.47.0-255,1116,215933,94,219173
15299,0.029003,172.31.47.0-255,1514,217447,94,219173
15300,0.029023,172.31.47.0-255,1288,218735,94,219173
15301,0.030447,104.244.42.0-255,66,218801,94,219173
15302,0.030551,104.244.42.0-255,66,218867,94,219173
15303,0.030554,104.244.42.0-255,66,218933,94,219173
15304,0.030659,104.244.42.0-255,66,218999,94,219173
15305,0.031263,104.244.42.0-255,108,219107,94,219173
15306,0.03127,172.31.47.0-255,66,219173,94,219173
15307,0.0,172.217.160.0-255,153,153,94,258773
15308,2.6e-05,172.31.47.0-255,66,219,94,258773
15309,3.3e-05,172.217.160.0-255,1484,1703,94,258773
15310,3.7e-05,172.31.47.0-255,66,1769,94,258773
15311,4.1e-05,172.217.160.0-255,2902,4671,94,258773
15312,4.4e-05,172.31.47.0-255,66,4737,94,258773
15313,4.6e-05,172.217.160.0-255,1484,6221,94,258773
15314,4.8e-05,172.31.47.0-255,66,6287,94,258773
15315,7.7e-05,172.217.160.0-255,5738,12025,94,258773
15316,7.9e-05,172.31.47.0-255,66,12091,94,258773
15317,0.000118,172.217.160.0-255,1484,13575,94,258773
15318,0.00012,172.31.47.0-255,66,13641,94,258773
15319,0.000154,172.31.47.0-255,66,13707,94,258773
15320,0.000161,172.217.160.0-255,6797,20504,94,258773
15321,0.000163,172.31.47.0-255,66,20570,94,258773
15322,0.000202,172.217.160.0-255,1484,22054,94,258773
15323,0.000204,172.31.47.0-255,66,22120,94,258773
15324,0.000207,172.217.160.0-255,1484,23604,94,258773
15325,0.000209,172.31.47.0-255,66,23670,94,258773
15326,0.000223,172.217.160.0-255,1484,25154,94,258773
15327,0.000225,172.31.47.0-255,66,25220,94,258773
15328,0.000229,172.217.160.0-255,2902,28122,94,258773
15329,0.000231,172.31.47.0-255,66,28188,94,258773
15330,0.00025,172.217.160.0-255,2902,31090,94,258773
15331,0.000252,172.31.47.0-255,66,31156,94,258773
15332,0.000257,172.217.160.0-255,4320,35476,94,258773
15333,0.000259,172.31.47.0-255,66,35542,94,258773
15334,0.000281,172.217.160.0-255,6797,42339,94,258773
15335,0.000284,172.31.47.0-255,66,42405,94,258773
15336,0.00029,172.217.160.0-255,5738,48143,94,258773
15337,0.000292,172.31.47.0-255,66,48209,94,258773
15338,0.000312,172.217.160.0-255,5738,53947,94,258773
15339,0.000315,172.31.47.0-255,66,54013,94,258773
15340,0.000318,172.217.160.0-255,1125,55138,94,258773
15341,0.000349,172.217.160.0-255,374,55512,94,258773
15342,0.000659,172.31.47.0-255,66,55578,94,258773
15343,0.000755,172.217.160.0-255,369,55947,94,258773
15344,0.000993,172.217.160.0-255,1484,57431,94,258773
15345,0.000998,172.31.47.0-255,66,57497,94,258773
15346,0.001004,172.217.160.0-255,2902,60399,94,258773
15347,0.001006,172.31.47.0-255,66,60465,94,258773
15348,0.001012,172.217.160.0-255,5738,66203,94,258773
15349,0.001013,172.31.47.0-255,66,66269,94,258773
15350,0.001025,172.31.47.0-255,66,66335,94,258773
15351,0.001034,172.31.47.0-255,66,66401,94,258773
15352,0.001079,172.217.160.0-255,1484,67885,94,258773
15353,0.00109,172.217.160.0-255,2902,70787,94,258773
15354,0.001093,172.31.47.0-255,66,70853,94,258773
15355,0.001097,172.217.160.0-255,2902,73755,94,258773
15356,0.001099,172.31.47.0-255,66,73821,94,258773
15357,0.001112,172.217.160.0-255,2902,76723,94,258773
15358,0.001115,172.31.47.0-255,66,76789,94,258773
15359,0.00112,172.217.160.0-255,5738,82527,94,258773
15360,0.001122,172.31.47.0-255,66,82593,94,258773
15361,0.00114,172.217.160.0-255,4320,86913,94,258773
15362,0.001142,172.31.47.0-255,66,86979,94,258773
15363,0.001155,172.217.160.0-255,4320,91299,94,258773
15364,0.001158,172.31.47.0-255,66,91365,94,258773
15365,0.001185,172.31.47.0-255,66,91431,94,258773
15366,0.001218,172.31.47.0-255,66,91497,94,258773
15367,0.001236,172.217.160.0-255,2902,94399,94,258773
15368,0.001238,172.31.47.0-255,66,94465,94,258773
15369,0.001245,172.217.160.0-255,7156,101621,94,258773
15370,0.001247,172.31.47.0-255,66,101687,94,258773
15371,0.001268,172.217.160.0-255,4320,106007,94,258773
15372,0.001272,172.31.47.0-255,66,106073,94,258773
15373,0.001296,172.31.47.0-255,66,106139,94,258773
15374,0.001307,172.31.47.0-255,66,106205,94,258773
15375,0.001328,172.217.160.0-255,1484,107689,94,258773
15376,0.001338,172.31.47.0-255,66,107755,94,258773
15377,0.001364,172.31.47.0-255,66,107821,94,258773
15378,0.001368,172.217.160.0-255,3602,111423,94,258773
15379,0.00137,172.31.47.0-255,66,111489,94,258773
15380,0.001446,172.217.160.0-255,1484,112973,94,258773
15381,0.001449,172.217.160.0-255,1484,114457,94,258773
15382,0.001451,172.31.47.0-255,66,114523,94,258773
15383,0.001468,172.217.160.0-255,1484,116007,94,258773
15384,0.001472,172.217.160.0-255,4320,120327,94,258773
15385,0.001474,172.31.47.0-255,66,120393,94,258773
15386,0.001497,172.217.160.0-255,1484,121877,94,258773
15387,0.001502,172.217.160.0-255,7156,129033,94,258773
15388,0.001504,172.31.47.0-255,66,129099,94,258773
15389,0.001535,172.217.160.0-255,1484,130583,94,258773
15390,0.001553,172.217.160.0-255,7156,137739,94,258773
15391,0.001555,172.31.47.0-255,66,137805,94,258773
15392,0.001573,172.217.160.0-255,5738,143543,94,258773
15393,0.001575,172.31.47.0-255,66,143609,94,258773
15394,0.001578,172.217.160.0-255,2184,145793,94,258773
15395,0.00158,172.31.47.0-255,66,145859,94,258773
15396,0.00168,172.217.160.0-255,1484,147343,94,258773
15397,0.001691,172.217.160.0-255,2902,150245,94,258773
15398,0.001693,172.31.47.0-255,66,150311,94,258773
15399,0.001712,172.217.160.0-255,5738,156049,94,258773
15400,0.001714,172.31.47.0-255,66,156115,94,258773
15401,0.00174,172.217.160.0-255,7156,163271,94,258773
15402,0.001742,172.31.47.0-255,66,163337,94,258773
15403,0.001762,172.217.160.0-255,5738,169075,94,258773
15404,0.001764,172.31.47.0-255,66,169141,94,258773
15405,0.001776,172.217.160.0-255,1484,170625,94,258773
15406,0.001804,172.31.47.0-255,66,170691,94,258773
15407,0.001809,172.217.160.0-255,5738,176429,94,258773
15408,0.001811,172.31.47.0-255,66,176495,94,258773
15409,0.001824,172.217.160.0-255,5738,182233,94,258773
15410,0.001826,172.31.47.0-255,66,182299,94,258773
15411,0.001831,172.217.160.0-255,7156,189455,94,258773
15412,0.001833,172.31.47.0-255,66,189521,94,258773
15413,0.001835,172.217.160.0-255,1484,191005,94,258773
15414,0.00185,172.217.160.0-255,1484,192489,94,258773
15415,0.001851,172.31.47.0-255,66,192555,94,258773
15416,0.001854,172.217.160.0-255,1484,194039,94,258773
15417,0.001884,172.31.47.0-255,66,194105,94,258773
15418,0.001887,172.217.160.0-255,2184,196289,94,258773
15419,0.001889,172.31.47.0-255,66,196355,94,258773
15420,0.001969,172.217.160.0-255,1484,197839,94,258773
15421,0.001986,172.217.160.0-255,2902,200741,94,258773
15422,0.001988,172.31.47.0-255,66,200807,94,258773
15423,0.00199,172.217.160.0-255,1484,202291,94,258773
15424,0.002007,172.217.160.0-255,4320,206611,94,258773
15425,0.002009,172.31.47.0-255,66,206677,94,258773
15426,0.002011,172.217.160.0-255,1484,208161,94,258773
15427,0.002029,172.217.160.0-255,5738,213899,94,258773
15428,0.002031,172.31.47.0-255,66,213965,94,258773
15429,0.002041,172.217.160.0-255,2902,216867,94,258773
15430,0.002043,172.31.47.0-255,66,216933,94,258773
15431,0.002071,172.31.47.0-255,66,216999,94,258773
15432,0.002075,172.217.160.0-255,2184,219183,94,258773
15433,0.002076,172.31.47.0-255,66,219249,94,258773
15434,0.002089,172.217.160.0-255,1484,220733,94,258773
15435,0.002111,172.217.160.0-255,2902,223635,94,258773
15436,0.002113,172.31.47.0-255,66,223701,94,258773
15437,0.002119,172.217.160.0-255,5738,229439,94,258773
15438,0.002121,172.31.47.0-255,66,229505,94,258773
15439,0.002138,172.217.160.0-255,5738,235243,94,258773
15440,0.00214,172.31.47.0-255,66,235309,94,258773
15441,0.002161,172.217.160.0-255,7156,242465,94,258773
15442,0.002164,172.31.47.0-255,66,242531,94,258773
15443,0.002169,172.217.160.0-255,5738,248269,94,258773
15444,0.002171,172.31.47.0-255,66,248335,94,258773
15445,0.002192,172.217.160.0-255,5020,253355,94,258773
15446,0.002194,172.31.47.0-255,66,253421,94,258773
15447,0.002197,172.217.160.0-255,1484,254905,94,258773
15448,0.002225,172.31.47.0-255,66,254971,94,258773
15449,0.002297,172.31.47.0-255,66,255037,94,258773
15450,0.002306,172.31.47.0-255,66,255103,94,258773
15451,0.002342,172.217.160.0-255,105,255208,94,258773
15452,0.007664,172.31.47.0-255,66,255274,94,258773
15453,0.00776,172.31.47.0-255,105,255379,94,258773
15454,0.009357,172.217.160.0-255,66,255445,94,258773
15455,0.024508,172.31.47.0-255,172,255617,94,258773
15456,0.024538,172.31.47.0-255,1112,256729,94,258773
15457,0.024572,172.31.47.0-255,1514,258243,94,258773
15458,0.024573,172.31.47.0-255,332,258575,94,258773
15459,0.026041,104.244.42.0-255,66,258641,94,258773
15460,0.026126,104.244.42.0-255,66,258707,94,258773
15461,0.026168,104.244.42.0-255,66,258773,94,258773
15462,0.0,74.125.68.0-255,152,152,94,354524
15463,2.1e-05,172.31.47.0-255,66,218,94,354524
15464,2.8e-05,74.125.68.0-255,1484,1702,94,354524
15465,3.2e-05,172.31.47.0-255,66,1768,94,354524
15466,4.4e-05,74.125.68.0-255,2902,4670,94,354524
15467,4.7e-05,172.31.47.0-255,66,4736,94,354524
15468,5e-05,74.125.68.0-255,1484,6220,94,354524
15469,5.2e-05,172.31.47.0-255,66,6286,94,354524
15470,8.7e-05,74.125.68.0-255,5738,12024,94,354524
15471,9e-05,172.31.47.0-255,66,12090,94,354524
15472,9.4e-05,74.125.68.0-255,2210,14300,94,354524
15473,9.6e-05,172.31.47.0-255,66,14366,94,354524
15474,0.0001,74.125.68.0-255,2902,17268,94,354524
15475,0.000102,172.31.47.0-255,66,17334,94,354524
15476,0.000127,74.125.68.0-255,5738,23072,94,354524
15477,0.00013,172.31.47.0-255,66,23138,94,354524
15478,0.000157,74.125.68.0-255,7156,30294,94,354524
15479,0.000159,172.31.47.0-255,66,30360,94,354524
15480,0.000161,74.125.68.0-255,1125,31485,94,354524
15481,0.000163,172.31.47.0-255,66,31551,94,354524
15482,0.00027,74.125.68.0-255,1484,33035,94,354524
15483,0.000274,172.31.47.0-255,66,33101,94,354524
15484,0.000278,74.125.68.0-255,1484,34585,94,354524
15485,0.00028,172.31.47.0-255,66,34651,94,354524
15486,0.000312,74.125.68.0-255,1484,36135,94,354524
15487,0.000314,172.31.47.0-255,66,36201,94,354524
15488,0.00032,74.125.68.0-255,5738,41939,94,354524
15489,0.000322,172.31.47.0-255,66,42005,94,354524
15490,0.000327,74.125.68.0-255,5738,47743,94,354524
15491,0.000329,172.31.47.0-255,66,47809,94,354524
15492,0.000355,74.125.68.0-255,6797,54606,94,354524
15493,0.000358,172.31.47.0-255,66,54672,94,354524
15494,0.000362,74.125.68.0-255,2902,57574,94,354524
15495,0.000391,74.125.68.0-255,4320,61894,94,354524
15496,0.000422,74.125.68.0-255,1484,63378,94,354524
15497,0.000441,74.125.68.0-255,2816,66194,94,354524
15498,0.000443,74.125.68.0-255,132,66326,94,354524
15499,0.000494,172.31.47.0-255,66,66392,94,354524
15500,0.000504,74.125.68.0-255,1484,67876,94,354524
15501,0.000509,74.125.68.0-255,2902,70778,94,354524
15502,0.000527,74.125.68.0-255,4320,75098,94,354524
15503,0.000548,74.125.68.0-255,4320,79418,94,354524
15504,0.000551,172.31.47.0-255,66,79484,94,354524
15505,0.000556,172.31.47.0-255,66,79550,94,354524
15506,0.000567,74.125.68.0-255,4320,83870,94,354524
15507,0.000575,74.125.68.0-255,4320,88190,94,354524
15508,0.000597,74.125.68.0-255,5738,93928,94,354524
15509,0.000609,172.31.47.0-255,66,93994,94,354524
15510,0.000621,74.125.68.0-255,2902,96896,94,354524
15511,0.000627,74.125.68.0-255,1484,98380,94,354524
15512,0.000643,74.125.68.0-255,2184,100564,94,354524
15513,0.000649,172.31.47.0-255,66,100630,94,354524
15514,0.000692,74.125.68.0-255,347,100977,94,354524
15515,0.000738,74.125.68.0-255,1484,102461,94,354524
15516,0.000752,74.125.68.0-255,4320,106781,94,354524
15517,0.000757,172.31.47.0-255,66,106847,94,354524
15518,0.000769,74.125.68.0-255,4320,111167,94,354524
15519,0.000799,74.125.68.0-255,1484,112651,94,354524
15520,0.000805,74.125.68.0-255,5738,118389,94,354524
15521,0.000817,74.125.68.0-255,1484,119873,94,354524
15522,0.000867,74.125.68.0-255,5738,125611,94,354524
15523,0.000874,172.31.47.0-255,66,125677,94,354524
15524,0.000884,74.125.68.0-255,5738,131415,94,354524
15525,0.000892,74.125.68.0-255,3053,134468,94,354524
15526,0.000896,74.125.68.0-255,4320,138788,94,354524
15527,0.000921,74.125.68.0-255,4320,143108,94,354524
15528,0.000928,172.31.47.0-255,66,143174,94,354524
15529,0.000937,74.125.68.0-255,4320,147494,94,354524
15530,0.000941,172.31.47.0-255,66,147560,94,354524
15531,0.000962,74.125.68.0-255,7156,154716,94,354524
15532,0.000986,74.125.68.0-255,2902,157618,94,354524
15533,0.001001,172.31.47.0-255,66,157684,94,354524
15534,0.001018,74.125.68.0-255,766,158450,94,354524
15535,0.001038,74.125.68.0-255,1484,159934,94,354524
15536,0.001049,172.31.47.0-255,66,160000,94,354524
15537,0.001059,74.125.68.0-255,4320,164320,94,354524
15538,0.001083,74.125.68.0-255,5738,170058,94,354524
15539,0.001088,74.125.68.0-255,4320,174378,94,354524
15540,0.001103,74.125.68.0-255,2902,177280,94,354524
15541,0.001106,172.31.47.0-255,66,177346,94,354524
15542,0.00111,172.31.47.0-255,66,177412,94,354524
15543,0.001166,172.31.47.0-255,66,177478,94,354524
15544,0.001168,74.125.68.0-255,766,178244,94,354524
15545,0.001193,74.125.68.0-255,1484,179728,94,354524
15546,0.001199,172.31.47.0-255,66,179794,94,354524
15547,0.001212,74.125.68.0-255,4320,184114,94,354524
15548,0.001232,74.125.68.0-255,5738,189852,94,354524
15549,0.001243,172.31.47.0-255,66,189918,94,354524
15550,0.001251,74.125.68.0-255,2902,192820,94,354524
15551,0.001255,172.31.47.0-255,66,192886,94,354524
15552,0.001274,74.125.68.0-255,4320,197206,94,354524
15553,0.00128,74.125.68.0-255,5738,202944,94,354524
15554,0.001299,172.31.47.0-255,66,203010,94,354524
15555,0.001311,74.125.68.0-255,2902,205912,94,354524
15556,0.001331,74.125.68.0-255,4320,210232,94,354524
15557,0.001335,74.125.68.0-255,2184,212416,94,354524
15558,0.001339,172.31.47.0-255,66,212482,94,354524
15559,0.00142,74.125.68.0-255,1484,213966,94,354524
15560,0.001424,74.125.68.0-255,1484,215450,94,354524
15561,0.001427,172.31.47.0-255,66,215516,94,354524
15562,0.001434,74.125.68.0-255,1484,217000,94,354524
15563,0.001438,74.125.68.0-255,2902,219902,94,354524
15564,0.001451,74.125.68.0-255,1484,221386,94,354524
15565,0.001455,172.31.47.0-255,66,221452,94,354524
15566,0.001462,74.125.68.0-255,2902,224354,94,354524
15567,0.001487,74.125.68.0-255,5738,230092,94,354524
15568,0.001493,74.125.68.0-255,7156,237248,94,354524
15569,0.001504,74.125.68.0-255,1484,238732,94,354524
15570,0.00152,74.125.68.0-255,7156,245888,94,354524
15571,0.001522,74.125.68.0-255,766,246654,94,354524
15572,0.001526,172.31.47.0-255,66,246720,94,354524
15573,0.001644,74.125.68.0-255,1484,248204,94,354524
15574,0.001657,74.125.68.0-255,1484,249688,94,354524
15575,0.001666,74.125.68.0-255,1484,251172,94,354524
15576,0.001669,74.125.68.0-255,1484,252656,94,354524
15577,0.001681,74.125.68.0-255,4320,256976,94,354524
15578,0.00169,172.31.47.0-255,66,257042,94,354524
15579,0.001701,74.125.68.0-255,2902,259944,94,354524
15580,0.001709,74.125.68.0-255,4320,264264,94,354524
15581,0.001714,74.125.68.0-255,4320,268584,94,354524
15582,0.001729,74.125.68.0-255,4320,272904,94,354524
15583,0.001732,74.125.68.0-255,1484,274388,94,354524
15584,0.001736,172.31.47.0-255,66,274454,94,354524
15585,0.001763,74.125.68.0-255,5738,280192,94,354524
15586,0.001766,74.125.68.0-255,766,280958,94,354524
15587,0.001776,172.31.47.0-255,66,281024,94,354524
15588,0.001884,74.125.68.0-255,1484,282508,94,354524
15589,0.001889,74.125.68.0-255,2902,285410,94,354524
15590,0.00192,172.31.47.0-255,66,285476,94,354524
15591,0.00193,74.125.68.0-255,5738,291214,94,354524
15592,0.001935,74.125.68.0-255,5738,296952,94,354524
15593,0.001952,74.125.68.0-255,2902,299854,94,354524
15594,0.001955,74.125.68.0-255,2902,302756,94,354524
15595,0.001959,172.31.47.0-255,66,302822,94,354524
15596,0.00199,74.125.68.0-255,7156,309978,94,354524
15597,0.001995,74.125.68.0-255,5020,314998,94,354524
15598,0.002001,172.31.47.0-255,66,315064,94,354524
15599,0.002013,74.125.68.0-255,5738,320802,94,354524
15600,0.002032,172.31.47.0-255,66,320868,94,354524
15601,0.002069,172.31.47.0-255,66,320934,94,354524
15602,0.002073,74.125.68.0-255,4320,325254,94,354524
15603,0.002084,74.125.68.0-255,766,326020,94,354524
15604,0.00209,74.125.68.0-255,1484,327504,94,354524
15605,0.002096,172.31.47.0-255,66,327570,94,354524
15606,0.002125,74.125.68.0-255,4320,331890,94,354524
15607,0.00213,74.125.68.0-255,4320,336210,94,354524
15608,0.002147,74.125.68.0-255,5738,341948,94,354524
15609,0.002151,74.125.68.0-255,4320,346268,94,354524
15610,0.002155,172.31.47.0-255,66,346334,94,354524
15611,0.002203,74.125.68.0-255,4320,350654,94,354524
15612,0.002209,172.31.47.0-255,66,350720,94,354524
15613,0.002246,172.31.47.0-255,66,350786,94,354524
15614,0.002259,172.31.47.0-255,66,350852,94,354524
15615,0.002286,74.125.68.0-255,105,350957,94,354524
15616,0.00428,172.31.47.0-255,66,351023,94,354524
15617,0.004316,172.31.47.0-255,105,351128,94,354524
15618,0.006595,74.125.68.0-255,66,351194,94,354524
15619,0.020378,172.31.47.0-255,172,351366,94,354524
15620,0.020405,172.31.47.0-255,1116,352482,94,354524
15621,0.02046,172.31.47.0-255,1514,353996,94,354524
15622,0.020461,172.31.47.0-255,330,354326,94,354524
15623,0.021906,104.244.42.0-255,66,354392,94,354524
15624,0.021938,104.244.42.0-255,66,354458,94,354524
15625,0.021988,104.244.42.0-255,66,354524,94,354524
15626,0.0,172.217.194.0-255,153,153,94,295707
15627,3.5e-05,172.31.47.0-255,66,219,94,295707
15628,4.2e-05,172.217.194.0-255,1484,1703,94,295707
15629,4.7e-05,172.31.47.0-255,66,1769,94,295707
15630,5.2e-05,172.217.194.0-255,2902,4671,94,295707
15631,5.5e-05,172.31.47.0-255,66,4737,94,295707
15632,5.7e-05,172.217.194.0-255,1484,6221,94,295707
15633,6e-05,172.31.47.0-255,66,6287,94,295707
15634,6.6e-05,172.217.194.0-255,2902,9189,94,295707
15635,6.8e-05,172.31.47.0-255,66,9255,94,295707
15636,9.5e-05,172.217.194.0-255,6381,15636,94,295707
15637,9.7e-05,172.31.47.0-255,66,15702,94,295707
15638,0.000116,172.217.194.0-255,2902,18604,94,295707
15639,0.000118,172.31.47.0-255,66,18670,94,295707
15640,0.000147,172.31.47.0-255,66,18736,94,295707
15641,0.000164,172.217.194.0-255,2543,21279,94,295707
15642,0.000166,172.31.47.0-255,66,21345,94,295707
15643,0.000225,172.217.194.0-255,1484,22829,94,295707
15644,0.000229,172.31.47.0-255,66,22895,94,295707
15645,0.000235,172.217.194.0-255,2902,25797,94,295707
15646,0.000238,172.31.47.0-255,66,25863,94,295707
15647,0.000267,172.217.194.0-255,5738,31601,94,295707
15648,0.00027,172.31.47.0-255,66,31667,94,295707
15649,0.000274,172.217.194.0-255,2902,34569,94,295707
15650,0.000276,172.31.47.0-255,66,34635,94,295707
15651,0.000302,172.31.47.0-255,66,34701,94,295707
15652,0.000313,172.31.47.0-255,66,34767,94,295707
15653,0.000337,172.217.194.0-255,2763,37530,94,295707
15654,0.00034,172.31.47.0-255,66,37596,94,295707
15655,0.000397,172.217.194.0-255,1484,39080,94,295707
15656,0.000404,172.217.194.0-255,2902,41982,94,295707
15657,0.000407,172.31.47.0-255,66,42048,94,295707
15658,0.000424,172.217.194.0-255,5738,47786,94,295707
15659,0.000427,172.31.47.0-255,66,47852,94,295707
15660,0.000459,172.31.47.0-255,66,47918,94,295707
15661,0.000467,172.217.194.0-255,7156,55074,94,295707
15662,0.00047,172.31.47.0-255,66,55140,94,295707
15663,0.000489,172.217.194.0-255,1484,56624,94,295707
15664,0.000514,172.217.194.0-255,2184,58808,94,295707
15665,0.000518,172.31.47.0-255,66,58874,94,295707
15666,0.000714,172.217.194.0-255,1484,60358,94,295707
15667,0.000718,172.217.194.0-255,1484,61842,94,295707
15668,0.000721,172.31.47.0-255,66,61908,94,295707
15669,0.000742,172.217.194.0-255,1484,63392,94,295707
15670,0.00076,172.217.194.0-255,4320,67712,94,295707
15671,0.000763,172.31.47.0-255,66,67778,94,295707
15672,0.00078,172.217.194.0-255,1484,69262,94,295707
15673,0.000785,172.217.194.0-255,2902,72164,94,295707
15674,0.000788,172.31.47.0-255,66,72230,94,295707
15675,0.000818,172.31.47.0-255,66,72296,94,295707
15676,0.000823,172.217.194.0-255,4320,76616,94,295707
15677,0.000825,172.31.47.0-255,66,76682,94,295707
15678,0.000839,172.217.194.0-255,2902,79584,94,295707
15679,0.000842,172.31.47.0-255,66,79650,94,295707
15680,0.000867,172.217.194.0-255,3602,83252,94,295707
15681,0.00087,172.31.47.0-255,66,83318,94,295707
15682,0.001435,172.217.194.0-255,1484,84802,94,295707
15683,0.001444,172.217.194.0-255,2902,87704,94,295707
15684,0.001448,172.31.47.0-255,66,87770,94,295707
15685,0.001472,172.217.194.0-255,5738,93508,94,295707
15686,0.001475,172.31.47.0-255,66,93574,94,295707
15687,0.001482,172.217.194.0-255,7156,100730,94,295707
15688,0.001485,172.31.47.0-255,66,100796,94,295707
15689,0.0015,172.217.194.0-255,2902,103698,94,295707
15690,0.001503,172.31.47.0-255,66,103764,94,295707
15691,0.001533,172.31.47.0-255,66,103830,94,295707
15692,0.001537,172.217.194.0-255,2184,106014,94,295707
15693,0.001539,172.31.47.0-255,66,106080,94,295707
15694,0.001827,172.217.194.0-255,1484,107564,94,295707
15695,0.001834,172.217.194.0-255,1484,109048,94,295707
15696,0.001838,172.31.47.0-255,66,109114,94,295707
15697,0.001856,172.217.194.0-255,1484,110598,94,295707
15698,0.001876,172.217.194.0-255,4320,114918,94,295707
15699,0.001879,172.31.47.0-255,66,114984,94,295707
15700,0.001891,172.217.194.0-255,1484,116468,94,295707
15701,0.001946,172.31.47.0-255,66,116534,94,295707
15702,0.00197,172.217.194.0-255,4320,120854,94,295707
15703,0.001972,172.31.47.0-255,66,120920,94,295707
15704,0.001986,172.31.47.0-255,66,120986,94,295707
15705,0.002002,172.31.47.0-255,66,121052,94,295707
15706,0.002023,172.31.47.0-255,66,121118,94,295707
15707,0.002025,172.217.194.0-255,766,121884,94,295707
15708,0.00206,172.217.194.0-255,4320,126204,94,295707
15709,0.002064,172.31.47.0-255,66,126270,94,295707
15710,0.002097,172.31.47.0-255,66,126336,94,295707
15711,0.004213,172.217.194.0-255,5738,132074,94,295707
15712,0.004219,172.31.47.0-255,66,132140,94,295707
15713,0.006258,172.217.194.0-255,5738,137878,94,295707
15714,0.006266,172.31.47.0-255,66,137944,94,295707
15715,0.008332,172.217.194.0-255,5738,143682,94,295707
15716,0.008341,172.31.47.0-255,66,143748,94,295707
15717,0.01034,172.217.194.0-255,5738,149486,94,295707
15718,0.010355,172.31.47.0-255,66,149552,94,295707
15719,0.012372,172.217.194.0-255,5738,155290,94,295707
15720,0.01239,172.31.47.0-255,66,155356,94,295707
15721,0.014444,172.217.194.0-255,5738,161094,94,295707
15722,0.014463,172.31.47.0-255,66,161160,94,295707
15723,0.016497,172.217.194.0-255,5738,166898,94,295707
15724,0.016515,172.31.47.0-255,66,166964,94,295707
15725,0.01854,172.217.194.0-255,5738,172702,94,295707
15726,0.018551,172.31.47.0-255,66,172768,94,295707
15727,0.020606,172.217.194.0-255,5738,178506,94,295707
15728,0.020618,172.31.47.0-255,66,178572,94,295707
15729,0.022658,172.217.194.0-255,5738,184310,94,295707
15730,0.022671,172.31.47.0-255,66,184376,94,295707
15731,0.024728,172.217.194.0-255,5738,190114,94,295707
15732,0.024741,172.31.47.0-255,66,190180,94,295707
15733,0.026784,172.217.194.0-255,5738,195918,94,295707
15734,0.026797,172.31.47.0-255,66,195984,94,295707
15735,0.028818,172.217.194.0-255,5738,201722,94,295707
15736,0.028827,172.31.47.0-255,66,201788,94,295707
15737,0.03054,172.31.47.0-255,167,201955,94,295707
15738,0.03057,172.31.47.0-255,1116,203071,94,295707
15739,0.030626,172.31.47.0-255,1514,204585,94,295707
15740,0.030628,172.31.47.0-255,1288,205873,94,295707
15741,0.030848,172.217.194.0-255,5738,211611,94,295707
15742,0.030855,172.31.47.0-255,66,211677,94,295707
15743,0.032077,104.244.42.0-255,66,211743,94,295707
15744,0.032112,104.244.42.0-255,66,211809,94,295707
15745,0.03223,104.244.42.0-255,66,211875,94,295707
15746,0.032887,172.217.194.0-255,4320,216195,94,295707
15747,0.032895,172.31.47.0-255,66,216261,94,295707
15748,0.032923,172.217.194.0-255,1484,217745,94,295707
15749,0.034944,172.217.194.0-255,4320,222065,94,295707
15750,0.034954,172.31.47.0-255,66,222131,94,295707
15751,0.036985,172.217.194.0-255,5738,227869,94,295707
15752,0.036993,172.31.47.0-255,66,227935,94,295707
15753,0.039033,172.217.194.0-255,5738,233673,94,295707
15754,0.039047,172.31.47.0-255,66,233739,94,295707
15755,0.041081,172.217.194.0-255,5738,239477,94,295707
15756,0.041089,172.31.47.0-255,66,239543,94,295707
15757,0.043103,172.217.194.0-255,5738,245281,94,295707
15758,0.043116,172.31.47.0-255,66,245347,94,295707
15759,0.0452,172.217.194.0-255,5738,251085,94,295707
15760,0.045211,172.31.47.0-255,66,251151,94,295707
15761,0.047261,172.217.194.0-255,5738,256889,94,295707
15762,0.047269,172.31.47.0-255,66,256955,94,295707
15763,0.049285,172.217.194.0-255,5738,262693,94,295707
15764,0.049294,172.31.47.0-255,66,262759,94,295707
15765,0.05133,172.217.194.0-255,5738,268497,94,295707
15766,0.051342,172.31.47.0-255,66,268563,94,295707
15767,0.053353,172.217.194.0-255,5738,274301,94,295707
15768,0.053367,172.31.47.0-255,66,274367,94,295707
15769,0.055395,172.217.194.0-255,5738,280105,94,295707
15770,0.055408,172.31.47.0-255,66,280171,94,295707
15771,0.057452,172.217.194.0-255,5738,285909,94,295707
15772,0.057459,172.31.47.0-255,66,285975,94,295707
15773,0.059477,172.217.194.0-255,5738,291713,94,295707
15774,0.059485,172.31.47.0-255,66,291779,94,295707
15775,0.061511,172.217.194.0-255,3691,295470,94,295707
15776,0.061519,172.31.47.0-255,66,295536,94,295707
15777,0.062391,172.31.47.0-255,105,295641,94,295707
15778,0.064355,172.217.194.0-255,66,295707,94,295707
15779,0.0,172.217.194.0-255,153,153,94,294823
15780,2.3e-05,172.31.47.0-255,66,219,94,294823
15781,2.9e-05,172.217.194.0-255,1484,1703,94,294823
15782,3.2e-05,172.31.47.0-255,66,1769,94,294823
15783,3.6e-05,172.217.194.0-255,2902,4671,94,294823
15784,3.8e-05,172.31.47.0-255,66,4737,94,294823
15785,4.2e-05,172.217.194.0-255,1484,6221,94,294823
15786,4.5e-05,172.31.47.0-255,66,6287,94,294823
15787,7e-05,172.217.194.0-255,5738,12025,94,294823
15788,7.3e-05,172.31.47.0-255,66,12091,94,294823
15789,7.7e-05,172.217.194.0-255,2093,14184,94,294823
15790,8e-05,172.31.47.0-255,66,14250,94,294823
15791,0.000154,172.217.194.0-255,1484,15734,94,294823
15792,0.000161,172.31.47.0-255,66,15800,94,294823
15793,0.000167,172.217.194.0-255,2902,18702,94,294823
15794,0.000169,172.31.47.0-255,66,18768,94,294823
15795,0.000174,172.217.194.0-255,4320,23088,94,294823
15796,0.000176,172.31.47.0-255,66,23154,94,294823
15797,0.000226,172.217.194.0-255,4320,27474,94,294823
15798,0.000228,172.31.47.0-255,66,27540,94,294823
15799,0.00025,172.217.194.0-255,3961,31501,94,294823
15800,0.000253,172.31.47.0-255,66,31567,94,294823
15801,0.000263,172.31.47.0-255,66,31633,94,294823
15802,0.000303,172.31.47.0-255,66,31699,94,294823
15803,0.001167,172.217.194.0-255,1484,33183,94,294823
15804,0.001173,172.31.47.0-255,66,33249,94,294823
15805,0.001182,172.217.194.0-255,2902,36151,94,294823
15806,0.001184,172.31.47.0-255,66,36217,94,294823
15807,0.001188,172.217.194.0-255,2902,39119,94,294823
15808,0.00119,172.31.47.0-255,66,39185,94,294823
15809,0.001219,172.217.194.0-255,2902,42087,94,294823
15810,0.001222,172.31.47.0-255,66,42153,94,294823
15811,0.001228,172.217.194.0-255,6797,48950,94,294823
15812,0.001229,172.31.47.0-255,66,49016,94,294823
15813,0.001231,172.217.194.0-255,646,49662,94,294823
15814,0.001284,172.217.194.0-255,1484,51146,94,294823
15815,0.001286,172.31.47.0-255,66,51212,94,294823
15816,0.001299,172.217.194.0-255,2902,54114,94,294823
15817,0.001301,172.31.47.0-255,66,54180,94,294823
15818,0.001304,172.217.194.0-255,1484,55664,94,294823
15819,0.00132,172.217.194.0-255,4320,59984,94,294823
15820,0.001322,172.31.47.0-255,66,60050,94,294823
15821,0.001361,172.31.47.0-255,66,60116,94,294823
15822,0.001373,172.217.194.0-255,3961,64077,94,294823
15823,0.001375,172.31.47.0-255,66,64143,94,294823
15824,0.001407,172.217.194.0-255,2902,67045,94,294823
15825,0.001409,172.31.47.0-255,66,67111,94,294823
15826,0.001434,172.31.47.0-255,66,67177,94,294823
15827,0.001937,172.217.194.0-255,1484,68661,94,294823
15828,0.001944,172.217.194.0-255,2902,71563,94,294823
15829,0.001947,172.31.47.0-255,66,71629,94,294823
15830,0.001969,172.217.194.0-255,5738,77367,94,294823
15831,0.001971,172.31.47.0-255,66,77433,94,294823
15832,0.001974,172.217.194.0-255,1484,78917,94,294823
15833,0.00198,172.217.194.0-255,7156,86073,94,294823
15834,0.001982,172.31.47.0-255,66,86139,94,294823
15835,0.001995,172.217.194.0-255,1484,87623,94,294823
15836,0.002034,172.31.47.0-255,66,87689,94,294823
15837,0.002248,172.217.194.0-255,1484,89173,94,294823
15838,0.002254,172.217.194.0-255,2902,92075,94,294823
15839,0.002257,172.31.47.0-255,66,92141,94,294823
15840,0.00226,172.217.194.0-255,1484,93625,94,294823
15841,0.002271,172.217.194.0-255,4320,97945,94,294823
15842,0.002273,172.31.47.0-255,66,98011,94,294823
15843,0.002276,172.217.194.0-255,1484,99495,94,294823
15844,0.002287,172.217.194.0-255,2902,102397,94,294823
15845,0.002289,172.31.47.0-255,66,102463,94,294823
15846,0.002323,172.31.47.0-255,66,102529,94,294823
15847,0.002331,172.31.47.0-255,66,102595,94,294823
15848,0.004672,172.217.194.0-255,4320,106915,94,294823
15849,0.004677,172.31.47.0-255,66,106981,94,294823
15850,0.004696,172.217.194.0-255,1484,108465,94,294823
15851,0.007011,172.217.194.0-255,4320,112785,94,294823
15852,0.007019,172.31.47.0-255,66,112851,94,294823
15853,0.009351,172.217.194.0-255,5738,118589,94,294823
15854,0.009361,172.31.47.0-255,66,118655,94,294823
15855,0.0117,172.217.194.0-255,5738,124393,94,294823
15856,0.011708,172.31.47.0-255,66,124459,94,294823
15857,0.014031,172.217.194.0-255,5738,130197,94,294823
15858,0.014039,172.31.47.0-255,66,130263,94,294823
15859,0.016365,172.217.194.0-255,5738,136001,94,294823
15860,0.016372,172.31.47.0-255,66,136067,94,294823
15861,0.018728,172.217.194.0-255,5738,141805,94,294823
15862,0.018735,172.31.47.0-255,66,141871,94,294823
15863,0.02109,172.217.194.0-255,5738,147609,94,294823
15864,0.021096,172.31.47.0-255,66,147675,94,294823
15865,0.022363,172.31.47.0-255,172,147847,94,294823
15866,0.022392,172.31.47.0-255,1117,148964,94,294823
15867,0.02242,172.31.47.0-255,1514,150478,94,294823
15868,0.022422,172.31.47.0-255,1289,151767,94,294823
15869,0.023419,172.217.194.0-255,5738,157505,94,294823
15870,0.023424,172.31.47.0-255,66,157571,94,294823
15871,0.023851,104.244.42.0-255,66,157637,94,294823
15872,0.023873,104.244.42.0-255,66,157703,94,294823
15873,0.023916,104.244.42.0-255,66,157769,94,294823
15874,0.025748,172.217.194.0-255,5738,163507,94,294823
15875,0.025753,172.31.47.0-255,66,163573,94,294823
15876,0.028063,172.217.194.0-255,5738,169311,94,294823
15877,0.028069,172.31.47.0-255,66,169377,94,294823
15878,0.030399,172.217.194.0-255,5738,175115,94,294823
15879,0.030405,172.31.47.0-255,66,175181,94,294823
15880,0.032775,172.217.194.0-255,5738,180919,94,294823
15881,0.032781,172.31.47.0-255,66,180985,94,294823
15882,0.035119,172.217.194.0-255,5738,186723,94,294823
15883,0.035124,172.31.47.0-255,66,186789,94,294823
15884,0.037451,172.217.194.0-255,5738,192527,94,294823
15885,0.037456,172.31.47.0-255,66,192593,94,294823
15886,0.039781,172.217.194.0-255,5738,198331,94,294823
15887,0.039786,172.31.47.0-255,66,198397,94,294823
15888,0.042099,172.217.194.0-255,5738,204135,94,294823
15889,0.042104,172.31.47.0-255,66,204201,94,294823
15890,0.044439,172.217.194.0-255,5738,209939,94,294823
15891,0.044459,172.31.47.0-255,66,210005,94,294823
15892,0.046778,172.217.194.0-255,5738,215743,94,294823
15893,0.046784,172.31.47.0-255,66,215809,94,294823
15894,0.049111,172.217.194.0-255,5738,221547,94,294823
15895,0.049116,172.31.47.0-255,66,221613,94,294823
15896,0.051436,172.217.194.0-255,5738,227351,94,294823
15897,0.051441,172.31.47.0-255,66,227417,94,294823
15898,0.053779,172.217.194.0-255,5738,233155,94,294823
15899,0.053784,172.31.47.0-255,66,233221,94,294823
15900,0.056091,172.217.194.0-255,2902,236123,94,294823
15901,0.056097,172.31.47.0-255,66,236189,94,294823
15902,0.056127,172.217.194.0-255,2902,239091,94,294823
15903,0.05613,172.31.47.0-255,66,239157,94,294823
15904,0.058414,172.217.194.0-255,1484,240641,94,294823
15905,0.058445,172.217.194.0-255,4320,244961,94,294823
15906,0.058449,172.31.47.0-255,66,245027,94,294823
15907,0.060778,172.217.194.0-255,5738,250765,94,294823
15908,0.060782,172.31.47.0-255,66,250831,94,294823
15909,0.063118,172.217.194.0-255,4320,255151,94,294823
15910,0.063123,172.31.47.0-255,66,255217,94,294823
15911,0.063153,172.217.194.0-255,1484,256701,94,294823
15912,0.065457,172.217.194.0-255,4320,261021,94,294823
15913,0.065462,172.31.47.0-255,66,261087,94,294823
15914,0.06777,172.217.194.0-255,5738,266825,94,294823
15915,0.067775,172.31.47.0-255,66,266891,94,294823
15916,0.070088,172.217.194.0-255,4320,271211,94,294823
15917,0.070093,172.31.47.0-255,66,271277,94,294823
15918,0.07012,172.217.194.0-255,1484,272761,94,294823
15919,0.072417,172.217.194.0-255,4320,277081,94,294823
15920,0.072421,172.31.47.0-255,66,277147,94,294823
15921,0.074757,172.217.194.0-255,5738,282885,94,294823
15922,0.074763,172.31.47.0-255,66,282951,94,294823
15923,0.07711,172.217.194.0-255,2902,285853,94,294823
15924,0.077114,172.31.47.0-255,66,285919,94,294823
15925,0.077167,172.217.194.0-255,2902,288821,94,294823
15926,0.077171,172.31.47.0-255,66,288887,94,294823
15927,0.079436,172.217.194.0-255,2902,291789,94,294823
15928,0.079441,172.31.47.0-255,66,291855,94,294823
15929,0.079488,172.217.194.0-255,2902,294757,94,294823
15930,0.079492,172.31.47.0-255,66,294823,94,294823
15931,0.0,172.217.194.0-255,153,153,94,283198
15932,2e-05,172.31.47.0-255,66,219,94,283198
15933,2.7e-05,172.217.194.0-255,1484,1703,94,283198
15934,3.2e-05,172.31.47.0-255,66,1769,94,283198
15935,4.5e-05,172.217.194.0-255,2902,4671,94,283198
15936,4.8e-05,172.31.47.0-255,66,4737,94,283198
15937,5.5e-05,172.217.194.0-255,7156,11893,94,283198
15938,5.8e-05,172.31.47.0-255,66,11959,94,283198
15939,6.4e-05,172.217.194.0-255,4996,16955,94,283198
15940,6.7e-05,172.31.47.0-255,66,17021,94,283198
15941,8.2e-05,172.31.47.0-255,66,17087,94,283198
15942,0.000136,172.217.194.0-255,1484,18571,94,283198
15943,0.000139,172.31.47.0-255,66,18637,94,283198
15944,0.000145,172.217.194.0-255,2902,21539,94,283198
15945,0.000147,172.31.47.0-255,66,21605,94,283198
15946,0.000183,172.217.194.0-255,5738,27343,94,283198
15947,0.000186,172.31.47.0-255,66,27409,94,283198
15948,0.000197,172.31.47.0-255,66,27475,94,283198
15949,0.00025,172.31.47.0-255,66,27541,94,283198
15950,0.000252,172.217.194.0-255,429,27970,94,283198
15951,0.000254,172.31.47.0-255,66,28036,94,283198
15952,0.000577,172.217.194.0-255,1484,29520,94,283198
15953,0.000582,172.31.47.0-255,66,29586,94,283198
15954,0.00059,172.217.194.0-255,2902,32488,94,283198
15955,0.000592,172.31.47.0-255,66,32554,94,283198
15956,0.000604,172.217.194.0-255,5738,38292,94,283198
15957,0.000607,172.31.47.0-255,66,38358,94,283198
15958,0.000612,172.217.194.0-255,2902,41260,94,283198
15959,0.000614,172.31.47.0-255,66,41326,94,283198
15960,0.000659,172.31.47.0-255,66,41392,94,283198
15961,0.000676,172.31.47.0-255,66,41458,94,283198
15962,0.001496,172.217.194.0-255,1484,42942,94,283198
15963,0.001507,172.217.194.0-255,2902,45844,94,283198
15964,0.001511,172.31.47.0-255,66,45910,94,283198
15965,0.001519,172.217.194.0-255,5738,51648,94,283198
15966,0.001521,172.31.47.0-255,66,51714,94,283198
15967,0.001539,172.31.47.0-255,66,51780,94,283198
15968,0.001543,172.217.194.0-255,1484,53264,94,283198
15969,0.001586,172.31.47.0-255,66,53330,94,283198
15970,0.001965,172.217.194.0-255,1484,54814,94,283198
15971,0.001974,172.217.194.0-255,2902,57716,94,283198
15972,0.001978,172.31.47.0-255,66,57782,94,283198
15973,0.002016,172.217.194.0-255,5738,63520,94,283198
15974,0.002019,172.31.47.0-255,66,63586,94,283198
15975,0.002026,172.217.194.0-255,5738,69324,94,283198
15976,0.002028,172.31.47.0-255,66,69390,94,283198
15977,0.002045,172.31.47.0-255,66,69456,94,283198
15978,0.002048,172.217.194.0-255,1484,70940,94,283198
15979,0.00208,172.217.194.0-255,3602,74542,94,283198
15980,0.002082,172.31.47.0-255,66,74608,94,283198
15981,0.002105,172.217.194.0-255,1484,76092,94,283198
15982,0.002108,172.217.194.0-255,1484,77576,94,283198
15983,0.002109,172.31.47.0-255,66,77642,94,283198
15984,0.002131,172.217.194.0-255,1484,79126,94,283198
15985,0.002137,172.217.194.0-255,5738,84864,94,283198
15986,0.002139,172.31.47.0-255,66,84930,94,283198
15987,0.002143,172.217.194.0-255,2902,87832,94,283198
15988,0.002145,172.31.47.0-255,66,87898,94,283198
15989,0.002183,172.31.47.0-255,66,87964,94,283198
15990,0.002193,172.31.47.0-255,66,88030,94,283198
15991,0.0022,172.217.194.0-255,766,88796,94,283198
15992,0.004505,172.217.194.0-255,4320,93116,94,283198
15993,0.00451,172.31.47.0-255,66,93182,94,283198
15994,0.006828,172.217.194.0-255,5738,98920,94,283198
15995,0.006833,172.31.47.0-255,66,98986,94,283198
15996,0.009185,172.217.194.0-255,5738,104724,94,283198
15997,0.009192,172.31.47.0-255,66,104790,94,283198
15998,0.011538,172.217.194.0-255,5738,110528,94,283198
15999,0.011547,172.31.47.0-255,66,110594,94,283198
16000,0.013899,172.217.194.0-255,5738,116332,94,283198
16001,0.01391,172.31.47.0-255,66,116398,94,283198
16002,0.016264,172.217.194.0-255,5738,122136,94,283198
16003,0.016275,172.31.47.0-255,66,122202,94,283198
16004,0.018583,172.217.194.0-255,5738,127940,94,283198
16005,0.018591,172.31.47.0-255,66,128006,94,283198
16006,0.020931,172.217.194.0-255,5738,133744,94,283198
16007,0.020939,172.31.47.0-255,66,133810,94,283198
16008,0.023275,172.217.194.0-255,5738,139548,94,283198
16009,0.02328,172.31.47.0-255,66,139614,94,283198
16010,0.024044,172.31.47.0-255,172,139786,94,283198
16011,0.024081,172.31.47.0-255,1116,140902,94,283198
16012,0.024139,172.31.47.0-255,1514,142416,94,283198
16013,0.024141,172.31.47.0-255,1288,143704,94,283198
16014,0.025601,172.217.194.0-255,5738,149442,94,283198
16015,0.025607,172.31.47.0-255,66,149508,94,283198
16016,0.025617,104.244.42.0-255,66,149574,94,283198
16017,0.025622,104.244.42.0-255,66,149640,94,283198
16018,0.025669,104.244.42.0-255,66,149706,94,283198
16019,0.027944,172.217.194.0-255,5738,155444,94,283198
16020,0.02795,172.31.47.0-255,66,155510,94,283198
16021,0.030295,172.217.194.0-255,5738,161248,94,283198
16022,0.030303,172.31.47.0-255,66,161314,94,283198
16023,0.032613,172.217.194.0-255,5738,167052,94,283198
16024,0.032619,172.31.47.0-255,66,167118,94,283198
16025,0.034952,172.217.194.0-255,5738,172856,94,283198
16026,0.034958,172.31.47.0-255,66,172922,94,283198
16027,0.037278,172.217.194.0-255,5738,178660,94,283198
16028,0.037283,172.31.47.0-255,66,178726,94,283198
16029,0.039584,172.217.194.0-255,5738,184464,94,283198
16030,0.039593,172.31.47.0-255,66,184530,94,283198
16031,0.041931,172.217.194.0-255,5738,190268,94,283198
16032,0.041937,172.31.47.0-255,66,190334,94,283198
16033,0.044259,172.217.194.0-255,5738,196072,94,283198
16034,0.044264,172.31.47.0-255,66,196138,94,283198
16035,0.046554,172.217.194.0-255,5738,201876,94,283198
16036,0.046561,172.31.47.0-255,66,201942,94,283198
16037,0.048896,172.217.194.0-255,5738,207680,94,283198
16038,0.048903,172.31.47.0-255,66,207746,94,283198
16039,0.051216,172.217.194.0-255,5738,213484,94,283198
16040,0.051223,172.31.47.0-255,66,213550,94,283198
16041,0.053549,172.217.194.0-255,5738,219288,94,283198
16042,0.053555,172.31.47.0-255,66,219354,94,283198
16043,0.055872,172.217.194.0-255,5738,225092,94,283198
16044,0.055878,172.31.47.0-255,66,225158,94,283198
16045,0.05822,172.217.194.0-255,5738,230896,94,283198
16046,0.058228,172.31.47.0-255,66,230962,94,283198
16047,0.060552,172.217.194.0-255,5738,236700,94,283198
16048,0.060559,172.31.47.0-255,66,236766,94,283198
16049,0.062879,172.217.194.0-255,5738,242504,94,283198
16050,0.062887,172.31.47.0-255,66,242570,94,283198
16051,0.065207,172.217.194.0-255,5738,248308,94,283198
16052,0.065214,172.31.47.0-255,66,248374,94,283198
16053,0.067512,172.217.194.0-255,5738,254112,94,283198
16054,0.067519,172.31.47.0-255,66,254178,94,283198
16055,0.06983,172.217.194.0-255,5738,259916,94,283198
16056,0.069836,172.31.47.0-255,66,259982,94,283198
16057,0.072169,172.217.194.0-255,5738,265720,94,283198
16058,0.072175,172.31.47.0-255,66,265786,94,283198
16059,0.074514,172.217.194.0-255,5738,271524,94,283198
16060,0.07452,172.31.47.0-255,66,271590,94,283198
16061,0.076851,172.217.194.0-255,5738,277328,94,283198
16062,0.076858,172.31.47.0-255,66,277394,94,283198
16063,0.079188,172.217.194.0-255,5738,283132,94,283198
16064,0.079194,172.31.47.0-255,66,283198,94,283198
16065,0.0,172.217.194.0-255,153,153,94,213658
16066,2.9e-05,172.31.47.0-255,66,219,94,213658
16067,3.5e-05,172.217.194.0-255,1484,1703,94,213658
16068,3.9e-05,172.31.47.0-255,66,1769,94,213658
16069,4.3e-05,172.217.194.0-255,2902,4671,94,213658
16070,4.5e-05,172.31.47.0-255,66,4737,94,213658
16071,5.2e-05,172.217.194.0-255,7156,11893,94,213658
16072,5.4e-05,172.31.47.0-255,66,11959,94,213658
16073,5.8e-05,172.217.194.0-255,2256,14215,94,213658
16074,6e-05,172.31.47.0-255,66,14281,94,213658
16075,9.9e-05,172.217.194.0-255,1484,15765,94,213658
16076,0.000101,172.31.47.0-255,66,15831,94,213658
16077,0.000131,172.31.47.0-255,66,15897,94,213658
16078,0.000133,172.217.194.0-255,1484,17381,94,213658
16079,0.000134,172.31.47.0-255,66,17447,94,213658
16080,0.000158,172.217.194.0-255,3961,21408,94,213658
16081,0.000161,172.31.47.0-255,66,21474,94,213658
16082,0.000328,172.217.194.0-255,1484,22958,94,213658
16083,0.000332,172.31.47.0-255,66,23024,94,213658
16084,0.000337,172.217.194.0-255,2902,25926,94,213658
16085,0.000338,172.31.47.0-255,66,25992,94,213658
16086,0.000341,172.217.194.0-255,1484,27476,94,213658
16087,0.000342,172.31.47.0-255,66,27542,94,213658
16088,0.000375,172.217.194.0-255,4320,31862,94,213658
16089,0.000377,172.31.47.0-255,66,31928,94,213658
16090,0.000383,172.217.194.0-255,6797,38725,94,213658
16091,0.000385,172.31.47.0-255,66,38791,94,213658
16092,0.000389,172.217.194.0-255,2902,41693,94,213658
16093,0.000391,172.31.47.0-255,66,41759,94,213658
16094,0.000426,172.31.47.0-255,66,41825,94,213658
16095,0.00043,172.217.194.0-255,2543,44368,94,213658
16096,0.000431,172.31.47.0-255,66,44434,94,213658
16097,0.000689,172.217.194.0-255,647,45081,94,213658
16098,0.000715,172.31.47.0-255,66,45147,94,213658
16099,0.000804,172.217.194.0-255,1484,46631,94,213658
16100,0.000811,172.217.194.0-255,2902,49533,94,213658
16101,0.000815,172.31.47.0-255,66,49599,94,213658
16102,0.000841,172.217.194.0-255,5738,55337,94,213658
16103,0.000844,172.31.47.0-255,66,55403,94,213658
16104,0.000867,172.31.47.0-255,66,55469,94,213658
16105,0.000894,172.31.47.0-255,66,55535,94,213658
16106,0.000911,172.217.194.0-255,2184,57719,94,213658
16107,0.000914,172.31.47.0-255,66,57785,94,213658
16108,0.001028,172.217.194.0-255,1484,59269,94,213658
16109,0.001033,172.217.194.0-255,2902,62171,94,213658
16110,0.001035,172.217.194.0-255,1484,63655,94,213658
16111,0.00104,172.31.47.0-255,66,63721,94,213658
16112,0.00105,172.217.194.0-255,4320,68041,94,213658
16113,0.001053,172.31.47.0-255,66,68107,94,213658
16114,0.001086,172.31.47.0-255,66,68173,94,213658
16115,0.001096,172.31.47.0-255,66,68239,94,213658
16116,0.001144,172.217.194.0-255,1484,69723,94,213658
16117,0.001148,172.217.194.0-255,2902,72625,94,213658
16118,0.001151,172.31.47.0-255,66,72691,94,213658
16119,0.001156,172.217.194.0-255,2902,75593,94,213658
16120,0.001158,172.31.47.0-255,66,75659,94,213658
16121,0.001174,172.217.194.0-255,2902,78561,94,213658
16122,0.001177,172.31.47.0-255,66,78627,94,213658
16123,0.001183,172.217.194.0-255,7156,85783,94,213658
16124,0.001185,172.31.47.0-255,66,85849,94,213658
16125,0.001209,172.217.194.0-255,5738,91587,94,213658
16126,0.001212,172.31.47.0-255,66,91653,94,213658
16127,0.001215,172.217.194.0-255,1484,93137,94,213658
16128,0.001236,172.217.194.0-255,5738,98875,94,213658
16129,0.001239,172.31.47.0-255,66,98941,94,213658
16130,0.00126,172.217.194.0-255,3602,102543,94,213658
16131,0.001263,172.31.47.0-255,66,102609,94,213658
16132,0.001283,172.217.194.0-255,5738,108347,94,213658
16133,0.001286,172.31.47.0-255,66,108413,94,213658
16134,0.00129,172.217.194.0-255,2902,111315,94,213658
16135,0.001291,172.31.47.0-255,66,111381,94,213658
16136,0.001311,172.217.194.0-255,4320,115701,94,213658
16137,0.001314,172.217.194.0-255,4320,120021,94,213658
16138,0.001318,172.31.47.0-255,66,120087,94,213658
16139,0.00132,172.31.47.0-255,66,120153,94,213658
16140,0.001352,172.217.194.0-255,6438,126591,94,213658
16141,0.00136,172.31.47.0-255,66,126657,94,213658
16142,0.001366,172.31.47.0-255,66,126723,94,213658
16143,0.001378,172.217.194.0-255,1484,128207,94,213658
16144,0.001394,172.217.194.0-255,2902,131109,94,213658
16145,0.001396,172.31.47.0-255,66,131175,94,213658
16146,0.001402,172.217.194.0-255,5738,136913,94,213658
16147,0.001404,172.31.47.0-255,66,136979,94,213658
16148,0.001421,172.217.194.0-255,1484,138463,94,213658
16149,0.001441,172.31.47.0-255,66,138529,94,213658
16150,0.001462,172.217.194.0-255,2902,141431,94,213658
16151,0.001464,172.31.47.0-255,66,141497,94,213658
16152,0.001474,172.31.47.0-255,66,141563,94,213658
16153,0.00165,172.217.194.0-255,1484,143047,94,213658
16154,0.001665,172.217.194.0-255,2902,145949,94,213658
16155,0.001669,172.217.194.0-255,4320,150269,94,213658
16156,0.001672,172.31.47.0-255,66,150335,94,213658
16157,0.001675,172.31.47.0-255,66,150401,94,213658
16158,0.001693,172.217.194.0-255,1484,151885,94,213658
16159,0.001708,172.31.47.0-255,66,151951,94,213658
16160,0.001733,172.31.47.0-255,66,152017,94,213658
16161,0.001766,172.217.194.0-255,1484,153501,94,213658
16162,0.00177,172.217.194.0-255,2902,156403,94,213658
16163,0.001772,172.31.47.0-255,66,156469,94,213658
16164,0.001777,172.217.194.0-255,4320,160789,94,213658
16165,0.001778,172.31.47.0-255,66,160855,94,213658
16166,0.001794,172.217.194.0-255,1484,162339,94,213658
16167,0.001799,172.217.194.0-255,7156,169495,94,213658
16168,0.001801,172.31.47.0-255,66,169561,94,213658
16169,0.001833,172.31.47.0-255,66,169627,94,213658
16170,0.001836,172.217.194.0-255,2184,171811,94,213658
16171,0.001838,172.31.47.0-255,66,171877,94,213658
16172,0.001903,172.217.194.0-255,1484,173361,94,213658
16173,0.001921,172.217.194.0-255,2902,176263,94,213658
16174,0.001924,172.31.47.0-255,66,176329,94,213658
16175,0.001944,172.217.194.0-255,5738,182067,94,213658
16176,0.001946,172.31.47.0-255,66,182133,94,213658
16177,0.001978,172.31.47.0-255,66,182199,94,213658
16178,0.002034,172.31.47.0-255,66,182265,94,213658
16179,0.002045,172.31.47.0-255,66,182331,94,213658
16180,0.002072,172.31.47.0-255,66,182397,94,213658
16181,0.002095,172.217.194.0-255,7156,189553,94,213658
16182,0.002098,172.31.47.0-255,66,189619,94,213658
16183,0.002109,172.31.47.0-255,66,189685,94,213658
16184,0.002121,172.217.194.0-255,6438,196123,94,213658
16185,0.002123,172.31.47.0-255,66,196189,94,213658
16186,0.00214,172.217.194.0-255,5738,201927,94,213658
16187,0.002147,172.31.47.0-255,66,201993,94,213658
16188,0.002172,172.217.194.0-255,6967,208960,94,213658
16189,0.002181,172.31.47.0-255,66,209026,94,213658
16190,0.002224,172.217.194.0-255,105,209131,94,213658
16191,0.003673,172.31.47.0-255,66,209197,94,213658
16192,0.003705,172.31.47.0-255,105,209302,94,213658
16193,0.005977,172.217.194.0-255,66,209368,94,213658
16194,0.021947,172.31.47.0-255,172,209540,94,213658
16195,0.021977,172.31.47.0-255,1112,210652,94,213658
16196,0.022024,172.31.47.0-255,1514,212166,94,213658
16197,0.022026,172.31.47.0-255,1294,213460,94,213658
16198,0.02343,104.244.42.0-255,66,213526,94,213658
16199,0.023455,104.244.42.0-255,66,213592,94,213658
16200,0.023517,104.244.42.0-255,66,213658,94,213658
16201,0.0,172.217.194.0-255,66,66,94,66
16202,0.0,172.31.47.0-255,105,105,94,171
16203,0.015998,172.31.47.0-255,66,171,94,171
16204,0.0,74.125.24.0-255,153,153,94,348615
16205,1.3e-05,172.31.47.0-255,66,219,94,348615
16206,1.8e-05,74.125.24.0-255,1484,1703,94,348615
16207,2.2e-05,172.31.47.0-255,66,1769,94,348615
16208,2.6e-05,74.125.24.0-255,2902,4671,94,348615
16209,2.8e-05,172.31.47.0-255,66,4737,94,348615
16210,5.8e-05,74.125.24.0-255,5738,10475,94,348615
16211,6e-05,172.31.47.0-255,66,10541,94,348615
16212,7.6e-05,74.125.24.0-255,3386,13927,94,348615
16213,7.8e-05,172.31.47.0-255,66,13993,94,348615
16214,0.000139,74.125.24.0-255,1484,15477,94,348615
16215,0.000142,172.31.47.0-255,66,15543,94,348615
16216,0.000146,74.125.24.0-255,2902,18445,94,348615
16217,0.000147,172.31.47.0-255,66,18511,94,348615
16218,0.000158,74.125.24.0-255,1484,19995,94,348615
16219,0.000159,172.31.47.0-255,66,20061,94,348615
16220,0.000174,74.125.24.0-255,2902,22963,94,348615
16221,0.000177,172.31.47.0-255,66,23029,94,348615
16222,0.000181,74.125.24.0-255,5738,28767,94,348615
16223,0.000183,172.31.47.0-255,66,28833,94,348615
16224,0.000218,74.125.24.0-255,2543,31376,94,348615
16225,0.000221,172.31.47.0-255,66,31442,94,348615
16226,0.000273,74.125.24.0-255,1484,32926,94,348615
16227,0.000276,172.31.47.0-255,66,32992,94,348615
16228,0.00028,74.125.24.0-255,2902,35894,94,348615
16229,0.000283,172.31.47.0-255,66,35960,94,348615
16230,0.000288,74.125.24.0-255,5738,41698,94,348615
16231,0.00029,172.31.47.0-255,66,41764,94,348615
16232,0.000315,74.125.24.0-255,4320,46084,94,348615
16233,0.000318,172.31.47.0-255,66,46150,94,348615
16234,0.000348,172.31.47.0-255,66,46216,94,348615
16235,0.000356,172.31.47.0-255,66,46282,94,348615
16236,0.000377,74.125.24.0-255,1434,47716,94,348615
16237,0.000379,172.31.47.0-255,66,47782,94,348615
16238,0.000403,74.125.24.0-255,378,48160,94,348615
16239,0.000405,172.31.47.0-255,66,48226,94,348615
16240,0.000692,74.125.24.0-255,1484,49710,94,348615
16241,0.000695,172.31.47.0-255,66,49776,94,348615
16242,0.000699,74.125.24.0-255,2902,52678,94,348615
16243,0.000701,172.31.47.0-255,66,52744,94,348615
16244,0.000704,74.125.24.0-255,1484,54228,94,348615
16245,0.000705,172.31.47.0-255,66,54294,94,348615
16246,0.000724,74.125.24.0-255,4320,58614,94,348615
16247,0.000726,172.31.47.0-255,66,58680,94,348615
16248,0.000751,74.125.24.0-255,7156,65836,94,348615
16249,0.000754,172.31.47.0-255,66,65902,94,348615
16250,0.000777,74.125.24.0-255,5738,71640,94,348615
16251,0.00078,172.31.47.0-255,66,71706,94,348615
16252,0.000787,172.31.47.0-255,66,71772,94,348615
16253,0.00079,74.125.24.0-255,2184,73956,94,348615
16254,0.000792,172.31.47.0-255,66,74022,94,348615
16255,0.001307,74.125.24.0-255,1484,75506,94,348615
16256,0.001314,74.125.24.0-255,2902,78408,94,348615
16257,0.001317,172.31.47.0-255,66,78474,94,348615
16258,0.001322,74.125.24.0-255,4320,82794,94,348615
16259,0.001323,172.31.47.0-255,66,82860,94,348615
16260,0.001335,74.125.24.0-255,1484,84344,94,348615
16261,0.00134,74.125.24.0-255,4320,88664,94,348615
16262,0.001342,172.31.47.0-255,66,88730,94,348615
16263,0.001356,74.125.24.0-255,4320,93050,94,348615
16264,0.001358,172.31.47.0-255,66,93116,94,348615
16265,0.00139,74.125.24.0-255,2902,96018,94,348615
16266,0.001392,172.31.47.0-255,66,96084,94,348615
16267,0.001419,172.31.47.0-255,66,96150,94,348615
16268,0.001586,74.125.24.0-255,1484,97634,94,348615
16269,0.001592,74.125.24.0-255,2902,100536,94,348615
16270,0.001595,172.31.47.0-255,66,100602,94,348615
16271,0.001601,74.125.24.0-255,5738,106340,94,348615
16272,0.001603,172.31.47.0-255,66,106406,94,348615
16273,0.001649,74.125.24.0-255,2902,109308,94,348615
16274,0.001653,172.31.47.0-255,66,109374,94,348615
16275,0.001663,172.31.47.0-255,66,109440,94,348615
16276,0.00167,74.125.24.0-255,7156,116596,94,348615
16277,0.001671,172.31.47.0-255,66,116662,94,348615
16278,0.001693,74.125.24.0-255,3602,120264,94,348615
16279,0.001696,172.31.47.0-255,66,120330,94,348615
16280,0.001733,74.125.24.0-255,1484,121814,94,348615
16281,0.001738,74.125.24.0-255,2902,124716,94,348615
16282,0.001741,172.31.47.0-255,66,124782,94,348615
16283,0.001744,74.125.24.0-255,1484,126266,94,348615
16284,0.001758,74.125.24.0-255,4320,130586,94,348615
16285,0.001761,172.31.47.0-255,66,130652,94,348615
16286,0.001766,74.125.24.0-255,5738,136390,94,348615
16287,0.001768,172.31.47.0-255,66,136456,94,348615
16288,0.001811,74.125.24.0-255,5020,141476,94,348615
16289,0.00182,172.31.47.0-255,66,141542,94,348615
16290,0.001823,172.31.47.0-255,66,141608,94,348615
16291,0.001903,74.125.24.0-255,1484,143092,94,348615
16292,0.001909,74.125.24.0-255,2902,145994,94,348615
16293,0.001913,172.31.47.0-255,66,146060,94,348615
16294,0.001917,74.125.24.0-255,2902,148962,94,348615
16295,0.001919,172.31.47.0-255,66,149028,94,348615
16296,0.001934,74.125.24.0-255,2902,151930,94,348615
16297,0.001938,172.31.47.0-255,66,151996,94,348615
16298,0.001954,172.31.47.0-255,66,152062,94,348615
16299,0.001974,74.125.24.0-255,2902,154964,94,348615
16300,0.001991,74.125.24.0-255,7156,162120,94,348615
16301,0.002005,74.125.24.0-255,3602,165722,94,348615
16302,0.002008,172.31.47.0-255,66,165788,94,348615
16303,0.002013,172.31.47.0-255,66,165854,94,348615
16304,0.004015,74.125.24.0-255,1484,167338,94,348615
16305,0.004035,74.125.24.0-255,4320,171658,94,348615
16306,0.004038,172.31.47.0-255,66,171724,94,348615
16307,0.00605,74.125.24.0-255,5738,177462,94,348615
16308,0.006055,172.31.47.0-255,66,177528,94,348615
16309,0.008089,74.125.24.0-255,5738,183266,94,348615
16310,0.008097,172.31.47.0-255,66,183332,94,348615
16311,0.010121,74.125.24.0-255,5738,189070,94,348615
16312,0.010128,172.31.47.0-255,66,189136,94,348615
16313,0.012158,74.125.24.0-255,5738,194874,94,348615
16314,0.012167,172.31.47.0-255,66,194940,94,348615
16315,0.014197,74.125.24.0-255,5738,200678,94,348615
16316,0.014206,172.31.47.0-255,66,200744,94,348615
16317,0.016237,74.125.24.0-255,5738,206482,94,348615
16318,0.016242,172.31.47.0-255,66,206548,94,348615
16319,0.018253,74.125.24.0-255,5738,212286,94,348615
16320,0.018259,172.31.47.0-255,66,212352,94,348615
16321,0.020249,74.125.24.0-255,5738,218090,94,348615
16322,0.020254,172.31.47.0-255,66,218156,94,348615
16323,0.021366,172.31.47.0-255,172,218328,94,348615
16324,0.021451,172.31.47.0-255,1117,219445,94,348615
16325,0.021521,172.31.47.0-255,1514,220959,94,348615
16326,0.021523,172.31.47.0-255,1287,222246,94,348615
16327,0.022257,74.125.24.0-255,5738,227984,94,348615
16328,0.022264,172.31.47.0-255,66,228050,94,348615
16329,0.022921,104.244.42.0-255,66,228116,94,348615
16330,0.023023,104.244.42.0-255,66,228182,94,348615
16331,0.023113,104.244.42.0-255,66,228248,94,348615
16332,0.024249,74.125.24.0-255,5738,233986,94,348615
16333,0.024253,172.31.47.0-255,66,234052,94,348615
16334,0.02628,74.125.24.0-255,5738,239790,94,348615
16335,0.026289,172.31.47.0-255,66,239856,94,348615
16336,0.028307,74.125.24.0-255,5738,245594,94,348615
16337,0.028313,172.31.47.0-255,66,245660,94,348615
16338,0.030336,74.125.24.0-255,4320,249980,94,348615
16339,0.030342,172.31.47.0-255,66,250046,94,348615
16340,0.030358,74.125.24.0-255,1484,251530,94,348615
16341,0.032404,74.125.24.0-255,4320,255850,94,348615
16342,0.032408,172.31.47.0-255,66,255916,94,348615
16343,0.03441,74.125.24.0-255,5738,261654,94,348615
16344,0.034415,172.31.47.0-255,66,261720,94,348615
16345,0.03645,74.125.24.0-255,5738,267458,94,348615
16346,0.036454,172.31.47.0-255,66,267524,94,348615
16347,0.038465,74.125.24.0-255,5738,273262,94,348615
16348,0.038471,172.31.47.0-255,66,273328,94,348615
16349,0.04048,74.125.24.0-255,5738,279066,94,348615
16350,0.040486,172.31.47.0-255,66,279132,94,348615
16351,0.04251,74.125.24.0-255,5738,284870,94,348615
16352,0.042515,172.31.47.0-255,66,284936,94,348615
16353,0.044544,74.125.24.0-255,5738,290674,94,348615
16354,0.044549,172.31.47.0-255,66,290740,94,348615
16355,0.046546,74.125.24.0-255,5738,296478,94,348615
16356,0.046551,172.31.47.0-255,66,296544,94,348615
16357,0.048563,74.125.24.0-255,5738,302282,94,348615
16358,0.048568,172.31.47.0-255,66,302348,94,348615
16359,0.050588,74.125.24.0-255,5738,308086,94,348615
16360,0.050594,172.31.47.0-255,66,308152,94,348615
16361,0.052638,74.125.24.0-255,5738,313890,94,348615
16362,0.052644,172.31.47.0-255,66,313956,94,348615
16363,0.054682,74.125.24.0-255,5738,319694,94,348615
16364,0.05469,172.31.47.0-255,66,319760,94,348615
16365,0.056679,74.125.24.0-255,5738,325498,94,348615
16366,0.056683,172.31.47.0-255,66,325564,94,348615
16367,0.058689,74.125.24.0-255,5738,331302,94,348615
16368,0.058694,172.31.47.0-255,66,331368,94,348615
16369,0.060714,74.125.24.0-255,5738,337106,94,348615
16370,0.060719,172.31.47.0-255,66,337172,94,348615
16371,0.062748,74.125.24.0-255,5738,342910,94,348615
16372,0.062754,172.31.47.0-255,66,342976,94,348615
16373,0.064908,74.125.24.0-255,5402,348378,94,348615
16374,0.064913,172.31.47.0-255,66,348444,94,348615
16375,0.065089,172.31.47.0-255,105,348549,94,348615
16376,0.067075,74.125.24.0-255,66,348615,94,348615
16377,0.0,74.125.24.0-255,153,153,94,285718
16378,2.7e-05,172.31.47.0-255,66,219,94,285718
16379,3.4e-05,74.125.24.0-255,1484,1703,94,285718
16380,3.8e-05,172.31.47.0-255,66,1769,94,285718
16381,5.1e-05,74.125.24.0-255,2902,4671,94,285718
16382,5.4e-05,172.31.47.0-255,66,4737,94,285718
16383,5.9e-05,74.125.24.0-255,4320,9057,94,285718
16384,6.1e-05,172.31.47.0-255,66,9123,94,285718
16385,9.3e-05,74.125.24.0-255,4965,14088,94,285718
16386,9.6e-05,172.31.47.0-255,66,14154,94,285718
16387,0.000137,74.125.24.0-255,5738,19892,94,285718
16388,0.000141,172.31.47.0-255,66,19958,94,285718
16389,0.000145,74.125.24.0-255,2902,22860,94,285718
16390,0.000148,172.31.47.0-255,66,22926,94,285718
16391,0.000204,74.125.24.0-255,4320,27246,94,285718
16392,0.000207,172.31.47.0-255,66,27312,94,285718
16393,0.000234,74.125.24.0-255,3961,31273,94,285718
16394,0.000237,172.31.47.0-255,66,31339,94,285718
16395,0.000275,74.125.24.0-255,1484,32823,94,285718
16396,0.00028,172.31.47.0-255,66,32889,94,285718
16397,0.000301,74.125.24.0-255,2902,35791,94,285718
16398,0.000303,172.31.47.0-255,66,35857,94,285718
16399,0.00031,74.125.24.0-255,5738,41595,94,285718
16400,0.000312,172.31.47.0-255,66,41661,94,285718
16401,0.000367,172.31.47.0-255,66,41727,94,285718
16402,0.000402,172.31.47.0-255,66,41793,94,285718
16403,0.000431,74.125.24.0-255,1125,42918,94,285718
16404,0.000434,172.31.47.0-255,66,42984,94,285718
16405,0.000438,74.125.24.0-255,398,43382,94,285718
16406,0.000439,172.31.47.0-255,66,43448,94,285718
16407,0.000442,74.125.24.0-255,111,43559,94,285718
16408,0.000616,74.125.24.0-255,333,43892,94,285718
16409,0.000819,172.31.47.0-255,66,43958,94,285718
16410,0.00117,74.125.24.0-255,1484,45442,94,285718
16411,0.001181,74.125.24.0-255,2902,48344,94,285718
16412,0.001185,172.31.47.0-255,66,48410,94,285718
16413,0.001192,74.125.24.0-255,5738,54148,94,285718
16414,0.001194,172.31.47.0-255,66,54214,94,285718
16415,0.001199,74.125.24.0-255,2902,57116,94,285718
16416,0.0012,172.31.47.0-255,66,57182,94,285718
16417,0.001212,74.125.24.0-255,4320,61502,94,285718
16418,0.001214,172.31.47.0-255,66,61568,94,285718
16419,0.001217,74.125.24.0-255,1484,63052,94,285718
16420,0.001255,74.125.24.0-255,7156,70208,94,285718
16421,0.001258,172.31.47.0-255,66,70274,94,285718
16422,0.001268,172.31.47.0-255,66,70340,94,285718
16423,0.00216,74.125.24.0-255,1484,71824,94,285718
16424,0.002176,74.125.24.0-255,2902,74726,94,285718
16425,0.00218,172.31.47.0-255,66,74792,94,285718
16426,0.002187,74.125.24.0-255,5738,80530,94,285718
16427,0.002188,172.31.47.0-255,66,80596,94,285718
16428,0.002216,74.125.24.0-255,7156,87752,94,285718
16429,0.002218,172.31.47.0-255,66,87818,94,285718
16430,0.00224,74.125.24.0-255,5738,93556,94,285718
16431,0.002242,172.31.47.0-255,66,93622,94,285718
16432,0.002268,74.125.24.0-255,2902,96524,94,285718
16433,0.00227,172.31.47.0-255,66,96590,94,285718
16434,0.002305,172.31.47.0-255,66,96656,94,285718
16435,0.00462,74.125.24.0-255,5738,102394,94,285718
16436,0.004626,172.31.47.0-255,66,102460,94,285718
16437,0.006927,74.125.24.0-255,5738,108198,94,285718
16438,0.006934,172.31.47.0-255,66,108264,94,285718
16439,0.009255,74.125.24.0-255,5738,114002,94,285718
16440,0.009262,172.31.47.0-255,66,114068,94,285718
16441,0.011563,74.125.24.0-255,5738,119806,94,285718
16442,0.01157,172.31.47.0-255,66,119872,94,285718
16443,0.01388,74.125.24.0-255,5738,125610,94,285718
16444,0.01389,172.31.47.0-255,66,125676,94,285718
16445,0.016202,74.125.24.0-255,5738,131414,94,285718
16446,0.01621,172.31.47.0-255,66,131480,94,285718
16447,0.018509,74.125.24.0-255,5738,137218,94,285718
16448,0.018516,172.31.47.0-255,66,137284,94,285718
16449,0.020805,74.125.24.0-255,5738,143022,94,285718
16450,0.020811,172.31.47.0-255,66,143088,94,285718
16451,0.0231,74.125.24.0-255,5738,148826,94,285718
16452,0.023107,172.31.47.0-255,66,148892,94,285718
16453,0.025417,74.125.24.0-255,5738,154630,94,285718
16454,0.025424,172.31.47.0-255,66,154696,94,285718
16455,0.027736,74.125.24.0-255,5738,160434,94,285718
16456,0.027742,172.31.47.0-255,66,160500,94,285718
16457,0.028227,172.31.47.0-255,172,160672,94,285718
16458,0.028253,172.31.47.0-255,1108,161780,94,285718
16459,0.028294,172.31.47.0-255,1514,163294,94,285718
16460,0.028315,172.31.47.0-255,1298,164592,94,285718
16461,0.029725,104.244.42.0-255,66,164658,94,285718
16462,0.02975,104.244.42.0-255,66,164724,94,285718
16463,0.029811,104.244.42.0-255,66,164790,94,285718
16464,0.03004,74.125.24.0-255,4320,169110,94,285718
16465,0.030045,172.31.47.0-255,66,169176,94,285718
16466,0.030079,74.125.24.0-255,1484,170660,94,285718
16467,0.032343,74.125.24.0-255,4320,174980,94,285718
16468,0.032349,172.31.47.0-255,66,175046,94,285718
16469,0.034671,74.125.24.0-255,5738,180784,94,285718
16470,0.034677,172.31.47.0-255,66,180850,94,285718
16471,0.036982,74.125.24.0-255,4320,185170,94,285718
16472,0.036987,172.31.47.0-255,66,185236,94,285718
16473,0.037011,74.125.24.0-255,1484,186720,94,285718
16474,0.039284,74.125.24.0-255,2902,189622,94,285718
16475,0.03929,172.31.47.0-255,66,189688,94,285718
16476,0.039322,74.125.24.0-255,1484,191172,94,285718
16477,0.041583,74.125.24.0-255,4320,195492,94,285718
16478,0.041588,172.31.47.0-255,66,195558,94,285718
16479,0.043918,74.125.24.0-255,5738,201296,94,285718
16480,0.043923,172.31.47.0-255,66,201362,94,285718
16481,0.046222,74.125.24.0-255,4320,205682,94,285718
16482,0.046227,172.31.47.0-255,66,205748,94,285718
16483,0.046256,74.125.24.0-255,1484,207232,94,285718
16484,0.048531,74.125.24.0-255,4320,211552,94,285718
16485,0.048537,172.31.47.0-255,66,211618,94,285718
16486,0.050897,74.125.24.0-255,5738,217356,94,285718
16487,0.050902,172.31.47.0-255,66,217422,94,285718
16488,0.053258,74.125.24.0-255,5738,223160,94,285718
16489,0.053277,172.31.47.0-255,66,223226,94,285718
16490,0.055594,74.125.24.0-255,5738,228964,94,285718
16491,0.055606,172.31.47.0-255,66,229030,94,285718
16492,0.057968,74.125.24.0-255,5738,234768,94,285718
16493,0.057987,172.31.47.0-255,66,234834,94,285718
16494,0.060331,74.125.24.0-255,5738,240572,94,285718
16495,0.060348,172.31.47.0-255,66,240638,94,285718
16496,0.062676,74.125.24.0-255,5738,246376,94,285718
16497,0.062684,172.31.47.0-255,66,246442,94,285718
16498,0.065001,74.125.24.0-255,5738,252180,94,285718
16499,0.06502,172.31.47.0-255,66,252246,94,285718
16500,0.067353,74.125.24.0-255,5738,257984,94,285718
16501,0.067372,172.31.47.0-255,66,258050,94,285718
16502,0.06972,74.125.24.0-255,5738,263788,94,285718
16503,0.069739,172.31.47.0-255,66,263854,94,285718
16504,0.07205,74.125.24.0-255,5738,269592,94,285718
16505,0.072058,172.31.47.0-255,66,269658,94,285718
16506,0.074372,74.125.24.0-255,5738,275396,94,285718
16507,0.074378,172.31.47.0-255,66,275462,94,285718
16508,0.076679,74.125.24.0-255,4320,279782,94,285718
16509,0.076684,172.31.47.0-255,66,279848,94,285718
16510,0.076712,74.125.24.0-255,1484,281332,94,285718
16511,0.078993,74.125.24.0-255,4320,285652,94,285718
16512,0.078997,172.31.47.0-255,66,285718,94,285718
16513,0.0,74.125.24.0-255,153,153,94,159933
16514,2.3e-05,172.31.47.0-255,66,219,94,159933
16515,2.8e-05,74.125.24.0-255,1484,1703,94,159933
16516,3.2e-05,172.31.47.0-255,66,1769,94,159933
16517,3.5e-05,74.125.24.0-255,1484,3253,94,159933
16518,3.7e-05,172.31.47.0-255,66,3319,94,159933
16519,4.9e-05,74.125.24.0-255,1484,4803,94,159933
16520,5.1e-05,172.31.47.0-255,66,4869,94,159933
16521,5.5e-05,74.125.24.0-255,2902,7771,94,159933
16522,5.7e-05,172.31.47.0-255,66,7837,94,159933
16523,6.7e-05,74.125.24.0-255,2902,10739,94,159933
16524,7.1e-05,172.31.47.0-255,66,10805,94,159933
16525,0.000101,74.125.24.0-255,1484,12289,94,159933
16526,0.000103,172.31.47.0-255,66,12355,94,159933
16527,0.000132,172.31.47.0-255,66,12421,94,159933
16528,0.000179,172.31.47.0-255,66,12487,94,159933
16529,0.000517,74.125.24.0-255,1484,13971,94,159933
16530,0.000522,172.31.47.0-255,66,14037,94,159933
16531,0.00054,74.125.24.0-255,2902,16939,94,159933
16532,0.000543,172.31.47.0-255,66,17005,94,159933
16533,0.000549,74.125.24.0-255,5738,22743,94,159933
16534,0.00055,172.31.47.0-255,66,22809,94,159933
16535,0.000555,74.125.24.0-255,4320,27129,94,159933
16536,0.000557,172.31.47.0-255,66,27195,94,159933
16537,0.000579,74.125.24.0-255,1484,28679,94,159933
16538,0.000582,172.31.47.0-255,66,28745,94,159933
16539,0.000591,172.31.47.0-255,66,28811,94,159933
16540,0.000608,74.125.24.0-255,5379,34190,94,159933
16541,0.000611,172.31.47.0-255,66,34256,94,159933
16542,0.000616,74.125.24.0-255,4230,38486,94,159933
16543,0.000619,172.31.47.0-255,66,38552,94,159933
16544,0.000637,74.125.24.0-255,134,38686,94,159933
16545,0.000784,172.31.47.0-255,66,38752,94,159933
16546,0.000847,74.125.24.0-255,1484,40236,94,159933
16547,0.000866,74.125.24.0-255,2902,43138,94,159933
16548,0.00087,172.31.47.0-255,66,43204,94,159933
16549,0.000876,74.125.24.0-255,5738,48942,94,159933
16550,0.000878,172.31.47.0-255,66,49008,94,159933
16551,0.000883,74.125.24.0-255,5738,54746,94,159933
16552,0.000885,172.31.47.0-255,66,54812,94,159933
16553,0.00092,74.125.24.0-255,4320,59132,94,159933
16554,0.000923,172.31.47.0-255,66,59198,94,159933
16555,0.000951,172.31.47.0-255,66,59264,94,159933
16556,0.000957,172.31.47.0-255,66,59330,94,159933
16557,0.001001,172.31.47.0-255,66,59396,94,159933
16558,0.001019,74.125.24.0-255,2184,61580,94,159933
16559,0.001022,172.31.47.0-255,66,61646,94,159933
16560,0.001038,74.125.24.0-255,1484,63130,94,159933
16561,0.001048,74.125.24.0-255,1484,64614,94,159933
16562,0.00105,172.31.47.0-255,66,64680,94,159933
16563,0.001063,74.125.24.0-255,1484,66164,94,159933
16564,0.001069,74.125.24.0-255,5738,71902,94,159933
16565,0.001071,172.31.47.0-255,66,71968,94,159933
16566,0.001095,74.125.24.0-255,6797,78765,94,159933
16567,0.001097,172.31.47.0-255,66,78831,94,159933
16568,0.001112,74.125.24.0-255,1484,80315,94,159933
16569,0.001139,172.31.47.0-255,66,80381,94,159933
16570,0.001143,74.125.24.0-255,2902,83283,94,159933
16571,0.001145,172.31.47.0-255,66,83349,94,159933
16572,0.001171,172.31.47.0-255,66,83415,94,159933
16573,0.001198,74.125.24.0-255,3602,87017,94,159933
16574,0.001201,172.31.47.0-255,66,87083,94,159933
16575,0.001268,74.125.24.0-255,348,87431,94,159933
16576,0.001303,74.125.24.0-255,1484,88915,94,159933
16577,0.001306,172.31.47.0-255,66,88981,94,159933
16578,0.001319,74.125.24.0-255,4320,93301,94,159933
16579,0.001321,172.31.47.0-255,66,93367,94,159933
16580,0.001343,74.125.24.0-255,7156,100523,94,159933
16581,0.001345,172.31.47.0-255,66,100589,94,159933
16582,0.001367,74.125.24.0-255,2902,103491,94,159933
16583,0.00137,172.31.47.0-255,66,103557,94,159933
16584,0.001375,74.125.24.0-255,4320,107877,94,159933
16585,0.001376,172.31.47.0-255,66,107943,94,159933
16586,0.001405,74.125.24.0-255,2184,110127,94,159933
16587,0.001405,172.31.47.0-255,66,110193,94,159933
16588,0.001408,172.31.47.0-255,66,110259,94,159933
16589,0.001612,74.125.24.0-255,1484,111743,94,159933
16590,0.00163,74.125.24.0-255,2902,114645,94,159933
16591,0.001633,172.31.47.0-255,66,114711,94,159933
16592,0.001639,74.125.24.0-255,5738,120449,94,159933
16593,0.001641,172.31.47.0-255,66,120515,94,159933
16594,0.001651,74.125.24.0-255,1484,121999,94,159933
16595,0.001665,74.125.24.0-255,5738,127737,94,159933
16596,0.001668,172.31.47.0-255,66,127803,94,159933
16597,0.001671,74.125.24.0-255,1484,129287,94,159933
16598,0.001696,74.125.24.0-255,1484,130771,94,159933
16599,0.001702,172.31.47.0-255,66,130837,94,159933
16600,0.001715,172.31.47.0-255,66,130903,94,159933
16601,0.001717,74.125.24.0-255,1484,132387,94,159933
16602,0.001756,172.31.47.0-255,66,132453,94,159933
16603,0.001767,172.31.47.0-255,66,132519,94,159933
16604,0.001807,172.31.47.0-255,66,132585,94,159933
16605,0.001812,172.31.47.0-255,66,132651,94,159933
16606,0.001851,74.125.24.0-255,4320,136971,94,159933
16607,0.001855,172.31.47.0-255,66,137037,94,159933
16608,0.001889,172.31.47.0-255,66,137103,94,159933
16609,0.001892,74.125.24.0-255,1484,138587,94,159933
16610,0.001919,172.31.47.0-255,66,138653,94,159933
16611,0.00194,172.31.47.0-255,66,138719,94,159933
16612,0.001946,74.125.24.0-255,7156,145875,94,159933
16613,0.001948,172.31.47.0-255,66,145941,94,159933
16614,0.00199,172.31.47.0-255,66,146007,94,159933
16615,0.001996,172.31.47.0-255,66,146073,94,159933
16616,0.002046,74.125.24.0-255,7156,153229,94,159933
16617,0.002049,172.31.47.0-255,66,153295,94,159933
16618,0.002102,172.31.47.0-255,66,153361,94,159933
16619,0.002121,74.125.24.0-255,2902,156263,94,159933
16620,0.002125,172.31.47.0-255,66,156329,94,159933
16621,0.002138,172.31.47.0-255,66,156395,94,159933
16622,0.00214,74.125.24.0-255,105,156500,94,159933
16623,0.003191,172.31.47.0-255,66,156566,94,159933
16624,0.003212,172.31.47.0-255,105,156671,94,159933
16625,0.005712,74.125.24.0-255,66,156737,94,159933
16626,0.023029,172.31.47.0-255,172,156909,94,159933
16627,0.023057,172.31.47.0-255,1116,158025,94,159933
16628,0.023091,172.31.47.0-255,1514,159539,94,159933
16629,0.023093,172.31.47.0-255,328,159867,94,159933
16630,0.024662,104.244.42.0-255,66,159933,94,159933
16631,0.0,74.125.24.0-255,153,153,94,348580
16632,3.2e-05,172.31.47.0-255,66,219,94,348580
16633,3.9e-05,74.125.24.0-255,1484,1703,94,348580
16634,4.3e-05,172.31.47.0-255,66,1769,94,348580
16635,4.7e-05,74.125.24.0-255,2902,4671,94,348580
16636,5e-05,172.31.47.0-255,66,4737,94,348580
16637,5.7e-05,74.125.24.0-255,7156,11893,94,348580
16638,6e-05,172.31.47.0-255,66,11959,94,348580
16639,8.6e-05,74.125.24.0-255,2063,14022,94,348580
16640,8.8e-05,172.31.47.0-255,66,14088,94,348580
16641,0.000112,74.125.24.0-255,1484,15572,94,348580
16642,0.000114,172.31.47.0-255,66,15638,94,348580
16643,0.000136,74.125.24.0-255,1484,17122,94,348580
16644,0.000139,172.31.47.0-255,66,17188,94,348580
16645,0.000144,74.125.24.0-255,4320,21508,94,348580
16646,0.000146,172.31.47.0-255,66,21574,94,348580
16647,0.000148,74.125.24.0-255,1484,23058,94,348580
16648,0.00015,172.31.47.0-255,66,23124,94,348580
16649,0.000167,74.125.24.0-255,7156,30280,94,348580
16650,0.000169,172.31.47.0-255,66,30346,94,348580
16651,0.000172,74.125.24.0-255,1125,31471,94,348580
16652,0.000173,172.31.47.0-255,66,31537,94,348580
16653,0.000391,74.125.24.0-255,1484,33021,94,348580
16654,0.000395,172.31.47.0-255,66,33087,94,348580
16655,0.000401,74.125.24.0-255,2902,35989,94,348580
16656,0.000403,172.31.47.0-255,66,36055,94,348580
16657,0.000423,74.125.24.0-255,5738,41793,94,348580
16658,0.000426,172.31.47.0-255,66,41859,94,348580
16659,0.00043,74.125.24.0-255,2902,44761,94,348580
16660,0.000432,172.31.47.0-255,66,44827,94,348580
16661,0.000463,172.31.47.0-255,66,44893,94,348580
16662,0.00048,74.125.24.0-255,4320,49213,94,348580
16663,0.000485,172.31.47.0-255,66,49279,94,348580
16664,0.0005,74.125.24.0-255,5711,54990,94,348580
16665,0.000503,172.31.47.0-255,66,55056,94,348580
16666,0.000752,74.125.24.0-255,344,55400,94,348580
16667,0.000795,74.125.24.0-255,1484,56884,94,348580
16668,0.000796,172.31.47.0-255,66,56950,94,348580
16669,0.000816,74.125.24.0-255,2902,59852,94,348580
16670,0.000819,172.31.47.0-255,66,59918,94,348580
16671,0.000828,74.125.24.0-255,4320,64238,94,348580
16672,0.000831,172.31.47.0-255,66,64304,94,348580
16673,0.000852,74.125.24.0-255,1484,65788,94,348580
16674,0.000866,172.31.47.0-255,66,65854,94,348580
16675,0.00088,172.31.47.0-255,66,65920,94,348580
16676,0.001006,74.125.24.0-255,1484,67404,94,348580
16677,0.001012,74.125.24.0-255,2902,70306,94,348580
16678,0.001015,172.31.47.0-255,66,70372,94,348580
16679,0.001037,74.125.24.0-255,5738,76110,94,348580
16680,0.001041,172.31.47.0-255,66,76176,94,348580
16681,0.001052,74.125.24.0-255,1484,77660,94,348580
16682,0.001072,74.125.24.0-255,5738,83398,94,348580
16683,0.001074,172.31.47.0-255,66,83464,94,348580
16684,0.001099,74.125.24.0-255,5738,89202,94,348580
16685,0.001102,172.31.47.0-255,66,89268,94,348580
16686,0.001116,172.31.47.0-255,66,89334,94,348580
16687,0.001143,74.125.24.0-255,1484,90818,94,348580
16688,0.001148,74.125.24.0-255,2902,93720,94,348580
16689,0.001152,172.31.47.0-255,66,93786,94,348580
16690,0.001155,74.125.24.0-255,1484,95270,94,348580
16691,0.001177,74.125.24.0-255,4320,99590,94,348580
16692,0.00118,172.31.47.0-255,66,99656,94,348580
16693,0.001191,172.31.47.0-255,66,99722,94,348580
16694,0.001237,74.125.24.0-255,7156,106878,94,348580
16695,0.00124,172.31.47.0-255,66,106944,94,348580
16696,0.00128,172.31.47.0-255,66,107010,94,348580
16697,0.001587,74.125.24.0-255,1484,108494,94,348580
16698,0.001605,74.125.24.0-255,2902,111396,94,348580
16699,0.001609,172.31.47.0-255,66,111462,94,348580
16700,0.001617,74.125.24.0-255,4320,115782,94,348580
16701,0.001619,172.31.47.0-255,66,115848,94,348580
16702,0.001633,74.125.24.0-255,1484,117332,94,348580
16703,0.00164,74.125.24.0-255,7156,124488,94,348580
16704,0.001643,172.31.47.0-255,66,124554,94,348580
16705,0.00166,74.125.24.0-255,1484,126038,94,348580
16706,0.001693,74.125.24.0-255,5738,131776,94,348580
16707,0.001696,172.31.47.0-255,66,131842,94,348580
16708,0.001727,172.31.47.0-255,66,131908,94,348580
16709,0.003713,74.125.24.0-255,5738,137646,94,348580
16710,0.00372,172.31.47.0-255,66,137712,94,348580
16711,0.00577,74.125.24.0-255,5738,143450,94,348580
16712,0.005776,172.31.47.0-255,66,143516,94,348580
16713,0.007784,74.125.24.0-255,5738,149254,94,348580
16714,0.007793,172.31.47.0-255,66,149320,94,348580
16715,0.009775,74.125.24.0-255,5738,155058,94,348580
16716,0.009787,172.31.47.0-255,66,155124,94,348580
16717,0.011795,74.125.24.0-255,5738,160862,94,348580
16718,0.011803,172.31.47.0-255,66,160928,94,348580
16719,0.013801,74.125.24.0-255,5738,166666,94,348580
16720,0.01381,172.31.47.0-255,66,166732,94,348580
16721,0.01586,74.125.24.0-255,5738,172470,94,348580
16722,0.015878,172.31.47.0-255,66,172536,94,348580
16723,0.017889,74.125.24.0-255,5738,178274,94,348580
16724,0.017897,172.31.47.0-255,66,178340,94,348580
16725,0.01992,74.125.24.0-255,5738,184078,94,348580
16726,0.019932,172.31.47.0-255,66,184144,94,348580
16727,0.021932,74.125.24.0-255,5738,189882,94,348580
16728,0.021941,172.31.47.0-255,66,189948,94,348580
16729,0.023928,74.125.24.0-255,5738,195686,94,348580
16730,0.023935,172.31.47.0-255,66,195752,94,348580
16731,0.025926,74.125.24.0-255,5738,201490,94,348580
16732,0.025935,172.31.47.0-255,66,201556,94,348580
16733,0.027948,74.125.24.0-255,5738,207294,94,348580
16734,0.027957,172.31.47.0-255,66,207360,94,348580
16735,0.029955,74.125.24.0-255,5738,213098,94,348580
16736,0.029964,172.31.47.0-255,66,213164,94,348580
16737,0.031973,74.125.24.0-255,5738,218902,94,348580
16738,0.031982,172.31.47.0-255,66,218968,94,348580
16739,0.033966,74.125.24.0-255,5738,224706,94,348580
16740,0.033975,172.31.47.0-255,66,224772,94,348580
16741,0.035569,172.31.47.0-255,172,224944,94,348580
16742,0.035601,172.31.47.0-255,1112,226056,94,348580
16743,0.035635,172.31.47.0-255,1514,227570,94,348580
16744,0.035638,172.31.47.0-255,1035,228605,94,348580
16745,0.035969,74.125.24.0-255,5738,234343,94,348580
16746,0.035976,172.31.47.0-255,66,234409,94,348580
16747,0.037146,104.244.42.0-255,66,234475,94,348580
16748,0.037239,104.244.42.0-255,66,234541,94,348580
16749,0.037244,104.244.42.0-255,66,234607,94,348580
16750,0.037981,74.125.24.0-255,5738,240345,94,348580
16751,0.037988,172.31.47.0-255,66,240411,94,348580
16752,0.040004,74.125.24.0-255,5738,246149,94,348580
16753,0.04001,172.31.47.0-255,66,246215,94,348580
16754,0.042014,74.125.24.0-255,5738,251953,94,348580
16755,0.042027,172.31.47.0-255,66,252019,94,348580
16756,0.044043,74.125.24.0-255,5738,257757,94,348580
16757,0.044056,172.31.47.0-255,66,257823,94,348580
16758,0.046065,74.125.24.0-255,5738,263561,94,348580
16759,0.046072,172.31.47.0-255,66,263627,94,348580
16760,0.048057,74.125.24.0-255,5738,269365,94,348580
16761,0.048064,172.31.47.0-255,66,269431,94,348580
16762,0.050077,74.125.24.0-255,5738,275169,94,348580
16763,0.050083,172.31.47.0-255,66,275235,94,348580
16764,0.052069,74.125.24.0-255,5738,280973,94,348580
16765,0.052075,172.31.47.0-255,66,281039,94,348580
16766,0.05408,74.125.24.0-255,5738,286777,94,348580
16767,0.054086,172.31.47.0-255,66,286843,94,348580
16768,0.056085,74.125.24.0-255,5738,292581,94,348580
16769,0.056092,172.31.47.0-255,66,292647,94,348580
16770,0.058099,74.125.24.0-255,5738,298385,94,348580
16771,0.05811,172.31.47.0-255,66,298451,94,348580
16772,0.060113,74.125.24.0-255,5738,304189,94,348580
16773,0.060123,172.31.47.0-255,66,304255,94,348580
16774,0.062129,74.125.24.0-255,5738,309993,94,348580
16775,0.06214,172.31.47.0-255,66,310059,94,348580
16776,0.064148,74.125.24.0-255,5738,315797,94,348580
16777,0.064156,172.31.47.0-255,66,315863,94,348580
16778,0.066141,74.125.24.0-255,2902,318765,94,348580
16779,0.066147,172.31.47.0-255,66,318831,94,348580
16780,0.066176,74.125.24.0-255,2902,321733,94,348580
16781,0.066179,172.31.47.0-255,66,321799,94,348580
16782,0.068121,74.125.24.0-255,2902,324701,94,348580
16783,0.068128,172.31.47.0-255,66,324767,94,348580
16784,0.06817,74.125.24.0-255,2902,327669,94,348580
16785,0.068174,172.31.47.0-255,66,327735,94,348580
16786,0.070125,74.125.24.0-255,2902,330637,94,348580
16787,0.070131,172.31.47.0-255,66,330703,94,348580
16788,0.070174,74.125.24.0-255,2902,333605,94,348580
16789,0.070177,172.31.47.0-255,66,333671,94,348580
16790,0.072126,74.125.24.0-255,2902,336573,94,348580
16791,0.072133,172.31.47.0-255,66,336639,94,348580
16792,0.072186,74.125.24.0-255,2902,339541,94,348580
16793,0.07219,172.31.47.0-255,66,339607,94,348580
16794,0.074122,74.125.24.0-255,2902,342509,94,348580
16795,0.074127,172.31.47.0-255,66,342575,94,348580
16796,0.07419,74.125.24.0-255,2902,345477,94,348580
16797,0.074194,172.31.47.0-255,66,345543,94,348580
16798,0.076127,74.125.24.0-255,2800,348343,94,348580
16799,0.076136,172.31.47.0-255,66,348409,94,348580
16800,0.07656,172.31.47.0-255,105,348514,94,348580
16801,0.078523,74.125.24.0-255,66,348580,94,348580
16802,0.0,74.125.68.0-255,153,153,94,381781
16803,2.6e-05,172.31.47.0-255,66,219,94,381781
16804,3.2e-05,74.125.68.0-255,1484,1703,94,381781
16805,3.6e-05,172.31.47.0-255,66,1769,94,381781
16806,3.9e-05,74.125.68.0-255,1484,3253,94,381781
16807,4e-05,172.31.47.0-255,66,3319,94,381781
16808,6.5e-05,74.125.68.0-255,2902,6221,94,381781
16809,6.7e-05,172.31.47.0-255,66,6287,94,381781
16810,7.3e-05,74.125.68.0-255,5738,12025,94,381781
16811,7.5e-05,172.31.47.0-255,66,12091,94,381781
16812,9.5e-05,74.125.68.0-255,2902,14993,94,381781
16813,9.7e-05,172.31.47.0-255,66,15059,94,381781
16814,0.000114,74.125.68.0-255,3430,18489,94,381781
16815,0.000116,172.31.47.0-255,66,18555,94,381781
16816,0.000122,74.125.68.0-255,7156,25711,94,381781
16817,0.000124,172.31.47.0-255,66,25777,94,381781
16818,0.000148,74.125.68.0-255,1484,27261,94,381781
16819,0.000153,172.31.47.0-255,66,27327,94,381781
16820,0.000165,74.125.68.0-255,3961,31288,94,381781
16821,0.000168,172.31.47.0-255,66,31354,94,381781
16822,0.000256,74.125.68.0-255,1484,32838,94,381781
16823,0.000259,172.31.47.0-255,66,32904,94,381781
16824,0.000272,74.125.68.0-255,2902,35806,94,381781
16825,0.000275,172.31.47.0-255,66,35872,94,381781
16826,0.000304,74.125.68.0-255,5738,41610,94,381781
16827,0.000307,74.125.68.0-255,2902,44512,94,381781
16828,0.000309,172.31.47.0-255,66,44578,94,381781
16829,0.000312,172.31.47.0-255,66,44644,94,381781
16830,0.000323,74.125.68.0-255,3961,48605,94,381781
16831,0.000326,172.31.47.0-255,66,48671,94,381781
16832,0.000352,74.125.68.0-255,4320,52991,94,381781
16833,0.000355,172.31.47.0-255,66,53057,94,381781
16834,0.000376,74.125.68.0-255,4320,57377,94,381781
16835,0.000379,172.31.47.0-255,66,57443,94,381781
16836,0.000395,74.125.68.0-255,1484,58927,94,381781
16837,0.000398,74.125.68.0-255,1484,60411,94,381781
16838,0.0004,172.31.47.0-255,66,60477,94,381781
16839,0.00042,74.125.68.0-255,5657,66134,94,381781
16840,0.000422,172.31.47.0-255,66,66200,94,381781
16841,0.00044,74.125.68.0-255,131,66331,94,381781
16842,0.000521,74.125.68.0-255,1484,67815,94,381781
16843,0.000525,172.31.47.0-255,66,67881,94,381781
16844,0.000536,74.125.68.0-255,1484,69365,94,381781
16845,0.000556,74.125.68.0-255,1484,70849,94,381781
16846,0.000558,172.31.47.0-255,66,70915,94,381781
16847,0.000562,74.125.68.0-255,2902,73817,94,381781
16848,0.000564,172.31.47.0-255,66,73883,94,381781
16849,0.000569,74.125.68.0-255,4320,78203,94,381781
16850,0.000571,172.31.47.0-255,66,78269,94,381781
16851,0.000592,74.125.68.0-255,1484,79753,94,381781
16852,0.000617,74.125.68.0-255,2902,82655,94,381781
16853,0.000617,172.31.47.0-255,66,82721,94,381781
16854,0.00062,172.31.47.0-255,66,82787,94,381781
16855,0.000673,74.125.68.0-255,2902,85689,94,381781
16856,0.000676,172.31.47.0-255,66,85755,94,381781
16857,0.000697,74.125.68.0-255,6494,92249,94,381781
16858,0.000699,172.31.47.0-255,66,92315,94,381781
16859,0.000753,74.125.68.0-255,1484,93799,94,381781
16860,0.000757,74.125.68.0-255,1484,95283,94,381781
16861,0.000759,172.31.47.0-255,66,95349,94,381781
16862,0.000775,74.125.68.0-255,1484,96833,94,381781
16863,0.000791,74.125.68.0-255,5738,102571,94,381781
16864,0.000793,172.31.47.0-255,66,102637,94,381781
16865,0.000823,74.125.68.0-255,5738,108375,94,381781
16866,0.000826,172.31.47.0-255,66,108441,94,381781
16867,0.000846,74.125.68.0-255,7156,115597,94,381781
16868,0.000848,172.31.47.0-255,66,115663,94,381781
16869,0.000899,172.31.47.0-255,66,115729,94,381781
16870,0.001379,74.125.68.0-255,1484,117213,94,381781
16871,0.0014,74.125.68.0-255,2902,120115,94,381781
16872,0.001404,172.31.47.0-255,66,120181,94,381781
16873,0.001412,74.125.68.0-255,5738,125919,94,381781
16874,0.001413,172.31.47.0-255,66,125985,94,381781
16875,0.001418,74.125.68.0-255,2902,128887,94,381781
16876,0.001419,172.31.47.0-255,66,128953,94,381781
16877,0.001439,74.125.68.0-255,4320,133273,94,381781
16878,0.001441,172.31.47.0-255,66,133339,94,381781
16879,0.001461,74.125.68.0-255,5738,139077,94,381781
16880,0.001464,172.31.47.0-255,66,139143,94,381781
16881,0.001485,74.125.68.0-255,2902,142045,94,381781
16882,0.001487,172.31.47.0-255,66,142111,94,381781
16883,0.001491,74.125.68.0-255,2902,145013,94,381781
16884,0.001492,172.31.47.0-255,66,145079,94,381781
16885,0.001529,74.125.68.0-255,7156,152235,94,381781
16886,0.001532,172.31.47.0-255,66,152301,94,381781
16887,0.001554,74.125.68.0-255,6438,158739,94,381781
16888,0.001556,172.31.47.0-255,66,158805,94,381781
16889,0.001574,74.125.68.0-255,7156,165961,94,381781
16890,0.001576,172.31.47.0-255,66,166027,94,381781
16891,0.001593,74.125.68.0-255,7156,173183,94,381781
16892,0.001595,172.31.47.0-255,66,173249,94,381781
16893,0.00163,74.125.68.0-255,4320,177569,94,381781
16894,0.001634,172.31.47.0-255,66,177635,94,381781
16895,0.001656,74.125.68.0-255,6438,184073,94,381781
16896,0.001658,172.31.47.0-255,66,184139,94,381781
16897,0.0018,74.125.68.0-255,1484,185623,94,381781
16898,0.001818,74.125.68.0-255,2902,188525,94,381781
16899,0.001822,172.31.47.0-255,66,188591,94,381781
16900,0.001825,74.125.68.0-255,1484,190075,94,381781
16901,0.001839,74.125.68.0-255,2902,192977,94,381781
16902,0.001841,172.31.47.0-255,66,193043,94,381781
16903,0.001843,74.125.68.0-255,1484,194527,94,381781
16904,0.001865,74.125.68.0-255,4320,198847,94,381781
16905,0.001867,172.31.47.0-255,66,198913,94,381781
16906,0.001879,74.125.68.0-255,2902,201815,94,381781
16907,0.001882,172.31.47.0-255,66,201881,94,381781
16908,0.001908,172.31.47.0-255,66,201947,94,381781
16909,0.001939,74.125.68.0-255,1484,203431,94,381781
16910,0.001964,74.125.68.0-255,6438,209869,94,381781
16911,0.001967,172.31.47.0-255,66,209935,94,381781
16912,0.002042,74.125.68.0-255,1484,211419,94,381781
16913,0.002055,74.125.68.0-255,2902,214321,94,381781
16914,0.002057,172.31.47.0-255,66,214387,94,381781
16915,0.002061,74.125.68.0-255,4320,218707,94,381781
16916,0.002063,172.31.47.0-255,66,218773,94,381781
16917,0.002074,74.125.68.0-255,1484,220257,94,381781
16918,0.002091,74.125.68.0-255,5738,225995,94,381781
16919,0.002093,172.31.47.0-255,66,226061,94,381781
16920,0.002107,74.125.68.0-255,5738,231799,94,381781
16921,0.00211,172.31.47.0-255,66,231865,94,381781
16922,0.002121,74.125.68.0-255,1484,233349,94,381781
16923,0.002123,74.125.68.0-255,1484,234833,94,381781
16924,0.002125,172.31.47.0-255,66,234899,94,381781
16925,0.002142,74.125.68.0-255,1484,236383,94,381781
16926,0.002151,74.125.68.0-255,1484,237867,94,381781
16927,0.002153,172.31.47.0-255,66,237933,94,381781
16928,0.002173,74.125.68.0-255,4320,242253,94,381781
16929,0.002175,172.31.47.0-255,66,242319,94,381781
16930,0.002189,74.125.68.0-255,1484,243803,94,381781
16931,0.002191,74.125.68.0-255,766,244569,94,381781
16932,0.002193,172.31.47.0-255,66,244635,94,381781
16933,0.002196,74.125.68.0-255,1484,246119,94,381781
16934,0.002216,74.125.68.0-255,4320,250439,94,381781
16935,0.002219,172.31.47.0-255,66,250505,94,381781
16936,0.002237,74.125.68.0-255,5738,256243,94,381781
16937,0.002239,172.31.47.0-255,66,256309,94,381781
16938,0.002263,74.125.68.0-255,4320,260629,94,381781
16939,0.002266,172.31.47.0-255,66,260695,94,381781
16940,0.002276,172.31.47.0-255,66,260761,94,381781
16941,0.002278,74.125.68.0-255,1484,262245,94,381781
16942,0.0023,74.125.68.0-255,5020,267265,94,381781
16943,0.002302,172.31.47.0-255,66,267331,94,381781
16944,0.002323,74.125.68.0-255,7156,274487,94,381781
16945,0.002325,172.31.47.0-255,66,274553,94,381781
16946,0.002357,74.125.68.0-255,1484,276037,94,381781
16947,0.002374,74.125.68.0-255,4320,280357,94,381781
16948,0.002376,172.31.47.0-255,66,280423,94,381781
16949,0.002381,74.125.68.0-255,7156,287579,94,381781
16950,0.002383,172.31.47.0-255,66,287645,94,381781
16951,0.004704,74.125.68.0-255,5738,293383,94,381781
16952,0.00471,172.31.47.0-255,66,293449,94,381781
16953,0.007049,74.125.68.0-255,5738,299187,94,381781
16954,0.007057,172.31.47.0-255,66,299253,94,381781
16955,0.0094,74.125.68.0-255,5738,304991,94,381781
16956,0.009407,172.31.47.0-255,66,305057,94,381781
16957,0.011758,74.125.68.0-255,5738,310795,94,381781
16958,0.011775,172.31.47.0-255,66,310861,94,381781
16959,0.014118,74.125.68.0-255,5738,316599,94,381781
16960,0.014131,172.31.47.0-255,66,316665,94,381781
16961,0.01649,74.125.68.0-255,5738,322403,94,381781
16962,0.016498,172.31.47.0-255,66,322469,94,381781
16963,0.018829,74.125.68.0-255,5738,328207,94,381781
16964,0.018836,172.31.47.0-255,66,328273,94,381781
16965,0.021167,74.125.68.0-255,5738,334011,94,381781
16966,0.021175,172.31.47.0-255,66,334077,94,381781
16967,0.023516,74.125.68.0-255,5738,339815,94,381781
16968,0.023523,172.31.47.0-255,66,339881,94,381781
16969,0.025866,74.125.68.0-255,4320,344201,94,381781
16970,0.025874,172.31.47.0-255,66,344267,94,381781
16971,0.025889,74.125.68.0-255,1484,345751,94,381781
16972,0.025918,172.31.47.0-255,172,345923,94,381781
16973,0.025959,172.31.47.0-255,1118,347041,94,381781
16974,0.026086,172.31.47.0-255,1514,348555,94,381781
16975,0.026088,172.31.47.0-255,1286,349841,94,381781
16976,0.027461,104.244.42.0-255,66,349907,94,381781
16977,0.027508,104.244.42.0-255,66,349973,94,381781
16978,0.027665,104.244.42.0-255,66,350039,94,381781
16979,0.028201,74.125.68.0-255,4320,354359,94,381781
16980,0.028205,172.31.47.0-255,66,354425,94,381781
16981,0.030528,74.125.68.0-255,5738,360163,94,381781
16982,0.030536,172.31.47.0-255,66,360229,94,381781
16983,0.032875,74.125.68.0-255,5738,365967,94,381781
16984,0.032888,172.31.47.0-255,66,366033,94,381781
16985,0.035228,74.125.68.0-255,5738,371771,94,381781
16986,0.035239,172.31.47.0-255,66,371837,94,381781
16987,0.037579,74.125.68.0-255,5738,377575,94,381781
16988,0.037587,172.31.47.0-255,66,377641,94,381781
16989,0.039907,74.125.68.0-255,3903,381544,94,381781
16990,0.039913,172.31.47.0-255,66,381610,94,381781
16991,0.040098,172.31.47.0-255,105,381715,94,381781
16992,0.042401,74.125.68.0-255,66,381781,94,381781
16993,0.0,172.217.27.0-255,153,153,94,354863
16994,2.6e-05,172.31.47.0-255,66,219,94,354863
16995,3.2e-05,172.217.27.0-255,1484,1703,94,354863
16996,3.6e-05,172.31.47.0-255,66,1769,94,354863
16997,4e-05,172.217.27.0-255,2902,4671,94,354863
16998,4.2e-05,172.31.47.0-255,66,4737,94,354863
16999,5.4e-05,172.217.27.0-255,4320,9057,94,354863
17000,5.6e-05,172.31.47.0-255,66,9123,94,354863
17001,5.9e-05,172.217.27.0-255,1484,10607,94,354863
17002,6.2e-05,172.31.47.0-255,66,10673,94,354863
17003,9.7e-05,172.217.27.0-255,3365,14038,94,354863
17004,0.0001,172.31.47.0-255,66,14104,94,354863
17005,0.000105,172.217.27.0-255,5738,19842,94,354863
17006,0.000107,172.31.47.0-255,66,19908,94,354863
17007,0.000112,172.217.27.0-255,5738,25646,94,354863
17008,0.000114,172.31.47.0-255,66,25712,94,354863
17009,0.000137,172.217.27.0-255,2902,28614,94,354863
17010,0.000139,172.31.47.0-255,66,28680,94,354863
17011,0.000164,172.217.27.0-255,2543,31223,94,354863
17012,0.000166,172.31.47.0-255,66,31289,94,354863
17013,0.000233,172.217.27.0-255,1484,32773,94,354863
17014,0.000235,172.31.47.0-255,66,32839,94,354863
17015,0.000238,172.217.27.0-255,1484,34323,94,354863
17016,0.000242,172.31.47.0-255,66,34389,94,354863
17017,0.000257,172.217.27.0-255,1484,35873,94,354863
17018,0.00026,172.31.47.0-255,66,35939,94,354863
17019,0.000266,172.217.27.0-255,5738,41677,94,354863
17020,0.000268,172.31.47.0-255,66,41743,94,354863
17021,0.000295,172.31.47.0-255,66,41809,94,354863
17022,0.000322,172.217.27.0-255,3961,45770,94,354863
17023,0.000325,172.31.47.0-255,66,45836,94,354863
17024,0.000363,172.31.47.0-255,66,45902,94,354863
17025,0.000777,172.217.27.0-255,117,46019,94,354863
17026,0.000804,172.31.47.0-255,66,46085,94,354863
17027,0.00095,172.217.27.0-255,1484,47569,94,354863
17028,0.000958,172.217.27.0-255,2902,50471,94,354863
17029,0.000961,172.217.27.0-255,1484,51955,94,354863
17030,0.000978,172.217.27.0-255,4320,56275,94,354863
17031,0.000997,172.217.27.0-255,6797,63072,94,354863
17032,0.001005,172.31.47.0-255,66,63138,94,354863
17033,0.001018,172.217.27.0-255,7156,70294,94,354863
17034,0.001044,172.217.27.0-255,4320,74614,94,354863
17035,0.001062,172.217.27.0-255,5379,79993,94,354863
17036,0.001098,172.31.47.0-255,66,80059,94,354863
17037,0.002735,172.217.27.0-255,5738,85797,94,354863
17038,0.00274,172.31.47.0-255,66,85863,94,354863
17039,0.00438,172.217.27.0-255,5738,91601,94,354863
17040,0.004385,172.31.47.0-255,66,91667,94,354863
17041,0.006025,172.217.27.0-255,5738,97405,94,354863
17042,0.006032,172.31.47.0-255,66,97471,94,354863
17043,0.007681,172.217.27.0-255,5738,103209,94,354863
17044,0.007687,172.31.47.0-255,66,103275,94,354863
17045,0.009336,172.217.27.0-255,5738,109013,94,354863
17046,0.009343,172.31.47.0-255,66,109079,94,354863
17047,0.010988,172.217.27.0-255,5738,114817,94,354863
17048,0.010998,172.31.47.0-255,66,114883,94,354863
17049,0.012648,172.217.27.0-255,5738,120621,94,354863
17050,0.012654,172.31.47.0-255,66,120687,94,354863
17051,0.014297,172.217.27.0-255,5738,126425,94,354863
17052,0.014303,172.31.47.0-255,66,126491,94,354863
17053,0.015949,172.217.27.0-255,5738,132229,94,354863
17054,0.015956,172.31.47.0-255,66,132295,94,354863
17055,0.017603,172.217.27.0-255,5738,138033,94,354863
17056,0.017608,172.31.47.0-255,66,138099,94,354863
17057,0.019255,172.217.27.0-255,5738,143837,94,354863
17058,0.01926,172.31.47.0-255,66,143903,94,354863
17059,0.020538,172.31.47.0-255,172,144075,94,354863
17060,0.020576,172.31.47.0-255,1116,145191,94,354863
17061,0.020638,172.31.47.0-255,1514,146705,94,354863
17062,0.02064,172.31.47.0-255,1290,147995,94,354863
17063,0.020922,172.217.27.0-255,5738,153733,94,354863
17064,0.020927,172.31.47.0-255,66,153799,94,354863
17065,0.022064,104.244.42.0-255,66,153865,94,354863
17066,0.022114,104.244.42.0-255,66,153931,94,354863
17067,0.022162,104.244.42.0-255,66,153997,94,354863
17068,0.022573,172.217.27.0-255,5738,159735,94,354863
17069,0.022578,172.31.47.0-255,66,159801,94,354863
17070,0.024237,172.217.27.0-255,5738,165539,94,354863
17071,0.024242,172.31.47.0-255,66,165605,94,354863
17072,0.025895,172.217.27.0-255,5738,171343,94,354863
17073,0.025903,172.31.47.0-255,66,171409,94,354863
17074,0.027542,172.217.27.0-255,5738,177147,94,354863
17075,0.027547,172.31.47.0-255,66,177213,94,354863
17076,0.029189,172.217.27.0-255,5738,182951,94,354863
17077,0.029194,172.31.47.0-255,66,183017,94,354863
17078,0.030827,172.217.27.0-255,4320,187337,94,354863
17079,0.030832,172.31.47.0-255,66,187403,94,354863
17080,0.030859,172.217.27.0-255,1484,188887,94,354863
17081,0.032481,172.217.27.0-255,4320,193207,94,354863
17082,0.032486,172.31.47.0-255,66,193273,94,354863
17083,0.03413,172.217.27.0-255,1484,194757,94,354863
17084,0.034156,172.217.27.0-255,4320,199077,94,354863
17085,0.034169,172.31.47.0-255,66,199143,94,354863
17086,0.035818,172.217.27.0-255,5738,204881,94,354863
17087,0.035823,172.31.47.0-255,66,204947,94,354863
17088,0.037476,172.217.27.0-255,5738,210685,94,354863
17089,0.037481,172.31.47.0-255,66,210751,94,354863
17090,0.039121,172.217.27.0-255,5738,216489,94,354863
17091,0.039127,172.31.47.0-255,66,216555,94,354863
17092,0.040785,172.217.27.0-255,5738,222293,94,354863
17093,0.040792,172.31.47.0-255,66,222359,94,354863
17094,0.042433,172.217.27.0-255,5738,228097,94,354863
17095,0.042438,172.31.47.0-255,66,228163,94,354863
17096,0.044096,172.217.27.0-255,5738,233901,94,354863
17097,0.044101,172.31.47.0-255,66,233967,94,354863
17098,0.045761,172.217.27.0-255,5738,239705,94,354863
17099,0.045768,172.31.47.0-255,66,239771,94,354863
17100,0.047418,172.217.27.0-255,5738,245509,94,354863
17101,0.047422,172.31.47.0-255,66,245575,94,354863
17102,0.049067,172.217.27.0-255,5738,251313,94,354863
17103,0.049072,172.31.47.0-255,66,251379,94,354863
17104,0.050715,172.217.27.0-255,4320,255699,94,354863
17105,0.05072,172.31.47.0-255,66,255765,94,354863
17106,0.050746,172.217.27.0-255,1484,257249,94,354863
17107,0.052365,172.217.27.0-255,4320,261569,94,354863
17108,0.052371,172.31.47.0-255,66,261635,94,354863
17109,0.054015,172.217.27.0-255,5738,267373,94,354863
17110,0.054546,172.31.47.0-255,66,267439,94,354863
17111,0.056236,172.217.27.0-255,5738,273177,94,354863
17112,0.056245,172.31.47.0-255,66,273243,94,354863
17113,0.057888,172.217.27.0-255,4320,277563,94,354863
17114,0.057892,172.31.47.0-255,66,277629,94,354863
17115,0.057925,172.217.27.0-255,1484,279113,94,354863
17116,0.059535,172.217.27.0-255,4320,283433,94,354863
17117,0.059539,172.31.47.0-255,66,283499,94,354863
17118,0.061178,172.217.27.0-255,2902,286401,94,354863
17119,0.061182,172.31.47.0-255,66,286467,94,354863
17120,0.061211,172.217.27.0-255,2902,289369,94,354863
17121,0.061226,172.31.47.0-255,66,289435,94,354863
17122,0.062821,172.217.27.0-255,2902,292337,94,354863
17123,0.062826,172.31.47.0-255,66,292403,94,354863
17124,0.062866,172.217.27.0-255,2902,295305,94,354863
17125,0.062897,172.31.47.0-255,66,295371,94,354863
17126,0.064464,172.217.27.0-255,2902,298273,94,354863
17127,0.064469,172.31.47.0-255,66,298339,94,354863
17128,0.064539,172.217.27.0-255,2902,301241,94,354863
17129,0.064554,172.31.47.0-255,66,301307,94,354863
17130,0.066116,172.217.27.0-255,2902,304209,94,354863
17131,0.066121,172.31.47.0-255,66,304275,94,354863
17132,0.066186,172.217.27.0-255,2902,307177,94,354863
17133,0.066194,172.31.47.0-255,66,307243,94,354863
17134,0.067762,172.217.27.0-255,2902,310145,94,354863
17135,0.067767,172.31.47.0-255,66,310211,94,354863
17136,0.067822,172.217.27.0-255,2902,313113,94,354863
17137,0.067828,172.31.47.0-255,66,313179,94,354863
17138,0.069406,172.217.27.0-255,2902,316081,94,354863
17139,0.069411,172.31.47.0-255,66,316147,94,354863
17140,0.069457,172.217.27.0-255,2902,319049,94,354863
17141,0.069469,172.31.47.0-255,66,319115,94,354863
17142,0.071057,172.217.27.0-255,2902,322017,94,354863
17143,0.071063,172.31.47.0-255,66,322083,94,354863
17144,0.071103,172.217.27.0-255,1484,323567,94,354863
17145,0.071115,172.217.27.0-255,1484,325051,94,354863
17146,0.071129,172.31.47.0-255,66,325117,94,354863
17147,0.072709,172.217.27.0-255,2902,328019,94,354863
17148,0.072714,172.31.47.0-255,66,328085,94,354863
17149,0.072767,172.217.27.0-255,2902,330987,94,354863
17150,0.072776,172.31.47.0-255,66,331053,94,354863
17151,0.07436,172.217.27.0-255,2902,333955,94,354863
17152,0.074365,172.31.47.0-255,66,334021,94,354863
17153,0.074402,172.217.27.0-255,2902,336923,94,354863
17154,0.074427,172.31.47.0-255,66,336989,94,354863
17155,0.076001,172.217.27.0-255,2902,339891,94,354863
17156,0.076007,172.31.47.0-255,66,339957,94,354863
17157,0.076053,172.217.27.0-255,2902,342859,94,354863
17158,0.076062,172.31.47.0-255,66,342925,94,354863
17159,0.07764,172.217.27.0-255,2902,345827,94,354863
17160,0.077644,172.31.47.0-255,66,345893,94,354863
17161,0.077688,172.217.27.0-255,2902,348795,94,354863
17162,0.077707,172.31.47.0-255,66,348861,94,354863
17163,0.079289,172.217.27.0-255,2902,351763,94,354863
17164,0.079295,172.31.47.0-255,66,351829,94,354863
17165,0.079345,172.217.27.0-255,1484,353313,94,354863
17166,0.079356,172.217.27.0-255,1484,354797,94,354863
17167,0.079556,172.31.47.0-255,66,354863,94,354863
17168,0.0,74.125.200.0-255,153,153,94,359942
17169,2.3e-05,172.31.47.0-255,66,219,94,359942
17170,5.7e-05,74.125.200.0-255,1484,1703,94,359942
17171,6.2e-05,172.31.47.0-255,66,1769,94,359942
17172,6.8e-05,74.125.200.0-255,2902,4671,94,359942
17173,7.1e-05,172.31.47.0-255,66,4737,94,359942
17174,8.3e-05,74.125.200.0-255,5738,10475,94,359942
17175,8.6e-05,172.31.47.0-255,66,10541,94,359942
17176,0.000117,74.125.200.0-255,6299,16840,94,359942
17177,0.000122,172.31.47.0-255,66,16906,94,359942
17178,0.000134,74.125.200.0-255,7156,24062,94,359942
17179,0.000137,172.31.47.0-255,66,24128,94,359942
17180,0.000142,74.125.200.0-255,5738,29866,94,359942
17181,0.000146,172.31.47.0-255,66,29932,94,359942
17182,0.00017,74.125.200.0-255,1125,31057,94,359942
17183,0.000178,172.31.47.0-255,66,31123,94,359942
17184,0.000332,74.125.200.0-255,1484,32607,94,359942
17185,0.000338,172.31.47.0-255,66,32673,94,359942
17186,0.000343,74.125.200.0-255,2902,35575,94,359942
17187,0.000346,172.31.47.0-255,66,35641,94,359942
17188,0.000379,74.125.200.0-255,4320,39961,94,359942
17189,0.000383,172.31.47.0-255,66,40027,94,359942
17190,0.000395,172.31.47.0-255,66,40093,94,359942
17191,0.000406,74.125.200.0-255,4320,44413,94,359942
17192,0.000409,172.31.47.0-255,66,44479,94,359942
17193,0.000441,74.125.200.0-255,1484,45963,94,359942
17194,0.000444,172.31.47.0-255,66,46029,94,359942
17195,0.000481,74.125.200.0-255,442,46471,94,359942
17196,0.000483,172.31.47.0-255,66,46537,94,359942
17197,0.000488,172.31.47.0-255,66,46603,94,359942
17198,0.000556,74.125.200.0-255,1484,48087,94,359942
17199,0.000577,74.125.200.0-255,2902,50989,94,359942
17200,0.000584,74.125.200.0-255,5738,56727,94,359942
17201,0.000587,172.31.47.0-255,66,56793,94,359942
17202,0.000616,74.125.200.0-255,2902,59695,94,359942
17203,0.000627,172.31.47.0-255,66,59761,94,359942
17204,0.000643,74.125.200.0-255,2902,62663,94,359942
17205,0.000647,172.31.47.0-255,66,62729,94,359942
17206,0.000682,74.125.200.0-255,7156,69885,94,359942
17207,0.000686,172.31.47.0-255,66,69951,94,359942
17208,0.000704,74.125.200.0-255,331,70282,94,359942
17209,0.000706,172.31.47.0-255,66,70348,94,359942
17210,0.001063,172.31.47.0-255,66,70414,94,359942
17211,0.001223,74.125.200.0-255,1484,71898,94,359942
17212,0.001253,74.125.200.0-255,1484,73382,94,359942
17213,0.001258,74.125.200.0-255,1484,74866,94,359942
17214,0.001273,74.125.200.0-255,1484,76350,94,359942
17215,0.001296,74.125.200.0-255,5738,82088,94,359942
17216,0.001301,74.125.200.0-255,2902,84990,94,359942
17217,0.001314,74.125.200.0-255,2902,87892,94,359942
17218,0.001336,74.125.200.0-255,5738,93630,94,359942
17219,0.001347,74.125.200.0-255,1484,95114,94,359942
17220,0.001386,74.125.200.0-255,766,95880,94,359942
17221,0.001418,74.125.200.0-255,1484,97364,94,359942
17222,0.001436,74.125.200.0-255,4320,101684,94,359942
17223,0.001456,74.125.200.0-255,4320,106004,94,359942
17224,0.001468,74.125.200.0-255,2902,108906,94,359942
17225,0.001508,74.125.200.0-255,5738,114644,94,359942
17226,0.001536,74.125.200.0-255,7156,121800,94,359942
17227,0.001561,74.125.200.0-255,5738,127538,94,359942
17228,0.001572,74.125.200.0-255,2184,129722,94,359942
17229,0.001584,74.125.200.0-255,2902,132624,94,359942
17230,0.001605,74.125.200.0-255,5738,138362,94,359942
17231,0.00161,74.125.200.0-255,2902,141264,94,359942
17232,0.001627,74.125.200.0-255,5738,147002,94,359942
17233,0.001634,74.125.200.0-255,5738,152740,94,359942
17234,0.00165,74.125.200.0-255,4320,157060,94,359942
17235,0.001671,74.125.200.0-255,6438,163498,94,359942
17236,0.00173,74.125.200.0-255,1484,164982,94,359942
17237,0.001752,74.125.200.0-255,2902,167884,94,359942
17238,0.001758,74.125.200.0-255,4320,172204,94,359942
17239,0.001773,74.125.200.0-255,1484,173688,94,359942
17240,0.001778,74.125.200.0-255,4320,178008,94,359942
17241,0.001791,74.125.200.0-255,2902,180910,94,359942
17242,0.001809,74.125.200.0-255,4320,185230,94,359942
17243,0.001829,74.125.200.0-255,1484,186714,94,359942
17244,0.001835,74.125.200.0-255,7156,193870,94,359942
17245,0.00187,74.125.200.0-255,3602,197472,94,359942
17246,0.002054,74.125.200.0-255,1484,198956,94,359942
17247,0.002094,74.125.200.0-255,2902,201858,94,359942
17248,0.002114,74.125.200.0-255,1484,203342,94,359942
17249,0.002117,74.125.200.0-255,1484,204826,94,359942
17250,0.002134,74.125.200.0-255,1484,206310,94,359942
17251,0.002141,74.125.200.0-255,5738,212048,94,359942
17252,0.002179,74.125.200.0-255,4320,216368,94,359942
17253,0.002203,74.125.200.0-255,7156,223524,94,359942
17254,0.002255,74.125.200.0-255,2902,226426,94,359942
17255,0.002267,74.125.200.0-255,5020,231446,94,359942
17256,0.002511,74.125.200.0-255,1484,232930,94,359942
17257,0.002515,74.125.200.0-255,1484,234414,94,359942
17258,0.002528,74.125.200.0-255,1484,235898,94,359942
17259,0.002551,74.125.200.0-255,4320,240218,94,359942
17260,0.002562,74.125.200.0-255,1484,241702,94,359942
17261,0.002591,74.125.200.0-255,1484,243186,94,359942
17262,0.0026,74.125.200.0-255,1484,244670,94,359942
17263,0.002609,74.125.200.0-255,1484,246154,94,359942
17264,0.002612,74.125.200.0-255,1484,247638,94,359942
17265,0.002656,74.125.200.0-255,2902,250540,94,359942
17266,0.002677,74.125.200.0-255,1484,252024,94,359942
17267,0.002689,74.125.200.0-255,2902,254926,94,359942
17268,0.002706,74.125.200.0-255,1484,256410,94,359942
17269,0.002708,74.125.200.0-255,1484,257894,94,359942
17270,0.002722,74.125.200.0-255,1484,259378,94,359942
17271,0.002732,74.125.200.0-255,1484,260862,94,359942
17272,0.002743,74.125.200.0-255,1484,262346,94,359942
17273,0.002758,74.125.200.0-255,2902,265248,94,359942
17274,0.00276,74.125.200.0-255,766,266014,94,359942
17275,0.003034,74.125.200.0-255,1484,267498,94,359942
17276,0.003049,74.125.200.0-255,2902,270400,94,359942
17277,0.003062,74.125.200.0-255,1484,271884,94,359942
17278,0.003078,74.125.200.0-255,4320,276204,94,359942
17279,0.003082,74.125.200.0-255,4320,280524,94,359942
17280,0.003098,74.125.200.0-255,2902,283426,94,359942
17281,0.003114,74.125.200.0-255,1484,284910,94,359942
17282,0.003168,74.125.200.0-255,2184,287094,94,359942
17283,0.003184,74.125.200.0-255,2902,289996,94,359942
17284,0.003204,74.125.200.0-255,2902,292898,94,359942
17285,0.00322,74.125.200.0-255,4320,297218,94,359942
17286,0.003225,74.125.200.0-255,5738,302956,94,359942
17287,0.003238,74.125.200.0-255,1484,304440,94,359942
17288,0.00324,74.125.200.0-255,1484,305924,94,359942
17289,0.003255,74.125.200.0-255,7156,313080,94,359942
17290,0.003282,74.125.200.0-255,5738,318818,94,359942
17291,0.003296,74.125.200.0-255,2184,321002,94,359942
17292,0.003304,74.125.200.0-255,1484,322486,94,359942
17293,0.003317,74.125.200.0-255,4320,326806,94,359942
17294,0.003327,74.125.200.0-255,2902,329708,94,359942
17295,0.00333,74.125.200.0-255,2902,332610,94,359942
17296,0.003338,74.125.200.0-255,1484,334094,94,359942
17297,0.003357,74.125.200.0-255,2902,336996,94,359942
17298,0.003389,74.125.200.0-255,6438,343434,94,359942
17299,0.003399,74.125.200.0-255,2902,346336,94,359942
17300,0.003416,74.125.200.0-255,4320,350656,94,359942
17301,0.003434,74.125.200.0-255,4559,355215,94,359942
17302,0.003445,74.125.200.0-255,97,355312,94,359942
17303,0.003482,74.125.200.0-255,105,355417,94,359942
17304,0.005189,172.31.47.0-255,66,355483,94,359942
17305,0.007413,172.31.47.0-255,105,355588,94,359942
17306,0.009723,74.125.200.0-255,66,355654,94,359942
17307,0.027693,172.31.47.0-255,172,355826,94,359942
17308,0.027724,172.31.47.0-255,1117,356943,94,359942
17309,0.027765,172.31.47.0-255,1514,358457,94,359942
17310,0.027767,172.31.47.0-255,1287,359744,94,359942
17311,0.02924,104.244.42.0-255,66,359810,94,359942
17312,0.02927,104.244.42.0-255,66,359876,94,359942
17313,0.029323,104.244.42.0-255,66,359942,94,359942
17314,0.0,74.125.130.0-255,153,153,94,358952
17315,2.5e-05,172.31.47.0-255,66,219,94,358952
17316,3.1e-05,74.125.130.0-255,1484,1703,94,358952
17317,3.5e-05,172.31.47.0-255,66,1769,94,358952
17318,6.2e-05,74.125.130.0-255,1484,3253,94,358952
17319,6.4e-05,172.31.47.0-255,66,3319,94,358952
17320,7e-05,74.125.130.0-255,2902,6221,94,358952
17321,7.2e-05,172.31.47.0-255,66,6287,94,358952
17322,0.000121,74.125.130.0-255,5738,12025,94,358952
17323,0.000125,172.31.47.0-255,66,12091,94,358952
17324,0.000129,74.125.130.0-255,1957,14048,94,358952
17325,0.00013,172.31.47.0-255,66,14114,94,358952
17326,0.000134,74.125.130.0-255,2902,17016,94,358952
17327,0.000136,172.31.47.0-255,66,17082,94,358952
17328,0.000167,74.125.130.0-255,7156,24238,94,358952
17329,0.00017,172.31.47.0-255,66,24304,94,358952
17330,0.000214,74.125.130.0-255,4320,28624,94,358952
17331,0.000217,172.31.47.0-255,66,28690,94,358952
17332,0.000244,74.125.130.0-255,2543,31233,94,358952
17333,0.000246,172.31.47.0-255,66,31299,94,358952
17334,0.000296,74.125.130.0-255,1484,32783,94,358952
17335,0.000299,172.31.47.0-255,66,32849,94,358952
17336,0.000326,74.125.130.0-255,2902,35751,94,358952
17337,0.00033,172.31.47.0-255,66,35817,94,358952
17338,0.000334,74.125.130.0-255,2902,38719,94,358952
17339,0.000337,172.31.47.0-255,66,38785,94,358952
17340,0.000355,74.125.130.0-255,1484,40269,94,358952
17341,0.000358,172.31.47.0-255,66,40335,94,358952
17342,0.000374,172.31.47.0-255,66,40401,94,358952
17343,0.000381,74.125.130.0-255,4320,44721,94,358952
17344,0.000386,172.31.47.0-255,66,44787,94,358952
17345,0.000433,172.31.47.0-255,66,44853,94,358952
17346,0.000462,74.125.130.0-255,2833,47686,94,358952
17347,0.000465,172.31.47.0-255,66,47752,94,358952
17348,0.000609,74.125.130.0-255,99,47851,94,358952
17349,0.000827,74.125.130.0-255,1484,49335,94,358952
17350,0.000832,172.31.47.0-255,66,49401,94,358952
17351,0.000838,74.125.130.0-255,2902,52303,94,358952
17352,0.00084,172.31.47.0-255,66,52369,94,358952
17353,0.000866,74.125.130.0-255,5738,58107,94,358952
17354,0.00087,172.31.47.0-255,66,58173,94,358952
17355,0.000878,74.125.130.0-255,1484,59657,94,358952
17356,0.000918,172.31.47.0-255,66,59723,94,358952
17357,0.000936,172.31.47.0-255,66,59789,94,358952
17358,0.000939,74.125.130.0-255,1125,60914,94,358952
17359,0.001488,74.125.130.0-255,1484,62398,94,358952
17360,0.001494,172.31.47.0-255,66,62464,94,358952
17361,0.0015,74.125.130.0-255,2902,65366,94,358952
17362,0.001502,172.31.47.0-255,66,65432,94,358952
17363,0.001505,74.125.130.0-255,1484,66916,94,358952
17364,0.001537,74.125.130.0-255,4320,71236,94,358952
17365,0.001539,172.31.47.0-255,66,71302,94,358952
17366,0.001554,74.125.130.0-255,2902,74204,94,358952
17367,0.00156,172.31.47.0-255,66,74270,94,358952
17368,0.001581,74.125.130.0-255,1484,75754,94,358952
17369,0.001586,74.125.130.0-255,5738,81492,94,358952
17370,0.001588,172.31.47.0-255,66,81558,94,358952
17371,0.001593,74.125.130.0-255,5738,87296,94,358952
17372,0.001595,172.31.47.0-255,66,87362,94,358952
17373,0.001597,74.125.130.0-255,1484,88846,94,358952
17374,0.001619,74.125.130.0-255,5738,94584,94,358952
17375,0.001621,172.31.47.0-255,66,94650,94,358952
17376,0.001627,74.125.130.0-255,766,95416,94,358952
17377,0.001839,74.125.130.0-255,1484,96900,94,358952
17378,0.001841,172.31.47.0-255,66,96966,94,358952
17379,0.001866,74.125.130.0-255,2902,99868,94,358952
17380,0.001868,172.31.47.0-255,66,99934,94,358952
17381,0.001874,74.125.130.0-255,5738,105672,94,358952
17382,0.001876,172.31.47.0-255,66,105738,94,358952
17383,0.001904,74.125.130.0-255,5738,111476,94,358952
17384,0.001907,172.31.47.0-255,66,111542,94,358952
17385,0.001909,74.125.130.0-255,1484,113026,94,358952
17386,0.001937,74.125.130.0-255,5738,118764,94,358952
17387,0.00194,172.31.47.0-255,66,118830,94,358952
17388,0.001973,172.31.47.0-255,66,118896,94,358952
17389,0.001976,74.125.130.0-255,1484,120380,94,358952
17390,0.001997,74.125.130.0-255,1484,121864,94,358952
17391,0.002,172.31.47.0-255,66,121930,94,358952
17392,0.002005,74.125.130.0-255,4320,126250,94,358952
17393,0.002007,172.31.47.0-255,66,126316,94,358952
17394,0.002013,74.125.130.0-255,5738,132054,94,358952
17395,0.002015,172.31.47.0-255,66,132120,94,358952
17396,0.002043,74.125.130.0-255,2902,135022,94,358952
17397,0.002046,172.31.47.0-255,66,135088,94,358952
17398,0.00206,172.31.47.0-255,66,135154,94,358952
17399,0.002122,74.125.130.0-255,3602,138756,94,358952
17400,0.002125,172.31.47.0-255,66,138822,94,358952
17401,0.002129,74.125.130.0-255,4320,143142,94,358952
17402,0.002131,172.31.47.0-255,66,143208,94,358952
17403,0.002138,74.125.130.0-255,7156,150364,94,358952
17404,0.00214,172.31.47.0-255,66,150430,94,358952
17405,0.002144,74.125.130.0-255,2902,153332,94,358952
17406,0.002145,172.31.47.0-255,66,153398,94,358952
17407,0.002167,74.125.130.0-255,5738,159136,94,358952
17408,0.00217,172.31.47.0-255,66,159202,94,358952
17409,0.002201,74.125.130.0-255,2902,162104,94,358952
17410,0.002204,172.31.47.0-255,66,162170,94,358952
17411,0.002228,74.125.130.0-255,1484,163654,94,358952
17412,0.002233,74.125.130.0-255,5738,169392,94,358952
17413,0.002235,172.31.47.0-255,66,169458,94,358952
17414,0.00224,74.125.130.0-255,3602,173060,94,358952
17415,0.002241,172.31.47.0-255,66,173126,94,358952
17416,0.004477,74.125.130.0-255,1484,174610,94,358952
17417,0.004489,74.125.130.0-255,2902,177512,94,358952
17418,0.004492,172.31.47.0-255,66,177578,94,358952
17419,0.004503,74.125.130.0-255,1484,179062,94,358952
17420,0.006737,74.125.130.0-255,4320,183382,94,358952
17421,0.006744,172.31.47.0-255,66,183448,94,358952
17422,0.008996,74.125.130.0-255,5738,189186,94,358952
17423,0.009002,172.31.47.0-255,66,189252,94,358952
17424,0.011251,74.125.130.0-255,5738,194990,94,358952
17425,0.011257,172.31.47.0-255,66,195056,94,358952
17426,0.013514,74.125.130.0-255,5738,200794,94,358952
17427,0.013522,172.31.47.0-255,66,200860,94,358952
17428,0.015773,74.125.130.0-255,4320,205180,94,358952
17429,0.015787,172.31.47.0-255,66,205246,94,358952
17430,0.015821,74.125.130.0-255,1484,206730,94,358952
17431,0.018039,74.125.130.0-255,4320,211050,94,358952
17432,0.018046,172.31.47.0-255,66,211116,94,358952
17433,0.020293,74.125.130.0-255,5738,216854,94,358952
17434,0.020299,172.31.47.0-255,66,216920,94,358952
17435,0.022547,74.125.130.0-255,5738,222658,94,358952
17436,0.022553,172.31.47.0-255,66,222724,94,358952
17437,0.023737,172.31.47.0-255,171,222895,94,358952
17438,0.02377,172.31.47.0-255,1141,224036,94,358952
17439,0.023829,172.31.47.0-255,1514,225550,94,358952
17440,0.023852,172.31.47.0-255,1263,226813,94,358952
17441,0.024796,74.125.130.0-255,1484,228297,94,358952
17442,0.024824,74.125.130.0-255,4320,232617,94,358952
17443,0.024828,172.31.47.0-255,66,232683,94,358952
17444,0.025267,104.244.42.0-255,66,232749,94,358952
17445,0.025351,104.244.42.0-255,66,232815,94,358952
17446,0.025401,104.244.42.0-255,66,232881,94,358952
17447,0.027057,74.125.130.0-255,1484,234365,94,358952
17448,0.027088,74.125.130.0-255,4320,238685,94,358952
17449,0.027092,172.31.47.0-255,66,238751,94,358952
17450,0.029332,74.125.130.0-255,4320,243071,94,358952
17451,0.02934,172.31.47.0-255,66,243137,94,358952
17452,0.029365,74.125.130.0-255,1484,244621,94,358952
17453,0.031594,74.125.130.0-255,4320,248941,94,358952
17454,0.031598,172.31.47.0-255,66,249007,94,358952
17455,0.033832,74.125.130.0-255,5738,254745,94,358952
17456,0.033836,172.31.47.0-255,66,254811,94,358952
17457,0.036085,74.125.130.0-255,5738,260549,94,358952
17458,0.036091,172.31.47.0-255,66,260615,94,358952
17459,0.038338,74.125.130.0-255,1484,262099,94,358952
17460,0.038362,74.125.130.0-255,4320,266419,94,358952
17461,0.038366,172.31.47.0-255,66,266485,94,358952
17462,0.040599,74.125.130.0-255,1484,267969,94,358952
17463,0.040627,74.125.130.0-255,4320,272289,94,358952
17464,0.040632,172.31.47.0-255,66,272355,94,358952
17465,0.042867,74.125.130.0-255,4320,276675,94,358952
17466,0.042872,172.31.47.0-255,66,276741,94,358952
17467,0.042904,74.125.130.0-255,1484,278225,94,358952
17468,0.045108,74.125.130.0-255,2902,281127,94,358952
17469,0.045114,172.31.47.0-255,66,281193,94,358952
17470,0.045221,74.125.130.0-255,1484,282677,94,358952
17471,0.047348,74.125.130.0-255,4320,286997,94,358952
17472,0.047352,172.31.47.0-255,66,287063,94,358952
17473,0.049593,74.125.130.0-255,5738,292801,94,358952
17474,0.049597,172.31.47.0-255,66,292867,94,358952
17475,0.051835,74.125.130.0-255,2902,295769,94,358952
17476,0.05184,172.31.47.0-255,66,295835,94,358952
17477,0.051874,74.125.130.0-255,2902,298737,94,358952
17478,0.051877,172.31.47.0-255,66,298803,94,358952
17479,0.054073,74.125.130.0-255,2902,301705,94,358952
17480,0.054078,172.31.47.0-255,66,301771,94,358952
17481,0.054109,74.125.130.0-255,2902,304673,94,358952
17482,0.054112,172.31.47.0-255,66,304739,94,358952
17483,0.056318,74.125.130.0-255,1484,306223,94,358952
17484,0.05635,74.125.130.0-255,1484,307707,94,358952
17485,0.056354,172.31.47.0-255,66,307773,94,358952
17486,0.056382,74.125.130.0-255,2902,310675,94,358952
17487,0.056386,172.31.47.0-255,66,310741,94,358952
17488,0.058588,74.125.130.0-255,2902,313643,94,358952
17489,0.058593,172.31.47.0-255,66,313709,94,358952
17490,0.058621,74.125.130.0-255,2902,316611,94,358952
17491,0.058623,172.31.47.0-255,66,316677,94,358952
17492,0.060825,74.125.130.0-255,2902,319579,94,358952
17493,0.060831,172.31.47.0-255,66,319645,94,358952
17494,0.060899,74.125.130.0-255,2902,322547,94,358952
17495,0.060904,172.31.47.0-255,66,322613,94,358952
17496,0.063066,74.125.130.0-255,2902,325515,94,358952
17497,0.06307,172.31.47.0-255,66,325581,94,358952
17498,0.063136,74.125.130.0-255,2902,328483,94,358952
17499,0.06314,172.31.47.0-255,66,328549,94,358952
17500,0.065315,74.125.130.0-255,2902,331451,94,358952
17501,0.06532,172.31.47.0-255,66,331517,94,358952
17502,0.065395,74.125.130.0-255,2902,334419,94,358952
17503,0.065398,172.31.47.0-255,66,334485,94,358952
17504,0.067571,74.125.130.0-255,2902,337387,94,358952
17505,0.067577,172.31.47.0-255,66,337453,94,358952
17506,0.067627,74.125.130.0-255,2902,340355,94,358952
17507,0.067631,172.31.47.0-255,66,340421,94,358952
17508,0.069819,74.125.130.0-255,2902,343323,94,358952
17509,0.069823,172.31.47.0-255,66,343389,94,358952
17510,0.06987,74.125.130.0-255,2902,346291,94,358952
17511,0.069874,172.31.47.0-255,66,346357,94,358952
17512,0.072062,74.125.130.0-255,1484,347841,94,358952
17513,0.072088,74.125.130.0-255,1484,349325,94,358952
17514,0.072092,172.31.47.0-255,66,349391,94,358952
17515,0.072111,74.125.130.0-255,2902,352293,94,358952
17516,0.072114,172.31.47.0-255,66,352359,94,358952
17517,0.074335,74.125.130.0-255,2902,355261,94,358952
17518,0.074339,172.31.47.0-255,66,355327,94,358952
17519,0.074372,74.125.130.0-255,2902,358229,94,358952
17520,0.074375,172.31.47.0-255,66,358295,94,358952
17521,0.076563,74.125.130.0-255,420,358715,94,358952
17522,0.076724,172.31.47.0-255,66,358781,94,358952
17523,0.07675,172.31.47.0-255,105,358886,94,358952
17524,0.078946,74.125.130.0-255,66,358952,94,358952
17525,0.0,74.125.24.0-255,153,153,94,354459
17526,2.1e-05,172.31.47.0-255,66,219,94,354459
17527,2.8e-05,74.125.24.0-255,1484,1703,94,354459
17528,3.1e-05,172.31.47.0-255,66,1769,94,354459
17529,4.3e-05,74.125.24.0-255,2902,4671,94,354459
17530,4.7e-05,172.31.47.0-255,66,4737,94,354459
17531,5.1e-05,74.125.24.0-255,2902,7639,94,354459
17532,5.3e-05,172.31.47.0-255,66,7705,94,354459
17533,5.9e-05,74.125.24.0-255,4320,12025,94,354459
17534,6.1e-05,172.31.47.0-255,66,12091,94,354459
17535,8.5e-05,74.125.24.0-255,7156,19247,94,354459
17536,8.8e-05,172.31.47.0-255,66,19313,94,354459
17537,0.000115,74.125.24.0-255,2211,21524,94,354459
17538,0.000118,172.31.47.0-255,66,21590,94,354459
17539,0.000129,172.31.47.0-255,66,21656,94,354459
17540,0.000438,74.125.24.0-255,1484,23140,94,354459
17541,0.000444,172.31.47.0-255,66,23206,94,354459
17542,0.00045,74.125.24.0-255,2902,26108,94,354459
17543,0.000453,172.31.47.0-255,66,26174,94,354459
17544,0.000484,74.125.24.0-255,5738,31912,94,354459
17545,0.000487,172.31.47.0-255,66,31978,94,354459
17546,0.000495,74.125.24.0-255,7156,39134,94,354459
17547,0.000497,172.31.47.0-255,66,39200,94,354459
17548,0.000539,74.125.24.0-255,5738,44938,94,354459
17549,0.000543,172.31.47.0-255,66,45004,94,354459
17550,0.000586,172.31.47.0-255,66,45070,94,354459
17551,0.00059,74.125.24.0-255,2184,47254,94,354459
17552,0.000592,172.31.47.0-255,66,47320,94,354459
17553,0.000691,74.125.24.0-255,360,47680,94,354459
17554,0.000695,172.31.47.0-255,66,47746,94,354459
17555,0.000723,74.125.24.0-255,131,47877,94,354459
17556,0.000825,74.125.24.0-255,1484,49361,94,354459
17557,0.000832,74.125.24.0-255,2902,52263,94,354459
17558,0.000853,74.125.24.0-255,5738,58001,94,354459
17559,0.000859,172.31.47.0-255,66,58067,94,354459
17560,0.000908,74.125.24.0-255,4320,62387,94,354459
17561,0.000934,172.31.47.0-255,66,62453,94,354459
17562,0.000964,74.125.24.0-255,2466,64919,94,354459
17563,0.00097,172.31.47.0-255,66,64985,94,354459
17564,0.00121,74.125.24.0-255,1484,66469,94,354459
17565,0.001229,74.125.24.0-255,2902,69371,94,354459
17566,0.001232,172.31.47.0-255,66,69437,94,354459
17567,0.001239,74.125.24.0-255,4320,73757,94,354459
17568,0.001259,74.125.24.0-255,1484,75241,94,354459
17569,0.001265,74.125.24.0-255,4320,79561,94,354459
17570,0.001278,74.125.24.0-255,1484,81045,94,354459
17571,0.001288,172.31.47.0-255,66,81111,94,354459
17572,0.001352,172.31.47.0-255,66,81177,94,354459
17573,0.001378,172.31.47.0-255,66,81243,94,354459
17574,0.001546,74.125.24.0-255,1484,82727,94,354459
17575,0.001553,74.125.24.0-255,2902,85629,94,354459
17576,0.001557,172.31.47.0-255,66,85695,94,354459
17577,0.001578,74.125.24.0-255,5738,91433,94,354459
17578,0.0016,172.31.47.0-255,66,91499,94,354459
17579,0.001613,74.125.24.0-255,4320,95819,94,354459
17580,0.001623,172.31.47.0-255,66,95885,94,354459
17581,0.001633,74.125.24.0-255,4320,100205,94,354459
17582,0.001642,74.125.24.0-255,2902,103107,94,354459
17583,0.001663,74.125.24.0-255,7156,110263,94,354459
17584,0.001669,74.125.24.0-255,5020,115283,94,354459
17585,0.001677,172.31.47.0-255,66,115349,94,354459
17586,0.001844,74.125.24.0-255,1484,116833,94,354459
17587,0.001861,74.125.24.0-255,2902,119735,94,354459
17588,0.001874,74.125.24.0-255,2902,122637,94,354459
17589,0.001882,172.31.47.0-255,66,122703,94,354459
17590,0.001903,74.125.24.0-255,7156,129859,94,354459
17591,0.001918,172.31.47.0-255,66,129925,94,354459
17592,0.001936,172.31.47.0-255,66,129991,94,354459
17593,0.001956,74.125.24.0-255,4320,134311,94,354459
17594,0.001976,74.125.24.0-255,2902,137213,94,354459
17595,0.001993,74.125.24.0-255,3602,140815,94,354459
17596,0.002002,172.31.47.0-255,66,140881,94,354459
17597,0.002048,74.125.24.0-255,1484,142365,94,354459
17598,0.002062,74.125.24.0-255,1484,143849,94,354459
17599,0.002066,172.31.47.0-255,66,143915,94,354459
17600,0.004033,74.125.24.0-255,2902,146817,94,354459
17601,0.00404,172.31.47.0-255,66,146883,94,354459
17602,0.004068,74.125.24.0-255,1484,148367,94,354459
17603,0.004083,74.125.24.0-255,1484,149851,94,354459
17604,0.005819,172.31.47.0-255,66,149917,94,354459
17605,0.006049,74.125.24.0-255,2902,152819,94,354459
17606,0.006053,172.31.47.0-255,66,152885,94,354459
17607,0.00782,74.125.24.0-255,2902,155787,94,354459
17608,0.00808,74.125.24.0-255,2902,158689,94,354459
17609,0.008589,172.31.47.0-255,66,158755,94,354459
17610,0.010642,74.125.24.0-255,5738,164493,94,354459
17611,0.010648,172.31.47.0-255,66,164559,94,354459
17612,0.012654,74.125.24.0-255,5738,170297,94,354459
17613,0.014789,172.31.47.0-255,66,170363,94,354459
17614,0.016821,74.125.24.0-255,5738,176101,94,354459
17615,0.01683,172.31.47.0-255,66,176167,94,354459
17616,0.018864,74.125.24.0-255,5738,181905,94,354459
17617,0.018869,172.31.47.0-255,66,181971,94,354459
17618,0.020903,74.125.24.0-255,5738,187709,94,354459
17619,0.02091,172.31.47.0-255,66,187775,94,354459
17620,0.022944,74.125.24.0-255,5738,193513,94,354459
17621,0.02295,172.31.47.0-255,66,193579,94,354459
17622,0.024993,74.125.24.0-255,5738,199317,94,354459
17623,0.024999,172.31.47.0-255,66,199383,94,354459
17624,0.025525,172.31.47.0-255,172,199555,94,354459
17625,0.025558,172.31.47.0-255,1116,200671,94,354459
17626,0.02562,172.31.47.0-255,1514,202185,94,354459
17627,0.025622,172.31.47.0-255,1514,203699,94,354459
17628,0.025623,172.31.47.0-255,1514,205213,94,354459
17629,0.025624,172.31.47.0-255,650,205863,94,354459
17630,0.02701,74.125.24.0-255,5738,211601,94,354459
17631,0.027016,172.31.47.0-255,66,211667,94,354459
17632,0.027062,104.244.42.0-255,66,211733,94,354459
17633,0.027068,104.244.42.0-255,66,211799,94,354459
17634,0.027189,104.244.42.0-255,66,211865,94,354459
17635,0.027194,104.244.42.0-255,66,211931,94,354459
17636,0.02907,74.125.24.0-255,5738,217669,94,354459
17637,0.029076,172.31.47.0-255,66,217735,94,354459
17638,0.03109,74.125.24.0-255,4320,222055,94,354459
17639,0.031094,172.31.47.0-255,66,222121,94,354459
17640,0.031118,74.125.24.0-255,1484,223605,94,354459
17641,0.033128,74.125.24.0-255,4320,227925,94,354459
17642,0.033135,172.31.47.0-255,66,227991,94,354459
17643,0.035188,74.125.24.0-255,5738,233729,94,354459
17644,0.035268,172.31.47.0-255,66,233795,94,354459
17645,0.037291,74.125.24.0-255,5738,239533,94,354459
17646,0.037297,172.31.47.0-255,66,239599,94,354459
17647,0.039331,74.125.24.0-255,5738,245337,94,354459
17648,0.039339,172.31.47.0-255,66,245403,94,354459
17649,0.04138,74.125.24.0-255,4320,249723,94,354459
17650,0.041385,172.31.47.0-255,66,249789,94,354459
17651,0.041409,74.125.24.0-255,1484,251273,94,354459
17652,0.043454,74.125.24.0-255,4320,255593,94,354459
17653,0.04346,172.31.47.0-255,66,255659,94,354459
17654,0.04549,74.125.24.0-255,5738,261397,94,354459
17655,0.045531,172.31.47.0-255,66,261463,94,354459
17656,0.047564,74.125.24.0-255,5738,267201,94,354459
17657,0.047571,172.31.47.0-255,66,267267,94,354459
17658,0.049593,74.125.24.0-255,5738,273005,94,354459
17659,0.049603,172.31.47.0-255,66,273071,94,354459
17660,0.051645,74.125.24.0-255,5738,278809,94,354459
17661,0.051651,172.31.47.0-255,66,278875,94,354459
17662,0.053686,74.125.24.0-255,5738,284613,94,354459
17663,0.053691,172.31.47.0-255,66,284679,94,354459
17664,0.055701,74.125.24.0-255,1484,286163,94,354459
17665,0.05572,74.125.24.0-255,4320,290483,94,354459
17666,0.055725,172.31.47.0-255,66,290549,94,354459
17667,0.057724,74.125.24.0-255,5738,296287,94,354459
17668,0.05773,172.31.47.0-255,66,296353,94,354459
17669,0.059738,74.125.24.0-255,5738,302091,94,354459
17670,0.059743,172.31.47.0-255,66,302157,94,354459
17671,0.061779,74.125.24.0-255,5738,307895,94,354459
17672,0.061784,172.31.47.0-255,66,307961,94,354459
17673,0.063851,74.125.24.0-255,5738,313699,94,354459
17674,0.063859,172.31.47.0-255,66,313765,94,354459
17675,0.065906,74.125.24.0-255,5738,319503,94,354459
17676,0.065913,172.31.47.0-255,66,319569,94,354459
17677,0.067947,74.125.24.0-255,5738,325307,94,354459
17678,0.067952,172.31.47.0-255,66,325373,94,354459
17679,0.069997,74.125.24.0-255,5738,331111,94,354459
17680,0.070003,172.31.47.0-255,66,331177,94,354459
17681,0.072015,74.125.24.0-255,5738,336915,94,354459
17682,0.072021,172.31.47.0-255,66,336981,94,354459
17683,0.074042,74.125.24.0-255,5738,342719,94,354459
17684,0.074049,172.31.47.0-255,66,342785,94,354459
17685,0.076075,74.125.24.0-255,5738,348523,94,354459
17686,0.076081,172.31.47.0-255,66,348589,94,354459
17687,0.0781,74.125.24.0-255,4320,352909,94,354459
17688,0.078106,172.31.47.0-255,66,352975,94,354459
17689,0.078134,74.125.24.0-255,1484,354459,94,354459
17690,0.0,172.217.24.0-255,153,153,94,360654
17691,3.7e-05,172.31.47.0-255,66,219,94,360654
17692,4.5e-05,172.217.24.0-255,1484,1703,94,360654
17693,4.9e-05,172.31.47.0-255,66,1769,94,360654
17694,5.4e-05,172.217.24.0-255,2902,4671,94,360654
17695,6.5e-05,172.31.47.0-255,66,4737,94,360654
17696,6.9e-05,172.217.24.0-255,2902,7639,94,360654
17697,7.1e-05,172.31.47.0-255,66,7705,94,360654
17698,7.6e-05,172.217.24.0-255,4320,12025,94,360654
17699,7.9e-05,172.31.47.0-255,66,12091,94,360654
17700,8.3e-05,172.217.24.0-255,2024,14115,94,360654
17701,8.5e-05,172.31.47.0-255,66,14181,94,360654
17702,0.000118,172.217.24.0-255,2902,17083,94,360654
17703,0.000121,172.31.47.0-255,66,17149,94,360654
17704,0.00013,172.217.24.0-255,7156,24305,94,360654
17705,0.000133,172.31.47.0-255,66,24371,94,360654
17706,0.00014,172.217.24.0-255,6797,31168,94,360654
17707,0.000142,172.31.47.0-255,66,31234,94,360654
17708,0.000654,172.217.24.0-255,1484,32718,94,360654
17709,0.000659,172.31.47.0-255,66,32784,94,360654
17710,0.000668,172.217.24.0-255,2902,35686,94,360654
17711,0.00067,172.31.47.0-255,66,35752,94,360654
17712,0.000683,172.217.24.0-255,5738,41490,94,360654
17713,0.000685,172.31.47.0-255,66,41556,94,360654
17714,0.000689,172.217.24.0-255,2902,44458,94,360654
17715,0.00069,172.31.47.0-255,66,44524,94,360654
17716,0.000718,172.217.24.0-255,3961,48485,94,360654
17717,0.000721,172.31.47.0-255,66,48551,94,360654
17718,0.000835,172.217.24.0-255,1484,50035,94,360654
17719,0.000839,172.31.47.0-255,66,50101,94,360654
17720,0.000843,172.217.24.0-255,2902,53003,94,360654
17721,0.000845,172.31.47.0-255,66,53069,94,360654
17722,0.000871,172.217.24.0-255,5738,58807,94,360654
17723,0.000874,172.31.47.0-255,66,58873,94,360654
17724,0.000896,172.217.24.0-255,7088,65961,94,360654
17725,0.000899,172.31.47.0-255,66,66027,94,360654
17726,0.00136,172.217.24.0-255,387,66414,94,360654
17727,0.001435,172.217.24.0-255,1484,67898,94,360654
17728,0.001439,172.31.47.0-255,66,67964,94,360654
17729,0.001443,172.217.24.0-255,1484,69448,94,360654
17730,0.001471,172.217.24.0-255,2902,72350,94,360654
17731,0.001475,172.31.47.0-255,66,72416,94,360654
17732,0.00148,172.217.24.0-255,5738,78154,94,360654
17733,0.001482,172.31.47.0-255,66,78220,94,360654
17734,0.001519,172.217.24.0-255,5379,83599,94,360654
17735,0.001521,172.31.47.0-255,66,83665,94,360654
17736,0.001543,172.217.24.0-255,5738,89403,94,360654
17737,0.001545,172.31.47.0-255,66,89469,94,360654
17738,0.00155,172.217.24.0-255,4320,93789,94,360654
17739,0.001552,172.31.47.0-255,66,93855,94,360654
17740,0.001568,172.217.24.0-255,1484,95339,94,360654
17741,0.001604,172.217.24.0-255,5379,100718,94,360654
17742,0.001606,172.31.47.0-255,66,100784,94,360654
17743,0.001769,172.217.24.0-255,1484,102268,94,360654
17744,0.001773,172.217.24.0-255,1484,103752,94,360654
17745,0.001775,172.31.47.0-255,66,103818,94,360654
17746,0.001797,172.217.24.0-255,1484,105302,94,360654
17747,0.001803,172.217.24.0-255,5738,111040,94,360654
17748,0.001805,172.31.47.0-255,66,111106,94,360654
17749,0.001807,172.217.24.0-255,1484,112590,94,360654
17750,0.001832,172.217.24.0-255,2902,115492,94,360654
17751,0.001839,172.217.24.0-255,5738,121230,94,360654
17752,0.001864,172.217.24.0-255,2184,123414,94,360654
17753,0.001909,172.217.24.0-255,1484,124898,94,360654
17754,0.001913,172.217.24.0-255,2902,127800,94,360654
17755,0.001933,172.217.24.0-255,4320,132120,94,360654
17756,0.001946,172.217.24.0-255,1484,133604,94,360654
17757,0.001958,172.217.24.0-255,2902,136506,94,360654
17758,0.001989,172.217.24.0-255,1484,137990,94,360654
17759,0.005158,172.31.47.0-255,66,138056,94,360654
17760,0.007159,172.217.24.0-255,5738,143794,94,360654
17761,0.007164,172.31.47.0-255,66,143860,94,360654
17762,0.009127,172.217.24.0-255,5738,149598,94,360654
17763,0.009133,172.31.47.0-255,66,149664,94,360654
17764,0.011075,172.217.24.0-255,5738,155402,94,360654
17765,0.011081,172.31.47.0-255,66,155468,94,360654
17766,0.01303,172.217.24.0-255,5738,161206,94,360654
17767,0.013039,172.31.47.0-255,66,161272,94,360654
17768,0.014995,172.217.24.0-255,5738,167010,94,360654
17769,0.015003,172.31.47.0-255,66,167076,94,360654
17770,0.016957,172.217.24.0-255,5738,172814,94,360654
17771,0.016964,172.31.47.0-255,66,172880,94,360654
17772,0.018914,172.217.24.0-255,5738,178618,94,360654
17773,0.018921,172.31.47.0-255,66,178684,94,360654
17774,0.020871,172.217.24.0-255,5738,184422,94,360654
17775,0.020878,172.31.47.0-255,66,184488,94,360654
17776,0.02283,172.217.24.0-255,5738,190226,94,360654
17777,0.022842,172.31.47.0-255,66,190292,94,360654
17778,0.024799,172.217.24.0-255,5738,196030,94,360654
17779,0.024808,172.31.47.0-255,66,196096,94,360654
17780,0.026754,172.217.24.0-255,5738,201834,94,360654
17781,0.026762,172.31.47.0-255,66,201900,94,360654
17782,0.028299,172.31.47.0-255,172,202072,94,360654
17783,0.028336,172.31.47.0-255,1117,203189,94,360654
17784,0.028396,172.31.47.0-255,1514,204703,94,360654
17785,0.028398,172.31.47.0-255,1287,205990,94,360654
17786,0.028708,172.217.24.0-255,5738,211728,94,360654
17787,0.028713,172.31.47.0-255,66,211794,94,360654
17788,0.029874,104.244.42.0-255,66,211860,94,360654
17789,0.029914,104.244.42.0-255,66,211926,94,360654
17790,0.029962,104.244.42.0-255,66,211992,94,360654
17791,0.030661,172.217.24.0-255,5738,217730,94,360654
17792,0.030666,172.31.47.0-255,66,217796,94,360654
17793,0.032624,172.217.24.0-255,5738,223534,94,360654
17794,0.032629,172.31.47.0-255,66,223600,94,360654
17795,0.03459,172.217.24.0-255,5738,229338,94,360654
17796,0.034596,172.31.47.0-255,66,229404,94,360654
17797,0.036554,172.217.24.0-255,5738,235142,94,360654
17798,0.03656,172.31.47.0-255,66,235208,94,360654
17799,0.03851,172.217.24.0-255,5738,240946,94,360654
17800,0.038518,172.31.47.0-255,66,241012,94,360654
17801,0.040462,172.217.24.0-255,5738,246750,94,360654
17802,0.040483,172.31.47.0-255,66,246816,94,360654
17803,0.042432,172.217.24.0-255,5738,252554,94,360654
17804,0.042438,172.31.47.0-255,66,252620,94,360654
17805,0.044389,172.217.24.0-255,4320,256940,94,360654
17806,0.044394,172.31.47.0-255,66,257006,94,360654
17807,0.044422,172.217.24.0-255,1484,258490,94,360654
17808,0.046342,172.217.24.0-255,4320,262810,94,360654
17809,0.04635,172.31.47.0-255,66,262876,94,360654
17810,0.048297,172.217.24.0-255,5738,268614,94,360654
17811,0.048304,172.31.47.0-255,66,268680,94,360654
17812,0.050247,172.217.24.0-255,1484,270164,94,360654
17813,0.050269,172.217.24.0-255,4320,274484,94,360654
17814,0.050273,172.31.47.0-255,66,274550,94,360654
17815,0.052217,172.217.24.0-255,5738,280288,94,360654
17816,0.052239,172.31.47.0-255,66,280354,94,360654
17817,0.054187,172.217.24.0-255,5738,286092,94,360654
17818,0.054194,172.31.47.0-255,66,286158,94,360654
17819,0.056139,172.217.24.0-255,5738,291896,94,360654
17820,0.056144,172.31.47.0-255,66,291962,94,360654
17821,0.058091,172.217.24.0-255,5738,297700,94,360654
17822,0.058096,172.31.47.0-255,66,297766,94,360654
17823,0.06004,172.217.24.0-255,5738,303504,94,360654
17824,0.060046,172.31.47.0-255,66,303570,94,360654
17825,0.061994,172.217.24.0-255,5738,309308,94,360654
17826,0.061999,172.31.47.0-255,66,309374,94,360654
17827,0.063947,172.217.24.0-255,5738,315112,94,360654
17828,0.063953,172.31.47.0-255,66,315178,94,360654
17829,0.065911,172.217.24.0-255,4320,319498,94,360654
17830,0.065917,172.31.47.0-255,66,319564,94,360654
17831,0.065947,172.217.24.0-255,1484,321048,94,360654
17832,0.067872,172.217.24.0-255,4320,325368,94,360654
17833,0.067878,172.31.47.0-255,66,325434,94,360654
17834,0.069826,172.217.24.0-255,5738,331172,94,360654
17835,0.069831,172.31.47.0-255,66,331238,94,360654
17836,0.071816,172.217.24.0-255,5738,336976,94,360654
17837,0.071823,172.31.47.0-255,66,337042,94,360654
17838,0.073779,172.217.24.0-255,5738,342780,94,360654
17839,0.073786,172.31.47.0-255,66,342846,94,360654
17840,0.075735,172.217.24.0-255,2902,345748,94,360654
17841,0.075742,172.31.47.0-255,66,345814,94,360654
17842,0.075772,172.217.24.0-255,2902,348716,94,360654
17843,0.075776,172.31.47.0-255,66,348782,94,360654
17844,0.077693,172.217.24.0-255,2902,351684,94,360654
17845,0.077705,172.31.47.0-255,66,351750,94,360654
17846,0.077746,172.217.24.0-255,2902,354652,94,360654
17847,0.077749,172.31.47.0-255,66,354718,94,360654
17848,0.079683,172.217.24.0-255,2902,357620,94,360654
17849,0.079689,172.31.47.0-255,66,357686,94,360654
17850,0.079722,172.217.24.0-255,2902,360588,94,360654
17851,0.079726,172.31.47.0-255,66,360654,94,360654
17852,0.0,74.125.24.0-255,153,153,94,218591
17853,3.3e-05,172.31.47.0-255,66,219,94,218591
17854,4e-05,74.125.24.0-255,1484,1703,94,218591
17855,4.5e-05,172.31.47.0-255,66,1769,94,218591
17856,4.7e-05,74.125.24.0-255,1484,3253,94,218591
17857,5.6e-05,172.31.47.0-255,66,3319,94,218591
17858,8.8e-05,74.125.24.0-255,2902,6221,94,218591
17859,9.4e-05,74.125.24.0-255,5738,11959,94,218591
17860,9.4e-05,172.31.47.0-255,66,12025,94,218591
17861,9.7e-05,172.31.47.0-255,66,12091,94,218591
17862,0.000123,74.125.24.0-255,2015,14106,94,218591
17863,0.000126,172.31.47.0-255,66,14172,94,218591
17864,0.00064,74.125.24.0-255,1484,15656,94,218591
17865,0.000646,172.31.47.0-255,66,15722,94,218591
17866,0.000655,74.125.24.0-255,2902,18624,94,218591
17867,0.000665,172.31.47.0-255,66,18690,94,218591
17868,0.000671,74.125.24.0-255,2902,21592,94,218591
17869,0.000673,172.31.47.0-255,66,21658,94,218591
17870,0.000678,74.125.24.0-255,4320,25978,94,218591
17871,0.000681,172.31.47.0-255,66,26044,94,218591
17872,0.000703,74.125.24.0-255,2902,28946,94,218591
17873,0.000707,172.31.47.0-255,66,29012,94,218591
17874,0.000744,74.125.24.0-255,6797,35809,94,218591
17875,0.000749,172.31.47.0-255,66,35875,94,218591
17876,0.000758,74.125.24.0-255,7156,43031,94,218591
17877,0.00076,172.31.47.0-255,66,43097,94,218591
17878,0.000782,74.125.24.0-255,1484,44581,94,218591
17879,0.000785,172.31.47.0-255,66,44647,94,218591
17880,0.00079,74.125.24.0-255,2902,47549,94,218591
17881,0.000792,172.31.47.0-255,66,47615,94,218591
17882,0.0008,74.125.24.0-255,5738,53353,94,218591
17883,0.000802,172.31.47.0-255,66,53419,94,218591
17884,0.000816,74.125.24.0-255,1484,54903,94,218591
17885,0.000843,74.125.24.0-255,5738,60641,94,218591
17886,0.000846,172.31.47.0-255,66,60707,94,218591
17887,0.000879,74.125.24.0-255,5020,65727,94,218591
17888,0.000882,172.31.47.0-255,66,65793,94,218591
17889,0.000904,74.125.24.0-255,414,66207,94,218591
17890,0.001014,74.125.24.0-255,1484,67691,94,218591
17891,0.001018,172.31.47.0-255,66,67757,94,218591
17892,0.001023,74.125.24.0-255,2902,70659,94,218591
17893,0.001025,172.31.47.0-255,66,70725,94,218591
17894,0.001059,74.125.24.0-255,5738,76463,94,218591
17895,0.001064,172.31.47.0-255,66,76529,94,218591
17896,0.001074,172.31.47.0-255,66,76595,94,218591
17897,0.00114,172.31.47.0-255,66,76661,94,218591
17898,0.001169,74.125.24.0-255,5020,81681,94,218591
17899,0.001173,172.31.47.0-255,66,81747,94,218591
17900,0.001257,74.125.24.0-255,1484,83231,94,218591
17901,0.001263,74.125.24.0-255,2902,86133,94,218591
17902,0.001267,172.31.47.0-255,66,86199,94,218591
17903,0.001299,74.125.24.0-255,4320,90519,94,218591
17904,0.001302,172.31.47.0-255,66,90585,94,218591
17905,0.001327,74.125.24.0-255,5738,96323,94,218591
17906,0.00133,172.31.47.0-255,66,96389,94,218591
17907,0.001342,172.31.47.0-255,66,96455,94,218591
17908,0.001353,172.31.47.0-255,66,96521,94,218591
17909,0.001418,172.31.47.0-255,66,96587,94,218591
17910,0.001435,74.125.24.0-255,1484,98071,94,218591
17911,0.001463,172.31.47.0-255,66,98137,94,218591
17912,0.00149,74.125.24.0-255,5738,103875,94,218591
17913,0.001493,172.31.47.0-255,66,103941,94,218591
17914,0.001497,74.125.24.0-255,2184,106125,94,218591
17915,0.0015,172.31.47.0-255,66,106191,94,218591
17916,0.001564,74.125.24.0-255,1484,107675,94,218591
17917,0.001592,74.125.24.0-255,2902,110577,94,218591
17918,0.001595,172.31.47.0-255,66,110643,94,218591
17919,0.0016,74.125.24.0-255,2902,113545,94,218591
17920,0.001602,172.31.47.0-255,66,113611,94,218591
17921,0.00162,74.125.24.0-255,1484,115095,94,218591
17922,0.001642,74.125.24.0-255,7156,122251,94,218591
17923,0.001645,172.31.47.0-255,66,122317,94,218591
17924,0.001667,74.125.24.0-255,1484,123801,94,218591
17925,0.001673,74.125.24.0-255,5738,129539,94,218591
17926,0.001676,172.31.47.0-255,66,129605,94,218591
17927,0.001707,172.31.47.0-255,66,129671,94,218591
17928,0.001733,74.125.24.0-255,2184,131855,94,218591
17929,0.001735,172.31.47.0-255,66,131921,94,218591
17930,0.001771,74.125.24.0-255,1484,133405,94,218591
17931,0.001777,74.125.24.0-255,2902,136307,94,218591
17932,0.001779,172.31.47.0-255,66,136373,94,218591
17933,0.001827,74.125.24.0-255,4320,140693,94,218591
17934,0.001831,172.31.47.0-255,66,140759,94,218591
17935,0.00184,74.125.24.0-255,1484,142243,94,218591
17936,0.001863,172.31.47.0-255,66,142309,94,218591
17937,0.001901,74.125.24.0-255,2902,145211,94,218591
17938,0.001904,172.31.47.0-255,66,145277,94,218591
17939,0.001938,74.125.24.0-255,1484,146761,94,218591
17940,0.001942,172.31.47.0-255,66,146827,94,218591
17941,0.00198,172.31.47.0-255,66,146893,94,218591
17942,0.001989,74.125.24.0-255,4320,151213,94,218591
17943,0.001995,172.31.47.0-255,66,151279,94,218591
17944,0.002015,74.125.24.0-255,7156,158435,94,218591
17945,0.002017,172.31.47.0-255,66,158501,94,218591
17946,0.002052,172.31.47.0-255,66,158567,94,218591
17947,0.002055,74.125.24.0-255,1484,160051,94,218591
17948,0.002075,74.125.24.0-255,2902,162953,94,218591
17949,0.002077,172.31.47.0-255,66,163019,94,218591
17950,0.00208,74.125.24.0-255,1484,164503,94,218591
17951,0.002103,74.125.24.0-255,4320,168823,94,218591
17952,0.002106,172.31.47.0-255,66,168889,94,218591
17953,0.002112,74.125.24.0-255,7156,176045,94,218591
17954,0.002114,172.31.47.0-255,66,176111,94,218591
17955,0.002117,74.125.24.0-255,1484,177595,94,218591
17956,0.002147,74.125.24.0-255,7156,184751,94,218591
17957,0.002149,172.31.47.0-255,66,184817,94,218591
17958,0.002175,172.31.47.0-255,66,184883,94,218591
17959,0.002387,74.125.24.0-255,1484,186367,94,218591
17960,0.002401,74.125.24.0-255,2902,189269,94,218591
17961,0.002404,172.31.47.0-255,66,189335,94,218591
17962,0.002409,74.125.24.0-255,2902,192237,94,218591
17963,0.00241,172.31.47.0-255,66,192303,94,218591
17964,0.002446,74.125.24.0-255,1484,193787,94,218591
17965,0.002456,172.31.47.0-255,66,193853,94,218591
17966,0.002491,74.125.24.0-255,1484,195337,94,218591
17967,0.002521,172.31.47.0-255,66,195403,94,218591
17968,0.002537,172.31.47.0-255,66,195469,94,218591
17969,0.002546,172.31.47.0-255,66,195535,94,218591
17970,0.002586,172.31.47.0-255,66,195601,94,218591
17971,0.002593,74.125.24.0-255,5738,201339,94,218591
17972,0.002594,172.31.47.0-255,66,201405,94,218591
17973,0.002616,74.125.24.0-255,1484,202889,94,218591
17974,0.002653,172.31.47.0-255,66,202955,94,218591
17975,0.005221,74.125.24.0-255,5738,208693,94,218591
17976,0.005231,172.31.47.0-255,66,208759,94,218591
17977,0.007816,74.125.24.0-255,5307,214066,94,218591
17978,0.007826,172.31.47.0-255,66,214132,94,218591
17979,0.008098,172.31.47.0-255,105,214237,94,218591
17980,0.010631,74.125.24.0-255,66,214303,94,218591
17981,0.023543,172.31.47.0-255,172,214475,94,218591
17982,0.023599,172.31.47.0-255,1117,215592,94,218591
17983,0.023674,172.31.47.0-255,1514,217106,94,218591
17984,0.023676,172.31.47.0-255,1287,218393,94,218591
17985,0.025075,104.244.42.0-255,66,218459,94,218591
17986,0.025174,104.244.42.0-255,66,218525,94,218591
17987,0.025224,104.244.42.0-255,66,218591,94,218591
17988,0.0,74.125.200.0-255,153,153,94,326542
17989,1.6e-05,172.31.47.0-255,66,219,94,326542
17990,4.3e-05,74.125.200.0-255,1484,1703,94,326542
17991,4.7e-05,172.31.47.0-255,66,1769,94,326542
17992,4.9e-05,74.125.200.0-255,1484,3253,94,326542
17993,5.2e-05,172.31.47.0-255,66,3319,94,326542
17994,6.8e-05,74.125.200.0-255,1484,4803,94,326542
17995,7.5e-05,172.31.47.0-255,66,4869,94,326542
17996,8.6e-05,74.125.200.0-255,1484,6353,94,326542
17997,8.8e-05,172.31.47.0-255,66,6419,94,326542
17998,0.00012,74.125.200.0-255,5738,12157,94,326542
17999,0.000124,172.31.47.0-255,66,12223,94,326542
18000,0.000128,74.125.200.0-255,2217,14440,94,326542
18001,0.00013,172.31.47.0-255,66,14506,94,326542
18002,0.000134,74.125.200.0-255,2902,17408,94,326542
18003,0.000142,74.125.200.0-255,7156,24564,94,326542
18004,0.000148,74.125.200.0-255,5738,30302,94,326542
18005,0.000164,172.31.47.0-255,66,30368,94,326542
18006,0.000166,172.31.47.0-255,66,30434,94,326542
18007,0.000167,172.31.47.0-255,66,30500,94,326542
18008,0.000188,74.125.200.0-255,1125,31625,94,326542
18009,0.000191,172.31.47.0-255,66,31691,94,326542
18010,0.000218,74.125.200.0-255,1484,33175,94,326542
18011,0.000222,74.125.200.0-255,4320,37495,94,326542
18012,0.000222,172.31.47.0-255,66,37561,94,326542
18013,0.000226,172.31.47.0-255,66,37627,94,326542
18014,0.00025,74.125.200.0-255,4320,41947,94,326542
18015,0.000253,172.31.47.0-255,66,42013,94,326542
18016,0.000258,74.125.200.0-255,5738,47751,94,326542
18017,0.00026,172.31.47.0-255,66,47817,94,326542
18018,0.000283,74.125.200.0-255,1125,48942,94,326542
18019,0.000286,172.31.47.0-255,66,49008,94,326542
18020,0.001059,74.125.200.0-255,1484,50492,94,326542
18021,0.001079,74.125.200.0-255,2902,53394,94,326542
18022,0.001083,172.31.47.0-255,66,53460,94,326542
18023,0.001102,74.125.200.0-255,2902,56362,94,326542
18024,0.001105,172.31.47.0-255,66,56428,94,326542
18025,0.001133,74.125.200.0-255,1484,57912,94,326542
18026,0.001139,74.125.200.0-255,5738,63650,94,326542
18027,0.001141,172.31.47.0-255,66,63716,94,326542
18028,0.001147,74.125.200.0-255,6797,70513,94,326542
18029,0.001149,172.31.47.0-255,66,70579,94,326542
18030,0.001178,74.125.200.0-255,7156,77735,94,326542
18031,0.001182,172.31.47.0-255,66,77801,94,326542
18032,0.00121,74.125.200.0-255,7156,84957,94,326542
18033,0.001213,172.31.47.0-255,66,85023,94,326542
18034,0.00124,74.125.200.0-255,7156,92179,94,326542
18035,0.001243,172.31.47.0-255,66,92245,94,326542
18036,0.001254,172.31.47.0-255,66,92311,94,326542
18037,0.001284,74.125.200.0-255,2184,94495,94,326542
18038,0.001286,172.31.47.0-255,66,94561,94,326542
18039,0.001298,172.31.47.0-255,66,94627,94,326542
18040,0.001316,74.125.200.0-255,1484,96111,94,326542
18041,0.00132,74.125.200.0-255,2902,99013,94,326542
18042,0.001322,172.31.47.0-255,66,99079,94,326542
18043,0.001349,74.125.200.0-255,2902,101981,94,326542
18044,0.001352,172.31.47.0-255,66,102047,94,326542
18045,0.001358,74.125.200.0-255,4320,106367,94,326542
18046,0.00136,172.31.47.0-255,66,106433,94,326542
18047,0.001403,74.125.200.0-255,5500,111933,94,326542
18048,0.001406,172.31.47.0-255,66,111999,94,326542
18049,0.00145,74.125.200.0-255,1484,113483,94,326542
18050,0.001469,74.125.200.0-255,2902,116385,94,326542
18051,0.001472,172.31.47.0-255,66,116451,94,326542
18052,0.00151,74.125.200.0-255,5738,122189,94,326542
18053,0.001514,172.31.47.0-255,66,122255,94,326542
18054,0.001516,74.125.200.0-255,1484,123739,94,326542
18055,0.001519,74.125.200.0-255,1484,125223,94,326542
18056,0.001521,172.31.47.0-255,66,125289,94,326542
18057,0.001545,74.125.200.0-255,7156,132445,94,326542
18058,0.001551,172.31.47.0-255,66,132511,94,326542
18059,0.001556,74.125.200.0-255,4320,136831,94,326542
18060,0.001558,172.31.47.0-255,66,136897,94,326542
18061,0.001592,74.125.200.0-255,5738,142635,94,326542
18062,0.001595,172.31.47.0-255,66,142701,94,326542
18063,0.0016,74.125.200.0-255,2902,145603,94,326542
18064,0.001601,172.31.47.0-255,66,145669,94,326542
18065,0.001619,74.125.200.0-255,766,146435,94,326542
18066,0.001837,74.125.200.0-255,1484,147919,94,326542
18067,0.001841,172.31.47.0-255,66,147985,94,326542
18068,0.001864,74.125.200.0-255,2902,150887,94,326542
18069,0.001867,172.31.47.0-255,66,150953,94,326542
18070,0.001871,74.125.200.0-255,4320,155273,94,326542
18071,0.001873,172.31.47.0-255,66,155339,94,326542
18072,0.001909,172.31.47.0-255,66,155405,94,326542
18073,0.001915,74.125.200.0-255,7156,162561,94,326542
18074,0.001917,172.31.47.0-255,66,162627,94,326542
18075,0.001945,172.31.47.0-255,66,162693,94,326542
18076,0.001948,74.125.200.0-255,766,163459,94,326542
18077,0.001994,74.125.200.0-255,1484,164943,94,326542
18078,0.001997,172.31.47.0-255,66,165009,94,326542
18079,0.002,74.125.200.0-255,1484,166493,94,326542
18080,0.002023,74.125.200.0-255,2902,169395,94,326542
18081,0.002026,172.31.47.0-255,66,169461,94,326542
18082,0.002032,74.125.200.0-255,5738,175199,94,326542
18083,0.002033,172.31.47.0-255,66,175265,94,326542
18084,0.002108,172.31.47.0-255,66,175331,94,326542
18085,0.002131,74.125.200.0-255,2902,178233,94,326542
18086,0.002134,172.31.47.0-255,66,178299,94,326542
18087,0.002171,172.31.47.0-255,66,178365,94,326542
18088,0.002176,74.125.200.0-255,4320,182685,94,326542
18089,0.002178,172.31.47.0-255,66,182751,94,326542
18090,0.002202,172.31.47.0-255,66,182817,94,326542
18091,0.002226,74.125.200.0-255,1484,184301,94,326542
18092,0.002236,172.31.47.0-255,66,184367,94,326542
18093,0.002238,74.125.200.0-255,766,185133,94,326542
18094,0.002241,74.125.200.0-255,1484,186617,94,326542
18095,0.002243,172.31.47.0-255,66,186683,94,326542
18096,0.002249,74.125.200.0-255,4320,191003,94,326542
18097,0.002251,172.31.47.0-255,66,191069,94,326542
18098,0.002284,172.31.47.0-255,66,191135,94,326542
18099,0.002289,74.125.200.0-255,5738,196873,94,326542
18100,0.002292,172.31.47.0-255,66,196939,94,326542
18101,0.002313,74.125.200.0-255,4320,201259,94,326542
18102,0.002316,172.31.47.0-255,66,201325,94,326542
18103,0.00232,74.125.200.0-255,4320,205645,94,326542
18104,0.002323,172.31.47.0-255,66,205711,94,326542
18105,0.002351,74.125.200.0-255,5020,210731,94,326542
18106,0.002354,172.31.47.0-255,66,210797,94,326542
18107,0.004632,74.125.200.0-255,5738,216535,94,326542
18108,0.004638,172.31.47.0-255,66,216601,94,326542
18109,0.006918,74.125.200.0-255,4320,220921,94,326542
18110,0.006923,172.31.47.0-255,66,220987,94,326542
18111,0.006946,74.125.200.0-255,1484,222471,94,326542
18112,0.009213,74.125.200.0-255,4320,226791,94,326542
18113,0.009218,172.31.47.0-255,66,226857,94,326542
18114,0.011507,74.125.200.0-255,5738,232595,94,326542
18115,0.011514,172.31.47.0-255,66,232661,94,326542
18116,0.013809,74.125.200.0-255,5738,238399,94,326542
18117,0.013817,172.31.47.0-255,66,238465,94,326542
18118,0.016133,74.125.200.0-255,5738,244203,94,326542
18119,0.016143,172.31.47.0-255,66,244269,94,326542
18120,0.018435,74.125.200.0-255,5738,250007,94,326542
18121,0.018441,172.31.47.0-255,66,250073,94,326542
18122,0.020724,74.125.200.0-255,5738,255811,94,326542
18123,0.020729,172.31.47.0-255,66,255877,94,326542
18124,0.02301,74.125.200.0-255,5738,261615,94,326542
18125,0.023016,172.31.47.0-255,66,261681,94,326542
18126,0.025241,172.31.47.0-255,172,261853,94,326542
18127,0.025305,74.125.200.0-255,5738,267591,94,326542
18128,0.025311,172.31.47.0-255,66,267657,94,326542
18129,0.025368,172.31.47.0-255,1116,268773,94,326542
18130,0.025537,172.31.47.0-255,1514,270287,94,326542
18131,0.025561,172.31.47.0-255,1288,271575,94,326542
18132,0.026781,104.244.42.0-255,66,271641,94,326542
18133,0.02692,104.244.42.0-255,66,271707,94,326542
18134,0.027097,104.244.42.0-255,66,271773,94,326542
18135,0.027579,74.125.200.0-255,4320,276093,94,326542
18136,0.027582,172.31.47.0-255,66,276159,94,326542
18137,0.027622,74.125.200.0-255,1484,277643,94,326542
18138,0.029863,74.125.200.0-255,1484,279127,94,326542
18139,0.029868,172.31.47.0-255,66,279193,94,326542
18140,0.029894,74.125.200.0-255,2902,282095,94,326542
18141,0.029897,172.31.47.0-255,66,282161,94,326542
18142,0.032143,74.125.200.0-255,2902,285063,94,326542
18143,0.032147,172.31.47.0-255,66,285129,94,326542
18144,0.032182,74.125.200.0-255,2902,288031,94,326542
18145,0.032187,172.31.47.0-255,66,288097,94,326542
18146,0.034414,74.125.200.0-255,2902,290999,94,326542
18147,0.034419,172.31.47.0-255,66,291065,94,326542
18148,0.034474,74.125.200.0-255,2902,293967,94,326542
18149,0.034479,172.31.47.0-255,66,294033,94,326542
18150,0.036696,74.125.200.0-255,1484,295517,94,326542
18151,0.036724,74.125.200.0-255,1484,297001,94,326542
18152,0.036729,172.31.47.0-255,66,297067,94,326542
18153,0.036759,74.125.200.0-255,2902,299969,94,326542
18154,0.036763,172.31.47.0-255,66,300035,94,326542
18155,0.039003,74.125.200.0-255,2902,302937,94,326542
18156,0.039008,172.31.47.0-255,66,303003,94,326542
18157,0.039046,74.125.200.0-255,1484,304487,94,326542
18158,0.039063,74.125.200.0-255,1484,305971,94,326542
18159,0.039066,172.31.47.0-255,66,306037,94,326542
18160,0.041287,74.125.200.0-255,2902,308939,94,326542
18161,0.04129,172.31.47.0-255,66,309005,94,326542
18162,0.041382,74.125.200.0-255,2902,311907,94,326542
18163,0.041386,172.31.47.0-255,66,311973,94,326542
18164,0.043564,74.125.200.0-255,2902,314875,94,326542
18165,0.043569,172.31.47.0-255,66,314941,94,326542
18166,0.04366,74.125.200.0-255,2902,317843,94,326542
18167,0.043664,172.31.47.0-255,66,317909,94,326542
18168,0.045842,74.125.200.0-255,2902,320811,94,326542
18169,0.045847,172.31.47.0-255,66,320877,94,326542
18170,0.045944,74.125.200.0-255,2902,323779,94,326542
18171,0.045949,172.31.47.0-255,66,323845,94,326542
18172,0.04812,74.125.200.0-255,2460,326305,94,326542
18173,0.048125,172.31.47.0-255,66,326371,94,326542
18174,0.048268,172.31.47.0-255,105,326476,94,326542
18175,0.050499,74.125.200.0-255,66,326542,94,326542
18176,0.0,74.125.24.0-255,153,153,94,324472
18177,3e-05,172.31.47.0-255,66,219,94,324472
18178,3.8e-05,74.125.24.0-255,1484,1703,94,324472
18179,4.2e-05,172.31.47.0-255,66,1769,94,324472
18180,4.7e-05,74.125.24.0-255,2902,4671,94,324472
18181,5e-05,172.31.47.0-255,66,4737,94,324472
18182,6.4e-05,74.125.24.0-255,7156,11893,94,324472
18183,6.8e-05,172.31.47.0-255,66,11959,94,324472
18184,7.1e-05,74.125.24.0-255,1484,13443,94,324472
18185,7.4e-05,172.31.47.0-255,66,13509,94,324472
18186,0.000105,74.125.24.0-255,6353,19862,94,324472
18187,0.000116,172.31.47.0-255,66,19928,94,324472
18188,0.00013,172.31.47.0-255,66,19994,94,324472
18189,0.00049,74.125.24.0-255,1484,21478,94,324472
18190,0.000495,172.31.47.0-255,66,21544,94,324472
18191,0.000501,74.125.24.0-255,2902,24446,94,324472
18192,0.000503,172.31.47.0-255,66,24512,94,324472
18193,0.000508,74.125.24.0-255,4320,28832,94,324472
18194,0.000521,172.31.47.0-255,66,28898,94,324472
18195,0.000538,74.125.24.0-255,1484,30382,94,324472
18196,0.000546,172.31.47.0-255,66,30448,94,324472
18197,0.000562,172.31.47.0-255,66,30514,94,324472
18198,0.00057,74.125.24.0-255,7156,37670,94,324472
18199,0.000572,172.31.47.0-255,66,37736,94,324472
18200,0.000603,74.125.24.0-255,2543,40279,94,324472
18201,0.000606,172.31.47.0-255,66,40345,94,324472
18202,0.000631,74.125.24.0-255,364,40709,94,324472
18203,0.000635,172.31.47.0-255,66,40775,94,324472
18204,0.001166,74.125.24.0-255,1484,42259,94,324472
18205,0.001171,172.31.47.0-255,66,42325,94,324472
18206,0.001181,74.125.24.0-255,2902,45227,94,324472
18207,0.001191,172.31.47.0-255,66,45293,94,324472
18208,0.001198,74.125.24.0-255,5738,51031,94,324472
18209,0.0012,172.31.47.0-255,66,51097,94,324472
18210,0.001257,172.31.47.0-255,66,51163,94,324472
18211,0.001264,74.125.24.0-255,7156,58319,94,324472
18212,0.001266,172.31.47.0-255,66,58385,94,324472
18213,0.001278,74.125.24.0-255,2834,61219,94,324472
18214,0.00128,172.31.47.0-255,66,61285,94,324472
18215,0.001387,74.125.24.0-255,1484,62769,94,324472
18216,0.001395,74.125.24.0-255,2902,65671,94,324472
18217,0.001399,172.31.47.0-255,66,65737,94,324472
18218,0.001402,74.125.24.0-255,1484,67221,94,324472
18219,0.001422,74.125.24.0-255,4320,71541,94,324472
18220,0.001425,172.31.47.0-255,66,71607,94,324472
18221,0.001436,172.31.47.0-255,66,71673,94,324472
18222,0.001463,74.125.24.0-255,2902,74575,94,324472
18223,0.00147,172.31.47.0-255,66,74641,94,324472
18224,0.00151,172.31.47.0-255,66,74707,94,324472
18225,0.001545,172.31.47.0-255,66,74773,94,324472
18226,0.001569,74.125.24.0-255,3961,78734,94,324472
18227,0.001571,172.31.47.0-255,66,78800,94,324472
18228,0.001594,172.31.47.0-255,66,78866,94,324472
18229,0.001599,74.125.24.0-255,4320,83186,94,324472
18230,0.001602,172.31.47.0-255,66,83252,94,324472
18231,0.001633,74.125.24.0-255,5738,88990,94,324472
18232,0.001636,172.31.47.0-255,66,89056,94,324472
18233,0.001688,74.125.24.0-255,4320,93376,94,324472
18234,0.00169,172.31.47.0-255,66,93442,94,324472
18235,0.001723,172.31.47.0-255,66,93508,94,324472
18236,0.001831,74.125.24.0-255,1484,94992,94,324472
18237,0.001836,74.125.24.0-255,2902,97894,94,324472
18238,0.001839,172.31.47.0-255,66,97960,94,324472
18239,0.001843,74.125.24.0-255,2902,100862,94,324472
18240,0.001845,172.31.47.0-255,66,100928,94,324472
18241,0.001867,74.125.24.0-255,2902,103830,94,324472
18242,0.001869,172.31.47.0-255,66,103896,94,324472
18243,0.001876,74.125.24.0-255,5738,109634,94,324472
18244,0.001878,172.31.47.0-255,66,109700,94,324472
18245,0.0019,74.125.24.0-255,7156,116856,94,324472
18246,0.001903,172.31.47.0-255,66,116922,94,324472
18247,0.001914,74.125.24.0-255,7156,124078,94,324472
18248,0.001916,172.31.47.0-255,66,124144,94,324472
18249,0.001943,74.125.24.0-255,3602,127746,94,324472
18250,0.001946,172.31.47.0-255,66,127812,94,324472
18251,0.003947,74.125.24.0-255,1484,129296,94,324472
18252,0.003977,74.125.24.0-255,4320,133616,94,324472
18253,0.003983,172.31.47.0-255,66,133682,94,324472
18254,0.006015,74.125.24.0-255,5738,139420,94,324472
18255,0.00603,172.31.47.0-255,66,139486,94,324472
18256,0.008067,74.125.24.0-255,5738,145224,94,324472
18257,0.008077,172.31.47.0-255,66,145290,94,324472
18258,0.010109,74.125.24.0-255,5738,151028,94,324472
18259,0.010118,172.31.47.0-255,66,151094,94,324472
18260,0.012186,74.125.24.0-255,5738,156832,94,324472
18261,0.012199,172.31.47.0-255,66,156898,94,324472
18262,0.014284,74.125.24.0-255,5738,162636,94,324472
18263,0.014297,172.31.47.0-255,66,162702,94,324472
18264,0.016343,74.125.24.0-255,5738,168440,94,324472
18265,0.016355,172.31.47.0-255,66,168506,94,324472
18266,0.018397,74.125.24.0-255,5738,174244,94,324472
18267,0.018406,172.31.47.0-255,66,174310,94,324472
18268,0.020452,74.125.24.0-255,5738,180048,94,324472
18269,0.02046,172.31.47.0-255,66,180114,94,324472
18270,0.022505,74.125.24.0-255,5738,185852,94,324472
18271,0.022514,172.31.47.0-255,66,185918,94,324472
18272,0.024564,74.125.24.0-255,5738,191656,94,324472
18273,0.024574,172.31.47.0-255,66,191722,94,324472
18274,0.026643,74.125.24.0-255,5738,197460,94,324472
18275,0.026655,172.31.47.0-255,66,197526,94,324472
18276,0.028729,74.125.24.0-255,5738,203264,94,324472
18277,0.028739,172.31.47.0-255,66,203330,94,324472
18278,0.030785,74.125.24.0-255,5738,209068,94,324472
18279,0.030796,172.31.47.0-255,66,209134,94,324472
18280,0.032836,74.125.24.0-255,5738,214872,94,324472
18281,0.032846,172.31.47.0-255,66,214938,94,324472
18282,0.034884,74.125.24.0-255,5738,220676,94,324472
18283,0.034893,172.31.47.0-255,66,220742,94,324472
18284,0.03501,172.31.47.0-255,172,220914,94,324472
18285,0.035067,172.31.47.0-255,1071,221985,94,324472
18286,0.03654,104.244.42.0-255,66,222051,94,324472
18287,0.036616,104.244.42.0-255,66,222117,94,324472
18288,0.036937,74.125.24.0-255,4320,226437,94,324472
18289,0.036944,172.31.47.0-255,66,226503,94,324472
18290,0.036971,74.125.24.0-255,1484,227987,94,324472
18291,0.038986,74.125.24.0-255,4320,232307,94,324472
18292,0.038993,172.31.47.0-255,66,232373,94,324472
18293,0.041011,74.125.24.0-255,5738,238111,94,324472
18294,0.041015,172.31.47.0-255,66,238177,94,324472
18295,0.043061,74.125.24.0-255,4320,242497,94,324472
18296,0.043067,172.31.47.0-255,66,242563,94,324472
18297,0.043101,74.125.24.0-255,1484,244047,94,324472
18298,0.045079,74.125.24.0-255,4320,248367,94,324472
18299,0.045085,172.31.47.0-255,66,248433,94,324472
18300,0.047138,74.125.24.0-255,5738,254171,94,324472
18301,0.047144,172.31.47.0-255,66,254237,94,324472
18302,0.049147,74.125.24.0-255,5738,259975,94,324472
18303,0.049153,172.31.47.0-255,66,260041,94,324472
18304,0.051214,74.125.24.0-255,5738,265779,94,324472
18305,0.05122,172.31.47.0-255,66,265845,94,324472
18306,0.053255,74.125.24.0-255,5738,271583,94,324472
18307,0.053263,172.31.47.0-255,66,271649,94,324472
18308,0.055293,74.125.24.0-255,5738,277387,94,324472
18309,0.055299,172.31.47.0-255,66,277453,94,324472
18310,0.057339,74.125.24.0-255,5738,283191,94,324472
18311,0.057345,172.31.47.0-255,66,283257,94,324472
18312,0.059391,74.125.24.0-255,5738,288995,94,324472
18313,0.059397,172.31.47.0-255,66,289061,94,324472
18314,0.061456,74.125.24.0-255,5738,294799,94,324472
18315,0.061461,172.31.47.0-255,66,294865,94,324472
18316,0.063494,74.125.24.0-255,4320,299185,94,324472
18317,0.063512,172.31.47.0-255,66,299251,94,324472
18318,0.063543,74.125.24.0-255,1484,300735,94,324472
18319,0.065557,74.125.24.0-255,4320,305055,94,324472
18320,0.065563,172.31.47.0-255,66,305121,94,324472
18321,0.067596,74.125.24.0-255,5738,310859,94,324472
18322,0.067601,172.31.47.0-255,66,310925,94,324472
18323,0.069624,74.125.24.0-255,4320,315245,94,324472
18324,0.069629,172.31.47.0-255,66,315311,94,324472
18325,0.069659,74.125.24.0-255,1484,316795,94,324472
18326,0.071674,74.125.24.0-255,4320,321115,94,324472
18327,0.071681,172.31.47.0-255,66,321181,94,324472
18328,0.073719,74.125.24.0-255,3054,324235,94,324472
18329,0.073725,172.31.47.0-255,66,324301,94,324472
18330,0.073892,172.31.47.0-255,105,324406,94,324472
18331,0.075891,74.125.24.0-255,66,324472,94,324472
18332,0.0,74.125.68.0-255,153,153,94,363959
18333,2.1e-05,172.31.47.0-255,66,219,94,363959
18334,2.6e-05,74.125.68.0-255,1484,1703,94,363959
18335,3e-05,172.31.47.0-255,66,1769,94,363959
18336,4.5e-05,74.125.68.0-255,2902,4671,94,363959
18337,4.8e-05,172.31.47.0-255,66,4737,94,363959
18338,7.6e-05,74.125.68.0-255,4320,9057,94,363959
18339,7.8e-05,172.31.47.0-255,66,9123,94,363959
18340,0.000105,74.125.68.0-255,4948,14071,94,363959
18341,0.000108,172.31.47.0-255,66,14137,94,363959
18342,0.000143,74.125.68.0-255,1484,15621,94,363959
18343,0.000146,172.31.47.0-255,66,15687,94,363959
18344,0.000162,74.125.68.0-255,2902,18589,94,363959
18345,0.000164,172.31.47.0-255,66,18655,94,363959
18346,0.000187,74.125.68.0-255,1484,20139,94,363959
18347,0.000188,172.31.47.0-255,66,20205,94,363959
18348,0.000209,74.125.68.0-255,4320,24525,94,363959
18349,0.000211,172.31.47.0-255,66,24591,94,363959
18350,0.000216,74.125.68.0-255,5738,30329,94,363959
18351,0.000218,172.31.47.0-255,66,30395,94,363959
18352,0.000238,74.125.68.0-255,1125,31520,94,363959
18353,0.000239,172.31.47.0-255,66,31586,94,363959
18354,0.000306,74.125.68.0-255,1484,33070,94,363959
18355,0.000309,172.31.47.0-255,66,33136,94,363959
18356,0.000326,74.125.68.0-255,2902,36038,94,363959
18357,0.000328,172.31.47.0-255,66,36104,94,363959
18358,0.000344,74.125.68.0-255,5738,41842,94,363959
18359,0.000345,172.31.47.0-255,66,41908,94,363959
18360,0.000349,74.125.68.0-255,2902,44810,94,363959
18361,0.000351,172.31.47.0-255,66,44876,94,363959
18362,0.000374,74.125.68.0-255,1484,46360,94,363959
18363,0.000376,172.31.47.0-255,66,46426,94,363959
18364,0.000395,74.125.68.0-255,2543,48969,94,363959
18365,0.000397,172.31.47.0-255,66,49035,94,363959
18366,0.000435,74.125.68.0-255,2902,51937,94,363959
18367,0.000437,172.31.47.0-255,66,52003,94,363959
18368,0.000455,74.125.68.0-255,5738,57741,94,363959
18369,0.000457,172.31.47.0-255,66,57807,94,363959
18370,0.000462,74.125.68.0-255,4320,62127,94,363959
18371,0.000463,172.31.47.0-255,66,62193,94,363959
18372,0.000467,74.125.68.0-255,3961,66154,94,363959
18373,0.00047,172.31.47.0-255,66,66220,94,363959
18374,0.000628,74.125.68.0-255,647,66867,94,363959
18375,0.000883,172.31.47.0-255,66,66933,94,363959
18376,0.000982,74.125.68.0-255,1484,68417,94,363959
18377,0.000989,74.125.68.0-255,2902,71319,94,363959
18378,0.000991,172.31.47.0-255,66,71385,94,363959
18379,0.000995,74.125.68.0-255,1484,72869,94,363959
18380,0.001012,74.125.68.0-255,4320,77189,94,363959
18381,0.001014,172.31.47.0-255,66,77255,94,363959
18382,0.001027,74.125.68.0-255,5738,82993,94,363959
18383,0.001029,172.31.47.0-255,66,83059,94,363959
18384,0.001048,74.125.68.0-255,1484,84543,94,363959
18385,0.001051,74.125.68.0-255,1484,86027,94,363959
18386,0.001052,172.31.47.0-255,66,86093,94,363959
18387,0.001079,172.31.47.0-255,66,86159,94,363959
18388,0.001098,74.125.68.0-255,2902,89061,94,363959
18389,0.0011,172.31.47.0-255,66,89127,94,363959
18390,0.001117,74.125.68.0-255,2184,91311,94,363959
18391,0.001119,172.31.47.0-255,66,91377,94,363959
18392,0.001591,74.125.68.0-255,1484,92861,94,363959
18393,0.001598,74.125.68.0-255,2902,95763,94,363959
18394,0.001601,172.31.47.0-255,66,95829,94,363959
18395,0.001605,74.125.68.0-255,1484,97313,94,363959
18396,0.001608,74.125.68.0-255,1484,98797,94,363959
18397,0.001609,172.31.47.0-255,66,98863,94,363959
18398,0.00162,74.125.68.0-255,1484,100347,94,363959
18399,0.001625,74.125.68.0-255,2902,103249,94,363959
18400,0.001626,172.31.47.0-255,66,103315,94,363959
18401,0.001645,74.125.68.0-255,2902,106217,94,363959
18402,0.001646,172.31.47.0-255,66,106283,94,363959
18403,0.00166,74.125.68.0-255,1484,107767,94,363959
18404,0.001676,74.125.68.0-255,4320,112087,94,363959
18405,0.001678,172.31.47.0-255,66,112153,94,363959
18406,0.001699,74.125.68.0-255,5738,117891,94,363959
18407,0.0017,172.31.47.0-255,66,117957,94,363959
18408,0.001713,74.125.68.0-255,2902,120859,94,363959
18409,0.001715,172.31.47.0-255,66,120925,94,363959
18410,0.001728,74.125.68.0-255,5020,125945,94,363959
18411,0.00173,172.31.47.0-255,66,126011,94,363959
18412,0.002166,74.125.68.0-255,1484,127495,94,363959
18413,0.002179,74.125.68.0-255,2902,130397,94,363959
18414,0.002183,172.31.47.0-255,66,130463,94,363959
18415,0.002196,74.125.68.0-255,4320,134783,94,363959
18416,0.002198,172.31.47.0-255,66,134849,94,363959
18417,0.00222,74.125.68.0-255,1484,136333,94,363959
18418,0.002226,74.125.68.0-255,5738,142071,94,363959
18419,0.002229,172.31.47.0-255,66,142137,94,363959
18420,0.002245,74.125.68.0-255,2902,145039,94,363959
18421,0.002247,172.31.47.0-255,66,145105,94,363959
18422,0.002252,74.125.68.0-255,5738,150843,94,363959
18423,0.002255,172.31.47.0-255,66,150909,94,363959
18424,0.002283,74.125.68.0-255,4320,155229,94,363959
18425,0.002286,172.31.47.0-255,66,155295,94,363959
18426,0.002291,74.125.68.0-255,5020,160315,94,363959
18427,0.002294,172.31.47.0-255,66,160381,94,363959
18428,0.002459,74.125.68.0-255,1484,161865,94,363959
18429,0.002464,74.125.68.0-255,2902,164767,94,363959
18430,0.002466,172.31.47.0-255,66,164833,94,363959
18431,0.002497,74.125.68.0-255,4320,169153,94,363959
18432,0.002499,172.31.47.0-255,66,169219,94,363959
18433,0.002517,74.125.68.0-255,4320,173539,94,363959
18434,0.00252,172.31.47.0-255,66,173605,94,363959
18435,0.002549,74.125.68.0-255,4320,177925,94,363959
18436,0.002552,172.31.47.0-255,66,177991,94,363959
18437,0.002558,74.125.68.0-255,7156,185147,94,363959
18438,0.002559,172.31.47.0-255,66,185213,94,363959
18439,0.002569,172.31.47.0-255,66,185279,94,363959
18440,0.00259,74.125.68.0-255,766,186045,94,363959
18441,0.005115,74.125.68.0-255,4320,190365,94,363959
18442,0.005121,172.31.47.0-255,66,190431,94,363959
18443,0.007659,74.125.68.0-255,5738,196169,94,363959
18444,0.007666,172.31.47.0-255,66,196235,94,363959
18445,0.010207,74.125.68.0-255,5738,201973,94,363959
18446,0.010216,172.31.47.0-255,66,202039,94,363959
18447,0.012757,74.125.68.0-255,5738,207777,94,363959
18448,0.012764,172.31.47.0-255,66,207843,94,363959
18449,0.015315,74.125.68.0-255,5738,213581,94,363959
18450,0.015328,172.31.47.0-255,66,213647,94,363959
18451,0.017916,74.125.68.0-255,5738,219385,94,363959
18452,0.017928,172.31.47.0-255,66,219451,94,363959
18453,0.020488,74.125.68.0-255,5738,225189,94,363959
18454,0.020495,172.31.47.0-255,66,225255,94,363959
18455,0.023063,74.125.68.0-255,5738,230993,94,363959
18456,0.023071,172.31.47.0-255,66,231059,94,363959
18457,0.025626,74.125.68.0-255,5738,236797,94,363959
18458,0.025635,172.31.47.0-255,66,236863,94,363959
18459,0.028183,74.125.68.0-255,5738,242601,94,363959
18460,0.028191,172.31.47.0-255,66,242667,94,363959
18461,0.030747,74.125.68.0-255,5738,248405,94,363959
18462,0.030758,172.31.47.0-255,66,248471,94,363959
18463,0.033329,74.125.68.0-255,5738,254209,94,363959
18464,0.033351,172.31.47.0-255,66,254275,94,363959
18465,0.035902,74.125.68.0-255,5738,260013,94,363959
18466,0.035908,172.31.47.0-255,66,260079,94,363959
18467,0.038464,74.125.68.0-255,5738,265817,94,363959
18468,0.038471,172.31.47.0-255,66,265883,94,363959
18469,0.040119,172.31.47.0-255,172,266055,94,363959
18470,0.040154,172.31.47.0-255,1108,267163,94,363959
18471,0.04021,172.31.47.0-255,1514,268677,94,363959
18472,0.040213,172.31.47.0-255,1296,269973,94,363959
18473,0.041047,74.125.68.0-255,5738,275711,94,363959
18474,0.041059,172.31.47.0-255,66,275777,94,363959
18475,0.041676,104.244.42.0-255,66,275843,94,363959
18476,0.041732,104.244.42.0-255,66,275909,94,363959
18477,0.041783,104.244.42.0-255,66,275975,94,363959
18478,0.043628,74.125.68.0-255,5738,281713,94,363959
18479,0.043645,172.31.47.0-255,66,281779,94,363959
18480,0.0462,74.125.68.0-255,5738,287517,94,363959
18481,0.046217,172.31.47.0-255,66,287583,94,363959
18482,0.048793,74.125.68.0-255,5738,293321,94,363959
18483,0.048812,172.31.47.0-255,66,293387,94,363959
18484,0.051371,74.125.68.0-255,5738,299125,94,363959
18485,0.05139,172.31.47.0-255,66,299191,94,363959
18486,0.053963,74.125.68.0-255,5738,304929,94,363959
18487,0.053983,172.31.47.0-255,66,304995,94,363959
18488,0.056562,74.125.68.0-255,5738,310733,94,363959
18489,0.056571,172.31.47.0-255,66,310799,94,363959
18490,0.05911,74.125.68.0-255,5738,316537,94,363959
18491,0.059114,172.31.47.0-255,66,316603,94,363959
18492,0.061646,74.125.68.0-255,2902,319505,94,363959
18493,0.061651,172.31.47.0-255,66,319571,94,363959
18494,0.061679,74.125.68.0-255,2902,322473,94,363959
18495,0.061682,172.31.47.0-255,66,322539,94,363959
18496,0.064188,74.125.68.0-255,2902,325441,94,363959
18497,0.064193,172.31.47.0-255,66,325507,94,363959
18498,0.064223,74.125.68.0-255,2902,328409,94,363959
18499,0.064226,172.31.47.0-255,66,328475,94,363959
18500,0.066715,74.125.68.0-255,2902,331377,94,363959
18501,0.06672,172.31.47.0-255,66,331443,94,363959
18502,0.066754,74.125.68.0-255,2902,334345,94,363959
18503,0.066757,172.31.47.0-255,66,334411,94,363959
18504,0.069261,74.125.68.0-255,2902,337313,94,363959
18505,0.069266,172.31.47.0-255,66,337379,94,363959
18506,0.069295,74.125.68.0-255,2902,340281,94,363959
18507,0.069297,172.31.47.0-255,66,340347,94,363959
18508,0.071801,74.125.68.0-255,2902,343249,94,363959
18509,0.071806,172.31.47.0-255,66,343315,94,363959
18510,0.071834,74.125.68.0-255,2902,346217,94,363959
18511,0.071837,172.31.47.0-255,66,346283,94,363959
18512,0.074342,74.125.68.0-255,2902,349185,94,363959
18513,0.074348,172.31.47.0-255,66,349251,94,363959
18514,0.074376,74.125.68.0-255,2902,352153,94,363959
18515,0.074379,172.31.47.0-255,66,352219,94,363959
18516,0.076898,74.125.68.0-255,2902,355121,94,363959
18517,0.076906,172.31.47.0-255,66,355187,94,363959
18518,0.076924,74.125.68.0-255,2902,358089,94,363959
18519,0.076926,172.31.47.0-255,66,358155,94,363959
18520,0.079457,74.125.68.0-255,5738,363893,94,363959
18521,0.079462,172.31.47.0-255,66,363959,94,363959
18522,0.0,74.125.24.0-255,153,153,94,221717
18523,2.3e-05,172.31.47.0-255,66,219,94,221717
18524,2.8e-05,74.125.24.0-255,1484,1703,94,221717
18525,3.2e-05,172.31.47.0-255,66,1769,94,221717
18526,3.6e-05,74.125.24.0-255,2902,4671,94,221717
18527,3.7e-05,172.31.47.0-255,66,4737,94,221717
18528,4.3e-05,74.125.24.0-255,7156,11893,94,221717
18529,4.5e-05,172.31.47.0-255,66,11959,94,221717
18530,7.4e-05,74.125.24.0-255,2902,14861,94,221717
18531,7.7e-05,172.31.47.0-255,66,14927,94,221717
18532,9.8e-05,172.31.47.0-255,66,14993,94,221717
18533,0.000123,74.125.24.0-255,3961,18954,94,221717
18534,0.000126,172.31.47.0-255,66,19020,94,221717
18535,0.000128,74.125.24.0-255,1484,20504,94,221717
18536,0.00013,172.31.47.0-255,66,20570,94,221717
18537,0.000148,74.125.24.0-255,2902,23472,94,221717
18538,0.00015,172.31.47.0-255,66,23538,94,221717
18539,0.000154,74.125.24.0-255,4320,27858,94,221717
18540,0.000156,172.31.47.0-255,66,27924,94,221717
18541,0.000175,74.125.24.0-255,5738,33662,94,221717
18542,0.000177,172.31.47.0-255,66,33728,94,221717
18543,0.000181,74.125.24.0-255,2543,36271,94,221717
18544,0.000183,172.31.47.0-255,66,36337,94,221717
18545,0.000509,74.125.24.0-255,1484,37821,94,221717
18546,0.000513,172.31.47.0-255,66,37887,94,221717
18547,0.000516,74.125.24.0-255,1484,39371,94,221717
18548,0.00052,172.31.47.0-255,66,39437,94,221717
18549,0.000533,74.125.24.0-255,1484,40921,94,221717
18550,0.000535,172.31.47.0-255,66,40987,94,221717
18551,0.000541,74.125.24.0-255,5738,46725,94,221717
18552,0.000543,172.31.47.0-255,66,46791,94,221717
18553,0.000579,74.125.24.0-255,1484,48275,94,221717
18554,0.000599,74.125.24.0-255,5379,53654,94,221717
18555,0.000602,172.31.47.0-255,66,53720,94,221717
18556,0.000615,74.125.24.0-255,1484,55204,94,221717
18557,0.000631,74.125.24.0-255,5738,60942,94,221717
18558,0.000634,172.31.47.0-255,66,61008,94,221717
18559,0.000638,74.125.24.0-255,4320,65328,94,221717
18560,0.00064,172.31.47.0-255,66,65394,94,221717
18561,0.000688,74.125.24.0-255,5379,70773,94,221717
18562,0.000691,74.125.24.0-255,1484,72257,94,221717
18563,0.000693,172.31.47.0-255,66,72323,94,221717
18564,0.000712,74.125.24.0-255,4320,76643,94,221717
18565,0.000714,172.31.47.0-255,66,76709,94,221717
18566,0.000731,74.125.24.0-255,1484,78193,94,221717
18567,0.000761,172.31.47.0-255,66,78259,94,221717
18568,0.000784,74.125.24.0-255,2902,81161,94,221717
18569,0.000787,172.31.47.0-255,66,81227,94,221717
18570,0.000809,74.125.24.0-255,7156,88383,94,221717
18571,0.000812,172.31.47.0-255,66,88449,94,221717
18572,0.000839,74.125.24.0-255,2902,91351,94,221717
18573,0.000841,172.31.47.0-255,66,91417,94,221717
18574,0.000861,74.125.24.0-255,3846,95263,94,221717
18575,0.000863,172.31.47.0-255,66,95329,94,221717
18576,0.001361,74.125.24.0-255,1484,96813,94,221717
18577,0.00137,74.125.24.0-255,2902,99715,94,221717
18578,0.001374,172.31.47.0-255,66,99781,94,221717
18579,0.00138,74.125.24.0-255,4320,104101,94,221717
18580,0.001381,172.31.47.0-255,66,104167,94,221717
18581,0.001405,74.125.24.0-255,1484,105651,94,221717
18582,0.001409,74.125.24.0-255,4320,109971,94,221717
18583,0.001411,172.31.47.0-255,66,110037,94,221717
18584,0.001441,74.125.24.0-255,2667,112704,94,221717
18585,0.001443,172.31.47.0-255,66,112770,94,221717
18586,0.001488,74.125.24.0-255,2902,115672,94,221717
18587,0.001491,172.31.47.0-255,66,115738,94,221717
18588,0.001495,74.125.24.0-255,2902,118640,94,221717
18589,0.001497,172.31.47.0-255,66,118706,94,221717
18590,0.001544,74.125.24.0-255,7156,125862,94,221717
18591,0.001546,172.31.47.0-255,66,125928,94,221717
18592,0.001552,74.125.24.0-255,5738,131666,94,221717
18593,0.001553,172.31.47.0-255,66,131732,94,221717
18594,0.00157,172.31.47.0-255,66,131798,94,221717
18595,0.001592,74.125.24.0-255,1484,133282,94,221717
18596,0.001606,74.125.24.0-255,3602,136884,94,221717
18597,0.001609,172.31.47.0-255,66,136950,94,221717
18598,0.001948,74.125.24.0-255,1484,138434,94,221717
18599,0.001979,74.125.24.0-255,2902,141336,94,221717
18600,0.001982,172.31.47.0-255,66,141402,94,221717
18601,0.001988,74.125.24.0-255,5738,147140,94,221717
18602,0.00199,172.31.47.0-255,66,147206,94,221717
18603,0.002013,74.125.24.0-255,4320,151526,94,221717
18604,0.002016,172.31.47.0-255,66,151592,94,221717
18605,0.002052,172.31.47.0-255,66,151658,94,221717
18606,0.002055,74.125.24.0-255,1484,153142,94,221717
18607,0.002077,172.31.47.0-255,66,153208,94,221717
18608,0.002743,74.125.24.0-255,1484,154692,94,221717
18609,0.002752,74.125.24.0-255,2902,157594,94,221717
18610,0.002756,172.31.47.0-255,66,157660,94,221717
18611,0.002773,74.125.24.0-255,2902,160562,94,221717
18612,0.002775,172.31.47.0-255,66,160628,94,221717
18613,0.002789,74.125.24.0-255,2902,163530,94,221717
18614,0.002791,172.31.47.0-255,66,163596,94,221717
18615,0.002794,74.125.24.0-255,2902,166498,94,221717
18616,0.002795,172.31.47.0-255,66,166564,94,221717
18617,0.002832,172.31.47.0-255,66,166630,94,221717
18618,0.002841,172.31.47.0-255,66,166696,94,221717
18619,0.003271,74.125.24.0-255,1484,168180,94,221717
18620,0.003274,74.125.24.0-255,1484,169664,94,221717
18621,0.003275,172.31.47.0-255,66,169730,94,221717
18622,0.003288,74.125.24.0-255,1484,171214,94,221717
18623,0.003296,74.125.24.0-255,1484,172698,94,221717
18624,0.003298,172.31.47.0-255,66,172764,94,221717
18625,0.003314,74.125.24.0-255,4320,177084,94,221717
18626,0.003316,172.31.47.0-255,66,177150,94,221717
18627,0.003318,74.125.24.0-255,1484,178634,94,221717
18628,0.003326,74.125.24.0-255,4320,182954,94,221717
18629,0.003327,172.31.47.0-255,66,183020,94,221717
18630,0.003346,74.125.24.0-255,5738,188758,94,221717
18631,0.003348,172.31.47.0-255,66,188824,94,221717
18632,0.003373,74.125.24.0-255,2902,191726,94,221717
18633,0.003375,172.31.47.0-255,66,191792,94,221717
18634,0.003398,172.31.47.0-255,66,191858,94,221717
18635,0.003422,74.125.24.0-255,5020,196878,94,221717
18636,0.003423,172.31.47.0-255,66,196944,94,221717
18637,0.003435,172.31.47.0-255,66,197010,94,221717
18638,0.003447,74.125.24.0-255,1484,198494,94,221717
18639,0.003481,172.31.47.0-255,66,198560,94,221717
18640,0.003499,74.125.24.0-255,3602,202162,94,221717
18641,0.003501,172.31.47.0-255,66,202228,94,221717
18642,0.003544,172.31.47.0-255,66,202294,94,221717
18643,0.003578,172.31.47.0-255,66,202360,94,221717
18644,0.003599,172.31.47.0-255,66,202426,94,221717
18645,0.003601,74.125.24.0-255,1484,203910,94,221717
18646,0.003605,74.125.24.0-255,4320,208230,94,221717
18647,0.003607,172.31.47.0-255,66,208296,94,221717
18648,0.003634,172.31.47.0-255,66,208362,94,221717
18649,0.003648,74.125.24.0-255,766,209128,94,221717
18650,0.003665,74.125.24.0-255,1484,210612,94,221717
18651,0.003666,172.31.47.0-255,66,210678,94,221717
18652,0.00367,74.125.24.0-255,2902,213580,94,221717
18653,0.003671,172.31.47.0-255,66,213646,94,221717
18654,0.003685,74.125.24.0-255,3375,217021,94,221717
18655,0.003687,172.31.47.0-255,66,217087,94,221717
18656,0.00377,74.125.24.0-255,105,217192,94,221717
18657,0.007774,172.31.47.0-255,66,217258,94,221717
18658,0.007798,172.31.47.0-255,105,217363,94,221717
18659,0.010273,74.125.24.0-255,66,217429,94,221717
18660,0.025465,172.31.47.0-255,172,217601,94,221717
18661,0.0255,172.31.47.0-255,1117,218718,94,221717
18662,0.025532,172.31.47.0-255,1514,220232,94,221717
18663,0.025534,172.31.47.0-255,1287,221519,94,221717
18664,0.027021,104.244.42.0-255,66,221585,94,221717
18665,0.027029,104.244.42.0-255,66,221651,94,221717
18666,0.02708,104.244.42.0-255,66,221717,94,221717
18667,0.0,172.217.194.0-255,153,153,94,349331
18668,3.2e-05,172.31.47.0-255,66,219,94,349331
18669,3.9e-05,172.217.194.0-255,1484,1703,94,349331
18670,4.3e-05,172.31.47.0-255,66,1769,94,349331
18671,4.8e-05,172.217.194.0-255,2902,4671,94,349331
18672,5.1e-05,172.31.47.0-255,66,4737,94,349331
18673,5.8e-05,172.217.194.0-255,7156,11893,94,349331
18674,6.1e-05,172.31.47.0-255,66,11959,94,349331
18675,6.5e-05,172.217.194.0-255,2174,14133,94,349331
18676,6.8e-05,172.31.47.0-255,66,14199,94,349331
18677,0.000107,172.31.47.0-255,66,14265,94,349331
18678,0.000128,172.217.194.0-255,1484,15749,94,349331
18679,0.000131,172.31.47.0-255,66,15815,94,349331
18680,0.00014,172.217.194.0-255,5379,21194,94,349331
18681,0.000142,172.31.47.0-255,66,21260,94,349331
18682,0.000155,172.217.194.0-255,1484,22744,94,349331
18683,0.000158,172.31.47.0-255,66,22810,94,349331
18684,0.000162,172.217.194.0-255,2902,25712,94,349331
18685,0.000165,172.31.47.0-255,66,25778,94,349331
18686,0.00019,172.217.194.0-255,5738,31516,94,349331
18687,0.000193,172.31.47.0-255,66,31582,94,349331
18688,0.000206,172.217.194.0-255,2902,34484,94,349331
18689,0.000208,172.31.47.0-255,66,34550,94,349331
18690,0.000232,172.31.47.0-255,66,34616,94,349331
18691,0.000238,172.217.194.0-255,7156,41772,94,349331
18692,0.000241,172.31.47.0-255,66,41838,94,349331
18693,0.000261,172.217.194.0-255,2543,44381,94,349331
18694,0.000264,172.31.47.0-255,66,44447,94,349331
18695,0.000529,172.217.194.0-255,376,44823,94,349331
18696,0.000533,172.31.47.0-255,66,44889,94,349331
18697,0.000925,172.217.194.0-255,366,45255,94,349331
18698,0.001108,172.217.194.0-255,1484,46739,94,349331
18699,0.001113,172.31.47.0-255,66,46805,94,349331
18700,0.001142,172.217.194.0-255,2902,49707,94,349331
18701,0.001145,172.217.194.0-255,1484,51191,94,349331
18702,0.001151,172.217.194.0-255,5738,56929,94,349331
18703,0.001175,172.217.194.0-255,5738,62667,94,349331
18704,0.001188,172.217.194.0-255,7156,69823,94,349331
18705,0.001412,172.217.194.0-255,1484,71307,94,349331
18706,0.001423,172.217.194.0-255,1484,72791,94,349331
18707,0.001435,172.217.194.0-255,1484,74275,94,349331
18708,0.00144,172.217.194.0-255,5738,80013,94,349331
18709,0.001466,172.217.194.0-255,7156,87169,94,349331
18710,0.001478,172.217.194.0-255,2902,90071,94,349331
18711,0.001514,172.217.194.0-255,2902,92973,94,349331
18712,0.001541,172.217.194.0-255,2184,95157,94,349331
18713,0.00159,172.217.194.0-255,1484,96641,94,349331
18714,0.001593,172.217.194.0-255,1484,98125,94,349331
18715,0.001608,172.217.194.0-255,1484,99609,94,349331
18716,0.001613,172.217.194.0-255,5738,105347,94,349331
18717,0.001648,172.217.194.0-255,4320,109667,94,349331
18718,0.001844,172.217.194.0-255,1484,111151,94,349331
18719,0.001861,172.217.194.0-255,2902,114053,94,349331
18720,0.001863,172.217.194.0-255,1484,115537,94,349331
18721,0.001875,172.217.194.0-255,4320,119857,94,349331
18722,0.001892,172.217.194.0-255,1484,121341,94,349331
18723,0.001906,172.217.194.0-255,4320,125661,94,349331
18724,0.00192,172.217.194.0-255,7156,132817,94,349331
18725,0.001923,172.217.194.0-255,1484,134301,94,349331
18726,0.001944,172.217.194.0-255,7156,141457,94,349331
18727,0.00196,172.217.194.0-255,2184,143641,94,349331
18728,0.002049,172.217.194.0-255,1484,145125,94,349331
18729,0.002066,172.217.194.0-255,2902,148027,94,349331
18730,0.002089,172.217.194.0-255,5738,153765,94,349331
18731,0.002091,172.217.194.0-255,1484,155249,94,349331
18732,0.005583,172.31.47.0-255,66,155315,94,349331
18733,0.007622,172.217.194.0-255,5738,161053,94,349331
18734,0.007628,172.31.47.0-255,66,161119,94,349331
18735,0.009662,172.217.194.0-255,5738,166857,94,349331
18736,0.012052,172.31.47.0-255,66,166923,94,349331
18737,0.014086,172.217.194.0-255,5738,172661,94,349331
18738,0.014095,172.31.47.0-255,66,172727,94,349331
18739,0.016128,172.217.194.0-255,5738,178465,94,349331
18740,0.016133,172.31.47.0-255,66,178531,94,349331
18741,0.018162,172.217.194.0-255,2902,181433,94,349331
18742,0.01817,172.31.47.0-255,66,181499,94,349331
18743,0.018176,172.217.194.0-255,2902,184401,94,349331
18744,0.018188,172.31.47.0-255,66,184467,94,349331
18745,0.020215,172.217.194.0-255,5738,190205,94,349331
18746,0.020222,172.31.47.0-255,66,190271,94,349331
18747,0.022308,172.217.194.0-255,5738,196009,94,349331
18748,0.022313,172.31.47.0-255,66,196075,94,349331
18749,0.022717,172.31.47.0-255,172,196247,94,349331
18750,0.022751,172.31.47.0-255,1116,197363,94,349331
18751,0.02281,172.31.47.0-255,1514,198877,94,349331
18752,0.022812,172.31.47.0-255,328,199205,94,349331
18753,0.024346,172.217.194.0-255,4320,203525,94,349331
18754,0.024351,172.31.47.0-255,66,203591,94,349331
18755,0.024377,172.217.194.0-255,1484,205075,94,349331
18756,0.024411,104.244.42.0-255,66,205141,94,349331
18757,0.026389,172.217.194.0-255,4320,209461,94,349331
18758,0.026393,172.31.47.0-255,66,209527,94,349331
18759,0.02841,172.217.194.0-255,5738,215265,94,349331
18760,0.028453,172.31.47.0-255,66,215331,94,349331
18761,0.030497,172.217.194.0-255,5738,221069,94,349331
18762,0.030502,172.31.47.0-255,66,221135,94,349331
18763,0.032554,172.217.194.0-255,4320,225455,94,349331
18764,0.032559,172.31.47.0-255,66,225521,94,349331
18765,0.032585,172.217.194.0-255,1484,227005,94,349331
18766,0.034638,172.217.194.0-255,4320,231325,94,349331
18767,0.034643,172.31.47.0-255,66,231391,94,349331
18768,0.036693,172.217.194.0-255,4320,235711,94,349331
18769,0.036697,172.31.47.0-255,66,235777,94,349331
18770,0.036726,172.217.194.0-255,1484,237261,94,349331
18771,0.03873,172.217.194.0-255,2902,240163,94,349331
18772,0.038735,172.31.47.0-255,66,240229,94,349331
18773,0.038801,172.217.194.0-255,1484,241713,94,349331
18774,0.040786,172.217.194.0-255,4320,246033,94,349331
18775,0.040831,172.31.47.0-255,66,246099,94,349331
18776,0.042872,172.217.194.0-255,5738,251837,94,349331
18777,0.044424,172.31.47.0-255,66,251903,94,349331
18778,0.046451,172.217.194.0-255,5738,257641,94,349331
18779,0.046458,172.31.47.0-255,66,257707,94,349331
18780,0.048494,172.217.194.0-255,5738,263445,94,349331
18781,0.048499,172.31.47.0-255,66,263511,94,349331
18782,0.05053,172.217.194.0-255,5738,269249,94,349331
18783,0.050534,172.31.47.0-255,66,269315,94,349331
18784,0.052578,172.217.194.0-255,5738,275053,94,349331
18785,0.052583,172.31.47.0-255,66,275119,94,349331
18786,0.054606,172.217.194.0-255,5738,280857,94,349331
18787,0.05461,172.31.47.0-255,66,280923,94,349331
18788,0.056643,172.217.194.0-255,5738,286661,94,349331
18789,0.056647,172.31.47.0-255,66,286727,94,349331
18790,0.058667,172.217.194.0-255,2902,289629,94,349331
18791,0.058671,172.31.47.0-255,66,289695,94,349331
18792,0.058698,172.217.194.0-255,2902,292597,94,349331
18793,0.058717,172.31.47.0-255,66,292663,94,349331
18794,0.060688,172.217.194.0-255,2902,295565,94,349331
18795,0.060692,172.31.47.0-255,66,295631,94,349331
18796,0.060726,172.217.194.0-255,2902,298533,94,349331
18797,0.060737,172.31.47.0-255,66,298599,94,349331
18798,0.062721,172.217.194.0-255,2902,301501,94,349331
18799,0.062726,172.31.47.0-255,66,301567,94,349331
18800,0.062755,172.217.194.0-255,2902,304469,94,349331
18801,0.062773,172.31.47.0-255,66,304535,94,349331
18802,0.064759,172.217.194.0-255,2902,307437,94,349331
18803,0.064764,172.31.47.0-255,66,307503,94,349331
18804,0.064795,172.217.194.0-255,2902,310405,94,349331
18805,0.064813,172.31.47.0-255,66,310471,94,349331
18806,0.066804,172.217.194.0-255,2902,313373,94,349331
18807,0.06681,172.31.47.0-255,66,313439,94,349331
18808,0.066828,172.217.194.0-255,2902,316341,94,349331
18809,0.068627,172.31.47.0-255,66,316407,94,349331
18810,0.068728,172.31.47.0-255,105,316512,94,349331
18811,0.068821,172.217.194.0-255,2902,319414,94,349331
18812,0.068826,172.31.47.0-255,66,319480,94,349331
18813,0.070675,172.217.194.0-255,2902,322382,94,349331
18814,0.07068,172.31.47.0-255,66,322448,94,349331
18815,0.070843,172.217.194.0-255,2902,325350,94,349331
18816,0.070848,172.31.47.0-255,66,325416,94,349331
18817,0.070854,157.240.13.0-255,105,325521,94,349331
18818,0.070858,172.31.47.0-255,66,325587,94,349331
18819,0.072697,172.217.194.0-255,2902,328489,94,349331
18820,0.072701,172.31.47.0-255,66,328555,94,349331
18821,0.072864,172.217.194.0-255,2902,331457,94,349331
18822,0.072869,172.31.47.0-255,66,331523,94,349331
18823,0.074737,172.217.194.0-255,2902,334425,94,349331
18824,0.074741,172.31.47.0-255,66,334491,94,349331
18825,0.074913,172.217.194.0-255,2902,337393,94,349331
18826,0.074918,172.31.47.0-255,66,337459,94,349331
18827,0.076787,172.217.194.0-255,2902,340361,94,349331
18828,0.076791,172.31.47.0-255,66,340427,94,349331
18829,0.076949,172.217.194.0-255,2902,343329,94,349331
18830,0.076953,172.31.47.0-255,66,343395,94,349331
18831,0.078825,172.217.194.0-255,2902,346297,94,349331
18832,0.078832,172.31.47.0-255,66,346363,94,349331
18833,0.078996,172.217.194.0-255,2902,349265,94,349331
18834,0.079001,172.31.47.0-255,66,349331,94,349331
18835,0.0,74.125.24.0-255,146,146,94,350560
18836,3e-05,172.31.47.0-255,66,212,94,350560
18837,3.6e-05,74.125.24.0-255,1484,1696,94,350560
18838,4e-05,172.31.47.0-255,66,1762,94,350560
18839,4.5e-05,74.125.24.0-255,2902,4664,94,350560
18840,5.4e-05,172.31.47.0-255,66,4730,94,350560
18841,5.9e-05,74.125.24.0-255,5738,10468,94,350560
18842,6.2e-05,172.31.47.0-255,66,10534,94,350560
18843,8.7e-05,74.125.24.0-255,3511,14045,94,350560
18844,9e-05,172.31.47.0-255,66,14111,94,350560
18845,0.000603,74.125.24.0-255,1484,15595,94,350560
18846,0.000608,172.31.47.0-255,66,15661,94,350560
18847,0.000616,74.125.24.0-255,2902,18563,94,350560
18848,0.000618,172.31.47.0-255,66,18629,94,350560
18849,0.000621,74.125.24.0-255,1484,20113,94,350560
18850,0.000622,172.31.47.0-255,66,20179,94,350560
18851,0.000646,74.125.24.0-255,4320,24499,94,350560
18852,0.000648,172.31.47.0-255,66,24565,94,350560
18853,0.000657,74.125.24.0-255,5738,30303,94,350560
18854,0.00066,172.31.47.0-255,66,30369,94,350560
18855,0.000701,74.125.24.0-255,4320,34689,94,350560
18856,0.000704,172.31.47.0-255,66,34755,94,350560
18857,0.000732,172.31.47.0-255,66,34821,94,350560
18858,0.000744,172.31.47.0-255,66,34887,94,350560
18859,0.000775,74.125.24.0-255,4320,39207,94,350560
18860,0.000778,172.31.47.0-255,66,39273,94,350560
18861,0.000786,74.125.24.0-255,6438,45711,94,350560
18862,0.000794,172.31.47.0-255,66,45777,94,350560
18863,0.000824,74.125.24.0-255,364,46141,94,350560
18864,0.000826,172.31.47.0-255,66,46207,94,350560
18865,0.000877,74.125.24.0-255,128,46335,94,350560
18866,0.000968,74.125.24.0-255,1484,47819,94,350560
18867,0.000978,74.125.24.0-255,2902,50721,94,350560
18868,0.000992,74.125.24.0-255,2902,53623,94,350560
18869,0.001005,74.125.24.0-255,2902,56525,94,350560
18870,0.001026,74.125.24.0-255,1484,58009,94,350560
18871,0.001039,74.125.24.0-255,5738,63747,94,350560
18872,0.001051,74.125.24.0-255,2902,66649,94,350560
18873,0.001067,74.125.24.0-255,1484,68133,94,350560
18874,0.001079,74.125.24.0-255,2902,71035,94,350560
18875,0.001096,74.125.24.0-255,4320,75355,94,350560
18876,0.001133,74.125.24.0-255,1484,76839,94,350560
18877,0.00115,74.125.24.0-255,3883,80722,94,350560
18878,0.001333,74.125.24.0-255,1484,82206,94,350560
18879,0.001342,74.125.24.0-255,2902,85108,94,350560
18880,0.001362,74.125.24.0-255,5738,90846,94,350560
18881,0.001391,74.125.24.0-255,5738,96584,94,350560
18882,0.001407,74.125.24.0-255,5738,102322,94,350560
18883,0.001422,74.125.24.0-255,1484,103806,94,350560
18884,0.001431,74.125.24.0-255,766,104572,94,350560
18885,0.001916,74.125.24.0-255,1484,106056,94,350560
18886,0.001932,74.125.24.0-255,2902,108958,94,350560
18887,0.00197,74.125.24.0-255,5738,114696,94,350560
18888,0.001975,74.125.24.0-255,5738,120434,94,350560
18889,0.001997,74.125.24.0-255,4320,124754,94,350560
18890,0.002026,74.125.24.0-255,5020,129774,94,350560
18891,0.002605,172.31.47.0-255,66,129840,94,350560
18892,0.004673,74.125.24.0-255,5738,135578,94,350560
18893,0.00468,172.31.47.0-255,66,135644,94,350560
18894,0.00672,74.125.24.0-255,5738,141382,94,350560
18895,0.006727,172.31.47.0-255,66,141448,94,350560
18896,0.008768,74.125.24.0-255,5738,147186,94,350560
18897,0.008773,172.31.47.0-255,66,147252,94,350560
18898,0.010825,74.125.24.0-255,5738,152990,94,350560
18899,0.010834,172.31.47.0-255,66,153056,94,350560
18900,0.01289,74.125.24.0-255,5738,158794,94,350560
18901,0.012897,172.31.47.0-255,66,158860,94,350560
18902,0.01493,74.125.24.0-255,5738,164598,94,350560
18903,0.01494,172.31.47.0-255,66,164664,94,350560
18904,0.016958,74.125.24.0-255,5738,170402,94,350560
18905,0.016965,172.31.47.0-255,66,170468,94,350560
18906,0.018983,74.125.24.0-255,5738,176206,94,350560
18907,0.018992,172.31.47.0-255,66,176272,94,350560
18908,0.021027,74.125.24.0-255,5738,182010,94,350560
18909,0.021036,172.31.47.0-255,66,182076,94,350560
18910,0.023057,74.125.24.0-255,5738,187814,94,350560
18911,0.023064,172.31.47.0-255,66,187880,94,350560
18912,0.024633,172.31.47.0-255,172,188052,94,350560
18913,0.024664,172.31.47.0-255,1112,189164,94,350560
18914,0.024698,172.31.47.0-255,1514,190678,94,350560
18915,0.0247,172.31.47.0-255,1292,191970,94,350560
18916,0.02513,74.125.24.0-255,5738,197708,94,350560
18917,0.025138,172.31.47.0-255,66,197774,94,350560
18918,0.026206,104.244.42.0-255,66,197840,94,350560
18919,0.026213,104.244.42.0-255,66,197906,94,350560
18920,0.026251,104.244.42.0-255,66,197972,94,350560
18921,0.027147,74.125.24.0-255,2902,200874,94,350560
18922,0.027152,172.31.47.0-255,66,200940,94,350560
18923,0.027186,74.125.24.0-255,2902,203842,94,350560
18924,0.027189,172.31.47.0-255,66,203908,94,350560
18925,0.029178,74.125.24.0-255,2902,206810,94,350560
18926,0.029183,172.31.47.0-255,66,206876,94,350560
18927,0.029231,74.125.24.0-255,2902,209778,94,350560
18928,0.029235,172.31.47.0-255,66,209844,94,350560
18929,0.031217,74.125.24.0-255,2902,212746,94,350560
18930,0.031223,172.31.47.0-255,66,212812,94,350560
18931,0.031279,74.125.24.0-255,2902,215714,94,350560
18932,0.031284,172.31.47.0-255,66,215780,94,350560
18933,0.033228,74.125.24.0-255,2902,218682,94,350560
18934,0.033234,172.31.47.0-255,66,218748,94,350560
18935,0.033302,74.125.24.0-255,2902,221650,94,350560
18936,0.033307,172.31.47.0-255,66,221716,94,350560
18937,0.035273,74.125.24.0-255,2902,224618,94,350560
18938,0.035279,172.31.47.0-255,66,224684,94,350560
18939,0.035343,74.125.24.0-255,2902,227586,94,350560
18940,0.035349,172.31.47.0-255,66,227652,94,350560
18941,0.037277,74.125.24.0-255,2902,230554,94,350560
18942,0.037282,172.31.47.0-255,66,230620,94,350560
18943,0.037346,74.125.24.0-255,2902,233522,94,350560
18944,0.037351,172.31.47.0-255,66,233588,94,350560
18945,0.039278,74.125.24.0-255,2902,236490,94,350560
18946,0.039295,172.31.47.0-255,66,236556,94,350560
18947,0.039391,74.125.24.0-255,2902,239458,94,350560
18948,0.039396,172.31.47.0-255,66,239524,94,350560
18949,0.041317,74.125.24.0-255,2902,242426,94,350560
18950,0.041322,172.31.47.0-255,66,242492,94,350560
18951,0.041428,74.125.24.0-255,2902,245394,94,350560
18952,0.041433,172.31.47.0-255,66,245460,94,350560
18953,0.043338,74.125.24.0-255,2902,248362,94,350560
18954,0.043342,172.31.47.0-255,66,248428,94,350560
18955,0.043439,74.125.24.0-255,2902,251330,94,350560
18956,0.043443,172.31.47.0-255,66,251396,94,350560
18957,0.045333,74.125.24.0-255,2902,254298,94,350560
18958,0.045339,172.31.47.0-255,66,254364,94,350560
18959,0.045462,74.125.24.0-255,2902,257266,94,350560
18960,0.045467,172.31.47.0-255,66,257332,94,350560
18961,0.047376,74.125.24.0-255,2902,260234,94,350560
18962,0.047381,172.31.47.0-255,66,260300,94,350560
18963,0.047477,74.125.24.0-255,2902,263202,94,350560
18964,0.047481,172.31.47.0-255,66,263268,94,350560
18965,0.049428,74.125.24.0-255,2902,266170,94,350560
18966,0.049433,172.31.47.0-255,66,266236,94,350560
18967,0.049484,74.125.24.0-255,2902,269138,94,350560
18968,0.049487,172.31.47.0-255,66,269204,94,350560
18969,0.051468,74.125.24.0-255,2902,272106,94,350560
18970,0.051473,172.31.47.0-255,66,272172,94,350560
18971,0.051505,74.125.24.0-255,2902,275074,94,350560
18972,0.051508,172.31.47.0-255,66,275140,94,350560
18973,0.053509,74.125.24.0-255,2902,278042,94,350560
18974,0.053514,172.31.47.0-255,66,278108,94,350560
18975,0.053556,74.125.24.0-255,2902,281010,94,350560
18976,0.053561,172.31.47.0-255,66,281076,94,350560
18977,0.055604,74.125.24.0-255,5738,286814,94,350560
18978,0.055611,172.31.47.0-255,66,286880,94,350560
18979,0.057635,74.125.24.0-255,5738,292618,94,350560
18980,0.057641,172.31.47.0-255,66,292684,94,350560
18981,0.059662,74.125.24.0-255,4320,297004,94,350560
18982,0.059667,172.31.47.0-255,66,297070,94,350560
18983,0.059697,74.125.24.0-255,1484,298554,94,350560
18984,0.061699,74.125.24.0-255,4320,302874,94,350560
18985,0.061703,172.31.47.0-255,66,302940,94,350560
18986,0.063724,74.125.24.0-255,2902,305842,94,350560
18987,0.06373,172.31.47.0-255,66,305908,94,350560
18988,0.063764,74.125.24.0-255,2902,308810,94,350560
18989,0.063768,172.31.47.0-255,66,308876,94,350560
18990,0.065751,74.125.24.0-255,2902,311778,94,350560
18991,0.065757,172.31.47.0-255,66,311844,94,350560
18992,0.065797,74.125.24.0-255,2902,314746,94,350560
18993,0.0658,172.31.47.0-255,66,314812,94,350560
18994,0.06777,74.125.24.0-255,2902,317714,94,350560
18995,0.067775,172.31.47.0-255,66,317780,94,350560
18996,0.067816,74.125.24.0-255,1484,319264,94,350560
18997,0.067833,74.125.24.0-255,1484,320748,94,350560
18998,0.067836,172.31.47.0-255,66,320814,94,350560
18999,0.069828,74.125.24.0-255,2902,323716,94,350560
19000,0.069835,172.31.47.0-255,66,323782,94,350560
19001,0.069861,74.125.24.0-255,2902,326684,94,350560
19002,0.069864,172.31.47.0-255,66,326750,94,350560
19003,0.071868,74.125.24.0-255,2902,329652,94,350560
19004,0.071873,172.31.47.0-255,66,329718,94,350560
19005,0.071926,74.125.24.0-255,2902,332620,94,350560
19006,0.071929,172.31.47.0-255,66,332686,94,350560
19007,0.073936,74.125.24.0-255,2902,335588,94,350560
19008,0.073941,172.31.47.0-255,66,335654,94,350560
19009,0.073975,74.125.24.0-255,2902,338556,94,350560
19010,0.073978,172.31.47.0-255,66,338622,94,350560
19011,0.075957,74.125.24.0-255,2902,341524,94,350560
19012,0.075964,172.31.47.0-255,66,341590,94,350560
19013,0.076009,74.125.24.0-255,2902,344492,94,350560
19014,0.076012,172.31.47.0-255,66,344558,94,350560
19015,0.077989,74.125.24.0-255,2902,347460,94,350560
19016,0.077993,172.31.47.0-255,66,347526,94,350560
19017,0.078026,74.125.24.0-255,1484,349010,94,350560
19018,0.078039,74.125.24.0-255,1484,350494,94,350560
19019,0.078043,172.31.47.0-255,66,350560,94,350560
19020,0.0,74.125.24.0-255,153,153,94,380569
19021,2.7e-05,172.31.47.0-255,66,219,94,380569
19022,3.3e-05,74.125.24.0-255,1484,1703,94,380569
19023,3.6e-05,172.31.47.0-255,66,1769,94,380569
19024,4e-05,74.125.24.0-255,2902,4671,94,380569
19025,4.3e-05,172.31.47.0-255,66,4737,94,380569
19026,4.9e-05,74.125.24.0-255,7156,11893,94,380569
19027,5.2e-05,172.31.47.0-255,66,11959,94,380569
19028,0.0001,74.125.24.0-255,2902,14861,94,380569
19029,0.000103,172.31.47.0-255,66,14927,94,380569
19030,0.000125,74.125.24.0-255,2175,17102,94,380569
19031,0.000128,172.31.47.0-255,66,17168,94,380569
19032,0.000133,74.125.24.0-255,5738,22906,94,380569
19033,0.000136,172.31.47.0-255,66,22972,94,380569
19034,0.000147,74.125.24.0-255,2902,25874,94,380569
19035,0.000149,172.31.47.0-255,66,25940,94,380569
19036,0.000167,74.125.24.0-255,4320,30260,94,380569
19037,0.000169,172.31.47.0-255,66,30326,94,380569
19038,0.00018,74.125.24.0-255,1125,31451,94,380569
19039,0.000182,172.31.47.0-255,66,31517,94,380569
19040,0.000219,74.125.24.0-255,1484,33001,94,380569
19041,0.000221,172.31.47.0-255,66,33067,94,380569
19042,0.000249,74.125.24.0-255,1484,34551,94,380569
19043,0.000253,172.31.47.0-255,66,34617,94,380569
19044,0.00027,74.125.24.0-255,2902,37519,94,380569
19045,0.000273,172.31.47.0-255,66,37585,94,380569
19046,0.000277,74.125.24.0-255,2902,40487,94,380569
19047,0.000278,172.31.47.0-255,66,40553,94,380569
19048,0.000297,74.125.24.0-255,2902,43455,94,380569
19049,0.0003,172.31.47.0-255,66,43521,94,380569
19050,0.000306,74.125.24.0-255,5379,48900,94,380569
19051,0.000308,172.31.47.0-255,66,48966,94,380569
19052,0.000362,74.125.24.0-255,1484,50450,94,380569
19053,0.000368,74.125.24.0-255,2902,53352,94,380569
19054,0.000372,172.31.47.0-255,66,53418,94,380569
19055,0.000404,74.125.24.0-255,5738,59156,94,380569
19056,0.000407,172.31.47.0-255,66,59222,94,380569
19057,0.000415,74.125.24.0-255,6797,66019,94,380569
19058,0.000417,172.31.47.0-255,66,66085,94,380569
19059,0.000438,74.125.24.0-255,440,66525,94,380569
19060,0.000475,74.125.24.0-255,334,66859,94,380569
19061,0.000641,74.125.24.0-255,1484,68343,94,380569
19062,0.000644,172.31.47.0-255,66,68409,94,380569
19063,0.000666,74.125.24.0-255,2902,71311,94,380569
19064,0.000669,172.31.47.0-255,66,71377,94,380569
19065,0.000675,74.125.24.0-255,5738,77115,94,380569
19066,0.000677,172.31.47.0-255,66,77181,94,380569
19067,0.000698,74.125.24.0-255,1484,78665,94,380569
19068,0.00072,74.125.24.0-255,5379,84044,94,380569
19069,0.000723,172.31.47.0-255,66,84110,94,380569
19070,0.00102,74.125.24.0-255,1484,85594,94,380569
19071,0.00103,74.125.24.0-255,2902,88496,94,380569
19072,0.001034,172.31.47.0-255,66,88562,94,380569
19073,0.001048,74.125.24.0-255,2902,91464,94,380569
19074,0.001052,172.31.47.0-255,66,91530,94,380569
19075,0.001076,74.125.24.0-255,2902,94432,94,380569
19076,0.00108,172.31.47.0-255,66,94498,94,380569
19077,0.001085,74.125.24.0-255,2902,97400,94,380569
19078,0.001087,172.31.47.0-255,66,97466,94,380569
19079,0.001104,74.125.24.0-255,1484,98950,94,380569
19080,0.001116,74.125.24.0-255,2543,101493,94,380569
19081,0.00112,172.31.47.0-255,66,101559,94,380569
19082,0.001287,74.125.24.0-255,1484,103043,94,380569
19083,0.001294,74.125.24.0-255,2902,105945,94,380569
19084,0.001298,172.31.47.0-255,66,106011,94,380569
19085,0.001321,74.125.24.0-255,4320,110331,94,380569
19086,0.001324,172.31.47.0-255,66,110397,94,380569
19087,0.001329,74.125.24.0-255,5738,116135,94,380569
19088,0.001331,172.31.47.0-255,66,116201,94,380569
19089,0.001353,74.125.24.0-255,1484,117685,94,380569
19090,0.00138,172.31.47.0-255,66,117751,94,380569
19091,0.001386,74.125.24.0-255,4320,122071,94,380569
19092,0.001388,172.31.47.0-255,66,122137,94,380569
19093,0.001424,74.125.24.0-255,3602,125739,94,380569
19094,0.001428,172.31.47.0-255,66,125805,94,380569
19095,0.002001,74.125.24.0-255,1484,127289,94,380569
19096,0.002007,74.125.24.0-255,2902,130191,94,380569
19097,0.00201,172.31.47.0-255,66,130257,94,380569
19098,0.002038,74.125.24.0-255,5738,135995,94,380569
19099,0.00204,172.31.47.0-255,66,136061,94,380569
19100,0.002046,74.125.24.0-255,5738,141799,94,380569
19101,0.002048,172.31.47.0-255,66,141865,94,380569
19102,0.002089,74.125.24.0-255,7156,149021,94,380569
19103,0.002092,172.31.47.0-255,66,149087,94,380569
19104,0.002105,74.125.24.0-255,5738,154825,94,380569
19105,0.002107,172.31.47.0-255,66,154891,94,380569
19106,0.002113,74.125.24.0-255,5020,159911,94,380569
19107,0.002114,172.31.47.0-255,66,159977,94,380569
19108,0.002321,74.125.24.0-255,1484,161461,94,380569
19109,0.002324,74.125.24.0-255,1484,162945,94,380569
19110,0.002327,172.31.47.0-255,66,163011,94,380569
19111,0.002344,74.125.24.0-255,1484,164495,94,380569
19112,0.00235,74.125.24.0-255,5738,170233,94,380569
19113,0.002353,172.31.47.0-255,66,170299,94,380569
19114,0.002355,74.125.24.0-255,1484,171783,94,380569
19115,0.002368,74.125.24.0-255,4320,176103,94,380569
19116,0.002371,172.31.47.0-255,66,176169,94,380569
19117,0.002403,74.125.24.0-255,7156,183325,94,380569
19118,0.002406,172.31.47.0-255,66,183391,94,380569
19119,0.002429,74.125.24.0-255,5738,189129,94,380569
19120,0.002431,172.31.47.0-255,66,189195,94,380569
19121,0.002437,74.125.24.0-255,5020,194215,94,380569
19122,0.002438,172.31.47.0-255,66,194281,94,380569
19123,0.002474,74.125.24.0-255,7156,201437,94,380569
19124,0.002476,172.31.47.0-255,66,201503,94,380569
19125,0.002504,172.31.47.0-255,66,201569,94,380569
19126,0.002507,74.125.24.0-255,1484,203053,94,380569
19127,0.002541,172.31.47.0-255,66,203119,94,380569
19128,0.00503,74.125.24.0-255,5738,208857,94,380569
19129,0.005035,172.31.47.0-255,66,208923,94,380569
19130,0.007545,74.125.24.0-255,5738,214661,94,380569
19131,0.007553,172.31.47.0-255,66,214727,94,380569
19132,0.010097,74.125.24.0-255,5738,220465,94,380569
19133,0.010114,172.31.47.0-255,66,220531,94,380569
19134,0.01264,74.125.24.0-255,5738,226269,94,380569
19135,0.012658,172.31.47.0-255,66,226335,94,380569
19136,0.015211,74.125.24.0-255,5738,232073,94,380569
19137,0.015236,172.31.47.0-255,66,232139,94,380569
19138,0.017771,74.125.24.0-255,5738,237877,94,380569
19139,0.017787,172.31.47.0-255,66,237943,94,380569
19140,0.020317,74.125.24.0-255,5738,243681,94,380569
19141,0.020337,172.31.47.0-255,66,243747,94,380569
19142,0.022846,74.125.24.0-255,5738,249485,94,380569
19143,0.022862,172.31.47.0-255,66,249551,94,380569
19144,0.025376,74.125.24.0-255,5738,255289,94,380569
19145,0.025394,172.31.47.0-255,66,255355,94,380569
19146,0.027934,74.125.24.0-255,5738,261093,94,380569
19147,0.027949,172.31.47.0-255,66,261159,94,380569
19148,0.030492,74.125.24.0-255,5738,266897,94,380569
19149,0.03051,172.31.47.0-255,66,266963,94,380569
19150,0.033042,74.125.24.0-255,5738,272701,94,380569
19151,0.033059,172.31.47.0-255,66,272767,94,380569
19152,0.034957,172.31.47.0-255,172,272939,94,380569
19153,0.034984,172.31.47.0-255,1116,274055,94,380569
19154,0.035041,172.31.47.0-255,1514,275569,94,380569
19155,0.035042,172.31.47.0-255,330,275899,94,380569
19156,0.035582,74.125.24.0-255,5738,281637,94,380569
19157,0.035588,172.31.47.0-255,66,281703,94,380569
19158,0.036447,104.244.42.0-255,66,281769,94,380569
19159,0.036474,104.244.42.0-255,66,281835,94,380569
19160,0.036536,104.244.42.0-255,66,281901,94,380569
19161,0.038113,74.125.24.0-255,5738,287639,94,380569
19162,0.03813,172.31.47.0-255,66,287705,94,380569
19163,0.04065,74.125.24.0-255,5738,293443,94,380569
19164,0.040674,172.31.47.0-255,66,293509,94,380569
19165,0.043211,74.125.24.0-255,5738,299247,94,380569
19166,0.043231,172.31.47.0-255,66,299313,94,380569
19167,0.045767,74.125.24.0-255,5738,305051,94,380569
19168,0.045784,172.31.47.0-255,66,305117,94,380569
19169,0.048303,74.125.24.0-255,5738,310855,94,380569
19170,0.048321,172.31.47.0-255,66,310921,94,380569
19171,0.050867,74.125.24.0-255,5738,316659,94,380569
19172,0.050879,172.31.47.0-255,66,316725,94,380569
19173,0.053469,74.125.24.0-255,5738,322463,94,380569
19174,0.053489,172.31.47.0-255,66,322529,94,380569
19175,0.056024,74.125.24.0-255,5738,328267,94,380569
19176,0.056043,172.31.47.0-255,66,328333,94,380569
19177,0.058575,74.125.24.0-255,5738,334071,94,380569
19178,0.058595,172.31.47.0-255,66,334137,94,380569
19179,0.061123,74.125.24.0-255,5738,339875,94,380569
19180,0.06114,172.31.47.0-255,66,339941,94,380569
19181,0.063675,74.125.24.0-255,5738,345679,94,380569
19182,0.063693,172.31.47.0-255,66,345745,94,380569
19183,0.066249,74.125.24.0-255,5738,351483,94,380569
19184,0.066265,172.31.47.0-255,66,351549,94,380569
19185,0.068823,74.125.24.0-255,5738,357287,94,380569
19186,0.068842,172.31.47.0-255,66,357353,94,380569
19187,0.071361,74.125.24.0-255,5738,363091,94,380569
19188,0.071374,172.31.47.0-255,66,363157,94,380569
19189,0.073865,74.125.24.0-255,5738,368895,94,380569
19190,0.073871,172.31.47.0-255,66,368961,94,380569
19191,0.076379,74.125.24.0-255,5738,374699,94,380569
19192,0.076384,172.31.47.0-255,66,374765,94,380569
19193,0.07892,74.125.24.0-255,5738,380503,94,380569
19194,0.078925,172.31.47.0-255,66,380569,94,380569
19195,0.0,74.125.24.0-255,146,146,94,259730
19196,3.2e-05,172.31.47.0-255,66,212,94,259730
19197,3.9e-05,74.125.24.0-255,1484,1696,94,259730
19198,4.3e-05,172.31.47.0-255,66,1762,94,259730
19199,4.8e-05,74.125.24.0-255,2902,4664,94,259730
19200,5.1e-05,172.31.47.0-255,66,4730,94,259730
19201,5.8e-05,74.125.24.0-255,7156,11886,94,259730
19202,6.1e-05,172.31.47.0-255,66,11952,94,259730
19203,6.4e-05,74.125.24.0-255,2101,14053,94,259730
19204,6.8e-05,172.31.47.0-255,66,14119,94,259730
19205,0.000123,172.31.47.0-255,66,14185,94,259730
19206,0.000126,74.125.24.0-255,1484,15669,94,259730
19207,0.000128,172.31.47.0-255,66,15735,94,259730
19208,0.000152,172.31.47.0-255,66,15801,94,259730
19209,0.000179,74.125.24.0-255,5738,21539,94,259730
19210,0.000182,172.31.47.0-255,66,21605,94,259730
19211,0.000204,74.125.24.0-255,6438,28043,94,259730
19212,0.000209,172.31.47.0-255,66,28109,94,259730
19213,0.000228,74.125.24.0-255,5738,33847,94,259730
19214,0.000231,172.31.47.0-255,66,33913,94,259730
19215,0.000258,74.125.24.0-255,7156,41069,94,259730
19216,0.000261,172.31.47.0-255,66,41135,94,259730
19217,0.000265,74.125.24.0-255,4237,45372,94,259730
19218,0.000267,172.31.47.0-255,66,45438,94,259730
19219,0.00125,74.125.24.0-255,129,45567,94,259730
19220,0.001256,172.31.47.0-255,66,45633,94,259730
19221,0.002144,74.125.24.0-255,1484,47117,94,259730
19222,0.002148,172.31.47.0-255,66,47183,94,259730
19223,0.002152,74.125.24.0-255,1484,48667,94,259730
19224,0.002154,172.31.47.0-255,66,48733,94,259730
19225,0.002165,74.125.24.0-255,1484,50217,94,259730
19226,0.002171,74.125.24.0-255,4320,54537,94,259730
19227,0.002173,172.31.47.0-255,66,54603,94,259730
19228,0.002185,74.125.24.0-255,1484,56087,94,259730
19229,0.002189,74.125.24.0-255,1484,57571,94,259730
19230,0.002191,172.31.47.0-255,66,57637,94,259730
19231,0.002215,172.31.47.0-255,66,57703,94,259730
19232,0.002244,74.125.24.0-255,5738,63441,94,259730
19233,0.002247,172.31.47.0-255,66,63507,94,259730
19234,0.002268,74.125.24.0-255,2902,66409,94,259730
19235,0.00227,172.31.47.0-255,66,66475,94,259730
19236,0.002273,74.125.24.0-255,1384,67859,94,259730
19237,0.004561,74.125.24.0-255,1484,69343,94,259730
19238,0.004564,172.31.47.0-255,66,69409,94,259730
19239,0.00458,74.125.24.0-255,2902,72311,94,259730
19240,0.004581,172.31.47.0-255,66,72377,94,259730
19241,0.006872,74.125.24.0-255,5738,78115,94,259730
19242,0.006878,172.31.47.0-255,66,78181,94,259730
19243,0.00938,74.125.24.0-255,5738,83919,94,259730
19244,0.009395,172.31.47.0-255,66,83985,94,259730
19245,0.011724,74.125.24.0-255,5738,89723,94,259730
19246,0.01173,172.31.47.0-255,66,89789,94,259730
19247,0.014047,74.125.24.0-255,5738,95527,94,259730
19248,0.014055,172.31.47.0-255,66,95593,94,259730
19249,0.016388,74.125.24.0-255,5738,101331,94,259730
19250,0.016399,172.31.47.0-255,66,101397,94,259730
19251,0.018733,74.125.24.0-255,5738,107135,94,259730
19252,0.018748,172.31.47.0-255,66,107201,94,259730
19253,0.021047,74.125.24.0-255,5738,112939,94,259730
19254,0.021054,172.31.47.0-255,66,113005,94,259730
19255,0.023384,74.125.24.0-255,5738,118743,94,259730
19256,0.02339,172.31.47.0-255,66,118809,94,259730
19257,0.0257,74.125.24.0-255,5738,124547,94,259730
19258,0.025708,172.31.47.0-255,66,124613,94,259730
19259,0.026193,172.31.47.0-255,172,124785,94,259730
19260,0.026218,172.31.47.0-255,1112,125897,94,259730
19261,0.026267,172.31.47.0-255,1514,127411,94,259730
19262,0.026268,172.31.47.0-255,1035,128446,94,259730
19263,0.027755,104.244.42.0-255,66,128512,94,259730
19264,0.027787,104.244.42.0-255,66,128578,94,259730
19265,0.027879,104.244.42.0-255,66,128644,94,259730
19266,0.027996,74.125.24.0-255,5738,134382,94,259730
19267,0.028001,172.31.47.0-255,66,134448,94,259730
19268,0.030302,74.125.24.0-255,2902,137350,94,259730
19269,0.030306,172.31.47.0-255,66,137416,94,259730
19270,0.030336,74.125.24.0-255,2902,140318,94,259730
19271,0.030338,172.31.47.0-255,66,140384,94,259730
19272,0.032625,74.125.24.0-255,2902,143286,94,259730
19273,0.032629,172.31.47.0-255,66,143352,94,259730
19274,0.032668,74.125.24.0-255,2902,146254,94,259730
19275,0.032671,172.31.47.0-255,66,146320,94,259730
19276,0.034941,74.125.24.0-255,2902,149222,94,259730
19277,0.034945,172.31.47.0-255,66,149288,94,259730
19278,0.03499,74.125.24.0-255,2902,152190,94,259730
19279,0.034995,172.31.47.0-255,66,152256,94,259730
19280,0.037235,74.125.24.0-255,2902,155158,94,259730
19281,0.03724,172.31.47.0-255,66,155224,94,259730
19282,0.037275,74.125.24.0-255,2902,158126,94,259730
19283,0.037278,172.31.47.0-255,66,158192,94,259730
19284,0.039554,74.125.24.0-255,2902,161094,94,259730
19285,0.03956,172.31.47.0-255,66,161160,94,259730
19286,0.039594,74.125.24.0-255,2902,164062,94,259730
19287,0.039597,172.31.47.0-255,66,164128,94,259730
19288,0.041859,74.125.24.0-255,2902,167030,94,259730
19289,0.041875,172.31.47.0-255,66,167096,94,259730
19290,0.041896,74.125.24.0-255,2902,169998,94,259730
19291,0.041901,172.31.47.0-255,66,170064,94,259730
19292,0.044167,74.125.24.0-255,2902,172966,94,259730
19293,0.044171,172.31.47.0-255,66,173032,94,259730
19294,0.04421,74.125.24.0-255,2902,175934,94,259730
19295,0.044214,172.31.47.0-255,66,176000,94,259730
19296,0.04649,74.125.24.0-255,2902,178902,94,259730
19297,0.046496,172.31.47.0-255,66,178968,94,259730
19298,0.046527,74.125.24.0-255,2902,181870,94,259730
19299,0.046531,172.31.47.0-255,66,181936,94,259730
19300,0.048964,74.125.24.0-255,2902,184838,94,259730
19301,0.048968,172.31.47.0-255,66,184904,94,259730
19302,0.049023,74.125.24.0-255,2902,187806,94,259730
19303,0.049027,172.31.47.0-255,66,187872,94,259730
19304,0.051292,74.125.24.0-255,2902,190774,94,259730
19305,0.051297,172.31.47.0-255,66,190840,94,259730
19306,0.051316,74.125.24.0-255,2902,193742,94,259730
19307,0.051318,172.31.47.0-255,66,193808,94,259730
19308,0.053598,74.125.24.0-255,2902,196710,94,259730
19309,0.053605,172.31.47.0-255,66,196776,94,259730
19310,0.053637,74.125.24.0-255,2902,199678,94,259730
19311,0.05364,172.31.47.0-255,66,199744,94,259730
19312,0.055906,74.125.24.0-255,2902,202646,94,259730
19313,0.05591,172.31.47.0-255,66,202712,94,259730
19314,0.055943,74.125.24.0-255,2902,205614,94,259730
19315,0.055956,172.31.47.0-255,66,205680,94,259730
19316,0.058208,74.125.24.0-255,1484,207164,94,259730
19317,0.058246,74.125.24.0-255,2902,210066,94,259730
19318,0.05825,172.31.47.0-255,66,210132,94,259730
19319,0.05827,74.125.24.0-255,1484,211616,94,259730
19320,0.060562,74.125.24.0-255,2902,214518,94,259730
19321,0.060568,172.31.47.0-255,66,214584,94,259730
19322,0.060593,74.125.24.0-255,1484,216068,94,259730
19323,0.062881,74.125.24.0-255,4320,220388,94,259730
19324,0.062886,172.31.47.0-255,66,220454,94,259730
19325,0.06519,74.125.24.0-255,5738,226192,94,259730
19326,0.065195,172.31.47.0-255,66,226258,94,259730
19327,0.067487,74.125.24.0-255,5738,231996,94,259730
19328,0.067491,172.31.47.0-255,66,232062,94,259730
19329,0.069795,74.125.24.0-255,5738,237800,94,259730
19330,0.0698,172.31.47.0-255,66,237866,94,259730
19331,0.072091,74.125.24.0-255,5738,243604,94,259730
19332,0.072096,172.31.47.0-255,66,243670,94,259730
19333,0.074392,74.125.24.0-255,4320,247990,94,259730
19334,0.074397,172.31.47.0-255,66,248056,94,259730
19335,0.074421,74.125.24.0-255,1484,249540,94,259730
19336,0.076718,74.125.24.0-255,4320,253860,94,259730
19337,0.076723,172.31.47.0-255,66,253926,94,259730
19338,0.079026,74.125.24.0-255,5738,259664,94,259730
19339,0.079031,172.31.47.0-255,66,259730,94,259730
19340,0.0,172.31.47.0-255,66,66,94,66
19341,0.0,74.125.24.0-255,153,153,94,281763
19342,1.5e-05,172.31.47.0-255,66,219,94,281763
19343,2.1e-05,74.125.24.0-255,1484,1703,94,281763
19344,2.6e-05,172.31.47.0-255,66,1769,94,281763
19345,3.1e-05,74.125.24.0-255,2902,4671,94,281763
19346,4.1e-05,172.31.47.0-255,66,4737,94,281763
19347,6.4e-05,74.125.24.0-255,5738,10475,94,281763
19348,6.7e-05,172.31.47.0-255,66,10541,94,281763
19349,9.3e-05,74.125.24.0-255,1484,12025,94,281763
19350,9.6e-05,172.31.47.0-255,66,12091,94,281763
19351,0.000101,74.125.24.0-255,1976,14067,94,281763
19352,0.000103,172.31.47.0-255,66,14133,94,281763
19353,0.000146,74.125.24.0-255,1484,15617,94,281763
19354,0.00015,172.31.47.0-255,66,15683,94,281763
19355,0.000155,74.125.24.0-255,2902,18585,94,281763
19356,0.000157,172.31.47.0-255,66,18651,94,281763
19357,0.000191,74.125.24.0-255,5738,24389,94,281763
19358,0.000194,172.31.47.0-255,66,24455,94,281763
19359,0.000228,74.125.24.0-255,4320,28775,94,281763
19360,0.00023,172.31.47.0-255,66,28841,94,281763
19361,0.000248,74.125.24.0-255,2543,31384,94,281763
19362,0.00025,172.31.47.0-255,66,31450,94,281763
19363,0.000495,74.125.24.0-255,1484,32934,94,281763
19364,0.0005,172.31.47.0-255,66,33000,94,281763
19365,0.000506,74.125.24.0-255,2902,35902,94,281763
19366,0.000508,172.31.47.0-255,66,35968,94,281763
19367,0.000537,74.125.24.0-255,4320,40288,94,281763
19368,0.000542,172.31.47.0-255,66,40354,94,281763
19369,0.000553,74.125.24.0-255,1484,41838,94,281763
19370,0.000558,172.31.47.0-255,66,41904,94,281763
19371,0.000596,172.31.47.0-255,66,41970,94,281763
19372,0.000601,74.125.24.0-255,4320,46290,94,281763
19373,0.000603,172.31.47.0-255,66,46356,94,281763
19374,0.000639,172.31.47.0-255,66,46422,94,281763
19375,0.000661,74.125.24.0-255,1437,47859,94,281763
19376,0.000665,74.125.24.0-255,109,47968,94,281763
19377,0.000701,74.125.24.0-255,331,48299,94,281763
19378,0.000704,172.31.47.0-255,66,48365,94,281763
19379,0.00082,74.125.24.0-255,1484,49849,94,281763
19380,0.000824,74.125.24.0-255,2902,52751,94,281763
19381,0.000827,172.31.47.0-255,66,52817,94,281763
19382,0.000855,74.125.24.0-255,5738,58555,94,281763
19383,0.000857,172.31.47.0-255,66,58621,94,281763
19384,0.000893,172.31.47.0-255,66,58687,94,281763
19385,0.000898,74.125.24.0-255,4320,63007,94,281763
19386,0.0009,172.31.47.0-255,66,63073,94,281763
19387,0.000949,74.125.24.0-255,6438,69511,94,281763
19388,0.000952,172.31.47.0-255,66,69577,94,281763
19389,0.003081,74.125.24.0-255,2902,72479,94,281763
19390,0.003087,172.31.47.0-255,66,72545,94,281763
19391,0.003112,74.125.24.0-255,2902,75447,94,281763
19392,0.003115,172.31.47.0-255,66,75513,94,281763
19393,0.005229,74.125.24.0-255,5738,81251,94,281763
19394,0.005232,172.31.47.0-255,66,81317,94,281763
19395,0.007402,74.125.24.0-255,5738,87055,94,281763
19396,0.007408,172.31.47.0-255,66,87121,94,281763
19397,0.009585,74.125.24.0-255,5738,92859,94,281763
19398,0.009595,172.31.47.0-255,66,92925,94,281763
19399,0.011724,74.125.24.0-255,5738,98663,94,281763
19400,0.01174,172.31.47.0-255,66,98729,94,281763
19401,0.013883,74.125.24.0-255,5738,104467,94,281763
19402,0.013897,172.31.47.0-255,66,104533,94,281763
19403,0.016046,74.125.24.0-255,5738,110271,94,281763
19404,0.016055,172.31.47.0-255,66,110337,94,281763
19405,0.018209,74.125.24.0-255,5738,116075,94,281763
19406,0.01822,172.31.47.0-255,66,116141,94,281763
19407,0.020383,74.125.24.0-255,5738,121879,94,281763
19408,0.020395,172.31.47.0-255,66,121945,94,281763
19409,0.022546,74.125.24.0-255,5738,127683,94,281763
19410,0.022556,172.31.47.0-255,66,127749,94,281763
19411,0.023574,172.31.47.0-255,172,127921,94,281763
19412,0.023611,172.31.47.0-255,1118,129039,94,281763
19413,0.023669,172.31.47.0-255,1514,130553,94,281763
19414,0.023671,172.31.47.0-255,1286,131839,94,281763
19415,0.0247,74.125.24.0-255,5738,137577,94,281763
19416,0.024708,172.31.47.0-255,66,137643,94,281763
19417,0.025135,104.244.42.0-255,66,137709,94,281763
19418,0.02518,104.244.42.0-255,66,137775,94,281763
19419,0.025235,104.244.42.0-255,66,137841,94,281763
19420,0.025897,104.244.42.0-255,108,137949,94,281763
19421,0.025904,172.31.47.0-255,66,138015,94,281763
19422,0.026846,74.125.24.0-255,5738,143753,94,281763
19423,0.026852,172.31.47.0-255,66,143819,94,281763
19424,0.028979,74.125.24.0-255,5738,149557,94,281763
19425,0.028986,172.31.47.0-255,66,149623,94,281763
19426,0.031118,74.125.24.0-255,5738,155361,94,281763
19427,0.031125,172.31.47.0-255,66,155427,94,281763
19428,0.033242,74.125.24.0-255,5738,161165,94,281763
19429,0.033248,172.31.47.0-255,66,161231,94,281763
19430,0.035409,74.125.24.0-255,5738,166969,94,281763
19431,0.035417,172.31.47.0-255,66,167035,94,281763
19432,0.037585,74.125.24.0-255,5738,172773,94,281763
19433,0.037591,172.31.47.0-255,66,172839,94,281763
19434,0.039748,74.125.24.0-255,5738,178577,94,281763
19435,0.039754,172.31.47.0-255,66,178643,94,281763
19436,0.041906,74.125.24.0-255,5738,184381,94,281763
19437,0.041914,172.31.47.0-255,66,184447,94,281763
19438,0.044054,74.125.24.0-255,5738,190185,94,281763
19439,0.04406,172.31.47.0-255,66,190251,94,281763
19440,0.046193,74.125.24.0-255,5738,195989,94,281763
19441,0.046199,172.31.47.0-255,66,196055,94,281763
19442,0.048338,74.125.24.0-255,5738,201793,94,281763
19443,0.048344,172.31.47.0-255,66,201859,94,281763
19444,0.050485,74.125.24.0-255,5738,207597,94,281763
19445,0.050491,172.31.47.0-255,66,207663,94,281763
19446,0.052618,74.125.24.0-255,5738,213401,94,281763
19447,0.052623,172.31.47.0-255,66,213467,94,281763
19448,0.054807,74.125.24.0-255,5738,219205,94,281763
19449,0.054812,172.31.47.0-255,66,219271,94,281763
19450,0.056992,74.125.24.0-255,5738,225009,94,281763
19451,0.056997,172.31.47.0-255,66,225075,94,281763
19452,0.059138,74.125.24.0-255,5738,230813,94,281763
19453,0.059144,172.31.47.0-255,66,230879,94,281763
19454,0.061274,74.125.24.0-255,4320,235199,94,281763
19455,0.06128,172.31.47.0-255,66,235265,94,281763
19456,0.061304,74.125.24.0-255,1484,236749,94,281763
19457,0.06339,74.125.24.0-255,4320,241069,94,281763
19458,0.063396,172.31.47.0-255,66,241135,94,281763
19459,0.065544,74.125.24.0-255,5738,246873,94,281763
19460,0.065551,172.31.47.0-255,66,246939,94,281763
19461,0.067668,74.125.24.0-255,5738,252677,94,281763
19462,0.067674,172.31.47.0-255,66,252743,94,281763
19463,0.069799,74.125.24.0-255,5738,258481,94,281763
19464,0.069805,172.31.47.0-255,66,258547,94,281763
19465,0.071926,74.125.24.0-255,5738,264285,94,281763
19466,0.07194,172.31.47.0-255,66,264351,94,281763
19467,0.074073,74.125.24.0-255,5738,270089,94,281763
19468,0.074078,172.31.47.0-255,66,270155,94,281763
19469,0.076209,74.125.24.0-255,5738,275893,94,281763
19470,0.076216,172.31.47.0-255,66,275959,94,281763
19471,0.078337,74.125.24.0-255,5738,281697,94,281763
19472,0.078343,172.31.47.0-255,66,281763,94,281763
19473,0.0,74.125.24.0-255,153,153,94,350349
19474,2.9e-05,172.31.47.0-255,66,219,94,350349
19475,3.5e-05,74.125.24.0-255,1484,1703,94,350349
19476,3.9e-05,172.31.47.0-255,66,1769,94,350349
19477,4.3e-05,74.125.24.0-255,2902,4671,94,350349
19478,4.5e-05,172.31.47.0-255,66,4737,94,350349
19479,7.1e-05,74.125.24.0-255,5738,10475,94,350349
19480,7.3e-05,172.31.47.0-255,66,10541,94,350349
19481,8.4e-05,74.125.24.0-255,1484,12025,94,350349
19482,8.7e-05,172.31.47.0-255,66,12091,94,350349
19483,0.000101,74.125.24.0-255,2139,14230,94,350349
19484,0.000102,172.31.47.0-255,66,14296,94,350349
19485,0.000114,74.125.24.0-255,4320,18616,94,350349
19486,0.000118,172.31.47.0-255,66,18682,94,350349
19487,0.00014,74.125.24.0-255,4320,23002,94,350349
19488,0.000142,172.31.47.0-255,66,23068,94,350349
19489,0.000166,74.125.24.0-255,5738,28806,94,350349
19490,0.000168,172.31.47.0-255,66,28872,94,350349
19491,0.000172,74.125.24.0-255,2543,31415,94,350349
19492,0.000174,172.31.47.0-255,66,31481,94,350349
19493,0.000309,74.125.24.0-255,1484,32965,94,350349
19494,0.000313,172.31.47.0-255,66,33031,94,350349
19495,0.000317,74.125.24.0-255,2902,35933,94,350349
19496,0.000319,74.125.24.0-255,1484,37417,94,350349
19497,0.000322,172.31.47.0-255,66,37483,94,350349
19498,0.000325,172.31.47.0-255,66,37549,94,350349
19499,0.000333,74.125.24.0-255,1484,39033,94,350349
19500,0.000335,172.31.47.0-255,66,39099,94,350349
19501,0.000356,74.125.24.0-255,2902,42001,94,350349
19502,0.000359,172.31.47.0-255,66,42067,94,350349
19503,0.000365,74.125.24.0-255,6797,48864,94,350349
19504,0.000367,172.31.47.0-255,66,48930,94,350349
19505,0.000371,74.125.24.0-255,2902,51832,94,350349
19506,0.000373,172.31.47.0-255,66,51898,94,350349
19507,0.00039,74.125.24.0-255,4320,56218,94,350349
19508,0.000393,172.31.47.0-255,66,56284,94,350349
19509,0.000424,172.31.47.0-255,66,56350,94,350349
19510,0.000617,74.125.24.0-255,647,56997,94,350349
19511,0.000673,172.31.47.0-255,66,57063,94,350349
19512,0.000728,74.125.24.0-255,1484,58547,94,350349
19513,0.000735,74.125.24.0-255,2902,61449,94,350349
19514,0.000738,172.31.47.0-255,66,61515,94,350349
19515,0.000743,74.125.24.0-255,2902,64417,94,350349
19516,0.000744,172.31.47.0-255,66,64483,94,350349
19517,0.000755,74.125.24.0-255,2902,67385,94,350349
19518,0.000757,172.31.47.0-255,66,67451,94,350349
19519,0.000763,74.125.24.0-255,6797,74248,94,350349
19520,0.000765,172.31.47.0-255,66,74314,94,350349
19521,0.000815,74.125.24.0-255,4320,78634,94,350349
19522,0.000818,172.31.47.0-255,66,78700,94,350349
19523,0.000842,172.31.47.0-255,66,78766,94,350349
19524,0.000858,74.125.24.0-255,2543,81309,94,350349
19525,0.00086,172.31.47.0-255,66,81375,94,350349
19526,0.001742,74.125.24.0-255,1484,82859,94,350349
19527,0.00175,74.125.24.0-255,2902,85761,94,350349
19528,0.001753,172.31.47.0-255,66,85827,94,350349
19529,0.001769,74.125.24.0-255,1484,87311,94,350349
19530,0.001786,74.125.24.0-255,2902,90213,94,350349
19531,0.001788,172.31.47.0-255,66,90279,94,350349
19532,0.001791,74.125.24.0-255,1484,91763,94,350349
19533,0.001808,74.125.24.0-255,5738,97501,94,350349
19534,0.00181,172.31.47.0-255,66,97567,94,350349
19535,0.001821,74.125.24.0-255,1484,99051,94,350349
19536,0.001845,74.125.24.0-255,2902,101953,94,350349
19537,0.001848,172.31.47.0-255,66,102019,94,350349
19538,0.001866,74.125.24.0-255,7156,109175,94,350349
19539,0.001868,172.31.47.0-255,66,109241,94,350349
19540,0.001892,74.125.24.0-255,6438,115679,94,350349
19541,0.001894,172.31.47.0-255,66,115745,94,350349
19542,0.002138,74.125.24.0-255,1484,117229,94,350349
19543,0.002142,74.125.24.0-255,2902,120131,94,350349
19544,0.002143,172.31.47.0-255,66,120197,94,350349
19545,0.002146,74.125.24.0-255,1484,121681,94,350349
19546,0.002162,74.125.24.0-255,4320,126001,94,350349
19547,0.002164,172.31.47.0-255,66,126067,94,350349
19548,0.002167,74.125.24.0-255,1484,127551,94,350349
19549,0.002195,172.31.47.0-255,66,127617,94,350349
19550,0.002218,74.125.24.0-255,7156,134773,94,350349
19551,0.00222,172.31.47.0-255,66,134839,94,350349
19552,0.002235,74.125.24.0-255,5020,139859,94,350349
19553,0.002238,172.31.47.0-255,66,139925,94,350349
19554,0.00224,74.125.24.0-255,1484,141409,94,350349
19555,0.002244,74.125.24.0-255,2902,144311,94,350349
19556,0.002247,172.31.47.0-255,66,144377,94,350349
19557,0.002262,74.125.24.0-255,1484,145861,94,350349
19558,0.002276,74.125.24.0-255,4320,150181,94,350349
19559,0.002279,172.31.47.0-255,66,150247,94,350349
19560,0.002284,74.125.24.0-255,5738,155985,94,350349
19561,0.002286,172.31.47.0-255,66,156051,94,350349
19562,0.002351,172.31.47.0-255,66,156117,94,350349
19563,0.002356,74.125.24.0-255,5020,161137,94,350349
19564,0.002358,172.31.47.0-255,66,161203,94,350349
19565,0.002375,74.125.24.0-255,1484,162687,94,350349
19566,0.002378,74.125.24.0-255,1484,164171,94,350349
19567,0.00238,172.31.47.0-255,66,164237,94,350349
19568,0.002399,74.125.24.0-255,1484,165721,94,350349
19569,0.002405,74.125.24.0-255,5738,171459,94,350349
19570,0.002407,172.31.47.0-255,66,171525,94,350349
19571,0.002412,74.125.24.0-255,4320,175845,94,350349
19572,0.002414,172.31.47.0-255,66,175911,94,350349
19573,0.002436,172.31.47.0-255,66,175977,94,350349
19574,0.002446,172.31.47.0-255,66,176043,94,350349
19575,0.002478,74.125.24.0-255,2902,178945,94,350349
19576,0.00248,172.31.47.0-255,66,179011,94,350349
19577,0.0025,74.125.24.0-255,3602,182613,94,350349
19578,0.002503,172.31.47.0-255,66,182679,94,350349
19579,0.002509,74.125.24.0-255,7156,189835,94,350349
19580,0.002511,172.31.47.0-255,66,189901,94,350349
19581,0.002521,74.125.24.0-255,5738,195639,94,350349
19582,0.002523,172.31.47.0-255,66,195705,94,350349
19583,0.002553,172.31.47.0-255,66,195771,94,350349
19584,0.002557,74.125.24.0-255,5020,200791,94,350349
19585,0.002559,172.31.47.0-255,66,200857,94,350349
19586,0.00258,74.125.24.0-255,2902,203759,94,350349
19587,0.002582,172.31.47.0-255,66,203825,94,350349
19588,0.002603,74.125.24.0-255,5738,209563,94,350349
19589,0.002605,172.31.47.0-255,66,209629,94,350349
19590,0.005106,74.125.24.0-255,4320,213949,94,350349
19591,0.00511,172.31.47.0-255,66,214015,94,350349
19592,0.005122,74.125.24.0-255,1484,215499,94,350349
19593,0.007632,74.125.24.0-255,4320,219819,94,350349
19594,0.00765,172.31.47.0-255,66,219885,94,350349
19595,0.010197,74.125.24.0-255,5738,225623,94,350349
19596,0.010211,172.31.47.0-255,66,225689,94,350349
19597,0.012743,74.125.24.0-255,5738,231427,94,350349
19598,0.012751,172.31.47.0-255,66,231493,94,350349
19599,0.015286,74.125.24.0-255,4320,235813,94,350349
19600,0.015297,172.31.47.0-255,66,235879,94,350349
19601,0.015319,74.125.24.0-255,1484,237363,94,350349
19602,0.017822,74.125.24.0-255,4320,241683,94,350349
19603,0.017832,172.31.47.0-255,66,241749,94,350349
19604,0.020367,74.125.24.0-255,5738,247487,94,350349
19605,0.020376,172.31.47.0-255,66,247553,94,350349
19606,0.022912,74.125.24.0-255,5738,253291,94,350349
19607,0.022923,172.31.47.0-255,66,253357,94,350349
19608,0.025449,74.125.24.0-255,5738,259095,94,350349
19609,0.025456,172.31.47.0-255,66,259161,94,350349
19610,0.027974,74.125.24.0-255,5738,264899,94,350349
19611,0.027983,172.31.47.0-255,66,264965,94,350349
19612,0.030508,74.125.24.0-255,4320,269285,94,350349
19613,0.030514,172.31.47.0-255,66,269351,94,350349
19614,0.030537,74.125.24.0-255,1484,270835,94,350349
19615,0.031372,172.31.47.0-255,172,271007,94,350349
19616,0.0314,172.31.47.0-255,1111,272118,94,350349
19617,0.031431,172.31.47.0-255,1514,273632,94,350349
19618,0.031433,172.31.47.0-255,1514,275146,94,350349
19619,0.031437,172.31.47.0-255,1514,276660,94,350349
19620,0.031438,172.31.47.0-255,1074,277734,94,350349
19621,0.032929,104.244.42.0-255,66,277800,94,350349
19622,0.032987,104.244.42.0-255,66,277866,94,350349
19623,0.032993,104.244.42.0-255,66,277932,94,350349
19624,0.032996,104.244.42.0-255,66,277998,94,350349
19625,0.033027,74.125.24.0-255,4320,282318,94,350349
19626,0.033034,172.31.47.0-255,66,282384,94,350349
19627,0.035564,74.125.24.0-255,1484,283868,94,350349
19628,0.035596,74.125.24.0-255,4320,288188,94,350349
19629,0.035601,172.31.47.0-255,66,288254,94,350349
19630,0.038111,74.125.24.0-255,5738,293992,94,350349
19631,0.038117,172.31.47.0-255,66,294058,94,350349
19632,0.040624,74.125.24.0-255,5738,299796,94,350349
19633,0.04063,172.31.47.0-255,66,299862,94,350349
19634,0.043178,74.125.24.0-255,5738,305600,94,350349
19635,0.043184,172.31.47.0-255,66,305666,94,350349
19636,0.045695,74.125.24.0-255,4320,309986,94,350349
19637,0.0457,172.31.47.0-255,66,310052,94,350349
19638,0.045731,74.125.24.0-255,1484,311536,94,350349
19639,0.048235,74.125.24.0-255,4320,315856,94,350349
19640,0.048241,172.31.47.0-255,66,315922,94,350349
19641,0.050788,74.125.24.0-255,5738,321660,94,350349
19642,0.050793,172.31.47.0-255,66,321726,94,350349
19643,0.053292,74.125.24.0-255,5738,327464,94,350349
19644,0.053298,172.31.47.0-255,66,327530,94,350349
19645,0.055851,74.125.24.0-255,4320,331850,94,350349
19646,0.055857,172.31.47.0-255,66,331916,94,350349
19647,0.055888,74.125.24.0-255,1484,333400,94,350349
19648,0.058401,74.125.24.0-255,4320,337720,94,350349
19649,0.058406,172.31.47.0-255,66,337786,94,350349
19650,0.060934,74.125.24.0-255,5738,343524,94,350349
19651,0.060939,172.31.47.0-255,66,343590,94,350349
19652,0.06346,74.125.24.0-255,5738,349328,94,350349
19653,0.063464,172.31.47.0-255,66,349394,94,350349
19654,0.065954,74.125.24.0-255,718,350112,94,350349
19655,0.066071,172.31.47.0-255,66,350178,94,350349
19656,0.066094,172.31.47.0-255,105,350283,94,350349
19657,0.068556,74.125.24.0-255,66,350349,94,350349
19658,0.0,172.217.194.0-255,153,153,94,276691
19659,1.5e-05,172.31.47.0-255,66,219,94,276691
19660,2.2e-05,172.217.194.0-255,1484,1703,94,276691
19661,2.6e-05,172.31.47.0-255,66,1769,94,276691
19662,3.8e-05,172.217.194.0-255,2902,4671,94,276691
19663,4.1e-05,172.31.47.0-255,66,4737,94,276691
19664,4.6e-05,172.217.194.0-255,4320,9057,94,276691
19665,4.8e-05,172.31.47.0-255,66,9123,94,276691
19666,6.8e-05,172.217.194.0-255,2902,12025,94,276691
19667,7e-05,172.31.47.0-255,66,12091,94,276691
19668,8.5e-05,172.31.47.0-255,66,12157,94,276691
19669,0.000125,172.31.47.0-255,66,12223,94,276691
19670,0.000172,172.217.194.0-255,1484,13707,94,276691
19671,0.000174,172.31.47.0-255,66,13773,94,276691
19672,0.000179,172.217.194.0-255,2902,16675,94,276691
19673,0.00018,172.31.47.0-255,66,16741,94,276691
19674,0.000208,172.217.194.0-255,5738,22479,94,276691
19675,0.00021,172.31.47.0-255,66,22545,94,276691
19676,0.000247,172.217.194.0-255,4320,26865,94,276691
19677,0.00025,172.31.47.0-255,66,26931,94,276691
19678,0.000274,172.217.194.0-255,2543,29474,94,276691
19679,0.000276,172.31.47.0-255,66,29540,94,276691
19680,0.000296,172.217.194.0-255,7156,36696,94,276691
19681,0.000298,172.31.47.0-255,66,36762,94,276691
19682,0.000331,172.31.47.0-255,66,36828,94,276691
19683,0.000372,172.217.194.0-255,361,37189,94,276691
19684,0.000374,172.31.47.0-255,66,37255,94,276691
19685,0.000768,172.217.194.0-255,382,37637,94,276691
19686,0.000774,172.31.47.0-255,66,37703,94,276691
19687,0.000799,172.217.194.0-255,1484,39187,94,276691
19688,0.000802,172.31.47.0-255,66,39253,94,276691
19689,0.000825,172.217.194.0-255,4320,43573,94,276691
19690,0.000829,172.217.194.0-255,2902,46475,94,276691
19691,0.000833,172.31.47.0-255,66,46541,94,276691
19692,0.00084,172.31.47.0-255,66,46607,94,276691
19693,0.000846,172.217.194.0-255,2902,49509,94,276691
19694,0.000852,172.31.47.0-255,66,49575,94,276691
19695,0.000869,172.217.194.0-255,4320,53895,94,276691
19696,0.000871,172.31.47.0-255,66,53961,94,276691
19697,0.000906,172.31.47.0-255,66,54027,94,276691
19698,0.000918,172.31.47.0-255,66,54093,94,276691
19699,0.001783,172.217.194.0-255,1484,55577,94,276691
19700,0.00179,172.31.47.0-255,66,55643,94,276691
19701,0.001799,172.217.194.0-255,2902,58545,94,276691
19702,0.001807,172.31.47.0-255,66,58611,94,276691
19703,0.001815,172.217.194.0-255,5738,64349,94,276691
19704,0.001817,172.31.47.0-255,66,64415,94,276691
19705,0.001824,172.217.194.0-255,7156,71571,94,276691
19706,0.001826,172.31.47.0-255,66,71637,94,276691
19707,0.001865,172.217.194.0-255,2902,74539,94,276691
19708,0.001868,172.31.47.0-255,66,74605,94,276691
19709,0.001887,172.31.47.0-255,66,74671,94,276691
19710,0.00229,172.217.194.0-255,1484,76155,94,276691
19711,0.002299,172.217.194.0-255,2902,79057,94,276691
19712,0.002303,172.31.47.0-255,66,79123,94,276691
19713,0.00231,172.217.194.0-255,4320,83443,94,276691
19714,0.002312,172.31.47.0-255,66,83509,94,276691
19715,0.002332,172.217.194.0-255,1484,84993,94,276691
19716,0.002346,172.31.47.0-255,66,85059,94,276691
19717,0.00235,172.217.194.0-255,1484,86543,94,276691
19718,0.002383,172.31.47.0-255,66,86609,94,276691
19719,0.004743,172.217.194.0-255,4320,90929,94,276691
19720,0.004761,172.217.194.0-255,1484,92413,94,276691
19721,0.006631,172.31.47.0-255,66,92479,94,276691
19722,0.009004,172.217.194.0-255,5738,98217,94,276691
19723,0.009012,172.31.47.0-255,66,98283,94,276691
19724,0.011391,172.217.194.0-255,5738,104021,94,276691
19725,0.011403,172.31.47.0-255,66,104087,94,276691
19726,0.013738,172.217.194.0-255,5738,109825,94,276691
19727,0.013751,172.31.47.0-255,66,109891,94,276691
19728,0.016094,172.217.194.0-255,5738,115629,94,276691
19729,0.016101,172.31.47.0-255,66,115695,94,276691
19730,0.018431,172.217.194.0-255,5738,121433,94,276691
19731,0.018438,172.31.47.0-255,66,121499,94,276691
19732,0.020824,172.217.194.0-255,5738,127237,94,276691
19733,0.020832,172.31.47.0-255,66,127303,94,276691
19734,0.022236,172.31.47.0-255,172,127475,94,276691
19735,0.022264,172.31.47.0-255,1116,128591,94,276691
19736,0.022325,172.31.47.0-255,1514,130105,94,276691
19737,0.022326,172.31.47.0-255,1288,131393,94,276691
19738,0.023231,172.217.194.0-255,5738,137131,94,276691
19739,0.023237,172.31.47.0-255,66,137197,94,276691
19740,0.023804,104.244.42.0-255,66,137263,94,276691
19741,0.023827,104.244.42.0-255,66,137329,94,276691
19742,0.023882,104.244.42.0-255,66,137395,94,276691
19743,0.025562,172.217.194.0-255,5738,143133,94,276691
19744,0.025567,172.31.47.0-255,66,143199,94,276691
19745,0.027928,172.217.194.0-255,5738,148937,94,276691
19746,0.027934,172.31.47.0-255,66,149003,94,276691
19747,0.030282,172.217.194.0-255,5738,154741,94,276691
19748,0.030288,172.31.47.0-255,66,154807,94,276691
19749,0.032632,172.217.194.0-255,5738,160545,94,276691
19750,0.032638,172.31.47.0-255,66,160611,94,276691
19751,0.035004,172.217.194.0-255,5738,166349,94,276691
19752,0.03501,172.31.47.0-255,66,166415,94,276691
19753,0.037351,172.217.194.0-255,5738,172153,94,276691
19754,0.037357,172.31.47.0-255,66,172219,94,276691
19755,0.039737,172.217.194.0-255,5738,177957,94,276691
19756,0.039743,172.31.47.0-255,66,178023,94,276691
19757,0.042077,172.217.194.0-255,5738,183761,94,276691
19758,0.042084,172.31.47.0-255,66,183827,94,276691
19759,0.044427,172.217.194.0-255,5738,189565,94,276691
19760,0.044434,172.31.47.0-255,66,189631,94,276691
19761,0.046787,172.217.194.0-255,5738,195369,94,276691
19762,0.046796,172.31.47.0-255,66,195435,94,276691
19763,0.049179,172.217.194.0-255,5738,201173,94,276691
19764,0.049184,172.31.47.0-255,66,201239,94,276691
19765,0.051529,172.217.194.0-255,5738,206977,94,276691
19766,0.051537,172.31.47.0-255,66,207043,94,276691
19767,0.053912,172.217.194.0-255,5738,212781,94,276691
19768,0.053918,172.31.47.0-255,66,212847,94,276691
19769,0.056286,172.217.194.0-255,5738,218585,94,276691
19770,0.056291,172.31.47.0-255,66,218651,94,276691
19771,0.058658,172.217.194.0-255,5738,224389,94,276691
19772,0.058664,172.31.47.0-255,66,224455,94,276691
19773,0.060994,172.217.194.0-255,5738,230193,94,276691
19774,0.061001,172.31.47.0-255,66,230259,94,276691
19775,0.063356,172.217.194.0-255,5738,235997,94,276691
19776,0.063362,172.31.47.0-255,66,236063,94,276691
19777,0.065728,172.217.194.0-255,5738,241801,94,276691
19778,0.065734,172.31.47.0-255,66,241867,94,276691
19779,0.068103,172.217.194.0-255,5738,247605,94,276691
19780,0.068108,172.31.47.0-255,66,247671,94,276691
19781,0.070468,172.217.194.0-255,5738,253409,94,276691
19782,0.070474,172.31.47.0-255,66,253475,94,276691
19783,0.072874,172.217.194.0-255,5738,259213,94,276691
19784,0.072881,172.31.47.0-255,66,259279,94,276691
19785,0.07525,172.217.194.0-255,5738,265017,94,276691
19786,0.075256,172.31.47.0-255,66,265083,94,276691
19787,0.077597,172.217.194.0-255,5738,270821,94,276691
19788,0.077603,172.31.47.0-255,66,270887,94,276691
19789,0.079944,172.217.194.0-255,5738,276625,94,276691
19790,0.07995,172.31.47.0-255,66,276691,94,276691
19791,0.0,172.253.118.0-255,153,153,94,317117
19792,3.1e-05,172.31.47.0-255,66,219,94,317117
19793,3.6e-05,172.253.118.0-255,1484,1703,94,317117
19794,4e-05,172.31.47.0-255,66,1769,94,317117
19795,4.5e-05,172.253.118.0-255,2902,4671,94,317117
19796,4.7e-05,172.31.47.0-255,66,4737,94,317117
19797,6.1e-05,172.253.118.0-255,7156,11893,94,317117
19798,6.4e-05,172.31.47.0-255,66,11959,94,317117
19799,0.000138,172.253.118.0-255,1995,13954,94,317117
19800,0.000141,172.31.47.0-255,66,14020,94,317117
19801,0.000341,172.253.118.0-255,1484,15504,94,317117
19802,0.000346,172.31.47.0-255,66,15570,94,317117
19803,0.000351,172.253.118.0-255,2902,18472,94,317117
19804,0.000353,172.31.47.0-255,66,18538,94,317117
19805,0.000374,172.253.118.0-255,2902,21440,94,317117
19806,0.000376,172.31.47.0-255,66,21506,94,317117
19807,0.000423,172.253.118.0-255,7156,28662,94,317117
19808,0.000426,172.31.47.0-255,66,28728,94,317117
19809,0.000491,172.253.118.0-255,2543,31271,94,317117
19810,0.000494,172.31.47.0-255,66,31337,94,317117
19811,0.000683,172.253.118.0-255,1484,32821,94,317117
19812,0.000688,172.31.47.0-255,66,32887,94,317117
19813,0.000694,172.253.118.0-255,2902,35789,94,317117
19814,0.000697,172.31.47.0-255,66,35855,94,317117
19815,0.000731,172.253.118.0-255,5738,41593,94,317117
19816,0.000734,172.31.47.0-255,66,41659,94,317117
19817,0.000787,172.253.118.0-255,5738,47397,94,317117
19818,0.000791,172.31.47.0-255,66,47463,94,317117
19819,0.000814,172.253.118.0-255,1125,48588,94,317117
19820,0.000818,172.31.47.0-255,66,48654,94,317117
19821,0.000892,172.253.118.0-255,5738,54392,94,317117
19822,0.000897,172.31.47.0-255,66,54458,94,317117
19823,0.000924,172.253.118.0-255,1484,55942,94,317117
19824,0.000958,172.253.118.0-255,1484,57426,94,317117
19825,0.000964,172.31.47.0-255,66,57492,94,317117
19826,0.001008,172.31.47.0-255,66,57558,94,317117
19827,0.001375,172.253.118.0-255,646,58204,94,317117
19828,0.001396,172.31.47.0-255,66,58270,94,317117
19829,0.001573,172.253.118.0-255,1484,59754,94,317117
19830,0.001579,172.253.118.0-255,2902,62656,94,317117
19831,0.001602,172.31.47.0-255,66,62722,94,317117
19832,0.001606,172.253.118.0-255,4320,67042,94,317117
19833,0.00161,172.31.47.0-255,66,67108,94,317117
19834,0.001627,172.253.118.0-255,1484,68592,94,317117
19835,0.001677,172.253.118.0-255,2902,71494,94,317117
19836,0.001682,172.31.47.0-255,66,71560,94,317117
19837,0.001691,172.253.118.0-255,7156,78716,94,317117
19838,0.001698,172.31.47.0-255,66,78782,94,317117
19839,0.001706,172.253.118.0-255,3961,82743,94,317117
19840,0.001723,172.31.47.0-255,66,82809,94,317117
19841,0.001858,172.253.118.0-255,5738,88547,94,317117
19842,0.001861,172.31.47.0-255,66,88613,94,317117
19843,0.001878,172.253.118.0-255,3961,92574,94,317117
19844,0.001912,172.31.47.0-255,66,92640,94,317117
19845,0.00382,172.253.118.0-255,1484,94124,94,317117
19846,0.003857,172.253.118.0-255,4320,98444,94,317117
19847,0.00386,172.31.47.0-255,66,98510,94,317117
19848,0.005842,172.253.118.0-255,5738,104248,94,317117
19849,0.006123,172.31.47.0-255,66,104314,94,317117
19850,0.008078,172.253.118.0-255,5738,110052,94,317117
19851,0.008086,172.31.47.0-255,66,110118,94,317117
19852,0.010042,172.253.118.0-255,5738,115856,94,317117
19853,0.010191,172.31.47.0-255,66,115922,94,317117
19854,0.012159,172.253.118.0-255,5738,121660,94,317117
19855,0.01217,172.31.47.0-255,66,121726,94,317117
19856,0.014134,172.253.118.0-255,5738,127464,94,317117
19857,0.014147,172.31.47.0-255,66,127530,94,317117
19858,0.016108,172.253.118.0-255,5738,133268,94,317117
19859,0.016114,172.31.47.0-255,66,133334,94,317117
19860,0.017011,172.31.47.0-255,171,133505,94,317117
19861,0.017039,172.31.47.0-255,1140,134645,94,317117
19862,0.017077,172.31.47.0-255,1514,136159,94,317117
19863,0.017078,172.31.47.0-255,1264,137423,94,317117
19864,0.018055,172.253.118.0-255,1484,138907,94,317117
19865,0.018086,172.253.118.0-255,4320,143227,94,317117
19866,0.018091,172.31.47.0-255,66,143293,94,317117
19867,0.018553,104.244.42.0-255,66,143359,94,317117
19868,0.018587,104.244.42.0-255,66,143425,94,317117
19869,0.018643,104.244.42.0-255,66,143491,94,317117
19870,0.020042,172.253.118.0-255,5738,149229,94,317117
19871,0.020047,172.31.47.0-255,66,149295,94,317117
19872,0.022001,172.253.118.0-255,5738,155033,94,317117
19873,0.022007,172.31.47.0-255,66,155099,94,317117
19874,0.023966,172.253.118.0-255,5738,160837,94,317117
19875,0.023973,172.31.47.0-255,66,160903,94,317117
19876,0.025958,172.253.118.0-255,2902,163805,94,317117
19877,0.025963,172.31.47.0-255,66,163871,94,317117
19878,0.025991,172.253.118.0-255,2902,166773,94,317117
19879,0.026,172.31.47.0-255,66,166839,94,317117
19880,0.027926,172.253.118.0-255,5738,172577,94,317117
19881,0.029106,172.31.47.0-255,66,172643,94,317117
19882,0.031063,172.253.118.0-255,5738,178381,94,317117
19883,0.031068,172.31.47.0-255,66,178447,94,317117
19884,0.033019,172.253.118.0-255,5738,184185,94,317117
19885,0.033023,172.31.47.0-255,66,184251,94,317117
19886,0.034966,172.253.118.0-255,5738,189989,94,317117
19887,0.034971,172.31.47.0-255,66,190055,94,317117
19888,0.036927,172.253.118.0-255,5738,195793,94,317117
19889,0.036938,172.31.47.0-255,66,195859,94,317117
19890,0.038896,172.253.118.0-255,5738,201597,94,317117
19891,0.038901,172.31.47.0-255,66,201663,94,317117
19892,0.040852,172.253.118.0-255,5738,207401,94,317117
19893,0.040858,172.31.47.0-255,66,207467,94,317117
19894,0.042806,172.253.118.0-255,5738,213205,94,317117
19895,0.042812,172.31.47.0-255,66,213271,94,317117
19896,0.044762,172.253.118.0-255,5738,219009,94,317117
19897,0.044767,172.31.47.0-255,66,219075,94,317117
19898,0.046731,172.253.118.0-255,5738,224813,94,317117
19899,0.04674,172.31.47.0-255,66,224879,94,317117
19900,0.048689,172.253.118.0-255,5738,230617,94,317117
19901,0.048695,172.31.47.0-255,66,230683,94,317117
19902,0.050681,172.253.118.0-255,4320,235003,94,317117
19903,0.050686,172.31.47.0-255,66,235069,94,317117
19904,0.050714,172.253.118.0-255,1484,236553,94,317117
19905,0.052623,172.253.118.0-255,4320,240873,94,317117
19906,0.05263,172.31.47.0-255,66,240939,94,317117
19907,0.05459,172.253.118.0-255,5738,246677,94,317117
19908,0.054987,172.31.47.0-255,66,246743,94,317117
19909,0.056952,172.253.118.0-255,5738,252481,94,317117
19910,0.056958,172.31.47.0-255,66,252547,94,317117
19911,0.058897,172.253.118.0-255,5738,258285,94,317117
19912,0.058902,172.31.47.0-255,66,258351,94,317117
19913,0.060847,172.253.118.0-255,5738,264089,94,317117
19914,0.060853,172.31.47.0-255,66,264155,94,317117
19915,0.062811,172.253.118.0-255,5738,269893,94,317117
19916,0.062817,172.31.47.0-255,66,269959,94,317117
19917,0.064787,172.253.118.0-255,5738,275697,94,317117
19918,0.064792,172.31.47.0-255,66,275763,94,317117
19919,0.066744,172.253.118.0-255,5738,281501,94,317117
19920,0.066751,172.31.47.0-255,66,281567,94,317117
19921,0.068692,172.253.118.0-255,5738,287305,94,317117
19922,0.0687,172.31.47.0-255,66,287371,94,317117
19923,0.07064,172.253.118.0-255,2902,290273,94,317117
19924,0.070645,172.31.47.0-255,66,290339,94,317117
19925,0.070671,172.253.118.0-255,2902,293241,94,317117
19926,0.070688,172.31.47.0-255,66,293307,94,317117
19927,0.072596,172.253.118.0-255,2902,296209,94,317117
19928,0.072601,172.31.47.0-255,66,296275,94,317117
19929,0.072631,172.253.118.0-255,2902,299177,94,317117
19930,0.072638,172.31.47.0-255,66,299243,94,317117
19931,0.074543,172.253.118.0-255,2902,302145,94,317117
19932,0.07455,172.31.47.0-255,66,302211,94,317117
19933,0.074581,172.253.118.0-255,2902,305113,94,317117
19934,0.074594,172.31.47.0-255,66,305179,94,317117
19935,0.07653,172.253.118.0-255,1484,306663,94,317117
19936,0.076559,172.253.118.0-255,1484,308147,94,317117
19937,0.076563,172.31.47.0-255,66,308213,94,317117
19938,0.076593,172.253.118.0-255,2902,311115,94,317117
19939,0.07661,172.31.47.0-255,66,311181,94,317117
19940,0.078526,172.253.118.0-255,2902,314083,94,317117
19941,0.078532,172.31.47.0-255,66,314149,94,317117
19942,0.078568,172.253.118.0-255,2902,317051,94,317117
19943,0.078576,172.31.47.0-255,66,317117,94,317117
19944,0.0,74.125.24.0-255,226,226,94,229326
19945,3.4e-05,172.31.47.0-255,66,292,94,229326
19946,4.2e-05,74.125.24.0-255,1484,1776,94,229326
19947,4.7e-05,172.31.47.0-255,66,1842,94,229326
19948,5e-05,74.125.24.0-255,1484,3326,94,229326
19949,5.2e-05,172.31.47.0-255,66,3392,94,229326
19950,8e-05,74.125.24.0-255,1484,4876,94,229326
19951,8.2e-05,172.31.47.0-255,66,4942,94,229326
19952,0.000197,74.125.24.0-255,4320,9262,94,229326
19953,0.000202,172.31.47.0-255,66,9328,94,229326
19954,0.000224,74.125.24.0-255,1484,10812,94,229326
19955,0.000227,172.31.47.0-255,66,10878,94,229326
19956,0.000464,74.125.24.0-255,3403,14281,94,229326
19957,0.000469,172.31.47.0-255,66,14347,94,229326
19958,0.000628,74.125.24.0-255,5738,20085,94,229326
19959,0.000633,172.31.47.0-255,66,20151,94,229326
19960,0.00067,172.31.47.0-255,66,20217,94,229326
19961,0.001294,74.125.24.0-255,2799,23016,94,229326
19962,0.001299,172.31.47.0-255,66,23082,94,229326
19963,0.002935,74.125.24.0-255,2902,25984,94,229326
19964,0.00294,172.31.47.0-255,66,26050,94,229326
19965,0.003572,74.125.24.0-255,2902,28952,94,229326
19966,0.003576,172.31.47.0-255,66,29018,94,229326
19967,0.005222,74.125.24.0-255,2902,31920,94,229326
19968,0.005228,172.31.47.0-255,66,31986,94,229326
19969,0.005857,74.125.24.0-255,2902,34888,94,229326
19970,0.005864,172.31.47.0-255,66,34954,94,229326
19971,0.007534,74.125.24.0-255,2902,37856,94,229326
19972,0.007541,172.31.47.0-255,66,37922,94,229326
19973,0.008157,74.125.24.0-255,2902,40824,94,229326
19974,0.008163,172.31.47.0-255,66,40890,94,229326
19975,0.009791,74.125.24.0-255,2902,43792,94,229326
19976,0.009797,172.31.47.0-255,66,43858,94,229326
19977,0.010451,74.125.24.0-255,2902,46760,94,229326
19978,0.010456,172.31.47.0-255,66,46826,94,229326
19979,0.012108,74.125.24.0-255,2902,49728,94,229326
19980,0.012118,172.31.47.0-255,66,49794,94,229326
19981,0.012749,74.125.24.0-255,2902,52696,94,229326
19982,0.012755,172.31.47.0-255,66,52762,94,229326
19983,0.01446,74.125.24.0-255,2902,55664,94,229326
19984,0.014468,172.31.47.0-255,66,55730,94,229326
19985,0.015044,74.125.24.0-255,2902,58632,94,229326
19986,0.01505,172.31.47.0-255,66,58698,94,229326
19987,0.016737,74.125.24.0-255,2902,61600,94,229326
19988,0.016742,172.31.47.0-255,66,61666,94,229326
19989,0.017309,74.125.24.0-255,2902,64568,94,229326
19990,0.017313,172.31.47.0-255,66,64634,94,229326
19991,0.019059,74.125.24.0-255,2902,67536,94,229326
19992,0.019064,172.31.47.0-255,66,67602,94,229326
19993,0.01963,74.125.24.0-255,2902,70504,94,229326
19994,0.019635,172.31.47.0-255,66,70570,94,229326
19995,0.019675,172.31.47.0-255,172,70742,94,229326
19996,0.019709,172.31.47.0-255,1117,71859,94,229326
19997,0.019766,172.31.47.0-255,1514,73373,94,229326
19998,0.019768,172.31.47.0-255,1287,74660,94,229326
19999,0.02123,104.244.42.0-255,66,74726,94,229326
20000,0.021274,104.244.42.0-255,66,74792,94,229326
20001,0.02132,104.244.42.0-255,66,74858,94,229326
20002,0.021362,74.125.24.0-255,2902,77760,94,229326
20003,0.021366,172.31.47.0-255,66,77826,94,229326
20004,0.021899,74.125.24.0-255,2902,80728,94,229326
20005,0.021904,172.31.47.0-255,66,80794,94,229326
20006,0.023694,74.125.24.0-255,2902,83696,94,229326
20007,0.023699,172.31.47.0-255,66,83762,94,229326
20008,0.024205,74.125.24.0-255,2902,86664,94,229326
20009,0.024211,172.31.47.0-255,66,86730,94,229326
20010,0.026006,74.125.24.0-255,2902,89632,94,229326
20011,0.026012,172.31.47.0-255,66,89698,94,229326
20012,0.026492,74.125.24.0-255,2902,92600,94,229326
20013,0.026498,172.31.47.0-255,66,92666,94,229326
20014,0.028353,74.125.24.0-255,2902,95568,94,229326
20015,0.02836,172.31.47.0-255,66,95634,94,229326
20016,0.028812,74.125.24.0-255,2902,98536,94,229326
20017,0.028818,172.31.47.0-255,66,98602,94,229326
20018,0.030627,74.125.24.0-255,2902,101504,94,229326
20019,0.030632,172.31.47.0-255,66,101570,94,229326
20020,0.03113,74.125.24.0-255,2902,104472,94,229326
20021,0.031135,172.31.47.0-255,66,104538,94,229326
20022,0.032921,74.125.24.0-255,2902,107440,94,229326
20023,0.032925,172.31.47.0-255,66,107506,94,229326
20024,0.033434,74.125.24.0-255,2902,110408,94,229326
20025,0.033438,172.31.47.0-255,66,110474,94,229326
20026,0.035273,74.125.24.0-255,2902,113376,94,229326
20027,0.035279,172.31.47.0-255,66,113442,94,229326
20028,0.035711,74.125.24.0-255,2902,116344,94,229326
20029,0.035715,172.31.47.0-255,66,116410,94,229326
20030,0.037538,74.125.24.0-255,2902,119312,94,229326
20031,0.037543,172.31.47.0-255,66,119378,94,229326
20032,0.038038,74.125.24.0-255,2902,122280,94,229326
20033,0.038043,172.31.47.0-255,66,122346,94,229326
20034,0.039839,74.125.24.0-255,2902,125248,94,229326
20035,0.039844,172.31.47.0-255,66,125314,94,229326
20036,0.040355,74.125.24.0-255,2902,128216,94,229326
20037,0.04036,172.31.47.0-255,66,128282,94,229326
20038,0.042127,74.125.24.0-255,2902,131184,94,229326
20039,0.042131,172.31.47.0-255,66,131250,94,229326
20040,0.042661,74.125.24.0-255,2902,134152,94,229326
20041,0.042665,172.31.47.0-255,66,134218,94,229326
20042,0.044446,74.125.24.0-255,2902,137120,94,229326
20043,0.044455,172.31.47.0-255,66,137186,94,229326
20044,0.044995,74.125.24.0-255,2902,140088,94,229326
20045,0.045,172.31.47.0-255,66,140154,94,229326
20046,0.046721,74.125.24.0-255,2902,143056,94,229326
20047,0.046726,172.31.47.0-255,66,143122,94,229326
20048,0.047251,74.125.24.0-255,2902,146024,94,229326
20049,0.047255,172.31.47.0-255,66,146090,94,229326
20050,0.048971,74.125.24.0-255,2902,148992,94,229326
20051,0.048975,172.31.47.0-255,66,149058,94,229326
20052,0.049531,74.125.24.0-255,2902,151960,94,229326
20053,0.049536,172.31.47.0-255,66,152026,94,229326
20054,0.051295,74.125.24.0-255,2902,154928,94,229326
20055,0.051299,172.31.47.0-255,66,154994,94,229326
20056,0.051792,74.125.24.0-255,2902,157896,94,229326
20057,0.051796,172.31.47.0-255,66,157962,94,229326
20058,0.053594,74.125.24.0-255,2902,160864,94,229326
20059,0.0536,172.31.47.0-255,66,160930,94,229326
20060,0.054096,74.125.24.0-255,2902,163832,94,229326
20061,0.054102,172.31.47.0-255,66,163898,94,229326
20062,0.055873,74.125.24.0-255,2902,166800,94,229326
20063,0.055878,172.31.47.0-255,66,166866,94,229326
20064,0.056439,74.125.24.0-255,2902,169768,94,229326
20065,0.056444,172.31.47.0-255,66,169834,94,229326
20066,0.058141,74.125.24.0-255,2902,172736,94,229326
20067,0.058146,172.31.47.0-255,66,172802,94,229326
20068,0.058744,74.125.24.0-255,2902,175704,94,229326
20069,0.058749,172.31.47.0-255,66,175770,94,229326
20070,0.060471,74.125.24.0-255,2902,178672,94,229326
20071,0.060477,172.31.47.0-255,66,178738,94,229326
20072,0.061046,74.125.24.0-255,2902,181640,94,229326
20073,0.06105,172.31.47.0-255,66,181706,94,229326
20074,0.062811,74.125.24.0-255,2902,184608,94,229326
20075,0.062816,172.31.47.0-255,66,184674,94,229326
20076,0.06338,74.125.24.0-255,2902,187576,94,229326
20077,0.063384,172.31.47.0-255,66,187642,94,229326
20078,0.065094,74.125.24.0-255,2902,190544,94,229326
20079,0.065101,172.31.47.0-255,66,190610,94,229326
20080,0.06572,74.125.24.0-255,2902,193512,94,229326
20081,0.065724,172.31.47.0-255,66,193578,94,229326
20082,0.067408,74.125.24.0-255,2902,196480,94,229326
20083,0.067412,172.31.47.0-255,66,196546,94,229326
20084,0.068047,74.125.24.0-255,2902,199448,94,229326
20085,0.068051,172.31.47.0-255,66,199514,94,229326
20086,0.069684,74.125.24.0-255,2902,202416,94,229326
20087,0.069689,172.31.47.0-255,66,202482,94,229326
20088,0.07033,74.125.24.0-255,2902,205384,94,229326
20089,0.070334,172.31.47.0-255,66,205450,94,229326
20090,0.071968,74.125.24.0-255,2902,208352,94,229326
20091,0.071973,172.31.47.0-255,66,208418,94,229326
20092,0.072614,74.125.24.0-255,2902,211320,94,229326
20093,0.072619,172.31.47.0-255,66,211386,94,229326
20094,0.074285,74.125.24.0-255,2902,214288,94,229326
20095,0.074292,172.31.47.0-255,66,214354,94,229326
20096,0.074914,74.125.24.0-255,2902,217256,94,229326
20097,0.074919,172.31.47.0-255,66,217322,94,229326
20098,0.076621,74.125.24.0-255,2902,220224,94,229326
20099,0.076627,172.31.47.0-255,66,220290,94,229326
20100,0.077233,74.125.24.0-255,2902,223192,94,229326
20101,0.077238,172.31.47.0-255,66,223258,94,229326
20102,0.078965,74.125.24.0-255,2902,226160,94,229326
20103,0.078972,172.31.47.0-255,66,226226,94,229326
20104,0.079495,74.125.24.0-255,1484,227710,94,229326
20105,0.0795,172.31.47.0-255,66,227776,94,229326
20106,0.079536,74.125.24.0-255,1484,229260,94,229326
20107,0.079539,172.31.47.0-255,66,229326,94,229326
20108,0.0,172.31.47.0-255,105,105,94,276
20109,0.001778,157.240.13.0-255,105,210,94,276
20110,0.001788,172.31.47.0-255,66,276,94,276
20111,0.0,74.125.200.0-255,153,153,94,367253
20112,3.5e-05,172.31.47.0-255,66,219,94,367253
20113,4.2e-05,74.125.200.0-255,1484,1703,94,367253
20114,4.6e-05,172.31.47.0-255,66,1769,94,367253
20115,5.1e-05,74.125.200.0-255,2902,4671,94,367253
20116,5.3e-05,172.31.47.0-255,66,4737,94,367253
20117,8.2e-05,74.125.200.0-255,5738,10475,94,367253
20118,8.4e-05,172.31.47.0-255,66,10541,94,367253
20119,9.1e-05,74.125.200.0-255,6308,16849,94,367253
20120,9.2e-05,172.31.47.0-255,66,16915,94,367253
20121,0.000107,74.125.200.0-255,1484,18399,94,367253
20122,0.000109,172.31.47.0-255,66,18465,94,367253
20123,0.000129,74.125.200.0-255,5738,24203,94,367253
20124,0.000132,172.31.47.0-255,66,24269,94,367253
20125,0.000139,74.125.200.0-255,6797,31066,94,367253
20126,0.000141,172.31.47.0-255,66,31132,94,367253
20127,0.000226,74.125.200.0-255,1484,32616,94,367253
20128,0.00023,172.31.47.0-255,66,32682,94,367253
20129,0.000242,74.125.200.0-255,2902,35584,94,367253
20130,0.000244,172.31.47.0-255,66,35650,94,367253
20131,0.000268,74.125.200.0-255,5738,41388,94,367253
20132,0.000272,172.31.47.0-255,66,41454,94,367253
20133,0.000288,74.125.200.0-255,2902,44356,94,367253
20134,0.000291,172.31.47.0-255,66,44422,94,367253
20135,0.000309,74.125.200.0-255,3961,48383,94,367253
20136,0.000312,172.31.47.0-255,66,48449,94,367253
20137,0.000419,74.125.200.0-255,1484,49933,94,367253
20138,0.000423,172.31.47.0-255,66,49999,94,367253
20139,0.000439,74.125.200.0-255,1484,51483,94,367253
20140,0.000445,172.31.47.0-255,66,51549,94,367253
20141,0.00045,74.125.200.0-255,1484,53033,94,367253
20142,0.000452,172.31.47.0-255,66,53099,94,367253
20143,0.000455,74.125.200.0-255,1484,54583,94,367253
20144,0.000457,172.31.47.0-255,66,54649,94,367253
20145,0.000483,74.125.200.0-255,2902,57551,94,367253
20146,0.000485,172.31.47.0-255,66,57617,94,367253
20147,0.000492,74.125.200.0-255,5738,63355,94,367253
20148,0.000494,172.31.47.0-255,66,63421,94,367253
20149,0.000508,74.125.200.0-255,2876,66297,94,367253
20150,0.000511,172.31.47.0-255,66,66363,94,367253
20151,0.000599,74.125.200.0-255,114,66477,94,367253
20152,0.000602,172.31.47.0-255,66,66543,94,367253
20153,0.000621,74.125.200.0-255,326,66869,94,367253
20154,0.000623,172.31.47.0-255,66,66935,94,367253
20155,0.001098,74.125.200.0-255,1484,68419,94,367253
20156,0.001103,172.31.47.0-255,66,68485,94,367253
20157,0.001112,74.125.200.0-255,2902,71387,94,367253
20158,0.001114,172.31.47.0-255,66,71453,94,367253
20159,0.001118,74.125.200.0-255,1484,72937,94,367253
20160,0.00112,172.31.47.0-255,66,73003,94,367253
20161,0.001149,74.125.200.0-255,4320,77323,94,367253
20162,0.001152,172.31.47.0-255,66,77389,94,367253
20163,0.001159,74.125.200.0-255,7156,84545,94,367253
20164,0.00116,172.31.47.0-255,66,84611,94,367253
20165,0.001163,74.125.200.0-255,1484,86095,94,367253
20166,0.001165,172.31.47.0-255,66,86161,94,367253
20167,0.001204,74.125.200.0-255,7156,93317,94,367253
20168,0.001207,172.31.47.0-255,66,93383,94,367253
20169,0.001218,172.31.47.0-255,66,93449,94,367253
20170,0.001365,74.125.200.0-255,1484,94933,94,367253
20171,0.001371,172.31.47.0-255,66,94999,94,367253
20172,0.001376,74.125.200.0-255,2902,97901,94,367253
20173,0.001378,172.31.47.0-255,66,97967,94,367253
20174,0.001402,74.125.200.0-255,5738,103705,94,367253
20175,0.001404,172.31.47.0-255,66,103771,94,367253
20176,0.001409,74.125.200.0-255,2902,106673,94,367253
20177,0.001411,172.31.47.0-255,66,106739,94,367253
20178,0.001415,74.125.200.0-255,4320,111059,94,367253
20179,0.001417,172.31.47.0-255,66,111125,94,367253
20180,0.001446,172.31.47.0-255,66,111191,94,367253
20181,0.001452,74.125.200.0-255,5738,116929,94,367253
20182,0.001454,172.31.47.0-255,66,116995,94,367253
20183,0.001497,74.125.200.0-255,6438,123433,94,367253
20184,0.001503,74.125.200.0-255,2902,126335,94,367253
20185,0.001511,172.31.47.0-255,66,126401,94,367253
20186,0.001515,74.125.200.0-255,2902,129303,94,367253
20187,0.001531,172.31.47.0-255,66,129369,94,367253
20188,0.001538,74.125.200.0-255,7156,136525,94,367253
20189,0.001576,74.125.200.0-255,2902,139427,94,367253
20190,0.001581,172.31.47.0-255,66,139493,94,367253
20191,0.001602,74.125.200.0-255,2184,141677,94,367253
20192,0.001607,172.31.47.0-255,66,141743,94,367253
20193,0.002218,74.125.200.0-255,1484,143227,94,367253
20194,0.002227,74.125.200.0-255,2902,146129,94,367253
20195,0.00223,172.31.47.0-255,66,146195,94,367253
20196,0.002236,74.125.200.0-255,4320,150515,94,367253
20197,0.002238,172.31.47.0-255,66,150581,94,367253
20198,0.002272,74.125.200.0-255,4320,154901,94,367253
20199,0.002274,172.31.47.0-255,66,154967,94,367253
20200,0.002291,74.125.200.0-255,4320,159287,94,367253
20201,0.002293,172.31.47.0-255,66,159353,94,367253
20202,0.0023,74.125.200.0-255,7156,166509,94,367253
20203,0.002303,74.125.200.0-255,1484,167993,94,367253
20204,0.002323,172.31.47.0-255,66,168059,94,367253
20205,0.004564,74.125.200.0-255,5738,173797,94,367253
20206,0.004569,172.31.47.0-255,66,173863,94,367253
20207,0.006817,74.125.200.0-255,5738,179601,94,367253
20208,0.006823,172.31.47.0-255,66,179667,94,367253
20209,0.009069,74.125.200.0-255,5738,185405,94,367253
20210,0.009077,172.31.47.0-255,66,185471,94,367253
20211,0.01132,74.125.200.0-255,5738,191209,94,367253
20212,0.011331,172.31.47.0-255,66,191275,94,367253
20213,0.013582,74.125.200.0-255,5738,197013,94,367253
20214,0.013592,172.31.47.0-255,66,197079,94,367253
20215,0.015831,74.125.200.0-255,5738,202817,94,367253
20216,0.015836,172.31.47.0-255,66,202883,94,367253
20217,0.018088,74.125.200.0-255,5738,208621,94,367253
20218,0.018103,172.31.47.0-255,66,208687,94,367253
20219,0.020331,74.125.200.0-255,1484,210171,94,367253
20220,0.020377,74.125.200.0-255,4320,214491,94,367253
20221,0.020382,172.31.47.0-255,66,214557,94,367253
20222,0.02068,172.31.47.0-255,172,214729,94,367253
20223,0.020716,172.31.47.0-255,1112,215841,94,367253
20224,0.020783,172.31.47.0-255,1514,217355,94,367253
20225,0.020785,172.31.47.0-255,1292,218647,94,367253
20226,0.022258,104.244.42.0-255,66,218713,94,367253
20227,0.022314,104.244.42.0-255,66,218779,94,367253
20228,0.022358,104.244.42.0-255,66,218845,94,367253
20229,0.02262,74.125.200.0-255,2902,221747,94,367253
20230,0.022623,172.31.47.0-255,66,221813,94,367253
20231,0.022658,74.125.200.0-255,2902,224715,94,367253
20232,0.022662,172.31.47.0-255,66,224781,94,367253
20233,0.023068,104.244.42.0-255,108,224889,94,367253
20234,0.023074,172.31.47.0-255,66,224955,94,367253
20235,0.024856,74.125.200.0-255,2902,227857,94,367253
20236,0.024861,172.31.47.0-255,66,227923,94,367253
20237,0.024885,74.125.200.0-255,2902,230825,94,367253
20238,0.024888,172.31.47.0-255,66,230891,94,367253
20239,0.027093,74.125.200.0-255,2902,233793,94,367253
20240,0.027098,172.31.47.0-255,66,233859,94,367253
20241,0.027128,74.125.200.0-255,2902,236761,94,367253
20242,0.02713,172.31.47.0-255,66,236827,94,367253
20243,0.029333,74.125.200.0-255,2902,239729,94,367253
20244,0.029339,172.31.47.0-255,66,239795,94,367253
20245,0.029358,74.125.200.0-255,2902,242697,94,367253
20246,0.029361,172.31.47.0-255,66,242763,94,367253
20247,0.031574,74.125.200.0-255,2902,245665,94,367253
20248,0.03158,172.31.47.0-255,66,245731,94,367253
20249,0.031594,74.125.200.0-255,2902,248633,94,367253
20250,0.031596,172.31.47.0-255,66,248699,94,367253
20251,0.03382,74.125.200.0-255,2902,251601,94,367253
20252,0.033827,172.31.47.0-255,66,251667,94,367253
20253,0.03386,74.125.200.0-255,2902,254569,94,367253
20254,0.033864,172.31.47.0-255,66,254635,94,367253
20255,0.03606,74.125.200.0-255,2902,257537,94,367253
20256,0.036065,172.31.47.0-255,66,257603,94,367253
20257,0.036091,74.125.200.0-255,2902,260505,94,367253
20258,0.036093,172.31.47.0-255,66,260571,94,367253
20259,0.038288,74.125.200.0-255,2902,263473,94,367253
20260,0.038293,172.31.47.0-255,66,263539,94,367253
20261,0.038324,74.125.200.0-255,2902,266441,94,367253
20262,0.038327,172.31.47.0-255,66,266507,94,367253
20263,0.040522,74.125.200.0-255,1484,267991,94,367253
20264,0.040546,74.125.200.0-255,1484,269475,94,367253
20265,0.04055,172.31.47.0-255,66,269541,94,367253
20266,0.040563,74.125.200.0-255,2902,272443,94,367253
20267,0.040566,172.31.47.0-255,66,272509,94,367253
20268,0.042794,74.125.200.0-255,5738,278247,94,367253
20269,0.042799,172.31.47.0-255,66,278313,94,367253
20270,0.045027,74.125.200.0-255,5738,284051,94,367253
20271,0.045032,172.31.47.0-255,66,284117,94,367253
20272,0.047269,74.125.200.0-255,5738,289855,94,367253
20273,0.047274,172.31.47.0-255,66,289921,94,367253
20274,0.049511,74.125.200.0-255,5738,295659,94,367253
20275,0.049519,172.31.47.0-255,66,295725,94,367253
20276,0.05176,74.125.200.0-255,4320,300045,94,367253
20277,0.051766,172.31.47.0-255,66,300111,94,367253
20278,0.051811,74.125.200.0-255,1484,301595,94,367253
20279,0.053999,74.125.200.0-255,4320,305915,94,367253
20280,0.054004,172.31.47.0-255,66,305981,94,367253
20281,0.056239,74.125.200.0-255,5738,311719,94,367253
20282,0.056243,172.31.47.0-255,66,311785,94,367253
20283,0.05847,74.125.200.0-255,4320,316105,94,367253
20284,0.058475,172.31.47.0-255,66,316171,94,367253
20285,0.058502,74.125.200.0-255,1484,317655,94,367253
20286,0.060705,74.125.200.0-255,4320,321975,94,367253
20287,0.06071,172.31.47.0-255,66,322041,94,367253
20288,0.062969,74.125.200.0-255,5738,327779,94,367253
20289,0.062977,172.31.47.0-255,66,327845,94,367253
20290,0.065227,74.125.200.0-255,5738,333583,94,367253
20291,0.065235,172.31.47.0-255,66,333649,94,367253
20292,0.067471,74.125.200.0-255,5738,339387,94,367253
20293,0.067477,172.31.47.0-255,66,339453,94,367253
20294,0.069823,74.125.200.0-255,5738,345191,94,367253
20295,0.06983,172.31.47.0-255,66,345257,94,367253
20296,0.072064,74.125.200.0-255,5738,350995,94,367253
20297,0.072071,172.31.47.0-255,66,351061,94,367253
20298,0.074309,74.125.200.0-255,4320,355381,94,367253
20299,0.074316,172.31.47.0-255,66,355447,94,367253
20300,0.074345,74.125.200.0-255,1484,356931,94,367253
20301,0.076566,74.125.200.0-255,4320,361251,94,367253
20302,0.076571,172.31.47.0-255,66,361317,94,367253
20303,0.078817,74.125.200.0-255,2902,364219,94,367253
20304,0.078823,172.31.47.0-255,66,364285,94,367253
20305,0.078854,74.125.200.0-255,2902,367187,94,367253
20306,0.078857,172.31.47.0-255,66,367253,94,367253
20307,0.0,74.125.68.0-255,153,153,94,370120
20308,2e-05,172.31.47.0-255,66,219,94,370120
20309,2.7e-05,74.125.68.0-255,1484,1703,94,370120
20310,3.1e-05,172.31.47.0-255,66,1769,94,370120
20311,3.6e-05,74.125.68.0-255,2902,4671,94,370120
20312,3.8e-05,172.31.47.0-255,66,4737,94,370120
20313,7.2e-05,74.125.68.0-255,4320,9057,94,370120
20314,7.5e-05,172.31.47.0-255,66,9123,94,370120
20315,8.1e-05,74.125.68.0-255,5029,14152,94,370120
20316,8.3e-05,172.31.47.0-255,66,14218,94,370120
20317,0.000108,74.125.68.0-255,4320,18538,94,370120
20318,0.00011,172.31.47.0-255,66,18604,94,370120
20319,0.000122,74.125.68.0-255,2902,21506,94,370120
20320,0.000128,172.31.47.0-255,66,21572,94,370120
20321,0.000156,74.125.68.0-255,2902,24474,94,370120
20322,0.000158,172.31.47.0-255,66,24540,94,370120
20323,0.000164,74.125.68.0-255,4320,28860,94,370120
20324,0.000166,172.31.47.0-255,66,28926,94,370120
20325,0.000182,74.125.68.0-255,2543,31469,94,370120
20326,0.000184,172.31.47.0-255,66,31535,94,370120
20327,0.000256,74.125.68.0-255,1484,33019,94,370120
20328,0.000258,172.31.47.0-255,66,33085,94,370120
20329,0.000284,74.125.68.0-255,2902,35987,94,370120
20330,0.000287,172.31.47.0-255,66,36053,94,370120
20331,0.000313,74.125.68.0-255,5738,41791,94,370120
20332,0.000316,172.31.47.0-255,66,41857,94,370120
20333,0.000319,74.125.68.0-255,2902,44759,94,370120
20334,0.000321,172.31.47.0-255,66,44825,94,370120
20335,0.000326,74.125.68.0-255,4320,49145,94,370120
20336,0.000333,172.31.47.0-255,66,49211,94,370120
20337,0.000371,172.31.47.0-255,66,49277,94,370120
20338,0.000376,74.125.68.0-255,4320,53597,94,370120
20339,0.000378,172.31.47.0-255,66,53663,94,370120
20340,0.000435,74.125.68.0-255,2902,56565,94,370120
20341,0.000439,172.31.47.0-255,66,56631,94,370120
20342,0.000468,74.125.68.0-255,1063,57694,94,370120
20343,0.000471,172.31.47.0-255,66,57760,94,370120
20344,0.000615,74.125.68.0-255,130,57890,94,370120
20345,0.000621,172.31.47.0-255,66,57956,94,370120
20346,0.000795,74.125.68.0-255,1484,59440,94,370120
20347,0.000802,74.125.68.0-255,2902,62342,94,370120
20348,0.000822,74.125.68.0-255,5738,68080,94,370120
20349,0.000825,172.31.47.0-255,66,68146,94,370120
20350,0.00083,172.31.47.0-255,66,68212,94,370120
20351,0.000859,74.125.68.0-255,5738,73950,94,370120
20352,0.00089,74.125.68.0-255,1484,75434,94,370120
20353,0.000904,172.31.47.0-255,66,75500,94,370120
20354,0.000953,172.31.47.0-255,66,75566,94,370120
20355,0.001806,74.125.68.0-255,1484,77050,94,370120
20356,0.001811,172.31.47.0-255,66,77116,94,370120
20357,0.001818,74.125.68.0-255,2902,80018,94,370120
20358,0.00182,172.31.47.0-255,66,80084,94,370120
20359,0.001828,74.125.68.0-255,2902,82986,94,370120
20360,0.00183,172.31.47.0-255,66,83052,94,370120
20361,0.001857,74.125.68.0-255,2902,85954,94,370120
20362,0.001862,74.125.68.0-255,4320,90274,94,370120
20363,0.001865,74.125.68.0-255,4320,94594,94,370120
20364,0.001871,172.31.47.0-255,66,94660,94,370120
20365,0.00188,74.125.68.0-255,1484,96144,94,370120
20366,0.001888,74.125.68.0-255,4320,100464,94,370120
20367,0.0019,74.125.68.0-255,7156,107620,94,370120
20368,0.001903,74.125.68.0-255,2184,109804,94,370120
20369,0.001925,172.31.47.0-255,66,109870,94,370120
20370,0.002167,74.125.68.0-255,1484,111354,94,370120
20371,0.002171,172.31.47.0-255,66,111420,94,370120
20372,0.002196,74.125.68.0-255,2902,114322,94,370120
20373,0.002198,172.31.47.0-255,66,114388,94,370120
20374,0.002228,74.125.68.0-255,5738,120126,94,370120
20375,0.002232,74.125.68.0-255,2902,123028,94,370120
20376,0.002235,74.125.68.0-255,4320,127348,94,370120
20377,0.00225,74.125.68.0-255,2902,130250,94,370120
20378,0.002253,172.31.47.0-255,66,130316,94,370120
20379,0.002256,172.31.47.0-255,66,130382,94,370120
20380,0.002265,74.125.68.0-255,5738,136120,94,370120
20381,0.002272,74.125.68.0-255,2902,139022,94,370120
20382,0.002296,172.31.47.0-255,66,139088,94,370120
20383,0.002328,74.125.68.0-255,1484,140572,94,370120
20384,0.00234,74.125.68.0-255,3602,144174,94,370120
20385,0.002383,74.125.68.0-255,5738,149912,94,370120
20386,0.002388,74.125.68.0-255,5738,155650,94,370120
20387,0.00239,172.31.47.0-255,66,155716,94,370120
20388,0.002395,172.31.47.0-255,66,155782,94,370120
20389,0.002407,74.125.68.0-255,7156,162938,94,370120
20390,0.002411,74.125.68.0-255,4320,167258,94,370120
20391,0.002433,74.125.68.0-255,1484,168742,94,370120
20392,0.002444,172.31.47.0-255,66,168808,94,370120
20393,0.002449,74.125.68.0-255,4320,173128,94,370120
20394,0.002453,172.31.47.0-255,66,173194,94,370120
20395,0.002475,74.125.68.0-255,5020,178214,94,370120
20396,0.002482,172.31.47.0-255,66,178280,94,370120
20397,0.002517,74.125.68.0-255,2902,181182,94,370120
20398,0.002526,172.31.47.0-255,66,181248,94,370120
20399,0.002551,74.125.68.0-255,2902,184150,94,370120
20400,0.002555,172.31.47.0-255,66,184216,94,370120
20401,0.002564,74.125.68.0-255,1484,185700,94,370120
20402,0.002567,74.125.68.0-255,1484,187184,94,370120
20403,0.002587,74.125.68.0-255,7156,194340,94,370120
20404,0.002589,74.125.68.0-255,1484,195824,94,370120
20405,0.002592,172.31.47.0-255,66,195890,94,370120
20406,0.0026,74.125.68.0-255,1484,197374,94,370120
20407,0.002616,74.125.68.0-255,2902,200276,94,370120
20408,0.002624,74.125.68.0-255,1484,201760,94,370120
20409,0.002639,74.125.68.0-255,2902,204662,94,370120
20410,0.002641,172.31.47.0-255,66,204728,94,370120
20411,0.002644,172.31.47.0-255,66,204794,94,370120
20412,0.002677,172.31.47.0-255,66,204860,94,370120
20413,0.005286,74.125.68.0-255,5738,210598,94,370120
20414,0.005292,172.31.47.0-255,66,210664,94,370120
20415,0.0079,74.125.68.0-255,5738,216402,94,370120
20416,0.010954,172.31.47.0-255,66,216468,94,370120
20417,0.013603,74.125.68.0-255,5738,222206,94,370120
20418,0.013615,172.31.47.0-255,66,222272,94,370120
20419,0.016243,74.125.68.0-255,5738,228010,94,370120
20420,0.01626,172.31.47.0-255,66,228076,94,370120
20421,0.018887,74.125.68.0-255,5738,233814,94,370120
20422,0.018923,172.31.47.0-255,66,233880,94,370120
20423,0.021573,74.125.68.0-255,5738,239618,94,370120
20424,0.021591,172.31.47.0-255,66,239684,94,370120
20425,0.024194,74.125.68.0-255,5738,245422,94,370120
20426,0.0242,172.31.47.0-255,66,245488,94,370120
20427,0.026795,74.125.68.0-255,5738,251226,94,370120
20428,0.026801,172.31.47.0-255,66,251292,94,370120
20429,0.02945,74.125.68.0-255,5738,257030,94,370120
20430,0.029472,172.31.47.0-255,66,257096,94,370120
20431,0.032109,74.125.68.0-255,5738,262834,94,370120
20432,0.032127,172.31.47.0-255,66,262900,94,370120
20433,0.034745,74.125.68.0-255,5738,268638,94,370120
20434,0.034762,172.31.47.0-255,66,268704,94,370120
20435,0.037372,74.125.68.0-255,5738,274442,94,370120
20436,0.037377,172.31.47.0-255,66,274508,94,370120
20437,0.039992,74.125.68.0-255,5738,280246,94,370120
20438,0.039998,172.31.47.0-255,66,280312,94,370120
20439,0.0426,74.125.68.0-255,5738,286050,94,370120
20440,0.042606,172.31.47.0-255,66,286116,94,370120
20441,0.043728,172.31.47.0-255,172,286288,94,370120
20442,0.043764,172.31.47.0-255,1108,287396,94,370120
20443,0.043826,172.31.47.0-255,1514,288910,94,370120
20444,0.043828,172.31.47.0-255,1296,290206,94,370120
20445,0.045217,74.125.68.0-255,5738,295944,94,370120
20446,0.045229,172.31.47.0-255,66,296010,94,370120
20447,0.045296,104.244.42.0-255,66,296076,94,370120
20448,0.045335,104.244.42.0-255,66,296142,94,370120
20449,0.045392,104.244.42.0-255,66,296208,94,370120
20450,0.046179,104.244.42.0-255,108,296316,94,370120
20451,0.046185,172.31.47.0-255,66,296382,94,370120
20452,0.047841,74.125.68.0-255,5738,302120,94,370120
20453,0.047848,172.31.47.0-255,66,302186,94,370120
20454,0.050474,74.125.68.0-255,5738,307924,94,370120
20455,0.05049,172.31.47.0-255,66,307990,94,370120
20456,0.05311,74.125.68.0-255,5738,313728,94,370120
20457,0.053116,172.31.47.0-255,66,313794,94,370120
20458,0.055722,74.125.68.0-255,2902,316696,94,370120
20459,0.055729,172.31.47.0-255,66,316762,94,370120
20460,0.055797,74.125.68.0-255,2902,319664,94,370120
20461,0.055889,172.31.47.0-255,66,319730,94,370120
20462,0.058331,74.125.68.0-255,2902,322632,94,370120
20463,0.058336,172.31.47.0-255,66,322698,94,370120
20464,0.058494,74.125.68.0-255,2902,325600,94,370120
20465,0.058533,172.31.47.0-255,66,325666,94,370120
20466,0.060943,74.125.68.0-255,2902,328568,94,370120
20467,0.060948,172.31.47.0-255,66,328634,94,370120
20468,0.061154,74.125.68.0-255,2902,331536,94,370120
20469,0.061158,172.31.47.0-255,66,331602,94,370120
20470,0.063551,74.125.68.0-255,2902,334504,94,370120
20471,0.063555,172.31.47.0-255,66,334570,94,370120
20472,0.06375,74.125.68.0-255,2902,337472,94,370120
20473,0.063754,172.31.47.0-255,66,337538,94,370120
20474,0.066153,74.125.68.0-255,2902,340440,94,370120
20475,0.066159,172.31.47.0-255,66,340506,94,370120
20476,0.066368,74.125.68.0-255,2902,343408,94,370120
20477,0.066374,172.31.47.0-255,66,343474,94,370120
20478,0.068764,74.125.68.0-255,2902,346376,94,370120
20479,0.068771,172.31.47.0-255,66,346442,94,370120
20480,0.068972,74.125.68.0-255,2902,349344,94,370120
20481,0.068977,172.31.47.0-255,66,349410,94,370120
20482,0.071366,74.125.68.0-255,2902,352312,94,370120
20483,0.071371,172.31.47.0-255,66,352378,94,370120
20484,0.071581,74.125.68.0-255,2902,355280,94,370120
20485,0.071586,172.31.47.0-255,66,355346,94,370120
20486,0.073965,74.125.68.0-255,2902,358248,94,370120
20487,0.07397,172.31.47.0-255,66,358314,94,370120
20488,0.07418,74.125.68.0-255,1484,359798,94,370120
20489,0.074183,172.31.47.0-255,66,359864,94,370120
20490,0.074205,74.125.68.0-255,1484,361348,94,370120
20491,0.076567,74.125.68.0-255,2902,364250,94,370120
20492,0.076614,172.31.47.0-255,66,364316,94,370120
20493,0.07922,74.125.68.0-255,5738,370054,94,370120
20494,0.079263,172.31.47.0-255,66,370120,94,370120
20495,0.0,74.125.24.0-255,153,153,94,290089
20496,1.4e-05,172.31.47.0-255,66,219,94,290089
20497,2e-05,74.125.24.0-255,1484,1703,94,290089
20498,2.4e-05,172.31.47.0-255,66,1769,94,290089
20499,4.8e-05,74.125.24.0-255,1484,3253,94,290089
20500,5.5e-05,172.31.47.0-255,66,3319,94,290089
20501,6e-05,74.125.24.0-255,2902,6221,94,290089
20502,6.3e-05,172.31.47.0-255,66,6287,94,290089
20503,6.7e-05,74.125.24.0-255,2902,9189,94,290089
20504,6.9e-05,172.31.47.0-255,66,9255,94,290089
20505,9.8e-05,74.125.24.0-255,2902,12157,94,290089
20506,0.0001,172.31.47.0-255,66,12223,94,290089
20507,0.000111,172.31.47.0-255,66,12289,94,290089
20508,0.000139,74.125.24.0-255,3483,15772,94,290089
20509,0.000142,172.31.47.0-255,66,15838,94,290089
20510,0.000147,74.125.24.0-255,5379,21217,94,290089
20511,0.000149,172.31.47.0-255,66,21283,94,290089
20512,0.000196,74.125.24.0-255,1484,22767,94,290089
20513,0.000198,172.31.47.0-255,66,22833,94,290089
20514,0.000225,74.125.24.0-255,2902,25735,94,290089
20515,0.000227,172.31.47.0-255,66,25801,94,290089
20516,0.000233,74.125.24.0-255,5738,31539,94,290089
20517,0.000235,172.31.47.0-255,66,31605,94,290089
20518,0.000269,74.125.24.0-255,4320,35925,94,290089
20519,0.000271,172.31.47.0-255,66,35991,94,290089
20520,0.000292,74.125.24.0-255,2543,38534,94,290089
20521,0.000294,172.31.47.0-255,66,38600,94,290089
20522,0.000334,74.125.24.0-255,2902,41502,94,290089
20523,0.000337,172.31.47.0-255,66,41568,94,290089
20524,0.00034,74.125.24.0-255,1484,43052,94,290089
20525,0.000342,172.31.47.0-255,66,43118,94,290089
20526,0.000372,74.125.24.0-255,2902,46020,94,290089
20527,0.000374,172.31.47.0-255,66,46086,94,290089
20528,0.000385,172.31.47.0-255,66,46152,94,290089
20529,0.000387,74.125.24.0-255,1457,47609,94,290089
20530,0.000616,74.125.24.0-255,110,47719,94,290089
20531,0.00062,172.31.47.0-255,66,47785,94,290089
20532,0.000632,74.125.24.0-255,331,48116,94,290089
20533,0.000939,74.125.24.0-255,1484,49600,94,290089
20534,0.000942,172.31.47.0-255,66,49666,94,290089
20535,0.000971,74.125.24.0-255,2902,52568,94,290089
20536,0.000974,172.31.47.0-255,66,52634,94,290089
20537,0.000978,74.125.24.0-255,4320,56954,94,290089
20538,0.000981,172.31.47.0-255,66,57020,94,290089
20539,0.001004,172.31.47.0-255,66,57086,94,290089
20540,0.001009,74.125.24.0-255,4320,61406,94,290089
20541,0.001014,172.31.47.0-255,66,61472,94,290089
20542,0.00104,74.125.24.0-255,2902,64374,94,290089
20543,0.001043,172.31.47.0-255,66,64440,94,290089
20544,0.001093,74.125.24.0-255,7156,71596,94,290089
20545,0.001095,172.31.47.0-255,66,71662,94,290089
20546,0.001122,74.125.24.0-255,2184,73846,94,290089
20547,0.001124,172.31.47.0-255,66,73912,94,290089
20548,0.001358,74.125.24.0-255,1484,75396,94,290089
20549,0.001372,74.125.24.0-255,2902,78298,94,290089
20550,0.001376,172.31.47.0-255,66,78364,94,290089
20551,0.001404,74.125.24.0-255,5738,84102,94,290089
20552,0.001407,172.31.47.0-255,66,84168,94,290089
20553,0.001445,172.31.47.0-255,66,84234,94,290089
20554,0.001476,172.31.47.0-255,66,84300,94,290089
20555,0.001499,74.125.24.0-255,2184,86484,94,290089
20556,0.001502,172.31.47.0-255,66,86550,94,290089
20557,0.001552,74.125.24.0-255,1484,88034,94,290089
20558,0.00157,74.125.24.0-255,2902,90936,94,290089
20559,0.001572,172.31.47.0-255,66,91002,94,290089
20560,0.001577,74.125.24.0-255,2902,93904,94,290089
20561,0.001579,172.31.47.0-255,66,93970,94,290089
20562,0.001603,74.125.24.0-255,2902,96872,94,290089
20563,0.001605,172.31.47.0-255,66,96938,94,290089
20564,0.001628,74.125.24.0-255,5738,102676,94,290089
20565,0.001634,172.31.47.0-255,66,102742,94,290089
20566,0.001663,74.125.24.0-255,7156,109898,94,290089
20567,0.001665,172.31.47.0-255,66,109964,94,290089
20568,0.001668,74.125.24.0-255,1484,111448,94,290089
20569,0.001693,74.125.24.0-255,5738,117186,94,290089
20570,0.001696,172.31.47.0-255,66,117252,94,290089
20571,0.001721,74.125.24.0-255,3602,120854,94,290089
20572,0.001724,172.31.47.0-255,66,120920,94,290089
20573,0.001771,74.125.24.0-255,1484,122404,94,290089
20574,0.001776,74.125.24.0-255,1484,123888,94,290089
20575,0.001779,172.31.47.0-255,66,123954,94,290089
20576,0.001805,74.125.24.0-255,1484,125438,94,290089
20577,0.001812,74.125.24.0-255,5738,131176,94,290089
20578,0.001814,172.31.47.0-255,66,131242,94,290089
20579,0.001854,172.31.47.0-255,66,131308,94,290089
20580,0.001893,74.125.24.0-255,4320,135628,94,290089
20581,0.001895,172.31.47.0-255,66,135694,94,290089
20582,0.001926,74.125.24.0-255,6438,142132,94,290089
20583,0.001929,172.31.47.0-255,66,142198,94,290089
20584,0.002242,74.125.24.0-255,1484,143682,94,290089
20585,0.002247,74.125.24.0-255,2902,146584,94,290089
20586,0.00225,172.31.47.0-255,66,146650,94,290089
20587,0.002282,74.125.24.0-255,5738,152388,94,290089
20588,0.002285,172.31.47.0-255,66,152454,94,290089
20589,0.002293,74.125.24.0-255,7156,159610,94,290089
20590,0.002294,172.31.47.0-255,66,159676,94,290089
20591,0.002319,74.125.24.0-255,5738,165414,94,290089
20592,0.002321,172.31.47.0-255,66,165480,94,290089
20593,0.002355,172.31.47.0-255,66,165546,94,290089
20594,0.002471,74.125.24.0-255,1484,167030,94,290089
20595,0.002522,74.125.24.0-255,2902,169932,94,290089
20596,0.002526,172.31.47.0-255,66,169998,94,290089
20597,0.002545,74.125.24.0-255,1484,171482,94,290089
20598,0.00255,74.125.24.0-255,2902,174384,94,290089
20599,0.002552,172.31.47.0-255,66,174450,94,290089
20600,0.002582,74.125.24.0-255,2902,177352,94,290089
20601,0.002584,172.31.47.0-255,66,177418,94,290089
20602,0.002614,172.31.47.0-255,66,177484,94,290089
20603,0.002617,74.125.24.0-255,1484,178968,94,290089
20604,0.002629,172.31.47.0-255,66,179034,94,290089
20605,0.002632,74.125.24.0-255,766,179800,94,290089
20606,0.002822,74.125.24.0-255,1484,181284,94,290089
20607,0.002827,172.31.47.0-255,66,181350,94,290089
20608,0.002833,74.125.24.0-255,2902,184252,94,290089
20609,0.002835,172.31.47.0-255,66,184318,94,290089
20610,0.002838,74.125.24.0-255,1484,185802,94,290089
20611,0.002869,74.125.24.0-255,4320,190122,94,290089
20612,0.002872,172.31.47.0-255,66,190188,94,290089
20613,0.002876,74.125.24.0-255,2902,193090,94,290089
20614,0.002879,172.31.47.0-255,66,193156,94,290089
20615,0.00292,74.125.24.0-255,4320,197476,94,290089
20616,0.002923,172.31.47.0-255,66,197542,94,290089
20617,0.002966,172.31.47.0-255,66,197608,94,290089
20618,0.002972,74.125.24.0-255,5738,203346,94,290089
20619,0.002974,172.31.47.0-255,66,203412,94,290089
20620,0.002976,74.125.24.0-255,766,204178,94,290089
20621,0.003138,74.125.24.0-255,1484,205662,94,290089
20622,0.003142,172.31.47.0-255,66,205728,94,290089
20623,0.003147,74.125.24.0-255,2902,208630,94,290089
20624,0.00315,172.31.47.0-255,66,208696,94,290089
20625,0.003183,74.125.24.0-255,5738,214434,94,290089
20626,0.003186,172.31.47.0-255,66,214500,94,290089
20627,0.003212,74.125.24.0-255,5738,220238,94,290089
20628,0.003214,172.31.47.0-255,66,220304,94,290089
20629,0.003245,74.125.24.0-255,7156,227460,94,290089
20630,0.003248,172.31.47.0-255,66,227526,94,290089
20631,0.003251,74.125.24.0-255,1484,229010,94,290089
20632,0.003257,74.125.24.0-255,7156,236166,94,290089
20633,0.003259,172.31.47.0-255,66,236232,94,290089
20634,0.003277,74.125.24.0-255,2184,238416,94,290089
20635,0.003279,172.31.47.0-255,66,238482,94,290089
20636,0.003323,74.125.24.0-255,1484,239966,94,290089
20637,0.003329,74.125.24.0-255,2902,242868,94,290089
20638,0.003331,172.31.47.0-255,66,242934,94,290089
20639,0.003358,74.125.24.0-255,5738,248672,94,290089
20640,0.00336,172.31.47.0-255,66,248738,94,290089
20641,0.003366,74.125.24.0-255,5738,254476,94,290089
20642,0.003368,172.31.47.0-255,66,254542,94,290089
20643,0.003403,74.125.24.0-255,7156,261698,94,290089
20644,0.003406,172.31.47.0-255,66,261764,94,290089
20645,0.003434,74.125.24.0-255,5738,267502,94,290089
20646,0.003437,172.31.47.0-255,66,267568,94,290089
20647,0.003442,74.125.24.0-255,5020,272588,94,290089
20648,0.003444,172.31.47.0-255,66,272654,94,290089
20649,0.003446,74.125.24.0-255,1484,274138,94,290089
20650,0.003478,172.31.47.0-255,66,274204,94,290089
20651,0.003481,74.125.24.0-255,1484,275688,94,290089
20652,0.003484,74.125.24.0-255,1484,277172,94,290089
20653,0.003487,172.31.47.0-255,66,277238,94,290089
20654,0.003499,74.125.24.0-255,1484,278722,94,290089
20655,0.003551,74.125.24.0-255,1484,280206,94,290089
20656,0.00358,74.125.24.0-255,2902,283108,94,290089
20657,0.003616,74.125.24.0-255,1484,284592,94,290089
20658,0.003634,74.125.24.0-255,3597,288189,94,290089
20659,0.003679,74.125.24.0-255,105,288294,94,290089
20660,0.011548,172.31.47.0-255,66,288360,94,290089
20661,0.013668,74.125.24.0-255,105,288465,94,290089
20662,0.01369,172.31.47.0-255,78,288543,94,290089
20663,0.021831,172.31.47.0-255,105,288648,94,290089
20664,0.024122,74.125.24.0-255,66,288714,94,290089
20665,0.036905,172.31.47.0-255,172,288886,94,290089
20666,0.036958,172.31.47.0-255,1071,289957,94,290089
20667,0.038405,104.244.42.0-255,66,290023,94,290089
20668,0.038468,104.244.42.0-255,66,290089,94,290089
20669,0.0,74.125.24.0-255,152,152,94,311691
20670,2.6e-05,172.31.47.0-255,66,218,94,311691
20671,3.3e-05,74.125.24.0-255,1484,1702,94,311691
20672,3.7e-05,172.31.47.0-255,66,1768,94,311691
20673,4.2e-05,74.125.24.0-255,2902,4670,94,311691
20674,5.5e-05,172.31.47.0-255,66,4736,94,311691
20675,8.9e-05,74.125.24.0-255,7156,11892,94,311691
20676,9.4e-05,172.31.47.0-255,66,11958,94,311691
20677,0.00012,74.125.24.0-255,2208,14166,94,311691
20678,0.000123,172.31.47.0-255,66,14232,94,311691
20679,0.000148,74.125.24.0-255,2902,17134,94,311691
20680,0.000151,172.31.47.0-255,66,17200,94,311691
20681,0.000158,74.125.24.0-255,7156,24356,94,311691
20682,0.00016,172.31.47.0-255,66,24422,94,311691
20683,0.000175,74.125.24.0-255,6797,31219,94,311691
20684,0.000177,172.31.47.0-255,66,31285,94,311691
20685,0.000245,74.125.24.0-255,1484,32769,94,311691
20686,0.000249,172.31.47.0-255,66,32835,94,311691
20687,0.000254,74.125.24.0-255,2902,35737,94,311691
20688,0.000256,172.31.47.0-255,66,35803,94,311691
20689,0.000267,74.125.24.0-255,5738,41541,94,311691
20690,0.000271,172.31.47.0-255,66,41607,94,311691
20691,0.000305,172.31.47.0-255,66,41673,94,311691
20692,0.000325,74.125.24.0-255,5379,47052,94,311691
20693,0.000333,172.31.47.0-255,66,47118,94,311691
20694,0.000346,74.125.24.0-255,4320,51438,94,311691
20695,0.000355,172.31.47.0-255,66,51504,94,311691
20696,0.000383,74.125.24.0-255,5650,57154,94,311691
20697,0.000386,172.31.47.0-255,66,57220,94,311691
20698,0.000649,74.125.24.0-255,136,57356,94,311691
20699,0.000653,172.31.47.0-255,66,57422,94,311691
20700,0.000809,74.125.24.0-255,1484,58906,94,311691
20701,0.000819,74.125.24.0-255,2902,61808,94,311691
20702,0.000822,172.31.47.0-255,66,61874,94,311691
20703,0.000827,74.125.24.0-255,2902,64776,94,311691
20704,0.000828,172.31.47.0-255,66,64842,94,311691
20705,0.000854,74.125.24.0-255,2902,67744,94,311691
20706,0.000857,172.31.47.0-255,66,67810,94,311691
20707,0.00089,172.31.47.0-255,66,67876,94,311691
20708,0.000922,74.125.24.0-255,5379,73255,94,311691
20709,0.000925,172.31.47.0-255,66,73321,94,311691
20710,0.000932,74.125.24.0-255,7156,80477,94,311691
20711,0.000934,172.31.47.0-255,66,80543,94,311691
20712,0.000943,74.125.24.0-255,2543,83086,94,311691
20713,0.000947,172.31.47.0-255,66,83152,94,311691
20714,0.001921,74.125.24.0-255,1484,84636,94,311691
20715,0.001932,74.125.24.0-255,2902,87538,94,311691
20716,0.001937,172.31.47.0-255,66,87604,94,311691
20717,0.001942,74.125.24.0-255,1484,89088,94,311691
20718,0.001966,74.125.24.0-255,4320,93408,94,311691
20719,0.001968,172.31.47.0-255,66,93474,94,311691
20720,0.001974,74.125.24.0-255,5738,99212,94,311691
20721,0.001976,172.31.47.0-255,66,99278,94,311691
20722,0.002011,172.31.47.0-255,66,99344,94,311691
20723,0.002027,74.125.24.0-255,1484,100828,94,311691
20724,0.002033,74.125.24.0-255,5020,105848,94,311691
20725,0.002038,172.31.47.0-255,66,105914,94,311691
20726,0.002208,74.125.24.0-255,1484,107398,94,311691
20727,0.002227,74.125.24.0-255,2902,110300,94,311691
20728,0.00223,172.31.47.0-255,66,110366,94,311691
20729,0.002233,74.125.24.0-255,1484,111850,94,311691
20730,0.004449,74.125.24.0-255,4320,116170,94,311691
20731,0.004454,172.31.47.0-255,66,116236,94,311691
20732,0.006682,74.125.24.0-255,5738,121974,94,311691
20733,0.006688,172.31.47.0-255,66,122040,94,311691
20734,0.008903,74.125.24.0-255,5738,127778,94,311691
20735,0.008911,172.31.47.0-255,66,127844,94,311691
20736,0.011133,74.125.24.0-255,5738,133582,94,311691
20737,0.011139,172.31.47.0-255,66,133648,94,311691
20738,0.013364,74.125.24.0-255,5738,139386,94,311691
20739,0.013371,172.31.47.0-255,66,139452,94,311691
20740,0.015564,74.125.24.0-255,5738,145190,94,311691
20741,0.015571,172.31.47.0-255,66,145256,94,311691
20742,0.017763,74.125.24.0-255,5738,150994,94,311691
20743,0.01777,172.31.47.0-255,66,151060,94,311691
20744,0.019975,74.125.24.0-255,5738,156798,94,311691
20745,0.019982,172.31.47.0-255,66,156864,94,311691
20746,0.020478,172.31.47.0-255,172,157036,94,311691
20747,0.020512,172.31.47.0-255,1116,158152,94,311691
20748,0.020575,172.31.47.0-255,1514,159666,94,311691
20749,0.020577,172.31.47.0-255,329,159995,94,311691
20750,0.021996,104.244.42.0-255,66,160061,94,311691
20751,0.022056,104.244.42.0-255,66,160127,94,311691
20752,0.022151,104.244.42.0-255,66,160193,94,311691
20753,0.02219,74.125.24.0-255,1484,161677,94,311691
20754,0.022219,74.125.24.0-255,4320,165997,94,311691
20755,0.022223,172.31.47.0-255,66,166063,94,311691
20756,0.024416,74.125.24.0-255,5738,171801,94,311691
20757,0.024421,172.31.47.0-255,66,171867,94,311691
20758,0.026668,74.125.24.0-255,5738,177605,94,311691
20759,0.026673,172.31.47.0-255,66,177671,94,311691
20760,0.028863,74.125.24.0-255,5738,183409,94,311691
20761,0.028867,172.31.47.0-255,66,183475,94,311691
20762,0.031101,74.125.24.0-255,4320,187795,94,311691
20763,0.031106,172.31.47.0-255,66,187861,94,311691
20764,0.031133,74.125.24.0-255,1484,189345,94,311691
20765,0.033326,74.125.24.0-255,4320,193665,94,311691
20766,0.033332,172.31.47.0-255,66,193731,94,311691
20767,0.035558,74.125.24.0-255,4320,198051,94,311691
20768,0.035563,172.31.47.0-255,66,198117,94,311691
20769,0.035589,74.125.24.0-255,1484,199601,94,311691
20770,0.037767,74.125.24.0-255,4320,203921,94,311691
20771,0.037772,172.31.47.0-255,66,203987,94,311691
20772,0.039995,74.125.24.0-255,5738,209725,94,311691
20773,0.040004,172.31.47.0-255,66,209791,94,311691
20774,0.042211,74.125.24.0-255,5738,215529,94,311691
20775,0.042215,172.31.47.0-255,66,215595,94,311691
20776,0.044425,74.125.24.0-255,5738,221333,94,311691
20777,0.04443,172.31.47.0-255,66,221399,94,311691
20778,0.046643,74.125.24.0-255,5738,227137,94,311691
20779,0.046649,172.31.47.0-255,66,227203,94,311691
20780,0.048869,74.125.24.0-255,5738,232941,94,311691
20781,0.048874,172.31.47.0-255,66,233007,94,311691
20782,0.051072,74.125.24.0-255,4320,237327,94,311691
20783,0.051077,172.31.47.0-255,66,237393,94,311691
20784,0.051137,74.125.24.0-255,1484,238877,94,311691
20785,0.053286,74.125.24.0-255,4320,243197,94,311691
20786,0.053291,172.31.47.0-255,66,243263,94,311691
20787,0.055505,74.125.24.0-255,1484,244747,94,311691
20788,0.055535,74.125.24.0-255,4320,249067,94,311691
20789,0.055539,172.31.47.0-255,66,249133,94,311691
20790,0.057745,74.125.24.0-255,5738,254871,94,311691
20791,0.05775,172.31.47.0-255,66,254937,94,311691
20792,0.059953,74.125.24.0-255,5738,260675,94,311691
20793,0.059958,172.31.47.0-255,66,260741,94,311691
20794,0.062146,74.125.24.0-255,5738,266479,94,311691
20795,0.062151,172.31.47.0-255,66,266545,94,311691
20796,0.064398,74.125.24.0-255,5738,272283,94,311691
20797,0.064403,172.31.47.0-255,66,272349,94,311691
20798,0.066608,74.125.24.0-255,5738,278087,94,311691
20799,0.066612,172.31.47.0-255,66,278153,94,311691
20800,0.068799,74.125.24.0-255,5738,283891,94,311691
20801,0.068804,172.31.47.0-255,66,283957,94,311691
20802,0.07101,74.125.24.0-255,5738,289695,94,311691
20803,0.071015,172.31.47.0-255,66,289761,94,311691
20804,0.073233,74.125.24.0-255,4320,294081,94,311691
20805,0.073237,172.31.47.0-255,66,294147,94,311691
20806,0.073267,74.125.24.0-255,1484,295631,94,311691
20807,0.075451,74.125.24.0-255,4320,299951,94,311691
20808,0.075456,172.31.47.0-255,66,300017,94,311691
20809,0.077673,74.125.24.0-255,5738,305755,94,311691
20810,0.077677,172.31.47.0-255,66,305821,94,311691
20811,0.079877,74.125.24.0-255,4320,310141,94,311691
20812,0.079883,172.31.47.0-255,66,310207,94,311691
20813,0.079917,74.125.24.0-255,1484,311691,94,311691
20814,0.0,74.125.24.0-255,153,153,94,187702
20815,2.8e-05,172.31.47.0-255,66,219,94,187702
20816,3.5e-05,74.125.24.0-255,1484,1703,94,187702
20817,3.9e-05,172.31.47.0-255,66,1769,94,187702
20818,4.4e-05,74.125.24.0-255,2902,4671,94,187702
20819,5.3e-05,172.31.47.0-255,66,4737,94,187702
20820,6.1e-05,74.125.24.0-255,7156,11893,94,187702
20821,6.3e-05,172.31.47.0-255,66,11959,94,187702
20822,0.000128,172.31.47.0-255,66,12025,94,187702
20823,0.000139,172.31.47.0-255,66,12091,94,187702
20824,0.000175,74.125.24.0-255,1125,13216,94,187702
20825,0.000179,172.31.47.0-255,66,13282,94,187702
20826,0.000248,74.125.24.0-255,1484,14766,94,187702
20827,0.000254,172.31.47.0-255,66,14832,94,187702
20828,0.000259,74.125.24.0-255,2902,17734,94,187702
20829,0.000261,172.31.47.0-255,66,17800,94,187702
20830,0.000287,74.125.24.0-255,5738,23538,94,187702
20831,0.000292,172.31.47.0-255,66,23604,94,187702
20832,0.000301,74.125.24.0-255,5738,29342,94,187702
20833,0.000303,172.31.47.0-255,66,29408,94,187702
20834,0.000332,74.125.24.0-255,4320,33728,94,187702
20835,0.000336,172.31.47.0-255,66,33794,94,187702
20836,0.000338,74.125.24.0-255,7156,40950,94,187702
20837,0.000341,172.31.47.0-255,66,41016,94,187702
20838,0.000373,74.125.24.0-255,6438,47454,94,187702
20839,0.000377,172.31.47.0-255,66,47520,94,187702
20840,0.00047,74.125.24.0-255,401,47921,94,187702
20841,0.000473,172.31.47.0-255,66,47987,94,187702
20842,0.000508,74.125.24.0-255,343,48330,94,187702
20843,0.000512,172.31.47.0-255,66,48396,94,187702
20844,0.000777,74.125.24.0-255,1484,49880,94,187702
20845,0.000784,74.125.24.0-255,2902,52782,94,187702
20846,0.000788,172.31.47.0-255,66,52848,94,187702
20847,0.000791,74.125.24.0-255,1484,54332,94,187702
20848,0.000814,74.125.24.0-255,4320,58652,94,187702
20849,0.000817,172.31.47.0-255,66,58718,94,187702
20850,0.00082,74.125.24.0-255,1484,60202,94,187702
20851,0.000855,172.31.47.0-255,66,60268,94,187702
20852,0.000859,74.125.24.0-255,2902,63170,94,187702
20853,0.000861,172.31.47.0-255,66,63236,94,187702
20854,0.000902,74.125.24.0-255,5738,68974,94,187702
20855,0.000905,172.31.47.0-255,66,69040,94,187702
20856,0.000926,74.125.24.0-255,2184,71224,94,187702
20857,0.000929,172.31.47.0-255,66,71290,94,187702
20858,0.00094,74.125.24.0-255,1484,72774,94,187702
20859,0.00096,74.125.24.0-255,5738,78512,94,187702
20860,0.000963,172.31.47.0-255,66,78578,94,187702
20861,0.000995,172.31.47.0-255,66,78644,94,187702
20862,0.000998,74.125.24.0-255,1484,80128,94,187702
20863,0.001031,172.31.47.0-255,66,80194,94,187702
20864,0.001035,74.125.24.0-255,2902,83096,94,187702
20865,0.001037,172.31.47.0-255,66,83162,94,187702
20866,0.001071,172.31.47.0-255,66,83228,94,187702
20867,0.00108,172.31.47.0-255,66,83294,94,187702
20868,0.001103,74.125.24.0-255,7156,90450,94,187702
20869,0.001106,172.31.47.0-255,66,90516,94,187702
20870,0.001148,172.31.47.0-255,66,90582,94,187702
20871,0.001187,74.125.24.0-255,1484,92066,94,187702
20872,0.0012,74.125.24.0-255,2902,94968,94,187702
20873,0.001203,172.31.47.0-255,66,95034,94,187702
20874,0.001206,74.125.24.0-255,1484,96518,94,187702
20875,0.001228,74.125.24.0-255,4320,100838,94,187702
20876,0.001232,172.31.47.0-255,66,100904,94,187702
20877,0.001236,74.125.24.0-255,4320,105224,94,187702
20878,0.001238,172.31.47.0-255,66,105290,94,187702
20879,0.001276,172.31.47.0-255,66,105356,94,187702
20880,0.001286,172.31.47.0-255,66,105422,94,187702
20881,0.001345,74.125.24.0-255,2184,107606,94,187702
20882,0.001348,172.31.47.0-255,66,107672,94,187702
20883,0.001439,74.125.24.0-255,1484,109156,94,187702
20884,0.001452,74.125.24.0-255,2902,112058,94,187702
20885,0.001456,172.31.47.0-255,66,112124,94,187702
20886,0.00146,74.125.24.0-255,2902,115026,94,187702
20887,0.001463,172.31.47.0-255,66,115092,94,187702
20888,0.001486,74.125.24.0-255,2902,117994,94,187702
20889,0.00149,172.31.47.0-255,66,118060,94,187702
20890,0.001495,74.125.24.0-255,5738,123798,94,187702
20891,0.001497,172.31.47.0-255,66,123864,94,187702
20892,0.001522,74.125.24.0-255,7156,131020,94,187702
20893,0.001526,172.31.47.0-255,66,131086,94,187702
20894,0.001535,172.31.47.0-255,66,131152,94,187702
20895,0.001537,74.125.24.0-255,766,131918,94,187702
20896,0.001654,74.125.24.0-255,1484,133402,94,187702
20897,0.001656,172.31.47.0-255,66,133468,94,187702
20898,0.001676,74.125.24.0-255,2902,136370,94,187702
20899,0.001678,172.31.47.0-255,66,136436,94,187702
20900,0.00168,74.125.24.0-255,1484,137920,94,187702
20901,0.001701,74.125.24.0-255,4320,142240,94,187702
20902,0.001703,172.31.47.0-255,66,142306,94,187702
20903,0.001717,172.31.47.0-255,66,142372,94,187702
20904,0.001743,74.125.24.0-255,4320,146692,94,187702
20905,0.001745,172.31.47.0-255,66,146758,94,187702
20906,0.001749,74.125.24.0-255,4320,151078,94,187702
20907,0.001751,172.31.47.0-255,66,151144,94,187702
20908,0.001789,172.31.47.0-255,66,151210,94,187702
20909,0.001793,74.125.24.0-255,4320,155530,94,187702
20910,0.001796,172.31.47.0-255,66,155596,94,187702
20911,0.00182,74.125.24.0-255,1484,157080,94,187702
20912,0.001845,172.31.47.0-255,66,157146,94,187702
20913,0.00187,74.125.24.0-255,2902,160048,94,187702
20914,0.001872,172.31.47.0-255,66,160114,94,187702
20915,0.001908,172.31.47.0-255,66,160180,94,187702
20916,0.001918,172.31.47.0-255,66,160246,94,187702
20917,0.001931,172.31.47.0-255,66,160312,94,187702
20918,0.001966,74.125.24.0-255,2902,163214,94,187702
20919,0.001968,172.31.47.0-255,66,163280,94,187702
20920,0.001991,74.125.24.0-255,4320,167600,94,187702
20921,0.001993,172.31.47.0-255,66,167666,94,187702
20922,0.002003,74.125.24.0-255,1484,169150,94,187702
20923,0.002037,74.125.24.0-255,7156,176306,94,187702
20924,0.00204,172.31.47.0-255,66,176372,94,187702
20925,0.002048,172.31.47.0-255,66,176438,94,187702
20926,0.002094,172.31.47.0-255,66,176504,94,187702
20927,0.002104,172.31.47.0-255,66,176570,94,187702
20928,0.002169,172.31.47.0-255,66,176636,94,187702
20929,0.002171,74.125.24.0-255,1484,178120,94,187702
20930,0.002196,74.125.24.0-255,5844,183964,94,187702
20931,0.002199,172.31.47.0-255,66,184030,94,187702
20932,0.002202,74.125.24.0-255,105,184135,94,187702
20933,0.004532,172.31.47.0-255,66,184201,94,187702
20934,0.004554,172.31.47.0-255,105,184306,94,187702
20935,0.007152,74.125.24.0-255,66,184372,94,187702
20936,0.02343,172.31.47.0-255,172,184544,94,187702
20937,0.023459,172.31.47.0-255,1112,185656,94,187702
20938,0.023492,172.31.47.0-255,1514,187170,94,187702
20939,0.023515,172.31.47.0-255,334,187504,94,187702
20940,0.024996,104.244.42.0-255,66,187570,94,187702
20941,0.025004,104.244.42.0-255,66,187636,94,187702
20942,0.025031,104.244.42.0-255,66,187702,94,187702
20943,0.0,172.217.194.0-255,297,297,94,184923
20944,3.2e-05,172.31.47.0-255,66,363,94,184923
20945,3.8e-05,172.217.194.0-255,1484,1847,94,184923
20946,4.2e-05,172.31.47.0-255,66,1913,94,184923
20947,4.8e-05,172.217.194.0-255,4320,6233,94,184923
20948,5e-05,172.31.47.0-255,66,6299,94,184923
20949,8.3e-05,172.31.47.0-255,66,6365,94,184923
20950,0.00011,172.217.194.0-255,4320,10685,94,184923
20951,0.000112,172.31.47.0-255,66,10751,94,184923
20952,0.000127,172.217.194.0-255,4320,15071,94,184923
20953,0.000129,172.31.47.0-255,66,15137,94,184923
20954,0.00014,172.217.194.0-255,7156,22293,94,184923
20955,0.000142,172.31.47.0-255,66,22359,94,184923
20956,0.000178,172.217.194.0-255,7156,29515,94,184923
20957,0.000181,172.31.47.0-255,66,29581,94,184923
20958,0.000209,172.31.47.0-255,66,29647,94,184923
20959,0.000245,172.217.194.0-255,5738,35385,94,184923
20960,0.000247,172.31.47.0-255,66,35451,94,184923
20961,0.00028,172.31.47.0-255,66,35517,94,184923
20962,0.000282,172.217.194.0-255,377,35894,94,184923
20963,0.000284,172.31.47.0-255,66,35960,94,184923
20964,0.000328,172.217.194.0-255,1484,37444,94,184923
20965,0.000331,172.31.47.0-255,66,37510,94,184923
20966,0.000345,172.217.194.0-255,2902,40412,94,184923
20967,0.000349,172.217.194.0-255,4320,44732,94,184923
20968,0.00035,172.31.47.0-255,66,44798,94,184923
20969,0.000353,172.31.47.0-255,66,44864,94,184923
20970,0.000383,172.217.194.0-255,1484,46348,94,184923
20971,0.000387,172.31.47.0-255,66,46414,94,184923
20972,0.000394,172.217.194.0-255,7098,53512,94,184923
20973,0.000405,172.31.47.0-255,66,53578,94,184923
20974,0.000421,172.217.194.0-255,5738,59316,94,184923
20975,0.000427,172.31.47.0-255,66,59382,94,184923
20976,0.000438,172.217.194.0-255,1484,60866,94,184923
20977,0.000463,172.31.47.0-255,66,60932,94,184923
20978,0.000471,172.217.194.0-255,1125,62057,94,184923
20979,0.000573,172.217.194.0-255,1484,63541,94,184923
20980,0.000579,172.217.194.0-255,2902,66443,94,184923
20981,0.000594,172.31.47.0-255,66,66509,94,184923
20982,0.000606,172.217.194.0-255,5738,72247,94,184923
20983,0.000612,172.217.194.0-255,5738,77985,94,184923
20984,0.000611,172.31.47.0-255,66,78051,94,184923
20985,0.000614,172.217.194.0-255,1484,79535,94,184923
20986,0.000617,172.31.47.0-255,66,79601,94,184923
20987,0.000664,172.217.194.0-255,5020,84621,94,184923
20988,0.000666,172.31.47.0-255,66,84687,94,184923
20989,0.00067,172.31.47.0-255,66,84753,94,184923
20990,0.000698,172.217.194.0-255,5738,90491,94,184923
20991,0.000703,172.217.194.0-255,4320,94811,94,184923
20992,0.000705,172.31.47.0-255,66,94877,94,184923
20993,0.000709,172.31.47.0-255,66,94943,94,184923
20994,0.000724,172.217.194.0-255,1484,96427,94,184923
20995,0.000753,172.217.194.0-255,1484,97911,94,184923
20996,0.000761,172.31.47.0-255,66,97977,94,184923
20997,0.000795,172.31.47.0-255,66,98043,94,184923
20998,0.001589,172.217.194.0-255,1484,99527,94,184923
20999,0.001595,172.217.194.0-255,2902,102429,94,184923
21000,0.001599,172.31.47.0-255,66,102495,94,184923
21001,0.001605,172.217.194.0-255,5738,108233,94,184923
21002,0.001608,172.217.194.0-255,1484,109717,94,184923
21003,0.001613,172.31.47.0-255,66,109783,94,184923
21004,0.001635,172.31.47.0-255,66,109849,94,184923
21005,0.001691,172.31.47.0-255,66,109915,94,184923
21006,0.001742,172.217.194.0-255,1484,111399,94,184923
21007,0.001755,172.217.194.0-255,2902,114301,94,184923
21008,0.001778,172.217.194.0-255,5738,120039,94,184923
21009,0.001791,172.217.194.0-255,4320,124359,94,184923
21010,0.001848,172.217.194.0-255,4320,128679,94,184923
21011,0.001872,172.217.194.0-255,6438,135117,94,184923
21012,0.001888,172.217.194.0-255,5738,140855,94,184923
21013,0.00191,172.217.194.0-255,5738,146593,94,184923
21014,0.002013,172.217.194.0-255,5020,151613,94,184923
21015,0.00203,172.217.194.0-255,6438,158051,94,184923
21016,0.002034,172.217.194.0-255,2902,160953,94,184923
21017,0.002053,172.217.194.0-255,4320,165273,94,184923
21018,0.002113,172.217.194.0-255,766,166039,94,184923
21019,0.002157,172.217.194.0-255,1484,167523,94,184923
21020,0.002161,172.31.47.0-255,66,167589,94,184923
21021,0.002196,172.31.47.0-255,66,167655,94,184923
21022,0.002208,172.31.47.0-255,66,167721,94,184923
21023,0.002221,172.217.194.0-255,5020,172741,94,184923
21024,0.002225,172.217.194.0-255,2902,175643,94,184923
21025,0.002226,172.31.47.0-255,66,175709,94,184923
21026,0.00223,172.31.47.0-255,66,175775,94,184923
21027,0.002261,172.31.47.0-255,66,175841,94,184923
21028,0.002294,172.217.194.0-255,4320,180161,94,184923
21029,0.002299,172.31.47.0-255,66,180227,94,184923
21030,0.002337,172.217.194.0-255,105,180332,94,184923
21031,0.002337,172.31.47.0-255,66,180398,94,184923
21032,0.00368,172.31.47.0-255,66,180464,94,184923
21033,0.003703,172.31.47.0-255,105,180569,94,184923
21034,0.006209,172.217.194.0-255,66,180635,94,184923
21035,0.016098,172.31.47.0-255,172,180807,94,184923
21036,0.016127,172.31.47.0-255,1116,181923,94,184923
21037,0.016196,172.31.47.0-255,1514,183437,94,184923
21038,0.016198,172.31.47.0-255,1288,184725,94,184923
21039,0.017671,104.244.42.0-255,66,184791,94,184923
21040,0.0177,104.244.42.0-255,66,184857,94,184923
21041,0.017763,104.244.42.0-255,66,184923,94,184923
21042,0.0,172.31.47.0-255,66,66,94,66
21043,0.0,172.217.194.0-255,153,153,94,305938
21044,1.8e-05,172.31.47.0-255,66,219,94,305938
21045,2.3e-05,172.217.194.0-255,1484,1703,94,305938
21046,2.7e-05,172.31.47.0-255,66,1769,94,305938
21047,3.1e-05,172.217.194.0-255,2902,4671,94,305938
21048,3.3e-05,172.31.47.0-255,66,4737,94,305938
21049,3.8e-05,172.217.194.0-255,4320,9057,94,305938
21050,4e-05,172.31.47.0-255,66,9123,94,305938
21051,6.8e-05,172.217.194.0-255,2902,12025,94,305938
21052,7.1e-05,172.31.47.0-255,66,12091,94,305938
21053,7.6e-05,172.217.194.0-255,4981,17072,94,305938
21054,7.8e-05,172.31.47.0-255,66,17138,94,305938
21055,8.3e-05,172.217.194.0-255,5738,22876,94,305938
21056,8.5e-05,172.31.47.0-255,66,22942,94,305938
21057,0.000129,172.31.47.0-255,66,23008,94,305938
21058,0.000132,172.217.194.0-255,1484,24492,94,305938
21059,0.000133,172.31.47.0-255,66,24558,94,305938
21060,0.000146,172.217.194.0-255,4320,28878,94,305938
21061,0.000148,172.31.47.0-255,66,28944,94,305938
21062,0.00017,172.217.194.0-255,2902,31846,94,305938
21063,0.000171,172.31.47.0-255,66,31912,94,305938
21064,0.000179,172.31.47.0-255,66,31978,94,305938
21065,0.001071,172.217.194.0-255,1484,33462,94,305938
21066,0.001076,172.31.47.0-255,66,33528,94,305938
21067,0.001081,172.217.194.0-255,2902,36430,94,305938
21068,0.001083,172.31.47.0-255,66,36496,94,305938
21069,0.001087,172.217.194.0-255,2902,39398,94,305938
21070,0.001088,172.31.47.0-255,66,39464,94,305938
21071,0.001101,172.217.194.0-255,2902,42366,94,305938
21072,0.001103,172.31.47.0-255,66,42432,94,305938
21073,0.001116,172.217.194.0-255,1484,43916,94,305938
21074,0.001138,172.217.194.0-255,5379,49295,94,305938
21075,0.001141,172.31.47.0-255,66,49361,94,305938
21076,0.001145,172.217.194.0-255,4320,53681,94,305938
21077,0.001147,172.31.47.0-255,66,53747,94,305938
21078,0.001165,172.217.194.0-255,2902,56649,94,305938
21079,0.001167,172.31.47.0-255,66,56715,94,305938
21080,0.001171,172.217.194.0-255,2902,59617,94,305938
21081,0.001172,172.31.47.0-255,66,59683,94,305938
21082,0.001194,172.217.194.0-255,6797,66480,94,305938
21083,0.001196,172.31.47.0-255,66,66546,94,305938
21084,0.001234,172.31.47.0-255,66,66612,94,305938
21085,0.001259,172.31.47.0-255,66,66678,94,305938
21086,0.001279,172.217.194.0-255,5738,72416,94,305938
21087,0.00128,172.31.47.0-255,66,72482,94,305938
21088,0.001299,172.31.47.0-255,66,72548,94,305938
21089,0.001393,172.217.194.0-255,1484,74032,94,305938
21090,0.001408,172.217.194.0-255,2902,76934,94,305938
21091,0.00141,172.31.47.0-255,66,77000,94,305938
21092,0.001445,172.217.194.0-255,5738,82738,94,305938
21093,0.001448,172.31.47.0-255,66,82804,94,305938
21094,0.00145,172.217.194.0-255,1484,84288,94,305938
21095,0.001454,172.217.194.0-255,2902,87190,94,305938
21096,0.001455,172.31.47.0-255,66,87256,94,305938
21097,0.001488,172.31.47.0-255,66,87322,94,305938
21098,0.001497,172.31.47.0-255,66,87388,94,305938
21099,0.002237,172.217.194.0-255,1484,88872,94,305938
21100,0.002253,172.217.194.0-255,1484,90356,94,305938
21101,0.002255,172.31.47.0-255,66,90422,94,305938
21102,0.002277,172.217.194.0-255,1484,91906,94,305938
21103,0.002282,172.217.194.0-255,5738,97644,94,305938
21104,0.002284,172.31.47.0-255,66,97710,94,305938
21105,0.002294,172.31.47.0-255,66,97776,94,305938
21106,0.002297,172.217.194.0-255,2902,100678,94,305938
21107,0.0023,172.31.47.0-255,66,100744,94,305938
21108,0.00232,172.31.47.0-255,66,100810,94,305938
21109,0.002448,172.217.194.0-255,1484,102294,94,305938
21110,0.002452,172.217.194.0-255,1484,103778,94,305938
21111,0.002454,172.31.47.0-255,66,103844,94,305938
21112,0.00247,172.217.194.0-255,1484,105328,94,305938
21113,0.002475,172.217.194.0-255,5738,111066,94,305938
21114,0.002477,172.31.47.0-255,66,111132,94,305938
21115,0.00249,172.217.194.0-255,2902,114034,94,305938
21116,0.002492,172.31.47.0-255,66,114100,94,305938
21117,0.002507,172.217.194.0-255,4320,118420,94,305938
21118,0.002509,172.31.47.0-255,66,118486,94,305938
21119,0.002546,172.31.47.0-255,66,118552,94,305938
21120,0.002549,172.217.194.0-255,2184,120736,94,305938
21121,0.002551,172.31.47.0-255,66,120802,94,305938
21122,0.00262,172.217.194.0-255,1484,122286,94,305938
21123,0.002623,172.217.194.0-255,1484,123770,94,305938
21124,0.002625,172.31.47.0-255,66,123836,94,305938
21125,0.002639,172.217.194.0-255,1484,125320,94,305938
21126,0.002642,172.217.194.0-255,1484,126804,94,305938
21127,0.002644,172.31.47.0-255,66,126870,94,305938
21128,0.002668,172.217.194.0-255,4320,131190,94,305938
21129,0.00267,172.31.47.0-255,66,131256,94,305938
21130,0.002674,172.217.194.0-255,2902,134158,94,305938
21131,0.002675,172.31.47.0-255,66,134224,94,305938
21132,0.005295,172.217.194.0-255,5738,139962,94,305938
21133,0.005306,172.31.47.0-255,66,140028,94,305938
21134,0.007897,172.217.194.0-255,5738,145766,94,305938
21135,0.007904,172.31.47.0-255,66,145832,94,305938
21136,0.010519,172.217.194.0-255,5738,151570,94,305938
21137,0.010527,172.31.47.0-255,66,151636,94,305938
21138,0.013149,172.217.194.0-255,5738,157374,94,305938
21139,0.013164,172.31.47.0-255,66,157440,94,305938
21140,0.015798,172.217.194.0-255,5738,163178,94,305938
21141,0.01582,172.31.47.0-255,66,163244,94,305938
21142,0.018451,172.217.194.0-255,5738,168982,94,305938
21143,0.018465,172.31.47.0-255,66,169048,94,305938
21144,0.021093,172.217.194.0-255,5738,174786,94,305938
21145,0.021106,172.31.47.0-255,66,174852,94,305938
21146,0.023712,172.217.194.0-255,5738,180590,94,305938
21147,0.023718,172.31.47.0-255,66,180656,94,305938
21148,0.026318,172.217.194.0-255,5738,186394,94,305938
21149,0.026331,172.31.47.0-255,66,186460,94,305938
21150,0.028962,172.217.194.0-255,5738,192198,94,305938
21151,0.028982,172.31.47.0-255,66,192264,94,305938
21152,0.0316,172.217.194.0-255,5738,198002,94,305938
21153,0.031613,172.31.47.0-255,66,198068,94,305938
21154,0.032856,172.31.47.0-255,172,198240,94,305938
21155,0.032904,172.31.47.0-255,1108,199348,94,305938
21156,0.03299,172.31.47.0-255,1514,200862,94,305938
21157,0.032992,172.31.47.0-255,1296,202158,94,305938
21158,0.034239,172.217.194.0-255,5738,207896,94,305938
21159,0.034251,172.31.47.0-255,66,207962,94,305938
21160,0.034447,104.244.42.0-255,66,208028,94,305938
21161,0.034456,104.244.42.0-255,66,208094,94,305938
21162,0.034528,104.244.42.0-255,66,208160,94,305938
21163,0.036827,172.217.194.0-255,5738,213898,94,305938
21164,0.036838,172.31.47.0-255,66,213964,94,305938
21165,0.039437,172.217.194.0-255,5738,219702,94,305938
21166,0.039445,172.31.47.0-255,66,219768,94,305938
21167,0.042076,172.217.194.0-255,5738,225506,94,305938
21168,0.042087,172.31.47.0-255,66,225572,94,305938
21169,0.0447,172.217.194.0-255,5738,231310,94,305938
21170,0.044706,172.31.47.0-255,66,231376,94,305938
21171,0.047311,172.217.194.0-255,5738,237114,94,305938
21172,0.047315,172.31.47.0-255,66,237180,94,305938
21173,0.049908,172.217.194.0-255,5738,242918,94,305938
21174,0.049913,172.31.47.0-255,66,242984,94,305938
21175,0.052507,172.217.194.0-255,5738,248722,94,305938
21176,0.052516,172.31.47.0-255,66,248788,94,305938
21177,0.055107,172.217.194.0-255,4320,253108,94,305938
21178,0.055113,172.31.47.0-255,66,253174,94,305938
21179,0.055143,172.217.194.0-255,1484,254658,94,305938
21180,0.057718,172.217.194.0-255,4320,258978,94,305938
21181,0.057722,172.31.47.0-255,66,259044,94,305938
21182,0.060337,172.217.194.0-255,2902,261946,94,305938
21183,0.060341,172.31.47.0-255,66,262012,94,305938
21184,0.060369,172.217.194.0-255,2902,264914,94,305938
21185,0.060372,172.31.47.0-255,66,264980,94,305938
21186,0.062929,172.217.194.0-255,2902,267882,94,305938
21187,0.062933,172.31.47.0-255,66,267948,94,305938
21188,0.062966,172.217.194.0-255,2902,270850,94,305938
21189,0.062969,172.31.47.0-255,66,270916,94,305938
21190,0.065531,172.217.194.0-255,1484,272400,94,305938
21191,0.065576,172.217.194.0-255,4320,276720,94,305938
21192,0.065581,172.31.47.0-255,66,276786,94,305938
21193,0.068159,172.217.194.0-255,5738,282524,94,305938
21194,0.068166,172.31.47.0-255,66,282590,94,305938
21195,0.070792,172.217.194.0-255,5738,288328,94,305938
21196,0.0708,172.31.47.0-255,66,288394,94,305938
21197,0.073383,172.217.194.0-255,5738,294132,94,305938
21198,0.073388,172.31.47.0-255,66,294198,94,305938
21199,0.075987,172.217.194.0-255,5738,299936,94,305938
21200,0.075991,172.31.47.0-255,66,300002,94,305938
21201,0.078609,172.217.194.0-255,2902,302904,94,305938
21202,0.078614,172.31.47.0-255,66,302970,94,305938
21203,0.078637,172.217.194.0-255,2902,305872,94,305938
21204,0.07864,172.31.47.0-255,66,305938,94,305938
21205,0.0,74.125.24.0-255,153,153,94,303987
21206,2.4e-05,172.31.47.0-255,66,219,94,303987
21207,3.2e-05,74.125.24.0-255,1484,1703,94,303987
21208,3.6e-05,172.31.47.0-255,66,1769,94,303987
21209,4.2e-05,74.125.24.0-255,2902,4671,94,303987
21210,4.5e-05,172.31.47.0-255,66,4737,94,303987
21211,5e-05,74.125.24.0-255,2902,7639,94,303987
21212,5.3e-05,172.31.47.0-255,66,7705,94,303987
21213,6.6e-05,172.31.47.0-255,66,7771,94,303987
21214,0.000104,172.31.47.0-255,66,7837,94,303987
21215,0.000212,74.125.24.0-255,1484,9321,94,303987
21216,0.000215,172.31.47.0-255,66,9387,94,303987
21217,0.00022,74.125.24.0-255,2902,12289,94,303987
21218,0.000223,172.31.47.0-255,66,12355,94,303987
21219,0.000277,74.125.24.0-255,5738,18093,94,303987
21220,0.000281,172.31.47.0-255,66,18159,94,303987
21221,0.000295,172.31.47.0-255,66,18225,94,303987
21222,0.000307,172.31.47.0-255,66,18291,94,303987
21223,0.000385,74.125.24.0-255,114,18405,94,303987
21224,0.000388,172.31.47.0-255,66,18471,94,303987
21225,0.000406,74.125.24.0-255,329,18800,94,303987
21226,0.000408,172.31.47.0-255,66,18866,94,303987
21227,0.000616,74.125.24.0-255,1484,20350,94,303987
21228,0.000621,172.31.47.0-255,66,20416,94,303987
21229,0.000627,74.125.24.0-255,2902,23318,94,303987
21230,0.000629,172.31.47.0-255,66,23384,94,303987
21231,0.000635,74.125.24.0-255,5738,29122,94,303987
21232,0.000638,172.31.47.0-255,66,29188,94,303987
21233,0.00067,74.125.24.0-255,7156,36344,94,303987
21234,0.000674,172.31.47.0-255,66,36410,94,303987
21235,0.000696,74.125.24.0-255,5738,42148,94,303987
21236,0.000698,172.31.47.0-255,66,42214,94,303987
21237,0.00071,172.31.47.0-255,66,42280,94,303987
21238,0.001037,74.125.24.0-255,1484,43764,94,303987
21239,0.001043,74.125.24.0-255,2902,46666,94,303987
21240,0.001047,172.31.47.0-255,66,46732,94,303987
21241,0.001053,74.125.24.0-255,5738,52470,94,303987
21242,0.001055,172.31.47.0-255,66,52536,94,303987
21243,0.001094,172.31.47.0-255,66,52602,94,303987
21244,0.001101,74.125.24.0-255,7156,59758,94,303987
21245,0.001103,172.31.47.0-255,66,59824,94,303987
21246,0.001143,74.125.24.0-255,3602,63426,94,303987
21247,0.001149,172.31.47.0-255,66,63492,94,303987
21248,0.002107,74.125.24.0-255,1484,64976,94,303987
21249,0.002117,74.125.24.0-255,2902,67878,94,303987
21250,0.002121,172.31.47.0-255,66,67944,94,303987
21251,0.002128,74.125.24.0-255,5738,73682,94,303987
21252,0.00213,172.31.47.0-255,66,73748,94,303987
21253,0.002152,74.125.24.0-255,2902,76650,94,303987
21254,0.002155,172.31.47.0-255,66,76716,94,303987
21255,0.002168,74.125.24.0-255,5738,82454,94,303987
21256,0.00217,172.31.47.0-255,66,82520,94,303987
21257,0.00218,172.31.47.0-255,66,82586,94,303987
21258,0.002207,74.125.24.0-255,5020,87606,94,303987
21259,0.002209,172.31.47.0-255,66,87672,94,303987
21260,0.002252,74.125.24.0-255,1484,89156,94,303987
21261,0.002275,74.125.24.0-255,2902,92058,94,303987
21262,0.002278,172.31.47.0-255,66,92124,94,303987
21263,0.002297,74.125.24.0-255,5738,97862,94,303987
21264,0.002299,172.31.47.0-255,66,97928,94,303987
21265,0.002302,74.125.24.0-255,1484,99412,94,303987
21266,0.002318,74.125.24.0-255,5738,105150,94,303987
21267,0.00232,172.31.47.0-255,66,105216,94,303987
21268,0.002344,74.125.24.0-255,5738,110954,94,303987
21269,0.002347,172.31.47.0-255,66,111020,94,303987
21270,0.002373,172.31.47.0-255,66,111086,94,303987
21271,0.002377,74.125.24.0-255,2184,113270,94,303987
21272,0.002378,172.31.47.0-255,66,113336,94,303987
21273,0.004716,74.125.24.0-255,5738,119074,94,303987
21274,0.004722,172.31.47.0-255,66,119140,94,303987
21275,0.007054,74.125.24.0-255,5738,124878,94,303987
21276,0.00706,172.31.47.0-255,66,124944,94,303987
21277,0.009426,74.125.24.0-255,5738,130682,94,303987
21278,0.009432,172.31.47.0-255,66,130748,94,303987
21279,0.011787,74.125.24.0-255,2902,133650,94,303987
21280,0.011795,172.31.47.0-255,66,133716,94,303987
21281,0.011815,74.125.24.0-255,2902,136618,94,303987
21282,0.011817,172.31.47.0-255,66,136684,94,303987
21283,0.014126,74.125.24.0-255,2902,139586,94,303987
21284,0.014132,172.31.47.0-255,66,139652,94,303987
21285,0.014158,74.125.24.0-255,2902,142554,94,303987
21286,0.01416,172.31.47.0-255,66,142620,94,303987
21287,0.016461,74.125.24.0-255,2902,145522,94,303987
21288,0.01647,172.31.47.0-255,66,145588,94,303987
21289,0.016491,74.125.24.0-255,2902,148490,94,303987
21290,0.016493,172.31.47.0-255,66,148556,94,303987
21291,0.018809,74.125.24.0-255,2902,151458,94,303987
21292,0.018819,172.31.47.0-255,66,151524,94,303987
21293,0.018841,74.125.24.0-255,2902,154426,94,303987
21294,0.018844,172.31.47.0-255,66,154492,94,303987
21295,0.021166,74.125.24.0-255,5738,160230,94,303987
21296,0.021173,172.31.47.0-255,66,160296,94,303987
21297,0.023517,74.125.24.0-255,5738,166034,94,303987
21298,0.023526,172.31.47.0-255,66,166100,94,303987
21299,0.025922,74.125.24.0-255,5738,171838,94,303987
21300,0.025933,172.31.47.0-255,66,171904,94,303987
21301,0.028281,74.125.24.0-255,5738,177642,94,303987
21302,0.028297,172.31.47.0-255,66,177708,94,303987
21303,0.030649,74.125.24.0-255,5738,183446,94,303987
21304,0.030664,172.31.47.0-255,66,183512,94,303987
21305,0.033034,74.125.24.0-255,5738,189250,94,303987
21306,0.033049,172.31.47.0-255,66,189316,94,303987
21307,0.035417,74.125.24.0-255,5738,195054,94,303987
21308,0.035434,172.31.47.0-255,66,195120,94,303987
21309,0.037791,74.125.24.0-255,5738,200858,94,303987
21310,0.037798,172.31.47.0-255,66,200924,94,303987
21311,0.038275,172.31.47.0-255,172,201096,94,303987
21312,0.038307,172.31.47.0-255,1111,202207,94,303987
21313,0.038371,172.31.47.0-255,1514,203721,94,303987
21314,0.038372,172.31.47.0-255,1295,205016,94,303987
21315,0.039866,104.244.42.0-255,66,205082,94,303987
21316,0.039908,104.244.42.0-255,66,205148,94,303987
21317,0.039958,104.244.42.0-255,66,205214,94,303987
21318,0.040135,74.125.24.0-255,5738,210952,94,303987
21319,0.040144,172.31.47.0-255,66,211018,94,303987
21320,0.042514,74.125.24.0-255,5738,216756,94,303987
21321,0.042528,172.31.47.0-255,66,216822,94,303987
21322,0.044904,74.125.24.0-255,5738,222560,94,303987
21323,0.044923,172.31.47.0-255,66,222626,94,303987
21324,0.047259,74.125.24.0-255,5738,228364,94,303987
21325,0.047265,172.31.47.0-255,66,228430,94,303987
21326,0.049648,74.125.24.0-255,5738,234168,94,303987
21327,0.049654,172.31.47.0-255,66,234234,94,303987
21328,0.051712,172.31.47.0-255,105,234339,94,303987
21329,0.051979,74.125.24.0-255,5738,240077,94,303987
21330,0.051983,172.31.47.0-255,66,240143,94,303987
21331,0.054341,74.125.24.0-255,5738,245881,94,303987
21332,0.054346,172.31.47.0-255,66,245947,94,303987
21333,0.056699,74.125.24.0-255,5738,251685,94,303987
21334,0.056703,172.31.47.0-255,66,251751,94,303987
21335,0.059028,74.125.24.0-255,5738,257489,94,303987
21336,0.059035,172.31.47.0-255,66,257555,94,303987
21337,0.06141,74.125.24.0-255,5738,263293,94,303987
21338,0.061417,172.31.47.0-255,66,263359,94,303987
21339,0.063762,74.125.24.0-255,5738,269097,94,303987
21340,0.063768,172.31.47.0-255,66,269163,94,303987
21341,0.066124,74.125.24.0-255,5738,274901,94,303987
21342,0.06613,172.31.47.0-255,66,274967,94,303987
21343,0.068472,74.125.24.0-255,5738,280705,94,303987
21344,0.068478,172.31.47.0-255,66,280771,94,303987
21345,0.070835,74.125.24.0-255,5738,286509,94,303987
21346,0.07084,172.31.47.0-255,66,286575,94,303987
21347,0.073181,74.125.24.0-255,5738,292313,94,303987
21348,0.073187,172.31.47.0-255,66,292379,94,303987
21349,0.07553,74.125.24.0-255,5738,298117,94,303987
21350,0.075535,172.31.47.0-255,66,298183,94,303987
21351,0.077894,74.125.24.0-255,5738,303921,94,303987
21352,0.077901,172.31.47.0-255,66,303987,94,303987
21353,0.0,74.125.68.0-255,153,153,94,364634
21354,2.9e-05,172.31.47.0-255,66,219,94,364634
21355,3.6e-05,74.125.68.0-255,1484,1703,94,364634
21356,4e-05,172.31.47.0-255,66,1769,94,364634
21357,6.2e-05,74.125.68.0-255,2902,4671,94,364634
21358,6.9e-05,172.31.47.0-255,66,4737,94,364634
21359,7.6e-05,74.125.68.0-255,5738,10475,94,364634
21360,7.9e-05,172.31.47.0-255,66,10541,94,364634
21361,0.000129,74.125.68.0-255,3519,14060,94,364634
21362,0.000132,172.31.47.0-255,66,14126,94,364634
21363,0.000291,74.125.68.0-255,1484,15610,94,364634
21364,0.000296,172.31.47.0-255,66,15676,94,364634
21365,0.000301,74.125.68.0-255,2902,18578,94,364634
21366,0.000304,172.31.47.0-255,66,18644,94,364634
21367,0.000339,74.125.68.0-255,5738,24382,94,364634
21368,0.000344,172.31.47.0-255,66,24448,94,364634
21369,0.000349,74.125.68.0-255,2902,27350,94,364634
21370,0.000351,172.31.47.0-255,66,27416,94,364634
21371,0.000356,74.125.68.0-255,3961,31377,94,364634
21372,0.000359,172.31.47.0-255,66,31443,94,364634
21373,0.000574,74.125.68.0-255,1484,32927,94,364634
21374,0.000578,172.31.47.0-255,66,32993,94,364634
21375,0.000603,74.125.68.0-255,2902,35895,94,364634
21376,0.000606,172.31.47.0-255,66,35961,94,364634
21377,0.000611,74.125.68.0-255,4320,40281,94,364634
21378,0.000613,172.31.47.0-255,66,40347,94,364634
21379,0.000644,74.125.68.0-255,4320,44667,94,364634
21380,0.000648,172.31.47.0-255,66,44733,94,364634
21381,0.000668,74.125.68.0-255,3961,48694,94,364634
21382,0.00067,172.31.47.0-255,66,48760,94,364634
21383,0.000689,74.125.68.0-255,1484,50244,94,364634
21384,0.000692,172.31.47.0-255,66,50310,94,364634
21385,0.000697,74.125.68.0-255,2902,53212,94,364634
21386,0.000699,172.31.47.0-255,66,53278,94,364634
21387,0.000733,74.125.68.0-255,5738,59016,94,364634
21388,0.000736,172.31.47.0-255,66,59082,94,364634
21389,0.000741,74.125.68.0-255,4320,63402,94,364634
21390,0.000744,172.31.47.0-255,66,63468,94,364634
21391,0.000773,74.125.68.0-255,2543,66011,94,364634
21392,0.000776,172.31.47.0-255,66,66077,94,364634
21393,0.000808,74.125.68.0-255,650,66727,94,364634
21394,0.000902,172.31.47.0-255,66,66793,94,364634
21395,0.000981,74.125.68.0-255,1484,68277,94,364634
21396,0.000998,74.125.68.0-255,2902,71179,94,364634
21397,0.001001,172.31.47.0-255,66,71245,94,364634
21398,0.001028,74.125.68.0-255,5738,76983,94,364634
21399,0.001031,172.31.47.0-255,66,77049,94,364634
21400,0.001073,172.31.47.0-255,66,77115,94,364634
21401,0.001076,74.125.68.0-255,1484,78599,94,364634
21402,0.001097,74.125.68.0-255,7156,85755,94,364634
21403,0.001099,172.31.47.0-255,66,85821,94,364634
21404,0.001103,74.125.68.0-255,2902,88723,94,364634
21405,0.001105,172.31.47.0-255,66,88789,94,364634
21406,0.001126,74.125.68.0-255,3961,92750,94,364634
21407,0.001129,172.31.47.0-255,66,92816,94,364634
21408,0.001365,74.125.68.0-255,1484,94300,94,364634
21409,0.001372,74.125.68.0-255,1484,95784,94,364634
21410,0.001375,172.31.47.0-255,66,95850,94,364634
21411,0.001403,74.125.68.0-255,1484,97334,94,364634
21412,0.001411,74.125.68.0-255,5738,103072,94,364634
21413,0.001413,172.31.47.0-255,66,103138,94,364634
21414,0.001418,74.125.68.0-255,4320,107458,94,364634
21415,0.00142,172.31.47.0-255,66,107524,94,364634
21416,0.001441,74.125.68.0-255,1484,109008,94,364634
21417,0.001445,74.125.68.0-255,4320,113328,94,364634
21418,0.001447,172.31.47.0-255,66,113394,94,364634
21419,0.001466,74.125.68.0-255,2902,116296,94,364634
21420,0.001468,172.31.47.0-255,66,116362,94,364634
21421,0.00147,74.125.68.0-255,1484,117846,94,364634
21422,0.001501,172.31.47.0-255,66,117912,94,364634
21423,0.001902,74.125.68.0-255,1484,119396,94,364634
21424,0.001916,74.125.68.0-255,2902,122298,94,364634
21425,0.001918,172.31.47.0-255,66,122364,94,364634
21426,0.001941,74.125.68.0-255,5738,128102,94,364634
21427,0.001943,172.31.47.0-255,66,128168,94,364634
21428,0.001947,74.125.68.0-255,2902,131070,94,364634
21429,0.001948,172.31.47.0-255,66,131136,94,364634
21430,0.001974,74.125.68.0-255,4320,135456,94,364634
21431,0.001976,172.31.47.0-255,66,135522,94,364634
21432,0.001995,74.125.68.0-255,2902,138424,94,364634
21433,0.001996,172.31.47.0-255,66,138490,94,364634
21434,0.002026,74.125.68.0-255,5738,144228,94,364634
21435,0.002028,172.31.47.0-255,66,144294,94,364634
21436,0.002033,74.125.68.0-255,7156,151450,94,364634
21437,0.002035,172.31.47.0-255,66,151516,94,364634
21438,0.002037,74.125.68.0-255,766,152282,94,364634
21439,0.002473,74.125.68.0-255,1484,153766,94,364634
21440,0.002476,172.31.47.0-255,66,153832,94,364634
21441,0.002487,74.125.68.0-255,2902,156734,94,364634
21442,0.00251,172.31.47.0-255,66,156800,94,364634
21443,0.002516,74.125.68.0-255,5738,162538,94,364634
21444,0.002519,172.31.47.0-255,66,162604,94,364634
21445,0.002525,74.125.68.0-255,7156,169760,94,364634
21446,0.002537,172.31.47.0-255,66,169826,94,364634
21447,0.002599,74.125.68.0-255,7156,176982,94,364634
21448,0.002605,172.31.47.0-255,66,177048,94,364634
21449,0.002628,74.125.68.0-255,7156,184204,94,364634
21450,0.002632,172.31.47.0-255,66,184270,94,364634
21451,0.002637,74.125.68.0-255,2184,186454,94,364634
21452,0.002639,172.31.47.0-255,66,186520,94,364634
21453,0.005176,74.125.68.0-255,5738,192258,94,364634
21454,0.005181,172.31.47.0-255,66,192324,94,364634
21455,0.007723,74.125.68.0-255,5738,198062,94,364634
21456,0.007729,172.31.47.0-255,66,198128,94,364634
21457,0.010284,74.125.68.0-255,5738,203866,94,364634
21458,0.01029,172.31.47.0-255,66,203932,94,364634
21459,0.012852,74.125.68.0-255,5738,209670,94,364634
21460,0.012864,172.31.47.0-255,66,209736,94,364634
21461,0.015431,74.125.68.0-255,5738,215474,94,364634
21462,0.015438,172.31.47.0-255,66,215540,94,364634
21463,0.017981,74.125.68.0-255,5738,221278,94,364634
21464,0.017989,172.31.47.0-255,66,221344,94,364634
21465,0.020543,74.125.68.0-255,5738,227082,94,364634
21466,0.020551,172.31.47.0-255,66,227148,94,364634
21467,0.023068,172.31.47.0-255,172,227320,94,364634
21468,0.023103,74.125.68.0-255,5738,233058,94,364634
21469,0.023108,172.31.47.0-255,66,233124,94,364634
21470,0.023117,172.31.47.0-255,1108,234232,94,364634
21471,0.023137,172.31.47.0-255,1514,235746,94,364634
21472,0.023139,172.31.47.0-255,1298,237044,94,364634
21473,0.024616,104.244.42.0-255,66,237110,94,364634
21474,0.024786,104.244.42.0-255,66,237176,94,364634
21475,0.024791,104.244.42.0-255,66,237242,94,364634
21476,0.02567,74.125.68.0-255,5738,242980,94,364634
21477,0.025683,172.31.47.0-255,66,243046,94,364634
21478,0.028251,74.125.68.0-255,5738,248784,94,364634
21479,0.028265,172.31.47.0-255,66,248850,94,364634
21480,0.030849,74.125.68.0-255,5738,254588,94,364634
21481,0.03087,172.31.47.0-255,66,254654,94,364634
21482,0.033448,74.125.68.0-255,5738,260392,94,364634
21483,0.033462,172.31.47.0-255,66,260458,94,364634
21484,0.036023,74.125.68.0-255,5738,266196,94,364634
21485,0.036037,172.31.47.0-255,66,266262,94,364634
21486,0.038608,74.125.68.0-255,5738,272000,94,364634
21487,0.038646,172.31.47.0-255,66,272066,94,364634
21488,0.041238,74.125.68.0-255,5738,277804,94,364634
21489,0.041257,172.31.47.0-255,66,277870,94,364634
21490,0.043821,74.125.68.0-255,5738,283608,94,364634
21491,0.043839,172.31.47.0-255,66,283674,94,364634
21492,0.046415,74.125.68.0-255,5738,289412,94,364634
21493,0.046424,172.31.47.0-255,66,289478,94,364634
21494,0.048994,74.125.68.0-255,5738,295216,94,364634
21495,0.048999,172.31.47.0-255,66,295282,94,364634
21496,0.05156,74.125.68.0-255,4320,299602,94,364634
21497,0.051566,172.31.47.0-255,66,299668,94,364634
21498,0.051593,74.125.68.0-255,1484,301152,94,364634
21499,0.054113,74.125.68.0-255,4320,305472,94,364634
21500,0.054119,172.31.47.0-255,66,305538,94,364634
21501,0.056665,74.125.68.0-255,5738,311276,94,364634
21502,0.05667,172.31.47.0-255,66,311342,94,364634
21503,0.059223,74.125.68.0-255,5738,317080,94,364634
21504,0.059227,172.31.47.0-255,66,317146,94,364634
21505,0.061764,74.125.68.0-255,2902,320048,94,364634
21506,0.061768,172.31.47.0-255,66,320114,94,364634
21507,0.061795,74.125.68.0-255,2902,323016,94,364634
21508,0.061798,172.31.47.0-255,66,323082,94,364634
21509,0.064322,74.125.68.0-255,2902,325984,94,364634
21510,0.064327,172.31.47.0-255,66,326050,94,364634
21511,0.064362,74.125.68.0-255,2902,328952,94,364634
21512,0.064366,172.31.47.0-255,66,329018,94,364634
21513,0.066873,74.125.68.0-255,2902,331920,94,364634
21514,0.066877,172.31.47.0-255,66,331986,94,364634
21515,0.066906,74.125.68.0-255,2902,334888,94,364634
21516,0.066909,172.31.47.0-255,66,334954,94,364634
21517,0.069421,74.125.68.0-255,2902,337856,94,364634
21518,0.069426,172.31.47.0-255,66,337922,94,364634
21519,0.069452,74.125.68.0-255,2902,340824,94,364634
21520,0.069455,172.31.47.0-255,66,340890,94,364634
21521,0.071959,74.125.68.0-255,2902,343792,94,364634
21522,0.071964,172.31.47.0-255,66,343858,94,364634
21523,0.071998,74.125.68.0-255,2902,346760,94,364634
21524,0.072001,172.31.47.0-255,66,346826,94,364634
21525,0.074519,74.125.68.0-255,2902,349728,94,364634
21526,0.074525,172.31.47.0-255,66,349794,94,364634
21527,0.074557,74.125.68.0-255,2902,352696,94,364634
21528,0.07456,172.31.47.0-255,66,352762,94,364634
21529,0.07707,74.125.68.0-255,2902,355664,94,364634
21530,0.077075,172.31.47.0-255,66,355730,94,364634
21531,0.077094,74.125.68.0-255,2902,358632,94,364634
21532,0.077097,172.31.47.0-255,66,358698,94,364634
21533,0.079621,74.125.68.0-255,2902,361600,94,364634
21534,0.079626,172.31.47.0-255,66,361666,94,364634
21535,0.079654,74.125.68.0-255,2902,364568,94,364634
21536,0.079656,172.31.47.0-255,66,364634,94,364634
21537,0.0,74.125.24.0-255,226,226,94,229326
21538,3.3e-05,172.31.47.0-255,66,292,94,229326
21539,4e-05,74.125.24.0-255,1484,1776,94,229326
21540,4.4e-05,172.31.47.0-255,66,1842,94,229326
21541,4.8e-05,74.125.24.0-255,2902,4744,94,229326
21542,5e-05,172.31.47.0-255,66,4810,94,229326
21543,0.000181,74.125.24.0-255,2902,7712,94,229326
21544,0.000185,172.31.47.0-255,66,7778,94,229326
21545,0.000204,74.125.24.0-255,2902,10680,94,229326
21546,0.000207,172.31.47.0-255,66,10746,94,229326
21547,0.00045,74.125.24.0-255,3511,14257,94,229326
21548,0.000455,172.31.47.0-255,66,14323,94,229326
21549,0.000605,74.125.24.0-255,5738,20061,94,229326
21550,0.00061,172.31.47.0-255,66,20127,94,229326
21551,0.000639,172.31.47.0-255,66,20193,94,229326
21552,0.001252,74.125.24.0-255,2691,22884,94,229326
21553,0.001258,172.31.47.0-255,66,22950,94,229326
21554,0.002917,74.125.24.0-255,2902,25852,94,229326
21555,0.002923,172.31.47.0-255,66,25918,94,229326
21556,0.003547,74.125.24.0-255,2902,28820,94,229326
21557,0.003554,172.31.47.0-255,66,28886,94,229326
21558,0.005208,74.125.24.0-255,2902,31788,94,229326
21559,0.005214,172.31.47.0-255,66,31854,94,229326
21560,0.005833,74.125.24.0-255,2902,34756,94,229326
21561,0.005838,172.31.47.0-255,66,34822,94,229326
21562,0.007517,74.125.24.0-255,2902,37724,94,229326
21563,0.007523,172.31.47.0-255,66,37790,94,229326
21564,0.008113,74.125.24.0-255,2902,40692,94,229326
21565,0.008118,172.31.47.0-255,66,40758,94,229326
21566,0.00981,74.125.24.0-255,2902,43660,94,229326
21567,0.009818,172.31.47.0-255,66,43726,94,229326
21568,0.010425,74.125.24.0-255,2902,46628,94,229326
21569,0.010433,172.31.47.0-255,66,46694,94,229326
21570,0.012118,74.125.24.0-255,2902,49596,94,229326
21571,0.012124,172.31.47.0-255,66,49662,94,229326
21572,0.012731,74.125.24.0-255,2902,52564,94,229326
21573,0.012736,172.31.47.0-255,66,52630,94,229326
21574,0.014429,74.125.24.0-255,2902,55532,94,229326
21575,0.014437,172.31.47.0-255,66,55598,94,229326
21576,0.015033,74.125.24.0-255,2902,58500,94,229326
21577,0.015039,172.31.47.0-255,66,58566,94,229326
21578,0.016541,172.31.47.0-255,172,58738,94,229326
21579,0.016571,172.31.47.0-255,1117,59855,94,229326
21580,0.016606,172.31.47.0-255,1514,61369,94,229326
21581,0.016608,172.31.47.0-255,1287,62656,94,229326
21582,0.016721,74.125.24.0-255,2902,65558,94,229326
21583,0.016727,172.31.47.0-255,66,65624,94,229326
21584,0.017318,74.125.24.0-255,2902,68526,94,229326
21585,0.017324,172.31.47.0-255,66,68592,94,229326
21586,0.018088,104.244.42.0-255,66,68658,94,229326
21587,0.018097,104.244.42.0-255,66,68724,94,229326
21588,0.018152,104.244.42.0-255,66,68790,94,229326
21589,0.018997,74.125.24.0-255,2902,71692,94,229326
21590,0.019002,172.31.47.0-255,66,71758,94,229326
21591,0.019599,74.125.24.0-255,2902,74660,94,229326
21592,0.019604,172.31.47.0-255,66,74726,94,229326
21593,0.021284,74.125.24.0-255,2902,77628,94,229326
21594,0.02129,172.31.47.0-255,66,77694,94,229326
21595,0.021868,74.125.24.0-255,1484,79178,94,229326
21596,0.021872,172.31.47.0-255,66,79244,94,229326
21597,0.0219,74.125.24.0-255,1484,80728,94,229326
21598,0.021903,172.31.47.0-255,66,80794,94,229326
21599,0.023598,74.125.24.0-255,2902,83696,94,229326
21600,0.023604,172.31.47.0-255,66,83762,94,229326
21601,0.024206,74.125.24.0-255,2902,86664,94,229326
21602,0.024213,172.31.47.0-255,66,86730,94,229326
21603,0.025901,74.125.24.0-255,2902,89632,94,229326
21604,0.025907,172.31.47.0-255,66,89698,94,229326
21605,0.026481,74.125.24.0-255,2902,92600,94,229326
21606,0.026485,172.31.47.0-255,66,92666,94,229326
21607,0.028206,74.125.24.0-255,2902,95568,94,229326
21608,0.02821,172.31.47.0-255,66,95634,94,229326
21609,0.028786,74.125.24.0-255,2902,98536,94,229326
21610,0.028791,172.31.47.0-255,66,98602,94,229326
21611,0.030513,74.125.24.0-255,2902,101504,94,229326
21612,0.030518,172.31.47.0-255,66,101570,94,229326
21613,0.031083,74.125.24.0-255,2902,104472,94,229326
21614,0.031088,172.31.47.0-255,66,104538,94,229326
21615,0.03281,74.125.24.0-255,2902,107440,94,229326
21616,0.032815,172.31.47.0-255,66,107506,94,229326
21617,0.033387,74.125.24.0-255,2902,110408,94,229326
21618,0.033392,172.31.47.0-255,66,110474,94,229326
21619,0.035126,74.125.24.0-255,2902,113376,94,229326
21620,0.03513,172.31.47.0-255,66,113442,94,229326
21621,0.035695,74.125.24.0-255,2902,116344,94,229326
21622,0.035699,172.31.47.0-255,66,116410,94,229326
21623,0.037439,74.125.24.0-255,2902,119312,94,229326
21624,0.037458,172.31.47.0-255,66,119378,94,229326
21625,0.037976,74.125.24.0-255,2902,122280,94,229326
21626,0.03798,172.31.47.0-255,66,122346,94,229326
21627,0.039749,74.125.24.0-255,2902,125248,94,229326
21628,0.039754,172.31.47.0-255,66,125314,94,229326
21629,0.040263,74.125.24.0-255,2902,128216,94,229326
21630,0.04027,172.31.47.0-255,66,128282,94,229326
21631,0.042081,74.125.24.0-255,2902,131184,94,229326
21632,0.042086,172.31.47.0-255,66,131250,94,229326
21633,0.042559,74.125.24.0-255,2902,134152,94,229326
21634,0.042563,172.31.47.0-255,66,134218,94,229326
21635,0.044382,74.125.24.0-255,2902,137120,94,229326
21636,0.044386,172.31.47.0-255,66,137186,94,229326
21637,0.044855,74.125.24.0-255,2902,140088,94,229326
21638,0.04486,172.31.47.0-255,66,140154,94,229326
21639,0.046665,74.125.24.0-255,2902,143056,94,229326
21640,0.046669,172.31.47.0-255,66,143122,94,229326
21641,0.047126,74.125.24.0-255,2902,146024,94,229326
21642,0.047131,172.31.47.0-255,66,146090,94,229326
21643,0.04895,74.125.24.0-255,2902,148992,94,229326
21644,0.048955,172.31.47.0-255,66,149058,94,229326
21645,0.049418,74.125.24.0-255,2902,151960,94,229326
21646,0.049423,172.31.47.0-255,66,152026,94,229326
21647,0.051264,74.125.24.0-255,2902,154928,94,229326
21648,0.051269,172.31.47.0-255,66,154994,94,229326
21649,0.051719,74.125.24.0-255,2902,157896,94,229326
21650,0.051725,172.31.47.0-255,66,157962,94,229326
21651,0.053543,74.125.24.0-255,2902,160864,94,229326
21652,0.053547,172.31.47.0-255,66,160930,94,229326
21653,0.054038,74.125.24.0-255,2902,163832,94,229326
21654,0.054043,172.31.47.0-255,66,163898,94,229326
21655,0.055846,74.125.24.0-255,2902,166800,94,229326
21656,0.055851,172.31.47.0-255,66,166866,94,229326
21657,0.056336,74.125.24.0-255,2902,169768,94,229326
21658,0.056341,172.31.47.0-255,66,169834,94,229326
21659,0.058141,74.125.24.0-255,2902,172736,94,229326
21660,0.058145,172.31.47.0-255,66,172802,94,229326
21661,0.058633,74.125.24.0-255,2902,175704,94,229326
21662,0.058637,172.31.47.0-255,66,175770,94,229326
21663,0.060417,74.125.24.0-255,2902,178672,94,229326
21664,0.060422,172.31.47.0-255,66,178738,94,229326
21665,0.06095,74.125.24.0-255,2902,181640,94,229326
21666,0.060955,172.31.47.0-255,66,181706,94,229326
21667,0.06269,74.125.24.0-255,2902,184608,94,229326
21668,0.062694,172.31.47.0-255,66,184674,94,229326
21669,0.063233,74.125.24.0-255,2902,187576,94,229326
21670,0.063238,172.31.47.0-255,66,187642,94,229326
21671,0.064987,74.125.24.0-255,2902,190544,94,229326
21672,0.064992,172.31.47.0-255,66,190610,94,229326
21673,0.065527,74.125.24.0-255,2902,193512,94,229326
21674,0.065531,172.31.47.0-255,66,193578,94,229326
21675,0.06729,74.125.24.0-255,2902,196480,94,229326
21676,0.067294,172.31.47.0-255,66,196546,94,229326
21677,0.067837,74.125.24.0-255,2902,199448,94,229326
21678,0.067842,172.31.47.0-255,66,199514,94,229326
21679,0.069584,74.125.24.0-255,2902,202416,94,229326
21680,0.069588,172.31.47.0-255,66,202482,94,229326
21681,0.070137,74.125.24.0-255,2902,205384,94,229326
21682,0.070143,172.31.47.0-255,66,205450,94,229326
21683,0.071873,74.125.24.0-255,2902,208352,94,229326
21684,0.071878,172.31.47.0-255,66,208418,94,229326
21685,0.072421,74.125.24.0-255,1484,209902,94,229326
21686,0.072425,172.31.47.0-255,66,209968,94,229326
21687,0.072455,74.125.24.0-255,1484,211452,94,229326
21688,0.072458,172.31.47.0-255,66,211518,94,229326
21689,0.074171,74.125.24.0-255,2902,214420,94,229326
21690,0.074177,172.31.47.0-255,66,214486,94,229326
21691,0.074739,74.125.24.0-255,2902,217388,94,229326
21692,0.074745,172.31.47.0-255,66,217454,94,229326
21693,0.076482,74.125.24.0-255,2902,220356,94,229326
21694,0.076487,172.31.47.0-255,66,220422,94,229326
21695,0.077042,74.125.24.0-255,2902,223324,94,229326
21696,0.077047,172.31.47.0-255,66,223390,94,229326
21697,0.078825,74.125.24.0-255,2902,226292,94,229326
21698,0.078829,172.31.47.0-255,66,226358,94,229326
21699,0.079341,74.125.24.0-255,2902,229260,94,229326
21700,0.079345,172.31.47.0-255,66,229326,94,229326
21701,0.0,172.217.194.0-255,153,153,94,263650
21702,2.2e-05,172.31.47.0-255,66,219,94,263650
21703,2.8e-05,172.217.194.0-255,1484,1703,94,263650
21704,3.2e-05,172.31.47.0-255,66,1769,94,263650
21705,3.7e-05,172.217.194.0-255,2902,4671,94,263650
21706,4e-05,172.31.47.0-255,66,4737,94,263650
21707,4.6e-05,172.217.194.0-255,7156,11893,94,263650
21708,4.8e-05,172.31.47.0-255,66,11959,94,263650
21709,7.6e-05,172.217.194.0-255,2163,14122,94,263650
21710,7.8e-05,172.31.47.0-255,66,14188,94,263650
21711,9.3e-05,172.217.194.0-255,2902,17090,94,263650
21712,9.6e-05,172.31.47.0-255,66,17156,94,263650
21713,0.000125,172.217.194.0-255,7156,24312,94,263650
21714,0.000127,172.31.47.0-255,66,24378,94,263650
21715,0.000134,172.217.194.0-255,6797,31175,94,263650
21716,0.000137,172.31.47.0-255,66,31241,94,263650
21717,0.000178,172.217.194.0-255,1484,32725,94,263650
21718,0.00018,172.31.47.0-255,66,32791,94,263650
21719,0.000183,172.217.194.0-255,1484,34275,94,263650
21720,0.000185,172.31.47.0-255,66,34341,94,263650
21721,0.000199,172.217.194.0-255,1484,35825,94,263650
21722,0.000201,172.31.47.0-255,66,35891,94,263650
21723,0.000207,172.217.194.0-255,5738,41629,94,263650
21724,0.000209,172.31.47.0-255,66,41695,94,263650
21725,0.000238,172.217.194.0-255,6797,48492,94,263650
21726,0.000241,172.31.47.0-255,66,48558,94,263650
21727,0.0007,172.217.194.0-255,1484,50042,94,263650
21728,0.000705,172.31.47.0-255,66,50108,94,263650
21729,0.000713,172.217.194.0-255,2902,53010,94,263650
21730,0.000715,172.31.47.0-255,66,53076,94,263650
21731,0.000721,172.217.194.0-255,5738,58814,94,263650
21732,0.000723,172.31.47.0-255,66,58880,94,263650
21733,0.000728,172.217.194.0-255,4320,63200,94,263650
21734,0.000747,172.217.194.0-255,1484,64684,94,263650
21735,0.000773,172.217.194.0-255,1417,66101,94,263650
21736,0.001092,172.217.194.0-255,385,66486,94,263650
21737,0.00112,172.217.194.0-255,1484,67970,94,263650
21738,0.001124,172.217.194.0-255,2902,70872,94,263650
21739,0.001152,172.217.194.0-255,1484,72356,94,263650
21740,0.001165,172.217.194.0-255,4320,76676,94,263650
21741,0.001185,172.217.194.0-255,1484,78160,94,263650
21742,0.001201,172.217.194.0-255,4830,82990,94,263650
21743,0.001443,172.217.194.0-255,1484,84474,94,263650
21744,0.001447,172.217.194.0-255,1484,85958,94,263650
21745,0.001456,172.217.194.0-255,1484,87442,94,263650
21746,0.00146,172.217.194.0-255,2902,90344,94,263650
21747,0.001478,172.217.194.0-255,2902,93246,94,263650
21748,0.001521,172.217.194.0-255,1484,94730,94,263650
21749,0.005327,172.31.47.0-255,66,94796,94,263650
21750,0.00791,172.217.194.0-255,5738,100534,94,263650
21751,0.007916,172.31.47.0-255,66,100600,94,263650
21752,0.01051,172.217.194.0-255,5738,106338,94,263650
21753,0.010522,172.31.47.0-255,66,106404,94,263650
21754,0.013061,172.217.194.0-255,5738,112142,94,263650
21755,0.01307,172.31.47.0-255,66,112208,94,263650
21756,0.015634,172.217.194.0-255,5738,117946,94,263650
21757,0.015641,172.31.47.0-255,66,118012,94,263650
21758,0.018224,172.217.194.0-255,5738,123750,94,263650
21759,0.018228,172.31.47.0-255,66,123816,94,263650
21760,0.020781,172.217.194.0-255,5738,129554,94,263650
21761,0.020788,172.31.47.0-255,66,129620,94,263650
21762,0.022475,172.31.47.0-255,172,129792,94,263650
21763,0.022504,172.31.47.0-255,1116,130908,94,263650
21764,0.022541,172.31.47.0-255,1514,132422,94,263650
21765,0.022543,172.31.47.0-255,1288,133710,94,263650
21766,0.023321,172.217.194.0-255,5738,139448,94,263650
21767,0.023326,172.31.47.0-255,66,139514,94,263650
21768,0.023979,104.244.42.0-255,66,139580,94,263650
21769,0.024053,104.244.42.0-255,66,139646,94,263650
21770,0.024056,104.244.42.0-255,66,139712,94,263650
21771,0.024707,104.244.42.0-255,108,139820,94,263650
21772,0.024712,172.31.47.0-255,66,139886,94,263650
21773,0.025898,172.217.194.0-255,5738,145624,94,263650
21774,0.025903,172.31.47.0-255,66,145690,94,263650
21775,0.028457,172.217.194.0-255,5738,151428,94,263650
21776,0.028463,172.31.47.0-255,66,151494,94,263650
21777,0.031042,172.217.194.0-255,5738,157232,94,263650
21778,0.031048,172.31.47.0-255,66,157298,94,263650
21779,0.033583,172.217.194.0-255,5738,163036,94,263650
21780,0.033588,172.31.47.0-255,66,163102,94,263650
21781,0.036126,172.217.194.0-255,5738,168840,94,263650
21782,0.03613,172.31.47.0-255,66,168906,94,263650
21783,0.038661,172.217.194.0-255,5738,174644,94,263650
21784,0.038666,172.31.47.0-255,66,174710,94,263650
21785,0.041231,172.217.194.0-255,5738,180448,94,263650
21786,0.041245,172.31.47.0-255,66,180514,94,263650
21787,0.043804,172.217.194.0-255,5738,186252,94,263650
21788,0.043809,172.31.47.0-255,66,186318,94,263650
21789,0.046337,172.217.194.0-255,5738,192056,94,263650
21790,0.046341,172.31.47.0-255,66,192122,94,263650
21791,0.048912,172.217.194.0-255,5738,197860,94,263650
21792,0.048916,172.31.47.0-255,66,197926,94,263650
21793,0.051452,172.217.194.0-255,5738,203664,94,263650
21794,0.051457,172.31.47.0-255,66,203730,94,263650
21795,0.054026,172.217.194.0-255,5738,209468,94,263650
21796,0.054031,172.31.47.0-255,66,209534,94,263650
21797,0.056579,172.217.194.0-255,5738,215272,94,263650
21798,0.056584,172.31.47.0-255,66,215338,94,263650
21799,0.059133,172.217.194.0-255,4320,219658,94,263650
21800,0.059137,172.31.47.0-255,66,219724,94,263650
21801,0.059175,172.217.194.0-255,1484,221208,94,263650
21802,0.061711,172.217.194.0-255,4320,225528,94,263650
21803,0.061716,172.31.47.0-255,66,225594,94,263650
21804,0.064282,172.217.194.0-255,5738,231332,94,263650
21805,0.064405,172.31.47.0-255,66,231398,94,263650
21806,0.066968,172.217.194.0-255,4320,235718,94,263650
21807,0.066972,172.31.47.0-255,66,235784,94,263650
21808,0.066996,172.217.194.0-255,1484,237268,94,263650
21809,0.06954,172.217.194.0-255,4320,241588,94,263650
21810,0.069544,172.31.47.0-255,66,241654,94,263650
21811,0.072097,172.217.194.0-255,5738,247392,94,263650
21812,0.072141,172.31.47.0-255,66,247458,94,263650
21813,0.074687,172.217.194.0-255,4320,251778,94,263650
21814,0.074692,172.31.47.0-255,66,251844,94,263650
21815,0.074715,172.217.194.0-255,1484,253328,94,263650
21816,0.077254,172.217.194.0-255,4320,257648,94,263650
21817,0.077259,172.31.47.0-255,66,257714,94,263650
21818,0.079813,172.217.194.0-255,2902,260616,94,263650
21819,0.079818,172.31.47.0-255,66,260682,94,263650
21820,0.079845,172.217.194.0-255,2902,263584,94,263650
21821,0.079867,172.31.47.0-255,66,263650,94,263650
21822,0.0,74.125.24.0-255,153,153,94,320558
21823,3.1e-05,172.31.47.0-255,66,219,94,320558
21824,3.7e-05,74.125.24.0-255,1484,1703,94,320558
21825,4.1e-05,172.31.47.0-255,66,1769,94,320558
21826,4.6e-05,74.125.24.0-255,2902,4671,94,320558
21827,4.9e-05,172.31.47.0-255,66,4737,94,320558
21828,8.6e-05,74.125.24.0-255,4320,9057,94,320558
21829,8.9e-05,172.31.47.0-255,66,9123,94,320558
21830,0.000107,74.125.24.0-255,1484,10607,94,320558
21831,0.000109,172.31.47.0-255,66,10673,94,320558
21832,0.000126,74.125.24.0-255,7156,17829,94,320558
21833,0.000129,172.31.47.0-255,66,17895,94,320558
21834,0.000144,74.125.24.0-255,767,18662,94,320558
21835,0.000147,172.31.47.0-255,66,18728,94,320558
21836,0.000154,74.125.24.0-255,7156,25884,94,320558
21837,0.000156,172.31.47.0-255,66,25950,94,320558
21838,0.000182,74.125.24.0-255,5379,31329,94,320558
21839,0.000185,172.31.47.0-255,66,31395,94,320558
21840,0.000383,74.125.24.0-255,1484,32879,94,320558
21841,0.000387,172.31.47.0-255,66,32945,94,320558
21842,0.000405,74.125.24.0-255,2902,35847,94,320558
21843,0.000409,172.31.47.0-255,66,35913,94,320558
21844,0.000433,74.125.24.0-255,5738,41651,94,320558
21845,0.000437,172.31.47.0-255,66,41717,94,320558
21846,0.000467,74.125.24.0-255,5738,47455,94,320558
21847,0.00047,172.31.47.0-255,66,47521,94,320558
21848,0.000485,74.125.24.0-255,6797,54318,94,320558
21849,0.000488,172.31.47.0-255,66,54384,94,320558
21850,0.000507,74.125.24.0-255,2902,57286,94,320558
21851,0.00051,172.31.47.0-255,66,57352,94,320558
21852,0.000527,172.31.47.0-255,66,57418,94,320558
21853,0.00071,74.125.24.0-255,109,57527,94,320558
21854,0.000748,172.31.47.0-255,66,57593,94,320558
21855,0.000874,74.125.24.0-255,1484,59077,94,320558
21856,0.000881,74.125.24.0-255,2902,61979,94,320558
21857,0.000893,74.125.24.0-255,1484,63463,94,320558
21858,0.000906,74.125.24.0-255,4320,67783,94,320558
21859,0.000912,74.125.24.0-255,6797,74580,94,320558
21860,0.000937,74.125.24.0-255,2902,77482,94,320558
21861,0.000952,74.125.24.0-255,5738,83220,94,320558
21862,0.000968,74.125.24.0-255,5738,88958,94,320558
21863,0.000972,74.125.24.0-255,2543,91501,94,320558
21864,0.00153,74.125.24.0-255,1484,92985,94,320558
21865,0.001548,74.125.24.0-255,1484,94469,94,320558
21866,0.00156,74.125.24.0-255,1484,95953,94,320558
21867,0.001566,74.125.24.0-255,5738,101691,94,320558
21868,0.00158,74.125.24.0-255,1484,103175,94,320558
21869,0.001608,74.125.24.0-255,2902,106077,94,320558
21870,0.001679,74.125.24.0-255,1484,107561,94,320558
21871,0.001722,74.125.24.0-255,5738,113299,94,320558
21872,0.001822,74.125.24.0-255,1484,114783,94,320558
21873,0.001918,74.125.24.0-255,1484,116267,94,320558
21874,0.001922,74.125.24.0-255,2902,119169,94,320558
21875,0.001938,74.125.24.0-255,1484,120653,94,320558
21876,0.001953,74.125.24.0-255,4320,124973,94,320558
21877,0.001956,74.125.24.0-255,1484,126457,94,320558
21878,0.00217,74.125.24.0-255,1484,127941,94,320558
21879,0.002187,74.125.24.0-255,2902,130843,94,320558
21880,0.002197,74.125.24.0-255,2902,133745,94,320558
21881,0.002209,74.125.24.0-255,2902,136647,94,320558
21882,0.002226,74.125.24.0-255,5738,142385,94,320558
21883,0.002242,74.125.24.0-255,7156,149541,94,320558
21884,0.002246,74.125.24.0-255,4320,153861,94,320558
21885,0.002262,74.125.24.0-255,4320,158181,94,320558
21886,0.002301,74.125.24.0-255,7156,165337,94,320558
21887,0.002312,74.125.24.0-255,5738,171075,94,320558
21888,0.002346,74.125.24.0-255,1484,172559,94,320558
21889,0.002442,74.125.24.0-255,1484,174043,94,320558
21890,0.002453,74.125.24.0-255,1484,175527,94,320558
21891,0.002461,74.125.24.0-255,1484,177011,94,320558
21892,0.00247,74.125.24.0-255,2902,179913,94,320558
21893,0.002482,74.125.24.0-255,2902,182815,94,320558
21894,0.002497,74.125.24.0-255,5738,188553,94,320558
21895,0.002521,74.125.24.0-255,4320,192873,94,320558
21896,0.002541,74.125.24.0-255,7156,200029,94,320558
21897,0.002549,74.125.24.0-255,1484,201513,94,320558
21898,0.002552,74.125.24.0-255,1484,202997,94,320558
21899,0.002563,74.125.24.0-255,3602,206599,94,320558
21900,0.002591,74.125.24.0-255,4320,210919,94,320558
21901,0.00261,74.125.24.0-255,4320,215239,94,320558
21902,0.002612,74.125.24.0-255,1484,216723,94,320558
21903,0.002654,74.125.24.0-255,2902,219625,94,320558
21904,0.002666,74.125.24.0-255,5738,225363,94,320558
21905,0.003775,172.31.47.0-255,66,225429,94,320558
21906,0.00637,74.125.24.0-255,4320,229749,94,320558
21907,0.006375,172.31.47.0-255,66,229815,94,320558
21908,0.00639,74.125.24.0-255,1484,231299,94,320558
21909,0.008976,74.125.24.0-255,4320,235619,94,320558
21910,0.008983,172.31.47.0-255,66,235685,94,320558
21911,0.011555,74.125.24.0-255,5738,241423,94,320558
21912,0.01555,172.31.47.0-255,66,241489,94,320558
21913,0.018152,74.125.24.0-255,5738,247227,94,320558
21914,0.018161,172.31.47.0-255,66,247293,94,320558
21915,0.020751,74.125.24.0-255,5738,253031,94,320558
21916,0.020758,172.31.47.0-255,66,253097,94,320558
21917,0.023357,74.125.24.0-255,5738,258835,94,320558
21918,0.023366,172.31.47.0-255,66,258901,94,320558
21919,0.024365,172.31.47.0-255,172,259073,94,320558
21920,0.024393,172.31.47.0-255,1116,260189,94,320558
21921,0.024422,172.31.47.0-255,1514,261703,94,320558
21922,0.024423,172.31.47.0-255,1288,262991,94,320558
21923,0.025911,104.244.42.0-255,66,263057,94,320558
21924,0.025928,104.244.42.0-255,66,263123,94,320558
21925,0.025934,74.125.24.0-255,4320,267443,94,320558
21926,0.025938,172.31.47.0-255,66,267509,94,320558
21927,0.025961,74.125.24.0-255,1484,268993,94,320558
21928,0.025989,104.244.42.0-255,66,269059,94,320558
21929,0.028535,74.125.24.0-255,4320,273379,94,320558
21930,0.028539,172.31.47.0-255,66,273445,94,320558
21931,0.031139,74.125.24.0-255,5738,279183,94,320558
21932,0.031184,172.31.47.0-255,66,279249,94,320558
21933,0.033774,74.125.24.0-255,5738,284987,94,320558
21934,0.033779,172.31.47.0-255,66,285053,94,320558
21935,0.036359,74.125.24.0-255,5738,290791,94,320558
21936,0.036363,172.31.47.0-255,66,290857,94,320558
21937,0.038939,74.125.24.0-255,5738,296595,94,320558
21938,0.038944,172.31.47.0-255,66,296661,94,320558
21939,0.041499,74.125.24.0-255,5738,302399,94,320558
21940,0.041504,172.31.47.0-255,66,302465,94,320558
21941,0.044099,74.125.24.0-255,5738,308203,94,320558
21942,0.044106,172.31.47.0-255,66,308269,94,320558
21943,0.04671,74.125.24.0-255,5738,314007,94,320558
21944,0.046715,172.31.47.0-255,66,314073,94,320558
21945,0.049325,74.125.24.0-255,5738,319811,94,320558
21946,0.04933,172.31.47.0-255,66,319877,94,320558
21947,0.051878,74.125.24.0-255,444,320321,94,320558
21948,0.051992,172.31.47.0-255,66,320387,94,320558
21949,0.052016,172.31.47.0-255,105,320492,94,320558
21950,0.054529,74.125.24.0-255,66,320558,94,320558
21951,0.0,172.217.194.0-255,153,153,94,309608
21952,2.4e-05,172.31.47.0-255,66,219,94,309608
21953,3.2e-05,172.217.194.0-255,1484,1703,94,309608
21954,3.7e-05,172.31.47.0-255,66,1769,94,309608
21955,5e-05,172.217.194.0-255,2902,4671,94,309608
21956,5.3e-05,172.31.47.0-255,66,4737,94,309608
21957,6e-05,172.217.194.0-255,5738,10475,94,309608
21958,6.3e-05,172.31.47.0-255,66,10541,94,309608
21959,8.8e-05,172.217.194.0-255,5090,15631,94,309608
21960,9.5e-05,172.31.47.0-255,66,15697,94,309608
21961,9.9e-05,172.217.194.0-255,1484,17181,94,309608
21962,0.000101,172.31.47.0-255,66,17247,94,309608
21963,0.000125,172.217.194.0-255,4320,21567,94,309608
21964,0.000127,172.31.47.0-255,66,21633,94,309608
21965,0.00014,172.217.194.0-255,7156,28789,94,309608
21966,0.000142,172.31.47.0-255,66,28855,94,309608
21967,0.000184,172.217.194.0-255,5738,34593,94,309608
21968,0.000186,172.31.47.0-255,66,34659,94,309608
21969,0.000205,172.31.47.0-255,66,34725,94,309608
21970,0.000258,172.217.194.0-255,1484,36209,94,309608
21971,0.00026,172.31.47.0-255,66,36275,94,309608
21972,0.000264,172.217.194.0-255,2902,39177,94,309608
21973,0.000266,172.31.47.0-255,66,39243,94,309608
21974,0.00027,172.217.194.0-255,1484,40727,94,309608
21975,0.000272,172.31.47.0-255,66,40793,94,309608
21976,0.000299,172.217.194.0-255,4320,45113,94,309608
21977,0.000301,172.31.47.0-255,66,45179,94,309608
21978,0.000334,172.217.194.0-255,4320,49499,94,309608
21979,0.000336,172.31.47.0-255,66,49565,94,309608
21980,0.000359,172.217.194.0-255,2819,52384,94,309608
21981,0.000362,172.31.47.0-255,66,52450,94,309608
21982,0.000547,172.217.194.0-255,402,52852,94,309608
21983,0.000597,172.217.194.0-255,1484,54336,94,309608
21984,0.000614,172.217.194.0-255,4320,58656,94,309608
21985,0.000627,172.217.194.0-255,1484,60140,94,309608
21986,0.000639,172.217.194.0-255,2902,63042,94,309608
21987,0.000647,172.31.47.0-255,66,63108,94,309608
21988,0.00067,172.217.194.0-255,5738,68846,94,309608
21989,0.000697,172.217.194.0-255,4320,73166,94,309608
21990,0.000709,172.217.194.0-255,2184,75350,94,309608
21991,0.000716,172.31.47.0-255,66,75416,94,309608
21992,0.00267,172.217.194.0-255,4320,79736,94,309608
21993,0.002678,172.31.47.0-255,66,79802,94,309608
21994,0.002703,172.217.194.0-255,1484,81286,94,309608
21995,0.004668,172.217.194.0-255,4320,85606,94,309608
21996,0.004673,172.31.47.0-255,66,85672,94,309608
21997,0.006668,172.217.194.0-255,5738,91410,94,309608
21998,0.006703,172.31.47.0-255,66,91476,94,309608
21999,0.008711,172.217.194.0-255,5738,97214,94,309608
22000,0.00872,172.31.47.0-255,66,97280,94,309608
22001,0.010708,172.217.194.0-255,5738,103018,94,309608
22002,0.010929,172.31.47.0-255,66,103084,94,309608
22003,0.012945,172.217.194.0-255,5738,108822,94,309608
22004,0.012959,172.31.47.0-255,66,108888,94,309608
22005,0.014946,172.217.194.0-255,5738,114626,94,309608
22006,0.014957,172.31.47.0-255,66,114692,94,309608
22007,0.016961,172.217.194.0-255,5738,120430,94,309608
22008,0.016971,172.31.47.0-255,66,120496,94,309608
22009,0.018934,172.217.194.0-255,5738,126234,94,309608
22010,0.018945,172.31.47.0-255,66,126300,94,309608
22011,0.020951,172.217.194.0-255,5738,132038,94,309608
22012,0.020965,172.31.47.0-255,66,132104,94,309608
22013,0.022993,172.217.194.0-255,5738,137842,94,309608
22014,0.023006,172.31.47.0-255,66,137908,94,309608
22015,0.025045,172.217.194.0-255,5738,143646,94,309608
22016,0.025053,172.31.47.0-255,66,143712,94,309608
22017,0.027059,172.217.194.0-255,5738,149450,94,309608
22018,0.027067,172.31.47.0-255,66,149516,94,309608
22019,0.029051,172.217.194.0-255,5738,155254,94,309608
22020,0.029059,172.31.47.0-255,66,155320,94,309608
22021,0.031055,172.217.194.0-255,5738,161058,94,309608
22022,0.031068,172.31.47.0-255,66,161124,94,309608
22023,0.033062,172.217.194.0-255,5738,166862,94,309608
22024,0.033072,172.31.47.0-255,66,166928,94,309608
22025,0.033708,172.31.47.0-255,172,167100,94,309608
22026,0.033738,172.31.47.0-255,1112,168212,94,309608
22027,0.033811,172.31.47.0-255,1514,169726,94,309608
22028,0.033813,172.31.47.0-255,1514,171240,94,309608
22029,0.033814,172.31.47.0-255,1514,172754,94,309608
22030,0.033815,172.31.47.0-255,1514,174268,94,309608
22031,0.033842,172.31.47.0-255,1514,175782,94,309608
22032,0.033847,172.31.47.0-255,70,175852,94,309608
22033,0.035087,172.217.194.0-255,5738,181590,94,309608
22034,0.035096,172.31.47.0-255,66,181656,94,309608
22035,0.035283,104.244.42.0-255,66,181722,94,309608
22036,0.035323,104.244.42.0-255,66,181788,94,309608
22037,0.035429,104.244.42.0-255,66,181854,94,309608
22038,0.035435,104.244.42.0-255,66,181920,94,309608
22039,0.037081,172.217.194.0-255,5738,187658,94,309608
22040,0.03709,172.31.47.0-255,66,187724,94,309608
22041,0.039068,172.217.194.0-255,5738,193462,94,309608
22042,0.039076,172.31.47.0-255,66,193528,94,309608
22043,0.041063,172.217.194.0-255,5738,199266,94,309608
22044,0.04107,172.31.47.0-255,66,199332,94,309608
22045,0.043063,172.217.194.0-255,5738,205070,94,309608
22046,0.04307,172.31.47.0-255,66,205136,94,309608
22047,0.045087,172.217.194.0-255,5738,210874,94,309608
22048,0.045095,172.31.47.0-255,66,210940,94,309608
22049,0.047077,172.217.194.0-255,5738,216678,94,309608
22050,0.047084,172.31.47.0-255,66,216744,94,309608
22051,0.049084,172.217.194.0-255,5738,222482,94,309608
22052,0.04909,172.31.47.0-255,66,222548,94,309608
22053,0.051103,172.217.194.0-255,5738,228286,94,309608
22054,0.051114,172.31.47.0-255,66,228352,94,309608
22055,0.053124,172.217.194.0-255,5738,234090,94,309608
22056,0.053137,172.31.47.0-255,66,234156,94,309608
22057,0.05512,172.217.194.0-255,5738,239894,94,309608
22058,0.055127,172.31.47.0-255,66,239960,94,309608
22059,0.05714,172.217.194.0-255,5738,245698,94,309608
22060,0.057147,172.31.47.0-255,66,245764,94,309608
22061,0.059149,172.217.194.0-255,5738,251502,94,309608
22062,0.059156,172.31.47.0-255,66,251568,94,309608
22063,0.061154,172.217.194.0-255,5738,257306,94,309608
22064,0.061162,172.31.47.0-255,66,257372,94,309608
22065,0.063169,172.217.194.0-255,5738,263110,94,309608
22066,0.063177,172.31.47.0-255,66,263176,94,309608
22067,0.065177,172.217.194.0-255,5738,268914,94,309608
22068,0.065183,172.31.47.0-255,66,268980,94,309608
22069,0.067193,172.217.194.0-255,5738,274718,94,309608
22070,0.0672,172.31.47.0-255,66,274784,94,309608
22071,0.069179,172.217.194.0-255,5738,280522,94,309608
22072,0.069185,172.31.47.0-255,66,280588,94,309608
22073,0.071207,172.217.194.0-255,5738,286326,94,309608
22074,0.071214,172.31.47.0-255,66,286392,94,309608
22075,0.073224,172.217.194.0-255,5738,292130,94,309608
22076,0.073233,172.31.47.0-255,66,292196,94,309608
22077,0.075276,172.217.194.0-255,5738,297934,94,309608
22078,0.075284,172.31.47.0-255,66,298000,94,309608
22079,0.077267,172.217.194.0-255,5738,303738,94,309608
22080,0.077274,172.31.47.0-255,66,303804,94,309608
22081,0.07927,172.217.194.0-255,5738,309542,94,309608
22082,0.079276,172.31.47.0-255,66,309608,94,309608
22083,0.0,172.217.26.0-255,153,153,94,288371
22084,2.7e-05,172.31.47.0-255,66,219,94,288371
22085,4.4e-05,172.217.26.0-255,1484,1703,94,288371
22086,5.4e-05,172.31.47.0-255,66,1769,94,288371
22087,5.8e-05,172.217.26.0-255,2902,4671,94,288371
22088,6.1e-05,172.31.47.0-255,66,4737,94,288371
22089,0.000125,172.217.26.0-255,5738,10475,94,288371
22090,0.00013,172.31.47.0-255,66,10541,94,288371
22091,0.000263,172.217.26.0-255,2902,13443,94,288371
22092,0.000267,172.31.47.0-255,66,13509,94,288371
22093,0.000294,172.217.26.0-255,4938,18447,94,288371
22094,0.000298,172.31.47.0-255,66,18513,94,288371
22095,0.000467,172.217.26.0-255,4320,22833,94,288371
22096,0.000471,172.31.47.0-255,66,22899,94,288371
22097,0.000502,172.31.47.0-255,66,22965,94,288371
22098,0.000816,172.217.26.0-255,5738,28703,94,288371
22099,0.000822,172.31.47.0-255,66,28769,94,288371
22100,0.000863,172.31.47.0-255,66,28835,94,288371
22101,0.00121,172.217.26.0-255,1484,30319,94,288371
22102,0.001215,172.31.47.0-255,66,30385,94,288371
22103,0.001248,172.217.26.0-255,7156,37541,94,288371
22104,0.001251,172.31.47.0-255,66,37607,94,288371
22105,0.00128,172.31.47.0-255,66,37673,94,288371
22106,0.001618,172.217.26.0-255,395,38068,94,288371
22107,0.00162,172.31.47.0-255,66,38134,94,288371
22108,0.001652,172.217.26.0-255,1767,39901,94,288371
22109,0.001654,172.31.47.0-255,66,39967,94,288371
22110,0.001687,172.217.26.0-255,1484,41451,94,288371
22111,0.001688,172.31.47.0-255,66,41517,94,288371
22112,0.001729,172.217.26.0-255,5738,47255,94,288371
22113,0.001731,172.31.47.0-255,66,47321,94,288371
22114,0.00187,172.217.26.0-255,4320,51641,94,288371
22115,0.001872,172.31.47.0-255,66,51707,94,288371
22116,0.002196,172.217.26.0-255,5738,57445,94,288371
22117,0.002213,172.217.26.0-255,6438,63883,94,288371
22118,0.004098,172.31.47.0-255,66,63949,94,288371
22119,0.006068,172.217.26.0-255,5738,69687,94,288371
22120,0.006075,172.31.47.0-255,66,69753,94,288371
22121,0.008025,172.217.26.0-255,4320,74073,94,288371
22122,0.008035,172.31.47.0-255,66,74139,94,288371
22123,0.008062,172.217.26.0-255,1484,75623,94,288371
22124,0.00998,172.217.26.0-255,4320,79943,94,288371
22125,0.009988,172.31.47.0-255,66,80009,94,288371
22126,0.011926,172.217.26.0-255,5738,85747,94,288371
22127,0.011934,172.31.47.0-255,66,85813,94,288371
22128,0.013881,172.217.26.0-255,5738,91551,94,288371
22129,0.013892,172.31.47.0-255,66,91617,94,288371
22130,0.015849,172.217.26.0-255,5738,97355,94,288371
22131,0.015861,172.31.47.0-255,66,97421,94,288371
22132,0.017819,172.217.26.0-255,5738,103159,94,288371
22133,0.017825,172.31.47.0-255,66,103225,94,288371
22134,0.019771,172.217.26.0-255,5738,108963,94,288371
22135,0.019778,172.31.47.0-255,66,109029,94,288371
22136,0.02066,172.31.47.0-255,172,109201,94,288371
22137,0.02069,172.31.47.0-255,1111,110312,94,288371
22138,0.02073,172.31.47.0-255,1514,111826,94,288371
22139,0.020731,172.31.47.0-255,1293,113119,94,288371
22140,0.021737,172.217.26.0-255,5738,118857,94,288371
22141,0.021743,172.31.47.0-255,66,118923,94,288371
22142,0.022215,104.244.42.0-255,66,118989,94,288371
22143,0.022274,104.244.42.0-255,66,119055,94,288371
22144,0.022323,104.244.42.0-255,66,119121,94,288371
22145,0.023681,172.217.26.0-255,5738,124859,94,288371
22146,0.023686,172.31.47.0-255,66,124925,94,288371
22147,0.025366,104.244.42.0-255,108,125033,94,288371
22148,0.025372,172.31.47.0-255,66,125099,94,288371
22149,0.025631,172.217.26.0-255,5738,130837,94,288371
22150,0.025635,172.31.47.0-255,66,130903,94,288371
22151,0.027598,172.217.26.0-255,5738,136641,94,288371
22152,0.027603,172.31.47.0-255,66,136707,94,288371
22153,0.029551,172.217.26.0-255,5738,142445,94,288371
22154,0.029556,172.31.47.0-255,66,142511,94,288371
22155,0.031511,172.217.26.0-255,4320,146831,94,288371
22156,0.031516,172.31.47.0-255,66,146897,94,288371
22157,0.031587,172.217.26.0-255,1484,148381,94,288371
22158,0.033468,172.217.26.0-255,4320,152701,94,288371
22159,0.033473,172.31.47.0-255,66,152767,94,288371
22160,0.035411,172.217.26.0-255,5738,158505,94,288371
22161,0.035417,172.31.47.0-255,66,158571,94,288371
22162,0.037358,172.217.26.0-255,5738,164309,94,288371
22163,0.037364,172.31.47.0-255,66,164375,94,288371
22164,0.039304,172.217.26.0-255,5738,170113,94,288371
22165,0.039308,172.31.47.0-255,66,170179,94,288371
22166,0.041253,172.217.26.0-255,5738,175917,94,288371
22167,0.041259,172.31.47.0-255,66,175983,94,288371
22168,0.0432,172.217.26.0-255,5738,181721,94,288371
22169,0.043206,172.31.47.0-255,66,181787,94,288371
22170,0.045152,172.217.26.0-255,5738,187525,94,288371
22171,0.045157,172.31.47.0-255,66,187591,94,288371
22172,0.047099,172.217.26.0-255,5738,193329,94,288371
22173,0.047104,172.31.47.0-255,66,193395,94,288371
22174,0.04904,172.217.26.0-255,2902,196297,94,288371
22175,0.049044,172.31.47.0-255,66,196363,94,288371
22176,0.049077,172.217.26.0-255,2902,199265,94,288371
22177,0.04908,172.31.47.0-255,66,199331,94,288371
22178,0.050981,172.217.26.0-255,2902,202233,94,288371
22179,0.050987,172.31.47.0-255,66,202299,94,288371
22180,0.051031,172.217.26.0-255,2902,205201,94,288371
22181,0.051034,172.31.47.0-255,66,205267,94,288371
22182,0.052928,172.217.26.0-255,2902,208169,94,288371
22183,0.052933,172.31.47.0-255,66,208235,94,288371
22184,0.052994,172.217.26.0-255,2902,211137,94,288371
22185,0.052998,172.31.47.0-255,66,211203,94,288371
22186,0.054877,172.217.26.0-255,2902,214105,94,288371
22187,0.054883,172.31.47.0-255,66,214171,94,288371
22188,0.054943,172.217.26.0-255,2902,217073,94,288371
22189,0.054948,172.31.47.0-255,66,217139,94,288371
22190,0.056845,172.217.26.0-255,2902,220041,94,288371
22191,0.056864,172.31.47.0-255,66,220107,94,288371
22192,0.056909,172.217.26.0-255,2902,223009,94,288371
22193,0.056912,172.31.47.0-255,66,223075,94,288371
22194,0.058819,172.217.26.0-255,2902,225977,94,288371
22195,0.058831,172.31.47.0-255,66,226043,94,288371
22196,0.058871,172.217.26.0-255,2902,228945,94,288371
22197,0.058875,172.31.47.0-255,66,229011,94,288371
22198,0.060784,172.217.26.0-255,2902,231913,94,288371
22199,0.060797,172.31.47.0-255,66,231979,94,288371
22200,0.060833,172.217.26.0-255,2902,234881,94,288371
22201,0.060836,172.31.47.0-255,66,234947,94,288371
22202,0.062741,172.217.26.0-255,2902,237849,94,288371
22203,0.06275,172.31.47.0-255,66,237915,94,288371
22204,0.062784,172.217.26.0-255,2902,240817,94,288371
22205,0.062787,172.31.47.0-255,66,240883,94,288371
22206,0.064692,172.217.26.0-255,2902,243785,94,288371
22207,0.064698,172.31.47.0-255,66,243851,94,288371
22208,0.064728,172.217.26.0-255,2902,246753,94,288371
22209,0.064732,172.31.47.0-255,66,246819,94,288371
22210,0.066649,172.217.26.0-255,2902,249721,94,288371
22211,0.066654,172.31.47.0-255,66,249787,94,288371
22212,0.066688,172.217.26.0-255,2902,252689,94,288371
22213,0.066691,172.31.47.0-255,66,252755,94,288371
22214,0.068591,172.217.26.0-255,2902,255657,94,288371
22215,0.068597,172.31.47.0-255,66,255723,94,288371
22216,0.068628,172.217.26.0-255,2902,258625,94,288371
22217,0.06863,172.31.47.0-255,66,258691,94,288371
22218,0.070537,172.217.26.0-255,2902,261593,94,288371
22219,0.070541,172.31.47.0-255,66,261659,94,288371
22220,0.070574,172.217.26.0-255,2902,264561,94,288371
22221,0.070577,172.31.47.0-255,66,264627,94,288371
22222,0.072485,172.217.26.0-255,2902,267529,94,288371
22223,0.072503,172.31.47.0-255,66,267595,94,288371
22224,0.072531,172.217.26.0-255,2902,270497,94,288371
22225,0.072535,172.31.47.0-255,66,270563,94,288371
22226,0.074449,172.217.26.0-255,2902,273465,94,288371
22227,0.074453,172.31.47.0-255,66,273531,94,288371
22228,0.074524,172.217.26.0-255,2902,276433,94,288371
22229,0.074527,172.31.47.0-255,66,276499,94,288371
22230,0.076392,172.217.26.0-255,2902,279401,94,288371
22231,0.076396,172.31.47.0-255,66,279467,94,288371
22232,0.076461,172.217.26.0-255,2902,282369,94,288371
22233,0.076465,172.31.47.0-255,66,282435,94,288371
22234,0.078333,172.217.26.0-255,2902,285337,94,288371
22235,0.078338,172.31.47.0-255,66,285403,94,288371
22236,0.078394,172.217.26.0-255,2902,288305,94,288371
22237,0.078398,172.31.47.0-255,66,288371,94,288371
22238,0.0,216.58.221.0-255,297,297,94,266982
22239,2.3e-05,172.31.47.0-255,66,363,94,266982
22240,2.9e-05,216.58.221.0-255,1484,1847,94,266982
22241,3.2e-05,172.31.47.0-255,66,1913,94,266982
22242,5.2e-05,216.58.221.0-255,4320,6233,94,266982
22243,5.5e-05,172.31.47.0-255,66,6299,94,266982
22244,0.000325,216.58.221.0-255,2902,9201,94,266982
22245,0.00033,172.31.47.0-255,66,9267,94,266982
22246,0.00035,216.58.221.0-255,4786,14053,94,266982
22247,0.000352,172.31.47.0-255,66,14119,94,266982
22248,0.000816,216.58.221.0-255,4320,18439,94,266982
22249,0.000821,172.31.47.0-255,66,18505,94,266982
22250,0.000849,216.58.221.0-255,4320,22825,94,266982
22251,0.000852,172.31.47.0-255,66,22891,94,266982
22252,0.001359,216.58.221.0-255,4320,27211,94,266982
22253,0.001364,172.31.47.0-255,66,27277,94,266982
22254,0.001387,216.58.221.0-255,3961,31238,94,266982
22255,0.00139,172.31.47.0-255,66,31304,94,266982
22256,0.001904,216.58.221.0-255,4320,35624,94,266982
22257,0.00191,172.31.47.0-255,66,35690,94,266982
22258,0.001943,172.31.47.0-255,66,35756,94,266982
22259,0.002787,216.58.221.0-255,4320,40076,94,266982
22260,0.002789,172.31.47.0-255,66,40142,94,266982
22261,0.002814,172.31.47.0-255,66,40208,94,266982
22262,0.004716,216.58.221.0-255,4320,44528,94,266982
22263,0.00472,172.31.47.0-255,66,44594,94,266982
22264,0.004816,216.58.221.0-255,1484,46078,94,266982
22265,0.00482,172.31.47.0-255,66,46144,94,266982
22266,0.006614,216.58.221.0-255,4320,50464,94,266982
22267,0.006619,172.31.47.0-255,66,50530,94,266982
22268,0.006741,216.58.221.0-255,1484,52014,94,266982
22269,0.008508,216.58.221.0-255,4320,56334,94,266982
22270,0.008513,172.31.47.0-255,66,56400,94,266982
22271,0.010406,216.58.221.0-255,5738,62138,94,266982
22272,0.010552,172.31.47.0-255,66,62204,94,266982
22273,0.0125,216.58.221.0-255,5738,67942,94,266982
22274,0.012511,172.31.47.0-255,66,68008,94,266982
22275,0.014406,216.58.221.0-255,5738,73746,94,266982
22276,0.014425,172.31.47.0-255,66,73812,94,266982
22277,0.016334,216.58.221.0-255,5738,79550,94,266982
22278,0.016341,172.31.47.0-255,66,79616,94,266982
22279,0.018241,216.58.221.0-255,5738,85354,94,266982
22280,0.018248,172.31.47.0-255,66,85420,94,266982
22281,0.020149,216.58.221.0-255,5738,91158,94,266982
22282,0.020155,172.31.47.0-255,66,91224,94,266982
22283,0.020689,172.31.47.0-255,172,91396,94,266982
22284,0.020744,172.31.47.0-255,1108,92504,94,266982
22285,0.020797,172.31.47.0-255,1514,94018,94,266982
22286,0.020799,172.31.47.0-255,1514,95532,94,266982
22287,0.0208,172.31.47.0-255,1514,97046,94,266982
22288,0.020802,172.31.47.0-255,1514,98560,94,266982
22289,0.020852,172.31.47.0-255,170,98730,94,266982
22290,0.022065,216.58.221.0-255,5738,104468,94,266982
22291,0.022072,172.31.47.0-255,66,104534,94,266982
22292,0.022205,104.244.42.0-255,66,104600,94,266982
22293,0.022289,104.244.42.0-255,66,104666,94,266982
22294,0.022404,104.244.42.0-255,66,104732,94,266982
22295,0.02241,104.244.42.0-255,66,104798,94,266982
22296,0.023958,216.58.221.0-255,5738,110536,94,266982
22297,0.023965,172.31.47.0-255,66,110602,94,266982
22298,0.025862,216.58.221.0-255,5738,116340,94,266982
22299,0.025867,172.31.47.0-255,66,116406,94,266982
22300,0.027759,216.58.221.0-255,5738,122144,94,266982
22301,0.027764,172.31.47.0-255,66,122210,94,266982
22302,0.029654,216.58.221.0-255,2902,125112,94,266982
22303,0.029659,172.31.47.0-255,66,125178,94,266982
22304,0.029686,216.58.221.0-255,2902,128080,94,266982
22305,0.029698,172.31.47.0-255,66,128146,94,266982
22306,0.031547,216.58.221.0-255,2902,131048,94,266982
22307,0.031553,172.31.47.0-255,66,131114,94,266982
22308,0.031623,216.58.221.0-255,2902,134016,94,266982
22309,0.031632,172.31.47.0-255,66,134082,94,266982
22310,0.03344,216.58.221.0-255,2902,136984,94,266982
22311,0.033445,172.31.47.0-255,66,137050,94,266982
22312,0.033512,216.58.221.0-255,2902,139952,94,266982
22313,0.033563,172.31.47.0-255,66,140018,94,266982
22314,0.035337,216.58.221.0-255,2902,142920,94,266982
22315,0.035342,172.31.47.0-255,66,142986,94,266982
22316,0.035443,216.58.221.0-255,2902,145888,94,266982
22317,0.035447,172.31.47.0-255,66,145954,94,266982
22318,0.037226,216.58.221.0-255,2902,148856,94,266982
22319,0.03723,172.31.47.0-255,66,148922,94,266982
22320,0.037322,216.58.221.0-255,2902,151824,94,266982
22321,0.037326,172.31.47.0-255,66,151890,94,266982
22322,0.039112,216.58.221.0-255,2902,154792,94,266982
22323,0.039117,172.31.47.0-255,66,154858,94,266982
22324,0.039204,216.58.221.0-255,2902,157760,94,266982
22325,0.039207,172.31.47.0-255,66,157826,94,266982
22326,0.041004,216.58.221.0-255,2902,160728,94,266982
22327,0.041009,172.31.47.0-255,66,160794,94,266982
22328,0.041085,216.58.221.0-255,2902,163696,94,266982
22329,0.041094,172.31.47.0-255,66,163762,94,266982
22330,0.042904,216.58.221.0-255,2902,166664,94,266982
22331,0.042909,172.31.47.0-255,66,166730,94,266982
22332,0.042975,216.58.221.0-255,2902,169632,94,266982
22333,0.042982,172.31.47.0-255,66,169698,94,266982
22334,0.044806,216.58.221.0-255,2902,172600,94,266982
22335,0.044812,172.31.47.0-255,66,172666,94,266982
22336,0.044874,216.58.221.0-255,2902,175568,94,266982
22337,0.04488,172.31.47.0-255,66,175634,94,266982
22338,0.046705,216.58.221.0-255,2902,178536,94,266982
22339,0.04671,172.31.47.0-255,66,178602,94,266982
22340,0.046782,216.58.221.0-255,2902,181504,94,266982
22341,0.046786,172.31.47.0-255,66,181570,94,266982
22342,0.048604,216.58.221.0-255,2902,184472,94,266982
22343,0.048608,172.31.47.0-255,66,184538,94,266982
22344,0.048667,216.58.221.0-255,2902,187440,94,266982
22345,0.048672,172.31.47.0-255,66,187506,94,266982
22346,0.0505,216.58.221.0-255,2902,190408,94,266982
22347,0.050506,172.31.47.0-255,66,190474,94,266982
22348,0.050569,216.58.221.0-255,2902,193376,94,266982
22349,0.050578,172.31.47.0-255,66,193442,94,266982
22350,0.052401,216.58.221.0-255,2902,196344,94,266982
22351,0.052405,172.31.47.0-255,66,196410,94,266982
22352,0.052479,216.58.221.0-255,2902,199312,94,266982
22353,0.052483,172.31.47.0-255,66,199378,94,266982
22354,0.054293,216.58.221.0-255,2902,202280,94,266982
22355,0.054298,172.31.47.0-255,66,202346,94,266982
22356,0.054372,216.58.221.0-255,2902,205248,94,266982
22357,0.054382,172.31.47.0-255,66,205314,94,266982
22358,0.056183,216.58.221.0-255,2902,208216,94,266982
22359,0.056187,172.31.47.0-255,66,208282,94,266982
22360,0.056264,216.58.221.0-255,2902,211184,94,266982
22361,0.056268,172.31.47.0-255,66,211250,94,266982
22362,0.058071,216.58.221.0-255,2902,214152,94,266982
22363,0.058075,172.31.47.0-255,66,214218,94,266982
22364,0.058161,216.58.221.0-255,2902,217120,94,266982
22365,0.058165,172.31.47.0-255,66,217186,94,266982
22366,0.059982,216.58.221.0-255,2902,220088,94,266982
22367,0.059986,172.31.47.0-255,66,220154,94,266982
22368,0.060045,216.58.221.0-255,2902,223056,94,266982
22369,0.060052,172.31.47.0-255,66,223122,94,266982
22370,0.06187,216.58.221.0-255,2902,226024,94,266982
22371,0.061875,172.31.47.0-255,66,226090,94,266982
22372,0.061953,216.58.221.0-255,2902,228992,94,266982
22373,0.061957,172.31.47.0-255,66,229058,94,266982
22374,0.06378,216.58.221.0-255,2902,231960,94,266982
22375,0.063786,172.31.47.0-255,66,232026,94,266982
22376,0.063841,216.58.221.0-255,2902,234928,94,266982
22377,0.065707,216.58.221.0-255,2902,237830,94,266982
22378,0.066778,172.31.47.0-255,66,237896,94,266982
22379,0.068718,216.58.221.0-255,5738,243634,94,266982
22380,0.068735,172.31.47.0-255,66,243700,94,266982
22381,0.070643,216.58.221.0-255,2902,246602,94,266982
22382,0.070714,216.58.221.0-255,2902,249504,94,266982
22383,0.072808,172.31.47.0-255,66,249570,94,266982
22384,0.074754,216.58.221.0-255,5738,255308,94,266982
22385,0.074768,172.31.47.0-255,66,255374,94,266982
22386,0.076682,216.58.221.0-255,5738,261112,94,266982
22387,0.076719,172.31.47.0-255,66,261178,94,266982
22388,0.078643,216.58.221.0-255,5738,266916,94,266982
22389,0.078656,172.31.47.0-255,66,266982,94,266982
22390,0.0,74.125.24.0-255,298,298,94,191522
22391,3.1e-05,172.31.47.0-255,66,364,94,191522
22392,3.7e-05,74.125.24.0-255,1484,1848,94,191522
22393,4.1e-05,172.31.47.0-255,66,1914,94,191522
22394,4.4e-05,74.125.24.0-255,1484,3398,94,191522
22395,4.6e-05,172.31.47.0-255,66,3464,94,191522
22396,5.8e-05,74.125.24.0-255,2902,6366,94,191522
22397,6.1e-05,172.31.47.0-255,66,6432,94,191522
22398,6.7e-05,74.125.24.0-255,5738,12170,94,191522
22399,6.9e-05,172.31.47.0-255,66,12236,94,191522
22400,7.7e-05,74.125.24.0-255,7156,19392,94,191522
22401,8.2e-05,172.31.47.0-255,66,19458,94,191522
22402,0.000111,74.125.24.0-255,1940,21398,94,191522
22403,0.000114,172.31.47.0-255,66,21464,94,191522
22404,0.000125,172.31.47.0-255,66,21530,94,191522
22405,0.000152,74.125.24.0-255,1484,23014,94,191522
22406,0.000155,172.31.47.0-255,66,23080,94,191522
22407,0.000159,74.125.24.0-255,2902,25982,94,191522
22408,0.000161,172.31.47.0-255,66,26048,94,191522
22409,0.000196,74.125.24.0-255,5738,31786,94,191522
22410,0.0002,172.31.47.0-255,66,31852,94,191522
22411,0.000214,172.31.47.0-255,66,31918,94,191522
22412,0.000278,172.31.47.0-255,66,31984,94,191522
22413,0.000282,74.125.24.0-255,111,32095,94,191522
22414,0.000284,172.31.47.0-255,66,32161,94,191522
22415,0.000286,74.125.24.0-255,333,32494,94,191522
22416,0.000288,172.31.47.0-255,66,32560,94,191522
22417,0.000438,74.125.24.0-255,1484,34044,94,191522
22418,0.000442,172.31.47.0-255,66,34110,94,191522
22419,0.000447,74.125.24.0-255,2902,37012,94,191522
22420,0.000449,74.125.24.0-255,1484,38496,94,191522
22421,0.000451,172.31.47.0-255,66,38562,94,191522
22422,0.000474,74.125.24.0-255,4320,42882,94,191522
22423,0.000477,172.31.47.0-255,66,42948,94,191522
22424,0.00049,172.31.47.0-255,66,43014,94,191522
22425,0.000549,74.125.24.0-255,7156,50170,94,191522
22426,0.000553,172.31.47.0-255,66,50236,94,191522
22427,0.000582,74.125.24.0-255,5020,55256,94,191522
22428,0.000586,172.31.47.0-255,66,55322,94,191522
22429,0.000998,74.125.24.0-255,1484,56806,94,191522
22430,0.001002,74.125.24.0-255,1484,58290,94,191522
22431,0.001004,172.31.47.0-255,66,58356,94,191522
22432,0.001018,74.125.24.0-255,1484,59840,94,191522
22433,0.001027,74.125.24.0-255,5738,65578,94,191522
22434,0.00103,172.31.47.0-255,66,65644,94,191522
22435,0.00105,74.125.24.0-255,4320,69964,94,191522
22436,0.001053,172.31.47.0-255,66,70030,94,191522
22437,0.001056,74.125.24.0-255,1484,71514,94,191522
22438,0.001088,172.31.47.0-255,66,71580,94,191522
22439,0.001113,172.31.47.0-255,66,71646,94,191522
22440,0.001166,74.125.24.0-255,1484,73130,94,191522
22441,0.001169,74.125.24.0-255,1484,74614,94,191522
22442,0.001171,172.31.47.0-255,66,74680,94,191522
22443,0.001197,74.125.24.0-255,1484,76164,94,191522
22444,0.001203,74.125.24.0-255,5738,81902,94,191522
22445,0.001205,172.31.47.0-255,66,81968,94,191522
22446,0.001229,74.125.24.0-255,7156,89124,94,191522
22447,0.001231,172.31.47.0-255,66,89190,94,191522
22448,0.001267,74.125.24.0-255,5738,94928,94,191522
22449,0.001269,172.31.47.0-255,66,94994,94,191522
22450,0.001279,172.31.47.0-255,66,95060,94,191522
22451,0.001286,74.125.24.0-255,766,95826,94,191522
22452,0.001371,74.125.24.0-255,1484,97310,94,191522
22453,0.001374,172.31.47.0-255,66,97376,94,191522
22454,0.001379,74.125.24.0-255,2902,100278,94,191522
22455,0.00138,172.31.47.0-255,66,100344,94,191522
22456,0.001407,74.125.24.0-255,5738,106082,94,191522
22457,0.00141,172.31.47.0-255,66,106148,94,191522
22458,0.001438,172.31.47.0-255,66,106214,94,191522
22459,0.001453,74.125.24.0-255,7156,113370,94,191522
22460,0.001455,172.31.47.0-255,66,113436,94,191522
22461,0.00148,74.125.24.0-255,3602,117038,94,191522
22462,0.001482,172.31.47.0-255,66,117104,94,191522
22463,0.001758,74.125.24.0-255,1484,118588,94,191522
22464,0.001765,74.125.24.0-255,2902,121490,94,191522
22465,0.001767,172.31.47.0-255,66,121556,94,191522
22466,0.001794,74.125.24.0-255,5738,127294,94,191522
22467,0.001797,172.31.47.0-255,66,127360,94,191522
22468,0.001801,74.125.24.0-255,2902,130262,94,191522
22469,0.001802,172.31.47.0-255,66,130328,94,191522
22470,0.001842,74.125.24.0-255,2902,133230,94,191522
22471,0.001845,172.31.47.0-255,66,133296,94,191522
22472,0.001878,74.125.24.0-255,7156,140452,94,191522
22473,0.00188,172.31.47.0-255,66,140518,94,191522
22474,0.001885,74.125.24.0-255,4320,144838,94,191522
22475,0.001887,172.31.47.0-255,66,144904,94,191522
22476,0.001912,74.125.24.0-255,6438,151342,94,191522
22477,0.001915,172.31.47.0-255,66,151408,94,191522
22478,0.001997,74.125.24.0-255,1484,152892,94,191522
22479,0.00201,74.125.24.0-255,2902,155794,94,191522
22480,0.002012,172.31.47.0-255,66,155860,94,191522
22481,0.002039,74.125.24.0-255,5738,161598,94,191522
22482,0.002042,172.31.47.0-255,66,161664,94,191522
22483,0.002067,74.125.24.0-255,7156,168820,94,191522
22484,0.002069,172.31.47.0-255,66,168886,94,191522
22485,0.002095,74.125.24.0-255,5738,174624,94,191522
22486,0.002097,172.31.47.0-255,66,174690,94,191522
22487,0.002104,74.125.24.0-255,7156,181846,94,191522
22488,0.002105,172.31.47.0-255,66,181912,94,191522
22489,0.002117,172.31.47.0-255,66,181978,94,191522
22490,0.002146,172.31.47.0-255,66,182044,94,191522
22491,0.002159,172.31.47.0-255,66,182110,94,191522
22492,0.002191,74.125.24.0-255,4320,186430,94,191522
22493,0.002193,172.31.47.0-255,66,186496,94,191522
22494,0.002234,172.31.47.0-255,66,186562,94,191522
22495,0.002257,172.31.47.0-255,66,186628,94,191522
22496,0.002271,172.31.47.0-255,66,186694,94,191522
22497,0.00231,172.31.47.0-255,66,186760,94,191522
22498,0.002353,172.31.47.0-255,66,186826,94,191522
22499,0.002364,172.31.47.0-255,66,186892,94,191522
22500,0.004676,74.125.24.0-255,105,186997,94,191522
22501,0.015935,172.31.47.0-255,66,187063,94,191522
22502,0.015966,172.31.47.0-255,105,187168,94,191522
22503,0.018273,74.125.24.0-255,66,187234,94,191522
22504,0.044583,172.31.47.0-255,172,187406,94,191522
22505,0.044628,172.31.47.0-255,1108,188514,94,191522
22506,0.044649,172.31.47.0-255,1514,190028,94,191522
22507,0.044651,172.31.47.0-255,1296,191324,94,191522
22508,0.04613,104.244.42.0-255,66,191390,94,191522
22509,0.046154,104.244.42.0-255,66,191456,94,191522
22510,0.046232,104.244.42.0-255,66,191522,94,191522
22511,0.0,74.125.24.0-255,153,153,94,215640
22512,2.7e-05,172.31.47.0-255,66,219,94,215640
22513,3.4e-05,74.125.24.0-255,1484,1703,94,215640
22514,3.8e-05,172.31.47.0-255,66,1769,94,215640
22515,4.3e-05,74.125.24.0-255,2902,4671,94,215640
22516,5.3e-05,172.31.47.0-255,66,4737,94,215640
22517,6e-05,74.125.24.0-255,7156,11893,94,215640
22518,6.2e-05,172.31.47.0-255,66,11959,94,215640
22519,6.5e-05,74.125.24.0-255,2176,14135,94,215640
22520,6.7e-05,172.31.47.0-255,66,14201,94,215640
22521,0.000124,74.125.24.0-255,1484,15685,94,215640
22522,0.000128,172.31.47.0-255,66,15751,94,215640
22523,0.000131,74.125.24.0-255,1484,17235,94,215640
22524,0.000133,172.31.47.0-255,66,17301,94,215640
22525,0.000154,74.125.24.0-255,1484,18785,94,215640
22526,0.000157,172.31.47.0-255,66,18851,94,215640
22527,0.00017,74.125.24.0-255,5738,24589,94,215640
22528,0.000173,172.31.47.0-255,66,24655,94,215640
22529,0.00018,74.125.24.0-255,6797,31452,94,215640
22530,0.000182,172.31.47.0-255,66,31518,94,215640
22531,0.000252,74.125.24.0-255,1484,33002,94,215640
22532,0.000255,172.31.47.0-255,66,33068,94,215640
22533,0.00026,74.125.24.0-255,2902,35970,94,215640
22534,0.000262,172.31.47.0-255,66,36036,94,215640
22535,0.00029,74.125.24.0-255,5738,41774,94,215640
22536,0.000295,172.31.47.0-255,66,41840,94,215640
22537,0.000336,172.31.47.0-255,66,41906,94,215640
22538,0.000341,172.31.47.0-255,66,41972,94,215640
22539,0.000389,74.125.24.0-255,361,42333,94,215640
22540,0.000392,172.31.47.0-255,66,42399,94,215640
22541,0.000395,74.125.24.0-255,130,42529,94,215640
22542,0.000701,74.125.24.0-255,351,42880,94,215640
22543,0.000798,172.31.47.0-255,66,42946,94,215640
22544,0.000928,74.125.24.0-255,1484,44430,94,215640
22545,0.000938,74.125.24.0-255,2902,47332,94,215640
22546,0.000944,74.125.24.0-255,4320,51652,94,215640
22547,0.000962,74.125.24.0-255,1484,53136,94,215640
22548,0.001007,172.31.47.0-255,66,53202,94,215640
22549,0.001079,172.31.47.0-255,66,53268,94,215640
22550,0.00117,74.125.24.0-255,1484,54752,94,215640
22551,0.001177,74.125.24.0-255,2902,57654,94,215640
22552,0.001192,172.31.47.0-255,66,57720,94,215640
22553,0.001203,74.125.24.0-255,5738,63458,94,215640
22554,0.001218,172.31.47.0-255,66,63524,94,215640
22555,0.001227,74.125.24.0-255,4320,67844,94,215640
22556,0.001291,172.31.47.0-255,66,67910,94,215640
22557,0.001302,74.125.24.0-255,2184,70094,94,215640
22558,0.001312,172.31.47.0-255,66,70160,94,215640
22559,0.00134,74.125.24.0-255,7156,77316,94,215640
22560,0.001356,74.125.24.0-255,2902,80218,94,215640
22561,0.001371,74.125.24.0-255,4320,84538,94,215640
22562,0.001395,74.125.24.0-255,5738,90276,94,215640
22563,0.0014,172.31.47.0-255,66,90342,94,215640
22564,0.001406,172.31.47.0-255,66,90408,94,215640
22565,0.001429,74.125.24.0-255,2184,92592,94,215640
22566,0.001457,74.125.24.0-255,2902,95494,94,215640
22567,0.001468,172.31.47.0-255,66,95560,94,215640
22568,0.001481,74.125.24.0-255,4320,99880,94,215640
22569,0.001502,172.31.47.0-255,66,99946,94,215640
22570,0.001506,74.125.24.0-255,2902,102848,94,215640
22571,0.001528,172.31.47.0-255,66,102914,94,215640
22572,0.001531,74.125.24.0-255,1484,104398,94,215640
22573,0.001573,74.125.24.0-255,1484,105882,94,215640
22574,0.001581,172.31.47.0-255,66,105948,94,215640
22575,0.001609,74.125.24.0-255,2902,108850,94,215640
22576,0.001614,74.125.24.0-255,5738,114588,94,215640
22577,0.001661,172.31.47.0-255,66,114654,94,215640
22578,0.001687,74.125.24.0-255,4320,118974,94,215640
22579,0.00172,172.31.47.0-255,66,119040,94,215640
22580,0.001797,172.31.47.0-255,66,119106,94,215640
22581,0.001828,74.125.24.0-255,6438,125544,94,215640
22582,0.001836,172.31.47.0-255,66,125610,94,215640
22583,0.001939,74.125.24.0-255,1484,127094,94,215640
22584,0.001974,74.125.24.0-255,2902,129996,94,215640
22585,0.001978,74.125.24.0-255,1484,131480,94,215640
22586,0.001989,172.31.47.0-255,66,131546,94,215640
22587,0.002009,74.125.24.0-255,5738,137284,94,215640
22588,0.002021,172.31.47.0-255,66,137350,94,215640
22589,0.002054,74.125.24.0-255,4320,141670,94,215640
22590,0.002059,172.31.47.0-255,66,141736,94,215640
22591,0.002092,74.125.24.0-255,2902,144638,94,215640
22592,0.0021,172.31.47.0-255,66,144704,94,215640
22593,0.002109,74.125.24.0-255,2184,146888,94,215640
22594,0.002127,172.31.47.0-255,66,146954,94,215640
22595,0.002191,74.125.24.0-255,1484,148438,94,215640
22596,0.002194,74.125.24.0-255,1484,149922,94,215640
22597,0.002211,74.125.24.0-255,1484,151406,94,215640
22598,0.002217,74.125.24.0-255,5738,157144,94,215640
22599,0.00223,172.31.47.0-255,66,157210,94,215640
22600,0.002286,172.31.47.0-255,66,157276,94,215640
22601,0.002289,74.125.24.0-255,1484,158760,94,215640
22602,0.002339,74.125.24.0-255,1484,160244,94,215640
22603,0.002356,172.31.47.0-255,66,160310,94,215640
22604,0.00467,74.125.24.0-255,5738,166048,94,215640
22605,0.004676,172.31.47.0-255,66,166114,94,215640
22606,0.007004,74.125.24.0-255,5738,171852,94,215640
22607,0.007023,172.31.47.0-255,66,171918,94,215640
22608,0.009335,74.125.24.0-255,5738,177656,94,215640
22609,0.009352,172.31.47.0-255,66,177722,94,215640
22610,0.01163,74.125.24.0-255,5738,183460,94,215640
22611,0.011636,172.31.47.0-255,66,183526,94,215640
22612,0.013916,74.125.24.0-255,5738,189264,94,215640
22613,0.013924,172.31.47.0-255,66,189330,94,215640
22614,0.016223,74.125.24.0-255,5738,195068,94,215640
22615,0.016229,172.31.47.0-255,66,195134,94,215640
22616,0.01851,74.125.24.0-255,5738,200872,94,215640
22617,0.018517,172.31.47.0-255,66,200938,94,215640
22618,0.020839,74.125.24.0-255,5738,206676,94,215640
22619,0.020853,172.31.47.0-255,66,206742,94,215640
22620,0.023186,74.125.24.0-255,4371,211113,94,215640
22621,0.023204,172.31.47.0-255,66,211179,94,215640
22622,0.023544,172.31.47.0-255,105,211284,94,215640
22623,0.02581,74.125.24.0-255,66,211350,94,215640
22624,0.038188,172.31.47.0-255,172,211522,94,215640
22625,0.038258,172.31.47.0-255,1108,212630,94,215640
22626,0.038321,172.31.47.0-255,1514,214144,94,215640
22627,0.038323,172.31.47.0-255,1298,215442,94,215640
22628,0.039686,104.244.42.0-255,66,215508,94,215640
22629,0.039742,104.244.42.0-255,66,215574,94,215640
22630,0.039822,104.244.42.0-255,66,215640,94,215640
22631,0.0,172.217.194.0-255,66,66,94,66
22632,0.0,74.125.24.0-255,298,298,94,326667
22633,3.1e-05,172.31.47.0-255,66,364,94,326667
22634,3.8e-05,74.125.24.0-255,1484,1848,94,326667
22635,4.2e-05,172.31.47.0-255,66,1914,94,326667
22636,5.5e-05,74.125.24.0-255,4320,6234,94,326667
22637,5.8e-05,172.31.47.0-255,66,6300,94,326667
22638,6.3e-05,74.125.24.0-255,2902,9202,94,326667
22639,6.5e-05,172.31.47.0-255,66,9268,94,326667
22640,9.5e-05,74.125.24.0-255,2902,12170,94,326667
22641,9.8e-05,172.31.47.0-255,66,12236,94,326667
22642,0.000103,74.125.24.0-255,1929,14165,94,326667
22643,0.000105,172.31.47.0-255,66,14231,94,326667
22644,0.00015,74.125.24.0-255,1484,15715,94,326667
22645,0.000154,172.31.47.0-255,66,15781,94,326667
22646,0.000158,74.125.24.0-255,2902,18683,94,326667
22647,0.000161,172.31.47.0-255,66,18749,94,326667
22648,0.000189,74.125.24.0-255,5738,24487,94,326667
22649,0.000192,172.31.47.0-255,66,24553,94,326667
22650,0.000196,74.125.24.0-255,2902,27455,94,326667
22651,0.000198,172.31.47.0-255,66,27521,94,326667
22652,0.000239,74.125.24.0-255,3961,31482,94,326667
22653,0.000243,172.31.47.0-255,66,31548,94,326667
22654,0.000681,74.125.24.0-255,1484,33032,94,326667
22655,0.000687,172.31.47.0-255,66,33098,94,326667
22656,0.000697,74.125.24.0-255,2902,36000,94,326667
22657,0.000706,172.31.47.0-255,66,36066,94,326667
22658,0.000714,74.125.24.0-255,5738,41804,94,326667
22659,0.000716,172.31.47.0-255,66,41870,94,326667
22660,0.000762,172.31.47.0-255,66,41936,94,326667
22661,0.00077,74.125.24.0-255,7156,49092,94,326667
22662,0.000773,172.31.47.0-255,66,49158,94,326667
22663,0.000866,74.125.24.0-255,2888,52046,94,326667
22664,0.000872,172.31.47.0-255,66,52112,94,326667
22665,0.001041,74.125.24.0-255,331,52443,94,326667
22666,0.00123,172.31.47.0-255,66,52509,94,326667
22667,0.001641,74.125.24.0-255,1484,53993,94,326667
22668,0.00165,74.125.24.0-255,2902,56895,94,326667
22669,0.001654,172.31.47.0-255,66,56961,94,326667
22670,0.001658,74.125.24.0-255,1484,58445,94,326667
22671,0.001688,74.125.24.0-255,4320,62765,94,326667
22672,0.001691,172.31.47.0-255,66,62831,94,326667
22673,0.001694,74.125.24.0-255,1484,64315,94,326667
22674,0.001714,172.31.47.0-255,66,64381,94,326667
22675,0.001719,74.125.24.0-255,2902,67283,94,326667
22676,0.001721,172.31.47.0-255,66,67349,94,326667
22677,0.001754,74.125.24.0-255,7156,74505,94,326667
22678,0.001756,74.125.24.0-255,1484,75989,94,326667
22679,0.00176,172.31.47.0-255,66,76055,94,326667
22680,0.00177,74.125.24.0-255,2184,78239,94,326667
22681,0.001772,172.31.47.0-255,66,78305,94,326667
22682,0.001898,74.125.24.0-255,1484,79789,94,326667
22683,0.001904,74.125.24.0-255,2902,82691,94,326667
22684,0.001907,172.31.47.0-255,66,82757,94,326667
22685,0.00194,74.125.24.0-255,5738,88495,94,326667
22686,0.001943,172.31.47.0-255,66,88561,94,326667
22687,0.00195,74.125.24.0-255,5738,94299,94,326667
22688,0.001952,172.31.47.0-255,66,94365,94,326667
22689,0.001971,74.125.24.0-255,7156,101521,94,326667
22690,0.001973,172.31.47.0-255,66,101587,94,326667
22691,0.001989,172.31.47.0-255,66,101653,94,326667
22692,0.004007,74.125.24.0-255,5738,107391,94,326667
22693,0.004011,172.31.47.0-255,66,107457,94,326667
22694,0.006055,74.125.24.0-255,5738,113195,94,326667
22695,0.00606,172.31.47.0-255,66,113261,94,326667
22696,0.00811,74.125.24.0-255,5738,118999,94,326667
22697,0.00812,172.31.47.0-255,66,119065,94,326667
22698,0.010161,74.125.24.0-255,5738,124803,94,326667
22699,0.010169,172.31.47.0-255,66,124869,94,326667
22700,0.012197,74.125.24.0-255,5738,130607,94,326667
22701,0.012204,172.31.47.0-255,66,130673,94,326667
22702,0.01424,74.125.24.0-255,5738,136411,94,326667
22703,0.014247,172.31.47.0-255,66,136477,94,326667
22704,0.016303,74.125.24.0-255,5738,142215,94,326667
22705,0.016318,172.31.47.0-255,66,142281,94,326667
22706,0.018311,74.125.24.0-255,5738,148019,94,326667
22707,0.01832,172.31.47.0-255,66,148085,94,326667
22708,0.020305,74.125.24.0-255,5738,153823,94,326667
22709,0.020312,172.31.47.0-255,66,153889,94,326667
22710,0.020427,172.31.47.0-255,172,154061,94,326667
22711,0.020455,172.31.47.0-255,1116,155177,94,326667
22712,0.020579,172.31.47.0-255,1514,156691,94,326667
22713,0.020581,172.31.47.0-255,1288,157979,94,326667
22714,0.021988,104.244.42.0-255,66,158045,94,326667
22715,0.022018,104.244.42.0-255,66,158111,94,326667
22716,0.022133,104.244.42.0-255,66,158177,94,326667
22717,0.022304,74.125.24.0-255,5738,163915,94,326667
22718,0.022309,172.31.47.0-255,66,163981,94,326667
22719,0.02288,104.244.42.0-255,108,164089,94,326667
22720,0.022886,172.31.47.0-255,66,164155,94,326667
22721,0.024326,74.125.24.0-255,5738,169893,94,326667
22722,0.024332,172.31.47.0-255,66,169959,94,326667
22723,0.026323,74.125.24.0-255,5738,175697,94,326667
22724,0.02633,172.31.47.0-255,66,175763,94,326667
22725,0.028351,74.125.24.0-255,5738,181501,94,326667
22726,0.028358,172.31.47.0-255,66,181567,94,326667
22727,0.030363,74.125.24.0-255,5738,187305,94,326667
22728,0.030369,172.31.47.0-255,66,187371,94,326667
22729,0.032382,74.125.24.0-255,5738,193109,94,326667
22730,0.032387,172.31.47.0-255,66,193175,94,326667
22731,0.034383,74.125.24.0-255,5738,198913,94,326667
22732,0.034388,172.31.47.0-255,66,198979,94,326667
22733,0.036379,74.125.24.0-255,5738,204717,94,326667
22734,0.036384,172.31.47.0-255,66,204783,94,326667
22735,0.038388,74.125.24.0-255,5738,210521,94,326667
22736,0.038395,172.31.47.0-255,66,210587,94,326667
22737,0.040407,74.125.24.0-255,5738,216325,94,326667
22738,0.040413,172.31.47.0-255,66,216391,94,326667
22739,0.042444,74.125.24.0-255,5738,222129,94,326667
22740,0.042452,172.31.47.0-255,66,222195,94,326667
22741,0.04448,74.125.24.0-255,5738,227933,94,326667
22742,0.044487,172.31.47.0-255,66,227999,94,326667
22743,0.046474,74.125.24.0-255,5738,233737,94,326667
22744,0.04648,172.31.47.0-255,66,233803,94,326667
22745,0.048477,74.125.24.0-255,5738,239541,94,326667
22746,0.048482,172.31.47.0-255,66,239607,94,326667
22747,0.050504,74.125.24.0-255,5738,245345,94,326667
22748,0.05051,172.31.47.0-255,66,245411,94,326667
22749,0.052526,74.125.24.0-255,5738,251149,94,326667
22750,0.052532,172.31.47.0-255,66,251215,94,326667
22751,0.054543,74.125.24.0-255,5738,256953,94,326667
22752,0.054549,172.31.47.0-255,66,257019,94,326667
22753,0.056555,74.125.24.0-255,5738,262757,94,326667
22754,0.05656,172.31.47.0-255,66,262823,94,326667
22755,0.058577,74.125.24.0-255,5738,268561,94,326667
22756,0.058583,172.31.47.0-255,66,268627,94,326667
22757,0.06059,74.125.24.0-255,5738,274365,94,326667
22758,0.060595,172.31.47.0-255,66,274431,94,326667
22759,0.062622,74.125.24.0-255,5738,280169,94,326667
22760,0.062629,172.31.47.0-255,66,280235,94,326667
22761,0.064665,74.125.24.0-255,5738,285973,94,326667
22762,0.064671,172.31.47.0-255,66,286039,94,326667
22763,0.066659,74.125.24.0-255,5738,291777,94,326667
22764,0.066664,172.31.47.0-255,66,291843,94,326667
22765,0.068681,74.125.24.0-255,5738,297581,94,326667
22766,0.068687,172.31.47.0-255,66,297647,94,326667
22767,0.070705,74.125.24.0-255,5738,303385,94,326667
22768,0.070712,172.31.47.0-255,66,303451,94,326667
22769,0.072701,74.125.24.0-255,5738,309189,94,326667
22770,0.072706,172.31.47.0-255,66,309255,94,326667
22771,0.074731,74.125.24.0-255,5738,314993,94,326667
22772,0.074737,172.31.47.0-255,66,315059,94,326667
22773,0.076761,74.125.24.0-255,5738,320797,94,326667
22774,0.076767,172.31.47.0-255,66,320863,94,326667
22775,0.078756,74.125.24.0-255,5738,326601,94,326667
22776,0.078761,172.31.47.0-255,66,326667,94,326667
22777,0.0,74.125.24.0-255,153,153,94,317448
22778,2.9e-05,172.31.47.0-255,66,219,94,317448
22779,3.5e-05,74.125.24.0-255,1484,1703,94,317448
22780,3.9e-05,172.31.47.0-255,66,1769,94,317448
22781,4.3e-05,74.125.24.0-255,2902,4671,94,317448
22782,4.5e-05,172.31.47.0-255,66,4737,94,317448
22783,4.9e-05,74.125.24.0-255,4320,9057,94,317448
22784,5.2e-05,172.31.47.0-255,66,9123,94,317448
22785,9.8e-05,74.125.24.0-255,4900,14023,94,317448
22786,0.000101,172.31.47.0-255,66,14089,94,317448
22787,0.000126,74.125.24.0-255,2902,16991,94,317448
22788,0.000129,172.31.47.0-255,66,17057,94,317448
22789,0.00014,74.125.24.0-255,2902,19959,94,317448
22790,0.000142,172.31.47.0-255,66,20025,94,317448
22791,0.000146,74.125.24.0-255,4320,24345,94,317448
22792,0.000148,172.31.47.0-255,66,24411,94,317448
22793,0.000166,74.125.24.0-255,5738,30149,94,317448
22794,0.000168,172.31.47.0-255,66,30215,94,317448
22795,0.00021,74.125.24.0-255,1484,31699,94,317448
22796,0.000212,172.31.47.0-255,66,31765,94,317448
22797,0.000245,172.31.47.0-255,66,31831,94,317448
22798,0.000431,74.125.24.0-255,1484,33315,94,317448
22799,0.000435,172.31.47.0-255,66,33381,94,317448
22800,0.000439,74.125.24.0-255,2902,36283,94,317448
22801,0.000441,172.31.47.0-255,66,36349,94,317448
22802,0.000456,74.125.24.0-255,5738,42087,94,317448
22803,0.000459,172.31.47.0-255,66,42153,94,317448
22804,0.000489,74.125.24.0-255,6797,48950,94,317448
22805,0.000491,172.31.47.0-255,66,49016,94,317448
22806,0.000508,74.125.24.0-255,677,49693,94,317448
22807,0.000511,172.31.47.0-255,66,49759,94,317448
22808,0.000679,74.125.24.0-255,1484,51243,94,317448
22809,0.000684,74.125.24.0-255,2902,54145,94,317448
22810,0.000686,172.31.47.0-255,66,54211,94,317448
22811,0.000692,74.125.24.0-255,5738,59949,94,317448
22812,0.000694,172.31.47.0-255,66,60015,94,317448
22813,0.000734,74.125.24.0-255,4320,64335,94,317448
22814,0.000737,172.31.47.0-255,66,64401,94,317448
22815,0.000754,74.125.24.0-255,5379,69780,94,317448
22816,0.000756,172.31.47.0-255,66,69846,94,317448
22817,0.000766,172.31.47.0-255,66,69912,94,317448
22818,0.000771,74.125.24.0-255,3961,73873,94,317448
22819,0.000772,172.31.47.0-255,66,73939,94,317448
22820,0.001078,74.125.24.0-255,1484,75423,94,317448
22821,0.001087,74.125.24.0-255,2902,78325,94,317448
22822,0.00109,172.31.47.0-255,66,78391,94,317448
22823,0.001109,74.125.24.0-255,5738,84129,94,317448
22824,0.001112,172.31.47.0-255,66,84195,94,317448
22825,0.001132,74.125.24.0-255,5738,89933,94,317448
22826,0.001135,172.31.47.0-255,66,89999,94,317448
22827,0.001149,74.125.24.0-255,7156,97155,94,317448
22828,0.001151,172.31.47.0-255,66,97221,94,317448
22829,0.001181,74.125.24.0-255,2902,100123,94,317448
22830,0.001183,172.31.47.0-255,66,100189,94,317448
22831,0.00121,172.31.47.0-255,66,100255,94,317448
22832,0.001328,74.125.24.0-255,1484,101739,94,317448
22833,0.001332,74.125.24.0-255,1484,103223,94,317448
22834,0.001335,172.31.47.0-255,66,103289,94,317448
22835,0.001351,74.125.24.0-255,1484,104773,94,317448
22836,0.001357,74.125.24.0-255,5738,110511,94,317448
22837,0.001359,172.31.47.0-255,66,110577,94,317448
22838,0.001375,74.125.24.0-255,5738,116315,94,317448
22839,0.001377,172.31.47.0-255,66,116381,94,317448
22840,0.001397,74.125.24.0-255,7156,123537,94,317448
22841,0.001401,172.31.47.0-255,66,123603,94,317448
22842,0.001412,172.31.47.0-255,66,123669,94,317448
22843,0.001453,172.31.47.0-255,66,123735,94,317448
22844,0.001463,172.31.47.0-255,66,123801,94,317448
22845,0.001514,172.31.47.0-255,66,123867,94,317448
22846,0.001714,74.125.24.0-255,1484,125351,94,317448
22847,0.001718,74.125.24.0-255,2902,128253,94,317448
22848,0.001719,172.31.47.0-255,66,128319,94,317448
22849,0.00174,74.125.24.0-255,5738,134057,94,317448
22850,0.001742,172.31.47.0-255,66,134123,94,317448
22851,0.001757,74.125.24.0-255,4320,138443,94,317448
22852,0.001759,172.31.47.0-255,66,138509,94,317448
22853,0.001777,172.31.47.0-255,66,138575,94,317448
22854,0.001802,74.125.24.0-255,2902,141477,94,317448
22855,0.001804,172.31.47.0-255,66,141543,94,317448
22856,0.001824,172.31.47.0-255,66,141609,94,317448
22857,0.001874,74.125.24.0-255,1484,143093,94,317448
22858,0.001886,74.125.24.0-255,2902,145995,94,317448
22859,0.001888,172.31.47.0-255,66,146061,94,317448
22860,0.001893,74.125.24.0-255,5738,151799,94,317448
22861,0.001894,172.31.47.0-255,66,151865,94,317448
22862,0.001922,74.125.24.0-255,5738,157603,94,317448
22863,0.001923,172.31.47.0-255,66,157669,94,317448
22864,0.001958,74.125.24.0-255,7156,164825,94,317448
22865,0.001961,172.31.47.0-255,66,164891,94,317448
22866,0.001971,172.31.47.0-255,66,164957,94,317448
22867,0.00398,74.125.24.0-255,5738,170695,94,317448
22868,0.003985,172.31.47.0-255,66,170761,94,317448
22869,0.00601,74.125.24.0-255,5738,176499,94,317448
22870,0.006013,172.31.47.0-255,66,176565,94,317448
22871,0.008021,74.125.24.0-255,5738,182303,94,317448
22872,0.008026,172.31.47.0-255,66,182369,94,317448
22873,0.010252,74.125.24.0-255,5738,188107,94,317448
22874,0.010309,172.31.47.0-255,66,188173,94,317448
22875,0.01235,74.125.24.0-255,5738,193911,94,317448
22876,0.012356,172.31.47.0-255,66,193977,94,317448
22877,0.014376,74.125.24.0-255,5738,199715,94,317448
22878,0.014381,172.31.47.0-255,66,199781,94,317448
22879,0.016414,74.125.24.0-255,5738,205519,94,317448
22880,0.01643,172.31.47.0-255,66,205585,94,317448
22881,0.018456,74.125.24.0-255,5738,211323,94,317448
22882,0.018474,172.31.47.0-255,66,211389,94,317448
22883,0.020488,74.125.24.0-255,5738,217127,94,317448
22884,0.020505,172.31.47.0-255,66,217193,94,317448
22885,0.022524,74.125.24.0-255,5738,222931,94,317448
22886,0.022538,172.31.47.0-255,66,222997,94,317448
22887,0.024572,74.125.24.0-255,5738,228735,94,317448
22888,0.024584,172.31.47.0-255,66,228801,94,317448
22889,0.026628,74.125.24.0-255,5738,234539,94,317448
22890,0.026641,172.31.47.0-255,66,234605,94,317448
22891,0.028648,74.125.24.0-255,5738,240343,94,317448
22892,0.02866,172.31.47.0-255,66,240409,94,317448
22893,0.030673,74.125.24.0-255,5738,246147,94,317448
22894,0.030689,172.31.47.0-255,66,246213,94,317448
22895,0.032729,74.125.24.0-255,5738,251951,94,317448
22896,0.032743,172.31.47.0-255,66,252017,94,317448
22897,0.033306,172.31.47.0-255,172,252189,94,317448
22898,0.033337,172.31.47.0-255,1112,253301,94,317448
22899,0.033399,172.31.47.0-255,1514,254815,94,317448
22900,0.033401,172.31.47.0-255,1035,255850,94,317448
22901,0.034766,74.125.24.0-255,5738,261588,94,317448
22902,0.034774,172.31.47.0-255,66,261654,94,317448
22903,0.034823,104.244.42.0-255,66,261720,94,317448
22904,0.03483,104.244.42.0-255,66,261786,94,317448
22905,0.034919,104.244.42.0-255,66,261852,94,317448
22906,0.036821,74.125.24.0-255,5738,267590,94,317448
22907,0.036829,172.31.47.0-255,66,267656,94,317448
22908,0.038851,74.125.24.0-255,5738,273394,94,317448
22909,0.038859,172.31.47.0-255,66,273460,94,317448
22910,0.040858,74.125.24.0-255,5738,279198,94,317448
22911,0.040868,172.31.47.0-255,66,279264,94,317448
22912,0.042877,74.125.24.0-255,5738,285002,94,317448
22913,0.042882,172.31.47.0-255,66,285068,94,317448
22914,0.044874,74.125.24.0-255,5738,290806,94,317448
22915,0.04488,172.31.47.0-255,66,290872,94,317448
22916,0.04691,74.125.24.0-255,5738,296610,94,317448
22917,0.046916,172.31.47.0-255,66,296676,94,317448
22918,0.04891,74.125.24.0-255,5738,302414,94,317448
22919,0.048915,172.31.47.0-255,66,302480,94,317448
22920,0.050923,74.125.24.0-255,5738,308218,94,317448
22921,0.050928,172.31.47.0-255,66,308284,94,317448
22922,0.052936,74.125.24.0-255,4320,312604,94,317448
22923,0.05294,172.31.47.0-255,66,312670,94,317448
22924,0.052969,74.125.24.0-255,1484,314154,94,317448
22925,0.054975,74.125.24.0-255,3057,317211,94,317448
22926,0.054981,172.31.47.0-255,66,317277,94,317448
22927,0.055162,172.31.47.0-255,105,317382,94,317448
22928,0.057161,74.125.24.0-255,66,317448,94,317448
22929,0.0,172.253.118.0-255,152,152,94,327427
22930,2.9e-05,172.31.47.0-255,66,218,94,327427
22931,3.5e-05,172.253.118.0-255,1484,1702,94,327427
22932,3.9e-05,172.31.47.0-255,66,1768,94,327427
22933,4.4e-05,172.253.118.0-255,2902,4670,94,327427
22934,4.7e-05,172.31.47.0-255,66,4736,94,327427
22935,5.4e-05,172.253.118.0-255,7156,11892,94,327427
22936,5.6e-05,172.31.47.0-255,66,11958,94,327427
22937,6e-05,172.253.118.0-255,2055,14013,94,327427
22938,6.2e-05,172.31.47.0-255,66,14079,94,327427
22939,9.5e-05,172.253.118.0-255,2902,16981,94,327427
22940,9.8e-05,172.31.47.0-255,66,17047,94,327427
22941,0.000119,172.31.47.0-255,66,17113,94,327427
22942,0.000122,172.253.118.0-255,1484,18597,94,327427
22943,0.000123,172.31.47.0-255,66,18663,94,327427
22944,0.000141,172.253.118.0-255,3961,22624,94,327427
22945,0.000144,172.31.47.0-255,66,22690,94,327427
22946,0.00016,172.253.118.0-255,1484,24174,94,327427
22947,0.000162,172.31.47.0-255,66,24240,94,327427
22948,0.000183,172.253.118.0-255,2902,27142,94,327427
22949,0.000185,172.31.47.0-255,66,27208,94,327427
22950,0.000206,172.253.118.0-255,5738,32946,94,327427
22951,0.000209,172.31.47.0-255,66,33012,94,327427
22952,0.000213,172.253.118.0-255,4320,37332,94,327427
22953,0.000215,172.31.47.0-255,66,37398,94,327427
22954,0.000263,172.253.118.0-255,2543,39941,94,327427
22955,0.000267,172.31.47.0-255,66,40007,94,327427
22956,0.000293,172.253.118.0-255,2902,42909,94,327427
22957,0.000296,172.31.47.0-255,66,42975,94,327427
22958,0.000302,172.253.118.0-255,5738,48713,94,327427
22959,0.000303,172.31.47.0-255,66,48779,94,327427
22960,0.000314,172.253.118.0-255,1484,50263,94,327427
22961,0.000319,172.253.118.0-255,2902,53165,94,327427
22962,0.000321,172.31.47.0-255,66,53231,94,327427
22963,0.00034,172.253.118.0-255,3961,57192,94,327427
22964,0.000343,172.31.47.0-255,66,57258,94,327427
22965,0.000387,172.253.118.0-255,645,57903,94,327427
22966,0.000624,172.253.118.0-255,1484,59387,94,327427
22967,0.000628,172.31.47.0-255,66,59453,94,327427
22968,0.000631,172.253.118.0-255,1484,60937,94,327427
22969,0.000644,172.253.118.0-255,1484,62421,94,327427
22970,0.000646,172.31.47.0-255,66,62487,94,327427
22971,0.000652,172.253.118.0-255,5738,68225,94,327427
22972,0.000654,172.31.47.0-255,66,68291,94,327427
22973,0.000681,172.253.118.0-255,7156,75447,94,327427
22974,0.000683,172.31.47.0-255,66,75513,94,327427
22975,0.000706,172.31.47.0-255,66,75579,94,327427
22976,0.000719,172.253.118.0-255,5738,81317,94,327427
22977,0.000722,172.31.47.0-255,66,81383,94,327427
22978,0.000725,172.253.118.0-255,2184,83567,94,327427
22979,0.000727,172.31.47.0-255,66,83633,94,327427
22980,0.00113,172.253.118.0-255,1484,85117,94,327427
22981,0.001139,172.253.118.0-255,2902,88019,94,327427
22982,0.001142,172.31.47.0-255,66,88085,94,327427
22983,0.001163,172.253.118.0-255,5738,93823,94,327427
22984,0.001165,172.31.47.0-255,66,93889,94,327427
22985,0.001177,172.253.118.0-255,4320,98209,94,327427
22986,0.001179,172.31.47.0-255,66,98275,94,327427
22987,0.001204,172.253.118.0-255,7156,105431,94,327427
22988,0.001206,172.31.47.0-255,66,105497,94,327427
22989,0.001222,172.253.118.0-255,1484,106981,94,327427
22990,0.001251,172.31.47.0-255,66,107047,94,327427
22991,0.001589,172.253.118.0-255,1484,108531,94,327427
22992,0.001595,172.253.118.0-255,2902,111433,94,327427
22993,0.001598,172.31.47.0-255,66,111499,94,327427
22994,0.001603,172.253.118.0-255,2902,114401,94,327427
22995,0.001604,172.31.47.0-255,66,114467,94,327427
22996,0.001617,172.253.118.0-255,2902,117369,94,327427
22997,0.001619,172.31.47.0-255,66,117435,94,327427
22998,0.001641,172.253.118.0-255,5738,123173,94,327427
22999,0.001642,172.31.47.0-255,66,123239,94,327427
23000,0.001656,172.253.118.0-255,4320,127559,94,327427
23001,0.001658,172.31.47.0-255,66,127625,94,327427
23002,0.001703,172.253.118.0-255,2902,130527,94,327427
23003,0.001705,172.31.47.0-255,66,130593,94,327427
23004,0.001721,172.253.118.0-255,5738,136331,94,327427
23005,0.001722,172.31.47.0-255,66,136397,94,327427
23006,0.001738,172.253.118.0-255,5020,141417,94,327427
23007,0.001739,172.31.47.0-255,66,141483,94,327427
23008,0.001812,172.253.118.0-255,4320,145803,94,327427
23009,0.001815,172.31.47.0-255,66,145869,94,327427
23010,0.00184,172.31.47.0-255,66,145935,94,327427
23011,0.001847,172.253.118.0-255,7156,153091,94,327427
23012,0.001849,172.31.47.0-255,66,153157,94,327427
23013,0.001879,172.31.47.0-255,66,153223,94,327427
23014,0.001884,172.253.118.0-255,3602,156825,94,327427
23015,0.001886,172.31.47.0-255,66,156891,94,327427
23016,0.002008,172.253.118.0-255,1484,158375,94,327427
23017,0.002013,172.253.118.0-255,2902,161277,94,327427
23018,0.002016,172.31.47.0-255,66,161343,94,327427
23019,0.002022,172.253.118.0-255,5738,167081,94,327427
23020,0.002025,172.31.47.0-255,66,167147,94,327427
23021,0.002035,172.31.47.0-255,66,167213,94,327427
23022,0.002057,172.253.118.0-255,4320,171533,94,327427
23023,0.002059,172.31.47.0-255,66,171599,94,327427
23024,0.002066,172.253.118.0-255,7156,178755,94,327427
23025,0.002068,172.31.47.0-255,66,178821,94,327427
23026,0.002073,172.253.118.0-255,3602,182423,94,327427
23027,0.002075,172.31.47.0-255,66,182489,94,327427
23028,0.00208,172.253.118.0-255,4320,186809,94,327427
23029,0.002082,172.31.47.0-255,66,186875,94,327427
23030,0.002093,172.31.47.0-255,66,186941,94,327427
23031,0.002103,172.253.118.0-255,4320,191261,94,327427
23032,0.002105,172.31.47.0-255,66,191327,94,327427
23033,0.00211,172.253.118.0-255,4320,195647,94,327427
23034,0.002113,172.31.47.0-255,66,195713,94,327427
23035,0.002148,172.31.47.0-255,66,195779,94,327427
23036,0.002151,172.253.118.0-255,1484,197263,94,327427
23037,0.002171,172.253.118.0-255,7156,204419,94,327427
23038,0.002173,172.31.47.0-255,66,204485,94,327427
23039,0.002193,172.253.118.0-255,5738,210223,94,327427
23040,0.002195,172.31.47.0-255,66,210289,94,327427
23041,0.002201,172.253.118.0-255,5738,216027,94,327427
23042,0.002203,172.31.47.0-255,66,216093,94,327427
23043,0.002236,172.31.47.0-255,66,216159,94,327427
23044,0.002241,172.253.118.0-255,3602,219761,94,327427
23045,0.002243,172.31.47.0-255,66,219827,94,327427
23046,0.002306,172.253.118.0-255,1484,221311,94,327427
23047,0.002317,172.253.118.0-255,2902,224213,94,327427
23048,0.00232,172.31.47.0-255,66,224279,94,327427
23049,0.002373,172.253.118.0-255,5738,230017,94,327427
23050,0.002377,172.31.47.0-255,66,230083,94,327427
23051,0.00239,172.31.47.0-255,66,230149,94,327427
23052,0.002393,172.253.118.0-255,1484,231633,94,327427
23053,0.002399,172.253.118.0-255,5738,237371,94,327427
23054,0.002401,172.31.47.0-255,66,237437,94,327427
23055,0.004731,172.253.118.0-255,5738,243175,94,327427
23056,0.004736,172.31.47.0-255,66,243241,94,327427
23057,0.007084,172.253.118.0-255,4320,247561,94,327427
23058,0.007089,172.31.47.0-255,66,247627,94,327427
23059,0.007106,172.253.118.0-255,1484,249111,94,327427
23060,0.009437,172.253.118.0-255,4320,253431,94,327427
23061,0.009444,172.31.47.0-255,66,253497,94,327427
23062,0.011846,172.253.118.0-255,5738,259235,94,327427
23063,0.011858,172.31.47.0-255,66,259301,94,327427
23064,0.014196,172.253.118.0-255,5738,265039,94,327427
23065,0.014206,172.31.47.0-255,66,265105,94,327427
23066,0.016557,172.253.118.0-255,5738,270843,94,327427
23067,0.016565,172.31.47.0-255,66,270909,94,327427
23068,0.018899,172.253.118.0-255,5738,276647,94,327427
23069,0.018907,172.31.47.0-255,66,276713,94,327427
23070,0.021259,172.253.118.0-255,5738,282451,94,327427
23071,0.021265,172.31.47.0-255,66,282517,94,327427
23072,0.023595,172.253.118.0-255,5738,288255,94,327427
23073,0.023602,172.31.47.0-255,66,288321,94,327427
23074,0.025942,172.253.118.0-255,5738,294059,94,327427
23075,0.025949,172.31.47.0-255,66,294125,94,327427
23076,0.027622,172.31.47.0-255,171,294296,94,327427
23077,0.027645,172.31.47.0-255,1141,295437,94,327427
23078,0.027679,172.31.47.0-255,1514,296951,94,327427
23079,0.027681,172.31.47.0-255,1514,298465,94,327427
23080,0.027682,172.31.47.0-255,1514,299979,94,327427
23081,0.027683,172.31.47.0-255,1514,301493,94,327427
23082,0.027684,172.31.47.0-255,137,301630,94,327427
23083,0.028286,172.253.118.0-255,5738,307368,94,327427
23084,0.028292,172.31.47.0-255,66,307434,94,327427
23085,0.029174,104.244.42.0-255,66,307500,94,327427
23086,0.029183,104.244.42.0-255,66,307566,94,327427
23087,0.029284,104.244.42.0-255,66,307632,94,327427
23088,0.029287,104.244.42.0-255,66,307698,94,327427
23089,0.030616,172.253.118.0-255,5738,313436,94,327427
23090,0.030623,172.31.47.0-255,66,313502,94,327427
23091,0.032967,172.253.118.0-255,5738,319240,94,327427
23092,0.032972,172.31.47.0-255,66,319306,94,327427
23093,0.035305,172.253.118.0-255,4320,323626,94,327427
23094,0.035309,172.31.47.0-255,66,323692,94,327427
23095,0.035334,172.253.118.0-255,1484,325176,94,327427
23096,0.037633,172.253.118.0-255,2014,327190,94,327427
23097,0.037637,172.31.47.0-255,66,327256,94,327427
23098,0.037783,172.31.47.0-255,105,327361,94,327427
23099,0.040094,172.253.118.0-255,66,327427,94,327427
23100,0.0,172.217.194.0-255,153,153,94,141239
23101,2.7e-05,172.31.47.0-255,66,219,94,141239
23102,3.4e-05,172.217.194.0-255,1484,1703,94,141239
23103,3.7e-05,172.31.47.0-255,66,1769,94,141239
23104,4.1e-05,172.217.194.0-255,2902,4671,94,141239
23105,4.3e-05,172.31.47.0-255,66,4737,94,141239
23106,5.5e-05,172.217.194.0-255,4320,9057,94,141239
23107,5.7e-05,172.31.47.0-255,66,9123,94,141239
23108,8.6e-05,172.217.194.0-255,1484,10607,94,141239
23109,8.9e-05,172.31.47.0-255,66,10673,94,141239
23110,9.6e-05,172.217.194.0-255,6202,16875,94,141239
23111,9.8e-05,172.31.47.0-255,66,16941,94,141239
23112,0.000103,172.217.194.0-255,5738,22679,94,141239
23113,0.000105,172.31.47.0-255,66,22745,94,141239
23114,0.000137,172.31.47.0-255,66,22811,94,141239
23115,0.000205,172.217.194.0-255,1484,24295,94,141239
23116,0.000208,172.31.47.0-255,66,24361,94,141239
23117,0.000229,172.217.194.0-255,2902,27263,94,141239
23118,0.000232,172.31.47.0-255,66,27329,94,141239
23119,0.000237,172.217.194.0-255,5738,33067,94,141239
23120,0.00024,172.31.47.0-255,66,33133,94,141239
23121,0.000273,172.31.47.0-255,66,33199,94,141239
23122,0.000294,172.217.194.0-255,7156,40355,94,141239
23123,0.000297,172.31.47.0-255,66,40421,94,141239
23124,0.000327,172.217.194.0-255,4320,44741,94,141239
23125,0.00033,172.31.47.0-255,66,44807,94,141239
23126,0.000334,172.217.194.0-255,1718,46525,94,141239
23127,0.000336,172.31.47.0-255,66,46591,94,141239
23128,0.000539,172.217.194.0-255,1484,48075,94,141239
23129,0.000542,172.31.47.0-255,66,48141,94,141239
23130,0.000571,172.217.194.0-255,2902,51043,94,141239
23131,0.000574,172.31.47.0-255,66,51109,94,141239
23132,0.00058,172.217.194.0-255,5738,56847,94,141239
23133,0.000582,172.31.47.0-255,66,56913,94,141239
23134,0.000626,172.31.47.0-255,66,56979,94,141239
23135,0.000631,172.217.194.0-255,5738,62717,94,141239
23136,0.000637,172.31.47.0-255,66,62783,94,141239
23137,0.000676,172.217.194.0-255,4320,67103,94,141239
23138,0.000679,172.31.47.0-255,66,67169,94,141239
23139,0.000716,172.217.194.0-255,4320,71489,94,141239
23140,0.000724,172.31.47.0-255,66,71555,94,141239
23141,0.00073,172.217.194.0-255,2543,74098,94,141239
23142,0.000738,172.31.47.0-255,66,74164,94,141239
23143,0.000841,172.217.194.0-255,1484,75648,94,141239
23144,0.00086,172.217.194.0-255,2902,78550,94,141239
23145,0.000863,172.31.47.0-255,66,78616,94,141239
23146,0.000867,172.217.194.0-255,2902,81518,94,141239
23147,0.000877,172.31.47.0-255,66,81584,94,141239
23148,0.000888,172.217.194.0-255,1484,83068,94,141239
23149,0.000903,172.31.47.0-255,66,83134,94,141239
23150,0.000928,172.217.194.0-255,5738,88872,94,141239
23151,0.000935,172.31.47.0-255,66,88938,94,141239
23152,0.000967,172.217.194.0-255,2184,91122,94,141239
23153,0.000976,172.31.47.0-255,66,91188,94,141239
23154,0.001077,172.217.194.0-255,1484,92672,94,141239
23155,0.001108,172.217.194.0-255,2902,95574,94,141239
23156,0.001112,172.31.47.0-255,66,95640,94,141239
23157,0.001115,172.217.194.0-255,1484,97124,94,141239
23158,0.001148,172.217.194.0-255,2902,100026,94,141239
23159,0.001157,172.31.47.0-255,66,100092,94,141239
23160,0.001162,172.31.47.0-255,66,100158,94,141239
23161,0.001187,172.217.194.0-255,7156,107314,94,141239
23162,0.001193,172.31.47.0-255,66,107380,94,141239
23163,0.001232,172.31.47.0-255,66,107446,94,141239
23164,0.001386,172.217.194.0-255,1484,108930,94,141239
23165,0.00139,172.217.194.0-255,1484,110414,94,141239
23166,0.001392,172.31.47.0-255,66,110480,94,141239
23167,0.001416,172.217.194.0-255,1484,111964,94,141239
23168,0.001423,172.217.194.0-255,5738,117702,94,141239
23169,0.001432,172.31.47.0-255,66,117768,94,141239
23170,0.001436,172.31.47.0-255,66,117834,94,141239
23171,0.001442,172.217.194.0-255,1484,119318,94,141239
23172,0.001496,172.31.47.0-255,66,119384,94,141239
23173,0.001543,172.31.47.0-255,66,119450,94,141239
23174,0.001556,172.217.194.0-255,2184,121634,94,141239
23175,0.001558,172.31.47.0-255,66,121700,94,141239
23176,0.001563,172.31.47.0-255,66,121766,94,141239
23177,0.001621,172.31.47.0-255,66,121832,94,141239
23178,0.001648,172.217.194.0-255,7156,128988,94,141239
23179,0.001655,172.31.47.0-255,66,129054,94,141239
23180,0.001676,172.31.47.0-255,66,129120,94,141239
23181,0.001737,172.31.47.0-255,66,129186,94,141239
23182,0.001741,172.31.47.0-255,66,129252,94,141239
23183,0.001785,172.217.194.0-255,1484,130736,94,141239
23184,0.001792,172.31.47.0-255,66,130802,94,141239
23185,0.001873,172.31.47.0-255,66,130868,94,141239
23186,0.001887,172.31.47.0-255,66,130934,94,141239
23187,0.001933,172.217.194.0-255,5607,136541,94,141239
23188,0.001933,172.31.47.0-255,66,136607,94,141239
23189,0.001935,172.217.194.0-255,105,136712,94,141239
23190,0.001939,172.31.47.0-255,66,136778,94,141239
23191,0.003403,172.31.47.0-255,105,136883,94,141239
23192,0.00567,172.217.194.0-255,66,136949,94,141239
23193,0.027019,172.31.47.0-255,172,137121,94,141239
23194,0.027047,172.31.47.0-255,1116,138237,94,141239
23195,0.027081,172.31.47.0-255,1514,139751,94,141239
23196,0.027083,172.31.47.0-255,1290,141041,94,141239
23197,0.028533,104.244.42.0-255,66,141107,94,141239
23198,0.028577,104.244.42.0-255,66,141173,94,141239
23199,0.02862,104.244.42.0-255,66,141239,94,141239
23200,0.0,74.125.24.0-255,298,298,94,260996
23201,2.8e-05,172.31.47.0-255,66,364,94,260996
23202,3.4e-05,74.125.24.0-255,1484,1848,94,260996
23203,3.8e-05,172.31.47.0-255,66,1914,94,260996
23204,7e-05,74.125.24.0-255,2902,4816,94,260996
23205,7.3e-05,172.31.47.0-255,66,4882,94,260996
23206,7.8e-05,74.125.24.0-255,5738,10620,94,260996
23207,8e-05,172.31.47.0-255,66,10686,94,260996
23208,8.5e-05,74.125.24.0-255,3322,14008,94,260996
23209,9e-05,172.31.47.0-255,66,14074,94,260996
23210,9.6e-05,74.125.24.0-255,4320,18394,94,260996
23211,9.9e-05,172.31.47.0-255,66,18460,94,260996
23212,0.000139,172.31.47.0-255,66,18526,94,260996
23213,0.00015,172.31.47.0-255,66,18592,94,260996
23214,0.000189,74.125.24.0-255,1484,20076,94,260996
23215,0.000191,172.31.47.0-255,66,20142,94,260996
23216,0.000218,172.31.47.0-255,66,20208,94,260996
23217,0.001364,74.125.24.0-255,1484,21692,94,260996
23218,0.00137,172.31.47.0-255,66,21758,94,260996
23219,0.001379,74.125.24.0-255,2902,24660,94,260996
23220,0.001382,172.31.47.0-255,66,24726,94,260996
23221,0.001388,74.125.24.0-255,2902,27628,94,260996
23222,0.00139,172.31.47.0-255,66,27694,94,260996
23223,0.001413,74.125.24.0-255,2902,30596,94,260996
23224,0.001416,172.31.47.0-255,66,30662,94,260996
23225,0.001422,74.125.24.0-255,5738,36400,94,260996
23226,0.001424,172.31.47.0-255,66,36466,94,260996
23227,0.001447,74.125.24.0-255,1714,38180,94,260996
23228,0.00145,172.31.47.0-255,66,38246,94,260996
23229,0.003458,74.125.24.0-255,5738,43984,94,260996
23230,0.003463,172.31.47.0-255,66,44050,94,260996
23231,0.005496,74.125.24.0-255,5738,49788,94,260996
23232,0.005501,172.31.47.0-255,66,49854,94,260996
23233,0.007525,74.125.24.0-255,5738,55592,94,260996
23234,0.007532,172.31.47.0-255,66,55658,94,260996
23235,0.009555,74.125.24.0-255,5738,61396,94,260996
23236,0.009563,172.31.47.0-255,66,61462,94,260996
23237,0.01161,74.125.24.0-255,5738,67200,94,260996
23238,0.011622,172.31.47.0-255,66,67266,94,260996
23239,0.013655,74.125.24.0-255,5738,73004,94,260996
23240,0.013667,172.31.47.0-255,66,73070,94,260996
23241,0.015678,74.125.24.0-255,5738,78808,94,260996
23242,0.015685,172.31.47.0-255,66,78874,94,260996
23243,0.017711,74.125.24.0-255,5738,84612,94,260996
23244,0.017717,172.31.47.0-255,66,84678,94,260996
23245,0.019745,74.125.24.0-255,5738,90416,94,260996
23246,0.019752,172.31.47.0-255,66,90482,94,260996
23247,0.02176,74.125.24.0-255,5738,96220,94,260996
23248,0.02177,172.31.47.0-255,66,96286,94,260996
23249,0.023568,172.31.47.0-255,172,96458,94,260996
23250,0.023599,172.31.47.0-255,1112,97570,94,260996
23251,0.02364,172.31.47.0-255,1514,99084,94,260996
23252,0.023642,172.31.47.0-255,1514,100598,94,260996
23253,0.023644,172.31.47.0-255,1514,102112,94,260996
23254,0.023645,172.31.47.0-255,1514,103626,94,260996
23255,0.02367,172.31.47.0-255,166,103792,94,260996
23256,0.023806,74.125.24.0-255,5738,109530,94,260996
23257,0.023814,172.31.47.0-255,66,109596,94,260996
23258,0.025106,104.244.42.0-255,66,109662,94,260996
23259,0.025163,104.244.42.0-255,66,109728,94,260996
23260,0.025213,104.244.42.0-255,66,109794,94,260996
23261,0.025216,104.244.42.0-255,66,109860,94,260996
23262,0.025897,74.125.24.0-255,2902,112762,94,260996
23263,0.025901,172.31.47.0-255,66,112828,94,260996
23264,0.02593,74.125.24.0-255,2902,115730,94,260996
23265,0.025932,172.31.47.0-255,66,115796,94,260996
23266,0.027994,74.125.24.0-255,5738,121534,94,260996
23267,0.028,172.31.47.0-255,66,121600,94,260996
23268,0.030025,74.125.24.0-255,4320,125920,94,260996
23269,0.030029,172.31.47.0-255,66,125986,94,260996
23270,0.030056,74.125.24.0-255,1484,127470,94,260996
23271,0.032032,74.125.24.0-255,4320,131790,94,260996
23272,0.032039,172.31.47.0-255,66,131856,94,260996
23273,0.034064,74.125.24.0-255,5738,137594,94,260996
23274,0.034069,172.31.47.0-255,66,137660,94,260996
23275,0.036079,74.125.24.0-255,1484,139144,94,260996
23276,0.036102,74.125.24.0-255,4320,143464,94,260996
23277,0.036107,172.31.47.0-255,66,143530,94,260996
23278,0.038133,74.125.24.0-255,4320,147850,94,260996
23279,0.038137,172.31.47.0-255,66,147916,94,260996
23280,0.038167,74.125.24.0-255,1484,149400,94,260996
23281,0.040142,74.125.24.0-255,4320,153720,94,260996
23282,0.040147,172.31.47.0-255,66,153786,94,260996
23283,0.042167,74.125.24.0-255,5738,159524,94,260996
23284,0.042171,172.31.47.0-255,66,159590,94,260996
23285,0.044171,74.125.24.0-255,2902,162492,94,260996
23286,0.044176,172.31.47.0-255,66,162558,94,260996
23287,0.044201,74.125.24.0-255,2902,165460,94,260996
23288,0.044204,172.31.47.0-255,66,165526,94,260996
23289,0.046182,74.125.24.0-255,2902,168428,94,260996
23290,0.046188,172.31.47.0-255,66,168494,94,260996
23291,0.046221,74.125.24.0-255,2902,171396,94,260996
23292,0.046224,172.31.47.0-255,66,171462,94,260996
23293,0.048206,74.125.24.0-255,2902,174364,94,260996
23294,0.048211,172.31.47.0-255,66,174430,94,260996
23295,0.048235,74.125.24.0-255,2902,177332,94,260996
23296,0.048237,172.31.47.0-255,66,177398,94,260996
23297,0.050246,74.125.24.0-255,5738,183136,94,260996
23298,0.050252,172.31.47.0-255,66,183202,94,260996
23299,0.052268,74.125.24.0-255,5738,188940,94,260996
23300,0.052274,172.31.47.0-255,66,189006,94,260996
23301,0.054266,74.125.24.0-255,5738,194744,94,260996
23302,0.054271,172.31.47.0-255,66,194810,94,260996
23303,0.056281,74.125.24.0-255,5738,200548,94,260996
23304,0.056288,172.31.47.0-255,66,200614,94,260996
23305,0.058308,74.125.24.0-255,5738,206352,94,260996
23306,0.058314,172.31.47.0-255,66,206418,94,260996
23307,0.060323,74.125.24.0-255,4320,210738,94,260996
23308,0.060328,172.31.47.0-255,66,210804,94,260996
23309,0.060355,74.125.24.0-255,1484,212288,94,260996
23310,0.06234,74.125.24.0-255,2902,215190,94,260996
23311,0.062345,172.31.47.0-255,66,215256,94,260996
23312,0.062377,74.125.24.0-255,1484,216740,94,260996
23313,0.064338,74.125.24.0-255,2902,219642,94,260996
23314,0.064342,172.31.47.0-255,66,219708,94,260996
23315,0.06437,74.125.24.0-255,1484,221192,94,260996
23316,0.066368,74.125.24.0-255,4320,225512,94,260996
23317,0.066374,172.31.47.0-255,66,225578,94,260996
23318,0.068375,74.125.24.0-255,5738,231316,94,260996
23319,0.068381,172.31.47.0-255,66,231382,94,260996
23320,0.070386,74.125.24.0-255,5738,237120,94,260996
23321,0.070393,172.31.47.0-255,66,237186,94,260996
23322,0.07242,74.125.24.0-255,2902,240088,94,260996
23323,0.072427,172.31.47.0-255,66,240154,94,260996
23324,0.072448,74.125.24.0-255,2902,243056,94,260996
23325,0.072452,172.31.47.0-255,66,243122,94,260996
23326,0.07444,74.125.24.0-255,2902,246024,94,260996
23327,0.074446,172.31.47.0-255,66,246090,94,260996
23328,0.074485,74.125.24.0-255,2902,248992,94,260996
23329,0.074488,172.31.47.0-255,66,249058,94,260996
23330,0.076429,74.125.24.0-255,2902,251960,94,260996
23331,0.076434,172.31.47.0-255,66,252026,94,260996
23332,0.07649,74.125.24.0-255,2902,254928,94,260996
23333,0.076494,172.31.47.0-255,66,254994,94,260996
23334,0.078441,74.125.24.0-255,2902,257896,94,260996
23335,0.078446,172.31.47.0-255,66,257962,94,260996
23336,0.07849,74.125.24.0-255,1484,259446,94,260996
23337,0.078505,74.125.24.0-255,1484,260930,94,260996
23338,0.078507,172.31.47.0-255,66,260996,94,260996
23339,0.0,74.125.200.0-255,153,153,94,353405
23340,1.5e-05,172.31.47.0-255,66,219,94,353405
23341,2.2e-05,74.125.200.0-255,1484,1703,94,353405
23342,2.6e-05,172.31.47.0-255,66,1769,94,353405
23343,3.2e-05,74.125.200.0-255,2902,4671,94,353405
23344,3.5e-05,172.31.47.0-255,66,4737,94,353405
23345,3.8e-05,74.125.200.0-255,1484,6221,94,353405
23346,4e-05,172.31.47.0-255,66,6287,94,353405
23347,7e-05,74.125.200.0-255,2902,9189,94,353405
23348,7.3e-05,172.31.47.0-255,66,9255,94,353405
23349,0.000117,74.125.200.0-255,4963,14218,94,353405
23350,0.00012,172.31.47.0-255,66,14284,94,353405
23351,0.000126,74.125.200.0-255,4320,18604,94,353405
23352,0.000128,172.31.47.0-255,66,18670,94,353405
23353,0.00014,74.125.200.0-255,1484,20154,94,353405
23354,0.000142,172.31.47.0-255,66,20220,94,353405
23355,0.000151,74.125.200.0-255,7156,27376,94,353405
23356,0.000153,172.31.47.0-255,66,27442,94,353405
23357,0.000225,74.125.200.0-255,3961,31403,94,353405
23358,0.000229,172.31.47.0-255,66,31469,94,353405
23359,0.000322,74.125.200.0-255,1484,32953,94,353405
23360,0.000325,172.31.47.0-255,66,33019,94,353405
23361,0.000329,74.125.200.0-255,1484,34503,94,353405
23362,0.000331,172.31.47.0-255,66,34569,94,353405
23363,0.000367,74.125.200.0-255,2902,37471,94,353405
23364,0.00037,172.31.47.0-255,66,37537,94,353405
23365,0.00047,74.125.200.0-255,1484,39021,94,353405
23366,0.000473,172.31.47.0-255,66,39087,94,353405
23367,0.000487,74.125.200.0-255,2902,41989,94,353405
23368,0.00049,172.31.47.0-255,66,42055,94,353405
23369,0.00051,74.125.200.0-255,4320,46375,94,353405
23370,0.000514,172.31.47.0-255,66,46441,94,353405
23371,0.000538,74.125.200.0-255,2543,48984,94,353405
23372,0.000541,172.31.47.0-255,66,49050,94,353405
23373,0.000588,74.125.200.0-255,2902,51952,94,353405
23374,0.000592,172.31.47.0-255,66,52018,94,353405
23375,0.000641,74.125.200.0-255,4320,56338,94,353405
23376,0.000644,172.31.47.0-255,66,56404,94,353405
23377,0.000673,74.125.200.0-255,5738,62142,94,353405
23378,0.000676,172.31.47.0-255,66,62208,94,353405
23379,0.000711,74.125.200.0-255,2902,65110,94,353405
23380,0.000714,172.31.47.0-255,66,65176,94,353405
23381,0.00073,74.125.200.0-255,1125,66301,94,353405
23382,0.000778,74.125.200.0-255,413,66714,94,353405
23383,0.00112,74.125.200.0-255,1484,68198,94,353405
23384,0.001125,172.31.47.0-255,66,68264,94,353405
23385,0.001145,74.125.200.0-255,1484,69748,94,353405
23386,0.001201,74.125.200.0-255,1484,71232,94,353405
23387,0.001204,172.31.47.0-255,66,71298,94,353405
23388,0.001209,74.125.200.0-255,1484,72782,94,353405
23389,0.001225,74.125.200.0-255,1484,74266,94,353405
23390,0.001227,172.31.47.0-255,66,74332,94,353405
23391,0.001253,74.125.200.0-255,5738,80070,94,353405
23392,0.001257,172.31.47.0-255,66,80136,94,353405
23393,0.001269,74.125.200.0-255,4320,84456,94,353405
23394,0.001271,172.31.47.0-255,66,84522,94,353405
23395,0.001297,74.125.200.0-255,2902,87424,94,353405
23396,0.0013,172.31.47.0-255,66,87490,94,353405
23397,0.001307,74.125.200.0-255,5738,93228,94,353405
23398,0.001308,172.31.47.0-255,66,93294,94,353405
23399,0.001354,74.125.200.0-255,1484,94778,94,353405
23400,0.001376,74.125.200.0-255,5738,100516,94,353405
23401,0.001379,172.31.47.0-255,66,100582,94,353405
23402,0.001383,74.125.200.0-255,766,101348,94,353405
23403,0.001633,172.31.47.0-255,66,101414,94,353405
23404,0.001812,74.125.200.0-255,1484,102898,94,353405
23405,0.001821,74.125.200.0-255,2902,105800,94,353405
23406,0.001825,172.31.47.0-255,66,105866,94,353405
23407,0.001831,74.125.200.0-255,2902,108768,94,353405
23408,0.001834,172.31.47.0-255,66,108834,94,353405
23409,0.001847,74.125.200.0-255,2902,111736,94,353405
23410,0.001849,172.31.47.0-255,66,111802,94,353405
23411,0.001854,74.125.200.0-255,2902,114704,94,353405
23412,0.001856,172.31.47.0-255,66,114770,94,353405
23413,0.00186,74.125.200.0-255,2902,117672,94,353405
23414,0.001862,172.31.47.0-255,66,117738,94,353405
23415,0.001906,74.125.200.0-255,1484,119222,94,353405
23416,0.001919,172.31.47.0-255,66,119288,94,353405
23417,0.00193,172.31.47.0-255,66,119354,94,353405
23418,0.001934,74.125.200.0-255,2902,122256,94,353405
23419,0.001936,172.31.47.0-255,66,122322,94,353405
23420,0.00197,74.125.200.0-255,5738,128060,94,353405
23421,0.001973,172.31.47.0-255,66,128126,94,353405
23422,0.001977,74.125.200.0-255,4320,132446,94,353405
23423,0.001979,172.31.47.0-255,66,132512,94,353405
23424,0.001985,74.125.200.0-255,5738,138250,94,353405
23425,0.001987,172.31.47.0-255,66,138316,94,353405
23426,0.00204,172.31.47.0-255,66,138382,94,353405
23427,0.002058,74.125.200.0-255,2902,141284,94,353405
23428,0.002061,172.31.47.0-255,66,141350,94,353405
23429,0.002078,74.125.200.0-255,2184,143534,94,353405
23430,0.002082,172.31.47.0-255,66,143600,94,353405
23431,0.002118,74.125.200.0-255,1484,145084,94,353405
23432,0.002131,74.125.200.0-255,2902,147986,94,353405
23433,0.002135,172.31.47.0-255,66,148052,94,353405
23434,0.002138,74.125.200.0-255,1484,149536,94,353405
23435,0.002158,74.125.200.0-255,4320,153856,94,353405
23436,0.00216,172.31.47.0-255,66,153922,94,353405
23437,0.002165,74.125.200.0-255,2902,156824,94,353405
23438,0.002167,172.31.47.0-255,66,156890,94,353405
23439,0.002186,74.125.200.0-255,4320,161210,94,353405
23440,0.002188,172.31.47.0-255,66,161276,94,353405
23441,0.002229,172.31.47.0-255,66,161342,94,353405
23442,0.002233,74.125.200.0-255,2184,163526,94,353405
23443,0.002236,172.31.47.0-255,66,163592,94,353405
23444,0.002276,74.125.200.0-255,1484,165076,94,353405
23445,0.002292,74.125.200.0-255,2902,167978,94,353405
23446,0.002296,172.31.47.0-255,66,168044,94,353405
23447,0.002302,74.125.200.0-255,4320,172364,94,353405
23448,0.002304,172.31.47.0-255,66,172430,94,353405
23449,0.002318,74.125.200.0-255,1484,173914,94,353405
23450,0.002324,74.125.200.0-255,4320,178234,94,353405
23451,0.002327,172.31.47.0-255,66,178300,94,353405
23452,0.002348,74.125.200.0-255,2902,181202,94,353405
23453,0.00235,172.31.47.0-255,66,181268,94,353405
23454,0.002358,74.125.200.0-255,7156,188424,94,353405
23455,0.002361,172.31.47.0-255,66,188490,94,353405
23456,0.002386,74.125.200.0-255,7156,195646,94,353405
23457,0.002389,172.31.47.0-255,66,195712,94,353405
23458,0.002393,74.125.200.0-255,2184,197896,94,353405
23459,0.002396,172.31.47.0-255,66,197962,94,353405
23460,0.002421,74.125.200.0-255,2902,200864,94,353405
23461,0.002424,172.31.47.0-255,66,200930,94,353405
23462,0.00245,172.31.47.0-255,66,200996,94,353405
23463,0.002488,172.31.47.0-255,66,201062,94,353405
23464,0.002493,74.125.200.0-255,3602,204664,94,353405
23465,0.002495,172.31.47.0-255,66,204730,94,353405
23466,0.004991,74.125.200.0-255,5738,210468,94,353405
23467,0.005012,172.31.47.0-255,66,210534,94,353405
23468,0.007526,74.125.200.0-255,5738,216272,94,353405
23469,0.007545,172.31.47.0-255,66,216338,94,353405
23470,0.010031,74.125.200.0-255,5738,222076,94,353405
23471,0.010038,172.31.47.0-255,66,222142,94,353405
23472,0.01254,74.125.200.0-255,5738,227880,94,353405
23473,0.012551,172.31.47.0-255,66,227946,94,353405
23474,0.015051,74.125.200.0-255,5738,233684,94,353405
23475,0.015061,172.31.47.0-255,66,233750,94,353405
23476,0.017573,74.125.200.0-255,5738,239488,94,353405
23477,0.017585,172.31.47.0-255,66,239554,94,353405
23478,0.0201,74.125.200.0-255,5738,245292,94,353405
23479,0.020118,172.31.47.0-255,66,245358,94,353405
23480,0.022622,74.125.200.0-255,5738,251096,94,353405
23481,0.022639,172.31.47.0-255,66,251162,94,353405
23482,0.025163,74.125.200.0-255,5738,256900,94,353405
23483,0.025182,172.31.47.0-255,66,256966,94,353405
23484,0.02768,74.125.200.0-255,5738,262704,94,353405
23485,0.027693,172.31.47.0-255,66,262770,94,353405
23486,0.030202,74.125.200.0-255,5738,268508,94,353405
23487,0.030219,172.31.47.0-255,66,268574,94,353405
23488,0.032772,74.125.200.0-255,5738,274312,94,353405
23489,0.032791,172.31.47.0-255,66,274378,94,353405
23490,0.035294,74.125.200.0-255,5738,280116,94,353405
23491,0.035306,172.31.47.0-255,66,280182,94,353405
23492,0.037817,74.125.200.0-255,5738,285920,94,353405
23493,0.037836,172.31.47.0-255,66,285986,94,353405
23494,0.040344,74.125.200.0-255,5738,291724,94,353405
23495,0.040353,172.31.47.0-255,66,291790,94,353405
23496,0.042845,74.125.200.0-255,5738,297528,94,353405
23497,0.042859,172.31.47.0-255,66,297594,94,353405
23498,0.045376,74.125.200.0-255,5738,303332,94,353405
23499,0.045394,172.31.47.0-255,66,303398,94,353405
23500,0.047908,74.125.200.0-255,5738,309136,94,353405
23501,0.047921,172.31.47.0-255,66,309202,94,353405
23502,0.050442,74.125.200.0-255,5738,314940,94,353405
23503,0.050455,172.31.47.0-255,66,315006,94,353405
23504,0.052987,74.125.200.0-255,5738,320744,94,353405
23505,0.053004,172.31.47.0-255,66,320810,94,353405
23506,0.054075,172.31.47.0-255,172,320982,94,353405
23507,0.054109,172.31.47.0-255,1108,322090,94,353405
23508,0.054167,172.31.47.0-255,1514,323604,94,353405
23509,0.054169,172.31.47.0-255,1296,324900,94,353405
23510,0.05551,74.125.200.0-255,5738,330638,94,353405
23511,0.055518,172.31.47.0-255,66,330704,94,353405
23512,0.055613,104.244.42.0-255,66,330770,94,353405
23513,0.055661,104.244.42.0-255,66,330836,94,353405
23514,0.05577,104.244.42.0-255,66,330902,94,353405
23515,0.05697,104.244.42.0-255,108,331010,94,353405
23516,0.056977,172.31.47.0-255,66,331076,94,353405
23517,0.058005,74.125.200.0-255,5738,336814,94,353405
23518,0.058009,172.31.47.0-255,66,336880,94,353405
23519,0.06051,74.125.200.0-255,5738,342618,94,353405
23520,0.060515,172.31.47.0-255,66,342684,94,353405
23521,0.063021,74.125.200.0-255,5738,348422,94,353405
23522,0.063028,172.31.47.0-255,66,348488,94,353405
23523,0.065537,74.125.200.0-255,4680,353168,94,353405
23524,0.065544,172.31.47.0-255,66,353234,94,353405
23525,0.065742,172.31.47.0-255,105,353339,94,353405
23526,0.068202,74.125.200.0-255,66,353405,94,353405
23527,0.0,74.125.24.0-255,298,298,94,265741
23528,2e-05,172.31.47.0-255,66,364,94,265741
23529,2.7e-05,74.125.24.0-255,1484,1848,94,265741
23530,3e-05,172.31.47.0-255,66,1914,94,265741
23531,4.5e-05,74.125.24.0-255,4320,6234,94,265741
23532,4.9e-05,172.31.47.0-255,66,6300,94,265741
23533,5.5e-05,74.125.24.0-255,5738,12038,94,265741
23534,5.9e-05,172.31.47.0-255,66,12104,94,265741
23535,0.000115,172.31.47.0-255,66,12170,94,265741
23536,0.000127,172.31.47.0-255,66,12236,94,265741
23537,0.000164,74.125.24.0-255,4320,16556,94,265741
23538,0.000167,172.31.47.0-255,66,16622,94,265741
23539,0.000205,172.31.47.0-255,66,16688,94,265741
23540,0.000209,74.125.24.0-255,2902,19590,94,265741
23541,0.000211,172.31.47.0-255,66,19656,94,265741
23542,0.000216,74.125.24.0-255,4320,23976,94,265741
23543,0.000225,172.31.47.0-255,66,24042,94,265741
23544,0.00023,74.125.24.0-255,2902,26944,94,265741
23545,0.000232,172.31.47.0-255,66,27010,94,265741
23546,0.000265,74.125.24.0-255,5738,32748,94,265741
23547,0.000268,172.31.47.0-255,66,32814,94,265741
23548,0.000286,74.125.24.0-255,1433,34247,94,265741
23549,0.000289,172.31.47.0-255,66,34313,94,265741
23550,0.000605,74.125.24.0-255,115,34428,94,265741
23551,0.000612,172.31.47.0-255,66,34494,94,265741
23552,0.000789,74.125.24.0-255,1484,35978,94,265741
23553,0.000794,172.31.47.0-255,66,36044,94,265741
23554,0.000828,74.125.24.0-255,2902,38946,94,265741
23555,0.000833,172.31.47.0-255,66,39012,94,265741
23556,0.000839,74.125.24.0-255,5738,44750,94,265741
23557,0.000841,172.31.47.0-255,66,44816,94,265741
23558,0.000874,74.125.24.0-255,2902,47718,94,265741
23559,0.000877,172.31.47.0-255,66,47784,94,265741
23560,0.000927,172.31.47.0-255,66,47850,94,265741
23561,0.000945,172.31.47.0-255,66,47916,94,265741
23562,0.001555,74.125.24.0-255,1484,49400,94,265741
23563,0.001563,74.125.24.0-255,2902,52302,94,265741
23564,0.001567,172.31.47.0-255,66,52368,94,265741
23565,0.001574,74.125.24.0-255,5738,58106,94,265741
23566,0.001576,172.31.47.0-255,66,58172,94,265741
23567,0.001603,74.125.24.0-255,5738,63910,94,265741
23568,0.001605,172.31.47.0-255,66,63976,94,265741
23569,0.001633,74.125.24.0-255,4320,68296,94,265741
23570,0.001636,172.31.47.0-255,66,68362,94,265741
23571,0.001643,74.125.24.0-255,7156,75518,94,265741
23572,0.001645,172.31.47.0-255,66,75584,94,265741
23573,0.001681,74.125.24.0-255,6438,82022,94,265741
23574,0.001684,172.31.47.0-255,66,82088,94,265741
23575,0.001956,74.125.24.0-255,1484,83572,94,265741
23576,0.001962,74.125.24.0-255,2902,86474,94,265741
23577,0.001965,172.31.47.0-255,66,86540,94,265741
23578,0.001995,74.125.24.0-255,4320,90860,94,265741
23579,0.001997,172.31.47.0-255,66,90926,94,265741
23580,0.002001,74.125.24.0-255,2902,93828,94,265741
23581,0.002003,172.31.47.0-255,66,93894,94,265741
23582,0.002029,74.125.24.0-255,5738,99632,94,265741
23583,0.002031,172.31.47.0-255,66,99698,94,265741
23584,0.00204,74.125.24.0-255,2902,102600,94,265741
23585,0.002042,172.31.47.0-255,66,102666,94,265741
23586,0.002074,172.31.47.0-255,66,102732,94,265741
23587,0.002077,74.125.24.0-255,1484,104216,94,265741
23588,0.002106,172.31.47.0-255,66,104282,94,265741
23589,0.002134,74.125.24.0-255,2184,106466,94,265741
23590,0.002136,172.31.47.0-255,66,106532,94,265741
23591,0.002146,172.31.47.0-255,66,106598,94,265741
23592,0.002151,74.125.24.0-255,4320,110918,94,265741
23593,0.002152,172.31.47.0-255,66,110984,94,265741
23594,0.002187,172.31.47.0-255,66,111050,94,265741
23595,0.00219,74.125.24.0-255,1484,112534,94,265741
23596,0.002213,74.125.24.0-255,2902,115436,94,265741
23597,0.002215,172.31.47.0-255,66,115502,94,265741
23598,0.00222,74.125.24.0-255,5738,121240,94,265741
23599,0.002222,172.31.47.0-255,66,121306,94,265741
23600,0.002269,172.31.47.0-255,66,121372,94,265741
23601,0.002275,74.125.24.0-255,5738,127110,94,265741
23602,0.002277,172.31.47.0-255,66,127176,94,265741
23603,0.002313,74.125.24.0-255,7156,134332,94,265741
23604,0.002315,172.31.47.0-255,66,134398,94,265741
23605,0.002347,74.125.24.0-255,3602,138000,94,265741
23606,0.00235,172.31.47.0-255,66,138066,94,265741
23607,0.002366,172.31.47.0-255,66,138132,94,265741
23608,0.002378,74.125.24.0-255,7156,145288,94,265741
23609,0.002381,172.31.47.0-255,66,145354,94,265741
23610,0.002414,74.125.24.0-255,7156,152510,94,265741
23611,0.002417,172.31.47.0-255,66,152576,94,265741
23612,0.002482,172.31.47.0-255,66,152642,94,265741
23613,0.002526,172.31.47.0-255,66,152708,94,265741
23614,0.002564,74.125.24.0-255,1484,154192,94,265741
23615,0.002577,74.125.24.0-255,2902,157094,94,265741
23616,0.002589,74.125.24.0-255,1484,158578,94,265741
23617,0.002605,172.31.47.0-255,66,158644,94,265741
23618,0.00261,74.125.24.0-255,4320,162964,94,265741
23619,0.002614,172.31.47.0-255,66,163030,94,265741
23620,0.005198,74.125.24.0-255,2902,165932,94,265741
23621,0.005204,172.31.47.0-255,66,165998,94,265741
23622,0.005236,74.125.24.0-255,2902,168900,94,265741
23623,0.00524,172.31.47.0-255,66,168966,94,265741
23624,0.00777,74.125.24.0-255,2902,171868,94,265741
23625,0.007777,172.31.47.0-255,66,171934,94,265741
23626,0.007803,74.125.24.0-255,2902,174836,94,265741
23627,0.007807,172.31.47.0-255,66,174902,94,265741
23628,0.01033,74.125.24.0-255,2902,177804,94,265741
23629,0.01034,172.31.47.0-255,66,177870,94,265741
23630,0.010371,74.125.24.0-255,1484,179354,94,265741
23631,0.010387,74.125.24.0-255,1484,180838,94,265741
23632,0.010391,172.31.47.0-255,66,180904,94,265741
23633,0.012909,74.125.24.0-255,2902,183806,94,265741
23634,0.012917,172.31.47.0-255,66,183872,94,265741
23635,0.012939,74.125.24.0-255,2902,186774,94,265741
23636,0.012942,172.31.47.0-255,66,186840,94,265741
23637,0.015512,74.125.24.0-255,5738,192578,94,265741
23638,0.015526,172.31.47.0-255,66,192644,94,265741
23639,0.018165,74.125.24.0-255,5738,198382,94,265741
23640,0.018177,172.31.47.0-255,66,198448,94,265741
23641,0.020778,74.125.24.0-255,5738,204186,94,265741
23642,0.02079,172.31.47.0-255,66,204252,94,265741
23643,0.023414,74.125.24.0-255,5738,209990,94,265741
23644,0.023431,172.31.47.0-255,66,210056,94,265741
23645,0.026034,74.125.24.0-255,5738,215794,94,265741
23646,0.026043,172.31.47.0-255,66,215860,94,265741
23647,0.028657,74.125.24.0-255,5738,221598,94,265741
23648,0.028676,172.31.47.0-255,66,221664,94,265741
23649,0.031292,74.125.24.0-255,5738,227402,94,265741
23650,0.03131,172.31.47.0-255,66,227468,94,265741
23651,0.033903,74.125.24.0-255,5738,233206,94,265741
23652,0.033917,172.31.47.0-255,66,233272,94,265741
23653,0.035807,172.31.47.0-255,172,233444,94,265741
23654,0.035848,172.31.47.0-255,1071,234515,94,265741
23655,0.036557,74.125.24.0-255,5738,240253,94,265741
23656,0.036567,172.31.47.0-255,66,240319,94,265741
23657,0.037348,104.244.42.0-255,66,240385,94,265741
23658,0.037374,104.244.42.0-255,66,240451,94,265741
23659,0.039165,74.125.24.0-255,5738,246189,94,265741
23660,0.039173,172.31.47.0-255,66,246255,94,265741
23661,0.041787,74.125.24.0-255,5738,251993,94,265741
23662,0.041811,172.31.47.0-255,66,252059,94,265741
23663,0.044423,74.125.24.0-255,5738,257797,94,265741
23664,0.044438,172.31.47.0-255,66,257863,94,265741
23665,0.047129,74.125.24.0-255,5738,263601,94,265741
23666,0.047149,172.31.47.0-255,66,263667,94,265741
23667,0.049721,74.125.24.0-255,1837,265504,94,265741
23668,0.049759,172.31.47.0-255,66,265570,94,265741
23669,0.050702,172.31.47.0-255,105,265675,94,265741
23670,0.053436,74.125.24.0-255,66,265741,94,265741
23671,0.0,74.125.24.0-255,153,153,94,321636
23672,3.1e-05,172.31.47.0-255,66,219,94,321636
23673,3.8e-05,74.125.24.0-255,1484,1703,94,321636
23674,4.2e-05,172.31.47.0-255,66,1769,94,321636
23675,4.6e-05,74.125.24.0-255,2902,4671,94,321636
23676,4.8e-05,172.31.47.0-255,66,4737,94,321636
23677,5.1e-05,74.125.24.0-255,1484,6221,94,321636
23678,5.2e-05,172.31.47.0-255,66,6287,94,321636
23679,8.2e-05,74.125.24.0-255,4320,10607,94,321636
23680,8.4e-05,172.31.47.0-255,66,10673,94,321636
23681,8.8e-05,74.125.24.0-255,3385,14058,94,321636
23682,9.1e-05,172.31.47.0-255,66,14124,94,321636
23683,0.000201,74.125.24.0-255,1484,15608,94,321636
23684,0.000205,172.31.47.0-255,66,15674,94,321636
23685,0.00021,74.125.24.0-255,2902,18576,94,321636
23686,0.000211,172.31.47.0-255,66,18642,94,321636
23687,0.000214,74.125.24.0-255,1484,20126,94,321636
23688,0.000216,172.31.47.0-255,66,20192,94,321636
23689,0.000252,74.125.24.0-255,4320,24512,94,321636
23690,0.000255,172.31.47.0-255,66,24578,94,321636
23691,0.000273,74.125.24.0-255,6797,31375,94,321636
23692,0.000276,172.31.47.0-255,66,31441,94,321636
23693,0.000509,74.125.24.0-255,1484,32925,94,321636
23694,0.000512,172.31.47.0-255,66,32991,94,321636
23695,0.000519,74.125.24.0-255,1484,34475,94,321636
23696,0.000521,172.31.47.0-255,66,34541,94,321636
23697,0.000543,74.125.24.0-255,1484,36025,94,321636
23698,0.000545,172.31.47.0-255,66,36091,94,321636
23699,0.00055,74.125.24.0-255,2902,38993,94,321636
23700,0.000552,172.31.47.0-255,66,39059,94,321636
23701,0.000562,74.125.24.0-255,7156,46215,94,321636
23702,0.000564,172.31.47.0-255,66,46281,94,321636
23703,0.000587,74.125.24.0-255,2543,48824,94,321636
23704,0.00059,172.31.47.0-255,66,48890,94,321636
23705,0.000914,74.125.24.0-255,1484,50374,94,321636
23706,0.000923,74.125.24.0-255,2902,53276,94,321636
23707,0.000927,172.31.47.0-255,66,53342,94,321636
23708,0.000959,74.125.24.0-255,2902,56244,94,321636
23709,0.000962,172.31.47.0-255,66,56310,94,321636
23710,0.000969,74.125.24.0-255,4320,60630,94,321636
23711,0.00097,172.31.47.0-255,66,60696,94,321636
23712,0.001005,74.125.24.0-255,5959,66655,94,321636
23713,0.001009,172.31.47.0-255,66,66721,94,321636
23714,0.001242,74.125.24.0-255,1484,68205,94,321636
23715,0.00125,74.125.24.0-255,2902,71107,94,321636
23716,0.001254,172.31.47.0-255,66,71173,94,321636
23717,0.001258,74.125.24.0-255,1484,72657,94,321636
23718,0.001285,74.125.24.0-255,4320,76977,94,321636
23719,0.001288,172.31.47.0-255,66,77043,94,321636
23720,0.00129,74.125.24.0-255,1484,78527,94,321636
23721,0.001318,74.125.24.0-255,5379,83906,94,321636
23722,0.00132,172.31.47.0-255,66,83972,94,321636
23723,0.001497,74.125.24.0-255,1484,85456,94,321636
23724,0.001505,74.125.24.0-255,2902,88358,94,321636
23725,0.001508,172.31.47.0-255,66,88424,94,321636
23726,0.001515,74.125.24.0-255,5738,94162,94,321636
23727,0.001517,172.31.47.0-255,66,94228,94,321636
23728,0.001537,74.125.24.0-255,2902,97130,94,321636
23729,0.001539,172.31.47.0-255,66,97196,94,321636
23730,0.001565,74.125.24.0-255,3961,101157,94,321636
23731,0.001567,172.31.47.0-255,66,101223,94,321636
23732,0.00182,74.125.24.0-255,1484,102707,94,321636
23733,0.001827,74.125.24.0-255,2902,105609,94,321636
23734,0.00183,172.31.47.0-255,66,105675,94,321636
23735,0.001864,74.125.24.0-255,1484,107159,94,321636
23736,0.001883,74.125.24.0-255,4320,111479,94,321636
23737,0.001885,172.31.47.0-255,66,111545,94,321636
23738,0.001892,74.125.24.0-255,6130,117675,94,321636
23739,0.001893,172.31.47.0-255,66,117741,94,321636
23740,0.0019,74.125.24.0-255,215,117956,94,321636
23741,0.002046,172.31.47.0-255,66,118022,94,321636
23742,0.004166,74.125.24.0-255,2902,120924,94,321636
23743,0.00417,172.31.47.0-255,66,120990,94,321636
23744,0.004195,74.125.24.0-255,1484,122474,94,321636
23745,0.004329,74.125.24.0-255,1484,123958,94,321636
23746,0.004333,172.31.47.0-255,66,124024,94,321636
23747,0.00647,74.125.24.0-255,2902,126926,94,321636
23748,0.006475,172.31.47.0-255,66,126992,94,321636
23749,0.006599,74.125.24.0-255,2902,129894,94,321636
23750,0.006604,172.31.47.0-255,66,129960,94,321636
23751,0.008748,74.125.24.0-255,2902,132862,94,321636
23752,0.008754,172.31.47.0-255,66,132928,94,321636
23753,0.008875,74.125.24.0-255,2902,135830,94,321636
23754,0.00888,172.31.47.0-255,66,135896,94,321636
23755,0.011017,74.125.24.0-255,2902,138798,94,321636
23756,0.011023,172.31.47.0-255,66,138864,94,321636
23757,0.011155,74.125.24.0-255,2902,141766,94,321636
23758,0.01116,172.31.47.0-255,66,141832,94,321636
23759,0.013301,74.125.24.0-255,2902,144734,94,321636
23760,0.013315,172.31.47.0-255,66,144800,94,321636
23761,0.013425,74.125.24.0-255,2902,147702,94,321636
23762,0.013431,172.31.47.0-255,66,147768,94,321636
23763,0.015603,74.125.24.0-255,2902,150670,94,321636
23764,0.015612,172.31.47.0-255,66,150736,94,321636
23765,0.015706,74.125.24.0-255,2902,153638,94,321636
23766,0.015712,172.31.47.0-255,66,153704,94,321636
23767,0.017876,74.125.24.0-255,2902,156606,94,321636
23768,0.017888,172.31.47.0-255,66,156672,94,321636
23769,0.017983,74.125.24.0-255,2902,159574,94,321636
23770,0.017987,172.31.47.0-255,66,159640,94,321636
23771,0.020159,74.125.24.0-255,2902,162542,94,321636
23772,0.020164,172.31.47.0-255,66,162608,94,321636
23773,0.020247,74.125.24.0-255,2902,165510,94,321636
23774,0.020251,172.31.47.0-255,66,165576,94,321636
23775,0.021591,172.31.47.0-255,172,165748,94,321636
23776,0.021623,172.31.47.0-255,1117,166865,94,321636
23777,0.021682,172.31.47.0-255,1514,168379,94,321636
23778,0.021684,172.31.47.0-255,1287,169666,94,321636
23779,0.02244,74.125.24.0-255,2902,172568,94,321636
23780,0.022445,172.31.47.0-255,66,172634,94,321636
23781,0.022513,74.125.24.0-255,2902,175536,94,321636
23782,0.022518,172.31.47.0-255,66,175602,94,321636
23783,0.023164,104.244.42.0-255,66,175668,94,321636
23784,0.02317,104.244.42.0-255,66,175734,94,321636
23785,0.023278,104.244.42.0-255,66,175800,94,321636
23786,0.024371,104.244.42.0-255,108,175908,94,321636
23787,0.024375,172.31.47.0-255,66,175974,94,321636
23788,0.02471,74.125.24.0-255,2902,178876,94,321636
23789,0.024714,172.31.47.0-255,66,178942,94,321636
23790,0.024778,74.125.24.0-255,2902,181844,94,321636
23791,0.024782,172.31.47.0-255,66,181910,94,321636
23792,0.026978,74.125.24.0-255,2902,184812,94,321636
23793,0.026983,172.31.47.0-255,66,184878,94,321636
23794,0.027038,74.125.24.0-255,1484,186362,94,321636
23795,0.02705,74.125.24.0-255,1484,187846,94,321636
23796,0.027053,172.31.47.0-255,66,187912,94,321636
23797,0.029254,74.125.24.0-255,2902,190814,94,321636
23798,0.029258,172.31.47.0-255,66,190880,94,321636
23799,0.02933,74.125.24.0-255,2902,193782,94,321636
23800,0.029335,172.31.47.0-255,66,193848,94,321636
23801,0.031521,74.125.24.0-255,2902,196750,94,321636
23802,0.031525,172.31.47.0-255,66,196816,94,321636
23803,0.031586,74.125.24.0-255,2902,199718,94,321636
23804,0.031589,172.31.47.0-255,66,199784,94,321636
23805,0.033811,74.125.24.0-255,2902,202686,94,321636
23806,0.033815,172.31.47.0-255,66,202752,94,321636
23807,0.033862,74.125.24.0-255,2902,205654,94,321636
23808,0.033866,172.31.47.0-255,66,205720,94,321636
23809,0.036082,74.125.24.0-255,2902,208622,94,321636
23810,0.036088,172.31.47.0-255,66,208688,94,321636
23811,0.036124,74.125.24.0-255,2902,211590,94,321636
23812,0.036127,172.31.47.0-255,66,211656,94,321636
23813,0.038345,74.125.24.0-255,2902,214558,94,321636
23814,0.03835,172.31.47.0-255,66,214624,94,321636
23815,0.038389,74.125.24.0-255,2902,217526,94,321636
23816,0.038392,172.31.47.0-255,66,217592,94,321636
23817,0.040641,74.125.24.0-255,2902,220494,94,321636
23818,0.040647,172.31.47.0-255,66,220560,94,321636
23819,0.04068,74.125.24.0-255,2902,223462,94,321636
23820,0.040683,172.31.47.0-255,66,223528,94,321636
23821,0.042925,74.125.24.0-255,2902,226430,94,321636
23822,0.04293,172.31.47.0-255,66,226496,94,321636
23823,0.042962,74.125.24.0-255,2902,229398,94,321636
23824,0.042964,172.31.47.0-255,66,229464,94,321636
23825,0.045211,74.125.24.0-255,2902,232366,94,321636
23826,0.045216,172.31.47.0-255,66,232432,94,321636
23827,0.045252,74.125.24.0-255,2902,235334,94,321636
23828,0.045255,172.31.47.0-255,66,235400,94,321636
23829,0.047482,74.125.24.0-255,2902,238302,94,321636
23830,0.047486,172.31.47.0-255,66,238368,94,321636
23831,0.047522,74.125.24.0-255,2902,241270,94,321636
23832,0.047525,172.31.47.0-255,66,241336,94,321636
23833,0.049745,74.125.24.0-255,2902,244238,94,321636
23834,0.049751,172.31.47.0-255,66,244304,94,321636
23835,0.049787,74.125.24.0-255,2902,247206,94,321636
23836,0.049791,172.31.47.0-255,66,247272,94,321636
23837,0.052033,74.125.24.0-255,2902,250174,94,321636
23838,0.052039,172.31.47.0-255,66,250240,94,321636
23839,0.052072,74.125.24.0-255,2902,253142,94,321636
23840,0.052075,172.31.47.0-255,66,253208,94,321636
23841,0.054354,74.125.24.0-255,5738,258946,94,321636
23842,0.054359,172.31.47.0-255,66,259012,94,321636
23843,0.056656,74.125.24.0-255,4320,263332,94,321636
23844,0.05666,172.31.47.0-255,66,263398,94,321636
23845,0.056695,74.125.24.0-255,1484,264882,94,321636
23846,0.058923,74.125.24.0-255,4320,269202,94,321636
23847,0.058928,172.31.47.0-255,66,269268,94,321636
23848,0.061217,74.125.24.0-255,5738,275006,94,321636
23849,0.061222,172.31.47.0-255,66,275072,94,321636
23850,0.063561,74.125.24.0-255,1484,276556,94,321636
23851,0.063587,74.125.24.0-255,4320,280876,94,321636
23852,0.063591,172.31.47.0-255,66,280942,94,321636
23853,0.065876,74.125.24.0-255,5738,286680,94,321636
23854,0.065881,172.31.47.0-255,66,286746,94,321636
23855,0.068188,74.125.24.0-255,5738,292484,94,321636
23856,0.068192,172.31.47.0-255,66,292550,94,321636
23857,0.070474,74.125.24.0-255,5738,298288,94,321636
23858,0.07048,172.31.47.0-255,66,298354,94,321636
23859,0.072751,74.125.24.0-255,5738,304092,94,321636
23860,0.072756,172.31.47.0-255,66,304158,94,321636
23861,0.075024,74.125.24.0-255,5738,309896,94,321636
23862,0.07503,172.31.47.0-255,66,309962,94,321636
23863,0.077298,74.125.24.0-255,5738,315700,94,321636
23864,0.077302,172.31.47.0-255,66,315766,94,321636
23865,0.079583,74.125.24.0-255,4320,320086,94,321636
23866,0.079587,172.31.47.0-255,66,320152,94,321636
23867,0.079613,74.125.24.0-255,1484,321636,94,321636
23868,0.0,74.125.130.0-255,153,153,94,270128
23869,3.3e-05,172.31.47.0-255,66,219,94,270128
23870,4e-05,74.125.130.0-255,1484,1703,94,270128
23871,4.3e-05,172.31.47.0-255,66,1769,94,270128
23872,4.8e-05,74.125.130.0-255,2902,4671,94,270128
23873,5.7e-05,172.31.47.0-255,66,4737,94,270128
23874,9e-05,74.125.130.0-255,5738,10475,94,270128
23875,9.2e-05,172.31.47.0-255,66,10541,94,270128
23876,0.000116,74.125.130.0-255,3564,14105,94,270128
23877,0.000119,172.31.47.0-255,66,14171,94,270128
23878,0.000383,74.125.130.0-255,1484,15655,94,270128
23879,0.000387,172.31.47.0-255,66,15721,94,270128
23880,0.000392,74.125.130.0-255,2902,18623,94,270128
23881,0.000395,172.31.47.0-255,66,18689,94,270128
23882,0.000439,74.125.130.0-255,5738,24427,94,270128
23883,0.000442,172.31.47.0-255,66,24493,94,270128
23884,0.000449,74.125.130.0-255,2902,27395,94,270128
23885,0.000451,172.31.47.0-255,66,27461,94,270128
23886,0.000467,74.125.130.0-255,2902,30363,94,270128
23887,0.000469,172.31.47.0-255,66,30429,94,270128
23888,0.000498,74.125.130.0-255,3961,34390,94,270128
23889,0.000503,172.31.47.0-255,66,34456,94,270128
23890,0.000504,74.125.130.0-255,7156,41612,94,270128
23891,0.000506,172.31.47.0-255,66,41678,94,270128
23892,0.000539,172.31.47.0-255,66,41744,94,270128
23893,0.000556,74.125.130.0-255,2902,44646,94,270128
23894,0.000558,172.31.47.0-255,66,44712,94,270128
23895,0.000575,74.125.130.0-255,1484,46196,94,270128
23896,0.00058,172.31.47.0-255,66,46262,94,270128
23897,0.000613,172.31.47.0-255,66,46328,94,270128
23898,0.000656,74.125.130.0-255,345,46673,94,270128
23899,0.000659,172.31.47.0-255,66,46739,94,270128
23900,0.001481,74.125.130.0-255,114,46853,94,270128
23901,0.001486,172.31.47.0-255,66,46919,94,270128
23902,0.001703,74.125.130.0-255,1484,48403,94,270128
23903,0.001707,172.31.47.0-255,66,48469,94,270128
23904,0.001712,74.125.130.0-255,1484,49953,94,270128
23905,0.001714,172.31.47.0-255,66,50019,94,270128
23906,0.001732,74.125.130.0-255,1484,51503,94,270128
23907,0.001733,172.31.47.0-255,66,51569,94,270128
23908,0.001739,74.125.130.0-255,4320,55889,94,270128
23909,0.001741,172.31.47.0-255,66,55955,94,270128
23910,0.001746,74.125.130.0-255,4320,60275,94,270128
23911,0.001748,172.31.47.0-255,66,60341,94,270128
23912,0.001766,74.125.130.0-255,1484,61825,94,270128
23913,0.001768,172.31.47.0-255,66,61891,94,270128
23914,0.001773,74.125.130.0-255,2902,64793,94,270128
23915,0.001774,172.31.47.0-255,66,64859,94,270128
23916,0.001813,172.31.47.0-255,66,64925,94,270128
23917,0.001817,74.125.130.0-255,4320,69245,94,270128
23918,0.001818,172.31.47.0-255,66,69311,94,270128
23919,0.001849,74.125.130.0-255,3602,72913,94,270128
23920,0.001851,172.31.47.0-255,66,72979,94,270128
23921,0.002427,74.125.130.0-255,1484,74463,94,270128
23922,0.002431,172.31.47.0-255,66,74529,94,270128
23923,0.002449,74.125.130.0-255,2902,77431,94,270128
23924,0.002451,172.31.47.0-255,66,77497,94,270128
23925,0.002472,74.125.130.0-255,5738,83235,94,270128
23926,0.002486,172.31.47.0-255,66,83301,94,270128
23927,0.002505,74.125.130.0-255,5738,89039,94,270128
23928,0.002509,172.31.47.0-255,66,89105,94,270128
23929,0.002533,74.125.130.0-255,7156,96261,94,270128
23930,0.002543,172.31.47.0-255,66,96327,94,270128
23931,0.002567,74.125.130.0-255,1484,97811,94,270128
23932,0.002594,74.125.130.0-255,1484,99295,94,270128
23933,0.002604,74.125.130.0-255,2902,102197,94,270128
23934,0.00262,74.125.130.0-255,5020,107217,94,270128
23935,0.002623,172.31.47.0-255,66,107283,94,270128
23936,0.002626,172.31.47.0-255,66,107349,94,270128
23937,0.005169,74.125.130.0-255,2902,110251,94,270128
23938,0.005175,172.31.47.0-255,66,110317,94,270128
23939,0.005199,74.125.130.0-255,2902,113219,94,270128
23940,0.005216,172.31.47.0-255,66,113285,94,270128
23941,0.007713,74.125.130.0-255,2902,116187,94,270128
23942,0.007719,172.31.47.0-255,66,116253,94,270128
23943,0.00775,74.125.130.0-255,2902,119155,94,270128
23944,0.007781,172.31.47.0-255,66,119221,94,270128
23945,0.010249,74.125.130.0-255,2902,122123,94,270128
23946,0.010257,172.31.47.0-255,66,122189,94,270128
23947,0.010305,74.125.130.0-255,2902,125091,94,270128
23948,0.010333,172.31.47.0-255,66,125157,94,270128
23949,0.012813,74.125.130.0-255,2902,128059,94,270128
23950,0.01282,172.31.47.0-255,66,128125,94,270128
23951,0.012861,74.125.130.0-255,2902,131027,94,270128
23952,0.012899,172.31.47.0-255,66,131093,94,270128
23953,0.015356,74.125.130.0-255,2902,133995,94,270128
23954,0.015363,172.31.47.0-255,66,134061,94,270128
23955,0.015436,74.125.130.0-255,2902,136963,94,270128
23956,0.015453,172.31.47.0-255,66,137029,94,270128
23957,0.017901,74.125.130.0-255,2902,139931,94,270128
23958,0.017907,172.31.47.0-255,66,139997,94,270128
23959,0.018027,74.125.130.0-255,2902,142899,94,270128
23960,0.018032,172.31.47.0-255,66,142965,94,270128
23961,0.020459,74.125.130.0-255,2902,145867,94,270128
23962,0.020467,172.31.47.0-255,66,145933,94,270128
23963,0.020567,74.125.130.0-255,2902,148835,94,270128
23964,0.020604,172.31.47.0-255,66,148901,94,270128
23965,0.023007,74.125.130.0-255,2902,151803,94,270128
23966,0.023013,172.31.47.0-255,66,151869,94,270128
23967,0.02313,74.125.130.0-255,2902,154771,94,270128
23968,0.023262,172.31.47.0-255,66,154837,94,270128
23969,0.023557,172.31.47.0-255,172,155009,94,270128
23970,0.02359,172.31.47.0-255,1108,156117,94,270128
23971,0.023651,172.31.47.0-255,1514,157631,94,270128
23972,0.023653,172.31.47.0-255,1297,158928,94,270128
23973,0.025096,104.244.42.0-255,66,158994,94,270128
23974,0.025138,104.244.42.0-255,66,159060,94,270128
23975,0.025185,104.244.42.0-255,66,159126,94,270128
23976,0.025544,74.125.130.0-255,2902,162028,94,270128
23977,0.025549,172.31.47.0-255,66,162094,94,270128
23978,0.025793,74.125.130.0-255,2902,164996,94,270128
23979,0.025798,172.31.47.0-255,66,165062,94,270128
23980,0.028077,74.125.130.0-255,2902,167964,94,270128
23981,0.028082,172.31.47.0-255,66,168030,94,270128
23982,0.02834,74.125.130.0-255,2902,170932,94,270128
23983,0.028345,172.31.47.0-255,66,170998,94,270128
23984,0.030633,74.125.130.0-255,2902,173900,94,270128
23985,0.030641,172.31.47.0-255,66,173966,94,270128
23986,0.030879,74.125.130.0-255,1484,175450,94,270128
23987,0.030884,172.31.47.0-255,66,175516,94,270128
23988,0.030901,74.125.130.0-255,1484,177000,94,270128
23989,0.033194,74.125.130.0-255,2902,179902,94,270128
23990,0.033255,172.31.47.0-255,66,179968,94,270128
23991,0.035795,74.125.130.0-255,5738,185706,94,270128
23992,0.035851,172.31.47.0-255,66,185772,94,270128
23993,0.038385,74.125.130.0-255,5738,191510,94,270128
23994,0.038391,172.31.47.0-255,66,191576,94,270128
23995,0.040923,74.125.130.0-255,4320,195896,94,270128
23996,0.040929,172.31.47.0-255,66,195962,94,270128
23997,0.040966,74.125.130.0-255,1484,197446,94,270128
23998,0.043464,74.125.130.0-255,4320,201766,94,270128
23999,0.043469,172.31.47.0-255,66,201832,94,270128
24000,0.046006,74.125.130.0-255,5738,207570,94,270128
24001,0.046054,172.31.47.0-255,66,207636,94,270128
24002,0.048591,74.125.130.0-255,5738,213374,94,270128
24003,0.048599,172.31.47.0-255,66,213440,94,270128
24004,0.051142,74.125.130.0-255,5738,219178,94,270128
24005,0.051146,172.31.47.0-255,66,219244,94,270128
24006,0.053686,74.125.130.0-255,4320,223564,94,270128
24007,0.053692,172.31.47.0-255,66,223630,94,270128
24008,0.053716,74.125.130.0-255,1484,225114,94,270128
24009,0.056247,74.125.130.0-255,4320,229434,94,270128
24010,0.060235,172.31.47.0-255,66,229500,94,270128
24011,0.062782,74.125.130.0-255,5738,235238,94,270128
24012,0.062795,172.31.47.0-255,66,235304,94,270128
24013,0.065361,74.125.130.0-255,5738,241042,94,270128
24014,0.065382,172.31.47.0-255,66,241108,94,270128
24015,0.067942,74.125.130.0-255,5738,246846,94,270128
24016,0.067957,172.31.47.0-255,66,246912,94,270128
24017,0.070519,74.125.130.0-255,5738,252650,94,270128
24018,0.07054,172.31.47.0-255,66,252716,94,270128
24019,0.073112,74.125.130.0-255,5738,258454,94,270128
24020,0.073131,172.31.47.0-255,66,258520,94,270128
24021,0.075706,74.125.130.0-255,5738,264258,94,270128
24022,0.075728,172.31.47.0-255,66,264324,94,270128
24023,0.078301,74.125.130.0-255,5738,270062,94,270128
24024,0.078319,172.31.47.0-255,66,270128,94,270128
24025,0.0,74.125.68.0-255,152,152,94,370281
24026,1.4e-05,172.31.47.0-255,66,218,94,370281
24027,1.9e-05,74.125.68.0-255,1484,1702,94,370281
24028,2.3e-05,172.31.47.0-255,66,1768,94,370281
24029,4.1e-05,74.125.68.0-255,2902,4670,94,370281
24030,4.4e-05,172.31.47.0-255,66,4736,94,370281
24031,8.3e-05,74.125.68.0-255,7156,11892,94,370281
24032,8.6e-05,172.31.47.0-255,66,11958,94,370281
24033,0.000101,74.125.68.0-255,4320,16278,94,370281
24034,0.000104,172.31.47.0-255,66,16344,94,370281
24035,0.000126,74.125.68.0-255,3624,19968,94,370281
24036,0.000129,172.31.47.0-255,66,20034,94,370281
24037,0.000132,74.125.68.0-255,2902,22936,94,370281
24038,0.000134,172.31.47.0-255,66,23002,94,370281
24039,0.000139,74.125.68.0-255,4320,27322,94,370281
24040,0.000141,172.31.47.0-255,66,27388,94,370281
24041,0.000167,74.125.68.0-255,3961,31349,94,370281
24042,0.000169,172.31.47.0-255,66,31415,94,370281
24043,0.000297,74.125.68.0-255,1484,32899,94,370281
24044,0.000302,172.31.47.0-255,66,32965,94,370281
24045,0.000316,74.125.68.0-255,1484,34449,94,370281
24046,0.000318,172.31.47.0-255,66,34515,94,370281
24047,0.000322,74.125.68.0-255,1484,35999,94,370281
24048,0.000324,172.31.47.0-255,66,36065,94,370281
24049,0.000349,74.125.68.0-255,1484,37549,94,370281
24050,0.000351,172.31.47.0-255,66,37615,94,370281
24051,0.000358,74.125.68.0-255,5738,43353,94,370281
24052,0.00036,172.31.47.0-255,66,43419,94,370281
24053,0.000363,74.125.68.0-255,2902,46321,94,370281
24054,0.000365,172.31.47.0-255,66,46387,94,370281
24055,0.000389,74.125.68.0-255,4320,50707,94,370281
24056,0.000392,172.31.47.0-255,66,50773,94,370281
24057,0.00041,74.125.68.0-255,5738,56511,94,370281
24058,0.000429,74.125.68.0-255,2902,59413,94,370281
24059,0.000431,74.125.68.0-255,1484,60897,94,370281
24060,0.000441,172.31.47.0-255,66,60963,94,370281
24061,0.000486,74.125.68.0-255,5020,65983,94,370281
24062,0.000491,172.31.47.0-255,66,66049,94,370281
24063,0.000561,74.125.68.0-255,367,66416,94,370281
24064,0.00059,74.125.68.0-255,127,66543,94,370281
24065,0.000912,172.31.47.0-255,66,66609,94,370281
24066,0.001428,74.125.68.0-255,1484,68093,94,370281
24067,0.001438,74.125.68.0-255,1484,69577,94,370281
24068,0.001493,74.125.68.0-255,2902,72479,94,370281
24069,0.001532,74.125.68.0-255,2902,75381,94,370281
24070,0.001545,74.125.68.0-255,2902,78283,94,370281
24071,0.001576,74.125.68.0-255,7156,85439,94,370281
24072,0.0016,74.125.68.0-255,3602,89041,94,370281
24073,0.001822,74.125.68.0-255,1484,90525,94,370281
24074,0.001835,74.125.68.0-255,1484,92009,94,370281
24075,0.001846,74.125.68.0-255,2902,94911,94,370281
24076,0.001869,74.125.68.0-255,5738,100649,94,370281
24077,0.001894,74.125.68.0-255,2902,103551,94,370281
24078,0.001915,74.125.68.0-255,7156,110707,94,370281
24079,0.00195,74.125.68.0-255,5738,116445,94,370281
24080,0.001971,74.125.68.0-255,5738,122183,94,370281
24081,0.001974,74.125.68.0-255,766,122949,94,370281
24082,0.001977,74.125.68.0-255,1484,124433,94,370281
24083,0.001982,74.125.68.0-255,4320,128753,94,370281
24084,0.001998,74.125.68.0-255,2902,131655,94,370281
24085,0.002014,74.125.68.0-255,7156,138811,94,370281
24086,0.002029,74.125.68.0-255,2902,141713,94,370281
24087,0.00205,74.125.68.0-255,1484,143197,94,370281
24088,0.002055,74.125.68.0-255,2902,146099,94,370281
24089,0.002098,74.125.68.0-255,2184,148283,94,370281
24090,0.002188,74.125.68.0-255,1484,149767,94,370281
24091,0.002203,74.125.68.0-255,2902,152669,94,370281
24092,0.002225,74.125.68.0-255,2902,155571,94,370281
24093,0.002243,74.125.68.0-255,2902,158473,94,370281
24094,0.002266,74.125.68.0-255,1484,159957,94,370281
24095,0.002283,74.125.68.0-255,1484,161441,94,370281
24096,0.002296,74.125.68.0-255,1484,162925,94,370281
24097,0.002316,74.125.68.0-255,4320,167245,94,370281
24098,0.002319,74.125.68.0-255,1484,168729,94,370281
24099,0.002336,74.125.68.0-255,4320,173049,94,370281
24100,0.002409,74.125.68.0-255,5738,178787,94,370281
24101,0.002429,74.125.68.0-255,2902,181689,94,370281
24102,0.002442,74.125.68.0-255,4320,186009,94,370281
24103,0.002447,74.125.68.0-255,2902,188911,94,370281
24104,0.002461,74.125.68.0-255,2902,191813,94,370281
24105,0.002482,74.125.68.0-255,4320,196133,94,370281
24106,0.002495,74.125.68.0-255,2902,199035,94,370281
24107,0.002516,74.125.68.0-255,5738,204773,94,370281
24108,0.002531,74.125.68.0-255,1484,206257,94,370281
24109,0.00256,74.125.68.0-255,2902,209159,94,370281
24110,0.002575,74.125.68.0-255,5020,214179,94,370281
24111,0.002578,74.125.68.0-255,1484,215663,94,370281
24112,0.00258,74.125.68.0-255,1484,217147,94,370281
24113,0.002593,74.125.68.0-255,1484,218631,94,370281
24114,0.00261,74.125.68.0-255,1484,220115,94,370281
24115,0.002615,74.125.68.0-255,4320,224435,94,370281
24116,0.002638,74.125.68.0-255,4320,228755,94,370281
24117,0.00265,74.125.68.0-255,3602,232357,94,370281
24118,0.002673,74.125.68.0-255,1484,233841,94,370281
24119,0.002689,74.125.68.0-255,2902,236743,94,370281
24120,0.00271,74.125.68.0-255,2902,239645,94,370281
24121,0.002721,74.125.68.0-255,2902,242547,94,370281
24122,0.002739,74.125.68.0-255,1484,244031,94,370281
24123,0.002749,74.125.68.0-255,1484,245515,94,370281
24124,0.002771,74.125.68.0-255,5738,251253,94,370281
24125,0.002773,74.125.68.0-255,1484,252737,94,370281
24126,0.002794,74.125.68.0-255,7156,259893,94,370281
24127,0.002812,74.125.68.0-255,6438,266331,94,370281
24128,0.002854,74.125.68.0-255,1484,267815,94,370281
24129,0.00288,74.125.68.0-255,2902,270717,94,370281
24130,0.002905,74.125.68.0-255,4320,275037,94,370281
24131,0.002949,74.125.68.0-255,5738,280775,94,370281
24132,0.002955,74.125.68.0-255,5738,286513,94,370281
24133,0.00296,74.125.68.0-255,4320,290833,94,370281
24134,0.002974,74.125.68.0-255,1484,292317,94,370281
24135,0.002992,74.125.68.0-255,1484,293801,94,370281
24136,0.003003,74.125.68.0-255,2902,296703,94,370281
24137,0.003023,74.125.68.0-255,3602,300305,94,370281
24138,0.003026,74.125.68.0-255,2902,303207,94,370281
24139,0.003028,74.125.68.0-255,1484,304691,94,370281
24140,0.003053,74.125.68.0-255,1484,306175,94,370281
24141,0.003065,74.125.68.0-255,2902,309077,94,370281
24142,0.003092,74.125.68.0-255,5738,314815,94,370281
24143,0.003106,74.125.68.0-255,4320,319135,94,370281
24144,0.003127,74.125.68.0-255,6438,325573,94,370281
24145,0.003142,74.125.68.0-255,1484,327057,94,370281
24146,0.00316,74.125.68.0-255,2902,329959,94,370281
24147,0.0032,74.125.68.0-255,4320,334279,94,370281
24148,0.003204,74.125.68.0-255,2902,337181,94,370281
24149,0.003225,74.125.68.0-255,5738,342919,94,370281
24150,0.003229,74.125.68.0-255,2902,345821,94,370281
24151,0.003271,74.125.68.0-255,4320,350141,94,370281
24152,0.003288,74.125.68.0-255,4320,354461,94,370281
24153,0.003322,74.125.68.0-255,5020,359481,94,370281
24154,0.003341,74.125.68.0-255,4320,363801,94,370281
24155,0.003349,74.125.68.0-255,1484,365285,94,370281
24156,0.003366,74.125.68.0-255,1326,366611,94,370281
24157,0.003405,74.125.68.0-255,105,366716,94,370281
24158,0.003621,172.31.47.0-255,66,366782,94,370281
24159,0.005958,172.31.47.0-255,105,366887,94,370281
24160,0.008447,74.125.68.0-255,66,366953,94,370281
24161,0.025497,172.31.47.0-255,172,367125,94,370281
24162,0.025541,172.31.47.0-255,1116,368241,94,370281
24163,0.02559,172.31.47.0-255,1514,369755,94,370281
24164,0.025592,172.31.47.0-255,328,370083,94,370281
24165,0.027056,104.244.42.0-255,66,370149,94,370281
24166,0.027096,104.244.42.0-255,66,370215,94,370281
24167,0.027152,104.244.42.0-255,66,370281,94,370281
24168,0.0,74.125.24.0-255,153,153,94,282794
24169,1.4e-05,172.31.47.0-255,66,219,94,282794
24170,2.1e-05,74.125.24.0-255,1484,1703,94,282794
24171,2.4e-05,172.31.47.0-255,66,1769,94,282794
24172,3.1e-05,74.125.24.0-255,2902,4671,94,282794
24173,4.2e-05,172.31.47.0-255,66,4737,94,282794
24174,4.7e-05,74.125.24.0-255,4320,9057,94,282794
24175,5e-05,172.31.47.0-255,66,9123,94,282794
24176,7.5e-05,74.125.24.0-255,2902,12025,94,282794
24177,7.8e-05,172.31.47.0-255,66,12091,94,282794
24178,8.2e-05,74.125.24.0-255,2011,14102,94,282794
24179,8.4e-05,172.31.47.0-255,66,14168,94,282794
24180,0.000135,74.125.24.0-255,1484,15652,94,282794
24181,0.000136,172.31.47.0-255,66,15718,94,282794
24182,0.000141,74.125.24.0-255,2902,18620,94,282794
24183,0.000143,172.31.47.0-255,66,18686,94,282794
24184,0.000147,74.125.24.0-255,2902,21588,94,282794
24185,0.000148,172.31.47.0-255,66,21654,94,282794
24186,0.000179,74.125.24.0-255,2902,24556,94,282794
24187,0.000182,172.31.47.0-255,66,24622,94,282794
24188,0.000185,74.125.24.0-255,2902,27524,94,282794
24189,0.000187,172.31.47.0-255,66,27590,94,282794
24190,0.00022,74.125.24.0-255,3961,31551,94,282794
24191,0.000222,172.31.47.0-255,66,31617,94,282794
24192,0.000316,74.125.24.0-255,1484,33101,94,282794
24193,0.000319,172.31.47.0-255,66,33167,94,282794
24194,0.000322,74.125.24.0-255,1484,34651,94,282794
24195,0.000324,172.31.47.0-255,66,34717,94,282794
24196,0.000343,74.125.24.0-255,1484,36201,94,282794
24197,0.000345,172.31.47.0-255,66,36267,94,282794
24198,0.000356,74.125.24.0-255,5738,42005,94,282794
24199,0.000359,172.31.47.0-255,66,42071,94,282794
24200,0.000391,74.125.24.0-255,6797,48868,94,282794
24201,0.000394,172.31.47.0-255,66,48934,94,282794
24202,0.0004,74.125.24.0-255,7156,56090,94,282794
24203,0.000401,172.31.47.0-255,66,56156,94,282794
24204,0.000433,172.31.47.0-255,66,56222,94,282794
24205,0.000523,74.125.24.0-255,108,56330,94,282794
24206,0.000918,74.125.24.0-255,330,56660,94,282794
24207,0.001239,74.125.24.0-255,1484,58144,94,282794
24208,0.001246,172.31.47.0-255,66,58210,94,282794
24209,0.001252,74.125.24.0-255,2902,61112,94,282794
24210,0.001254,172.31.47.0-255,66,61178,94,282794
24211,0.001265,74.125.24.0-255,5738,66916,94,282794
24212,0.001268,172.31.47.0-255,66,66982,94,282794
24213,0.001291,74.125.24.0-255,2902,69884,94,282794
24214,0.001293,172.31.47.0-255,66,69950,94,282794
24215,0.00133,172.31.47.0-255,66,70016,94,282794
24216,0.001337,74.125.24.0-255,5738,75754,94,282794
24217,0.001339,172.31.47.0-255,66,75820,94,282794
24218,0.001358,74.125.24.0-255,5020,80840,94,282794
24219,0.001365,172.31.47.0-255,66,80906,94,282794
24220,0.003673,74.125.24.0-255,5738,86644,94,282794
24221,0.003678,172.31.47.0-255,66,86710,94,282794
24222,0.005968,74.125.24.0-255,5738,92448,94,282794
24223,0.005974,172.31.47.0-255,66,92514,94,282794
24224,0.008279,74.125.24.0-255,5738,98252,94,282794
24225,0.008285,172.31.47.0-255,66,98318,94,282794
24226,0.010586,74.125.24.0-255,5738,104056,94,282794
24227,0.010594,172.31.47.0-255,66,104122,94,282794
24228,0.012905,74.125.24.0-255,5738,109860,94,282794
24229,0.012915,172.31.47.0-255,66,109926,94,282794
24230,0.015246,74.125.24.0-255,5738,115664,94,282794
24231,0.015255,172.31.47.0-255,66,115730,94,282794
24232,0.017546,74.125.24.0-255,5738,121468,94,282794
24233,0.017553,172.31.47.0-255,66,121534,94,282794
24234,0.019846,74.125.24.0-255,5738,127272,94,282794
24235,0.01985,172.31.47.0-255,66,127338,94,282794
24236,0.022133,74.125.24.0-255,5738,133076,94,282794
24237,0.02214,172.31.47.0-255,66,133142,94,282794
24238,0.02445,74.125.24.0-255,5738,138880,94,282794
24239,0.024458,172.31.47.0-255,66,138946,94,282794
24240,0.025767,172.31.47.0-255,172,139118,94,282794
24241,0.025801,172.31.47.0-255,1117,140235,94,282794
24242,0.025876,172.31.47.0-255,1514,141749,94,282794
24243,0.025878,172.31.47.0-255,1287,143036,94,282794
24244,0.026764,74.125.24.0-255,5738,148774,94,282794
24245,0.02677,172.31.47.0-255,66,148840,94,282794
24246,0.027352,104.244.42.0-255,66,148906,94,282794
24247,0.027393,104.244.42.0-255,66,148972,94,282794
24248,0.027442,104.244.42.0-255,66,149038,94,282794
24249,0.029066,74.125.24.0-255,5738,154776,94,282794
24250,0.029073,172.31.47.0-255,66,154842,94,282794
24251,0.031357,74.125.24.0-255,5738,160580,94,282794
24252,0.031364,172.31.47.0-255,66,160646,94,282794
24253,0.033639,74.125.24.0-255,5738,166384,94,282794
24254,0.033645,172.31.47.0-255,66,166450,94,282794
24255,0.035942,74.125.24.0-255,5738,172188,94,282794
24256,0.035949,172.31.47.0-255,66,172254,94,282794
24257,0.038276,74.125.24.0-255,5738,177992,94,282794
24258,0.038286,172.31.47.0-255,66,178058,94,282794
24259,0.040576,74.125.24.0-255,5738,183796,94,282794
24260,0.040583,172.31.47.0-255,66,183862,94,282794
24261,0.042905,74.125.24.0-255,5738,189600,94,282794
24262,0.042912,172.31.47.0-255,66,189666,94,282794
24263,0.045239,74.125.24.0-255,5738,195404,94,282794
24264,0.045245,172.31.47.0-255,66,195470,94,282794
24265,0.04754,74.125.24.0-255,5738,201208,94,282794
24266,0.047546,172.31.47.0-255,66,201274,94,282794
24267,0.049837,74.125.24.0-255,5738,207012,94,282794
24268,0.049842,172.31.47.0-255,66,207078,94,282794
24269,0.052135,74.125.24.0-255,5738,212816,94,282794
24270,0.052141,172.31.47.0-255,66,212882,94,282794
24271,0.054468,74.125.24.0-255,5738,218620,94,282794
24272,0.054474,172.31.47.0-255,66,218686,94,282794
24273,0.056776,74.125.24.0-255,5738,224424,94,282794
24274,0.056783,172.31.47.0-255,66,224490,94,282794
24275,0.059079,74.125.24.0-255,5738,230228,94,282794
24276,0.059085,172.31.47.0-255,66,230294,94,282794
24277,0.061391,74.125.24.0-255,5738,236032,94,282794
24278,0.061398,172.31.47.0-255,66,236098,94,282794
24279,0.063732,74.125.24.0-255,5738,241836,94,282794
24280,0.063739,172.31.47.0-255,66,241902,94,282794
24281,0.066085,74.125.24.0-255,5738,247640,94,282794
24282,0.066092,172.31.47.0-255,66,247706,94,282794
24283,0.06839,74.125.24.0-255,5738,253444,94,282794
24284,0.068395,172.31.47.0-255,66,253510,94,282794
24285,0.070697,74.125.24.0-255,5738,259248,94,282794
24286,0.070702,172.31.47.0-255,66,259314,94,282794
24287,0.073002,74.125.24.0-255,2902,262216,94,282794
24288,0.073007,172.31.47.0-255,66,262282,94,282794
24289,0.073033,74.125.24.0-255,2902,265184,94,282794
24290,0.073045,172.31.47.0-255,66,265250,94,282794
24291,0.075301,74.125.24.0-255,2902,268152,94,282794
24292,0.075308,172.31.47.0-255,66,268218,94,282794
24293,0.075338,74.125.24.0-255,2902,271120,94,282794
24294,0.075341,172.31.47.0-255,66,271186,94,282794
24295,0.07764,74.125.24.0-255,5738,276924,94,282794
24296,0.077647,172.31.47.0-255,66,276990,94,282794
24297,0.079934,74.125.24.0-255,5738,282728,94,282794
24298,0.079942,172.31.47.0-255,66,282794,94,282794
24299,0.0,74.125.24.0-255,297,297,94,80438
24300,2.5e-05,172.31.47.0-255,66,363,94,80438
24301,3.2e-05,74.125.24.0-255,1484,1847,94,80438
24302,3.6e-05,172.31.47.0-255,66,1913,94,80438
24303,3.9e-05,74.125.24.0-255,1484,3397,94,80438
24304,4.1e-05,172.31.47.0-255,66,3463,94,80438
24305,5.3e-05,74.125.24.0-255,2902,6365,94,80438
24306,5.5e-05,172.31.47.0-255,66,6431,94,80438
24307,0.000101,74.125.24.0-255,5738,12169,94,80438
24308,0.000104,172.31.47.0-255,66,12235,94,80438
24309,0.000202,74.125.24.0-255,4320,16555,94,80438
24310,0.000209,172.31.47.0-255,66,16621,94,80438
24311,0.000235,74.125.24.0-255,1900,18521,94,80438
24312,0.000239,172.31.47.0-255,66,18587,94,80438
24313,0.000361,74.125.24.0-255,5738,24325,94,80438
24314,0.000369,172.31.47.0-255,66,24391,94,80438
24315,0.00038,74.125.24.0-255,6797,31188,94,80438
24316,0.00039,172.31.47.0-255,66,31254,94,80438
24317,0.000582,172.31.47.0-255,66,31320,94,80438
24318,0.000612,74.125.24.0-255,1484,32804,94,80438
24319,0.000616,172.31.47.0-255,66,32870,94,80438
24320,0.000946,172.31.47.0-255,66,32936,94,80438
24321,0.000987,74.125.24.0-255,1128,34064,94,80438
24322,0.000991,172.31.47.0-255,66,34130,94,80438
24323,0.001184,74.125.24.0-255,5738,39868,94,80438
24324,0.00119,172.31.47.0-255,66,39934,94,80438
24325,0.001245,172.31.47.0-255,66,40000,94,80438
24326,0.001264,74.125.24.0-255,1884,41884,94,80438
24327,0.001267,172.31.47.0-255,66,41950,94,80438
24328,0.001925,74.125.24.0-255,766,42716,94,80438
24329,0.0034,74.125.24.0-255,7156,49872,94,80438
24330,0.00438,74.125.24.0-255,5738,55610,94,80438
24331,0.004403,74.125.24.0-255,7156,62766,94,80438
24332,0.004576,74.125.24.0-255,5738,68504,94,80438
24333,0.004671,74.125.24.0-255,2902,71406,94,80438
24334,0.00533,172.31.47.0-255,66,71472,94,80438
24335,0.005603,172.31.47.0-255,66,71538,94,80438
24336,0.005669,172.31.47.0-255,66,71604,94,80438
24337,0.007614,74.125.24.0-255,7156,78760,94,80438
24338,0.007621,172.31.47.0-255,66,78826,94,80438
24339,0.007659,172.31.47.0-255,66,78892,94,80438
24340,0.008168,172.31.47.0-255,105,78997,94,80438
24341,0.010392,74.125.24.0-255,66,79063,94,80438
24342,0.028307,172.31.47.0-255,172,79235,94,80438
24343,0.028344,172.31.47.0-255,1071,80306,94,80438
24344,0.029898,104.244.42.0-255,66,80372,94,80438
24345,0.029919,104.244.42.0-255,66,80438,94,80438
24346,0.0,74.125.68.0-255,153,153,94,346332
24347,2.4e-05,172.31.47.0-255,66,219,94,346332
24348,3e-05,74.125.68.0-255,1484,1703,94,346332
24349,3.4e-05,172.31.47.0-255,66,1769,94,346332
24350,4e-05,74.125.68.0-255,2902,4671,94,346332
24351,5e-05,172.31.47.0-255,66,4737,94,346332
24352,5.5e-05,74.125.68.0-255,4320,9057,94,346332
24353,5.7e-05,172.31.47.0-255,66,9123,94,346332
24354,7.4e-05,74.125.68.0-255,1484,10607,94,346332
24355,8e-05,172.31.47.0-255,66,10673,94,346332
24356,8.5e-05,74.125.68.0-255,3530,14203,94,346332
24357,8.8e-05,172.31.47.0-255,66,14269,94,346332
24358,0.000116,74.125.68.0-255,4320,18589,94,346332
24359,0.000118,172.31.47.0-255,66,18655,94,346332
24360,0.000124,74.125.68.0-255,5738,24393,94,346332
24361,0.000127,172.31.47.0-255,66,24459,94,346332
24362,0.000151,74.125.68.0-255,6797,31256,94,346332
24363,0.000154,172.31.47.0-255,66,31322,94,346332
24364,0.000264,74.125.68.0-255,1484,32806,94,346332
24365,0.000267,172.31.47.0-255,66,32872,94,346332
24366,0.000289,74.125.68.0-255,2902,35774,94,346332
24367,0.000292,172.31.47.0-255,66,35840,94,346332
24368,0.000314,74.125.68.0-255,1484,37324,94,346332
24369,0.000316,172.31.47.0-255,66,37390,94,346332
24370,0.000342,74.125.68.0-255,4320,41710,94,346332
24371,0.000344,172.31.47.0-255,66,41776,94,346332
24372,0.000348,74.125.68.0-255,2902,44678,94,346332
24373,0.00035,172.31.47.0-255,66,44744,94,346332
24374,0.000384,172.31.47.0-255,66,44810,94,346332
24375,0.000444,74.125.68.0-255,7156,51966,94,346332
24376,0.000447,172.31.47.0-255,66,52032,94,346332
24377,0.000467,74.125.68.0-255,2859,54891,94,346332
24378,0.000471,74.125.68.0-255,109,55000,94,346332
24379,0.000521,172.31.47.0-255,66,55066,94,346332
24380,0.000547,74.125.68.0-255,1484,56550,94,346332
24381,0.000552,74.125.68.0-255,2902,59452,94,346332
24382,0.00056,172.31.47.0-255,66,59518,94,346332
24383,0.000577,74.125.68.0-255,2902,62420,94,346332
24384,0.000583,74.125.68.0-255,4320,66740,94,346332
24385,0.000597,172.31.47.0-255,66,66806,94,346332
24386,0.000606,74.125.68.0-255,4320,71126,94,346332
24387,0.00061,172.31.47.0-255,66,71192,94,346332
24388,0.000634,74.125.68.0-255,4320,75512,94,346332
24389,0.000659,172.31.47.0-255,66,75578,94,346332
24390,0.000676,74.125.68.0-255,2902,78480,94,346332
24391,0.000688,172.31.47.0-255,66,78546,94,346332
24392,0.000692,74.125.68.0-255,2450,80996,94,346332
24393,0.000697,172.31.47.0-255,66,81062,94,346332
24394,0.000926,74.125.68.0-255,1484,82546,94,346332
24395,0.000948,74.125.68.0-255,1484,84030,94,346332
24396,0.000961,74.125.68.0-255,1484,85514,94,346332
24397,0.000965,74.125.68.0-255,2902,88416,94,346332
24398,0.000969,172.31.47.0-255,66,88482,94,346332
24399,0.000992,74.125.68.0-255,2902,91384,94,346332
24400,0.000995,172.31.47.0-255,66,91450,94,346332
24401,0.000999,74.125.68.0-255,2902,94352,94,346332
24402,0.001003,74.125.68.0-255,4320,98672,94,346332
24403,0.001007,74.125.68.0-255,2902,101574,94,346332
24404,0.001016,172.31.47.0-255,66,101640,94,346332
24405,0.001036,74.125.68.0-255,5738,107378,94,346332
24406,0.001042,74.125.68.0-255,7156,114534,94,346332
24407,0.001049,172.31.47.0-255,66,114600,94,346332
24408,0.001055,74.125.68.0-255,766,115366,94,346332
24409,0.00113,74.125.68.0-255,1484,116850,94,346332
24410,0.001141,172.31.47.0-255,66,116916,94,346332
24411,0.001152,74.125.68.0-255,2902,119818,94,346332
24412,0.001159,172.31.47.0-255,66,119884,94,346332
24413,0.001167,74.125.68.0-255,1484,121368,94,346332
24414,0.001185,74.125.68.0-255,4320,125688,94,346332
24415,0.001188,74.125.68.0-255,1484,127172,94,346332
24416,0.001193,172.31.47.0-255,66,127238,94,346332
24417,0.001218,74.125.68.0-255,5738,132976,94,346332
24418,0.001224,172.31.47.0-255,66,133042,94,346332
24419,0.001232,74.125.68.0-255,2902,135944,94,346332
24420,0.001235,172.31.47.0-255,66,136010,94,346332
24421,0.001272,172.31.47.0-255,66,136076,94,346332
24422,0.001296,74.125.68.0-255,5020,141096,94,346332
24423,0.001309,172.31.47.0-255,66,141162,94,346332
24424,0.00133,74.125.68.0-255,1484,142646,94,346332
24425,0.001334,74.125.68.0-255,2902,145548,94,346332
24426,0.001344,172.31.47.0-255,66,145614,94,346332
24427,0.001367,74.125.68.0-255,5738,151352,94,346332
24428,0.001373,172.31.47.0-255,66,151418,94,346332
24429,0.001392,74.125.68.0-255,1484,152902,94,346332
24430,0.001403,74.125.68.0-255,1484,154386,94,346332
24431,0.001413,74.125.68.0-255,1484,155870,94,346332
24432,0.001418,172.31.47.0-255,66,155936,94,346332
24433,0.001427,74.125.68.0-255,5738,161674,94,346332
24434,0.001432,172.31.47.0-255,66,161740,94,346332
24435,0.001446,74.125.68.0-255,4320,166060,94,346332
24436,0.001472,172.31.47.0-255,66,166126,94,346332
24437,0.001494,74.125.68.0-255,4320,170446,94,346332
24438,0.00151,74.125.68.0-255,5020,175466,94,346332
24439,0.001518,172.31.47.0-255,66,175532,94,346332
24440,0.001562,74.125.68.0-255,2902,178434,94,346332
24441,0.001591,172.31.47.0-255,66,178500,94,346332
24442,0.001601,74.125.68.0-255,7156,185656,94,346332
24443,0.001615,172.31.47.0-255,66,185722,94,346332
24444,0.001637,74.125.68.0-255,2902,188624,94,346332
24445,0.001642,172.31.47.0-255,66,188690,94,346332
24446,0.001651,74.125.68.0-255,2184,190874,94,346332
24447,0.001665,172.31.47.0-255,66,190940,94,346332
24448,0.001688,74.125.68.0-255,1484,192424,94,346332
24449,0.001734,74.125.68.0-255,2902,195326,94,346332
24450,0.00174,74.125.68.0-255,5738,201064,94,346332
24451,0.001757,172.31.47.0-255,66,201130,94,346332
24452,0.001798,74.125.68.0-255,1484,202614,94,346332
24453,0.001818,74.125.68.0-255,4320,206934,94,346332
24454,0.001827,172.31.47.0-255,66,207000,94,346332
24455,0.001849,74.125.68.0-255,7156,214156,94,346332
24456,0.001865,172.31.47.0-255,66,214222,94,346332
24457,0.001898,74.125.68.0-255,2184,216406,94,346332
24458,0.001904,172.31.47.0-255,66,216472,94,346332
24459,0.002007,74.125.68.0-255,1484,217956,94,346332
24460,0.002018,74.125.68.0-255,2902,220858,94,346332
24461,0.002021,74.125.68.0-255,1484,222342,94,346332
24462,0.002045,74.125.68.0-255,4320,226662,94,346332
24463,0.002051,74.125.68.0-255,5738,232400,94,346332
24464,0.002062,74.125.68.0-255,2902,235302,94,346332
24465,0.002066,74.125.68.0-255,2902,238204,94,346332
24466,0.002069,172.31.47.0-255,66,238270,94,346332
24467,0.002074,172.31.47.0-255,66,238336,94,346332
24468,0.002102,74.125.68.0-255,7156,245492,94,346332
24469,0.002111,74.125.68.0-255,5020,250512,94,346332
24470,0.002121,172.31.47.0-255,66,250578,94,346332
24471,0.002185,74.125.68.0-255,1484,252062,94,346332
24472,0.002198,74.125.68.0-255,1484,253546,94,346332
24473,0.0022,74.125.68.0-255,1484,255030,94,346332
24474,0.002205,172.31.47.0-255,66,255096,94,346332
24475,0.002227,74.125.68.0-255,1484,256580,94,346332
24476,0.002233,74.125.68.0-255,5738,262318,94,346332
24477,0.002242,172.31.47.0-255,66,262384,94,346332
24478,0.002274,172.31.47.0-255,66,262450,94,346332
24479,0.002294,172.31.47.0-255,66,262516,94,346332
24480,0.002315,74.125.68.0-255,3602,266118,94,346332
24481,0.002322,172.31.47.0-255,66,266184,94,346332
24482,0.004595,74.125.68.0-255,1484,267668,94,346332
24483,0.004612,74.125.68.0-255,4320,271988,94,346332
24484,0.004617,172.31.47.0-255,66,272054,94,346332
24485,0.006935,74.125.68.0-255,5738,277792,94,346332
24486,0.015147,74.125.68.0-255,1484,279276,94,346332
24487,0.015469,172.31.47.0-255,66,279342,94,346332
24488,0.017784,74.125.68.0-255,5738,285080,94,346332
24489,0.017793,172.31.47.0-255,66,285146,94,346332
24490,0.020104,74.125.68.0-255,5738,290884,94,346332
24491,0.024131,172.31.47.0-255,66,290950,94,346332
24492,0.026456,74.125.68.0-255,5738,296688,94,346332
24493,0.026471,172.31.47.0-255,66,296754,94,346332
24494,0.028778,74.125.68.0-255,5738,302492,94,346332
24495,0.028784,172.31.47.0-255,66,302558,94,346332
24496,0.031106,74.125.68.0-255,5738,308296,94,346332
24497,0.031122,172.31.47.0-255,66,308362,94,346332
24498,0.033461,74.125.68.0-255,5738,314100,94,346332
24499,0.033478,172.31.47.0-255,66,314166,94,346332
24500,0.03579,74.125.68.0-255,5738,319904,94,346332
24501,0.035797,172.31.47.0-255,66,319970,94,346332
24502,0.038108,74.125.68.0-255,5738,325708,94,346332
24503,0.038118,172.31.47.0-255,66,325774,94,346332
24504,0.040453,74.125.68.0-255,5738,331512,94,346332
24505,0.040471,172.31.47.0-255,66,331578,94,346332
24506,0.042793,74.125.68.0-255,5738,337316,94,346332
24507,0.042805,172.31.47.0-255,66,337382,94,346332
24508,0.045117,74.125.68.0-255,4425,341807,94,346332
24509,0.045139,172.31.47.0-255,66,341873,94,346332
24510,0.045442,172.31.47.0-255,105,341978,94,346332
24511,0.047713,74.125.68.0-255,66,342044,94,346332
24512,0.051365,172.31.47.0-255,172,342216,94,346332
24513,0.051391,172.31.47.0-255,1108,343324,94,346332
24514,0.051445,172.31.47.0-255,1514,344838,94,346332
24515,0.051447,172.31.47.0-255,1296,346134,94,346332
24516,0.052874,104.244.42.0-255,66,346200,94,346332
24517,0.052932,104.244.42.0-255,66,346266,94,346332
24518,0.053024,104.244.42.0-255,66,346332,94,346332
24519,0.0,74.125.24.0-255,153,153,94,253602
24520,3.4e-05,172.31.47.0-255,66,219,94,253602
24521,4e-05,74.125.24.0-255,1484,1703,94,253602
24522,4.4e-05,172.31.47.0-255,66,1769,94,253602
24523,4.6e-05,74.125.24.0-255,1484,3253,94,253602
24524,4.9e-05,172.31.47.0-255,66,3319,94,253602
24525,7e-05,74.125.24.0-255,1484,4803,94,253602
24526,7.2e-05,172.31.47.0-255,66,4869,94,253602
24527,7.7e-05,74.125.24.0-255,2902,7771,94,253602
24528,7.9e-05,172.31.47.0-255,66,7837,94,253602
24529,9.5e-05,74.125.24.0-255,4320,12157,94,253602
24530,9.7e-05,172.31.47.0-255,66,12223,94,253602
24531,0.00012,74.125.24.0-255,2137,14360,94,253602
24532,0.000122,172.31.47.0-255,66,14426,94,253602
24533,0.000168,74.125.24.0-255,2902,17328,94,253602
24534,0.000173,172.31.47.0-255,66,17394,94,253602
24535,0.000194,74.125.24.0-255,2902,20296,94,253602
24536,0.000196,172.31.47.0-255,66,20362,94,253602
24537,0.000202,74.125.24.0-255,7156,27518,94,253602
24538,0.000204,172.31.47.0-255,66,27584,94,253602
24539,0.000209,74.125.24.0-255,3961,31545,94,253602
24540,0.000211,172.31.47.0-255,66,31611,94,253602
24541,0.000498,74.125.24.0-255,1484,33095,94,253602
24542,0.000503,172.31.47.0-255,66,33161,94,253602
24543,0.000508,74.125.24.0-255,2902,36063,94,253602
24544,0.00051,172.31.47.0-255,66,36129,94,253602
24545,0.000543,74.125.24.0-255,5738,41867,94,253602
24546,0.000546,172.31.47.0-255,66,41933,94,253602
24547,0.00055,74.125.24.0-255,2902,44835,94,253602
24548,0.000553,172.31.47.0-255,66,44901,94,253602
24549,0.000569,74.125.24.0-255,3961,48862,94,253602
24550,0.000573,172.31.47.0-255,66,48928,94,253602
24551,0.000599,74.125.24.0-255,7156,56084,94,253602
24552,0.000603,172.31.47.0-255,66,56150,94,253602
24553,0.000626,74.125.24.0-255,7156,63306,94,253602
24554,0.000629,172.31.47.0-255,66,63372,94,253602
24555,0.000633,74.125.24.0-255,2543,65915,94,253602
24556,0.000635,172.31.47.0-255,66,65981,94,253602
24557,0.001019,74.125.24.0-255,646,66627,94,253602
24558,0.00123,74.125.24.0-255,1484,68111,94,253602
24559,0.001236,172.31.47.0-255,66,68177,94,253602
24560,0.001241,74.125.24.0-255,1484,69661,94,253602
24561,0.001256,74.125.24.0-255,1484,71145,94,253602
24562,0.001258,172.31.47.0-255,66,71211,94,253602
24563,0.001261,74.125.24.0-255,1484,72695,94,253602
24564,0.001278,74.125.24.0-255,4320,77015,94,253602
24565,0.00128,172.31.47.0-255,66,77081,94,253602
24566,0.001328,172.31.47.0-255,66,77147,94,253602
24567,0.001349,74.125.24.0-255,2902,80049,94,253602
24568,0.001352,172.31.47.0-255,66,80115,94,253602
24569,0.001367,172.31.47.0-255,66,80181,94,253602
24570,0.001532,74.125.24.0-255,1484,81665,94,253602
24571,0.001536,74.125.24.0-255,1484,83149,94,253602
24572,0.001539,172.31.47.0-255,66,83215,94,253602
24573,0.001552,74.125.24.0-255,1484,84699,94,253602
24574,0.001563,74.125.24.0-255,2902,87601,94,253602
24575,0.001566,172.31.47.0-255,66,87667,94,253602
24576,0.001582,74.125.24.0-255,2902,90569,94,253602
24577,0.001584,172.31.47.0-255,66,90635,94,253602
24578,0.001589,74.125.24.0-255,4320,94955,94,253602
24579,0.001591,172.31.47.0-255,66,95021,94,253602
24580,0.001598,74.125.24.0-255,7156,102177,94,253602
24581,0.001601,172.31.47.0-255,66,102243,94,253602
24582,0.001624,74.125.24.0-255,4320,106563,94,253602
24583,0.001626,172.31.47.0-255,66,106629,94,253602
24584,0.001636,172.31.47.0-255,66,106695,94,253602
24585,0.002169,74.125.24.0-255,1484,108179,94,253602
24586,0.002175,74.125.24.0-255,2902,111081,94,253602
24587,0.002178,172.31.47.0-255,66,111147,94,253602
24588,0.002185,74.125.24.0-255,4320,115467,94,253602
24589,0.002187,172.31.47.0-255,66,115533,94,253602
24590,0.002224,74.125.24.0-255,2902,118435,94,253602
24591,0.002226,172.31.47.0-255,66,118501,94,253602
24592,0.00225,74.125.24.0-255,5738,124239,94,253602
24593,0.002253,172.31.47.0-255,66,124305,94,253602
24594,0.002268,172.31.47.0-255,66,124371,94,253602
24595,0.002274,74.125.24.0-255,4320,128691,94,253602
24596,0.002276,172.31.47.0-255,66,128757,94,253602
24597,0.002313,172.31.47.0-255,66,128823,94,253602
24598,0.002324,172.31.47.0-255,66,128889,94,253602
24599,0.002329,74.125.24.0-255,4320,133209,94,253602
24600,0.002332,172.31.47.0-255,66,133275,94,253602
24601,0.002353,74.125.24.0-255,3602,136877,94,253602
24602,0.002356,172.31.47.0-255,66,136943,94,253602
24603,0.002369,74.125.24.0-255,2902,139845,94,253602
24604,0.002372,172.31.47.0-255,66,139911,94,253602
24605,0.002396,74.125.24.0-255,5738,145649,94,253602
24606,0.002399,172.31.47.0-255,66,145715,94,253602
24607,0.002404,74.125.24.0-255,4320,150035,94,253602
24608,0.002407,172.31.47.0-255,66,150101,94,253602
24609,0.002446,172.31.47.0-255,66,150167,94,253602
24610,0.002451,74.125.24.0-255,4320,154487,94,253602
24611,0.002453,172.31.47.0-255,66,154553,94,253602
24612,0.002467,74.125.24.0-255,2184,156737,94,253602
24613,0.00247,172.31.47.0-255,66,156803,94,253602
24614,0.002628,74.125.24.0-255,1484,158287,94,253602
24615,0.002633,74.125.24.0-255,2902,161189,94,253602
24616,0.002636,172.31.47.0-255,66,161255,94,253602
24617,0.002639,74.125.24.0-255,1484,162739,94,253602
24618,0.002657,74.125.24.0-255,4320,167059,94,253602
24619,0.002661,172.31.47.0-255,66,167125,94,253602
24620,0.002664,74.125.24.0-255,1484,168609,94,253602
24621,0.002689,74.125.24.0-255,4320,172929,94,253602
24622,0.002692,172.31.47.0-255,66,172995,94,253602
24623,0.002696,74.125.24.0-255,1484,174479,94,253602
24624,0.002702,74.125.24.0-255,7156,181635,94,253602
24625,0.002705,172.31.47.0-255,66,181701,94,253602
24626,0.002724,74.125.24.0-255,1484,183185,94,253602
24627,0.002727,74.125.24.0-255,1484,184669,94,253602
24628,0.002729,172.31.47.0-255,66,184735,94,253602
24629,0.002735,74.125.24.0-255,4320,189055,94,253602
24630,0.002738,172.31.47.0-255,66,189121,94,253602
24631,0.002755,74.125.24.0-255,2184,191305,94,253602
24632,0.00276,172.31.47.0-255,66,191371,94,253602
24633,0.00348,74.125.24.0-255,1484,192855,94,253602
24634,0.003485,74.125.24.0-255,2902,195757,94,253602
24635,0.003489,172.31.47.0-255,66,195823,94,253602
24636,0.003493,74.125.24.0-255,2902,198725,94,253602
24637,0.003496,172.31.47.0-255,66,198791,94,253602
24638,0.003509,74.125.24.0-255,2902,201693,94,253602
24639,0.003512,172.31.47.0-255,66,201759,94,253602
24640,0.003552,172.31.47.0-255,66,201825,94,253602
24641,0.003557,74.125.24.0-255,2902,204727,94,253602
24642,0.00356,172.31.47.0-255,66,204793,94,253602
24643,0.00358,172.31.47.0-255,66,204859,94,253602
24644,0.00361,74.125.24.0-255,1484,206343,94,253602
24645,0.003622,74.125.24.0-255,2902,209245,94,253602
24646,0.003625,172.31.47.0-255,66,209311,94,253602
24647,0.003649,74.125.24.0-255,5738,215049,94,253602
24648,0.003652,172.31.47.0-255,66,215115,94,253602
24649,0.003656,74.125.24.0-255,4320,219435,94,253602
24650,0.003658,172.31.47.0-255,66,219501,94,253602
24651,0.003702,172.31.47.0-255,66,219567,94,253602
24652,0.003704,74.125.24.0-255,5020,224587,94,253602
24653,0.003706,172.31.47.0-255,66,224653,94,253602
24654,0.003761,74.125.24.0-255,5738,230391,94,253602
24655,0.003765,172.31.47.0-255,66,230457,94,253602
24656,0.003778,172.31.47.0-255,66,230523,94,253602
24657,0.003783,74.125.24.0-255,4320,234843,94,253602
24658,0.003785,172.31.47.0-255,66,234909,94,253602
24659,0.00383,172.31.47.0-255,66,234975,94,253602
24660,0.003833,74.125.24.0-255,1484,236459,94,253602
24661,0.003854,74.125.24.0-255,2902,239361,94,253602
24662,0.003859,172.31.47.0-255,66,239427,94,253602
24663,0.00389,172.31.47.0-255,66,239493,94,253602
24664,0.0039,172.31.47.0-255,66,239559,94,253602
24665,0.003903,74.125.24.0-255,1484,241043,94,253602
24666,0.003906,172.31.47.0-255,78,241121,94,253602
24667,0.00393,74.125.24.0-255,5020,246141,94,253602
24668,0.003934,172.31.47.0-255,66,246207,94,253602
24669,0.003937,74.125.24.0-255,2699,248906,94,253602
24670,0.00394,172.31.47.0-255,66,248972,94,253602
24671,0.003966,74.125.24.0-255,105,249077,94,253602
24672,0.004668,172.31.47.0-255,66,249143,94,253602
24673,0.004695,172.31.47.0-255,105,249248,94,253602
24674,0.00727,74.125.24.0-255,66,249314,94,253602
24675,0.040643,172.31.47.0-255,172,249486,94,253602
24676,0.040673,172.31.47.0-255,1108,250594,94,253602
24677,0.040714,172.31.47.0-255,1514,252108,94,253602
24678,0.040716,172.31.47.0-255,1296,253404,94,253602
24679,0.04218,104.244.42.0-255,66,253470,94,253602
24680,0.042208,104.244.42.0-255,66,253536,94,253602
24681,0.042267,104.244.42.0-255,66,253602,94,253602
24682,0.0,172.31.47.0-255,105,105,94,276
24683,0.079916,31.13.82.0-255,105,210,94,276
24684,0.079935,172.31.47.0-255,66,276,94,276
24685,0.0,74.125.200.0-255,153,153,94,306829
24686,2.6e-05,172.31.47.0-255,66,219,94,306829
24687,3.6e-05,74.125.200.0-255,1484,1703,94,306829
24688,4.1e-05,172.31.47.0-255,66,1769,94,306829
24689,4.9e-05,74.125.200.0-255,2902,4671,94,306829
24690,5.3e-05,172.31.47.0-255,66,4737,94,306829
24691,6.5e-05,74.125.200.0-255,7156,11893,94,306829
24692,6.9e-05,172.31.47.0-255,66,11959,94,306829
24693,7.4e-05,74.125.200.0-255,2092,14051,94,306829
24694,7.7e-05,172.31.47.0-255,66,14117,94,306829
24695,9.4e-05,74.125.200.0-255,1484,15601,94,306829
24696,9.7e-05,172.31.47.0-255,66,15667,94,306829
24697,0.000115,74.125.200.0-255,2902,18569,94,306829
24698,0.000118,172.31.47.0-255,66,18635,94,306829
24699,0.000138,74.125.200.0-255,5738,24373,94,306829
24700,0.000141,172.31.47.0-255,66,24439,94,306829
24701,0.000155,74.125.200.0-255,1484,25923,94,306829
24702,0.000157,172.31.47.0-255,66,25989,94,306829
24703,0.000178,74.125.200.0-255,5379,31368,94,306829
24704,0.000181,172.31.47.0-255,66,31434,94,306829
24705,0.000657,74.125.200.0-255,1484,32918,94,306829
24706,0.000661,172.31.47.0-255,66,32984,94,306829
24707,0.000667,74.125.200.0-255,2902,35886,94,306829
24708,0.00067,172.31.47.0-255,66,35952,94,306829
24709,0.00069,74.125.200.0-255,4320,40272,94,306829
24710,0.000693,172.31.47.0-255,66,40338,94,306829
24711,0.000714,74.125.200.0-255,1484,41822,94,306829
24712,0.000716,172.31.47.0-255,66,41888,94,306829
24713,0.000722,74.125.200.0-255,4320,46208,94,306829
24714,0.000725,172.31.47.0-255,66,46274,94,306829
24715,0.000763,172.31.47.0-255,66,46340,94,306829
24716,0.00077,74.125.200.0-255,4320,50660,94,306829
24717,0.0008,74.125.200.0-255,2543,53203,94,306829
24718,0.001109,74.125.200.0-255,645,53848,94,306829
24719,0.00135,74.125.200.0-255,1484,55332,94,306829
24720,0.001369,74.125.200.0-255,2902,58234,94,306829
24721,0.001407,74.125.200.0-255,4320,62554,94,306829
24722,0.001427,74.125.200.0-255,1484,64038,94,306829
24723,0.001433,74.125.200.0-255,2902,66940,94,306829
24724,0.001449,74.125.200.0-255,4320,71260,94,306829
24725,0.001452,74.125.200.0-255,1484,72744,94,306829
24726,0.001475,74.125.200.0-255,4320,77064,94,306829
24727,0.00149,74.125.200.0-255,4320,81384,94,306829
24728,0.001508,74.125.200.0-255,2902,84286,94,306829
24729,0.001546,74.125.200.0-255,1484,85770,94,306829
24730,0.001562,74.125.200.0-255,2184,87954,94,306829
24731,0.001606,74.125.200.0-255,1484,89438,94,306829
24732,0.001612,74.125.200.0-255,2902,92340,94,306829
24733,0.001647,74.125.200.0-255,4320,96660,94,306829
24734,0.001667,74.125.200.0-255,1484,98144,94,306829
24735,0.001674,74.125.200.0-255,5738,103882,94,306829
24736,0.001695,74.125.200.0-255,5738,109620,94,306829
24737,0.001711,74.125.200.0-255,1484,111104,94,306829
24738,0.001722,74.125.200.0-255,7156,118260,94,306829
24739,0.001743,74.125.200.0-255,3602,121862,94,306829
24740,0.002002,74.125.200.0-255,1484,123346,94,306829
24741,0.002022,74.125.200.0-255,2902,126248,94,306829
24742,0.002043,74.125.200.0-255,5738,131986,94,306829
24743,0.00206,74.125.200.0-255,2902,134888,94,306829
24744,0.002079,74.125.200.0-255,4320,139208,94,306829
24745,0.002082,74.125.200.0-255,1484,140692,94,306829
24746,0.002108,74.125.200.0-255,7156,147848,94,306829
24747,0.002111,74.125.200.0-255,1484,149332,94,306829
24748,0.002139,74.125.200.0-255,6438,155770,94,306829
24749,0.004053,172.31.47.0-255,66,155836,94,306829
24750,0.006438,74.125.200.0-255,5738,161574,94,306829
24751,0.006448,172.31.47.0-255,66,161640,94,306829
24752,0.008792,74.125.200.0-255,2902,164542,94,306829
24753,0.008816,74.125.200.0-255,2902,167444,94,306829
24754,0.012372,172.31.47.0-255,66,167510,94,306829
24755,0.014745,74.125.200.0-255,5738,173248,94,306829
24756,0.014754,172.31.47.0-255,66,173314,94,306829
24757,0.017119,74.125.200.0-255,5738,179052,94,306829
24758,0.017126,172.31.47.0-255,66,179118,94,306829
24759,0.019494,74.125.200.0-255,5738,184856,94,306829
24760,0.019502,172.31.47.0-255,66,184922,94,306829
24761,0.021877,74.125.200.0-255,5738,190660,94,306829
24762,0.021887,172.31.47.0-255,66,190726,94,306829
24763,0.024244,74.125.200.0-255,5738,196464,94,306829
24764,0.024255,172.31.47.0-255,66,196530,94,306829
24765,0.02663,74.125.200.0-255,5738,202268,94,306829
24766,0.026651,172.31.47.0-255,66,202334,94,306829
24767,0.029038,74.125.200.0-255,5738,208072,94,306829
24768,0.029056,172.31.47.0-255,66,208138,94,306829
24769,0.031421,74.125.200.0-255,5738,213876,94,306829
24770,0.03144,172.31.47.0-255,66,213942,94,306829
24771,0.033806,74.125.200.0-255,5738,219680,94,306829
24772,0.033815,172.31.47.0-255,66,219746,94,306829
24773,0.03617,74.125.200.0-255,5738,225484,94,306829
24774,0.036177,172.31.47.0-255,66,225550,94,306829
24775,0.038532,74.125.200.0-255,4320,229870,94,306829
24776,0.038538,172.31.47.0-255,66,229936,94,306829
24777,0.038556,74.125.200.0-255,1484,231420,94,306829
24778,0.040928,74.125.200.0-255,4320,235740,94,306829
24779,0.040939,172.31.47.0-255,66,235806,94,306829
24780,0.043315,74.125.200.0-255,5738,241544,94,306829
24781,0.043802,172.31.47.0-255,66,241610,94,306829
24782,0.045888,172.31.47.0-255,172,241782,94,306829
24783,0.045946,172.31.47.0-255,1071,242853,94,306829
24784,0.046176,74.125.200.0-255,5738,248591,94,306829
24785,0.046183,172.31.47.0-255,66,248657,94,306829
24786,0.047454,104.244.42.0-255,66,248723,94,306829
24787,0.047581,104.244.42.0-255,66,248789,94,306829
24788,0.048556,74.125.200.0-255,5738,254527,94,306829
24789,0.04857,172.31.47.0-255,66,254593,94,306829
24790,0.050949,74.125.200.0-255,5738,260331,94,306829
24791,0.052045,172.31.47.0-255,66,260397,94,306829
24792,0.054448,74.125.200.0-255,5738,266135,94,306829
24793,0.054472,172.31.47.0-255,66,266201,94,306829
24794,0.056898,74.125.200.0-255,5738,271939,94,306829
24795,0.060059,172.31.47.0-255,66,272005,94,306829
24796,0.062447,74.125.200.0-255,5738,277743,94,306829
24797,0.062469,172.31.47.0-255,66,277809,94,306829
24798,0.064842,74.125.200.0-255,5738,283547,94,306829
24799,0.068069,172.31.47.0-255,66,283613,94,306829
24800,0.070451,74.125.200.0-255,5738,289351,94,306829
24801,0.070469,172.31.47.0-255,66,289417,94,306829
24802,0.07284,74.125.200.0-255,5738,295155,94,306829
24803,0.072854,172.31.47.0-255,66,295221,94,306829
24804,0.075237,74.125.200.0-255,5738,300959,94,306829
24805,0.075259,172.31.47.0-255,66,301025,94,306829
24806,0.077647,74.125.200.0-255,5738,306763,94,306829
24807,0.077667,172.31.47.0-255,66,306829,94,306829
24808,0.0,172.217.194.0-255,153,153,94,250819
24809,2.5e-05,172.31.47.0-255,66,219,94,250819
24810,3e-05,172.217.194.0-255,1484,1703,94,250819
24811,3.3e-05,172.31.47.0-255,66,1769,94,250819
24812,3.7e-05,172.217.194.0-255,2902,4671,94,250819
24813,4e-05,172.31.47.0-255,66,4737,94,250819
24814,7.1e-05,172.217.194.0-255,7156,11893,94,250819
24815,7.4e-05,172.31.47.0-255,66,11959,94,250819
24816,7.8e-05,172.217.194.0-255,2128,14087,94,250819
24817,8e-05,172.31.47.0-255,66,14153,94,250819
24818,9.2e-05,172.217.194.0-255,2902,17055,94,250819
24819,9.4e-05,172.31.47.0-255,66,17121,94,250819
24820,9.7e-05,172.217.194.0-255,1484,18605,94,250819
24821,9.8e-05,172.31.47.0-255,66,18671,94,250819
24822,0.000127,172.217.194.0-255,5738,24409,94,250819
24823,0.00013,172.31.47.0-255,66,24475,94,250819
24824,0.000136,172.217.194.0-255,6797,31272,94,250819
24825,0.000138,172.31.47.0-255,66,31338,94,250819
24826,0.000151,172.217.194.0-255,1484,32822,94,250819
24827,0.000153,172.31.47.0-255,66,32888,94,250819
24828,0.00017,172.217.194.0-255,5738,38626,94,250819
24829,0.000173,172.31.47.0-255,66,38692,94,250819
24830,0.000177,172.217.194.0-255,4320,43012,94,250819
24831,0.000179,172.31.47.0-255,66,43078,94,250819
24832,0.000202,172.217.194.0-255,5379,48457,94,250819
24833,0.000204,172.31.47.0-255,66,48523,94,250819
24834,0.000244,172.217.194.0-255,5738,54261,94,250819
24835,0.000247,172.31.47.0-255,66,54327,94,250819
24836,0.000262,172.217.194.0-255,4320,58647,94,250819
24837,0.000265,172.31.47.0-255,66,58713,94,250819
24838,0.000271,172.217.194.0-255,7107,65820,94,250819
24839,0.000273,172.31.47.0-255,66,65886,94,250819
24840,0.00029,172.217.194.0-255,367,66253,94,250819
24841,0.000447,172.217.194.0-255,1484,67737,94,250819
24842,0.000451,172.31.47.0-255,66,67803,94,250819
24843,0.000455,172.217.194.0-255,2902,70705,94,250819
24844,0.000457,172.31.47.0-255,66,70771,94,250819
24845,0.000461,172.217.194.0-255,2902,73673,94,250819
24846,0.000462,172.31.47.0-255,66,73739,94,250819
24847,0.000475,172.217.194.0-255,2902,76641,94,250819
24848,0.000478,172.31.47.0-255,66,76707,94,250819
24849,0.00051,172.31.47.0-255,66,76773,94,250819
24850,0.000552,172.31.47.0-255,66,76839,94,250819
24851,0.000574,172.217.194.0-255,5020,81859,94,250819
24852,0.000577,172.31.47.0-255,66,81925,94,250819
24853,0.000762,172.217.194.0-255,1484,83409,94,250819
24854,0.000785,172.217.194.0-255,2902,86311,94,250819
24855,0.000788,172.31.47.0-255,66,86377,94,250819
24856,0.000793,172.217.194.0-255,5738,92115,94,250819
24857,0.000795,172.31.47.0-255,66,92181,94,250819
24858,0.000801,172.217.194.0-255,5738,97919,94,250819
24859,0.000802,172.31.47.0-255,66,97985,94,250819
24860,0.000805,172.217.194.0-255,1484,99469,94,250819
24861,0.000842,172.31.47.0-255,66,99535,94,250819
24862,0.000847,172.217.194.0-255,5020,104555,94,250819
24863,0.000849,172.31.47.0-255,66,104621,94,250819
24864,0.001036,172.217.194.0-255,1484,106105,94,250819
24865,0.001041,172.217.194.0-255,2902,109007,94,250819
24866,0.001044,172.31.47.0-255,66,109073,94,250819
24867,0.001049,172.217.194.0-255,5738,114811,94,250819
24868,0.001051,172.31.47.0-255,66,114877,94,250819
24869,0.001073,172.217.194.0-255,1484,116361,94,250819
24870,0.001085,172.217.194.0-255,5738,122099,94,250819
24871,0.001088,172.31.47.0-255,66,122165,94,250819
24872,0.001108,172.217.194.0-255,5738,127903,94,250819
24873,0.001111,172.31.47.0-255,66,127969,94,250819
24874,0.001115,172.217.194.0-255,4320,132289,94,250819
24875,0.001117,172.31.47.0-255,66,132355,94,250819
24876,0.001134,172.217.194.0-255,6438,138793,94,250819
24877,0.001136,172.31.47.0-255,66,138859,94,250819
24878,0.001169,172.217.194.0-255,1484,140343,94,250819
24879,0.001185,172.217.194.0-255,2902,143245,94,250819
24880,0.001188,172.31.47.0-255,66,143311,94,250819
24881,0.001194,172.217.194.0-255,5738,149049,94,250819
24882,0.001196,172.31.47.0-255,66,149115,94,250819
24883,0.001199,172.217.194.0-255,1484,150599,94,250819
24884,0.00122,172.217.194.0-255,5738,156337,94,250819
24885,0.001222,172.31.47.0-255,66,156403,94,250819
24886,0.001232,172.31.47.0-255,66,156469,94,250819
24887,0.001244,172.217.194.0-255,4320,160789,94,250819
24888,0.001246,172.31.47.0-255,66,160855,94,250819
24889,0.00125,172.217.194.0-255,2184,163039,94,250819
24890,0.001252,172.31.47.0-255,66,163105,94,250819
24891,0.001485,172.217.194.0-255,1484,164589,94,250819
24892,0.001507,172.217.194.0-255,2902,167491,94,250819
24893,0.00151,172.31.47.0-255,66,167557,94,250819
24894,0.001514,172.217.194.0-255,2902,170459,94,250819
24895,0.001516,172.31.47.0-255,66,170525,94,250819
24896,0.001529,172.217.194.0-255,2902,173427,94,250819
24897,0.001531,172.31.47.0-255,66,173493,94,250819
24898,0.001536,172.217.194.0-255,5738,179231,94,250819
24899,0.001538,172.31.47.0-255,66,179297,94,250819
24900,0.001558,172.31.47.0-255,66,179363,94,250819
24901,0.001574,172.217.194.0-255,7156,186519,94,250819
24902,0.001576,172.31.47.0-255,66,186585,94,250819
24903,0.001579,172.217.194.0-255,766,187351,94,250819
24904,0.001648,172.31.47.0-255,66,187417,94,250819
24905,0.00166,172.31.47.0-255,66,187483,94,250819
24906,0.001665,172.217.194.0-255,4320,191803,94,250819
24907,0.001666,172.31.47.0-255,66,191869,94,250819
24908,0.001692,172.217.194.0-255,2902,194771,94,250819
24909,0.001695,172.31.47.0-255,66,194837,94,250819
24910,0.001704,172.31.47.0-255,66,194903,94,250819
24911,0.001708,172.217.194.0-255,4320,199223,94,250819
24912,0.00171,172.31.47.0-255,66,199289,94,250819
24913,0.001748,172.31.47.0-255,66,199355,94,250819
24914,0.001751,172.217.194.0-255,766,200121,94,250819
24915,0.001782,172.217.194.0-255,1484,201605,94,250819
24916,0.001785,172.31.47.0-255,66,201671,94,250819
24917,0.00179,172.217.194.0-255,2902,204573,94,250819
24918,0.001791,172.31.47.0-255,66,204639,94,250819
24919,0.001797,172.217.194.0-255,5738,210377,94,250819
24920,0.001799,172.31.47.0-255,66,210443,94,250819
24921,0.001818,172.217.194.0-255,5738,216181,94,250819
24922,0.001821,172.31.47.0-255,66,216247,94,250819
24923,0.00184,172.217.194.0-255,7156,223403,94,250819
24924,0.001843,172.31.47.0-255,66,223469,94,250819
24925,0.001846,172.217.194.0-255,1484,224953,94,250819
24926,0.001878,172.217.194.0-255,4320,229273,94,250819
24927,0.001881,172.31.47.0-255,66,229339,94,250819
24928,0.001905,172.217.194.0-255,6438,235777,94,250819
24929,0.001908,172.31.47.0-255,66,235843,94,250819
24930,0.00192,172.31.47.0-255,66,235909,94,250819
24931,0.001958,172.31.47.0-255,66,235975,94,250819
24932,0.00198,172.217.194.0-255,5020,240995,94,250819
24933,0.001984,172.31.47.0-255,66,241061,94,250819
24934,0.002002,172.31.47.0-255,66,241127,94,250819
24935,0.002013,172.31.47.0-255,66,241193,94,250819
24936,0.00203,172.217.194.0-255,4928,246121,94,250819
24937,0.002033,172.31.47.0-255,66,246187,94,250819
24938,0.002036,172.217.194.0-255,105,246292,94,250819
24939,0.007182,172.31.47.0-255,66,246358,94,250819
24940,0.007209,172.31.47.0-255,105,246463,94,250819
24941,0.009748,172.217.194.0-255,66,246529,94,250819
24942,0.032343,172.31.47.0-255,172,246701,94,250819
24943,0.032377,172.31.47.0-255,1116,247817,94,250819
24944,0.032433,172.31.47.0-255,1514,249331,94,250819
24945,0.032435,172.31.47.0-255,1290,250621,94,250819
24946,0.033862,104.244.42.0-255,66,250687,94,250819
24947,0.033904,104.244.42.0-255,66,250753,94,250819
24948,0.033996,104.244.42.0-255,66,250819,94,250819
24949,0.0,74.125.200.0-255,153,153,94,258438
24950,2.9e-05,172.31.47.0-255,66,219,94,258438
24951,3.6e-05,74.125.200.0-255,1484,1703,94,258438
24952,4e-05,172.31.47.0-255,66,1769,94,258438
24953,4.5e-05,74.125.200.0-255,2902,4671,94,258438
24954,4.7e-05,172.31.47.0-255,66,4737,94,258438
24955,8.3e-05,74.125.200.0-255,5738,10475,94,258438
24956,8.6e-05,172.31.47.0-255,66,10541,94,258438
24957,9e-05,74.125.200.0-255,3519,14060,94,258438
24958,9.2e-05,172.31.47.0-255,66,14126,94,258438
24959,0.000192,74.125.200.0-255,1484,15610,94,258438
24960,0.000196,172.31.47.0-255,66,15676,94,258438
24961,0.000201,74.125.200.0-255,2902,18578,94,258438
24962,0.000202,172.31.47.0-255,66,18644,94,258438
24963,0.000222,74.125.200.0-255,5738,24382,94,258438
24964,0.000224,172.31.47.0-255,66,24448,94,258438
24965,0.000227,74.125.200.0-255,1484,25932,94,258438
24966,0.000229,172.31.47.0-255,66,25998,94,258438
24967,0.000255,74.125.200.0-255,4320,30318,94,258438
24968,0.000259,172.31.47.0-255,66,30384,94,258438
24969,0.000264,74.125.200.0-255,4320,34704,94,258438
24970,0.000266,172.31.47.0-255,66,34770,94,258438
24971,0.000295,74.125.200.0-255,2543,37313,94,258438
24972,0.000299,172.31.47.0-255,66,37379,94,258438
24973,0.000305,74.125.200.0-255,7156,44535,94,258438
24974,0.000308,172.31.47.0-255,66,44601,94,258438
24975,0.000313,74.125.200.0-255,5738,50339,94,258438
24976,0.000314,172.31.47.0-255,66,50405,94,258438
24977,0.000341,74.125.200.0-255,2902,53307,94,258438
24978,0.000344,172.31.47.0-255,66,53373,94,258438
24979,0.000354,172.31.47.0-255,66,53439,94,258438
24980,0.00039,74.125.200.0-255,3602,57041,94,258438
24981,0.000393,172.31.47.0-255,66,57107,94,258438
24982,0.000419,74.125.200.0-255,429,57536,94,258438
24983,0.000541,74.125.200.0-255,1484,59020,94,258438
24984,0.000545,172.31.47.0-255,66,59086,94,258438
24985,0.00055,74.125.200.0-255,2902,61988,94,258438
24986,0.000552,172.31.47.0-255,66,62054,94,258438
24987,0.000584,74.125.200.0-255,5738,67792,94,258438
24988,0.000586,172.31.47.0-255,66,67858,94,258438
24989,0.000593,74.125.200.0-255,7156,75014,94,258438
24990,0.000595,172.31.47.0-255,66,75080,94,258438
24991,0.000631,172.31.47.0-255,66,75146,94,258438
24992,0.000636,74.125.200.0-255,1484,76630,94,258438
24993,0.000655,74.125.200.0-255,6438,83068,94,258438
24994,0.000658,172.31.47.0-255,66,83134,94,258438
24995,0.000799,74.125.200.0-255,1484,84618,94,258438
24996,0.000812,74.125.200.0-255,2902,87520,94,258438
24997,0.000815,172.31.47.0-255,66,87586,94,258438
24998,0.000843,74.125.200.0-255,5738,93324,94,258438
24999,0.000847,172.31.47.0-255,66,93390,94,258438
25000,0.000852,74.125.200.0-255,2902,96292,94,258438
25001,0.000853,172.31.47.0-255,66,96358,94,258438
25002,0.000864,74.125.200.0-255,4320,100678,94,258438
25003,0.000868,172.31.47.0-255,66,100744,94,258438
25004,0.000896,172.31.47.0-255,66,100810,94,258438
25005,0.000899,74.125.200.0-255,1484,102294,94,258438
25006,0.000948,74.125.200.0-255,2902,105196,94,258438
25007,0.000952,172.31.47.0-255,66,105262,94,258438
25008,0.000987,172.31.47.0-255,66,105328,94,258438
25009,0.001001,172.31.47.0-255,66,105394,94,258438
25010,0.001036,172.31.47.0-255,66,105460,94,258438
25011,0.001062,74.125.200.0-255,5020,110480,94,258438
25012,0.001065,172.31.47.0-255,66,110546,94,258438
25013,0.001105,74.125.200.0-255,1484,112030,94,258438
25014,0.001118,74.125.200.0-255,2902,114932,94,258438
25015,0.001122,172.31.47.0-255,66,114998,94,258438
25016,0.001137,74.125.200.0-255,5738,120736,94,258438
25017,0.001144,172.31.47.0-255,66,120802,94,258438
25018,0.001148,74.125.200.0-255,2902,123704,94,258438
25019,0.00115,172.31.47.0-255,66,123770,94,258438
25020,0.001179,74.125.200.0-255,4320,128090,94,258438
25021,0.001182,172.31.47.0-255,66,128156,94,258438
25022,0.001193,172.31.47.0-255,66,128222,94,258438
25023,0.001196,74.125.200.0-255,1484,129706,94,258438
25024,0.001234,74.125.200.0-255,4320,134026,94,258438
25025,0.001238,172.31.47.0-255,66,134092,94,258438
25026,0.001305,74.125.200.0-255,2184,136276,94,258438
25027,0.001308,172.31.47.0-255,66,136342,94,258438
25028,0.001312,74.125.200.0-255,2902,139244,94,258438
25029,0.001314,172.31.47.0-255,66,139310,94,258438
25030,0.001319,74.125.200.0-255,2902,142212,94,258438
25031,0.001321,172.31.47.0-255,66,142278,94,258438
25032,0.001325,74.125.200.0-255,4320,146598,94,258438
25033,0.001327,172.31.47.0-255,66,146664,94,258438
25034,0.001365,172.31.47.0-255,66,146730,94,258438
25035,0.001371,74.125.200.0-255,5738,152468,94,258438
25036,0.001374,172.31.47.0-255,66,152534,94,258438
25037,0.001415,74.125.200.0-255,5738,158272,94,258438
25038,0.001419,172.31.47.0-255,66,158338,94,258438
25039,0.001457,172.31.47.0-255,66,158404,94,258438
25040,0.001487,172.31.47.0-255,66,158470,94,258438
25041,0.001493,74.125.200.0-255,5738,164208,94,258438
25042,0.001496,172.31.47.0-255,66,164274,94,258438
25043,0.001524,74.125.200.0-255,5020,169294,94,258438
25044,0.001527,172.31.47.0-255,66,169360,94,258438
25045,0.001531,74.125.200.0-255,2902,172262,94,258438
25046,0.001534,172.31.47.0-255,66,172328,94,258438
25047,0.001562,74.125.200.0-255,2902,175230,94,258438
25048,0.001565,172.31.47.0-255,66,175296,94,258438
25049,0.001577,172.31.47.0-255,66,175362,94,258438
25050,0.001588,74.125.200.0-255,1484,176846,94,258438
25051,0.001624,172.31.47.0-255,66,176912,94,258438
25052,0.001628,74.125.200.0-255,2902,179814,94,258438
25053,0.00163,172.31.47.0-255,66,179880,94,258438
25054,0.001635,74.125.200.0-255,4320,184200,94,258438
25055,0.001637,172.31.47.0-255,66,184266,94,258438
25056,0.00164,74.125.200.0-255,766,185032,94,258438
25057,0.001679,74.125.200.0-255,1484,186516,94,258438
25058,0.001682,172.31.47.0-255,66,186582,94,258438
25059,0.001688,74.125.200.0-255,4320,190902,94,258438
25060,0.001691,172.31.47.0-255,66,190968,94,258438
25061,0.00171,74.125.200.0-255,2902,193870,94,258438
25062,0.001713,172.31.47.0-255,66,193936,94,258438
25063,0.001718,74.125.200.0-255,4320,198256,94,258438
25064,0.001721,172.31.47.0-255,66,198322,94,258438
25065,0.001765,172.31.47.0-255,66,198388,94,258438
25066,0.00177,74.125.200.0-255,5738,204126,94,258438
25067,0.001773,172.31.47.0-255,66,204192,94,258438
25068,0.001777,74.125.200.0-255,4320,208512,94,258438
25069,0.001782,172.31.47.0-255,66,208578,94,258438
25070,0.001811,74.125.200.0-255,2184,210762,94,258438
25071,0.001814,172.31.47.0-255,66,210828,94,258438
25072,0.001822,74.125.200.0-255,7156,217984,94,258438
25073,0.001824,172.31.47.0-255,66,218050,94,258438
25074,0.001852,172.31.47.0-255,66,218116,94,258438
25075,0.001895,172.31.47.0-255,66,218182,94,258438
25076,0.001922,74.125.200.0-255,5020,223202,94,258438
25077,0.001927,172.31.47.0-255,66,223268,94,258438
25078,0.00195,74.125.200.0-255,4320,227588,94,258438
25079,0.001953,172.31.47.0-255,66,227654,94,258438
25080,0.001969,74.125.200.0-255,1484,229138,94,258438
25081,0.001974,74.125.200.0-255,2902,232040,94,258438
25082,0.001976,172.31.47.0-255,66,232106,94,258438
25083,0.001997,74.125.200.0-255,4320,236426,94,258438
25084,0.002001,172.31.47.0-255,66,236492,94,258438
25085,0.002035,74.125.200.0-255,1484,237976,94,258438
25086,0.002071,74.125.200.0-255,7156,245132,94,258438
25087,0.002076,172.31.47.0-255,66,245198,94,258438
25088,0.002088,74.125.200.0-255,2184,247382,94,258438
25089,0.00209,172.31.47.0-255,66,247448,94,258438
25090,0.002091,74.125.200.0-255,2902,250350,94,258438
25091,0.002093,172.31.47.0-255,66,250416,94,258438
25092,0.002096,172.31.47.0-255,66,250482,94,258438
25093,0.002144,74.125.200.0-255,6173,256655,94,258438
25094,0.002148,172.31.47.0-255,66,256721,94,258438
25095,0.002183,74.125.200.0-255,105,256826,94,258438
25096,0.00351,172.31.47.0-255,66,256892,94,258438
25097,0.003538,172.31.47.0-255,105,256997,94,258438
25098,0.005776,74.125.200.0-255,66,257063,94,258438
25099,0.029719,172.31.47.0-255,172,257235,94,258438
25100,0.029757,172.31.47.0-255,1071,258306,94,258438
25101,0.031283,104.244.42.0-255,66,258372,94,258438
25102,0.031291,104.244.42.0-255,66,258438,94,258438
25103,0.0,172.31.47.0-255,105,105,94,276
25104,0.001792,157.240.13.0-255,105,210,94,276
25105,0.001802,172.31.47.0-255,66,276,94,276
25106,0.0,172.217.194.0-255,66,66,94,66
25107,0.0,172.217.194.0-255,153,153,94,299453
25108,2.4e-05,172.31.47.0-255,66,219,94,299453
25109,3.1e-05,172.217.194.0-255,1484,1703,94,299453
25110,3.5e-05,172.31.47.0-255,66,1769,94,299453
25111,4e-05,172.217.194.0-255,2902,4671,94,299453
25112,5.1e-05,172.31.47.0-255,66,4737,94,299453
25113,5.9e-05,172.217.194.0-255,7156,11893,94,299453
25114,6.3e-05,172.31.47.0-255,66,11959,94,299453
25115,6.6e-05,172.217.194.0-255,1484,13443,94,299453
25116,6.8e-05,172.31.47.0-255,66,13509,94,299453
25117,0.000106,172.31.47.0-255,66,13575,94,299453
25118,0.000133,172.217.194.0-255,1975,15550,94,299453
25119,0.000135,172.31.47.0-255,66,15616,94,299453
25120,0.000141,172.217.194.0-255,3961,19577,94,299453
25121,0.000143,172.31.47.0-255,66,19643,94,299453
25122,0.000146,172.217.194.0-255,1484,21127,94,299453
25123,0.000148,172.31.47.0-255,66,21193,94,299453
25124,0.000158,172.217.194.0-255,2902,24095,94,299453
25125,0.000161,172.31.47.0-255,66,24161,94,299453
25126,0.000186,172.217.194.0-255,5738,29899,94,299453
25127,0.000189,172.31.47.0-255,66,29965,94,299453
25128,0.000193,172.217.194.0-255,2902,32867,94,299453
25129,0.000199,172.31.47.0-255,66,32933,94,299453
25130,0.000235,172.217.194.0-255,5379,38312,94,299453
25131,0.000239,172.31.47.0-255,66,38378,94,299453
25132,0.000249,172.31.47.0-255,66,38444,94,299453
25133,0.000261,172.217.194.0-255,7048,45492,94,299453
25134,0.000263,172.31.47.0-255,66,45558,94,299453
25135,0.000524,172.217.194.0-255,121,45679,94,299453
25136,0.00053,172.31.47.0-255,66,45745,94,299453
25137,0.00056,172.217.194.0-255,1484,47229,94,299453
25138,0.000563,172.31.47.0-255,66,47295,94,299453
25139,0.000568,172.217.194.0-255,2902,50197,94,299453
25140,0.00057,172.31.47.0-255,66,50263,94,299453
25141,0.000614,172.217.194.0-255,7156,57419,94,299453
25142,0.000618,172.31.47.0-255,66,57485,94,299453
25143,0.000625,172.217.194.0-255,5379,62864,94,299453
25144,0.000627,172.31.47.0-255,66,62930,94,299453
25145,0.000673,172.217.194.0-255,1484,64414,94,299453
25146,0.000676,172.31.47.0-255,66,64480,94,299453
25147,0.000681,172.217.194.0-255,2902,67382,94,299453
25148,0.000684,172.31.47.0-255,66,67448,94,299453
25149,0.000691,172.217.194.0-255,5738,73186,94,299453
25150,0.000699,172.31.47.0-255,66,73252,94,299453
25151,0.000745,172.217.194.0-255,2902,76154,94,299453
25152,0.000748,172.31.47.0-255,66,76220,94,299453
25153,0.000775,172.31.47.0-255,66,76286,94,299453
25154,0.000788,172.31.47.0-255,66,76352,94,299453
25155,0.000812,172.217.194.0-255,1484,77836,94,299453
25156,0.000862,172.31.47.0-255,66,77902,94,299453
25157,0.001236,172.217.194.0-255,1484,79386,94,299453
25158,0.001251,172.217.194.0-255,2902,82288,94,299453
25159,0.001254,172.31.47.0-255,66,82354,94,299453
25160,0.001288,172.217.194.0-255,5738,88092,94,299453
25161,0.001292,172.31.47.0-255,66,88158,94,299453
25162,0.001301,172.217.194.0-255,2902,91060,94,299453
25163,0.001362,172.31.47.0-255,66,91126,94,299453
25164,0.001406,172.31.47.0-255,66,91192,94,299453
25165,0.001461,172.217.194.0-255,4320,95512,94,299453
25166,0.001469,172.31.47.0-255,66,95578,94,299453
25167,0.001497,172.217.194.0-255,5738,101316,94,299453
25168,0.001499,172.31.47.0-255,66,101382,94,299453
25169,0.001514,172.217.194.0-255,4320,105702,94,299453
25170,0.00154,172.31.47.0-255,66,105768,94,299453
25171,0.001821,172.217.194.0-255,1484,107252,94,299453
25172,0.001826,172.217.194.0-255,2902,110154,94,299453
25173,0.001829,172.31.47.0-255,66,110220,94,299453
25174,0.00185,172.217.194.0-255,5738,115958,94,299453
25175,0.001868,172.217.194.0-255,4320,120278,94,299453
25176,0.001871,172.31.47.0-255,66,120344,94,299453
25177,0.001879,172.217.194.0-255,4320,124664,94,299453
25178,0.001888,172.31.47.0-255,66,124730,94,299453
25179,0.001914,172.217.194.0-255,4320,129050,94,299453
25180,0.001937,172.217.194.0-255,7156,136206,94,299453
25181,0.001944,172.31.47.0-255,66,136272,94,299453
25182,0.001953,172.217.194.0-255,1484,137756,94,299453
25183,0.00197,172.217.194.0-255,2184,139940,94,299453
25184,0.001981,172.31.47.0-255,66,140006,94,299453
25185,0.002005,172.217.194.0-255,1484,141490,94,299453
25186,0.002017,172.217.194.0-255,1484,142974,94,299453
25187,0.002023,172.31.47.0-255,66,143040,94,299453
25188,0.002042,172.217.194.0-255,5738,148778,94,299453
25189,0.002049,172.31.47.0-255,66,148844,94,299453
25190,0.002078,172.217.194.0-255,1484,150328,94,299453
25191,0.002086,172.31.47.0-255,66,150394,94,299453
25192,0.002139,172.31.47.0-255,66,150460,94,299453
25193,0.004406,172.217.194.0-255,5738,156198,94,299453
25194,0.004412,172.31.47.0-255,66,156264,94,299453
25195,0.006639,172.217.194.0-255,1484,157748,94,299453
25196,0.006644,172.31.47.0-255,66,157814,94,299453
25197,0.006672,172.217.194.0-255,4320,162134,94,299453
25198,0.006674,172.31.47.0-255,66,162200,94,299453
25199,0.00891,172.217.194.0-255,5738,167938,94,299453
25200,0.008919,172.31.47.0-255,66,168004,94,299453
25201,0.011161,172.217.194.0-255,5738,173742,94,299453
25202,0.011168,172.31.47.0-255,66,173808,94,299453
25203,0.013411,172.217.194.0-255,5738,179546,94,299453
25204,0.013421,172.31.47.0-255,66,179612,94,299453
25205,0.01565,172.217.194.0-255,5738,185350,94,299453
25206,0.015659,172.31.47.0-255,66,185416,94,299453
25207,0.017905,172.217.194.0-255,5738,191154,94,299453
25208,0.017912,172.31.47.0-255,66,191220,94,299453
25209,0.020189,172.217.194.0-255,5738,196958,94,299453
25210,0.020196,172.31.47.0-255,66,197024,94,299453
25211,0.022475,172.217.194.0-255,5738,202762,94,299453
25212,0.022486,172.31.47.0-255,66,202828,94,299453
25213,0.024723,172.217.194.0-255,5738,208566,94,299453
25214,0.024731,172.31.47.0-255,66,208632,94,299453
25215,0.02697,172.217.194.0-255,5738,214370,94,299453
25216,0.026977,172.31.47.0-255,66,214436,94,299453
25217,0.027376,172.31.47.0-255,172,214608,94,299453
25218,0.027403,172.31.47.0-255,1116,215724,94,299453
25219,0.027462,172.31.47.0-255,1514,217238,94,299453
25220,0.027464,172.31.47.0-255,1288,218526,94,299453
25221,0.02894,104.244.42.0-255,66,218592,94,299453
25222,0.028976,104.244.42.0-255,66,218658,94,299453
25223,0.029039,104.244.42.0-255,66,218724,94,299453
25224,0.02924,172.217.194.0-255,5738,224462,94,299453
25225,0.029245,172.31.47.0-255,66,224528,94,299453
25226,0.031531,172.217.194.0-255,5738,230266,94,299453
25227,0.031537,172.31.47.0-255,66,230332,94,299453
25228,0.033773,172.217.194.0-255,5738,236070,94,299453
25229,0.033779,172.31.47.0-255,66,236136,94,299453
25230,0.036064,172.217.194.0-255,5738,241874,94,299453
25231,0.036073,172.31.47.0-255,66,241940,94,299453
25232,0.038344,172.217.194.0-255,5738,247678,94,299453
25233,0.038349,172.31.47.0-255,66,247744,94,299453
25234,0.040625,172.217.194.0-255,5738,253482,94,299453
25235,0.040632,172.31.47.0-255,66,253548,94,299453
25236,0.042878,172.217.194.0-255,5738,259286,94,299453
25237,0.042886,172.31.47.0-255,66,259352,94,299453
25238,0.045124,172.217.194.0-255,5738,265090,94,299453
25239,0.04513,172.31.47.0-255,66,265156,94,299453
25240,0.047401,172.217.194.0-255,5738,270894,94,299453
25241,0.047407,172.31.47.0-255,66,270960,94,299453
25242,0.049647,172.217.194.0-255,5738,276698,94,299453
25243,0.049654,172.31.47.0-255,66,276764,94,299453
25244,0.0519,172.217.194.0-255,5738,282502,94,299453
25245,0.051908,172.31.47.0-255,66,282568,94,299453
25246,0.054198,172.217.194.0-255,5738,288306,94,299453
25247,0.054208,172.31.47.0-255,66,288372,94,299453
25248,0.056517,172.217.194.0-255,5738,294110,94,299453
25249,0.056524,172.31.47.0-255,66,294176,94,299453
25250,0.058784,172.217.194.0-255,5040,299216,94,299453
25251,0.05879,172.31.47.0-255,66,299282,94,299453
25252,0.058958,172.31.47.0-255,105,299387,94,299453
25253,0.061176,172.217.194.0-255,66,299453,94,299453
25254,0.0,74.125.24.0-255,153,153,94,202290
25255,3.3e-05,172.31.47.0-255,66,219,94,202290
25256,4e-05,74.125.24.0-255,1484,1703,94,202290
25257,4.4e-05,172.31.47.0-255,66,1769,94,202290
25258,4.9e-05,74.125.24.0-255,2902,4671,94,202290
25259,5.8e-05,172.31.47.0-255,66,4737,94,202290
25260,6.6e-05,74.125.24.0-255,7156,11893,94,202290
25261,6.9e-05,172.31.47.0-255,66,11959,94,202290
25262,7.4e-05,74.125.24.0-255,4850,16809,94,202290
25263,7.6e-05,172.31.47.0-255,66,16875,94,202290
25264,0.000118,172.31.47.0-255,66,16941,94,202290
25265,0.000173,74.125.24.0-255,1484,18425,94,202290
25266,0.000176,172.31.47.0-255,66,18491,94,202290
25267,0.00018,74.125.24.0-255,2902,21393,94,202290
25268,0.000182,172.31.47.0-255,66,21459,94,202290
25269,0.000188,74.125.24.0-255,5738,27197,94,202290
25270,0.000195,172.31.47.0-255,66,27263,94,202290
25271,0.000221,74.125.24.0-255,4320,31583,94,202290
25272,0.000223,172.31.47.0-255,66,31649,94,202290
25273,0.00025,74.125.24.0-255,5379,37028,94,202290
25274,0.000255,172.31.47.0-255,66,37094,94,202290
25275,0.00026,172.31.47.0-255,66,37160,94,202290
25276,0.000265,74.125.24.0-255,4262,41422,94,202290
25277,0.000267,172.31.47.0-255,66,41488,94,202290
25278,0.000291,74.125.24.0-255,128,41616,94,202290
25279,0.000298,172.31.47.0-255,66,41682,94,202290
25280,0.000301,74.125.24.0-255,347,42029,94,202290
25281,0.000303,172.31.47.0-255,66,42095,94,202290
25282,0.000559,74.125.24.0-255,1484,43579,94,202290
25283,0.000563,172.31.47.0-255,66,43645,94,202290
25284,0.000568,74.125.24.0-255,2902,46547,94,202290
25285,0.00057,172.31.47.0-255,66,46613,94,202290
25286,0.000591,74.125.24.0-255,4320,50933,94,202290
25287,0.000594,172.31.47.0-255,66,50999,94,202290
25288,0.000617,74.125.24.0-255,1484,52483,94,202290
25289,0.000629,172.31.47.0-255,66,52549,94,202290
25290,0.000632,74.125.24.0-255,1484,54033,94,202290
25291,0.000679,172.31.47.0-255,66,54099,94,202290
25292,0.000893,74.125.24.0-255,1484,55583,94,202290
25293,0.000897,74.125.24.0-255,1484,57067,94,202290
25294,0.0009,172.31.47.0-255,66,57133,94,202290
25295,0.000926,74.125.24.0-255,1484,58617,94,202290
25296,0.000932,74.125.24.0-255,5738,64355,94,202290
25297,0.000934,172.31.47.0-255,66,64421,94,202290
25298,0.000939,74.125.24.0-255,4320,68741,94,202290
25299,0.00094,172.31.47.0-255,66,68807,94,202290
25300,0.000945,74.125.24.0-255,4320,73127,94,202290
25301,0.000947,172.31.47.0-255,66,73193,94,202290
25302,0.000976,74.125.24.0-255,7156,80349,94,202290
25303,0.000979,172.31.47.0-255,66,80415,94,202290
25304,0.00099,74.125.24.0-255,7156,87571,94,202290
25305,0.000994,172.31.47.0-255,66,87637,94,202290
25306,0.001023,172.31.47.0-255,66,87703,94,202290
25307,0.001043,172.31.47.0-255,66,87769,94,202290
25308,0.001047,74.125.24.0-255,3602,91371,94,202290
25309,0.001049,172.31.47.0-255,66,91437,94,202290
25310,0.001103,74.125.24.0-255,1484,92921,94,202290
25311,0.001107,74.125.24.0-255,1484,94405,94,202290
25312,0.001109,172.31.47.0-255,66,94471,94,202290
25313,0.001126,74.125.24.0-255,1484,95955,94,202290
25314,0.00114,74.125.24.0-255,5738,101693,94,202290
25315,0.001142,74.125.24.0-255,1484,103177,94,202290
25316,0.001143,172.31.47.0-255,66,103243,94,202290
25317,0.001153,74.125.24.0-255,2902,106145,94,202290
25318,0.00116,172.31.47.0-255,66,106211,94,202290
25319,0.001188,74.125.24.0-255,1484,107695,94,202290
25320,0.001202,172.31.47.0-255,66,107761,94,202290
25321,0.001204,74.125.24.0-255,5020,112781,94,202290
25322,0.001206,172.31.47.0-255,66,112847,94,202290
25323,0.001293,74.125.24.0-255,1484,114331,94,202290
25324,0.00131,74.125.24.0-255,2902,117233,94,202290
25325,0.001313,172.31.47.0-255,66,117299,94,202290
25326,0.001338,74.125.24.0-255,1484,118783,94,202290
25327,0.001362,74.125.24.0-255,4320,123103,94,202290
25328,0.001365,172.31.47.0-255,66,123169,94,202290
25329,0.001369,74.125.24.0-255,2902,126071,94,202290
25330,0.001371,172.31.47.0-255,66,126137,94,202290
25331,0.00139,172.31.47.0-255,66,126203,94,202290
25332,0.001403,172.31.47.0-255,66,126269,94,202290
25333,0.00149,74.125.24.0-255,1484,127753,94,202290
25334,0.001504,74.125.24.0-255,1484,129237,94,202290
25335,0.001508,172.31.47.0-255,66,129303,94,202290
25336,0.001538,74.125.24.0-255,1484,130787,94,202290
25337,0.001545,74.125.24.0-255,5738,136525,94,202290
25338,0.00155,74.125.24.0-255,4320,140845,94,202290
25339,0.00155,172.31.47.0-255,66,140911,94,202290
25340,0.001553,74.125.24.0-255,2902,143813,94,202290
25341,0.001553,172.31.47.0-255,66,143879,94,202290
25342,0.001556,172.31.47.0-255,66,143945,94,202290
25343,0.001583,74.125.24.0-255,2902,146847,94,202290
25344,0.001587,172.31.47.0-255,66,146913,94,202290
25345,0.001607,74.125.24.0-255,2184,149097,94,202290
25346,0.001607,172.31.47.0-255,66,149163,94,202290
25347,0.001611,172.31.47.0-255,66,149229,94,202290
25348,0.001657,172.31.47.0-255,66,149295,94,202290
25349,0.001683,74.125.24.0-255,4320,153615,94,202290
25350,0.001687,172.31.47.0-255,66,153681,94,202290
25351,0.001693,74.125.24.0-255,5738,159419,94,202290
25352,0.001695,172.31.47.0-255,66,159485,94,202290
25353,0.001705,74.125.24.0-255,2902,162387,94,202290
25354,0.001708,172.31.47.0-255,66,162453,94,202290
25355,0.001752,172.31.47.0-255,66,162519,94,202290
25356,0.001777,74.125.24.0-255,1484,164003,94,202290
25357,0.001798,74.125.24.0-255,2902,166905,94,202290
25358,0.001801,172.31.47.0-255,66,166971,94,202290
25359,0.001807,74.125.24.0-255,5738,172709,94,202290
25360,0.001809,172.31.47.0-255,66,172775,94,202290
25361,0.001853,172.31.47.0-255,66,172841,94,202290
25362,0.001859,74.125.24.0-255,5738,178579,94,202290
25363,0.001862,172.31.47.0-255,66,178645,94,202290
25364,0.001904,74.125.24.0-255,4320,182965,94,202290
25365,0.001908,172.31.47.0-255,66,183031,94,202290
25366,0.001955,172.31.47.0-255,66,183097,94,202290
25367,0.001981,74.125.24.0-255,4320,187417,94,202290
25368,0.001985,172.31.47.0-255,66,187483,94,202290
25369,0.002027,172.31.47.0-255,66,187549,94,202290
25370,0.002037,172.31.47.0-255,66,187615,94,202290
25371,0.002047,74.125.24.0-255,3602,191217,94,202290
25372,0.002051,172.31.47.0-255,66,191283,94,202290
25373,0.002088,172.31.47.0-255,66,191349,94,202290
25374,0.002123,172.31.47.0-255,66,191415,94,202290
25375,0.00213,74.125.24.0-255,6179,197594,94,202290
25376,0.002133,172.31.47.0-255,66,197660,94,202290
25377,0.002141,74.125.24.0-255,105,197765,94,202290
25378,0.003433,172.31.47.0-255,66,197831,94,202290
25379,0.00346,172.31.47.0-255,105,197936,94,202290
25380,0.005748,74.125.24.0-255,66,198002,94,202290
25381,0.033761,172.31.47.0-255,172,198174,94,202290
25382,0.033801,172.31.47.0-255,1117,199291,94,202290
25383,0.033834,172.31.47.0-255,1514,200805,94,202290
25384,0.033836,172.31.47.0-255,1287,202092,94,202290
25385,0.035292,104.244.42.0-255,66,202158,94,202290
25386,0.035339,104.244.42.0-255,66,202224,94,202290
25387,0.035392,104.244.42.0-255,66,202290,94,202290
25388,0.0,172.31.47.0-255,105,105,94,276
25389,0.073564,31.13.82.0-255,105,210,94,276
25390,0.073581,172.31.47.0-255,66,276,94,276
25391,0.0,172.31.47.0-255,105,105,94,276
25392,0.068584,31.13.82.0-255,105,210,94,276
25393,0.068607,172.31.47.0-255,66,276,94,276
25394,0.0,74.125.24.0-255,153,153,94,287633
25395,3.3e-05,172.31.47.0-255,66,219,94,287633
25396,3.9e-05,74.125.24.0-255,1484,1703,94,287633
25397,4.3e-05,172.31.47.0-255,66,1769,94,287633
25398,4.7e-05,74.125.24.0-255,2902,4671,94,287633
25399,4.9e-05,172.31.47.0-255,66,4737,94,287633
25400,5.4e-05,74.125.24.0-255,4320,9057,94,287633
25401,5.6e-05,172.31.47.0-255,66,9123,94,287633
25402,7.7e-05,74.125.24.0-255,1484,10607,94,287633
25403,8e-05,172.31.47.0-255,66,10673,94,287633
25404,8.9e-05,74.125.24.0-255,3408,14081,94,287633
25405,9.2e-05,172.31.47.0-255,66,14147,94,287633
25406,0.000372,74.125.24.0-255,1484,15631,94,287633
25407,0.000377,172.31.47.0-255,66,15697,94,287633
25408,0.000382,74.125.24.0-255,2902,18599,94,287633
25409,0.000383,172.31.47.0-255,66,18665,94,287633
25410,0.000387,74.125.24.0-255,2902,21567,94,287633
25411,0.000389,172.31.47.0-255,66,21633,94,287633
25412,0.000407,74.125.24.0-255,5738,27371,94,287633
25413,0.000409,172.31.47.0-255,66,27437,94,287633
25414,0.000419,74.125.24.0-255,1484,28921,94,287633
25415,0.000421,172.31.47.0-255,66,28987,94,287633
25416,0.000439,74.125.24.0-255,2543,31530,94,287633
25417,0.000441,172.31.47.0-255,66,31596,94,287633
25418,0.000667,74.125.24.0-255,1484,33080,94,287633
25419,0.000672,172.31.47.0-255,66,33146,94,287633
25420,0.00068,74.125.24.0-255,2902,36048,94,287633
25421,0.000683,172.31.47.0-255,66,36114,94,287633
25422,0.000688,74.125.24.0-255,5738,41852,94,287633
25423,0.00069,172.31.47.0-255,66,41918,94,287633
25424,0.00075,74.125.24.0-255,6797,48715,94,287633
25425,0.000755,172.31.47.0-255,66,48781,94,287633
25426,0.000965,74.125.24.0-255,1484,50265,94,287633
25427,0.000986,74.125.24.0-255,2902,53167,94,287633
25428,0.00099,172.31.47.0-255,66,53233,94,287633
25429,0.000994,74.125.24.0-255,2902,56135,94,287633
25430,0.000996,172.31.47.0-255,66,56201,94,287633
25431,0.001007,74.125.24.0-255,1484,57685,94,287633
25432,0.001013,74.125.24.0-255,4320,62005,94,287633
25433,0.001015,172.31.47.0-255,66,62071,94,287633
25434,0.001028,74.125.24.0-255,1484,63555,94,287633
25435,0.001046,74.125.24.0-255,2872,66427,94,287633
25436,0.001049,172.31.47.0-255,66,66493,94,287633
25437,0.001072,74.125.24.0-255,348,66841,94,287633
25438,0.001193,172.31.47.0-255,66,66907,94,287633
25439,0.001253,74.125.24.0-255,1484,68391,94,287633
25440,0.001268,74.125.24.0-255,2902,71293,94,287633
25441,0.001271,172.31.47.0-255,66,71359,94,287633
25442,0.001274,74.125.24.0-255,1484,72843,94,287633
25443,0.001292,74.125.24.0-255,4320,77163,94,287633
25444,0.001297,74.125.24.0-255,5738,82901,94,287633
25445,0.001299,172.31.47.0-255,66,82967,94,287633
25446,0.001305,172.31.47.0-255,66,83033,94,287633
25447,0.00131,74.125.24.0-255,5738,88771,94,287633
25448,0.001313,172.31.47.0-255,66,88837,94,287633
25449,0.001328,74.125.24.0-255,1125,89962,94,287633
25450,0.00136,172.31.47.0-255,66,90028,94,287633
25451,0.001383,74.125.24.0-255,2543,92571,94,287633
25452,0.001385,172.31.47.0-255,66,92637,94,287633
25453,0.003588,74.125.24.0-255,2902,95539,94,287633
25454,0.003592,172.31.47.0-255,66,95605,94,287633
25455,0.003617,74.125.24.0-255,2902,98507,94,287633
25456,0.003619,172.31.47.0-255,66,98573,94,287633
25457,0.005844,74.125.24.0-255,5738,104311,94,287633
25458,0.005851,172.31.47.0-255,66,104377,94,287633
25459,0.008075,74.125.24.0-255,5738,110115,94,287633
25460,0.008082,172.31.47.0-255,66,110181,94,287633
25461,0.010335,74.125.24.0-255,5738,115919,94,287633
25462,0.010345,172.31.47.0-255,66,115985,94,287633
25463,0.01259,74.125.24.0-255,5738,121723,94,287633
25464,0.012598,172.31.47.0-255,66,121789,94,287633
25465,0.014841,74.125.24.0-255,5738,127527,94,287633
25466,0.014847,172.31.47.0-255,66,127593,94,287633
25467,0.017061,74.125.24.0-255,5738,133331,94,287633
25468,0.017069,172.31.47.0-255,66,133397,94,287633
25469,0.019283,172.31.47.0-255,172,133569,94,287633
25470,0.019307,172.31.47.0-255,1116,134685,94,287633
25471,0.019313,74.125.24.0-255,5738,140423,94,287633
25472,0.019318,172.31.47.0-255,66,140489,94,287633
25473,0.019368,172.31.47.0-255,1514,142003,94,287633
25474,0.01937,172.31.47.0-255,1288,143291,94,287633
25475,0.020841,104.244.42.0-255,66,143357,94,287633
25476,0.020848,104.244.42.0-255,66,143423,94,287633
25477,0.020916,104.244.42.0-255,66,143489,94,287633
25478,0.021566,74.125.24.0-255,5738,149227,94,287633
25479,0.021572,172.31.47.0-255,66,149293,94,287633
25480,0.023811,74.125.24.0-255,5738,155031,94,287633
25481,0.023817,172.31.47.0-255,66,155097,94,287633
25482,0.02605,74.125.24.0-255,5738,160835,94,287633
25483,0.026058,172.31.47.0-255,66,160901,94,287633
25484,0.028307,74.125.24.0-255,5738,166639,94,287633
25485,0.028319,172.31.47.0-255,66,166705,94,287633
25486,0.030542,74.125.24.0-255,5738,172443,94,287633
25487,0.030548,172.31.47.0-255,66,172509,94,287633
25488,0.032789,74.125.24.0-255,5738,178247,94,287633
25489,0.032794,172.31.47.0-255,66,178313,94,287633
25490,0.035042,74.125.24.0-255,5738,184051,94,287633
25491,0.035048,172.31.47.0-255,66,184117,94,287633
25492,0.037283,74.125.24.0-255,5738,189855,94,287633
25493,0.037288,172.31.47.0-255,66,189921,94,287633
25494,0.039536,74.125.24.0-255,5738,195659,94,287633
25495,0.039543,172.31.47.0-255,66,195725,94,287633
25496,0.041772,74.125.24.0-255,5738,201463,94,287633
25497,0.041778,172.31.47.0-255,66,201529,94,287633
25498,0.044062,74.125.24.0-255,4320,205849,94,287633
25499,0.044068,172.31.47.0-255,66,205915,94,287633
25500,0.044091,74.125.24.0-255,1484,207399,94,287633
25501,0.046309,74.125.24.0-255,4320,211719,94,287633
25502,0.046319,172.31.47.0-255,66,211785,94,287633
25503,0.048594,74.125.24.0-255,5738,217523,94,287633
25504,0.048599,172.31.47.0-255,66,217589,94,287633
25505,0.050842,74.125.24.0-255,4320,221909,94,287633
25506,0.050846,172.31.47.0-255,66,221975,94,287633
25507,0.050872,74.125.24.0-255,1484,223459,94,287633
25508,0.053081,74.125.24.0-255,4320,227779,94,287633
25509,0.053085,172.31.47.0-255,66,227845,94,287633
25510,0.055327,74.125.24.0-255,4320,232165,94,287633
25511,0.055332,172.31.47.0-255,66,232231,94,287633
25512,0.055355,74.125.24.0-255,1484,233715,94,287633
25513,0.057553,74.125.24.0-255,4320,238035,94,287633
25514,0.05756,172.31.47.0-255,66,238101,94,287633
25515,0.059797,74.125.24.0-255,5738,243839,94,287633
25516,0.059802,172.31.47.0-255,66,243905,94,287633
25517,0.062049,74.125.24.0-255,5738,249643,94,287633
25518,0.062055,172.31.47.0-255,66,249709,94,287633
25519,0.064337,74.125.24.0-255,5738,255447,94,287633
25520,0.064347,172.31.47.0-255,66,255513,94,287633
25521,0.066595,74.125.24.0-255,4320,259833,94,287633
25522,0.066602,172.31.47.0-255,66,259899,94,287633
25523,0.066631,74.125.24.0-255,1484,261383,94,287633
25524,0.068817,74.125.24.0-255,4320,265703,94,287633
25525,0.068822,172.31.47.0-255,66,265769,94,287633
25526,0.071055,74.125.24.0-255,4320,270089,94,287633
25527,0.07106,172.31.47.0-255,66,270155,94,287633
25528,0.071088,74.125.24.0-255,1484,271639,94,287633
25529,0.073321,74.125.24.0-255,4320,275959,94,287633
25530,0.073325,172.31.47.0-255,66,276025,94,287633
25531,0.075564,74.125.24.0-255,5738,281763,94,287633
25532,0.07557,172.31.47.0-255,66,281829,94,287633
25533,0.077815,74.125.24.0-255,5738,287567,94,287633
25534,0.077821,172.31.47.0-255,66,287633,94,287633
25535,0.0,172.31.47.0-255,105,105,94,276
25536,0.002053,157.240.13.0-255,105,210,94,276
25537,0.002065,172.31.47.0-255,66,276,94,276
25538,0.0,172.217.194.0-255,153,153,94,299664
25539,3.8e-05,172.31.47.0-255,66,219,94,299664
25540,4.6e-05,172.217.194.0-255,1484,1703,94,299664
25541,5.1e-05,172.31.47.0-255,66,1769,94,299664
25542,5.6e-05,172.217.194.0-255,2902,4671,94,299664
25543,5.8e-05,172.31.47.0-255,66,4737,94,299664
25544,6.7e-05,172.217.194.0-255,7156,11893,94,299664
25545,7e-05,172.31.47.0-255,66,11959,94,299664
25546,7.4e-05,172.217.194.0-255,2128,14087,94,299664
25547,7.7e-05,172.31.47.0-255,66,14153,94,299664
25548,0.000116,172.217.194.0-255,2902,17055,94,299664
25549,0.00012,172.31.47.0-255,66,17121,94,299664
25550,0.000141,172.217.194.0-255,4320,21441,94,299664
25551,0.000144,172.31.47.0-255,66,21507,94,299664
25552,0.000148,172.217.194.0-255,2902,24409,94,299664
25553,0.00015,172.31.47.0-255,66,24475,94,299664
25554,0.000168,172.217.194.0-255,5738,30213,94,299664
25555,0.000171,172.31.47.0-255,66,30279,94,299664
25556,0.000186,172.217.194.0-255,3961,34240,94,299664
25557,0.000189,172.31.47.0-255,66,34306,94,299664
25558,0.000196,172.217.194.0-255,4320,38626,94,299664
25559,0.000198,172.31.47.0-255,66,38692,94,299664
25560,0.00021,172.217.194.0-255,1484,40176,94,299664
25561,0.000213,172.31.47.0-255,66,40242,94,299664
25562,0.000241,172.31.47.0-255,66,40308,94,299664
25563,0.000683,172.217.194.0-255,1484,41792,94,299664
25564,0.000688,172.31.47.0-255,66,41858,94,299664
25565,0.000693,172.217.194.0-255,2902,44760,94,299664
25566,0.000695,172.31.47.0-255,66,44826,94,299664
25567,0.000698,172.217.194.0-255,1484,46310,94,299664
25568,0.000701,172.31.47.0-255,66,46376,94,299664
25569,0.000729,172.217.194.0-255,4320,50696,94,299664
25570,0.000732,172.31.47.0-255,66,50762,94,299664
25571,0.000737,172.217.194.0-255,2902,53664,94,299664
25572,0.000749,172.31.47.0-255,66,53730,94,299664
25573,0.000756,172.217.194.0-255,4541,58271,94,299664
25574,0.000763,172.31.47.0-255,66,58337,94,299664
25575,0.000832,172.217.194.0-255,1484,59821,94,299664
25576,0.000845,172.217.194.0-255,2902,62723,94,299664
25577,0.000849,172.31.47.0-255,66,62789,94,299664
25578,0.000872,172.217.194.0-255,5738,68527,94,299664
25579,0.000888,172.31.47.0-255,66,68593,94,299664
25580,0.000897,172.217.194.0-255,5738,74331,94,299664
25581,0.000903,172.217.194.0-255,4320,78651,94,299664
25582,0.000905,172.31.47.0-255,66,78717,94,299664
25583,0.000909,172.31.47.0-255,66,78783,94,299664
25584,0.000915,172.217.194.0-255,2902,81685,94,299664
25585,0.000935,172.31.47.0-255,66,81751,94,299664
25586,0.000945,172.217.194.0-255,2902,84653,94,299664
25587,0.000948,172.31.47.0-255,66,84719,94,299664
25588,0.000978,172.31.47.0-255,66,84785,94,299664
25589,0.000989,172.217.194.0-255,1484,86269,94,299664
25590,0.001003,172.217.194.0-255,2902,89171,94,299664
25591,0.001015,172.31.47.0-255,66,89237,94,299664
25592,0.001037,172.217.194.0-255,5738,94975,94,299664
25593,0.001043,172.217.194.0-255,4320,99295,94,299664
25594,0.001049,172.31.47.0-255,66,99361,94,299664
25595,0.001091,172.31.47.0-255,66,99427,94,299664
25596,0.001106,172.31.47.0-255,66,99493,94,299664
25597,0.001175,172.217.194.0-255,1484,100977,94,299664
25598,0.001181,172.217.194.0-255,2902,103879,94,299664
25599,0.001183,172.31.47.0-255,66,103945,94,299664
25600,0.001217,172.217.194.0-255,2902,106847,94,299664
25601,0.001231,172.31.47.0-255,66,106913,94,299664
25602,0.001236,172.217.194.0-255,2902,109815,94,299664
25603,0.001245,172.217.194.0-255,7156,116971,94,299664
25604,0.001247,172.31.47.0-255,66,117037,94,299664
25605,0.001251,172.31.47.0-255,66,117103,94,299664
25606,0.001274,172.217.194.0-255,4320,121423,94,299664
25607,0.001285,172.31.47.0-255,66,121489,94,299664
25608,0.00129,172.217.194.0-255,1484,122973,94,299664
25609,0.001322,172.31.47.0-255,66,123039,94,299664
25610,0.001323,172.217.194.0-255,2184,125223,94,299664
25611,0.00133,172.217.194.0-255,7156,132379,94,299664
25612,0.00133,172.31.47.0-255,66,132445,94,299664
25613,0.001344,172.31.47.0-255,66,132511,94,299664
25614,0.001345,172.217.194.0-255,5738,138249,94,299664
25615,0.001348,172.31.47.0-255,66,138315,94,299664
25616,0.001396,172.31.47.0-255,66,138381,94,299664
25617,0.001406,172.217.194.0-255,1484,139865,94,299664
25618,0.001421,172.31.47.0-255,66,139931,94,299664
25619,0.001452,172.31.47.0-255,66,139997,94,299664
25620,0.001456,172.217.194.0-255,7156,147153,94,299664
25621,0.001464,172.31.47.0-255,66,147219,94,299664
25622,0.001489,172.217.194.0-255,5020,152239,94,299664
25623,0.001491,172.31.47.0-255,66,152305,94,299664
25624,0.001496,172.31.47.0-255,66,152371,94,299664
25625,0.001607,172.217.194.0-255,1484,153855,94,299664
25626,0.001622,172.217.194.0-255,2902,156757,94,299664
25627,0.00163,172.31.47.0-255,66,156823,94,299664
25628,0.001643,172.217.194.0-255,5738,162561,94,299664
25629,0.001658,172.31.47.0-255,66,162627,94,299664
25630,0.001665,172.217.194.0-255,7156,169783,94,299664
25631,0.001671,172.31.47.0-255,66,169849,94,299664
25632,0.001711,172.217.194.0-255,2184,172033,94,299664
25633,0.001713,172.31.47.0-255,66,172099,94,299664
25634,0.001718,172.31.47.0-255,66,172165,94,299664
25635,0.00188,172.217.194.0-255,1484,173649,94,299664
25636,0.001886,172.217.194.0-255,2902,176551,94,299664
25637,0.001889,172.31.47.0-255,66,176617,94,299664
25638,0.001897,172.217.194.0-255,5738,182355,94,299664
25639,0.001901,172.31.47.0-255,66,182421,94,299664
25640,0.001917,172.217.194.0-255,1484,183905,94,299664
25641,0.001946,172.31.47.0-255,66,183971,94,299664
25642,0.00195,172.217.194.0-255,1484,185455,94,299664
25643,0.001988,172.31.47.0-255,66,185521,94,299664
25644,0.0041,172.217.194.0-255,5738,191259,94,299664
25645,0.004115,172.31.47.0-255,66,191325,94,299664
25646,0.006233,172.217.194.0-255,5738,197063,94,299664
25647,0.006934,172.31.47.0-255,66,197129,94,299664
25648,0.009126,172.217.194.0-255,5738,202867,94,299664
25649,0.009143,172.31.47.0-255,66,202933,94,299664
25650,0.011281,172.217.194.0-255,5738,208671,94,299664
25651,0.011301,172.31.47.0-255,66,208737,94,299664
25652,0.01347,172.217.194.0-255,5738,214475,94,299664
25653,0.014942,172.31.47.0-255,66,214541,94,299664
25654,0.0171,172.217.194.0-255,5738,220279,94,299664
25655,0.017117,172.31.47.0-255,66,220345,94,299664
25656,0.019209,172.217.194.0-255,5738,226083,94,299664
25657,0.019219,172.31.47.0-255,66,226149,94,299664
25658,0.021368,172.217.194.0-255,5738,231887,94,299664
25659,0.021387,172.31.47.0-255,66,231953,94,299664
25660,0.023549,172.217.194.0-255,5738,237691,94,299664
25661,0.023563,172.31.47.0-255,66,237757,94,299664
25662,0.025684,172.217.194.0-255,5738,243495,94,299664
25663,0.025702,172.31.47.0-255,66,243561,94,299664
25664,0.027838,172.217.194.0-255,5738,249299,94,299664
25665,0.027853,172.31.47.0-255,66,249365,94,299664
25666,0.030033,172.217.194.0-255,5738,255103,94,299664
25667,0.030046,172.31.47.0-255,66,255169,94,299664
25668,0.030779,172.31.47.0-255,171,255340,94,299664
25669,0.03082,172.31.47.0-255,1140,256480,94,299664
25670,0.030873,172.31.47.0-255,1514,257994,94,299664
25671,0.030875,172.31.47.0-255,1264,259258,94,299664
25672,0.032159,172.217.194.0-255,4320,263578,94,299664
25673,0.032169,172.31.47.0-255,66,263644,94,299664
25674,0.032204,172.217.194.0-255,1484,265128,94,299664
25675,0.032326,104.244.42.0-255,66,265194,94,299664
25676,0.032377,104.244.42.0-255,66,265260,94,299664
25677,0.032439,104.244.42.0-255,66,265326,94,299664
25678,0.034304,172.217.194.0-255,4320,269646,94,299664
25679,0.034322,172.31.47.0-255,66,269712,94,299664
25680,0.036446,172.217.194.0-255,5738,275450,94,299664
25681,0.036531,172.31.47.0-255,66,275516,94,299664
25682,0.038658,172.217.194.0-255,5738,281254,94,299664
25683,0.038676,172.31.47.0-255,66,281320,94,299664
25684,0.040824,172.217.194.0-255,5738,287058,94,299664
25685,0.040842,172.31.47.0-255,66,287124,94,299664
25686,0.04297,172.217.194.0-255,5738,292862,94,299664
25687,0.042987,172.31.47.0-255,66,292928,94,299664
25688,0.045087,172.217.194.0-255,5738,298666,94,299664
25689,0.045105,172.31.47.0-255,66,298732,94,299664
25690,0.047164,172.217.194.0-255,695,299427,94,299664
25691,0.04737,172.31.47.0-255,66,299493,94,299664
25692,0.047399,172.31.47.0-255,105,299598,94,299664
25693,0.049495,172.217.194.0-255,66,299664,94,299664
25694,0.0,172.217.194.0-255,152,152,94,206952
25695,1.3e-05,172.31.47.0-255,66,218,94,206952
25696,1.9e-05,172.217.194.0-255,1484,1702,94,206952
25697,2.3e-05,172.31.47.0-255,66,1768,94,206952
25698,3.5e-05,172.217.194.0-255,2902,4670,94,206952
25699,3.8e-05,172.31.47.0-255,66,4736,94,206952
25700,4.5e-05,172.217.194.0-255,7156,11892,94,206952
25701,4.7e-05,172.31.47.0-255,66,11958,94,206952
25702,7.2e-05,172.217.194.0-255,2046,14004,94,206952
25703,7.8e-05,172.31.47.0-255,66,14070,94,206952
25704,0.00017,172.217.194.0-255,1484,15554,94,206952
25705,0.000173,172.31.47.0-255,66,15620,94,206952
25706,0.000177,172.217.194.0-255,1484,17104,94,206952
25707,0.000179,172.31.47.0-255,66,17170,94,206952
25708,0.000211,172.217.194.0-255,1484,18654,94,206952
25709,0.000213,172.31.47.0-255,66,18720,94,206952
25710,0.000219,172.217.194.0-255,5738,24458,94,206952
25711,0.000221,172.31.47.0-255,66,24524,94,206952
25712,0.000256,172.217.194.0-255,5738,30262,94,206952
25713,0.000259,172.31.47.0-255,66,30328,94,206952
25714,0.000274,172.217.194.0-255,1125,31453,94,206952
25715,0.000276,172.31.47.0-255,66,31519,94,206952
25716,0.000356,172.217.194.0-255,1484,33003,94,206952
25717,0.000359,172.31.47.0-255,66,33069,94,206952
25718,0.000364,172.217.194.0-255,2902,35971,94,206952
25719,0.000366,172.31.47.0-255,66,36037,94,206952
25720,0.000392,172.217.194.0-255,5738,41775,94,206952
25721,0.000394,172.31.47.0-255,66,41841,94,206952
25722,0.000414,172.217.194.0-255,6797,48638,94,206952
25723,0.000416,172.31.47.0-255,66,48704,94,206952
25724,0.000447,172.217.194.0-255,7156,55860,94,206952
25725,0.00045,172.31.47.0-255,66,55926,94,206952
25726,0.000453,172.217.194.0-255,1484,57410,94,206952
25727,0.000483,172.31.47.0-255,66,57476,94,206952
25728,0.000486,172.217.194.0-255,366,57842,94,206952
25729,0.000657,172.217.194.0-255,1484,59326,94,206952
25730,0.000661,172.31.47.0-255,66,59392,94,206952
25731,0.000666,172.217.194.0-255,2902,62294,94,206952
25732,0.000669,172.31.47.0-255,66,62360,94,206952
25733,0.000689,172.217.194.0-255,5738,68098,94,206952
25734,0.000694,172.31.47.0-255,66,68164,94,206952
25735,0.000699,172.217.194.0-255,4320,72484,94,206952
25736,0.000701,172.31.47.0-255,66,72550,94,206952
25737,0.000719,172.31.47.0-255,66,72616,94,206952
25738,0.000723,172.217.194.0-255,4320,76936,94,206952
25739,0.000725,172.31.47.0-255,66,77002,94,206952
25740,0.000744,172.217.194.0-255,5738,82740,94,206952
25741,0.00075,172.31.47.0-255,66,82806,94,206952
25742,0.000752,172.217.194.0-255,766,83572,94,206952
25743,0.001018,172.217.194.0-255,1484,85056,94,206952
25744,0.001022,172.31.47.0-255,66,85122,94,206952
25745,0.001027,172.217.194.0-255,2902,88024,94,206952
25746,0.001029,172.31.47.0-255,66,88090,94,206952
25747,0.001033,172.217.194.0-255,4320,92410,94,206952
25748,0.001035,172.31.47.0-255,66,92476,94,206952
25749,0.001051,172.217.194.0-255,1484,93960,94,206952
25750,0.001079,172.31.47.0-255,66,94026,94,206952
25751,0.001089,172.31.47.0-255,66,94092,94,206952
25752,0.001129,172.217.194.0-255,3602,97694,94,206952
25753,0.001132,172.31.47.0-255,66,97760,94,206952
25754,0.001137,172.217.194.0-255,4320,102080,94,206952
25755,0.001138,172.31.47.0-255,66,102146,94,206952
25756,0.001182,172.31.47.0-255,66,102212,94,206952
25757,0.001189,172.217.194.0-255,7156,109368,94,206952
25758,0.001191,172.31.47.0-255,66,109434,94,206952
25759,0.001212,172.31.47.0-255,66,109500,94,206952
25760,0.001227,172.217.194.0-255,4320,113820,94,206952
25761,0.00123,172.31.47.0-255,66,113886,94,206952
25762,0.001234,172.217.194.0-255,4320,118206,94,206952
25763,0.001236,172.31.47.0-255,66,118272,94,206952
25764,0.001264,172.217.194.0-255,1484,119756,94,206952
25765,0.001268,172.217.194.0-255,2902,122658,94,206952
25766,0.00127,172.31.47.0-255,66,122724,94,206952
25767,0.001301,172.31.47.0-255,66,122790,94,206952
25768,0.001306,172.217.194.0-255,4320,127110,94,206952
25769,0.001307,172.31.47.0-255,66,127176,94,206952
25770,0.00137,172.217.194.0-255,4320,131496,94,206952
25771,0.001372,172.31.47.0-255,66,131562,94,206952
25772,0.001403,172.217.194.0-255,3602,135164,94,206952
25773,0.001406,172.31.47.0-255,66,135230,94,206952
25774,0.001493,172.217.194.0-255,1484,136714,94,206952
25775,0.001504,172.217.194.0-255,1484,138198,94,206952
25776,0.001507,172.31.47.0-255,66,138264,94,206952
25777,0.001518,172.217.194.0-255,1484,139748,94,206952
25778,0.001528,172.217.194.0-255,5738,145486,94,206952
25779,0.00153,172.31.47.0-255,66,145552,94,206952
25780,0.001534,172.217.194.0-255,2902,148454,94,206952
25781,0.001536,172.31.47.0-255,66,148520,94,206952
25782,0.001588,172.31.47.0-255,66,148586,94,206952
25783,0.001593,172.217.194.0-255,4320,152906,94,206952
25784,0.001596,172.31.47.0-255,66,152972,94,206952
25785,0.001626,172.217.194.0-255,6438,159410,94,206952
25786,0.001629,172.31.47.0-255,66,159476,94,206952
25787,0.001821,172.217.194.0-255,1484,160960,94,206952
25788,0.001836,172.217.194.0-255,2902,163862,94,206952
25789,0.00184,172.31.47.0-255,66,163928,94,206952
25790,0.001845,172.217.194.0-255,4320,168248,94,206952
25791,0.001848,172.31.47.0-255,66,168314,94,206952
25792,0.001865,172.217.194.0-255,1484,169798,94,206952
25793,0.001904,172.31.47.0-255,66,169864,94,206952
25794,0.001906,172.217.194.0-255,1484,171348,94,206952
25795,0.001956,172.217.194.0-255,5738,177086,94,206952
25796,0.001959,172.31.47.0-255,66,177152,94,206952
25797,0.001991,172.31.47.0-255,66,177218,94,206952
25798,0.002005,172.31.47.0-255,66,177284,94,206952
25799,0.002014,172.217.194.0-255,7156,184440,94,206952
25800,0.002016,172.31.47.0-255,66,184506,94,206952
25801,0.002057,172.217.194.0-255,1484,185990,94,206952
25802,0.002085,172.31.47.0-255,66,186056,94,206952
25803,0.002111,172.217.194.0-255,5738,191794,94,206952
25804,0.002113,172.31.47.0-255,66,191860,94,206952
25805,0.002139,172.217.194.0-255,4320,196180,94,206952
25806,0.002141,172.31.47.0-255,66,196246,94,206952
25807,0.002157,172.31.47.0-255,66,196312,94,206952
25808,0.002169,172.31.47.0-255,66,196378,94,206952
25809,0.00221,172.31.47.0-255,66,196444,94,206952
25810,0.002233,172.31.47.0-255,66,196510,94,206952
25811,0.002246,172.31.47.0-255,66,196576,94,206952
25812,0.002312,172.31.47.0-255,66,196642,94,206952
25813,0.002317,172.217.194.0-255,5438,202080,94,206952
25814,0.002319,172.31.47.0-255,66,202146,94,206952
25815,0.002342,172.217.194.0-255,105,202251,94,206952
25816,0.008205,172.31.47.0-255,66,202317,94,206952
25817,0.008243,172.31.47.0-255,105,202422,94,206952
25818,0.010551,172.217.194.0-255,66,202488,94,206952
25819,0.032287,172.31.47.0-255,172,202660,94,206952
25820,0.032322,172.31.47.0-255,1117,203777,94,206952
25821,0.032378,172.31.47.0-255,1514,205291,94,206952
25822,0.03238,172.31.47.0-255,1289,206580,94,206952
25823,0.033803,104.244.42.0-255,66,206646,94,206952
25824,0.033852,104.244.42.0-255,66,206712,94,206952
25825,0.033913,104.244.42.0-255,66,206778,94,206952
25826,0.034689,104.244.42.0-255,108,206886,94,206952
25827,0.034695,172.31.47.0-255,66,206952,94,206952
25828,0.0,172.217.194.0-255,153,153,94,332849
25829,2.3e-05,172.31.47.0-255,66,219,94,332849
25830,2.9e-05,172.217.194.0-255,1484,1703,94,332849
25831,3.3e-05,172.31.47.0-255,66,1769,94,332849
25832,3.5e-05,172.217.194.0-255,1484,3253,94,332849
25833,3.7e-05,172.31.47.0-255,66,3319,94,332849
25834,6.3e-05,172.217.194.0-255,4320,7639,94,332849
25835,6.5e-05,172.31.47.0-255,66,7705,94,332849
25836,6.9e-05,172.217.194.0-255,1484,9189,94,332849
25837,7e-05,172.31.47.0-255,66,9255,94,332849
25838,9.4e-05,172.31.47.0-255,66,9321,94,332849
25839,9.8e-05,172.217.194.0-255,2902,12223,94,332849
25840,9.9e-05,172.31.47.0-255,66,12289,94,332849
25841,0.00012,172.217.194.0-255,5738,18027,94,332849
25842,0.000122,172.31.47.0-255,66,18093,94,332849
25843,0.000134,172.217.194.0-255,1484,19577,94,332849
25844,0.000136,172.31.47.0-255,66,19643,94,332849
25845,0.000151,172.217.194.0-255,2543,22186,94,332849
25846,0.000153,172.31.47.0-255,66,22252,94,332849
25847,0.000158,172.217.194.0-255,4320,26572,94,332849
25848,0.000159,172.31.47.0-255,66,26638,94,332849
25849,0.000195,172.31.47.0-255,66,26704,94,332849
25850,0.000198,172.217.194.0-255,2543,29247,94,332849
25851,0.000201,172.31.47.0-255,66,29313,94,332849
25852,0.00035,172.217.194.0-255,1484,30797,94,332849
25853,0.000357,172.31.47.0-255,66,30863,94,332849
25854,0.000364,172.217.194.0-255,2902,33765,94,332849
25855,0.000367,172.31.47.0-255,66,33831,94,332849
25856,0.00037,172.217.194.0-255,2902,36733,94,332849
25857,0.000373,172.31.47.0-255,66,36799,94,332849
25858,0.000397,172.217.194.0-255,2902,39701,94,332849
25859,0.000401,172.31.47.0-255,66,39767,94,332849
25860,0.000403,172.217.194.0-255,6797,46564,94,332849
25861,0.000406,172.31.47.0-255,66,46630,94,332849
25862,0.000732,172.217.194.0-255,1484,48114,94,332849
25863,0.000739,172.217.194.0-255,2902,51016,94,332849
25864,0.000741,172.31.47.0-255,66,51082,94,332849
25865,0.000745,172.217.194.0-255,1484,52566,94,332849
25866,0.000763,172.217.194.0-255,4320,56886,94,332849
25867,0.000766,172.31.47.0-255,66,56952,94,332849
25868,0.000805,172.31.47.0-255,66,57018,94,332849
25869,0.000825,172.217.194.0-255,3961,60979,94,332849
25870,0.000827,172.31.47.0-255,66,61045,94,332849
25871,0.000832,172.217.194.0-255,5738,66783,94,332849
25872,0.000834,172.31.47.0-255,66,66849,94,332849
25873,0.000868,172.217.194.0-255,7156,74005,94,332849
25874,0.00087,172.31.47.0-255,66,74071,94,332849
25875,0.000902,172.31.47.0-255,66,74137,94,332849
25876,0.000928,172.217.194.0-255,1484,75621,94,332849
25877,0.000943,172.217.194.0-255,4320,79941,94,332849
25878,0.000945,172.31.47.0-255,66,80007,94,332849
25879,0.000952,172.217.194.0-255,7156,87163,94,332849
25880,0.000954,172.31.47.0-255,66,87229,94,332849
25881,0.00096,172.217.194.0-255,7156,94385,94,332849
25882,0.000963,172.31.47.0-255,66,94451,94,332849
25883,0.000968,172.217.194.0-255,4320,98771,94,332849
25884,0.00097,172.31.47.0-255,66,98837,94,332849
25885,0.000995,172.217.194.0-255,4320,103157,94,332849
25886,0.000998,172.31.47.0-255,66,103223,94,332849
25887,0.001001,172.217.194.0-255,1484,104707,94,332849
25888,0.001015,172.217.194.0-255,3602,108309,94,332849
25889,0.001018,172.31.47.0-255,66,108375,94,332849
25890,0.00297,172.217.194.0-255,2902,111277,94,332849
25891,0.002977,172.31.47.0-255,66,111343,94,332849
25892,0.002995,172.217.194.0-255,2902,114245,94,332849
25893,0.002997,172.31.47.0-255,66,114311,94,332849
25894,0.004932,172.217.194.0-255,2902,117213,94,332849
25895,0.004937,172.31.47.0-255,66,117279,94,332849
25896,0.004965,172.217.194.0-255,2902,120181,94,332849
25897,0.004969,172.31.47.0-255,66,120247,94,332849
25898,0.00693,172.217.194.0-255,5738,125985,94,332849
25899,0.006935,172.31.47.0-255,66,126051,94,332849
25900,0.008922,172.217.194.0-255,5738,131789,94,332849
25901,0.008928,172.31.47.0-255,66,131855,94,332849
25902,0.010914,172.217.194.0-255,5738,137593,94,332849
25903,0.010921,172.31.47.0-255,66,137659,94,332849
25904,0.012898,172.217.194.0-255,1484,139143,94,332849
25905,0.012917,172.217.194.0-255,4320,143463,94,332849
25906,0.012922,172.31.47.0-255,66,143529,94,332849
25907,0.014902,172.217.194.0-255,5738,149267,94,332849
25908,0.014908,172.31.47.0-255,66,149333,94,332849
25909,0.016882,172.217.194.0-255,5738,155071,94,332849
25910,0.016888,172.31.47.0-255,66,155137,94,332849
25911,0.01886,172.217.194.0-255,5738,160875,94,332849
25912,0.018865,172.31.47.0-255,66,160941,94,332849
25913,0.020311,172.31.47.0-255,172,161113,94,332849
25914,0.020345,172.31.47.0-255,1116,162229,94,332849
25915,0.02041,172.31.47.0-255,1514,163743,94,332849
25916,0.020411,172.31.47.0-255,328,164071,94,332849
25917,0.020836,172.217.194.0-255,5738,169809,94,332849
25918,0.020841,172.31.47.0-255,66,169875,94,332849
25919,0.022012,104.244.42.0-255,66,169941,94,332849
25920,0.022802,172.217.194.0-255,4320,174261,94,332849
25921,0.022806,172.31.47.0-255,66,174327,94,332849
25922,0.022824,172.217.194.0-255,1484,175811,94,332849
25923,0.024797,172.217.194.0-255,2902,178713,94,332849
25924,0.024802,172.31.47.0-255,66,178779,94,332849
25925,0.026776,172.217.194.0-255,5738,184517,94,332849
25926,0.026784,172.31.47.0-255,66,184583,94,332849
25927,0.028739,172.217.194.0-255,5738,190321,94,332849
25928,0.028743,172.31.47.0-255,66,190387,94,332849
25929,0.030697,172.217.194.0-255,5738,196125,94,332849
25930,0.030701,172.31.47.0-255,66,196191,94,332849
25931,0.032682,172.217.194.0-255,5738,201929,94,332849
25932,0.032686,172.31.47.0-255,66,201995,94,332849
25933,0.03464,172.217.194.0-255,5738,207733,94,332849
25934,0.034646,172.31.47.0-255,66,207799,94,332849
25935,0.036652,172.217.194.0-255,5738,213537,94,332849
25936,0.036657,172.31.47.0-255,66,213603,94,332849
25937,0.03861,172.217.194.0-255,5738,219341,94,332849
25938,0.038615,172.31.47.0-255,66,219407,94,332849
25939,0.040572,172.217.194.0-255,5738,225145,94,332849
25940,0.040576,172.31.47.0-255,66,225211,94,332849
25941,0.042535,172.217.194.0-255,5738,230949,94,332849
25942,0.04254,172.31.47.0-255,66,231015,94,332849
25943,0.044523,172.217.194.0-255,5738,236753,94,332849
25944,0.044528,172.31.47.0-255,66,236819,94,332849
25945,0.046498,172.217.194.0-255,5738,242557,94,332849
25946,0.046503,172.31.47.0-255,66,242623,94,332849
25947,0.04849,172.217.194.0-255,5738,248361,94,332849
25948,0.048495,172.31.47.0-255,66,248427,94,332849
25949,0.050474,172.217.194.0-255,5738,254165,94,332849
25950,0.050479,172.31.47.0-255,66,254231,94,332849
25951,0.052434,172.217.194.0-255,5738,259969,94,332849
25952,0.052438,172.31.47.0-255,66,260035,94,332849
25953,0.054391,172.217.194.0-255,4320,264355,94,332849
25954,0.054396,172.31.47.0-255,66,264421,94,332849
25955,0.054454,172.217.194.0-255,1484,265905,94,332849
25956,0.056372,172.217.194.0-255,4320,270225,94,332849
25957,0.056378,172.31.47.0-255,66,270291,94,332849
25958,0.058325,172.217.194.0-255,1484,271775,94,332849
25959,0.05835,172.217.194.0-255,4320,276095,94,332849
25960,0.058354,172.31.47.0-255,66,276161,94,332849
25961,0.060365,172.217.194.0-255,5738,281899,94,332849
25962,0.06037,172.31.47.0-255,66,281965,94,332849
25963,0.062343,172.217.194.0-255,5738,287703,94,332849
25964,0.062349,172.31.47.0-255,66,287769,94,332849
25965,0.064337,172.217.194.0-255,5738,293507,94,332849
25966,0.064342,172.31.47.0-255,66,293573,94,332849
25967,0.066324,172.217.194.0-255,5738,299311,94,332849
25968,0.066329,172.31.47.0-255,66,299377,94,332849
25969,0.068322,172.217.194.0-255,5738,305115,94,332849
25970,0.068327,172.31.47.0-255,66,305181,94,332849
25971,0.070274,172.217.194.0-255,5738,310919,94,332849
25972,0.070278,172.31.47.0-255,66,310985,94,332849
25973,0.072247,172.217.194.0-255,4320,315305,94,332849
25974,0.072251,172.31.47.0-255,66,315371,94,332849
25975,0.072274,172.217.194.0-255,1484,316855,94,332849
25976,0.07423,172.217.194.0-255,4320,321175,94,332849
25977,0.074234,172.31.47.0-255,66,321241,94,332849
25978,0.076236,172.217.194.0-255,5738,326979,94,332849
25979,0.076242,172.31.47.0-255,66,327045,94,332849
25980,0.078213,172.217.194.0-255,5738,332783,94,332849
25981,0.078218,172.31.47.0-255,66,332849,94,332849
25982,0.0,172.31.47.0-255,105,105,94,276
25983,0.002066,157.240.13.0-255,105,210,94,276
25984,0.002073,172.31.47.0-255,66,276,94,276
25985,0.0,172.31.47.0-255,105,105,94,276
25986,0.071852,31.13.82.0-255,105,210,94,276
25987,0.071863,172.31.47.0-255,66,276,94,276
25988,0.0,216.58.221.0-255,153,153,94,318040
25989,2.7e-05,172.31.47.0-255,66,219,94,318040
25990,3.3e-05,216.58.221.0-255,1484,1703,94,318040
25991,3.7e-05,172.31.47.0-255,66,1769,94,318040
25992,4.2e-05,216.58.221.0-255,2902,4671,94,318040
25993,4.4e-05,172.31.47.0-255,66,4737,94,318040
25994,4.8e-05,216.58.221.0-255,4320,9057,94,318040
25995,5e-05,172.31.47.0-255,66,9123,94,318040
25996,8.1e-05,216.58.221.0-255,4320,13443,94,318040
25997,8.4e-05,172.31.47.0-255,66,13509,94,318040
25998,9.8e-05,216.58.221.0-255,801,14310,94,318040
25999,0.0001,172.31.47.0-255,66,14376,94,318040
26000,0.000534,216.58.221.0-255,1484,15860,94,318040
26001,0.000539,172.31.47.0-255,66,15926,94,318040
26002,0.000548,216.58.221.0-255,2902,18828,94,318040
26003,0.000551,172.31.47.0-255,66,18894,94,318040
26004,0.000556,216.58.221.0-255,4320,23214,94,318040
26005,0.000558,172.31.47.0-255,66,23280,94,318040
26006,0.000574,216.58.221.0-255,1484,24764,94,318040
26007,0.000576,172.31.47.0-255,66,24830,94,318040
26008,0.000593,216.58.221.0-255,4320,29150,94,318040
26009,0.000609,172.31.47.0-255,66,29216,94,318040
26010,0.00062,216.58.221.0-255,2543,31759,94,318040
26011,0.000622,172.31.47.0-255,66,31825,94,318040
26012,0.00083,216.58.221.0-255,1484,33309,94,318040
26013,0.000835,172.31.47.0-255,66,33375,94,318040
26014,0.000844,216.58.221.0-255,2902,36277,94,318040
26015,0.000846,172.31.47.0-255,66,36343,94,318040
26016,0.000853,216.58.221.0-255,5738,42081,94,318040
26017,0.000855,172.31.47.0-255,66,42147,94,318040
26018,0.000891,216.58.221.0-255,6797,48944,94,318040
26019,0.000896,172.31.47.0-255,66,49010,94,318040
26020,0.000952,216.58.221.0-255,4320,53330,94,318040
26021,0.000958,172.31.47.0-255,66,53396,94,318040
26022,0.000964,216.58.221.0-255,5738,59134,94,318040
26023,0.000968,172.31.47.0-255,66,59200,94,318040
26024,0.000997,216.58.221.0-255,6797,65997,94,318040
26025,0.001,172.31.47.0-255,66,66063,94,318040
26026,0.001016,216.58.221.0-255,393,66456,94,318040
26027,0.001235,172.31.47.0-255,66,66522,94,318040
26028,0.002878,216.58.221.0-255,2902,69424,94,318040
26029,0.002882,172.31.47.0-255,66,69490,94,318040
26030,0.002898,216.58.221.0-255,1484,70974,94,318040
26031,0.003116,216.58.221.0-255,1484,72458,94,318040
26032,0.00312,172.31.47.0-255,66,72524,94,318040
26033,0.00479,216.58.221.0-255,2902,75426,94,318040
26034,0.004794,172.31.47.0-255,66,75492,94,318040
26035,0.005005,216.58.221.0-255,2902,78394,94,318040
26036,0.00501,172.31.47.0-255,66,78460,94,318040
26037,0.006686,216.58.221.0-255,2902,81362,94,318040
26038,0.006692,172.31.47.0-255,66,81428,94,318040
26039,0.006897,216.58.221.0-255,2902,84330,94,318040
26040,0.006902,172.31.47.0-255,66,84396,94,318040
26041,0.008584,216.58.221.0-255,2902,87298,94,318040
26042,0.00859,172.31.47.0-255,66,87364,94,318040
26043,0.008783,216.58.221.0-255,2902,90266,94,318040
26044,0.008787,172.31.47.0-255,66,90332,94,318040
26045,0.010478,216.58.221.0-255,2902,93234,94,318040
26046,0.010486,172.31.47.0-255,66,93300,94,318040
26047,0.010677,216.58.221.0-255,2902,96202,94,318040
26048,0.010683,172.31.47.0-255,66,96268,94,318040
26049,0.012381,216.58.221.0-255,2902,99170,94,318040
26050,0.012387,172.31.47.0-255,66,99236,94,318040
26051,0.01257,216.58.221.0-255,2902,102138,94,318040
26052,0.012574,172.31.47.0-255,66,102204,94,318040
26053,0.014278,216.58.221.0-255,2902,105106,94,318040
26054,0.014284,172.31.47.0-255,66,105172,94,318040
26055,0.014457,216.58.221.0-255,2902,108074,94,318040
26056,0.014462,172.31.47.0-255,66,108140,94,318040
26057,0.016168,216.58.221.0-255,2902,111042,94,318040
26058,0.016174,172.31.47.0-255,66,111108,94,318040
26059,0.016334,216.58.221.0-255,2902,114010,94,318040
26060,0.016339,172.31.47.0-255,66,114076,94,318040
26061,0.018062,216.58.221.0-255,2902,116978,94,318040
26062,0.018066,172.31.47.0-255,66,117044,94,318040
26063,0.018228,216.58.221.0-255,2902,119946,94,318040
26064,0.018233,172.31.47.0-255,66,120012,94,318040
26065,0.019549,172.31.47.0-255,172,120184,94,318040
26066,0.019583,172.31.47.0-255,1112,121296,94,318040
26067,0.019607,172.31.47.0-255,1514,122810,94,318040
26068,0.019609,172.31.47.0-255,1514,124324,94,318040
26069,0.019613,172.31.47.0-255,1514,125838,94,318040
26070,0.019614,172.31.47.0-255,1514,127352,94,318040
26071,0.01963,172.31.47.0-255,166,127518,94,318040
26072,0.019951,216.58.221.0-255,2902,130420,94,318040
26073,0.019958,172.31.47.0-255,66,130486,94,318040
26074,0.020132,216.58.221.0-255,2902,133388,94,318040
26075,0.020137,172.31.47.0-255,66,133454,94,318040
26076,0.021121,104.244.42.0-255,66,133520,94,318040
26077,0.021161,104.244.42.0-255,66,133586,94,318040
26078,0.021163,104.244.42.0-255,66,133652,94,318040
26079,0.021166,104.244.42.0-255,66,133718,94,318040
26080,0.021836,216.58.221.0-255,2902,136620,94,318040
26081,0.02184,172.31.47.0-255,66,136686,94,318040
26082,0.021865,104.244.42.0-255,108,136794,94,318040
26083,0.021873,172.31.47.0-255,66,136860,94,318040
26084,0.022093,216.58.221.0-255,2902,139762,94,318040
26085,0.022098,172.31.47.0-255,66,139828,94,318040
26086,0.02372,216.58.221.0-255,2902,142730,94,318040
26087,0.023725,172.31.47.0-255,66,142796,94,318040
26088,0.02399,216.58.221.0-255,1484,144280,94,318040
26089,0.024001,216.58.221.0-255,1484,145764,94,318040
26090,0.024003,172.31.47.0-255,66,145830,94,318040
26091,0.025604,216.58.221.0-255,2902,148732,94,318040
26092,0.02561,172.31.47.0-255,66,148798,94,318040
26093,0.025879,216.58.221.0-255,2902,151700,94,318040
26094,0.025885,172.31.47.0-255,66,151766,94,318040
26095,0.027494,216.58.221.0-255,2902,154668,94,318040
26096,0.027499,172.31.47.0-255,66,154734,94,318040
26097,0.027768,216.58.221.0-255,2902,157636,94,318040
26098,0.027773,172.31.47.0-255,66,157702,94,318040
26099,0.029384,216.58.221.0-255,2902,160604,94,318040
26100,0.029388,172.31.47.0-255,66,160670,94,318040
26101,0.029653,216.58.221.0-255,2902,163572,94,318040
26102,0.029656,172.31.47.0-255,66,163638,94,318040
26103,0.031279,216.58.221.0-255,2902,166540,94,318040
26104,0.031285,172.31.47.0-255,66,166606,94,318040
26105,0.031545,216.58.221.0-255,2902,169508,94,318040
26106,0.031551,172.31.47.0-255,66,169574,94,318040
26107,0.033172,216.58.221.0-255,2902,172476,94,318040
26108,0.033176,172.31.47.0-255,66,172542,94,318040
26109,0.033429,216.58.221.0-255,2902,175444,94,318040
26110,0.033434,172.31.47.0-255,66,175510,94,318040
26111,0.035058,216.58.221.0-255,2902,178412,94,318040
26112,0.035062,172.31.47.0-255,66,178478,94,318040
26113,0.035325,216.58.221.0-255,2902,181380,94,318040
26114,0.03533,172.31.47.0-255,66,181446,94,318040
26115,0.036953,216.58.221.0-255,2902,184348,94,318040
26116,0.036958,172.31.47.0-255,66,184414,94,318040
26117,0.037216,216.58.221.0-255,2902,187316,94,318040
26118,0.03722,172.31.47.0-255,66,187382,94,318040
26119,0.038852,216.58.221.0-255,2902,190284,94,318040
26120,0.038858,172.31.47.0-255,66,190350,94,318040
26121,0.039107,216.58.221.0-255,2902,193252,94,318040
26122,0.039113,172.31.47.0-255,66,193318,94,318040
26123,0.040753,216.58.221.0-255,2902,196220,94,318040
26124,0.040758,172.31.47.0-255,66,196286,94,318040
26125,0.041018,216.58.221.0-255,2902,199188,94,318040
26126,0.041024,172.31.47.0-255,66,199254,94,318040
26127,0.042649,216.58.221.0-255,2902,202156,94,318040
26128,0.042654,172.31.47.0-255,66,202222,94,318040
26129,0.042912,216.58.221.0-255,2902,205124,94,318040
26130,0.042916,172.31.47.0-255,66,205190,94,318040
26131,0.044543,216.58.221.0-255,2902,208092,94,318040
26132,0.044548,172.31.47.0-255,66,208158,94,318040
26133,0.044809,216.58.221.0-255,2902,211060,94,318040
26134,0.044814,172.31.47.0-255,66,211126,94,318040
26135,0.04645,216.58.221.0-255,2902,214028,94,318040
26136,0.046455,172.31.47.0-255,66,214094,94,318040
26137,0.046703,216.58.221.0-255,2902,216996,94,318040
26138,0.046709,172.31.47.0-255,66,217062,94,318040
26139,0.048341,216.58.221.0-255,2902,219964,94,318040
26140,0.048346,172.31.47.0-255,66,220030,94,318040
26141,0.048605,216.58.221.0-255,2902,222932,94,318040
26142,0.04861,172.31.47.0-255,66,222998,94,318040
26143,0.050233,216.58.221.0-255,2902,225900,94,318040
26144,0.050237,172.31.47.0-255,66,225966,94,318040
26145,0.050517,216.58.221.0-255,2902,228868,94,318040
26146,0.050521,172.31.47.0-255,66,228934,94,318040
26147,0.052131,216.58.221.0-255,1484,230418,94,318040
26148,0.052159,216.58.221.0-255,1484,231902,94,318040
26149,0.052163,172.31.47.0-255,66,231968,94,318040
26150,0.05244,216.58.221.0-255,2902,234870,94,318040
26151,0.052447,172.31.47.0-255,66,234936,94,318040
26152,0.054056,216.58.221.0-255,2902,237838,94,318040
26153,0.05406,172.31.47.0-255,66,237904,94,318040
26154,0.05434,216.58.221.0-255,2902,240806,94,318040
26155,0.054344,172.31.47.0-255,66,240872,94,318040
26156,0.055942,216.58.221.0-255,2902,243774,94,318040
26157,0.055946,172.31.47.0-255,66,243840,94,318040
26158,0.056244,216.58.221.0-255,2902,246742,94,318040
26159,0.056248,172.31.47.0-255,66,246808,94,318040
26160,0.057846,216.58.221.0-255,2902,249710,94,318040
26161,0.057851,172.31.47.0-255,66,249776,94,318040
26162,0.058216,216.58.221.0-255,2902,252678,94,318040
26163,0.058219,172.31.47.0-255,66,252744,94,318040
26164,0.059747,216.58.221.0-255,2902,255646,94,318040
26165,0.059753,172.31.47.0-255,66,255712,94,318040
26166,0.060108,216.58.221.0-255,2902,258614,94,318040
26167,0.060113,172.31.47.0-255,66,258680,94,318040
26168,0.06165,216.58.221.0-255,2902,261582,94,318040
26169,0.061659,172.31.47.0-255,66,261648,94,318040
26170,0.062007,216.58.221.0-255,2902,264550,94,318040
26171,0.062013,172.31.47.0-255,66,264616,94,318040
26172,0.063548,216.58.221.0-255,2902,267518,94,318040
26173,0.063552,172.31.47.0-255,66,267584,94,318040
26174,0.063905,216.58.221.0-255,2902,270486,94,318040
26175,0.06391,172.31.47.0-255,66,270552,94,318040
26176,0.065446,216.58.221.0-255,2902,273454,94,318040
26177,0.06545,172.31.47.0-255,66,273520,94,318040
26178,0.065791,216.58.221.0-255,2902,276422,94,318040
26179,0.065796,172.31.47.0-255,66,276488,94,318040
26180,0.067335,216.58.221.0-255,2902,279390,94,318040
26181,0.067341,172.31.47.0-255,66,279456,94,318040
26182,0.067688,216.58.221.0-255,2902,282358,94,318040
26183,0.067692,172.31.47.0-255,66,282424,94,318040
26184,0.069227,216.58.221.0-255,2902,285326,94,318040
26185,0.069232,172.31.47.0-255,66,285392,94,318040
26186,0.069587,216.58.221.0-255,2902,288294,94,318040
26187,0.069592,172.31.47.0-255,66,288360,94,318040
26188,0.071123,216.58.221.0-255,2902,291262,94,318040
26189,0.071128,172.31.47.0-255,66,291328,94,318040
26190,0.071492,216.58.221.0-255,2902,294230,94,318040
26191,0.071497,172.31.47.0-255,66,294296,94,318040
26192,0.073022,216.58.221.0-255,2902,297198,94,318040
26193,0.073026,172.31.47.0-255,66,297264,94,318040
26194,0.073392,216.58.221.0-255,2902,300166,94,318040
26195,0.073397,172.31.47.0-255,66,300232,94,318040
26196,0.074941,216.58.221.0-255,2902,303134,94,318040
26197,0.074946,172.31.47.0-255,66,303200,94,318040
26198,0.075279,216.58.221.0-255,2902,306102,94,318040
26199,0.075284,172.31.47.0-255,66,306168,94,318040
26200,0.07683,216.58.221.0-255,2902,309070,94,318040
26201,0.076836,172.31.47.0-255,66,309136,94,318040
26202,0.077196,216.58.221.0-255,2902,312038,94,318040
26203,0.077201,172.31.47.0-255,66,312104,94,318040
26204,0.078719,216.58.221.0-255,2902,315006,94,318040
26205,0.078725,172.31.47.0-255,66,315072,94,318040
26206,0.079086,216.58.221.0-255,2902,317974,94,318040
26207,0.079091,172.31.47.0-255,66,318040,94,318040
26208,0.0,172.31.47.0-255,105,105,94,276
26209,0.001805,157.240.13.0-255,105,210,94,276
26210,0.001819,172.31.47.0-255,66,276,94,276
26211,0.0,172.217.194.0-255,153,153,94,192804
26212,2.2e-05,172.31.47.0-255,66,219,94,192804
26213,3e-05,172.217.194.0-255,1484,1703,94,192804
26214,3.4e-05,172.31.47.0-255,66,1769,94,192804
26215,3.9e-05,172.217.194.0-255,2902,4671,94,192804
26216,4.2e-05,172.31.47.0-255,66,4737,94,192804
26217,4.9e-05,172.217.194.0-255,7156,11893,94,192804
26218,5.3e-05,172.31.47.0-255,66,11959,94,192804
26219,8.4e-05,172.31.47.0-255,66,12025,94,192804
26220,0.00012,172.31.47.0-255,66,12091,94,192804
26221,0.000139,172.217.194.0-255,2543,14634,94,192804
26222,0.000141,172.31.47.0-255,66,14700,94,192804
26223,0.00016,172.217.194.0-255,1484,16184,94,192804
26224,0.000163,172.31.47.0-255,66,16250,94,192804
26225,0.000168,172.217.194.0-255,2902,19152,94,192804
26226,0.000169,172.31.47.0-255,66,19218,94,192804
26227,0.000173,172.217.194.0-255,1484,20702,94,192804
26228,0.000175,172.31.47.0-255,66,20768,94,192804
26229,0.0002,172.217.194.0-255,4320,25088,94,192804
26230,0.000203,172.31.47.0-255,66,25154,94,192804
26231,0.000206,172.217.194.0-255,1484,26638,94,192804
26232,0.000208,172.31.47.0-255,66,26704,94,192804
26233,0.000239,172.217.194.0-255,6797,33501,94,192804
26234,0.000242,172.31.47.0-255,66,33567,94,192804
26235,0.000253,172.31.47.0-255,66,33633,94,192804
26236,0.000283,172.217.194.0-255,7128,40761,94,192804
26237,0.000285,172.31.47.0-255,66,40827,94,192804
26238,0.000342,172.217.194.0-255,4320,45147,94,192804
26239,0.000344,172.31.47.0-255,66,45213,94,192804
26240,0.000368,172.217.194.0-255,2902,48115,94,192804
26241,0.000371,172.31.47.0-255,66,48181,94,192804
26242,0.000382,172.31.47.0-255,66,48247,94,192804
26243,0.000384,172.217.194.0-255,834,49081,94,192804
26244,0.000664,172.217.194.0-255,1484,50565,94,192804
26245,0.000669,172.31.47.0-255,66,50631,94,192804
26246,0.000674,172.217.194.0-255,2902,53533,94,192804
26247,0.000677,172.31.47.0-255,66,53599,94,192804
26248,0.000683,172.217.194.0-255,5738,59337,94,192804
26249,0.000686,172.31.47.0-255,66,59403,94,192804
26250,0.000689,172.217.194.0-255,1484,60887,94,192804
26251,0.000713,172.31.47.0-255,66,60953,94,192804
26252,0.00074,172.217.194.0-255,1484,62437,94,192804
26253,0.000755,172.31.47.0-255,66,62503,94,192804
26254,0.000772,172.217.194.0-255,1484,63987,94,192804
26255,0.000777,172.217.194.0-255,2902,66889,94,192804
26256,0.00078,172.31.47.0-255,66,66955,94,192804
26257,0.000805,172.217.194.0-255,5738,72693,94,192804
26258,0.000807,172.31.47.0-255,66,72759,94,192804
26259,0.000813,172.217.194.0-255,4320,77079,94,192804
26260,0.000815,172.31.47.0-255,66,77145,94,192804
26261,0.000853,172.31.47.0-255,66,77211,94,192804
26262,0.000865,172.31.47.0-255,66,77277,94,192804
26263,0.000895,172.217.194.0-255,6438,83715,94,192804
26264,0.000899,172.31.47.0-255,66,83781,94,192804
26265,0.000906,172.217.194.0-255,7156,90937,94,192804
26266,0.000909,172.31.47.0-255,66,91003,94,192804
26267,0.000915,172.217.194.0-255,5738,96741,94,192804
26268,0.000918,172.31.47.0-255,66,96807,94,192804
26269,0.000941,172.31.47.0-255,66,96873,94,192804
26270,0.000947,172.217.194.0-255,5020,101893,94,192804
26271,0.000949,172.31.47.0-255,66,101959,94,192804
26272,0.001074,172.217.194.0-255,1484,103443,94,192804
26273,0.001078,172.217.194.0-255,1484,104927,94,192804
26274,0.001081,172.31.47.0-255,66,104993,94,192804
26275,0.001096,172.217.194.0-255,1484,106477,94,192804
26276,0.001103,172.217.194.0-255,5738,112215,94,192804
26277,0.001106,172.31.47.0-255,66,112281,94,192804
26278,0.001108,172.217.194.0-255,1484,113765,94,192804
26279,0.001138,172.31.47.0-255,66,113831,94,192804
26280,0.00115,172.31.47.0-255,66,113897,94,192804
26281,0.00149,172.217.194.0-255,1484,115381,94,192804
26282,0.001496,172.217.194.0-255,2902,118283,94,192804
26283,0.0015,172.31.47.0-255,66,118349,94,192804
26284,0.001505,172.217.194.0-255,2902,121251,94,192804
26285,0.001507,172.31.47.0-255,66,121317,94,192804
26286,0.001524,172.217.194.0-255,2902,124219,94,192804
26287,0.001526,172.31.47.0-255,66,124285,94,192804
26288,0.001529,172.217.194.0-255,1484,125769,94,192804
26289,0.001564,172.31.47.0-255,66,125835,94,192804
26290,0.001576,172.31.47.0-255,66,125901,94,192804
26291,0.001593,172.217.194.0-255,766,126667,94,192804
26292,0.001654,172.217.194.0-255,1484,128151,94,192804
26293,0.001657,172.31.47.0-255,66,128217,94,192804
26294,0.001661,172.217.194.0-255,1484,129701,94,192804
26295,0.001666,172.217.194.0-255,4320,134021,94,192804
26296,0.001668,172.31.47.0-255,66,134087,94,192804
26297,0.001676,172.217.194.0-255,7156,141243,94,192804
26298,0.001678,172.31.47.0-255,66,141309,94,192804
26299,0.001703,172.217.194.0-255,2902,144211,94,192804
26300,0.001706,172.31.47.0-255,66,144277,94,192804
26301,0.001709,172.217.194.0-255,1484,145761,94,192804
26302,0.001752,172.31.47.0-255,66,145827,94,192804
26303,0.001766,172.217.194.0-255,1484,147311,94,192804
26304,0.00177,172.217.194.0-255,2902,150213,94,192804
26305,0.001774,172.31.47.0-255,66,150279,94,192804
26306,0.001794,172.217.194.0-255,5738,156017,94,192804
26307,0.001796,172.31.47.0-255,66,156083,94,192804
26308,0.001831,172.31.47.0-255,66,156149,94,192804
26309,0.001865,172.31.47.0-255,66,156215,94,192804
26310,0.001884,172.217.194.0-255,5020,161235,94,192804
26311,0.001886,172.31.47.0-255,66,161301,94,192804
26312,0.0019,172.217.194.0-255,2902,164203,94,192804
26313,0.001902,172.31.47.0-255,66,164269,94,192804
26314,0.001907,172.217.194.0-255,2902,167171,94,192804
26315,0.001909,172.31.47.0-255,66,167237,94,192804
26316,0.001925,172.217.194.0-255,1484,168721,94,192804
26317,0.001932,172.217.194.0-255,7156,175877,94,192804
26318,0.001934,172.31.47.0-255,66,175943,94,192804
26319,0.001954,172.217.194.0-255,1484,177427,94,192804
26320,0.001957,172.217.194.0-255,1484,178911,94,192804
26321,0.001959,172.31.47.0-255,66,178977,94,192804
26322,0.001993,172.31.47.0-255,66,179043,94,192804
26323,0.002004,172.217.194.0-255,1484,180527,94,192804
26324,0.002029,172.31.47.0-255,66,180593,94,192804
26325,0.002038,172.31.47.0-255,66,180659,94,192804
26326,0.002058,172.31.47.0-255,66,180725,94,192804
26327,0.002093,172.31.47.0-255,66,180791,94,192804
26328,0.002108,172.217.194.0-255,3602,184393,94,192804
26329,0.002111,172.31.47.0-255,66,184459,94,192804
26330,0.002123,172.31.47.0-255,66,184525,94,192804
26331,0.002159,172.31.47.0-255,66,184591,94,192804
26332,0.002162,172.217.194.0-255,97,184688,94,192804
26333,0.002164,172.217.194.0-255,105,184793,94,192804
26334,0.009178,172.31.47.0-255,66,184859,94,192804
26335,0.009214,172.31.47.0-255,105,184964,94,192804
26336,0.011718,172.217.194.0-255,66,185030,94,192804
26337,0.02569,172.31.47.0-255,172,185202,94,192804
26338,0.025736,172.31.47.0-255,1117,186319,94,192804
26339,0.025804,172.31.47.0-255,1514,187833,94,192804
26340,0.025806,172.31.47.0-255,1514,189347,94,192804
26341,0.02581,172.31.47.0-255,1514,190861,94,192804
26342,0.025811,172.31.47.0-255,1514,192375,94,192804
26343,0.02584,172.31.47.0-255,165,192540,94,192804
26344,0.027195,104.244.42.0-255,66,192606,94,192804
26345,0.027293,104.244.42.0-255,66,192672,94,192804
26346,0.027338,104.244.42.0-255,66,192738,94,192804
26347,0.027342,104.244.42.0-255,66,192804,94,192804
26348,0.0,74.125.24.0-255,153,153,94,292827
26349,1.4e-05,172.31.47.0-255,66,219,94,292827
26350,2e-05,74.125.24.0-255,1484,1703,94,292827
26351,2.4e-05,172.31.47.0-255,66,1769,94,292827
26352,5.1e-05,74.125.24.0-255,1484,3253,94,292827
26353,5.8e-05,172.31.47.0-255,66,3319,94,292827
26354,6.5e-05,74.125.24.0-255,4320,7639,94,292827
26355,6.8e-05,172.31.47.0-255,66,7705,94,292827
26356,9.3e-05,74.125.24.0-255,4320,12025,94,292827
26357,9.6e-05,172.31.47.0-255,66,12091,94,292827
26358,0.000118,74.125.24.0-255,2126,14217,94,292827
26359,0.000121,172.31.47.0-255,66,14283,94,292827
26360,0.000453,74.125.24.0-255,1484,15767,94,292827
26361,0.000458,172.31.47.0-255,66,15833,94,292827
26362,0.000464,74.125.24.0-255,2902,18735,94,292827
26363,0.000466,172.31.47.0-255,66,18801,94,292827
26364,0.000469,74.125.24.0-255,1484,20285,94,292827
26365,0.000471,172.31.47.0-255,66,20351,94,292827
26366,0.000509,74.125.24.0-255,4320,24671,94,292827
26367,0.000513,172.31.47.0-255,66,24737,94,292827
26368,0.000517,74.125.24.0-255,4320,29057,94,292827
26369,0.000519,172.31.47.0-255,66,29123,94,292827
26370,0.000553,74.125.24.0-255,5738,34861,94,292827
26371,0.000557,172.31.47.0-255,66,34927,94,292827
26372,0.000586,74.125.24.0-255,6797,41724,94,292827
26373,0.000589,172.31.47.0-255,66,41790,94,292827
26374,0.000607,172.31.47.0-255,66,41856,94,292827
26375,0.000617,172.31.47.0-255,66,41922,94,292827
26376,0.000643,74.125.24.0-255,1484,43406,94,292827
26377,0.00065,172.31.47.0-255,66,43472,94,292827
26378,0.000653,74.125.24.0-255,1099,44571,94,292827
26379,0.000655,172.31.47.0-255,66,44637,94,292827
26380,0.000815,74.125.24.0-255,343,44980,94,292827
26381,0.00082,172.31.47.0-255,66,45046,94,292827
26382,0.001011,74.125.24.0-255,1484,46530,94,292827
26383,0.001016,172.31.47.0-255,66,46596,94,292827
26384,0.00102,74.125.24.0-255,2902,49498,94,292827
26385,0.001023,172.31.47.0-255,66,49564,94,292827
26386,0.001057,74.125.24.0-255,5738,55302,94,292827
26387,0.001059,172.31.47.0-255,66,55368,94,292827
26388,0.001088,74.125.24.0-255,4320,59688,94,292827
26389,0.001091,172.31.47.0-255,66,59754,94,292827
26390,0.001102,172.31.47.0-255,66,59820,94,292827
26391,0.001111,74.125.24.0-255,2902,62722,94,292827
26392,0.001137,74.125.24.0-255,5020,67742,94,292827
26393,0.001144,172.31.47.0-255,66,67808,94,292827
26394,0.002103,74.125.24.0-255,1484,69292,94,292827
26395,0.002107,172.31.47.0-255,66,69358,94,292827
26396,0.002115,74.125.24.0-255,2902,72260,94,292827
26397,0.002117,172.31.47.0-255,66,72326,94,292827
26398,0.002153,74.125.24.0-255,5738,78064,94,292827
26399,0.002159,74.125.24.0-255,5738,83802,94,292827
26400,0.002173,74.125.24.0-255,1484,85286,94,292827
26401,0.00218,172.31.47.0-255,66,85352,94,292827
26402,0.002192,74.125.24.0-255,7156,92508,94,292827
26403,0.002196,172.31.47.0-255,66,92574,94,292827
26404,0.002215,74.125.24.0-255,4320,96894,94,292827
26405,0.00222,74.125.24.0-255,5020,101914,94,292827
26406,0.002248,172.31.47.0-255,66,101980,94,292827
26407,0.002505,74.125.24.0-255,1484,103464,94,292827
26408,0.002509,172.31.47.0-255,66,103530,94,292827
26409,0.002535,74.125.24.0-255,1484,105014,94,292827
26410,0.002538,172.31.47.0-255,66,105080,94,292827
26411,0.002566,74.125.24.0-255,4320,109400,94,292827
26412,0.002572,74.125.24.0-255,5738,115138,94,292827
26413,0.002586,74.125.24.0-255,1484,116622,94,292827
26414,0.002588,74.125.24.0-255,1484,118106,94,292827
26415,0.002604,172.31.47.0-255,66,118172,94,292827
26416,0.002652,172.31.47.0-255,66,118238,94,292827
26417,0.002676,74.125.24.0-255,2902,121140,94,292827
26418,0.002682,74.125.24.0-255,5738,126878,94,292827
26419,0.002684,74.125.24.0-255,766,127644,94,292827
26420,0.00269,74.125.24.0-255,5738,133382,94,292827
26421,0.002711,74.125.24.0-255,5738,139120,94,292827
26422,0.002715,74.125.24.0-255,2902,142022,94,292827
26423,0.00272,172.31.47.0-255,66,142088,94,292827
26424,0.002733,74.125.24.0-255,7156,149244,94,292827
26425,0.002751,74.125.24.0-255,2902,152146,94,292827
26426,0.002756,74.125.24.0-255,5738,157884,94,292827
26427,0.002795,74.125.24.0-255,3602,161486,94,292827
26428,0.002804,172.31.47.0-255,66,161552,94,292827
26429,0.003231,74.125.24.0-255,1484,163036,94,292827
26430,0.003238,74.125.24.0-255,2902,165938,94,292827
26431,0.003242,172.31.47.0-255,66,166004,94,292827
26432,0.003273,74.125.24.0-255,5738,171742,94,292827
26433,0.003276,74.125.24.0-255,1484,173226,94,292827
26434,0.003297,74.125.24.0-255,1484,174710,94,292827
26435,0.003301,74.125.24.0-255,2902,177612,94,292827
26436,0.003332,74.125.24.0-255,7156,184768,94,292827
26437,0.003336,74.125.24.0-255,4320,189088,94,292827
26438,0.003358,74.125.24.0-255,5738,194826,94,292827
26439,0.003361,74.125.24.0-255,766,195592,94,292827
26440,0.003379,172.31.47.0-255,66,195658,94,292827
26441,0.003517,74.125.24.0-255,1484,197142,94,292827
26442,0.003531,74.125.24.0-255,2902,200044,94,292827
26443,0.003548,74.125.24.0-255,5738,205782,94,292827
26444,0.003568,74.125.24.0-255,1484,207266,94,292827
26445,0.00359,74.125.24.0-255,1484,208750,94,292827
26446,0.003611,74.125.24.0-255,7156,215906,94,292827
26447,0.003617,74.125.24.0-255,2902,218808,94,292827
26448,0.003637,74.125.24.0-255,5738,224546,94,292827
26449,0.00364,74.125.24.0-255,1484,226030,94,292827
26450,0.003664,74.125.24.0-255,1484,227514,94,292827
26451,0.00368,74.125.24.0-255,2184,229698,94,292827
26452,0.003751,74.125.24.0-255,4320,234018,94,292827
26453,0.00378,74.125.24.0-255,7156,241174,94,292827
26454,0.003829,74.125.24.0-255,4320,245494,94,292827
26455,0.003844,74.125.24.0-255,7156,252650,94,292827
26456,0.003854,74.125.24.0-255,2184,254834,94,292827
26457,0.003867,74.125.24.0-255,4320,259154,94,292827
26458,0.003908,74.125.24.0-255,5738,264892,94,292827
26459,0.003911,74.125.24.0-255,1484,266376,94,292827
26460,0.003986,172.31.47.0-255,66,266442,94,292827
26461,0.003996,74.125.24.0-255,5020,271462,94,292827
26462,0.004013,172.31.47.0-255,66,271528,94,292827
26463,0.00405,74.125.24.0-255,4320,275848,94,292827
26464,0.004058,172.31.47.0-255,66,275914,94,292827
26465,0.004087,172.31.47.0-255,66,275980,94,292827
26466,0.004096,74.125.24.0-255,4320,280300,94,292827
26467,0.0041,172.31.47.0-255,66,280366,94,292827
26468,0.00415,172.31.47.0-255,66,280432,94,292827
26469,0.004155,74.125.24.0-255,766,281198,94,292827
26470,0.004176,74.125.24.0-255,2902,284100,94,292827
26471,0.004189,172.31.47.0-255,66,284166,94,292827
26472,0.004192,74.125.24.0-255,3965,288131,94,292827
26473,0.004202,172.31.47.0-255,66,288197,94,292827
26474,0.004218,74.125.24.0-255,105,288302,94,292827
26475,0.013915,172.31.47.0-255,66,288368,94,292827
26476,0.013945,172.31.47.0-255,105,288473,94,292827
26477,0.016439,74.125.24.0-255,66,288539,94,292827
26478,0.027098,172.31.47.0-255,172,288711,94,292827
26479,0.027131,172.31.47.0-255,1116,289827,94,292827
26480,0.027167,172.31.47.0-255,1514,291341,94,292827
26481,0.027168,172.31.47.0-255,1288,292629,94,292827
26482,0.028637,104.244.42.0-255,66,292695,94,292827
26483,0.028673,104.244.42.0-255,66,292761,94,292827
26484,0.028721,104.244.42.0-255,66,292827,94,292827
26485,0.0,172.217.194.0-255,153,153,94,305991
26486,1.5e-05,172.31.47.0-255,66,219,94,305991
26487,2.2e-05,172.217.194.0-255,1484,1703,94,305991
26488,2.6e-05,172.31.47.0-255,66,1769,94,305991
26489,3.1e-05,172.217.194.0-255,2902,4671,94,305991
26490,3.4e-05,172.31.47.0-255,66,4737,94,305991
26491,4e-05,172.217.194.0-255,5738,10475,94,305991
26492,4.4e-05,172.31.47.0-255,66,10541,94,305991
26493,6.7e-05,172.217.194.0-255,7156,17697,94,305991
26494,7e-05,172.31.47.0-255,66,17763,94,305991
26495,9.3e-05,172.217.194.0-255,6269,24032,94,305991
26496,9.6e-05,172.31.47.0-255,66,24098,94,305991
26497,0.000102,172.217.194.0-255,4320,28418,94,305991
26498,0.000104,172.31.47.0-255,66,28484,94,305991
26499,0.000133,172.217.194.0-255,2543,31027,94,305991
26500,0.000135,172.31.47.0-255,66,31093,94,305991
26501,0.00037,172.217.194.0-255,1484,32577,94,305991
26502,0.000375,172.31.47.0-255,66,32643,94,305991
26503,0.00038,172.217.194.0-255,2902,35545,94,305991
26504,0.000382,172.31.47.0-255,66,35611,94,305991
26505,0.000386,172.217.194.0-255,2902,38513,94,305991
26506,0.000388,172.31.47.0-255,66,38579,94,305991
26507,0.000412,172.217.194.0-255,2902,41481,94,305991
26508,0.000415,172.31.47.0-255,66,41547,94,305991
26509,0.000427,172.31.47.0-255,66,41613,94,305991
26510,0.000429,172.217.194.0-255,1484,43097,94,305991
26511,0.000431,172.31.47.0-255,66,43163,94,305991
26512,0.000462,172.31.47.0-255,66,43229,94,305991
26513,0.000762,172.217.194.0-255,346,43575,94,305991
26514,0.000766,172.31.47.0-255,66,43641,94,305991
26515,0.000797,172.217.194.0-255,1484,45125,94,305991
26516,0.000813,172.217.194.0-255,4320,49445,94,305991
26517,0.000816,172.31.47.0-255,66,49511,94,305991
26518,0.000824,172.217.194.0-255,1484,50995,94,305991
26519,0.000843,172.31.47.0-255,66,51061,94,305991
26520,0.000848,172.217.194.0-255,4320,55381,94,305991
26521,0.00085,172.31.47.0-255,66,55447,94,305991
26522,0.000877,172.217.194.0-255,4320,59767,94,305991
26523,0.000879,172.31.47.0-255,66,59833,94,305991
26524,0.000899,172.217.194.0-255,4320,64153,94,305991
26525,0.000901,172.31.47.0-255,66,64219,94,305991
26526,0.000921,172.217.194.0-255,5020,69239,94,305991
26527,0.000923,172.31.47.0-255,66,69305,94,305991
26528,0.00095,172.217.194.0-255,1484,70789,94,305991
26529,0.000952,172.217.194.0-255,1484,72273,94,305991
26530,0.000956,172.31.47.0-255,66,72339,94,305991
26531,0.000963,172.217.194.0-255,1484,73823,94,305991
26532,0.000967,172.217.194.0-255,2902,76725,94,305991
26533,0.000969,172.31.47.0-255,66,76791,94,305991
26534,0.000983,172.217.194.0-255,2902,79693,94,305991
26535,0.000985,172.31.47.0-255,66,79759,94,305991
26536,0.001016,172.31.47.0-255,66,79825,94,305991
26537,0.001023,172.217.194.0-255,7156,86981,94,305991
26538,0.001025,172.31.47.0-255,66,87047,94,305991
26539,0.001042,172.217.194.0-255,2902,89949,94,305991
26540,0.001044,172.31.47.0-255,66,90015,94,305991
26541,0.001061,172.31.47.0-255,66,90081,94,305991
26542,0.001088,172.31.47.0-255,66,90147,94,305991
26543,0.001131,172.217.194.0-255,1484,91631,94,305991
26544,0.001145,172.217.194.0-255,2902,94533,94,305991
26545,0.001186,172.217.194.0-255,5738,100271,94,305991
26546,0.001204,172.31.47.0-255,66,100337,94,305991
26547,0.001212,172.217.194.0-255,2902,103239,94,305991
26548,0.001218,172.217.194.0-255,5738,108977,94,305991
26549,0.001228,172.217.194.0-255,3988,112965,94,305991
26550,0.001231,172.31.47.0-255,66,113031,94,305991
26551,0.001249,172.31.47.0-255,66,113097,94,305991
26552,0.001756,172.217.194.0-255,1484,114581,94,305991
26553,0.001762,172.217.194.0-255,2902,117483,94,305991
26554,0.001764,172.31.47.0-255,66,117549,94,305991
26555,0.001784,172.217.194.0-255,5738,123287,94,305991
26556,0.001786,172.31.47.0-255,66,123353,94,305991
26557,0.001802,172.217.194.0-255,1484,124837,94,305991
26558,0.001824,172.31.47.0-255,66,124903,94,305991
26559,0.001834,172.31.47.0-255,66,124969,94,305991
26560,0.001858,172.217.194.0-255,1484,126453,94,305991
26561,0.001861,172.217.194.0-255,766,127219,94,305991
26562,0.001863,172.31.47.0-255,66,127285,94,305991
26563,0.001995,172.217.194.0-255,1484,128769,94,305991
26564,0.002007,172.217.194.0-255,2902,131671,94,305991
26565,0.002009,172.31.47.0-255,66,131737,94,305991
26566,0.002015,172.217.194.0-255,4320,136057,94,305991
26567,0.002017,172.31.47.0-255,66,136123,94,305991
26568,0.002028,172.217.194.0-255,1484,137607,94,305991
26569,0.002044,172.217.194.0-255,4320,141927,94,305991
26570,0.002046,172.31.47.0-255,66,141993,94,305991
26571,0.002073,172.31.47.0-255,66,142059,94,305991
26572,0.002091,172.217.194.0-255,766,142825,94,305991
26573,0.002098,172.31.47.0-255,66,142891,94,305991
26574,0.00219,172.217.194.0-255,1484,144375,94,305991
26575,0.002195,172.217.194.0-255,2902,147277,94,305991
26576,0.002197,172.31.47.0-255,66,147343,94,305991
26577,0.002203,172.217.194.0-255,4320,151663,94,305991
26578,0.002204,172.31.47.0-255,66,151729,94,305991
26579,0.002219,172.217.194.0-255,1484,153213,94,305991
26580,0.002226,172.217.194.0-255,7156,160369,94,305991
26581,0.002241,172.217.194.0-255,1484,161853,94,305991
26582,0.002281,172.217.194.0-255,7156,169009,94,305991
26583,0.006997,172.31.47.0-255,66,169075,94,305991
26584,0.009317,172.217.194.0-255,5738,174813,94,305991
26585,0.009326,172.31.47.0-255,66,174879,94,305991
26586,0.011676,172.217.194.0-255,5738,180617,94,305991
26587,0.011684,172.31.47.0-255,66,180683,94,305991
26588,0.014016,172.217.194.0-255,5738,186421,94,305991
26589,0.014027,172.31.47.0-255,66,186487,94,305991
26590,0.016348,172.217.194.0-255,5738,192225,94,305991
26591,0.016357,172.31.47.0-255,66,192291,94,305991
26592,0.018698,172.217.194.0-255,5738,198029,94,305991
26593,0.018707,172.31.47.0-255,66,198095,94,305991
26594,0.021041,172.217.194.0-255,5738,203833,94,305991
26595,0.021046,172.31.47.0-255,66,203899,94,305991
26596,0.023405,172.217.194.0-255,5738,209637,94,305991
26597,0.023412,172.31.47.0-255,66,209703,94,305991
26598,0.025625,172.31.47.0-255,172,209875,94,305991
26599,0.025668,172.31.47.0-255,1117,210992,94,305991
26600,0.025715,172.217.194.0-255,5738,216730,94,305991
26601,0.02572,172.31.47.0-255,66,216796,94,305991
26602,0.025768,172.31.47.0-255,1514,218310,94,305991
26603,0.02577,172.31.47.0-255,1287,219597,94,305991
26604,0.027177,104.244.42.0-255,66,219663,94,305991
26605,0.027219,104.244.42.0-255,66,219729,94,305991
26606,0.027319,104.244.42.0-255,66,219795,94,305991
26607,0.028015,172.217.194.0-255,5738,225533,94,305991
26608,0.02802,172.31.47.0-255,66,225599,94,305991
26609,0.029159,104.244.42.0-255,108,225707,94,305991
26610,0.029165,172.31.47.0-255,66,225773,94,305991
26611,0.030355,172.217.194.0-255,5738,231511,94,305991
26612,0.030359,172.31.47.0-255,66,231577,94,305991
26613,0.032695,172.217.194.0-255,5738,237315,94,305991
26614,0.03271,172.31.47.0-255,66,237381,94,305991
26615,0.035058,172.217.194.0-255,5738,243119,94,305991
26616,0.035065,172.31.47.0-255,66,243185,94,305991
26617,0.037414,172.217.194.0-255,5738,248923,94,305991
26618,0.03742,172.31.47.0-255,66,248989,94,305991
26619,0.039749,172.217.194.0-255,5738,254727,94,305991
26620,0.039757,172.31.47.0-255,66,254793,94,305991
26621,0.04208,172.217.194.0-255,5738,260531,94,305991
26622,0.042091,172.31.47.0-255,66,260597,94,305991
26623,0.044425,172.217.194.0-255,5738,266335,94,305991
26624,0.044432,172.31.47.0-255,66,266401,94,305991
26625,0.046764,172.217.194.0-255,5738,272139,94,305991
26626,0.046771,172.31.47.0-255,66,272205,94,305991
26627,0.049093,172.217.194.0-255,5738,277943,94,305991
26628,0.049099,172.31.47.0-255,66,278009,94,305991
26629,0.051433,172.217.194.0-255,5738,283747,94,305991
26630,0.051438,172.31.47.0-255,66,283813,94,305991
26631,0.053774,172.217.194.0-255,5738,289551,94,305991
26632,0.05378,172.31.47.0-255,66,289617,94,305991
26633,0.056091,172.217.194.0-255,5738,295355,94,305991
26634,0.056097,172.31.47.0-255,66,295421,94,305991
26635,0.058417,172.217.194.0-255,5738,301159,94,305991
26636,0.058422,172.31.47.0-255,66,301225,94,305991
26637,0.060725,172.217.194.0-255,4529,305754,94,305991
26638,0.060731,172.31.47.0-255,66,305820,94,305991
26639,0.06092,172.31.47.0-255,105,305925,94,305991
26640,0.0632,172.217.194.0-255,66,305991,94,305991
26641,0.0,172.31.47.0-255,105,105,94,276
26642,0.001808,157.240.13.0-255,105,210,94,276
26643,0.001819,172.31.47.0-255,66,276,94,276
26644,0.0,74.125.24.0-255,297,297,94,220257
26645,1.4e-05,172.31.47.0-255,66,363,94,220257
26646,2.7e-05,74.125.24.0-255,1484,1847,94,220257
26647,3.6e-05,172.31.47.0-255,66,1913,94,220257
26648,3.9e-05,74.125.24.0-255,1484,3397,94,220257
26649,4.1e-05,172.31.47.0-255,66,3463,94,220257
26650,7.1e-05,74.125.24.0-255,2902,6365,94,220257
26651,7.4e-05,172.31.47.0-255,66,6431,94,220257
26652,7.8e-05,74.125.24.0-255,4320,10751,94,220257
26653,8e-05,172.31.47.0-255,66,10817,94,220257
26654,0.000107,74.125.24.0-255,4716,15533,94,220257
26655,0.000109,172.31.47.0-255,66,15599,94,220257
26656,0.000111,74.125.24.0-255,1484,17083,94,220257
26657,0.000112,172.31.47.0-255,66,17149,94,220257
26658,0.000117,74.125.24.0-255,5738,22887,94,220257
26659,0.000119,172.31.47.0-255,66,22953,94,220257
26660,0.000158,74.125.24.0-255,7156,30109,94,220257
26661,0.00016,172.31.47.0-255,66,30175,94,220257
26662,0.000162,74.125.24.0-255,1125,31300,94,220257
26663,0.000165,172.31.47.0-255,66,31366,94,220257
26664,0.000293,74.125.24.0-255,1484,32850,94,220257
26665,0.000296,172.31.47.0-255,66,32916,94,220257
26666,0.000321,74.125.24.0-255,2902,35818,94,220257
26667,0.000324,172.31.47.0-255,66,35884,94,220257
26668,0.000328,74.125.24.0-255,5738,41622,94,220257
26669,0.00033,172.31.47.0-255,66,41688,94,220257
26670,0.000334,74.125.24.0-255,4320,46008,94,220257
26671,0.000336,172.31.47.0-255,66,46074,94,220257
26672,0.000353,74.125.24.0-255,2543,48617,94,220257
26673,0.000355,172.31.47.0-255,66,48683,94,220257
26674,0.0004,74.125.24.0-255,2902,51585,94,220257
26675,0.000403,172.31.47.0-255,66,51651,94,220257
26676,0.000435,172.31.47.0-255,66,51717,94,220257
26677,0.000438,74.125.24.0-255,1484,53201,94,220257
26678,0.000456,74.125.24.0-255,1402,54603,94,220257
26679,0.000458,172.31.47.0-255,66,54669,94,220257
26680,0.00075,74.125.24.0-255,131,54800,94,220257
26681,0.000814,172.31.47.0-255,66,54866,94,220257
26682,0.00092,74.125.24.0-255,1484,56350,94,220257
26683,0.000927,74.125.24.0-255,2902,59252,94,220257
26684,0.00093,172.31.47.0-255,66,59318,94,220257
26685,0.000955,74.125.24.0-255,5738,65056,94,220257
26686,0.000957,172.31.47.0-255,66,65122,94,220257
26687,0.000992,172.31.47.0-255,66,65188,94,220257
26688,0.001008,74.125.24.0-255,2543,67731,94,220257
26689,0.001009,172.31.47.0-255,66,67797,94,220257
26690,0.001022,74.125.24.0-255,2902,70699,94,220257
26691,0.001027,172.31.47.0-255,66,70765,94,220257
26692,0.001045,74.125.24.0-255,6797,77562,94,220257
26693,0.001048,172.31.47.0-255,66,77628,94,220257
26694,0.00121,74.125.24.0-255,1484,79112,94,220257
26695,0.001216,74.125.24.0-255,2902,82014,94,220257
26696,0.00122,172.31.47.0-255,66,82080,94,220257
26697,0.001246,74.125.24.0-255,5738,87818,94,220257
26698,0.001248,172.31.47.0-255,66,87884,94,220257
26699,0.001252,74.125.24.0-255,2902,90786,94,220257
26700,0.001253,172.31.47.0-255,66,90852,94,220257
26701,0.001279,74.125.24.0-255,4320,95172,94,220257
26702,0.001285,172.31.47.0-255,66,95238,94,220257
26703,0.001294,172.31.47.0-255,66,95304,94,220257
26704,0.001326,172.31.47.0-255,66,95370,94,220257
26705,0.001331,74.125.24.0-255,4320,99690,94,220257
26706,0.001333,172.31.47.0-255,66,99756,94,220257
26707,0.001357,74.125.24.0-255,4320,104076,94,220257
26708,0.00136,172.31.47.0-255,66,104142,94,220257
26709,0.001395,74.125.24.0-255,7156,111298,94,220257
26710,0.001397,172.31.47.0-255,66,111364,94,220257
26711,0.001423,74.125.24.0-255,7156,118520,94,220257
26712,0.001425,172.31.47.0-255,66,118586,94,220257
26713,0.001446,172.31.47.0-255,66,118652,94,220257
26714,0.001449,74.125.24.0-255,1484,120136,94,220257
26715,0.001476,172.31.47.0-255,66,120202,94,220257
26716,0.001485,172.31.47.0-255,66,120268,94,220257
26717,0.001495,74.125.24.0-255,1484,121752,94,220257
26718,0.001525,74.125.24.0-255,4320,126072,94,220257
26719,0.001527,172.31.47.0-255,66,126138,94,220257
26720,0.001562,172.31.47.0-255,66,126204,94,220257
26721,0.001586,74.125.24.0-255,1484,127688,94,220257
26722,0.00159,74.125.24.0-255,2902,130590,94,220257
26723,0.001592,172.31.47.0-255,66,130656,94,220257
26724,0.001597,74.125.24.0-255,4320,134976,94,220257
26725,0.001599,172.31.47.0-255,66,135042,94,220257
26726,0.001626,74.125.24.0-255,1484,136526,94,220257
26727,0.001632,74.125.24.0-255,7156,143682,94,220257
26728,0.001634,172.31.47.0-255,66,143748,94,220257
26729,0.001643,172.31.47.0-255,66,143814,94,220257
26730,0.001669,74.125.24.0-255,5738,149552,94,220257
26731,0.001671,172.31.47.0-255,66,149618,94,220257
26732,0.001675,74.125.24.0-255,2184,151802,94,220257
26733,0.001676,172.31.47.0-255,66,151868,94,220257
26734,0.001708,74.125.24.0-255,1484,153352,94,220257
26735,0.001719,74.125.24.0-255,2902,156254,94,220257
26736,0.001721,172.31.47.0-255,66,156320,94,220257
26737,0.001724,74.125.24.0-255,1484,157804,94,220257
26738,0.00175,74.125.24.0-255,4320,162124,94,220257
26739,0.001752,172.31.47.0-255,66,162190,94,220257
26740,0.001757,74.125.24.0-255,4320,166510,94,220257
26741,0.00176,172.31.47.0-255,66,166576,94,220257
26742,0.00181,172.31.47.0-255,66,166642,94,220257
26743,0.001816,74.125.24.0-255,7156,173798,94,220257
26744,0.001818,172.31.47.0-255,66,173864,94,220257
26745,0.001822,74.125.24.0-255,3602,177466,94,220257
26746,0.001825,172.31.47.0-255,66,177532,94,220257
26747,0.00212,74.125.24.0-255,1484,179016,94,220257
26748,0.002127,74.125.24.0-255,2902,181918,94,220257
26749,0.002132,172.31.47.0-255,66,181984,94,220257
26750,0.002138,74.125.24.0-255,4320,186304,94,220257
26751,0.002141,172.31.47.0-255,66,186370,94,220257
26752,0.002167,74.125.24.0-255,1484,187854,94,220257
26753,0.002187,172.31.47.0-255,66,187920,94,220257
26754,0.002198,172.31.47.0-255,66,187986,94,220257
26755,0.002227,74.125.24.0-255,2184,190170,94,220257
26756,0.00223,172.31.47.0-255,66,190236,94,220257
26757,0.002318,74.125.24.0-255,1484,191720,94,220257
26758,0.002342,74.125.24.0-255,2902,194622,94,220257
26759,0.002347,172.31.47.0-255,66,194688,94,220257
26760,0.002353,74.125.24.0-255,5738,200426,94,220257
26761,0.002356,172.31.47.0-255,66,200492,94,220257
26762,0.002395,172.31.47.0-255,66,200558,94,220257
26763,0.002412,172.31.47.0-255,66,200624,94,220257
26764,0.002514,172.31.47.0-255,66,200690,94,220257
26765,0.002526,172.31.47.0-255,66,200756,94,220257
26766,0.002528,74.125.24.0-255,1484,202240,94,220257
26767,0.002533,74.125.24.0-255,2902,205142,94,220257
26768,0.002536,172.31.47.0-255,66,205208,94,220257
26769,0.002542,74.125.24.0-255,5738,210946,94,220257
26770,0.002545,172.31.47.0-255,66,211012,94,220257
26771,0.002555,172.31.47.0-255,66,211078,94,220257
26772,0.002595,74.125.24.0-255,4320,215398,94,220257
26773,0.002599,172.31.47.0-255,66,215464,94,220257
26774,0.002613,172.31.47.0-255,66,215530,94,220257
26775,0.002624,172.31.47.0-255,66,215596,94,220257
26776,0.005153,74.125.24.0-255,136,215732,94,220257
26777,0.006174,172.31.47.0-255,66,215798,94,220257
26778,0.006203,172.31.47.0-255,105,215903,94,220257
26779,0.008747,74.125.24.0-255,66,215969,94,220257
26780,0.031089,172.31.47.0-255,172,216141,94,220257
26781,0.031118,172.31.47.0-255,1117,217258,94,220257
26782,0.031153,172.31.47.0-255,1514,218772,94,220257
26783,0.031154,172.31.47.0-255,1287,220059,94,220257
26784,0.032605,104.244.42.0-255,66,220125,94,220257
26785,0.032656,104.244.42.0-255,66,220191,94,220257
26786,0.032692,104.244.42.0-255,66,220257,94,220257
26787,0.0,172.253.118.0-255,431,431,94,113862
26788,1.7e-05,172.253.118.0-255,1484,1915,94,113862
26789,2.7e-05,172.31.47.0-255,66,1981,94,113862
26790,3.6e-05,172.253.118.0-255,4320,6301,94,113862
26791,3.8e-05,172.31.47.0-255,66,6367,94,113862
26792,0.000144,172.253.118.0-255,4320,10687,94,113862
26793,0.000148,172.31.47.0-255,66,10753,94,113862
26794,0.000344,172.31.47.0-255,66,10819,94,113862
26795,0.00074,172.253.118.0-255,5738,16557,94,113862
26796,0.000746,172.31.47.0-255,66,16623,94,113862
26797,0.000978,172.253.118.0-255,2902,19525,94,113862
26798,0.000984,172.31.47.0-255,66,19591,94,113862
26799,0.002576,172.253.118.0-255,5738,25329,94,113862
26800,0.002692,172.253.118.0-255,2902,28231,94,113862
26801,0.003186,172.253.118.0-255,2902,31133,94,113862
26802,0.00392,172.253.118.0-255,2902,34035,94,113862
26803,0.004681,172.253.118.0-255,7156,41191,94,113862
26804,0.005185,172.31.47.0-255,66,41257,94,113862
26805,0.005628,172.31.47.0-255,66,41323,94,113862
26806,0.007758,172.31.47.0-255,66,41389,94,113862
26807,0.00785,172.253.118.0-255,4320,45709,94,113862
26808,0.008287,172.253.118.0-255,4320,50029,94,113862
26809,0.008307,172.253.118.0-255,1874,51903,94,113862
26810,0.00844,172.253.118.0-255,3930,55833,94,113862
26811,0.008722,172.253.118.0-255,4320,60153,94,113862
26812,0.00914,172.253.118.0-255,4320,64473,94,113862
26813,0.009487,172.31.47.0-255,66,64539,94,113862
26814,0.010294,172.253.118.0-255,410,64949,94,113862
26815,0.010323,172.253.118.0-255,7156,72105,94,113862
26816,0.010327,172.31.47.0-255,66,72171,94,113862
26817,0.01036,172.31.47.0-255,66,72237,94,113862
26818,0.012052,172.253.118.0-255,4320,76557,94,113862
26819,0.012059,172.31.47.0-255,66,76623,94,113862
26820,0.012097,172.31.47.0-255,66,76689,94,113862
26821,0.012176,172.253.118.0-255,5738,82427,94,113862
26822,0.012179,172.31.47.0-255,66,82493,94,113862
26823,0.012247,172.31.47.0-255,66,82559,94,113862
26824,0.012493,172.253.118.0-255,4320,86879,94,113862
26825,0.012497,172.31.47.0-255,66,86945,94,113862
26826,0.012536,172.31.47.0-255,66,87011,94,113862
26827,0.012564,172.31.47.0-255,66,87077,94,113862
26828,0.012578,172.253.118.0-255,4320,91397,94,113862
26829,0.01258,172.31.47.0-255,66,91463,94,113862
26830,0.012608,172.253.118.0-255,2902,94365,94,113862
26831,0.01261,172.31.47.0-255,66,94431,94,113862
26832,0.013015,172.31.47.0-255,66,94497,94,113862
26833,0.013062,172.31.47.0-255,66,94563,94,113862
26834,0.013329,172.253.118.0-255,5738,100301,94,113862
26835,0.013332,172.31.47.0-255,66,100367,94,113862
26836,0.01337,172.31.47.0-255,66,100433,94,113862
26837,0.013393,172.253.118.0-255,5738,106171,94,113862
26838,0.013395,172.31.47.0-255,66,106237,94,113862
26839,0.013611,172.253.118.0-255,2902,109139,94,113862
26840,0.013614,172.31.47.0-255,66,109205,94,113862
26841,0.01365,172.31.47.0-255,66,109271,94,113862
26842,0.014661,172.31.47.0-255,66,109337,94,113862
26843,0.019049,172.31.47.0-255,66,109403,94,113862
26844,0.020298,172.31.47.0-255,105,109508,94,113862
26845,0.026679,172.253.118.0-255,66,109574,94,113862
26846,0.040456,172.31.47.0-255,172,109746,94,113862
26847,0.040487,172.31.47.0-255,1111,110857,94,113862
26848,0.040557,172.31.47.0-255,1514,112371,94,113862
26849,0.040559,172.31.47.0-255,1293,113664,94,113862
26850,0.042018,104.244.42.0-255,66,113730,94,113862
26851,0.042027,104.244.42.0-255,66,113796,94,113862
26852,0.042097,104.244.42.0-255,66,113862,94,113862
26853,0.0,74.125.200.0-255,153,153,94,410968
26854,2e-05,172.31.47.0-255,66,219,94,410968
26855,2.6e-05,74.125.200.0-255,1484,1703,94,410968
26856,3.1e-05,172.31.47.0-255,66,1769,94,410968
26857,3.4e-05,74.125.200.0-255,1484,3253,94,410968
26858,3.6e-05,172.31.47.0-255,66,3319,94,410968
26859,5.9e-05,74.125.200.0-255,2902,6221,94,410968
26860,6.2e-05,172.31.47.0-255,66,6287,94,410968
26861,9.2e-05,74.125.200.0-255,1484,7771,94,410968
26862,9.4e-05,172.31.47.0-255,66,7837,94,410968
26863,0.000111,74.125.200.0-255,2902,10739,94,410968
26864,0.000113,172.31.47.0-255,66,10805,94,410968
26865,0.000131,74.125.200.0-255,2902,13707,94,410968
26866,0.000133,172.31.47.0-255,66,13773,94,410968
26867,0.000161,74.125.200.0-255,3366,17139,94,410968
26868,0.000164,172.31.47.0-255,66,17205,94,410968
26869,0.000182,74.125.200.0-255,2902,20107,94,410968
26870,0.000184,172.31.47.0-255,66,20173,94,410968
26871,0.000202,74.125.200.0-255,1484,21657,94,410968
26872,0.000204,172.31.47.0-255,66,21723,94,410968
26873,0.000211,74.125.200.0-255,5738,27461,94,410968
26874,0.000213,172.31.47.0-255,66,27527,94,410968
26875,0.000237,74.125.200.0-255,3961,31488,94,410968
26876,0.00024,172.31.47.0-255,66,31554,94,410968
26877,0.000364,74.125.200.0-255,1484,33038,94,410968
26878,0.000367,172.31.47.0-255,66,33104,94,410968
26879,0.000371,74.125.200.0-255,1484,34588,94,410968
26880,0.000372,172.31.47.0-255,66,34654,94,410968
26881,0.000386,74.125.200.0-255,1484,36138,94,410968
26882,0.000388,172.31.47.0-255,66,36204,94,410968
26883,0.00041,74.125.200.0-255,4320,40524,94,410968
26884,0.000413,172.31.47.0-255,66,40590,94,410968
26885,0.000434,74.125.200.0-255,1484,42074,94,410968
26886,0.000453,74.125.200.0-255,6797,48871,94,410968
26887,0.000456,172.31.47.0-255,66,48937,94,410968
26888,0.000498,74.125.200.0-255,2902,51839,94,410968
26889,0.000502,172.31.47.0-255,66,51905,94,410968
26890,0.000523,74.125.200.0-255,4320,56225,94,410968
26891,0.000526,172.31.47.0-255,66,56291,94,410968
26892,0.000536,172.31.47.0-255,66,56357,94,410968
26893,0.000539,74.125.200.0-255,1434,57791,94,410968
26894,0.000651,74.125.200.0-255,111,57902,94,410968
26895,0.000773,74.125.200.0-255,1484,59386,94,410968
26896,0.000777,172.31.47.0-255,66,59452,94,410968
26897,0.000781,74.125.200.0-255,1484,60936,94,410968
26898,0.000795,74.125.200.0-255,1484,62420,94,410968
26899,0.000799,172.31.47.0-255,66,62486,94,410968
26900,0.000812,74.125.200.0-255,4320,66806,94,410968
26901,0.000814,172.31.47.0-255,66,66872,94,410968
26902,0.000833,74.125.200.0-255,1484,68356,94,410968
26903,0.000839,74.125.200.0-255,6797,75153,94,410968
26904,0.000842,172.31.47.0-255,66,75219,94,410968
26905,0.000881,74.125.200.0-255,4320,79539,94,410968
26906,0.000884,172.31.47.0-255,66,79605,94,410968
26907,0.000902,74.125.200.0-255,2902,82507,94,410968
26908,0.000904,172.31.47.0-255,66,82573,94,410968
26909,0.000907,74.125.200.0-255,1484,84057,94,410968
26910,0.000911,74.125.200.0-255,2902,86959,94,410968
26911,0.000913,172.31.47.0-255,66,87025,94,410968
26912,0.00094,74.125.200.0-255,2902,89927,94,410968
26913,0.000943,172.31.47.0-255,66,89993,94,410968
26914,0.000962,74.125.200.0-255,2543,92536,94,410968
26915,0.000965,172.31.47.0-255,66,92602,94,410968
26916,0.001483,74.125.200.0-255,1484,94086,94,410968
26917,0.001506,74.125.200.0-255,2902,96988,94,410968
26918,0.00151,172.31.47.0-255,66,97054,94,410968
26919,0.001515,74.125.200.0-255,1484,98538,94,410968
26920,0.001535,74.125.200.0-255,4320,102858,94,410968
26921,0.001537,172.31.47.0-255,66,102924,94,410968
26922,0.001559,74.125.200.0-255,4320,107244,94,410968
26923,0.001561,172.31.47.0-255,66,107310,94,410968
26924,0.001576,74.125.200.0-255,1484,108794,94,410968
26925,0.00158,74.125.200.0-255,2902,111696,94,410968
26926,0.001582,172.31.47.0-255,66,111762,94,410968
26927,0.001602,74.125.200.0-255,4320,116082,94,410968
26928,0.001604,172.31.47.0-255,66,116148,94,410968
26929,0.001607,74.125.200.0-255,1484,117632,94,410968
26930,0.001643,74.125.200.0-255,2902,120534,94,410968
26931,0.001646,172.31.47.0-255,66,120600,94,410968
26932,0.001667,74.125.200.0-255,4320,124920,94,410968
26933,0.00167,172.31.47.0-255,66,124986,94,410968
26934,0.001702,74.125.200.0-255,2184,127170,94,410968
26935,0.001705,172.31.47.0-255,66,127236,94,410968
26936,0.002019,74.125.200.0-255,1484,128720,94,410968
26937,0.002027,74.125.200.0-255,2902,131622,94,410968
26938,0.002032,172.31.47.0-255,66,131688,94,410968
26939,0.002085,74.125.200.0-255,5738,137426,94,410968
26940,0.002088,172.31.47.0-255,66,137492,94,410968
26941,0.002102,74.125.200.0-255,2902,140394,94,410968
26942,0.002104,172.31.47.0-255,66,140460,94,410968
26943,0.002126,74.125.200.0-255,4320,144780,94,410968
26944,0.002128,172.31.47.0-255,66,144846,94,410968
26945,0.002131,74.125.200.0-255,1484,146330,94,410968
26946,0.002155,74.125.200.0-255,7156,153486,94,410968
26947,0.002157,172.31.47.0-255,66,153552,94,410968
26948,0.00216,74.125.200.0-255,1484,155036,94,410968
26949,0.002199,74.125.200.0-255,2902,157938,94,410968
26950,0.002201,172.31.47.0-255,66,158004,94,410968
26951,0.002222,74.125.200.0-255,3602,161606,94,410968
26952,0.002225,172.31.47.0-255,66,161672,94,410968
26953,0.002273,74.125.200.0-255,1484,163156,94,410968
26954,0.002286,74.125.200.0-255,2902,166058,94,410968
26955,0.002289,172.31.47.0-255,66,166124,94,410968
26956,0.002322,74.125.200.0-255,1484,167608,94,410968
26957,0.002326,74.125.200.0-255,2902,170510,94,410968
26958,0.002329,172.31.47.0-255,66,170576,94,410968
26959,0.002354,74.125.200.0-255,2902,173478,94,410968
26960,0.002357,172.31.47.0-255,66,173544,94,410968
26961,0.002376,74.125.200.0-255,2902,176446,94,410968
26962,0.002378,172.31.47.0-255,66,176512,94,410968
26963,0.002397,74.125.200.0-255,4320,180832,94,410968
26964,0.002399,172.31.47.0-255,66,180898,94,410968
26965,0.002416,74.125.200.0-255,2902,183800,94,410968
26966,0.002419,172.31.47.0-255,66,183866,94,410968
26967,0.002424,74.125.200.0-255,4320,188186,94,410968
26968,0.002426,172.31.47.0-255,66,188252,94,410968
26969,0.002431,74.125.200.0-255,4320,192572,94,410968
26970,0.002434,172.31.47.0-255,66,192638,94,410968
26971,0.002455,74.125.200.0-255,1484,194122,94,410968
26972,0.002473,74.125.200.0-255,2184,196306,94,410968
26973,0.002475,172.31.47.0-255,66,196372,94,410968
26974,0.002555,74.125.200.0-255,1484,197856,94,410968
26975,0.002577,74.125.200.0-255,2902,200758,94,410968
26976,0.00258,172.31.47.0-255,66,200824,94,410968
26977,0.002616,74.125.200.0-255,2902,203726,94,410968
26978,0.002619,172.31.47.0-255,66,203792,94,410968
26979,0.002635,74.125.200.0-255,1484,205276,94,410968
26980,0.002638,74.125.200.0-255,1484,206760,94,410968
26981,0.00264,172.31.47.0-255,66,206826,94,410968
26982,0.002645,74.125.200.0-255,2902,209728,94,410968
26983,0.002647,172.31.47.0-255,66,209794,94,410968
26984,0.002652,74.125.200.0-255,2902,212696,94,410968
26985,0.002654,172.31.47.0-255,66,212762,94,410968
26986,0.002688,74.125.200.0-255,1484,214246,94,410968
26987,0.002703,74.125.200.0-255,2902,217148,94,410968
26988,0.002707,172.31.47.0-255,66,217214,94,410968
26989,0.00273,74.125.200.0-255,7156,224370,94,410968
26990,0.002733,172.31.47.0-255,66,224436,94,410968
26991,0.002736,74.125.200.0-255,1484,225920,94,410968
26992,0.002739,74.125.200.0-255,1484,227404,94,410968
26993,0.00274,172.31.47.0-255,66,227470,94,410968
26994,0.002761,74.125.200.0-255,1484,228954,94,410968
26995,0.002765,74.125.200.0-255,2184,231138,94,410968
26996,0.002767,172.31.47.0-255,66,231204,94,410968
26997,0.002852,74.125.200.0-255,1484,232688,94,410968
26998,0.002867,74.125.200.0-255,2902,235590,94,410968
26999,0.00287,172.31.47.0-255,66,235656,94,410968
27000,0.002887,74.125.200.0-255,1484,237140,94,410968
27001,0.002889,74.125.200.0-255,1484,238624,94,410968
27002,0.002892,172.31.47.0-255,66,238690,94,410968
27003,0.002923,74.125.200.0-255,1484,240174,94,410968
27004,0.00294,74.125.200.0-255,2902,243076,94,410968
27005,0.002943,172.31.47.0-255,66,243142,94,410968
27006,0.002995,74.125.200.0-255,4320,247462,94,410968
27007,0.003,172.31.47.0-255,66,247528,94,410968
27008,0.003003,74.125.200.0-255,1484,249012,94,410968
27009,0.003006,74.125.200.0-255,1484,250496,94,410968
27010,0.003008,172.31.47.0-255,66,250562,94,410968
27011,0.00303,74.125.200.0-255,5738,256300,94,410968
27012,0.003033,172.31.47.0-255,66,256366,94,410968
27013,0.003037,74.125.200.0-255,4320,260686,94,410968
27014,0.00304,172.31.47.0-255,66,260752,94,410968
27015,0.003042,74.125.200.0-255,1484,262236,94,410968
27016,0.003076,74.125.200.0-255,2902,265138,94,410968
27017,0.00308,172.31.47.0-255,66,265204,94,410968
27018,0.003102,74.125.200.0-255,3602,268806,94,410968
27019,0.003104,172.31.47.0-255,66,268872,94,410968
27020,0.003112,74.125.200.0-255,7156,276028,94,410968
27021,0.003114,172.31.47.0-255,66,276094,94,410968
27022,0.003119,74.125.200.0-255,2902,278996,94,410968
27023,0.003121,172.31.47.0-255,66,279062,94,410968
27024,0.003136,74.125.200.0-255,2902,281964,94,410968
27025,0.00314,172.31.47.0-255,66,282030,94,410968
27026,0.003143,74.125.200.0-255,1484,283514,94,410968
27027,0.003162,74.125.200.0-255,1484,284998,94,410968
27028,0.003164,172.31.47.0-255,66,285064,94,410968
27029,0.003167,74.125.200.0-255,1484,286548,94,410968
27030,0.003186,74.125.200.0-255,1484,288032,94,410968
27031,0.003189,172.31.47.0-255,66,288098,94,410968
27032,0.003194,74.125.200.0-255,4320,292418,94,410968
27033,0.003196,172.31.47.0-255,66,292484,94,410968
27034,0.00323,74.125.200.0-255,5738,298222,94,410968
27035,0.003233,172.31.47.0-255,66,298288,94,410968
27036,0.003237,74.125.200.0-255,2184,300472,94,410968
27037,0.003239,172.31.47.0-255,66,300538,94,410968
27038,0.003282,74.125.200.0-255,4320,304858,94,410968
27039,0.003286,172.31.47.0-255,66,304924,94,410968
27040,0.003289,74.125.200.0-255,1484,306408,94,410968
27041,0.003292,74.125.200.0-255,1484,307892,94,410968
27042,0.003294,172.31.47.0-255,66,307958,94,410968
27043,0.003298,74.125.200.0-255,2902,310860,94,410968
27044,0.003301,172.31.47.0-255,66,310926,94,410968
27045,0.003324,74.125.200.0-255,1484,312410,94,410968
27046,0.003327,74.125.200.0-255,1484,313894,94,410968
27047,0.00333,172.31.47.0-255,66,313960,94,410968
27048,0.003333,74.125.200.0-255,1484,315444,94,410968
27049,0.003339,74.125.200.0-255,2902,318346,94,410968
27050,0.003341,172.31.47.0-255,66,318412,94,410968
27051,0.003395,74.125.200.0-255,4320,322732,94,410968
27052,0.003398,172.31.47.0-255,66,322798,94,410968
27053,0.003401,74.125.200.0-255,1484,324282,94,410968
27054,0.003407,74.125.200.0-255,5738,330020,94,410968
27055,0.00341,172.31.47.0-255,66,330086,94,410968
27056,0.003433,74.125.200.0-255,1484,331570,94,410968
27057,0.003439,74.125.200.0-255,3602,335172,94,410968
27058,0.003442,172.31.47.0-255,66,335238,94,410968
27059,0.003484,74.125.200.0-255,1484,336722,94,410968
27060,0.003497,74.125.200.0-255,2902,339624,94,410968
27061,0.0035,172.31.47.0-255,66,339690,94,410968
27062,0.00352,74.125.200.0-255,2902,342592,94,410968
27063,0.003523,172.31.47.0-255,66,342658,94,410968
27064,0.003526,74.125.200.0-255,1484,344142,94,410968
27065,0.003542,74.125.200.0-255,2902,347044,94,410968
27066,0.003545,172.31.47.0-255,66,347110,94,410968
27067,0.003557,74.125.200.0-255,1484,348594,94,410968
27068,0.003576,74.125.200.0-255,7156,355750,94,410968
27069,0.00358,172.31.47.0-255,66,355816,94,410968
27070,0.003592,74.125.200.0-255,1484,357300,94,410968
27071,0.003619,172.31.47.0-255,66,357366,94,410968
27072,0.003624,74.125.200.0-255,2902,360268,94,410968
27073,0.003626,172.31.47.0-255,66,360334,94,410968
27074,0.003637,74.125.200.0-255,1484,361818,94,410968
27075,0.003654,74.125.200.0-255,2184,364002,94,410968
27076,0.003679,74.125.200.0-255,1484,365486,94,410968
27077,0.003694,74.125.200.0-255,2902,368388,94,410968
27078,0.003701,74.125.200.0-255,5738,374126,94,410968
27079,0.003715,74.125.200.0-255,2902,377028,94,410968
27080,0.003728,74.125.200.0-255,4320,381348,94,410968
27081,0.003745,74.125.200.0-255,1484,382832,94,410968
27082,0.003773,74.125.200.0-255,7156,389988,94,410968
27083,0.00378,74.125.200.0-255,5020,395008,94,410968
27084,0.00381,74.125.200.0-255,1484,396492,94,410968
27085,0.003832,74.125.200.0-255,4320,400812,94,410968
27086,0.003835,74.125.200.0-255,1484,402296,94,410968
27087,0.003855,74.125.200.0-255,556,402852,94,410968
27088,0.003918,74.125.200.0-255,105,402957,94,410968
27089,0.004016,172.31.47.0-255,66,403023,94,410968
27090,0.006267,172.31.47.0-255,105,403128,94,410968
27091,0.008611,74.125.200.0-255,66,403194,94,410968
27092,0.030328,172.31.47.0-255,172,403366,94,410968
27093,0.030357,172.31.47.0-255,1116,404482,94,410968
27094,0.030408,172.31.47.0-255,1514,405996,94,410968
27095,0.030409,172.31.47.0-255,1514,407510,94,410968
27096,0.030414,172.31.47.0-255,1514,409024,94,410968
27097,0.030415,172.31.47.0-255,1514,410538,94,410968
27098,0.030442,172.31.47.0-255,166,410704,94,410968
27099,0.031869,104.244.42.0-255,66,410770,94,410968
27100,0.031881,104.244.42.0-255,66,410836,94,410968
27101,0.032003,104.244.42.0-255,66,410902,94,410968
27102,0.032032,104.244.42.0-255,66,410968,94,410968
27103,0.0,172.31.47.0-255,105,105,94,276
27104,0.077909,31.13.82.0-255,105,210,94,276
27105,0.077929,172.31.47.0-255,66,276,94,276
27106,0.0,74.125.130.0-255,153,153,94,383061
27107,1.6e-05,172.31.47.0-255,66,219,94,383061
27108,3.6e-05,74.125.130.0-255,1484,1703,94,383061
27109,4e-05,172.31.47.0-255,66,1769,94,383061
27110,5.9e-05,74.125.130.0-255,2902,4671,94,383061
27111,6.2e-05,172.31.47.0-255,66,4737,94,383061
27112,6.5e-05,74.125.130.0-255,1484,6221,94,383061
27113,6.8e-05,172.31.47.0-255,66,6287,94,383061
27114,8.2e-05,74.125.130.0-255,2902,9189,94,383061
27115,8.4e-05,172.31.47.0-255,66,9255,94,383061
27116,0.000104,74.125.130.0-255,4966,14221,94,383061
27117,0.000106,172.31.47.0-255,66,14287,94,383061
27118,0.000155,74.125.130.0-255,1484,15771,94,383061
27119,0.000158,172.31.47.0-255,66,15837,94,383061
27120,0.000177,74.125.130.0-255,2902,18739,94,383061
27121,0.000179,172.31.47.0-255,66,18805,94,383061
27122,0.000197,74.125.130.0-255,1484,20289,94,383061
27123,0.000199,172.31.47.0-255,66,20355,94,383061
27124,0.000216,74.125.130.0-255,4320,24675,94,383061
27125,0.000219,172.31.47.0-255,66,24741,94,383061
27126,0.000221,74.125.130.0-255,1484,26225,94,383061
27127,0.000223,172.31.47.0-255,66,26291,94,383061
27128,0.000248,74.125.130.0-255,5738,32029,94,383061
27129,0.00025,172.31.47.0-255,66,32095,94,383061
27130,0.000257,74.125.130.0-255,7156,39251,94,383061
27131,0.000259,172.31.47.0-255,66,39317,94,383061
27132,0.000271,74.125.130.0-255,2902,42219,94,383061
27133,0.000273,172.31.47.0-255,66,42285,94,383061
27134,0.000313,74.125.130.0-255,2902,45187,94,383061
27135,0.000316,172.31.47.0-255,66,45253,94,383061
27136,0.000335,74.125.130.0-255,3602,48855,94,383061
27137,0.000337,172.31.47.0-255,66,48921,94,383061
27138,0.000411,74.125.130.0-255,1484,50405,94,383061
27139,0.000425,74.125.130.0-255,2902,53307,94,383061
27140,0.000427,172.31.47.0-255,66,53373,94,383061
27141,0.000442,74.125.130.0-255,1484,54857,94,383061
27142,0.000459,74.125.130.0-255,4320,59177,94,383061
27143,0.000462,172.31.47.0-255,66,59243,94,383061
27144,0.000464,74.125.130.0-255,1484,60727,94,383061
27145,0.000468,74.125.130.0-255,2902,63629,94,383061
27146,0.00047,172.31.47.0-255,66,63695,94,383061
27147,0.000507,74.125.130.0-255,2850,66545,94,383061
27148,0.00051,172.31.47.0-255,66,66611,94,383061
27149,0.000642,74.125.130.0-255,1484,68095,94,383061
27150,0.000648,74.125.130.0-255,2902,70997,94,383061
27151,0.00065,172.31.47.0-255,66,71063,94,383061
27152,0.000673,74.125.130.0-255,1484,72547,94,383061
27153,0.000678,74.125.130.0-255,2902,75449,94,383061
27154,0.00068,172.31.47.0-255,66,75515,94,383061
27155,0.000704,74.125.130.0-255,2902,78417,94,383061
27156,0.000706,172.31.47.0-255,66,78483,94,383061
27157,0.00072,74.125.130.0-255,2902,81385,94,383061
27158,0.000722,172.31.47.0-255,66,81451,94,383061
27159,0.000727,74.125.130.0-255,2902,84353,94,383061
27160,0.000728,172.31.47.0-255,66,84419,94,383061
27161,0.000733,74.125.130.0-255,4320,88739,94,383061
27162,0.000735,172.31.47.0-255,66,88805,94,383061
27163,0.000754,74.125.130.0-255,4320,93125,94,383061
27164,0.000757,172.31.47.0-255,66,93191,94,383061
27165,0.000782,74.125.130.0-255,4320,97511,94,383061
27166,0.000785,74.125.130.0-255,3602,101113,94,383061
27167,0.000789,172.31.47.0-255,66,101179,94,383061
27168,0.000791,172.31.47.0-255,66,101245,94,383061
27169,0.000916,74.125.130.0-255,1484,102729,94,383061
27170,0.000921,74.125.130.0-255,2902,105631,94,383061
27171,0.000923,172.31.47.0-255,66,105697,94,383061
27172,0.000945,74.125.130.0-255,5738,111435,94,383061
27173,0.000947,172.31.47.0-255,66,111501,94,383061
27174,0.000982,74.125.130.0-255,4320,115821,94,383061
27175,0.000984,172.31.47.0-255,66,115887,94,383061
27176,0.001011,172.31.47.0-255,66,115953,94,383061
27177,0.001036,172.31.47.0-255,66,116019,94,383061
27178,0.001056,74.125.130.0-255,2184,118203,94,383061
27179,0.001058,172.31.47.0-255,66,118269,94,383061
27180,0.001131,74.125.130.0-255,1484,119753,94,383061
27181,0.001147,74.125.130.0-255,1484,121237,94,383061
27182,0.001151,172.31.47.0-255,66,121303,94,383061
27183,0.001164,74.125.130.0-255,1484,122787,94,383061
27184,0.001168,74.125.130.0-255,2902,125689,94,383061
27185,0.00117,172.31.47.0-255,66,125755,94,383061
27186,0.001194,74.125.130.0-255,4320,130075,94,383061
27187,0.001196,172.31.47.0-255,66,130141,94,383061
27188,0.001225,74.125.130.0-255,4320,134461,94,383061
27189,0.001227,172.31.47.0-255,66,134527,94,383061
27190,0.001272,74.125.130.0-255,5738,140265,94,383061
27191,0.001274,172.31.47.0-255,66,140331,94,383061
27192,0.001322,74.125.130.0-255,4320,144651,94,383061
27193,0.001326,172.31.47.0-255,66,144717,94,383061
27194,0.001342,74.125.130.0-255,5738,150455,94,383061
27195,0.001345,172.31.47.0-255,66,150521,94,383061
27196,0.001372,74.125.130.0-255,2184,152705,94,383061
27197,0.001374,172.31.47.0-255,66,152771,94,383061
27198,0.001873,74.125.130.0-255,1484,154255,94,383061
27199,0.001904,74.125.130.0-255,2902,157157,94,383061
27200,0.001908,172.31.47.0-255,66,157223,94,383061
27201,0.001929,74.125.130.0-255,5738,162961,94,383061
27202,0.001931,172.31.47.0-255,66,163027,94,383061
27203,0.001935,74.125.130.0-255,2902,165929,94,383061
27204,0.001937,172.31.47.0-255,66,165995,94,383061
27205,0.001942,74.125.130.0-255,4320,170315,94,383061
27206,0.001944,172.31.47.0-255,66,170381,94,383061
27207,0.001995,74.125.130.0-255,2902,173283,94,383061
27208,0.001999,172.31.47.0-255,66,173349,94,383061
27209,0.002015,74.125.130.0-255,4320,177669,94,383061
27210,0.002018,172.31.47.0-255,66,177735,94,383061
27211,0.002033,74.125.130.0-255,2902,180637,94,383061
27212,0.002035,172.31.47.0-255,66,180703,94,383061
27213,0.00205,74.125.130.0-255,2902,183605,94,383061
27214,0.002053,172.31.47.0-255,66,183671,94,383061
27215,0.002088,74.125.130.0-255,3602,187273,94,383061
27216,0.00209,172.31.47.0-255,66,187339,94,383061
27217,0.004337,74.125.130.0-255,1484,188823,94,383061
27218,0.00437,74.125.130.0-255,1484,190307,94,383061
27219,0.004375,172.31.47.0-255,66,190373,94,383061
27220,0.004393,74.125.130.0-255,2902,193275,94,383061
27221,0.004395,172.31.47.0-255,66,193341,94,383061
27222,0.006663,74.125.130.0-255,2902,196243,94,383061
27223,0.006668,172.31.47.0-255,66,196309,94,383061
27224,0.006688,74.125.130.0-255,2902,199211,94,383061
27225,0.00669,172.31.47.0-255,66,199277,94,383061
27226,0.00896,74.125.130.0-255,2902,202179,94,383061
27227,0.008969,172.31.47.0-255,66,202245,94,383061
27228,0.008991,74.125.130.0-255,2902,205147,94,383061
27229,0.008994,172.31.47.0-255,66,205213,94,383061
27230,0.011269,74.125.130.0-255,5738,210951,94,383061
27231,0.011278,172.31.47.0-255,66,211017,94,383061
27232,0.013577,74.125.130.0-255,5738,216755,94,383061
27233,0.013585,172.31.47.0-255,66,216821,94,383061
27234,0.015899,74.125.130.0-255,5738,222559,94,383061
27235,0.015907,172.31.47.0-255,66,222625,94,383061
27236,0.018221,74.125.130.0-255,5738,228363,94,383061
27237,0.018228,172.31.47.0-255,66,228429,94,383061
27238,0.020524,74.125.130.0-255,5738,234167,94,383061
27239,0.020531,172.31.47.0-255,66,234233,94,383061
27240,0.022819,74.125.130.0-255,2902,237135,94,383061
27241,0.022825,172.31.47.0-255,66,237201,94,383061
27242,0.022844,74.125.130.0-255,2902,240103,94,383061
27243,0.022847,172.31.47.0-255,66,240169,94,383061
27244,0.023555,172.31.47.0-255,172,240341,94,383061
27245,0.023585,172.31.47.0-255,1117,241458,94,383061
27246,0.023631,172.31.47.0-255,1514,242972,94,383061
27247,0.023633,172.31.47.0-255,1287,244259,94,383061
27248,0.025059,104.244.42.0-255,66,244325,94,383061
27249,0.025113,104.244.42.0-255,66,244391,94,383061
27250,0.025119,74.125.130.0-255,2902,247293,94,383061
27251,0.025123,172.31.47.0-255,66,247359,94,383061
27252,0.025145,74.125.130.0-255,2902,250261,94,383061
27253,0.025147,172.31.47.0-255,66,250327,94,383061
27254,0.025167,104.244.42.0-255,66,250393,94,383061
27255,0.027413,74.125.130.0-255,2902,253295,94,383061
27256,0.02742,172.31.47.0-255,66,253361,94,383061
27257,0.027441,74.125.130.0-255,2902,256263,94,383061
27258,0.027444,172.31.47.0-255,66,256329,94,383061
27259,0.029717,74.125.130.0-255,2902,259231,94,383061
27260,0.029723,172.31.47.0-255,66,259297,94,383061
27261,0.029745,74.125.130.0-255,2902,262199,94,383061
27262,0.029747,172.31.47.0-255,66,262265,94,383061
27263,0.032042,74.125.130.0-255,5738,268003,94,383061
27264,0.032048,172.31.47.0-255,66,268069,94,383061
27265,0.034347,74.125.130.0-255,5738,273807,94,383061
27266,0.034353,172.31.47.0-255,66,273873,94,383061
27267,0.036689,74.125.130.0-255,5738,279611,94,383061
27268,0.036696,172.31.47.0-255,66,279677,94,383061
27269,0.039004,74.125.130.0-255,5738,285415,94,383061
27270,0.039009,172.31.47.0-255,66,285481,94,383061
27271,0.041306,74.125.130.0-255,5738,291219,94,383061
27272,0.041312,172.31.47.0-255,66,291285,94,383061
27273,0.043624,74.125.130.0-255,5738,297023,94,383061
27274,0.04363,172.31.47.0-255,66,297089,94,383061
27275,0.04593,74.125.130.0-255,2902,299991,94,383061
27276,0.045936,172.31.47.0-255,66,300057,94,383061
27277,0.045956,74.125.130.0-255,2902,302959,94,383061
27278,0.045959,172.31.47.0-255,66,303025,94,383061
27279,0.048232,74.125.130.0-255,2902,305927,94,383061
27280,0.048239,172.31.47.0-255,66,305993,94,383061
27281,0.048262,74.125.130.0-255,2902,308895,94,383061
27282,0.048264,172.31.47.0-255,66,308961,94,383061
27283,0.05054,74.125.130.0-255,4320,313281,94,383061
27284,0.050546,172.31.47.0-255,66,313347,94,383061
27285,0.050565,74.125.130.0-255,1484,314831,94,383061
27286,0.052881,74.125.130.0-255,4320,319151,94,383061
27287,0.052886,172.31.47.0-255,66,319217,94,383061
27288,0.055185,74.125.130.0-255,5738,324955,94,383061
27289,0.055191,172.31.47.0-255,66,325021,94,383061
27290,0.057509,74.125.130.0-255,5738,330759,94,383061
27291,0.057517,172.31.47.0-255,66,330825,94,383061
27292,0.059835,74.125.130.0-255,5738,336563,94,383061
27293,0.059842,172.31.47.0-255,66,336629,94,383061
27294,0.062169,74.125.130.0-255,5738,342367,94,383061
27295,0.062176,172.31.47.0-255,66,342433,94,383061
27296,0.064475,74.125.130.0-255,5738,348171,94,383061
27297,0.06448,172.31.47.0-255,66,348237,94,383061
27298,0.066803,74.125.130.0-255,5738,353975,94,383061
27299,0.066809,172.31.47.0-255,66,354041,94,383061
27300,0.069114,74.125.130.0-255,5738,359779,94,383061
27301,0.069121,172.31.47.0-255,66,359845,94,383061
27302,0.071412,74.125.130.0-255,5738,365583,94,383061
27303,0.071417,172.31.47.0-255,66,365649,94,383061
27304,0.073717,74.125.130.0-255,5738,371387,94,383061
27305,0.073723,172.31.47.0-255,66,371453,94,383061
27306,0.07603,74.125.130.0-255,5738,377191,94,383061
27307,0.076035,172.31.47.0-255,66,377257,94,383061
27308,0.078341,74.125.130.0-255,5738,382995,94,383061
27309,0.078348,172.31.47.0-255,66,383061,94,383061
27310,0.0,172.31.47.0-255,105,105,94,276
27311,0.001758,157.240.7.0-255,105,210,94,276
27312,0.001769,172.31.47.0-255,66,276,94,276
27313,0.0,172.217.194.0-255,153,153,94,304043
27314,2.4e-05,172.31.47.0-255,66,219,94,304043
27315,3.1e-05,172.217.194.0-255,1484,1703,94,304043
27316,3.5e-05,172.31.47.0-255,66,1769,94,304043
27317,6.3e-05,172.217.194.0-255,2902,4671,94,304043
27318,6.6e-05,172.31.47.0-255,66,4737,94,304043
27319,7.3e-05,172.217.194.0-255,5738,10475,94,304043
27320,7.6e-05,172.31.47.0-255,66,10541,94,304043
27321,8.3e-05,172.217.194.0-255,5738,16279,94,304043
27322,8.5e-05,172.31.47.0-255,66,16345,94,304043
27323,0.000115,172.217.194.0-255,2137,18482,94,304043
27324,0.000117,172.31.47.0-255,66,18548,94,304043
27325,0.000128,172.31.47.0-255,66,18614,94,304043
27326,0.000133,172.217.194.0-255,3961,22575,94,304043
27327,0.000135,172.31.47.0-255,66,22641,94,304043
27328,0.000194,172.217.194.0-255,1484,24125,94,304043
27329,0.000197,172.31.47.0-255,66,24191,94,304043
27330,0.000202,172.217.194.0-255,2902,27093,94,304043
27331,0.000204,172.31.47.0-255,66,27159,94,304043
27332,0.000211,172.217.194.0-255,4320,31479,94,304043
27333,0.000213,172.31.47.0-255,66,31545,94,304043
27334,0.000224,172.217.194.0-255,1484,33029,94,304043
27335,0.000226,172.31.47.0-255,66,33095,94,304043
27336,0.000231,172.217.194.0-255,2902,35997,94,304043
27337,0.000233,172.31.47.0-255,66,36063,94,304043
27338,0.000265,172.31.47.0-255,66,36129,94,304043
27339,0.000272,172.217.194.0-255,7156,43285,94,304043
27340,0.000274,172.31.47.0-255,66,43351,94,304043
27341,0.000296,172.217.194.0-255,3602,46953,94,304043
27342,0.000299,172.31.47.0-255,66,47019,94,304043
27343,0.000317,172.217.194.0-255,339,47358,94,304043
27344,0.000364,172.217.194.0-255,120,47478,94,304043
27345,0.000458,172.217.194.0-255,1484,48962,94,304043
27346,0.000462,172.217.194.0-255,1484,50446,94,304043
27347,0.000476,172.217.194.0-255,1484,51930,94,304043
27348,0.000482,172.217.194.0-255,5738,57668,94,304043
27349,0.000495,172.217.194.0-255,1484,59152,94,304043
27350,0.000514,172.217.194.0-255,7156,66308,94,304043
27351,0.000559,172.217.194.0-255,1484,67792,94,304043
27352,0.000597,172.31.47.0-255,66,67858,94,304043
27353,0.0006,172.217.194.0-255,1484,69342,94,304043
27354,0.000603,172.217.194.0-255,1484,70826,94,304043
27355,0.000609,172.31.47.0-255,66,70892,94,304043
27356,0.000619,172.217.194.0-255,1484,72376,94,304043
27357,0.000625,172.217.194.0-255,5738,78114,94,304043
27358,0.000654,172.217.194.0-255,6518,84632,94,304043
27359,0.000702,172.31.47.0-255,66,84698,94,304043
27360,0.000722,172.217.194.0-255,1484,86182,94,304043
27361,0.000735,172.217.194.0-255,2902,89084,94,304043
27362,0.00074,172.217.194.0-255,4320,93404,94,304043
27363,0.000745,172.31.47.0-255,66,93470,94,304043
27364,0.000759,172.217.194.0-255,1484,94954,94,304043
27365,0.000766,172.217.194.0-255,5738,100692,94,304043
27366,0.00078,172.31.47.0-255,66,100758,94,304043
27367,0.000793,172.217.194.0-255,7156,107914,94,304043
27368,0.000798,172.31.47.0-255,66,107980,94,304043
27369,0.000809,172.217.194.0-255,5738,113718,94,304043
27370,0.000843,172.31.47.0-255,66,113784,94,304043
27371,0.000854,172.217.194.0-255,2570,116354,94,304043
27372,0.00086,172.217.194.0-255,5738,122092,94,304043
27373,0.000866,172.31.47.0-255,66,122158,94,304043
27374,0.0009,172.217.194.0-255,766,122924,94,304043
27375,0.000906,172.31.47.0-255,66,122990,94,304043
27376,0.000995,172.217.194.0-255,1484,124474,94,304043
27377,0.000999,172.217.194.0-255,1484,125958,94,304043
27378,0.001013,172.217.194.0-255,1484,127442,94,304043
27379,0.001017,172.217.194.0-255,2902,130344,94,304043
27380,0.001026,172.31.47.0-255,66,130410,94,304043
27381,0.001034,172.217.194.0-255,2902,133312,94,304043
27382,0.001044,172.31.47.0-255,66,133378,94,304043
27383,0.00105,172.217.194.0-255,4320,137698,94,304043
27384,0.001088,172.31.47.0-255,66,137764,94,304043
27385,0.001107,172.217.194.0-255,5738,143502,94,304043
27386,0.001126,172.217.194.0-255,5020,148522,94,304043
27387,0.001134,172.31.47.0-255,66,148588,94,304043
27388,0.001408,172.217.194.0-255,1484,150072,94,304043
27389,0.001413,172.217.194.0-255,2902,152974,94,304043
27390,0.001438,172.217.194.0-255,5738,158712,94,304043
27391,0.001451,172.31.47.0-255,66,158778,94,304043
27392,0.001464,172.31.47.0-255,66,158844,94,304043
27393,0.001475,172.217.194.0-255,4320,163164,94,304043
27394,0.001483,172.217.194.0-255,7156,170320,94,304043
27395,0.001497,172.217.194.0-255,3602,173922,94,304043
27396,0.001508,172.31.47.0-255,66,173988,94,304043
27397,0.00154,172.217.194.0-255,1484,175472,94,304043
27398,0.001562,172.217.194.0-255,1484,176956,94,304043
27399,0.001573,172.31.47.0-255,66,177022,94,304043
27400,0.001588,172.217.194.0-255,1484,178506,94,304043
27401,0.001594,172.217.194.0-255,4320,182826,94,304043
27402,0.001619,172.31.47.0-255,66,182892,94,304043
27403,0.001687,172.31.47.0-255,66,182958,94,304043
27404,0.001811,172.217.194.0-255,1484,184442,94,304043
27405,0.001817,172.217.194.0-255,2902,187344,94,304043
27406,0.001825,172.31.47.0-255,66,187410,94,304043
27407,0.001842,172.217.194.0-255,5738,193148,94,304043
27408,0.001847,172.217.194.0-255,2902,196050,94,304043
27409,0.001897,172.217.194.0-255,5738,201788,94,304043
27410,0.001911,172.217.194.0-255,4320,206108,94,304043
27411,0.00193,172.31.47.0-255,66,206174,94,304043
27412,0.004252,172.217.194.0-255,5738,211912,94,304043
27413,0.004262,172.31.47.0-255,66,211978,94,304043
27414,0.006555,172.217.194.0-255,5738,217716,94,304043
27415,0.013912,172.217.194.0-255,1484,219200,94,304043
27416,0.014529,172.31.47.0-255,66,219266,94,304043
27417,0.016894,172.217.194.0-255,5738,225004,94,304043
27418,0.016911,172.31.47.0-255,66,225070,94,304043
27419,0.019213,172.217.194.0-255,5738,230808,94,304043
27420,0.019222,172.31.47.0-255,66,230874,94,304043
27421,0.021565,172.217.194.0-255,5738,236612,94,304043
27422,0.025909,172.31.47.0-255,66,236678,94,304043
27423,0.028228,172.217.194.0-255,5738,242416,94,304043
27424,0.028245,172.31.47.0-255,66,242482,94,304043
27425,0.030571,172.217.194.0-255,5738,248220,94,304043
27426,0.030581,172.31.47.0-255,66,248286,94,304043
27427,0.032895,172.217.194.0-255,5738,254024,94,304043
27428,0.032906,172.31.47.0-255,66,254090,94,304043
27429,0.035224,172.217.194.0-255,5738,259828,94,304043
27430,0.035239,172.31.47.0-255,66,259894,94,304043
27431,0.037538,172.217.194.0-255,5738,265632,94,304043
27432,0.037555,172.31.47.0-255,66,265698,94,304043
27433,0.039897,172.217.194.0-255,5738,271436,94,304043
27434,0.039914,172.31.47.0-255,66,271502,94,304043
27435,0.042224,172.217.194.0-255,5738,277240,94,304043
27436,0.04224,172.31.47.0-255,66,277306,94,304043
27437,0.044531,172.217.194.0-255,5738,283044,94,304043
27438,0.044542,172.31.47.0-255,66,283110,94,304043
27439,0.046854,172.217.194.0-255,5738,288848,94,304043
27440,0.046869,172.31.47.0-255,66,288914,94,304043
27441,0.049186,172.217.194.0-255,5738,294652,94,304043
27442,0.049205,172.31.47.0-255,66,294718,94,304043
27443,0.051499,172.217.194.0-255,4800,299518,94,304043
27444,0.051507,172.31.47.0-255,66,299584,94,304043
27445,0.051679,172.31.47.0-255,105,299689,94,304043
27446,0.052089,172.31.47.0-255,172,299861,94,304043
27447,0.052121,172.31.47.0-255,1108,300969,94,304043
27448,0.052182,172.31.47.0-255,1514,302483,94,304043
27449,0.052184,172.31.47.0-255,1296,303779,94,304043
27450,0.053635,104.244.42.0-255,66,303845,94,304043
27451,0.053667,104.244.42.0-255,66,303911,94,304043
27452,0.053767,104.244.42.0-255,66,303977,94,304043
27453,0.053954,172.217.194.0-255,66,304043,94,304043
27454,0.0,172.31.47.0-255,105,105,94,276
27455,0.001191,157.240.13.0-255,105,210,94,276
27456,0.001203,172.31.47.0-255,66,276,94,276
27457,0.0,172.217.194.0-255,153,153,94,214268
27458,2.3e-05,172.31.47.0-255,66,219,94,214268
27459,2.9e-05,172.217.194.0-255,1484,1703,94,214268
27460,3.2e-05,172.31.47.0-255,66,1769,94,214268
27461,3.6e-05,172.217.194.0-255,2902,4671,94,214268
27462,3.8e-05,172.31.47.0-255,66,4737,94,214268
27463,5.6e-05,172.217.194.0-255,2902,7639,94,214268
27464,5.8e-05,172.31.47.0-255,66,7705,94,214268
27465,8.9e-05,172.217.194.0-255,4320,12025,94,214268
27466,9.2e-05,172.31.47.0-255,66,12091,94,214268
27467,9.5e-05,172.217.194.0-255,1987,14078,94,214268
27468,9.7e-05,172.31.47.0-255,66,14144,94,214268
27469,0.000589,172.217.194.0-255,1484,15628,94,214268
27470,0.000595,172.31.47.0-255,66,15694,94,214268
27471,0.000603,172.217.194.0-255,2902,18596,94,214268
27472,0.000605,172.31.47.0-255,66,18662,94,214268
27473,0.000616,172.217.194.0-255,5738,24400,94,214268
27474,0.000619,172.31.47.0-255,66,24466,94,214268
27475,0.000652,172.31.47.0-255,66,24532,94,214268
27476,0.000679,172.217.194.0-255,3961,28493,94,214268
27477,0.000682,172.31.47.0-255,66,28559,94,214268
27478,0.000692,172.31.47.0-255,66,28625,94,214268
27479,0.000733,172.31.47.0-255,66,28691,94,214268
27480,0.000755,172.217.194.0-255,1043,29734,94,214268
27481,0.000758,172.31.47.0-255,66,29800,94,214268
27482,0.000834,172.217.194.0-255,117,29917,94,214268
27483,0.000838,172.31.47.0-255,66,29983,94,214268
27484,0.001077,172.217.194.0-255,1484,31467,94,214268
27485,0.001082,172.31.47.0-255,66,31533,94,214268
27486,0.001101,172.217.194.0-255,2902,34435,94,214268
27487,0.001104,172.31.47.0-255,66,34501,94,214268
27488,0.00111,172.217.194.0-255,5738,40239,94,214268
27489,0.001112,172.31.47.0-255,66,40305,94,214268
27490,0.001116,172.217.194.0-255,2902,43207,94,214268
27491,0.001118,172.31.47.0-255,66,43273,94,214268
27492,0.001147,172.217.194.0-255,4320,47593,94,214268
27493,0.00115,172.31.47.0-255,66,47659,94,214268
27494,0.001156,172.217.194.0-255,5738,53397,94,214268
27495,0.001163,172.31.47.0-255,66,53463,94,214268
27496,0.001201,172.31.47.0-255,66,53529,94,214268
27497,0.001211,172.31.47.0-255,66,53595,94,214268
27498,0.001226,172.31.47.0-255,66,53661,94,214268
27499,0.001292,172.31.47.0-255,66,53727,94,214268
27500,0.001318,172.217.194.0-255,1484,55211,94,214268
27501,0.001334,172.217.194.0-255,2902,58113,94,214268
27502,0.001337,172.31.47.0-255,66,58179,94,214268
27503,0.001357,172.217.194.0-255,5738,63917,94,214268
27504,0.00136,172.31.47.0-255,66,63983,94,214268
27505,0.001383,172.31.47.0-255,66,64049,94,214268
27506,0.001396,172.217.194.0-255,2902,66951,94,214268
27507,0.001403,172.31.47.0-255,66,67017,94,214268
27508,0.001426,172.217.194.0-255,1484,68501,94,214268
27509,0.001429,172.217.194.0-255,1484,69985,94,214268
27510,0.001431,172.31.47.0-255,66,70051,94,214268
27511,0.001441,172.31.47.0-255,66,70117,94,214268
27512,0.001748,172.217.194.0-255,1484,71601,94,214268
27513,0.001754,172.217.194.0-255,2902,74503,94,214268
27514,0.001757,172.31.47.0-255,66,74569,94,214268
27515,0.001762,172.217.194.0-255,4320,78889,94,214268
27516,0.001764,172.31.47.0-255,66,78955,94,214268
27517,0.001793,172.217.194.0-255,1484,80439,94,214268
27518,0.001799,172.217.194.0-255,7156,87595,94,214268
27519,0.001801,172.31.47.0-255,66,87661,94,214268
27520,0.001808,172.217.194.0-255,7156,94817,94,214268
27521,0.00181,172.31.47.0-255,66,94883,94,214268
27522,0.001837,172.217.194.0-255,7156,102039,94,214268
27523,0.00184,172.31.47.0-255,66,102105,94,214268
27524,0.001845,172.217.194.0-255,2184,104289,94,214268
27525,0.001846,172.31.47.0-255,66,104355,94,214268
27526,0.001874,172.217.194.0-255,2902,107257,94,214268
27527,0.001877,172.31.47.0-255,66,107323,94,214268
27528,0.001912,172.217.194.0-255,5738,113061,94,214268
27529,0.001915,172.31.47.0-255,66,113127,94,214268
27530,0.001924,172.31.47.0-255,66,113193,94,214268
27531,0.00196,172.31.47.0-255,66,113259,94,214268
27532,0.001987,172.217.194.0-255,2184,115443,94,214268
27533,0.001992,172.31.47.0-255,66,115509,94,214268
27534,0.001999,172.31.47.0-255,66,115575,94,214268
27535,0.002017,172.217.194.0-255,7156,122731,94,214268
27536,0.002019,172.31.47.0-255,66,122797,94,214268
27537,0.002052,172.217.194.0-255,4320,127117,94,214268
27538,0.002056,172.31.47.0-255,66,127183,94,214268
27539,0.002058,172.217.194.0-255,6438,133621,94,214268
27540,0.00206,172.31.47.0-255,66,133687,94,214268
27541,0.002066,172.217.194.0-255,7156,140843,94,214268
27542,0.002069,172.31.47.0-255,66,140909,94,214268
27543,0.002118,172.217.194.0-255,4320,145229,94,214268
27544,0.002121,172.31.47.0-255,66,145295,94,214268
27545,0.002153,172.217.194.0-255,7156,152451,94,214268
27546,0.002155,172.31.47.0-255,66,152517,94,214268
27547,0.002168,172.31.47.0-255,66,152583,94,214268
27548,0.002173,172.217.194.0-255,2184,154767,94,214268
27549,0.002175,172.31.47.0-255,66,154833,94,214268
27550,0.002387,172.217.194.0-255,1484,156317,94,214268
27551,0.002392,172.217.194.0-255,2902,159219,94,214268
27552,0.002395,172.31.47.0-255,66,159285,94,214268
27553,0.002422,172.217.194.0-255,5738,165023,94,214268
27554,0.002425,172.31.47.0-255,66,165089,94,214268
27555,0.002462,172.31.47.0-255,66,165155,94,214268
27556,0.002487,172.217.194.0-255,1484,166639,94,214268
27557,0.002498,172.31.47.0-255,66,166705,94,214268
27558,0.00252,172.217.194.0-255,1484,168189,94,214268
27559,0.002524,172.217.194.0-255,2902,171091,94,214268
27560,0.002526,172.31.47.0-255,66,171157,94,214268
27561,0.002553,172.217.194.0-255,5738,176895,94,214268
27562,0.002556,172.31.47.0-255,66,176961,94,214268
27563,0.00256,172.217.194.0-255,4320,181281,94,214268
27564,0.002562,172.31.47.0-255,66,181347,94,214268
27565,0.002594,172.31.47.0-255,66,181413,94,214268
27566,0.002605,172.31.47.0-255,66,181479,94,214268
27567,0.002638,172.217.194.0-255,5738,187217,94,214268
27568,0.002641,172.31.47.0-255,66,187283,94,214268
27569,0.002647,172.217.194.0-255,7156,194439,94,214268
27570,0.002649,172.31.47.0-255,66,194505,94,214268
27571,0.002688,172.31.47.0-255,66,194571,94,214268
27572,0.002698,172.217.194.0-255,1484,196055,94,214268
27573,0.002709,172.217.194.0-255,6438,202493,94,214268
27574,0.002712,172.31.47.0-255,66,202559,94,214268
27575,0.002741,172.217.194.0-255,7014,209573,94,214268
27576,0.002744,172.31.47.0-255,66,209639,94,214268
27577,0.002806,172.217.194.0-255,105,209744,94,214268
27578,0.003596,172.31.47.0-255,66,209810,94,214268
27579,0.003619,172.31.47.0-255,105,209915,94,214268
27580,0.006197,172.217.194.0-255,66,209981,94,214268
27581,0.025427,172.31.47.0-255,171,210152,94,214268
27582,0.025457,172.31.47.0-255,1140,211292,94,214268
27583,0.025503,172.31.47.0-255,1514,212806,94,214268
27584,0.025504,172.31.47.0-255,1264,214070,94,214268
27585,0.026987,104.244.42.0-255,66,214136,94,214268
27586,0.027025,104.244.42.0-255,66,214202,94,214268
27587,0.027093,104.244.42.0-255,66,214268,94,214268
27588,0.0,74.125.24.0-255,153,153,94,230244
27589,1.7e-05,172.31.47.0-255,66,219,94,230244
27590,2.4e-05,74.125.24.0-255,1484,1703,94,230244
27591,2.8e-05,172.31.47.0-255,66,1769,94,230244
27592,3.4e-05,74.125.24.0-255,2902,4671,94,230244
27593,3.7e-05,172.31.47.0-255,66,4737,94,230244
27594,4.5e-05,74.125.24.0-255,5738,10475,94,230244
27595,4.8e-05,172.31.47.0-255,66,10541,94,230244
27596,6.7e-05,74.125.24.0-255,1484,12025,94,230244
27597,6.9e-05,172.31.47.0-255,66,12091,94,230244
27598,7.4e-05,74.125.24.0-255,2902,14993,94,230244
27599,7.6e-05,172.31.47.0-255,66,15059,94,230244
27600,0.000101,172.31.47.0-255,66,15125,94,230244
27601,0.000115,74.125.24.0-255,4320,19445,94,230244
27602,0.000117,172.31.47.0-255,66,19511,94,230244
27603,0.000133,74.125.24.0-255,2543,22054,94,230244
27604,0.000136,172.31.47.0-255,66,22120,94,230244
27605,0.000196,74.125.24.0-255,1484,23604,94,230244
27606,0.000199,172.31.47.0-255,66,23670,94,230244
27607,0.000205,74.125.24.0-255,2902,26572,94,230244
27608,0.000207,172.31.47.0-255,66,26638,94,230244
27609,0.00021,74.125.24.0-255,1484,28122,94,230244
27610,0.000212,172.31.47.0-255,66,28188,94,230244
27611,0.000238,74.125.24.0-255,4320,32508,94,230244
27612,0.000241,172.31.47.0-255,66,32574,94,230244
27613,0.00026,74.125.24.0-255,5738,38312,94,230244
27614,0.000262,172.31.47.0-255,66,38378,94,230244
27615,0.000298,172.31.47.0-255,66,38444,94,230244
27616,0.000309,172.31.47.0-255,66,38510,94,230244
27617,0.000332,74.125.24.0-255,1395,39905,94,230244
27618,0.000334,172.31.47.0-255,66,39971,94,230244
27619,0.000428,74.125.24.0-255,134,40105,94,230244
27620,0.000431,172.31.47.0-255,66,40171,94,230244
27621,0.000619,74.125.24.0-255,1484,41655,94,230244
27622,0.000623,172.31.47.0-255,66,41721,94,230244
27623,0.000629,74.125.24.0-255,2902,44623,94,230244
27624,0.000632,172.31.47.0-255,66,44689,94,230244
27625,0.000639,74.125.24.0-255,5738,50427,94,230244
27626,0.000642,172.31.47.0-255,66,50493,94,230244
27627,0.00068,74.125.24.0-255,2902,53395,94,230244
27628,0.000685,172.31.47.0-255,66,53461,94,230244
27629,0.000688,172.31.47.0-255,66,53527,94,230244
27630,0.000699,74.125.24.0-255,5738,59265,94,230244
27631,0.000701,172.31.47.0-255,66,59331,94,230244
27632,0.000736,74.125.24.0-255,2184,61515,94,230244
27633,0.000739,172.31.47.0-255,66,61581,94,230244
27634,0.000759,74.125.24.0-255,2902,64483,94,230244
27635,0.000762,172.31.47.0-255,66,64549,94,230244
27636,0.000786,74.125.24.0-255,7156,71705,94,230244
27637,0.000826,74.125.24.0-255,4320,76025,94,230244
27638,0.000839,172.31.47.0-255,66,76091,94,230244
27639,0.000858,74.125.24.0-255,7156,83247,94,230244
27640,0.0009,172.31.47.0-255,66,83313,94,230244
27641,0.000908,74.125.24.0-255,7156,90469,94,230244
27642,0.000913,172.31.47.0-255,66,90535,94,230244
27643,0.000951,172.31.47.0-255,66,90601,94,230244
27644,0.000967,74.125.24.0-255,1484,92085,94,230244
27645,0.000971,74.125.24.0-255,1484,93569,94,230244
27646,0.00098,172.31.47.0-255,66,93635,94,230244
27647,0.000995,74.125.24.0-255,1484,95119,94,230244
27648,0.001002,74.125.24.0-255,5738,100857,94,230244
27649,0.001018,74.125.24.0-255,7156,108013,94,230244
27650,0.001024,172.31.47.0-255,66,108079,94,230244
27651,0.001034,74.125.24.0-255,5738,113817,94,230244
27652,0.00104,74.125.24.0-255,5738,119555,94,230244
27653,0.001046,172.31.47.0-255,66,119621,94,230244
27654,0.001069,74.125.24.0-255,5020,124641,94,230244
27655,0.001101,172.31.47.0-255,66,124707,94,230244
27656,0.001131,74.125.24.0-255,1484,126191,94,230244
27657,0.001137,74.125.24.0-255,2902,129093,94,230244
27658,0.001142,172.31.47.0-255,66,129159,94,230244
27659,0.001162,74.125.24.0-255,4320,133479,94,230244
27660,0.001172,74.125.24.0-255,1484,134963,94,230244
27661,0.001175,74.125.24.0-255,1484,136447,94,230244
27662,0.001184,172.31.47.0-255,66,136513,94,230244
27663,0.001217,74.125.24.0-255,4320,140833,94,230244
27664,0.001232,74.125.24.0-255,2902,143735,94,230244
27665,0.001247,172.31.47.0-255,66,143801,94,230244
27666,0.001283,74.125.24.0-255,7156,150957,94,230244
27667,0.001295,74.125.24.0-255,2902,153859,94,230244
27668,0.001298,172.31.47.0-255,66,153925,94,230244
27669,0.001308,74.125.24.0-255,5738,159663,94,230244
27670,0.001337,74.125.24.0-255,5738,165401,94,230244
27671,0.001354,172.31.47.0-255,66,165467,94,230244
27672,0.001416,172.31.47.0-255,66,165533,94,230244
27673,0.00143,74.125.24.0-255,5020,170553,94,230244
27674,0.001457,172.31.47.0-255,66,170619,94,230244
27675,0.001477,74.125.24.0-255,1484,172103,94,230244
27676,0.001481,74.125.24.0-255,1484,173587,94,230244
27677,0.001496,74.125.24.0-255,1484,175071,94,230244
27678,0.001502,74.125.24.0-255,5738,180809,94,230244
27679,0.001515,74.125.24.0-255,1484,182293,94,230244
27680,0.001519,172.31.47.0-255,66,182359,94,230244
27681,0.00155,74.125.24.0-255,1484,183843,94,230244
27682,0.001575,172.31.47.0-255,66,183909,94,230244
27683,0.00172,74.125.24.0-255,1484,185393,94,230244
27684,0.001727,74.125.24.0-255,2902,188295,94,230244
27685,0.00174,74.125.24.0-255,4320,192615,94,230244
27686,0.001746,172.31.47.0-255,66,192681,94,230244
27687,0.001765,74.125.24.0-255,1484,194165,94,230244
27688,0.001779,172.31.47.0-255,66,194231,94,230244
27689,0.001828,172.31.47.0-255,66,194297,94,230244
27690,0.002048,74.125.24.0-255,1484,195781,94,230244
27691,0.002069,74.125.24.0-255,2902,198683,94,230244
27692,0.002087,74.125.24.0-255,4320,203003,94,230244
27693,0.002091,172.31.47.0-255,66,203069,94,230244
27694,0.002098,74.125.24.0-255,1484,204553,94,230244
27695,0.0021,74.125.24.0-255,1484,206037,94,230244
27696,0.002114,74.125.24.0-255,5738,211775,94,230244
27697,0.002117,172.31.47.0-255,66,211841,94,230244
27698,0.002128,74.125.24.0-255,1484,213325,94,230244
27699,0.002146,172.31.47.0-255,66,213391,94,230244
27700,0.002162,74.125.24.0-255,5738,219129,94,230244
27701,0.002176,172.31.47.0-255,66,219195,94,230244
27702,0.002199,74.125.24.0-255,1484,220679,94,230244
27703,0.002214,74.125.24.0-255,5828,226507,94,230244
27704,0.002225,172.31.47.0-255,66,226573,94,230244
27705,0.00449,74.125.24.0-255,105,226678,94,230244
27706,0.00899,172.31.47.0-255,66,226744,94,230244
27707,0.009028,172.31.47.0-255,105,226849,94,230244
27708,0.011251,74.125.24.0-255,66,226915,94,230244
27709,0.026762,172.31.47.0-255,172,227087,94,230244
27710,0.026792,172.31.47.0-255,1116,228203,94,230244
27711,0.026854,172.31.47.0-255,1514,229717,94,230244
27712,0.026856,172.31.47.0-255,329,230046,94,230244
27713,0.028321,104.244.42.0-255,66,230112,94,230244
27714,0.028358,104.244.42.0-255,66,230178,94,230244
27715,0.028423,104.244.42.0-255,66,230244,94,230244
27716,0.0,172.31.47.0-255,105,105,94,276
27717,0.067037,31.13.82.0-255,105,210,94,276
27718,0.067055,172.31.47.0-255,66,276,94,276
27719,0.0,172.217.194.0-255,153,153,94,182365
27720,2.3e-05,172.31.47.0-255,66,219,94,182365
27721,3e-05,172.217.194.0-255,1484,1703,94,182365
27722,3.4e-05,172.31.47.0-255,66,1769,94,182365
27723,4.1e-05,172.217.194.0-255,2902,4671,94,182365
27724,5.2e-05,172.31.47.0-255,66,4737,94,182365
27725,6.1e-05,172.217.194.0-255,7156,11893,94,182365
27726,6.4e-05,172.31.47.0-255,66,11959,94,182365
27727,6.8e-05,172.217.194.0-255,2056,14015,94,182365
27728,7.1e-05,172.31.47.0-255,66,14081,94,182365
27729,0.000388,172.217.194.0-255,1484,15565,94,182365
27730,0.000394,172.31.47.0-255,66,15631,94,182365
27731,0.000402,172.217.194.0-255,2902,18533,94,182365
27732,0.000406,172.31.47.0-255,66,18599,94,182365
27733,0.000419,172.217.194.0-255,5738,24337,94,182365
27734,0.000422,172.31.47.0-255,66,24403,94,182365
27735,0.00045,172.217.194.0-255,1484,25887,94,182365
27736,0.000453,172.31.47.0-255,66,25953,94,182365
27737,0.000486,172.217.194.0-255,5379,31332,94,182365
27738,0.000489,172.31.47.0-255,66,31398,94,182365
27739,0.000513,172.217.194.0-255,1484,32882,94,182365
27740,0.000515,172.31.47.0-255,66,32948,94,182365
27741,0.000521,172.217.194.0-255,2902,35850,94,182365
27742,0.000523,172.31.47.0-255,66,35916,94,182365
27743,0.00056,172.217.194.0-255,5738,41654,94,182365
27744,0.000563,172.31.47.0-255,66,41720,94,182365
27745,0.000571,172.217.194.0-255,6797,48517,94,182365
27746,0.000574,172.31.47.0-255,66,48583,94,182365
27747,0.000578,172.217.194.0-255,2902,51485,94,182365
27748,0.00058,172.31.47.0-255,66,51551,94,182365
27749,0.000628,172.31.47.0-255,66,51617,94,182365
27750,0.000633,172.217.194.0-255,2833,54450,94,182365
27751,0.000637,172.217.194.0-255,98,54548,94,182365
27752,0.00066,172.217.194.0-255,1484,56032,94,182365
27753,0.000674,172.217.194.0-255,2902,58934,94,182365
27754,0.000678,172.31.47.0-255,66,59000,94,182365
27755,0.000683,172.31.47.0-255,66,59066,94,182365
27756,0.000704,172.217.194.0-255,4320,63386,94,182365
27757,0.000731,172.217.194.0-255,2902,66288,94,182365
27758,0.000738,172.217.194.0-255,5738,72026,94,182365
27759,0.000764,172.217.194.0-255,1484,73510,94,182365
27760,0.000769,172.217.194.0-255,2481,75991,94,182365
27761,0.000771,172.31.47.0-255,66,76057,94,182365
27762,0.000777,172.31.47.0-255,66,76123,94,182365
27763,0.000939,172.217.194.0-255,1484,77607,94,182365
27764,0.000962,172.217.194.0-255,2902,80509,94,182365
27765,0.000965,172.217.194.0-255,1484,81993,94,182365
27766,0.000978,172.31.47.0-255,66,82059,94,182365
27767,0.000995,172.217.194.0-255,4320,86379,94,182365
27768,0.000999,172.217.194.0-255,4320,90699,94,182365
27769,0.001022,172.31.47.0-255,66,90765,94,182365
27770,0.001066,172.31.47.0-255,66,90831,94,182365
27771,0.001283,172.217.194.0-255,1484,92315,94,182365
27772,0.001289,172.217.194.0-255,2902,95217,94,182365
27773,0.001293,172.217.194.0-255,2902,98119,94,182365
27774,0.001298,172.31.47.0-255,66,98185,94,182365
27775,0.001323,172.217.194.0-255,2902,101087,94,182365
27776,0.00133,172.217.194.0-255,7156,108243,94,182365
27777,0.001348,172.31.47.0-255,66,108309,94,182365
27778,0.001359,172.217.194.0-255,5738,114047,94,182365
27779,0.001374,172.217.194.0-255,766,114813,94,182365
27780,0.001386,172.31.47.0-255,66,114879,94,182365
27781,0.00174,172.217.194.0-255,1484,116363,94,182365
27782,0.001746,172.217.194.0-255,2902,119265,94,182365
27783,0.001749,172.31.47.0-255,66,119331,94,182365
27784,0.001771,172.217.194.0-255,5738,125069,94,182365
27785,0.001776,172.31.47.0-255,66,125135,94,182365
27786,0.001827,172.31.47.0-255,66,125201,94,182365
27787,0.001905,172.217.194.0-255,4320,129521,94,182365
27788,0.001912,172.217.194.0-255,5738,135259,94,182365
27789,0.001915,172.217.194.0-255,2902,138161,94,182365
27790,0.001923,172.31.47.0-255,66,138227,94,182365
27791,0.00196,172.31.47.0-255,66,138293,94,182365
27792,0.001991,172.217.194.0-255,7156,145449,94,182365
27793,0.002034,172.217.194.0-255,2184,147633,94,182365
27794,0.002049,172.31.47.0-255,66,147699,94,182365
27795,0.00208,172.217.194.0-255,5020,152719,94,182365
27796,0.002111,172.31.47.0-255,66,152785,94,182365
27797,0.002148,172.217.194.0-255,4320,157105,94,182365
27798,0.002214,172.31.47.0-255,66,157171,94,182365
27799,0.002272,172.217.194.0-255,4320,161491,94,182365
27800,0.002277,172.31.47.0-255,66,161557,94,182365
27801,0.002335,172.217.194.0-255,5738,167295,94,182365
27802,0.002366,172.217.194.0-255,6438,173733,94,182365
27803,0.002373,172.217.194.0-255,6849,180582,94,182365
27804,0.002383,172.31.47.0-255,66,180648,94,182365
27805,0.004643,172.217.194.0-255,105,180753,94,182365
27806,0.011126,172.31.47.0-255,66,180819,94,182365
27807,0.011168,172.31.47.0-255,105,180924,94,182365
27808,0.013439,172.217.194.0-255,66,180990,94,182365
27809,0.040053,172.31.47.0-255,172,181162,94,182365
27810,0.040087,172.31.47.0-255,1071,182233,94,182365
27811,0.041585,104.244.42.0-255,66,182299,94,182365
27812,0.041672,104.244.42.0-255,66,182365,94,182365
27813,0.0,172.31.47.0-255,66,66,94,66
27814,0.0,172.217.194.0-255,153,153,94,244370
27815,2.9e-05,172.31.47.0-255,66,219,94,244370
27816,3.7e-05,172.217.194.0-255,1484,1703,94,244370
27817,4.1e-05,172.31.47.0-255,66,1769,94,244370
27818,4.7e-05,172.217.194.0-255,2902,4671,94,244370
27819,5.1e-05,172.31.47.0-255,66,4737,94,244370
27820,7.8e-05,172.217.194.0-255,5738,10475,94,244370
27821,8.1e-05,172.31.47.0-255,66,10541,94,244370
27822,9.8e-05,172.217.194.0-255,1484,12025,94,244370
27823,0.000101,172.31.47.0-255,66,12091,94,244370
27824,0.000106,172.217.194.0-255,2161,14252,94,244370
27825,0.000108,172.31.47.0-255,66,14318,94,244370
27826,0.000227,172.217.194.0-255,1484,15802,94,244370
27827,0.000232,172.31.47.0-255,66,15868,94,244370
27828,0.000237,172.217.194.0-255,2902,18770,94,244370
27829,0.000239,172.31.47.0-255,66,18836,94,244370
27830,0.000243,172.217.194.0-255,2902,21738,94,244370
27831,0.000246,172.31.47.0-255,66,21804,94,244370
27832,0.000278,172.217.194.0-255,2902,24706,94,244370
27833,0.000281,172.31.47.0-255,66,24772,94,244370
27834,0.000288,172.217.194.0-255,6797,31569,94,244370
27835,0.00029,172.31.47.0-255,66,31635,94,244370
27836,0.000346,172.217.194.0-255,1484,33119,94,244370
27837,0.00035,172.31.47.0-255,66,33185,94,244370
27838,0.000354,172.217.194.0-255,2902,36087,94,244370
27839,0.000357,172.31.47.0-255,66,36153,94,244370
27840,0.00036,172.217.194.0-255,1484,37637,94,244370
27841,0.000362,172.31.47.0-255,66,37703,94,244370
27842,0.000383,172.217.194.0-255,4320,42023,94,244370
27843,0.000386,172.31.47.0-255,66,42089,94,244370
27844,0.000389,172.217.194.0-255,1484,43573,94,244370
27845,0.000391,172.31.47.0-255,66,43639,94,244370
27846,0.000415,172.31.47.0-255,66,43705,94,244370
27847,0.00042,172.217.194.0-255,4320,48025,94,244370
27848,0.000423,172.31.47.0-255,66,48091,94,244370
27849,0.000448,172.217.194.0-255,5379,53470,94,244370
27850,0.000451,172.31.47.0-255,66,53536,94,244370
27851,0.000454,172.217.194.0-255,342,53878,94,244370
27852,0.000492,172.217.194.0-255,121,53999,94,244370
27853,0.000801,172.31.47.0-255,66,54065,94,244370
27854,0.00091,172.217.194.0-255,377,54442,94,244370
27855,0.001778,172.217.194.0-255,1484,55926,94,244370
27856,0.001784,172.31.47.0-255,66,55992,94,244370
27857,0.001789,172.217.194.0-255,2902,58894,94,244370
27858,0.001791,172.31.47.0-255,66,58960,94,244370
27859,0.001811,172.217.194.0-255,5738,64698,94,244370
27860,0.001813,172.31.47.0-255,66,64764,94,244370
27861,0.00183,172.217.194.0-255,4320,69084,94,244370
27862,0.001832,172.31.47.0-255,66,69150,94,244370
27863,0.001859,172.31.47.0-255,66,69216,94,244370
27864,0.001869,172.31.47.0-255,66,69282,94,244370
27865,0.004464,172.217.194.0-255,5738,75020,94,244370
27866,0.004467,172.31.47.0-255,66,75086,94,244370
27867,0.007054,172.217.194.0-255,5738,80824,94,244370
27868,0.00706,172.31.47.0-255,66,80890,94,244370
27869,0.009673,172.217.194.0-255,5738,86628,94,244370
27870,0.009677,172.31.47.0-255,66,86694,94,244370
27871,0.012315,172.217.194.0-255,5738,92432,94,244370
27872,0.012322,172.31.47.0-255,66,92498,94,244370
27873,0.01494,172.217.194.0-255,5738,98236,94,244370
27874,0.014953,172.31.47.0-255,66,98302,94,244370
27875,0.01757,172.217.194.0-255,5738,104040,94,244370
27876,0.017579,172.31.47.0-255,66,104106,94,244370
27877,0.0202,172.217.194.0-255,5738,109844,94,244370
27878,0.02021,172.31.47.0-255,66,109910,94,244370
27879,0.022207,172.31.47.0-255,172,110082,94,244370
27880,0.022234,172.31.47.0-255,1116,111198,94,244370
27881,0.022264,172.31.47.0-255,1514,112712,94,244370
27882,0.022265,172.31.47.0-255,1288,114000,94,244370
27883,0.022817,172.217.194.0-255,5738,119738,94,244370
27884,0.022823,172.31.47.0-255,66,119804,94,244370
27885,0.023741,104.244.42.0-255,66,119870,94,244370
27886,0.023784,104.244.42.0-255,66,119936,94,244370
27887,0.023844,104.244.42.0-255,66,120002,94,244370
27888,0.025355,104.244.42.0-255,108,120110,94,244370
27889,0.02536,172.31.47.0-255,66,120176,94,244370
27890,0.025425,172.217.194.0-255,5738,125914,94,244370
27891,0.025428,172.31.47.0-255,66,125980,94,244370
27892,0.028022,172.217.194.0-255,5738,131718,94,244370
27893,0.028026,172.31.47.0-255,66,131784,94,244370
27894,0.030652,172.217.194.0-255,2902,134686,94,244370
27895,0.030657,172.31.47.0-255,66,134752,94,244370
27896,0.030686,172.217.194.0-255,2902,137654,94,244370
27897,0.030689,172.31.47.0-255,66,137720,94,244370
27898,0.033268,172.217.194.0-255,1484,139204,94,244370
27899,0.0333,172.217.194.0-255,4320,143524,94,244370
27900,0.033305,172.31.47.0-255,66,143590,94,244370
27901,0.035926,172.217.194.0-255,5738,149328,94,244370
27902,0.035932,172.31.47.0-255,66,149394,94,244370
27903,0.03853,172.217.194.0-255,2902,152296,94,244370
27904,0.038535,172.31.47.0-255,66,152362,94,244370
27905,0.03856,172.217.194.0-255,2902,155264,94,244370
27906,0.038562,172.31.47.0-255,66,155330,94,244370
27907,0.041136,172.217.194.0-255,2902,158232,94,244370
27908,0.041141,172.31.47.0-255,66,158298,94,244370
27909,0.041171,172.217.194.0-255,2902,161200,94,244370
27910,0.041173,172.31.47.0-255,66,161266,94,244370
27911,0.043746,172.217.194.0-255,2902,164168,94,244370
27912,0.043751,172.31.47.0-255,66,164234,94,244370
27913,0.043779,172.217.194.0-255,2902,167136,94,244370
27914,0.043782,172.31.47.0-255,66,167202,94,244370
27915,0.046364,172.217.194.0-255,2902,170104,94,244370
27916,0.046369,172.31.47.0-255,66,170170,94,244370
27917,0.046397,172.217.194.0-255,2902,173072,94,244370
27918,0.0464,172.31.47.0-255,66,173138,94,244370
27919,0.048965,172.217.194.0-255,2902,176040,94,244370
27920,0.048969,172.31.47.0-255,66,176106,94,244370
27921,0.049005,172.217.194.0-255,2902,179008,94,244370
27922,0.049008,172.31.47.0-255,66,179074,94,244370
27923,0.051567,172.217.194.0-255,2902,181976,94,244370
27924,0.051572,172.31.47.0-255,66,182042,94,244370
27925,0.051604,172.217.194.0-255,2902,184944,94,244370
27926,0.051606,172.31.47.0-255,66,185010,94,244370
27927,0.054154,172.217.194.0-255,2902,187912,94,244370
27928,0.054158,172.31.47.0-255,66,187978,94,244370
27929,0.054203,172.217.194.0-255,2902,190880,94,244370
27930,0.054206,172.31.47.0-255,66,190946,94,244370
27931,0.056766,172.217.194.0-255,2902,193848,94,244370
27932,0.056772,172.31.47.0-255,66,193914,94,244370
27933,0.056811,172.217.194.0-255,2902,196816,94,244370
27934,0.056814,172.31.47.0-255,66,196882,94,244370
27935,0.059385,172.217.194.0-255,2902,199784,94,244370
27936,0.05939,172.31.47.0-255,66,199850,94,244370
27937,0.059421,172.217.194.0-255,2902,202752,94,244370
27938,0.059424,172.31.47.0-255,66,202818,94,244370
27939,0.061976,172.217.194.0-255,2902,205720,94,244370
27940,0.06198,172.31.47.0-255,66,205786,94,244370
27941,0.06203,172.217.194.0-255,2902,208688,94,244370
27942,0.062034,172.31.47.0-255,66,208754,94,244370
27943,0.06457,172.217.194.0-255,2902,211656,94,244370
27944,0.064574,172.31.47.0-255,66,211722,94,244370
27945,0.064626,172.217.194.0-255,2902,214624,94,244370
27946,0.064629,172.31.47.0-255,66,214690,94,244370
27947,0.06717,172.217.194.0-255,2902,217592,94,244370
27948,0.067175,172.31.47.0-255,66,217658,94,244370
27949,0.067227,172.217.194.0-255,2902,220560,94,244370
27950,0.067231,172.31.47.0-255,66,220626,94,244370
27951,0.069787,172.217.194.0-255,2902,223528,94,244370
27952,0.069791,172.31.47.0-255,66,223594,94,244370
27953,0.069819,172.217.194.0-255,2902,226496,94,244370
27954,0.069821,172.31.47.0-255,66,226562,94,244370
27955,0.0724,172.217.194.0-255,2902,229464,94,244370
27956,0.072409,172.31.47.0-255,66,229530,94,244370
27957,0.072442,172.217.194.0-255,2902,232432,94,244370
27958,0.072446,172.31.47.0-255,66,232498,94,244370
27959,0.075002,172.217.194.0-255,2902,235400,94,244370
27960,0.075006,172.31.47.0-255,66,235466,94,244370
27961,0.075037,172.217.194.0-255,2902,238368,94,244370
27962,0.075039,172.31.47.0-255,66,238434,94,244370
27963,0.077597,172.217.194.0-255,2902,241336,94,244370
27964,0.077601,172.31.47.0-255,66,241402,94,244370
27965,0.077632,172.217.194.0-255,2902,244304,94,244370
27966,0.077635,172.31.47.0-255,66,244370,94,244370
27967,0.0,172.217.194.0-255,152,152,94,162723
27968,2.9e-05,172.31.47.0-255,66,218,94,162723
27969,3.5e-05,172.217.194.0-255,1484,1702,94,162723
27970,3.9e-05,172.31.47.0-255,66,1768,94,162723
27971,4.3e-05,172.217.194.0-255,2902,4670,94,162723
27972,4.5e-05,172.31.47.0-255,66,4736,94,162723
27973,5.2e-05,172.217.194.0-255,7156,11892,94,162723
27974,5.5e-05,172.31.47.0-255,66,11958,94,162723
27975,5.9e-05,172.217.194.0-255,2089,14047,94,162723
27976,6.1e-05,172.31.47.0-255,66,14113,94,162723
27977,0.000103,172.217.194.0-255,1484,15597,94,162723
27978,0.000105,172.31.47.0-255,66,15663,94,162723
27979,0.000119,172.217.194.0-255,2902,18565,94,162723
27980,0.000122,172.31.47.0-255,66,18631,94,162723
27981,0.000148,172.217.194.0-255,5738,24369,94,162723
27982,0.000151,172.31.47.0-255,66,24435,94,162723
27983,0.000181,172.31.47.0-255,66,24501,94,162723
27984,0.000219,172.31.47.0-255,66,24567,94,162723
27985,0.000239,172.217.194.0-255,1125,25692,94,162723
27986,0.000242,172.31.47.0-255,66,25758,94,162723
27987,0.000253,172.31.47.0-255,66,25824,94,162723
27988,0.000256,172.217.194.0-255,1484,27308,94,162723
27989,0.000258,172.31.47.0-255,66,27374,94,162723
27990,0.000282,172.217.194.0-255,2543,29917,94,162723
27991,0.000285,172.31.47.0-255,66,29983,94,162723
27992,0.000288,172.217.194.0-255,678,30661,94,162723
27993,0.000289,172.31.47.0-255,66,30727,94,162723
27994,0.000478,172.217.194.0-255,1484,32211,94,162723
27995,0.000483,172.31.47.0-255,66,32277,94,162723
27996,0.000486,172.217.194.0-255,1484,33761,94,162723
27997,0.0005,172.217.194.0-255,1484,35245,94,162723
27998,0.000503,172.31.47.0-255,66,35311,94,162723
27999,0.000509,172.217.194.0-255,5738,41049,94,162723
28000,0.000511,172.31.47.0-255,66,41115,94,162723
28001,0.000515,172.217.194.0-255,2902,44017,94,162723
28002,0.000517,172.31.47.0-255,66,44083,94,162723
28003,0.000535,172.217.194.0-255,4320,48403,94,162723
28004,0.000538,172.31.47.0-255,66,48469,94,162723
28005,0.00055,172.31.47.0-255,66,48535,94,162723
28006,0.000567,172.217.194.0-255,1484,50019,94,162723
28007,0.000571,172.217.194.0-255,2184,52203,94,162723
28008,0.000573,172.31.47.0-255,66,52269,94,162723
28009,0.000637,172.217.194.0-255,1484,53753,94,162723
28010,0.000641,172.217.194.0-255,2902,56655,94,162723
28011,0.000644,172.31.47.0-255,66,56721,94,162723
28012,0.000667,172.217.194.0-255,5738,62459,94,162723
28013,0.000673,172.31.47.0-255,66,62525,94,162723
28014,0.000714,172.31.47.0-255,66,62591,94,162723
28015,0.000728,172.217.194.0-255,4320,66911,94,162723
28016,0.000731,172.31.47.0-255,66,66977,94,162723
28017,0.000741,172.31.47.0-255,66,67043,94,162723
28018,0.001204,172.217.194.0-255,1484,68527,94,162723
28019,0.001213,172.217.194.0-255,2902,71429,94,162723
28020,0.001217,172.31.47.0-255,66,71495,94,162723
28021,0.001223,172.217.194.0-255,4320,75815,94,162723
28022,0.001225,172.31.47.0-255,66,75881,94,162723
28023,0.001241,172.217.194.0-255,1484,77365,94,162723
28024,0.001245,172.217.194.0-255,2902,80267,94,162723
28025,0.001248,172.31.47.0-255,66,80333,94,162723
28026,0.001279,172.31.47.0-255,66,80399,94,162723
28027,0.001284,172.217.194.0-255,5738,86137,94,162723
28028,0.001286,172.31.47.0-255,66,86203,94,162723
28029,0.001304,172.217.194.0-255,5020,91223,94,162723
28030,0.001307,172.31.47.0-255,66,91289,94,162723
28031,0.001344,172.31.47.0-255,66,91355,94,162723
28032,0.001358,172.217.194.0-255,4320,95675,94,162723
28033,0.00136,172.31.47.0-255,66,95741,94,162723
28034,0.001394,172.31.47.0-255,66,95807,94,162723
28035,0.001431,172.217.194.0-255,2184,97991,94,162723
28036,0.001435,172.31.47.0-255,66,98057,94,162723
28037,0.00161,172.217.194.0-255,1484,99541,94,162723
28038,0.001616,172.217.194.0-255,2902,102443,94,162723
28039,0.001619,172.31.47.0-255,66,102509,94,162723
28040,0.001625,172.217.194.0-255,5738,108247,94,162723
28041,0.001627,172.31.47.0-255,66,108313,94,162723
28042,0.00163,172.217.194.0-255,1484,109797,94,162723
28043,0.001653,172.217.194.0-255,5738,115535,94,162723
28044,0.001655,172.31.47.0-255,66,115601,94,162723
28045,0.00166,172.217.194.0-255,4320,119921,94,162723
28046,0.001662,172.31.47.0-255,66,119987,94,162723
28047,0.001682,172.31.47.0-255,66,120053,94,162723
28048,0.001698,172.217.194.0-255,2184,122237,94,162723
28049,0.001699,172.31.47.0-255,66,122303,94,162723
28050,0.001794,172.217.194.0-255,1484,123787,94,162723
28051,0.001796,172.217.194.0-255,1484,125271,94,162723
28052,0.001798,172.31.47.0-255,66,125337,94,162723
28053,0.00181,172.217.194.0-255,1484,126821,94,162723
28054,0.001816,172.217.194.0-255,5738,132559,94,162723
28055,0.001818,172.31.47.0-255,66,132625,94,162723
28056,0.001834,172.217.194.0-255,1484,134109,94,162723
28057,0.001863,172.31.47.0-255,66,134175,94,162723
28058,0.00192,172.217.194.0-255,2184,136359,94,162723
28059,0.001981,172.217.194.0-255,2902,139261,94,162723
28060,0.002017,172.217.194.0-255,2902,142163,94,162723
28061,0.002021,172.217.194.0-255,2902,145065,94,162723
28062,0.002115,172.217.194.0-255,4320,149385,94,162723
28063,0.002233,172.217.194.0-255,1484,150869,94,162723
28064,0.002262,172.217.194.0-255,5738,156607,94,162723
28065,0.002344,172.217.194.0-255,1484,158091,94,162723
28066,0.002412,172.217.194.0-255,105,158196,94,162723
28067,0.006392,172.31.47.0-255,66,158262,94,162723
28068,0.008234,172.31.47.0-255,105,158367,94,162723
28069,0.010805,172.217.194.0-255,66,158433,94,162723
28070,0.027474,172.31.47.0-255,172,158605,94,162723
28071,0.027502,172.31.47.0-255,1117,159722,94,162723
28072,0.027548,172.31.47.0-255,1514,161236,94,162723
28073,0.02755,172.31.47.0-255,1289,162525,94,162723
28074,0.028992,104.244.42.0-255,66,162591,94,162723
28075,0.029017,104.244.42.0-255,66,162657,94,162723
28076,0.029065,104.244.42.0-255,66,162723,94,162723
28077,0.0,172.217.194.0-255,298,298,94,306231
28078,3.1e-05,172.31.47.0-255,66,364,94,306231
28079,3.7e-05,172.217.194.0-255,1484,1848,94,306231
28080,4.1e-05,172.31.47.0-255,66,1914,94,306231
28081,4.7e-05,172.217.194.0-255,4320,6234,94,306231
28082,4.9e-05,172.31.47.0-255,66,6300,94,306231
28083,6.8e-05,172.31.47.0-255,66,6366,94,306231
28084,9.6e-05,172.217.194.0-255,395,6761,94,306231
28085,9.9e-05,172.31.47.0-255,66,6827,94,306231
28086,0.00011,172.31.47.0-255,66,6893,94,306231
28087,0.000134,172.217.194.0-255,5379,12272,94,306231
28088,0.000138,172.31.47.0-255,66,12338,94,306231
28089,0.000169,172.217.194.0-255,1484,13822,94,306231
28090,0.000171,172.31.47.0-255,66,13888,94,306231
28091,0.0002,172.217.194.0-255,2902,16790,94,306231
28092,0.000203,172.31.47.0-255,66,16856,94,306231
28093,0.000209,172.217.194.0-255,5738,22594,94,306231
28094,0.000212,172.31.47.0-255,66,22660,94,306231
28095,0.000284,172.31.47.0-255,66,22726,94,306231
28096,0.000316,172.217.194.0-255,5379,28105,94,306231
28097,0.00032,172.31.47.0-255,66,28171,94,306231
28098,0.000336,172.31.47.0-255,66,28237,94,306231
28099,0.000339,172.217.194.0-255,1377,29614,94,306231
28100,0.000341,172.31.47.0-255,66,29680,94,306231
28101,0.000344,172.217.194.0-255,119,29799,94,306231
28102,0.000346,172.31.47.0-255,66,29865,94,306231
28103,0.000349,172.217.194.0-255,1484,31349,94,306231
28104,0.000351,172.31.47.0-255,66,31415,94,306231
28105,0.000356,172.217.194.0-255,2902,34317,94,306231
28106,0.000373,172.31.47.0-255,66,34383,94,306231
28107,0.000383,172.217.194.0-255,5738,40121,94,306231
28108,0.000389,172.31.47.0-255,66,40187,94,306231
28109,0.000403,172.217.194.0-255,1484,41671,94,306231
28110,0.000414,172.217.194.0-255,5379,47050,94,306231
28111,0.00042,172.31.47.0-255,66,47116,94,306231
28112,0.000449,172.217.194.0-255,5738,52854,94,306231
28113,0.000467,172.31.47.0-255,66,52920,94,306231
28114,0.000477,172.217.194.0-255,2278,55198,94,306231
28115,0.000486,172.31.47.0-255,66,55264,94,306231
28116,0.000586,172.217.194.0-255,1484,56748,94,306231
28117,0.000601,172.217.194.0-255,2902,59650,94,306231
28118,0.000618,172.217.194.0-255,5738,65388,94,306231
28119,0.000622,172.31.47.0-255,66,65454,94,306231
28120,0.000654,172.217.194.0-255,2902,68356,94,306231
28121,0.00066,172.31.47.0-255,66,68422,94,306231
28122,0.000667,172.217.194.0-255,3961,72383,94,306231
28123,0.000675,172.31.47.0-255,66,72449,94,306231
28124,0.000844,172.217.194.0-255,1484,73933,94,306231
28125,0.000848,172.217.194.0-255,1484,75417,94,306231
28126,0.000852,172.31.47.0-255,66,75483,94,306231
28127,0.000869,172.217.194.0-255,1484,76967,94,306231
28128,0.000872,172.217.194.0-255,1484,78451,94,306231
28129,0.000883,172.31.47.0-255,66,78517,94,306231
28130,0.000889,172.217.194.0-255,4320,82837,94,306231
28131,0.000894,172.217.194.0-255,4320,87157,94,306231
28132,0.000897,172.31.47.0-255,66,87223,94,306231
28133,0.000925,172.31.47.0-255,66,87289,94,306231
28134,0.000941,172.31.47.0-255,66,87355,94,306231
28135,0.000979,172.217.194.0-255,4320,91675,94,306231
28136,0.000983,172.31.47.0-255,66,91741,94,306231
28137,0.001017,172.217.194.0-255,2902,94643,94,306231
28138,0.00102,172.31.47.0-255,66,94709,94,306231
28139,0.001025,172.31.47.0-255,66,94775,94,306231
28140,0.001032,172.217.194.0-255,5738,100513,94,306231
28141,0.001041,172.31.47.0-255,66,100579,94,306231
28142,0.001082,172.31.47.0-255,66,100645,94,306231
28143,0.001086,172.217.194.0-255,5020,105665,94,306231
28144,0.001086,172.31.47.0-255,66,105731,94,306231
28145,0.001097,172.31.47.0-255,66,105797,94,306231
28146,0.001918,172.217.194.0-255,1484,107281,94,306231
28147,0.001926,172.217.194.0-255,2902,110183,94,306231
28148,0.00193,172.31.47.0-255,66,110249,94,306231
28149,0.001936,172.217.194.0-255,4320,114569,94,306231
28150,0.001956,172.217.194.0-255,1484,116053,94,306231
28151,0.001962,172.217.194.0-255,5738,121791,94,306231
28152,0.002,172.217.194.0-255,1125,122916,94,306231
28153,0.002055,172.217.194.0-255,1484,124400,94,306231
28154,0.002066,172.217.194.0-255,1484,125884,94,306231
28155,0.002078,172.217.194.0-255,1484,127368,94,306231
28156,0.002092,172.217.194.0-255,5738,133106,94,306231
28157,0.002141,172.217.194.0-255,2902,136008,94,306231
28158,0.002155,172.217.194.0-255,3961,139969,94,306231
28159,0.002188,172.217.194.0-255,1484,141453,94,306231
28160,0.002208,172.217.194.0-255,2902,144355,94,306231
28161,0.00221,172.217.194.0-255,1484,145839,94,306231
28162,0.002227,172.217.194.0-255,4320,150159,94,306231
28163,0.002248,172.217.194.0-255,1484,151643,94,306231
28164,0.002261,172.217.194.0-255,5379,157022,94,306231
28165,0.002414,172.217.194.0-255,1484,158506,94,306231
28166,0.002429,172.217.194.0-255,2902,161408,94,306231
28167,0.002432,172.217.194.0-255,1484,162892,94,306231
28168,0.00245,172.217.194.0-255,4320,167212,94,306231
28169,0.00247,172.217.194.0-255,2902,170114,94,306231
28170,0.002503,172.217.194.0-255,1484,171598,94,306231
28171,0.002523,172.217.194.0-255,4320,175918,94,306231
28172,0.002544,172.217.194.0-255,6438,182356,94,306231
28173,0.002607,172.217.194.0-255,1484,183840,94,306231
28174,0.002612,172.217.194.0-255,2902,186742,94,306231
28175,0.002636,172.217.194.0-255,5738,192480,94,306231
28176,0.002639,172.217.194.0-255,1484,193964,94,306231
28177,0.006655,172.31.47.0-255,66,194030,94,306231
28178,0.009264,172.217.194.0-255,5738,199768,94,306231
28179,0.009272,172.31.47.0-255,66,199834,94,306231
28180,0.011868,172.217.194.0-255,5738,205572,94,306231
28181,0.011874,172.31.47.0-255,66,205638,94,306231
28182,0.014489,172.217.194.0-255,4320,209958,94,306231
28183,0.014497,172.31.47.0-255,66,210024,94,306231
28184,0.014531,172.217.194.0-255,1484,211508,94,306231
28185,0.017094,172.217.194.0-255,4320,215828,94,306231
28186,0.017103,172.31.47.0-255,66,215894,94,306231
28187,0.019724,172.217.194.0-255,5738,221632,94,306231
28188,0.019778,172.31.47.0-255,66,221698,94,306231
28189,0.022383,172.217.194.0-255,4320,226018,94,306231
28190,0.022391,172.31.47.0-255,66,226084,94,306231
28191,0.022424,172.217.194.0-255,1484,227568,94,306231
28192,0.024975,172.217.194.0-255,4320,231888,94,306231
28193,0.024982,172.31.47.0-255,66,231954,94,306231
28194,0.027583,172.217.194.0-255,5738,237692,94,306231
28195,0.027629,172.31.47.0-255,66,237758,94,306231
28196,0.030134,172.31.47.0-255,172,237930,94,306231
28197,0.030161,172.31.47.0-255,1118,239048,94,306231
28198,0.03019,172.31.47.0-255,1514,240562,94,306231
28199,0.030192,172.31.47.0-255,1286,241848,94,306231
28200,0.030244,172.217.194.0-255,5738,247586,94,306231
28201,0.030249,172.31.47.0-255,66,247652,94,306231
28202,0.031697,104.244.42.0-255,66,247718,94,306231
28203,0.031704,104.244.42.0-255,66,247784,94,306231
28204,0.031755,104.244.42.0-255,66,247850,94,306231
28205,0.032846,172.217.194.0-255,2902,250752,94,306231
28206,0.03285,172.31.47.0-255,66,250818,94,306231
28207,0.032886,172.217.194.0-255,2902,253720,94,306231
28208,0.032895,172.31.47.0-255,66,253786,94,306231
28209,0.035451,172.217.194.0-255,2902,256688,94,306231
28210,0.035457,172.31.47.0-255,66,256754,94,306231
28211,0.035508,172.217.194.0-255,2902,259656,94,306231
28212,0.035515,172.31.47.0-255,66,259722,94,306231
28213,0.038075,172.217.194.0-255,2902,262624,94,306231
28214,0.03808,172.31.47.0-255,66,262690,94,306231
28215,0.038109,172.217.194.0-255,2902,265592,94,306231
28216,0.038118,172.31.47.0-255,66,265658,94,306231
28217,0.040684,172.217.194.0-255,2902,268560,94,306231
28218,0.04069,172.31.47.0-255,66,268626,94,306231
28219,0.040727,172.217.194.0-255,2902,271528,94,306231
28220,0.040746,172.31.47.0-255,66,271594,94,306231
28221,0.043297,172.217.194.0-255,2902,274496,94,306231
28222,0.043301,172.31.47.0-255,66,274562,94,306231
28223,0.043344,172.217.194.0-255,2902,277464,94,306231
28224,0.043366,172.31.47.0-255,66,277530,94,306231
28225,0.045891,172.217.194.0-255,2902,280432,94,306231
28226,0.045897,172.31.47.0-255,66,280498,94,306231
28227,0.045948,172.217.194.0-255,2902,283400,94,306231
28228,0.045977,172.31.47.0-255,66,283466,94,306231
28229,0.048472,172.217.194.0-255,2902,286368,94,306231
28230,0.048479,172.31.47.0-255,66,286434,94,306231
28231,0.048575,172.217.194.0-255,2902,289336,94,306231
28232,0.048929,172.31.47.0-255,66,289402,94,306231
28233,0.051071,172.217.194.0-255,2902,292304,94,306231
28234,0.05108,172.31.47.0-255,66,292370,94,306231
28235,0.051516,172.217.194.0-255,2902,295272,94,306231
28236,0.051522,172.31.47.0-255,66,295338,94,306231
28237,0.053694,172.217.194.0-255,2902,298240,94,306231
28238,0.0537,172.31.47.0-255,66,298306,94,306231
28239,0.05416,172.217.194.0-255,2902,301208,94,306231
28240,0.054165,172.31.47.0-255,66,301274,94,306231
28241,0.0563,172.217.194.0-255,2902,304176,94,306231
28242,0.056305,172.31.47.0-255,66,304242,94,306231
28243,0.056794,172.217.194.0-255,1752,305994,94,306231
28244,0.0568,172.31.47.0-255,66,306060,94,306231
28245,0.056946,172.31.47.0-255,105,306165,94,306231
28246,0.059517,172.217.194.0-255,66,306231,94,306231
28247,0.0,172.217.194.0-255,153,153,94,202567
28248,2.7e-05,172.31.47.0-255,66,219,94,202567
28249,3.4e-05,172.217.194.0-255,1484,1703,94,202567
28250,3.7e-05,172.31.47.0-255,66,1769,94,202567
28251,4.2e-05,172.217.194.0-255,2902,4671,94,202567
28252,5.1e-05,172.31.47.0-255,66,4737,94,202567
28253,5.8e-05,172.217.194.0-255,7156,11893,94,202567
28254,6e-05,172.31.47.0-255,66,11959,94,202567
28255,6.5e-05,172.217.194.0-255,2065,14024,94,202567
28256,6.7e-05,172.31.47.0-255,66,14090,94,202567
28257,7.1e-05,172.217.194.0-255,1484,15574,94,202567
28258,7.3e-05,172.31.47.0-255,66,15640,94,202567
28259,0.000113,172.31.47.0-255,66,15706,94,202567
28260,0.000124,172.31.47.0-255,66,15772,94,202567
28261,0.000169,172.31.47.0-255,66,15838,94,202567
28262,0.000183,172.31.47.0-255,66,15904,94,202567
28263,0.00021,172.217.194.0-255,3131,19035,94,202567
28264,0.000213,172.31.47.0-255,66,19101,94,202567
28265,0.000281,172.217.194.0-255,1484,20585,94,202567
28266,0.000285,172.31.47.0-255,66,20651,94,202567
28267,0.000289,172.217.194.0-255,2902,23553,94,202567
28268,0.000293,172.31.47.0-255,66,23619,94,202567
28269,0.000303,172.217.194.0-255,4320,27939,94,202567
28270,0.000307,172.31.47.0-255,66,28005,94,202567
28271,0.000337,172.217.194.0-255,1484,29489,94,202567
28272,0.00034,172.31.47.0-255,66,29555,94,202567
28273,0.000356,172.31.47.0-255,66,29621,94,202567
28274,0.000429,172.31.47.0-255,66,29687,94,202567
28275,0.000659,172.217.194.0-255,1484,31171,94,202567
28276,0.000664,172.217.194.0-255,2902,34073,94,202567
28277,0.000667,172.217.194.0-255,1484,35557,94,202567
28278,0.000668,172.31.47.0-255,66,35623,94,202567
28279,0.000679,172.217.194.0-255,4320,39943,94,202567
28280,0.000685,172.31.47.0-255,66,40009,94,202567
28281,0.000729,172.31.47.0-255,66,40075,94,202567
28282,0.000746,172.31.47.0-255,66,40141,94,202567
28283,0.000765,172.217.194.0-255,1484,41625,94,202567
28284,0.000774,172.217.194.0-255,2902,44527,94,202567
28285,0.000784,172.31.47.0-255,66,44593,94,202567
28286,0.000794,172.217.194.0-255,4320,48913,94,202567
28287,0.000798,172.31.47.0-255,66,48979,94,202567
28288,0.000812,172.217.194.0-255,1484,50463,94,202567
28289,0.000816,172.217.194.0-255,1484,51947,94,202567
28290,0.000836,172.31.47.0-255,66,52013,94,202567
28291,0.000838,172.217.194.0-255,4320,56333,94,202567
28292,0.000854,172.31.47.0-255,66,56399,94,202567
28293,0.000856,172.217.194.0-255,2902,59301,94,202567
28294,0.00086,172.31.47.0-255,66,59367,94,202567
28295,0.000884,172.217.194.0-255,4320,63687,94,202567
28296,0.000894,172.31.47.0-255,66,63753,94,202567
28297,0.000911,172.31.47.0-255,66,63819,94,202567
28298,0.000934,172.217.194.0-255,1484,65303,94,202567
28299,0.000938,172.217.194.0-255,2902,68205,94,202567
28300,0.000941,172.217.194.0-255,1484,69689,94,202567
28301,0.000946,172.31.47.0-255,66,69755,94,202567
28302,0.000972,172.217.194.0-255,4320,74075,94,202567
28303,0.000982,172.31.47.0-255,66,74141,94,202567
28304,0.000989,172.217.194.0-255,7156,81297,94,202567
28305,0.000996,172.31.47.0-255,66,81363,94,202567
28306,0.001024,172.217.194.0-255,5738,87101,94,202567
28307,0.001037,172.217.194.0-255,4320,91421,94,202567
28308,0.001039,172.31.47.0-255,66,91487,94,202567
28309,0.001043,172.31.47.0-255,66,91553,94,202567
28310,0.00108,172.217.194.0-255,7156,98709,94,202567
28311,0.001085,172.31.47.0-255,66,98775,94,202567
28312,0.001095,172.217.194.0-255,5738,104513,94,202567
28313,0.0011,172.31.47.0-255,66,104579,94,202567
28314,0.001126,172.217.194.0-255,5020,109599,94,202567
28315,0.001134,172.31.47.0-255,66,109665,94,202567
28316,0.001138,172.31.47.0-255,66,109731,94,202567
28317,0.00117,172.217.194.0-255,2902,112633,94,202567
28318,0.001185,172.31.47.0-255,66,112699,94,202567
28319,0.001202,172.31.47.0-255,66,112765,94,202567
28320,0.00123,172.217.194.0-255,1484,114249,94,202567
28321,0.001258,172.31.47.0-255,66,114315,94,202567
28322,0.001261,172.217.194.0-255,6438,120753,94,202567
28323,0.001263,172.31.47.0-255,66,120819,94,202567
28324,0.001276,172.31.47.0-255,66,120885,94,202567
28325,0.001325,172.217.194.0-255,7156,128041,94,202567
28326,0.001343,172.31.47.0-255,66,128107,94,202567
28327,0.001356,172.217.194.0-255,7156,135263,94,202567
28328,0.001375,172.31.47.0-255,66,135329,94,202567
28329,0.00138,172.31.47.0-255,66,135395,94,202567
28330,0.001407,172.217.194.0-255,1484,136879,94,202567
28331,0.00141,172.217.194.0-255,766,137645,94,202567
28332,0.001415,172.31.47.0-255,66,137711,94,202567
28333,0.001783,172.217.194.0-255,1484,139195,94,202567
28334,0.001789,172.217.194.0-255,2902,142097,94,202567
28335,0.001792,172.31.47.0-255,66,142163,94,202567
28336,0.001797,172.217.194.0-255,4320,146483,94,202567
28337,0.001799,172.31.47.0-255,66,146549,94,202567
28338,0.001818,172.217.194.0-255,1484,148033,94,202567
28339,0.001823,172.217.194.0-255,4320,152353,94,202567
28340,0.001832,172.31.47.0-255,66,152419,94,202567
28341,0.001853,172.217.194.0-255,1484,153903,94,202567
28342,0.001869,172.217.194.0-255,5020,158923,94,202567
28343,0.001872,172.31.47.0-255,66,158989,94,202567
28344,0.001877,172.31.47.0-255,66,159055,94,202567
28345,0.002012,172.217.194.0-255,1484,160539,94,202567
28346,0.003824,172.217.194.0-255,4320,164859,94,202567
28347,0.006264,172.31.47.0-255,66,164925,94,202567
28348,0.008203,172.217.194.0-255,2902,167827,94,202567
28349,0.008209,172.31.47.0-255,66,167893,94,202567
28350,0.008234,172.217.194.0-255,2902,170795,94,202567
28351,0.009283,172.31.47.0-255,66,170861,94,202567
28352,0.010161,172.217.194.0-255,2902,173763,94,202567
28353,0.010168,172.31.47.0-255,66,173829,94,202567
28354,0.011212,172.217.194.0-255,2902,176731,94,202567
28355,0.012243,172.217.194.0-255,2902,179633,94,202567
28356,0.013777,172.31.47.0-255,66,179699,94,202567
28357,0.015703,172.217.194.0-255,5738,185437,94,202567
28358,0.015712,172.31.47.0-255,66,185503,94,202567
28359,0.01767,172.217.194.0-255,5738,191241,94,202567
28360,0.017676,172.31.47.0-255,66,191307,94,202567
28361,0.019646,172.217.194.0-255,5738,197045,94,202567
28362,0.019656,172.31.47.0-255,66,197111,94,202567
28363,0.021606,172.217.194.0-255,3670,200781,94,202567
28364,0.021614,172.31.47.0-255,66,200847,94,202567
28365,0.021815,172.31.47.0-255,105,200952,94,202567
28366,0.023709,172.217.194.0-255,66,201018,94,202567
28367,0.035137,172.31.47.0-255,172,201190,94,202567
28368,0.035169,172.31.47.0-255,1071,202261,94,202567
28369,0.03668,104.244.42.0-255,66,202327,94,202567
28370,0.036719,104.244.42.0-255,66,202393,94,202567
28371,0.040763,104.244.42.0-255,108,202501,94,202567
28372,0.04077,172.31.47.0-255,66,202567,94,202567
28373,0.0,172.217.194.0-255,153,153,94,319096
28374,1.4e-05,172.31.47.0-255,66,219,94,319096
28375,2.2e-05,172.217.194.0-255,1484,1703,94,319096
28376,2.6e-05,172.31.47.0-255,66,1769,94,319096
28377,3.1e-05,172.217.194.0-255,2902,4671,94,319096
28378,3.5e-05,172.31.47.0-255,66,4737,94,319096
28379,6.5e-05,172.217.194.0-255,7156,11893,94,319096
28380,6.8e-05,172.31.47.0-255,66,11959,94,319096
28381,7.4e-05,172.217.194.0-255,3558,15517,94,319096
28382,7.6e-05,172.31.47.0-255,66,15583,94,319096
28383,0.000105,172.217.194.0-255,7156,22739,94,319096
28384,0.000108,172.31.47.0-255,66,22805,94,319096
28385,0.000131,172.217.194.0-255,5738,28543,94,319096
28386,0.000133,172.31.47.0-255,66,28609,94,319096
28387,0.000137,172.217.194.0-255,2543,31152,94,319096
28388,0.000139,172.31.47.0-255,66,31218,94,319096
28389,0.000239,172.217.194.0-255,1484,32702,94,319096
28390,0.000244,172.31.47.0-255,66,32768,94,319096
28391,0.000266,172.217.194.0-255,2902,35670,94,319096
28392,0.000269,172.31.47.0-255,66,35736,94,319096
28393,0.000272,172.217.194.0-255,1484,37220,94,319096
28394,0.000274,172.31.47.0-255,66,37286,94,319096
28395,0.000277,172.217.194.0-255,1484,38770,94,319096
28396,0.000279,172.31.47.0-255,66,38836,94,319096
28397,0.000306,172.217.194.0-255,4320,43156,94,319096
28398,0.000309,172.31.47.0-255,66,43222,94,319096
28399,0.000325,172.217.194.0-255,6797,50019,94,319096
28400,0.000327,172.31.47.0-255,66,50085,94,319096
28401,0.000354,172.217.194.0-255,7156,57241,94,319096
28402,0.000356,172.31.47.0-255,66,57307,94,319096
28403,0.000382,172.31.47.0-255,66,57373,94,319096
28404,0.0004,172.217.194.0-255,119,57492,94,319096
28405,0.000484,172.217.194.0-255,1484,58976,94,319096
28406,0.000488,172.31.47.0-255,66,59042,94,319096
28407,0.000493,172.217.194.0-255,2902,61944,94,319096
28408,0.000496,172.31.47.0-255,66,62010,94,319096
28409,0.0005,172.217.194.0-255,1484,63494,94,319096
28410,0.000522,172.217.194.0-255,4320,67814,94,319096
28411,0.000525,172.31.47.0-255,66,67880,94,319096
28412,0.000538,172.31.47.0-255,66,67946,94,319096
28413,0.000543,172.217.194.0-255,4320,72266,94,319096
28414,0.000545,172.31.47.0-255,66,72332,94,319096
28415,0.000579,172.31.47.0-255,66,72398,94,319096
28416,0.000582,172.217.194.0-255,382,72780,94,319096
28417,0.000606,172.217.194.0-255,1484,74264,94,319096
28418,0.000609,172.31.47.0-255,66,74330,94,319096
28419,0.000614,172.217.194.0-255,4320,78650,94,319096
28420,0.000616,172.31.47.0-255,66,78716,94,319096
28421,0.000637,172.217.194.0-255,7156,85872,94,319096
28422,0.000639,172.31.47.0-255,66,85938,94,319096
28423,0.000667,172.217.194.0-255,5738,91676,94,319096
28424,0.00067,172.31.47.0-255,66,91742,94,319096
28425,0.000696,172.31.47.0-255,66,91808,94,319096
28426,0.000702,172.217.194.0-255,5020,96828,94,319096
28427,0.000704,172.31.47.0-255,66,96894,94,319096
28428,0.000727,172.217.194.0-255,1484,98378,94,319096
28429,0.000747,172.217.194.0-255,2902,101280,94,319096
28430,0.00075,172.31.47.0-255,66,101346,94,319096
28431,0.000756,172.217.194.0-255,5738,107084,94,319096
28432,0.000759,172.31.47.0-255,66,107150,94,319096
28433,0.000814,172.217.194.0-255,5738,112888,94,319096
28434,0.000831,172.31.47.0-255,66,112954,94,319096
28435,0.000863,172.217.194.0-255,7156,120110,94,319096
28436,0.000866,172.31.47.0-255,66,120176,94,319096
28437,0.000878,172.31.47.0-255,66,120242,94,319096
28438,0.001243,172.217.194.0-255,1484,121726,94,319096
28439,0.001271,172.217.194.0-255,2902,124628,94,319096
28440,0.001276,172.31.47.0-255,66,124694,94,319096
28441,0.001283,172.217.194.0-255,5738,130432,94,319096
28442,0.001285,172.31.47.0-255,66,130498,94,319096
28443,0.001296,172.31.47.0-255,66,130564,94,319096
28444,0.001318,172.217.194.0-255,1484,132048,94,319096
28445,0.001339,172.217.194.0-255,7156,139204,94,319096
28446,0.001342,172.31.47.0-255,66,139270,94,319096
28447,0.001363,172.217.194.0-255,6438,145708,94,319096
28448,0.001366,172.31.47.0-255,66,145774,94,319096
28449,0.001873,172.217.194.0-255,1484,147258,94,319096
28450,0.001878,172.217.194.0-255,1484,148742,94,319096
28451,0.001881,172.31.47.0-255,66,148808,94,319096
28452,0.0019,172.217.194.0-255,1484,150292,94,319096
28453,0.001907,172.217.194.0-255,5738,156030,94,319096
28454,0.001911,172.31.47.0-255,66,156096,94,319096
28455,0.001931,172.31.47.0-255,66,156162,94,319096
28456,0.001944,172.217.194.0-255,4320,160482,94,319096
28457,0.001946,172.31.47.0-255,66,160548,94,319096
28458,0.001958,172.31.47.0-255,66,160614,94,319096
28459,0.002006,172.217.194.0-255,1484,162098,94,319096
28460,0.002011,172.217.194.0-255,2902,165000,94,319096
28461,0.002014,172.31.47.0-255,66,165066,94,319096
28462,0.002037,172.217.194.0-255,5738,170804,94,319096
28463,0.00204,172.31.47.0-255,66,170870,94,319096
28464,0.002047,172.217.194.0-255,5738,176608,94,319096
28465,0.002049,172.31.47.0-255,66,176674,94,319096
28466,0.002089,172.31.47.0-255,66,176740,94,319096
28467,0.002103,172.217.194.0-255,1484,178224,94,319096
28468,0.00211,172.217.194.0-255,5020,183244,94,319096
28469,0.002112,172.31.47.0-255,66,183310,94,319096
28470,0.002181,172.217.194.0-255,1484,184794,94,319096
28471,0.002186,172.217.194.0-255,2902,187696,94,319096
28472,0.00219,172.31.47.0-255,66,187762,94,319096
28473,0.002196,172.217.194.0-255,4320,192082,94,319096
28474,0.002198,172.31.47.0-255,66,192148,94,319096
28475,0.002209,172.217.194.0-255,1484,193632,94,319096
28476,0.002226,172.217.194.0-255,7156,200788,94,319096
28477,0.002231,172.31.47.0-255,66,200854,94,319096
28478,0.00225,172.217.194.0-255,5738,206592,94,319096
28479,0.002253,172.31.47.0-255,66,206658,94,319096
28480,0.002265,172.31.47.0-255,66,206724,94,319096
28481,0.002293,172.217.194.0-255,1484,208208,94,319096
28482,0.004538,172.217.194.0-255,4320,212528,94,319096
28483,0.00455,172.31.47.0-255,66,212594,94,319096
28484,0.006806,172.217.194.0-255,5738,218332,94,319096
28485,0.006813,172.31.47.0-255,66,218398,94,319096
28486,0.009088,172.217.194.0-255,5738,224136,94,319096
28487,0.009097,172.31.47.0-255,66,224202,94,319096
28488,0.011404,172.217.194.0-255,5738,229940,94,319096
28489,0.011416,172.31.47.0-255,66,230006,94,319096
28490,0.01374,172.217.194.0-255,5738,235744,94,319096
28491,0.013752,172.31.47.0-255,66,235810,94,319096
28492,0.016052,172.217.194.0-255,5738,241548,94,319096
28493,0.016059,172.31.47.0-255,66,241614,94,319096
28494,0.018332,172.217.194.0-255,5738,247352,94,319096
28495,0.018341,172.31.47.0-255,66,247418,94,319096
28496,0.020625,172.217.194.0-255,5738,253156,94,319096
28497,0.020638,172.31.47.0-255,66,253222,94,319096
28498,0.022913,172.217.194.0-255,5738,258960,94,319096
28499,0.022921,172.31.47.0-255,66,259026,94,319096
28500,0.025215,172.217.194.0-255,5738,264764,94,319096
28501,0.025224,172.31.47.0-255,66,264830,94,319096
28502,0.027519,172.217.194.0-255,2902,267732,94,319096
28503,0.027524,172.31.47.0-255,66,267798,94,319096
28504,0.027543,172.217.194.0-255,2902,270700,94,319096
28505,0.027546,172.31.47.0-255,66,270766,94,319096
28506,0.029782,172.217.194.0-255,2902,273668,94,319096
28507,0.029793,172.31.47.0-255,66,273734,94,319096
28508,0.029813,172.217.194.0-255,2902,276636,94,319096
28509,0.029816,172.31.47.0-255,66,276702,94,319096
28510,0.032057,172.217.194.0-255,2902,279604,94,319096
28511,0.032065,172.31.47.0-255,66,279670,94,319096
28512,0.032085,172.217.194.0-255,2902,282572,94,319096
28513,0.032087,172.31.47.0-255,66,282638,94,319096
28514,0.034327,172.217.194.0-255,2902,285540,94,319096
28515,0.034332,172.31.47.0-255,66,285606,94,319096
28516,0.034361,172.217.194.0-255,2902,288508,94,319096
28517,0.034364,172.31.47.0-255,66,288574,94,319096
28518,0.034973,172.31.47.0-255,172,288746,94,319096
28519,0.035001,172.31.47.0-255,1111,289857,94,319096
28520,0.035053,172.31.47.0-255,1514,291371,94,319096
28521,0.035054,172.31.47.0-255,1293,292664,94,319096
28522,0.036505,104.244.42.0-255,66,292730,94,319096
28523,0.036513,104.244.42.0-255,66,292796,94,319096
28524,0.036592,172.217.194.0-255,2902,295698,94,319096
28525,0.036597,172.31.47.0-255,66,295764,94,319096
28526,0.036616,104.244.42.0-255,66,295830,94,319096
28527,0.036634,172.217.194.0-255,2902,298732,94,319096
28528,0.036637,172.31.47.0-255,66,298798,94,319096
28529,0.038888,172.217.194.0-255,5738,304536,94,319096
28530,0.038895,172.31.47.0-255,66,304602,94,319096
28531,0.041162,172.217.194.0-255,5738,310340,94,319096
28532,0.041181,172.31.47.0-255,66,310406,94,319096
28533,0.04345,172.217.194.0-255,5738,316144,94,319096
28534,0.043457,172.31.47.0-255,66,316210,94,319096
28535,0.045742,172.217.194.0-255,2649,318859,94,319096
28536,0.045748,172.31.47.0-255,66,318925,94,319096
28537,0.045895,172.31.47.0-255,105,319030,94,319096
28538,0.048137,172.217.194.0-255,66,319096,94,319096
28539,0.0,74.125.24.0-255,153,153,94,336951
28540,3.1e-05,172.31.47.0-255,66,219,94,336951
28541,3.8e-05,74.125.24.0-255,1484,1703,94,336951
28542,4.1e-05,172.31.47.0-255,66,1769,94,336951
28543,4.5e-05,74.125.24.0-255,2902,4671,94,336951
28544,4.7e-05,172.31.47.0-255,66,4737,94,336951
28545,5.9e-05,74.125.24.0-255,7156,11893,94,336951
28546,6.1e-05,172.31.47.0-255,66,11959,94,336951
28547,8.3e-05,74.125.24.0-255,2131,14090,94,336951
28548,8.5e-05,172.31.47.0-255,66,14156,94,336951
28549,0.000108,74.125.24.0-255,2902,17058,94,336951
28550,0.000111,172.31.47.0-255,66,17124,94,336951
28551,0.000141,74.125.24.0-255,5738,22862,94,336951
28552,0.000144,172.31.47.0-255,66,22928,94,336951
28553,0.000167,74.125.24.0-255,1484,24412,94,336951
28554,0.00017,172.31.47.0-255,66,24478,94,336951
28555,0.000196,74.125.24.0-255,6797,31275,94,336951
28556,0.000199,172.31.47.0-255,66,31341,94,336951
28557,0.000293,74.125.24.0-255,1484,32825,94,336951
28558,0.000298,172.31.47.0-255,66,32891,94,336951
28559,0.000302,74.125.24.0-255,2902,35793,94,336951
28560,0.000305,172.31.47.0-255,66,35859,94,336951
28561,0.000333,74.125.24.0-255,5738,41597,94,336951
28562,0.000337,172.31.47.0-255,66,41663,94,336951
28563,0.000343,74.125.24.0-255,6797,48460,94,336951
28564,0.000345,172.31.47.0-255,66,48526,94,336951
28565,0.000392,74.125.24.0-255,1484,50010,94,336951
28566,0.000396,172.31.47.0-255,66,50076,94,336951
28567,0.000429,74.125.24.0-255,2902,52978,94,336951
28568,0.000434,74.125.24.0-255,5738,58716,94,336951
28569,0.000435,172.31.47.0-255,66,58782,94,336951
28570,0.000439,74.125.24.0-255,5738,64520,94,336951
28571,0.000438,172.31.47.0-255,66,64586,94,336951
28572,0.000441,172.31.47.0-255,66,64652,94,336951
28573,0.000456,74.125.24.0-255,1457,66109,94,336951
28574,0.000459,74.125.24.0-255,107,66216,94,336951
28575,0.000461,172.31.47.0-255,66,66282,94,336951
28576,0.000508,74.125.24.0-255,335,66617,94,336951
28577,0.000871,172.31.47.0-255,66,66683,94,336951
28578,0.000875,74.125.24.0-255,1484,68167,94,336951
28579,0.000881,74.125.24.0-255,2902,71069,94,336951
28580,0.000883,172.31.47.0-255,66,71135,94,336951
28581,0.000894,74.125.24.0-255,5738,76873,94,336951
28582,0.000896,172.31.47.0-255,66,76939,94,336951
28583,0.000919,74.125.24.0-255,4320,81259,94,336951
28584,0.000921,172.31.47.0-255,66,81325,94,336951
28585,0.000957,172.31.47.0-255,66,81391,94,336951
28586,0.000967,172.31.47.0-255,66,81457,94,336951
28587,0.001269,74.125.24.0-255,1484,82941,94,336951
28588,0.001275,74.125.24.0-255,2902,85843,94,336951
28589,0.001278,172.31.47.0-255,66,85909,94,336951
28590,0.001284,74.125.24.0-255,4320,90229,94,336951
28591,0.001285,172.31.47.0-255,66,90295,94,336951
28592,0.0013,74.125.24.0-255,1484,91779,94,336951
28593,0.001305,74.125.24.0-255,5738,97517,94,336951
28594,0.001311,172.31.47.0-255,66,97583,94,336951
28595,0.001342,172.31.47.0-255,66,97649,94,336951
28596,0.001373,74.125.24.0-255,5020,102669,94,336951
28597,0.001377,172.31.47.0-255,66,102735,94,336951
28598,0.002203,74.125.24.0-255,1484,104219,94,336951
28599,0.002222,74.125.24.0-255,2902,107121,94,336951
28600,0.002225,172.31.47.0-255,66,107187,94,336951
28601,0.00223,74.125.24.0-255,5738,112925,94,336951
28602,0.002232,172.31.47.0-255,66,112991,94,336951
28603,0.002237,74.125.24.0-255,5738,118729,94,336951
28604,0.002243,172.31.47.0-255,66,118795,94,336951
28605,0.002263,74.125.24.0-255,5738,124533,94,336951
28606,0.002264,172.31.47.0-255,66,124599,94,336951
28607,0.002291,74.125.24.0-255,7156,131755,94,336951
28608,0.002293,172.31.47.0-255,66,131821,94,336951
28609,0.002298,74.125.24.0-255,5020,136841,94,336951
28610,0.002299,172.31.47.0-255,66,136907,94,336951
28611,0.00454,74.125.24.0-255,5738,142645,94,336951
28612,0.004543,172.31.47.0-255,66,142711,94,336951
28613,0.006843,74.125.24.0-255,5738,148449,94,336951
28614,0.006848,172.31.47.0-255,66,148515,94,336951
28615,0.00911,74.125.24.0-255,5738,154253,94,336951
28616,0.009116,172.31.47.0-255,66,154319,94,336951
28617,0.011389,74.125.24.0-255,5738,160057,94,336951
28618,0.011397,172.31.47.0-255,66,160123,94,336951
28619,0.01367,74.125.24.0-255,5738,165861,94,336951
28620,0.013683,172.31.47.0-255,66,165927,94,336951
28621,0.015974,74.125.24.0-255,5738,171665,94,336951
28622,0.015985,172.31.47.0-255,66,171731,94,336951
28623,0.018257,74.125.24.0-255,5738,177469,94,336951
28624,0.018265,172.31.47.0-255,66,177535,94,336951
28625,0.020505,74.125.24.0-255,5738,183273,94,336951
28626,0.020511,172.31.47.0-255,66,183339,94,336951
28627,0.021885,172.31.47.0-255,172,183511,94,336951
28628,0.021913,172.31.47.0-255,1116,184627,94,336951
28629,0.021941,172.31.47.0-255,1514,186141,94,336951
28630,0.021943,172.31.47.0-255,1290,187431,94,336951
28631,0.022767,74.125.24.0-255,5738,193169,94,336951
28632,0.022771,172.31.47.0-255,66,193235,94,336951
28633,0.023411,104.244.42.0-255,66,193301,94,336951
28634,0.023431,104.244.42.0-255,66,193367,94,336951
28635,0.023477,104.244.42.0-255,66,193433,94,336951
28636,0.025026,74.125.24.0-255,4320,197753,94,336951
28637,0.02503,172.31.47.0-255,66,197819,94,336951
28638,0.025059,74.125.24.0-255,1484,199303,94,336951
28639,0.027423,74.125.24.0-255,4320,203623,94,336951
28640,0.027428,172.31.47.0-255,66,203689,94,336951
28641,0.029671,74.125.24.0-255,2902,206591,94,336951
28642,0.029676,172.31.47.0-255,66,206657,94,336951
28643,0.029693,74.125.24.0-255,2902,209559,94,336951
28644,0.029695,172.31.47.0-255,66,209625,94,336951
28645,0.031945,74.125.24.0-255,5738,215363,94,336951
28646,0.03195,172.31.47.0-255,66,215429,94,336951
28647,0.034219,74.125.24.0-255,5738,221167,94,336951
28648,0.034225,172.31.47.0-255,66,221233,94,336951
28649,0.036491,74.125.24.0-255,5738,226971,94,336951
28650,0.036494,172.31.47.0-255,66,227037,94,336951
28651,0.038755,74.125.24.0-255,5738,232775,94,336951
28652,0.038761,172.31.47.0-255,66,232841,94,336951
28653,0.040995,74.125.24.0-255,2902,235743,94,336951
28654,0.041,172.31.47.0-255,66,235809,94,336951
28655,0.041036,74.125.24.0-255,2902,238711,94,336951
28656,0.041039,172.31.47.0-255,66,238777,94,336951
28657,0.043241,74.125.24.0-255,2902,241679,94,336951
28658,0.043245,172.31.47.0-255,66,241745,94,336951
28659,0.04328,74.125.24.0-255,2902,244647,94,336951
28660,0.043283,172.31.47.0-255,66,244713,94,336951
28661,0.045494,74.125.24.0-255,2902,247615,94,336951
28662,0.045499,172.31.47.0-255,66,247681,94,336951
28663,0.045529,74.125.24.0-255,2902,250583,94,336951
28664,0.045532,172.31.47.0-255,66,250649,94,336951
28665,0.047738,74.125.24.0-255,2902,253551,94,336951
28666,0.047742,172.31.47.0-255,66,253617,94,336951
28667,0.047775,74.125.24.0-255,2902,256519,94,336951
28668,0.047778,172.31.47.0-255,66,256585,94,336951
28669,0.049993,74.125.24.0-255,2902,259487,94,336951
28670,0.049998,172.31.47.0-255,66,259553,94,336951
28671,0.050027,74.125.24.0-255,2902,262455,94,336951
28672,0.05003,172.31.47.0-255,66,262521,94,336951
28673,0.052233,74.125.24.0-255,2902,265423,94,336951
28674,0.052237,172.31.47.0-255,66,265489,94,336951
28675,0.052278,74.125.24.0-255,2902,268391,94,336951
28676,0.052281,172.31.47.0-255,66,268457,94,336951
28677,0.05447,74.125.24.0-255,2902,271359,94,336951
28678,0.054474,172.31.47.0-255,66,271425,94,336951
28679,0.054522,74.125.24.0-255,2902,274327,94,336951
28680,0.054525,172.31.47.0-255,66,274393,94,336951
28681,0.056723,74.125.24.0-255,1484,275877,94,336951
28682,0.05677,74.125.24.0-255,2902,278779,94,336951
28683,0.056775,172.31.47.0-255,66,278845,94,336951
28684,0.056816,74.125.24.0-255,1484,280329,94,336951
28685,0.059031,74.125.24.0-255,4320,284649,94,336951
28686,0.059037,172.31.47.0-255,66,284715,94,336951
28687,0.061276,74.125.24.0-255,5738,290453,94,336951
28688,0.061281,172.31.47.0-255,66,290519,94,336951
28689,0.063532,74.125.24.0-255,5738,296257,94,336951
28690,0.063537,172.31.47.0-255,66,296323,94,336951
28691,0.065789,74.125.24.0-255,5738,302061,94,336951
28692,0.065794,172.31.47.0-255,66,302127,94,336951
28693,0.068063,74.125.24.0-255,5738,307865,94,336951
28694,0.068068,172.31.47.0-255,66,307931,94,336951
28695,0.070322,74.125.24.0-255,5738,313669,94,336951
28696,0.070329,172.31.47.0-255,66,313735,94,336951
28697,0.072573,74.125.24.0-255,5738,319473,94,336951
28698,0.072578,172.31.47.0-255,66,319539,94,336951
28699,0.074823,74.125.24.0-255,5738,325277,94,336951
28700,0.074829,172.31.47.0-255,66,325343,94,336951
28701,0.07708,74.125.24.0-255,5738,331081,94,336951
28702,0.077085,172.31.47.0-255,66,331147,94,336951
28703,0.079324,74.125.24.0-255,5738,336885,94,336951
28704,0.07933,172.31.47.0-255,66,336951,94,336951
28705,0.0,172.31.47.0-255,105,105,94,276
28706,0.078637,31.13.82.0-255,105,210,94,276
28707,0.078656,172.31.47.0-255,66,276,94,276
28708,0.0,172.217.194.0-255,153,153,94,336944
28709,1.9e-05,172.31.47.0-255,66,219,94,336944
28710,2.6e-05,172.217.194.0-255,1484,1703,94,336944
28711,3e-05,172.31.47.0-255,66,1769,94,336944
28712,3.5e-05,172.217.194.0-255,2902,4671,94,336944
28713,4.8e-05,172.31.47.0-255,66,4737,94,336944
28714,5.5e-05,172.217.194.0-255,7156,11893,94,336944
28715,5.9e-05,172.31.47.0-255,66,11959,94,336944
28716,6.2e-05,172.217.194.0-255,2012,13971,94,336944
28717,6.5e-05,172.31.47.0-255,66,14037,94,336944
28718,0.000102,172.217.194.0-255,1484,15521,94,336944
28719,0.000105,172.31.47.0-255,66,15587,94,336944
28720,0.00011,172.217.194.0-255,2902,18489,94,336944
28721,0.000112,172.31.47.0-255,66,18555,94,336944
28722,0.000146,172.217.194.0-255,4320,22875,94,336944
28723,0.000148,172.31.47.0-255,66,22941,94,336944
28724,0.000169,172.217.194.0-255,1484,24425,94,336944
28725,0.000171,172.31.47.0-255,66,24491,94,336944
28726,0.000178,172.217.194.0-255,6797,31288,94,336944
28727,0.00018,172.31.47.0-255,66,31354,94,336944
28728,0.000296,172.217.194.0-255,1484,32838,94,336944
28729,0.0003,172.31.47.0-255,66,32904,94,336944
28730,0.000317,172.217.194.0-255,2902,35806,94,336944
28731,0.00032,172.31.47.0-255,66,35872,94,336944
28732,0.000324,172.217.194.0-255,2902,38774,94,336944
28733,0.000326,172.31.47.0-255,66,38840,94,336944
28734,0.000355,172.217.194.0-255,2902,41742,94,336944
28735,0.000357,172.31.47.0-255,66,41808,94,336944
28736,0.000365,172.217.194.0-255,6797,48605,94,336944
28737,0.000367,172.31.47.0-255,66,48671,94,336944
28738,0.000685,172.217.194.0-255,1484,50155,94,336944
28739,0.000689,172.31.47.0-255,66,50221,94,336944
28740,0.000693,172.217.194.0-255,1484,51705,94,336944
28741,0.000712,172.217.194.0-255,1484,53189,94,336944
28742,0.000714,172.31.47.0-255,66,53255,94,336944
28743,0.00072,172.217.194.0-255,5738,58993,94,336944
28744,0.000722,172.31.47.0-255,66,59059,94,336944
28745,0.000727,172.217.194.0-255,5738,64797,94,336944
28746,0.000729,172.31.47.0-255,66,64863,94,336944
28747,0.000752,172.217.194.0-255,1125,65988,94,336944
28748,0.000754,172.217.194.0-255,646,66634,94,336944
28749,0.000756,172.31.47.0-255,66,66700,94,336944
28750,0.001258,172.217.194.0-255,1484,68184,94,336944
28751,0.001266,172.217.194.0-255,2902,71086,94,336944
28752,0.00127,172.31.47.0-255,66,71152,94,336944
28753,0.001277,172.217.194.0-255,5738,76890,94,336944
28754,0.001279,172.31.47.0-255,66,76956,94,336944
28755,0.001313,172.31.47.0-255,66,77022,94,336944
28756,0.001343,172.217.194.0-255,1484,78506,94,336944
28757,0.001353,172.31.47.0-255,66,78572,94,336944
28758,0.001892,172.217.194.0-255,1484,80056,94,336944
28759,0.001912,172.217.194.0-255,2902,82958,94,336944
28760,0.001916,172.31.47.0-255,66,83024,94,336944
28761,0.001922,172.217.194.0-255,5738,88762,94,336944
28762,0.001931,172.31.47.0-255,66,88828,94,336944
28763,0.001937,172.217.194.0-255,4320,93148,94,336944
28764,0.001939,172.31.47.0-255,66,93214,94,336944
28765,0.001971,172.31.47.0-255,66,93280,94,336944
28766,0.001976,172.217.194.0-255,4320,97600,94,336944
28767,0.001978,172.31.47.0-255,66,97666,94,336944
28768,0.002008,172.217.194.0-255,6438,104104,94,336944
28769,0.00201,172.31.47.0-255,66,104170,94,336944
28770,0.003987,172.217.194.0-255,5738,109908,94,336944
28771,0.003991,172.31.47.0-255,66,109974,94,336944
28772,0.005977,172.217.194.0-255,5738,115712,94,336944
28773,0.005985,172.31.47.0-255,66,115778,94,336944
28774,0.007973,172.217.194.0-255,5738,121516,94,336944
28775,0.00798,172.31.47.0-255,66,121582,94,336944
28776,0.010004,172.217.194.0-255,5738,127320,94,336944
28777,0.010012,172.31.47.0-255,66,127386,94,336944
28778,0.011987,172.217.194.0-255,5738,133124,94,336944
28779,0.011997,172.31.47.0-255,66,133190,94,336944
28780,0.013988,172.217.194.0-255,5738,138928,94,336944
28781,0.013995,172.31.47.0-255,66,138994,94,336944
28782,0.015963,172.217.194.0-255,5738,144732,94,336944
28783,0.015971,172.31.47.0-255,66,144798,94,336944
28784,0.01795,172.217.194.0-255,5738,150536,94,336944
28785,0.017956,172.31.47.0-255,66,150602,94,336944
28786,0.019968,172.217.194.0-255,5738,156340,94,336944
28787,0.019975,172.31.47.0-255,66,156406,94,336944
28788,0.021955,172.217.194.0-255,5738,162144,94,336944
28789,0.02196,172.31.47.0-255,66,162210,94,336944
28790,0.023937,172.217.194.0-255,5738,167948,94,336944
28791,0.023943,172.31.47.0-255,66,168014,94,336944
28792,0.024047,172.31.47.0-255,172,168186,94,336944
28793,0.024071,172.31.47.0-255,1118,169304,94,336944
28794,0.024123,172.31.47.0-255,1514,170818,94,336944
28795,0.024124,172.31.47.0-255,1514,172332,94,336944
28796,0.024126,172.31.47.0-255,1514,173846,94,336944
28797,0.024127,172.31.47.0-255,1514,175360,94,336944
28798,0.024128,172.31.47.0-255,160,175520,94,336944
28799,0.025623,104.244.42.0-255,66,175586,94,336944
28800,0.02566,104.244.42.0-255,66,175652,94,336944
28801,0.02571,104.244.42.0-255,66,175718,94,336944
28802,0.025721,104.244.42.0-255,66,175784,94,336944
28803,0.02596,172.217.194.0-255,5738,181522,94,336944
28804,0.025966,172.31.47.0-255,66,181588,94,336944
28805,0.02795,172.217.194.0-255,5738,187326,94,336944
28806,0.027955,172.31.47.0-255,66,187392,94,336944
28807,0.029938,172.217.194.0-255,5738,193130,94,336944
28808,0.029944,172.31.47.0-255,66,193196,94,336944
28809,0.031934,172.217.194.0-255,5738,198934,94,336944
28810,0.03194,172.31.47.0-255,66,199000,94,336944
28811,0.033954,172.217.194.0-255,5738,204738,94,336944
28812,0.03396,172.31.47.0-255,66,204804,94,336944
28813,0.035944,172.217.194.0-255,5738,210542,94,336944
28814,0.035949,172.31.47.0-255,66,210608,94,336944
28815,0.037945,172.217.194.0-255,5738,216346,94,336944
28816,0.037954,172.31.47.0-255,66,216412,94,336944
28817,0.040005,172.217.194.0-255,5738,222150,94,336944
28818,0.040015,172.31.47.0-255,66,222216,94,336944
28819,0.041981,172.217.194.0-255,5738,227954,94,336944
28820,0.04199,172.31.47.0-255,66,228020,94,336944
28821,0.044001,172.217.194.0-255,5738,233758,94,336944
28822,0.044008,172.31.47.0-255,66,233824,94,336944
28823,0.045978,172.217.194.0-255,5738,239562,94,336944
28824,0.045986,172.31.47.0-255,66,239628,94,336944
28825,0.047975,172.217.194.0-255,5738,245366,94,336944
28826,0.047983,172.31.47.0-255,66,245432,94,336944
28827,0.04995,172.217.194.0-255,5738,251170,94,336944
28828,0.049957,172.31.47.0-255,66,251236,94,336944
28829,0.051941,172.217.194.0-255,5738,256974,94,336944
28830,0.051947,172.31.47.0-255,66,257040,94,336944
28831,0.053955,172.217.194.0-255,5738,262778,94,336944
28832,0.053962,172.31.47.0-255,66,262844,94,336944
28833,0.055946,172.217.194.0-255,5738,268582,94,336944
28834,0.055952,172.31.47.0-255,66,268648,94,336944
28835,0.057938,172.217.194.0-255,5738,274386,94,336944
28836,0.057944,172.31.47.0-255,66,274452,94,336944
28837,0.059963,172.217.194.0-255,5738,280190,94,336944
28838,0.059969,172.31.47.0-255,66,280256,94,336944
28839,0.061972,172.217.194.0-255,5738,285994,94,336944
28840,0.061978,172.31.47.0-255,66,286060,94,336944
28841,0.063969,172.217.194.0-255,5738,291798,94,336944
28842,0.063975,172.31.47.0-255,66,291864,94,336944
28843,0.065979,172.217.194.0-255,5738,297602,94,336944
28844,0.065985,172.31.47.0-255,66,297668,94,336944
28845,0.067982,172.217.194.0-255,5738,303406,94,336944
28846,0.067988,172.31.47.0-255,66,303472,94,336944
28847,0.069967,172.217.194.0-255,5738,309210,94,336944
28848,0.069973,172.31.47.0-255,66,309276,94,336944
28849,0.071959,172.217.194.0-255,4320,313596,94,336944
28850,0.071965,172.31.47.0-255,66,313662,94,336944
28851,0.071988,172.217.194.0-255,1484,315146,94,336944
28852,0.073978,172.217.194.0-255,4320,319466,94,336944
28853,0.073984,172.31.47.0-255,66,319532,94,336944
28854,0.075989,172.217.194.0-255,5738,325270,94,336944
28855,0.075995,172.31.47.0-255,66,325336,94,336944
28856,0.077981,172.217.194.0-255,5738,331074,94,336944
28857,0.077986,172.31.47.0-255,66,331140,94,336944
28858,0.079983,172.217.194.0-255,5738,336878,94,336944
28859,0.079989,172.31.47.0-255,66,336944,94,336944
28860,0.0,74.125.24.0-255,153,153,94,277827
28861,1.5e-05,172.31.47.0-255,66,219,94,277827
28862,2.3e-05,74.125.24.0-255,1484,1703,94,277827
28863,2.8e-05,172.31.47.0-255,66,1769,94,277827
28864,3.4e-05,74.125.24.0-255,2902,4671,94,277827
28865,3.7e-05,172.31.47.0-255,66,4737,94,277827
28866,4.2e-05,74.125.24.0-255,2902,7639,94,277827
28867,4.4e-05,172.31.47.0-255,66,7705,94,277827
28868,7.7e-05,74.125.24.0-255,4320,12025,94,277827
28869,8e-05,172.31.47.0-255,66,12091,94,277827
28870,0.000101,74.125.24.0-255,2256,14347,94,277827
28871,0.000103,172.31.47.0-255,66,14413,94,277827
28872,0.00013,74.125.24.0-255,1484,15897,94,277827
28873,0.000132,172.31.47.0-255,66,15963,94,277827
28874,0.000153,74.125.24.0-255,2902,18865,94,277827
28875,0.000155,172.31.47.0-255,66,18931,94,277827
28876,0.000162,74.125.24.0-255,5738,24669,94,277827
28877,0.000164,172.31.47.0-255,66,24735,94,277827
28878,0.000192,74.125.24.0-255,6797,31532,94,277827
28879,0.000194,172.31.47.0-255,66,31598,94,277827
28880,0.00023,74.125.24.0-255,1484,33082,94,277827
28881,0.000232,172.31.47.0-255,66,33148,94,277827
28882,0.000246,74.125.24.0-255,2902,36050,94,277827
28883,0.000249,172.31.47.0-255,66,36116,94,277827
28884,0.00027,74.125.24.0-255,1484,37600,94,277827
28885,0.000272,172.31.47.0-255,66,37666,94,277827
28886,0.000292,74.125.24.0-255,2902,40568,94,277827
28887,0.000295,172.31.47.0-255,66,40634,94,277827
28888,0.000301,74.125.24.0-255,5738,46372,94,277827
28889,0.000304,172.31.47.0-255,66,46438,94,277827
28890,0.00033,74.125.24.0-255,2543,48981,94,277827
28891,0.000333,172.31.47.0-255,66,49047,94,277827
28892,0.000375,74.125.24.0-255,2902,51949,94,277827
28893,0.000379,172.31.47.0-255,66,52015,94,277827
28894,0.000382,74.125.24.0-255,1484,53499,94,277827
28895,0.000399,74.125.24.0-255,2902,56401,94,277827
28896,0.000401,172.31.47.0-255,66,56467,94,277827
28897,0.000409,74.125.24.0-255,7156,63623,94,277827
28898,0.000411,172.31.47.0-255,66,63689,94,277827
28899,0.000432,74.125.24.0-255,1484,65173,94,277827
28900,0.000451,74.125.24.0-255,1420,66593,94,277827
28901,0.000454,172.31.47.0-255,66,66659,94,277827
28902,0.000916,74.125.24.0-255,384,67043,94,277827
28903,0.001072,74.125.24.0-255,1484,68527,94,277827
28904,0.001077,74.125.24.0-255,2902,71429,94,277827
28905,0.001083,172.31.47.0-255,66,71495,94,277827
28906,0.001087,172.31.47.0-255,66,71561,94,277827
28907,0.001097,74.125.24.0-255,4320,75881,94,277827
28908,0.0011,172.31.47.0-255,66,75947,94,277827
28909,0.001114,74.125.24.0-255,1484,77431,94,277827
28910,0.001145,74.125.24.0-255,6797,84228,94,277827
28911,0.001148,172.31.47.0-255,66,84294,94,277827
28912,0.001171,74.125.24.0-255,1484,85778,94,277827
28913,0.001186,74.125.24.0-255,5738,91516,94,277827
28914,0.001189,172.31.47.0-255,66,91582,94,277827
28915,0.001218,172.31.47.0-255,66,91648,94,277827
28916,0.001508,74.125.24.0-255,1484,93132,94,277827
28917,0.001523,74.125.24.0-255,2902,96034,94,277827
28918,0.001526,172.31.47.0-255,66,96100,94,277827
28919,0.001549,74.125.24.0-255,1484,97584,94,277827
28920,0.001569,74.125.24.0-255,2902,100486,94,277827
28921,0.001571,172.31.47.0-255,66,100552,94,277827
28922,0.001577,74.125.24.0-255,5738,106290,94,277827
28923,0.001579,172.31.47.0-255,66,106356,94,277827
28924,0.001582,74.125.24.0-255,1484,107840,94,277827
28925,0.001602,74.125.24.0-255,4320,112160,94,277827
28926,0.001604,172.31.47.0-255,66,112226,94,277827
28927,0.00161,74.125.24.0-255,5738,117964,94,277827
28928,0.001612,172.31.47.0-255,66,118030,94,277827
28929,0.001634,74.125.24.0-255,7156,125186,94,277827
28930,0.001636,172.31.47.0-255,66,125252,94,277827
28931,0.001639,74.125.24.0-255,766,126018,94,277827
28932,0.00169,74.125.24.0-255,1484,127502,94,277827
28933,0.001693,172.31.47.0-255,66,127568,94,277827
28934,0.001698,74.125.24.0-255,2902,130470,94,277827
28935,0.001699,172.31.47.0-255,66,130536,94,277827
28936,0.001734,74.125.24.0-255,4320,134856,94,277827
28937,0.001738,172.31.47.0-255,66,134922,94,277827
28938,0.001746,74.125.24.0-255,4320,139242,94,277827
28939,0.001748,172.31.47.0-255,66,139308,94,277827
28940,0.001758,74.125.24.0-255,1484,140792,94,277827
28941,0.001761,74.125.24.0-255,1484,142276,94,277827
28942,0.001763,172.31.47.0-255,66,142342,94,277827
28943,0.00179,172.31.47.0-255,66,142408,94,277827
28944,0.001799,172.31.47.0-255,66,142474,94,277827
28945,0.001904,74.125.24.0-255,1484,143958,94,277827
28946,0.001918,74.125.24.0-255,2902,146860,94,277827
28947,0.001921,172.31.47.0-255,66,146926,94,277827
28948,0.001926,74.125.24.0-255,2902,149828,94,277827
28949,0.001927,172.31.47.0-255,66,149894,94,277827
28950,0.00194,74.125.24.0-255,2902,152796,94,277827
28951,0.001942,172.31.47.0-255,66,152862,94,277827
28952,0.001947,74.125.24.0-255,4320,157182,94,277827
28953,0.001949,172.31.47.0-255,66,157248,94,277827
28954,0.001985,172.31.47.0-255,66,157314,94,277827
28955,0.001989,74.125.24.0-255,2902,160216,94,277827
28956,0.001992,172.31.47.0-255,66,160282,94,277827
28957,0.002015,74.125.24.0-255,5020,165302,94,277827
28958,0.002018,172.31.47.0-255,66,165368,94,277827
28959,0.002127,74.125.24.0-255,1484,166852,94,277827
28960,0.002143,74.125.24.0-255,2902,169754,94,277827
28961,0.002145,172.31.47.0-255,66,169820,94,277827
28962,0.00215,74.125.24.0-255,2902,172722,94,277827
28963,0.002151,172.31.47.0-255,66,172788,94,277827
28964,0.002166,74.125.24.0-255,2902,175690,94,277827
28965,0.002169,172.31.47.0-255,66,175756,94,277827
28966,0.002188,74.125.24.0-255,4320,180076,94,277827
28967,0.00219,172.31.47.0-255,66,180142,94,277827
28968,0.002216,172.31.47.0-255,66,180208,94,277827
28969,0.002221,74.125.24.0-255,4320,184528,94,277827
28970,0.002223,172.31.47.0-255,66,184594,94,277827
28971,0.002258,74.125.24.0-255,6438,191032,94,277827
28972,0.002261,172.31.47.0-255,66,191098,94,277827
28973,0.002349,74.125.24.0-255,1484,192582,94,277827
28974,0.002362,74.125.24.0-255,2902,195484,94,277827
28975,0.002364,172.31.47.0-255,66,195550,94,277827
28976,0.002386,74.125.24.0-255,5738,201288,94,277827
28977,0.002389,172.31.47.0-255,66,201354,94,277827
28978,0.002435,74.125.24.0-255,5738,207092,94,277827
28979,0.002438,172.31.47.0-255,66,207158,94,277827
28980,0.002456,74.125.24.0-255,7156,214314,94,277827
28981,0.002458,172.31.47.0-255,66,214380,94,277827
28982,0.002471,172.31.47.0-255,66,214446,94,277827
28983,0.002475,74.125.24.0-255,2902,217348,94,277827
28984,0.002477,172.31.47.0-255,66,217414,94,277827
28985,0.00248,74.125.24.0-255,1484,218898,94,277827
28986,0.002527,172.31.47.0-255,66,218964,94,277827
28987,0.002536,172.31.47.0-255,66,219030,94,277827
28988,0.002554,74.125.24.0-255,1484,220514,94,277827
28989,0.002566,74.125.24.0-255,2902,223416,94,277827
28990,0.002568,172.31.47.0-255,66,223482,94,277827
28991,0.002589,172.31.47.0-255,66,223548,94,277827
28992,0.002619,74.125.24.0-255,7156,230704,94,277827
28993,0.002622,172.31.47.0-255,66,230770,94,277827
28994,0.002628,74.125.24.0-255,7156,237926,94,277827
28995,0.002629,172.31.47.0-255,66,237992,94,277827
28996,0.002654,172.31.47.0-255,66,238058,94,277827
28997,0.002659,74.125.24.0-255,5738,243796,94,277827
28998,0.002662,172.31.47.0-255,66,243862,94,277827
28999,0.002664,74.125.24.0-255,1484,245346,94,277827
29000,0.00267,74.125.24.0-255,5738,251084,94,277827
29001,0.002673,172.31.47.0-255,66,251150,94,277827
29002,0.002705,172.31.47.0-255,66,251216,94,277827
29003,0.002708,74.125.24.0-255,1484,252700,94,277827
29004,0.002718,172.31.47.0-255,66,252766,94,277827
29005,0.002721,74.125.24.0-255,1484,254250,94,277827
29006,0.002723,74.125.24.0-255,1484,255734,94,277827
29007,0.002725,172.31.47.0-255,66,255800,94,277827
29008,0.002741,74.125.24.0-255,2902,258702,94,277827
29009,0.002743,172.31.47.0-255,66,258768,94,277827
29010,0.002763,74.125.24.0-255,5738,264506,94,277827
29011,0.002765,172.31.47.0-255,66,264572,94,277827
29012,0.0028,172.31.47.0-255,66,264638,94,277827
29013,0.002805,74.125.24.0-255,4320,268958,94,277827
29014,0.002807,172.31.47.0-255,66,269024,94,277827
29015,0.002809,74.125.24.0-255,687,269711,94,277827
29016,0.002839,74.125.24.0-255,105,269816,94,277827
29017,0.008252,172.31.47.0-255,66,269882,94,277827
29018,0.008296,172.31.47.0-255,105,269987,94,277827
29019,0.010886,74.125.24.0-255,66,270053,94,277827
29020,0.028791,172.31.47.0-255,172,270225,94,277827
29021,0.028816,172.31.47.0-255,1112,271337,94,277827
29022,0.028873,172.31.47.0-255,1514,272851,94,277827
29023,0.028874,172.31.47.0-255,1514,274365,94,277827
29024,0.028879,172.31.47.0-255,1514,275879,94,277827
29025,0.02888,172.31.47.0-255,1514,277393,94,277827
29026,0.028898,172.31.47.0-255,170,277563,94,277827
29027,0.030284,104.244.42.0-255,66,277629,94,277827
29028,0.030304,104.244.42.0-255,66,277695,94,277827
29029,0.030375,104.244.42.0-255,66,277761,94,277827
29030,0.03038,104.244.42.0-255,66,277827,94,277827
29031,0.0,74.125.68.0-255,146,146,94,352206
29032,2.4e-05,172.31.47.0-255,66,212,94,352206
29033,3.1e-05,74.125.68.0-255,1484,1696,94,352206
29034,3.5e-05,172.31.47.0-255,66,1762,94,352206
29035,4.1e-05,74.125.68.0-255,2902,4664,94,352206
29036,4.4e-05,172.31.47.0-255,66,4730,94,352206
29037,4.7e-05,74.125.68.0-255,1484,6214,94,352206
29038,5.1e-05,172.31.47.0-255,66,6280,94,352206
29039,5.6e-05,74.125.68.0-255,2902,9182,94,352206
29040,5.8e-05,172.31.47.0-255,66,9248,94,352206
29041,8.5e-05,74.125.68.0-255,2902,12150,94,352206
29042,8.8e-05,172.31.47.0-255,66,12216,94,352206
29043,9.3e-05,74.125.68.0-255,2100,14316,94,352206
29044,9.5e-05,172.31.47.0-255,66,14382,94,352206
29045,0.000226,74.125.68.0-255,1484,15866,94,352206
29046,0.000229,172.31.47.0-255,66,15932,94,352206
29047,0.000235,74.125.68.0-255,2902,18834,94,352206
29048,0.000238,172.31.47.0-255,66,18900,94,352206
29049,0.000242,74.125.68.0-255,2902,21802,94,352206
29050,0.000244,172.31.47.0-255,66,21868,94,352206
29051,0.000248,74.125.68.0-255,2902,24770,94,352206
29052,0.00025,172.31.47.0-255,66,24836,94,352206
29053,0.000267,74.125.68.0-255,1484,26320,94,352206
29054,0.000269,172.31.47.0-255,66,26386,94,352206
29055,0.000285,74.125.68.0-255,1484,27870,94,352206
29056,0.000288,172.31.47.0-255,66,27936,94,352206
29057,0.000321,172.31.47.0-255,66,28002,94,352206
29058,0.000327,74.125.68.0-255,5738,33740,94,352206
29059,0.00033,172.31.47.0-255,66,33806,94,352206
29060,0.000344,74.125.68.0-255,4320,38126,94,352206
29061,0.000346,172.31.47.0-255,66,38192,94,352206
29062,0.000357,172.31.47.0-255,66,38258,94,352206
29063,0.000372,74.125.68.0-255,1484,39742,94,352206
29064,0.000389,74.125.68.0-255,2902,42644,94,352206
29065,0.000391,172.31.47.0-255,66,42710,94,352206
29066,0.000418,74.125.68.0-255,6734,49444,94,352206
29067,0.000421,172.31.47.0-255,66,49510,94,352206
29068,0.000463,74.125.68.0-255,380,49890,94,352206
29069,0.000595,74.125.68.0-255,1484,51374,94,352206
29070,0.0006,172.31.47.0-255,66,51440,94,352206
29071,0.000605,74.125.68.0-255,2902,54342,94,352206
29072,0.000608,172.31.47.0-255,66,54408,94,352206
29073,0.000638,74.125.68.0-255,5738,60146,94,352206
29074,0.000641,172.31.47.0-255,66,60212,94,352206
29075,0.000654,74.125.68.0-255,1484,61696,94,352206
29076,0.000681,172.31.47.0-255,66,61762,94,352206
29077,0.000688,74.125.68.0-255,5738,67500,94,352206
29078,0.000691,172.31.47.0-255,66,67566,94,352206
29079,0.00073,74.125.68.0-255,5020,72586,94,352206
29080,0.000733,172.31.47.0-255,66,72652,94,352206
29081,0.000906,74.125.68.0-255,1484,74136,94,352206
29082,0.000912,74.125.68.0-255,1484,75620,94,352206
29083,0.000915,172.31.47.0-255,66,75686,94,352206
29084,0.000934,74.125.68.0-255,1484,77170,94,352206
29085,0.000939,74.125.68.0-255,4320,81490,94,352206
29086,0.000942,172.31.47.0-255,66,81556,94,352206
29087,0.000968,172.31.47.0-255,66,81622,94,352206
29088,0.000971,74.125.68.0-255,1484,83106,94,352206
29089,0.00101,74.125.68.0-255,5738,88844,94,352206
29090,0.001013,172.31.47.0-255,66,88910,94,352206
29091,0.001024,172.31.47.0-255,66,88976,94,352206
29092,0.001027,74.125.68.0-255,766,89742,94,352206
29093,0.00103,74.125.68.0-255,1484,91226,94,352206
29094,0.001032,172.31.47.0-255,66,91292,94,352206
29095,0.001066,74.125.68.0-255,1484,92776,94,352206
29096,0.001088,74.125.68.0-255,2902,95678,94,352206
29097,0.001091,172.31.47.0-255,66,95744,94,352206
29098,0.001103,172.31.47.0-255,66,95810,94,352206
29099,0.00111,74.125.68.0-255,5738,101548,94,352206
29100,0.001112,172.31.47.0-255,66,101614,94,352206
29101,0.001141,74.125.68.0-255,5738,107352,94,352206
29102,0.001143,172.31.47.0-255,66,107418,94,352206
29103,0.001149,74.125.68.0-255,4320,111738,94,352206
29104,0.001152,172.31.47.0-255,66,111804,94,352206
29105,0.001181,74.125.68.0-255,2184,113988,94,352206
29106,0.001184,172.31.47.0-255,66,114054,94,352206
29107,0.001749,74.125.68.0-255,1484,115538,94,352206
29108,0.001757,74.125.68.0-255,2902,118440,94,352206
29109,0.001763,172.31.47.0-255,66,118506,94,352206
29110,0.001799,74.125.68.0-255,2902,121408,94,352206
29111,0.001801,172.31.47.0-255,66,121474,94,352206
29112,0.001818,74.125.68.0-255,1484,122958,94,352206
29113,0.001825,74.125.68.0-255,2902,125860,94,352206
29114,0.001827,172.31.47.0-255,66,125926,94,352206
29115,0.001844,74.125.68.0-255,2902,128828,94,352206
29116,0.001846,172.31.47.0-255,66,128894,94,352206
29117,0.00185,74.125.68.0-255,1484,130378,94,352206
29118,0.001879,172.31.47.0-255,66,130444,94,352206
29119,0.001904,74.125.68.0-255,1484,131928,94,352206
29120,0.00192,74.125.68.0-255,4320,136248,94,352206
29121,0.001923,172.31.47.0-255,66,136314,94,352206
29122,0.001939,74.125.68.0-255,2184,138498,94,352206
29123,0.001942,172.31.47.0-255,66,138564,94,352206
29124,0.003958,74.125.68.0-255,2902,141466,94,352206
29125,0.003964,172.31.47.0-255,66,141532,94,352206
29126,0.003984,74.125.68.0-255,2902,144434,94,352206
29127,0.003988,172.31.47.0-255,66,144500,94,352206
29128,0.006017,74.125.68.0-255,4320,148820,94,352206
29129,0.006023,172.31.47.0-255,66,148886,94,352206
29130,0.006043,74.125.68.0-255,1484,150370,94,352206
29131,0.008072,74.125.68.0-255,4320,154690,94,352206
29132,0.008078,172.31.47.0-255,66,154756,94,352206
29133,0.010123,74.125.68.0-255,5738,160494,94,352206
29134,0.010133,172.31.47.0-255,66,160560,94,352206
29135,0.012179,74.125.68.0-255,5738,166298,94,352206
29136,0.012187,172.31.47.0-255,66,166364,94,352206
29137,0.014226,74.125.68.0-255,5738,172102,94,352206
29138,0.014234,172.31.47.0-255,66,172168,94,352206
29139,0.016279,74.125.68.0-255,5738,177906,94,352206
29140,0.016285,172.31.47.0-255,66,177972,94,352206
29141,0.018341,74.125.68.0-255,5738,183710,94,352206
29142,0.018349,172.31.47.0-255,66,183776,94,352206
29143,0.020408,74.125.68.0-255,5738,189514,94,352206
29144,0.020419,172.31.47.0-255,66,189580,94,352206
29145,0.022462,74.125.68.0-255,5738,195318,94,352206
29146,0.022471,172.31.47.0-255,66,195384,94,352206
29147,0.024521,74.125.68.0-255,5738,201122,94,352206
29148,0.024528,172.31.47.0-255,66,201188,94,352206
29149,0.026566,74.125.68.0-255,5738,206926,94,352206
29150,0.026573,172.31.47.0-255,66,206992,94,352206
29151,0.028623,74.125.68.0-255,5738,212730,94,352206
29152,0.02863,172.31.47.0-255,66,212796,94,352206
29153,0.030674,74.125.68.0-255,5738,218534,94,352206
29154,0.03068,172.31.47.0-255,66,218600,94,352206
29155,0.032716,74.125.68.0-255,5738,224338,94,352206
29156,0.032723,172.31.47.0-255,66,224404,94,352206
29157,0.034772,74.125.68.0-255,5738,230142,94,352206
29158,0.03478,172.31.47.0-255,66,230208,94,352206
29159,0.035533,172.31.47.0-255,172,230380,94,352206
29160,0.035563,172.31.47.0-255,1071,231451,94,352206
29161,0.036825,74.125.68.0-255,5738,237189,94,352206
29162,0.03683,172.31.47.0-255,66,237255,94,352206
29163,0.037114,104.244.42.0-255,66,237321,94,352206
29164,0.037121,104.244.42.0-255,66,237387,94,352206
29165,0.038872,74.125.68.0-255,5738,243125,94,352206
29166,0.038877,172.31.47.0-255,66,243191,94,352206
29167,0.040916,74.125.68.0-255,5738,248929,94,352206
29168,0.040921,172.31.47.0-255,66,248995,94,352206
29169,0.042997,74.125.68.0-255,5738,254733,94,352206
29170,0.043004,172.31.47.0-255,66,254799,94,352206
29171,0.04505,74.125.68.0-255,5738,260537,94,352206
29172,0.045061,172.31.47.0-255,66,260603,94,352206
29173,0.047134,74.125.68.0-255,5738,266341,94,352206
29174,0.047141,172.31.47.0-255,66,266407,94,352206
29175,0.049193,74.125.68.0-255,5738,272145,94,352206
29176,0.049198,172.31.47.0-255,66,272211,94,352206
29177,0.051242,74.125.68.0-255,5738,277949,94,352206
29178,0.051248,172.31.47.0-255,66,278015,94,352206
29179,0.053296,74.125.68.0-255,5738,283753,94,352206
29180,0.053303,172.31.47.0-255,66,283819,94,352206
29181,0.055363,74.125.68.0-255,5738,289557,94,352206
29182,0.055368,172.31.47.0-255,66,289623,94,352206
29183,0.057402,74.125.68.0-255,4320,293943,94,352206
29184,0.057407,172.31.47.0-255,66,294009,94,352206
29185,0.057425,74.125.68.0-255,1484,295493,94,352206
29186,0.059444,74.125.68.0-255,4320,299813,94,352206
29187,0.059449,172.31.47.0-255,66,299879,94,352206
29188,0.061491,74.125.68.0-255,5738,305617,94,352206
29189,0.061501,172.31.47.0-255,66,305683,94,352206
29190,0.063562,74.125.68.0-255,5738,311421,94,352206
29191,0.063569,172.31.47.0-255,66,311487,94,352206
29192,0.065608,74.125.68.0-255,5738,317225,94,352206
29193,0.065615,172.31.47.0-255,66,317291,94,352206
29194,0.067669,74.125.68.0-255,5738,323029,94,352206
29195,0.067675,172.31.47.0-255,66,323095,94,352206
29196,0.069749,74.125.68.0-255,5738,328833,94,352206
29197,0.069756,172.31.47.0-255,66,328899,94,352206
29198,0.071827,74.125.68.0-255,5738,334637,94,352206
29199,0.071831,172.31.47.0-255,66,334703,94,352206
29200,0.073906,74.125.68.0-255,5738,340441,94,352206
29201,0.073913,172.31.47.0-255,66,340507,94,352206
29202,0.075973,74.125.68.0-255,5738,346245,94,352206
29203,0.075981,172.31.47.0-255,66,346311,94,352206
29204,0.078042,74.125.68.0-255,5724,352035,94,352206
29205,0.078049,172.31.47.0-255,66,352101,94,352206
29206,0.078225,172.31.47.0-255,105,352206,94,352206
29207,0.0,172.31.47.0-255,105,105,94,276
29208,0.001507,157.240.13.0-255,105,210,94,276
29209,0.001518,172.31.47.0-255,66,276,94,276
29210,0.0,172.217.24.0-255,153,153,94,322922
29211,2.4e-05,172.31.47.0-255,66,219,94,322922
29212,2.9e-05,172.217.24.0-255,1484,1703,94,322922
29213,3.4e-05,172.31.47.0-255,66,1769,94,322922
29214,3.8e-05,172.217.24.0-255,2902,4671,94,322922
29215,4.8e-05,172.31.47.0-255,66,4737,94,322922
29216,5.5e-05,172.217.24.0-255,7156,11893,94,322922
29217,5.7e-05,172.31.47.0-255,66,11959,94,322922
29218,6.1e-05,172.217.24.0-255,2064,14023,94,322922
29219,6.2e-05,172.31.47.0-255,66,14089,94,322922
29220,0.000698,172.217.24.0-255,1484,15573,94,322922
29221,0.000703,172.31.47.0-255,66,15639,94,322922
29222,0.000711,172.217.24.0-255,2902,18541,94,322922
29223,0.000713,172.31.47.0-255,66,18607,94,322922
29224,0.000718,172.217.24.0-255,5738,24345,94,322922
29225,0.000719,172.31.47.0-255,66,24411,94,322922
29226,0.000729,172.217.24.0-255,4320,28731,94,322922
29227,0.000731,172.31.47.0-255,66,28797,94,322922
29228,0.000758,172.217.24.0-255,2543,31340,94,322922
29229,0.000761,172.31.47.0-255,66,31406,94,322922
29230,0.000765,172.217.24.0-255,2902,34308,94,322922
29231,0.000767,172.31.47.0-255,66,34374,94,322922
29232,0.000771,172.217.24.0-255,2902,37276,94,322922
29233,0.000773,172.31.47.0-255,66,37342,94,322922
29234,0.000775,172.217.24.0-255,1484,38826,94,322922
29235,0.000777,172.31.47.0-255,66,38892,94,322922
29236,0.000801,172.217.24.0-255,2902,41794,94,322922
29237,0.000804,172.31.47.0-255,66,41860,94,322922
29238,0.000839,172.217.24.0-255,6797,48657,94,322922
29239,0.000843,172.31.47.0-255,66,48723,94,322922
29240,0.001219,172.217.24.0-255,1484,50207,94,322922
29241,0.001223,172.31.47.0-255,66,50273,94,322922
29242,0.001245,172.217.24.0-255,1484,51757,94,322922
29243,0.00125,172.217.24.0-255,2902,54659,94,322922
29244,0.001252,172.31.47.0-255,66,54725,94,322922
29245,0.001257,172.217.24.0-255,5738,60463,94,322922
29246,0.001259,172.31.47.0-255,66,60529,94,322922
29247,0.001304,172.217.24.0-255,5379,65908,94,322922
29248,0.001307,172.31.47.0-255,66,65974,94,322922
29249,0.001309,172.217.24.0-255,390,66364,94,322922
29250,0.001708,172.217.24.0-255,119,66483,94,322922
29251,0.001868,172.217.24.0-255,1484,67967,94,322922
29252,0.00187,172.31.47.0-255,66,68033,94,322922
29253,0.001889,172.217.24.0-255,2902,70935,94,322922
29254,0.001891,172.31.47.0-255,66,71001,94,322922
29255,0.001894,172.217.24.0-255,1484,72485,94,322922
29256,0.001915,172.217.24.0-255,4320,76805,94,322922
29257,0.001917,172.31.47.0-255,66,76871,94,322922
29258,0.001937,172.217.24.0-255,4320,81191,94,322922
29259,0.001939,172.31.47.0-255,66,81257,94,322922
29260,0.001948,172.217.24.0-255,2543,83800,94,322922
29261,0.00195,172.31.47.0-255,66,83866,94,322922
29262,0.003884,172.217.24.0-255,2902,86768,94,322922
29263,0.003891,172.31.47.0-255,66,86834,94,322922
29264,0.003918,172.217.24.0-255,2902,89736,94,322922
29265,0.003922,172.31.47.0-255,66,89802,94,322922
29266,0.005848,172.217.24.0-255,2902,92704,94,322922
29267,0.005861,172.31.47.0-255,66,92770,94,322922
29268,0.005896,172.217.24.0-255,2902,95672,94,322922
29269,0.005899,172.31.47.0-255,66,95738,94,322922
29270,0.007787,172.217.24.0-255,2902,98640,94,322922
29271,0.007799,172.31.47.0-255,66,98706,94,322922
29272,0.007832,172.217.24.0-255,2902,101608,94,322922
29273,0.007835,172.31.47.0-255,66,101674,94,322922
29274,0.009728,172.217.24.0-255,2902,104576,94,322922
29275,0.009735,172.31.47.0-255,66,104642,94,322922
29276,0.00977,172.217.24.0-255,2902,107544,94,322922
29277,0.009773,172.31.47.0-255,66,107610,94,322922
29278,0.011695,172.217.24.0-255,5738,113348,94,322922
29279,0.011711,172.31.47.0-255,66,113414,94,322922
29280,0.013647,172.217.24.0-255,5738,119152,94,322922
29281,0.013658,172.31.47.0-255,66,119218,94,322922
29282,0.015594,172.217.24.0-255,5738,124956,94,322922
29283,0.015604,172.31.47.0-255,66,125022,94,322922
29284,0.017559,172.217.24.0-255,5738,130760,94,322922
29285,0.017567,172.31.47.0-255,66,130826,94,322922
29286,0.018995,172.31.47.0-255,172,130998,94,322922
29287,0.019023,172.31.47.0-255,1112,132110,94,322922
29288,0.019054,172.31.47.0-255,1514,133624,94,322922
29289,0.019056,172.31.47.0-255,1292,134916,94,322922
29290,0.019493,172.217.24.0-255,5738,140654,94,322922
29291,0.0195,172.31.47.0-255,66,140720,94,322922
29292,0.020542,104.244.42.0-255,66,140786,94,322922
29293,0.020558,104.244.42.0-255,66,140852,94,322922
29294,0.020609,104.244.42.0-255,66,140918,94,322922
29295,0.021429,172.217.24.0-255,5738,146656,94,322922
29296,0.021434,172.31.47.0-255,66,146722,94,322922
29297,0.023358,172.217.24.0-255,2902,149624,94,322922
29298,0.023363,172.31.47.0-255,66,149690,94,322922
29299,0.023388,172.217.24.0-255,2902,152592,94,322922
29300,0.023391,172.31.47.0-255,66,152658,94,322922
29301,0.025286,172.217.24.0-255,2902,155560,94,322922
29302,0.02529,172.31.47.0-255,66,155626,94,322922
29303,0.025318,172.217.24.0-255,2902,158528,94,322922
29304,0.02532,172.31.47.0-255,66,158594,94,322922
29305,0.027216,172.217.24.0-255,2902,161496,94,322922
29306,0.027221,172.31.47.0-255,66,161562,94,322922
29307,0.027251,172.217.24.0-255,2902,164464,94,322922
29308,0.027254,172.31.47.0-255,66,164530,94,322922
29309,0.029214,172.217.24.0-255,4320,168850,94,322922
29310,0.029219,172.31.47.0-255,66,168916,94,322922
29311,0.029252,172.217.24.0-255,1484,170400,94,322922
29312,0.031143,172.217.24.0-255,1484,171884,94,322922
29313,0.031146,172.31.47.0-255,66,171950,94,322922
29314,0.031178,172.217.24.0-255,2902,174852,94,322922
29315,0.031181,172.31.47.0-255,66,174918,94,322922
29316,0.033062,172.217.24.0-255,2902,177820,94,322922
29317,0.033066,172.31.47.0-255,66,177886,94,322922
29318,0.033096,172.217.24.0-255,2902,180788,94,322922
29319,0.033099,172.31.47.0-255,66,180854,94,322922
29320,0.034984,172.217.24.0-255,2902,183756,94,322922
29321,0.034989,172.31.47.0-255,66,183822,94,322922
29322,0.035023,172.217.24.0-255,2902,186724,94,322922
29323,0.035026,172.31.47.0-255,66,186790,94,322922
29324,0.036909,172.217.24.0-255,2902,189692,94,322922
29325,0.036914,172.31.47.0-255,66,189758,94,322922
29326,0.036951,172.217.24.0-255,2902,192660,94,322922
29327,0.036954,172.31.47.0-255,66,192726,94,322922
29328,0.038846,172.217.24.0-255,2902,195628,94,322922
29329,0.038851,172.31.47.0-255,66,195694,94,322922
29330,0.038884,172.217.24.0-255,2902,198596,94,322922
29331,0.038887,172.31.47.0-255,66,198662,94,322922
29332,0.040777,172.217.24.0-255,2902,201564,94,322922
29333,0.040782,172.31.47.0-255,66,201630,94,322922
29334,0.040817,172.217.24.0-255,2902,204532,94,322922
29335,0.04082,172.31.47.0-255,66,204598,94,322922
29336,0.042708,172.217.24.0-255,2902,207500,94,322922
29337,0.042712,172.31.47.0-255,66,207566,94,322922
29338,0.042744,172.217.24.0-255,2902,210468,94,322922
29339,0.042747,172.31.47.0-255,66,210534,94,322922
29340,0.044642,172.217.24.0-255,2902,213436,94,322922
29341,0.044647,172.31.47.0-255,66,213502,94,322922
29342,0.04468,172.217.24.0-255,2902,216404,94,322922
29343,0.044683,172.31.47.0-255,66,216470,94,322922
29344,0.046563,172.217.24.0-255,1484,217954,94,322922
29345,0.046625,172.217.24.0-255,4320,222274,94,322922
29346,0.04663,172.31.47.0-255,66,222340,94,322922
29347,0.048568,172.217.24.0-255,5738,228078,94,322922
29348,0.048573,172.31.47.0-255,66,228144,94,322922
29349,0.050503,172.217.24.0-255,5738,233882,94,322922
29350,0.050508,172.31.47.0-255,66,233948,94,322922
29351,0.052471,172.217.24.0-255,2902,236850,94,322922
29352,0.052475,172.31.47.0-255,66,236916,94,322922
29353,0.052503,172.217.24.0-255,2902,239818,94,322922
29354,0.052506,172.31.47.0-255,66,239884,94,322922
29355,0.054403,172.217.24.0-255,2902,242786,94,322922
29356,0.054408,172.31.47.0-255,66,242852,94,322922
29357,0.054444,172.217.24.0-255,2902,245754,94,322922
29358,0.054448,172.31.47.0-255,66,245820,94,322922
29359,0.056341,172.217.24.0-255,2902,248722,94,322922
29360,0.056346,172.31.47.0-255,66,248788,94,322922
29361,0.05641,172.217.24.0-255,2902,251690,94,322922
29362,0.056414,172.31.47.0-255,66,251756,94,322922
29363,0.058267,172.217.24.0-255,2902,254658,94,322922
29364,0.058271,172.31.47.0-255,66,254724,94,322922
29365,0.058322,172.217.24.0-255,1484,256208,94,322922
29366,0.058335,172.217.24.0-255,1484,257692,94,322922
29367,0.058338,172.31.47.0-255,66,257758,94,322922
29368,0.060195,172.217.24.0-255,2902,260660,94,322922
29369,0.0602,172.31.47.0-255,66,260726,94,322922
29370,0.060247,172.217.24.0-255,2902,263628,94,322922
29371,0.060252,172.31.47.0-255,66,263694,94,322922
29372,0.062124,172.217.24.0-255,2902,266596,94,322922
29373,0.06213,172.31.47.0-255,66,266662,94,322922
29374,0.062167,172.217.24.0-255,2902,269564,94,322922
29375,0.062171,172.31.47.0-255,66,269630,94,322922
29376,0.064052,172.217.24.0-255,2902,272532,94,322922
29377,0.064058,172.31.47.0-255,66,272598,94,322922
29378,0.064092,172.217.24.0-255,2902,275500,94,322922
29379,0.064095,172.31.47.0-255,66,275566,94,322922
29380,0.065989,172.217.24.0-255,2902,278468,94,322922
29381,0.065994,172.31.47.0-255,66,278534,94,322922
29382,0.066029,172.217.24.0-255,2902,281436,94,322922
29383,0.066032,172.31.47.0-255,66,281502,94,322922
29384,0.067913,172.217.24.0-255,1484,282986,94,322922
29385,0.067952,172.217.24.0-255,4320,287306,94,322922
29386,0.067957,172.31.47.0-255,66,287372,94,322922
29387,0.069907,172.217.24.0-255,5738,293110,94,322922
29388,0.069911,172.31.47.0-255,66,293176,94,322922
29389,0.071832,172.217.24.0-255,2902,296078,94,322922
29390,0.071837,172.31.47.0-255,66,296144,94,322922
29391,0.071874,172.217.24.0-255,2902,299046,94,322922
29392,0.071877,172.31.47.0-255,66,299112,94,322922
29393,0.073759,172.217.24.0-255,2902,302014,94,322922
29394,0.073764,172.31.47.0-255,66,302080,94,322922
29395,0.073836,172.217.24.0-255,2902,304982,94,322922
29396,0.07384,172.31.47.0-255,66,305048,94,322922
29397,0.07569,172.217.24.0-255,1484,306532,94,322922
29398,0.075714,172.217.24.0-255,1484,308016,94,322922
29399,0.075717,172.31.47.0-255,66,308082,94,322922
29400,0.07576,172.217.24.0-255,2902,310984,94,322922
29401,0.075764,172.31.47.0-255,66,311050,94,322922
29402,0.077644,172.217.24.0-255,2902,313952,94,322922
29403,0.07765,172.31.47.0-255,66,314018,94,322922
29404,0.077683,172.217.24.0-255,2902,316920,94,322922
29405,0.077686,172.31.47.0-255,66,316986,94,322922
29406,0.079608,172.217.24.0-255,2902,319888,94,322922
29407,0.079613,172.31.47.0-255,66,319954,94,322922
29408,0.079645,172.217.24.0-255,2902,322856,94,322922
29409,0.079648,172.31.47.0-255,66,322922,94,322922
29410,0.0,74.125.24.0-255,153,153,94,289186
29411,1.5e-05,172.31.47.0-255,66,219,94,289186
29412,2.2e-05,74.125.24.0-255,1484,1703,94,289186
29413,2.6e-05,172.31.47.0-255,66,1769,94,289186
29414,3.2e-05,74.125.24.0-255,2902,4671,94,289186
29415,3.6e-05,172.31.47.0-255,66,4737,94,289186
29416,4.3e-05,74.125.24.0-255,7156,11893,94,289186
29417,4.6e-05,172.31.47.0-255,66,11959,94,289186
29418,7.3e-05,74.125.24.0-255,2128,14087,94,289186
29419,7.6e-05,172.31.47.0-255,66,14153,94,289186
29420,0.000258,74.125.24.0-255,1484,15637,94,289186
29421,0.000263,172.31.47.0-255,66,15703,94,289186
29422,0.000268,74.125.24.0-255,2902,18605,94,289186
29423,0.000271,172.31.47.0-255,66,18671,94,289186
29424,0.000277,74.125.24.0-255,5738,24409,94,289186
29425,0.00028,172.31.47.0-255,66,24475,94,289186
29426,0.000309,74.125.24.0-255,6797,31272,94,289186
29427,0.000312,172.31.47.0-255,66,31338,94,289186
29428,0.000341,74.125.24.0-255,7156,38494,94,289186
29429,0.000344,172.31.47.0-255,66,38560,94,289186
29430,0.000383,172.31.47.0-255,66,38626,94,289186
29431,0.000732,74.125.24.0-255,1484,40110,94,289186
29432,0.000738,172.31.47.0-255,66,40176,94,289186
29433,0.000748,74.125.24.0-255,2902,43078,94,289186
29434,0.000751,172.31.47.0-255,66,43144,94,289186
29435,0.000757,74.125.24.0-255,5738,48882,94,289186
29436,0.000759,172.31.47.0-255,66,48948,94,289186
29437,0.000764,74.125.24.0-255,2902,51850,94,289186
29438,0.000766,172.31.47.0-255,66,51916,94,289186
29439,0.000795,74.125.24.0-255,1484,53400,94,289186
29440,0.000799,172.31.47.0-255,66,53466,94,289186
29441,0.000819,74.125.24.0-255,2543,56009,94,289186
29442,0.000822,172.31.47.0-255,66,56075,94,289186
29443,0.000844,74.125.24.0-255,645,56720,94,289186
29444,0.000992,74.125.24.0-255,1484,58204,94,289186
29445,0.000996,172.31.47.0-255,66,58270,94,289186
29446,0.001001,74.125.24.0-255,2902,61172,94,289186
29447,0.001003,172.31.47.0-255,66,61238,94,289186
29448,0.001024,74.125.24.0-255,5738,66976,94,289186
29449,0.001026,74.125.24.0-255,1484,68460,94,289186
29450,0.001049,172.31.47.0-255,66,68526,94,289186
29451,0.001086,172.31.47.0-255,66,68592,94,289186
29452,0.001096,172.31.47.0-255,66,68658,94,289186
29453,0.001886,74.125.24.0-255,1484,70142,94,289186
29454,0.001898,74.125.24.0-255,2902,73044,94,289186
29455,0.001902,172.31.47.0-255,66,73110,94,289186
29456,0.001911,74.125.24.0-255,5738,78848,94,289186
29457,0.001913,172.31.47.0-255,66,78914,94,289186
29458,0.001952,172.31.47.0-255,66,78980,94,289186
29459,0.001973,74.125.24.0-255,2902,81882,94,289186
29460,0.001975,172.31.47.0-255,66,81948,94,289186
29461,0.001983,74.125.24.0-255,7156,89104,94,289186
29462,0.001985,172.31.47.0-255,66,89170,94,289186
29463,0.001991,74.125.24.0-255,3602,92772,94,289186
29464,0.001993,172.31.47.0-255,66,92838,94,289186
29465,0.004264,74.125.24.0-255,2902,95740,94,289186
29466,0.004271,172.31.47.0-255,66,95806,94,289186
29467,0.004291,74.125.24.0-255,2902,98708,94,289186
29468,0.004294,172.31.47.0-255,66,98774,94,289186
29469,0.006554,74.125.24.0-255,2902,101676,94,289186
29470,0.006557,172.31.47.0-255,66,101742,94,289186
29471,0.006601,74.125.24.0-255,2902,104644,94,289186
29472,0.006603,172.31.47.0-255,66,104710,94,289186
29473,0.008827,74.125.24.0-255,2902,107612,94,289186
29474,0.008834,172.31.47.0-255,66,107678,94,289186
29475,0.008856,74.125.24.0-255,2902,110580,94,289186
29476,0.008859,172.31.47.0-255,66,110646,94,289186
29477,0.011101,74.125.24.0-255,2902,113548,94,289186
29478,0.011111,172.31.47.0-255,66,113614,94,289186
29479,0.011135,74.125.24.0-255,2902,116516,94,289186
29480,0.011137,172.31.47.0-255,66,116582,94,289186
29481,0.013447,74.125.24.0-255,5738,122320,94,289186
29482,0.013459,172.31.47.0-255,66,122386,94,289186
29483,0.015733,74.125.24.0-255,5738,128124,94,289186
29484,0.015741,172.31.47.0-255,66,128190,94,289186
29485,0.018035,74.125.24.0-255,5738,133928,94,289186
29486,0.018042,172.31.47.0-255,66,133994,94,289186
29487,0.020321,74.125.24.0-255,5738,139732,94,289186
29488,0.020328,172.31.47.0-255,66,139798,94,289186
29489,0.022611,74.125.24.0-255,5738,145536,94,289186
29490,0.022617,172.31.47.0-255,66,145602,94,289186
29491,0.02347,172.31.47.0-255,172,145774,94,289186
29492,0.023501,172.31.47.0-255,1116,146890,94,289186
29493,0.023558,172.31.47.0-255,1514,148404,94,289186
29494,0.02356,172.31.47.0-255,1288,149692,94,289186
29495,0.024914,74.125.24.0-255,5738,155430,94,289186
29496,0.024921,172.31.47.0-255,66,155496,94,289186
29497,0.025012,104.244.42.0-255,66,155562,94,289186
29498,0.025062,104.244.42.0-255,66,155628,94,289186
29499,0.0251,104.244.42.0-255,66,155694,94,289186
29500,0.027228,74.125.24.0-255,5738,161432,94,289186
29501,0.027234,172.31.47.0-255,66,161498,94,289186
29502,0.029558,74.125.24.0-255,5738,167236,94,289186
29503,0.029565,172.31.47.0-255,66,167302,94,289186
29504,0.031864,74.125.24.0-255,5738,173040,94,289186
29505,0.031871,172.31.47.0-255,66,173106,94,289186
29506,0.034173,74.125.24.0-255,5738,178844,94,289186
29507,0.03418,172.31.47.0-255,66,178910,94,289186
29508,0.036486,74.125.24.0-255,5738,184648,94,289186
29509,0.036491,172.31.47.0-255,66,184714,94,289186
29510,0.038831,74.125.24.0-255,5738,190452,94,289186
29511,0.038838,172.31.47.0-255,66,190518,94,289186
29512,0.04114,74.125.24.0-255,5738,196256,94,289186
29513,0.041153,172.31.47.0-255,66,196322,94,289186
29514,0.043426,74.125.24.0-255,5738,202060,94,289186
29515,0.043433,172.31.47.0-255,66,202126,94,289186
29516,0.045719,74.125.24.0-255,5738,207864,94,289186
29517,0.045727,172.31.47.0-255,66,207930,94,289186
29518,0.048022,74.125.24.0-255,5738,213668,94,289186
29519,0.048029,172.31.47.0-255,66,213734,94,289186
29520,0.050328,74.125.24.0-255,5738,219472,94,289186
29521,0.050335,172.31.47.0-255,66,219538,94,289186
29522,0.052676,74.125.24.0-255,5738,225276,94,289186
29523,0.052681,172.31.47.0-255,66,225342,94,289186
29524,0.054954,74.125.24.0-255,5738,231080,94,289186
29525,0.054959,172.31.47.0-255,66,231146,94,289186
29526,0.05724,74.125.24.0-255,5738,236884,94,289186
29527,0.057248,172.31.47.0-255,66,236950,94,289186
29528,0.059537,74.125.24.0-255,5738,242688,94,289186
29529,0.059544,172.31.47.0-255,66,242754,94,289186
29530,0.061848,74.125.24.0-255,5738,248492,94,289186
29531,0.061856,172.31.47.0-255,66,248558,94,289186
29532,0.064134,74.125.24.0-255,5738,254296,94,289186
29533,0.064141,172.31.47.0-255,66,254362,94,289186
29534,0.066433,74.125.24.0-255,5738,260100,94,289186
29535,0.06644,172.31.47.0-255,66,260166,94,289186
29536,0.068751,74.125.24.0-255,5738,265904,94,289186
29537,0.068757,172.31.47.0-255,66,265970,94,289186
29538,0.071067,74.125.24.0-255,5738,271708,94,289186
29539,0.071074,172.31.47.0-255,66,271774,94,289186
29540,0.073369,74.125.24.0-255,5738,277512,94,289186
29541,0.073376,172.31.47.0-255,66,277578,94,289186
29542,0.075678,74.125.24.0-255,5738,283316,94,289186
29543,0.075685,172.31.47.0-255,66,283382,94,289186
29544,0.077996,74.125.24.0-255,5738,289120,94,289186
29545,0.078003,172.31.47.0-255,66,289186,94,289186
29546,0.0,172.31.47.0-255,105,105,94,276
29547,0.001805,157.240.13.0-255,105,210,94,276
29548,0.001813,172.31.47.0-255,66,276,94,276
29549,0.0,172.217.194.0-255,153,153,94,246248
29550,1.5e-05,172.31.47.0-255,66,219,94,246248
29551,3.4e-05,172.217.194.0-255,1484,1703,94,246248
29552,3.9e-05,172.31.47.0-255,66,1769,94,246248
29553,4.4e-05,172.217.194.0-255,2902,4671,94,246248
29554,4.6e-05,172.31.47.0-255,66,4737,94,246248
29555,7.8e-05,172.217.194.0-255,7156,11893,94,246248
29556,8.1e-05,172.31.47.0-255,66,11959,94,246248
29557,0.000114,172.31.47.0-255,66,12025,94,246248
29558,0.000139,172.217.194.0-255,4880,16905,94,246248
29559,0.000141,172.31.47.0-255,66,16971,94,246248
29560,0.000145,172.217.194.0-255,2543,19514,94,246248
29561,0.000147,172.31.47.0-255,66,19580,94,246248
29562,0.000158,172.217.194.0-255,1484,21064,94,246248
29563,0.00016,172.31.47.0-255,66,21130,94,246248
29564,0.00018,172.217.194.0-255,1484,22614,94,246248
29565,0.000182,172.31.47.0-255,66,22680,94,246248
29566,0.000189,172.217.194.0-255,7156,29836,94,246248
29567,0.000191,172.31.47.0-255,66,29902,94,246248
29568,0.000195,172.217.194.0-255,4320,34222,94,246248
29569,0.000197,172.31.47.0-255,66,34288,94,246248
29570,0.000223,172.31.47.0-255,66,34354,94,246248
29571,0.00023,172.31.47.0-255,66,34420,94,246248
29572,0.000249,172.217.194.0-255,2831,37251,94,246248
29573,0.000251,172.31.47.0-255,66,37317,94,246248
29574,0.000261,172.217.194.0-255,99,37416,94,246248
29575,0.000263,172.31.47.0-255,66,37482,94,246248
29576,0.000349,172.217.194.0-255,1484,38966,94,246248
29577,0.000353,172.31.47.0-255,66,39032,94,246248
29578,0.000358,172.217.194.0-255,2902,41934,94,246248
29579,0.000361,172.31.47.0-255,66,42000,94,246248
29580,0.000366,172.217.194.0-255,4320,46320,94,246248
29581,0.000368,172.31.47.0-255,66,46386,94,246248
29582,0.000387,172.217.194.0-255,1484,47870,94,246248
29583,0.000395,172.217.194.0-255,6797,54667,94,246248
29584,0.000399,172.31.47.0-255,66,54733,94,246248
29585,0.000403,172.217.194.0-255,1484,56217,94,246248
29586,0.00043,172.31.47.0-255,66,56283,94,246248
29587,0.000432,172.217.194.0-255,1484,57767,94,246248
29588,0.000443,172.217.194.0-255,1401,59168,94,246248
29589,0.000445,172.31.47.0-255,66,59234,94,246248
29590,0.000773,172.217.194.0-255,1484,60718,94,246248
29591,0.000781,172.217.194.0-255,2902,63620,94,246248
29592,0.000786,172.31.47.0-255,66,63686,94,246248
29593,0.000793,172.217.194.0-255,5738,69424,94,246248
29594,0.000796,172.31.47.0-255,66,69490,94,246248
29595,0.000835,172.31.47.0-255,66,69556,94,246248
29596,0.000842,172.217.194.0-255,7156,76712,94,246248
29597,0.000845,172.31.47.0-255,66,76778,94,246248
29598,0.000861,172.217.194.0-255,3054,79832,94,246248
29599,0.000864,172.31.47.0-255,66,79898,94,246248
29600,0.000881,172.217.194.0-255,1484,81382,94,246248
29601,0.000903,172.217.194.0-255,2902,84284,94,246248
29602,0.000907,172.31.47.0-255,66,84350,94,246248
29603,0.000913,172.217.194.0-255,5738,90088,94,246248
29604,0.000915,172.31.47.0-255,66,90154,94,246248
29605,0.000941,172.217.194.0-255,5738,95892,94,246248
29606,0.000945,172.31.47.0-255,66,95958,94,246248
29607,0.000965,172.217.194.0-255,7156,103114,94,246248
29608,0.000968,172.31.47.0-255,66,103180,94,246248
29609,0.000976,172.217.194.0-255,5738,108918,94,246248
29610,0.00098,172.31.47.0-255,66,108984,94,246248
29611,0.001007,172.217.194.0-255,2902,111886,94,246248
29612,0.001011,172.31.47.0-255,66,111952,94,246248
29613,0.001015,172.217.194.0-255,2184,114136,94,246248
29614,0.001018,172.31.47.0-255,66,114202,94,246248
29615,0.001273,172.217.194.0-255,1484,115686,94,246248
29616,0.001279,172.217.194.0-255,2902,118588,94,246248
29617,0.001283,172.31.47.0-255,66,118654,94,246248
29618,0.001289,172.217.194.0-255,4320,122974,94,246248
29619,0.00129,172.31.47.0-255,66,123040,94,246248
29620,0.001305,172.217.194.0-255,1484,124524,94,246248
29621,0.001311,172.217.194.0-255,7156,131680,94,246248
29622,0.001313,172.31.47.0-255,66,131746,94,246248
29623,0.001355,172.217.194.0-255,4320,136066,94,246248
29624,0.001359,172.31.47.0-255,66,136132,94,246248
29625,0.001383,172.31.47.0-255,66,136198,94,246248
29626,0.001414,172.217.194.0-255,2184,138382,94,246248
29627,0.001416,172.31.47.0-255,66,138448,94,246248
29628,0.00143,172.31.47.0-255,66,138514,94,246248
29629,0.001472,172.217.194.0-255,4320,142834,94,246248
29630,0.001474,172.31.47.0-255,66,142900,94,246248
29631,0.001499,172.31.47.0-255,66,142966,94,246248
29632,0.001501,172.217.194.0-255,766,143732,94,246248
29633,0.001513,172.217.194.0-255,1484,145216,94,246248
29634,0.001515,172.31.47.0-255,66,145282,94,246248
29635,0.001518,172.217.194.0-255,1484,146766,94,246248
29636,0.001538,172.217.194.0-255,1484,148250,94,246248
29637,0.001541,172.31.47.0-255,66,148316,94,246248
29638,0.001547,172.217.194.0-255,5738,154054,94,246248
29639,0.001549,172.31.47.0-255,66,154120,94,246248
29640,0.001576,172.217.194.0-255,7156,161276,94,246248
29641,0.001579,172.31.47.0-255,66,161342,94,246248
29642,0.001595,172.217.194.0-255,4320,165662,94,246248
29643,0.001598,172.31.47.0-255,66,165728,94,246248
29644,0.00163,172.31.47.0-255,66,165794,94,246248
29645,0.001633,172.217.194.0-255,1484,167278,94,246248
29646,0.001663,172.31.47.0-255,66,167344,94,246248
29647,0.001682,172.217.194.0-255,1484,168828,94,246248
29648,0.001695,172.31.47.0-255,66,168894,94,246248
29649,0.001716,172.217.194.0-255,2902,171796,94,246248
29650,0.001719,172.31.47.0-255,66,171862,94,246248
29651,0.00174,172.217.194.0-255,3602,175464,94,246248
29652,0.001743,172.31.47.0-255,66,175530,94,246248
29653,0.001749,172.217.194.0-255,7156,182686,94,246248
29654,0.001751,172.31.47.0-255,66,182752,94,246248
29655,0.001779,172.217.194.0-255,4320,187072,94,246248
29656,0.001782,172.31.47.0-255,66,187138,94,246248
29657,0.001815,172.31.47.0-255,66,187204,94,246248
29658,0.001821,172.217.194.0-255,5738,192942,94,246248
29659,0.001823,172.31.47.0-255,66,193008,94,246248
29660,0.001842,172.217.194.0-255,5020,198028,94,246248
29661,0.001854,172.31.47.0-255,66,198094,94,246248
29662,0.001861,172.31.47.0-255,66,198160,94,246248
29663,0.001877,172.217.194.0-255,7156,205316,94,246248
29664,0.001879,172.31.47.0-255,66,205382,94,246248
29665,0.001913,172.31.47.0-255,66,205448,94,246248
29666,0.001916,172.217.194.0-255,1484,206932,94,246248
29667,0.001919,172.217.194.0-255,1484,208416,94,246248
29668,0.001921,172.31.47.0-255,66,208482,94,246248
29669,0.001943,172.217.194.0-255,1484,209966,94,246248
29670,0.001949,172.217.194.0-255,5738,215704,94,246248
29671,0.001952,172.31.47.0-255,66,215770,94,246248
29672,0.001957,172.217.194.0-255,5738,221508,94,246248
29673,0.001959,172.31.47.0-255,66,221574,94,246248
29674,0.001972,172.217.194.0-255,4320,225894,94,246248
29675,0.001974,172.31.47.0-255,66,225960,94,246248
29676,0.002004,172.217.194.0-255,2902,228862,94,246248
29677,0.002007,172.31.47.0-255,66,228928,94,246248
29678,0.002016,172.31.47.0-255,66,228994,94,246248
29679,0.002055,172.217.194.0-255,7156,236150,94,246248
29680,0.002058,172.31.47.0-255,66,236216,94,246248
29681,0.002077,172.217.194.0-255,5336,241552,94,246248
29682,0.002079,172.31.47.0-255,66,241618,94,246248
29683,0.004062,172.217.194.0-255,105,241723,94,246248
29684,0.004789,172.31.47.0-255,66,241789,94,246248
29685,0.004831,172.31.47.0-255,105,241894,94,246248
29686,0.006849,172.217.194.0-255,66,241960,94,246248
29687,0.019916,172.31.47.0-255,172,242132,94,246248
29688,0.019948,172.31.47.0-255,1117,243249,94,246248
29689,0.019991,172.31.47.0-255,1514,244763,94,246248
29690,0.019993,172.31.47.0-255,1287,246050,94,246248
29691,0.021461,104.244.42.0-255,66,246116,94,246248
29692,0.021523,104.244.42.0-255,66,246182,94,246248
29693,0.021569,104.244.42.0-255,66,246248,94,246248
29694,0.0,74.125.24.0-255,153,153,94,295957
29695,3.6e-05,172.31.47.0-255,66,219,94,295957
29696,4.3e-05,74.125.24.0-255,1484,1703,94,295957
29697,4.7e-05,172.31.47.0-255,66,1769,94,295957
29698,5.2e-05,74.125.24.0-255,2902,4671,94,295957
29699,5.4e-05,172.31.47.0-255,66,4737,94,295957
29700,6.2e-05,74.125.24.0-255,7156,11893,94,295957
29701,6.5e-05,172.31.47.0-255,66,11959,94,295957
29702,0.000103,74.125.24.0-255,2212,14171,94,295957
29703,0.000106,172.31.47.0-255,66,14237,94,295957
29704,0.000197,74.125.24.0-255,1484,15721,94,295957
29705,0.0002,172.31.47.0-255,66,15787,94,295957
29706,0.000207,74.125.24.0-255,2902,18689,94,295957
29707,0.00021,172.31.47.0-255,66,18755,94,295957
29708,0.000233,74.125.24.0-255,5738,24493,94,295957
29709,0.000236,172.31.47.0-255,66,24559,94,295957
29710,0.000289,74.125.24.0-255,2902,27461,94,295957
29711,0.000292,172.31.47.0-255,66,27527,94,295957
29712,0.000315,74.125.24.0-255,3961,31488,94,295957
29713,0.000318,172.31.47.0-255,66,31554,94,295957
29714,0.000439,74.125.24.0-255,1484,33038,94,295957
29715,0.000443,172.31.47.0-255,66,33104,94,295957
29716,0.000447,74.125.24.0-255,2902,36006,94,295957
29717,0.00045,172.31.47.0-255,66,36072,94,295957
29718,0.000464,74.125.24.0-255,4320,40392,94,295957
29719,0.00047,172.31.47.0-255,66,40458,94,295957
29720,0.000477,74.125.24.0-255,1484,41942,94,295957
29721,0.000479,172.31.47.0-255,66,42008,94,295957
29722,0.000493,74.125.24.0-255,2902,44910,94,295957
29723,0.000495,172.31.47.0-255,66,44976,94,295957
29724,0.000519,74.125.24.0-255,3961,48937,94,295957
29725,0.000521,172.31.47.0-255,66,49003,94,295957
29726,0.000878,74.125.24.0-255,1484,50487,94,295957
29727,0.00089,74.125.24.0-255,2902,53389,94,295957
29728,0.000894,172.31.47.0-255,66,53455,94,295957
29729,0.000901,74.125.24.0-255,5738,59193,94,295957
29730,0.000904,172.31.47.0-255,66,59259,94,295957
29731,0.000949,74.125.24.0-255,5738,64997,94,295957
29732,0.000953,172.31.47.0-255,66,65063,94,295957
29733,0.000973,74.125.24.0-255,1704,66767,94,295957
29734,0.000976,172.31.47.0-255,66,66833,94,295957
29735,0.001089,74.125.24.0-255,1484,68317,94,295957
29736,0.001095,74.125.24.0-255,1484,69801,94,295957
29737,0.001098,172.31.47.0-255,66,69867,94,295957
29738,0.001114,74.125.24.0-255,1484,71351,94,295957
29739,0.001117,74.125.24.0-255,1484,72835,94,295957
29740,0.001119,172.31.47.0-255,66,72901,94,295957
29741,0.001144,74.125.24.0-255,4320,77221,94,295957
29742,0.001146,172.31.47.0-255,66,77287,94,295957
29743,0.001158,172.31.47.0-255,66,77353,94,295957
29744,0.001161,74.125.24.0-255,1484,78837,94,295957
29745,0.001196,172.31.47.0-255,66,78903,94,295957
29746,0.002291,74.125.24.0-255,1484,80387,94,295957
29747,0.002298,74.125.24.0-255,2902,83289,94,295957
29748,0.002302,172.31.47.0-255,66,83355,94,295957
29749,0.002325,74.125.24.0-255,5738,89093,94,295957
29750,0.002328,172.31.47.0-255,66,89159,94,295957
29751,0.002331,74.125.24.0-255,1484,90643,94,295957
29752,0.002359,172.31.47.0-255,66,90709,94,295957
29753,0.002369,74.125.24.0-255,1484,92193,94,295957
29754,0.002381,74.125.24.0-255,4320,96513,94,295957
29755,0.002384,172.31.47.0-255,66,96579,94,295957
29756,0.002408,172.31.47.0-255,66,96645,94,295957
29757,0.004642,74.125.24.0-255,4320,100965,94,295957
29758,0.004645,172.31.47.0-255,66,101031,94,295957
29759,0.004661,74.125.24.0-255,1484,102515,94,295957
29760,0.006891,74.125.24.0-255,4320,106835,94,295957
29761,0.006898,172.31.47.0-255,66,106901,94,295957
29762,0.009115,74.125.24.0-255,5738,112639,94,295957
29763,0.009126,172.31.47.0-255,66,112705,94,295957
29764,0.011352,74.125.24.0-255,5738,118443,94,295957
29765,0.011363,172.31.47.0-255,66,118509,94,295957
29766,0.013615,74.125.24.0-255,5738,124247,94,295957
29767,0.013631,172.31.47.0-255,66,124313,94,295957
29768,0.015911,74.125.24.0-255,5738,130051,94,295957
29769,0.015929,172.31.47.0-255,66,130117,94,295957
29770,0.018201,74.125.24.0-255,5738,135855,94,295957
29771,0.018215,172.31.47.0-255,66,135921,94,295957
29772,0.020508,74.125.24.0-255,5738,141659,94,295957
29773,0.020523,172.31.47.0-255,66,141725,94,295957
29774,0.022761,74.125.24.0-255,5738,147463,94,295957
29775,0.022776,172.31.47.0-255,66,147529,94,295957
29776,0.023982,172.31.47.0-255,172,147701,94,295957
29777,0.02402,172.31.47.0-255,1116,148817,94,295957
29778,0.02408,172.31.47.0-255,1514,150331,94,295957
29779,0.024082,172.31.47.0-255,328,150659,94,295957
29780,0.025029,74.125.24.0-255,5738,156397,94,295957
29781,0.025041,172.31.47.0-255,66,156463,94,295957
29782,0.025517,104.244.42.0-255,66,156529,94,295957
29783,0.025594,104.244.42.0-255,66,156595,94,295957
29784,0.025661,104.244.42.0-255,66,156661,94,295957
29785,0.027304,74.125.24.0-255,5738,162399,94,295957
29786,0.027313,172.31.47.0-255,66,162465,94,295957
29787,0.029536,74.125.24.0-255,5738,168203,94,295957
29788,0.029549,172.31.47.0-255,66,168269,94,295957
29789,0.031832,74.125.24.0-255,5738,174007,94,295957
29790,0.031846,172.31.47.0-255,66,174073,94,295957
29791,0.034106,74.125.24.0-255,5738,179811,94,295957
29792,0.034121,172.31.47.0-255,66,179877,94,295957
29793,0.036383,74.125.24.0-255,5738,185615,94,295957
29794,0.036395,172.31.47.0-255,66,185681,94,295957
29795,0.038663,74.125.24.0-255,5738,191419,94,295957
29796,0.038675,172.31.47.0-255,66,191485,94,295957
29797,0.040934,74.125.24.0-255,5738,197223,94,295957
29798,0.040948,172.31.47.0-255,66,197289,94,295957
29799,0.043189,74.125.24.0-255,5738,203027,94,295957
29800,0.043208,172.31.47.0-255,66,203093,94,295957
29801,0.045473,74.125.24.0-255,5738,208831,94,295957
29802,0.045483,172.31.47.0-255,66,208897,94,295957
29803,0.047733,74.125.24.0-255,5738,214635,94,295957
29804,0.04775,172.31.47.0-255,66,214701,94,295957
29805,0.05,74.125.24.0-255,5738,220439,94,295957
29806,0.050017,172.31.47.0-255,66,220505,94,295957
29807,0.052348,74.125.24.0-255,5738,226243,94,295957
29808,0.052361,172.31.47.0-255,66,226309,94,295957
29809,0.054642,74.125.24.0-255,5738,232047,94,295957
29810,0.054654,172.31.47.0-255,66,232113,94,295957
29811,0.056918,74.125.24.0-255,5738,237851,94,295957
29812,0.056927,172.31.47.0-255,66,237917,94,295957
29813,0.059213,74.125.24.0-255,5738,243655,94,295957
29814,0.059221,172.31.47.0-255,66,243721,94,295957
29815,0.061507,74.125.24.0-255,5738,249459,94,295957
29816,0.061514,172.31.47.0-255,66,249525,94,295957
29817,0.063779,74.125.24.0-255,5738,255263,94,295957
29818,0.063785,172.31.47.0-255,66,255329,94,295957
29819,0.066047,74.125.24.0-255,5738,261067,94,295957
29820,0.066053,172.31.47.0-255,66,261133,94,295957
29821,0.068299,74.125.24.0-255,5738,266871,94,295957
29822,0.068305,172.31.47.0-255,66,266937,94,295957
29823,0.070588,74.125.24.0-255,5738,272675,94,295957
29824,0.070595,172.31.47.0-255,66,272741,94,295957
29825,0.072899,74.125.24.0-255,5738,278479,94,295957
29826,0.072906,172.31.47.0-255,66,278545,94,295957
29827,0.07521,74.125.24.0-255,5738,284283,94,295957
29828,0.075217,172.31.47.0-255,66,284349,94,295957
29829,0.077486,74.125.24.0-255,5738,290087,94,295957
29830,0.077492,172.31.47.0-255,66,290153,94,295957
29831,0.079747,74.125.24.0-255,5738,295891,94,295957
29832,0.079753,172.31.47.0-255,66,295957,94,295957
29833,0.0,172.217.160.0-255,153,153,94,276227
29834,3.6e-05,172.31.47.0-255,66,219,94,276227
29835,4.4e-05,172.217.160.0-255,1484,1703,94,276227
29836,4.8e-05,172.31.47.0-255,66,1769,94,276227
29837,5.9e-05,172.217.160.0-255,2902,4671,94,276227
29838,6.3e-05,172.31.47.0-255,66,4737,94,276227
29839,6.9e-05,172.217.160.0-255,7156,11893,94,276227
29840,7.1e-05,172.31.47.0-255,66,11959,94,276227
29841,7.7e-05,172.217.160.0-255,3482,15441,94,276227
29842,8e-05,172.31.47.0-255,66,15507,94,276227
29843,9.3e-05,172.31.47.0-255,66,15573,94,276227
29844,9.6e-05,172.217.160.0-255,2543,18116,94,276227
29845,9.9e-05,172.31.47.0-255,66,18182,94,276227
29846,0.000127,172.217.160.0-255,2902,21084,94,276227
29847,0.000129,172.31.47.0-255,66,21150,94,276227
29848,0.000137,172.217.160.0-255,7156,28306,94,276227
29849,0.000139,172.31.47.0-255,66,28372,94,276227
29850,0.000144,172.217.160.0-255,4320,32692,94,276227
29851,0.000146,172.31.47.0-255,66,32758,94,276227
29852,0.000197,172.217.160.0-255,2543,35301,94,276227
29853,0.0002,172.31.47.0-255,66,35367,94,276227
29854,0.000287,172.217.160.0-255,1484,36851,94,276227
29855,0.00029,172.31.47.0-255,66,36917,94,276227
29856,0.000295,172.217.160.0-255,2902,39819,94,276227
29857,0.000297,172.31.47.0-255,66,39885,94,276227
29858,0.000324,172.217.160.0-255,5738,45623,94,276227
29859,0.000327,172.31.47.0-255,66,45689,94,276227
29860,0.00038,172.217.160.0-255,6797,52486,94,276227
29861,0.000384,172.31.47.0-255,66,52552,94,276227
29862,0.000386,172.217.160.0-255,373,52925,94,276227
29863,0.000389,172.31.47.0-255,66,52991,94,276227
29864,0.000607,172.217.160.0-255,102,53093,94,276227
29865,0.000612,172.31.47.0-255,66,53159,94,276227
29866,0.000679,172.217.160.0-255,1484,54643,94,276227
29867,0.000682,172.31.47.0-255,66,54709,94,276227
29868,0.000687,172.217.160.0-255,2902,57611,94,276227
29869,0.000689,172.31.47.0-255,66,57677,94,276227
29870,0.000693,172.217.160.0-255,2902,60579,94,276227
29871,0.000694,172.31.47.0-255,66,60645,94,276227
29872,0.000727,172.217.160.0-255,2902,63547,94,276227
29873,0.00073,172.31.47.0-255,66,63613,94,276227
29874,0.000735,172.217.160.0-255,4320,67933,94,276227
29875,0.000737,172.31.47.0-255,66,67999,94,276227
29876,0.000758,172.217.160.0-255,4320,72319,94,276227
29877,0.000761,172.31.47.0-255,66,72385,94,276227
29878,0.000806,172.31.47.0-255,66,72451,94,276227
29879,0.000811,172.217.160.0-255,2841,75292,94,276227
29880,0.000815,172.31.47.0-255,66,75358,94,276227
29881,0.001114,172.217.160.0-255,1484,76842,94,276227
29882,0.001121,172.217.160.0-255,2902,79744,94,276227
29883,0.001124,172.31.47.0-255,66,79810,94,276227
29884,0.001131,172.217.160.0-255,5738,85548,94,276227
29885,0.001133,172.31.47.0-255,66,85614,94,276227
29886,0.001173,172.31.47.0-255,66,85680,94,276227
29887,0.001197,172.217.160.0-255,1484,87164,94,276227
29888,0.001248,172.31.47.0-255,66,87230,94,276227
29889,0.001342,172.217.160.0-255,1484,88714,94,276227
29890,0.001347,172.217.160.0-255,2902,91616,94,276227
29891,0.001349,172.31.47.0-255,66,91682,94,276227
29892,0.001354,172.217.160.0-255,2902,94584,94,276227
29893,0.001357,172.31.47.0-255,66,94650,94,276227
29894,0.00138,172.217.160.0-255,2902,97552,94,276227
29895,0.001383,172.31.47.0-255,66,97618,94,276227
29896,0.001396,172.31.47.0-255,66,97684,94,276227
29897,0.001413,172.31.47.0-255,66,97750,94,276227
29898,0.001458,172.217.160.0-255,4320,102070,94,276227
29899,0.001463,172.31.47.0-255,66,102136,94,276227
29900,0.001507,172.31.47.0-255,66,102202,94,276227
29901,0.001519,172.31.47.0-255,66,102268,94,276227
29902,0.001567,172.31.47.0-255,66,102334,94,276227
29903,0.001607,172.217.160.0-255,3602,105936,94,276227
29904,0.001611,172.31.47.0-255,66,106002,94,276227
29905,0.001633,172.217.160.0-255,4320,110322,94,276227
29906,0.001637,172.31.47.0-255,66,110388,94,276227
29907,0.00165,172.31.47.0-255,66,110454,94,276227
29908,0.001672,172.217.160.0-255,7156,117610,94,276227
29909,0.001677,172.31.47.0-255,66,117676,94,276227
29910,0.001679,172.217.160.0-255,5738,123414,94,276227
29911,0.00169,172.31.47.0-255,66,123480,94,276227
29912,0.001715,172.217.160.0-255,2902,126382,94,276227
29913,0.00172,172.217.160.0-255,3602,129984,94,276227
29914,0.001722,172.31.47.0-255,66,130050,94,276227
29915,0.001729,172.31.47.0-255,66,130116,94,276227
29916,0.003376,172.217.160.0-255,5738,135854,94,276227
29917,0.003384,172.31.47.0-255,66,135920,94,276227
29918,0.005046,172.217.160.0-255,2902,138822,94,276227
29919,0.00505,172.31.47.0-255,66,138888,94,276227
29920,0.005072,172.217.160.0-255,2902,141790,94,276227
29921,0.005073,172.31.47.0-255,66,141856,94,276227
29922,0.0067,172.217.160.0-255,2902,144758,94,276227
29923,0.006703,172.31.47.0-255,66,144824,94,276227
29924,0.006729,172.217.160.0-255,2902,147726,94,276227
29925,0.006731,172.31.47.0-255,66,147792,94,276227
29926,0.008376,172.217.160.0-255,5738,153530,94,276227
29927,0.008383,172.31.47.0-255,66,153596,94,276227
29928,0.010044,172.217.160.0-255,5738,159334,94,276227
29929,0.01005,172.31.47.0-255,66,159400,94,276227
29930,0.011713,172.217.160.0-255,5738,165138,94,276227
29931,0.011721,172.31.47.0-255,66,165204,94,276227
29932,0.013411,172.217.160.0-255,5738,170942,94,276227
29933,0.013418,172.31.47.0-255,66,171008,94,276227
29934,0.015082,172.217.160.0-255,5738,176746,94,276227
29935,0.015089,172.31.47.0-255,66,176812,94,276227
29936,0.016748,172.217.160.0-255,5738,182550,94,276227
29937,0.016754,172.31.47.0-255,66,182616,94,276227
29938,0.018422,172.217.160.0-255,5738,188354,94,276227
29939,0.018433,172.31.47.0-255,66,188420,94,276227
29940,0.020096,172.217.160.0-255,5738,194158,94,276227
29941,0.020105,172.31.47.0-255,66,194224,94,276227
29942,0.021781,172.217.160.0-255,5738,199962,94,276227
29943,0.021792,172.31.47.0-255,66,200028,94,276227
29944,0.023479,172.217.160.0-255,5738,205766,94,276227
29945,0.023488,172.31.47.0-255,66,205832,94,276227
29946,0.025152,172.217.160.0-255,5738,211570,94,276227
29947,0.025161,172.31.47.0-255,66,211636,94,276227
29948,0.026826,172.217.160.0-255,5738,217374,94,276227
29949,0.026834,172.31.47.0-255,66,217440,94,276227
29950,0.028509,172.217.160.0-255,5738,223178,94,276227
29951,0.028524,172.31.47.0-255,66,223244,94,276227
29952,0.030188,172.217.160.0-255,5738,228982,94,276227
29953,0.030202,172.31.47.0-255,66,229048,94,276227
29954,0.031877,172.217.160.0-255,5738,234786,94,276227
29955,0.031891,172.31.47.0-255,66,234852,94,276227
29956,0.033569,172.217.160.0-255,5738,240590,94,276227
29957,0.033581,172.31.47.0-255,66,240656,94,276227
29958,0.035262,172.217.160.0-255,5738,246394,94,276227
29959,0.035275,172.31.47.0-255,66,246460,94,276227
29960,0.036957,172.217.160.0-255,5738,252198,94,276227
29961,0.036974,172.31.47.0-255,66,252264,94,276227
29962,0.038672,172.217.160.0-255,5738,258002,94,276227
29963,0.03869,172.31.47.0-255,66,258068,94,276227
29964,0.040373,172.217.160.0-255,5738,263806,94,276227
29965,0.040393,172.31.47.0-255,66,263872,94,276227
29966,0.042062,172.217.160.0-255,5738,269610,94,276227
29967,0.042071,172.31.47.0-255,66,269676,94,276227
29968,0.042071,172.31.47.0-255,172,269848,94,276227
29969,0.0421,172.31.47.0-255,1071,270919,94,276227
29970,0.043622,104.244.42.0-255,66,270985,94,276227
29971,0.043708,104.244.42.0-255,66,271051,94,276227
29972,0.043726,172.217.160.0-255,1484,272535,94,276227
29973,0.043756,172.217.160.0-255,3281,275816,94,276227
29974,0.043763,172.31.47.0-255,66,275882,94,276227
29975,0.043947,172.31.47.0-255,105,275987,94,276227
29976,0.044296,104.244.42.0-255,108,276095,94,276227
29977,0.044302,172.31.47.0-255,66,276161,94,276227
29978,0.045574,172.217.160.0-255,66,276227,94,276227
29979,0.0,172.31.47.0-255,105,105,94,276
29980,0.076501,31.13.82.0-255,105,210,94,276
29981,0.076512,172.31.47.0-255,66,276,94,276
29982,0.0,74.125.24.0-255,153,153,94,176488
29983,3e-05,172.31.47.0-255,66,219,94,176488
29984,3.8e-05,74.125.24.0-255,1484,1703,94,176488
29985,4.2e-05,172.31.47.0-255,66,1769,94,176488
29986,4.7e-05,74.125.24.0-255,2902,4671,94,176488
29987,4.9e-05,172.31.47.0-255,66,4737,94,176488
29988,6.3e-05,74.125.24.0-255,7156,11893,94,176488
29989,6.5e-05,172.31.47.0-255,66,11959,94,176488
29990,0.000104,74.125.24.0-255,2902,14861,94,176488
29991,0.000107,172.31.47.0-255,66,14927,94,176488
29992,0.00014,172.31.47.0-255,66,14993,94,176488
29993,0.000144,74.125.24.0-255,2543,17536,94,176488
29994,0.000161,172.31.47.0-255,66,17602,94,176488
29995,0.000178,74.125.24.0-255,2902,20504,94,176488
29996,0.000188,172.31.47.0-255,66,20570,94,176488
29997,0.000194,74.125.24.0-255,1484,22054,94,176488
29998,0.000196,172.31.47.0-255,66,22120,94,176488
29999,0.000203,74.125.24.0-255,5738,27858,94,176488
30000,0.000205,172.31.47.0-255,66,27924,94,176488
30001,0.000229,74.125.24.0-255,1484,29408,94,176488
30002,0.000232,172.31.47.0-255,66,29474,94,176488
30003,0.000262,74.125.24.0-255,5379,34853,94,176488
30004,0.000265,172.31.47.0-255,66,34919,94,176488
30005,0.000291,74.125.24.0-255,1484,36403,94,176488
30006,0.000294,172.31.47.0-255,66,36469,94,176488
30007,0.000298,74.125.24.0-255,2902,39371,94,176488
30008,0.0003,172.31.47.0-255,66,39437,94,176488
30009,0.000304,74.125.24.0-255,2902,42339,94,176488
30010,0.000306,172.31.47.0-255,66,42405,94,176488
30011,0.000335,74.125.24.0-255,2902,45307,94,176488
30012,0.000338,172.31.47.0-255,66,45373,94,176488
30013,0.000346,74.125.24.0-255,6797,52170,94,176488
30014,0.000348,172.31.47.0-255,66,52236,94,176488
30015,0.000423,74.125.24.0-255,1484,53720,94,176488
30016,0.00043,74.125.24.0-255,2902,56622,94,176488
30017,0.000435,172.31.47.0-255,66,56688,94,176488
30018,0.000457,74.125.24.0-255,5738,62426,94,176488
30019,0.000461,172.31.47.0-255,66,62492,94,176488
30020,0.000498,74.125.24.0-255,2902,65394,94,176488
30021,0.000502,172.31.47.0-255,66,65460,94,176488
30022,0.000533,74.125.24.0-255,5379,70839,94,176488
30023,0.000538,172.31.47.0-255,66,70905,94,176488
30024,0.000542,172.31.47.0-255,66,70971,94,176488
30025,0.000595,74.125.24.0-255,2902,73873,94,176488
30026,0.000599,172.31.47.0-255,66,73939,94,176488
30027,0.000624,74.125.24.0-255,3961,77900,94,176488
30028,0.000628,172.31.47.0-255,66,77966,94,176488
30029,0.000739,74.125.24.0-255,1484,79450,94,176488
30030,0.000753,74.125.24.0-255,2902,82352,94,176488
30031,0.000756,172.31.47.0-255,66,82418,94,176488
30032,0.000759,74.125.24.0-255,1484,83902,94,176488
30033,0.000787,74.125.24.0-255,4320,88222,94,176488
30034,0.00079,172.31.47.0-255,66,88288,94,176488
30035,0.0008,172.31.47.0-255,66,88354,94,176488
30036,0.000842,74.125.24.0-255,7156,95510,94,176488
30037,0.000846,172.31.47.0-255,66,95576,94,176488
30038,0.000892,74.125.24.0-255,4320,99896,94,176488
30039,0.000896,172.31.47.0-255,66,99962,94,176488
30040,0.000927,74.125.24.0-255,3602,103564,94,176488
30041,0.000931,172.31.47.0-255,66,103630,94,176488
30042,0.000934,74.125.24.0-255,1484,105114,94,176488
30043,0.000938,74.125.24.0-255,2902,108016,94,176488
30044,0.00094,172.31.47.0-255,66,108082,94,176488
30045,0.000945,74.125.24.0-255,5738,113820,94,176488
30046,0.000948,172.31.47.0-255,66,113886,94,176488
30047,0.00096,172.31.47.0-255,66,113952,94,176488
30048,0.001007,172.31.47.0-255,66,114018,94,176488
30049,0.001017,172.31.47.0-255,66,114084,94,176488
30050,0.001045,172.31.47.0-255,66,114150,94,176488
30051,0.001057,74.125.24.0-255,6438,120588,94,176488
30052,0.00106,172.31.47.0-255,66,120654,94,176488
30053,0.001188,74.125.24.0-255,1484,122138,94,176488
30054,0.001193,74.125.24.0-255,2902,125040,94,176488
30055,0.001197,172.31.47.0-255,66,125106,94,176488
30056,0.001201,74.125.24.0-255,2902,128008,94,176488
30057,0.001203,172.31.47.0-255,66,128074,94,176488
30058,0.00123,74.125.24.0-255,2902,130976,94,176488
30059,0.001233,172.31.47.0-255,66,131042,94,176488
30060,0.001252,172.31.47.0-255,66,131108,94,176488
30061,0.001259,74.125.24.0-255,7156,138264,94,176488
30062,0.001262,172.31.47.0-255,66,138330,94,176488
30063,0.001293,74.125.24.0-255,3602,141932,94,176488
30064,0.001298,172.31.47.0-255,66,141998,94,176488
30065,0.001329,74.125.24.0-255,1484,143482,94,176488
30066,0.001343,74.125.24.0-255,2902,146384,94,176488
30067,0.001347,172.31.47.0-255,66,146450,94,176488
30068,0.001349,74.125.24.0-255,4320,150770,94,176488
30069,0.001351,172.31.47.0-255,66,150836,94,176488
30070,0.001384,74.125.24.0-255,1484,152320,94,176488
30071,0.001403,172.31.47.0-255,66,152386,94,176488
30072,0.00141,74.125.24.0-255,5738,158124,94,176488
30073,0.001413,172.31.47.0-255,66,158190,94,176488
30074,0.001451,74.125.24.0-255,6438,164628,94,176488
30075,0.001476,172.31.47.0-255,66,164694,94,176488
30076,0.001481,172.31.47.0-255,66,164760,94,176488
30077,0.001505,74.125.24.0-255,2184,166944,94,176488
30078,0.001518,172.31.47.0-255,66,167010,94,176488
30079,0.001566,172.31.47.0-255,66,167076,94,176488
30080,0.001595,74.125.24.0-255,4320,171396,94,176488
30081,0.001605,172.31.47.0-255,66,171462,94,176488
30082,0.001622,172.31.47.0-255,66,171528,94,176488
30083,0.001639,172.31.47.0-255,66,171594,94,176488
30084,0.001673,172.31.47.0-255,66,171660,94,176488
30085,0.0017,172.31.47.0-255,66,171726,94,176488
30086,0.001714,172.31.47.0-255,66,171792,94,176488
30087,0.00174,172.31.47.0-255,66,171858,94,176488
30088,0.001771,74.125.24.0-255,105,171963,94,176488
30089,0.003556,172.31.47.0-255,66,172029,94,176488
30090,0.003583,172.31.47.0-255,105,172134,94,176488
30091,0.005615,74.125.24.0-255,66,172200,94,176488
30092,0.028831,172.31.47.0-255,172,172372,94,176488
30093,0.028855,172.31.47.0-255,1117,173489,94,176488
30094,0.02889,172.31.47.0-255,1514,175003,94,176488
30095,0.028908,172.31.47.0-255,1287,176290,94,176488
30096,0.030403,104.244.42.0-255,66,176356,94,176488
30097,0.030524,104.244.42.0-255,66,176422,94,176488
30098,0.03057,104.244.42.0-255,66,176488,94,176488
30099,0.0,74.125.24.0-255,153,153,94,319169
30100,2.5e-05,172.31.47.0-255,66,219,94,319169
30101,3.1e-05,74.125.24.0-255,1484,1703,94,319169
30102,3.4e-05,172.31.47.0-255,66,1769,94,319169
30103,3.8e-05,74.125.24.0-255,2902,4671,94,319169
30104,4.6e-05,172.31.47.0-255,66,4737,94,319169
30105,5.3e-05,74.125.24.0-255,7156,11893,94,319169
30106,5.5e-05,172.31.47.0-255,66,11959,94,319169
30107,8.3e-05,74.125.24.0-255,2255,14214,94,319169
30108,8.6e-05,172.31.47.0-255,66,14280,94,319169
30109,0.00022,74.125.24.0-255,1484,15764,94,319169
30110,0.000224,172.31.47.0-255,66,15830,94,319169
30111,0.00025,74.125.24.0-255,2902,18732,94,319169
30112,0.000254,172.31.47.0-255,66,18798,94,319169
30113,0.00026,74.125.24.0-255,5738,24536,94,319169
30114,0.000261,172.31.47.0-255,66,24602,94,319169
30115,0.000284,74.125.24.0-255,4320,28922,94,319169
30116,0.000287,172.31.47.0-255,66,28988,94,319169
30117,0.000308,74.125.24.0-255,2543,31531,94,319169
30118,0.000311,172.31.47.0-255,66,31597,94,319169
30119,0.000321,74.125.24.0-255,5738,37335,94,319169
30120,0.000324,172.31.47.0-255,66,37401,94,319169
30121,0.000348,74.125.24.0-255,1484,38885,94,319169
30122,0.000352,172.31.47.0-255,66,38951,94,319169
30123,0.000362,74.125.24.0-255,5738,44689,94,319169
30124,0.000365,172.31.47.0-255,66,44755,94,319169
30125,0.000404,74.125.24.0-255,3961,48716,94,319169
30126,0.000407,172.31.47.0-255,66,48782,94,319169
30127,0.000412,74.125.24.0-255,4320,53102,94,319169
30128,0.000415,172.31.47.0-255,66,53168,94,319169
30129,0.000425,172.31.47.0-255,66,53234,94,319169
30130,0.000429,74.125.24.0-255,2543,55777,94,319169
30131,0.000431,172.31.47.0-255,66,55843,94,319169
30132,0.000851,74.125.24.0-255,359,56202,94,319169
30133,0.000878,74.125.24.0-255,385,56587,94,319169
30134,0.000922,172.31.47.0-255,66,56653,94,319169
30135,0.000946,74.125.24.0-255,1484,58137,94,319169
30136,0.000958,74.125.24.0-255,2902,61039,94,319169
30137,0.000961,172.31.47.0-255,66,61105,94,319169
30138,0.000964,74.125.24.0-255,1484,62589,94,319169
30139,0.000988,74.125.24.0-255,4320,66909,94,319169
30140,0.000991,172.31.47.0-255,66,66975,94,319169
30141,0.000993,74.125.24.0-255,1484,68459,94,319169
30142,0.001018,74.125.24.0-255,4320,72779,94,319169
30143,0.00102,172.31.47.0-255,66,72845,94,319169
30144,0.001047,74.125.24.0-255,4320,77165,94,319169
30145,0.00105,172.31.47.0-255,66,77231,94,319169
30146,0.001059,172.31.47.0-255,66,77297,94,319169
30147,0.001089,74.125.24.0-255,3602,80899,94,319169
30148,0.001092,172.31.47.0-255,66,80965,94,319169
30149,0.001896,74.125.24.0-255,1484,82449,94,319169
30150,0.001916,74.125.24.0-255,2902,85351,94,319169
30151,0.001921,172.31.47.0-255,66,85417,94,319169
30152,0.001928,74.125.24.0-255,5738,91155,94,319169
30153,0.00193,172.31.47.0-255,66,91221,94,319169
30154,0.001976,172.31.47.0-255,66,91287,94,319169
30155,0.002003,74.125.24.0-255,7156,98443,94,319169
30156,0.002006,172.31.47.0-255,66,98509,94,319169
30157,0.002034,74.125.24.0-255,3602,102111,94,319169
30158,0.002038,172.31.47.0-255,66,102177,94,319169
30159,0.00207,172.31.47.0-255,66,102243,94,319169
30160,0.002082,172.31.47.0-255,66,102309,94,319169
30161,0.002129,172.31.47.0-255,66,102375,94,319169
30162,0.002156,74.125.24.0-255,1484,103859,94,319169
30163,0.002161,74.125.24.0-255,2902,106761,94,319169
30164,0.002163,172.31.47.0-255,66,106827,94,319169
30165,0.002192,74.125.24.0-255,5738,112565,94,319169
30166,0.002195,172.31.47.0-255,66,112631,94,319169
30167,0.0022,74.125.24.0-255,2902,115533,94,319169
30168,0.002203,172.31.47.0-255,66,115599,94,319169
30169,0.002236,172.31.47.0-255,66,115665,94,319169
30170,0.00227,172.31.47.0-255,66,115731,94,319169
30171,0.002317,74.125.24.0-255,1484,117215,94,319169
30172,0.00232,74.125.24.0-255,1484,118699,94,319169
30173,0.002323,172.31.47.0-255,66,118765,94,319169
30174,0.002351,74.125.24.0-255,1484,120249,94,319169
30175,0.002357,74.125.24.0-255,5738,125987,94,319169
30176,0.00236,172.31.47.0-255,66,126053,94,319169
30177,0.004636,74.125.24.0-255,5738,131791,94,319169
30178,0.00464,172.31.47.0-255,66,131857,94,319169
30179,0.006984,74.125.24.0-255,5738,137595,94,319169
30180,0.006989,172.31.47.0-255,66,137661,94,319169
30181,0.00929,74.125.24.0-255,5738,143399,94,319169
30182,0.009297,172.31.47.0-255,66,143465,94,319169
30183,0.011636,74.125.24.0-255,5738,149203,94,319169
30184,0.011644,172.31.47.0-255,66,149269,94,319169
30185,0.013957,74.125.24.0-255,5738,155007,94,319169
30186,0.013964,172.31.47.0-255,66,155073,94,319169
30187,0.01632,74.125.24.0-255,5738,160811,94,319169
30188,0.016327,172.31.47.0-255,66,160877,94,319169
30189,0.018639,74.125.24.0-255,5738,166615,94,319169
30190,0.018647,172.31.47.0-255,66,166681,94,319169
30191,0.020918,74.125.24.0-255,5738,172419,94,319169
30192,0.020925,172.31.47.0-255,66,172485,94,319169
30193,0.023226,74.125.24.0-255,5738,178223,94,319169
30194,0.023233,172.31.47.0-255,66,178289,94,319169
30195,0.025548,74.125.24.0-255,5738,184027,94,319169
30196,0.025554,172.31.47.0-255,66,184093,94,319169
30197,0.025647,172.31.47.0-255,172,184265,94,319169
30198,0.02567,172.31.47.0-255,1112,185377,94,319169
30199,0.025712,172.31.47.0-255,1514,186891,94,319169
30200,0.025714,172.31.47.0-255,1292,188183,94,319169
30201,0.02717,104.244.42.0-255,66,188249,94,319169
30202,0.027339,104.244.42.0-255,66,188315,94,319169
30203,0.027346,104.244.42.0-255,66,188381,94,319169
30204,0.02785,74.125.24.0-255,5738,194119,94,319169
30205,0.027856,172.31.47.0-255,66,194185,94,319169
30206,0.030113,74.125.24.0-255,5738,199923,94,319169
30207,0.030118,172.31.47.0-255,66,199989,94,319169
30208,0.032437,74.125.24.0-255,5738,205727,94,319169
30209,0.032443,172.31.47.0-255,66,205793,94,319169
30210,0.034729,74.125.24.0-255,5738,211531,94,319169
30211,0.034734,172.31.47.0-255,66,211597,94,319169
30212,0.037063,74.125.24.0-255,5738,217335,94,319169
30213,0.037068,172.31.47.0-255,66,217401,94,319169
30214,0.039371,74.125.24.0-255,5738,223139,94,319169
30215,0.039376,172.31.47.0-255,66,223205,94,319169
30216,0.041672,74.125.24.0-255,5738,228943,94,319169
30217,0.041691,172.31.47.0-255,66,229009,94,319169
30218,0.043959,74.125.24.0-255,5738,234747,94,319169
30219,0.043964,172.31.47.0-255,66,234813,94,319169
30220,0.046245,74.125.24.0-255,5738,240551,94,319169
30221,0.046249,172.31.47.0-255,66,240617,94,319169
30222,0.048541,74.125.24.0-255,5738,246355,94,319169
30223,0.048546,172.31.47.0-255,66,246421,94,319169
30224,0.050827,74.125.24.0-255,5738,252159,94,319169
30225,0.050832,172.31.47.0-255,66,252225,94,319169
30226,0.053151,74.125.24.0-255,4320,256545,94,319169
30227,0.053155,172.31.47.0-255,66,256611,94,319169
30228,0.053185,74.125.24.0-255,1484,258095,94,319169
30229,0.055438,74.125.24.0-255,4320,262415,94,319169
30230,0.055442,172.31.47.0-255,66,262481,94,319169
30231,0.05772,74.125.24.0-255,5738,268219,94,319169
30232,0.057724,172.31.47.0-255,66,268285,94,319169
30233,0.06006,74.125.24.0-255,5738,274023,94,319169
30234,0.060064,172.31.47.0-255,66,274089,94,319169
30235,0.06236,74.125.24.0-255,4320,278409,94,319169
30236,0.062365,172.31.47.0-255,66,278475,94,319169
30237,0.062397,74.125.24.0-255,1484,279959,94,319169
30238,0.064629,74.125.24.0-255,4320,284279,94,319169
30239,0.064633,172.31.47.0-255,66,284345,94,319169
30240,0.066954,74.125.24.0-255,5738,290083,94,319169
30241,0.066959,172.31.47.0-255,66,290149,94,319169
30242,0.069247,74.125.24.0-255,5738,295887,94,319169
30243,0.069252,172.31.47.0-255,66,295953,94,319169
30244,0.071533,74.125.24.0-255,5738,301691,94,319169
30245,0.071538,172.31.47.0-255,66,301757,94,319169
30246,0.073851,74.125.24.0-255,5738,307495,94,319169
30247,0.073856,172.31.47.0-255,66,307561,94,319169
30248,0.076197,74.125.24.0-255,5738,313299,94,319169
30249,0.076201,172.31.47.0-255,66,313365,94,319169
30250,0.078484,74.125.24.0-255,5738,319103,94,319169
30251,0.078488,172.31.47.0-255,66,319169,94,319169
30252,0.0,74.125.68.0-255,153,153,94,376048
30253,1.7e-05,172.31.47.0-255,66,219,94,376048
30254,2.3e-05,74.125.68.0-255,1484,1703,94,376048
30255,2.6e-05,172.31.47.0-255,66,1769,94,376048
30256,2.9e-05,74.125.68.0-255,1484,3253,94,376048
30257,3.2e-05,172.31.47.0-255,66,3319,94,376048
30258,5.7e-05,74.125.68.0-255,1484,4803,94,376048
30259,6e-05,172.31.47.0-255,66,4869,94,376048
30260,7.5e-05,74.125.68.0-255,4320,9189,94,376048
30261,7.7e-05,172.31.47.0-255,66,9255,94,376048
30262,0.000107,74.125.68.0-255,4847,14102,94,376048
30263,0.000109,172.31.47.0-255,66,14168,94,376048
30264,0.000153,74.125.68.0-255,5738,19906,94,376048
30265,0.000155,172.31.47.0-255,66,19972,94,376048
30266,0.000161,74.125.68.0-255,7156,27128,94,376048
30267,0.000162,172.31.47.0-255,66,27194,94,376048
30268,0.000189,74.125.68.0-255,3961,31155,94,376048
30269,0.000191,172.31.47.0-255,66,31221,94,376048
30270,0.000321,74.125.68.0-255,1484,32705,94,376048
30271,0.000327,172.31.47.0-255,66,32771,94,376048
30272,0.000331,74.125.68.0-255,1484,34255,94,376048
30273,0.000333,172.31.47.0-255,66,34321,94,376048
30274,0.000351,74.125.68.0-255,2902,37223,94,376048
30275,0.000355,172.31.47.0-255,66,37289,94,376048
30276,0.000387,74.125.68.0-255,5738,43027,94,376048
30277,0.000392,172.31.47.0-255,66,43093,94,376048
30278,0.000434,74.125.68.0-255,5379,48472,94,376048
30279,0.000438,172.31.47.0-255,66,48538,94,376048
30280,0.000464,74.125.68.0-255,5738,54276,94,376048
30281,0.000466,172.31.47.0-255,66,54342,94,376048
30282,0.000491,74.125.68.0-255,5738,60080,94,376048
30283,0.000493,172.31.47.0-255,66,60146,94,376048
30284,0.000505,74.125.68.0-255,2902,63048,94,376048
30285,0.000507,172.31.47.0-255,66,63114,94,376048
30286,0.000541,74.125.68.0-255,2818,65932,94,376048
30287,0.000545,172.31.47.0-255,66,65998,94,376048
30288,0.000563,74.125.68.0-255,381,66379,94,376048
30289,0.000598,74.125.68.0-255,1484,67863,94,376048
30290,0.000603,172.31.47.0-255,66,67929,94,376048
30291,0.000611,74.125.68.0-255,4320,72249,94,376048
30292,0.000614,172.31.47.0-255,66,72315,94,376048
30293,0.000636,74.125.68.0-255,4320,76635,94,376048
30294,0.000639,172.31.47.0-255,66,76701,94,376048
30295,0.000644,74.125.68.0-255,5738,82439,94,376048
30296,0.000646,172.31.47.0-255,66,82505,94,376048
30297,0.000677,74.125.68.0-255,2902,85407,94,376048
30298,0.000681,172.31.47.0-255,66,85473,94,376048
30299,0.000718,172.31.47.0-255,66,85539,94,376048
30300,0.000723,74.125.68.0-255,4320,89859,94,376048
30301,0.000726,172.31.47.0-255,66,89925,94,376048
30302,0.000731,74.125.68.0-255,2184,92109,94,376048
30303,0.000733,172.31.47.0-255,66,92175,94,376048
30304,0.001059,74.125.68.0-255,1484,93659,94,376048
30305,0.001066,74.125.68.0-255,2902,96561,94,376048
30306,0.001069,172.31.47.0-255,66,96627,94,376048
30307,0.001098,74.125.68.0-255,5738,102365,94,376048
30308,0.001101,172.31.47.0-255,66,102431,94,376048
30309,0.001105,74.125.68.0-255,2902,105333,94,376048
30310,0.001107,172.31.47.0-255,66,105399,94,376048
30311,0.001122,74.125.68.0-255,5738,111137,94,376048
30312,0.001125,172.31.47.0-255,66,111203,94,376048
30313,0.001145,74.125.68.0-255,4320,115523,94,376048
30314,0.001148,172.31.47.0-255,66,115589,94,376048
30315,0.001153,74.125.68.0-255,4320,119909,94,376048
30316,0.001155,172.31.47.0-255,66,119975,94,376048
30317,0.001197,74.125.68.0-255,5738,125713,94,376048
30318,0.001201,172.31.47.0-255,66,125779,94,376048
30319,0.001221,74.125.68.0-255,766,126545,94,376048
30320,0.001278,74.125.68.0-255,1484,128029,94,376048
30321,0.001282,172.31.47.0-255,66,128095,94,376048
30322,0.0013,74.125.68.0-255,2902,130997,94,376048
30323,0.001302,172.31.47.0-255,66,131063,94,376048
30324,0.001322,74.125.68.0-255,4320,135383,94,376048
30325,0.001325,172.31.47.0-255,66,135449,94,376048
30326,0.001341,74.125.68.0-255,2902,138351,94,376048
30327,0.001344,172.31.47.0-255,66,138417,94,376048
30328,0.001359,74.125.68.0-255,5738,144155,94,376048
30329,0.001361,172.31.47.0-255,66,144221,94,376048
30330,0.001365,74.125.68.0-255,2902,147123,94,376048
30331,0.001367,172.31.47.0-255,66,147189,94,376048
30332,0.001392,74.125.68.0-255,7156,154345,94,376048
30333,0.001395,172.31.47.0-255,66,154411,94,376048
30334,0.001401,74.125.68.0-255,6438,160849,94,376048
30335,0.001403,172.31.47.0-255,66,160915,94,376048
30336,0.001715,74.125.68.0-255,1484,162399,94,376048
30337,0.00174,74.125.68.0-255,2902,165301,94,376048
30338,0.001751,172.31.47.0-255,66,165367,94,376048
30339,0.001769,74.125.68.0-255,1484,166851,94,376048
30340,0.001799,74.125.68.0-255,2902,169753,94,376048
30341,0.001803,172.31.47.0-255,66,169819,94,376048
30342,0.001808,74.125.68.0-255,4320,174139,94,376048
30343,0.001809,172.31.47.0-255,66,174205,94,376048
30344,0.001827,74.125.68.0-255,1484,175689,94,376048
30345,0.001844,74.125.68.0-255,7156,182845,94,376048
30346,0.001847,172.31.47.0-255,66,182911,94,376048
30347,0.00187,74.125.68.0-255,7156,190067,94,376048
30348,0.001873,172.31.47.0-255,66,190133,94,376048
30349,0.001925,74.125.68.0-255,5020,195153,94,376048
30350,0.001929,172.31.47.0-255,66,195219,94,376048
30351,0.002225,74.125.68.0-255,1484,196703,94,376048
30352,0.002245,74.125.68.0-255,2902,199605,94,376048
30353,0.002248,172.31.47.0-255,66,199671,94,376048
30354,0.002264,74.125.68.0-255,1484,201155,94,376048
30355,0.002283,74.125.68.0-255,4320,205475,94,376048
30356,0.002285,172.31.47.0-255,66,205541,94,376048
30357,0.002307,74.125.68.0-255,7156,212697,94,376048
30358,0.002309,172.31.47.0-255,66,212763,94,376048
30359,0.002313,74.125.68.0-255,2902,215665,94,376048
30360,0.002314,172.31.47.0-255,66,215731,94,376048
30361,0.002331,74.125.68.0-255,1484,217215,94,376048
30362,0.002334,74.125.68.0-255,1484,218699,94,376048
30363,0.002336,172.31.47.0-255,66,218765,94,376048
30364,0.002342,74.125.68.0-255,7156,225921,94,376048
30365,0.002344,172.31.47.0-255,66,225987,94,376048
30366,0.002346,74.125.68.0-255,1484,227471,94,376048
30367,0.002365,74.125.68.0-255,2184,229655,94,376048
30368,0.002367,172.31.47.0-255,66,229721,94,376048
30369,0.002372,74.125.68.0-255,4320,234041,94,376048
30370,0.002374,172.31.47.0-255,66,234107,94,376048
30371,0.002389,74.125.68.0-255,4320,238427,94,376048
30372,0.00239,172.31.47.0-255,66,238493,94,376048
30373,0.002406,74.125.68.0-255,2902,241395,94,376048
30374,0.002408,172.31.47.0-255,66,241461,94,376048
30375,0.00243,74.125.68.0-255,2902,244363,94,376048
30376,0.002433,172.31.47.0-255,66,244429,94,376048
30377,0.002438,74.125.68.0-255,5738,250167,94,376048
30378,0.00244,172.31.47.0-255,66,250233,94,376048
30379,0.002456,74.125.68.0-255,1484,251717,94,376048
30380,0.002465,172.31.47.0-255,66,251783,94,376048
30381,0.002468,74.125.68.0-255,2902,254685,94,376048
30382,0.00247,172.31.47.0-255,66,254751,94,376048
30383,0.002506,74.125.68.0-255,3602,258353,94,376048
30384,0.002509,172.31.47.0-255,66,258419,94,376048
30385,0.002513,74.125.68.0-255,2902,261321,94,376048
30386,0.002514,172.31.47.0-255,66,261387,94,376048
30387,0.002531,74.125.68.0-255,2902,264289,94,376048
30388,0.002534,172.31.47.0-255,66,264355,94,376048
30389,0.002537,74.125.68.0-255,2902,267257,94,376048
30390,0.002539,172.31.47.0-255,66,267323,94,376048
30391,0.002562,74.125.68.0-255,4320,271643,94,376048
30392,0.002565,172.31.47.0-255,66,271709,94,376048
30393,0.002594,172.31.47.0-255,66,271775,94,376048
30394,0.002596,74.125.68.0-255,1484,273259,94,376048
30395,0.002601,74.125.68.0-255,3602,276861,94,376048
30396,0.002602,172.31.47.0-255,66,276927,94,376048
30397,0.002617,74.125.68.0-255,4320,281247,94,376048
30398,0.002619,172.31.47.0-255,66,281313,94,376048
30399,0.002642,74.125.68.0-255,5738,287051,94,376048
30400,0.002645,172.31.47.0-255,66,287117,94,376048
30401,0.002669,74.125.68.0-255,2902,290019,94,376048
30402,0.002671,172.31.47.0-255,66,290085,94,376048
30403,0.002698,74.125.68.0-255,4320,294405,94,376048
30404,0.0027,74.125.68.0-255,1484,295889,94,376048
30405,0.002713,74.125.68.0-255,2902,298791,94,376048
30406,0.002716,74.125.68.0-255,1484,300275,94,376048
30407,0.002726,172.31.47.0-255,66,300341,94,376048
30408,0.002737,74.125.68.0-255,2184,302525,94,376048
30409,0.002751,172.31.47.0-255,66,302591,94,376048
30410,0.002758,74.125.68.0-255,1484,304075,94,376048
30411,0.002771,74.125.68.0-255,4320,308395,94,376048
30412,0.002784,172.31.47.0-255,66,308461,94,376048
30413,0.002786,74.125.68.0-255,1484,309945,94,376048
30414,0.002805,74.125.68.0-255,5738,315683,94,376048
30415,0.002817,74.125.68.0-255,1484,317167,94,376048
30416,0.002824,172.31.47.0-255,66,317233,94,376048
30417,0.002851,74.125.68.0-255,2902,320135,94,376048
30418,0.002855,74.125.68.0-255,4320,324455,94,376048
30419,0.00286,172.31.47.0-255,66,324521,94,376048
30420,0.00288,74.125.68.0-255,3602,328123,94,376048
30421,0.002882,172.31.47.0-255,66,328189,94,376048
30422,0.002886,74.125.68.0-255,4320,332509,94,376048
30423,0.002891,74.125.68.0-255,5738,338247,94,376048
30424,0.002893,74.125.68.0-255,1484,339731,94,376048
30425,0.002932,172.31.47.0-255,66,339797,94,376048
30426,0.002947,74.125.68.0-255,1484,341281,94,376048
30427,0.002954,74.125.68.0-255,7156,348437,94,376048
30428,0.002955,74.125.68.0-255,1484,349921,94,376048
30429,0.002958,172.31.47.0-255,78,349999,94,376048
30430,0.00296,74.125.68.0-255,1484,351483,94,376048
30431,0.002965,74.125.68.0-255,5738,357221,94,376048
30432,0.00297,74.125.68.0-255,5020,362241,94,376048
30433,0.002972,74.125.68.0-255,1484,363725,94,376048
30434,0.002975,172.31.47.0-255,66,363791,94,376048
30435,0.002993,74.125.68.0-255,1484,365275,94,376048
30436,0.002998,74.125.68.0-255,4320,369595,94,376048
30437,0.003016,172.31.47.0-255,66,369661,94,376048
30438,0.003023,74.125.68.0-255,1689,371350,94,376048
30439,0.003027,172.31.47.0-255,66,371416,94,376048
30440,0.003068,74.125.68.0-255,105,371521,94,376048
30441,0.004393,172.31.47.0-255,66,371587,94,376048
30442,0.004422,172.31.47.0-255,105,371692,94,376048
30443,0.006636,74.125.68.0-255,66,371758,94,376048
30444,0.024627,172.31.47.0-255,172,371930,94,376048
30445,0.024676,172.31.47.0-255,1118,373048,94,376048
30446,0.024738,172.31.47.0-255,1514,374562,94,376048
30447,0.02474,172.31.47.0-255,1288,375850,94,376048
30448,0.026132,104.244.42.0-255,66,375916,94,376048
30449,0.026225,104.244.42.0-255,66,375982,94,376048
30450,0.026268,104.244.42.0-255,66,376048,94,376048
30451,0.0,172.31.47.0-255,66,66,94,66
30452,0.0,172.31.47.0-255,105,105,94,276
30453,0.071428,31.13.82.0-255,105,210,94,276
30454,0.071439,172.31.47.0-255,66,276,94,276
30455,0.0,74.125.24.0-255,146,146,94,302136
30456,1.4e-05,172.31.47.0-255,66,212,94,302136
30457,1.9e-05,74.125.24.0-255,1484,1696,94,302136
30458,2.3e-05,172.31.47.0-255,66,1762,94,302136
30459,2.8e-05,74.125.24.0-255,2902,4664,94,302136
30460,3e-05,172.31.47.0-255,66,4730,94,302136
30461,5.8e-05,74.125.24.0-255,7156,11886,94,302136
30462,6.1e-05,172.31.47.0-255,66,11952,94,302136
30463,6.5e-05,74.125.24.0-255,1960,13912,94,302136
30464,6.7e-05,172.31.47.0-255,66,13978,94,302136
30465,7.9e-05,74.125.24.0-255,2902,16880,94,302136
30466,8.1e-05,172.31.47.0-255,66,16946,94,302136
30467,0.000107,172.31.47.0-255,66,17012,94,302136
30468,0.000112,74.125.24.0-255,4320,21332,94,302136
30469,0.000114,172.31.47.0-255,66,21398,94,302136
30470,0.000129,74.125.24.0-255,1125,22523,94,302136
30471,0.000132,172.31.47.0-255,66,22589,94,302136
30472,0.000158,74.125.24.0-255,1484,24073,94,302136
30473,0.00016,172.31.47.0-255,66,24139,94,302136
30474,0.000164,74.125.24.0-255,2902,27041,94,302136
30475,0.000166,172.31.47.0-255,66,27107,94,302136
30476,0.000171,74.125.24.0-255,5738,32845,94,302136
30477,0.000173,172.31.47.0-255,66,32911,94,302136
30478,0.000219,74.125.24.0-255,6797,39708,94,302136
30479,0.000221,172.31.47.0-255,66,39774,94,302136
30480,0.000269,74.125.24.0-255,1484,41258,94,302136
30481,0.000271,172.31.47.0-255,66,41324,94,302136
30482,0.000293,74.125.24.0-255,2902,44226,94,302136
30483,0.000295,172.31.47.0-255,66,44292,94,302136
30484,0.000301,74.125.24.0-255,5738,50030,94,302136
30485,0.000303,172.31.47.0-255,66,50096,94,302136
30486,0.000314,74.125.24.0-255,1484,51580,94,302136
30487,0.000334,74.125.24.0-255,5379,56959,94,302136
30488,0.000336,172.31.47.0-255,66,57025,94,302136
30489,0.000339,74.125.24.0-255,411,57436,94,302136
30490,0.00038,74.125.24.0-255,333,57769,94,302136
30491,0.000534,74.125.24.0-255,1484,59253,94,302136
30492,0.000539,172.31.47.0-255,66,59319,94,302136
30493,0.000544,74.125.24.0-255,2902,62221,94,302136
30494,0.000546,172.31.47.0-255,66,62287,94,302136
30495,0.000548,74.125.24.0-255,1484,63771,94,302136
30496,0.000565,74.125.24.0-255,1484,65255,94,302136
30497,0.000567,172.31.47.0-255,66,65321,94,302136
30498,0.00058,74.125.24.0-255,2902,68223,94,302136
30499,0.000583,172.31.47.0-255,66,68289,94,302136
30500,0.000603,74.125.24.0-255,4320,72609,94,302136
30501,0.000606,172.31.47.0-255,66,72675,94,302136
30502,0.000615,74.125.24.0-255,4320,76995,94,302136
30503,0.000617,172.31.47.0-255,66,77061,94,302136
30504,0.000642,74.125.24.0-255,6797,83858,94,302136
30505,0.000644,172.31.47.0-255,66,83924,94,302136
30506,0.000689,172.31.47.0-255,66,83990,94,302136
30507,0.002056,74.125.24.0-255,1484,85474,94,302136
30508,0.002065,74.125.24.0-255,2902,88376,94,302136
30509,0.002069,172.31.47.0-255,66,88442,94,302136
30510,0.002074,74.125.24.0-255,2902,91344,94,302136
30511,0.002076,172.31.47.0-255,66,91410,94,302136
30512,0.00209,74.125.24.0-255,1484,92894,94,302136
30513,0.002096,74.125.24.0-255,5738,98632,94,302136
30514,0.002097,172.31.47.0-255,66,98698,94,302136
30515,0.002122,74.125.24.0-255,2902,101600,94,302136
30516,0.002124,172.31.47.0-255,66,101666,94,302136
30517,0.002139,74.125.24.0-255,1484,103150,94,302136
30518,0.002173,172.31.47.0-255,66,103216,94,302136
30519,0.004384,74.125.24.0-255,4320,107536,94,302136
30520,0.004389,172.31.47.0-255,66,107602,94,302136
30521,0.004405,74.125.24.0-255,1484,109086,94,302136
30522,0.006601,74.125.24.0-255,4320,113406,94,302136
30523,0.006607,172.31.47.0-255,66,113472,94,302136
30524,0.008821,74.125.24.0-255,5738,119210,94,302136
30525,0.008828,172.31.47.0-255,66,119276,94,302136
30526,0.011044,74.125.24.0-255,5738,125014,94,302136
30527,0.011053,172.31.47.0-255,66,125080,94,302136
30528,0.013275,74.125.24.0-255,5738,130818,94,302136
30529,0.013283,172.31.47.0-255,66,130884,94,302136
30530,0.015529,74.125.24.0-255,5738,136622,94,302136
30531,0.015537,172.31.47.0-255,66,136688,94,302136
30532,0.017738,74.125.24.0-255,5738,142426,94,302136
30533,0.017745,172.31.47.0-255,66,142492,94,302136
30534,0.019998,74.125.24.0-255,4320,146812,94,302136
30535,0.020005,172.31.47.0-255,66,146878,94,302136
30536,0.020023,74.125.24.0-255,1484,148362,94,302136
30537,0.022218,74.125.24.0-255,4320,152682,94,302136
30538,0.022226,172.31.47.0-255,66,152748,94,302136
30539,0.02321,172.31.47.0-255,172,152920,94,302136
30540,0.023243,172.31.47.0-255,1117,154037,94,302136
30541,0.023298,172.31.47.0-255,1514,155551,94,302136
30542,0.0233,172.31.47.0-255,1287,156838,94,302136
30543,0.024444,74.125.24.0-255,5738,162576,94,302136
30544,0.024452,172.31.47.0-255,66,162642,94,302136
30545,0.024721,104.244.42.0-255,66,162708,94,302136
30546,0.024826,104.244.42.0-255,66,162774,94,302136
30547,0.024874,104.244.42.0-255,66,162840,94,302136
30548,0.026692,74.125.24.0-255,5738,168578,94,302136
30549,0.026698,172.31.47.0-255,66,168644,94,302136
30550,0.028918,74.125.24.0-255,5738,174382,94,302136
30551,0.028923,172.31.47.0-255,66,174448,94,302136
30552,0.031135,74.125.24.0-255,5738,180186,94,302136
30553,0.031141,172.31.47.0-255,66,180252,94,302136
30554,0.033347,74.125.24.0-255,5738,185990,94,302136
30555,0.033352,172.31.47.0-255,66,186056,94,302136
30556,0.035592,74.125.24.0-255,5738,191794,94,302136
30557,0.035598,172.31.47.0-255,66,191860,94,302136
30558,0.037849,74.125.24.0-255,5738,197598,94,302136
30559,0.037856,172.31.47.0-255,66,197664,94,302136
30560,0.040109,74.125.24.0-255,5738,203402,94,302136
30561,0.040116,172.31.47.0-255,66,203468,94,302136
30562,0.042349,74.125.24.0-255,5738,209206,94,302136
30563,0.042356,172.31.47.0-255,66,209272,94,302136
30564,0.044611,74.125.24.0-255,5738,215010,94,302136
30565,0.044618,172.31.47.0-255,66,215076,94,302136
30566,0.04687,74.125.24.0-255,5738,220814,94,302136
30567,0.046876,172.31.47.0-255,66,220880,94,302136
30568,0.049109,74.125.24.0-255,5738,226618,94,302136
30569,0.049115,172.31.47.0-255,66,226684,94,302136
30570,0.051356,74.125.24.0-255,5738,232422,94,302136
30571,0.051366,172.31.47.0-255,66,232488,94,302136
30572,0.053599,74.125.24.0-255,5738,238226,94,302136
30573,0.053607,172.31.47.0-255,66,238292,94,302136
30574,0.055841,74.125.24.0-255,5738,244030,94,302136
30575,0.055848,172.31.47.0-255,66,244096,94,302136
30576,0.058061,74.125.24.0-255,5738,249834,94,302136
30577,0.05807,172.31.47.0-255,66,249900,94,302136
30578,0.060297,74.125.24.0-255,5738,255638,94,302136
30579,0.060305,172.31.47.0-255,66,255704,94,302136
30580,0.062534,74.125.24.0-255,5738,261442,94,302136
30581,0.062539,172.31.47.0-255,66,261508,94,302136
30582,0.064769,74.125.24.0-255,5738,267246,94,302136
30583,0.064776,172.31.47.0-255,66,267312,94,302136
30584,0.06701,74.125.24.0-255,5738,273050,94,302136
30585,0.067016,172.31.47.0-255,66,273116,94,302136
30586,0.069261,74.125.24.0-255,5738,278854,94,302136
30587,0.069267,172.31.47.0-255,66,278920,94,302136
30588,0.071484,74.125.24.0-255,5738,284658,94,302136
30589,0.07149,172.31.47.0-255,66,284724,94,302136
30590,0.073749,74.125.24.0-255,5738,290462,94,302136
30591,0.073755,172.31.47.0-255,66,290528,94,302136
30592,0.075983,74.125.24.0-255,5738,296266,94,302136
30593,0.075989,172.31.47.0-255,66,296332,94,302136
30594,0.078238,74.125.24.0-255,5738,302070,94,302136
30595,0.078244,172.31.47.0-255,66,302136,94,302136
30596,0.0,172.217.194.0-255,153,153,94,337547
30597,3.4e-05,172.31.47.0-255,66,219,94,337547
30598,4.1e-05,172.217.194.0-255,1484,1703,94,337547
30599,4.5e-05,172.31.47.0-255,66,1769,94,337547
30600,5e-05,172.217.194.0-255,2902,4671,94,337547
30601,5.3e-05,172.31.47.0-255,66,4737,94,337547
30602,5.6e-05,172.217.194.0-255,1484,6221,94,337547
30603,5.8e-05,172.31.47.0-255,66,6287,94,337547
30604,8.7e-05,172.217.194.0-255,5738,12025,94,337547
30605,9e-05,172.31.47.0-255,66,12091,94,337547
30606,0.000106,172.217.194.0-255,2098,14189,94,337547
30607,0.00011,172.31.47.0-255,66,14255,94,337547
30608,0.000163,172.217.194.0-255,1484,15739,94,337547
30609,0.000167,172.31.47.0-255,66,15805,94,337547
30610,0.000171,172.217.194.0-255,2902,18707,94,337547
30611,0.000174,172.31.47.0-255,66,18773,94,337547
30612,0.000191,172.217.194.0-255,4320,23093,94,337547
30613,0.000194,172.31.47.0-255,66,23159,94,337547
30614,0.000209,172.217.194.0-255,1484,24643,94,337547
30615,0.00021,172.31.47.0-255,66,24709,94,337547
30616,0.000227,172.217.194.0-255,1484,26193,94,337547
30617,0.00023,172.31.47.0-255,66,26259,94,337547
30618,0.000267,172.31.47.0-255,66,26325,94,337547
30619,0.000304,172.217.194.0-255,7156,33481,94,337547
30620,0.000309,172.31.47.0-255,66,33547,94,337547
30621,0.000329,172.217.194.0-255,3961,37508,94,337547
30622,0.000332,172.31.47.0-255,66,37574,94,337547
30623,0.000636,172.217.194.0-255,1484,39058,94,337547
30624,0.00064,172.31.47.0-255,66,39124,94,337547
30625,0.000643,172.217.194.0-255,1484,40608,94,337547
30626,0.000645,172.31.47.0-255,66,40674,94,337547
30627,0.000657,172.217.194.0-255,1484,42158,94,337547
30628,0.000675,172.217.194.0-255,2902,45060,94,337547
30629,0.000678,172.31.47.0-255,66,45126,94,337547
30630,0.000692,172.217.194.0-255,2902,48028,94,337547
30631,0.000697,172.31.47.0-255,66,48094,94,337547
30632,0.000732,172.217.194.0-255,4320,52414,94,337547
30633,0.000735,172.31.47.0-255,66,52480,94,337547
30634,0.000755,172.217.194.0-255,3122,55602,94,337547
30635,0.000757,172.31.47.0-255,66,55668,94,337547
30636,0.00077,172.217.194.0-255,1484,57152,94,337547
30637,0.000792,172.217.194.0-255,7156,64308,94,337547
30638,0.000795,172.31.47.0-255,66,64374,94,337547
30639,0.000802,172.217.194.0-255,7156,71530,94,337547
30640,0.000804,172.31.47.0-255,66,71596,94,337547
30641,0.000823,172.217.194.0-255,5738,77334,94,337547
30642,0.000826,172.31.47.0-255,66,77400,94,337547
30643,0.00084,172.217.194.0-255,7156,84556,94,337547
30644,0.000842,172.31.47.0-255,66,84622,94,337547
30645,0.000862,172.217.194.0-255,4320,88942,94,337547
30646,0.000864,172.31.47.0-255,66,89008,94,337547
30647,0.000867,172.217.194.0-255,766,89774,94,337547
30648,0.000916,172.217.194.0-255,1484,91258,94,337547
30649,0.000919,172.31.47.0-255,66,91324,94,337547
30650,0.000923,172.217.194.0-255,2902,94226,94,337547
30651,0.000925,172.31.47.0-255,66,94292,94,337547
30652,0.000944,172.217.194.0-255,5738,100030,94,337547
30653,0.000946,172.31.47.0-255,66,100096,94,337547
30654,0.000952,172.217.194.0-255,6134,106230,94,337547
30655,0.000953,172.31.47.0-255,66,106296,94,337547
30656,0.001744,172.217.194.0-255,1484,107780,94,337547
30657,0.001753,172.217.194.0-255,1484,109264,94,337547
30658,0.001757,172.31.47.0-255,66,109330,94,337547
30659,0.001776,172.217.194.0-255,1484,110814,94,337547
30660,0.001783,172.217.194.0-255,5738,116552,94,337547
30661,0.001785,172.31.47.0-255,66,116618,94,337547
30662,0.00179,172.217.194.0-255,4320,120938,94,337547
30663,0.001791,172.31.47.0-255,66,121004,94,337547
30664,0.001809,172.217.194.0-255,2902,123906,94,337547
30665,0.001811,172.31.47.0-255,66,123972,94,337547
30666,0.001856,172.217.194.0-255,1819,125791,94,337547
30667,0.001857,172.31.47.0-255,66,125857,94,337547
30668,0.001861,172.217.194.0-255,2902,128759,94,337547
30669,0.001862,172.31.47.0-255,66,128825,94,337547
30670,0.001866,172.217.194.0-255,2902,131727,94,337547
30671,0.001867,172.31.47.0-255,66,131793,94,337547
30672,0.001879,172.217.194.0-255,4320,136113,94,337547
30673,0.001881,172.31.47.0-255,66,136179,94,337547
30674,0.001883,172.217.194.0-255,1484,137663,94,337547
30675,0.00192,172.31.47.0-255,66,137729,94,337547
30676,0.001926,172.217.194.0-255,6438,144167,94,337547
30677,0.001928,172.31.47.0-255,66,144233,94,337547
30678,0.004225,172.217.194.0-255,5738,149971,94,337547
30679,0.004234,172.31.47.0-255,66,150037,94,337547
30680,0.006548,172.217.194.0-255,5738,155775,94,337547
30681,0.006555,172.31.47.0-255,66,155841,94,337547
30682,0.008819,172.217.194.0-255,5738,161579,94,337547
30683,0.008833,172.31.47.0-255,66,161645,94,337547
30684,0.011093,172.217.194.0-255,5738,167383,94,337547
30685,0.011108,172.31.47.0-255,66,167449,94,337547
30686,0.013415,172.217.194.0-255,5738,173187,94,337547
30687,0.013427,172.31.47.0-255,66,173253,94,337547
30688,0.015715,172.217.194.0-255,5738,178991,94,337547
30689,0.015724,172.31.47.0-255,66,179057,94,337547
30690,0.018043,172.217.194.0-255,5738,184795,94,337547
30691,0.018053,172.31.47.0-255,66,184861,94,337547
30692,0.020321,172.217.194.0-255,5738,190599,94,337547
30693,0.020333,172.31.47.0-255,66,190665,94,337547
30694,0.022672,172.217.194.0-255,5738,196403,94,337547
30695,0.022689,172.31.47.0-255,66,196469,94,337547
30696,0.025006,172.217.194.0-255,5738,202207,94,337547
30697,0.025021,172.31.47.0-255,66,202273,94,337547
30698,0.027277,172.217.194.0-255,5738,208011,94,337547
30699,0.02729,172.31.47.0-255,66,208077,94,337547
30700,0.029594,172.217.194.0-255,5738,213815,94,337547
30701,0.029603,172.31.47.0-255,66,213881,94,337547
30702,0.030001,172.31.47.0-255,172,214053,94,337547
30703,0.030032,172.31.47.0-255,1112,215165,94,337547
30704,0.030098,172.31.47.0-255,1514,216679,94,337547
30705,0.0301,172.31.47.0-255,1292,217971,94,337547
30706,0.031553,104.244.42.0-255,66,218037,94,337547
30707,0.031589,104.244.42.0-255,66,218103,94,337547
30708,0.03164,104.244.42.0-255,66,218169,94,337547
30709,0.031857,172.217.194.0-255,5738,223907,94,337547
30710,0.031862,172.31.47.0-255,66,223973,94,337547
30711,0.03418,172.217.194.0-255,5738,229711,94,337547
30712,0.034186,172.31.47.0-255,66,229777,94,337547
30713,0.036482,172.217.194.0-255,5738,235515,94,337547
30714,0.036489,172.31.47.0-255,66,235581,94,337547
30715,0.038815,172.217.194.0-255,2902,238483,94,337547
30716,0.038822,172.31.47.0-255,66,238549,94,337547
30717,0.038856,172.217.194.0-255,2902,241451,94,337547
30718,0.03886,172.31.47.0-255,66,241517,94,337547
30719,0.041111,172.217.194.0-255,4320,245837,94,337547
30720,0.041129,172.31.47.0-255,66,245903,94,337547
30721,0.041147,172.217.194.0-255,1484,247387,94,337547
30722,0.043438,172.217.194.0-255,4320,251707,94,337547
30723,0.043444,172.31.47.0-255,66,251773,94,337547
30724,0.045709,172.217.194.0-255,5738,257511,94,337547
30725,0.045715,172.31.47.0-255,66,257577,94,337547
30726,0.04799,172.217.194.0-255,5738,263315,94,337547
30727,0.047999,172.31.47.0-255,66,263381,94,337547
30728,0.050281,172.217.194.0-255,5738,269119,94,337547
30729,0.050287,172.31.47.0-255,66,269185,94,337547
30730,0.052548,172.217.194.0-255,5738,274923,94,337547
30731,0.052555,172.31.47.0-255,66,274989,94,337547
30732,0.05483,172.217.194.0-255,5738,280727,94,337547
30733,0.054841,172.31.47.0-255,66,280793,94,337547
30734,0.057117,172.217.194.0-255,1484,282277,94,337547
30735,0.057147,172.217.194.0-255,4320,286597,94,337547
30736,0.057151,172.31.47.0-255,66,286663,94,337547
30737,0.059454,172.217.194.0-255,5738,292401,94,337547
30738,0.059458,172.31.47.0-255,66,292467,94,337547
30739,0.061752,172.217.194.0-255,4320,296787,94,337547
30740,0.061757,172.31.47.0-255,66,296853,94,337547
30741,0.061781,172.217.194.0-255,1484,298337,94,337547
30742,0.064072,172.217.194.0-255,4320,302657,94,337547
30743,0.064076,172.31.47.0-255,66,302723,94,337547
30744,0.066335,172.217.194.0-255,5738,308461,94,337547
30745,0.066341,172.31.47.0-255,66,308527,94,337547
30746,0.06863,172.217.194.0-255,5738,314265,94,337547
30747,0.068636,172.31.47.0-255,66,314331,94,337547
30748,0.070925,172.217.194.0-255,5738,320069,94,337547
30749,0.07093,172.31.47.0-255,66,320135,94,337547
30750,0.073212,172.217.194.0-255,5738,325873,94,337547
30751,0.073217,172.31.47.0-255,66,325939,94,337547
30752,0.075523,172.217.194.0-255,5738,331677,94,337547
30753,0.075529,172.31.47.0-255,66,331743,94,337547
30754,0.077787,172.217.194.0-255,5738,337481,94,337547
30755,0.077793,172.31.47.0-255,66,337547,94,337547
30756,0.0,172.31.47.0-255,105,105,94,210
30757,0.068749,31.13.82.0-255,105,210,94,210
30758,0.0,216.58.221.0-255,66,66,94,66
30759,0.0,74.125.24.0-255,153,153,94,303658
30760,3.4e-05,172.31.47.0-255,66,219,94,303658
30761,4e-05,74.125.24.0-255,1484,1703,94,303658
30762,4.5e-05,172.31.47.0-255,66,1769,94,303658
30763,5e-05,74.125.24.0-255,2902,4671,94,303658
30764,5.3e-05,172.31.47.0-255,66,4737,94,303658
30765,6e-05,74.125.24.0-255,7156,11893,94,303658
30766,6.2e-05,172.31.47.0-255,66,11959,94,303658
30767,6.6e-05,74.125.24.0-255,1946,13905,94,303658
30768,6.8e-05,172.31.47.0-255,66,13971,94,303658
30769,0.00022,74.125.24.0-255,1484,15455,94,303658
30770,0.000225,172.31.47.0-255,66,15521,94,303658
30771,0.000231,74.125.24.0-255,2902,18423,94,303658
30772,0.000234,172.31.47.0-255,66,18489,94,303658
30773,0.000254,74.125.24.0-255,5738,24227,94,303658
30774,0.000257,172.31.47.0-255,66,24293,94,303658
30775,0.000271,74.125.24.0-255,1484,25777,94,303658
30776,0.000273,172.31.47.0-255,66,25843,94,303658
30777,0.000298,74.125.24.0-255,5379,31222,94,303658
30778,0.000302,172.31.47.0-255,66,31288,94,303658
30779,0.000589,74.125.24.0-255,1484,32772,94,303658
30780,0.000595,172.31.47.0-255,66,32838,94,303658
30781,0.000603,74.125.24.0-255,2902,35740,94,303658
30782,0.000605,172.31.47.0-255,66,35806,94,303658
30783,0.000639,74.125.24.0-255,2902,38708,94,303658
30784,0.000643,172.31.47.0-255,66,38774,94,303658
30785,0.000664,74.125.24.0-255,2902,41676,94,303658
30786,0.000667,172.31.47.0-255,66,41742,94,303658
30787,0.000675,74.125.24.0-255,6797,48539,94,303658
30788,0.000677,172.31.47.0-255,66,48605,94,303658
30789,0.001938,74.125.24.0-255,1484,50089,94,303658
30790,0.001945,172.31.47.0-255,66,50155,94,303658
30791,0.001951,74.125.24.0-255,2902,53057,94,303658
30792,0.001953,172.31.47.0-255,66,53123,94,303658
30793,0.00197,74.125.24.0-255,2902,56025,94,303658
30794,0.001972,172.31.47.0-255,66,56091,94,303658
30795,0.001994,74.125.24.0-255,2902,58993,94,303658
30796,0.001996,172.31.47.0-255,66,59059,94,303658
30797,0.002001,74.125.24.0-255,4320,63379,94,303658
30798,0.002003,172.31.47.0-255,66,63445,94,303658
30799,0.002017,74.125.24.0-255,3961,67406,94,303658
30800,0.00202,172.31.47.0-255,66,67472,94,303658
30801,0.002025,74.125.24.0-255,4320,71792,94,303658
30802,0.002027,172.31.47.0-255,66,71858,94,303658
30803,0.002046,74.125.24.0-255,4320,76178,94,303658
30804,0.002048,172.31.47.0-255,66,76244,94,303658
30805,0.002054,74.125.24.0-255,5738,81982,94,303658
30806,0.002056,172.31.47.0-255,66,82048,94,303658
30807,0.004062,74.125.24.0-255,1484,83532,94,303658
30808,0.004075,74.125.24.0-255,4320,87852,94,303658
30809,0.005401,172.31.47.0-255,66,87918,94,303658
30810,0.007401,74.125.24.0-255,5738,93656,94,303658
30811,0.007408,172.31.47.0-255,66,93722,94,303658
30812,0.009443,74.125.24.0-255,5738,99460,94,303658
30813,0.00945,172.31.47.0-255,66,99526,94,303658
30814,0.011487,74.125.24.0-255,5738,105264,94,303658
30815,0.011499,172.31.47.0-255,66,105330,94,303658
30816,0.01352,74.125.24.0-255,5738,111068,94,303658
30817,0.013532,172.31.47.0-255,66,111134,94,303658
30818,0.015534,74.125.24.0-255,5738,116872,94,303658
30819,0.015544,172.31.47.0-255,66,116938,94,303658
30820,0.017531,74.125.24.0-255,5738,122676,94,303658
30821,0.017537,172.31.47.0-255,66,122742,94,303658
30822,0.019524,74.125.24.0-255,5738,128480,94,303658
30823,0.01953,172.31.47.0-255,66,128546,94,303658
30824,0.021394,172.31.47.0-255,172,128718,94,303658
30825,0.021436,172.31.47.0-255,1116,129834,94,303658
30826,0.021507,172.31.47.0-255,1514,131348,94,303658
30827,0.021509,172.31.47.0-255,1288,132636,94,303658
30828,0.021534,74.125.24.0-255,5738,138374,94,303658
30829,0.021541,172.31.47.0-255,66,138440,94,303658
30830,0.022949,104.244.42.0-255,66,138506,94,303658
30831,0.022985,104.244.42.0-255,66,138572,94,303658
30832,0.023088,104.244.42.0-255,66,138638,94,303658
30833,0.02352,74.125.24.0-255,5738,144376,94,303658
30834,0.023524,172.31.47.0-255,66,144442,94,303658
30835,0.025513,74.125.24.0-255,5738,150180,94,303658
30836,0.025517,172.31.47.0-255,66,150246,94,303658
30837,0.027508,74.125.24.0-255,4320,154566,94,303658
30838,0.027516,172.31.47.0-255,66,154632,94,303658
30839,0.027547,74.125.24.0-255,1484,156116,94,303658
30840,0.029509,74.125.24.0-255,4320,160436,94,303658
30841,0.029515,172.31.47.0-255,66,160502,94,303658
30842,0.031517,74.125.24.0-255,5738,166240,94,303658
30843,0.031578,172.31.47.0-255,66,166306,94,303658
30844,0.033586,74.125.24.0-255,4320,170626,94,303658
30845,0.033591,172.31.47.0-255,66,170692,94,303658
30846,0.033614,74.125.24.0-255,1484,172176,94,303658
30847,0.0356,74.125.24.0-255,2902,175078,94,303658
30848,0.035605,172.31.47.0-255,66,175144,94,303658
30849,0.035634,74.125.24.0-255,1484,176628,94,303658
30850,0.037587,74.125.24.0-255,4320,180948,94,303658
30851,0.03763,172.31.47.0-255,66,181014,94,303658
30852,0.039634,74.125.24.0-255,5738,186752,94,303658
30853,0.039679,172.31.47.0-255,66,186818,94,303658
30854,0.0417,74.125.24.0-255,5738,192556,94,303658
30855,0.041705,172.31.47.0-255,66,192622,94,303658
30856,0.043693,74.125.24.0-255,4320,196942,94,303658
30857,0.043698,172.31.47.0-255,66,197008,94,303658
30858,0.043723,74.125.24.0-255,1484,198492,94,303658
30859,0.045691,74.125.24.0-255,4320,202812,94,303658
30860,0.045696,172.31.47.0-255,66,202878,94,303658
30861,0.047671,74.125.24.0-255,5738,208616,94,303658
30862,0.047722,172.31.47.0-255,66,208682,94,303658
30863,0.049696,74.125.24.0-255,2902,211584,94,303658
30864,0.0497,172.31.47.0-255,66,211650,94,303658
30865,0.049759,74.125.24.0-255,2902,214552,94,303658
30866,0.049765,172.31.47.0-255,66,214618,94,303658
30867,0.051687,74.125.24.0-255,2902,217520,94,303658
30868,0.051692,172.31.47.0-255,66,217586,94,303658
30869,0.051729,74.125.24.0-255,2902,220488,94,303658
30870,0.05175,172.31.47.0-255,66,220554,94,303658
30871,0.05368,74.125.24.0-255,2902,223456,94,303658
30872,0.053684,172.31.47.0-255,66,223522,94,303658
30873,0.053714,74.125.24.0-255,2902,226424,94,303658
30874,0.053731,172.31.47.0-255,66,226490,94,303658
30875,0.055657,74.125.24.0-255,2902,229392,94,303658
30876,0.055662,172.31.47.0-255,66,229458,94,303658
30877,0.055723,74.125.24.0-255,2902,232360,94,303658
30878,0.055733,172.31.47.0-255,66,232426,94,303658
30879,0.05766,74.125.24.0-255,2902,235328,94,303658
30880,0.057664,172.31.47.0-255,66,235394,94,303658
30881,0.057729,74.125.24.0-255,2902,238296,94,303658
30882,0.057741,172.31.47.0-255,66,238362,94,303658
30883,0.059668,74.125.24.0-255,2902,241264,94,303658
30884,0.059673,172.31.47.0-255,66,241330,94,303658
30885,0.059699,74.125.24.0-255,2902,244232,94,303658
30886,0.059717,172.31.47.0-255,66,244298,94,303658
30887,0.061661,74.125.24.0-255,2902,247200,94,303658
30888,0.061666,172.31.47.0-255,66,247266,94,303658
30889,0.061702,74.125.24.0-255,2902,250168,94,303658
30890,0.061717,172.31.47.0-255,66,250234,94,303658
30891,0.063669,74.125.24.0-255,2902,253136,94,303658
30892,0.063674,172.31.47.0-255,66,253202,94,303658
30893,0.063715,74.125.24.0-255,2902,256104,94,303658
30894,0.063746,172.31.47.0-255,66,256170,94,303658
30895,0.06565,74.125.24.0-255,2902,259072,94,303658
30896,0.065655,172.31.47.0-255,66,259138,94,303658
30897,0.065738,74.125.24.0-255,2902,262040,94,303658
30898,0.065743,172.31.47.0-255,66,262106,94,303658
30899,0.06765,74.125.24.0-255,2902,265008,94,303658
30900,0.067656,172.31.47.0-255,66,265074,94,303658
30901,0.067734,74.125.24.0-255,2902,267976,94,303658
30902,0.067741,172.31.47.0-255,66,268042,94,303658
30903,0.069656,74.125.24.0-255,2902,270944,94,303658
30904,0.069661,172.31.47.0-255,66,271010,94,303658
30905,0.069728,74.125.24.0-255,2902,273912,94,303658
30906,0.069732,172.31.47.0-255,66,273978,94,303658
30907,0.071658,74.125.24.0-255,2902,276880,94,303658
30908,0.071664,172.31.47.0-255,66,276946,94,303658
30909,0.071746,74.125.24.0-255,2902,279848,94,303658
30910,0.071764,172.31.47.0-255,66,279914,94,303658
30911,0.073656,74.125.24.0-255,2902,282816,94,303658
30912,0.07366,172.31.47.0-255,66,282882,94,303658
30913,0.073783,74.125.24.0-255,2902,285784,94,303658
30914,0.073788,172.31.47.0-255,66,285850,94,303658
30915,0.075631,74.125.24.0-255,2902,288752,94,303658
30916,0.075636,172.31.47.0-255,66,288818,94,303658
30917,0.075773,74.125.24.0-255,2902,291720,94,303658
30918,0.075778,172.31.47.0-255,66,291786,94,303658
30919,0.077623,74.125.24.0-255,2902,294688,94,303658
30920,0.077628,172.31.47.0-255,66,294754,94,303658
30921,0.077798,74.125.24.0-255,2902,297656,94,303658
30922,0.077802,172.31.47.0-255,66,297722,94,303658
30923,0.079633,74.125.24.0-255,2902,300624,94,303658
30924,0.079638,172.31.47.0-255,66,300690,94,303658
30925,0.079782,74.125.24.0-255,2902,303592,94,303658
30926,0.079786,172.31.47.0-255,66,303658,94,303658
30927,0.0,74.125.68.0-255,153,153,94,389831
30928,2.4e-05,172.31.47.0-255,66,219,94,389831
30929,3e-05,74.125.68.0-255,1484,1703,94,389831
30930,3.4e-05,172.31.47.0-255,66,1769,94,389831
30931,3.9e-05,74.125.68.0-255,2902,4671,94,389831
30932,4.8e-05,172.31.47.0-255,66,4737,94,389831
30933,5.3e-05,74.125.68.0-255,4320,9057,94,389831
30934,5.6e-05,172.31.47.0-255,66,9123,94,389831
30935,6e-05,74.125.68.0-255,2902,12025,94,389831
30936,6.2e-05,172.31.47.0-255,66,12091,94,389831
30937,8.9e-05,74.125.68.0-255,2053,14144,94,389831
30938,9.2e-05,172.31.47.0-255,66,14210,94,389831
30939,0.000162,74.125.68.0-255,1484,15694,94,389831
30940,0.000167,172.31.47.0-255,66,15760,94,389831
30941,0.000173,74.125.68.0-255,2902,18662,94,389831
30942,0.000175,172.31.47.0-255,66,18728,94,389831
30943,0.000187,74.125.68.0-255,5738,24466,94,389831
30944,0.000189,172.31.47.0-255,66,24532,94,389831
30945,0.000204,74.125.68.0-255,6797,31329,94,389831
30946,0.000207,172.31.47.0-255,66,31395,94,389831
30947,0.000237,74.125.68.0-255,4320,35715,94,389831
30948,0.00024,172.31.47.0-255,66,35781,94,389831
30949,0.000264,74.125.68.0-255,2902,38683,94,389831
30950,0.000268,172.31.47.0-255,66,38749,94,389831
30951,0.000274,74.125.68.0-255,4320,43069,94,389831
30952,0.000279,172.31.47.0-255,66,43135,94,389831
30953,0.00029,74.125.68.0-255,5379,48514,94,389831
30954,0.000293,172.31.47.0-255,66,48580,94,389831
30955,0.000379,74.125.68.0-255,1484,50064,94,389831
30956,0.000383,172.31.47.0-255,66,50130,94,389831
30957,0.000388,74.125.68.0-255,2902,53032,94,389831
30958,0.00039,172.31.47.0-255,66,53098,94,389831
30959,0.000407,74.125.68.0-255,2902,56000,94,389831
30960,0.00041,172.31.47.0-255,66,56066,94,389831
30961,0.000415,74.125.68.0-255,4320,60386,94,389831
30962,0.000422,172.31.47.0-255,66,60452,94,389831
30963,0.000457,74.125.68.0-255,1484,61936,94,389831
30964,0.000473,74.125.68.0-255,4295,66231,94,389831
30965,0.000476,172.31.47.0-255,66,66297,94,389831
30966,0.000585,74.125.68.0-255,343,66640,94,389831
30967,0.000627,74.125.68.0-255,1484,68124,94,389831
30968,0.000631,172.31.47.0-255,66,68190,94,389831
30969,0.000635,74.125.68.0-255,2902,71092,94,389831
30970,0.000637,172.31.47.0-255,66,71158,94,389831
30971,0.000656,74.125.68.0-255,1484,72642,94,389831
30972,0.000687,172.31.47.0-255,66,72708,94,389831
30973,0.000714,74.125.68.0-255,4320,77028,94,389831
30974,0.000717,172.31.47.0-255,66,77094,94,389831
30975,0.000739,74.125.68.0-255,1125,78219,94,389831
30976,0.000745,74.125.68.0-255,5738,83957,94,389831
30977,0.000747,172.31.47.0-255,66,84023,94,389831
30978,0.000793,74.125.68.0-255,7156,91179,94,389831
30979,0.000797,172.31.47.0-255,66,91245,94,389831
30980,0.000814,74.125.68.0-255,1125,92370,94,389831
30981,0.001029,172.31.47.0-255,66,92436,94,389831
30982,0.001605,74.125.68.0-255,1484,93920,94,389831
30983,0.001613,74.125.68.0-255,2902,96822,94,389831
30984,0.001616,172.31.47.0-255,66,96888,94,389831
30985,0.00162,74.125.68.0-255,1484,98372,94,389831
30986,0.001644,74.125.68.0-255,2902,101274,94,389831
30987,0.001646,172.31.47.0-255,66,101340,94,389831
30988,0.001651,74.125.68.0-255,5738,107078,94,389831
30989,0.001652,172.31.47.0-255,66,107144,94,389831
30990,0.001675,74.125.68.0-255,4320,111464,94,389831
30991,0.001677,172.31.47.0-255,66,111530,94,389831
30992,0.0017,74.125.68.0-255,5738,117268,94,389831
30993,0.001702,172.31.47.0-255,66,117334,94,389831
30994,0.001731,74.125.68.0-255,4320,121654,94,389831
30995,0.001733,172.31.47.0-255,66,121720,94,389831
30996,0.00176,74.125.68.0-255,5020,126740,94,389831
30997,0.001762,172.31.47.0-255,66,126806,94,389831
30998,0.001789,172.31.47.0-255,66,126872,94,389831
30999,0.001813,74.125.68.0-255,7156,134028,94,389831
31000,0.001814,172.31.47.0-255,66,134094,94,389831
31001,0.001827,74.125.68.0-255,4320,138414,94,389831
31002,0.001829,172.31.47.0-255,66,138480,94,389831
31003,0.001838,74.125.68.0-255,7156,145636,94,389831
31004,0.00184,172.31.47.0-255,66,145702,94,389831
31005,0.001884,74.125.68.0-255,5020,150722,94,389831
31006,0.001886,172.31.47.0-255,66,150788,94,389831
31007,0.001949,74.125.68.0-255,1484,152272,94,389831
31008,0.001965,74.125.68.0-255,2902,155174,94,389831
31009,0.001967,172.31.47.0-255,66,155240,94,389831
31010,0.00197,74.125.68.0-255,1484,156724,94,389831
31011,0.001991,74.125.68.0-255,2902,159626,94,389831
31012,0.001993,172.31.47.0-255,66,159692,94,389831
31013,0.002017,74.125.68.0-255,5738,165430,94,389831
31014,0.002019,172.31.47.0-255,66,165496,94,389831
31015,0.002022,74.125.68.0-255,2902,168398,94,389831
31016,0.002024,172.31.47.0-255,66,168464,94,389831
31017,0.002053,74.125.68.0-255,7156,175620,94,389831
31018,0.002055,172.31.47.0-255,66,175686,94,389831
31019,0.002078,74.125.68.0-255,4320,180006,94,389831
31020,0.002079,172.31.47.0-255,66,180072,94,389831
31021,0.002102,74.125.68.0-255,5020,185092,94,389831
31022,0.002104,172.31.47.0-255,66,185158,94,389831
31023,0.002213,74.125.68.0-255,1484,186642,94,389831
31024,0.002222,74.125.68.0-255,2902,189544,94,389831
31025,0.002224,172.31.47.0-255,66,189610,94,389831
31026,0.002246,74.125.68.0-255,4320,193930,94,389831
31027,0.002248,172.31.47.0-255,66,193996,94,389831
31028,0.002273,172.31.47.0-255,66,194062,94,389831
31029,0.002297,74.125.68.0-255,7156,201218,94,389831
31030,0.002299,172.31.47.0-255,66,201284,94,389831
31031,0.002328,172.31.47.0-255,66,201350,94,389831
31032,0.00233,74.125.68.0-255,766,202116,94,389831
31033,0.004653,74.125.68.0-255,4320,206436,94,389831
31034,0.004658,172.31.47.0-255,66,206502,94,389831
31035,0.006981,74.125.68.0-255,4320,210822,94,389831
31036,0.006986,172.31.47.0-255,66,210888,94,389831
31037,0.007009,74.125.68.0-255,1484,212372,94,389831
31038,0.009343,74.125.68.0-255,4320,216692,94,389831
31039,0.009351,172.31.47.0-255,66,216758,94,389831
31040,0.011687,74.125.68.0-255,5738,222496,94,389831
31041,0.011696,172.31.47.0-255,66,222562,94,389831
31042,0.014028,74.125.68.0-255,5738,228300,94,389831
31043,0.014037,172.31.47.0-255,66,228366,94,389831
31044,0.016365,74.125.68.0-255,5738,234104,94,389831
31045,0.016373,172.31.47.0-255,66,234170,94,389831
31046,0.0187,74.125.68.0-255,5738,239908,94,389831
31047,0.018707,172.31.47.0-255,66,239974,94,389831
31048,0.021037,74.125.68.0-255,5738,245712,94,389831
31049,0.021045,172.31.47.0-255,66,245778,94,389831
31050,0.023418,74.125.68.0-255,5738,251516,94,389831
31051,0.023429,172.31.47.0-255,66,251582,94,389831
31052,0.02576,74.125.68.0-255,5738,257320,94,389831
31053,0.025768,172.31.47.0-255,66,257386,94,389831
31054,0.026694,172.31.47.0-255,172,257558,94,389831
31055,0.02673,172.31.47.0-255,1117,258675,94,389831
31056,0.026756,172.31.47.0-255,1514,260189,94,389831
31057,0.026758,172.31.47.0-255,1289,261478,94,389831
31058,0.0281,74.125.68.0-255,5738,267216,94,389831
31059,0.028106,172.31.47.0-255,66,267282,94,389831
31060,0.02823,104.244.42.0-255,66,267348,94,389831
31061,0.028294,104.244.42.0-255,66,267414,94,389831
31062,0.0283,104.244.42.0-255,66,267480,94,389831
31063,0.03043,74.125.68.0-255,2902,270382,94,389831
31064,0.030435,172.31.47.0-255,66,270448,94,389831
31065,0.030472,74.125.68.0-255,2902,273350,94,389831
31066,0.030476,172.31.47.0-255,66,273416,94,389831
31067,0.032756,74.125.68.0-255,2902,276318,94,389831
31068,0.032762,172.31.47.0-255,66,276384,94,389831
31069,0.032799,74.125.68.0-255,2902,279286,94,389831
31070,0.032803,172.31.47.0-255,66,279352,94,389831
31071,0.035095,74.125.68.0-255,2902,282254,94,389831
31072,0.0351,172.31.47.0-255,66,282320,94,389831
31073,0.035136,74.125.68.0-255,2902,285222,94,389831
31074,0.035139,172.31.47.0-255,66,285288,94,389831
31075,0.03741,74.125.68.0-255,2902,288190,94,389831
31076,0.037415,172.31.47.0-255,66,288256,94,389831
31077,0.037449,74.125.68.0-255,2902,291158,94,389831
31078,0.037453,172.31.47.0-255,66,291224,94,389831
31079,0.039726,74.125.68.0-255,2902,294126,94,389831
31080,0.039731,172.31.47.0-255,66,294192,94,389831
31081,0.039769,74.125.68.0-255,2902,297094,94,389831
31082,0.039772,172.31.47.0-255,66,297160,94,389831
31083,0.04205,74.125.68.0-255,2902,300062,94,389831
31084,0.042054,172.31.47.0-255,66,300128,94,389831
31085,0.042081,74.125.68.0-255,1484,301612,94,389831
31086,0.042091,74.125.68.0-255,1484,303096,94,389831
31087,0.042093,172.31.47.0-255,66,303162,94,389831
31088,0.044372,74.125.68.0-255,2902,306064,94,389831
31089,0.044376,172.31.47.0-255,66,306130,94,389831
31090,0.044404,74.125.68.0-255,2902,309032,94,389831
31091,0.044407,172.31.47.0-255,66,309098,94,389831
31092,0.046704,74.125.68.0-255,2902,312000,94,389831
31093,0.046709,172.31.47.0-255,66,312066,94,389831
31094,0.046736,74.125.68.0-255,2902,314968,94,389831
31095,0.046739,172.31.47.0-255,66,315034,94,389831
31096,0.049028,74.125.68.0-255,2902,317936,94,389831
31097,0.049033,172.31.47.0-255,66,318002,94,389831
31098,0.049051,74.125.68.0-255,2902,320904,94,389831
31099,0.049054,172.31.47.0-255,66,320970,94,389831
31100,0.051353,74.125.68.0-255,2902,323872,94,389831
31101,0.051358,172.31.47.0-255,66,323938,94,389831
31102,0.051387,74.125.68.0-255,2902,326840,94,389831
31103,0.05139,172.31.47.0-255,66,326906,94,389831
31104,0.053671,74.125.68.0-255,2902,329808,94,389831
31105,0.053675,172.31.47.0-255,66,329874,94,389831
31106,0.053705,74.125.68.0-255,2902,332776,94,389831
31107,0.053708,172.31.47.0-255,66,332842,94,389831
31108,0.055993,74.125.68.0-255,2902,335744,94,389831
31109,0.055998,172.31.47.0-255,66,335810,94,389831
31110,0.056029,74.125.68.0-255,2902,338712,94,389831
31111,0.056032,172.31.47.0-255,66,338778,94,389831
31112,0.058328,74.125.68.0-255,2902,341680,94,389831
31113,0.058332,172.31.47.0-255,66,341746,94,389831
31114,0.058361,74.125.68.0-255,2902,344648,94,389831
31115,0.058364,172.31.47.0-255,66,344714,94,389831
31116,0.060648,74.125.68.0-255,2902,347616,94,389831
31117,0.060652,172.31.47.0-255,66,347682,94,389831
31118,0.060689,74.125.68.0-255,2902,350584,94,389831
31119,0.060692,172.31.47.0-255,66,350650,94,389831
31120,0.062965,74.125.68.0-255,2902,353552,94,389831
31121,0.06297,172.31.47.0-255,66,353618,94,389831
31122,0.063006,74.125.68.0-255,2902,356520,94,389831
31123,0.063009,172.31.47.0-255,66,356586,94,389831
31124,0.06529,74.125.68.0-255,2902,359488,94,389831
31125,0.065295,172.31.47.0-255,66,359554,94,389831
31126,0.06533,74.125.68.0-255,2902,362456,94,389831
31127,0.065333,172.31.47.0-255,66,362522,94,389831
31128,0.067623,74.125.68.0-255,2902,365424,94,389831
31129,0.067628,172.31.47.0-255,66,365490,94,389831
31130,0.067659,74.125.68.0-255,2902,368392,94,389831
31131,0.067662,172.31.47.0-255,66,368458,94,389831
31132,0.069956,74.125.68.0-255,2902,371360,94,389831
31133,0.069961,172.31.47.0-255,66,371426,94,389831
31134,0.070007,74.125.68.0-255,2902,374328,94,389831
31135,0.07001,172.31.47.0-255,66,374394,94,389831
31136,0.072272,74.125.68.0-255,2902,377296,94,389831
31137,0.072277,172.31.47.0-255,66,377362,94,389831
31138,0.072334,74.125.68.0-255,2902,380264,94,389831
31139,0.072338,172.31.47.0-255,66,380330,94,389831
31140,0.074606,74.125.68.0-255,2902,383232,94,389831
31141,0.074612,172.31.47.0-255,66,383298,94,389831
31142,0.074652,74.125.68.0-255,2902,386200,94,389831
31143,0.074655,172.31.47.0-255,66,386266,94,389831
31144,0.076939,74.125.68.0-255,3328,389594,94,389831
31145,0.076948,172.31.47.0-255,66,389660,94,389831
31146,0.077161,172.31.47.0-255,105,389765,94,389831
31147,0.079445,74.125.68.0-255,66,389831,94,389831
31148,0.0,172.31.47.0-255,105,105,94,276
31149,0.002066,157.240.7.0-255,105,210,94,276
31150,0.002078,172.31.47.0-255,66,276,94,276
31151,0.0,172.217.194.0-255,297,297,94,349446
31152,2.7e-05,172.31.47.0-255,66,363,94,349446
31153,3.4e-05,172.217.194.0-255,1484,1847,94,349446
31154,3.8e-05,172.31.47.0-255,66,1913,94,349446
31155,4.4e-05,172.217.194.0-255,4320,6233,94,349446
31156,4.7e-05,172.31.47.0-255,66,6299,94,349446
31157,7.8e-05,172.217.194.0-255,1484,7783,94,349446
31158,8.1e-05,172.31.47.0-255,66,7849,94,349446
31159,0.000105,172.217.194.0-255,6265,14114,94,349446
31160,0.000108,172.31.47.0-255,66,14180,94,349446
31161,0.000133,172.31.47.0-255,66,14246,94,349446
31162,0.00014,172.217.194.0-255,7156,21402,94,349446
31163,0.000142,172.31.47.0-255,66,21468,94,349446
31164,0.000166,172.217.194.0-255,1125,22593,94,349446
31165,0.000168,172.31.47.0-255,66,22659,94,349446
31166,0.000245,172.217.194.0-255,1484,24143,94,349446
31167,0.000249,172.31.47.0-255,66,24209,94,349446
31168,0.000255,172.217.194.0-255,2902,27111,94,349446
31169,0.000257,172.31.47.0-255,66,27177,94,349446
31170,0.00026,172.217.194.0-255,1484,28661,94,349446
31171,0.000263,172.31.47.0-255,66,28727,94,349446
31172,0.000284,172.217.194.0-255,4320,33047,94,349446
31173,0.000287,172.31.47.0-255,66,33113,94,349446
31174,0.0003,172.217.194.0-255,2902,36015,94,349446
31175,0.000303,172.31.47.0-255,66,36081,94,349446
31176,0.000332,172.31.47.0-255,66,36147,94,349446
31177,0.000342,172.31.47.0-255,66,36213,94,349446
31178,0.000344,172.217.194.0-255,646,36859,94,349446
31179,0.000346,172.31.47.0-255,66,36925,94,349446
31180,0.000699,172.217.194.0-255,1484,38409,94,349446
31181,0.000722,172.217.194.0-255,2902,41311,94,349446
31182,0.000727,172.217.194.0-255,4320,45631,94,349446
31183,0.000727,172.31.47.0-255,66,45697,94,349446
31184,0.000731,172.31.47.0-255,66,45763,94,349446
31185,0.000745,172.217.194.0-255,1484,47247,94,349446
31186,0.00075,172.217.194.0-255,2902,50149,94,349446
31187,0.000753,172.31.47.0-255,66,50215,94,349446
31188,0.000772,172.217.194.0-255,2902,53117,94,349446
31189,0.000775,172.31.47.0-255,66,53183,94,349446
31190,0.00079,172.217.194.0-255,1484,54667,94,349446
31191,0.000811,172.217.194.0-255,4320,58987,94,349446
31192,0.000813,172.31.47.0-255,66,59053,94,349446
31193,0.000842,172.31.47.0-255,66,59119,94,349446
31194,0.001056,172.217.194.0-255,1484,60603,94,349446
31195,0.001084,172.217.194.0-255,1484,62087,94,349446
31196,0.001087,172.31.47.0-255,66,62153,94,349446
31197,0.001107,172.217.194.0-255,1484,63637,94,349446
31198,0.001113,172.217.194.0-255,5738,69375,94,349446
31199,0.001118,172.217.194.0-255,5738,75113,94,349446
31200,0.001117,172.31.47.0-255,66,75179,94,349446
31201,0.001121,172.31.47.0-255,66,75245,94,349446
31202,0.001129,172.31.47.0-255,66,75311,94,349446
31203,0.001157,172.217.194.0-255,5020,80331,94,349446
31204,0.00116,172.31.47.0-255,66,80397,94,349446
31205,0.001496,172.217.194.0-255,1484,81881,94,349446
31206,0.001506,172.217.194.0-255,2902,84783,94,349446
31207,0.001511,172.31.47.0-255,66,84849,94,349446
31208,0.001537,172.217.194.0-255,5738,90587,94,349446
31209,0.00154,172.31.47.0-255,66,90653,94,349446
31210,0.001543,172.217.194.0-255,1484,92137,94,349446
31211,0.001569,172.31.47.0-255,66,92203,94,349446
31212,0.001577,172.217.194.0-255,7156,99359,94,349446
31213,0.001579,172.31.47.0-255,66,99425,94,349446
31214,0.001599,172.217.194.0-255,5020,104445,94,349446
31215,0.001602,172.31.47.0-255,66,104511,94,349446
31216,0.00175,172.217.194.0-255,1484,105995,94,349446
31217,0.001757,172.217.194.0-255,2902,108897,94,349446
31218,0.00176,172.31.47.0-255,66,108963,94,349446
31219,0.001763,172.217.194.0-255,1484,110447,94,349446
31220,0.001785,172.217.194.0-255,4320,114767,94,349446
31221,0.001788,172.31.47.0-255,66,114833,94,349446
31222,0.001791,172.217.194.0-255,1484,116317,94,349446
31223,0.001809,172.217.194.0-255,5738,122055,94,349446
31224,0.001811,172.31.47.0-255,66,122121,94,349446
31225,0.001842,172.217.194.0-255,5738,127859,94,349446
31226,0.001845,172.31.47.0-255,66,127925,94,349446
31227,0.001855,172.31.47.0-255,66,127991,94,349446
31228,0.001859,172.217.194.0-255,2184,130175,94,349446
31229,0.001861,172.31.47.0-255,66,130241,94,349446
31230,0.003861,172.217.194.0-255,2902,133143,94,349446
31231,0.003867,172.31.47.0-255,66,133209,94,349446
31232,0.003884,172.217.194.0-255,2902,136111,94,349446
31233,0.003886,172.31.47.0-255,66,136177,94,349446
31234,0.005863,172.217.194.0-255,2902,139079,94,349446
31235,0.005866,172.31.47.0-255,66,139145,94,349446
31236,0.005895,172.217.194.0-255,1484,140629,94,349446
31237,0.005908,172.217.194.0-255,1484,142113,94,349446
31238,0.00591,172.31.47.0-255,66,142179,94,349446
31239,0.007864,172.217.194.0-255,2902,145081,94,349446
31240,0.00787,172.31.47.0-255,66,145147,94,349446
31241,0.007888,172.217.194.0-255,2902,148049,94,349446
31242,0.007891,172.31.47.0-255,66,148115,94,349446
31243,0.009883,172.217.194.0-255,5738,153853,94,349446
31244,0.009892,172.31.47.0-255,66,153919,94,349446
31245,0.011914,172.217.194.0-255,5738,159657,94,349446
31246,0.011923,172.31.47.0-255,66,159723,94,349446
31247,0.013938,172.217.194.0-255,5738,165461,94,349446
31248,0.013944,172.31.47.0-255,66,165527,94,349446
31249,0.015959,172.217.194.0-255,5738,171265,94,349446
31250,0.015967,172.31.47.0-255,66,171331,94,349446
31251,0.01767,172.31.47.0-255,172,171503,94,349446
31252,0.017696,172.31.47.0-255,1116,172619,94,349446
31253,0.017737,172.31.47.0-255,1514,174133,94,349446
31254,0.017738,172.31.47.0-255,329,174462,94,349446
31255,0.017997,172.217.194.0-255,5738,180200,94,349446
31256,0.018003,172.31.47.0-255,66,180266,94,349446
31257,0.019209,104.244.42.0-255,66,180332,94,349446
31258,0.01927,104.244.42.0-255,66,180398,94,349446
31259,0.01931,104.244.42.0-255,66,180464,94,349446
31260,0.019998,172.217.194.0-255,5738,186202,94,349446
31261,0.020002,172.31.47.0-255,66,186268,94,349446
31262,0.02199,172.217.194.0-255,4320,190588,94,349446
31263,0.021996,172.31.47.0-255,66,190654,94,349446
31264,0.022024,172.217.194.0-255,1484,192138,94,349446
31265,0.024004,172.217.194.0-255,1484,193622,94,349446
31266,0.024009,172.31.47.0-255,66,193688,94,349446
31267,0.024033,172.217.194.0-255,2902,196590,94,349446
31268,0.024037,172.31.47.0-255,66,196656,94,349446
31269,0.026,172.217.194.0-255,2902,199558,94,349446
31270,0.026005,172.31.47.0-255,66,199624,94,349446
31271,0.026038,172.217.194.0-255,2902,202526,94,349446
31272,0.02604,172.31.47.0-255,66,202592,94,349446
31273,0.028006,172.217.194.0-255,2902,205494,94,349446
31274,0.028011,172.31.47.0-255,66,205560,94,349446
31275,0.028049,172.217.194.0-255,2902,208462,94,349446
31276,0.028053,172.31.47.0-255,66,208528,94,349446
31277,0.030002,172.217.194.0-255,2902,211430,94,349446
31278,0.030007,172.31.47.0-255,66,211496,94,349446
31279,0.030047,172.217.194.0-255,2902,214398,94,349446
31280,0.03005,172.31.47.0-255,66,214464,94,349446
31281,0.032019,172.217.194.0-255,2902,217366,94,349446
31282,0.032025,172.31.47.0-255,66,217432,94,349446
31283,0.032086,172.217.194.0-255,2902,220334,94,349446
31284,0.03209,172.31.47.0-255,66,220400,94,349446
31285,0.034024,172.217.194.0-255,2902,223302,94,349446
31286,0.034029,172.31.47.0-255,66,223368,94,349446
31287,0.034066,172.217.194.0-255,2902,226270,94,349446
31288,0.034069,172.31.47.0-255,66,226336,94,349446
31289,0.036033,172.217.194.0-255,2902,229238,94,349446
31290,0.036038,172.31.47.0-255,66,229304,94,349446
31291,0.036076,172.217.194.0-255,2902,232206,94,349446
31292,0.036079,172.31.47.0-255,66,232272,94,349446
31293,0.03804,172.217.194.0-255,2902,235174,94,349446
31294,0.038045,172.31.47.0-255,66,235240,94,349446
31295,0.038072,172.217.194.0-255,2902,238142,94,349446
31296,0.038075,172.31.47.0-255,66,238208,94,349446
31297,0.040046,172.217.194.0-255,2902,241110,94,349446
31298,0.04005,172.31.47.0-255,66,241176,94,349446
31299,0.040082,172.217.194.0-255,2902,244078,94,349446
31300,0.040085,172.31.47.0-255,66,244144,94,349446
31301,0.042066,172.217.194.0-255,2902,247046,94,349446
31302,0.042071,172.31.47.0-255,66,247112,94,349446
31303,0.042101,172.217.194.0-255,2902,250014,94,349446
31304,0.042104,172.31.47.0-255,66,250080,94,349446
31305,0.04407,172.217.194.0-255,2902,252982,94,349446
31306,0.044075,172.31.47.0-255,66,253048,94,349446
31307,0.044119,172.217.194.0-255,2902,255950,94,349446
31308,0.044123,172.31.47.0-255,66,256016,94,349446
31309,0.046077,172.217.194.0-255,2902,258918,94,349446
31310,0.046081,172.31.47.0-255,66,258984,94,349446
31311,0.046138,172.217.194.0-255,2902,261886,94,349446
31312,0.046142,172.31.47.0-255,66,261952,94,349446
31313,0.048071,172.217.194.0-255,2902,264854,94,349446
31314,0.048076,172.31.47.0-255,66,264920,94,349446
31315,0.048158,172.217.194.0-255,2902,267822,94,349446
31316,0.048162,172.31.47.0-255,66,267888,94,349446
31317,0.050067,172.217.194.0-255,1484,269372,94,349446
31318,0.050159,172.217.194.0-255,4320,273692,94,349446
31319,0.050164,172.31.47.0-255,66,273758,94,349446
31320,0.052166,172.217.194.0-255,5738,279496,94,349446
31321,0.052171,172.31.47.0-255,66,279562,94,349446
31322,0.054176,172.217.194.0-255,5738,285300,94,349446
31323,0.054181,172.31.47.0-255,66,285366,94,349446
31324,0.056178,172.217.194.0-255,2902,288268,94,349446
31325,0.056182,172.31.47.0-255,66,288334,94,349446
31326,0.056207,172.217.194.0-255,2902,291236,94,349446
31327,0.05621,172.31.47.0-255,66,291302,94,349446
31328,0.058184,172.217.194.0-255,2902,294204,94,349446
31329,0.058189,172.31.47.0-255,66,294270,94,349446
31330,0.058223,172.217.194.0-255,2902,297172,94,349446
31331,0.058226,172.31.47.0-255,66,297238,94,349446
31332,0.0602,172.217.194.0-255,2902,300140,94,349446
31333,0.060205,172.31.47.0-255,66,300206,94,349446
31334,0.060238,172.217.194.0-255,2902,303108,94,349446
31335,0.060241,172.31.47.0-255,66,303174,94,349446
31336,0.062208,172.217.194.0-255,2902,306076,94,349446
31337,0.062213,172.31.47.0-255,66,306142,94,349446
31338,0.062259,172.217.194.0-255,2902,309044,94,349446
31339,0.062262,172.31.47.0-255,66,309110,94,349446
31340,0.064206,172.217.194.0-255,2902,312012,94,349446
31341,0.06421,172.31.47.0-255,66,312078,94,349446
31342,0.064244,172.217.194.0-255,1484,313562,94,349446
31343,0.064254,172.217.194.0-255,1484,315046,94,349446
31344,0.064256,172.31.47.0-255,66,315112,94,349446
31345,0.066211,172.217.194.0-255,2902,318014,94,349446
31346,0.066217,172.31.47.0-255,66,318080,94,349446
31347,0.066258,172.217.194.0-255,2902,320982,94,349446
31348,0.066261,172.31.47.0-255,66,321048,94,349446
31349,0.068223,172.217.194.0-255,2902,323950,94,349446
31350,0.068228,172.31.47.0-255,66,324016,94,349446
31351,0.068261,172.217.194.0-255,2902,326918,94,349446
31352,0.068264,172.31.47.0-255,66,326984,94,349446
31353,0.070217,172.217.194.0-255,2902,329886,94,349446
31354,0.070221,172.31.47.0-255,66,329952,94,349446
31355,0.070262,172.217.194.0-255,1484,331436,94,349446
31356,0.070275,172.217.194.0-255,1484,332920,94,349446
31357,0.070277,172.31.47.0-255,66,332986,94,349446
31358,0.072221,172.217.194.0-255,2902,335888,94,349446
31359,0.072227,172.31.47.0-255,66,335954,94,349446
31360,0.07226,172.217.194.0-255,2902,338856,94,349446
31361,0.072263,172.31.47.0-255,66,338922,94,349446
31362,0.074212,172.217.194.0-255,2902,341824,94,349446
31363,0.074217,172.31.47.0-255,66,341890,94,349446
31364,0.07425,172.217.194.0-255,2902,344792,94,349446
31365,0.074252,172.31.47.0-255,66,344858,94,349446
31366,0.076214,172.217.194.0-255,2902,347760,94,349446
31367,0.076218,172.31.47.0-255,66,347826,94,349446
31368,0.076242,172.217.194.0-255,1383,349209,94,349446
31369,0.076354,172.31.47.0-255,66,349275,94,349446
31370,0.076376,172.31.47.0-255,105,349380,94,349446
31371,0.078346,172.217.194.0-255,66,349446,94,349446
31372,0.0,74.125.24.0-255,66,66,94,66
31373,0.0,74.125.130.0-255,153,153,94,301062
31374,3.5e-05,172.31.47.0-255,66,219,94,301062
31375,4.1e-05,74.125.130.0-255,1484,1703,94,301062
31376,4.6e-05,172.31.47.0-255,66,1769,94,301062
31377,5.1e-05,74.125.130.0-255,2902,4671,94,301062
31378,5.4e-05,172.31.47.0-255,66,4737,94,301062
31379,6.7e-05,74.125.130.0-255,5738,10475,94,301062
31380,7e-05,172.31.47.0-255,66,10541,94,301062
31381,7.5e-05,74.125.130.0-255,3546,14087,94,301062
31382,7.7e-05,172.31.47.0-255,66,14153,94,301062
31383,0.000346,74.125.130.0-255,1484,15637,94,301062
31384,0.000352,172.31.47.0-255,66,15703,94,301062
31385,0.000357,74.125.130.0-255,2902,18605,94,301062
31386,0.00036,172.31.47.0-255,66,18671,94,301062
31387,0.000391,74.125.130.0-255,5738,24409,94,301062
31388,0.000396,172.31.47.0-255,66,24475,94,301062
31389,0.000399,74.125.130.0-255,1484,25959,94,301062
31390,0.000402,172.31.47.0-255,66,26025,94,301062
31391,0.000447,74.125.130.0-255,5379,31404,94,301062
31392,0.000452,172.31.47.0-255,66,31470,94,301062
31393,0.000532,74.125.130.0-255,1484,32954,94,301062
31394,0.000535,172.31.47.0-255,66,33020,94,301062
31395,0.000565,74.125.130.0-255,2902,35922,94,301062
31396,0.000567,172.31.47.0-255,66,35988,94,301062
31397,0.000573,74.125.130.0-255,5738,41726,94,301062
31398,0.000576,172.31.47.0-255,66,41792,94,301062
31399,0.000612,172.31.47.0-255,66,41858,94,301062
31400,0.000623,172.31.47.0-255,66,41924,94,301062
31401,0.000637,74.125.130.0-255,4320,46244,94,301062
31402,0.00064,172.31.47.0-255,66,46310,94,301062
31403,0.000671,74.125.130.0-255,2543,48853,94,301062
31404,0.000675,172.31.47.0-255,66,48919,94,301062
31405,0.000678,74.125.130.0-255,376,49295,94,301062
31406,0.000853,172.31.47.0-255,66,49361,94,301062
31407,0.001005,74.125.130.0-255,100,49461,94,301062
31408,0.001036,172.31.47.0-255,66,49527,94,301062
31409,0.001345,74.125.130.0-255,363,49890,94,301062
31410,0.001379,172.31.47.0-255,66,49956,94,301062
31411,0.00165,74.125.130.0-255,1484,51440,94,301062
31412,0.00166,74.125.130.0-255,2902,54342,94,301062
31413,0.001664,172.31.47.0-255,66,54408,94,301062
31414,0.0017,74.125.130.0-255,5738,60146,94,301062
31415,0.001703,172.31.47.0-255,66,60212,94,301062
31416,0.00171,74.125.130.0-255,5738,65950,94,301062
31417,0.001712,172.31.47.0-255,66,66016,94,301062
31418,0.001759,74.125.130.0-255,4320,70336,94,301062
31419,0.001763,172.31.47.0-255,66,70402,94,301062
31420,0.001774,172.31.47.0-255,66,70468,94,301062
31421,0.001778,74.125.130.0-255,2184,72652,94,301062
31422,0.00178,172.31.47.0-255,66,72718,94,301062
31423,0.001959,74.125.130.0-255,1484,74202,94,301062
31424,0.001979,74.125.130.0-255,2902,77104,94,301062
31425,0.001982,172.31.47.0-255,66,77170,94,301062
31426,0.002016,74.125.130.0-255,5738,82908,94,301062
31427,0.002019,172.31.47.0-255,66,82974,94,301062
31428,0.002022,74.125.130.0-255,1484,84458,94,301062
31429,0.002051,172.31.47.0-255,66,84524,94,301062
31430,0.002087,74.125.130.0-255,1484,86008,94,301062
31431,0.00209,74.125.130.0-255,1484,87492,94,301062
31432,0.002092,172.31.47.0-255,66,87558,94,301062
31433,0.002103,172.31.47.0-255,66,87624,94,301062
31434,0.002135,74.125.130.0-255,1484,89108,94,301062
31435,0.002138,74.125.130.0-255,1484,90592,94,301062
31436,0.00214,172.31.47.0-255,66,90658,94,301062
31437,0.002156,74.125.130.0-255,1484,92142,94,301062
31438,0.002166,74.125.130.0-255,5738,97880,94,301062
31439,0.002168,172.31.47.0-255,66,97946,94,301062
31440,0.002173,74.125.130.0-255,4320,102266,94,301062
31441,0.002176,172.31.47.0-255,66,102332,94,301062
31442,0.002223,172.31.47.0-255,66,102398,94,301062
31443,0.002233,172.31.47.0-255,66,102464,94,301062
31444,0.002335,74.125.130.0-255,1484,103948,94,301062
31445,0.002339,74.125.130.0-255,1484,105432,94,301062
31446,0.002342,172.31.47.0-255,66,105498,94,301062
31447,0.002376,74.125.130.0-255,1484,106982,94,301062
31448,0.002382,74.125.130.0-255,5738,112720,94,301062
31449,0.002385,172.31.47.0-255,66,112786,94,301062
31450,0.002391,74.125.130.0-255,7156,119942,94,301062
31451,0.002393,172.31.47.0-255,66,120008,94,301062
31452,0.00241,74.125.130.0-255,2902,122910,94,301062
31453,0.002412,172.31.47.0-255,66,122976,94,301062
31454,0.002456,74.125.130.0-255,2184,125160,94,301062
31455,0.002498,172.31.47.0-255,66,125226,94,301062
31456,0.002501,172.31.47.0-255,66,125292,94,301062
31457,0.004974,74.125.130.0-255,4320,129612,94,301062
31458,0.00498,172.31.47.0-255,66,129678,94,301062
31459,0.005008,74.125.130.0-255,1484,131162,94,301062
31460,0.007476,74.125.130.0-255,4320,135482,94,301062
31461,0.007486,172.31.47.0-255,66,135548,94,301062
31462,0.009985,74.125.130.0-255,5738,141286,94,301062
31463,0.01,172.31.47.0-255,66,141352,94,301062
31464,0.012496,74.125.130.0-255,5738,147090,94,301062
31465,0.012511,172.31.47.0-255,66,147156,94,301062
31466,0.015039,74.125.130.0-255,5738,152894,94,301062
31467,0.015058,172.31.47.0-255,66,152960,94,301062
31468,0.017565,74.125.130.0-255,5738,158698,94,301062
31469,0.017582,172.31.47.0-255,66,158764,94,301062
31470,0.020075,74.125.130.0-255,5738,164502,94,301062
31471,0.02009,172.31.47.0-255,66,164568,94,301062
31472,0.022594,74.125.130.0-255,5738,170306,94,301062
31473,0.022602,172.31.47.0-255,66,170372,94,301062
31474,0.025108,74.125.130.0-255,5738,176110,94,301062
31475,0.025119,172.31.47.0-255,66,176176,94,301062
31476,0.027616,74.125.130.0-255,5738,181914,94,301062
31477,0.027631,172.31.47.0-255,66,181980,94,301062
31478,0.03013,74.125.130.0-255,5738,187718,94,301062
31479,0.03014,172.31.47.0-255,66,187784,94,301062
31480,0.032617,74.125.130.0-255,5738,193522,94,301062
31481,0.032624,172.31.47.0-255,66,193588,94,301062
31482,0.032912,172.31.47.0-255,172,193760,94,301062
31483,0.032945,172.31.47.0-255,1116,194876,94,301062
31484,0.033005,172.31.47.0-255,1514,196390,94,301062
31485,0.033035,172.31.47.0-255,1288,197678,94,301062
31486,0.034432,104.244.42.0-255,66,197744,94,301062
31487,0.034509,104.244.42.0-255,66,197810,94,301062
31488,0.034618,104.244.42.0-255,66,197876,94,301062
31489,0.034619,104.244.42.0-255,66,197942,94,301062
31490,0.0351,74.125.130.0-255,4320,202262,94,301062
31491,0.035104,172.31.47.0-255,66,202328,94,301062
31492,0.035135,74.125.130.0-255,1484,203812,94,301062
31493,0.03759,74.125.130.0-255,4320,208132,94,301062
31494,0.037595,172.31.47.0-255,66,208198,94,301062
31495,0.040076,74.125.130.0-255,5738,213936,94,301062
31496,0.040082,172.31.47.0-255,66,214002,94,301062
31497,0.042566,74.125.130.0-255,5738,219740,94,301062
31498,0.042576,172.31.47.0-255,66,219806,94,301062
31499,0.045062,74.125.130.0-255,5738,225544,94,301062
31500,0.04507,172.31.47.0-255,66,225610,94,301062
31501,0.047547,74.125.130.0-255,5738,231348,94,301062
31502,0.047552,172.31.47.0-255,66,231414,94,301062
31503,0.050033,74.125.130.0-255,5738,237152,94,301062
31504,0.050038,172.31.47.0-255,66,237218,94,301062
31505,0.052522,74.125.130.0-255,5738,242956,94,301062
31506,0.052528,172.31.47.0-255,66,243022,94,301062
31507,0.055016,74.125.130.0-255,5738,248760,94,301062
31508,0.055024,172.31.47.0-255,66,248826,94,301062
31509,0.057501,74.125.130.0-255,5738,254564,94,301062
31510,0.057506,172.31.47.0-255,66,254630,94,301062
31511,0.060018,74.125.130.0-255,5738,260368,94,301062
31512,0.060024,172.31.47.0-255,66,260434,94,301062
31513,0.062521,74.125.130.0-255,5738,266172,94,301062
31514,0.062528,172.31.47.0-255,66,266238,94,301062
31515,0.064999,74.125.130.0-255,5738,271976,94,301062
31516,0.065005,172.31.47.0-255,66,272042,94,301062
31517,0.067494,74.125.130.0-255,5738,277780,94,301062
31518,0.0675,172.31.47.0-255,66,277846,94,301062
31519,0.070039,74.125.130.0-255,5738,283584,94,301062
31520,0.070045,172.31.47.0-255,66,283650,94,301062
31521,0.072532,74.125.130.0-255,5738,289388,94,301062
31522,0.072538,172.31.47.0-255,66,289454,94,301062
31523,0.075052,74.125.130.0-255,5738,295192,94,301062
31524,0.075068,172.31.47.0-255,66,295258,94,301062
31525,0.077559,74.125.130.0-255,5738,300996,94,301062
31526,0.077569,172.31.47.0-255,66,301062,94,301062
31527,0.0,172.253.118.0-255,297,297,94,286844
31528,2.4e-05,172.31.47.0-255,66,363,94,286844
31529,3.1e-05,172.253.118.0-255,1484,1847,94,286844
31530,3.5e-05,172.31.47.0-255,66,1913,94,286844
31531,4.9e-05,172.253.118.0-255,4320,6233,94,286844
31532,5.3e-05,172.31.47.0-255,66,6299,94,286844
31533,5.8e-05,172.253.118.0-255,2902,9201,94,286844
31534,6.1e-05,172.31.47.0-255,66,9267,94,286844
31535,8.9e-05,172.253.118.0-255,4320,13587,94,286844
31536,9.3e-05,172.31.47.0-255,66,13653,94,286844
31537,9.6e-05,172.253.118.0-255,557,14210,94,286844
31538,9.8e-05,172.31.47.0-255,66,14276,94,286844
31539,0.000141,172.31.47.0-255,66,14342,94,286844
31540,0.000146,172.253.118.0-255,2902,17244,94,286844
31541,0.000148,172.31.47.0-255,66,17310,94,286844
31542,0.000153,172.253.118.0-255,3961,21271,94,286844
31543,0.000156,172.31.47.0-255,66,21337,94,286844
31544,0.000261,172.253.118.0-255,1484,22821,94,286844
31545,0.000265,172.31.47.0-255,66,22887,94,286844
31546,0.00027,172.253.118.0-255,2902,25789,94,286844
31547,0.000272,172.31.47.0-255,66,25855,94,286844
31548,0.000282,172.253.118.0-255,4320,30175,94,286844
31549,0.000285,172.31.47.0-255,66,30241,94,286844
31550,0.000306,172.253.118.0-255,1484,31725,94,286844
31551,0.000309,172.31.47.0-255,66,31791,94,286844
31552,0.000344,172.31.47.0-255,66,31857,94,286844
31553,0.000368,172.253.118.0-255,5379,37236,94,286844
31554,0.000372,172.31.47.0-255,66,37302,94,286844
31555,0.000417,172.31.47.0-255,66,37368,94,286844
31556,0.000522,172.253.118.0-255,111,37479,94,286844
31557,0.000685,172.253.118.0-255,1484,38963,94,286844
31558,0.00069,172.31.47.0-255,66,39029,94,286844
31559,0.000696,172.253.118.0-255,2902,41931,94,286844
31560,0.000699,172.31.47.0-255,66,41997,94,286844
31561,0.000735,172.253.118.0-255,5738,47735,94,286844
31562,0.000739,172.253.118.0-255,2902,50637,94,286844
31563,0.000745,172.31.47.0-255,66,50703,94,286844
31564,0.000753,172.31.47.0-255,66,50769,94,286844
31565,0.000765,172.253.118.0-255,6797,57566,94,286844
31566,0.000768,172.31.47.0-255,66,57632,94,286844
31567,0.00078,172.31.47.0-255,66,57698,94,286844
31568,0.000809,172.253.118.0-255,2902,60600,94,286844
31569,0.000811,172.31.47.0-255,66,60666,94,286844
31570,0.000834,172.253.118.0-255,1390,62056,94,286844
31571,0.001086,172.253.118.0-255,1484,63540,94,286844
31572,0.00109,172.253.118.0-255,1484,65024,94,286844
31573,0.001095,172.31.47.0-255,66,65090,94,286844
31574,0.001106,172.253.118.0-255,1484,66574,94,286844
31575,0.001108,172.31.47.0-255,66,66640,94,286844
31576,0.001119,172.253.118.0-255,5738,72378,94,286844
31577,0.001121,172.31.47.0-255,66,72444,94,286844
31578,0.001128,172.253.118.0-255,5738,78182,94,286844
31579,0.00113,172.31.47.0-255,66,78248,94,286844
31580,0.00116,172.253.118.0-255,7156,85404,94,286844
31581,0.001163,172.31.47.0-255,66,85470,94,286844
31582,0.001174,172.31.47.0-255,66,85536,94,286844
31583,0.001202,172.253.118.0-255,2184,87720,94,286844
31584,0.001205,172.31.47.0-255,66,87786,94,286844
31585,0.002383,172.253.118.0-255,1484,89270,94,286844
31586,0.002394,172.253.118.0-255,2902,92172,94,286844
31587,0.0024,172.31.47.0-255,66,92238,94,286844
31588,0.002407,172.253.118.0-255,4320,96558,94,286844
31589,0.002409,172.31.47.0-255,66,96624,94,286844
31590,0.002443,172.31.47.0-255,66,96690,94,286844
31591,0.002483,172.31.47.0-255,66,96756,94,286844
31592,0.002509,172.253.118.0-255,5020,101776,94,286844
31593,0.002512,172.31.47.0-255,66,101842,94,286844
31594,0.002564,172.253.118.0-255,1484,103326,94,286844
31595,0.002576,172.253.118.0-255,2902,106228,94,286844
31596,0.002579,172.31.47.0-255,66,106294,94,286844
31597,0.002586,172.253.118.0-255,5738,112032,94,286844
31598,0.002588,172.31.47.0-255,66,112098,94,286844
31599,0.005148,172.253.118.0-255,5738,117836,94,286844
31600,0.005155,172.31.47.0-255,66,117902,94,286844
31601,0.007725,172.253.118.0-255,5738,123640,94,286844
31602,0.007732,172.31.47.0-255,66,123706,94,286844
31603,0.010292,172.253.118.0-255,5738,129444,94,286844
31604,0.010299,172.31.47.0-255,66,129510,94,286844
31605,0.012872,172.253.118.0-255,5738,135248,94,286844
31606,0.01288,172.31.47.0-255,66,135314,94,286844
31607,0.015434,172.253.118.0-255,5738,141052,94,286844
31608,0.015442,172.31.47.0-255,66,141118,94,286844
31609,0.018007,172.253.118.0-255,5738,146856,94,286844
31610,0.018017,172.31.47.0-255,66,146922,94,286844
31611,0.020585,172.253.118.0-255,5738,152660,94,286844
31612,0.020591,172.31.47.0-255,66,152726,94,286844
31613,0.023145,172.253.118.0-255,5738,158464,94,286844
31614,0.023153,172.31.47.0-255,66,158530,94,286844
31615,0.025584,172.31.47.0-255,172,158702,94,286844
31616,0.025613,172.31.47.0-255,1116,159818,94,286844
31617,0.025666,172.31.47.0-255,1514,161332,94,286844
31618,0.025667,172.31.47.0-255,330,161662,94,286844
31619,0.025706,172.253.118.0-255,4320,165982,94,286844
31620,0.02571,172.31.47.0-255,66,166048,94,286844
31621,0.025734,172.253.118.0-255,1484,167532,94,286844
31622,0.027119,104.244.42.0-255,66,167598,94,286844
31623,0.02729,104.244.42.0-255,66,167664,94,286844
31624,0.027334,104.244.42.0-255,66,167730,94,286844
31625,0.028268,172.253.118.0-255,4320,172050,94,286844
31626,0.028274,172.31.47.0-255,66,172116,94,286844
31627,0.03083,172.253.118.0-255,5738,177854,94,286844
31628,0.030836,172.31.47.0-255,66,177920,94,286844
31629,0.033384,172.253.118.0-255,5738,183658,94,286844
31630,0.033389,172.31.47.0-255,66,183724,94,286844
31631,0.035949,172.253.118.0-255,5738,189462,94,286844
31632,0.035955,172.31.47.0-255,66,189528,94,286844
31633,0.038515,172.253.118.0-255,5738,195266,94,286844
31634,0.038522,172.31.47.0-255,66,195332,94,286844
31635,0.04108,172.253.118.0-255,5738,201070,94,286844
31636,0.041085,172.31.47.0-255,66,201136,94,286844
31637,0.04367,172.253.118.0-255,5738,206874,94,286844
31638,0.043676,172.31.47.0-255,66,206940,94,286844
31639,0.046231,172.253.118.0-255,5738,212678,94,286844
31640,0.046236,172.31.47.0-255,66,212744,94,286844
31641,0.048844,172.253.118.0-255,5738,218482,94,286844
31642,0.048855,172.31.47.0-255,66,218548,94,286844
31643,0.051421,172.253.118.0-255,5738,224286,94,286844
31644,0.051427,172.31.47.0-255,66,224352,94,286844
31645,0.053985,172.253.118.0-255,5738,230090,94,286844
31646,0.053991,172.31.47.0-255,66,230156,94,286844
31647,0.056546,172.253.118.0-255,5738,235894,94,286844
31648,0.056552,172.31.47.0-255,66,235960,94,286844
31649,0.059111,172.253.118.0-255,5738,241698,94,286844
31650,0.059117,172.31.47.0-255,66,241764,94,286844
31651,0.061654,172.253.118.0-255,5738,247502,94,286844
31652,0.061659,172.31.47.0-255,66,247568,94,286844
31653,0.064236,172.253.118.0-255,5738,253306,94,286844
31654,0.064244,172.31.47.0-255,66,253372,94,286844
31655,0.066808,172.253.118.0-255,5738,259110,94,286844
31656,0.066814,172.31.47.0-255,66,259176,94,286844
31657,0.069371,172.253.118.0-255,5738,264914,94,286844
31658,0.069376,172.31.47.0-255,66,264980,94,286844
31659,0.071941,172.253.118.0-255,5738,270718,94,286844
31660,0.071947,172.31.47.0-255,66,270784,94,286844
31661,0.074492,172.253.118.0-255,4320,275104,94,286844
31662,0.074497,172.31.47.0-255,66,275170,94,286844
31663,0.074521,172.253.118.0-255,1484,276654,94,286844
31664,0.077058,172.253.118.0-255,4320,280974,94,286844
31665,0.077064,172.31.47.0-255,66,281040,94,286844
31666,0.079628,172.253.118.0-255,5738,286778,94,286844
31667,0.079633,172.31.47.0-255,66,286844,94,286844
31668,0.0,172.217.194.0-255,153,153,94,166303
31669,3e-05,172.31.47.0-255,66,219,94,166303
31670,3.6e-05,172.217.194.0-255,1484,1703,94,166303
31671,4e-05,172.31.47.0-255,66,1769,94,166303
31672,4.4e-05,172.217.194.0-255,2902,4671,94,166303
31673,4.7e-05,172.31.47.0-255,66,4737,94,166303
31674,5.3e-05,172.217.194.0-255,7156,11893,94,166303
31675,5.5e-05,172.31.47.0-255,66,11959,94,166303
31676,5.9e-05,172.217.194.0-255,2112,14071,94,166303
31677,6.1e-05,172.31.47.0-255,66,14137,94,166303
31678,0.0001,172.31.47.0-255,66,14203,94,166303
31679,0.000104,172.217.194.0-255,2902,17105,94,166303
31680,0.000105,172.31.47.0-255,66,17171,94,166303
31681,0.00012,172.217.194.0-255,2543,19714,94,166303
31682,0.000123,172.31.47.0-255,66,19780,94,166303
31683,0.000153,172.217.194.0-255,1484,21264,94,166303
31684,0.000156,172.31.47.0-255,66,21330,94,166303
31685,0.000178,172.217.194.0-255,4320,25650,94,166303
31686,0.000181,172.31.47.0-255,66,25716,94,166303
31687,0.000188,172.217.194.0-255,7156,32872,94,166303
31688,0.00019,172.31.47.0-255,66,32938,94,166303
31689,0.000197,172.217.194.0-255,7156,40094,94,166303
31690,0.000198,172.31.47.0-255,66,40160,94,166303
31691,0.000229,172.217.194.0-255,7156,47316,94,166303
31692,0.000231,172.31.47.0-255,66,47382,94,166303
31693,0.000237,172.217.194.0-255,6438,53820,94,166303
31694,0.000239,172.31.47.0-255,66,53886,94,166303
31695,0.000241,172.217.194.0-255,408,54294,94,166303
31696,0.000245,172.31.47.0-255,66,54360,94,166303
31697,0.000305,172.217.194.0-255,1484,55844,94,166303
31698,0.000308,172.31.47.0-255,66,55910,94,166303
31699,0.000351,172.217.194.0-255,2902,58812,94,166303
31700,0.000354,172.31.47.0-255,66,58878,94,166303
31701,0.000359,172.217.194.0-255,5738,64616,94,166303
31702,0.000361,172.31.47.0-255,66,64682,94,166303
31703,0.000373,172.31.47.0-255,66,64748,94,166303
31704,0.000379,172.217.194.0-255,5738,70486,94,166303
31705,0.000381,172.31.47.0-255,66,70552,94,166303
31706,0.000399,172.217.194.0-255,5020,75572,94,166303
31707,0.000402,172.31.47.0-255,66,75638,94,166303
31708,0.000405,172.217.194.0-255,367,76005,94,166303
31709,0.000519,172.217.194.0-255,1484,77489,94,166303
31710,0.000523,172.31.47.0-255,66,77555,94,166303
31711,0.000533,172.217.194.0-255,2902,80457,94,166303
31712,0.000535,172.31.47.0-255,66,80523,94,166303
31713,0.000541,172.217.194.0-255,5738,86261,94,166303
31714,0.000543,172.31.47.0-255,66,86327,94,166303
31715,0.000577,172.31.47.0-255,66,86393,94,166303
31716,0.000587,172.31.47.0-255,66,86459,94,166303
31717,0.000607,172.217.194.0-255,766,87225,94,166303
31718,0.000639,172.217.194.0-255,1484,88709,94,166303
31719,0.000642,172.31.47.0-255,66,88775,94,166303
31720,0.000654,172.217.194.0-255,4320,93095,94,166303
31721,0.000656,172.31.47.0-255,66,93161,94,166303
31722,0.000674,172.217.194.0-255,1484,94645,94,166303
31723,0.000691,172.217.194.0-255,7156,101801,94,166303
31724,0.000694,172.31.47.0-255,66,101867,94,166303
31725,0.000726,172.217.194.0-255,2902,104769,94,166303
31726,0.000728,172.31.47.0-255,66,104835,94,166303
31727,0.000755,172.31.47.0-255,66,104901,94,166303
31728,0.00078,172.217.194.0-255,2902,107803,94,166303
31729,0.000783,172.31.47.0-255,66,107869,94,166303
31730,0.000799,172.217.194.0-255,2184,110053,94,166303
31731,0.000803,172.217.194.0-255,4320,114373,94,166303
31732,0.000803,172.31.47.0-255,66,114439,94,166303
31733,0.000806,172.31.47.0-255,66,114505,94,166303
31734,0.000817,172.217.194.0-255,1484,115989,94,166303
31735,0.000819,172.217.194.0-255,1484,117473,94,166303
31736,0.000823,172.31.47.0-255,66,117539,94,166303
31737,0.000835,172.217.194.0-255,5738,123277,94,166303
31738,0.000837,172.31.47.0-255,66,123343,94,166303
31739,0.000855,172.217.194.0-255,5738,129081,94,166303
31740,0.000857,172.31.47.0-255,66,129147,94,166303
31741,0.000868,172.217.194.0-255,2902,132049,94,166303
31742,0.000871,172.31.47.0-255,66,132115,94,166303
31743,0.000903,172.31.47.0-255,66,132181,94,166303
31744,0.000906,172.217.194.0-255,766,132947,94,166303
31745,0.001342,172.217.194.0-255,1484,134431,94,166303
31746,0.001346,172.31.47.0-255,66,134497,94,166303
31747,0.001352,172.217.194.0-255,2902,137399,94,166303
31748,0.001354,172.31.47.0-255,66,137465,94,166303
31749,0.00136,172.217.194.0-255,5738,143203,94,166303
31750,0.001362,172.31.47.0-255,66,143269,94,166303
31751,0.001365,172.217.194.0-255,1484,144753,94,166303
31752,0.001397,172.31.47.0-255,66,144819,94,166303
31753,0.001406,172.31.47.0-255,66,144885,94,166303
31754,0.001445,172.217.194.0-255,4320,149205,94,166303
31755,0.001448,172.31.47.0-255,66,149271,94,166303
31756,0.001477,172.31.47.0-255,66,149337,94,166303
31757,0.001497,172.31.47.0-255,66,149403,94,166303
31758,0.001537,172.217.194.0-255,4320,153723,94,166303
31759,0.00154,172.31.47.0-255,66,153789,94,166303
31760,0.001576,172.31.47.0-255,66,153855,94,166303
31761,0.00159,172.31.47.0-255,66,153921,94,166303
31762,0.001604,172.31.47.0-255,66,153987,94,166303
31763,0.00161,172.217.194.0-255,7156,161143,94,166303
31764,0.001612,172.31.47.0-255,66,161209,94,166303
31765,0.001663,172.31.47.0-255,66,161275,94,166303
31766,0.001669,172.31.47.0-255,66,161341,94,166303
31767,0.001692,172.31.47.0-255,66,161407,94,166303
31768,0.001703,172.31.47.0-255,66,161473,94,166303
31769,0.001748,172.31.47.0-255,66,161539,94,166303
31770,0.00176,172.31.47.0-255,66,161605,94,166303
31771,0.00177,172.31.47.0-255,66,161671,94,166303
31772,0.001781,172.217.194.0-255,105,161776,94,166303
31773,0.003448,172.31.47.0-255,66,161842,94,166303
31774,0.003476,172.31.47.0-255,105,161947,94,166303
31775,0.005518,172.217.194.0-255,66,162013,94,166303
31776,0.042314,172.31.47.0-255,172,162185,94,166303
31777,0.042347,172.31.47.0-255,1108,163293,94,166303
31778,0.042398,172.31.47.0-255,1514,164807,94,166303
31779,0.0424,172.31.47.0-255,1298,166105,94,166303
31780,0.043867,104.244.42.0-255,66,166171,94,166303
31781,0.043876,104.244.42.0-255,66,166237,94,166303
31782,0.04392,104.244.42.0-255,66,166303,94,166303
31783,0.0,172.217.194.0-255,297,297,94,248371
31784,1.9e-05,172.31.47.0-255,66,363,94,248371
31785,2.4e-05,172.217.194.0-255,1484,1847,94,248371
31786,2.7e-05,172.31.47.0-255,66,1913,94,248371
31787,3.2e-05,172.217.194.0-255,2902,4815,94,248371
31788,3.4e-05,172.31.47.0-255,66,4881,94,248371
31789,5.3e-05,172.217.194.0-255,1484,6365,94,248371
31790,5.5e-05,172.31.47.0-255,66,6431,94,248371
31791,8.5e-05,172.217.194.0-255,5738,12169,94,248371
31792,8.7e-05,172.31.47.0-255,66,12235,94,248371
31793,0.000103,172.217.194.0-255,2007,14242,94,248371
31794,0.000104,172.31.47.0-255,66,14308,94,248371
31795,0.00011,172.217.194.0-255,7156,21464,94,248371
31796,0.000112,172.31.47.0-255,66,21530,94,248371
31797,0.000138,172.217.194.0-255,1484,23014,94,248371
31798,0.00014,172.31.47.0-255,66,23080,94,248371
31799,0.000149,172.31.47.0-255,66,23146,94,248371
31800,0.000271,172.217.194.0-255,1484,24630,94,248371
31801,0.000275,172.31.47.0-255,66,24696,94,248371
31802,0.000278,172.217.194.0-255,1484,26180,94,248371
31803,0.00028,172.31.47.0-255,66,26246,94,248371
31804,0.000308,172.217.194.0-255,1484,27730,94,248371
31805,0.00031,172.31.47.0-255,66,27796,94,248371
31806,0.000315,172.217.194.0-255,5738,33534,94,248371
31807,0.000316,172.31.47.0-255,66,33600,94,248371
31808,0.000355,172.31.47.0-255,66,33666,94,248371
31809,0.000378,172.31.47.0-255,66,33732,94,248371
31810,0.000389,172.217.194.0-255,2543,36275,94,248371
31811,0.000394,172.31.47.0-255,66,36341,94,248371
31812,0.000409,172.217.194.0-255,678,37019,94,248371
31813,0.000722,172.217.194.0-255,1484,38503,94,248371
31814,0.000726,172.31.47.0-255,66,38569,94,248371
31815,0.000731,172.217.194.0-255,2902,41471,94,248371
31816,0.000732,172.31.47.0-255,66,41537,94,248371
31817,0.000762,172.217.194.0-255,5738,47275,94,248371
31818,0.000765,172.31.47.0-255,66,47341,94,248371
31819,0.00077,172.217.194.0-255,5738,53079,94,248371
31820,0.000771,172.31.47.0-255,66,53145,94,248371
31821,0.000798,172.217.194.0-255,7156,60301,94,248371
31822,0.0008,172.31.47.0-255,66,60367,94,248371
31823,0.000808,172.31.47.0-255,66,60433,94,248371
31824,0.000829,172.217.194.0-255,2184,62617,94,248371
31825,0.000831,172.31.47.0-255,66,62683,94,248371
31826,0.001569,172.217.194.0-255,1484,64167,94,248371
31827,0.001577,172.217.194.0-255,2902,67069,94,248371
31828,0.00158,172.31.47.0-255,66,67135,94,248371
31829,0.001607,172.217.194.0-255,5738,72873,94,248371
31830,0.001609,172.31.47.0-255,66,72939,94,248371
31831,0.001614,172.217.194.0-255,4320,77259,94,248371
31832,0.001615,172.31.47.0-255,66,77325,94,248371
31833,0.001618,172.217.194.0-255,2902,80227,94,248371
31834,0.00162,172.31.47.0-255,66,80293,94,248371
31835,0.001651,172.31.47.0-255,66,80359,94,248371
31836,0.001677,172.217.194.0-255,5738,86097,94,248371
31837,0.001678,172.31.47.0-255,66,86163,94,248371
31838,0.001698,172.217.194.0-255,2184,88347,94,248371
31839,0.001699,172.31.47.0-255,66,88413,94,248371
31840,0.001713,172.217.194.0-255,1484,89897,94,248371
31841,0.001715,172.217.194.0-255,1484,91381,94,248371
31842,0.001717,172.31.47.0-255,66,91447,94,248371
31843,0.001741,172.217.194.0-255,1484,92931,94,248371
31844,0.001747,172.217.194.0-255,5738,98669,94,248371
31845,0.001749,172.31.47.0-255,66,98735,94,248371
31846,0.001752,172.217.194.0-255,1484,100219,94,248371
31847,0.001774,172.217.194.0-255,7156,107375,94,248371
31848,0.001776,172.31.47.0-255,66,107441,94,248371
31849,0.001827,172.31.47.0-255,66,107507,94,248371
31850,0.001882,172.217.194.0-255,1484,108991,94,248371
31851,0.001886,172.217.194.0-255,1484,110475,94,248371
31852,0.001888,172.31.47.0-255,66,110541,94,248371
31853,0.001911,172.217.194.0-255,1484,112025,94,248371
31854,0.001917,172.217.194.0-255,5738,117763,94,248371
31855,0.001919,172.31.47.0-255,66,117829,94,248371
31856,0.001925,172.217.194.0-255,7156,124985,94,248371
31857,0.001939,172.31.47.0-255,66,125051,94,248371
31858,0.001967,172.217.194.0-255,5738,130789,94,248371
31859,0.00197,172.31.47.0-255,66,130855,94,248371
31860,0.00198,172.31.47.0-255,66,130921,94,248371
31861,0.002058,172.217.194.0-255,1484,132405,94,248371
31862,0.002071,172.217.194.0-255,2902,135307,94,248371
31863,0.002073,172.31.47.0-255,66,135373,94,248371
31864,0.002077,172.217.194.0-255,2902,138275,94,248371
31865,0.002079,172.31.47.0-255,66,138341,94,248371
31866,0.002093,172.217.194.0-255,2902,141243,94,248371
31867,0.002095,172.31.47.0-255,66,141309,94,248371
31868,0.002099,172.217.194.0-255,2902,144211,94,248371
31869,0.0021,172.31.47.0-255,66,144277,94,248371
31870,0.002148,172.31.47.0-255,66,144343,94,248371
31871,0.00216,172.31.47.0-255,66,144409,94,248371
31872,0.002162,172.217.194.0-255,766,145175,94,248371
31873,0.002387,172.217.194.0-255,1484,146659,94,248371
31874,0.002393,172.31.47.0-255,66,146725,94,248371
31875,0.002398,172.217.194.0-255,2902,149627,94,248371
31876,0.002401,172.31.47.0-255,66,149693,94,248371
31877,0.002406,172.217.194.0-255,5738,155431,94,248371
31878,0.002408,172.31.47.0-255,66,155497,94,248371
31879,0.002413,172.217.194.0-255,4320,159817,94,248371
31880,0.002415,172.31.47.0-255,66,159883,94,248371
31881,0.00253,172.31.47.0-255,66,159949,94,248371
31882,0.002546,172.31.47.0-255,66,160015,94,248371
31883,0.00256,172.31.47.0-255,66,160081,94,248371
31884,0.002576,172.31.47.0-255,66,160147,94,248371
31885,0.002589,172.31.47.0-255,66,160213,94,248371
31886,0.002596,172.217.194.0-255,7156,167369,94,248371
31887,0.002599,172.31.47.0-255,66,167435,94,248371
31888,0.002612,172.31.47.0-255,66,167501,94,248371
31889,0.005171,172.217.194.0-255,5738,173239,94,248371
31890,0.005183,172.31.47.0-255,66,173305,94,248371
31891,0.007774,172.217.194.0-255,5738,179043,94,248371
31892,0.007787,172.31.47.0-255,66,179109,94,248371
31893,0.010357,172.217.194.0-255,5738,184847,94,248371
31894,0.010369,172.31.47.0-255,66,184913,94,248371
31895,0.012954,172.217.194.0-255,5738,190651,94,248371
31896,0.01297,172.31.47.0-255,66,190717,94,248371
31897,0.015524,172.217.194.0-255,5738,196455,94,248371
31898,0.015532,172.31.47.0-255,66,196521,94,248371
31899,0.018109,172.217.194.0-255,5738,202259,94,248371
31900,0.018118,172.31.47.0-255,66,202325,94,248371
31901,0.020693,172.217.194.0-255,5738,208063,94,248371
31902,0.020702,172.31.47.0-255,66,208129,94,248371
31903,0.023282,172.217.194.0-255,5738,213867,94,248371
31904,0.023292,172.31.47.0-255,66,213933,94,248371
31905,0.025874,172.217.194.0-255,5738,219671,94,248371
31906,0.025885,172.31.47.0-255,66,219737,94,248371
31907,0.027346,172.31.47.0-255,172,219909,94,248371
31908,0.027424,172.31.47.0-255,1116,221025,94,248371
31909,0.027708,172.31.47.0-255,1514,222539,94,248371
31910,0.02771,172.31.47.0-255,330,222869,94,248371
31911,0.028453,172.217.194.0-255,5738,228607,94,248371
31912,0.02846,172.31.47.0-255,66,228673,94,248371
31913,0.028861,104.244.42.0-255,66,228739,94,248371
31914,0.028941,104.244.42.0-255,66,228805,94,248371
31915,0.029242,104.244.42.0-255,66,228871,94,248371
31916,0.031037,172.217.194.0-255,5738,234609,94,248371
31917,0.031051,172.31.47.0-255,66,234675,94,248371
31918,0.033638,172.217.194.0-255,5738,240413,94,248371
31919,0.033646,172.31.47.0-255,66,240479,94,248371
31920,0.03622,172.217.194.0-255,5738,246217,94,248371
31921,0.036226,172.31.47.0-255,66,246283,94,248371
31922,0.038785,172.217.194.0-255,1851,248134,94,248371
31923,0.03879,172.31.47.0-255,66,248200,94,248371
31924,0.040016,172.31.47.0-255,105,248305,94,248371
31925,0.042527,172.217.194.0-255,66,248371,94,248371
31926,0.0,74.125.24.0-255,153,153,94,294902
31927,3e-05,172.31.47.0-255,66,219,94,294902
31928,3.6e-05,74.125.24.0-255,1484,1703,94,294902
31929,3.9e-05,172.31.47.0-255,66,1769,94,294902
31930,4.4e-05,74.125.24.0-255,2902,4671,94,294902
31931,5.3e-05,172.31.47.0-255,66,4737,94,294902
31932,5.5e-05,74.125.24.0-255,1484,6221,94,294902
31933,5.7e-05,172.31.47.0-255,66,6287,94,294902
31934,9.2e-05,74.125.24.0-255,5738,12025,94,294902
31935,9.4e-05,172.31.47.0-255,66,12091,94,294902
31936,9.8e-05,74.125.24.0-255,2165,14256,94,294902
31937,0.0001,172.31.47.0-255,66,14322,94,294902
31938,0.000134,172.31.47.0-255,66,14388,94,294902
31939,0.000169,74.125.24.0-255,1484,15872,94,294902
31940,0.000172,172.31.47.0-255,66,15938,94,294902
31941,0.000178,74.125.24.0-255,5379,21317,94,294902
31942,0.000181,172.31.47.0-255,66,21383,94,294902
31943,0.000215,74.125.24.0-255,5738,27121,94,294902
31944,0.000218,172.31.47.0-255,66,27187,94,294902
31945,0.000222,74.125.24.0-255,4320,31507,94,294902
31946,0.000224,172.31.47.0-255,66,31573,94,294902
31947,0.000278,74.125.24.0-255,6797,38370,94,294902
31948,0.000281,172.31.47.0-255,66,38436,94,294902
31949,0.000424,74.125.24.0-255,1484,39920,94,294902
31950,0.000427,172.31.47.0-255,66,39986,94,294902
31951,0.000453,74.125.24.0-255,2902,42888,94,294902
31952,0.000456,172.31.47.0-255,66,42954,94,294902
31953,0.000461,74.125.24.0-255,5738,48692,94,294902
31954,0.000464,172.31.47.0-255,66,48758,94,294902
31955,0.000498,74.125.24.0-255,7144,55902,94,294902
31956,0.000501,172.31.47.0-255,66,55968,94,294902
31957,0.000758,74.125.24.0-255,332,56300,94,294902
31958,0.000952,74.125.24.0-255,1484,57784,94,294902
31959,0.000957,172.31.47.0-255,66,57850,94,294902
31960,0.000962,74.125.24.0-255,2902,60752,94,294902
31961,0.000964,172.31.47.0-255,66,60818,94,294902
31962,0.000991,74.125.24.0-255,5738,66556,94,294902
31963,0.000993,172.31.47.0-255,66,66622,94,294902
31964,0.000997,74.125.24.0-255,2902,69524,94,294902
31965,0.000999,172.31.47.0-255,66,69590,94,294902
31966,0.001036,74.125.24.0-255,3961,73551,94,294902
31967,0.001039,172.31.47.0-255,66,73617,94,294902
31968,0.001128,74.125.24.0-255,1484,75101,94,294902
31969,0.001134,74.125.24.0-255,2902,78003,94,294902
31970,0.001137,172.31.47.0-255,66,78069,94,294902
31971,0.001142,74.125.24.0-255,4320,82389,94,294902
31972,0.001144,172.31.47.0-255,66,82455,94,294902
31973,0.001159,74.125.24.0-255,1484,83939,94,294902
31974,0.001185,74.125.24.0-255,2902,86841,94,294902
31975,0.001187,172.31.47.0-255,66,86907,94,294902
31976,0.001199,74.125.24.0-255,3961,90868,94,294902
31977,0.001204,172.31.47.0-255,66,90934,94,294902
31978,0.001825,74.125.24.0-255,1484,92418,94,294902
31979,0.00184,74.125.24.0-255,2902,95320,94,294902
31980,0.001842,172.31.47.0-255,66,95386,94,294902
31981,0.001846,74.125.24.0-255,2902,98288,94,294902
31982,0.001847,172.31.47.0-255,66,98354,94,294902
31983,0.001868,74.125.24.0-255,2902,101256,94,294902
31984,0.00187,172.31.47.0-255,66,101322,94,294902
31985,0.001874,74.125.24.0-255,4320,105642,94,294902
31986,0.001875,172.31.47.0-255,66,105708,94,294902
31987,0.00192,172.31.47.0-255,66,105774,94,294902
31988,0.00193,172.31.47.0-255,66,105840,94,294902
31989,0.004264,74.125.24.0-255,4320,110160,94,294902
31990,0.004267,172.31.47.0-255,66,110226,94,294902
31991,0.004275,74.125.24.0-255,1484,111710,94,294902
31992,0.006614,74.125.24.0-255,4320,116030,94,294902
31993,0.006622,172.31.47.0-255,66,116096,94,294902
31994,0.008982,74.125.24.0-255,5738,121834,94,294902
31995,0.008993,172.31.47.0-255,66,121900,94,294902
31996,0.011334,74.125.24.0-255,5738,127638,94,294902
31997,0.011346,172.31.47.0-255,66,127704,94,294902
31998,0.013661,74.125.24.0-255,5738,133442,94,294902
31999,0.01367,172.31.47.0-255,66,133508,94,294902
32000,0.015983,74.125.24.0-255,5738,139246,94,294902
32001,0.015991,172.31.47.0-255,66,139312,94,294902
32002,0.018317,172.31.47.0-255,172,139484,94,294902
32003,0.018359,74.125.24.0-255,5738,145222,94,294902
32004,0.018364,172.31.47.0-255,66,145288,94,294902
32005,0.018369,172.31.47.0-255,1116,146404,94,294902
32006,0.018388,172.31.47.0-255,1514,147918,94,294902
32007,0.01839,172.31.47.0-255,1290,149208,94,294902
32008,0.019901,104.244.42.0-255,66,149274,94,294902
32009,0.019907,104.244.42.0-255,66,149340,94,294902
32010,0.019948,104.244.42.0-255,66,149406,94,294902
32011,0.020688,74.125.24.0-255,4320,153726,94,294902
32012,0.020693,172.31.47.0-255,66,153792,94,294902
32013,0.02072,74.125.24.0-255,1484,155276,94,294902
32014,0.023038,74.125.24.0-255,4320,159596,94,294902
32015,0.023042,172.31.47.0-255,66,159662,94,294902
32016,0.02537,74.125.24.0-255,5738,165400,94,294902
32017,0.025376,172.31.47.0-255,66,165466,94,294902
32018,0.027702,74.125.24.0-255,5738,171204,94,294902
32019,0.027708,172.31.47.0-255,66,171270,94,294902
32020,0.030025,74.125.24.0-255,4320,175590,94,294902
32021,0.03003,172.31.47.0-255,66,175656,94,294902
32022,0.030061,74.125.24.0-255,1484,177140,94,294902
32023,0.032352,74.125.24.0-255,4320,181460,94,294902
32024,0.032357,172.31.47.0-255,66,181526,94,294902
32025,0.034674,74.125.24.0-255,4320,185846,94,294902
32026,0.034679,172.31.47.0-255,66,185912,94,294902
32027,0.034745,74.125.24.0-255,1484,187396,94,294902
32028,0.037022,74.125.24.0-255,4320,191716,94,294902
32029,0.037027,172.31.47.0-255,66,191782,94,294902
32030,0.039394,74.125.24.0-255,5738,197520,94,294902
32031,0.039399,172.31.47.0-255,66,197586,94,294902
32032,0.041714,74.125.24.0-255,5738,203324,94,294902
32033,0.041718,172.31.47.0-255,66,203390,94,294902
32034,0.044055,74.125.24.0-255,5738,209128,94,294902
32035,0.04406,172.31.47.0-255,66,209194,94,294902
32036,0.046388,74.125.24.0-255,5738,214932,94,294902
32037,0.046394,172.31.47.0-255,66,214998,94,294902
32038,0.048748,74.125.24.0-255,5738,220736,94,294902
32039,0.048754,172.31.47.0-255,66,220802,94,294902
32040,0.051085,74.125.24.0-255,5738,226540,94,294902
32041,0.051092,172.31.47.0-255,66,226606,94,294902
32042,0.053445,74.125.24.0-255,5738,232344,94,294902
32043,0.053449,172.31.47.0-255,66,232410,94,294902
32044,0.055766,74.125.24.0-255,5738,238148,94,294902
32045,0.055772,172.31.47.0-255,66,238214,94,294902
32046,0.058094,74.125.24.0-255,5738,243952,94,294902
32047,0.058099,172.31.47.0-255,66,244018,94,294902
32048,0.060422,74.125.24.0-255,5738,249756,94,294902
32049,0.060428,172.31.47.0-255,66,249822,94,294902
32050,0.062745,74.125.24.0-255,5738,255560,94,294902
32051,0.06275,172.31.47.0-255,66,255626,94,294902
32052,0.065066,74.125.24.0-255,5738,261364,94,294902
32053,0.065072,172.31.47.0-255,66,261430,94,294902
32054,0.067422,74.125.24.0-255,5738,267168,94,294902
32055,0.067426,172.31.47.0-255,66,267234,94,294902
32056,0.069756,74.125.24.0-255,5738,272972,94,294902
32057,0.06976,172.31.47.0-255,66,273038,94,294902
32058,0.072079,74.125.24.0-255,5738,278776,94,294902
32059,0.072084,172.31.47.0-255,66,278842,94,294902
32060,0.074391,74.125.24.0-255,5738,284580,94,294902
32061,0.074396,172.31.47.0-255,66,284646,94,294902
32062,0.076691,74.125.24.0-255,4320,288966,94,294902
32063,0.076695,172.31.47.0-255,66,289032,94,294902
32064,0.076726,74.125.24.0-255,1484,290516,94,294902
32065,0.079034,74.125.24.0-255,4320,294836,94,294902
32066,0.079039,172.31.47.0-255,66,294902,94,294902
32067,0.0,74.125.24.0-255,153,153,94,266283
32068,2.3e-05,172.31.47.0-255,66,219,94,266283
32069,2.9e-05,74.125.24.0-255,1484,1703,94,266283
32070,3.3e-05,172.31.47.0-255,66,1769,94,266283
32071,3.8e-05,74.125.24.0-255,2902,4671,94,266283
32072,4.1e-05,172.31.47.0-255,66,4737,94,266283
32073,4.6e-05,74.125.24.0-255,4320,9057,94,266283
32074,4.8e-05,172.31.47.0-255,66,9123,94,266283
32075,7.4e-05,74.125.24.0-255,2902,12025,94,266283
32076,7.6e-05,172.31.47.0-255,66,12091,94,266283
32077,8.1e-05,74.125.24.0-255,2209,14300,94,266283
32078,8.3e-05,172.31.47.0-255,66,14366,94,266283
32079,0.00027,74.125.24.0-255,1484,15850,94,266283
32080,0.000274,172.31.47.0-255,66,15916,94,266283
32081,0.000279,74.125.24.0-255,2902,18818,94,266283
32082,0.000282,172.31.47.0-255,66,18884,94,266283
32083,0.000293,74.125.24.0-255,1484,20368,94,266283
32084,0.000295,172.31.47.0-255,66,20434,94,266283
32085,0.000315,74.125.24.0-255,4320,24754,94,266283
32086,0.000318,172.31.47.0-255,66,24820,94,266283
32087,0.00032,74.125.24.0-255,1484,26304,94,266283
32088,0.000322,172.31.47.0-255,66,26370,94,266283
32089,0.000343,74.125.24.0-255,5379,31749,94,266283
32090,0.000346,172.31.47.0-255,66,31815,94,266283
32091,0.000353,74.125.24.0-255,7156,38971,94,266283
32092,0.000356,172.31.47.0-255,66,39037,94,266283
32093,0.000394,74.125.24.0-255,5738,44775,94,266283
32094,0.000398,172.31.47.0-255,66,44841,94,266283
32095,0.000418,172.31.47.0-255,66,44907,94,266283
32096,0.000422,74.125.24.0-255,2902,47809,94,266283
32097,0.000424,172.31.47.0-255,66,47875,94,266283
32098,0.000445,172.31.47.0-255,66,47941,94,266283
32099,0.000519,74.125.24.0-255,364,48305,94,266283
32100,0.000551,74.125.24.0-255,1484,49789,94,266283
32101,0.000554,172.31.47.0-255,66,49855,94,266283
32102,0.00057,74.125.24.0-255,4320,54175,94,266283
32103,0.000572,172.31.47.0-255,66,54241,94,266283
32104,0.000576,74.125.24.0-255,2902,57143,94,266283
32105,0.000578,172.31.47.0-255,66,57209,94,266283
32106,0.000595,74.125.24.0-255,1484,58693,94,266283
32107,0.000628,74.125.24.0-255,2902,61595,94,266283
32108,0.000632,172.31.47.0-255,66,61661,94,266283
32109,0.000649,74.125.24.0-255,3694,65355,94,266283
32110,0.000652,172.31.47.0-255,66,65421,94,266283
32111,0.000674,74.125.24.0-255,4320,69741,94,266283
32112,0.000677,172.31.47.0-255,66,69807,94,266283
32113,0.000695,74.125.24.0-255,2902,72709,94,266283
32114,0.000698,172.31.47.0-255,66,72775,94,266283
32115,0.000707,172.31.47.0-255,66,72841,94,266283
32116,0.000739,172.31.47.0-255,66,72907,94,266283
32117,0.000761,74.125.24.0-255,5738,78645,94,266283
32118,0.000763,172.31.47.0-255,66,78711,94,266283
32119,0.000767,74.125.24.0-255,2184,80895,94,266283
32120,0.000769,172.31.47.0-255,66,80961,94,266283
32121,0.000808,74.125.24.0-255,7156,88117,94,266283
32122,0.000811,172.31.47.0-255,66,88183,94,266283
32123,0.000838,172.31.47.0-255,66,88249,94,266283
32124,0.000844,74.125.24.0-255,1484,89733,94,266283
32125,0.000849,74.125.24.0-255,4320,94053,94,266283
32126,0.000851,172.31.47.0-255,66,94119,94,266283
32127,0.000869,74.125.24.0-255,6438,100557,94,266283
32128,0.000871,172.31.47.0-255,66,100623,94,266283
32129,0.000874,74.125.24.0-255,1484,102107,94,266283
32130,0.000907,172.31.47.0-255,66,102173,94,266283
32131,0.000917,172.31.47.0-255,66,102239,94,266283
32132,0.00095,74.125.24.0-255,2902,105141,94,266283
32133,0.000953,172.31.47.0-255,66,105207,94,266283
32134,0.000975,172.31.47.0-255,66,105273,94,266283
32135,0.00146,74.125.24.0-255,1484,106757,94,266283
32136,0.001466,74.125.24.0-255,2902,109659,94,266283
32137,0.001469,172.31.47.0-255,66,109725,94,266283
32138,0.001476,74.125.24.0-255,5738,115463,94,266283
32139,0.001479,172.31.47.0-255,66,115529,94,266283
32140,0.001518,172.31.47.0-255,66,115595,94,266283
32141,0.001528,172.31.47.0-255,66,115661,94,266283
32142,0.001565,74.125.24.0-255,2184,117845,94,266283
32143,0.001568,172.31.47.0-255,66,117911,94,266283
32144,0.00164,74.125.24.0-255,1484,119395,94,266283
32145,0.001654,74.125.24.0-255,2902,122297,94,266283
32146,0.001657,172.31.47.0-255,66,122363,94,266283
32147,0.001682,74.125.24.0-255,5738,128101,94,266283
32148,0.001686,172.31.47.0-255,66,128167,94,266283
32149,0.001756,172.31.47.0-255,66,128233,94,266283
32150,0.001769,172.31.47.0-255,66,128299,94,266283
32151,0.001773,74.125.24.0-255,2184,130483,94,266283
32152,0.001775,172.31.47.0-255,66,130549,94,266283
32153,0.001807,74.125.24.0-255,2902,133451,94,266283
32154,0.001813,172.31.47.0-255,66,133517,94,266283
32155,0.001819,74.125.24.0-255,4320,137837,94,266283
32156,0.001821,172.31.47.0-255,66,137903,94,266283
32157,0.001848,172.31.47.0-255,66,137969,94,266283
32158,0.001871,74.125.24.0-255,4320,142289,94,266283
32159,0.001875,172.31.47.0-255,66,142355,94,266283
32160,0.001894,74.125.24.0-255,5738,148093,94,266283
32161,0.001897,172.31.47.0-255,66,148159,94,266283
32162,0.001911,74.125.24.0-255,1484,149643,94,266283
32163,0.001949,172.31.47.0-255,66,149709,94,266283
32164,0.001957,74.125.24.0-255,7156,156865,94,266283
32165,0.00196,172.31.47.0-255,66,156931,94,266283
32166,0.001996,74.125.24.0-255,4320,161251,94,266283
32167,0.002,172.31.47.0-255,66,161317,94,266283
32168,0.002026,74.125.24.0-255,7156,168473,94,266283
32169,0.002029,172.31.47.0-255,66,168539,94,266283
32170,0.002042,172.31.47.0-255,66,168605,94,266283
32171,0.00411,74.125.24.0-255,5738,174343,94,266283
32172,0.004116,172.31.47.0-255,66,174409,94,266283
32173,0.006133,74.125.24.0-255,5738,180147,94,266283
32174,0.006136,172.31.47.0-255,66,180213,94,266283
32175,0.008212,74.125.24.0-255,5738,185951,94,266283
32176,0.008217,172.31.47.0-255,66,186017,94,266283
32177,0.010264,74.125.24.0-255,5738,191755,94,266283
32178,0.010272,172.31.47.0-255,66,191821,94,266283
32179,0.012358,74.125.24.0-255,5738,197559,94,266283
32180,0.012366,172.31.47.0-255,66,197625,94,266283
32181,0.014388,74.125.24.0-255,5738,203363,94,266283
32182,0.014395,172.31.47.0-255,66,203429,94,266283
32183,0.016462,74.125.24.0-255,5738,209167,94,266283
32184,0.016471,172.31.47.0-255,66,209233,94,266283
32185,0.018546,74.125.24.0-255,5738,214971,94,266283
32186,0.018553,172.31.47.0-255,66,215037,94,266283
32187,0.020663,74.125.24.0-255,5738,220775,94,266283
32188,0.020668,172.31.47.0-255,66,220841,94,266283
32189,0.022712,74.125.24.0-255,4320,225161,94,266283
32190,0.022717,172.31.47.0-255,66,225227,94,266283
32191,0.022734,74.125.24.0-255,1484,226711,94,266283
32192,0.024782,74.125.24.0-255,4320,231031,94,266283
32193,0.024787,172.31.47.0-255,66,231097,94,266283
32194,0.026846,74.125.24.0-255,5738,236835,94,266283
32195,0.026852,172.31.47.0-255,66,236901,94,266283
32196,0.028957,74.125.24.0-255,5738,242639,94,266283
32197,0.028963,172.31.47.0-255,66,242705,94,266283
32198,0.030416,172.31.47.0-255,172,242877,94,266283
32199,0.030461,172.31.47.0-255,1116,243993,94,266283
32200,0.030522,172.31.47.0-255,1514,245507,94,266283
32201,0.030524,172.31.47.0-255,1288,246795,94,266283
32202,0.031024,74.125.24.0-255,5738,252533,94,266283
32203,0.031029,172.31.47.0-255,66,252599,94,266283
32204,0.031953,104.244.42.0-255,66,252665,94,266283
32205,0.032001,104.244.42.0-255,66,252731,94,266283
32206,0.032054,104.244.42.0-255,66,252797,94,266283
32207,0.032756,104.244.42.0-255,108,252905,94,266283
32208,0.03276,172.31.47.0-255,66,252971,94,266283
32209,0.033102,74.125.24.0-255,1484,254455,94,266283
32210,0.033125,74.125.24.0-255,4320,258775,94,266283
32211,0.033129,172.31.47.0-255,66,258841,94,266283
32212,0.035179,74.125.24.0-255,5738,264579,94,266283
32213,0.035184,172.31.47.0-255,66,264645,94,266283
32214,0.037252,74.125.24.0-255,1401,266046,94,266283
32215,0.037364,172.31.47.0-255,66,266112,94,266283
32216,0.037387,172.31.47.0-255,105,266217,94,266283
32217,0.039424,74.125.24.0-255,66,266283,94,266283
32218,0.0,74.125.200.0-255,153,153,94,308615
32219,2.8e-05,172.31.47.0-255,66,219,94,308615
32220,3.4e-05,74.125.200.0-255,1484,1703,94,308615
32221,3.7e-05,172.31.47.0-255,66,1769,94,308615
32222,7.7e-05,74.125.200.0-255,2902,4671,94,308615
32223,8e-05,172.31.47.0-255,66,4737,94,308615
32224,8.7e-05,74.125.200.0-255,4320,9057,94,308615
32225,8.9e-05,172.31.47.0-255,66,9123,94,308615
32226,9.2e-05,74.125.200.0-255,1484,10607,94,308615
32227,9.4e-05,172.31.47.0-255,66,10673,94,308615
32228,0.000116,74.125.200.0-255,3482,14155,94,308615
32229,0.00012,172.31.47.0-255,66,14221,94,308615
32230,0.000146,74.125.200.0-255,1484,15705,94,308615
32231,0.000149,172.31.47.0-255,66,15771,94,308615
32232,0.000155,74.125.200.0-255,2902,18673,94,308615
32233,0.000157,172.31.47.0-255,66,18739,94,308615
32234,0.000189,74.125.200.0-255,5738,24477,94,308615
32235,0.000192,172.31.47.0-255,66,24543,94,308615
32236,0.000195,74.125.200.0-255,1484,26027,94,308615
32237,0.000197,172.31.47.0-255,66,26093,94,308615
32238,0.000231,74.125.200.0-255,5738,31831,94,308615
32239,0.000234,172.31.47.0-255,66,31897,94,308615
32240,0.000246,172.31.47.0-255,66,31963,94,308615
32241,0.000275,74.125.200.0-255,5020,36983,94,308615
32242,0.000279,172.31.47.0-255,66,37049,94,308615
32243,0.001012,74.125.200.0-255,1484,38533,94,308615
32244,0.001017,172.31.47.0-255,66,38599,94,308615
32245,0.001025,74.125.200.0-255,2902,41501,94,308615
32246,0.001027,172.31.47.0-255,66,41567,94,308615
32247,0.00108,74.125.200.0-255,4320,45887,94,308615
32248,0.001084,172.31.47.0-255,66,45953,94,308615
32249,0.001095,172.31.47.0-255,66,46019,94,308615
32250,0.0011,74.125.200.0-255,4320,50339,94,308615
32251,0.001102,172.31.47.0-255,66,50405,94,308615
32252,0.001149,172.31.47.0-255,66,50471,94,308615
32253,0.001178,74.125.200.0-255,7156,57627,94,308615
32254,0.00118,172.31.47.0-255,66,57693,94,308615
32255,0.001185,74.125.200.0-255,5738,63431,94,308615
32256,0.001187,172.31.47.0-255,66,63497,94,308615
32257,0.001205,74.125.200.0-255,6438,69935,94,308615
32258,0.001206,172.31.47.0-255,66,70001,94,308615
32259,0.001546,74.125.200.0-255,1484,71485,94,308615
32260,0.001562,74.125.200.0-255,2902,74387,94,308615
32261,0.001565,172.31.47.0-255,66,74453,94,308615
32262,0.001593,74.125.200.0-255,5738,80191,94,308615
32263,0.001595,172.31.47.0-255,66,80257,94,308615
32264,0.00162,74.125.200.0-255,2902,83159,94,308615
32265,0.001622,172.31.47.0-255,66,83225,94,308615
32266,0.001626,74.125.200.0-255,3846,87071,94,308615
32267,0.001628,172.31.47.0-255,66,87137,94,308615
32268,0.003608,74.125.200.0-255,1484,88621,94,308615
32269,0.003626,74.125.200.0-255,4320,92941,94,308615
32270,0.003629,172.31.47.0-255,66,93007,94,308615
32271,0.00562,74.125.200.0-255,4320,97327,94,308615
32272,0.005624,172.31.47.0-255,66,97393,94,308615
32273,0.005648,74.125.200.0-255,1484,98877,94,308615
32274,0.007633,74.125.200.0-255,4320,103197,94,308615
32275,0.007639,172.31.47.0-255,66,103263,94,308615
32276,0.00964,74.125.200.0-255,5738,109001,94,308615
32277,0.009647,172.31.47.0-255,66,109067,94,308615
32278,0.011657,74.125.200.0-255,5738,114805,94,308615
32279,0.011666,172.31.47.0-255,66,114871,94,308615
32280,0.01367,74.125.200.0-255,5738,120609,94,308615
32281,0.013677,172.31.47.0-255,66,120675,94,308615
32282,0.015683,74.125.200.0-255,5738,126413,94,308615
32283,0.015689,172.31.47.0-255,66,126479,94,308615
32284,0.017689,74.125.200.0-255,5738,132217,94,308615
32285,0.017694,172.31.47.0-255,66,132283,94,308615
32286,0.019699,74.125.200.0-255,5738,138021,94,308615
32287,0.019705,172.31.47.0-255,66,138087,94,308615
32288,0.02171,74.125.200.0-255,5738,143825,94,308615
32289,0.021716,172.31.47.0-255,66,143891,94,308615
32290,0.022001,172.31.47.0-255,172,144063,94,308615
32291,0.022027,172.31.47.0-255,1112,145175,94,308615
32292,0.022059,172.31.47.0-255,1514,146689,94,308615
32293,0.022078,172.31.47.0-255,1292,147981,94,308615
32294,0.023558,104.244.42.0-255,66,148047,94,308615
32295,0.02365,104.244.42.0-255,66,148113,94,308615
32296,0.023653,104.244.42.0-255,66,148179,94,308615
32297,0.023655,104.244.42.0-255,66,148245,94,308615
32298,0.023703,74.125.200.0-255,2902,151147,94,308615
32299,0.023708,172.31.47.0-255,66,151213,94,308615
32300,0.023739,74.125.200.0-255,2902,154115,94,308615
32301,0.023742,172.31.47.0-255,66,154181,94,308615
32302,0.025698,74.125.200.0-255,1484,155665,94,308615
32303,0.025733,74.125.200.0-255,4320,159985,94,308615
32304,0.025738,172.31.47.0-255,66,160051,94,308615
32305,0.027745,74.125.200.0-255,5738,165789,94,308615
32306,0.02775,172.31.47.0-255,66,165855,94,308615
32307,0.029742,74.125.200.0-255,5738,171593,94,308615
32308,0.029748,172.31.47.0-255,66,171659,94,308615
32309,0.031745,74.125.200.0-255,5738,177397,94,308615
32310,0.031751,172.31.47.0-255,66,177463,94,308615
32311,0.033744,74.125.200.0-255,2902,180365,94,308615
32312,0.033748,172.31.47.0-255,66,180431,94,308615
32313,0.033779,74.125.200.0-255,2902,183333,94,308615
32314,0.033782,172.31.47.0-255,66,183399,94,308615
32315,0.035748,74.125.200.0-255,2902,186301,94,308615
32316,0.035753,172.31.47.0-255,66,186367,94,308615
32317,0.035788,74.125.200.0-255,2902,189269,94,308615
32318,0.035791,172.31.47.0-255,66,189335,94,308615
32319,0.037746,74.125.200.0-255,2902,192237,94,308615
32320,0.037751,172.31.47.0-255,66,192303,94,308615
32321,0.037786,74.125.200.0-255,1484,193787,94,308615
32322,0.037799,74.125.200.0-255,1484,195271,94,308615
32323,0.037802,172.31.47.0-255,66,195337,94,308615
32324,0.039742,74.125.200.0-255,2902,198239,94,308615
32325,0.039747,172.31.47.0-255,66,198305,94,308615
32326,0.039786,74.125.200.0-255,2902,201207,94,308615
32327,0.03979,172.31.47.0-255,66,201273,94,308615
32328,0.041743,74.125.200.0-255,2902,204175,94,308615
32329,0.041747,172.31.47.0-255,66,204241,94,308615
32330,0.041777,74.125.200.0-255,2902,207143,94,308615
32331,0.041779,172.31.47.0-255,66,207209,94,308615
32332,0.043737,74.125.200.0-255,2902,210111,94,308615
32333,0.043742,172.31.47.0-255,66,210177,94,308615
32334,0.043773,74.125.200.0-255,2902,213079,94,308615
32335,0.043776,172.31.47.0-255,66,213145,94,308615
32336,0.045758,74.125.200.0-255,2902,216047,94,308615
32337,0.045762,172.31.47.0-255,66,216113,94,308615
32338,0.045799,74.125.200.0-255,2902,219015,94,308615
32339,0.045804,172.31.47.0-255,66,219081,94,308615
32340,0.047749,74.125.200.0-255,1484,220565,94,308615
32341,0.047789,74.125.200.0-255,2902,223467,94,308615
32342,0.047793,172.31.47.0-255,66,223533,94,308615
32343,0.047816,74.125.200.0-255,1484,225017,94,308615
32344,0.049786,74.125.200.0-255,4320,229337,94,308615
32345,0.049791,172.31.47.0-255,66,229403,94,308615
32346,0.051787,74.125.200.0-255,5738,235141,94,308615
32347,0.051792,172.31.47.0-255,66,235207,94,308615
32348,0.053796,74.125.200.0-255,5738,240945,94,308615
32349,0.053802,172.31.47.0-255,66,241011,94,308615
32350,0.055798,74.125.200.0-255,4320,245331,94,308615
32351,0.055803,172.31.47.0-255,66,245397,94,308615
32352,0.055824,74.125.200.0-255,1484,246881,94,308615
32353,0.057794,74.125.200.0-255,4320,251201,94,308615
32354,0.057798,172.31.47.0-255,66,251267,94,308615
32355,0.059794,74.125.200.0-255,5738,257005,94,308615
32356,0.059799,172.31.47.0-255,66,257071,94,308615
32357,0.061798,74.125.200.0-255,4320,261391,94,308615
32358,0.061802,172.31.47.0-255,66,261457,94,308615
32359,0.061829,74.125.200.0-255,1484,262941,94,308615
32360,0.063793,74.125.200.0-255,4320,267261,94,308615
32361,0.063799,172.31.47.0-255,66,267327,94,308615
32362,0.065801,74.125.200.0-255,5738,273065,94,308615
32363,0.065805,172.31.47.0-255,66,273131,94,308615
32364,0.067797,74.125.200.0-255,4320,277451,94,308615
32365,0.067801,172.31.47.0-255,66,277517,94,308615
32366,0.067837,74.125.200.0-255,1484,279001,94,308615
32367,0.069789,74.125.200.0-255,2902,281903,94,308615
32368,0.069794,172.31.47.0-255,66,281969,94,308615
32369,0.069822,74.125.200.0-255,1484,283453,94,308615
32370,0.071792,74.125.200.0-255,4320,287773,94,308615
32371,0.071796,172.31.47.0-255,66,287839,94,308615
32372,0.0738,74.125.200.0-255,4320,292159,94,308615
32373,0.073805,172.31.47.0-255,66,292225,94,308615
32374,0.073836,74.125.200.0-255,1484,293709,94,308615
32375,0.075789,74.125.200.0-255,2902,296611,94,308615
32376,0.075794,172.31.47.0-255,66,296677,94,308615
32377,0.075819,74.125.200.0-255,1484,298161,94,308615
32378,0.077784,74.125.200.0-255,1484,299645,94,308615
32379,0.077788,172.31.47.0-255,66,299711,94,308615
32380,0.077822,74.125.200.0-255,2902,302613,94,308615
32381,0.077826,172.31.47.0-255,66,302679,94,308615
32382,0.0798,74.125.200.0-255,2902,305581,94,308615
32383,0.079806,172.31.47.0-255,66,305647,94,308615
32384,0.079837,74.125.200.0-255,2902,308549,94,308615
32385,0.079841,172.31.47.0-255,66,308615,94,308615
32386,0.0,74.125.24.0-255,298,298,94,270930
32387,2.9e-05,172.31.47.0-255,66,364,94,270930
32388,3.5e-05,74.125.24.0-255,1484,1848,94,270930
32389,4e-05,172.31.47.0-255,66,1914,94,270930
32390,4.6e-05,74.125.24.0-255,4320,6234,94,270930
32391,5.6e-05,172.31.47.0-255,66,6300,94,270930
32392,8.4e-05,74.125.24.0-255,4320,10620,94,270930
32393,8.9e-05,172.31.47.0-255,66,10686,94,270930
32394,0.000107,74.125.24.0-255,3476,14162,94,270930
32395,0.00011,172.31.47.0-255,66,14228,94,270930
32396,0.000724,74.125.24.0-255,1484,15712,94,270930
32397,0.000731,172.31.47.0-255,66,15778,94,270930
32398,0.000741,74.125.24.0-255,2902,18680,94,270930
32399,0.000743,172.31.47.0-255,66,18746,94,270930
32400,0.000755,74.125.24.0-255,4320,23066,94,270930
32401,0.000757,172.31.47.0-255,66,23132,94,270930
32402,0.000788,74.125.24.0-255,4320,27452,94,270930
32403,0.00079,172.31.47.0-255,66,27518,94,270930
32404,0.000819,74.125.24.0-255,3961,31479,94,270930
32405,0.000823,172.31.47.0-255,66,31545,94,270930
32406,0.000833,172.31.47.0-255,66,31611,94,270930
32407,0.000836,74.125.24.0-255,1484,33095,94,270930
32408,0.000844,172.31.47.0-255,66,33161,94,270930
32409,0.000869,74.125.24.0-255,6797,39958,94,270930
32410,0.000877,172.31.47.0-255,66,40024,94,270930
32411,0.001337,74.125.24.0-255,1484,41508,94,270930
32412,0.001344,172.31.47.0-255,66,41574,94,270930
32413,0.001351,74.125.24.0-255,2902,44476,94,270930
32414,0.001353,172.31.47.0-255,66,44542,94,270930
32415,0.001356,74.125.24.0-255,1484,46026,94,270930
32416,0.001367,172.31.47.0-255,66,46092,94,270930
32417,0.0014,74.125.24.0-255,4320,50412,94,270930
32418,0.001403,172.31.47.0-255,66,50478,94,270930
32419,0.00141,74.125.24.0-255,6797,57275,94,270930
32420,0.001413,172.31.47.0-255,66,57341,94,270930
32421,0.001443,74.125.24.0-255,645,57986,94,270930
32422,0.001492,74.125.24.0-255,1484,59470,94,270930
32423,0.001497,172.31.47.0-255,66,59536,94,270930
32424,0.001502,74.125.24.0-255,2902,62438,94,270930
32425,0.001504,172.31.47.0-255,66,62504,94,270930
32426,0.001511,74.125.24.0-255,5738,68242,94,270930
32427,0.001519,172.31.47.0-255,66,68308,94,270930
32428,0.001545,74.125.24.0-255,2902,71210,94,270930
32429,0.001549,172.31.47.0-255,66,71276,94,270930
32430,0.001572,74.125.24.0-255,3961,75237,94,270930
32431,0.001581,172.31.47.0-255,66,75303,94,270930
32432,0.001612,74.125.24.0-255,1484,76787,94,270930
32433,0.001618,74.125.24.0-255,2902,79689,94,270930
32434,0.001621,172.31.47.0-255,66,79755,94,270930
32435,0.001624,74.125.24.0-255,1484,81239,94,270930
32436,0.001655,74.125.24.0-255,4320,85559,94,270930
32437,0.001658,172.31.47.0-255,66,85625,94,270930
32438,0.001665,74.125.24.0-255,5738,91363,94,270930
32439,0.001667,172.31.47.0-255,66,91429,94,270930
32440,0.001687,74.125.24.0-255,1125,92554,94,270930
32441,0.002165,172.31.47.0-255,66,92620,94,270930
32442,0.004175,74.125.24.0-255,4320,96940,94,270930
32443,0.004181,172.31.47.0-255,66,97006,94,270930
32444,0.00463,74.125.24.0-255,1484,98490,94,270930
32445,0.006656,74.125.24.0-255,4320,102810,94,270930
32446,0.006661,172.31.47.0-255,66,102876,94,270930
32447,0.009199,74.125.24.0-255,5738,108614,94,270930
32448,0.009209,172.31.47.0-255,66,108680,94,270930
32449,0.011687,74.125.24.0-255,5738,114418,94,270930
32450,0.011695,172.31.47.0-255,66,114484,94,270930
32451,0.014185,74.125.24.0-255,5738,120222,94,270930
32452,0.0142,172.31.47.0-255,66,120288,94,270930
32453,0.016721,74.125.24.0-255,5738,126026,94,270930
32454,0.01673,172.31.47.0-255,66,126092,94,270930
32455,0.019015,172.31.47.0-255,172,126264,94,270930
32456,0.019046,172.31.47.0-255,1112,127376,94,270930
32457,0.019073,172.31.47.0-255,1514,128890,94,270930
32458,0.019075,172.31.47.0-255,1292,130182,94,270930
32459,0.019228,74.125.24.0-255,5738,135920,94,270930
32460,0.019236,172.31.47.0-255,66,135986,94,270930
32461,0.020544,104.244.42.0-255,66,136052,94,270930
32462,0.02057,104.244.42.0-255,66,136118,94,270930
32463,0.020639,104.244.42.0-255,66,136184,94,270930
32464,0.021711,74.125.24.0-255,2902,139086,94,270930
32465,0.021716,172.31.47.0-255,66,139152,94,270930
32466,0.021752,74.125.24.0-255,2902,142054,94,270930
32467,0.021757,172.31.47.0-255,66,142120,94,270930
32468,0.024174,74.125.24.0-255,2902,145022,94,270930
32469,0.02418,172.31.47.0-255,66,145088,94,270930
32470,0.024222,74.125.24.0-255,1484,146572,94,270930
32471,0.024238,74.125.24.0-255,1484,148056,94,270930
32472,0.024241,172.31.47.0-255,66,148122,94,270930
32473,0.026671,74.125.24.0-255,2902,151024,94,270930
32474,0.026676,172.31.47.0-255,66,151090,94,270930
32475,0.026701,74.125.24.0-255,1484,152574,94,270930
32476,0.026718,74.125.24.0-255,1484,154058,94,270930
32477,0.02672,172.31.47.0-255,66,154124,94,270930
32478,0.029153,74.125.24.0-255,2902,157026,94,270930
32479,0.029157,172.31.47.0-255,66,157092,94,270930
32480,0.029216,74.125.24.0-255,2902,159994,94,270930
32481,0.02922,172.31.47.0-255,66,160060,94,270930
32482,0.031653,74.125.24.0-255,2902,162962,94,270930
32483,0.031658,172.31.47.0-255,66,163028,94,270930
32484,0.031692,74.125.24.0-255,2902,165930,94,270930
32485,0.031695,172.31.47.0-255,66,165996,94,270930
32486,0.03416,74.125.24.0-255,4320,170316,94,270930
32487,0.034165,172.31.47.0-255,66,170382,94,270930
32488,0.034197,74.125.24.0-255,1484,171866,94,270930
32489,0.036629,74.125.24.0-255,4320,176186,94,270930
32490,0.036634,172.31.47.0-255,66,176252,94,270930
32491,0.039138,74.125.24.0-255,5738,181990,94,270930
32492,0.039143,172.31.47.0-255,66,182056,94,270930
32493,0.041637,74.125.24.0-255,5738,187794,94,270930
32494,0.041642,172.31.47.0-255,66,187860,94,270930
32495,0.044136,74.125.24.0-255,5738,193598,94,270930
32496,0.044142,172.31.47.0-255,66,193664,94,270930
32497,0.046626,74.125.24.0-255,4320,197984,94,270930
32498,0.046631,172.31.47.0-255,66,198050,94,270930
32499,0.046661,74.125.24.0-255,1484,199534,94,270930
32500,0.049156,74.125.24.0-255,4320,203854,94,270930
32501,0.049161,172.31.47.0-255,66,203920,94,270930
32502,0.051616,74.125.24.0-255,5738,209658,94,270930
32503,0.051622,172.31.47.0-255,66,209724,94,270930
32504,0.054099,74.125.24.0-255,5738,215462,94,270930
32505,0.054104,172.31.47.0-255,66,215528,94,270930
32506,0.056578,74.125.24.0-255,5738,221266,94,270930
32507,0.056582,172.31.47.0-255,66,221332,94,270930
32508,0.059049,74.125.24.0-255,5738,227070,94,270930
32509,0.059054,172.31.47.0-255,66,227136,94,270930
32510,0.061554,74.125.24.0-255,4320,231456,94,270930
32511,0.061559,172.31.47.0-255,66,231522,94,270930
32512,0.061586,74.125.24.0-255,1484,233006,94,270930
32513,0.064056,74.125.24.0-255,4320,237326,94,270930
32514,0.064061,172.31.47.0-255,66,237392,94,270930
32515,0.066544,74.125.24.0-255,5738,243130,94,270930
32516,0.06655,172.31.47.0-255,66,243196,94,270930
32517,0.069036,74.125.24.0-255,5738,248934,94,270930
32518,0.069046,172.31.47.0-255,66,249000,94,270930
32519,0.071542,74.125.24.0-255,4320,253320,94,270930
32520,0.071548,172.31.47.0-255,66,253386,94,270930
32521,0.07158,74.125.24.0-255,1484,254870,94,270930
32522,0.074073,74.125.24.0-255,4320,259190,94,270930
32523,0.074079,172.31.47.0-255,66,259256,94,270930
32524,0.07656,74.125.24.0-255,5738,264994,94,270930
32525,0.076565,172.31.47.0-255,66,265060,94,270930
32526,0.079102,74.125.24.0-255,1484,266544,94,270930
32527,0.079132,74.125.24.0-255,4320,270864,94,270930
32528,0.079136,172.31.47.0-255,66,270930,94,270930
32529,0.0,172.31.47.0-255,105,105,94,276
32530,0.001803,157.240.13.0-255,105,210,94,276
32531,0.001812,172.31.47.0-255,66,276,94,276
32532,0.0,172.217.194.0-255,153,153,94,315625
32533,2.4e-05,172.31.47.0-255,66,219,94,315625
32534,3e-05,172.217.194.0-255,1484,1703,94,315625
32535,3.4e-05,172.31.47.0-255,66,1769,94,315625
32536,3.8e-05,172.217.194.0-255,2902,4671,94,315625
32537,4.8e-05,172.31.47.0-255,66,4737,94,315625
32538,5.4e-05,172.217.194.0-255,7156,11893,94,315625
32539,5.7e-05,172.31.47.0-255,66,11959,94,315625
32540,9.4e-05,172.217.194.0-255,2042,14001,94,315625
32541,9.7e-05,172.31.47.0-255,66,14067,94,315625
32542,0.000115,172.217.194.0-255,2902,16969,94,315625
32543,0.000117,172.31.47.0-255,66,17035,94,315625
32544,0.000121,172.217.194.0-255,1484,18519,94,315625
32545,0.000122,172.31.47.0-255,66,18585,94,315625
32546,0.000149,172.217.194.0-255,5738,24323,94,315625
32547,0.000157,172.31.47.0-255,66,24389,94,315625
32548,0.000165,172.217.194.0-255,6797,31186,94,315625
32549,0.000166,172.31.47.0-255,66,31252,94,315625
32550,0.000217,172.31.47.0-255,66,31318,94,315625
32551,0.000219,172.217.194.0-255,1125,32443,94,315625
32552,0.000221,172.31.47.0-255,66,32509,94,315625
32553,0.000284,172.31.47.0-255,66,32575,94,315625
32554,0.000317,172.31.47.0-255,66,32641,94,315625
32555,0.000576,172.217.194.0-255,342,32983,94,315625
32556,0.000579,172.31.47.0-255,66,33049,94,315625
32557,0.000654,172.217.194.0-255,117,33166,94,315625
32558,0.000657,172.31.47.0-255,66,33232,94,315625
32559,0.000699,172.217.194.0-255,383,33615,94,315625
32560,0.000702,172.31.47.0-255,66,33681,94,315625
32561,0.000905,172.217.194.0-255,1484,35165,94,315625
32562,0.000915,172.217.194.0-255,2902,38067,94,315625
32563,0.000919,172.31.47.0-255,66,38133,94,315625
32564,0.000924,172.217.194.0-255,2902,41035,94,315625
32565,0.000926,172.31.47.0-255,66,41101,94,315625
32566,0.000951,172.217.194.0-255,2902,44003,94,315625
32567,0.000954,172.31.47.0-255,66,44069,94,315625
32568,0.00097,172.31.47.0-255,66,44135,94,315625
32569,0.000989,172.217.194.0-255,1484,45619,94,315625
32570,0.000992,172.217.194.0-255,1484,47103,94,315625
32571,0.000998,172.31.47.0-255,66,47169,94,315625
32572,0.001003,172.217.194.0-255,2902,50071,94,315625
32573,0.001005,172.31.47.0-255,66,50137,94,315625
32574,0.001028,172.217.194.0-255,6438,56575,94,315625
32575,0.001031,172.31.47.0-255,66,56641,94,315625
32576,0.001644,172.217.194.0-255,1484,58125,94,315625
32577,0.001651,172.217.194.0-255,2902,61027,94,315625
32578,0.001654,172.31.47.0-255,66,61093,94,315625
32579,0.00166,172.217.194.0-255,5738,66831,94,315625
32580,0.001662,172.31.47.0-255,66,66897,94,315625
32581,0.001691,172.217.194.0-255,7156,74053,94,315625
32582,0.001693,172.31.47.0-255,66,74119,94,315625
32583,0.001701,172.31.47.0-255,66,74185,94,315625
32584,0.001727,172.217.194.0-255,5738,79923,94,315625
32585,0.001729,172.31.47.0-255,66,79989,94,315625
32586,0.001732,172.217.194.0-255,2184,82173,94,315625
32587,0.001734,172.31.47.0-255,66,82239,94,315625
32588,0.001921,172.217.194.0-255,1484,83723,94,315625
32589,0.001925,172.217.194.0-255,2902,86625,94,315625
32590,0.001926,172.31.47.0-255,66,86691,94,315625
32591,0.001938,172.217.194.0-255,1484,88175,94,315625
32592,0.001953,172.217.194.0-255,4320,92495,94,315625
32593,0.001954,172.31.47.0-255,66,92561,94,315625
32594,0.001958,172.217.194.0-255,2902,95463,94,315625
32595,0.001959,172.31.47.0-255,66,95529,94,315625
32596,0.002005,172.31.47.0-255,66,95595,94,315625
32597,0.002024,172.31.47.0-255,66,95661,94,315625
32598,0.002131,172.217.194.0-255,1484,97145,94,315625
32599,0.002148,172.217.194.0-255,2902,100047,94,315625
32600,0.00215,172.31.47.0-255,66,100113,94,315625
32601,0.002153,172.217.194.0-255,2902,103015,94,315625
32602,0.002155,172.31.47.0-255,66,103081,94,315625
32603,0.002181,172.217.194.0-255,2902,105983,94,315625
32604,0.002182,172.31.47.0-255,66,106049,94,315625
32605,0.002188,172.217.194.0-255,7156,113205,94,315625
32606,0.00219,172.31.47.0-255,66,113271,94,315625
32607,0.00222,172.217.194.0-255,5738,119009,94,315625
32608,0.002222,172.31.47.0-255,66,119075,94,315625
32609,0.002231,172.31.47.0-255,66,119141,94,315625
32610,0.002237,172.217.194.0-255,1484,120625,94,315625
32611,0.002264,172.31.47.0-255,66,120691,94,315625
32612,0.002273,172.31.47.0-255,66,120757,94,315625
32613,0.002296,172.217.194.0-255,5738,126495,94,315625
32614,0.002298,172.31.47.0-255,66,126561,94,315625
32615,0.002326,172.31.47.0-255,66,126627,94,315625
32616,0.004618,172.217.194.0-255,5738,132365,94,315625
32617,0.004624,172.31.47.0-255,66,132431,94,315625
32618,0.006911,172.217.194.0-255,5738,138169,94,315625
32619,0.006916,172.31.47.0-255,66,138235,94,315625
32620,0.009222,172.217.194.0-255,5738,143973,94,315625
32621,0.009229,172.31.47.0-255,66,144039,94,315625
32622,0.011525,172.217.194.0-255,5738,149777,94,315625
32623,0.011533,172.31.47.0-255,66,149843,94,315625
32624,0.013832,172.217.194.0-255,5738,155581,94,315625
32625,0.013841,172.31.47.0-255,66,155647,94,315625
32626,0.016144,172.217.194.0-255,5738,161385,94,315625
32627,0.016152,172.31.47.0-255,66,161451,94,315625
32628,0.018418,172.217.194.0-255,1484,162935,94,315625
32629,0.018442,172.217.194.0-255,4320,167255,94,315625
32630,0.018448,172.31.47.0-255,66,167321,94,315625
32631,0.020764,172.217.194.0-255,5738,173059,94,315625
32632,0.020771,172.31.47.0-255,66,173125,94,315625
32633,0.023067,172.217.194.0-255,5738,178863,94,315625
32634,0.023073,172.31.47.0-255,66,178929,94,315625
32635,0.025364,172.217.194.0-255,5738,184667,94,315625
32636,0.02537,172.31.47.0-255,66,184733,94,315625
32637,0.027683,172.217.194.0-255,5738,190471,94,315625
32638,0.027689,172.31.47.0-255,66,190537,94,315625
32639,0.028276,172.31.47.0-255,171,190708,94,315625
32640,0.028303,172.31.47.0-255,1141,191849,94,315625
32641,0.028353,172.31.47.0-255,1514,193363,94,315625
32642,0.028355,172.31.47.0-255,1514,194877,94,315625
32643,0.028356,172.31.47.0-255,1514,196391,94,315625
32644,0.028357,172.31.47.0-255,1514,197905,94,315625
32645,0.028384,172.31.47.0-255,137,198042,94,315625
32646,0.029829,104.244.42.0-255,66,198108,94,315625
32647,0.029867,104.244.42.0-255,66,198174,94,315625
32648,0.029904,104.244.42.0-255,66,198240,94,315625
32649,0.029906,104.244.42.0-255,66,198306,94,315625
32650,0.029959,172.217.194.0-255,4320,202626,94,315625
32651,0.029963,172.31.47.0-255,66,202692,94,315625
32652,0.029993,172.217.194.0-255,1484,204176,94,315625
32653,0.032247,172.217.194.0-255,4320,208496,94,315625
32654,0.032252,172.31.47.0-255,66,208562,94,315625
32655,0.034525,172.217.194.0-255,5738,214300,94,315625
32656,0.03453,172.31.47.0-255,66,214366,94,315625
32657,0.036797,172.217.194.0-255,5738,220104,94,315625
32658,0.036804,172.31.47.0-255,66,220170,94,315625
32659,0.039088,172.217.194.0-255,5738,225908,94,315625
32660,0.039093,172.31.47.0-255,66,225974,94,315625
32661,0.041397,172.217.194.0-255,5738,231712,94,315625
32662,0.041402,172.31.47.0-255,66,231778,94,315625
32663,0.043687,172.217.194.0-255,5738,237516,94,315625
32664,0.043692,172.31.47.0-255,66,237582,94,315625
32665,0.045986,172.217.194.0-255,5738,243320,94,315625
32666,0.045991,172.31.47.0-255,66,243386,94,315625
32667,0.048282,172.217.194.0-255,5738,249124,94,315625
32668,0.048288,172.31.47.0-255,66,249190,94,315625
32669,0.05058,172.217.194.0-255,5738,254928,94,315625
32670,0.050584,172.31.47.0-255,66,254994,94,315625
32671,0.052859,172.217.194.0-255,5738,260732,94,315625
32672,0.052865,172.31.47.0-255,66,260798,94,315625
32673,0.055157,172.217.194.0-255,5738,266536,94,315625
32674,0.055162,172.31.47.0-255,66,266602,94,315625
32675,0.057462,172.217.194.0-255,5738,272340,94,315625
32676,0.057468,172.31.47.0-255,66,272406,94,315625
32677,0.059743,172.217.194.0-255,2902,275308,94,315625
32678,0.059748,172.31.47.0-255,66,275374,94,315625
32679,0.059779,172.217.194.0-255,2902,278276,94,315625
32680,0.059782,172.31.47.0-255,66,278342,94,315625
32681,0.062021,172.217.194.0-255,2902,281244,94,315625
32682,0.062026,172.31.47.0-255,66,281310,94,315625
32683,0.062075,172.217.194.0-255,2902,284212,94,315625
32684,0.062078,172.31.47.0-255,66,284278,94,315625
32685,0.06432,172.217.194.0-255,2902,287180,94,315625
32686,0.064325,172.31.47.0-255,66,287246,94,315625
32687,0.064356,172.217.194.0-255,2902,290148,94,315625
32688,0.064359,172.31.47.0-255,66,290214,94,315625
32689,0.066618,172.217.194.0-255,2902,293116,94,315625
32690,0.066624,172.31.47.0-255,66,293182,94,315625
32691,0.066658,172.217.194.0-255,2902,296084,94,315625
32692,0.066661,172.31.47.0-255,66,296150,94,315625
32693,0.068923,172.217.194.0-255,2902,299052,94,315625
32694,0.068941,172.31.47.0-255,66,299118,94,315625
32695,0.068966,172.217.194.0-255,2902,302020,94,315625
32696,0.068971,172.31.47.0-255,66,302086,94,315625
32697,0.071223,172.217.194.0-255,2902,304988,94,315625
32698,0.07123,172.31.47.0-255,66,305054,94,315625
32699,0.071272,172.217.194.0-255,2902,307956,94,315625
32700,0.071275,172.31.47.0-255,66,308022,94,315625
32701,0.073513,172.217.194.0-255,2902,310924,94,315625
32702,0.073519,172.31.47.0-255,66,310990,94,315625
32703,0.073585,172.217.194.0-255,2902,313892,94,315625
32704,0.07359,172.31.47.0-255,66,313958,94,315625
32705,0.075796,172.217.194.0-255,1430,315388,94,315625
32706,0.075942,172.31.47.0-255,66,315454,94,315625
32707,0.07597,172.31.47.0-255,105,315559,94,315625
32708,0.078235,172.217.194.0-255,66,315625,94,315625
32709,0.0,74.125.24.0-255,153,153,94,336071
32710,1.3e-05,172.31.47.0-255,66,219,94,336071
32711,1.9e-05,74.125.24.0-255,1484,1703,94,336071
32712,2.3e-05,172.31.47.0-255,66,1769,94,336071
32713,2.9e-05,74.125.24.0-255,2902,4671,94,336071
32714,3.8e-05,172.31.47.0-255,66,4737,94,336071
32715,4.3e-05,74.125.24.0-255,5738,10475,94,336071
32716,4.6e-05,172.31.47.0-255,66,10541,94,336071
32717,8.1e-05,74.125.24.0-255,2902,13443,94,336071
32718,8.4e-05,172.31.47.0-255,66,13509,94,336071
32719,0.000122,172.31.47.0-255,66,13575,94,336071
32720,0.000126,74.125.24.0-255,2902,16477,94,336071
32721,0.000128,172.31.47.0-255,66,16543,94,336071
32722,0.000147,74.125.24.0-255,3961,20504,94,336071
32723,0.000152,172.31.47.0-255,66,20570,94,336071
32724,0.000196,74.125.24.0-255,1484,22054,94,336071
32725,0.000198,172.31.47.0-255,66,22120,94,336071
32726,0.000202,74.125.24.0-255,2902,25022,94,336071
32727,0.000204,172.31.47.0-255,66,25088,94,336071
32728,0.000231,74.125.24.0-255,5738,30826,94,336071
32729,0.000233,172.31.47.0-255,66,30892,94,336071
32730,0.00024,74.125.24.0-255,5738,36630,94,336071
32731,0.000242,172.31.47.0-255,66,36696,94,336071
32732,0.000269,74.125.24.0-255,5738,42434,94,336071
32733,0.000271,172.31.47.0-255,66,42500,94,336071
32734,0.000284,74.125.24.0-255,4320,46820,94,336071
32735,0.000289,172.31.47.0-255,66,46886,94,336071
32736,0.000321,172.31.47.0-255,66,46952,94,336071
32737,0.000323,74.125.24.0-255,124,47076,94,336071
32738,0.000325,172.31.47.0-255,66,47142,94,336071
32739,0.000361,74.125.24.0-255,347,47489,94,336071
32740,0.000606,74.125.24.0-255,1484,48973,94,336071
32741,0.000612,74.125.24.0-255,2902,51875,94,336071
32742,0.000627,74.125.24.0-255,5738,57613,94,336071
32743,0.00064,74.125.24.0-255,5738,63351,94,336071
32744,0.000647,172.31.47.0-255,66,63417,94,336071
32745,0.000652,172.31.47.0-255,66,63483,94,336071
32746,0.000696,74.125.24.0-255,5020,68503,94,336071
32747,0.000712,172.31.47.0-255,66,68569,94,336071
32748,0.001183,74.125.24.0-255,1484,70053,94,336071
32749,0.001188,74.125.24.0-255,2902,72955,94,336071
32750,0.001191,172.31.47.0-255,66,73021,94,336071
32751,0.001214,74.125.24.0-255,5738,78759,94,336071
32752,0.001224,172.31.47.0-255,66,78825,94,336071
32753,0.001227,74.125.24.0-255,2902,81727,94,336071
32754,0.001231,172.31.47.0-255,66,81793,94,336071
32755,0.00128,172.31.47.0-255,66,81859,94,336071
32756,0.001787,74.125.24.0-255,1484,83343,94,336071
32757,0.001803,74.125.24.0-255,2902,86245,94,336071
32758,0.001807,172.31.47.0-255,66,86311,94,336071
32759,0.001813,74.125.24.0-255,5738,92049,94,336071
32760,0.001874,74.125.24.0-255,7156,99205,94,336071
32761,0.001892,74.125.24.0-255,5738,104943,94,336071
32762,0.001913,74.125.24.0-255,2184,107127,94,336071
32763,0.001941,74.125.24.0-255,2902,110029,94,336071
32764,0.001957,74.125.24.0-255,7156,117185,94,336071
32765,0.001977,74.125.24.0-255,5738,122923,94,336071
32766,0.00202,74.125.24.0-255,7156,130079,94,336071
32767,0.002044,74.125.24.0-255,7156,137235,94,336071
32768,0.002049,74.125.24.0-255,3602,140837,94,336071
32769,0.0021,74.125.24.0-255,1484,142321,94,336071
32770,0.002113,74.125.24.0-255,2902,145223,94,336071
32771,0.002135,74.125.24.0-255,5738,150961,94,336071
32772,0.00215,74.125.24.0-255,2902,153863,94,336071
32773,0.002273,74.125.24.0-255,1484,155347,94,336071
32774,0.002277,74.125.24.0-255,1484,156831,94,336071
32775,0.002287,74.125.24.0-255,1484,158315,94,336071
32776,0.002298,74.125.24.0-255,2902,161217,94,336071
32777,0.002315,74.125.24.0-255,2902,164119,94,336071
32778,0.002333,74.125.24.0-255,5738,169857,94,336071
32779,0.002351,74.125.24.0-255,5738,175595,94,336071
32780,0.002362,74.125.24.0-255,1484,177079,94,336071
32781,0.002364,74.125.24.0-255,1484,178563,94,336071
32782,0.004172,172.31.47.0-255,66,178629,94,336071
32783,0.006513,74.125.24.0-255,5738,184367,94,336071
32784,0.006519,172.31.47.0-255,66,184433,94,336071
32785,0.008813,74.125.24.0-255,5738,190171,94,336071
32786,0.008819,172.31.47.0-255,66,190237,94,336071
32787,0.01113,74.125.24.0-255,5738,195975,94,336071
32788,0.011396,172.31.47.0-255,66,196041,94,336071
32789,0.013721,74.125.24.0-255,5738,201779,94,336071
32790,0.013733,172.31.47.0-255,66,201845,94,336071
32791,0.01607,74.125.24.0-255,5738,207583,94,336071
32792,0.016079,172.31.47.0-255,66,207649,94,336071
32793,0.018376,74.125.24.0-255,5738,213387,94,336071
32794,0.018382,172.31.47.0-255,66,213453,94,336071
32795,0.020703,74.125.24.0-255,5738,219191,94,336071
32796,0.02071,172.31.47.0-255,66,219257,94,336071
32797,0.023029,74.125.24.0-255,5738,224995,94,336071
32798,0.023035,172.31.47.0-255,66,225061,94,336071
32799,0.025365,74.125.24.0-255,5738,230799,94,336071
32800,0.025371,172.31.47.0-255,66,230865,94,336071
32801,0.025518,172.31.47.0-255,171,231036,94,336071
32802,0.025544,172.31.47.0-255,1140,232176,94,336071
32803,0.025641,172.31.47.0-255,1514,233690,94,336071
32804,0.025643,172.31.47.0-255,1266,234956,94,336071
32805,0.027001,104.244.42.0-255,66,235022,94,336071
32806,0.027031,104.244.42.0-255,66,235088,94,336071
32807,0.02714,104.244.42.0-255,66,235154,94,336071
32808,0.0277,74.125.24.0-255,5738,240892,94,336071
32809,0.027706,172.31.47.0-255,66,240958,94,336071
32810,0.030037,74.125.24.0-255,5738,246696,94,336071
32811,0.030042,172.31.47.0-255,66,246762,94,336071
32812,0.032376,74.125.24.0-255,5738,252500,94,336071
32813,0.032384,172.31.47.0-255,66,252566,94,336071
32814,0.034751,74.125.24.0-255,5738,258304,94,336071
32815,0.034757,172.31.47.0-255,66,258370,94,336071
32816,0.037094,74.125.24.0-255,5738,264108,94,336071
32817,0.037101,172.31.47.0-255,66,264174,94,336071
32818,0.039427,74.125.24.0-255,5738,269912,94,336071
32819,0.039433,172.31.47.0-255,66,269978,94,336071
32820,0.041746,74.125.24.0-255,5738,275716,94,336071
32821,0.041751,172.31.47.0-255,66,275782,94,336071
32822,0.044078,74.125.24.0-255,5738,281520,94,336071
32823,0.044083,172.31.47.0-255,66,281586,94,336071
32824,0.046402,74.125.24.0-255,5738,287324,94,336071
32825,0.046409,172.31.47.0-255,66,287390,94,336071
32826,0.048736,74.125.24.0-255,5738,293128,94,336071
32827,0.048745,172.31.47.0-255,66,293194,94,336071
32828,0.051071,74.125.24.0-255,5738,298932,94,336071
32829,0.051077,172.31.47.0-255,66,298998,94,336071
32830,0.053406,74.125.24.0-255,5738,304736,94,336071
32831,0.053411,172.31.47.0-255,66,304802,94,336071
32832,0.055752,74.125.24.0-255,5738,310540,94,336071
32833,0.055757,172.31.47.0-255,66,310606,94,336071
32834,0.05809,74.125.24.0-255,5738,316344,94,336071
32835,0.058097,172.31.47.0-255,66,316410,94,336071
32836,0.060404,74.125.24.0-255,5738,322148,94,336071
32837,0.06041,172.31.47.0-255,66,322214,94,336071
32838,0.062752,74.125.24.0-255,5738,327952,94,336071
32839,0.062758,172.31.47.0-255,66,328018,94,336071
32840,0.06506,74.125.24.0-255,5738,333756,94,336071
32841,0.065067,172.31.47.0-255,66,333822,94,336071
32842,0.067387,74.125.24.0-255,2012,335834,94,336071
32843,0.067393,172.31.47.0-255,66,335900,94,336071
32844,0.067549,172.31.47.0-255,105,336005,94,336071
32845,0.069848,74.125.24.0-255,66,336071,94,336071
32846,0.0,74.125.24.0-255,153,153,94,327710
32847,2.1e-05,172.31.47.0-255,66,219,94,327710
32848,2.9e-05,74.125.24.0-255,1484,1703,94,327710
32849,3.3e-05,172.31.47.0-255,66,1769,94,327710
32850,4.5e-05,74.125.24.0-255,2902,4671,94,327710
32851,4.8e-05,172.31.47.0-255,66,4737,94,327710
32852,5.5e-05,74.125.24.0-255,7156,11893,94,327710
32853,5.8e-05,172.31.47.0-255,66,11959,94,327710
32854,9e-05,172.31.47.0-255,66,12025,94,327710
32855,0.000119,74.125.24.0-255,4320,16345,94,327710
32856,0.000121,172.31.47.0-255,66,16411,94,327710
32857,0.000144,74.125.24.0-255,6797,23208,94,327710
32858,0.00015,172.31.47.0-255,66,23274,94,327710
32859,0.00018,74.125.24.0-255,1484,24758,94,327710
32860,0.000182,172.31.47.0-255,66,24824,94,327710
32861,0.000204,74.125.24.0-255,2902,27726,94,327710
32862,0.000206,172.31.47.0-255,66,27792,94,327710
32863,0.000211,74.125.24.0-255,5738,33530,94,327710
32864,0.000213,172.31.47.0-255,66,33596,94,327710
32865,0.000237,74.125.24.0-255,5738,39334,94,327710
32866,0.000243,172.31.47.0-255,66,39400,94,327710
32867,0.00028,172.31.47.0-255,66,39466,94,327710
32868,0.000286,74.125.24.0-255,7156,46622,94,327710
32869,0.000288,172.31.47.0-255,66,46688,94,327710
32870,0.000292,74.125.24.0-255,2819,49507,94,327710
32871,0.000298,172.31.47.0-255,66,49573,94,327710
32872,0.00032,74.125.24.0-255,131,49704,94,327710
32873,0.000322,172.31.47.0-255,66,49770,94,327710
32874,0.000399,74.125.24.0-255,1484,51254,94,327710
32875,0.000403,172.31.47.0-255,66,51320,94,327710
32876,0.000408,74.125.24.0-255,2902,54222,94,327710
32877,0.00041,172.31.47.0-255,66,54288,94,327710
32878,0.000413,74.125.24.0-255,1484,55772,94,327710
32879,0.000438,74.125.24.0-255,4320,60092,94,327710
32880,0.00044,172.31.47.0-255,66,60158,94,327710
32881,0.000444,74.125.24.0-255,2902,63060,94,327710
32882,0.000445,172.31.47.0-255,66,63126,94,327710
32883,0.000467,74.125.24.0-255,3961,67087,94,327710
32884,0.000474,172.31.47.0-255,66,67153,94,327710
32885,0.00048,74.125.24.0-255,7156,74309,94,327710
32886,0.000482,172.31.47.0-255,66,74375,94,327710
32887,0.000498,74.125.24.0-255,7156,81531,94,327710
32888,0.0005,172.31.47.0-255,66,81597,94,327710
32889,0.00052,74.125.24.0-255,2242,83839,94,327710
32890,0.000522,172.31.47.0-255,66,83905,94,327710
32891,0.000718,74.125.24.0-255,1484,85389,94,327710
32892,0.000723,74.125.24.0-255,2902,88291,94,327710
32893,0.000727,172.31.47.0-255,66,88357,94,327710
32894,0.000732,74.125.24.0-255,2902,91259,94,327710
32895,0.000734,172.31.47.0-255,66,91325,94,327710
32896,0.000759,74.125.24.0-255,2902,94227,94,327710
32897,0.000764,74.125.24.0-255,5738,99965,94,327710
32898,0.000768,172.31.47.0-255,66,100031,94,327710
32899,0.000771,172.31.47.0-255,66,100097,94,327710
32900,0.00079,74.125.24.0-255,1125,101222,94,327710
32901,0.000864,74.125.24.0-255,1484,102706,94,327710
32902,0.000868,172.31.47.0-255,66,102772,94,327710
32903,0.000873,74.125.24.0-255,2902,105674,94,327710
32904,0.000875,172.31.47.0-255,66,105740,94,327710
32905,0.000881,74.125.24.0-255,5738,111478,94,327710
32906,0.000888,172.31.47.0-255,66,111544,94,327710
32907,0.000914,74.125.24.0-255,5738,117282,94,327710
32908,0.000917,172.31.47.0-255,66,117348,94,327710
32909,0.00094,74.125.24.0-255,4320,121668,94,327710
32910,0.000943,172.31.47.0-255,66,121734,94,327710
32911,0.000975,172.31.47.0-255,66,121800,94,327710
32912,0.001003,74.125.24.0-255,5738,127538,94,327710
32913,0.001005,172.31.47.0-255,66,127604,94,327710
32914,0.001034,74.125.24.0-255,5738,133342,94,327710
32915,0.001036,172.31.47.0-255,66,133408,94,327710
32916,0.001056,74.125.24.0-255,5379,138787,94,327710
32917,0.001059,172.31.47.0-255,66,138853,94,327710
32918,0.001204,74.125.24.0-255,1484,140337,94,327710
32919,0.00121,74.125.24.0-255,2902,143239,94,327710
32920,0.001213,172.31.47.0-255,66,143305,94,327710
32921,0.00122,74.125.24.0-255,5738,149043,94,327710
32922,0.001222,172.31.47.0-255,66,149109,94,327710
32923,0.001243,74.125.24.0-255,4320,153429,94,327710
32924,0.001245,172.31.47.0-255,66,153495,94,327710
32925,0.001283,172.31.47.0-255,66,153561,94,327710
32926,0.00129,74.125.24.0-255,7156,160717,94,327710
32927,0.001292,172.31.47.0-255,66,160783,94,327710
32928,0.001317,74.125.24.0-255,3602,164385,94,327710
32929,0.00132,172.31.47.0-255,66,164451,94,327710
32930,0.001666,74.125.24.0-255,1484,165935,94,327710
32931,0.001672,74.125.24.0-255,2902,168837,94,327710
32932,0.001675,172.31.47.0-255,66,168903,94,327710
32933,0.001726,74.125.24.0-255,5738,174641,94,327710
32934,0.001728,172.31.47.0-255,66,174707,94,327710
32935,0.001745,172.31.47.0-255,66,174773,94,327710
32936,0.001766,74.125.24.0-255,2902,177675,94,327710
32937,0.001768,172.31.47.0-255,66,177741,94,327710
32938,0.001802,172.31.47.0-255,66,177807,94,327710
32939,0.001812,74.125.24.0-255,1484,179291,94,327710
32940,0.001819,74.125.24.0-255,2902,182193,94,327710
32941,0.001821,172.31.47.0-255,66,182259,94,327710
32942,0.00184,74.125.24.0-255,4320,186579,94,327710
32943,0.001842,172.31.47.0-255,66,186645,94,327710
32944,0.001867,74.125.24.0-255,1484,188129,94,327710
32945,0.001888,172.31.47.0-255,66,188195,94,327710
32946,0.001898,172.31.47.0-255,66,188261,94,327710
32947,0.0019,74.125.24.0-255,766,189027,94,327710
32948,0.00192,74.125.24.0-255,1484,190511,94,327710
32949,0.001922,172.31.47.0-255,66,190577,94,327710
32950,0.001927,74.125.24.0-255,4320,194897,94,327710
32951,0.001929,172.31.47.0-255,66,194963,94,327710
32952,0.00195,74.125.24.0-255,4320,199283,94,327710
32953,0.001956,172.31.47.0-255,66,199349,94,327710
32954,0.001986,74.125.24.0-255,5738,205087,94,327710
32955,0.001989,172.31.47.0-255,66,205153,94,327710
32956,0.001995,74.125.24.0-255,7156,212309,94,327710
32957,0.001997,172.31.47.0-255,66,212375,94,327710
32958,0.002035,172.31.47.0-255,66,212441,94,327710
32959,0.002093,74.125.24.0-255,1484,213925,94,327710
32960,0.004051,74.125.24.0-255,4320,218245,94,327710
32961,0.004057,172.31.47.0-255,66,218311,94,327710
32962,0.006047,74.125.24.0-255,5738,224049,94,327710
32963,0.006053,172.31.47.0-255,66,224115,94,327710
32964,0.00804,74.125.24.0-255,5738,229853,94,327710
32965,0.008046,172.31.47.0-255,66,229919,94,327710
32966,0.010051,74.125.24.0-255,5738,235657,94,327710
32967,0.010057,172.31.47.0-255,66,235723,94,327710
32968,0.012071,74.125.24.0-255,5738,241461,94,327710
32969,0.012078,172.31.47.0-255,66,241527,94,327710
32970,0.014112,74.125.24.0-255,5738,247265,94,327710
32971,0.01412,172.31.47.0-255,66,247331,94,327710
32972,0.016133,74.125.24.0-255,5738,253069,94,327710
32973,0.01614,172.31.47.0-255,66,253135,94,327710
32974,0.018166,74.125.24.0-255,5738,258873,94,327710
32975,0.018172,172.31.47.0-255,66,258939,94,327710
32976,0.020209,74.125.24.0-255,5738,264677,94,327710
32977,0.020216,172.31.47.0-255,66,264743,94,327710
32978,0.022234,74.125.24.0-255,5738,270481,94,327710
32979,0.022243,172.31.47.0-255,66,270547,94,327710
32980,0.024287,74.125.24.0-255,5738,276285,94,327710
32981,0.024294,172.31.47.0-255,66,276351,94,327710
32982,0.026318,74.125.24.0-255,5738,282089,94,327710
32983,0.026326,172.31.47.0-255,66,282155,94,327710
32984,0.026917,172.31.47.0-255,172,282327,94,327710
32985,0.026944,172.31.47.0-255,1118,283445,94,327710
32986,0.027003,172.31.47.0-255,1514,284959,94,327710
32987,0.027005,172.31.47.0-255,1286,286245,94,327710
32988,0.028371,74.125.24.0-255,5738,291983,94,327710
32989,0.028377,172.31.47.0-255,66,292049,94,327710
32990,0.028472,104.244.42.0-255,66,292115,94,327710
32991,0.028478,104.244.42.0-255,66,292181,94,327710
32992,0.028598,104.244.42.0-255,66,292247,94,327710
32993,0.030428,74.125.24.0-255,5738,297985,94,327710
32994,0.030434,172.31.47.0-255,66,298051,94,327710
32995,0.03245,74.125.24.0-255,5738,303789,94,327710
32996,0.032456,172.31.47.0-255,66,303855,94,327710
32997,0.03448,74.125.24.0-255,5738,309593,94,327710
32998,0.034485,172.31.47.0-255,66,309659,94,327710
32999,0.036496,74.125.24.0-255,5738,315397,94,327710
33000,0.036501,172.31.47.0-255,66,315463,94,327710
33001,0.038524,74.125.24.0-255,5738,321201,94,327710
33002,0.03853,172.31.47.0-255,66,321267,94,327710
33003,0.040538,74.125.24.0-255,5738,327005,94,327710
33004,0.040544,172.31.47.0-255,66,327071,94,327710
33005,0.042549,74.125.24.0-255,402,327473,94,327710
33006,0.042654,172.31.47.0-255,66,327539,94,327710
33007,0.042686,172.31.47.0-255,105,327644,94,327710
33008,0.044692,74.125.24.0-255,66,327710,94,327710
33009,0.0,172.217.194.0-255,153,153,94,265824
33010,3.2e-05,172.31.47.0-255,66,219,94,265824
33011,3.9e-05,172.217.194.0-255,1484,1703,94,265824
33012,4.3e-05,172.31.47.0-255,66,1769,94,265824
33013,4.8e-05,172.217.194.0-255,2902,4671,94,265824
33014,5.1e-05,172.31.47.0-255,66,4737,94,265824
33015,6.8e-05,172.217.194.0-255,5738,10475,94,265824
33016,7.1e-05,172.31.47.0-255,66,10541,94,265824
33017,0.00013,172.217.194.0-255,4320,14861,94,265824
33018,0.000133,172.31.47.0-255,66,14927,94,265824
33019,0.000154,172.217.194.0-255,6322,21249,94,265824
33020,0.000157,172.31.47.0-255,66,21315,94,265824
33021,0.000226,172.217.194.0-255,4320,25635,94,265824
33022,0.00023,172.31.47.0-255,66,25701,94,265824
33023,0.000252,172.217.194.0-255,5379,31080,94,265824
33024,0.000255,172.31.47.0-255,66,31146,94,265824
33025,0.000441,172.217.194.0-255,1484,32630,94,265824
33026,0.000446,172.217.194.0-255,2902,35532,94,265824
33027,0.000448,172.31.47.0-255,66,35598,94,265824
33028,0.000451,172.31.47.0-255,66,35664,94,265824
33029,0.000464,172.217.194.0-255,1484,37148,94,265824
33030,0.000466,172.31.47.0-255,66,37214,94,265824
33031,0.000482,172.217.194.0-255,4320,41534,94,265824
33032,0.000484,172.31.47.0-255,66,41600,94,265824
33033,0.000522,172.31.47.0-255,66,41666,94,265824
33034,0.000526,172.217.194.0-255,2902,44568,94,265824
33035,0.000528,172.31.47.0-255,66,44634,94,265824
33036,0.000548,172.217.194.0-255,7156,51790,94,265824
33037,0.000551,172.31.47.0-255,66,51856,94,265824
33038,0.000569,172.217.194.0-255,766,52622,94,265824
33039,0.000571,172.31.47.0-255,66,52688,94,265824
33040,0.000713,172.217.194.0-255,339,53027,94,265824
33041,0.000755,172.31.47.0-255,66,53093,94,265824
33042,0.001768,172.217.194.0-255,119,53212,94,265824
33043,0.001813,172.217.194.0-255,1484,54696,94,265824
33044,0.001817,172.31.47.0-255,66,54762,94,265824
33045,0.001829,172.217.194.0-255,2902,57664,94,265824
33046,0.001831,172.31.47.0-255,66,57730,94,265824
33047,0.001844,172.217.194.0-255,2902,60632,94,265824
33048,0.001846,172.31.47.0-255,66,60698,94,265824
33049,0.001873,172.217.194.0-255,7156,67854,94,265824
33050,0.001875,172.31.47.0-255,66,67920,94,265824
33051,0.001901,172.217.194.0-255,7156,75076,94,265824
33052,0.001902,172.31.47.0-255,66,75142,94,265824
33053,0.001927,172.31.47.0-255,66,75208,94,265824
33054,0.001943,172.217.194.0-255,3602,78810,94,265824
33055,0.001945,172.31.47.0-255,66,78876,94,265824
33056,0.004233,172.217.194.0-255,1484,80360,94,265824
33057,0.004273,172.217.194.0-255,4320,84680,94,265824
33058,0.004276,172.31.47.0-255,66,84746,94,265824
33059,0.006593,172.217.194.0-255,5738,90484,94,265824
33060,0.006598,172.31.47.0-255,66,90550,94,265824
33061,0.008907,172.217.194.0-255,5738,96288,94,265824
33062,0.008913,172.31.47.0-255,66,96354,94,265824
33063,0.011237,172.217.194.0-255,5738,102092,94,265824
33064,0.011244,172.31.47.0-255,66,102158,94,265824
33065,0.0136,172.217.194.0-255,5738,107896,94,265824
33066,0.013608,172.31.47.0-255,66,107962,94,265824
33067,0.015933,172.217.194.0-255,5738,113700,94,265824
33068,0.015941,172.31.47.0-255,66,113766,94,265824
33069,0.0183,172.217.194.0-255,5738,119504,94,265824
33070,0.018307,172.31.47.0-255,66,119570,94,265824
33071,0.020577,172.31.47.0-255,172,119742,94,265824
33072,0.020603,172.217.194.0-255,1484,121226,94,265824
33073,0.020609,172.31.47.0-255,1112,122338,94,265824
33074,0.020621,172.217.194.0-255,4320,126658,94,265824
33075,0.020623,172.31.47.0-255,66,126724,94,265824
33076,0.02068,172.31.47.0-255,1514,128238,94,265824
33077,0.020681,172.31.47.0-255,334,128572,94,265824
33078,0.022105,104.244.42.0-255,66,128638,94,265824
33079,0.022155,104.244.42.0-255,66,128704,94,265824
33080,0.022182,104.244.42.0-255,66,128770,94,265824
33081,0.022955,172.217.194.0-255,4320,133090,94,265824
33082,0.022959,172.31.47.0-255,66,133156,94,265824
33083,0.022983,172.217.194.0-255,1484,134640,94,265824
33084,0.025306,172.217.194.0-255,4320,138960,94,265824
33085,0.025311,172.31.47.0-255,66,139026,94,265824
33086,0.027641,172.217.194.0-255,5738,144764,94,265824
33087,0.027646,172.31.47.0-255,66,144830,94,265824
33088,0.029987,172.217.194.0-255,4320,149150,94,265824
33089,0.029993,172.31.47.0-255,66,149216,94,265824
33090,0.03001,172.217.194.0-255,1484,150700,94,265824
33091,0.032351,172.217.194.0-255,4320,155020,94,265824
33092,0.032355,172.31.47.0-255,66,155086,94,265824
33093,0.034666,172.217.194.0-255,5738,160824,94,265824
33094,0.034671,172.31.47.0-255,66,160890,94,265824
33095,0.037019,172.217.194.0-255,5738,166628,94,265824
33096,0.037023,172.31.47.0-255,66,166694,94,265824
33097,0.03934,172.217.194.0-255,4320,171014,94,265824
33098,0.039345,172.31.47.0-255,66,171080,94,265824
33099,0.039373,172.217.194.0-255,1484,172564,94,265824
33100,0.041653,172.217.194.0-255,4320,176884,94,265824
33101,0.041657,172.31.47.0-255,66,176950,94,265824
33102,0.043957,172.217.194.0-255,5738,182688,94,265824
33103,0.043963,172.31.47.0-255,66,182754,94,265824
33104,0.046295,172.217.194.0-255,5738,188492,94,265824
33105,0.0463,172.31.47.0-255,66,188558,94,265824
33106,0.048619,172.217.194.0-255,5738,194296,94,265824
33107,0.048624,172.31.47.0-255,66,194362,94,265824
33108,0.05097,172.217.194.0-255,4320,198682,94,265824
33109,0.050974,172.31.47.0-255,66,198748,94,265824
33110,0.050997,172.217.194.0-255,1484,200232,94,265824
33111,0.05332,172.217.194.0-255,4320,204552,94,265824
33112,0.053328,172.31.47.0-255,66,204618,94,265824
33113,0.055636,172.217.194.0-255,4320,208938,94,265824
33114,0.05564,172.31.47.0-255,66,209004,94,265824
33115,0.055665,172.217.194.0-255,1484,210488,94,265824
33116,0.057963,172.217.194.0-255,4320,214808,94,265824
33117,0.057969,172.31.47.0-255,66,214874,94,265824
33118,0.06029,172.217.194.0-255,1484,216358,94,265824
33119,0.060317,172.217.194.0-255,4320,220678,94,265824
33120,0.060321,172.31.47.0-255,66,220744,94,265824
33121,0.06265,172.217.194.0-255,5738,226482,94,265824
33122,0.062655,172.31.47.0-255,66,226548,94,265824
33123,0.064999,172.217.194.0-255,5738,232286,94,265824
33124,0.065004,172.31.47.0-255,66,232352,94,265824
33125,0.067337,172.217.194.0-255,5738,238090,94,265824
33126,0.067347,172.31.47.0-255,66,238156,94,265824
33127,0.06967,172.217.194.0-255,5738,243894,94,265824
33128,0.069674,172.31.47.0-255,66,243960,94,265824
33129,0.071993,172.217.194.0-255,4320,248280,94,265824
33130,0.071998,172.31.47.0-255,66,248346,94,265824
33131,0.072024,172.217.194.0-255,1484,249830,94,265824
33132,0.074301,172.217.194.0-255,4320,254150,94,265824
33133,0.074307,172.31.47.0-255,66,254216,94,265824
33134,0.076647,172.217.194.0-255,5738,259954,94,265824
33135,0.076652,172.31.47.0-255,66,260020,94,265824
33136,0.078983,172.217.194.0-255,5738,265758,94,265824
33137,0.078989,172.31.47.0-255,66,265824,94,265824
33138,0.0,172.217.194.0-255,153,153,94,270171
33139,2.5e-05,172.31.47.0-255,66,219,94,270171
33140,3.2e-05,172.217.194.0-255,1484,1703,94,270171
33141,3.6e-05,172.31.47.0-255,66,1769,94,270171
33142,4.2e-05,172.217.194.0-255,2902,4671,94,270171
33143,4.4e-05,172.31.47.0-255,66,4737,94,270171
33144,4.8e-05,172.217.194.0-255,2902,7639,94,270171
33145,5.1e-05,172.31.47.0-255,66,7705,94,270171
33146,6.9e-05,172.217.194.0-255,4320,12025,94,270171
33147,7.2e-05,172.31.47.0-255,66,12091,94,270171
33148,9.7e-05,172.217.194.0-255,6362,18453,94,270171
33149,0.0001,172.31.47.0-255,66,18519,94,270171
33150,0.000134,172.31.47.0-255,66,18585,94,270171
33151,0.000151,172.217.194.0-255,1484,20069,94,270171
33152,0.000154,172.31.47.0-255,66,20135,94,270171
33153,0.000158,172.217.194.0-255,1125,21260,94,270171
33154,0.00016,172.31.47.0-255,66,21326,94,270171
33155,0.000173,172.217.194.0-255,1484,22810,94,270171
33156,0.000176,172.31.47.0-255,66,22876,94,270171
33157,0.000191,172.217.194.0-255,2902,25778,94,270171
33158,0.000195,172.31.47.0-255,66,25844,94,270171
33159,0.0002,172.217.194.0-255,5738,31582,94,270171
33160,0.000203,172.31.47.0-255,66,31648,94,270171
33161,0.000223,172.217.194.0-255,2902,34550,94,270171
33162,0.000226,172.31.47.0-255,66,34616,94,270171
33163,0.000252,172.31.47.0-255,66,34682,94,270171
33164,0.000253,172.217.194.0-255,5738,40420,94,270171
33165,0.000255,172.31.47.0-255,66,40486,94,270171
33166,0.000287,172.217.194.0-255,5333,45819,94,270171
33167,0.000291,172.31.47.0-255,66,45885,94,270171
33168,0.000328,172.217.194.0-255,363,46248,94,270171
33169,0.000426,172.217.194.0-255,1484,47732,94,270171
33170,0.00043,172.31.47.0-255,66,47798,94,270171
33171,0.000445,172.217.194.0-255,2902,50700,94,270171
33172,0.000448,172.31.47.0-255,66,50766,94,270171
33173,0.000454,172.217.194.0-255,5738,56504,94,270171
33174,0.000456,172.31.47.0-255,66,56570,94,270171
33175,0.000505,172.31.47.0-255,66,56636,94,270171
33176,0.000525,172.217.194.0-255,2902,59538,94,270171
33177,0.000529,172.31.47.0-255,66,59604,94,270171
33178,0.000535,172.217.194.0-255,5738,65342,94,270171
33179,0.000538,172.31.47.0-255,66,65408,94,270171
33180,0.000552,172.217.194.0-255,4320,69728,94,270171
33181,0.000555,172.31.47.0-255,66,69794,94,270171
33182,0.000567,172.217.194.0-255,766,70560,94,270171
33183,0.000599,172.217.194.0-255,4320,74880,94,270171
33184,0.000602,172.31.47.0-255,66,74946,94,270171
33185,0.000621,172.217.194.0-255,1484,76430,94,270171
33186,0.000628,172.217.194.0-255,5738,82168,94,270171
33187,0.000631,172.31.47.0-255,66,82234,94,270171
33188,0.000642,172.31.47.0-255,66,82300,94,270171
33189,0.000656,172.217.194.0-255,4320,86620,94,270171
33190,0.000659,172.31.47.0-255,66,86686,94,270171
33191,0.000664,172.217.194.0-255,2902,89588,94,270171
33192,0.000666,172.31.47.0-255,66,89654,94,270171
33193,0.000692,172.217.194.0-255,4844,94498,94,270171
33194,0.000695,172.31.47.0-255,66,94564,94,270171
33195,0.000723,172.31.47.0-255,66,94630,94,270171
33196,0.000753,172.31.47.0-255,66,94696,94,270171
33197,0.000771,172.217.194.0-255,1484,96180,94,270171
33198,0.000783,172.31.47.0-255,66,96246,94,270171
33199,0.000805,172.217.194.0-255,1484,97730,94,270171
33200,0.000822,172.217.194.0-255,2184,99914,94,270171
33201,0.000825,172.31.47.0-255,66,99980,94,270171
33202,0.001029,172.217.194.0-255,1484,101464,94,270171
33203,0.001033,172.217.194.0-255,1484,102948,94,270171
33204,0.001036,172.31.47.0-255,66,103014,94,270171
33205,0.001055,172.217.194.0-255,1484,104498,94,270171
33206,0.001062,172.217.194.0-255,5738,110236,94,270171
33207,0.001064,172.217.194.0-255,1484,111720,94,270171
33208,0.001065,172.31.47.0-255,66,111786,94,270171
33209,0.001085,172.217.194.0-255,4320,116106,94,270171
33210,0.001088,172.31.47.0-255,66,116172,94,270171
33211,0.001098,172.31.47.0-255,66,116238,94,270171
33212,0.001117,172.217.194.0-255,4320,120558,94,270171
33213,0.001119,172.31.47.0-255,66,120624,94,270171
33214,0.001127,172.217.194.0-255,5020,125644,94,270171
33215,0.001129,172.31.47.0-255,66,125710,94,270171
33216,0.001144,172.217.194.0-255,5738,131448,94,270171
33217,0.001147,172.31.47.0-255,66,131514,94,270171
33218,0.001167,172.217.194.0-255,7156,138670,94,270171
33219,0.00117,172.31.47.0-255,66,138736,94,270171
33220,0.001188,172.217.194.0-255,2902,141638,94,270171
33221,0.00119,172.31.47.0-255,66,141704,94,270171
33222,0.001202,172.31.47.0-255,66,141770,94,270171
33223,0.001229,172.217.194.0-255,7156,148926,94,270171
33224,0.001231,172.31.47.0-255,66,148992,94,270171
33225,0.001234,172.217.194.0-255,766,149758,94,270171
33226,0.001237,172.217.194.0-255,1484,151242,94,270171
33227,0.001239,172.31.47.0-255,66,151308,94,270171
33228,0.001243,172.217.194.0-255,4320,155628,94,270171
33229,0.001246,172.31.47.0-255,66,155694,94,270171
33230,0.001269,172.217.194.0-255,1484,157178,94,270171
33231,0.001287,172.217.194.0-255,7156,164334,94,270171
33232,0.001291,172.31.47.0-255,66,164400,94,270171
33233,0.001309,172.31.47.0-255,66,164466,94,270171
33234,0.001351,172.217.194.0-255,4320,168786,94,270171
33235,0.001354,172.31.47.0-255,66,168852,94,270171
33236,0.001372,172.217.194.0-255,5020,173872,94,270171
33237,0.001375,172.31.47.0-255,66,173938,94,270171
33238,0.001407,172.217.194.0-255,1484,175422,94,270171
33239,0.00141,172.217.194.0-255,1484,176906,94,270171
33240,0.001413,172.31.47.0-255,66,176972,94,270171
33241,0.001433,172.217.194.0-255,1484,178456,94,270171
33242,0.001439,172.217.194.0-255,5738,184194,94,270171
33243,0.001441,172.31.47.0-255,66,184260,94,270171
33244,0.001469,172.217.194.0-255,4320,188580,94,270171
33245,0.001472,172.31.47.0-255,66,188646,94,270171
33246,0.001496,172.31.47.0-255,66,188712,94,270171
33247,0.001499,172.217.194.0-255,1484,190196,94,270171
33248,0.001517,172.217.194.0-255,1484,191680,94,270171
33249,0.001519,172.31.47.0-255,66,191746,94,270171
33250,0.001546,172.31.47.0-255,66,191812,94,270171
33251,0.001562,172.217.194.0-255,4320,196132,94,270171
33252,0.001565,172.31.47.0-255,66,196198,94,270171
33253,0.001599,172.217.194.0-255,5738,201936,94,270171
33254,0.001604,172.31.47.0-255,66,202002,94,270171
33255,0.001605,172.217.194.0-255,7156,209158,94,270171
33256,0.001607,172.31.47.0-255,66,209224,94,270171
33257,0.001628,172.217.194.0-255,1484,210708,94,270171
33258,0.001659,172.31.47.0-255,66,210774,94,270171
33259,0.001705,172.217.194.0-255,1484,212258,94,270171
33260,0.001725,172.217.194.0-255,2902,215160,94,270171
33261,0.001728,172.31.47.0-255,66,215226,94,270171
33262,0.001733,172.217.194.0-255,2902,218128,94,270171
33263,0.001735,172.31.47.0-255,66,218194,94,270171
33264,0.00175,172.217.194.0-255,2902,221096,94,270171
33265,0.001753,172.31.47.0-255,66,221162,94,270171
33266,0.001756,172.217.194.0-255,1484,222646,94,270171
33267,0.001789,172.31.47.0-255,66,222712,94,270171
33268,0.0018,172.31.47.0-255,66,222778,94,270171
33269,0.001805,172.217.194.0-255,5738,228516,94,270171
33270,0.001813,172.31.47.0-255,66,228582,94,270171
33271,0.001829,172.217.194.0-255,5738,234320,94,270171
33272,0.001838,172.31.47.0-255,66,234386,94,270171
33273,0.001848,172.217.194.0-255,4320,238706,94,270171
33274,0.001853,172.31.47.0-255,66,238772,94,270171
33275,0.001861,172.217.194.0-255,4320,243092,94,270171
33276,0.001869,172.31.47.0-255,66,243158,94,270171
33277,0.001881,172.217.194.0-255,1484,244642,94,270171
33278,0.001886,172.217.194.0-255,5738,250380,94,270171
33279,0.001889,172.31.47.0-255,66,250446,94,270171
33280,0.001892,172.217.194.0-255,1484,251930,94,270171
33281,0.001913,172.217.194.0-255,5020,256950,94,270171
33282,0.001917,172.31.47.0-255,66,257016,94,270171
33283,0.004282,172.217.194.0-255,5738,262754,94,270171
33284,0.004289,172.31.47.0-255,66,262820,94,270171
33285,0.006628,172.217.194.0-255,2826,265646,94,270171
33286,0.006632,172.31.47.0-255,66,265712,94,270171
33287,0.007945,172.31.47.0-255,105,265817,94,270171
33288,0.010317,172.217.194.0-255,66,265883,94,270171
33289,0.033592,172.31.47.0-255,172,266055,94,270171
33290,0.033621,172.31.47.0-255,1111,267166,94,270171
33291,0.03365,172.31.47.0-255,1514,268680,94,270171
33292,0.033651,172.31.47.0-255,1293,269973,94,270171
33293,0.035234,104.244.42.0-255,66,270039,94,270171
33294,0.035242,104.244.42.0-255,66,270105,94,270171
33295,0.035257,104.244.42.0-255,66,270171,94,270171
33296,0.0,172.253.118.0-255,153,153,94,314447
33297,2.5e-05,172.31.47.0-255,66,219,94,314447
33298,3.2e-05,172.253.118.0-255,1484,1703,94,314447
33299,3.6e-05,172.31.47.0-255,66,1769,94,314447
33300,4.1e-05,172.253.118.0-255,2902,4671,94,314447
33301,4.3e-05,172.31.47.0-255,66,4737,94,314447
33302,4.7e-05,172.253.118.0-255,2902,7639,94,314447
33303,4.9e-05,172.31.47.0-255,66,7705,94,314447
33304,0.000102,172.253.118.0-255,6365,14070,94,314447
33305,0.000106,172.31.47.0-255,66,14136,94,314447
33306,0.000513,172.253.118.0-255,1484,15620,94,314447
33307,0.000519,172.31.47.0-255,66,15686,94,314447
33308,0.000526,172.253.118.0-255,2902,18588,94,314447
33309,0.000538,172.31.47.0-255,66,18654,94,314447
33310,0.000543,172.253.118.0-255,2902,21556,94,314447
33311,0.000545,172.31.47.0-255,66,21622,94,314447
33312,0.000575,172.253.118.0-255,7156,28778,94,314447
33313,0.000577,172.31.47.0-255,66,28844,94,314447
33314,0.000596,172.253.118.0-255,2902,31746,94,314447
33315,0.000599,172.31.47.0-255,66,31812,94,314447
33316,0.000623,172.253.118.0-255,6797,38609,94,314447
33317,0.000626,172.31.47.0-255,66,38675,94,314447
33318,0.000636,172.31.47.0-255,66,38741,94,314447
33319,0.000638,172.253.118.0-255,1484,40225,94,314447
33320,0.00064,172.31.47.0-255,66,40291,94,314447
33321,0.000667,172.31.47.0-255,66,40357,94,314447
33322,0.000698,172.253.118.0-255,6766,47123,94,314447
33323,0.000701,172.31.47.0-255,66,47189,94,314447
33324,0.00072,172.253.118.0-255,116,47305,94,314447
33325,0.000722,172.31.47.0-255,66,47371,94,314447
33326,0.000936,172.253.118.0-255,1484,48855,94,314447
33327,0.000943,172.253.118.0-255,2902,51757,94,314447
33328,0.000947,172.31.47.0-255,66,51823,94,314447
33329,0.000951,172.253.118.0-255,1484,53307,94,314447
33330,0.000967,172.253.118.0-255,4320,57627,94,314447
33331,0.000971,172.31.47.0-255,66,57693,94,314447
33332,0.000977,172.253.118.0-255,5738,63431,94,314447
33333,0.000979,172.31.47.0-255,66,63497,94,314447
33334,0.001005,172.253.118.0-255,7156,70653,94,314447
33335,0.001009,172.31.47.0-255,66,70719,94,314447
33336,0.001021,172.31.47.0-255,66,70785,94,314447
33337,0.001372,172.253.118.0-255,1484,72269,94,314447
33338,0.001379,172.253.118.0-255,2902,75171,94,314447
33339,0.001382,172.31.47.0-255,66,75237,94,314447
33340,0.001387,172.253.118.0-255,2902,78139,94,314447
33341,0.00139,172.31.47.0-255,66,78205,94,314447
33342,0.001405,172.253.118.0-255,2902,81107,94,314447
33343,0.001407,172.31.47.0-255,66,81173,94,314447
33344,0.001414,172.253.118.0-255,7156,88329,94,314447
33345,0.001416,172.31.47.0-255,66,88395,94,314447
33346,0.001419,172.253.118.0-255,1484,89879,94,314447
33347,0.001451,172.31.47.0-255,66,89945,94,314447
33348,0.001455,172.253.118.0-255,2184,92129,94,314447
33349,0.001457,172.31.47.0-255,66,92195,94,314447
33350,0.001543,172.253.118.0-255,1484,93679,94,314447
33351,0.001562,172.253.118.0-255,2902,96581,94,314447
33352,0.001564,172.31.47.0-255,66,96647,94,314447
33353,0.00157,172.253.118.0-255,5738,102385,94,314447
33354,0.001572,172.31.47.0-255,66,102451,94,314447
33355,0.001601,172.253.118.0-255,1484,103935,94,314447
33356,0.001624,172.31.47.0-255,66,104001,94,314447
33357,0.001642,172.253.118.0-255,1484,105485,94,314447
33358,0.001654,172.31.47.0-255,66,105551,94,314447
33359,0.002018,172.253.118.0-255,1484,107035,94,314447
33360,0.002066,172.253.118.0-255,2902,109937,94,314447
33361,0.002069,172.31.47.0-255,66,110003,94,314447
33362,0.002075,172.253.118.0-255,5738,115741,94,314447
33363,0.002077,172.31.47.0-255,66,115807,94,314447
33364,0.00208,172.253.118.0-255,1484,117291,94,314447
33365,0.002089,172.31.47.0-255,66,117357,94,314447
33366,0.00212,172.31.47.0-255,66,117423,94,314447
33367,0.002156,172.253.118.0-255,2184,119607,94,314447
33368,0.002158,172.31.47.0-255,66,119673,94,314447
33369,0.004432,172.253.118.0-255,2902,122575,94,314447
33370,0.004438,172.31.47.0-255,66,122641,94,314447
33371,0.004468,172.253.118.0-255,2902,125543,94,314447
33372,0.004471,172.31.47.0-255,66,125609,94,314447
33373,0.006772,172.253.118.0-255,5738,131347,94,314447
33374,0.006779,172.31.47.0-255,66,131413,94,314447
33375,0.009109,172.253.118.0-255,5738,137151,94,314447
33376,0.009126,172.31.47.0-255,66,137217,94,314447
33377,0.011454,172.253.118.0-255,5738,142955,94,314447
33378,0.011471,172.31.47.0-255,66,143021,94,314447
33379,0.013775,172.253.118.0-255,5738,148759,94,314447
33380,0.013784,172.31.47.0-255,66,148825,94,314447
33381,0.016084,172.253.118.0-255,5738,154563,94,314447
33382,0.016095,172.31.47.0-255,66,154629,94,314447
33383,0.018419,172.253.118.0-255,5738,160367,94,314447
33384,0.01843,172.31.47.0-255,66,160433,94,314447
33385,0.020742,172.253.118.0-255,5738,166171,94,314447
33386,0.020755,172.31.47.0-255,66,166237,94,314447
33387,0.023093,172.253.118.0-255,5738,171975,94,314447
33388,0.023107,172.31.47.0-255,66,172041,94,314447
33389,0.025431,172.253.118.0-255,5738,177779,94,314447
33390,0.025453,172.31.47.0-255,66,177845,94,314447
33391,0.027798,172.253.118.0-255,5738,183583,94,314447
33392,0.027816,172.31.47.0-255,66,183649,94,314447
33393,0.030187,172.253.118.0-255,5738,189387,94,314447
33394,0.030206,172.31.47.0-255,66,189453,94,314447
33395,0.032535,172.253.118.0-255,5738,195191,94,314447
33396,0.032553,172.31.47.0-255,66,195257,94,314447
33397,0.034887,172.253.118.0-255,5738,200995,94,314447
33398,0.034906,172.31.47.0-255,66,201061,94,314447
33399,0.037245,172.253.118.0-255,5738,206799,94,314447
33400,0.037264,172.31.47.0-255,66,206865,94,314447
33401,0.039578,172.253.118.0-255,5738,212603,94,314447
33402,0.039605,172.31.47.0-255,66,212669,94,314447
33403,0.040115,172.31.47.0-255,172,212841,94,314447
33404,0.040144,172.31.47.0-255,1108,213949,94,314447
33405,0.040186,172.31.47.0-255,1514,215463,94,314447
33406,0.040188,172.31.47.0-255,1296,216759,94,314447
33407,0.041712,104.244.42.0-255,66,216825,94,314447
33408,0.041728,104.244.42.0-255,66,216891,94,314447
33409,0.041733,104.244.42.0-255,66,216957,94,314447
33410,0.041909,172.253.118.0-255,5738,222695,94,314447
33411,0.041921,172.31.47.0-255,66,222761,94,314447
33412,0.042365,104.244.42.0-255,108,222869,94,314447
33413,0.04237,172.31.47.0-255,66,222935,94,314447
33414,0.044243,172.253.118.0-255,5738,228673,94,314447
33415,0.044259,172.31.47.0-255,66,228739,94,314447
33416,0.046598,172.253.118.0-255,5738,234477,94,314447
33417,0.046621,172.31.47.0-255,66,234543,94,314447
33418,0.048966,172.253.118.0-255,5738,240281,94,314447
33419,0.048983,172.31.47.0-255,66,240347,94,314447
33420,0.051303,172.253.118.0-255,5738,246085,94,314447
33421,0.051324,172.31.47.0-255,66,246151,94,314447
33422,0.053649,172.253.118.0-255,5738,251889,94,314447
33423,0.053672,172.31.47.0-255,66,251955,94,314447
33424,0.056003,172.253.118.0-255,5738,257693,94,314447
33425,0.056024,172.31.47.0-255,66,257759,94,314447
33426,0.058349,172.253.118.0-255,5738,263497,94,314447
33427,0.058365,172.31.47.0-255,66,263563,94,314447
33428,0.060686,172.253.118.0-255,5738,269301,94,314447
33429,0.060692,172.31.47.0-255,66,269367,94,314447
33430,0.062994,172.253.118.0-255,5738,275105,94,314447
33431,0.063,172.31.47.0-255,66,275171,94,314447
33432,0.065294,172.253.118.0-255,5738,280909,94,314447
33433,0.065302,172.31.47.0-255,66,280975,94,314447
33434,0.06762,172.253.118.0-255,5738,286713,94,314447
33435,0.067629,172.31.47.0-255,66,286779,94,314447
33436,0.06996,172.253.118.0-255,4320,291099,94,314447
33437,0.069966,172.31.47.0-255,66,291165,94,314447
33438,0.069998,172.253.118.0-255,1484,292649,94,314447
33439,0.072275,172.253.118.0-255,4320,296969,94,314447
33440,0.072282,172.31.47.0-255,66,297035,94,314447
33441,0.074589,172.253.118.0-255,5738,302773,94,314447
33442,0.074598,172.31.47.0-255,66,302839,94,314447
33443,0.076905,172.253.118.0-255,5738,308577,94,314447
33444,0.076912,172.31.47.0-255,66,308643,94,314447
33445,0.079223,172.253.118.0-255,5738,314381,94,314447
33446,0.07923,172.31.47.0-255,66,314447,94,314447
33447,0.0,74.125.24.0-255,148,148,94,216531
33448,1.7e-05,172.31.47.0-255,66,214,94,216531
33449,2.4e-05,74.125.24.0-255,1484,1698,94,216531
33450,2.8e-05,172.31.47.0-255,66,1764,94,216531
33451,6.5e-05,74.125.24.0-255,2902,4666,94,216531
33452,6.8e-05,172.31.47.0-255,66,4732,94,216531
33453,0.000183,74.125.24.0-255,1484,6216,94,216531
33454,0.000187,172.31.47.0-255,66,6282,94,216531
33455,0.000223,74.125.24.0-255,4320,10602,94,216531
33456,0.000226,172.31.47.0-255,66,10668,94,216531
33457,0.000249,74.125.24.0-255,4828,15496,94,216531
33458,0.000251,172.31.47.0-255,66,15562,94,216531
33459,0.000662,172.31.47.0-255,66,15628,94,216531
33460,0.000684,74.125.24.0-255,6797,22425,94,216531
33461,0.000688,172.31.47.0-255,66,22491,94,216531
33462,0.00133,74.125.24.0-255,4320,26811,94,216531
33463,0.001337,172.31.47.0-255,66,26877,94,216531
33464,0.001375,172.31.47.0-255,66,26943,94,216531
33465,0.00231,74.125.24.0-255,4320,31263,94,216531
33466,0.002313,172.31.47.0-255,66,31329,94,216531
33467,0.002341,172.31.47.0-255,66,31395,94,216531
33468,0.002908,74.125.24.0-255,5738,37133,94,216531
33469,0.002911,172.31.47.0-255,66,37199,94,216531
33470,0.002939,172.31.47.0-255,66,37265,94,216531
33471,0.002959,74.125.24.0-255,5738,43003,94,216531
33472,0.002962,172.31.47.0-255,66,43069,94,216531
33473,0.003907,74.125.24.0-255,5738,48807,94,216531
33474,0.003916,172.31.47.0-255,66,48873,94,216531
33475,0.003994,74.125.24.0-255,2902,51775,94,216531
33476,0.004017,172.31.47.0-255,66,51841,94,216531
33477,0.006592,74.125.24.0-255,5738,57579,94,216531
33478,0.0066,172.31.47.0-255,66,57645,94,216531
33479,0.009175,74.125.24.0-255,2902,60547,94,216531
33480,0.009187,172.31.47.0-255,66,60613,94,216531
33481,0.009208,74.125.24.0-255,2902,63515,94,216531
33482,0.011768,74.125.24.0-255,2902,66417,94,216531
33483,0.012051,172.31.47.0-255,66,66483,94,216531
33484,0.014622,74.125.24.0-255,5738,72221,94,216531
33485,0.014631,172.31.47.0-255,66,72287,94,216531
33486,0.017177,74.125.24.0-255,5738,78025,94,216531
33487,0.017189,172.31.47.0-255,66,78091,94,216531
33488,0.019781,74.125.24.0-255,5738,83829,94,216531
33489,0.019792,172.31.47.0-255,66,83895,94,216531
33490,0.022347,74.125.24.0-255,5738,89633,94,216531
33491,0.022357,172.31.47.0-255,66,89699,94,216531
33492,0.024968,74.125.24.0-255,5738,95437,94,216531
33493,0.024978,172.31.47.0-255,66,95503,94,216531
33494,0.027321,172.31.47.0-255,172,95675,94,216531
33495,0.027354,172.31.47.0-255,1117,96792,94,216531
33496,0.027414,172.31.47.0-255,1514,98306,94,216531
33497,0.027415,172.31.47.0-255,1287,99593,94,216531
33498,0.027578,74.125.24.0-255,4320,103913,94,216531
33499,0.027584,172.31.47.0-255,66,103979,94,216531
33500,0.027602,74.125.24.0-255,1484,105463,94,216531
33501,0.028878,104.244.42.0-255,66,105529,94,216531
33502,0.028886,104.244.42.0-255,66,105595,94,216531
33503,0.028974,104.244.42.0-255,66,105661,94,216531
33504,0.030153,74.125.24.0-255,4320,109981,94,216531
33505,0.030161,172.31.47.0-255,66,110047,94,216531
33506,0.032745,74.125.24.0-255,5738,115785,94,216531
33507,0.033103,172.31.47.0-255,66,115851,94,216531
33508,0.035707,74.125.24.0-255,5738,121589,94,216531
33509,0.035713,172.31.47.0-255,66,121655,94,216531
33510,0.038282,74.125.24.0-255,5738,127393,94,216531
33511,0.038289,172.31.47.0-255,66,127459,94,216531
33512,0.040839,74.125.24.0-255,4320,131779,94,216531
33513,0.040844,172.31.47.0-255,66,131845,94,216531
33514,0.040918,74.125.24.0-255,1484,133329,94,216531
33515,0.043437,74.125.24.0-255,4320,137649,94,216531
33516,0.043443,172.31.47.0-255,66,137715,94,216531
33517,0.046012,74.125.24.0-255,5738,143453,94,216531
33518,0.046047,172.31.47.0-255,66,143519,94,216531
33519,0.04865,74.125.24.0-255,5738,149257,94,216531
33520,0.048656,172.31.47.0-255,66,149323,94,216531
33521,0.051296,74.125.24.0-255,5738,155061,94,216531
33522,0.051304,172.31.47.0-255,66,155127,94,216531
33523,0.053912,74.125.24.0-255,5738,160865,94,216531
33524,0.05392,172.31.47.0-255,66,160931,94,216531
33525,0.056483,74.125.24.0-255,5738,166669,94,216531
33526,0.056489,172.31.47.0-255,66,166735,94,216531
33527,0.059084,74.125.24.0-255,5738,172473,94,216531
33528,0.05909,172.31.47.0-255,66,172539,94,216531
33529,0.061671,74.125.24.0-255,5738,178277,94,216531
33530,0.061678,172.31.47.0-255,66,178343,94,216531
33531,0.064249,74.125.24.0-255,5738,184081,94,216531
33532,0.064255,172.31.47.0-255,66,184147,94,216531
33533,0.066823,74.125.24.0-255,5738,189885,94,216531
33534,0.066829,172.31.47.0-255,66,189951,94,216531
33535,0.069416,74.125.24.0-255,5738,195689,94,216531
33536,0.069423,172.31.47.0-255,66,195755,94,216531
33537,0.072005,74.125.24.0-255,2902,198657,94,216531
33538,0.072016,172.31.47.0-255,66,198723,94,216531
33539,0.072044,74.125.24.0-255,2902,201625,94,216531
33540,0.072557,172.31.47.0-255,66,201691,94,216531
33541,0.074576,74.125.24.0-255,2902,204593,94,216531
33542,0.074583,172.31.47.0-255,66,204659,94,216531
33543,0.075129,74.125.24.0-255,2902,207561,94,216531
33544,0.075136,172.31.47.0-255,66,207627,94,216531
33545,0.077138,74.125.24.0-255,2902,210529,94,216531
33546,0.077144,172.31.47.0-255,66,210595,94,216531
33547,0.077758,74.125.24.0-255,2902,213497,94,216531
33548,0.077763,172.31.47.0-255,66,213563,94,216531
33549,0.079745,74.125.24.0-255,2902,216465,94,216531
33550,0.07975,172.31.47.0-255,66,216531,94,216531
33551,0.0,172.217.194.0-255,153,153,94,292291
33552,2.8e-05,172.31.47.0-255,66,219,94,292291
33553,3.5e-05,172.217.194.0-255,1484,1703,94,292291
33554,3.9e-05,172.31.47.0-255,66,1769,94,292291
33555,4.4e-05,172.217.194.0-255,2902,4671,94,292291
33556,4.6e-05,172.31.47.0-255,66,4737,94,292291
33557,6.1e-05,172.217.194.0-255,7156,11893,94,292291
33558,6.4e-05,172.31.47.0-255,66,11959,94,292291
33559,7.5e-05,172.31.47.0-255,66,12025,94,292291
33560,0.000104,172.217.194.0-255,4320,16345,94,292291
33561,0.000107,172.31.47.0-255,66,16411,94,292291
33562,0.00014,172.217.194.0-255,6797,23208,94,292291
33563,0.000144,172.31.47.0-255,66,23274,94,292291
33564,0.000188,172.217.194.0-255,1484,24758,94,292291
33565,0.000192,172.31.47.0-255,66,24824,94,292291
33566,0.000195,172.217.194.0-255,1484,26308,94,292291
33567,0.000197,172.31.47.0-255,66,26374,94,292291
33568,0.000232,172.217.194.0-255,1484,27858,94,292291
33569,0.000236,172.31.47.0-255,66,27924,94,292291
33570,0.000242,172.217.194.0-255,5738,33662,94,292291
33571,0.000245,172.31.47.0-255,66,33728,94,292291
33572,0.000259,172.31.47.0-255,66,33794,94,292291
33573,0.000271,172.31.47.0-255,66,33860,94,292291
33574,0.000274,172.217.194.0-255,365,34225,94,292291
33575,0.000276,172.31.47.0-255,66,34291,94,292291
33576,0.000379,172.217.194.0-255,1484,35775,94,292291
33577,0.000383,172.31.47.0-255,66,35841,94,292291
33578,0.000388,172.217.194.0-255,2902,38743,94,292291
33579,0.000391,172.31.47.0-255,66,38809,94,292291
33580,0.000396,172.217.194.0-255,4320,43129,94,292291
33581,0.000404,172.31.47.0-255,66,43195,94,292291
33582,0.000442,172.217.194.0-255,1484,44679,94,292291
33583,0.000456,172.31.47.0-255,66,44745,94,292291
33584,0.000493,172.31.47.0-255,66,44811,94,292291
33585,0.000902,172.217.194.0-255,1484,46295,94,292291
33586,0.00092,172.217.194.0-255,2902,49197,94,292291
33587,0.000923,172.31.47.0-255,66,49263,94,292291
33588,0.000942,172.217.194.0-255,2902,52165,94,292291
33589,0.000944,172.31.47.0-255,66,52231,94,292291
33590,0.000969,172.217.194.0-255,2902,55133,94,292291
33591,0.000972,172.31.47.0-255,66,55199,94,292291
33592,0.000983,172.31.47.0-255,66,55265,94,292291
33593,0.000993,172.31.47.0-255,66,55331,94,292291
33594,0.001013,172.217.194.0-255,1484,56815,94,292291
33595,0.001017,172.217.194.0-255,2184,58999,94,292291
33596,0.00102,172.31.47.0-255,66,59065,94,292291
33597,0.002192,172.217.194.0-255,1484,60549,94,292291
33598,0.002198,172.217.194.0-255,2902,63451,94,292291
33599,0.002202,172.31.47.0-255,66,63517,94,292291
33600,0.002208,172.217.194.0-255,4320,67837,94,292291
33601,0.002209,172.31.47.0-255,66,67903,94,292291
33602,0.002223,172.217.194.0-255,1484,69387,94,292291
33603,0.002242,172.217.194.0-255,7156,76543,94,292291
33604,0.002244,172.31.47.0-255,66,76609,94,292291
33605,0.002265,172.217.194.0-255,2902,79511,94,292291
33606,0.002266,172.31.47.0-255,66,79577,94,292291
33607,0.002277,172.217.194.0-255,2902,82479,94,292291
33608,0.002279,172.31.47.0-255,66,82545,94,292291
33609,0.002311,172.31.47.0-255,66,82611,94,292291
33610,0.002335,172.217.194.0-255,7156,89767,94,292291
33611,0.002337,172.31.47.0-255,66,89833,94,292291
33612,0.002354,172.217.194.0-255,5738,95571,94,292291
33613,0.002355,172.31.47.0-255,66,95637,94,292291
33614,0.002358,172.217.194.0-255,1484,97121,94,292291
33615,0.002398,172.31.47.0-255,66,97187,94,292291
33616,0.002403,172.217.194.0-255,4320,101507,94,292291
33617,0.002405,172.31.47.0-255,66,101573,94,292291
33618,0.002431,172.217.194.0-255,2184,103757,94,292291
33619,0.002433,172.31.47.0-255,66,103823,94,292291
33620,0.004742,172.217.194.0-255,2902,106725,94,292291
33621,0.004746,172.31.47.0-255,66,106791,94,292291
33622,0.004809,172.217.194.0-255,1484,108275,94,292291
33623,0.004824,172.217.194.0-255,1484,109759,94,292291
33624,0.004827,172.31.47.0-255,66,109825,94,292291
33625,0.007077,172.217.194.0-255,2902,112727,94,292291
33626,0.007084,172.31.47.0-255,66,112793,94,292291
33627,0.007156,172.217.194.0-255,2902,115695,94,292291
33628,0.00716,172.31.47.0-255,66,115761,94,292291
33629,0.009415,172.217.194.0-255,2902,118663,94,292291
33630,0.009423,172.31.47.0-255,66,118729,94,292291
33631,0.009498,172.217.194.0-255,1484,120213,94,292291
33632,0.009512,172.217.194.0-255,1484,121697,94,292291
33633,0.009515,172.31.47.0-255,66,121763,94,292291
33634,0.011772,172.217.194.0-255,2902,124665,94,292291
33635,0.011777,172.31.47.0-255,66,124731,94,292291
33636,0.01185,172.217.194.0-255,1484,126215,94,292291
33637,0.011863,172.217.194.0-255,1484,127699,94,292291
33638,0.011865,172.31.47.0-255,66,127765,94,292291
33639,0.014112,172.217.194.0-255,2902,130667,94,292291
33640,0.014117,172.31.47.0-255,66,130733,94,292291
33641,0.014203,172.217.194.0-255,2902,133635,94,292291
33642,0.014207,172.31.47.0-255,66,133701,94,292291
33643,0.016466,172.217.194.0-255,2902,136603,94,292291
33644,0.016474,172.31.47.0-255,66,136669,94,292291
33645,0.016546,172.217.194.0-255,2902,139571,94,292291
33646,0.016551,172.31.47.0-255,66,139637,94,292291
33647,0.01881,172.217.194.0-255,2902,142539,94,292291
33648,0.018817,172.31.47.0-255,66,142605,94,292291
33649,0.018899,172.217.194.0-255,2902,145507,94,292291
33650,0.018903,172.31.47.0-255,66,145573,94,292291
33651,0.021174,172.217.194.0-255,2902,148475,94,292291
33652,0.021179,172.31.47.0-255,66,148541,94,292291
33653,0.021269,172.217.194.0-255,2902,151443,94,292291
33654,0.021272,172.31.47.0-255,66,151509,94,292291
33655,0.023595,172.217.194.0-255,2902,154411,94,292291
33656,0.023603,172.31.47.0-255,66,154477,94,292291
33657,0.023645,172.217.194.0-255,2902,157379,94,292291
33658,0.023648,172.31.47.0-255,66,157445,94,292291
33659,0.025979,172.217.194.0-255,2902,160347,94,292291
33660,0.025997,172.31.47.0-255,66,160413,94,292291
33661,0.026031,172.217.194.0-255,2902,163315,94,292291
33662,0.026035,172.31.47.0-255,66,163381,94,292291
33663,0.028363,172.217.194.0-255,5738,169119,94,292291
33664,0.028373,172.31.47.0-255,66,169185,94,292291
33665,0.030716,172.217.194.0-255,5738,174923,94,292291
33666,0.030728,172.31.47.0-255,66,174989,94,292291
33667,0.033178,172.217.194.0-255,5738,180727,94,292291
33668,0.033185,172.31.47.0-255,66,180793,94,292291
33669,0.034777,172.31.47.0-255,172,180965,94,292291
33670,0.034802,172.31.47.0-255,1111,182076,94,292291
33671,0.034885,172.31.47.0-255,1514,183590,94,292291
33672,0.034887,172.31.47.0-255,1293,184883,94,292291
33673,0.035549,172.217.194.0-255,4320,189203,94,292291
33674,0.035554,172.31.47.0-255,66,189269,94,292291
33675,0.035586,172.217.194.0-255,1484,190753,94,292291
33676,0.036366,104.244.42.0-255,66,190819,94,292291
33677,0.036372,104.244.42.0-255,66,190885,94,292291
33678,0.036454,104.244.42.0-255,66,190951,94,292291
33679,0.037891,172.217.194.0-255,1484,192435,94,292291
33680,0.037896,172.31.47.0-255,66,192501,94,292291
33681,0.037926,172.217.194.0-255,2902,195403,94,292291
33682,0.03793,172.31.47.0-255,66,195469,94,292291
33683,0.040243,172.217.194.0-255,2902,198371,94,292291
33684,0.040252,172.31.47.0-255,66,198437,94,292291
33685,0.04029,172.217.194.0-255,1484,199921,94,292291
33686,0.040302,172.217.194.0-255,1484,201405,94,292291
33687,0.040304,172.31.47.0-255,66,201471,94,292291
33688,0.042597,172.217.194.0-255,2902,204373,94,292291
33689,0.042603,172.31.47.0-255,66,204439,94,292291
33690,0.04266,172.217.194.0-255,2902,207341,94,292291
33691,0.042664,172.31.47.0-255,66,207407,94,292291
33692,0.044973,172.217.194.0-255,2902,210309,94,292291
33693,0.044977,172.31.47.0-255,66,210375,94,292291
33694,0.04501,172.217.194.0-255,2902,213277,94,292291
33695,0.045013,172.31.47.0-255,66,213343,94,292291
33696,0.047318,172.217.194.0-255,1484,214827,94,292291
33697,0.047349,172.217.194.0-255,1484,216311,94,292291
33698,0.047353,172.31.47.0-255,66,216377,94,292291
33699,0.047376,172.217.194.0-255,2902,219279,94,292291
33700,0.047379,172.31.47.0-255,66,219345,94,292291
33701,0.049711,172.217.194.0-255,5738,225083,94,292291
33702,0.049716,172.31.47.0-255,66,225149,94,292291
33703,0.052071,172.217.194.0-255,4320,229469,94,292291
33704,0.052077,172.31.47.0-255,66,229535,94,292291
33705,0.052105,172.217.194.0-255,1484,231019,94,292291
33706,0.054419,172.217.194.0-255,4320,235339,94,292291
33707,0.054425,172.31.47.0-255,66,235405,94,292291
33708,0.056793,172.217.194.0-255,5738,241143,94,292291
33709,0.056802,172.31.47.0-255,66,241209,94,292291
33710,0.059189,172.217.194.0-255,5738,246947,94,292291
33711,0.059199,172.31.47.0-255,66,247013,94,292291
33712,0.061566,172.217.194.0-255,5738,252751,94,292291
33713,0.061572,172.31.47.0-255,66,252817,94,292291
33714,0.063923,172.217.194.0-255,5738,258555,94,292291
33715,0.063929,172.31.47.0-255,66,258621,94,292291
33716,0.066295,172.217.194.0-255,5738,264359,94,292291
33717,0.0663,172.31.47.0-255,66,264425,94,292291
33718,0.068656,172.217.194.0-255,5738,270163,94,292291
33719,0.068661,172.31.47.0-255,66,270229,94,292291
33720,0.071017,172.217.194.0-255,4320,274549,94,292291
33721,0.071022,172.31.47.0-255,66,274615,94,292291
33722,0.071053,172.217.194.0-255,1484,276099,94,292291
33723,0.073363,172.217.194.0-255,4320,280419,94,292291
33724,0.07337,172.31.47.0-255,66,280485,94,292291
33725,0.075702,172.217.194.0-255,1484,281969,94,292291
33726,0.075733,172.217.194.0-255,4320,286289,94,292291
33727,0.075737,172.31.47.0-255,66,286355,94,292291
33728,0.07808,172.217.194.0-255,2902,289257,94,292291
33729,0.078084,172.31.47.0-255,66,289323,94,292291
33730,0.07811,172.217.194.0-255,2902,292225,94,292291
33731,0.078113,172.31.47.0-255,66,292291,94,292291
33732,0.0,74.125.24.0-255,153,153,94,206797
33733,2.9e-05,172.31.47.0-255,66,219,94,206797
33734,3.6e-05,74.125.24.0-255,1484,1703,94,206797
33735,4e-05,172.31.47.0-255,66,1769,94,206797
33736,4.4e-05,74.125.24.0-255,2902,4671,94,206797
33737,4.6e-05,172.31.47.0-255,66,4737,94,206797
33738,5.1e-05,74.125.24.0-255,4320,9057,94,206797
33739,5.4e-05,172.31.47.0-255,66,9123,94,206797
33740,7.4e-05,74.125.24.0-255,2902,12025,94,206797
33741,7.5e-05,172.31.47.0-255,66,12091,94,206797
33742,7.9e-05,74.125.24.0-255,2902,14993,94,206797
33743,8.1e-05,172.31.47.0-255,66,15059,94,206797
33744,0.000112,172.31.47.0-255,66,15125,94,206797
33745,0.000131,74.125.24.0-255,2543,17668,94,206797
33746,0.000134,172.31.47.0-255,66,17734,94,206797
33747,0.000149,74.125.24.0-255,2902,20636,94,206797
33748,0.000151,172.31.47.0-255,66,20702,94,206797
33749,0.000155,74.125.24.0-255,1484,22186,94,206797
33750,0.000156,172.31.47.0-255,66,22252,94,206797
33751,0.000182,74.125.24.0-255,5738,27990,94,206797
33752,0.000185,172.31.47.0-255,66,28056,94,206797
33753,0.00019,74.125.24.0-255,5738,33794,94,206797
33754,0.000192,172.31.47.0-255,66,33860,94,206797
33755,0.000233,172.31.47.0-255,66,33926,94,206797
33756,0.00026,74.125.24.0-255,3900,37826,94,206797
33757,0.000263,172.31.47.0-255,66,37892,94,206797
33758,0.000266,74.125.24.0-255,125,38017,94,206797
33759,0.000267,172.31.47.0-255,66,38083,94,206797
33760,0.000417,74.125.24.0-255,1484,39567,94,206797
33761,0.000421,172.31.47.0-255,66,39633,94,206797
33762,0.000425,74.125.24.0-255,2902,42535,94,206797
33763,0.000429,74.125.24.0-255,1484,44019,94,206797
33764,0.000435,172.31.47.0-255,66,44085,94,206797
33765,0.000442,74.125.24.0-255,4320,48405,94,206797
33766,0.000448,172.31.47.0-255,66,48471,94,206797
33767,0.000499,172.31.47.0-255,66,48537,94,206797
33768,0.000501,74.125.24.0-255,2902,51439,94,206797
33769,0.000505,172.31.47.0-255,66,51505,94,206797
33770,0.000533,172.31.47.0-255,66,51571,94,206797
33771,0.000592,74.125.24.0-255,1484,53055,94,206797
33772,0.000604,74.125.24.0-255,2902,55957,94,206797
33773,0.000606,172.31.47.0-255,66,56023,94,206797
33774,0.000634,74.125.24.0-255,4320,60343,94,206797
33775,0.000639,172.31.47.0-255,66,60409,94,206797
33776,0.000658,74.125.24.0-255,1484,61893,94,206797
33777,0.000672,172.31.47.0-255,66,61959,94,206797
33778,0.000676,172.31.47.0-255,66,62025,94,206797
33779,0.000692,74.125.24.0-255,3307,65332,94,206797
33780,0.000696,172.31.47.0-255,66,65398,94,206797
33781,0.000696,74.125.24.0-255,4320,69718,94,206797
33782,0.000699,172.31.47.0-255,66,69784,94,206797
33783,0.000727,74.125.24.0-255,1484,71268,94,206797
33784,0.000729,172.31.47.0-255,66,71334,94,206797
33785,0.000748,74.125.24.0-255,5738,77072,94,206797
33786,0.000754,172.31.47.0-255,66,77138,94,206797
33787,0.00078,172.31.47.0-255,66,77204,94,206797
33788,0.000795,74.125.24.0-255,4320,81524,94,206797
33789,0.000799,172.31.47.0-255,66,81590,94,206797
33790,0.000821,74.125.24.0-255,7156,88746,94,206797
33791,0.000824,74.125.24.0-255,1484,90230,94,206797
33792,0.000826,172.31.47.0-255,66,90296,94,206797
33793,0.000866,172.31.47.0-255,66,90362,94,206797
33794,0.000899,74.125.24.0-255,4320,94682,94,206797
33795,0.000908,172.31.47.0-255,66,94748,94,206797
33796,0.000926,172.31.47.0-255,66,94814,94,206797
33797,0.000944,74.125.24.0-255,4320,99134,94,206797
33798,0.000947,172.31.47.0-255,66,99200,94,206797
33799,0.000961,74.125.24.0-255,5738,104938,94,206797
33800,0.000963,74.125.24.0-255,1484,106422,94,206797
33801,0.000965,172.31.47.0-255,66,106488,94,206797
33802,0.000998,74.125.24.0-255,1484,107972,94,206797
33803,0.001001,172.31.47.0-255,66,108038,94,206797
33804,0.001015,74.125.24.0-255,7156,115194,94,206797
33805,0.001019,172.31.47.0-255,66,115260,94,206797
33806,0.001034,74.125.24.0-255,3602,118862,94,206797
33807,0.001039,172.31.47.0-255,66,118928,94,206797
33808,0.001077,74.125.24.0-255,1484,120412,94,206797
33809,0.001092,74.125.24.0-255,2902,123314,94,206797
33810,0.001095,172.31.47.0-255,66,123380,94,206797
33811,0.001115,74.125.24.0-255,4320,127700,94,206797
33812,0.00112,172.31.47.0-255,66,127766,94,206797
33813,0.001136,74.125.24.0-255,2902,130668,94,206797
33814,0.001138,172.31.47.0-255,66,130734,94,206797
33815,0.001149,74.125.24.0-255,5738,136472,94,206797
33816,0.001159,172.31.47.0-255,66,136538,94,206797
33817,0.001185,172.31.47.0-255,66,136604,94,206797
33818,0.00119,74.125.24.0-255,1484,138088,94,206797
33819,0.001217,74.125.24.0-255,4320,142408,94,206797
33820,0.00122,172.31.47.0-255,66,142474,94,206797
33821,0.001242,74.125.24.0-255,6438,148912,94,206797
33822,0.001261,172.31.47.0-255,66,148978,94,206797
33823,0.001314,172.31.47.0-255,66,149044,94,206797
33824,0.001329,172.31.47.0-255,66,149110,94,206797
33825,0.001333,74.125.24.0-255,7156,156266,94,206797
33826,0.001338,74.125.24.0-255,7156,163422,94,206797
33827,0.001341,172.31.47.0-255,66,163488,94,206797
33828,0.001356,74.125.24.0-255,1484,164972,94,206797
33829,0.00137,172.31.47.0-255,66,165038,94,206797
33830,0.001393,74.125.24.0-255,5738,170776,94,206797
33831,0.001395,74.125.24.0-255,766,171542,94,206797
33832,0.001398,172.31.47.0-255,66,171608,94,206797
33833,0.001416,74.125.24.0-255,4320,175928,94,206797
33834,0.001424,172.31.47.0-255,66,175994,94,206797
33835,0.001434,74.125.24.0-255,7156,183150,94,206797
33836,0.001438,172.31.47.0-255,66,183216,94,206797
33837,0.001441,74.125.24.0-255,5738,188954,94,206797
33838,0.001454,172.31.47.0-255,66,189020,94,206797
33839,0.001458,74.125.24.0-255,7156,196176,94,206797
33840,0.001468,172.31.47.0-255,66,196242,94,206797
33841,0.001479,74.125.24.0-255,4320,200562,94,206797
33842,0.001486,172.31.47.0-255,66,200628,94,206797
33843,0.00152,172.31.47.0-255,66,200694,94,206797
33844,0.001531,74.125.24.0-255,4320,205014,94,206797
33845,0.001535,172.31.47.0-255,66,205080,94,206797
33846,0.001566,74.125.24.0-255,105,205185,94,206797
33847,0.001582,172.31.47.0-255,66,205251,94,206797
33848,0.003388,172.31.47.0-255,105,205356,94,206797
33849,0.005683,74.125.24.0-255,66,205422,94,206797
33850,0.033977,172.31.47.0-255,172,205594,94,206797
33851,0.034006,172.31.47.0-255,1071,206665,94,206797
33852,0.0355,104.244.42.0-255,66,206731,94,206797
33853,0.035534,104.244.42.0-255,66,206797,94,206797
33854,0.0,74.125.68.0-255,226,226,94,259708
33855,1.8e-05,172.31.47.0-255,66,292,94,259708
33856,2.5e-05,74.125.68.0-255,1484,1776,94,259708
33857,2.9e-05,172.31.47.0-255,66,1842,94,259708
33858,5.3e-05,74.125.68.0-255,1484,3326,94,259708
33859,5.6e-05,172.31.47.0-255,66,3392,94,259708
33860,7.5e-05,74.125.68.0-255,2902,6294,94,259708
33861,7.8e-05,172.31.47.0-255,66,6360,94,259708
33862,0.000234,74.125.68.0-255,4320,10680,94,259708
33863,0.000238,172.31.47.0-255,66,10746,94,259708
33864,0.000402,74.125.68.0-255,3555,14301,94,259708
33865,0.000406,172.31.47.0-255,66,14367,94,259708
33866,0.000556,172.31.47.0-255,66,14433,94,259708
33867,0.000573,74.125.68.0-255,1484,15917,94,259708
33868,0.000576,172.31.47.0-255,66,15983,94,259708
33869,0.000937,74.125.68.0-255,4320,20303,94,259708
33870,0.00094,172.31.47.0-255,66,20369,94,259708
33871,0.000958,74.125.68.0-255,2647,23016,94,259708
33872,0.000961,172.31.47.0-255,66,23082,94,259708
33873,0.002922,74.125.68.0-255,2902,25984,94,259708
33874,0.002928,172.31.47.0-255,66,26050,94,259708
33875,0.002957,74.125.68.0-255,2902,28952,94,259708
33876,0.00296,172.31.47.0-255,66,29018,94,259708
33877,0.004902,74.125.68.0-255,2902,31920,94,259708
33878,0.004906,172.31.47.0-255,66,31986,94,259708
33879,0.004947,74.125.68.0-255,2902,34888,94,259708
33880,0.00495,172.31.47.0-255,66,34954,94,259708
33881,0.006885,74.125.68.0-255,2902,37856,94,259708
33882,0.006891,172.31.47.0-255,66,37922,94,259708
33883,0.006928,74.125.68.0-255,1484,39406,94,259708
33884,0.006931,172.31.47.0-255,66,39472,94,259708
33885,0.00697,74.125.68.0-255,1484,40956,94,259708
33886,0.006973,172.31.47.0-255,66,41022,94,259708
33887,0.008883,74.125.68.0-255,2902,43924,94,259708
33888,0.00889,172.31.47.0-255,66,43990,94,259708
33889,0.008953,74.125.68.0-255,2902,46892,94,259708
33890,0.008958,172.31.47.0-255,66,46958,94,259708
33891,0.01089,74.125.68.0-255,2902,49860,94,259708
33892,0.010899,172.31.47.0-255,66,49926,94,259708
33893,0.010933,74.125.68.0-255,2902,52828,94,259708
33894,0.010938,172.31.47.0-255,66,52894,94,259708
33895,0.012887,74.125.68.0-255,2902,55796,94,259708
33896,0.012894,172.31.47.0-255,66,55862,94,259708
33897,0.012915,74.125.68.0-255,1484,57346,94,259708
33898,0.012918,172.31.47.0-255,66,57412,94,259708
33899,0.012936,74.125.68.0-255,1484,58896,94,259708
33900,0.012939,172.31.47.0-255,66,58962,94,259708
33901,0.014885,74.125.68.0-255,2902,61864,94,259708
33902,0.014892,172.31.47.0-255,66,61930,94,259708
33903,0.014926,74.125.68.0-255,2902,64832,94,259708
33904,0.01493,172.31.47.0-255,66,64898,94,259708
33905,0.016877,74.125.68.0-255,2902,67800,94,259708
33906,0.016883,172.31.47.0-255,66,67866,94,259708
33907,0.016914,74.125.68.0-255,2902,70768,94,259708
33908,0.016917,172.31.47.0-255,66,70834,94,259708
33909,0.017606,172.31.47.0-255,172,71006,94,259708
33910,0.017639,172.31.47.0-255,1108,72114,94,259708
33911,0.017697,172.31.47.0-255,1514,73628,94,259708
33912,0.017698,172.31.47.0-255,1296,74924,94,259708
33913,0.018867,74.125.68.0-255,2902,77826,94,259708
33914,0.018874,172.31.47.0-255,66,77892,94,259708
33915,0.018905,74.125.68.0-255,2902,80794,94,259708
33916,0.01891,172.31.47.0-255,66,80860,94,259708
33917,0.019161,104.244.42.0-255,66,80926,94,259708
33918,0.019186,104.244.42.0-255,66,80992,94,259708
33919,0.01927,104.244.42.0-255,66,81058,94,259708
33920,0.019993,104.244.42.0-255,108,81166,94,259708
33921,0.019998,172.31.47.0-255,66,81232,94,259708
33922,0.020854,74.125.68.0-255,2902,84134,94,259708
33923,0.020858,172.31.47.0-255,66,84200,94,259708
33924,0.020901,74.125.68.0-255,2902,87102,94,259708
33925,0.020904,172.31.47.0-255,66,87168,94,259708
33926,0.022832,74.125.68.0-255,2902,90070,94,259708
33927,0.022837,172.31.47.0-255,66,90136,94,259708
33928,0.022884,74.125.68.0-255,2902,93038,94,259708
33929,0.022887,172.31.47.0-255,66,93104,94,259708
33930,0.024828,74.125.68.0-255,2902,96006,94,259708
33931,0.024833,172.31.47.0-255,66,96072,94,259708
33932,0.024865,74.125.68.0-255,2902,98974,94,259708
33933,0.024869,172.31.47.0-255,66,99040,94,259708
33934,0.026803,74.125.68.0-255,2902,101942,94,259708
33935,0.026808,172.31.47.0-255,66,102008,94,259708
33936,0.026844,74.125.68.0-255,2902,104910,94,259708
33937,0.026847,172.31.47.0-255,66,104976,94,259708
33938,0.028788,74.125.68.0-255,2902,107878,94,259708
33939,0.028793,172.31.47.0-255,66,107944,94,259708
33940,0.028834,74.125.68.0-255,2902,110846,94,259708
33941,0.028838,172.31.47.0-255,66,110912,94,259708
33942,0.030778,74.125.68.0-255,2902,113814,94,259708
33943,0.030783,172.31.47.0-255,66,113880,94,259708
33944,0.030823,74.125.68.0-255,2902,116782,94,259708
33945,0.030826,172.31.47.0-255,66,116848,94,259708
33946,0.032766,74.125.68.0-255,2902,119750,94,259708
33947,0.032771,172.31.47.0-255,66,119816,94,259708
33948,0.032798,74.125.68.0-255,1484,121300,94,259708
33949,0.032801,172.31.47.0-255,66,121366,94,259708
33950,0.032819,74.125.68.0-255,1484,122850,94,259708
33951,0.032821,172.31.47.0-255,66,122916,94,259708
33952,0.034749,74.125.68.0-255,2902,125818,94,259708
33953,0.034753,172.31.47.0-255,66,125884,94,259708
33954,0.034793,74.125.68.0-255,2902,128786,94,259708
33955,0.034796,172.31.47.0-255,66,128852,94,259708
33956,0.036728,74.125.68.0-255,2902,131754,94,259708
33957,0.036734,172.31.47.0-255,66,131820,94,259708
33958,0.036776,74.125.68.0-255,2902,134722,94,259708
33959,0.03678,172.31.47.0-255,66,134788,94,259708
33960,0.038725,74.125.68.0-255,2902,137690,94,259708
33961,0.038731,172.31.47.0-255,66,137756,94,259708
33962,0.038769,74.125.68.0-255,2902,140658,94,259708
33963,0.038772,172.31.47.0-255,66,140724,94,259708
33964,0.040718,74.125.68.0-255,2902,143626,94,259708
33965,0.040723,172.31.47.0-255,66,143692,94,259708
33966,0.040752,74.125.68.0-255,1484,145176,94,259708
33967,0.040755,172.31.47.0-255,66,145242,94,259708
33968,0.040772,74.125.68.0-255,1484,146726,94,259708
33969,0.040774,172.31.47.0-255,66,146792,94,259708
33970,0.042702,74.125.68.0-255,2902,149694,94,259708
33971,0.042707,172.31.47.0-255,66,149760,94,259708
33972,0.042748,74.125.68.0-255,2902,152662,94,259708
33973,0.042753,172.31.47.0-255,66,152728,94,259708
33974,0.044688,74.125.68.0-255,2902,155630,94,259708
33975,0.044692,172.31.47.0-255,66,155696,94,259708
33976,0.04473,74.125.68.0-255,2902,158598,94,259708
33977,0.044734,172.31.47.0-255,66,158664,94,259708
33978,0.04668,74.125.68.0-255,2902,161566,94,259708
33979,0.046684,172.31.47.0-255,66,161632,94,259708
33980,0.046736,74.125.68.0-255,2902,164534,94,259708
33981,0.046739,172.31.47.0-255,66,164600,94,259708
33982,0.048652,74.125.68.0-255,2902,167502,94,259708
33983,0.048657,172.31.47.0-255,66,167568,94,259708
33984,0.048735,74.125.68.0-255,2902,170470,94,259708
33985,0.04874,172.31.47.0-255,66,170536,94,259708
33986,0.050635,74.125.68.0-255,2902,173438,94,259708
33987,0.05064,172.31.47.0-255,66,173504,94,259708
33988,0.05071,74.125.68.0-255,2902,176406,94,259708
33989,0.050714,172.31.47.0-255,66,176472,94,259708
33990,0.052632,74.125.68.0-255,2902,179374,94,259708
33991,0.052636,172.31.47.0-255,66,179440,94,259708
33992,0.052691,74.125.68.0-255,2902,182342,94,259708
33993,0.052694,172.31.47.0-255,66,182408,94,259708
33994,0.054615,74.125.68.0-255,2902,185310,94,259708
33995,0.054619,172.31.47.0-255,66,185376,94,259708
33996,0.05466,74.125.68.0-255,2902,188278,94,259708
33997,0.054663,172.31.47.0-255,66,188344,94,259708
33998,0.0566,74.125.68.0-255,2902,191246,94,259708
33999,0.056605,172.31.47.0-255,66,191312,94,259708
34000,0.056638,74.125.68.0-255,2902,194214,94,259708
34001,0.056641,172.31.47.0-255,66,194280,94,259708
34002,0.058591,74.125.68.0-255,2902,197182,94,259708
34003,0.058596,172.31.47.0-255,66,197248,94,259708
34004,0.058652,74.125.68.0-255,2902,200150,94,259708
34005,0.058656,172.31.47.0-255,66,200216,94,259708
34006,0.060573,74.125.68.0-255,2902,203118,94,259708
34007,0.060578,172.31.47.0-255,66,203184,94,259708
34008,0.060629,74.125.68.0-255,2902,206086,94,259708
34009,0.060633,172.31.47.0-255,66,206152,94,259708
34010,0.062586,74.125.68.0-255,2902,209054,94,259708
34011,0.062591,172.31.47.0-255,66,209120,94,259708
34012,0.062656,74.125.68.0-255,2902,212022,94,259708
34013,0.062659,172.31.47.0-255,66,212088,94,259708
34014,0.064573,74.125.68.0-255,2902,214990,94,259708
34015,0.064577,172.31.47.0-255,66,215056,94,259708
34016,0.064631,74.125.68.0-255,2902,217958,94,259708
34017,0.064635,172.31.47.0-255,66,218024,94,259708
34018,0.066548,74.125.68.0-255,2902,220926,94,259708
34019,0.066552,172.31.47.0-255,66,220992,94,259708
34020,0.066606,74.125.68.0-255,1484,222476,94,259708
34021,0.066609,172.31.47.0-255,66,222542,94,259708
34022,0.066624,74.125.68.0-255,1484,224026,94,259708
34023,0.066626,172.31.47.0-255,66,224092,94,259708
34024,0.068549,74.125.68.0-255,2902,226994,94,259708
34025,0.068553,172.31.47.0-255,66,227060,94,259708
34026,0.068631,74.125.68.0-255,2902,229962,94,259708
34027,0.068635,172.31.47.0-255,66,230028,94,259708
34028,0.070567,74.125.68.0-255,2902,232930,94,259708
34029,0.070572,172.31.47.0-255,66,232996,94,259708
34030,0.070609,74.125.68.0-255,2902,235898,94,259708
34031,0.070612,172.31.47.0-255,66,235964,94,259708
34032,0.072565,74.125.68.0-255,2902,238866,94,259708
34033,0.07257,172.31.47.0-255,66,238932,94,259708
34034,0.0726,74.125.68.0-255,2902,241834,94,259708
34035,0.072603,172.31.47.0-255,66,241900,94,259708
34036,0.074575,74.125.68.0-255,2902,244802,94,259708
34037,0.074592,172.31.47.0-255,66,244868,94,259708
34038,0.07462,74.125.68.0-255,2902,247770,94,259708
34039,0.074623,172.31.47.0-255,66,247836,94,259708
34040,0.076593,74.125.68.0-255,2902,250738,94,259708
34041,0.076606,172.31.47.0-255,66,250804,94,259708
34042,0.076631,74.125.68.0-255,2902,253706,94,259708
34043,0.076635,172.31.47.0-255,66,253772,94,259708
34044,0.078588,74.125.68.0-255,2902,256674,94,259708
34045,0.078595,172.31.47.0-255,66,256740,94,259708
34046,0.078638,74.125.68.0-255,2902,259642,94,259708
34047,0.078643,172.31.47.0-255,66,259708,94,259708
34048,0.0,74.125.68.0-255,153,153,94,365724
34049,1.3e-05,172.31.47.0-255,66,219,94,365724
34050,2.9e-05,74.125.68.0-255,1484,1703,94,365724
34051,3.4e-05,172.31.47.0-255,66,1769,94,365724
34052,5.5e-05,74.125.68.0-255,2902,4671,94,365724
34053,5.7e-05,172.31.47.0-255,66,4737,94,365724
34054,7.8e-05,74.125.68.0-255,2902,7639,94,365724
34055,8e-05,172.31.47.0-255,66,7705,94,365724
34056,8.5e-05,74.125.68.0-255,4320,12025,94,365724
34057,8.7e-05,172.31.47.0-255,66,12091,94,365724
34058,0.000117,74.125.68.0-255,1484,13575,94,365724
34059,0.000119,172.31.47.0-255,66,13641,94,365724
34060,0.000134,74.125.68.0-255,6509,20150,94,365724
34061,0.000136,172.31.47.0-255,66,20216,94,365724
34062,0.00017,172.31.47.0-255,66,20282,94,365724
34063,0.000176,74.125.68.0-255,5738,26020,94,365724
34064,0.000178,172.31.47.0-255,66,26086,94,365724
34065,0.000184,74.125.68.0-255,5738,31824,94,365724
34066,0.000186,172.31.47.0-255,66,31890,94,365724
34067,0.000206,74.125.68.0-255,1484,33374,94,365724
34068,0.000208,172.31.47.0-255,66,33440,94,365724
34069,0.000224,74.125.68.0-255,2902,36342,94,365724
34070,0.000226,172.31.47.0-255,66,36408,94,365724
34071,0.000241,74.125.68.0-255,3602,40010,94,365724
34072,0.000243,172.31.47.0-255,66,40076,94,365724
34073,0.000262,74.125.68.0-255,7156,47232,94,365724
34074,0.000264,172.31.47.0-255,66,47298,94,365724
34075,0.000267,74.125.68.0-255,1484,48782,94,365724
34076,0.000268,172.31.47.0-255,66,48848,94,365724
34077,0.000289,74.125.68.0-255,1484,50332,94,365724
34078,0.000291,172.31.47.0-255,66,50398,94,365724
34079,0.000296,74.125.68.0-255,4320,54718,94,365724
34080,0.000298,172.31.47.0-255,66,54784,94,365724
34081,0.000317,74.125.68.0-255,2838,57622,94,365724
34082,0.000319,172.31.47.0-255,66,57688,94,365724
34083,0.000372,74.125.68.0-255,382,58070,94,365724
34084,0.00056,74.125.68.0-255,1484,59554,94,365724
34085,0.000565,172.31.47.0-255,66,59620,94,365724
34086,0.000577,74.125.68.0-255,1484,61104,94,365724
34087,0.000582,74.125.68.0-255,2902,64006,94,365724
34088,0.000584,172.31.47.0-255,66,64072,94,365724
34089,0.000625,74.125.68.0-255,4320,68392,94,365724
34090,0.000627,172.31.47.0-255,66,68458,94,365724
34091,0.000646,74.125.68.0-255,1484,69942,94,365724
34092,0.000652,74.125.68.0-255,7156,77098,94,365724
34093,0.000655,172.31.47.0-255,66,77164,94,365724
34094,0.000685,74.125.68.0-255,4320,81484,94,365724
34095,0.000688,172.31.47.0-255,66,81550,94,365724
34096,0.000709,172.31.47.0-255,66,81616,94,365724
34097,0.000711,74.125.68.0-255,766,82382,94,365724
34098,0.000941,74.125.68.0-255,1484,83866,94,365724
34099,0.000945,172.31.47.0-255,66,83932,94,365724
34100,0.000949,74.125.68.0-255,2902,86834,94,365724
34101,0.000951,172.31.47.0-255,66,86900,94,365724
34102,0.000954,74.125.68.0-255,1484,88384,94,365724
34103,0.000965,74.125.68.0-255,2902,91286,94,365724
34104,0.000967,172.31.47.0-255,66,91352,94,365724
34105,0.000994,74.125.68.0-255,1484,92836,94,365724
34106,0.000998,74.125.68.0-255,4320,97156,94,365724
34107,0.001003,74.125.68.0-255,5738,102894,94,365724
34108,0.001006,172.31.47.0-255,66,102960,94,365724
34109,0.001009,172.31.47.0-255,66,103026,94,365724
34110,0.001031,172.31.47.0-255,66,103092,94,365724
34111,0.001055,74.125.68.0-255,2902,105994,94,365724
34112,0.001058,172.31.47.0-255,66,106060,94,365724
34113,0.001062,74.125.68.0-255,2184,108244,94,365724
34114,0.001064,172.31.47.0-255,66,108310,94,365724
34115,0.001248,74.125.68.0-255,1484,109794,94,365724
34116,0.001251,74.125.68.0-255,1484,111278,94,365724
34117,0.001254,172.31.47.0-255,66,111344,94,365724
34118,0.00127,74.125.68.0-255,1484,112828,94,365724
34119,0.001276,74.125.68.0-255,5738,118566,94,365724
34120,0.001278,172.31.47.0-255,66,118632,94,365724
34121,0.00128,74.125.68.0-255,1484,120116,94,365724
34122,0.001299,74.125.68.0-255,5738,125854,94,365724
34123,0.001302,172.31.47.0-255,66,125920,94,365724
34124,0.001304,74.125.68.0-255,1484,127404,94,365724
34125,0.001324,74.125.68.0-255,7156,134560,94,365724
34126,0.001326,172.31.47.0-255,66,134626,94,365724
34127,0.001345,74.125.68.0-255,4320,138946,94,365724
34128,0.001348,172.31.47.0-255,66,139012,94,365724
34129,0.001362,74.125.68.0-255,3602,142614,94,365724
34130,0.001364,172.31.47.0-255,66,142680,94,365724
34131,0.001396,74.125.68.0-255,1484,144164,94,365724
34132,0.001415,74.125.68.0-255,2902,147066,94,365724
34133,0.001417,172.31.47.0-255,66,147132,94,365724
34134,0.001423,74.125.68.0-255,4320,151452,94,365724
34135,0.001424,172.31.47.0-255,66,151518,94,365724
34136,0.001434,74.125.68.0-255,1484,153002,94,365724
34137,0.001437,74.125.68.0-255,1484,154486,94,365724
34138,0.001439,172.31.47.0-255,66,154552,94,365724
34139,0.001461,74.125.68.0-255,5738,160290,94,365724
34140,0.001464,172.31.47.0-255,66,160356,94,365724
34141,0.001467,74.125.68.0-255,1484,161840,94,365724
34142,0.001477,74.125.68.0-255,1484,163324,94,365724
34143,0.001479,172.31.47.0-255,66,163390,94,365724
34144,0.001502,74.125.68.0-255,5738,169128,94,365724
34145,0.001505,172.31.47.0-255,66,169194,94,365724
34146,0.00151,74.125.68.0-255,5738,174932,94,365724
34147,0.001512,172.31.47.0-255,66,174998,94,365724
34148,0.001554,74.125.68.0-255,6438,181436,94,365724
34149,0.001557,172.31.47.0-255,66,181502,94,365724
34150,0.001562,74.125.68.0-255,4320,185822,94,365724
34151,0.001564,172.31.47.0-255,66,185888,94,365724
34152,0.001577,74.125.68.0-255,2902,188790,94,365724
34153,0.001579,172.31.47.0-255,66,188856,94,365724
34154,0.001621,172.31.47.0-255,66,188922,94,365724
34155,0.001635,74.125.68.0-255,2902,191824,94,365724
34156,0.001638,172.31.47.0-255,66,191890,94,365724
34157,0.001667,172.31.47.0-255,66,191956,94,365724
34158,0.002102,74.125.68.0-255,1484,193440,94,365724
34159,0.002115,74.125.68.0-255,2902,196342,94,365724
34160,0.002118,172.31.47.0-255,66,196408,94,365724
34161,0.002146,74.125.68.0-255,5738,202146,94,365724
34162,0.002148,172.31.47.0-255,66,202212,94,365724
34163,0.002171,74.125.68.0-255,4320,206532,94,365724
34164,0.002174,172.31.47.0-255,66,206598,94,365724
34165,0.002178,74.125.68.0-255,2902,209500,94,365724
34166,0.002179,172.31.47.0-255,66,209566,94,365724
34167,0.002202,74.125.68.0-255,2902,212468,94,365724
34168,0.002204,172.31.47.0-255,66,212534,94,365724
34169,0.002254,172.31.47.0-255,66,212600,94,365724
34170,0.002272,74.125.68.0-255,2184,214784,94,365724
34171,0.002274,172.31.47.0-255,66,214850,94,365724
34172,0.004552,74.125.68.0-255,5738,220588,94,365724
34173,0.00456,172.31.47.0-255,66,220654,94,365724
34174,0.006846,74.125.68.0-255,2902,223556,94,365724
34175,0.006849,172.31.47.0-255,66,223622,94,365724
34176,0.006861,74.125.68.0-255,2902,226524,94,365724
34177,0.006863,172.31.47.0-255,66,226590,94,365724
34178,0.009135,74.125.68.0-255,5738,232328,94,365724
34179,0.009143,172.31.47.0-255,66,232394,94,365724
34180,0.011465,74.125.68.0-255,5738,238132,94,365724
34181,0.011472,172.31.47.0-255,66,238198,94,365724
34182,0.013771,74.125.68.0-255,5738,243936,94,365724
34183,0.013778,172.31.47.0-255,66,244002,94,365724
34184,0.016075,74.125.68.0-255,5738,249740,94,365724
34185,0.016084,172.31.47.0-255,66,249806,94,365724
34186,0.018372,74.125.68.0-255,5738,255544,94,365724
34187,0.018379,172.31.47.0-255,66,255610,94,365724
34188,0.020682,74.125.68.0-255,5738,261348,94,365724
34189,0.020689,172.31.47.0-255,66,261414,94,365724
34190,0.02299,74.125.68.0-255,5738,267152,94,365724
34191,0.022996,172.31.47.0-255,66,267218,94,365724
34192,0.025284,74.125.68.0-255,5738,272956,94,365724
34193,0.02529,172.31.47.0-255,66,273022,94,365724
34194,0.027587,74.125.68.0-255,5738,278760,94,365724
34195,0.027592,172.31.47.0-255,66,278826,94,365724
34196,0.029885,74.125.68.0-255,5738,284564,94,365724
34197,0.029892,172.31.47.0-255,66,284630,94,365724
34198,0.032196,74.125.68.0-255,5738,290368,94,365724
34199,0.032206,172.31.47.0-255,66,290434,94,365724
34200,0.034503,74.125.68.0-255,5738,296172,94,365724
34201,0.034511,172.31.47.0-255,66,296238,94,365724
34202,0.034948,172.31.47.0-255,172,296410,94,365724
34203,0.03498,172.31.47.0-255,1112,297522,94,365724
34204,0.035046,172.31.47.0-255,1514,299036,94,365724
34205,0.035048,172.31.47.0-255,1514,300550,94,365724
34206,0.03505,172.31.47.0-255,1514,302064,94,365724
34207,0.035051,172.31.47.0-255,1514,303578,94,365724
34208,0.035052,172.31.47.0-255,1514,305092,94,365724
34209,0.035079,172.31.47.0-255,70,305162,94,365724
34210,0.036519,104.244.42.0-255,66,305228,94,365724
34211,0.036527,104.244.42.0-255,66,305294,94,365724
34212,0.036621,104.244.42.0-255,66,305360,94,365724
34213,0.036626,104.244.42.0-255,66,305426,94,365724
34214,0.036805,74.125.68.0-255,1484,306910,94,365724
34215,0.036824,74.125.68.0-255,4320,311230,94,365724
34216,0.036829,172.31.47.0-255,66,311296,94,365724
34217,0.039129,74.125.68.0-255,5738,317034,94,365724
34218,0.039135,172.31.47.0-255,66,317100,94,365724
34219,0.041442,74.125.68.0-255,5738,322838,94,365724
34220,0.041447,172.31.47.0-255,66,322904,94,365724
34221,0.043745,74.125.68.0-255,5738,328642,94,365724
34222,0.043751,172.31.47.0-255,66,328708,94,365724
34223,0.046065,74.125.68.0-255,5738,334446,94,365724
34224,0.046071,172.31.47.0-255,66,334512,94,365724
34225,0.048368,74.125.68.0-255,5738,340250,94,365724
34226,0.048373,172.31.47.0-255,66,340316,94,365724
34227,0.050672,74.125.68.0-255,5738,346054,94,365724
34228,0.050678,172.31.47.0-255,66,346120,94,365724
34229,0.052969,74.125.68.0-255,5738,351858,94,365724
34230,0.052974,172.31.47.0-255,66,351924,94,365724
34231,0.055272,74.125.68.0-255,5738,357662,94,365724
34232,0.055279,172.31.47.0-255,66,357728,94,365724
34233,0.057563,74.125.68.0-255,5738,363466,94,365724
34234,0.057568,172.31.47.0-255,66,363532,94,365724
34235,0.059855,74.125.68.0-255,1955,365487,94,365724
34236,0.059861,172.31.47.0-255,66,365553,94,365724
34237,0.060433,172.31.47.0-255,105,365658,94,365724
34238,0.062683,74.125.68.0-255,66,365724,94,365724
34239,0.0,172.31.47.0-255,105,105,94,276
34240,0.001807,157.240.13.0-255,105,210,94,276
34241,0.001814,172.31.47.0-255,66,276,94,276
34242,0.0,74.125.24.0-255,66,66,94,132
34243,0.032886,172.31.47.0-255,66,132,94,132
34244,0.0,172.217.194.0-255,152,152,94,204462
34245,3.6e-05,172.31.47.0-255,66,218,94,204462
34246,4.3e-05,172.217.194.0-255,1484,1702,94,204462
34247,4.6e-05,172.31.47.0-255,66,1768,94,204462
34248,5.2e-05,172.217.194.0-255,2902,4670,94,204462
34249,5.5e-05,172.31.47.0-255,66,4736,94,204462
34250,7e-05,172.217.194.0-255,7156,11892,94,204462
34251,7.3e-05,172.31.47.0-255,66,11958,94,204462
34252,8.7e-05,172.31.47.0-255,66,12024,94,204462
34253,0.000128,172.31.47.0-255,66,12090,94,204462
34254,0.000164,172.217.194.0-255,1484,13574,94,204462
34255,0.000168,172.31.47.0-255,66,13640,94,204462
34256,0.000174,172.217.194.0-255,2902,16542,94,204462
34257,0.000176,172.31.47.0-255,66,16608,94,204462
34258,0.000208,172.217.194.0-255,5738,22346,94,204462
34259,0.000211,172.31.47.0-255,66,22412,94,204462
34260,0.000232,172.31.47.0-255,66,22478,94,204462
34261,0.000261,172.217.194.0-255,2902,25380,94,204462
34262,0.000263,172.31.47.0-255,66,25446,94,204462
34263,0.000293,172.217.194.0-255,7108,32554,94,204462
34264,0.000296,172.31.47.0-255,66,32620,94,204462
34265,0.000375,172.217.194.0-255,378,32998,94,204462
34266,0.000379,172.31.47.0-255,66,33064,94,204462
34267,0.000694,172.217.194.0-255,1484,34548,94,204462
34268,0.000698,172.31.47.0-255,66,34614,94,204462
34269,0.000718,172.217.194.0-255,2902,37516,94,204462
34270,0.000736,172.31.47.0-255,66,37582,94,204462
34271,0.000743,172.217.194.0-255,5738,43320,94,204462
34272,0.000745,172.31.47.0-255,66,43386,94,204462
34273,0.000764,172.217.194.0-255,7156,50542,94,204462
34274,0.000792,172.217.194.0-255,3602,54144,94,204462
34275,0.00109,172.217.194.0-255,1484,55628,94,204462
34276,0.001097,172.217.194.0-255,2902,58530,94,204462
34277,0.00112,172.217.194.0-255,5738,64268,94,204462
34278,0.00113,172.217.194.0-255,2902,67170,94,204462
34279,0.001164,172.217.194.0-255,7156,74326,94,204462
34280,0.001177,172.217.194.0-255,3602,77928,94,204462
34281,0.00121,172.217.194.0-255,1484,79412,94,204462
34282,0.001214,172.217.194.0-255,2902,82314,94,204462
34283,0.001239,172.217.194.0-255,5738,88052,94,204462
34284,0.001254,172.217.194.0-255,4320,92372,94,204462
34285,0.001331,172.217.194.0-255,2184,94556,94,204462
34286,0.001346,172.217.194.0-255,2902,97458,94,204462
34287,0.001363,172.217.194.0-255,2902,100360,94,204462
34288,0.001376,172.217.194.0-255,1484,101844,94,204462
34289,0.001381,172.217.194.0-255,5738,107582,94,204462
34290,0.001453,172.217.194.0-255,2902,110484,94,204462
34291,0.00147,172.217.194.0-255,7156,117640,94,204462
34292,0.001473,172.217.194.0-255,2902,120542,94,204462
34293,0.001496,172.217.194.0-255,7156,127698,94,204462
34294,0.001525,172.217.194.0-255,1484,129182,94,204462
34295,0.00158,172.217.194.0-255,1484,130666,94,204462
34296,0.001597,172.217.194.0-255,1484,132150,94,204462
34297,0.001605,172.217.194.0-255,1484,133634,94,204462
34298,0.00167,172.217.194.0-255,5738,139372,94,204462
34299,0.001718,172.217.194.0-255,2902,142274,94,204462
34300,0.001761,172.217.194.0-255,5020,147294,94,204462
34301,0.00179,172.217.194.0-255,5738,153032,94,204462
34302,0.001803,172.217.194.0-255,5738,158770,94,204462
34303,0.001813,172.217.194.0-255,1484,160254,94,204462
34304,0.001828,172.217.194.0-255,5738,165992,94,204462
34305,0.001863,172.217.194.0-255,6438,172430,94,204462
34306,0.001905,172.217.194.0-255,2902,175332,94,204462
34307,0.001927,172.217.194.0-255,4320,179652,94,204462
34308,0.001962,172.217.194.0-255,5738,185390,94,204462
34309,0.001984,172.217.194.0-255,2902,188292,94,204462
34310,0.001997,172.217.194.0-255,766,189058,94,204462
34311,0.002021,172.217.194.0-255,766,189824,94,204462
34312,0.002042,172.217.194.0-255,7156,196980,94,204462
34313,0.002061,172.217.194.0-255,2850,199830,94,204462
34314,0.002063,172.217.194.0-255,105,199935,94,204462
34315,0.005155,172.31.47.0-255,66,200001,94,204462
34316,0.0077,172.31.47.0-255,105,200106,94,204462
34317,0.009943,172.217.194.0-255,66,200172,94,204462
34318,0.023073,172.31.47.0-255,172,200344,94,204462
34319,0.023102,172.31.47.0-255,1117,201461,94,204462
34320,0.023133,172.31.47.0-255,1514,202975,94,204462
34321,0.023135,172.31.47.0-255,1289,204264,94,204462
34322,0.024658,104.244.42.0-255,66,204330,94,204462
34323,0.024666,104.244.42.0-255,66,204396,94,204462
34324,0.024799,104.244.42.0-255,66,204462,94,204462
34325,0.0,35.165.44.0-255,97,97,94,260
34326,0.000159,172.31.47.0-255,97,194,94,260
34327,0.000171,172.31.47.0-255,66,260,94,260
34328,0.0,74.125.68.0-255,153,153,94,384556
34329,1.6e-05,172.31.47.0-255,66,219,94,384556
34330,2.3e-05,74.125.68.0-255,1484,1703,94,384556
34331,2.8e-05,172.31.47.0-255,66,1769,94,384556
34332,4.2e-05,74.125.68.0-255,2902,4671,94,384556
34333,4.6e-05,172.31.47.0-255,66,4737,94,384556
34334,5.2e-05,74.125.68.0-255,4320,9057,94,384556
34335,5.5e-05,172.31.47.0-255,66,9123,94,384556
34336,9e-05,74.125.68.0-255,5738,14861,94,384556
34337,9.4e-05,172.31.47.0-255,66,14927,94,384556
34338,0.000106,74.125.68.0-255,1950,16877,94,384556
34339,0.000112,172.31.47.0-255,66,16943,94,384556
34340,0.000124,172.31.47.0-255,66,17009,94,384556
34341,0.000129,74.125.68.0-255,4320,21329,94,384556
34342,0.000132,172.31.47.0-255,66,21395,94,384556
34343,0.000155,74.125.68.0-255,1125,22520,94,384556
34344,0.000158,172.31.47.0-255,66,22586,94,384556
34345,0.00027,74.125.68.0-255,1484,24070,94,384556
34346,0.000273,172.31.47.0-255,66,24136,94,384556
34347,0.000279,74.125.68.0-255,2902,27038,94,384556
34348,0.000282,172.31.47.0-255,66,27104,94,384556
34349,0.000286,74.125.68.0-255,2902,30006,94,384556
34350,0.000288,172.31.47.0-255,66,30072,94,384556
34351,0.000297,74.125.68.0-255,4320,34392,94,384556
34352,0.0003,172.31.47.0-255,66,34458,94,384556
34353,0.000328,74.125.68.0-255,4320,38778,94,384556
34354,0.000331,172.31.47.0-255,66,38844,94,384556
34355,0.00035,74.125.68.0-255,4320,43164,94,384556
34356,0.000353,172.31.47.0-255,66,43230,94,384556
34357,0.000402,74.125.68.0-255,4320,47550,94,384556
34358,0.000406,172.31.47.0-255,66,47616,94,384556
34359,0.000435,74.125.68.0-255,5738,53354,94,384556
34360,0.000438,172.31.47.0-255,66,53420,94,384556
34361,0.000443,74.125.68.0-255,3602,57022,94,384556
34362,0.000445,172.31.47.0-255,66,57088,94,384556
34363,0.000448,74.125.68.0-255,441,57529,94,384556
34364,0.000509,74.125.68.0-255,1484,59013,94,384556
34365,0.000513,172.31.47.0-255,66,59079,94,384556
34366,0.000525,74.125.68.0-255,1484,60563,94,384556
34367,0.000543,74.125.68.0-255,2902,63465,94,384556
34368,0.000545,172.31.47.0-255,66,63531,94,384556
34369,0.000549,74.125.68.0-255,1484,65015,94,384556
34370,0.000552,74.125.68.0-255,1484,66499,94,384556
34371,0.000554,172.31.47.0-255,66,66565,94,384556
34372,0.000568,74.125.68.0-255,1484,68049,94,384556
34373,0.000585,74.125.68.0-255,2902,70951,94,384556
34374,0.000588,172.31.47.0-255,66,71017,94,384556
34375,0.000614,74.125.68.0-255,2902,73919,94,384556
34376,0.000617,172.31.47.0-255,66,73985,94,384556
34377,0.000621,74.125.68.0-255,1484,75469,94,384556
34378,0.000645,74.125.68.0-255,2902,78371,94,384556
34379,0.000648,172.31.47.0-255,66,78437,94,384556
34380,0.000679,74.125.68.0-255,4320,82757,94,384556
34381,0.000682,172.31.47.0-255,66,82823,94,384556
34382,0.000698,172.31.47.0-255,66,82889,94,384556
34383,0.0007,74.125.68.0-255,334,83223,94,384556
34384,0.000811,74.125.68.0-255,1484,84707,94,384556
34385,0.000816,172.31.47.0-255,66,84773,94,384556
34386,0.000822,74.125.68.0-255,2902,87675,94,384556
34387,0.000824,172.31.47.0-255,66,87741,94,384556
34388,0.000877,74.125.68.0-255,4320,92061,94,384556
34389,0.00088,172.31.47.0-255,66,92127,94,384556
34390,0.000886,74.125.68.0-255,5738,97865,94,384556
34391,0.000889,172.31.47.0-255,66,97931,94,384556
34392,0.000916,172.31.47.0-255,66,97997,94,384556
34393,0.000921,74.125.68.0-255,4320,102317,94,384556
34394,0.000923,172.31.47.0-255,66,102383,94,384556
34395,0.00095,74.125.68.0-255,3602,105985,94,384556
34396,0.000953,172.31.47.0-255,66,106051,94,384556
34397,0.001022,74.125.68.0-255,1484,107535,94,384556
34398,0.001042,74.125.68.0-255,2902,110437,94,384556
34399,0.001045,172.31.47.0-255,66,110503,94,384556
34400,0.001049,74.125.68.0-255,1484,111987,94,384556
34401,0.00107,74.125.68.0-255,2902,114889,94,384556
34402,0.001073,172.31.47.0-255,66,114955,94,384556
34403,0.001104,74.125.68.0-255,5738,120693,94,384556
34404,0.001107,172.31.47.0-255,66,120759,94,384556
34405,0.001113,74.125.68.0-255,4320,125079,94,384556
34406,0.001115,172.31.47.0-255,66,125145,94,384556
34407,0.001118,74.125.68.0-255,1484,126629,94,384556
34408,0.001152,74.125.68.0-255,4320,130949,94,384556
34409,0.001155,172.31.47.0-255,66,131015,94,384556
34410,0.001169,74.125.68.0-255,2902,133917,94,384556
34411,0.001175,172.31.47.0-255,66,133983,94,384556
34412,0.001204,74.125.68.0-255,6438,140421,94,384556
34413,0.001207,172.31.47.0-255,66,140487,94,384556
34414,0.001386,74.125.68.0-255,1484,141971,94,384556
34415,0.001426,74.125.68.0-255,1484,143455,94,384556
34416,0.001432,172.31.47.0-255,66,143521,94,384556
34417,0.001463,74.125.68.0-255,2902,146423,94,384556
34418,0.001466,172.31.47.0-255,66,146489,94,384556
34419,0.001472,74.125.68.0-255,4320,150809,94,384556
34420,0.001475,172.31.47.0-255,66,150875,94,384556
34421,0.001518,74.125.68.0-255,7156,158031,94,384556
34422,0.001522,172.31.47.0-255,66,158097,94,384556
34423,0.001559,172.31.47.0-255,66,158163,94,384556
34424,0.001565,74.125.68.0-255,5738,163901,94,384556
34425,0.001567,172.31.47.0-255,66,163967,94,384556
34426,0.001608,74.125.68.0-255,2184,166151,94,384556
34427,0.001611,172.31.47.0-255,66,166217,94,384556
34428,0.001721,74.125.68.0-255,1484,167701,94,384556
34429,0.001736,74.125.68.0-255,2902,170603,94,384556
34430,0.001739,172.31.47.0-255,66,170669,94,384556
34431,0.001763,74.125.68.0-255,2902,173571,94,384556
34432,0.001766,172.31.47.0-255,66,173637,94,384556
34433,0.00181,74.125.68.0-255,4320,177957,94,384556
34434,0.001813,172.31.47.0-255,66,178023,94,384556
34435,0.001861,74.125.68.0-255,2902,180925,94,384556
34436,0.001864,172.31.47.0-255,66,180991,94,384556
34437,0.001892,74.125.68.0-255,2902,183893,94,384556
34438,0.001895,172.31.47.0-255,66,183959,94,384556
34439,0.001917,74.125.68.0-255,1484,185443,94,384556
34440,0.001954,74.125.68.0-255,2902,188345,94,384556
34441,0.001958,172.31.47.0-255,66,188411,94,384556
34442,0.001981,74.125.68.0-255,4320,192731,94,384556
34443,0.001983,172.31.47.0-255,66,192797,94,384556
34444,0.002012,74.125.68.0-255,2902,195699,94,384556
34445,0.002014,172.31.47.0-255,66,195765,94,384556
34446,0.002047,74.125.68.0-255,5020,200785,94,384556
34447,0.00205,172.31.47.0-255,66,200851,94,384556
34448,0.00438,74.125.68.0-255,5738,206589,94,384556
34449,0.004386,172.31.47.0-255,66,206655,94,384556
34450,0.006716,74.125.68.0-255,4320,210975,94,384556
34451,0.00672,172.31.47.0-255,66,211041,94,384556
34452,0.006744,74.125.68.0-255,1484,212525,94,384556
34453,0.009066,74.125.68.0-255,4320,216845,94,384556
34454,0.009073,172.31.47.0-255,66,216911,94,384556
34455,0.011425,74.125.68.0-255,2902,219813,94,384556
34456,0.011434,172.31.47.0-255,66,219879,94,384556
34457,0.011459,74.125.68.0-255,2902,222781,94,384556
34458,0.011462,172.31.47.0-255,66,222847,94,384556
34459,0.013764,74.125.68.0-255,2902,225749,94,384556
34460,0.013772,172.31.47.0-255,66,225815,94,384556
34461,0.013784,74.125.68.0-255,2902,228717,94,384556
34462,0.01379,172.31.47.0-255,66,228783,94,384556
34463,0.016115,74.125.68.0-255,5738,234521,94,384556
34464,0.016124,172.31.47.0-255,66,234587,94,384556
34465,0.018462,74.125.68.0-255,5738,240325,94,384556
34466,0.018471,172.31.47.0-255,66,240391,94,384556
34467,0.020794,74.125.68.0-255,4320,244711,94,384556
34468,0.020802,172.31.47.0-255,66,244777,94,384556
34469,0.02083,74.125.68.0-255,1484,246261,94,384556
34470,0.023138,74.125.68.0-255,4320,250581,94,384556
34471,0.023145,172.31.47.0-255,66,250647,94,384556
34472,0.025525,74.125.68.0-255,2902,253549,94,384556
34473,0.025533,172.31.47.0-255,66,253615,94,384556
34474,0.025561,74.125.68.0-255,2902,256517,94,384556
34475,0.025564,172.31.47.0-255,66,256583,94,384556
34476,0.027865,74.125.68.0-255,2902,259485,94,384556
34477,0.027872,172.31.47.0-255,66,259551,94,384556
34478,0.027905,74.125.68.0-255,2902,262453,94,384556
34479,0.027907,172.31.47.0-255,66,262519,94,384556
34480,0.028637,172.31.47.0-255,172,262691,94,384556
34481,0.028667,172.31.47.0-255,1116,263807,94,384556
34482,0.028724,172.31.47.0-255,1514,265321,94,384556
34483,0.028726,172.31.47.0-255,1288,266609,94,384556
34484,0.030242,74.125.68.0-255,5738,272347,94,384556
34485,0.030248,172.31.47.0-255,66,272413,94,384556
34486,0.030256,104.244.42.0-255,66,272479,94,384556
34487,0.030261,104.244.42.0-255,66,272545,94,384556
34488,0.030265,104.244.42.0-255,66,272611,94,384556
34489,0.032588,74.125.68.0-255,5738,278349,94,384556
34490,0.032594,172.31.47.0-255,66,278415,94,384556
34491,0.034946,74.125.68.0-255,5738,284153,94,384556
34492,0.034955,172.31.47.0-255,66,284219,94,384556
34493,0.037297,74.125.68.0-255,5738,289957,94,384556
34494,0.037304,172.31.47.0-255,66,290023,94,384556
34495,0.039652,74.125.68.0-255,5738,295761,94,384556
34496,0.039658,172.31.47.0-255,66,295827,94,384556
34497,0.042003,74.125.68.0-255,5738,301565,94,384556
34498,0.042009,172.31.47.0-255,66,301631,94,384556
34499,0.044334,74.125.68.0-255,5738,307369,94,384556
34500,0.044339,172.31.47.0-255,66,307435,94,384556
34501,0.046678,74.125.68.0-255,5738,313173,94,384556
34502,0.046683,172.31.47.0-255,66,313239,94,384556
34503,0.049013,74.125.68.0-255,5738,318977,94,384556
34504,0.049019,172.31.47.0-255,66,319043,94,384556
34505,0.051349,74.125.68.0-255,5738,324781,94,384556
34506,0.051356,172.31.47.0-255,66,324847,94,384556
34507,0.05368,74.125.68.0-255,5738,330585,94,384556
34508,0.053686,172.31.47.0-255,66,330651,94,384556
34509,0.056018,74.125.68.0-255,5738,336389,94,384556
34510,0.056027,172.31.47.0-255,66,336455,94,384556
34511,0.058367,74.125.68.0-255,5738,342193,94,384556
34512,0.058378,172.31.47.0-255,66,342259,94,384556
34513,0.060707,74.125.68.0-255,5738,347997,94,384556
34514,0.060713,172.31.47.0-255,66,348063,94,384556
34515,0.063062,74.125.68.0-255,5738,353801,94,384556
34516,0.063069,172.31.47.0-255,66,353867,94,384556
34517,0.065411,74.125.68.0-255,5738,359605,94,384556
34518,0.065417,172.31.47.0-255,66,359671,94,384556
34519,0.067752,74.125.68.0-255,5738,365409,94,384556
34520,0.067759,172.31.47.0-255,66,365475,94,384556
34521,0.070079,74.125.68.0-255,2902,368377,94,384556
34522,0.070086,172.31.47.0-255,66,368443,94,384556
34523,0.070118,74.125.68.0-255,2902,371345,94,384556
34524,0.070121,172.31.47.0-255,66,371411,94,384556
34525,0.072421,74.125.68.0-255,2902,374313,94,384556
34526,0.07243,172.31.47.0-255,66,374379,94,384556
34527,0.072464,74.125.68.0-255,1484,375863,94,384556
34528,0.072482,74.125.68.0-255,1484,377347,94,384556
34529,0.072485,172.31.47.0-255,66,377413,94,384556
34530,0.074773,74.125.68.0-255,2902,380315,94,384556
34531,0.07478,172.31.47.0-255,66,380381,94,384556
34532,0.074808,74.125.68.0-255,1484,381865,94,384556
34533,0.074827,74.125.68.0-255,1484,383349,94,384556
34534,0.074829,172.31.47.0-255,66,383415,94,384556
34535,0.077096,74.125.68.0-255,904,384319,94,384556
34536,0.077223,172.31.47.0-255,66,384385,94,384556
34537,0.077255,172.31.47.0-255,105,384490,94,384556
34538,0.079546,74.125.68.0-255,66,384556,94,384556
34539,0.0,74.125.68.0-255,153,153,94,372621
34540,2.2e-05,172.31.47.0-255,66,219,94,372621
34541,2.8e-05,74.125.68.0-255,1484,1703,94,372621
34542,3.2e-05,172.31.47.0-255,66,1769,94,372621
34543,3.7e-05,74.125.68.0-255,2902,4671,94,372621
34544,3.9e-05,172.31.47.0-255,66,4737,94,372621
34545,6e-05,74.125.68.0-255,1484,6221,94,372621
34546,6.2e-05,172.31.47.0-255,66,6287,94,372621
34547,8.3e-05,74.125.68.0-255,2902,9189,94,372621
34548,8.5e-05,172.31.47.0-255,66,9255,94,372621
34549,0.000114,74.125.68.0-255,4839,14094,94,372621
34550,0.000116,172.31.47.0-255,66,14160,94,372621
34551,0.000154,74.125.68.0-255,2902,17062,94,372621
34552,0.000156,172.31.47.0-255,66,17128,94,372621
34553,0.000193,74.125.68.0-255,1484,18612,94,372621
34554,0.000195,172.31.47.0-255,66,18678,94,372621
34555,0.00021,74.125.68.0-255,2902,21580,94,372621
34556,0.000212,172.31.47.0-255,66,21646,94,372621
34557,0.000222,74.125.68.0-255,1484,23130,94,372621
34558,0.000224,172.31.47.0-255,66,23196,94,372621
34559,0.000248,74.125.68.0-255,1484,24680,94,372621
34560,0.000251,172.31.47.0-255,66,24746,94,372621
34561,0.000256,74.125.68.0-255,4320,29066,94,372621
34562,0.000258,172.31.47.0-255,66,29132,94,372621
34563,0.000261,74.125.68.0-255,2543,31675,94,372621
34564,0.000263,172.31.47.0-255,66,31741,94,372621
34565,0.000341,74.125.68.0-255,1484,33225,94,372621
34566,0.000344,172.31.47.0-255,66,33291,94,372621
34567,0.000357,74.125.68.0-255,1484,34775,94,372621
34568,0.000359,172.31.47.0-255,66,34841,94,372621
34569,0.000382,74.125.68.0-255,2902,37743,94,372621
34570,0.000385,172.31.47.0-255,66,37809,94,372621
34571,0.000416,74.125.68.0-255,5738,43547,94,372621
34572,0.000418,172.31.47.0-255,66,43613,94,372621
34573,0.000443,74.125.68.0-255,6797,50410,94,372621
34574,0.000445,172.31.47.0-255,66,50476,94,372621
34575,0.000461,74.125.68.0-255,2902,53378,94,372621
34576,0.000478,172.31.47.0-255,66,53444,94,372621
34577,0.000495,74.125.68.0-255,2902,56346,94,372621
34578,0.000497,172.31.47.0-255,66,56412,94,372621
34579,0.000505,74.125.68.0-255,7156,63568,94,372621
34580,0.000519,74.125.68.0-255,2855,66423,94,372621
34581,0.000543,74.125.68.0-255,374,66797,94,372621
34582,0.000546,172.31.47.0-255,66,66863,94,372621
34583,0.000943,74.125.68.0-255,1484,68347,94,372621
34584,0.000948,172.31.47.0-255,66,68413,94,372621
34585,0.000953,74.125.68.0-255,2902,71315,94,372621
34586,0.000958,172.31.47.0-255,66,71381,94,372621
34587,0.000973,74.125.68.0-255,4320,75701,94,372621
34588,0.000989,74.125.68.0-255,1484,77185,94,372621
34589,0.001001,74.125.68.0-255,2902,80087,94,372621
34590,0.001007,172.31.47.0-255,66,80153,94,372621
34591,0.001022,74.125.68.0-255,1484,81637,94,372621
34592,0.00103,74.125.68.0-255,7156,88793,94,372621
34593,0.001045,74.125.68.0-255,1484,90277,94,372621
34594,0.001047,172.31.47.0-255,66,90343,94,372621
34595,0.001078,74.125.68.0-255,766,91109,94,372621
34596,0.001082,172.31.47.0-255,66,91175,94,372621
34597,0.001566,74.125.68.0-255,1484,92659,94,372621
34598,0.00157,172.31.47.0-255,66,92725,94,372621
34599,0.001577,74.125.68.0-255,1484,94209,94,372621
34600,0.001579,172.31.47.0-255,66,94275,94,372621
34601,0.001599,74.125.68.0-255,1484,95759,94,372621
34602,0.001602,172.31.47.0-255,66,95825,94,372621
34603,0.001617,74.125.68.0-255,4320,100145,94,372621
34604,0.001646,74.125.68.0-255,5738,105883,94,372621
34605,0.001663,74.125.68.0-255,2902,108785,94,372621
34606,0.001668,74.125.68.0-255,4320,113105,94,372621
34607,0.001673,74.125.68.0-255,5738,118843,94,372621
34608,0.00168,74.125.68.0-255,6438,125281,94,372621
34609,0.001975,74.125.68.0-255,1484,126765,94,372621
34610,0.001993,74.125.68.0-255,2902,129667,94,372621
34611,0.002006,74.125.68.0-255,2902,132569,94,372621
34612,0.002021,74.125.68.0-255,2902,135471,94,372621
34613,0.002025,74.125.68.0-255,1484,136955,94,372621
34614,0.002043,74.125.68.0-255,1484,138439,94,372621
34615,0.002049,74.125.68.0-255,4320,142759,94,372621
34616,0.002077,74.125.68.0-255,4320,147079,94,372621
34617,0.00209,74.125.68.0-255,4320,151399,94,372621
34618,0.002095,74.125.68.0-255,4320,155719,94,372621
34619,0.002131,74.125.68.0-255,2902,158621,94,372621
34620,0.002141,74.125.68.0-255,766,159387,94,372621
34621,0.003857,172.31.47.0-255,66,159453,94,372621
34622,0.005922,74.125.68.0-255,5738,165191,94,372621
34623,0.005928,172.31.47.0-255,66,165257,94,372621
34624,0.007987,74.125.68.0-255,5738,170995,94,372621
34625,0.007993,172.31.47.0-255,66,171061,94,372621
34626,0.010056,74.125.68.0-255,5738,176799,94,372621
34627,0.010066,172.31.47.0-255,66,176865,94,372621
34628,0.012148,74.125.68.0-255,5738,182603,94,372621
34629,0.012159,172.31.47.0-255,66,182669,94,372621
34630,0.014237,74.125.68.0-255,5738,188407,94,372621
34631,0.014248,172.31.47.0-255,66,188473,94,372621
34632,0.016337,74.125.68.0-255,5738,194211,94,372621
34633,0.01635,172.31.47.0-255,66,194277,94,372621
34634,0.018411,74.125.68.0-255,5738,200015,94,372621
34635,0.018437,172.31.47.0-255,66,200081,94,372621
34636,0.020523,74.125.68.0-255,5738,205819,94,372621
34637,0.02053,172.31.47.0-255,66,205885,94,372621
34638,0.021141,172.31.47.0-255,172,206057,94,372621
34639,0.021182,172.31.47.0-255,1117,207174,94,372621
34640,0.021258,172.31.47.0-255,1514,208688,94,372621
34641,0.02126,172.31.47.0-255,1287,209975,94,372621
34642,0.022575,74.125.68.0-255,1484,211459,94,372621
34643,0.022581,172.31.47.0-255,66,211525,94,372621
34644,0.022612,74.125.68.0-255,4320,215845,94,372621
34645,0.022639,172.31.47.0-255,66,215911,94,372621
34646,0.022684,104.244.42.0-255,66,215977,94,372621
34647,0.022732,104.244.42.0-255,66,216043,94,372621
34648,0.022878,104.244.42.0-255,66,216109,94,372621
34649,0.024632,74.125.68.0-255,1484,217593,94,372621
34650,0.024637,172.31.47.0-255,66,217659,94,372621
34651,0.024694,74.125.68.0-255,4320,221979,94,372621
34652,0.024725,172.31.47.0-255,66,222045,94,372621
34653,0.026696,74.125.68.0-255,1484,223529,94,372621
34654,0.026702,172.31.47.0-255,66,223595,94,372621
34655,0.026799,74.125.68.0-255,4320,227915,94,372621
34656,0.026811,172.31.47.0-255,66,227981,94,372621
34657,0.028767,74.125.68.0-255,1484,229465,94,372621
34658,0.028849,74.125.68.0-255,2902,232367,94,372621
34659,0.028855,172.31.47.0-255,66,232433,94,372621
34660,0.028868,74.125.68.0-255,1484,233917,94,372621
34661,0.030912,74.125.68.0-255,4320,238237,94,372621
34662,0.03096,172.31.47.0-255,66,238303,94,372621
34663,0.033013,74.125.68.0-255,1484,239787,94,372621
34664,0.033042,74.125.68.0-255,4320,244107,94,372621
34665,0.033062,172.31.47.0-255,66,244173,94,372621
34666,0.035121,74.125.68.0-255,5738,249911,94,372621
34667,0.035127,172.31.47.0-255,66,249977,94,372621
34668,0.037181,74.125.68.0-255,5738,255715,94,372621
34669,0.037186,172.31.47.0-255,66,255781,94,372621
34670,0.039248,74.125.68.0-255,5738,261519,94,372621
34671,0.039253,172.31.47.0-255,66,261585,94,372621
34672,0.041295,74.125.68.0-255,1484,263069,94,372621
34673,0.041327,74.125.68.0-255,4320,267389,94,372621
34674,0.041332,172.31.47.0-255,66,267455,94,372621
34675,0.043387,74.125.68.0-255,4320,271775,94,372621
34676,0.043392,172.31.47.0-255,66,271841,94,372621
34677,0.043409,74.125.68.0-255,1484,273325,94,372621
34678,0.045449,74.125.68.0-255,4320,277645,94,372621
34679,0.045458,172.31.47.0-255,66,277711,94,372621
34680,0.047508,74.125.68.0-255,5738,283449,94,372621
34681,0.047555,172.31.47.0-255,66,283515,94,372621
34682,0.049599,74.125.68.0-255,2902,286417,94,372621
34683,0.049604,172.31.47.0-255,66,286483,94,372621
34684,0.049631,74.125.68.0-255,2902,289385,94,372621
34685,0.049648,172.31.47.0-255,66,289451,94,372621
34686,0.051679,74.125.68.0-255,2902,292353,94,372621
34687,0.051684,172.31.47.0-255,66,292419,94,372621
34688,0.051713,74.125.68.0-255,2902,295321,94,372621
34689,0.051733,172.31.47.0-255,66,295387,94,372621
34690,0.053728,74.125.68.0-255,2902,298289,94,372621
34691,0.053732,172.31.47.0-255,66,298355,94,372621
34692,0.053772,74.125.68.0-255,1484,299839,94,372621
34693,0.053785,74.125.68.0-255,1484,301323,94,372621
34694,0.053799,172.31.47.0-255,66,301389,94,372621
34695,0.055833,74.125.68.0-255,2902,304291,94,372621
34696,0.055839,172.31.47.0-255,66,304357,94,372621
34697,0.055869,74.125.68.0-255,2902,307259,94,372621
34698,0.055885,172.31.47.0-255,66,307325,94,372621
34699,0.057887,74.125.68.0-255,2902,310227,94,372621
34700,0.057892,172.31.47.0-255,66,310293,94,372621
34701,0.057925,74.125.68.0-255,2902,313195,94,372621
34702,0.057945,172.31.47.0-255,66,313261,94,372621
34703,0.059933,74.125.68.0-255,2902,316163,94,372621
34704,0.059937,172.31.47.0-255,66,316229,94,372621
34705,0.059987,74.125.68.0-255,2902,319131,94,372621
34706,0.06001,172.31.47.0-255,66,319197,94,372621
34707,0.061992,74.125.68.0-255,2902,322099,94,372621
34708,0.061998,172.31.47.0-255,66,322165,94,372621
34709,0.06206,74.125.68.0-255,2902,325067,94,372621
34710,0.06207,172.31.47.0-255,66,325133,94,372621
34711,0.064064,74.125.68.0-255,2902,328035,94,372621
34712,0.064069,172.31.47.0-255,66,328101,94,372621
34713,0.064111,74.125.68.0-255,2902,331003,94,372621
34714,0.064144,172.31.47.0-255,66,331069,94,372621
34715,0.066115,74.125.68.0-255,2902,333971,94,372621
34716,0.066121,172.31.47.0-255,66,334037,94,372621
34717,0.066196,74.125.68.0-255,2902,336939,94,372621
34718,0.066208,172.31.47.0-255,66,337005,94,372621
34719,0.068224,74.125.68.0-255,2902,339907,94,372621
34720,0.068229,172.31.47.0-255,66,339973,94,372621
34721,0.068334,74.125.68.0-255,2902,342875,94,372621
34722,0.068338,172.31.47.0-255,66,342941,94,372621
34723,0.070282,74.125.68.0-255,2902,345843,94,372621
34724,0.070287,172.31.47.0-255,66,345909,94,372621
34725,0.07039,74.125.68.0-255,2902,348811,94,372621
34726,0.070394,172.31.47.0-255,66,348877,94,372621
34727,0.072338,74.125.68.0-255,2902,351779,94,372621
34728,0.072343,172.31.47.0-255,66,351845,94,372621
34729,0.072454,74.125.68.0-255,2902,354747,94,372621
34730,0.072459,172.31.47.0-255,66,354813,94,372621
34731,0.074387,74.125.68.0-255,2902,357715,94,372621
34732,0.074391,172.31.47.0-255,66,357781,94,372621
34733,0.074518,74.125.68.0-255,2902,360683,94,372621
34734,0.074523,172.31.47.0-255,66,360749,94,372621
34735,0.076444,74.125.68.0-255,2902,363651,94,372621
34736,0.076453,172.31.47.0-255,66,363717,94,372621
34737,0.076565,74.125.68.0-255,2902,366619,94,372621
34738,0.07658,172.31.47.0-255,66,366685,94,372621
34739,0.078501,74.125.68.0-255,2902,369587,94,372621
34740,0.078506,172.31.47.0-255,66,369653,94,372621
34741,0.078627,74.125.68.0-255,2902,372555,94,372621
34742,0.078631,172.31.47.0-255,66,372621,94,372621
34743,0.0,172.217.194.0-255,153,153,94,321406
34744,3.2e-05,172.31.47.0-255,66,219,94,321406
34745,3.8e-05,172.217.194.0-255,1484,1703,94,321406
34746,4.2e-05,172.31.47.0-255,66,1769,94,321406
34747,4.6e-05,172.217.194.0-255,2902,4671,94,321406
34748,4.8e-05,172.31.47.0-255,66,4737,94,321406
34749,5.5e-05,172.217.194.0-255,7156,11893,94,321406
34750,5.7e-05,172.31.47.0-255,66,11959,94,321406
34751,7.8e-05,172.217.194.0-255,4849,16808,94,321406
34752,8.2e-05,172.31.47.0-255,66,16874,94,321406
34753,0.000113,172.31.47.0-255,66,16940,94,321406
34754,0.000116,172.217.194.0-255,1484,18424,94,321406
34755,0.000117,172.31.47.0-255,66,18490,94,321406
34756,0.000121,172.217.194.0-255,1484,19974,94,321406
34757,0.000122,172.31.47.0-255,66,20040,94,321406
34758,0.000134,172.217.194.0-255,1484,21524,94,321406
34759,0.000136,172.31.47.0-255,66,21590,94,321406
34760,0.000138,172.217.194.0-255,1484,23074,94,321406
34761,0.00014,172.31.47.0-255,66,23140,94,321406
34762,0.000166,172.217.194.0-255,4320,27460,94,321406
34763,0.000169,172.31.47.0-255,66,27526,94,321406
34764,0.000175,172.217.194.0-255,6797,34323,94,321406
34765,0.000177,172.31.47.0-255,66,34389,94,321406
34766,0.000634,172.217.194.0-255,1484,35873,94,321406
34767,0.000638,172.31.47.0-255,66,35939,94,321406
34768,0.000647,172.217.194.0-255,2902,38841,94,321406
34769,0.000649,172.31.47.0-255,66,38907,94,321406
34770,0.000671,172.217.194.0-255,1484,40391,94,321406
34771,0.000674,172.31.47.0-255,66,40457,94,321406
34772,0.000694,172.217.194.0-255,4320,44777,94,321406
34773,0.000698,172.31.47.0-255,66,44843,94,321406
34774,0.00071,172.31.47.0-255,66,44909,94,321406
34775,0.000723,172.217.194.0-255,1125,46034,94,321406
34776,0.000734,172.31.47.0-255,66,46100,94,321406
34777,0.000751,172.217.194.0-255,1125,47225,94,321406
34778,0.000781,172.217.194.0-255,646,47871,94,321406
34779,0.000785,172.31.47.0-255,66,47937,94,321406
34780,0.000825,172.217.194.0-255,1484,49421,94,321406
34781,0.000829,172.217.194.0-255,2902,52323,94,321406
34782,0.000832,172.31.47.0-255,66,52389,94,321406
34783,0.000835,172.217.194.0-255,1484,53873,94,321406
34784,0.000855,172.217.194.0-255,4320,58193,94,321406
34785,0.000858,172.31.47.0-255,66,58259,94,321406
34786,0.000887,172.217.194.0-255,6797,65056,94,321406
34787,0.00089,172.31.47.0-255,66,65122,94,321406
34788,0.001528,172.217.194.0-255,1484,66606,94,321406
34789,0.001536,172.217.194.0-255,2902,69508,94,321406
34790,0.00154,172.31.47.0-255,66,69574,94,321406
34791,0.001543,172.217.194.0-255,1484,71058,94,321406
34792,0.001562,172.217.194.0-255,4320,75378,94,321406
34793,0.001563,172.31.47.0-255,66,75444,94,321406
34794,0.001566,172.217.194.0-255,1484,76928,94,321406
34795,0.001596,172.31.47.0-255,66,76994,94,321406
34796,0.001674,172.31.47.0-255,66,77060,94,321406
34797,0.001691,172.217.194.0-255,2184,79244,94,321406
34798,0.001693,172.31.47.0-255,66,79310,94,321406
34799,0.001703,172.31.47.0-255,66,79376,94,321406
34800,0.001715,172.31.47.0-255,66,79442,94,321406
34801,0.001734,172.217.194.0-255,4320,83762,94,321406
34802,0.001736,172.31.47.0-255,66,83828,94,321406
34803,0.00175,172.217.194.0-255,1484,85312,94,321406
34804,0.001764,172.217.194.0-255,2184,87496,94,321406
34805,0.001766,172.31.47.0-255,66,87562,94,321406
34806,0.00183,172.217.194.0-255,1484,89046,94,321406
34807,0.001844,172.217.194.0-255,1484,90530,94,321406
34808,0.001846,172.31.47.0-255,66,90596,94,321406
34809,0.001863,172.217.194.0-255,1484,92080,94,321406
34810,0.001869,172.217.194.0-255,5738,97818,94,321406
34811,0.00187,172.31.47.0-255,66,97884,94,321406
34812,0.001895,172.31.47.0-255,66,97950,94,321406
34813,0.001921,172.217.194.0-255,4320,102270,94,321406
34814,0.001924,172.31.47.0-255,66,102336,94,321406
34815,0.001933,172.31.47.0-255,66,102402,94,321406
34816,0.001935,172.217.194.0-255,766,103168,94,321406
34817,0.00224,172.217.194.0-255,1484,104652,94,321406
34818,0.002244,172.31.47.0-255,66,104718,94,321406
34819,0.002248,172.217.194.0-255,2902,107620,94,321406
34820,0.00225,172.31.47.0-255,66,107686,94,321406
34821,0.002279,172.217.194.0-255,5738,113424,94,321406
34822,0.002281,172.31.47.0-255,66,113490,94,321406
34823,0.002298,172.217.194.0-255,4320,117810,94,321406
34824,0.0023,172.31.47.0-255,66,117876,94,321406
34825,0.002322,172.217.194.0-255,4320,122196,94,321406
34826,0.002325,172.31.47.0-255,66,122262,94,321406
34827,0.00457,172.217.194.0-255,5738,128000,94,321406
34828,0.004574,172.31.47.0-255,66,128066,94,321406
34829,0.006849,172.217.194.0-255,5738,133804,94,321406
34830,0.006855,172.31.47.0-255,66,133870,94,321406
34831,0.009101,172.217.194.0-255,5738,139608,94,321406
34832,0.009107,172.31.47.0-255,66,139674,94,321406
34833,0.011354,172.217.194.0-255,5738,145412,94,321406
34834,0.011361,172.31.47.0-255,66,145478,94,321406
34835,0.013636,172.217.194.0-255,5738,151216,94,321406
34836,0.013649,172.31.47.0-255,66,151282,94,321406
34837,0.015926,172.217.194.0-255,5738,157020,94,321406
34838,0.015935,172.31.47.0-255,66,157086,94,321406
34839,0.01821,172.217.194.0-255,5738,162824,94,321406
34840,0.018217,172.31.47.0-255,66,162890,94,321406
34841,0.020466,172.217.194.0-255,5738,168628,94,321406
34842,0.020479,172.31.47.0-255,66,168694,94,321406
34843,0.022723,172.217.194.0-255,5738,174432,94,321406
34844,0.022729,172.31.47.0-255,66,174498,94,321406
34845,0.024987,172.217.194.0-255,5738,180236,94,321406
34846,0.024994,172.31.47.0-255,66,180302,94,321406
34847,0.025159,172.31.47.0-255,172,180474,94,321406
34848,0.025188,172.31.47.0-255,1118,181592,94,321406
34849,0.025242,172.31.47.0-255,1514,183106,94,321406
34850,0.025244,172.31.47.0-255,1287,184393,94,321406
34851,0.026675,104.244.42.0-255,66,184459,94,321406
34852,0.026754,104.244.42.0-255,66,184525,94,321406
34853,0.026842,104.244.42.0-255,66,184591,94,321406
34854,0.027316,172.217.194.0-255,5738,190329,94,321406
34855,0.02732,172.31.47.0-255,66,190395,94,321406
34856,0.029568,172.217.194.0-255,5738,196133,94,321406
34857,0.029574,172.31.47.0-255,66,196199,94,321406
34858,0.031846,172.217.194.0-255,5738,201937,94,321406
34859,0.031852,172.31.47.0-255,66,202003,94,321406
34860,0.034153,172.217.194.0-255,5738,207741,94,321406
34861,0.034159,172.31.47.0-255,66,207807,94,321406
34862,0.036417,172.217.194.0-255,5738,213545,94,321406
34863,0.036424,172.31.47.0-255,66,213611,94,321406
34864,0.038747,172.217.194.0-255,5738,219349,94,321406
34865,0.038753,172.31.47.0-255,66,219415,94,321406
34866,0.041081,172.217.194.0-255,5738,225153,94,321406
34867,0.04109,172.31.47.0-255,66,225219,94,321406
34868,0.043367,172.217.194.0-255,5738,230957,94,321406
34869,0.043374,172.31.47.0-255,66,231023,94,321406
34870,0.045659,172.217.194.0-255,5738,236761,94,321406
34871,0.045666,172.31.47.0-255,66,236827,94,321406
34872,0.047936,172.217.194.0-255,5738,242565,94,321406
34873,0.047942,172.31.47.0-255,66,242631,94,321406
34874,0.0502,172.217.194.0-255,5738,248369,94,321406
34875,0.050205,172.31.47.0-255,66,248435,94,321406
34876,0.052451,172.217.194.0-255,5738,254173,94,321406
34877,0.052467,172.31.47.0-255,66,254239,94,321406
34878,0.054717,172.217.194.0-255,5738,259977,94,321406
34879,0.054725,172.31.47.0-255,66,260043,94,321406
34880,0.056972,172.217.194.0-255,5738,265781,94,321406
34881,0.056978,172.31.47.0-255,66,265847,94,321406
34882,0.059258,172.217.194.0-255,5738,271585,94,321406
34883,0.059264,172.31.47.0-255,66,271651,94,321406
34884,0.061527,172.217.194.0-255,5738,277389,94,321406
34885,0.061533,172.31.47.0-255,66,277455,94,321406
34886,0.063808,172.217.194.0-255,5738,283193,94,321406
34887,0.063815,172.31.47.0-255,66,283259,94,321406
34888,0.066065,172.217.194.0-255,5738,288997,94,321406
34889,0.066073,172.31.47.0-255,66,289063,94,321406
34890,0.06831,172.217.194.0-255,5738,294801,94,321406
34891,0.068317,172.31.47.0-255,66,294867,94,321406
34892,0.070571,172.217.194.0-255,5738,300605,94,321406
34893,0.070577,172.31.47.0-255,66,300671,94,321406
34894,0.072835,172.217.194.0-255,5738,306409,94,321406
34895,0.07284,172.31.47.0-255,66,306475,94,321406
34896,0.075085,172.217.194.0-255,5738,312213,94,321406
34897,0.075092,172.31.47.0-255,66,312279,94,321406
34898,0.077328,172.217.194.0-255,5738,318017,94,321406
34899,0.077333,172.31.47.0-255,66,318083,94,321406
34900,0.079578,172.217.194.0-255,3152,321235,94,321406
34901,0.079585,172.31.47.0-255,66,321301,94,321406
34902,0.079757,172.31.47.0-255,105,321406,94,321406
34903,0.0,172.217.194.0-255,153,153,94,243005
34904,2.4e-05,172.31.47.0-255,66,219,94,243005
34905,3e-05,172.217.194.0-255,1484,1703,94,243005
34906,3.4e-05,172.31.47.0-255,66,1769,94,243005
34907,3.8e-05,172.217.194.0-255,2902,4671,94,243005
34908,4e-05,172.31.47.0-255,66,4737,94,243005
34909,4.4e-05,172.217.194.0-255,4320,9057,94,243005
34910,5.3e-05,172.31.47.0-255,66,9123,94,243005
34911,7.6e-05,172.217.194.0-255,2902,12025,94,243005
34912,7.8e-05,172.31.47.0-255,66,12091,94,243005
34913,8.6e-05,172.217.194.0-255,6317,18408,94,243005
34914,8.7e-05,172.31.47.0-255,66,18474,94,243005
34915,0.000116,172.217.194.0-255,5738,24212,94,243005
34916,0.000118,172.31.47.0-255,66,24278,94,243005
34917,0.000146,172.217.194.0-255,6797,31075,94,243005
34918,0.000148,172.31.47.0-255,66,31141,94,243005
34919,0.000153,172.217.194.0-255,1484,32625,94,243005
34920,0.000155,172.31.47.0-255,66,32691,94,243005
34921,0.000157,172.217.194.0-255,1484,34175,94,243005
34922,0.000159,172.31.47.0-255,66,34241,94,243005
34923,0.000179,172.217.194.0-255,1484,35725,94,243005
34924,0.000181,172.31.47.0-255,66,35791,94,243005
34925,0.000187,172.217.194.0-255,5738,41529,94,243005
34926,0.000189,172.31.47.0-255,66,41595,94,243005
34927,0.000227,172.31.47.0-255,66,41661,94,243005
34928,0.000236,172.31.47.0-255,66,41727,94,243005
34929,0.000262,172.217.194.0-255,1125,42852,94,243005
34930,0.000264,172.31.47.0-255,66,42918,94,243005
34931,0.000281,172.217.194.0-255,676,43594,94,243005
34932,0.000283,172.31.47.0-255,66,43660,94,243005
34933,0.000334,172.217.194.0-255,1484,45144,94,243005
34934,0.000352,172.217.194.0-255,2902,48046,94,243005
34935,0.000359,172.217.194.0-255,5738,53784,94,243005
34936,0.000361,172.217.194.0-255,1484,55268,94,243005
34937,0.000375,172.31.47.0-255,66,55334,94,243005
34938,0.000379,172.217.194.0-255,4320,59654,94,243005
34939,0.000391,172.31.47.0-255,66,59720,94,243005
34940,0.000402,172.217.194.0-255,7156,66876,94,243005
34941,0.000409,172.31.47.0-255,66,66942,94,243005
34942,0.000437,172.217.194.0-255,6797,73739,94,243005
34943,0.000442,172.217.194.0-255,3961,77700,94,243005
34944,0.000444,172.31.47.0-255,66,77766,94,243005
34945,0.000449,172.31.47.0-255,66,77832,94,243005
34946,0.000485,172.217.194.0-255,5738,83570,94,243005
34947,0.000493,172.31.47.0-255,66,83636,94,243005
34948,0.000521,172.31.47.0-255,66,83702,94,243005
34949,0.000526,172.31.47.0-255,66,83768,94,243005
34950,0.000556,172.217.194.0-255,7156,90924,94,243005
34951,0.000562,172.217.194.0-255,3054,93978,94,243005
34952,0.000569,172.31.47.0-255,66,94044,94,243005
34953,0.000591,172.217.194.0-255,1484,95528,94,243005
34954,0.000615,172.217.194.0-255,5738,101266,94,243005
34955,0.000622,172.31.47.0-255,66,101332,94,243005
34956,0.000625,172.217.194.0-255,2902,104234,94,243005
34957,0.000626,172.31.47.0-255,66,104300,94,243005
34958,0.000641,172.31.47.0-255,66,104366,94,243005
34959,0.000671,172.217.194.0-255,766,105132,94,243005
34960,0.000682,172.31.47.0-255,66,105198,94,243005
34961,0.000684,172.217.194.0-255,2902,108100,94,243005
34962,0.000696,172.31.47.0-255,66,108166,94,243005
34963,0.000703,172.217.194.0-255,4320,112486,94,243005
34964,0.000709,172.31.47.0-255,66,112552,94,243005
34965,0.000721,172.31.47.0-255,66,112618,94,243005
34966,0.000746,172.217.194.0-255,5738,118356,94,243005
34967,0.00075,172.31.47.0-255,66,118422,94,243005
34968,0.000787,172.31.47.0-255,66,118488,94,243005
34969,0.000823,172.31.47.0-255,66,118554,94,243005
34970,0.00084,172.217.194.0-255,2184,120738,94,243005
34971,0.000845,172.217.194.0-255,4320,125058,94,243005
34972,0.000848,172.31.47.0-255,66,125124,94,243005
34973,0.000869,172.217.194.0-255,4320,129444,94,243005
34974,0.000874,172.31.47.0-255,66,129510,94,243005
34975,0.000892,172.31.47.0-255,66,129576,94,243005
34976,0.0009,172.217.194.0-255,1484,131060,94,243005
34977,0.000903,172.217.194.0-255,1484,132544,94,243005
34978,0.000906,172.31.47.0-255,66,132610,94,243005
34979,0.000952,172.217.194.0-255,4320,136930,94,243005
34980,0.000951,172.31.47.0-255,66,136996,94,243005
34981,0.000956,172.31.47.0-255,66,137062,94,243005
34982,0.000979,172.217.194.0-255,2902,139964,94,243005
34983,0.000982,172.31.47.0-255,66,140030,94,243005
34984,0.00099,172.217.194.0-255,4320,144350,94,243005
34985,0.000993,172.31.47.0-255,66,144416,94,243005
34986,0.001036,172.31.47.0-255,66,144482,94,243005
34987,0.00105,172.31.47.0-255,66,144548,94,243005
34988,0.001071,172.217.194.0-255,3602,148150,94,243005
34989,0.001076,172.31.47.0-255,66,148216,94,243005
34990,0.001959,172.217.194.0-255,1484,149700,94,243005
34991,0.001981,172.217.194.0-255,2902,152602,94,243005
34992,0.001984,172.31.47.0-255,66,152668,94,243005
34993,0.001989,172.217.194.0-255,2902,155570,94,243005
34994,0.001996,172.31.47.0-255,66,155636,94,243005
34995,0.00201,172.217.194.0-255,2902,158538,94,243005
34996,0.002013,172.217.194.0-255,2902,161440,94,243005
34997,0.002019,172.31.47.0-255,66,161506,94,243005
34998,0.00206,172.31.47.0-255,66,161572,94,243005
34999,0.002063,172.31.47.0-255,66,161638,94,243005
35000,0.004389,172.217.194.0-255,5738,167376,94,243005
35001,0.004395,172.31.47.0-255,66,167442,94,243005
35002,0.006672,172.217.194.0-255,4320,171762,94,243005
35003,0.006685,172.217.194.0-255,1484,173246,94,243005
35004,0.007658,172.31.47.0-255,66,173312,94,243005
35005,0.009932,172.217.194.0-255,5738,179050,94,243005
35006,0.00994,172.31.47.0-255,66,179116,94,243005
35007,0.012215,172.217.194.0-255,5738,184854,94,243005
35008,0.012222,172.31.47.0-255,66,184920,94,243005
35009,0.014522,172.217.194.0-255,5738,190658,94,243005
35010,0.014533,172.31.47.0-255,66,190724,94,243005
35011,0.016826,172.217.194.0-255,5738,196462,94,243005
35012,0.016834,172.31.47.0-255,66,196528,94,243005
35013,0.019135,172.217.194.0-255,5738,202266,94,243005
35014,0.019141,172.31.47.0-255,66,202332,94,243005
35015,0.021432,172.217.194.0-255,5738,208070,94,243005
35016,0.021438,172.31.47.0-255,66,208136,94,243005
35017,0.023794,172.217.194.0-255,5738,213874,94,243005
35018,0.0238,172.31.47.0-255,66,213940,94,243005
35019,0.02609,172.217.194.0-255,5738,219678,94,243005
35020,0.026095,172.31.47.0-255,66,219744,94,243005
35021,0.027272,172.31.47.0-255,172,219916,94,243005
35022,0.0273,172.31.47.0-255,1112,221028,94,243005
35023,0.027333,172.31.47.0-255,1514,222542,94,243005
35024,0.027334,172.31.47.0-255,1292,223834,94,243005
35025,0.028404,172.217.194.0-255,5738,229572,94,243005
35026,0.02841,172.31.47.0-255,66,229638,94,243005
35027,0.028835,104.244.42.0-255,66,229704,94,243005
35028,0.028841,104.244.42.0-255,66,229770,94,243005
35029,0.02889,104.244.42.0-255,66,229836,94,243005
35030,0.030685,172.217.194.0-255,2902,232738,94,243005
35031,0.030689,172.31.47.0-255,66,232804,94,243005
35032,0.030719,172.217.194.0-255,2902,235706,94,243005
35033,0.030725,172.31.47.0-255,66,235772,94,243005
35034,0.032967,172.217.194.0-255,2902,238674,94,243005
35035,0.032973,172.31.47.0-255,66,238740,94,243005
35036,0.033004,172.217.194.0-255,2902,241642,94,243005
35037,0.033227,172.31.47.0-255,66,241708,94,243005
35038,0.035233,172.217.194.0-255,1060,242768,94,243005
35039,0.035397,172.31.47.0-255,66,242834,94,243005
35040,0.035425,172.31.47.0-255,105,242939,94,243005
35041,0.037679,172.217.194.0-255,66,243005,94,243005
35042,0.0,172.31.47.0-255,105,105,94,276
35043,0.001464,157.240.13.0-255,105,210,94,276
35044,0.001474,172.31.47.0-255,66,276,94,276
35045,0.0,172.31.47.0-255,105,105,94,276
35046,0.001491,157.240.13.0-255,105,210,94,276
35047,0.001504,172.31.47.0-255,66,276,94,276
35048,0.0,172.217.194.0-255,298,298,94,365053
35049,3e-05,172.31.47.0-255,66,364,94,365053
35050,3.6e-05,172.217.194.0-255,1484,1848,94,365053
35051,4e-05,172.31.47.0-255,66,1914,94,365053
35052,5.5e-05,172.217.194.0-255,4320,6234,94,365053
35053,6.1e-05,172.31.47.0-255,66,6300,94,365053
35054,6.3e-05,172.217.194.0-255,1484,7784,94,365053
35055,6.6e-05,172.31.47.0-255,66,7850,94,365053
35056,0.000104,172.217.194.0-255,6060,13910,94,365053
35057,0.000108,172.31.47.0-255,66,13976,94,365053
35058,0.000313,172.217.194.0-255,1484,15460,94,365053
35059,0.000318,172.31.47.0-255,66,15526,94,365053
35060,0.000323,172.217.194.0-255,2902,18428,94,365053
35061,0.000326,172.31.47.0-255,66,18494,94,365053
35062,0.000329,172.217.194.0-255,1484,19978,94,365053
35063,0.000331,172.31.47.0-255,66,20044,94,365053
35064,0.000363,172.217.194.0-255,4320,24364,94,365053
35065,0.000369,172.31.47.0-255,66,24430,94,365053
35066,0.00037,172.217.194.0-255,6797,31227,94,365053
35067,0.000372,172.31.47.0-255,66,31293,94,365053
35068,0.000415,172.217.194.0-255,1484,32777,94,365053
35069,0.000418,172.31.47.0-255,66,32843,94,365053
35070,0.000423,172.217.194.0-255,2902,35745,94,365053
35071,0.000425,172.31.47.0-255,66,35811,94,365053
35072,0.000431,172.217.194.0-255,4320,40131,94,365053
35073,0.000439,172.31.47.0-255,66,40197,94,365053
35074,0.000469,172.217.194.0-255,1484,41681,94,365053
35075,0.000473,172.31.47.0-255,66,41747,94,365053
35076,0.000485,172.217.194.0-255,6797,48544,94,365053
35077,0.000488,172.31.47.0-255,66,48610,94,365053
35078,0.000494,172.217.194.0-255,7156,55766,94,365053
35079,0.000497,172.31.47.0-255,66,55832,94,365053
35080,0.000525,172.217.194.0-255,7156,62988,94,365053
35081,0.000542,172.31.47.0-255,66,63054,94,365053
35082,0.000548,172.217.194.0-255,2543,65597,94,365053
35083,0.000552,172.217.194.0-255,377,65974,94,365053
35084,0.000557,172.31.47.0-255,66,66040,94,365053
35085,0.000585,172.217.194.0-255,366,66406,94,365053
35086,0.000856,172.31.47.0-255,66,66472,94,365053
35087,0.000984,172.217.194.0-255,1484,67956,94,365053
35088,0.000993,172.217.194.0-255,2902,70858,94,365053
35089,0.001009,172.217.194.0-255,5738,76596,94,365053
35090,0.001033,172.217.194.0-255,4320,80916,94,365053
35091,0.001061,172.217.194.0-255,1484,82400,94,365053
35092,0.001229,172.217.194.0-255,1484,83884,94,365053
35093,0.001236,172.217.194.0-255,2902,86786,94,365053
35094,0.001257,172.217.194.0-255,5738,92524,94,365053
35095,0.001284,172.217.194.0-255,2902,95426,94,365053
35096,0.001293,172.217.194.0-255,1484,96910,94,365053
35097,0.001307,172.217.194.0-255,4320,101230,94,365053
35098,0.00133,172.217.194.0-255,4320,105550,94,365053
35099,0.001333,172.217.194.0-255,1484,107034,94,365053
35100,0.001338,172.217.194.0-255,2902,109936,94,365053
35101,0.001353,172.217.194.0-255,6438,116374,94,365053
35102,0.001605,172.217.194.0-255,1484,117858,94,365053
35103,0.001612,172.217.194.0-255,2902,120760,94,365053
35104,0.001618,172.217.194.0-255,4320,125080,94,365053
35105,0.001629,172.217.194.0-255,1484,126564,94,365053
35106,0.001635,172.217.194.0-255,5738,132302,94,365053
35107,0.001649,172.217.194.0-255,1484,133786,94,365053
35108,0.001655,172.217.194.0-255,4320,138106,94,365053
35109,0.001683,172.217.194.0-255,2184,140290,94,365053
35110,0.001821,172.217.194.0-255,1484,141774,94,365053
35111,0.001828,172.217.194.0-255,2902,144676,94,365053
35112,0.001834,172.217.194.0-255,5738,150414,94,365053
35113,0.001852,172.217.194.0-255,1484,151898,94,365053
35114,0.001864,172.217.194.0-255,2902,154800,94,365053
35115,0.001878,172.217.194.0-255,7156,161956,94,365053
35116,0.001895,172.217.194.0-255,1484,163440,94,365053
35117,0.001902,172.217.194.0-255,7156,170596,94,365053
35118,0.001919,172.217.194.0-255,3602,174198,94,365053
35119,0.002024,172.217.194.0-255,1484,175682,94,365053
35120,0.002035,172.217.194.0-255,2902,178584,94,365053
35121,0.002057,172.217.194.0-255,5738,184322,94,365053
35122,0.002078,172.217.194.0-255,1484,185806,94,365053
35123,0.002104,172.217.194.0-255,2902,188708,94,365053
35124,0.002108,172.217.194.0-255,2902,191610,94,365053
35125,0.002241,172.217.194.0-255,1484,193094,94,365053
35126,0.002256,172.217.194.0-255,2902,195996,94,365053
35127,0.002291,172.217.194.0-255,5738,201734,94,365053
35128,0.002294,172.217.194.0-255,1484,203218,94,365053
35129,0.00231,172.217.194.0-255,4320,207538,94,365053
35130,0.002327,172.217.194.0-255,5738,213276,94,365053
35131,0.002332,172.217.194.0-255,2902,216178,94,365053
35132,0.002355,172.217.194.0-255,2184,218362,94,365053
35133,0.003673,172.31.47.0-255,66,218428,94,365053
35134,0.00607,172.217.194.0-255,5738,224166,94,365053
35135,0.006076,172.31.47.0-255,66,224232,94,365053
35136,0.008368,172.217.194.0-255,5738,229970,94,365053
35137,0.008374,172.31.47.0-255,66,230036,94,365053
35138,0.010677,172.217.194.0-255,5738,235774,94,365053
35139,0.010683,172.31.47.0-255,66,235840,94,365053
35140,0.01299,172.217.194.0-255,5738,241578,94,365053
35141,0.013034,172.31.47.0-255,66,241644,94,365053
35142,0.015362,172.217.194.0-255,5738,247382,94,365053
35143,0.01537,172.31.47.0-255,66,247448,94,365053
35144,0.017742,172.217.194.0-255,5738,253186,94,365053
35145,0.017753,172.31.47.0-255,66,253252,94,365053
35146,0.020038,172.217.194.0-255,5738,258990,94,365053
35147,0.020045,172.31.47.0-255,66,259056,94,365053
35148,0.02234,172.217.194.0-255,5738,264794,94,365053
35149,0.022347,172.31.47.0-255,66,264860,94,365053
35150,0.024656,172.217.194.0-255,5738,270598,94,365053
35151,0.024663,172.31.47.0-255,66,270664,94,365053
35152,0.026976,172.217.194.0-255,5738,276402,94,365053
35153,0.026985,172.31.47.0-255,66,276468,94,365053
35154,0.029295,172.217.194.0-255,5738,282206,94,365053
35155,0.029307,172.31.47.0-255,66,282272,94,365053
35156,0.031612,172.217.194.0-255,5738,288010,94,365053
35157,0.031621,172.31.47.0-255,66,288076,94,365053
35158,0.033945,172.217.194.0-255,5738,293814,94,365053
35159,0.033951,172.31.47.0-255,66,293880,94,365053
35160,0.034706,172.31.47.0-255,172,294052,94,365053
35161,0.034748,172.31.47.0-255,1117,295169,94,365053
35162,0.034823,172.31.47.0-255,1514,296683,94,365053
35163,0.034826,172.31.47.0-255,1288,297971,94,365053
35164,0.036213,104.244.42.0-255,66,298037,94,365053
35165,0.036265,172.217.194.0-255,1484,299521,94,365053
35166,0.036297,172.217.194.0-255,4320,303841,94,365053
35167,0.036302,172.31.47.0-255,66,303907,94,365053
35168,0.036322,104.244.42.0-255,66,303973,94,365053
35169,0.036368,104.244.42.0-255,66,304039,94,365053
35170,0.036963,104.244.42.0-255,108,304147,94,365053
35171,0.036969,172.31.47.0-255,66,304213,94,365053
35172,0.03867,172.217.194.0-255,5738,309951,94,365053
35173,0.038674,172.31.47.0-255,66,310017,94,365053
35174,0.040983,172.217.194.0-255,4320,314337,94,365053
35175,0.040988,172.31.47.0-255,66,314403,94,365053
35176,0.04102,172.217.194.0-255,1484,315887,94,365053
35177,0.043265,172.217.194.0-255,4320,320207,94,365053
35178,0.043269,172.31.47.0-255,66,320273,94,365053
35179,0.045592,172.217.194.0-255,5738,326011,94,365053
35180,0.045644,172.31.47.0-255,66,326077,94,365053
35181,0.047971,172.217.194.0-255,5738,331815,94,365053
35182,0.047977,172.31.47.0-255,66,331881,94,365053
35183,0.050268,172.217.194.0-255,5738,337619,94,365053
35184,0.050273,172.31.47.0-255,66,337685,94,365053
35185,0.052589,172.217.194.0-255,5738,343423,94,365053
35186,0.052594,172.31.47.0-255,66,343489,94,365053
35187,0.054894,172.217.194.0-255,5738,349227,94,365053
35188,0.054899,172.31.47.0-255,66,349293,94,365053
35189,0.057187,172.217.194.0-255,2902,352195,94,365053
35190,0.057192,172.31.47.0-255,66,352261,94,365053
35191,0.05722,172.217.194.0-255,2902,355163,94,365053
35192,0.057236,172.31.47.0-255,66,355229,94,365053
35193,0.0595,172.217.194.0-255,1484,356713,94,365053
35194,0.059573,172.217.194.0-255,2902,359615,94,365053
35195,0.059578,172.31.47.0-255,66,359681,94,365053
35196,0.059597,172.217.194.0-255,1484,361165,94,365053
35197,0.061886,172.217.194.0-255,3651,364816,94,365053
35198,0.061935,172.31.47.0-255,66,364882,94,365053
35199,0.062073,172.31.47.0-255,105,364987,94,365053
35200,0.064333,172.217.194.0-255,66,365053,94,365053
35201,0.0,74.125.24.0-255,153,153,94,156126
35202,2.6e-05,172.31.47.0-255,66,219,94,156126
35203,3.2e-05,74.125.24.0-255,1484,1703,94,156126
35204,3.7e-05,172.31.47.0-255,66,1769,94,156126
35205,4.2e-05,74.125.24.0-255,2902,4671,94,156126
35206,4.6e-05,172.31.47.0-255,66,4737,94,156126
35207,5.3e-05,74.125.24.0-255,7156,11893,94,156126
35208,5.6e-05,172.31.47.0-255,66,11959,94,156126
35209,6e-05,74.125.24.0-255,2209,14168,94,156126
35210,6.2e-05,172.31.47.0-255,66,14234,94,156126
35211,0.000172,74.125.24.0-255,1484,15718,94,156126
35212,0.000176,172.31.47.0-255,66,15784,94,156126
35213,0.000181,74.125.24.0-255,2902,18686,94,156126
35214,0.000183,172.31.47.0-255,66,18752,94,156126
35215,0.000194,74.125.24.0-255,1484,20236,94,156126
35216,0.000196,172.31.47.0-255,66,20302,94,156126
35217,0.00021,74.125.24.0-255,4320,24622,94,156126
35218,0.000212,172.31.47.0-255,66,24688,94,156126
35219,0.000218,74.125.24.0-255,5738,30426,94,156126
35220,0.000219,172.31.47.0-255,66,30492,94,156126
35221,0.000256,172.31.47.0-255,66,30558,94,156126
35222,0.000279,74.125.24.0-255,7156,37714,94,156126
35223,0.000281,172.31.47.0-255,66,37780,94,156126
35224,0.000312,172.31.47.0-255,66,37846,94,156126
35225,0.000317,74.125.24.0-255,5312,43158,94,156126
35226,0.000319,172.31.47.0-255,66,43224,94,156126
35227,0.00034,74.125.24.0-255,131,43355,94,156126
35228,0.000344,172.31.47.0-255,66,43421,94,156126
35229,0.000464,74.125.24.0-255,1484,44905,94,156126
35230,0.000468,172.31.47.0-255,66,44971,94,156126
35231,0.000473,74.125.24.0-255,2902,47873,94,156126
35232,0.000475,172.31.47.0-255,66,47939,94,156126
35233,0.000486,74.125.24.0-255,1484,49423,94,156126
35234,0.0005,74.125.24.0-255,4320,53743,94,156126
35235,0.000504,172.31.47.0-255,66,53809,94,156126
35236,0.000541,74.125.24.0-255,7156,60965,94,156126
35237,0.000541,172.31.47.0-255,66,61031,94,156126
35238,0.000544,172.31.47.0-255,66,61097,94,156126
35239,0.000564,74.125.24.0-255,3602,64699,94,156126
35240,0.000566,172.31.47.0-255,66,64765,94,156126
35241,0.000569,74.125.24.0-255,351,65116,94,156126
35242,0.000897,172.31.47.0-255,66,65182,94,156126
35243,0.001321,74.125.24.0-255,1484,66666,94,156126
35244,0.00133,74.125.24.0-255,2902,69568,94,156126
35245,0.001334,172.31.47.0-255,66,69634,94,156126
35246,0.001341,74.125.24.0-255,5738,75372,94,156126
35247,0.001343,172.31.47.0-255,66,75438,94,156126
35248,0.001372,172.31.47.0-255,66,75504,94,156126
35249,0.001395,74.125.24.0-255,4320,79824,94,156126
35250,0.001397,172.31.47.0-255,66,79890,94,156126
35251,0.001407,172.31.47.0-255,66,79956,94,156126
35252,0.001546,74.125.24.0-255,1484,81440,94,156126
35253,0.001561,74.125.24.0-255,2902,84342,94,156126
35254,0.001563,172.31.47.0-255,66,84408,94,156126
35255,0.001581,74.125.24.0-255,5738,90146,94,156126
35256,0.001583,172.31.47.0-255,66,90212,94,156126
35257,0.001585,74.125.24.0-255,1484,91696,94,156126
35258,0.001608,74.125.24.0-255,5738,97434,94,156126
35259,0.001609,172.31.47.0-255,66,97500,94,156126
35260,0.00162,172.31.47.0-255,66,97566,94,156126
35261,0.001638,74.125.24.0-255,1484,99050,94,156126
35262,0.001643,74.125.24.0-255,5738,104788,94,156126
35263,0.001646,172.31.47.0-255,66,104854,94,156126
35264,0.001671,74.125.24.0-255,6438,111292,94,156126
35265,0.001673,172.31.47.0-255,66,111358,94,156126
35266,0.001683,172.31.47.0-255,66,111424,94,156126
35267,0.001711,172.31.47.0-255,66,111490,94,156126
35268,0.001729,74.125.24.0-255,3602,115092,94,156126
35269,0.00173,172.31.47.0-255,66,115158,94,156126
35270,0.001745,74.125.24.0-255,4320,119478,94,156126
35271,0.001747,172.31.47.0-255,66,119544,94,156126
35272,0.001783,172.31.47.0-255,66,119610,94,156126
35273,0.001795,172.31.47.0-255,66,119676,94,156126
35274,0.00182,74.125.24.0-255,1484,121160,94,156126
35275,0.001835,74.125.24.0-255,2902,124062,94,156126
35276,0.001837,172.31.47.0-255,66,124128,94,156126
35277,0.00185,74.125.24.0-255,2902,127030,94,156126
35278,0.001853,172.31.47.0-255,66,127096,94,156126
35279,0.001866,74.125.24.0-255,2902,129998,94,156126
35280,0.001868,172.31.47.0-255,66,130064,94,156126
35281,0.001907,172.31.47.0-255,66,130130,94,156126
35282,0.001917,172.31.47.0-255,66,130196,94,156126
35283,0.002008,74.125.24.0-255,1484,131680,94,156126
35284,0.00202,74.125.24.0-255,1484,133164,94,156126
35285,0.002023,172.31.47.0-255,66,133230,94,156126
35286,0.002036,74.125.24.0-255,1484,134714,94,156126
35287,0.002049,74.125.24.0-255,4320,139034,94,156126
35288,0.002051,172.31.47.0-255,66,139100,94,156126
35289,0.002058,74.125.24.0-255,1484,140584,94,156126
35290,0.002087,172.31.47.0-255,66,140650,94,156126
35291,0.002146,172.31.47.0-255,66,140716,94,156126
35292,0.002156,172.31.47.0-255,66,140782,94,156126
35293,0.002179,74.125.24.0-255,7156,147938,94,156126
35294,0.002181,172.31.47.0-255,66,148004,94,156126
35295,0.002217,172.31.47.0-255,66,148070,94,156126
35296,0.002233,172.31.47.0-255,66,148136,94,156126
35297,0.00228,74.125.24.0-255,4320,152456,94,156126
35298,0.002336,74.125.24.0-255,105,152561,94,156126
35299,0.002841,172.31.47.0-255,66,152627,94,156126
35300,0.004797,172.31.47.0-255,105,152732,94,156126
35301,0.007305,74.125.24.0-255,66,152798,94,156126
35302,0.023415,172.31.47.0-255,172,152970,94,156126
35303,0.023442,172.31.47.0-255,1116,154086,94,156126
35304,0.023473,172.31.47.0-255,1514,155600,94,156126
35305,0.023474,172.31.47.0-255,328,155928,94,156126
35306,0.024947,104.244.42.0-255,66,155994,94,156126
35307,0.024992,104.244.42.0-255,66,156060,94,156126
35308,0.025045,104.244.42.0-255,66,156126,94,156126
35309,0.0,74.125.24.0-255,66,66,94,132
35310,0.031887,172.31.47.0-255,66,132,94,132
35311,0.0,74.125.200.0-255,153,153,94,398936
35312,2.1e-05,172.31.47.0-255,66,219,94,398936
35313,2.7e-05,74.125.200.0-255,1484,1703,94,398936
35314,3.2e-05,172.31.47.0-255,66,1769,94,398936
35315,3.7e-05,74.125.200.0-255,2902,4671,94,398936
35316,4.1e-05,172.31.47.0-255,66,4737,94,398936
35317,6.4e-05,74.125.200.0-255,4320,9057,94,398936
35318,6.7e-05,172.31.47.0-255,66,9123,94,398936
35319,9.3e-05,74.125.200.0-255,1484,10607,94,398936
35320,9.6e-05,172.31.47.0-255,66,10673,94,398936
35321,0.000102,74.125.200.0-255,3519,14192,94,398936
35322,0.000105,172.31.47.0-255,66,14258,94,398936
35323,0.000111,74.125.200.0-255,4320,18578,94,398936
35324,0.000113,172.31.47.0-255,66,18644,94,398936
35325,0.000131,74.125.200.0-255,4320,22964,94,398936
35326,0.000134,172.31.47.0-255,66,23030,94,398936
35327,0.000161,74.125.200.0-255,5738,28768,94,398936
35328,0.000164,172.31.47.0-255,66,28834,94,398936
35329,0.000168,74.125.200.0-255,2543,31377,94,398936
35330,0.00017,172.31.47.0-255,66,31443,94,398936
35331,0.000202,74.125.200.0-255,2902,34345,94,398936
35332,0.000205,172.31.47.0-255,66,34411,94,398936
35333,0.000224,74.125.200.0-255,1484,35895,94,398936
35334,0.000226,172.31.47.0-255,66,35961,94,398936
35335,0.000231,74.125.200.0-255,2902,38863,94,398936
35336,0.000233,172.31.47.0-255,66,38929,94,398936
35337,0.000236,74.125.200.0-255,1484,40413,94,398936
35338,0.000238,172.31.47.0-255,66,40479,94,398936
35339,0.000255,74.125.200.0-255,4320,44799,94,398936
35340,0.000258,172.31.47.0-255,66,44865,94,398936
35341,0.000273,74.125.200.0-255,2902,47767,94,398936
35342,0.000276,172.31.47.0-255,66,47833,94,398936
35343,0.00029,74.125.200.0-255,5738,53571,94,398936
35344,0.000292,172.31.47.0-255,66,53637,94,398936
35345,0.000308,74.125.200.0-255,2902,56539,94,398936
35346,0.00031,172.31.47.0-255,66,56605,94,398936
35347,0.000332,74.125.200.0-255,2902,59507,94,398936
35348,0.000336,172.31.47.0-255,66,59573,94,398936
35349,0.000354,74.125.200.0-255,6733,66306,94,398936
35350,0.000357,172.31.47.0-255,66,66372,94,398936
35351,0.00036,74.125.200.0-255,125,66497,94,398936
35352,0.000511,74.125.200.0-255,1484,67981,94,398936
35353,0.000517,172.31.47.0-255,66,68047,94,398936
35354,0.00052,74.125.200.0-255,1484,69531,94,398936
35355,0.000525,74.125.200.0-255,2902,72433,94,398936
35356,0.000528,172.31.47.0-255,66,72499,94,398936
35357,0.000543,74.125.200.0-255,1484,73983,94,398936
35358,0.000564,74.125.200.0-255,4320,78303,94,398936
35359,0.000567,172.31.47.0-255,66,78369,94,398936
35360,0.000603,74.125.200.0-255,5738,84107,94,398936
35361,0.000607,172.31.47.0-255,66,84173,94,398936
35362,0.00063,74.125.200.0-255,7156,91329,94,398936
35363,0.000633,172.31.47.0-255,66,91395,94,398936
35364,0.000645,172.31.47.0-255,66,91461,94,398936
35365,0.000677,74.125.200.0-255,4320,95781,94,398936
35366,0.000698,74.125.200.0-255,5738,101519,94,398936
35367,0.000711,172.31.47.0-255,66,101585,94,398936
35368,0.000731,74.125.200.0-255,5738,107323,94,398936
35369,0.00075,74.125.200.0-255,5738,113061,94,398936
35370,0.000754,74.125.200.0-255,2902,115963,94,398936
35371,0.000783,74.125.200.0-255,2902,118865,94,398936
35372,0.000786,172.31.47.0-255,66,118931,94,398936
35373,0.000791,172.31.47.0-255,66,118997,94,398936
35374,0.000811,74.125.200.0-255,6146,125143,94,398936
35375,0.000829,172.31.47.0-255,66,125209,94,398936
35376,0.001308,74.125.200.0-255,1484,126693,94,398936
35377,0.001326,74.125.200.0-255,2902,129595,94,398936
35378,0.00133,172.31.47.0-255,66,129661,94,398936
35379,0.001334,74.125.200.0-255,1484,131145,94,398936
35380,0.001348,74.125.200.0-255,1484,132629,94,398936
35381,0.001351,172.31.47.0-255,66,132695,94,398936
35382,0.00137,74.125.200.0-255,1484,134179,94,398936
35383,0.001377,74.125.200.0-255,5738,139917,94,398936
35384,0.001383,74.125.200.0-255,5738,145655,94,398936
35385,0.001392,172.31.47.0-255,66,145721,94,398936
35386,0.0014,74.125.200.0-255,1484,147205,94,398936
35387,0.001407,74.125.200.0-255,5738,152943,94,398936
35388,0.001416,172.31.47.0-255,66,153009,94,398936
35389,0.00142,74.125.200.0-255,2902,155911,94,398936
35390,0.001445,172.31.47.0-255,66,155977,94,398936
35391,0.00145,74.125.200.0-255,3602,159579,94,398936
35392,0.001461,172.31.47.0-255,66,159645,94,398936
35393,0.001825,74.125.200.0-255,1484,161129,94,398936
35394,0.001832,74.125.200.0-255,2902,164031,94,398936
35395,0.001835,172.31.47.0-255,66,164097,94,398936
35396,0.001839,74.125.200.0-255,1484,165581,94,398936
35397,0.001855,74.125.200.0-255,2902,168483,94,398936
35398,0.001857,172.31.47.0-255,66,168549,94,398936
35399,0.001888,74.125.200.0-255,5738,174287,94,398936
35400,0.001892,172.31.47.0-255,66,174353,94,398936
35401,0.001897,74.125.200.0-255,4320,178673,94,398936
35402,0.001899,172.31.47.0-255,66,178739,94,398936
35403,0.001918,74.125.200.0-255,5738,184477,94,398936
35404,0.001921,172.31.47.0-255,66,184543,94,398936
35405,0.001978,172.31.47.0-255,66,184609,94,398936
35406,0.002057,74.125.200.0-255,1484,186093,94,398936
35407,0.002064,74.125.200.0-255,2902,188995,94,398936
35408,0.002067,172.31.47.0-255,66,189061,94,398936
35409,0.00207,74.125.200.0-255,1484,190545,94,398936
35410,0.002088,74.125.200.0-255,4320,194865,94,398936
35411,0.002094,74.125.200.0-255,5738,200603,94,398936
35412,0.0021,172.31.47.0-255,66,200669,94,398936
35413,0.002117,74.125.200.0-255,4320,204989,94,398936
35414,0.002129,74.125.200.0-255,2902,207891,94,398936
35415,0.002141,172.31.47.0-255,66,207957,94,398936
35416,0.002148,74.125.200.0-255,7156,215113,94,398936
35417,0.002153,172.31.47.0-255,66,215179,94,398936
35418,0.002165,74.125.200.0-255,3602,218781,94,398936
35419,0.002183,172.31.47.0-255,66,218847,94,398936
35420,0.002259,74.125.200.0-255,1484,220331,94,398936
35421,0.002265,74.125.200.0-255,2902,223233,94,398936
35422,0.002285,74.125.200.0-255,4320,227553,94,398936
35423,0.0023,74.125.200.0-255,1484,229037,94,398936
35424,0.002304,74.125.200.0-255,2902,231939,94,398936
35425,0.002316,74.125.200.0-255,4320,236259,94,398936
35426,0.002318,74.125.200.0-255,1484,237743,94,398936
35427,0.002322,172.31.47.0-255,66,237809,94,398936
35428,0.002706,172.31.47.0-255,66,237875,94,398936
35429,0.005008,74.125.200.0-255,5738,243613,94,398936
35430,0.005024,172.31.47.0-255,66,243679,94,398936
35431,0.00731,74.125.200.0-255,5738,249417,94,398936
35432,0.007317,172.31.47.0-255,66,249483,94,398936
35433,0.009624,74.125.200.0-255,5738,255221,94,398936
35434,0.009633,172.31.47.0-255,66,255287,94,398936
35435,0.011947,74.125.200.0-255,5738,261025,94,398936
35436,0.011967,172.31.47.0-255,66,261091,94,398936
35437,0.014275,74.125.200.0-255,5738,266829,94,398936
35438,0.014295,172.31.47.0-255,66,266895,94,398936
35439,0.016601,74.125.200.0-255,5738,272633,94,398936
35440,0.016614,172.31.47.0-255,66,272699,94,398936
35441,0.018927,74.125.200.0-255,5738,278437,94,398936
35442,0.018951,172.31.47.0-255,66,278503,94,398936
35443,0.021265,74.125.200.0-255,5738,284241,94,398936
35444,0.021287,172.31.47.0-255,66,284307,94,398936
35445,0.023592,74.125.200.0-255,5738,290045,94,398936
35446,0.02361,172.31.47.0-255,66,290111,94,398936
35447,0.025915,74.125.200.0-255,5738,295849,94,398936
35448,0.025934,172.31.47.0-255,66,295915,94,398936
35449,0.028286,74.125.200.0-255,5738,301653,94,398936
35450,0.028303,172.31.47.0-255,66,301719,94,398936
35451,0.030611,74.125.200.0-255,5738,307457,94,398936
35452,0.030625,172.31.47.0-255,66,307523,94,398936
35453,0.032814,172.31.47.0-255,172,307695,94,398936
35454,0.032848,172.31.47.0-255,1071,308766,94,398936
35455,0.032935,74.125.200.0-255,5738,314504,94,398936
35456,0.032943,172.31.47.0-255,66,314570,94,398936
35457,0.034405,104.244.42.0-255,66,314636,94,398936
35458,0.034416,104.244.42.0-255,66,314702,94,398936
35459,0.035236,74.125.200.0-255,5738,320440,94,398936
35460,0.035246,172.31.47.0-255,66,320506,94,398936
35461,0.037546,74.125.200.0-255,5738,326244,94,398936
35462,0.037566,172.31.47.0-255,66,326310,94,398936
35463,0.039865,74.125.200.0-255,5738,332048,94,398936
35464,0.039875,172.31.47.0-255,66,332114,94,398936
35465,0.042172,74.125.200.0-255,4320,336434,94,398936
35466,0.042196,172.31.47.0-255,66,336500,94,398936
35467,0.042217,74.125.200.0-255,1484,337984,94,398936
35468,0.044481,74.125.200.0-255,4320,342304,94,398936
35469,0.044491,172.31.47.0-255,66,342370,94,398936
35470,0.046803,74.125.200.0-255,5738,348108,94,398936
35471,0.04683,172.31.47.0-255,66,348174,94,398936
35472,0.049147,74.125.200.0-255,5738,353912,94,398936
35473,0.049165,172.31.47.0-255,66,353978,94,398936
35474,0.051495,74.125.200.0-255,5738,359716,94,398936
35475,0.051512,172.31.47.0-255,66,359782,94,398936
35476,0.053864,74.125.200.0-255,5738,365520,94,398936
35477,0.053884,172.31.47.0-255,66,365586,94,398936
35478,0.056187,74.125.200.0-255,5738,371324,94,398936
35479,0.056203,172.31.47.0-255,66,371390,94,398936
35480,0.058492,74.125.200.0-255,5738,377128,94,398936
35481,0.058498,172.31.47.0-255,66,377194,94,398936
35482,0.060787,74.125.200.0-255,5738,382932,94,398936
35483,0.060792,172.31.47.0-255,66,382998,94,398936
35484,0.063075,74.125.200.0-255,5738,388736,94,398936
35485,0.063081,172.31.47.0-255,66,388802,94,398936
35486,0.065379,74.125.200.0-255,5738,394540,94,398936
35487,0.065387,172.31.47.0-255,66,394606,94,398936
35488,0.06769,74.125.200.0-255,4093,398699,94,398936
35489,0.067698,172.31.47.0-255,66,398765,94,398936
35490,0.068645,172.31.47.0-255,105,398870,94,398936
35491,0.070906,74.125.200.0-255,66,398936,94,398936
35492,0.0,74.125.24.0-255,153,153,94,348956
35493,1.4e-05,172.31.47.0-255,66,219,94,348956
35494,2.9e-05,74.125.24.0-255,1484,1703,94,348956
35495,3.3e-05,172.31.47.0-255,66,1769,94,348956
35496,4.6e-05,74.125.24.0-255,1484,3253,94,348956
35497,4.8e-05,172.31.47.0-255,66,3319,94,348956
35498,5.1e-05,74.125.24.0-255,1484,4803,94,348956
35499,5.4e-05,172.31.47.0-255,66,4869,94,348956
35500,7.8e-05,74.125.24.0-255,2902,7771,94,348956
35501,8e-05,172.31.47.0-255,66,7837,94,348956
35502,0.000117,74.125.24.0-255,6474,14311,94,348956
35503,0.00012,172.31.47.0-255,66,14377,94,348956
35504,0.000321,74.125.24.0-255,1484,15861,94,348956
35505,0.000325,172.31.47.0-255,66,15927,94,348956
35506,0.00033,74.125.24.0-255,2902,18829,94,348956
35507,0.000332,172.31.47.0-255,66,18895,94,348956
35508,0.000352,74.125.24.0-255,1484,20379,94,348956
35509,0.000355,172.31.47.0-255,66,20445,94,348956
35510,0.000369,74.125.24.0-255,1484,21929,94,348956
35511,0.000371,172.31.47.0-255,66,21995,94,348956
35512,0.000375,74.125.24.0-255,2902,24897,94,348956
35513,0.000377,172.31.47.0-255,66,24963,94,348956
35514,0.0004,74.125.24.0-255,4320,29283,94,348956
35515,0.000403,172.31.47.0-255,66,29349,94,348956
35516,0.000406,74.125.24.0-255,1484,30833,94,348956
35517,0.000408,172.31.47.0-255,66,30899,94,348956
35518,0.000438,74.125.24.0-255,1125,32024,94,348956
35519,0.000441,172.31.47.0-255,66,32090,94,348956
35520,0.000564,74.125.24.0-255,1484,33574,94,348956
35521,0.000568,172.31.47.0-255,66,33640,94,348956
35522,0.000573,74.125.24.0-255,2902,36542,94,348956
35523,0.000575,172.31.47.0-255,66,36608,94,348956
35524,0.000593,74.125.24.0-255,1484,38092,94,348956
35525,0.000622,74.125.24.0-255,2902,40994,94,348956
35526,0.000626,172.31.47.0-255,66,41060,94,348956
35527,0.000646,74.125.24.0-255,4320,45380,94,348956
35528,0.000649,172.31.47.0-255,66,45446,94,348956
35529,0.000685,74.125.24.0-255,5379,50825,94,348956
35530,0.000688,172.31.47.0-255,66,50891,94,348956
35531,0.000708,74.125.24.0-255,2902,53793,94,348956
35532,0.000711,172.31.47.0-255,66,53859,94,348956
35533,0.000744,74.125.24.0-255,4320,58179,94,348956
35534,0.000748,172.31.47.0-255,66,58245,94,348956
35535,0.000763,74.125.24.0-255,5738,63983,94,348956
35536,0.000765,172.31.47.0-255,66,64049,94,348956
35537,0.000817,74.125.24.0-255,2813,66862,94,348956
35538,0.000821,172.31.47.0-255,66,66928,94,348956
35539,0.000839,74.125.24.0-255,385,67313,94,348956
35540,0.001125,172.31.47.0-255,66,67379,94,348956
35541,0.001366,74.125.24.0-255,1484,68863,94,348956
35542,0.001376,74.125.24.0-255,2902,71765,94,348956
35543,0.00138,172.31.47.0-255,66,71831,94,348956
35544,0.001388,74.125.24.0-255,5738,77569,94,348956
35545,0.001391,172.31.47.0-255,66,77635,94,348956
35546,0.001432,172.31.47.0-255,66,77701,94,348956
35547,0.001438,74.125.24.0-255,5738,83439,94,348956
35548,0.001441,172.31.47.0-255,66,83505,94,348956
35549,0.001459,74.125.24.0-255,1484,84989,94,348956
35550,0.001479,74.125.24.0-255,3602,88591,94,348956
35551,0.001482,172.31.47.0-255,66,88657,94,348956
35552,0.00152,74.125.24.0-255,5738,94395,94,348956
35553,0.001523,172.31.47.0-255,66,94461,94,348956
35554,0.00154,74.125.24.0-255,1484,95945,94,348956
35555,0.001558,74.125.24.0-255,5738,101683,94,348956
35556,0.001561,172.31.47.0-255,66,101749,94,348956
35557,0.001582,74.125.24.0-255,2902,104651,94,348956
35558,0.001585,172.31.47.0-255,66,104717,94,348956
35559,0.001591,74.125.24.0-255,4320,109037,94,348956
35560,0.001593,172.31.47.0-255,66,109103,94,348956
35561,0.001633,74.125.24.0-255,7156,116259,94,348956
35562,0.001638,172.31.47.0-255,66,116325,94,348956
35563,0.001673,74.125.24.0-255,5738,122063,94,348956
35564,0.001676,172.31.47.0-255,66,122129,94,348956
35565,0.001697,74.125.24.0-255,2184,124313,94,348956
35566,0.0017,172.31.47.0-255,66,124379,94,348956
35567,0.001711,172.31.47.0-255,66,124445,94,348956
35568,0.001754,172.31.47.0-255,66,124511,94,348956
35569,0.001785,172.31.47.0-255,66,124577,94,348956
35570,0.001835,74.125.24.0-255,6438,131015,94,348956
35571,0.001838,172.31.47.0-255,66,131081,94,348956
35572,0.001845,74.125.24.0-255,7156,138237,94,348956
35573,0.001848,172.31.47.0-255,66,138303,94,348956
35574,0.001884,172.31.47.0-255,66,138369,94,348956
35575,0.001903,74.125.24.0-255,2902,141271,94,348956
35576,0.001906,172.31.47.0-255,66,141337,94,348956
35577,0.001936,74.125.24.0-255,7156,148493,94,348956
35578,0.001939,172.31.47.0-255,66,148559,94,348956
35579,0.001957,74.125.24.0-255,2184,150743,94,348956
35580,0.00196,172.31.47.0-255,66,150809,94,348956
35581,0.004301,74.125.24.0-255,5738,156547,94,348956
35582,0.004308,172.31.47.0-255,66,156613,94,348956
35583,0.006659,74.125.24.0-255,5738,162351,94,348956
35584,0.006664,172.31.47.0-255,66,162417,94,348956
35585,0.009029,74.125.24.0-255,5738,168155,94,348956
35586,0.009036,172.31.47.0-255,66,168221,94,348956
35587,0.011379,74.125.24.0-255,5738,173959,94,348956
35588,0.011389,172.31.47.0-255,66,174025,94,348956
35589,0.013678,74.125.24.0-255,5738,179763,94,348956
35590,0.01369,172.31.47.0-255,66,179829,94,348956
35591,0.015982,74.125.24.0-255,5738,185567,94,348956
35592,0.01599,172.31.47.0-255,66,185633,94,348956
35593,0.018311,74.125.24.0-255,5738,191371,94,348956
35594,0.018317,172.31.47.0-255,66,191437,94,348956
35595,0.020652,74.125.24.0-255,5738,197175,94,348956
35596,0.020663,172.31.47.0-255,66,197241,94,348956
35597,0.021439,172.31.47.0-255,171,197412,94,348956
35598,0.021476,172.31.47.0-255,1140,198552,94,348956
35599,0.021551,172.31.47.0-255,1514,200066,94,348956
35600,0.021553,172.31.47.0-255,1514,201580,94,348956
35601,0.021554,172.31.47.0-255,1514,203094,94,348956
35602,0.021555,172.31.47.0-255,1514,204608,94,348956
35603,0.021556,172.31.47.0-255,138,204746,94,348956
35604,0.023013,104.244.42.0-255,66,204812,94,348956
35605,0.023027,74.125.24.0-255,5738,210550,94,348956
35606,0.023032,172.31.47.0-255,66,210616,94,348956
35607,0.023046,104.244.42.0-255,66,210682,94,348956
35608,0.023104,104.244.42.0-255,66,210748,94,348956
35609,0.023107,104.244.42.0-255,66,210814,94,348956
35610,0.025335,74.125.24.0-255,5738,216552,94,348956
35611,0.025339,172.31.47.0-255,66,216618,94,348956
35612,0.027637,74.125.24.0-255,5738,222356,94,348956
35613,0.027642,172.31.47.0-255,66,222422,94,348956
35614,0.029966,74.125.24.0-255,5738,228160,94,348956
35615,0.029971,172.31.47.0-255,66,228226,94,348956
35616,0.032303,74.125.24.0-255,5738,233964,94,348956
35617,0.032307,172.31.47.0-255,66,234030,94,348956
35618,0.034647,74.125.24.0-255,5738,239768,94,348956
35619,0.034653,172.31.47.0-255,66,239834,94,348956
35620,0.03698,74.125.24.0-255,5738,245572,94,348956
35621,0.036986,172.31.47.0-255,66,245638,94,348956
35622,0.039338,74.125.24.0-255,5738,251376,94,348956
35623,0.03935,172.31.47.0-255,66,251442,94,348956
35624,0.041652,74.125.24.0-255,5738,257180,94,348956
35625,0.041658,172.31.47.0-255,66,257246,94,348956
35626,0.043986,74.125.24.0-255,4320,261566,94,348956
35627,0.043991,172.31.47.0-255,66,261632,94,348956
35628,0.044014,74.125.24.0-255,1484,263116,94,348956
35629,0.046274,74.125.24.0-255,4320,267436,94,348956
35630,0.046278,172.31.47.0-255,66,267502,94,348956
35631,0.048621,74.125.24.0-255,5738,273240,94,348956
35632,0.048626,172.31.47.0-255,66,273306,94,348956
35633,0.050963,74.125.24.0-255,5738,279044,94,348956
35634,0.050968,172.31.47.0-255,66,279110,94,348956
35635,0.05329,74.125.24.0-255,5738,284848,94,348956
35636,0.053295,172.31.47.0-255,66,284914,94,348956
35637,0.055554,74.125.24.0-255,5738,290652,94,348956
35638,0.055561,172.31.47.0-255,66,290718,94,348956
35639,0.057841,74.125.24.0-255,5738,296456,94,348956
35640,0.057848,172.31.47.0-255,66,296522,94,348956
35641,0.060116,74.125.24.0-255,5738,302260,94,348956
35642,0.060122,172.31.47.0-255,66,302326,94,348956
35643,0.062372,74.125.24.0-255,5738,308064,94,348956
35644,0.062377,172.31.47.0-255,66,308130,94,348956
35645,0.064645,74.125.24.0-255,5738,313868,94,348956
35646,0.064649,172.31.47.0-255,66,313934,94,348956
35647,0.066971,74.125.24.0-255,5738,319672,94,348956
35648,0.066976,172.31.47.0-255,66,319738,94,348956
35649,0.069326,74.125.24.0-255,5738,325476,94,348956
35650,0.069331,172.31.47.0-255,66,325542,94,348956
35651,0.071613,74.125.24.0-255,5738,331280,94,348956
35652,0.07162,172.31.47.0-255,66,331346,94,348956
35653,0.073956,74.125.24.0-255,5738,337084,94,348956
35654,0.073963,172.31.47.0-255,66,337150,94,348956
35655,0.076272,74.125.24.0-255,2902,340052,94,348956
35656,0.076276,172.31.47.0-255,66,340118,94,348956
35657,0.076299,74.125.24.0-255,2902,343020,94,348956
35658,0.076302,172.31.47.0-255,66,343086,94,348956
35659,0.078601,74.125.24.0-255,4320,347406,94,348956
35660,0.078605,172.31.47.0-255,66,347472,94,348956
35661,0.078634,74.125.24.0-255,1484,348956,94,348956
35662,0.0,172.253.118.0-255,153,153,94,290874
35663,2e-05,172.31.47.0-255,66,219,94,290874
35664,4.9e-05,172.253.118.0-255,1484,1703,94,290874
35665,5.3e-05,172.31.47.0-255,66,1769,94,290874
35666,8.3e-05,172.253.118.0-255,2902,4671,94,290874
35667,8.6e-05,172.31.47.0-255,66,4737,94,290874
35668,9.2e-05,172.253.118.0-255,5738,10475,94,290874
35669,9.4e-05,172.31.47.0-255,66,10541,94,290874
35670,0.000102,172.253.118.0-255,3545,14086,94,290874
35671,0.000105,172.31.47.0-255,66,14152,94,290874
35672,0.000154,172.31.47.0-255,66,14218,94,290874
35673,0.000159,172.253.118.0-255,5379,19597,94,290874
35674,0.000161,172.31.47.0-255,66,19663,94,290874
35675,0.000242,172.253.118.0-255,1484,21147,94,290874
35676,0.000246,172.31.47.0-255,66,21213,94,290874
35677,0.00025,172.253.118.0-255,2902,24115,94,290874
35678,0.000252,172.31.47.0-255,66,24181,94,290874
35679,0.000283,172.253.118.0-255,5738,29919,94,290874
35680,0.000285,172.31.47.0-255,66,29985,94,290874
35681,0.000315,172.31.47.0-255,66,30051,94,290874
35682,0.000326,172.31.47.0-255,66,30117,94,290874
35683,0.000353,172.253.118.0-255,4269,34386,94,290874
35684,0.000355,172.31.47.0-255,66,34452,94,290874
35685,0.000393,172.253.118.0-255,113,34565,94,290874
35686,0.000396,172.31.47.0-255,66,34631,94,290874
35687,0.000527,172.253.118.0-255,1484,36115,94,290874
35688,0.000531,172.253.118.0-255,2902,39017,94,290874
35689,0.000535,172.31.47.0-255,66,39083,94,290874
35690,0.000539,172.31.47.0-255,66,39149,94,290874
35691,0.000557,172.253.118.0-255,5738,44887,94,290874
35692,0.000559,172.31.47.0-255,66,44953,94,290874
35693,0.000588,172.253.118.0-255,4320,49273,94,290874
35694,0.00059,172.31.47.0-255,66,49339,94,290874
35695,0.000619,172.31.47.0-255,66,49405,94,290874
35696,0.000628,172.31.47.0-255,66,49471,94,290874
35697,0.000678,172.253.118.0-255,1368,50839,94,290874
35698,0.000772,172.253.118.0-255,1484,52323,94,290874
35699,0.000775,172.31.47.0-255,66,52389,94,290874
35700,0.0008,172.253.118.0-255,2902,55291,94,290874
35701,0.000803,172.31.47.0-255,66,55357,94,290874
35702,0.000832,172.253.118.0-255,5738,61095,94,290874
35703,0.000835,172.31.47.0-255,66,61161,94,290874
35704,0.000851,172.253.118.0-255,4320,65481,94,290874
35705,0.000857,172.31.47.0-255,66,65547,94,290874
35706,0.000884,172.253.118.0-255,2902,68449,94,290874
35707,0.000887,172.31.47.0-255,66,68515,94,290874
35708,0.000898,172.31.47.0-255,66,68581,94,290874
35709,0.000918,172.253.118.0-255,1484,70065,94,290874
35710,0.000943,172.253.118.0-255,3602,73667,94,290874
35711,0.000945,172.31.47.0-255,66,73733,94,290874
35712,0.00098,172.253.118.0-255,1484,75217,94,290874
35713,0.000995,172.253.118.0-255,2902,78119,94,290874
35714,0.000998,172.31.47.0-255,66,78185,94,290874
35715,0.001026,172.253.118.0-255,5738,83923,94,290874
35716,0.001028,172.31.47.0-255,66,83989,94,290874
35717,0.001033,172.253.118.0-255,4320,88309,94,290874
35718,0.001034,172.31.47.0-255,66,88375,94,290874
35719,0.001072,172.31.47.0-255,66,88441,94,290874
35720,0.001082,172.31.47.0-255,66,88507,94,290874
35721,0.001128,172.253.118.0-255,1484,89991,94,290874
35722,0.001158,172.253.118.0-255,2902,92893,94,290874
35723,0.001161,172.31.47.0-255,66,92959,94,290874
35724,0.001168,172.253.118.0-255,5738,98697,94,290874
35725,0.00117,172.31.47.0-255,66,98763,94,290874
35726,0.001197,172.253.118.0-255,7156,105919,94,290874
35727,0.001199,172.31.47.0-255,66,105985,94,290874
35728,0.001222,172.253.118.0-255,1484,107469,94,290874
35729,0.001233,172.31.47.0-255,66,107535,94,290874
35730,0.001239,172.253.118.0-255,5020,112555,94,290874
35731,0.00124,172.31.47.0-255,66,112621,94,290874
35732,0.001764,172.253.118.0-255,1484,114105,94,290874
35733,0.00177,172.253.118.0-255,2902,117007,94,290874
35734,0.001773,172.31.47.0-255,66,117073,94,290874
35735,0.001802,172.253.118.0-255,5738,122811,94,290874
35736,0.001805,172.31.47.0-255,66,122877,94,290874
35737,0.00181,172.253.118.0-255,2902,125779,94,290874
35738,0.001811,172.31.47.0-255,66,125845,94,290874
35739,0.00184,172.253.118.0-255,5738,131583,94,290874
35740,0.001842,172.31.47.0-255,66,131649,94,290874
35741,0.00187,172.253.118.0-255,7156,138805,94,290874
35742,0.001877,172.31.47.0-255,66,138871,94,290874
35743,0.001909,172.31.47.0-255,66,138937,94,290874
35744,0.002,172.253.118.0-255,1484,140421,94,290874
35745,0.002006,172.253.118.0-255,2902,143323,94,290874
35746,0.002009,172.31.47.0-255,66,143389,94,290874
35747,0.002031,172.253.118.0-255,5738,149127,94,290874
35748,0.002034,172.31.47.0-255,66,149193,94,290874
35749,0.002099,172.31.47.0-255,66,149259,94,290874
35750,0.002113,172.253.118.0-255,5020,154279,94,290874
35751,0.00212,172.253.118.0-255,1484,155763,94,290874
35752,0.00741,172.31.47.0-255,66,155829,94,290874
35753,0.007416,172.31.47.0-255,66,155895,94,290874
35754,0.007422,172.31.47.0-255,66,155961,94,290874
35755,0.009518,172.253.118.0-255,5738,161699,94,290874
35756,0.009527,172.31.47.0-255,66,161765,94,290874
35757,0.011621,172.253.118.0-255,5738,167503,94,290874
35758,0.011628,172.31.47.0-255,66,167569,94,290874
35759,0.013729,172.253.118.0-255,5738,173307,94,290874
35760,0.013738,172.31.47.0-255,66,173373,94,290874
35761,0.015839,172.253.118.0-255,5738,179111,94,290874
35762,0.015847,172.31.47.0-255,66,179177,94,290874
35763,0.01796,172.253.118.0-255,5738,184915,94,290874
35764,0.017968,172.31.47.0-255,66,184981,94,290874
35765,0.020069,172.253.118.0-255,5738,190719,94,290874
35766,0.020075,172.31.47.0-255,66,190785,94,290874
35767,0.022188,172.253.118.0-255,5738,196523,94,290874
35768,0.022199,172.31.47.0-255,66,196589,94,290874
35769,0.024296,172.253.118.0-255,5738,202327,94,290874
35770,0.024304,172.31.47.0-255,66,202393,94,290874
35771,0.026396,172.253.118.0-255,5738,208131,94,290874
35772,0.026401,172.31.47.0-255,66,208197,94,290874
35773,0.02718,172.31.47.0-255,172,208369,94,290874
35774,0.027207,172.31.47.0-255,1116,209485,94,290874
35775,0.027256,172.31.47.0-255,1514,210999,94,290874
35776,0.027257,172.31.47.0-255,1290,212289,94,290874
35777,0.028504,172.253.118.0-255,5738,218027,94,290874
35778,0.028511,172.31.47.0-255,66,218093,94,290874
35779,0.028673,104.244.42.0-255,66,218159,94,290874
35780,0.028713,104.244.42.0-255,66,218225,94,290874
35781,0.028791,104.244.42.0-255,66,218291,94,290874
35782,0.028831,104.244.42.0-255,66,218357,94,290874
35783,0.029475,104.244.42.0-255,108,218465,94,290874
35784,0.02948,172.31.47.0-255,66,218531,94,290874
35785,0.030626,172.253.118.0-255,5738,224269,94,290874
35786,0.030631,172.31.47.0-255,66,224335,94,290874
35787,0.032721,172.253.118.0-255,5738,230073,94,290874
35788,0.032728,172.31.47.0-255,66,230139,94,290874
35789,0.034832,172.253.118.0-255,5738,235877,94,290874
35790,0.034838,172.31.47.0-255,66,235943,94,290874
35791,0.036918,172.253.118.0-255,5738,241681,94,290874
35792,0.036924,172.31.47.0-255,66,241747,94,290874
35793,0.039033,172.253.118.0-255,5738,247485,94,290874
35794,0.039039,172.31.47.0-255,66,247551,94,290874
35795,0.041139,172.253.118.0-255,5738,253289,94,290874
35796,0.041144,172.31.47.0-255,66,253355,94,290874
35797,0.043242,172.253.118.0-255,5738,259093,94,290874
35798,0.043249,172.31.47.0-255,66,259159,94,290874
35799,0.04535,172.253.118.0-255,5738,264897,94,290874
35800,0.045358,172.31.47.0-255,66,264963,94,290874
35801,0.04746,172.253.118.0-255,5738,270701,94,290874
35802,0.047465,172.31.47.0-255,66,270767,94,290874
35803,0.049553,172.253.118.0-255,5738,276505,94,290874
35804,0.049558,172.31.47.0-255,66,276571,94,290874
35805,0.051668,172.253.118.0-255,5738,282309,94,290874
35806,0.051675,172.31.47.0-255,66,282375,94,290874
35807,0.053772,172.253.118.0-255,5738,288113,94,290874
35808,0.053779,172.31.47.0-255,66,288179,94,290874
35809,0.055885,172.253.118.0-255,2458,290637,94,290874
35810,0.05589,172.31.47.0-255,66,290703,94,290874
35811,0.056037,172.31.47.0-255,105,290808,94,290874
35812,0.058111,172.253.118.0-255,66,290874,94,290874
35813,0.0,74.125.24.0-255,153,153,94,266554
35814,2.3e-05,172.31.47.0-255,66,219,94,266554
35815,3e-05,74.125.24.0-255,1484,1703,94,266554
35816,3.5e-05,172.31.47.0-255,66,1769,94,266554
35817,4.1e-05,74.125.24.0-255,2902,4671,94,266554
35818,4.5e-05,172.31.47.0-255,66,4737,94,266554
35819,5.2e-05,74.125.24.0-255,5738,10475,94,266554
35820,5.5e-05,172.31.47.0-255,66,10541,94,266554
35821,5.8e-05,74.125.24.0-255,1484,12025,94,266554
35822,6.1e-05,172.31.47.0-255,66,12091,94,266554
35823,0.000101,172.31.47.0-255,66,12157,94,266554
35824,0.000108,74.125.24.0-255,6797,18954,94,266554
35825,0.00011,172.31.47.0-255,66,19020,94,266554
35826,0.00013,74.125.24.0-255,2902,21922,94,266554
35827,0.000132,172.31.47.0-255,66,21988,94,266554
35828,0.000164,172.31.47.0-255,66,22054,94,266554
35829,0.000195,74.125.24.0-255,5379,27433,94,266554
35830,0.000199,172.31.47.0-255,66,27499,94,266554
35831,0.000754,74.125.24.0-255,1484,28983,94,266554
35832,0.00076,172.31.47.0-255,66,29049,94,266554
35833,0.000766,74.125.24.0-255,2902,31951,94,266554
35834,0.000768,172.31.47.0-255,66,32017,94,266554
35835,0.000772,74.125.24.0-255,1484,33501,94,266554
35836,0.000774,172.31.47.0-255,66,33567,94,266554
35837,0.000802,74.125.24.0-255,4320,37887,94,266554
35838,0.000804,172.31.47.0-255,66,37953,94,266554
35839,0.00081,74.125.24.0-255,4320,42273,94,266554
35840,0.000812,172.31.47.0-255,66,42339,94,266554
35841,0.000844,74.125.24.0-255,2889,45228,94,266554
35842,0.000847,172.31.47.0-255,66,45294,94,266554
35843,0.001099,74.125.24.0-255,331,45625,94,266554
35844,0.001783,74.125.24.0-255,1484,47109,94,266554
35845,0.00179,172.31.47.0-255,66,47175,94,266554
35846,0.001797,74.125.24.0-255,2902,50077,94,266554
35847,0.001799,172.31.47.0-255,66,50143,94,266554
35848,0.001806,74.125.24.0-255,5738,55881,94,266554
35849,0.001808,172.31.47.0-255,66,55947,94,266554
35850,0.001813,74.125.24.0-255,2902,58849,94,266554
35851,0.001815,172.31.47.0-255,66,58915,94,266554
35852,0.001837,74.125.24.0-255,2902,61817,94,266554
35853,0.001839,172.31.47.0-255,66,61883,94,266554
35854,0.001856,74.125.24.0-255,1484,63367,94,266554
35855,0.001872,74.125.24.0-255,4320,67687,94,266554
35856,0.001874,172.31.47.0-255,66,67753,94,266554
35857,0.001899,172.31.47.0-255,66,67819,94,266554
35858,0.001904,74.125.24.0-255,3961,71780,94,266554
35859,0.001906,172.31.47.0-255,66,71846,94,266554
35860,0.004181,74.125.24.0-255,1484,73330,94,266554
35861,0.004215,74.125.24.0-255,4320,77650,94,266554
35862,0.004219,172.31.47.0-255,66,77716,94,266554
35863,0.006566,74.125.24.0-255,5738,83454,94,266554
35864,0.006571,172.31.47.0-255,66,83520,94,266554
35865,0.008915,74.125.24.0-255,5738,89258,94,266554
35866,0.008922,172.31.47.0-255,66,89324,94,266554
35867,0.011231,74.125.24.0-255,5738,95062,94,266554
35868,0.011241,172.31.47.0-255,66,95128,94,266554
35869,0.013591,74.125.24.0-255,5738,100866,94,266554
35870,0.013601,172.31.47.0-255,66,100932,94,266554
35871,0.015977,74.125.24.0-255,5738,106670,94,266554
35872,0.015986,172.31.47.0-255,66,106736,94,266554
35873,0.018294,74.125.24.0-255,4320,111056,94,266554
35874,0.0183,172.31.47.0-255,66,111122,94,266554
35875,0.018319,74.125.24.0-255,1484,112606,94,266554
35876,0.020635,74.125.24.0-255,4320,116926,94,266554
35877,0.020644,172.31.47.0-255,66,116992,94,266554
35878,0.021324,172.31.47.0-255,172,117164,94,266554
35879,0.021356,172.31.47.0-255,1116,118280,94,266554
35880,0.021406,172.31.47.0-255,1514,119794,94,266554
35881,0.021407,172.31.47.0-255,1288,121082,94,266554
35882,0.022877,104.244.42.0-255,66,121148,94,266554
35883,0.022905,104.244.42.0-255,66,121214,94,266554
35884,0.022953,104.244.42.0-255,66,121280,94,266554
35885,0.022976,74.125.24.0-255,5738,127018,94,266554
35886,0.022981,172.31.47.0-255,66,127084,94,266554
35887,0.023709,104.244.42.0-255,108,127192,94,266554
35888,0.023716,172.31.47.0-255,66,127258,94,266554
35889,0.025328,74.125.24.0-255,5738,132996,94,266554
35890,0.025333,172.31.47.0-255,66,133062,94,266554
35891,0.027637,74.125.24.0-255,5738,138800,94,266554
35892,0.027643,172.31.47.0-255,66,138866,94,266554
35893,0.029953,74.125.24.0-255,5738,144604,94,266554
35894,0.02996,172.31.47.0-255,66,144670,94,266554
35895,0.032253,74.125.24.0-255,5738,150408,94,266554
35896,0.03226,172.31.47.0-255,66,150474,94,266554
35897,0.034599,74.125.24.0-255,5738,156212,94,266554
35898,0.034605,172.31.47.0-255,66,156278,94,266554
35899,0.036924,74.125.24.0-255,5738,162016,94,266554
35900,0.036931,172.31.47.0-255,66,162082,94,266554
35901,0.039246,74.125.24.0-255,5738,167820,94,266554
35902,0.039254,172.31.47.0-255,66,167886,94,266554
35903,0.041567,74.125.24.0-255,5738,173624,94,266554
35904,0.041573,172.31.47.0-255,66,173690,94,266554
35905,0.043903,74.125.24.0-255,5738,179428,94,266554
35906,0.04391,172.31.47.0-255,66,179494,94,266554
35907,0.046222,74.125.24.0-255,5738,185232,94,266554
35908,0.046229,172.31.47.0-255,66,185298,94,266554
35909,0.048584,74.125.24.0-255,5738,191036,94,266554
35910,0.048591,172.31.47.0-255,66,191102,94,266554
35911,0.050908,74.125.24.0-255,5738,196840,94,266554
35912,0.050915,172.31.47.0-255,66,196906,94,266554
35913,0.05324,74.125.24.0-255,5738,202644,94,266554
35914,0.053246,172.31.47.0-255,66,202710,94,266554
35915,0.055589,74.125.24.0-255,5738,208448,94,266554
35916,0.055597,172.31.47.0-255,66,208514,94,266554
35917,0.057906,74.125.24.0-255,5738,214252,94,266554
35918,0.057912,172.31.47.0-255,66,214318,94,266554
35919,0.060235,74.125.24.0-255,5738,220056,94,266554
35920,0.060241,172.31.47.0-255,66,220122,94,266554
35921,0.062555,74.125.24.0-255,5738,225860,94,266554
35922,0.062561,172.31.47.0-255,66,225926,94,266554
35923,0.064865,74.125.24.0-255,5738,231664,94,266554
35924,0.064872,172.31.47.0-255,66,231730,94,266554
35925,0.067202,74.125.24.0-255,5738,237468,94,266554
35926,0.067208,172.31.47.0-255,66,237534,94,266554
35927,0.069519,74.125.24.0-255,5738,243272,94,266554
35928,0.069526,172.31.47.0-255,66,243338,94,266554
35929,0.071879,74.125.24.0-255,5738,249076,94,266554
35930,0.071884,172.31.47.0-255,66,249142,94,266554
35931,0.074235,74.125.24.0-255,5738,254880,94,266554
35932,0.074242,172.31.47.0-255,66,254946,94,266554
35933,0.076569,74.125.24.0-255,5738,260684,94,266554
35934,0.076576,172.31.47.0-255,66,260750,94,266554
35935,0.078906,74.125.24.0-255,5738,266488,94,266554
35936,0.078913,172.31.47.0-255,66,266554,94,266554
35937,0.0,172.31.47.0-255,105,105,94,276
35938,0.001941,157.240.13.0-255,105,210,94,276
35939,0.001951,172.31.47.0-255,66,276,94,276
35940,0.0,74.125.24.0-255,153,153,94,269081
35941,3.8e-05,172.31.47.0-255,66,219,94,269081
35942,4.4e-05,74.125.24.0-255,1484,1703,94,269081
35943,4.8e-05,172.31.47.0-255,66,1769,94,269081
35944,5.3e-05,74.125.24.0-255,2902,4671,94,269081
35945,5.6e-05,172.31.47.0-255,66,4737,94,269081
35946,5.9e-05,74.125.24.0-255,1484,6221,94,269081
35947,6.2e-05,172.31.47.0-255,66,6287,94,269081
35948,6.8e-05,74.125.24.0-255,5738,12025,94,269081
35949,7.1e-05,172.31.47.0-255,66,12091,94,269081
35950,9.7e-05,74.125.24.0-255,2127,14218,94,269081
35951,9.9e-05,172.31.47.0-255,66,14284,94,269081
35952,0.000181,74.125.24.0-255,1484,15768,94,269081
35953,0.000186,172.31.47.0-255,66,15834,94,269081
35954,0.000189,74.125.24.0-255,1484,17318,94,269081
35955,0.000191,172.31.47.0-255,66,17384,94,269081
35956,0.000205,74.125.24.0-255,1484,18868,94,269081
35957,0.00021,172.31.47.0-255,66,18934,94,269081
35958,0.000216,74.125.24.0-255,4320,23254,94,269081
35959,0.000219,172.31.47.0-255,66,23320,94,269081
35960,0.000263,172.31.47.0-255,66,23386,94,269081
35961,0.000371,74.125.24.0-255,1484,24870,94,269081
35962,0.000375,172.31.47.0-255,66,24936,94,269081
35963,0.00038,74.125.24.0-255,2902,27838,94,269081
35964,0.000382,172.31.47.0-255,66,27904,94,269081
35965,0.000386,74.125.24.0-255,1484,29388,94,269081
35966,0.000388,172.31.47.0-255,66,29454,94,269081
35967,0.000417,74.125.24.0-255,4320,33774,94,269081
35968,0.000421,172.31.47.0-255,66,33840,94,269081
35969,0.000427,74.125.24.0-255,5738,39578,94,269081
35970,0.000429,172.31.47.0-255,66,39644,94,269081
35971,0.000433,74.125.24.0-255,1484,41128,94,269081
35972,0.000434,172.31.47.0-255,66,41194,94,269081
35973,0.000483,172.31.47.0-255,66,41260,94,269081
35974,0.000488,74.125.24.0-255,2902,44162,94,269081
35975,0.00049,172.31.47.0-255,66,44228,94,269081
35976,0.000526,74.125.24.0-255,1437,45665,94,269081
35977,0.000529,172.31.47.0-255,66,45731,94,269081
35978,0.000533,74.125.24.0-255,109,45840,94,269081
35979,0.000535,172.31.47.0-255,66,45906,94,269081
35980,0.00058,74.125.24.0-255,331,46237,94,269081
35981,0.000583,172.31.47.0-255,66,46303,94,269081
35982,0.001072,74.125.24.0-255,1484,47787,94,269081
35983,0.001076,172.31.47.0-255,66,47853,94,269081
35984,0.001081,74.125.24.0-255,1484,49337,94,269081
35985,0.001083,172.31.47.0-255,66,49403,94,269081
35986,0.001094,74.125.24.0-255,1484,50887,94,269081
35987,0.001095,172.31.47.0-255,66,50953,94,269081
35988,0.0011,74.125.24.0-255,4320,55273,94,269081
35989,0.001101,172.31.47.0-255,66,55339,94,269081
35990,0.001121,74.125.24.0-255,1484,56823,94,269081
35991,0.001123,172.31.47.0-255,66,56889,94,269081
35992,0.001128,74.125.24.0-255,5738,62627,94,269081
35993,0.001129,172.31.47.0-255,66,62693,94,269081
35994,0.001163,172.31.47.0-255,66,62759,94,269081
35995,0.001182,74.125.24.0-255,4320,67079,94,269081
35996,0.001183,172.31.47.0-255,66,67145,94,269081
35997,0.001187,74.125.24.0-255,2902,70047,94,269081
35998,0.001213,74.125.24.0-255,2184,72231,94,269081
35999,0.002042,74.125.24.0-255,1484,73715,94,269081
36000,0.002051,74.125.24.0-255,2902,76617,94,269081
36001,0.002075,74.125.24.0-255,5738,82355,94,269081
36002,0.002085,74.125.24.0-255,4320,86675,94,269081
36003,0.002096,74.125.24.0-255,2902,89577,94,269081
36004,0.00212,74.125.24.0-255,2902,92479,94,269081
36005,0.002145,74.125.24.0-255,2184,94663,94,269081
36006,0.008987,172.31.47.0-255,66,94729,94,269081
36007,0.011297,74.125.24.0-255,5738,100467,94,269081
36008,0.011312,172.31.47.0-255,66,100533,94,269081
36009,0.013576,74.125.24.0-255,5738,106271,94,269081
36010,0.014856,172.31.47.0-255,66,106337,94,269081
36011,0.017081,74.125.24.0-255,5738,112075,94,269081
36012,0.017095,172.31.47.0-255,66,112141,94,269081
36013,0.019367,74.125.24.0-255,5738,117879,94,269081
36014,0.019381,172.31.47.0-255,66,117945,94,269081
36015,0.021641,74.125.24.0-255,5738,123683,94,269081
36016,0.021656,172.31.47.0-255,66,123749,94,269081
36017,0.023899,74.125.24.0-255,5738,129487,94,269081
36018,0.023908,172.31.47.0-255,66,129553,94,269081
36019,0.025987,172.31.47.0-255,172,129725,94,269081
36020,0.026016,172.31.47.0-255,1116,130841,94,269081
36021,0.026056,172.31.47.0-255,1514,132355,94,269081
36022,0.026058,172.31.47.0-255,1288,133643,94,269081
36023,0.026156,74.125.24.0-255,5738,139381,94,269081
36024,0.026162,172.31.47.0-255,66,139447,94,269081
36025,0.027504,104.244.42.0-255,66,139513,94,269081
36026,0.027571,104.244.42.0-255,66,139579,94,269081
36027,0.027617,104.244.42.0-255,66,139645,94,269081
36028,0.028395,74.125.24.0-255,5738,145383,94,269081
36029,0.028404,172.31.47.0-255,66,145449,94,269081
36030,0.030646,74.125.24.0-255,5738,151187,94,269081
36031,0.030656,172.31.47.0-255,66,151253,94,269081
36032,0.032872,74.125.24.0-255,4320,155573,94,269081
36033,0.032878,172.31.47.0-255,66,155639,94,269081
36034,0.032899,74.125.24.0-255,1484,157123,94,269081
36035,0.035105,74.125.24.0-255,4320,161443,94,269081
36036,0.035114,172.31.47.0-255,66,161509,94,269081
36037,0.037384,74.125.24.0-255,5738,167247,94,269081
36038,0.037477,172.31.47.0-255,66,167313,94,269081
36039,0.039724,74.125.24.0-255,4320,171633,94,269081
36040,0.039733,172.31.47.0-255,66,171699,94,269081
36041,0.039771,74.125.24.0-255,1484,173183,94,269081
36042,0.041972,74.125.24.0-255,4320,177503,94,269081
36043,0.041983,172.31.47.0-255,66,177569,94,269081
36044,0.044255,74.125.24.0-255,5738,183307,94,269081
36045,0.04432,172.31.47.0-255,66,183373,94,269081
36046,0.046585,74.125.24.0-255,5738,189111,94,269081
36047,0.046598,172.31.47.0-255,66,189177,94,269081
36048,0.048834,74.125.24.0-255,5738,194915,94,269081
36049,0.04884,172.31.47.0-255,66,194981,94,269081
36050,0.051108,74.125.24.0-255,5738,200719,94,269081
36051,0.051114,172.31.47.0-255,66,200785,94,269081
36052,0.053353,74.125.24.0-255,5738,206523,94,269081
36053,0.053362,172.31.47.0-255,66,206589,94,269081
36054,0.055611,74.125.24.0-255,5738,212327,94,269081
36055,0.055621,172.31.47.0-255,66,212393,94,269081
36056,0.057874,74.125.24.0-255,5738,218131,94,269081
36057,0.057882,172.31.47.0-255,66,218197,94,269081
36058,0.060111,74.125.24.0-255,5738,223935,94,269081
36059,0.06012,172.31.47.0-255,66,224001,94,269081
36060,0.062361,74.125.24.0-255,5738,229739,94,269081
36061,0.062373,172.31.47.0-255,66,229805,94,269081
36062,0.064601,74.125.24.0-255,5738,235543,94,269081
36063,0.064608,172.31.47.0-255,66,235609,94,269081
36064,0.066849,74.125.24.0-255,5738,241347,94,269081
36065,0.066857,172.31.47.0-255,66,241413,94,269081
36066,0.06911,74.125.24.0-255,5738,247151,94,269081
36067,0.069121,172.31.47.0-255,66,247217,94,269081
36068,0.071357,74.125.24.0-255,5738,252955,94,269081
36069,0.071367,172.31.47.0-255,66,253021,94,269081
36070,0.073618,74.125.24.0-255,4320,257341,94,269081
36071,0.073625,172.31.47.0-255,66,257407,94,269081
36072,0.073647,74.125.24.0-255,1484,258891,94,269081
36073,0.075878,74.125.24.0-255,4320,263211,94,269081
36074,0.075884,172.31.47.0-255,66,263277,94,269081
36075,0.078136,74.125.24.0-255,5738,269015,94,269081
36076,0.078255,172.31.47.0-255,66,269081,94,269081
36077,0.0,172.31.47.0-255,105,105,94,276
36078,0.001791,157.240.13.0-255,105,210,94,276
36079,0.001804,172.31.47.0-255,66,276,94,276
36080,0.0,74.125.200.0-255,152,152,94,378917
36081,2.6e-05,172.31.47.0-255,66,218,94,378917
36082,3.2e-05,74.125.200.0-255,1484,1702,94,378917
36083,3.6e-05,172.31.47.0-255,66,1768,94,378917
36084,4e-05,74.125.200.0-255,2902,4670,94,378917
36085,4.8e-05,172.31.47.0-255,66,4736,94,378917
36086,5.3e-05,74.125.200.0-255,4320,9056,94,378917
36087,5.6e-05,172.31.47.0-255,66,9122,94,378917
36088,9.4e-05,74.125.200.0-255,5046,14168,94,378917
36089,9.7e-05,172.31.47.0-255,66,14234,94,378917
36090,0.000203,74.125.200.0-255,1484,15718,94,378917
36091,0.000207,172.31.47.0-255,66,15784,94,378917
36092,0.000212,74.125.200.0-255,2902,18686,94,378917
36093,0.000214,172.31.47.0-255,66,18752,94,378917
36094,0.000242,74.125.200.0-255,5738,24490,94,378917
36095,0.000245,172.31.47.0-255,66,24556,94,378917
36096,0.000247,74.125.200.0-255,1484,26040,94,378917
36097,0.000249,172.31.47.0-255,66,26106,94,378917
36098,0.000253,74.125.200.0-255,2902,29008,94,378917
36099,0.000255,172.31.47.0-255,66,29074,94,378917
36100,0.000302,74.125.200.0-255,2543,31617,94,378917
36101,0.000305,172.31.47.0-255,66,31683,94,378917
36102,0.000468,74.125.200.0-255,1484,33167,94,378917
36103,0.000473,172.31.47.0-255,66,33233,94,378917
36104,0.000478,74.125.200.0-255,2902,36135,94,378917
36105,0.00048,172.31.47.0-255,66,36201,94,378917
36106,0.000495,74.125.200.0-255,1484,37685,94,378917
36107,0.000497,172.31.47.0-255,66,37751,94,378917
36108,0.000518,74.125.200.0-255,1484,39235,94,378917
36109,0.00052,172.31.47.0-255,66,39301,94,378917
36110,0.000525,74.125.200.0-255,4320,43621,94,378917
36111,0.000529,172.31.47.0-255,66,43687,94,378917
36112,0.000553,74.125.200.0-255,5379,49066,94,378917
36113,0.000559,172.31.47.0-255,66,49132,94,378917
36114,0.000592,74.125.200.0-255,5738,54870,94,378917
36115,0.000596,172.31.47.0-255,66,54936,94,378917
36116,0.0006,74.125.200.0-255,4320,59256,94,378917
36117,0.000609,172.31.47.0-255,66,59322,94,378917
36118,0.000625,74.125.200.0-255,4320,63642,94,378917
36119,0.00063,172.31.47.0-255,66,63708,94,378917
36120,0.000652,74.125.200.0-255,3123,66831,94,378917
36121,0.000666,172.31.47.0-255,66,66897,94,378917
36122,0.00098,74.125.200.0-255,1484,68381,94,378917
36123,0.001003,74.125.200.0-255,2902,71283,94,378917
36124,0.001006,172.31.47.0-255,66,71349,94,378917
36125,0.00101,74.125.200.0-255,2902,74251,94,378917
36126,0.001015,74.125.200.0-255,4320,78571,94,378917
36127,0.001038,74.125.200.0-255,4320,82891,94,378917
36128,0.001056,74.125.200.0-255,4320,87211,94,378917
36129,0.001059,74.125.200.0-255,2902,90113,94,378917
36130,0.001078,74.125.200.0-255,4320,94433,94,378917
36131,0.001109,74.125.200.0-255,2902,97335,94,378917
36132,0.001126,74.125.200.0-255,3602,100937,94,378917
36133,0.001291,74.125.200.0-255,1484,102421,94,378917
36134,0.001303,74.125.200.0-255,2902,105323,94,378917
36135,0.001326,74.125.200.0-255,1484,106807,94,378917
36136,0.001336,74.125.200.0-255,4320,111127,94,378917
36137,0.001388,74.125.200.0-255,7156,118283,94,378917
36138,0.001398,74.125.200.0-255,2902,121185,94,378917
36139,0.00142,74.125.200.0-255,5020,126205,94,378917
36140,0.001603,74.125.200.0-255,1484,127689,94,378917
36141,0.001618,74.125.200.0-255,1484,129173,94,378917
36142,0.001621,74.125.200.0-255,1484,130657,94,378917
36143,0.001634,74.125.200.0-255,1484,132141,94,378917
36144,0.001655,74.125.200.0-255,5738,137879,94,378917
36145,0.001659,74.125.200.0-255,2902,140781,94,378917
36146,0.001681,74.125.200.0-255,1484,142265,94,378917
36147,0.001691,74.125.200.0-255,2902,145167,94,378917
36148,0.001719,74.125.200.0-255,4320,149487,94,378917
36149,0.001759,74.125.200.0-255,4320,153807,94,378917
36150,0.001772,74.125.200.0-255,1484,155291,94,378917
36151,0.001775,74.125.200.0-255,1484,156775,94,378917
36152,0.001778,74.125.200.0-255,1484,158259,94,378917
36153,0.001789,74.125.200.0-255,1484,159743,94,378917
36154,0.001801,74.125.200.0-255,766,160509,94,378917
36155,0.00432,172.31.47.0-255,66,160575,94,378917
36156,0.006355,74.125.200.0-255,5738,166313,94,378917
36157,0.00636,172.31.47.0-255,66,166379,94,378917
36158,0.008372,74.125.200.0-255,5738,172117,94,378917
36159,0.008378,172.31.47.0-255,66,172183,94,378917
36160,0.010419,74.125.200.0-255,5738,177921,94,378917
36161,0.010484,172.31.47.0-255,66,177987,94,378917
36162,0.012499,74.125.200.0-255,5738,183725,94,378917
36163,0.012505,172.31.47.0-255,66,183791,94,378917
36164,0.014513,74.125.200.0-255,5738,189529,94,378917
36165,0.01452,172.31.47.0-255,66,189595,94,378917
36166,0.016535,74.125.200.0-255,5738,195333,94,378917
36167,0.016542,172.31.47.0-255,66,195399,94,378917
36168,0.018548,74.125.200.0-255,5738,201137,94,378917
36169,0.018555,172.31.47.0-255,66,201203,94,378917
36170,0.020574,74.125.200.0-255,5738,206941,94,378917
36171,0.020581,172.31.47.0-255,66,207007,94,378917
36172,0.02221,172.31.47.0-255,172,207179,94,378917
36173,0.022237,172.31.47.0-255,1116,208295,94,378917
36174,0.022268,172.31.47.0-255,1514,209809,94,378917
36175,0.02227,172.31.47.0-255,328,210137,94,378917
36176,0.022584,74.125.200.0-255,5738,215875,94,378917
36177,0.02259,172.31.47.0-255,66,215941,94,378917
36178,0.023702,104.244.42.0-255,66,216007,94,378917
36179,0.023771,104.244.42.0-255,66,216073,94,378917
36180,0.023821,104.244.42.0-255,66,216139,94,378917
36181,0.024614,74.125.200.0-255,5738,221877,94,378917
36182,0.02462,172.31.47.0-255,66,221943,94,378917
36183,0.026656,74.125.200.0-255,4320,226263,94,378917
36184,0.026662,172.31.47.0-255,66,226329,94,378917
36185,0.026686,74.125.200.0-255,1484,227813,94,378917
36186,0.028656,74.125.200.0-255,4320,232133,94,378917
36187,0.028661,172.31.47.0-255,66,232199,94,378917
36188,0.030667,74.125.200.0-255,5738,237937,94,378917
36189,0.030703,172.31.47.0-255,66,238003,94,378917
36190,0.032704,74.125.200.0-255,4320,242323,94,378917
36191,0.032709,172.31.47.0-255,66,242389,94,378917
36192,0.032735,74.125.200.0-255,1484,243873,94,378917
36193,0.034712,74.125.200.0-255,4320,248193,94,378917
36194,0.034718,172.31.47.0-255,66,248259,94,378917
36195,0.036723,74.125.200.0-255,2902,251161,94,378917
36196,0.036726,172.31.47.0-255,66,251227,94,378917
36197,0.036749,74.125.200.0-255,2902,254129,94,378917
36198,0.036759,172.31.47.0-255,66,254195,94,378917
36199,0.038723,74.125.200.0-255,2902,257097,94,378917
36200,0.03873,172.31.47.0-255,66,257163,94,378917
36201,0.038755,74.125.200.0-255,2902,260065,94,378917
36202,0.038763,172.31.47.0-255,66,260131,94,378917
36203,0.040731,74.125.200.0-255,2902,263033,94,378917
36204,0.040736,172.31.47.0-255,66,263099,94,378917
36205,0.04076,74.125.200.0-255,2902,266001,94,378917
36206,0.04077,172.31.47.0-255,66,266067,94,378917
36207,0.042736,74.125.200.0-255,2902,268969,94,378917
36208,0.042741,172.31.47.0-255,66,269035,94,378917
36209,0.042768,74.125.200.0-255,2902,271937,94,378917
36210,0.042776,172.31.47.0-255,66,272003,94,378917
36211,0.044737,74.125.200.0-255,2902,274905,94,378917
36212,0.044743,172.31.47.0-255,66,274971,94,378917
36213,0.044778,74.125.200.0-255,2902,277873,94,378917
36214,0.044803,172.31.47.0-255,66,277939,94,378917
36215,0.046752,74.125.200.0-255,2902,280841,94,378917
36216,0.046756,172.31.47.0-255,66,280907,94,378917
36217,0.046806,74.125.200.0-255,1484,282391,94,378917
36218,0.046822,74.125.200.0-255,1484,283875,94,378917
36219,0.046828,172.31.47.0-255,66,283941,94,378917
36220,0.048765,74.125.200.0-255,2902,286843,94,378917
36221,0.048769,172.31.47.0-255,66,286909,94,378917
36222,0.048829,74.125.200.0-255,2902,289811,94,378917
36223,0.048843,172.31.47.0-255,66,289877,94,378917
36224,0.050784,74.125.200.0-255,2902,292779,94,378917
36225,0.050789,172.31.47.0-255,66,292845,94,378917
36226,0.050836,74.125.200.0-255,2902,295747,94,378917
36227,0.050843,172.31.47.0-255,66,295813,94,378917
36228,0.052812,74.125.200.0-255,2902,298715,94,378917
36229,0.052818,172.31.47.0-255,66,298781,94,378917
36230,0.05285,74.125.200.0-255,2902,301683,94,378917
36231,0.052873,172.31.47.0-255,66,301749,94,378917
36232,0.054819,74.125.200.0-255,2902,304651,94,378917
36233,0.054825,172.31.47.0-255,66,304717,94,378917
36234,0.054874,74.125.200.0-255,2902,307619,94,378917
36235,0.054898,172.31.47.0-255,66,307685,94,378917
36236,0.056826,74.125.200.0-255,2902,310587,94,378917
36237,0.056831,172.31.47.0-255,66,310653,94,378917
36238,0.056889,74.125.200.0-255,2902,313555,94,378917
36239,0.056898,172.31.47.0-255,66,313621,94,378917
36240,0.058835,74.125.200.0-255,2902,316523,94,378917
36241,0.05884,172.31.47.0-255,66,316589,94,378917
36242,0.058892,74.125.200.0-255,2902,319491,94,378917
36243,0.058897,172.31.47.0-255,66,319557,94,378917
36244,0.060847,74.125.200.0-255,2902,322459,94,378917
36245,0.060854,172.31.47.0-255,66,322525,94,378917
36246,0.060904,74.125.200.0-255,2902,325427,94,378917
36247,0.060926,172.31.47.0-255,66,325493,94,378917
36248,0.062871,74.125.200.0-255,2902,328395,94,378917
36249,0.062876,172.31.47.0-255,66,328461,94,378917
36250,0.062921,74.125.200.0-255,2902,331363,94,378917
36251,0.062949,172.31.47.0-255,66,331429,94,378917
36252,0.064869,74.125.200.0-255,2902,334331,94,378917
36253,0.064875,172.31.47.0-255,66,334397,94,378917
36254,0.064941,74.125.200.0-255,2902,337299,94,378917
36255,0.064955,172.31.47.0-255,66,337365,94,378917
36256,0.066881,74.125.200.0-255,2902,340267,94,378917
36257,0.066886,172.31.47.0-255,66,340333,94,378917
36258,0.066954,74.125.200.0-255,2902,343235,94,378917
36259,0.066961,172.31.47.0-255,66,343301,94,378917
36260,0.068884,74.125.200.0-255,2902,346203,94,378917
36261,0.068889,172.31.47.0-255,66,346269,94,378917
36262,0.068949,74.125.200.0-255,2902,349171,94,378917
36263,0.068956,172.31.47.0-255,66,349237,94,378917
36264,0.070904,74.125.200.0-255,2902,352139,94,378917
36265,0.070909,172.31.47.0-255,66,352205,94,378917
36266,0.070954,74.125.200.0-255,2902,355107,94,378917
36267,0.070966,172.31.47.0-255,66,355173,94,378917
36268,0.072924,74.125.200.0-255,2902,358075,94,378917
36269,0.07293,172.31.47.0-255,66,358141,94,378917
36270,0.072954,74.125.200.0-255,2902,361043,94,378917
36271,0.073036,172.31.47.0-255,66,361109,94,378917
36272,0.074935,74.125.200.0-255,2902,364011,94,378917
36273,0.074941,172.31.47.0-255,66,364077,94,378917
36274,0.075032,74.125.200.0-255,2902,366979,94,378917
36275,0.075037,172.31.47.0-255,66,367045,94,378917
36276,0.076959,74.125.200.0-255,2902,369947,94,378917
36277,0.076965,172.31.47.0-255,66,370013,94,378917
36278,0.077038,74.125.200.0-255,2902,372915,94,378917
36279,0.07705,172.31.47.0-255,66,372981,94,378917
36280,0.078969,74.125.200.0-255,2902,375883,94,378917
36281,0.078974,172.31.47.0-255,66,375949,94,378917
36282,0.079041,74.125.200.0-255,2902,378851,94,378917
36283,0.079051,172.31.47.0-255,66,378917,94,378917
36284,0.0,74.125.24.0-255,153,153,94,213205
36285,2.9e-05,172.31.47.0-255,66,219,94,213205
36286,3.5e-05,74.125.24.0-255,1484,1703,94,213205
36287,3.9e-05,172.31.47.0-255,66,1769,94,213205
36288,4.9e-05,74.125.24.0-255,2902,4671,94,213205
36289,5.1e-05,172.31.47.0-255,66,4737,94,213205
36290,5.7e-05,74.125.24.0-255,4320,9057,94,213205
36291,5.9e-05,172.31.47.0-255,66,9123,94,213205
36292,8.4e-05,74.125.24.0-255,2902,12025,94,213205
36293,9e-05,172.31.47.0-255,66,12091,94,213205
36294,0.000114,74.125.24.0-255,2102,14193,94,213205
36295,0.000116,172.31.47.0-255,66,14259,94,213205
36296,0.000165,74.125.24.0-255,1484,15743,94,213205
36297,0.000168,172.31.47.0-255,66,15809,94,213205
36298,0.000195,74.125.24.0-255,2902,18711,94,213205
36299,0.000198,172.31.47.0-255,66,18777,94,213205
36300,0.000206,74.125.24.0-255,5738,24515,94,213205
36301,0.000208,172.31.47.0-255,66,24581,94,213205
36302,0.000217,74.125.24.0-255,2902,27483,94,213205
36303,0.000219,172.31.47.0-255,66,27549,94,213205
36304,0.000239,74.125.24.0-255,2902,30451,94,213205
36305,0.000242,172.31.47.0-255,66,30517,94,213205
36306,0.000264,74.125.24.0-255,2902,33419,94,213205
36307,0.000266,172.31.47.0-255,66,33485,94,213205
36308,0.000299,172.31.47.0-255,66,33551,94,213205
36309,0.000324,74.125.24.0-255,5379,38930,94,213205
36310,0.000327,172.31.47.0-255,66,38996,94,213205
36311,0.000332,74.125.24.0-255,5738,44734,94,213205
36312,0.000335,172.31.47.0-255,66,44800,94,213205
36313,0.000365,74.125.24.0-255,4320,49120,94,213205
36314,0.000368,172.31.47.0-255,66,49186,94,213205
36315,0.000395,74.125.24.0-255,6797,55983,94,213205
36316,0.000398,172.31.47.0-255,66,56049,94,213205
36317,0.000401,74.125.24.0-255,677,56726,94,213205
36318,0.000609,74.125.24.0-255,1484,58210,94,213205
36319,0.000612,172.31.47.0-255,66,58276,94,213205
36320,0.000634,74.125.24.0-255,2902,61178,94,213205
36321,0.000637,172.31.47.0-255,66,61244,94,213205
36322,0.000642,74.125.24.0-255,5738,66982,94,213205
36323,0.000644,172.31.47.0-255,66,67048,94,213205
36324,0.000646,74.125.24.0-255,1484,68532,94,213205
36325,0.000683,172.31.47.0-255,66,68598,94,213205
36326,0.000692,172.31.47.0-255,66,68664,94,213205
36327,0.000716,74.125.24.0-255,2184,70848,94,213205
36328,0.000723,172.31.47.0-255,66,70914,94,213205
36329,0.000884,74.125.24.0-255,1484,72398,94,213205
36330,0.000898,74.125.24.0-255,2902,75300,94,213205
36331,0.000901,172.31.47.0-255,66,75366,94,213205
36332,0.000906,74.125.24.0-255,4320,79686,94,213205
36333,0.000908,172.31.47.0-255,66,79752,94,213205
36334,0.000932,74.125.24.0-255,1484,81236,94,213205
36335,0.000948,172.31.47.0-255,66,81302,94,213205
36336,0.000954,74.125.24.0-255,7156,88458,94,213205
36337,0.000956,172.31.47.0-255,66,88524,94,213205
36338,0.001001,74.125.24.0-255,3602,92126,94,213205
36339,0.001004,172.31.47.0-255,66,92192,94,213205
36340,0.001032,74.125.24.0-255,4320,96512,94,213205
36341,0.001037,172.31.47.0-255,66,96578,94,213205
36342,0.001073,172.31.47.0-255,66,96644,94,213205
36343,0.001082,172.31.47.0-255,66,96710,94,213205
36344,0.00111,74.125.24.0-255,1484,98194,94,213205
36345,0.00112,172.31.47.0-255,66,98260,94,213205
36346,0.001217,74.125.24.0-255,1484,99744,94,213205
36347,0.00122,74.125.24.0-255,1484,101228,94,213205
36348,0.001223,172.31.47.0-255,66,101294,94,213205
36349,0.001238,74.125.24.0-255,1484,102778,94,213205
36350,0.001257,74.125.24.0-255,4320,107098,94,213205
36351,0.00126,172.31.47.0-255,66,107164,94,213205
36352,0.001264,74.125.24.0-255,2902,110066,94,213205
36353,0.001265,172.31.47.0-255,66,110132,94,213205
36354,0.001284,74.125.24.0-255,5738,115870,94,213205
36355,0.00129,172.31.47.0-255,66,115936,94,213205
36356,0.001295,74.125.24.0-255,4320,120256,94,213205
36357,0.001297,172.31.47.0-255,66,120322,94,213205
36358,0.001322,74.125.24.0-255,5738,126060,94,213205
36359,0.001325,172.31.47.0-255,66,126126,94,213205
36360,0.001348,74.125.24.0-255,5738,131864,94,213205
36361,0.001352,172.31.47.0-255,66,131930,94,213205
36362,0.001359,74.125.24.0-255,766,132696,94,213205
36363,0.001433,74.125.24.0-255,1484,134180,94,213205
36364,0.001436,172.31.47.0-255,66,134246,94,213205
36365,0.00144,74.125.24.0-255,1484,135730,94,213205
36366,0.001466,74.125.24.0-255,1484,137214,94,213205
36367,0.001469,172.31.47.0-255,66,137280,94,213205
36368,0.001475,74.125.24.0-255,5738,143018,94,213205
36369,0.001477,172.31.47.0-255,66,143084,94,213205
36370,0.001482,74.125.24.0-255,5738,148822,94,213205
36371,0.001484,172.31.47.0-255,66,148888,94,213205
36372,0.001502,74.125.24.0-255,7156,156044,94,213205
36373,0.001508,172.31.47.0-255,66,156110,94,213205
36374,0.001518,172.31.47.0-255,66,156176,94,213205
36375,0.001547,74.125.24.0-255,4320,160496,94,213205
36376,0.00155,172.31.47.0-255,66,160562,94,213205
36377,0.001582,74.125.24.0-255,5738,166300,94,213205
36378,0.001585,172.31.47.0-255,66,166366,94,213205
36379,0.001601,172.31.47.0-255,66,166432,94,213205
36380,0.001632,74.125.24.0-255,2902,169334,94,213205
36381,0.001635,172.31.47.0-255,66,169400,94,213205
36382,0.001645,172.31.47.0-255,66,169466,94,213205
36383,0.001738,74.125.24.0-255,1484,170950,94,213205
36384,0.001742,74.125.24.0-255,2902,173852,94,213205
36385,0.001744,172.31.47.0-255,66,173918,94,213205
36386,0.001779,74.125.24.0-255,5738,179656,94,213205
36387,0.001783,172.31.47.0-255,66,179722,94,213205
36388,0.001821,172.31.47.0-255,66,179788,94,213205
36389,0.001848,74.125.24.0-255,4320,184108,94,213205
36390,0.001851,172.31.47.0-255,66,184174,94,213205
36391,0.001879,74.125.24.0-255,6438,190612,94,213205
36392,0.001882,172.31.47.0-255,66,190678,94,213205
36393,0.001929,74.125.24.0-255,1484,192162,94,213205
36394,0.00194,74.125.24.0-255,2902,195064,94,213205
36395,0.001942,172.31.47.0-255,66,195130,94,213205
36396,0.001972,74.125.24.0-255,5738,200868,94,213205
36397,0.001975,172.31.47.0-255,66,200934,94,213205
36398,0.001986,172.31.47.0-255,66,201000,94,213205
36399,0.002053,172.31.47.0-255,66,201066,94,213205
36400,0.002064,172.31.47.0-255,66,201132,94,213205
36401,0.002087,172.31.47.0-255,66,201198,94,213205
36402,0.002143,172.31.47.0-255,66,201264,94,213205
36403,0.002163,172.31.47.0-255,66,201330,94,213205
36404,0.002169,74.125.24.0-255,5738,207068,94,213205
36405,0.002171,172.31.47.0-255,66,207134,94,213205
36406,0.002192,74.125.24.0-255,1632,208766,94,213205
36407,0.002195,172.31.47.0-255,66,208832,94,213205
36408,0.002197,74.125.24.0-255,105,208937,94,213205
36409,0.007976,172.31.47.0-255,66,209003,94,213205
36410,0.008002,172.31.47.0-255,105,209108,94,213205
36411,0.010223,74.125.24.0-255,66,209174,94,213205
36412,0.032052,172.31.47.0-255,172,209346,94,213205
36413,0.03208,172.31.47.0-255,1112,210458,94,213205
36414,0.032113,172.31.47.0-255,1514,211972,94,213205
36415,0.032115,172.31.47.0-255,1035,213007,94,213205
36416,0.033554,104.244.42.0-255,66,213073,94,213205
36417,0.033574,104.244.42.0-255,66,213139,94,213205
36418,0.033632,104.244.42.0-255,66,213205,94,213205
36419,0.0,172.217.194.0-255,298,298,94,314487
36420,1.4e-05,172.31.47.0-255,66,364,94,314487
36421,2e-05,172.217.194.0-255,1484,1848,94,314487
36422,2.4e-05,172.31.47.0-255,66,1914,94,314487
36423,3e-05,172.217.194.0-255,4320,6234,94,314487
36424,4.1e-05,172.31.47.0-255,66,6300,94,314487
36425,7.7e-05,172.31.47.0-255,66,6366,94,314487
36426,0.000672,172.217.194.0-255,1484,7850,94,314487
36427,0.00068,172.31.47.0-255,66,7916,94,314487
36428,0.000689,172.217.194.0-255,2902,10818,94,314487
36429,0.000691,172.31.47.0-255,66,10884,94,314487
36430,0.000703,172.217.194.0-255,5738,16622,94,314487
36431,0.000706,172.31.47.0-255,66,16688,94,314487
36432,0.000714,172.217.194.0-255,6797,23485,94,314487
36433,0.000717,172.31.47.0-255,66,23551,94,314487
36434,0.00078,172.217.194.0-255,1484,25035,94,314487
36435,0.000784,172.31.47.0-255,66,25101,94,314487
36436,0.00079,172.217.194.0-255,2902,28003,94,314487
36437,0.000793,172.31.47.0-255,66,28069,94,314487
36438,0.000818,172.217.194.0-255,5738,33807,94,314487
36439,0.000821,172.31.47.0-255,66,33873,94,314487
36440,0.000827,172.217.194.0-255,5738,39611,94,314487
36441,0.00083,172.31.47.0-255,66,39677,94,314487
36442,0.00086,172.217.194.0-255,1125,40802,94,314487
36443,0.000863,172.31.47.0-255,66,40868,94,314487
36444,0.00087,172.217.194.0-255,5738,46606,94,314487
36445,0.000873,172.31.47.0-255,66,46672,94,314487
36446,0.00088,172.217.194.0-255,7156,53828,94,314487
36447,0.000883,172.31.47.0-255,66,53894,94,314487
36448,0.000914,172.217.194.0-255,4213,58107,94,314487
36449,0.000917,172.31.47.0-255,66,58173,94,314487
36450,0.001031,172.217.194.0-255,115,58288,94,314487
36451,0.001045,172.217.194.0-255,385,58673,94,314487
36452,0.001274,172.217.194.0-255,1484,60157,94,314487
36453,0.001283,172.31.47.0-255,66,60223,94,314487
36454,0.001289,172.217.194.0-255,2902,63125,94,314487
36455,0.001292,172.31.47.0-255,66,63191,94,314487
36456,0.00132,172.217.194.0-255,5738,68929,94,314487
36457,0.001323,172.31.47.0-255,66,68995,94,314487
36458,0.001327,172.217.194.0-255,1484,70479,94,314487
36459,0.001358,172.31.47.0-255,66,70545,94,314487
36460,0.001364,172.217.194.0-255,5738,76283,94,314487
36461,0.001367,172.31.47.0-255,66,76349,94,314487
36462,0.001395,172.217.194.0-255,5020,81369,94,314487
36463,0.001398,172.31.47.0-255,66,81435,94,314487
36464,0.001595,172.217.194.0-255,1484,82919,94,314487
36465,0.001602,172.217.194.0-255,2902,85821,94,314487
36466,0.001607,172.31.47.0-255,66,85887,94,314487
36467,0.001614,172.217.194.0-255,5738,91625,94,314487
36468,0.001617,172.31.47.0-255,66,91691,94,314487
36469,0.001632,172.217.194.0-255,4320,96011,94,314487
36470,0.001637,172.31.47.0-255,66,96077,94,314487
36471,0.001668,172.217.194.0-255,5738,101815,94,314487
36472,0.001671,172.31.47.0-255,66,101881,94,314487
36473,0.001724,172.31.47.0-255,66,101947,94,314487
36474,0.001874,172.217.194.0-255,1484,103431,94,314487
36475,0.001881,172.217.194.0-255,2902,106333,94,314487
36476,0.001885,172.31.47.0-255,66,106399,94,314487
36477,0.001889,172.217.194.0-255,1484,107883,94,314487
36478,0.001915,172.217.194.0-255,4320,112203,94,314487
36479,0.001917,172.31.47.0-255,66,112269,94,314487
36480,0.00193,172.31.47.0-255,66,112335,94,314487
36481,0.001932,172.217.194.0-255,1484,113819,94,314487
36482,0.001972,172.31.47.0-255,66,113885,94,314487
36483,0.002003,172.217.194.0-255,1484,115369,94,314487
36484,0.002037,172.31.47.0-255,66,115435,94,314487
36485,0.002066,172.217.194.0-255,5738,121173,94,314487
36486,0.002068,172.31.47.0-255,66,121239,94,314487
36487,0.002102,172.31.47.0-255,66,121305,94,314487
36488,0.004418,172.217.194.0-255,4320,125625,94,314487
36489,0.004424,172.31.47.0-255,66,125691,94,314487
36490,0.004435,172.217.194.0-255,1484,127175,94,314487
36491,0.006758,172.217.194.0-255,4320,131495,94,314487
36492,0.006763,172.31.47.0-255,66,131561,94,314487
36493,0.009136,172.217.194.0-255,5738,137299,94,314487
36494,0.009145,172.31.47.0-255,66,137365,94,314487
36495,0.01145,172.217.194.0-255,1484,138849,94,314487
36496,0.011474,172.217.194.0-255,4320,143169,94,314487
36497,0.011479,172.31.47.0-255,66,143235,94,314487
36498,0.013811,172.217.194.0-255,5738,148973,94,314487
36499,0.013817,172.31.47.0-255,66,149039,94,314487
36500,0.016122,172.217.194.0-255,5738,154777,94,314487
36501,0.016129,172.31.47.0-255,66,154843,94,314487
36502,0.018461,172.217.194.0-255,5738,160581,94,314487
36503,0.018468,172.31.47.0-255,66,160647,94,314487
36504,0.020808,172.217.194.0-255,5738,166385,94,314487
36505,0.020819,172.31.47.0-255,66,166451,94,314487
36506,0.02321,172.217.194.0-255,5738,172189,94,314487
36507,0.023216,172.31.47.0-255,66,172255,94,314487
36508,0.025532,172.217.194.0-255,5738,177993,94,314487
36509,0.025539,172.31.47.0-255,66,178059,94,314487
36510,0.027845,172.217.194.0-255,5738,183797,94,314487
36511,0.027851,172.31.47.0-255,66,183863,94,314487
36512,0.030184,172.217.194.0-255,5738,189601,94,314487
36513,0.030192,172.31.47.0-255,66,189667,94,314487
36514,0.0322,172.31.47.0-255,172,189839,94,314487
36515,0.032247,172.31.47.0-255,1118,190957,94,314487
36516,0.032303,172.31.47.0-255,1514,192471,94,314487
36517,0.032305,172.31.47.0-255,1286,193757,94,314487
36518,0.032487,172.217.194.0-255,5738,199495,94,314487
36519,0.032493,172.31.47.0-255,66,199561,94,314487
36520,0.033749,104.244.42.0-255,66,199627,94,314487
36521,0.033786,104.244.42.0-255,66,199693,94,314487
36522,0.033837,104.244.42.0-255,66,199759,94,314487
36523,0.034788,172.217.194.0-255,5738,205497,94,314487
36524,0.034793,172.31.47.0-255,66,205563,94,314487
36525,0.037125,172.217.194.0-255,5738,211301,94,314487
36526,0.037131,172.31.47.0-255,66,211367,94,314487
36527,0.039494,172.217.194.0-255,5738,217105,94,314487
36528,0.0395,172.31.47.0-255,66,217171,94,314487
36529,0.041858,172.217.194.0-255,5738,222909,94,314487
36530,0.041864,172.31.47.0-255,66,222975,94,314487
36531,0.044237,172.217.194.0-255,5738,228713,94,314487
36532,0.044244,172.31.47.0-255,66,228779,94,314487
36533,0.046557,172.217.194.0-255,5738,234517,94,314487
36534,0.046562,172.31.47.0-255,66,234583,94,314487
36535,0.048874,172.217.194.0-255,5738,240321,94,314487
36536,0.04888,172.31.47.0-255,66,240387,94,314487
36537,0.05121,172.217.194.0-255,5738,246125,94,314487
36538,0.051219,172.31.47.0-255,66,246191,94,314487
36539,0.053536,172.217.194.0-255,4320,250511,94,314487
36540,0.053543,172.31.47.0-255,66,250577,94,314487
36541,0.05356,172.217.194.0-255,1484,252061,94,314487
36542,0.055872,172.217.194.0-255,4320,256381,94,314487
36543,0.055878,172.31.47.0-255,66,256447,94,314487
36544,0.058204,172.217.194.0-255,5738,262185,94,314487
36545,0.05821,172.31.47.0-255,66,262251,94,314487
36546,0.060574,172.217.194.0-255,5738,267989,94,314487
36547,0.060581,172.31.47.0-255,66,268055,94,314487
36548,0.06291,172.217.194.0-255,5738,273793,94,314487
36549,0.062915,172.31.47.0-255,66,273859,94,314487
36550,0.065228,172.217.194.0-255,5738,279597,94,314487
36551,0.065233,172.31.47.0-255,66,279663,94,314487
36552,0.067537,172.217.194.0-255,5738,285401,94,314487
36553,0.067543,172.31.47.0-255,66,285467,94,314487
36554,0.069871,172.217.194.0-255,5738,291205,94,314487
36555,0.069876,172.31.47.0-255,66,291271,94,314487
36556,0.072211,172.217.194.0-255,5738,297009,94,314487
36557,0.072221,172.31.47.0-255,66,297075,94,314487
36558,0.074562,172.217.194.0-255,5738,302813,94,314487
36559,0.074568,172.31.47.0-255,66,302879,94,314487
36560,0.076897,172.217.194.0-255,5738,308617,94,314487
36561,0.076904,172.31.47.0-255,66,308683,94,314487
36562,0.07922,172.217.194.0-255,5738,314421,94,314487
36563,0.079226,172.31.47.0-255,66,314487,94,314487
36564,0.0,172.217.194.0-255,153,153,94,251902
36565,3.1e-05,172.31.47.0-255,66,219,94,251902
36566,3.9e-05,172.217.194.0-255,1484,1703,94,251902
36567,4.3e-05,172.31.47.0-255,66,1769,94,251902
36568,4.7e-05,172.217.194.0-255,2902,4671,94,251902
36569,5e-05,172.31.47.0-255,66,4737,94,251902
36570,5.6e-05,172.217.194.0-255,7156,11893,94,251902
36571,5.9e-05,172.31.47.0-255,66,11959,94,251902
36572,8.6e-05,172.217.194.0-255,2039,13998,94,251902
36573,9e-05,172.217.194.0-255,2902,16900,94,251902
36574,9.1e-05,172.31.47.0-255,66,16966,94,251902
36575,9.5e-05,172.31.47.0-255,66,17032,94,251902
36576,0.000116,172.217.194.0-255,7156,24188,94,251902
36577,0.000119,172.31.47.0-255,66,24254,94,251902
36578,0.000161,172.217.194.0-255,6797,31051,94,251902
36579,0.000164,172.31.47.0-255,66,31117,94,251902
36580,0.000197,172.217.194.0-255,1484,32601,94,251902
36581,0.000202,172.31.47.0-255,66,32667,94,251902
36582,0.000206,172.217.194.0-255,2902,35569,94,251902
36583,0.000208,172.31.47.0-255,66,35635,94,251902
36584,0.00022,172.217.194.0-255,4320,39955,94,251902
36585,0.000223,172.31.47.0-255,66,40021,94,251902
36586,0.000242,172.217.194.0-255,1484,41505,94,251902
36587,0.000244,172.31.47.0-255,66,41571,94,251902
36588,0.000252,172.217.194.0-255,6797,48368,94,251902
36589,0.000254,172.31.47.0-255,66,48434,94,251902
36590,0.000287,172.217.194.0-255,4320,52754,94,251902
36591,0.00029,172.31.47.0-255,66,52820,94,251902
36592,0.00032,172.31.47.0-255,66,52886,94,251902
36593,0.000324,172.217.194.0-255,2543,55429,94,251902
36594,0.000325,172.31.47.0-255,66,55495,94,251902
36595,0.000328,172.217.194.0-255,379,55874,94,251902
36596,0.0005,172.217.194.0-255,1484,57358,94,251902
36597,0.000503,172.31.47.0-255,66,57424,94,251902
36598,0.000509,172.217.194.0-255,2902,60326,94,251902
36599,0.000511,172.31.47.0-255,66,60392,94,251902
36600,0.000514,172.217.194.0-255,1484,61876,94,251902
36601,0.000535,172.217.194.0-255,4320,66196,94,251902
36602,0.000537,172.31.47.0-255,66,66262,94,251902
36603,0.000542,172.217.194.0-255,2902,69164,94,251902
36604,0.000544,172.31.47.0-255,66,69230,94,251902
36605,0.000565,172.31.47.0-255,66,69296,94,251902
36606,0.000588,172.217.194.0-255,1484,70780,94,251902
36607,0.000612,172.31.47.0-255,66,70846,94,251902
36608,0.00078,172.217.194.0-255,1484,72330,94,251902
36609,0.000785,172.217.194.0-255,2902,75232,94,251902
36610,0.00079,172.31.47.0-255,66,75298,94,251902
36611,0.0008,172.217.194.0-255,5738,81036,94,251902
36612,0.000802,172.31.47.0-255,66,81102,94,251902
36613,0.000834,172.31.47.0-255,66,81168,94,251902
36614,0.000855,172.217.194.0-255,2902,84070,94,251902
36615,0.000858,172.31.47.0-255,66,84136,94,251902
36616,0.000872,172.31.47.0-255,66,84202,94,251902
36617,0.00161,172.217.194.0-255,1484,85686,94,251902
36618,0.001618,172.217.194.0-255,2902,88588,94,251902
36619,0.001621,172.31.47.0-255,66,88654,94,251902
36620,0.001627,172.217.194.0-255,5738,94392,94,251902
36621,0.001629,172.31.47.0-255,66,94458,94,251902
36622,0.001651,172.217.194.0-255,4320,98778,94,251902
36623,0.001653,172.31.47.0-255,66,98844,94,251902
36624,0.001671,172.31.47.0-255,66,98910,94,251902
36625,0.001676,172.217.194.0-255,4320,103230,94,251902
36626,0.001677,172.31.47.0-255,66,103296,94,251902
36627,0.001715,172.217.194.0-255,4320,107616,94,251902
36628,0.001718,172.31.47.0-255,66,107682,94,251902
36629,0.001736,172.217.194.0-255,2184,109866,94,251902
36630,0.001738,172.31.47.0-255,66,109932,94,251902
36631,0.001764,172.217.194.0-255,1484,111416,94,251902
36632,0.001782,172.217.194.0-255,2902,114318,94,251902
36633,0.001785,172.31.47.0-255,66,114384,94,251902
36634,0.00179,172.217.194.0-255,4320,118704,94,251902
36635,0.001792,172.31.47.0-255,66,118770,94,251902
36636,0.001805,172.217.194.0-255,1484,120254,94,251902
36637,0.001816,172.31.47.0-255,66,120320,94,251902
36638,0.001832,172.217.194.0-255,2902,123222,94,251902
36639,0.001833,172.31.47.0-255,66,123288,94,251902
36640,0.001844,172.31.47.0-255,66,123354,94,251902
36641,0.001863,172.217.194.0-255,766,124120,94,251902
36642,0.001927,172.217.194.0-255,1484,125604,94,251902
36643,0.00193,172.31.47.0-255,66,125670,94,251902
36644,0.001935,172.217.194.0-255,2902,128572,94,251902
36645,0.001936,172.31.47.0-255,66,128638,94,251902
36646,0.001939,172.217.194.0-255,1484,130122,94,251902
36647,0.001961,172.217.194.0-255,4320,134442,94,251902
36648,0.001963,172.31.47.0-255,66,134508,94,251902
36649,0.001982,172.217.194.0-255,5738,140246,94,251902
36650,0.001985,172.31.47.0-255,66,140312,94,251902
36651,0.002007,172.217.194.0-255,7156,147468,94,251902
36652,0.00201,172.31.47.0-255,66,147534,94,251902
36653,0.002016,172.217.194.0-255,7156,154690,94,251902
36654,0.002018,172.31.47.0-255,66,154756,94,251902
36655,0.002022,172.217.194.0-255,3602,158358,94,251902
36656,0.002025,172.31.47.0-255,66,158424,94,251902
36657,0.002081,172.217.194.0-255,4320,162744,94,251902
36658,0.002085,172.31.47.0-255,66,162810,94,251902
36659,0.002091,172.217.194.0-255,7156,169966,94,251902
36660,0.002093,172.31.47.0-255,66,170032,94,251902
36661,0.002097,172.217.194.0-255,2902,172934,94,251902
36662,0.002098,172.31.47.0-255,66,173000,94,251902
36663,0.002139,172.31.47.0-255,66,173066,94,251902
36664,0.00215,172.31.47.0-255,66,173132,94,251902
36665,0.002179,172.217.194.0-255,2184,175316,94,251902
36666,0.002181,172.31.47.0-255,66,175382,94,251902
36667,0.002194,172.31.47.0-255,66,175448,94,251902
36668,0.0022,172.217.194.0-255,7156,182604,94,251902
36669,0.002202,172.31.47.0-255,66,182670,94,251902
36670,0.002221,172.217.194.0-255,5020,187690,94,251902
36671,0.002223,172.31.47.0-255,66,187756,94,251902
36672,0.002237,172.217.194.0-255,1484,189240,94,251902
36673,0.002264,172.31.47.0-255,66,189306,94,251902
36674,0.002284,172.31.47.0-255,66,189372,94,251902
36675,0.0023,172.217.194.0-255,1484,190856,94,251902
36676,0.002313,172.217.194.0-255,1484,192340,94,251902
36677,0.002314,172.31.47.0-255,66,192406,94,251902
36678,0.002319,172.217.194.0-255,4320,196726,94,251902
36679,0.00232,172.31.47.0-255,66,196792,94,251902
36680,0.002324,172.217.194.0-255,2902,199694,94,251902
36681,0.002326,172.31.47.0-255,66,199760,94,251902
36682,0.002349,172.217.194.0-255,5738,205498,94,251902
36683,0.002351,172.31.47.0-255,66,205564,94,251902
36684,0.002365,172.31.47.0-255,66,205630,94,251902
36685,0.002381,172.217.194.0-255,1484,207114,94,251902
36686,0.004657,172.217.194.0-255,4320,211434,94,251902
36687,0.004663,172.31.47.0-255,66,211500,94,251902
36688,0.006946,172.217.194.0-255,5738,217238,94,251902
36689,0.006951,172.31.47.0-255,66,217304,94,251902
36690,0.009251,172.217.194.0-255,5738,223042,94,251902
36691,0.009257,172.31.47.0-255,66,223108,94,251902
36692,0.011552,172.217.194.0-255,5738,228846,94,251902
36693,0.011558,172.31.47.0-255,66,228912,94,251902
36694,0.013867,172.217.194.0-255,5738,234650,94,251902
36695,0.013875,172.31.47.0-255,66,234716,94,251902
36696,0.0162,172.217.194.0-255,5738,240454,94,251902
36697,0.016208,172.31.47.0-255,66,240520,94,251902
36698,0.018504,172.217.194.0-255,5738,246258,94,251902
36699,0.01851,172.31.47.0-255,66,246324,94,251902
36700,0.020806,172.217.194.0-255,1049,247373,94,251902
36701,0.021025,172.31.47.0-255,66,247439,94,251902
36702,0.021058,172.31.47.0-255,105,247544,94,251902
36703,0.02331,172.217.194.0-255,66,247610,94,251902
36704,0.027307,172.31.47.0-255,176,247786,94,251902
36705,0.027334,172.31.47.0-255,1112,248898,94,251902
36706,0.027365,172.31.47.0-255,1514,250412,94,251902
36707,0.027367,172.31.47.0-255,1292,251704,94,251902
36708,0.02884,104.244.42.0-255,66,251770,94,251902
36709,0.028881,104.244.42.0-255,66,251836,94,251902
36710,0.028927,104.244.42.0-255,66,251902,94,251902
36711,0.0,172.217.194.0-255,146,146,94,256975
36712,1.3e-05,172.31.47.0-255,66,212,94,256975
36713,1.9e-05,172.217.194.0-255,1484,1696,94,256975
36714,2.3e-05,172.31.47.0-255,66,1762,94,256975
36715,2.8e-05,172.217.194.0-255,2902,4664,94,256975
36716,3.1e-05,172.31.47.0-255,66,4730,94,256975
36717,5.4e-05,172.217.194.0-255,7156,11886,94,256975
36718,5.7e-05,172.31.47.0-255,66,11952,94,256975
36719,0.000135,172.217.194.0-255,2039,13991,94,256975
36720,0.000138,172.31.47.0-255,66,14057,94,256975
36721,0.000173,172.217.194.0-255,4320,18377,94,256975
36722,0.000176,172.31.47.0-255,66,18443,94,256975
36723,0.000195,172.217.194.0-255,7156,25599,94,256975
36724,0.000197,172.31.47.0-255,66,25665,94,256975
36725,0.000339,172.217.194.0-255,5379,31044,94,256975
36726,0.000344,172.31.47.0-255,66,31110,94,256975
36727,0.000411,172.217.194.0-255,7156,38266,94,256975
36728,0.000414,172.31.47.0-255,66,38332,94,256975
36729,0.000444,172.31.47.0-255,66,38398,94,256975
36730,0.000652,172.217.194.0-255,7156,45554,94,256975
36731,0.000657,172.31.47.0-255,66,45620,94,256975
36732,0.000678,172.31.47.0-255,66,45686,94,256975
36733,0.000875,172.217.194.0-255,677,46363,94,256975
36734,0.000879,172.31.47.0-255,66,46429,94,256975
36735,0.0009,172.217.194.0-255,7156,53585,94,256975
36736,0.000902,172.31.47.0-255,66,53651,94,256975
36737,0.000939,172.31.47.0-255,66,53717,94,256975
36738,0.0012,172.31.47.0-255,66,53783,94,256975
36739,0.001218,172.217.194.0-255,217,54000,94,256975
36740,0.00122,172.31.47.0-255,66,54066,94,256975
36741,0.001376,172.217.194.0-255,5738,59804,94,256975
36742,0.001381,172.31.47.0-255,66,59870,94,256975
36743,0.001849,172.217.194.0-255,5738,65608,94,256975
36744,0.002325,172.217.194.0-255,5738,71346,94,256975
36745,0.002796,172.217.194.0-255,2902,74248,94,256975
36746,0.003619,172.31.47.0-255,66,74314,94,256975
36747,0.005604,172.217.194.0-255,4320,78634,94,256975
36748,0.005609,172.31.47.0-255,66,78700,94,256975
36749,0.005627,172.217.194.0-255,1484,80184,94,256975
36750,0.007595,172.217.194.0-255,4320,84504,94,256975
36751,0.007602,172.31.47.0-255,66,84570,94,256975
36752,0.009587,172.217.194.0-255,5738,90308,94,256975
36753,0.011417,172.31.47.0-255,66,90374,94,256975
36754,0.013421,172.217.194.0-255,5738,96112,94,256975
36755,0.013431,172.31.47.0-255,66,96178,94,256975
36756,0.01545,172.217.194.0-255,5738,101916,94,256975
36757,0.015464,172.31.47.0-255,66,101982,94,256975
36758,0.017458,172.217.194.0-255,5738,107720,94,256975
36759,0.017467,172.31.47.0-255,66,107786,94,256975
36760,0.019442,172.217.194.0-255,5738,113524,94,256975
36761,0.019449,172.31.47.0-255,66,113590,94,256975
36762,0.021414,172.217.194.0-255,5738,119328,94,256975
36763,0.021421,172.31.47.0-255,66,119394,94,256975
36764,0.023414,172.217.194.0-255,5738,125132,94,256975
36765,0.023421,172.31.47.0-255,66,125198,94,256975
36766,0.024764,172.31.47.0-255,172,125370,94,256975
36767,0.024796,172.31.47.0-255,1112,126482,94,256975
36768,0.024866,172.31.47.0-255,1514,127996,94,256975
36769,0.024868,172.31.47.0-255,1292,129288,94,256975
36770,0.025416,172.217.194.0-255,5738,135026,94,256975
36771,0.025424,172.31.47.0-255,66,135092,94,256975
36772,0.026317,104.244.42.0-255,66,135158,94,256975
36773,0.026493,104.244.42.0-255,66,135224,94,256975
36774,0.026514,104.244.42.0-255,66,135290,94,256975
36775,0.027402,172.217.194.0-255,5738,141028,94,256975
36776,0.027408,172.31.47.0-255,66,141094,94,256975
36777,0.029406,172.217.194.0-255,5738,146832,94,256975
36778,0.029412,172.31.47.0-255,66,146898,94,256975
36779,0.031404,172.217.194.0-255,5738,152636,94,256975
36780,0.031411,172.31.47.0-255,66,152702,94,256975
36781,0.033396,172.217.194.0-255,5738,158440,94,256975
36782,0.033403,172.31.47.0-255,66,158506,94,256975
36783,0.035385,172.217.194.0-255,5738,164244,94,256975
36784,0.035391,172.31.47.0-255,66,164310,94,256975
36785,0.03739,172.217.194.0-255,5738,170048,94,256975
36786,0.037396,172.31.47.0-255,66,170114,94,256975
36787,0.03939,172.217.194.0-255,5738,175852,94,256975
36788,0.039396,172.31.47.0-255,66,175918,94,256975
36789,0.041421,172.217.194.0-255,5738,181656,94,256975
36790,0.041427,172.31.47.0-255,66,181722,94,256975
36791,0.04339,172.217.194.0-255,5738,187460,94,256975
36792,0.043395,172.31.47.0-255,66,187526,94,256975
36793,0.04538,172.217.194.0-255,5738,193264,94,256975
36794,0.045385,172.31.47.0-255,66,193330,94,256975
36795,0.047366,172.217.194.0-255,5738,199068,94,256975
36796,0.047372,172.31.47.0-255,66,199134,94,256975
36797,0.049351,172.217.194.0-255,5738,204872,94,256975
36798,0.049359,172.31.47.0-255,66,204938,94,256975
36799,0.051337,172.217.194.0-255,5738,210676,94,256975
36800,0.051342,172.31.47.0-255,66,210742,94,256975
36801,0.053311,172.217.194.0-255,5738,216480,94,256975
36802,0.053316,172.31.47.0-255,66,216546,94,256975
36803,0.055303,172.217.194.0-255,5738,222284,94,256975
36804,0.055308,172.31.47.0-255,66,222350,94,256975
36805,0.057301,172.217.194.0-255,5738,228088,94,256975
36806,0.057307,172.31.47.0-255,66,228154,94,256975
36807,0.059306,172.217.194.0-255,5738,233892,94,256975
36808,0.059311,172.31.47.0-255,66,233958,94,256975
36809,0.061316,172.217.194.0-255,5738,239696,94,256975
36810,0.061322,172.31.47.0-255,66,239762,94,256975
36811,0.063306,172.217.194.0-255,5738,245500,94,256975
36812,0.063312,172.31.47.0-255,66,245566,94,256975
36813,0.065295,172.217.194.0-255,5738,251304,94,256975
36814,0.065301,172.31.47.0-255,66,251370,94,256975
36815,0.067304,172.217.194.0-255,5368,256738,94,256975
36816,0.06731,172.31.47.0-255,66,256804,94,256975
36817,0.067489,172.31.47.0-255,105,256909,94,256975
36818,0.06947,172.217.194.0-255,66,256975,94,256975
36819,0.0,172.31.47.0-255,105,105,94,276
36820,0.002292,157.240.13.0-255,105,210,94,276
36821,0.002301,172.31.47.0-255,66,276,94,276
36822,0.0,74.125.200.0-255,153,153,94,296341
36823,1.6e-05,172.31.47.0-255,66,219,94,296341
36824,2.3e-05,74.125.200.0-255,1484,1703,94,296341
36825,2.7e-05,172.31.47.0-255,66,1769,94,296341
36826,5.2e-05,74.125.200.0-255,1484,3253,94,296341
36827,6.1e-05,172.31.47.0-255,66,3319,94,296341
36828,6.6e-05,74.125.200.0-255,2902,6221,94,296341
36829,6.9e-05,74.125.200.0-255,1484,7705,94,296341
36830,7e-05,172.31.47.0-255,66,7771,94,296341
36831,7.3e-05,172.31.47.0-255,66,7837,94,296341
36832,9.7e-05,74.125.200.0-255,4320,12157,94,296341
36833,0.0001,172.31.47.0-255,66,12223,94,296341
36834,0.000109,74.125.200.0-255,2092,14315,94,296341
36835,0.000112,172.31.47.0-255,66,14381,94,296341
36836,0.000114,74.125.200.0-255,1484,15865,94,296341
36837,0.000118,172.31.47.0-255,66,15931,94,296341
36838,0.000145,74.125.200.0-255,1484,17415,94,296341
36839,0.000147,172.31.47.0-255,66,17481,94,296341
36840,0.000174,74.125.200.0-255,2902,20383,94,296341
36841,0.000177,172.31.47.0-255,66,20449,94,296341
36842,0.000183,74.125.200.0-255,4320,24769,94,296341
36843,0.000186,172.31.47.0-255,66,24835,94,296341
36844,0.000188,74.125.200.0-255,1484,26319,94,296341
36845,0.000195,172.31.47.0-255,66,26385,94,296341
36846,0.000226,74.125.200.0-255,2902,29287,94,296341
36847,0.00023,172.31.47.0-255,66,29353,94,296341
36848,0.000243,74.125.200.0-255,2543,31896,94,296341
36849,0.00025,172.31.47.0-255,66,31962,94,296341
36850,0.000333,74.125.200.0-255,1484,33446,94,296341
36851,0.000337,172.31.47.0-255,66,33512,94,296341
36852,0.000342,74.125.200.0-255,2902,36414,94,296341
36853,0.000344,172.31.47.0-255,66,36480,94,296341
36854,0.000386,74.125.200.0-255,5738,42218,94,296341
36855,0.000394,74.125.200.0-255,5738,47956,94,296341
36856,0.000401,172.31.47.0-255,66,48022,94,296341
36857,0.000428,74.125.200.0-255,5738,53760,94,296341
36858,0.000442,172.31.47.0-255,66,53826,94,296341
36859,0.000444,74.125.200.0-255,1484,55310,94,296341
36860,0.000447,74.125.200.0-255,1484,56794,94,296341
36861,0.000459,172.31.47.0-255,66,56860,94,296341
36862,0.000476,74.125.200.0-255,4320,61180,94,296341
36863,0.000483,172.31.47.0-255,66,61246,94,296341
36864,0.000506,74.125.200.0-255,5020,66266,94,296341
36865,0.00051,172.31.47.0-255,66,66332,94,296341
36866,0.001342,74.125.200.0-255,398,66730,94,296341
36867,0.001529,74.125.200.0-255,111,66841,94,296341
36868,0.001562,74.125.200.0-255,1484,68325,94,296341
36869,0.001566,172.31.47.0-255,66,68391,94,296341
36870,0.001582,74.125.200.0-255,2902,71293,94,296341
36871,0.001613,74.125.200.0-255,1484,72777,94,296341
36872,0.001641,74.125.200.0-255,2902,75679,94,296341
36873,0.001664,74.125.200.0-255,1484,77163,94,296341
36874,0.001666,74.125.200.0-255,1484,78647,94,296341
36875,0.001675,74.125.200.0-255,1484,80131,94,296341
36876,0.001706,74.125.200.0-255,2902,83033,94,296341
36877,0.00172,74.125.200.0-255,1484,84517,94,296341
36878,0.001743,74.125.200.0-255,2902,87419,94,296341
36879,0.001757,74.125.200.0-255,2902,90321,94,296341
36880,0.001794,74.125.200.0-255,1484,91805,94,296341
36881,0.001797,74.125.200.0-255,2902,94707,94,296341
36882,0.00184,74.125.200.0-255,1484,96191,94,296341
36883,0.001853,74.125.200.0-255,1484,97675,94,296341
36884,0.001883,74.125.200.0-255,2902,100577,94,296341
36885,0.001899,74.125.200.0-255,766,101343,94,296341
36886,0.002285,74.125.200.0-255,1484,102827,94,296341
36887,0.004486,172.31.47.0-255,66,102893,94,296341
36888,0.00681,74.125.200.0-255,5738,108631,94,296341
36889,0.006816,172.31.47.0-255,66,108697,94,296341
36890,0.009108,74.125.200.0-255,5738,114435,94,296341
36891,0.009115,172.31.47.0-255,66,114501,94,296341
36892,0.011414,74.125.200.0-255,5738,120239,94,296341
36893,0.011423,172.31.47.0-255,66,120305,94,296341
36894,0.013727,74.125.200.0-255,5738,126043,94,296341
36895,0.013735,172.31.47.0-255,66,126109,94,296341
36896,0.016034,74.125.200.0-255,5738,131847,94,296341
36897,0.016042,172.31.47.0-255,66,131913,94,296341
36898,0.018333,74.125.200.0-255,5738,137651,94,296341
36899,0.018339,172.31.47.0-255,66,137717,94,296341
36900,0.02021,172.31.47.0-255,172,137889,94,296341
36901,0.020237,172.31.47.0-255,1117,139006,94,296341
36902,0.020268,172.31.47.0-255,1514,140520,94,296341
36903,0.020269,172.31.47.0-255,1287,141807,94,296341
36904,0.020624,74.125.200.0-255,5738,147545,94,296341
36905,0.02063,172.31.47.0-255,66,147611,94,296341
36906,0.021757,104.244.42.0-255,66,147677,94,296341
36907,0.021786,104.244.42.0-255,66,147743,94,296341
36908,0.021852,104.244.42.0-255,66,147809,94,296341
36909,0.022908,74.125.200.0-255,1484,149293,94,296341
36910,0.022934,74.125.200.0-255,4320,153613,94,296341
36911,0.022939,172.31.47.0-255,66,153679,94,296341
36912,0.025218,74.125.200.0-255,2902,156581,94,296341
36913,0.025223,172.31.47.0-255,66,156647,94,296341
36914,0.025256,74.125.200.0-255,2902,159549,94,296341
36915,0.025274,172.31.47.0-255,66,159615,94,296341
36916,0.027513,74.125.200.0-255,2902,162517,94,296341
36917,0.027518,172.31.47.0-255,66,162583,94,296341
36918,0.02755,74.125.200.0-255,2902,165485,94,296341
36919,0.027562,172.31.47.0-255,66,165551,94,296341
36920,0.029808,74.125.200.0-255,2902,168453,94,296341
36921,0.029813,172.31.47.0-255,66,168519,94,296341
36922,0.029852,74.125.200.0-255,2902,171421,94,296341
36923,0.029864,172.31.47.0-255,66,171487,94,296341
36924,0.032113,74.125.200.0-255,2902,174389,94,296341
36925,0.032118,172.31.47.0-255,66,174455,94,296341
36926,0.032157,74.125.200.0-255,1484,175939,94,296341
36927,0.03217,74.125.200.0-255,1484,177423,94,296341
36928,0.032188,172.31.47.0-255,66,177489,94,296341
36929,0.034421,74.125.200.0-255,2902,180391,94,296341
36930,0.034427,172.31.47.0-255,66,180457,94,296341
36931,0.034473,74.125.200.0-255,1484,181941,94,296341
36932,0.034485,74.125.200.0-255,1484,183425,94,296341
36933,0.034499,172.31.47.0-255,66,183491,94,296341
36934,0.03671,74.125.200.0-255,2902,186393,94,296341
36935,0.036715,172.31.47.0-255,66,186459,94,296341
36936,0.036769,74.125.200.0-255,2902,189361,94,296341
36937,0.036795,172.31.47.0-255,66,189427,94,296341
36938,0.038991,74.125.200.0-255,2902,192329,94,296341
36939,0.038996,172.31.47.0-255,66,192395,94,296341
36940,0.039078,74.125.200.0-255,2902,195297,94,296341
36941,0.039096,172.31.47.0-255,66,195363,94,296341
36942,0.041287,74.125.200.0-255,2902,198265,94,296341
36943,0.041293,172.31.47.0-255,66,198331,94,296341
36944,0.041367,74.125.200.0-255,2902,201233,94,296341
36945,0.041386,172.31.47.0-255,66,201299,94,296341
36946,0.04358,74.125.200.0-255,2902,204201,94,296341
36947,0.043585,172.31.47.0-255,66,204267,94,296341
36948,0.043675,74.125.200.0-255,2902,207169,94,296341
36949,0.04368,172.31.47.0-255,66,207235,94,296341
36950,0.045891,74.125.200.0-255,2902,210137,94,296341
36951,0.045897,172.31.47.0-255,66,210203,94,296341
36952,0.045962,74.125.200.0-255,2902,213105,94,296341
36953,0.045979,172.31.47.0-255,66,213171,94,296341
36954,0.04817,74.125.200.0-255,2902,216073,94,296341
36955,0.048174,172.31.47.0-255,66,216139,94,296341
36956,0.048255,74.125.200.0-255,1484,217623,94,296341
36957,0.048273,74.125.200.0-255,1484,219107,94,296341
36958,0.048276,172.31.47.0-255,66,219173,94,296341
36959,0.05045,74.125.200.0-255,2902,222075,94,296341
36960,0.050455,172.31.47.0-255,66,222141,94,296341
36961,0.050551,74.125.200.0-255,2902,225043,94,296341
36962,0.050556,172.31.47.0-255,66,225109,94,296341
36963,0.052739,74.125.200.0-255,2902,228011,94,296341
36964,0.052744,172.31.47.0-255,66,228077,94,296341
36965,0.052829,74.125.200.0-255,2902,230979,94,296341
36966,0.052833,172.31.47.0-255,66,231045,94,296341
36967,0.055032,74.125.200.0-255,2902,233947,94,296341
36968,0.055037,172.31.47.0-255,66,234013,94,296341
36969,0.055122,74.125.200.0-255,2902,236915,94,296341
36970,0.055129,172.31.47.0-255,66,236981,94,296341
36971,0.057332,74.125.200.0-255,2902,239883,94,296341
36972,0.057337,172.31.47.0-255,66,239949,94,296341
36973,0.057411,74.125.200.0-255,2902,242851,94,296341
36974,0.057418,172.31.47.0-255,66,242917,94,296341
36975,0.059613,74.125.200.0-255,2902,245819,94,296341
36976,0.059618,172.31.47.0-255,66,245885,94,296341
36977,0.059699,74.125.200.0-255,2902,248787,94,296341
36978,0.059719,172.31.47.0-255,66,248853,94,296341
36979,0.061896,74.125.200.0-255,2902,251755,94,296341
36980,0.061901,172.31.47.0-255,66,251821,94,296341
36981,0.061999,74.125.200.0-255,2902,254723,94,296341
36982,0.062003,172.31.47.0-255,66,254789,94,296341
36983,0.064184,74.125.200.0-255,2902,257691,94,296341
36984,0.064189,172.31.47.0-255,66,257757,94,296341
36985,0.064292,74.125.200.0-255,2902,260659,94,296341
36986,0.064297,172.31.47.0-255,66,260725,94,296341
36987,0.066466,74.125.200.0-255,2902,263627,94,296341
36988,0.06647,172.31.47.0-255,66,263693,94,296341
36989,0.066576,74.125.200.0-255,2902,266595,94,296341
36990,0.06658,172.31.47.0-255,66,266661,94,296341
36991,0.068765,74.125.200.0-255,2902,269563,94,296341
36992,0.06877,172.31.47.0-255,66,269629,94,296341
36993,0.06886,74.125.200.0-255,2902,272531,94,296341
36994,0.068957,172.31.47.0-255,66,272597,94,296341
36995,0.071042,74.125.200.0-255,2902,275499,94,296341
36996,0.071047,172.31.47.0-255,66,275565,94,296341
36997,0.071267,74.125.200.0-255,2902,278467,94,296341
36998,0.071272,172.31.47.0-255,66,278533,94,296341
36999,0.073327,74.125.200.0-255,2902,281435,94,296341
37000,0.073331,172.31.47.0-255,66,281501,94,296341
37001,0.073551,74.125.200.0-255,2902,284403,94,296341
37002,0.073556,172.31.47.0-255,66,284469,94,296341
37003,0.075614,74.125.200.0-255,2902,287371,94,296341
37004,0.075619,172.31.47.0-255,66,287437,94,296341
37005,0.075834,74.125.200.0-255,2902,290339,94,296341
37006,0.07584,172.31.47.0-255,66,290405,94,296341
37007,0.077908,74.125.200.0-255,2902,293307,94,296341
37008,0.077912,172.31.47.0-255,66,293373,94,296341
37009,0.078133,74.125.200.0-255,2902,296275,94,296341
37010,0.078138,172.31.47.0-255,66,296341,94,296341
37011,0.0,172.217.160.0-255,153,153,94,361864
37012,1.9e-05,172.31.47.0-255,66,219,94,361864
37013,2.6e-05,172.217.160.0-255,1484,1703,94,361864
37014,3.1e-05,172.31.47.0-255,66,1769,94,361864
37015,3.6e-05,172.217.160.0-255,2902,4671,94,361864
37016,4e-05,172.31.47.0-255,66,4737,94,361864
37017,4.7e-05,172.217.160.0-255,7156,11893,94,361864
37018,4.9e-05,172.31.47.0-255,66,11959,94,361864
37019,5.2e-05,172.217.160.0-255,1484,13443,94,361864
37020,5.5e-05,172.31.47.0-255,66,13509,94,361864
37021,5.8e-05,172.217.160.0-255,797,14306,94,361864
37022,6e-05,172.31.47.0-255,66,14372,94,361864
37023,0.000129,172.217.160.0-255,1484,15856,94,361864
37024,0.000133,172.31.47.0-255,66,15922,94,361864
37025,0.000137,172.217.160.0-255,2902,18824,94,361864
37026,0.00014,172.31.47.0-255,66,18890,94,361864
37027,0.000146,172.217.160.0-255,4320,23210,94,361864
37028,0.000148,172.31.47.0-255,66,23276,94,361864
37029,0.000166,172.217.160.0-255,1484,24760,94,361864
37030,0.000168,172.31.47.0-255,66,24826,94,361864
37031,0.000174,172.217.160.0-255,5738,30564,94,361864
37032,0.000177,172.31.47.0-255,66,30630,94,361864
37033,0.000212,172.217.160.0-255,4320,34950,94,361864
37034,0.000215,172.31.47.0-255,66,35016,94,361864
37035,0.000249,172.31.47.0-255,66,35082,94,361864
37036,0.000254,172.217.160.0-255,3961,39043,94,361864
37037,0.000256,172.31.47.0-255,66,39109,94,361864
37038,0.000618,172.217.160.0-255,1484,40593,94,361864
37039,0.000625,172.31.47.0-255,66,40659,94,361864
37040,0.000632,172.217.160.0-255,2902,43561,94,361864
37041,0.000634,172.31.47.0-255,66,43627,94,361864
37042,0.000637,172.217.160.0-255,1484,45111,94,361864
37043,0.000659,172.217.160.0-255,5738,50849,94,361864
37044,0.000662,172.31.47.0-255,66,50915,94,361864
37045,0.000668,172.217.160.0-255,5379,56294,94,361864
37046,0.00067,172.31.47.0-255,66,56360,94,361864
37047,0.000696,172.217.160.0-255,340,56700,94,361864
37048,0.000901,172.217.160.0-255,403,57103,94,361864
37049,0.000967,172.31.47.0-255,66,57169,94,361864
37050,0.001002,172.217.160.0-255,1484,58653,94,361864
37051,0.001007,172.217.160.0-255,2902,61555,94,361864
37052,0.00101,172.31.47.0-255,66,61621,94,361864
37053,0.001028,172.217.160.0-255,1484,63105,94,361864
37054,0.001033,172.217.160.0-255,2902,66007,94,361864
37055,0.001035,172.31.47.0-255,66,66073,94,361864
37056,0.001062,172.217.160.0-255,2902,68975,94,361864
37057,0.001064,172.31.47.0-255,66,69041,94,361864
37058,0.001087,172.217.160.0-255,2902,71943,94,361864
37059,0.00109,172.31.47.0-255,66,72009,94,361864
37060,0.001096,172.217.160.0-255,5379,77388,94,361864
37061,0.001098,172.31.47.0-255,66,77454,94,361864
37062,0.00111,172.31.47.0-255,66,77520,94,361864
37063,0.001129,172.217.160.0-255,1484,79004,94,361864
37064,0.001132,172.217.160.0-255,1125,80129,94,361864
37065,0.001134,172.31.47.0-255,66,80195,94,361864
37066,0.001183,172.217.160.0-255,1484,81679,94,361864
37067,0.001187,172.217.160.0-255,1484,83163,94,361864
37068,0.001189,172.31.47.0-255,66,83229,94,361864
37069,0.001195,172.217.160.0-255,4320,87549,94,361864
37070,0.001197,172.31.47.0-255,66,87615,94,361864
37071,0.00127,172.217.160.0-255,4320,91935,94,361864
37072,0.001274,172.31.47.0-255,66,92001,94,361864
37073,0.001312,172.217.160.0-255,4712,96713,94,361864
37074,0.001316,172.31.47.0-255,66,96779,94,361864
37075,0.001483,172.217.160.0-255,1484,98263,94,361864
37076,0.001498,172.217.160.0-255,2902,101165,94,361864
37077,0.001501,172.31.47.0-255,66,101231,94,361864
37078,0.001508,172.217.160.0-255,5738,106969,94,361864
37079,0.00151,172.31.47.0-255,66,107035,94,361864
37080,0.001523,172.217.160.0-255,1484,108519,94,361864
37081,0.001552,172.31.47.0-255,66,108585,94,361864
37082,0.001578,172.217.160.0-255,2902,111487,94,361864
37083,0.001581,172.31.47.0-255,66,111553,94,361864
37084,0.001606,172.31.47.0-255,66,111619,94,361864
37085,0.001835,172.217.160.0-255,1484,113103,94,361864
37086,0.001841,172.217.160.0-255,2902,116005,94,361864
37087,0.001843,172.31.47.0-255,66,116071,94,361864
37088,0.001866,172.217.160.0-255,5738,121809,94,361864
37089,0.001868,172.31.47.0-255,66,121875,94,361864
37090,0.001871,172.217.160.0-255,1484,123359,94,361864
37091,0.001896,172.31.47.0-255,66,123425,94,361864
37092,0.001901,172.217.160.0-255,2902,126327,94,361864
37093,0.001902,172.31.47.0-255,66,126393,94,361864
37094,0.001924,172.31.47.0-255,66,126459,94,361864
37095,0.003811,172.217.160.0-255,5738,132197,94,361864
37096,0.003817,172.31.47.0-255,66,132263,94,361864
37097,0.005707,172.217.160.0-255,5738,138001,94,361864
37098,0.005713,172.31.47.0-255,66,138067,94,361864
37099,0.007602,172.217.160.0-255,5738,143805,94,361864
37100,0.007607,172.31.47.0-255,66,143871,94,361864
37101,0.009523,172.217.160.0-255,5738,149609,94,361864
37102,0.00953,172.31.47.0-255,66,149675,94,361864
37103,0.011433,172.217.160.0-255,5738,155413,94,361864
37104,0.011441,172.31.47.0-255,66,155479,94,361864
37105,0.013342,172.217.160.0-255,5738,161217,94,361864
37106,0.013351,172.31.47.0-255,66,161283,94,361864
37107,0.015249,172.217.160.0-255,5738,167021,94,361864
37108,0.015256,172.31.47.0-255,66,167087,94,361864
37109,0.017171,172.217.160.0-255,5738,172825,94,361864
37110,0.017178,172.31.47.0-255,66,172891,94,361864
37111,0.019079,172.217.160.0-255,5738,178629,94,361864
37112,0.019085,172.31.47.0-255,66,178695,94,361864
37113,0.020986,172.217.160.0-255,5738,184433,94,361864
37114,0.020992,172.31.47.0-255,66,184499,94,361864
37115,0.022897,172.217.160.0-255,5738,190237,94,361864
37116,0.022903,172.31.47.0-255,66,190303,94,361864
37117,0.024819,172.217.160.0-255,5738,196041,94,361864
37118,0.024825,172.31.47.0-255,66,196107,94,361864
37119,0.026723,172.217.160.0-255,5738,201845,94,361864
37120,0.026729,172.31.47.0-255,66,201911,94,361864
37121,0.027747,172.31.47.0-255,172,202083,94,361864
37122,0.02778,172.31.47.0-255,1116,203199,94,361864
37123,0.027837,172.31.47.0-255,1514,204713,94,361864
37124,0.027839,172.31.47.0-255,1288,206001,94,361864
37125,0.028648,172.217.160.0-255,5738,211739,94,361864
37126,0.028654,172.31.47.0-255,66,211805,94,361864
37127,0.02929,104.244.42.0-255,66,211871,94,361864
37128,0.029324,104.244.42.0-255,66,211937,94,361864
37129,0.029367,104.244.42.0-255,66,212003,94,361864
37130,0.030551,172.217.160.0-255,5738,217741,94,361864
37131,0.030555,172.31.47.0-255,66,217807,94,361864
37132,0.032461,172.217.160.0-255,5738,223545,94,361864
37133,0.032467,172.31.47.0-255,66,223611,94,361864
37134,0.034374,172.217.160.0-255,5738,229349,94,361864
37135,0.03438,172.31.47.0-255,66,229415,94,361864
37136,0.036299,172.217.160.0-255,5738,235153,94,361864
37137,0.036305,172.31.47.0-255,66,235219,94,361864
37138,0.038202,172.217.160.0-255,5738,240957,94,361864
37139,0.038209,172.31.47.0-255,66,241023,94,361864
37140,0.040105,172.217.160.0-255,5738,246761,94,361864
37141,0.040112,172.31.47.0-255,66,246827,94,361864
37142,0.042008,172.217.160.0-255,5738,252565,94,361864
37143,0.042015,172.31.47.0-255,66,252631,94,361864
37144,0.043922,172.217.160.0-255,5738,258369,94,361864
37145,0.043928,172.31.47.0-255,66,258435,94,361864
37146,0.045828,172.217.160.0-255,5738,264173,94,361864
37147,0.045835,172.31.47.0-255,66,264239,94,361864
37148,0.047736,172.217.160.0-255,5738,269977,94,361864
37149,0.047741,172.31.47.0-255,66,270043,94,361864
37150,0.049684,172.217.160.0-255,5738,275781,94,361864
37151,0.04969,172.31.47.0-255,66,275847,94,361864
37152,0.051593,172.217.160.0-255,5738,281585,94,361864
37153,0.051599,172.31.47.0-255,66,281651,94,361864
37154,0.053513,172.217.160.0-255,5738,287389,94,361864
37155,0.053519,172.31.47.0-255,66,287455,94,361864
37156,0.055415,172.217.160.0-255,5738,293193,94,361864
37157,0.055422,172.31.47.0-255,66,293259,94,361864
37158,0.057327,172.217.160.0-255,5738,298997,94,361864
37159,0.057334,172.31.47.0-255,66,299063,94,361864
37160,0.05924,172.217.160.0-255,5738,304801,94,361864
37161,0.059246,172.31.47.0-255,66,304867,94,361864
37162,0.061157,172.217.160.0-255,5738,310605,94,361864
37163,0.061163,172.31.47.0-255,66,310671,94,361864
37164,0.06309,172.217.160.0-255,5738,316409,94,361864
37165,0.063095,172.31.47.0-255,66,316475,94,361864
37166,0.064996,172.217.160.0-255,5738,322213,94,361864
37167,0.065002,172.31.47.0-255,66,322279,94,361864
37168,0.066896,172.217.160.0-255,5738,328017,94,361864
37169,0.0669,172.31.47.0-255,66,328083,94,361864
37170,0.068798,172.217.160.0-255,5738,333821,94,361864
37171,0.068803,172.31.47.0-255,66,333887,94,361864
37172,0.070711,172.217.160.0-255,5738,339625,94,361864
37173,0.070718,172.31.47.0-255,66,339691,94,361864
37174,0.072613,172.217.160.0-255,5738,345429,94,361864
37175,0.072619,172.31.47.0-255,66,345495,94,361864
37176,0.074525,172.217.160.0-255,5738,351233,94,361864
37177,0.074535,172.31.47.0-255,66,351299,94,361864
37178,0.076433,172.217.160.0-255,5738,357037,94,361864
37179,0.076441,172.31.47.0-255,66,357103,94,361864
37180,0.078333,172.217.160.0-255,4590,361693,94,361864
37181,0.07834,172.31.47.0-255,66,361759,94,361864
37182,0.079527,172.31.47.0-255,105,361864,94,361864
37183,0.0,172.217.27.0-255,153,153,94,350996
37184,2.1e-05,172.31.47.0-255,66,219,94,350996
37185,2.6e-05,172.217.27.0-255,1484,1703,94,350996
37186,3e-05,172.31.47.0-255,66,1769,94,350996
37187,3.3e-05,172.217.27.0-255,1484,3253,94,350996
37188,3.4e-05,172.31.47.0-255,66,3319,94,350996
37189,6e-05,172.217.27.0-255,1484,4803,94,350996
37190,6.2e-05,172.31.47.0-255,66,4869,94,350996
37191,6.9e-05,172.217.27.0-255,7156,12025,94,350996
37192,7.1e-05,172.31.47.0-255,66,12091,94,350996
37193,7.3e-05,172.217.27.0-255,1484,13575,94,350996
37194,7.5e-05,172.31.47.0-255,66,13641,94,350996
37195,0.000101,172.217.27.0-255,788,14429,94,350996
37196,0.000103,172.31.47.0-255,66,14495,94,350996
37197,0.000141,172.217.27.0-255,1484,15979,94,350996
37198,0.000144,172.31.47.0-255,66,16045,94,350996
37199,0.000168,172.217.27.0-255,4320,20365,94,350996
37200,0.000171,172.31.47.0-255,66,20431,94,350996
37201,0.000176,172.217.27.0-255,5738,26169,94,350996
37202,0.000178,172.31.47.0-255,66,26235,94,350996
37203,0.000238,172.217.27.0-255,5379,31614,94,350996
37204,0.000242,172.31.47.0-255,66,31680,94,350996
37205,0.00038,172.217.27.0-255,1484,33164,94,350996
37206,0.000383,172.31.47.0-255,66,33230,94,350996
37207,0.000405,172.217.27.0-255,2902,36132,94,350996
37208,0.000407,172.31.47.0-255,66,36198,94,350996
37209,0.000414,172.217.27.0-255,5738,41936,94,350996
37210,0.000416,172.31.47.0-255,66,42002,94,350996
37211,0.000455,172.217.27.0-255,6797,48799,94,350996
37212,0.000458,172.31.47.0-255,66,48865,94,350996
37213,0.000465,172.217.27.0-255,5738,54603,94,350996
37214,0.000466,172.31.47.0-255,66,54669,94,350996
37215,0.000482,172.217.27.0-255,1484,56153,94,350996
37216,0.000485,172.31.47.0-255,66,56219,94,350996
37217,0.000491,172.217.27.0-255,5738,61957,94,350996
37218,0.000493,172.31.47.0-255,66,62023,94,350996
37219,0.000531,172.217.27.0-255,4256,66279,94,350996
37220,0.000534,172.31.47.0-255,66,66345,94,350996
37221,0.000782,172.217.27.0-255,135,66480,94,350996
37222,0.000788,172.217.27.0-255,344,66824,94,350996
37223,0.001161,172.217.27.0-255,1484,68308,94,350996
37224,0.001166,172.31.47.0-255,66,68374,94,350996
37225,0.001172,172.217.27.0-255,2902,71276,94,350996
37226,0.001174,172.31.47.0-255,66,71342,94,350996
37227,0.001176,172.217.27.0-255,1484,72826,94,350996
37228,0.001193,172.217.27.0-255,4320,77146,94,350996
37229,0.00121,172.217.27.0-255,5738,82884,94,350996
37230,0.001238,172.217.27.0-255,7156,90040,94,350996
37231,0.001249,172.217.27.0-255,766,90806,94,350996
37232,0.0028,172.31.47.0-255,66,90872,94,350996
37233,0.004416,172.217.27.0-255,4320,95192,94,350996
37234,0.004421,172.31.47.0-255,66,95258,94,350996
37235,0.004444,172.217.27.0-255,1484,96742,94,350996
37236,0.006035,172.217.27.0-255,4320,101062,94,350996
37237,0.00604,172.31.47.0-255,66,101128,94,350996
37238,0.007668,172.217.27.0-255,5738,106866,94,350996
37239,0.009442,172.31.47.0-255,66,106932,94,350996
37240,0.011065,172.217.27.0-255,5738,112670,94,350996
37241,0.011073,172.31.47.0-255,66,112736,94,350996
37242,0.012717,172.217.27.0-255,5738,118474,94,350996
37243,0.012722,172.31.47.0-255,66,118540,94,350996
37244,0.014336,172.217.27.0-255,1484,120024,94,350996
37245,0.014342,172.31.47.0-255,66,120090,94,350996
37246,0.014368,172.217.27.0-255,4320,124410,94,350996
37247,0.014383,172.31.47.0-255,66,124476,94,350996
37248,0.015949,172.217.27.0-255,1484,125960,94,350996
37249,0.015955,172.31.47.0-255,66,126026,94,350996
37250,0.015996,172.217.27.0-255,4320,130346,94,350996
37251,0.016017,172.31.47.0-255,66,130412,94,350996
37252,0.017574,172.217.27.0-255,1484,131896,94,350996
37253,0.017626,172.217.27.0-255,4320,136216,94,350996
37254,0.017647,172.31.47.0-255,66,136282,94,350996
37255,0.019024,172.31.47.0-255,172,136454,94,350996
37256,0.019053,172.31.47.0-255,1116,137570,94,350996
37257,0.019079,172.31.47.0-255,1514,139084,94,350996
37258,0.01908,172.31.47.0-255,328,139412,94,350996
37259,0.019277,172.217.27.0-255,4320,143732,94,350996
37260,0.019282,172.31.47.0-255,66,143798,94,350996
37261,0.019304,172.217.27.0-255,1484,145282,94,350996
37262,0.020568,104.244.42.0-255,66,145348,94,350996
37263,0.020573,104.244.42.0-255,66,145414,94,350996
37264,0.020643,104.244.42.0-255,66,145480,94,350996
37265,0.020908,172.217.27.0-255,2902,148382,94,350996
37266,0.020911,172.31.47.0-255,66,148448,94,350996
37267,0.020935,172.217.27.0-255,1484,149932,94,350996
37268,0.02253,172.217.27.0-255,4320,154252,94,350996
37269,0.022573,172.31.47.0-255,66,154318,94,350996
37270,0.024216,172.217.27.0-255,5738,160056,94,350996
37271,0.024262,172.31.47.0-255,66,160122,94,350996
37272,0.025878,172.217.27.0-255,5738,165860,94,350996
37273,0.025882,172.31.47.0-255,66,165926,94,350996
37274,0.027501,172.217.27.0-255,5738,171664,94,350996
37275,0.027507,172.31.47.0-255,66,171730,94,350996
37276,0.029124,172.217.27.0-255,5738,177468,94,350996
37277,0.029129,172.31.47.0-255,66,177534,94,350996
37278,0.030757,172.217.27.0-255,5738,183272,94,350996
37279,0.030761,172.31.47.0-255,66,183338,94,350996
37280,0.032411,172.217.27.0-255,5738,189076,94,350996
37281,0.032418,172.31.47.0-255,66,189142,94,350996
37282,0.034035,172.217.27.0-255,5738,194880,94,350996
37283,0.034041,172.31.47.0-255,66,194946,94,350996
37284,0.03565,172.217.27.0-255,5738,200684,94,350996
37285,0.035654,172.31.47.0-255,66,200750,94,350996
37286,0.03728,172.217.27.0-255,5738,206488,94,350996
37287,0.037285,172.31.47.0-255,66,206554,94,350996
37288,0.0389,172.217.27.0-255,5738,212292,94,350996
37289,0.038905,172.31.47.0-255,66,212358,94,350996
37290,0.040521,172.217.27.0-255,5738,218096,94,350996
37291,0.040525,172.31.47.0-255,66,218162,94,350996
37292,0.042141,172.217.27.0-255,4320,222482,94,350996
37293,0.042146,172.31.47.0-255,66,222548,94,350996
37294,0.042172,172.217.27.0-255,1484,224032,94,350996
37295,0.043766,172.217.27.0-255,4320,228352,94,350996
37296,0.043771,172.31.47.0-255,66,228418,94,350996
37297,0.045393,172.217.27.0-255,5738,234156,94,350996
37298,0.045452,172.31.47.0-255,66,234222,94,350996
37299,0.047061,172.217.27.0-255,5738,239960,94,350996
37300,0.047067,172.31.47.0-255,66,240026,94,350996
37301,0.048694,172.217.27.0-255,5738,245764,94,350996
37302,0.0487,172.31.47.0-255,66,245830,94,350996
37303,0.05093,172.217.27.0-255,4320,250150,94,350996
37304,0.050934,172.31.47.0-255,66,250216,94,350996
37305,0.050957,172.217.27.0-255,1484,251700,94,350996
37306,0.052552,172.217.27.0-255,4320,256020,94,350996
37307,0.052557,172.31.47.0-255,66,256086,94,350996
37308,0.054176,172.217.27.0-255,2902,258988,94,350996
37309,0.054181,172.31.47.0-255,66,259054,94,350996
37310,0.054211,172.217.27.0-255,2902,261956,94,350996
37311,0.054227,172.31.47.0-255,66,262022,94,350996
37312,0.055788,172.217.27.0-255,2902,264924,94,350996
37313,0.055793,172.31.47.0-255,66,264990,94,350996
37314,0.055831,172.217.27.0-255,2902,267892,94,350996
37315,0.055853,172.31.47.0-255,66,267958,94,350996
37316,0.057408,172.217.27.0-255,2902,270860,94,350996
37317,0.057414,172.31.47.0-255,66,270926,94,350996
37318,0.05746,172.217.27.0-255,2902,273828,94,350996
37319,0.057502,172.31.47.0-255,66,273894,94,350996
37320,0.059024,172.217.27.0-255,2902,276796,94,350996
37321,0.059028,172.31.47.0-255,66,276862,94,350996
37322,0.059112,172.217.27.0-255,2902,279764,94,350996
37323,0.059116,172.31.47.0-255,66,279830,94,350996
37324,0.060642,172.217.27.0-255,2902,282732,94,350996
37325,0.060648,172.31.47.0-255,66,282798,94,350996
37326,0.060716,172.217.27.0-255,2902,285700,94,350996
37327,0.060731,172.31.47.0-255,66,285766,94,350996
37328,0.062257,172.217.27.0-255,1484,287250,94,350996
37329,0.06234,172.217.27.0-255,4320,291570,94,350996
37330,0.062345,172.31.47.0-255,66,291636,94,350996
37331,0.063954,172.217.27.0-255,2902,294538,94,350996
37332,0.063959,172.31.47.0-255,66,294604,94,350996
37333,0.063986,172.217.27.0-255,2902,297506,94,350996
37334,0.064006,172.31.47.0-255,66,297572,94,350996
37335,0.065574,172.217.27.0-255,2902,300474,94,350996
37336,0.065579,172.31.47.0-255,66,300540,94,350996
37337,0.065603,172.217.27.0-255,2902,303442,94,350996
37338,0.06624,172.31.47.0-255,66,303508,94,350996
37339,0.067202,172.217.27.0-255,2902,306410,94,350996
37340,0.067208,172.31.47.0-255,66,306476,94,350996
37341,0.067923,172.217.27.0-255,2902,309378,94,350996
37342,0.067929,172.31.47.0-255,66,309444,94,350996
37343,0.068848,172.217.27.0-255,2902,312346,94,350996
37344,0.068853,172.31.47.0-255,66,312412,94,350996
37345,0.069593,172.217.27.0-255,2902,315314,94,350996
37346,0.069597,172.31.47.0-255,66,315380,94,350996
37347,0.070504,172.217.27.0-255,2902,318282,94,350996
37348,0.070508,172.31.47.0-255,66,318348,94,350996
37349,0.071201,172.217.27.0-255,2902,321250,94,350996
37350,0.071206,172.31.47.0-255,66,321316,94,350996
37351,0.072119,172.217.27.0-255,2902,324218,94,350996
37352,0.072123,172.31.47.0-255,66,324284,94,350996
37353,0.072821,172.217.27.0-255,2902,327186,94,350996
37354,0.072825,172.31.47.0-255,66,327252,94,350996
37355,0.07374,172.217.27.0-255,2902,330154,94,350996
37356,0.073745,172.31.47.0-255,66,330220,94,350996
37357,0.074439,172.217.27.0-255,2902,333122,94,350996
37358,0.074443,172.31.47.0-255,66,333188,94,350996
37359,0.075382,172.217.27.0-255,2902,336090,94,350996
37360,0.075387,172.31.47.0-255,66,336156,94,350996
37361,0.076048,172.217.27.0-255,2902,339058,94,350996
37362,0.076053,172.31.47.0-255,66,339124,94,350996
37363,0.077,172.217.27.0-255,2902,342026,94,350996
37364,0.077005,172.31.47.0-255,66,342092,94,350996
37365,0.077748,172.217.27.0-255,2902,344994,94,350996
37366,0.077753,172.31.47.0-255,66,345060,94,350996
37367,0.078617,172.217.27.0-255,2902,347962,94,350996
37368,0.078621,172.31.47.0-255,66,348028,94,350996
37369,0.079367,172.217.27.0-255,2902,350930,94,350996
37370,0.079371,172.31.47.0-255,66,350996,94,350996
37371,0.0,172.217.194.0-255,153,153,94,365873
37372,1.9e-05,172.31.47.0-255,66,219,94,365873
37373,2.6e-05,172.217.194.0-255,1484,1703,94,365873
37374,2.9e-05,172.31.47.0-255,66,1769,94,365873
37375,3.4e-05,172.217.194.0-255,2902,4671,94,365873
37376,3.6e-05,172.31.47.0-255,66,4737,94,365873
37377,4.2e-05,172.217.194.0-255,7156,11893,94,365873
37378,4.5e-05,172.31.47.0-255,66,11959,94,365873
37379,4.7e-05,172.217.194.0-255,1484,13443,94,365873
37380,4.9e-05,172.31.47.0-255,66,13509,94,365873
37381,5.1e-05,172.217.194.0-255,594,14103,94,365873
37382,5.3e-05,172.31.47.0-255,66,14169,94,365873
37383,0.000215,172.217.194.0-255,1484,15653,94,365873
37384,0.00022,172.31.47.0-255,66,15719,94,365873
37385,0.000225,172.217.194.0-255,2902,18621,94,365873
37386,0.000228,172.31.47.0-255,66,18687,94,365873
37387,0.000232,172.217.194.0-255,4320,23007,94,365873
37388,0.000234,172.31.47.0-255,66,23073,94,365873
37389,0.000254,172.217.194.0-255,1484,24557,94,365873
37390,0.000257,172.31.47.0-255,66,24623,94,365873
37391,0.000312,172.217.194.0-255,2902,27525,94,365873
37392,0.000316,172.31.47.0-255,66,27591,94,365873
37393,0.000331,172.217.194.0-255,3961,31552,94,365873
37394,0.000334,172.31.47.0-255,66,31618,94,365873
37395,0.00034,172.217.194.0-255,7156,38774,94,365873
37396,0.000342,172.31.47.0-255,66,38840,94,365873
37397,0.000345,172.217.194.0-255,2902,41742,94,365873
37398,0.000346,172.31.47.0-255,66,41808,94,365873
37399,0.000373,172.217.194.0-255,6797,48605,94,365873
37400,0.000376,172.31.47.0-255,66,48671,94,365873
37401,0.000568,172.217.194.0-255,1484,50155,94,365873
37402,0.000573,172.31.47.0-255,66,50221,94,365873
37403,0.000578,172.217.194.0-255,2902,53123,94,365873
37404,0.00058,172.31.47.0-255,66,53189,94,365873
37405,0.000586,172.217.194.0-255,5738,58927,94,365873
37406,0.000588,172.31.47.0-255,66,58993,94,365873
37407,0.000659,172.217.194.0-255,6797,65790,94,365873
37408,0.000663,172.31.47.0-255,66,65856,94,365873
37409,0.000668,172.217.194.0-255,4320,70176,94,365873
37410,0.00067,172.31.47.0-255,66,70242,94,365873
37411,0.000687,172.217.194.0-255,2902,73144,94,365873
37412,0.000689,172.31.47.0-255,66,73210,94,365873
37413,0.000741,172.217.194.0-255,5738,78948,94,365873
37414,0.000744,172.31.47.0-255,66,79014,94,365873
37415,0.000764,172.217.194.0-255,4542,83556,94,365873
37416,0.000767,172.31.47.0-255,66,83622,94,365873
37417,0.000894,172.217.194.0-255,1484,85106,94,365873
37418,0.000899,172.217.194.0-255,1484,86590,94,365873
37419,0.000902,172.31.47.0-255,66,86656,94,365873
37420,0.000924,172.217.194.0-255,1484,88140,94,365873
37421,0.000931,172.217.194.0-255,5738,93878,94,365873
37422,0.000935,172.31.47.0-255,66,93944,94,365873
37423,0.000941,172.217.194.0-255,6247,100191,94,365873
37424,0.000942,172.31.47.0-255,66,100257,94,365873
37425,0.001043,172.217.194.0-255,1484,101741,94,365873
37426,0.001047,172.217.194.0-255,1484,103225,94,365873
37427,0.00105,172.31.47.0-255,66,103291,94,365873
37428,0.00107,172.217.194.0-255,1484,104775,94,365873
37429,0.001075,172.217.194.0-255,5738,110513,94,365873
37430,0.001077,172.31.47.0-255,66,110579,94,365873
37431,0.001079,172.217.194.0-255,1484,112063,94,365873
37432,0.001123,172.31.47.0-255,66,112129,94,365873
37433,0.001132,172.31.47.0-255,66,112195,94,365873
37434,0.001135,172.217.194.0-255,766,112961,94,365873
37435,0.001584,172.31.47.0-255,66,113027,94,365873
37436,0.001795,172.217.194.0-255,1484,114511,94,365873
37437,0.001801,172.217.194.0-255,1484,115995,94,365873
37438,0.001803,172.31.47.0-255,66,116061,94,365873
37439,0.00182,172.217.194.0-255,1484,117545,94,365873
37440,0.001852,172.217.194.0-255,5738,123283,94,365873
37441,0.001854,172.31.47.0-255,66,123349,94,365873
37442,0.001863,172.31.47.0-255,66,123415,94,365873
37443,0.001878,172.217.194.0-255,4320,127735,94,365873
37444,0.00188,172.31.47.0-255,66,127801,94,365873
37445,0.001903,172.217.194.0-255,2902,130703,94,365873
37446,0.001905,172.31.47.0-255,66,130769,94,365873
37447,0.001917,172.217.194.0-255,5738,136507,94,365873
37448,0.001919,172.31.47.0-255,66,136573,94,365873
37449,0.001934,172.217.194.0-255,2184,138757,94,365873
37450,0.001935,172.31.47.0-255,66,138823,94,365873
37451,0.002042,172.217.194.0-255,1484,140307,94,365873
37452,0.002057,172.217.194.0-255,2902,143209,94,365873
37453,0.002059,172.31.47.0-255,66,143275,94,365873
37454,0.002063,172.217.194.0-255,2902,146177,94,365873
37455,0.002065,172.31.47.0-255,66,146243,94,365873
37456,0.004056,172.217.194.0-255,4320,150563,94,365873
37457,0.00406,172.31.47.0-255,66,150629,94,365873
37458,0.004078,172.217.194.0-255,1484,152113,94,365873
37459,0.006075,172.217.194.0-255,4320,156433,94,365873
37460,0.006081,172.31.47.0-255,66,156499,94,365873
37461,0.008077,172.217.194.0-255,5738,162237,94,365873
37462,0.008084,172.31.47.0-255,66,162303,94,365873
37463,0.010102,172.217.194.0-255,5738,168041,94,365873
37464,0.01011,172.31.47.0-255,66,168107,94,365873
37465,0.012126,172.217.194.0-255,5738,173845,94,365873
37466,0.01214,172.31.47.0-255,66,173911,94,365873
37467,0.014134,172.217.194.0-255,5738,179649,94,365873
37468,0.014145,172.31.47.0-255,66,179715,94,365873
37469,0.016153,172.217.194.0-255,5738,185453,94,365873
37470,0.016159,172.31.47.0-255,66,185519,94,365873
37471,0.018183,172.217.194.0-255,5738,191257,94,365873
37472,0.018189,172.31.47.0-255,66,191323,94,365873
37473,0.019067,172.31.47.0-255,172,191495,94,365873
37474,0.019101,172.31.47.0-255,1118,192613,94,365873
37475,0.019196,172.31.47.0-255,1514,194127,94,365873
37476,0.019198,172.31.47.0-255,1286,195413,94,365873
37477,0.020199,172.217.194.0-255,5738,201151,94,365873
37478,0.020204,172.31.47.0-255,66,201217,94,365873
37479,0.020629,104.244.42.0-255,66,201283,94,365873
37480,0.020676,104.244.42.0-255,66,201349,94,365873
37481,0.020779,104.244.42.0-255,66,201415,94,365873
37482,0.022218,172.217.194.0-255,5738,207153,94,365873
37483,0.022223,172.31.47.0-255,66,207219,94,365873
37484,0.024224,172.217.194.0-255,4320,211539,94,365873
37485,0.024228,172.31.47.0-255,66,211605,94,365873
37486,0.024253,172.217.194.0-255,1484,213089,94,365873
37487,0.026253,172.217.194.0-255,4320,217409,94,365873
37488,0.026258,172.31.47.0-255,66,217475,94,365873
37489,0.028259,172.217.194.0-255,5738,223213,94,365873
37490,0.028264,172.31.47.0-255,66,223279,94,365873
37491,0.030254,172.217.194.0-255,5738,229017,94,365873
37492,0.030259,172.31.47.0-255,66,229083,94,365873
37493,0.032294,172.217.194.0-255,5738,234821,94,365873
37494,0.032299,172.31.47.0-255,66,234887,94,365873
37495,0.034314,172.217.194.0-255,5738,240625,94,365873
37496,0.034319,172.31.47.0-255,66,240691,94,365873
37497,0.036331,172.217.194.0-255,5738,246429,94,365873
37498,0.036337,172.31.47.0-255,66,246495,94,365873
37499,0.038342,172.217.194.0-255,5738,252233,94,365873
37500,0.038347,172.31.47.0-255,66,252299,94,365873
37501,0.040353,172.217.194.0-255,5738,258037,94,365873
37502,0.040358,172.31.47.0-255,66,258103,94,365873
37503,0.042369,172.217.194.0-255,5738,263841,94,365873
37504,0.042374,172.31.47.0-255,66,263907,94,365873
37505,0.04438,172.217.194.0-255,5738,269645,94,365873
37506,0.044385,172.31.47.0-255,66,269711,94,365873
37507,0.046393,172.217.194.0-255,5738,275449,94,365873
37508,0.046399,172.31.47.0-255,66,275515,94,365873
37509,0.048409,172.217.194.0-255,5738,281253,94,365873
37510,0.048414,172.31.47.0-255,66,281319,94,365873
37511,0.050417,172.217.194.0-255,5738,287057,94,365873
37512,0.050422,172.31.47.0-255,66,287123,94,365873
37513,0.052424,172.217.194.0-255,5738,292861,94,365873
37514,0.052429,172.31.47.0-255,66,292927,94,365873
37515,0.054428,172.217.194.0-255,5738,298665,94,365873
37516,0.054434,172.31.47.0-255,66,298731,94,365873
37517,0.056447,172.217.194.0-255,5738,304469,94,365873
37518,0.056453,172.31.47.0-255,66,304535,94,365873
37519,0.058454,172.217.194.0-255,1484,306019,94,365873
37520,0.058476,172.217.194.0-255,4320,310339,94,365873
37521,0.05848,172.31.47.0-255,66,310405,94,365873
37522,0.060484,172.217.194.0-255,5738,316143,94,365873
37523,0.060488,172.31.47.0-255,66,316209,94,365873
37524,0.062488,172.217.194.0-255,4320,320529,94,365873
37525,0.062493,172.31.47.0-255,66,320595,94,365873
37526,0.06252,172.217.194.0-255,1484,322079,94,365873
37527,0.064485,172.217.194.0-255,4320,326399,94,365873
37528,0.064491,172.31.47.0-255,66,326465,94,365873
37529,0.066499,172.217.194.0-255,4320,330785,94,365873
37530,0.066506,172.31.47.0-255,66,330851,94,365873
37531,0.066536,172.217.194.0-255,1484,332335,94,365873
37532,0.068504,172.217.194.0-255,4320,336655,94,365873
37533,0.06851,172.31.47.0-255,66,336721,94,365873
37534,0.07053,172.217.194.0-255,5738,342459,94,365873
37535,0.070535,172.31.47.0-255,66,342525,94,365873
37536,0.072519,172.217.194.0-255,2902,345427,94,365873
37537,0.072524,172.31.47.0-255,66,345493,94,365873
37538,0.072543,172.217.194.0-255,2902,348395,94,365873
37539,0.072546,172.31.47.0-255,66,348461,94,365873
37540,0.074549,172.217.194.0-255,5738,354199,94,365873
37541,0.074556,172.31.47.0-255,66,354265,94,365873
37542,0.076569,172.217.194.0-255,5738,360003,94,365873
37543,0.076575,172.31.47.0-255,66,360069,94,365873
37544,0.078577,172.217.194.0-255,5738,365807,94,365873
37545,0.078582,172.31.47.0-255,66,365873,94,365873
37546,0.0,172.31.47.0-255,105,105,94,276
37547,0.07519,31.13.82.0-255,105,210,94,276
37548,0.075202,172.31.47.0-255,66,276,94,276
37549,0.0,172.31.47.0-255,105,105,94,276
37550,0.07206,31.13.82.0-255,105,210,94,276
37551,0.072082,172.31.47.0-255,66,276,94,276
37552,0.0,172.31.47.0-255,105,105,94,276
37553,0.06881,31.13.82.0-255,105,210,94,276
37554,0.068827,172.31.47.0-255,66,276,94,276
37555,0.0,172.217.194.0-255,153,153,94,330138
37556,2.3e-05,172.31.47.0-255,66,219,94,330138
37557,2.9e-05,172.217.194.0-255,1484,1703,94,330138
37558,3.3e-05,172.31.47.0-255,66,1769,94,330138
37559,3.7e-05,172.217.194.0-255,2902,4671,94,330138
37560,3.9e-05,172.31.47.0-255,66,4737,94,330138
37561,6.3e-05,172.217.194.0-255,7156,11893,94,330138
37562,6.5e-05,172.31.47.0-255,66,11959,94,330138
37563,8.7e-05,172.217.194.0-255,2102,14061,94,330138
37564,8.9e-05,172.31.47.0-255,66,14127,94,330138
37565,0.000135,172.217.194.0-255,1484,15611,94,330138
37566,0.000138,172.31.47.0-255,66,15677,94,330138
37567,0.000143,172.217.194.0-255,2902,18579,94,330138
37568,0.000145,172.31.47.0-255,66,18645,94,330138
37569,0.000149,172.217.194.0-255,1484,20129,94,330138
37570,0.000151,172.31.47.0-255,66,20195,94,330138
37571,0.000178,172.217.194.0-255,4320,24515,94,330138
37572,0.00018,172.31.47.0-255,66,24581,94,330138
37573,0.000185,172.217.194.0-255,4320,28901,94,330138
37574,0.000187,172.31.47.0-255,66,28967,94,330138
37575,0.000203,172.217.194.0-255,2543,31510,94,330138
37576,0.000205,172.31.47.0-255,66,31576,94,330138
37577,0.000211,172.217.194.0-255,7156,38732,94,330138
37578,0.000213,172.31.47.0-255,66,38798,94,330138
37579,0.00024,172.217.194.0-255,2902,41700,94,330138
37580,0.000243,172.31.47.0-255,66,41766,94,330138
37581,0.000265,172.217.194.0-255,6797,48563,94,330138
37582,0.000267,172.31.47.0-255,66,48629,94,330138
37583,0.000581,172.217.194.0-255,1484,50113,94,330138
37584,0.000585,172.31.47.0-255,66,50179,94,330138
37585,0.000592,172.217.194.0-255,2902,53081,94,330138
37586,0.000594,172.31.47.0-255,66,53147,94,330138
37587,0.000622,172.217.194.0-255,5738,58885,94,330138
37588,0.000629,172.31.47.0-255,66,58951,94,330138
37589,0.000646,172.217.194.0-255,1484,60435,94,330138
37590,0.00067,172.217.194.0-255,5379,65814,94,330138
37591,0.000677,172.217.194.0-255,7156,72970,94,330138
37592,0.000686,172.31.47.0-255,66,73036,94,330138
37593,0.000706,172.31.47.0-255,66,73102,94,330138
37594,0.000732,172.217.194.0-255,2902,76004,94,330138
37595,0.000744,172.31.47.0-255,66,76070,94,330138
37596,0.00077,172.217.194.0-255,5379,81449,94,330138
37597,0.000794,172.31.47.0-255,66,81515,94,330138
37598,0.001143,172.217.194.0-255,1484,82999,94,330138
37599,0.001165,172.217.194.0-255,2902,85901,94,330138
37600,0.001169,172.31.47.0-255,66,85967,94,330138
37601,0.001175,172.217.194.0-255,5738,91705,94,330138
37602,0.001179,172.31.47.0-255,66,91771,94,330138
37603,0.00121,172.217.194.0-255,2902,94673,94,330138
37604,0.001219,172.31.47.0-255,66,94739,94,330138
37605,0.001227,172.217.194.0-255,4320,99059,94,330138
37606,0.00123,172.31.47.0-255,66,99125,94,330138
37607,0.001242,172.217.194.0-255,5738,104863,94,330138
37608,0.001255,172.217.194.0-255,2902,107765,94,330138
37609,0.001278,172.31.47.0-255,66,107831,94,330138
37610,0.001308,172.217.194.0-255,1484,109315,94,330138
37611,0.001312,172.217.194.0-255,2902,112217,94,330138
37612,0.001315,172.31.47.0-255,66,112283,94,330138
37613,0.001325,172.217.194.0-255,2902,115185,94,330138
37614,0.00134,172.217.194.0-255,2902,118087,94,330138
37615,0.001342,172.217.194.0-255,1484,119571,94,330138
37616,0.001344,172.31.47.0-255,66,119637,94,330138
37617,0.001348,172.31.47.0-255,66,119703,94,330138
37618,0.001364,172.217.194.0-255,7156,126859,94,330138
37619,0.00137,172.31.47.0-255,66,126925,94,330138
37620,0.00139,172.217.194.0-255,4320,131245,94,330138
37621,0.0014,172.217.194.0-255,766,132011,94,330138
37622,0.001414,172.217.194.0-255,1484,133495,94,330138
37623,0.001422,172.31.47.0-255,66,133561,94,330138
37624,0.001463,172.217.194.0-255,2902,136463,94,330138
37625,0.001472,172.31.47.0-255,66,136529,94,330138
37626,0.001482,172.217.194.0-255,1484,138013,94,330138
37627,0.001485,172.217.194.0-255,2902,140915,94,330138
37628,0.001489,172.217.194.0-255,4320,145235,94,330138
37629,0.001494,172.217.194.0-255,5738,150973,94,330138
37630,0.001508,172.217.194.0-255,2902,153875,94,330138
37631,0.00151,172.31.47.0-255,66,153941,94,330138
37632,0.001514,172.31.47.0-255,66,154007,94,330138
37633,0.00154,172.31.47.0-255,66,154073,94,330138
37634,0.001716,172.217.194.0-255,1484,155557,94,330138
37635,0.00172,172.217.194.0-255,1484,157041,94,330138
37636,0.001722,172.31.47.0-255,66,157107,94,330138
37637,0.001739,172.217.194.0-255,1484,158591,94,330138
37638,0.001745,172.217.194.0-255,5738,164329,94,330138
37639,0.001754,172.31.47.0-255,66,164395,94,330138
37640,0.001776,172.31.47.0-255,66,164461,94,330138
37641,0.001786,172.217.194.0-255,4320,168781,94,330138
37642,0.001791,172.217.194.0-255,5738,174519,94,330138
37643,0.001807,172.31.47.0-255,66,174585,94,330138
37644,0.001823,172.217.194.0-255,1484,176069,94,330138
37645,0.001841,172.217.194.0-255,3602,179671,94,330138
37646,0.001846,172.31.47.0-255,66,179737,94,330138
37647,0.001897,172.217.194.0-255,1484,181221,94,330138
37648,0.001901,172.217.194.0-255,2902,184123,94,330138
37649,0.001904,172.217.194.0-255,1484,185607,94,330138
37650,0.001911,172.31.47.0-255,66,185673,94,330138
37651,0.00192,172.217.194.0-255,4320,189993,94,330138
37652,0.001938,172.31.47.0-255,66,190059,94,330138
37653,0.001947,172.217.194.0-255,2902,192961,94,330138
37654,0.001972,172.217.194.0-255,4320,197281,94,330138
37655,0.00199,172.31.47.0-255,66,197347,94,330138
37656,0.001999,172.217.194.0-255,4320,201667,94,330138
37657,0.002001,172.217.194.0-255,2184,203851,94,330138
37658,0.002006,172.31.47.0-255,66,203917,94,330138
37659,0.002072,172.217.194.0-255,1484,205401,94,330138
37660,0.002094,172.217.194.0-255,2902,208303,94,330138
37661,0.002101,172.31.47.0-255,66,208369,94,330138
37662,0.002116,172.217.194.0-255,4320,212689,94,330138
37663,0.002123,172.31.47.0-255,66,212755,94,330138
37664,0.002137,172.217.194.0-255,1484,214239,94,330138
37665,0.00214,172.217.194.0-255,1484,215723,94,330138
37666,0.002152,172.31.47.0-255,66,215789,94,330138
37667,0.002206,172.31.47.0-255,66,215855,94,330138
37668,0.002215,172.217.194.0-255,2184,218039,94,330138
37669,0.002237,172.31.47.0-255,66,218105,94,330138
37670,0.002246,172.217.194.0-255,1484,219589,94,330138
37671,0.002258,172.217.194.0-255,2902,222491,94,330138
37672,0.002271,172.31.47.0-255,66,222557,94,330138
37673,0.002291,172.217.194.0-255,5738,228295,94,330138
37674,0.002295,172.217.194.0-255,2902,231197,94,330138
37675,0.002304,172.31.47.0-255,66,231263,94,330138
37676,0.004603,172.217.194.0-255,5738,237001,94,330138
37677,0.004621,172.31.47.0-255,66,237067,94,330138
37678,0.006937,172.217.194.0-255,5738,242805,94,330138
37679,0.006951,172.31.47.0-255,66,242871,94,330138
37680,0.009235,172.217.194.0-255,5738,248609,94,330138
37681,0.009242,172.31.47.0-255,66,248675,94,330138
37682,0.011517,172.217.194.0-255,5738,254413,94,330138
37683,0.011524,172.31.47.0-255,66,254479,94,330138
37684,0.013809,172.217.194.0-255,5738,260217,94,330138
37685,0.013821,172.31.47.0-255,66,260283,94,330138
37686,0.016121,172.217.194.0-255,5738,266021,94,330138
37687,0.016132,172.31.47.0-255,66,266087,94,330138
37688,0.018449,172.217.194.0-255,5738,271825,94,330138
37689,0.018456,172.31.47.0-255,66,271891,94,330138
37690,0.020738,172.217.194.0-255,5738,277629,94,330138
37691,0.020745,172.31.47.0-255,66,277695,94,330138
37692,0.023038,172.217.194.0-255,5738,283433,94,330138
37693,0.023052,172.31.47.0-255,66,283499,94,330138
37694,0.025336,172.217.194.0-255,5738,289237,94,330138
37695,0.025344,172.31.47.0-255,66,289303,94,330138
37696,0.027667,172.217.194.0-255,5738,295041,94,330138
37697,0.027674,172.31.47.0-255,66,295107,94,330138
37698,0.029967,172.217.194.0-255,4320,299427,94,330138
37699,0.029973,172.31.47.0-255,66,299493,94,330138
37700,0.029993,172.217.194.0-255,1484,300977,94,330138
37701,0.031601,172.31.47.0-255,172,301149,94,330138
37702,0.031635,172.31.47.0-255,1111,302260,94,330138
37703,0.031694,172.31.47.0-255,1514,303774,94,330138
37704,0.031696,172.31.47.0-255,1293,305067,94,330138
37705,0.03226,172.217.194.0-255,4320,309387,94,330138
37706,0.032265,172.31.47.0-255,66,309453,94,330138
37707,0.033139,104.244.42.0-255,66,309519,94,330138
37708,0.033199,104.244.42.0-255,66,309585,94,330138
37709,0.033255,104.244.42.0-255,66,309651,94,330138
37710,0.03453,172.217.194.0-255,4320,313971,94,330138
37711,0.034534,172.31.47.0-255,66,314037,94,330138
37712,0.034557,172.217.194.0-255,1484,315521,94,330138
37713,0.036816,172.217.194.0-255,4320,319841,94,330138
37714,0.036821,172.31.47.0-255,66,319907,94,330138
37715,0.039129,172.217.194.0-255,5738,325645,94,330138
37716,0.039178,172.31.47.0-255,66,325711,94,330138
37717,0.041461,172.217.194.0-255,4190,329901,94,330138
37718,0.041466,172.31.47.0-255,66,329967,94,330138
37719,0.041627,172.31.47.0-255,105,330072,94,330138
37720,0.043872,172.217.194.0-255,66,330138,94,330138
37721,0.0,172.217.194.0-255,153,153,94,323147
37722,2.7e-05,172.31.47.0-255,66,219,94,323147
37723,3.3e-05,172.217.194.0-255,1484,1703,94,323147
37724,3.8e-05,172.31.47.0-255,66,1769,94,323147
37725,4.3e-05,172.217.194.0-255,2902,4671,94,323147
37726,4.5e-05,172.31.47.0-255,66,4737,94,323147
37727,5e-05,172.217.194.0-255,4320,9057,94,323147
37728,5.4e-05,172.31.47.0-255,66,9123,94,323147
37729,6e-05,172.217.194.0-255,5008,14131,94,323147
37730,6.2e-05,172.31.47.0-255,66,14197,94,323147
37731,0.000151,172.217.194.0-255,1484,15681,94,323147
37732,0.000156,172.31.47.0-255,66,15747,94,323147
37733,0.00016,172.217.194.0-255,1484,17231,94,323147
37734,0.000162,172.31.47.0-255,66,17297,94,323147
37735,0.000177,172.217.194.0-255,1484,18781,94,323147
37736,0.000182,172.31.47.0-255,66,18847,94,323147
37737,0.000188,172.217.194.0-255,5738,24585,94,323147
37738,0.000191,172.31.47.0-255,66,24651,94,323147
37739,0.000196,172.217.194.0-255,4320,28971,94,323147
37740,0.000198,172.31.47.0-255,66,29037,94,323147
37741,0.000212,172.217.194.0-255,2543,31580,94,323147
37742,0.000215,172.31.47.0-255,66,31646,94,323147
37743,0.000275,172.217.194.0-255,1484,33130,94,323147
37744,0.000279,172.31.47.0-255,66,33196,94,323147
37745,0.000284,172.217.194.0-255,2902,36098,94,323147
37746,0.000286,172.31.47.0-255,66,36164,94,323147
37747,0.000289,172.217.194.0-255,1484,37648,94,323147
37748,0.000291,172.31.47.0-255,66,37714,94,323147
37749,0.000319,172.217.194.0-255,2902,40616,94,323147
37750,0.000324,172.31.47.0-255,66,40682,94,323147
37751,0.000335,172.31.47.0-255,66,40748,94,323147
37752,0.000357,172.217.194.0-255,4320,45068,94,323147
37753,0.000361,172.31.47.0-255,66,45134,94,323147
37754,0.000385,172.217.194.0-255,5738,50872,94,323147
37755,0.000389,172.31.47.0-255,66,50938,94,323147
37756,0.000412,172.217.194.0-255,5681,56619,94,323147
37757,0.000416,172.31.47.0-255,66,56685,94,323147
37758,0.000444,172.217.194.0-255,384,57069,94,323147
37759,0.000448,172.31.47.0-255,66,57135,94,323147
37760,0.000622,172.217.194.0-255,1484,58619,94,323147
37761,0.000628,172.217.194.0-255,2902,61521,94,323147
37762,0.00063,172.31.47.0-255,66,61587,94,323147
37763,0.000634,172.31.47.0-255,66,61653,94,323147
37764,0.000649,172.217.194.0-255,5738,67391,94,323147
37765,0.000652,172.31.47.0-255,66,67457,94,323147
37766,0.000655,172.217.194.0-255,1484,68941,94,323147
37767,0.000681,172.217.194.0-255,4320,73261,94,323147
37768,0.000686,172.31.47.0-255,66,73327,94,323147
37769,0.000687,172.217.194.0-255,4320,77647,94,323147
37770,0.000706,172.31.47.0-255,66,77713,94,323147
37771,0.000723,172.31.47.0-255,66,77779,94,323147
37772,0.000725,172.217.194.0-255,5020,82799,94,323147
37773,0.000729,172.31.47.0-255,66,82865,94,323147
37774,0.000937,172.217.194.0-255,1484,84349,94,323147
37775,0.000944,172.217.194.0-255,2902,87251,94,323147
37776,0.000948,172.31.47.0-255,66,87317,94,323147
37777,0.000954,172.217.194.0-255,4320,91637,94,323147
37778,0.000964,172.31.47.0-255,66,91703,94,323147
37779,0.000988,172.31.47.0-255,66,91769,94,323147
37780,0.001054,172.31.47.0-255,66,91835,94,323147
37781,0.001461,172.217.194.0-255,1484,93319,94,323147
37782,0.001466,172.31.47.0-255,66,93385,94,323147
37783,0.001472,172.217.194.0-255,2902,96287,94,323147
37784,0.001474,172.31.47.0-255,66,96353,94,323147
37785,0.001494,172.217.194.0-255,5738,102091,94,323147
37786,0.00152,172.31.47.0-255,66,102157,94,323147
37787,0.001523,172.217.194.0-255,2902,105059,94,323147
37788,0.001526,172.31.47.0-255,66,105125,94,323147
37789,0.001545,172.217.194.0-255,7156,112281,94,323147
37790,0.001556,172.217.194.0-255,766,113047,94,323147
37791,0.001557,172.31.47.0-255,66,113113,94,323147
37792,0.001707,172.217.194.0-255,1484,114597,94,323147
37793,0.001711,172.31.47.0-255,66,114663,94,323147
37794,0.001731,172.217.194.0-255,2902,117565,94,323147
37795,0.001733,172.31.47.0-255,66,117631,94,323147
37796,0.001739,172.217.194.0-255,5738,123369,94,323147
37797,0.001747,172.31.47.0-255,66,123435,94,323147
37798,0.001763,172.217.194.0-255,2902,126337,94,323147
37799,0.001769,172.31.47.0-255,66,126403,94,323147
37800,0.001794,172.217.194.0-255,5738,132141,94,323147
37801,0.001798,172.31.47.0-255,66,132207,94,323147
37802,0.001812,172.217.194.0-255,1484,133691,94,323147
37803,0.001845,172.217.194.0-255,3602,137293,94,323147
37804,0.001851,172.31.47.0-255,66,137359,94,323147
37805,0.001994,172.217.194.0-255,1484,138843,94,323147
37806,0.002,172.31.47.0-255,66,138909,94,323147
37807,0.002011,172.217.194.0-255,2902,141811,94,323147
37808,0.002014,172.31.47.0-255,66,141877,94,323147
37809,0.00202,172.217.194.0-255,5738,147615,94,323147
37810,0.002021,172.31.47.0-255,66,147681,94,323147
37811,0.002026,172.217.194.0-255,4320,152001,94,323147
37812,0.002037,172.31.47.0-255,66,152067,94,323147
37813,0.002075,172.31.47.0-255,66,152133,94,323147
37814,0.002081,172.217.194.0-255,1484,153617,94,323147
37815,0.002098,172.31.47.0-255,66,153683,94,323147
37816,0.002135,172.217.194.0-255,1484,155167,94,323147
37817,0.002148,172.217.194.0-255,2902,158069,94,323147
37818,0.002156,172.31.47.0-255,66,158135,94,323147
37819,0.002158,172.217.194.0-255,1484,159619,94,323147
37820,0.002176,172.217.194.0-255,4320,163939,94,323147
37821,0.002184,172.217.194.0-255,5738,169677,94,323147
37822,0.002184,172.31.47.0-255,66,169743,94,323147
37823,0.002198,172.31.47.0-255,66,169809,94,323147
37824,0.002201,172.217.194.0-255,1484,171293,94,323147
37825,0.002203,172.217.194.0-255,1484,172777,94,323147
37826,0.002205,172.31.47.0-255,66,172843,94,323147
37827,0.002244,172.31.47.0-255,66,172909,94,323147
37828,0.002262,172.217.194.0-255,2184,175093,94,323147
37829,0.002266,172.31.47.0-255,66,175159,94,323147
37830,0.00456,172.217.194.0-255,5738,180897,94,323147
37831,0.004581,172.31.47.0-255,66,180963,94,323147
37832,0.006864,172.217.194.0-255,5738,186701,94,323147
37833,0.014277,172.217.194.0-255,1484,188185,94,323147
37834,0.017812,172.31.47.0-255,66,188251,94,323147
37835,0.020143,172.217.194.0-255,5738,193989,94,323147
37836,0.020163,172.31.47.0-255,66,194055,94,323147
37837,0.022473,172.217.194.0-255,5738,199793,94,323147
37838,0.022488,172.31.47.0-255,66,199859,94,323147
37839,0.024845,172.217.194.0-255,5738,205597,94,323147
37840,0.024863,172.31.47.0-255,66,205663,94,323147
37841,0.02716,172.217.194.0-255,5738,211401,94,323147
37842,0.027175,172.31.47.0-255,66,211467,94,323147
37843,0.029518,172.217.194.0-255,5738,217205,94,323147
37844,0.029533,172.31.47.0-255,66,217271,94,323147
37845,0.031832,172.217.194.0-255,5738,223009,94,323147
37846,0.031849,172.31.47.0-255,66,223075,94,323147
37847,0.034137,172.217.194.0-255,5738,228813,94,323147
37848,0.034153,172.31.47.0-255,66,228879,94,323147
37849,0.035226,172.31.47.0-255,172,229051,94,323147
37850,0.035255,172.31.47.0-255,1108,230159,94,323147
37851,0.035324,172.31.47.0-255,1514,231673,94,323147
37852,0.035325,172.31.47.0-255,1296,232969,94,323147
37853,0.036429,172.217.194.0-255,5738,238707,94,323147
37854,0.036436,172.31.47.0-255,66,238773,94,323147
37855,0.036776,104.244.42.0-255,66,238839,94,323147
37856,0.036837,104.244.42.0-255,66,238905,94,323147
37857,0.036881,104.244.42.0-255,66,238971,94,323147
37858,0.038725,172.217.194.0-255,5738,244709,94,323147
37859,0.038736,172.31.47.0-255,66,244775,94,323147
37860,0.041026,172.217.194.0-255,5738,250513,94,323147
37861,0.041033,172.31.47.0-255,66,250579,94,323147
37862,0.043303,172.217.194.0-255,5738,256317,94,323147
37863,0.043309,172.31.47.0-255,66,256383,94,323147
37864,0.0456,172.217.194.0-255,5738,262121,94,323147
37865,0.045608,172.31.47.0-255,66,262187,94,323147
37866,0.047893,172.217.194.0-255,5738,267925,94,323147
37867,0.0479,172.31.47.0-255,66,267991,94,323147
37868,0.050152,172.217.194.0-255,5738,273729,94,323147
37869,0.050158,172.31.47.0-255,66,273795,94,323147
37870,0.052445,172.217.194.0-255,5738,279533,94,323147
37871,0.05245,172.31.47.0-255,66,279599,94,323147
37872,0.054714,172.217.194.0-255,5738,285337,94,323147
37873,0.054721,172.31.47.0-255,66,285403,94,323147
37874,0.057002,172.217.194.0-255,5738,291141,94,323147
37875,0.057008,172.31.47.0-255,66,291207,94,323147
37876,0.059286,172.217.194.0-255,5738,296945,94,323147
37877,0.059292,172.31.47.0-255,66,297011,94,323147
37878,0.061545,172.217.194.0-255,4320,301331,94,323147
37879,0.061552,172.31.47.0-255,66,301397,94,323147
37880,0.061574,172.217.194.0-255,1484,302881,94,323147
37881,0.063847,172.217.194.0-255,4320,307201,94,323147
37882,0.063853,172.31.47.0-255,66,307267,94,323147
37883,0.066151,172.217.194.0-255,5738,313005,94,323147
37884,0.0662,172.31.47.0-255,66,313071,94,323147
37885,0.068481,172.217.194.0-255,5738,318809,94,323147
37886,0.068487,172.31.47.0-255,66,318875,94,323147
37887,0.070747,172.217.194.0-255,4035,322910,94,323147
37888,0.070753,172.31.47.0-255,66,322976,94,323147
37889,0.070926,172.31.47.0-255,105,323081,94,323147
37890,0.073154,172.217.194.0-255,66,323147,94,323147
37891,0.0,74.125.24.0-255,298,298,94,228253
37892,3e-05,172.31.47.0-255,66,364,94,228253
37893,3.6e-05,74.125.24.0-255,1484,1848,94,228253
37894,4e-05,172.31.47.0-255,66,1914,94,228253
37895,4.5e-05,74.125.24.0-255,4320,6234,94,228253
37896,5.3e-05,172.31.47.0-255,66,6300,94,228253
37897,6.3e-05,172.31.47.0-255,66,6366,94,228253
37898,8.4e-05,74.125.24.0-255,5738,12104,94,228253
37899,8.7e-05,172.31.47.0-255,66,12170,94,228253
37900,0.0001,74.125.24.0-255,2902,15072,94,228253
37901,0.000102,172.31.47.0-255,66,15138,94,228253
37902,0.000111,74.125.24.0-255,4320,19458,94,228253
37903,0.000113,172.31.47.0-255,66,19524,94,228253
37904,0.000139,74.125.24.0-255,3961,23485,94,228253
37905,0.000141,172.31.47.0-255,66,23551,94,228253
37906,0.000217,74.125.24.0-255,1484,25035,94,228253
37907,0.000221,172.31.47.0-255,66,25101,94,228253
37908,0.000245,74.125.24.0-255,2902,28003,94,228253
37909,0.000248,172.31.47.0-255,66,28069,94,228253
37910,0.000251,74.125.24.0-255,2902,30971,94,228253
37911,0.000253,172.31.47.0-255,66,31037,94,228253
37912,0.00026,74.125.24.0-255,7156,38193,94,228253
37913,0.000267,172.31.47.0-255,66,38259,94,228253
37914,0.000316,172.31.47.0-255,66,38325,94,228253
37915,0.000338,74.125.24.0-255,1125,39450,94,228253
37916,0.000342,74.125.24.0-255,2883,42333,94,228253
37917,0.000343,172.31.47.0-255,66,42399,94,228253
37918,0.000347,172.31.47.0-255,66,42465,94,228253
37919,0.000427,74.125.24.0-255,1484,43949,94,228253
37920,0.00043,172.31.47.0-255,66,44015,94,228253
37921,0.000459,74.125.24.0-255,2902,46917,94,228253
37922,0.000462,172.31.47.0-255,66,46983,94,228253
37923,0.000468,74.125.24.0-255,5738,52721,94,228253
37924,0.00047,172.31.47.0-255,66,52787,94,228253
37925,0.000503,172.31.47.0-255,66,52853,94,228253
37926,0.00051,74.125.24.0-255,7156,60009,94,228253
37927,0.000512,172.31.47.0-255,66,60075,94,228253
37928,0.000541,74.125.24.0-255,2543,62618,94,228253
37929,0.000543,172.31.47.0-255,66,62684,94,228253
37930,0.001627,74.125.24.0-255,1484,64168,94,228253
37931,0.001637,74.125.24.0-255,2902,67070,94,228253
37932,0.001642,172.31.47.0-255,66,67136,94,228253
37933,0.00165,74.125.24.0-255,5738,72874,94,228253
37934,0.001652,172.31.47.0-255,66,72940,94,228253
37935,0.001671,172.31.47.0-255,66,73006,94,228253
37936,0.001674,74.125.24.0-255,1484,74490,94,228253
37937,0.001713,172.31.47.0-255,66,74556,94,228253
37938,0.001884,74.125.24.0-255,1484,76040,94,228253
37939,0.001891,74.125.24.0-255,2902,78942,94,228253
37940,0.001894,172.31.47.0-255,66,79008,94,228253
37941,0.001924,74.125.24.0-255,5738,84746,94,228253
37942,0.001927,172.31.47.0-255,66,84812,94,228253
37943,0.001932,74.125.24.0-255,4320,89132,94,228253
37944,0.001933,172.31.47.0-255,66,89198,94,228253
37945,0.001937,74.125.24.0-255,2902,92100,94,228253
37946,0.00194,172.31.47.0-255,66,92166,94,228253
37947,0.001978,172.31.47.0-255,66,92232,94,228253
37948,0.001991,172.31.47.0-255,66,92298,94,228253
37949,0.002009,172.31.47.0-255,66,92364,94,228253
37950,0.002013,74.125.24.0-255,2902,95266,94,228253
37951,0.002015,172.31.47.0-255,66,95332,94,228253
37952,0.002055,172.31.47.0-255,66,95398,94,228253
37953,0.002108,172.31.47.0-255,66,95464,94,228253
37954,0.002133,74.125.24.0-255,4320,99784,94,228253
37955,0.002135,172.31.47.0-255,66,99850,94,228253
37956,0.00214,74.125.24.0-255,5738,105588,94,228253
37957,0.002143,172.31.47.0-255,66,105654,94,228253
37958,0.002178,172.31.47.0-255,66,105720,94,228253
37959,0.002197,172.31.47.0-255,66,105786,94,228253
37960,0.002206,172.31.47.0-255,66,105852,94,228253
37961,0.002243,74.125.24.0-255,7156,113008,94,228253
37962,0.002246,172.31.47.0-255,66,113074,94,228253
37963,0.002279,172.31.47.0-255,66,113140,94,228253
37964,0.002312,172.31.47.0-255,66,113206,94,228253
37965,0.002318,74.125.24.0-255,6438,119644,94,228253
37966,0.00232,172.31.47.0-255,66,119710,94,228253
37967,0.002331,74.125.24.0-255,7156,126866,94,228253
37968,0.002333,172.31.47.0-255,66,126932,94,228253
37969,0.002342,172.31.47.0-255,66,126998,94,228253
37970,0.004625,74.125.24.0-255,5738,132736,94,228253
37971,0.004628,172.31.47.0-255,66,132802,94,228253
37972,0.006959,74.125.24.0-255,5738,138540,94,228253
37973,0.006969,172.31.47.0-255,66,138606,94,228253
37974,0.009284,74.125.24.0-255,5738,144344,94,228253
37975,0.009294,172.31.47.0-255,66,144410,94,228253
37976,0.011621,74.125.24.0-255,5738,150148,94,228253
37977,0.011628,172.31.47.0-255,66,150214,94,228253
37978,0.013945,74.125.24.0-255,5738,155952,94,228253
37979,0.013952,172.31.47.0-255,66,156018,94,228253
37980,0.016268,74.125.24.0-255,5738,161756,94,228253
37981,0.016276,172.31.47.0-255,66,161822,94,228253
37982,0.01856,74.125.24.0-255,5738,167560,94,228253
37983,0.018566,172.31.47.0-255,66,167626,94,228253
37984,0.020898,74.125.24.0-255,5738,173364,94,228253
37985,0.020905,172.31.47.0-255,66,173430,94,228253
37986,0.023231,74.125.24.0-255,5738,179168,94,228253
37987,0.023239,172.31.47.0-255,66,179234,94,228253
37988,0.025528,74.125.24.0-255,5738,184972,94,228253
37989,0.025534,172.31.47.0-255,66,185038,94,228253
37990,0.027831,74.125.24.0-255,5738,190776,94,228253
37991,0.027837,172.31.47.0-255,66,190842,94,228253
37992,0.030147,74.125.24.0-255,5738,196580,94,228253
37993,0.030152,172.31.47.0-255,66,196646,94,228253
37994,0.032471,74.125.24.0-255,5738,202384,94,228253
37995,0.032478,172.31.47.0-255,66,202450,94,228253
37996,0.034467,172.31.47.0-255,167,202617,94,228253
37997,0.034495,172.31.47.0-255,1112,203729,94,228253
37998,0.034527,172.31.47.0-255,1514,205243,94,228253
37999,0.034529,172.31.47.0-255,1514,206757,94,228253
38000,0.03453,172.31.47.0-255,1514,208271,94,228253
38001,0.034531,172.31.47.0-255,1514,209785,94,228253
38002,0.034553,172.31.47.0-255,1510,211295,94,228253
38003,0.034789,74.125.24.0-255,5738,217033,94,228253
38004,0.034795,172.31.47.0-255,66,217099,94,228253
38005,0.035955,104.244.42.0-255,66,217165,94,228253
38006,0.035989,104.244.42.0-255,66,217231,94,228253
38007,0.036085,104.244.42.0-255,66,217297,94,228253
38008,0.037094,74.125.24.0-255,4320,221617,94,228253
38009,0.037098,172.31.47.0-255,66,221683,94,228253
38010,0.037124,74.125.24.0-255,1484,223167,94,228253
38011,0.039406,74.125.24.0-255,4320,227487,94,228253
38012,0.039412,172.31.47.0-255,66,227553,94,228253
38013,0.041708,74.125.24.0-255,463,228016,94,228253
38014,0.04184,172.31.47.0-255,66,228082,94,228253
38015,0.041866,172.31.47.0-255,105,228187,94,228253
38016,0.044117,74.125.24.0-255,66,228253,94,228253
38017,0.0,172.31.47.0-255,66,66,94,66
38018,0.0,172.31.47.0-255,66,66,94,66
38019,0.0,74.125.24.0-255,66,66,94,66
38020,0.0,74.125.130.0-255,153,153,94,385149
38021,2.8e-05,172.31.47.0-255,66,219,94,385149
38022,3.5e-05,74.125.130.0-255,1484,1703,94,385149
38023,3.9e-05,172.31.47.0-255,66,1769,94,385149
38024,4.5e-05,74.125.130.0-255,2902,4671,94,385149
38025,4.8e-05,172.31.47.0-255,66,4737,94,385149
38026,5.5e-05,74.125.130.0-255,7156,11893,94,385149
38027,5.9e-05,172.31.47.0-255,66,11959,94,385149
38028,9.1e-05,74.125.130.0-255,2128,14087,94,385149
38029,9.4e-05,172.31.47.0-255,66,14153,94,385149
38030,9.8e-05,74.125.130.0-255,2902,17055,94,385149
38031,0.0001,172.31.47.0-255,66,17121,94,385149
38032,0.000104,74.125.130.0-255,2902,20023,94,385149
38033,0.000107,172.31.47.0-255,66,20089,94,385149
38034,0.000121,74.125.130.0-255,4320,24409,94,385149
38035,0.000124,172.31.47.0-255,66,24475,94,385149
38036,0.000133,74.125.130.0-255,6797,31272,94,385149
38037,0.000135,172.31.47.0-255,66,31338,94,385149
38038,0.000302,74.125.130.0-255,1484,32822,94,385149
38039,0.000307,172.31.47.0-255,66,32888,94,385149
38040,0.000311,74.125.130.0-255,1484,34372,94,385149
38041,0.000313,172.31.47.0-255,66,34438,94,385149
38042,0.000327,74.125.130.0-255,1484,35922,94,385149
38043,0.00033,172.31.47.0-255,66,35988,94,385149
38044,0.000336,74.125.130.0-255,4320,40308,94,385149
38045,0.000338,172.31.47.0-255,66,40374,94,385149
38046,0.000371,74.125.130.0-255,7156,47530,94,385149
38047,0.000375,172.31.47.0-255,66,47596,94,385149
38048,0.000394,74.125.130.0-255,2543,50139,94,385149
38049,0.000397,172.31.47.0-255,66,50205,94,385149
38050,0.000403,74.125.130.0-255,2902,53107,94,385149
38051,0.000407,172.31.47.0-255,66,53173,94,385149
38052,0.000452,74.125.130.0-255,4320,57493,94,385149
38053,0.000459,172.31.47.0-255,66,57559,94,385149
38054,0.000481,74.125.130.0-255,98,57657,94,385149
38055,0.000486,172.31.47.0-255,66,57723,94,385149
38056,0.000559,74.125.130.0-255,1484,59207,94,385149
38057,0.000563,74.125.130.0-255,1484,60691,94,385149
38058,0.000575,74.125.130.0-255,1484,62175,94,385149
38059,0.000577,74.125.130.0-255,1484,63659,94,385149
38060,0.000579,172.31.47.0-255,66,63725,94,385149
38061,0.000596,74.125.130.0-255,2902,66627,94,385149
38062,0.000604,172.31.47.0-255,66,66693,94,385149
38063,0.000616,74.125.130.0-255,2902,69595,94,385149
38064,0.00062,172.31.47.0-255,66,69661,94,385149
38065,0.000645,74.125.130.0-255,2902,72563,94,385149
38066,0.00065,74.125.130.0-255,2902,75465,94,385149
38067,0.000654,74.125.130.0-255,4320,79785,94,385149
38068,0.000658,172.31.47.0-255,66,79851,94,385149
38069,0.000668,74.125.130.0-255,4320,84171,94,385149
38070,0.000672,172.31.47.0-255,66,84237,94,385149
38071,0.000682,74.125.130.0-255,4320,88557,94,385149
38072,0.000685,172.31.47.0-255,66,88623,94,385149
38073,0.000689,74.125.130.0-255,2902,91525,94,385149
38074,0.000693,172.31.47.0-255,66,91591,94,385149
38075,0.000715,74.125.130.0-255,1067,92658,94,385149
38076,0.001116,172.31.47.0-255,66,92724,94,385149
38077,0.001233,74.125.130.0-255,1484,94208,94,385149
38078,0.001243,74.125.130.0-255,2902,97110,94,385149
38079,0.001269,74.125.130.0-255,5738,102848,94,385149
38080,0.001284,74.125.130.0-255,2902,105750,94,385149
38081,0.001308,74.125.130.0-255,5738,111488,94,385149
38082,0.001339,74.125.130.0-255,5020,116508,94,385149
38083,0.001405,74.125.130.0-255,1484,117992,94,385149
38084,0.001421,74.125.130.0-255,2902,120894,94,385149
38085,0.001433,74.125.130.0-255,2902,123796,94,385149
38086,0.001447,74.125.130.0-255,2902,126698,94,385149
38087,0.00147,74.125.130.0-255,1484,128182,94,385149
38088,0.001502,74.125.130.0-255,7156,135338,94,385149
38089,0.001537,74.125.130.0-255,2902,138240,94,385149
38090,0.001556,74.125.130.0-255,3602,141842,94,385149
38091,0.001641,74.125.130.0-255,1484,143326,94,385149
38092,0.001649,74.125.130.0-255,2902,146228,94,385149
38093,0.001668,74.125.130.0-255,5738,151966,94,385149
38094,0.001681,74.125.130.0-255,2902,154868,94,385149
38095,0.001694,74.125.130.0-255,2902,157770,94,385149
38096,0.001698,74.125.130.0-255,1484,159254,94,385149
38097,0.001716,74.125.130.0-255,5738,164992,94,385149
38098,0.00174,74.125.130.0-255,4320,169312,94,385149
38099,0.001764,74.125.130.0-255,6438,175750,94,385149
38100,0.001815,74.125.130.0-255,1484,177234,94,385149
38101,0.001818,74.125.130.0-255,1484,178718,94,385149
38102,0.001827,74.125.130.0-255,1484,180202,94,385149
38103,0.00183,74.125.130.0-255,1484,181686,94,385149
38104,0.001848,74.125.130.0-255,2902,184588,94,385149
38105,0.001873,74.125.130.0-255,5738,190326,94,385149
38106,0.00189,74.125.130.0-255,4320,194646,94,385149
38107,0.001904,74.125.130.0-255,5738,200384,94,385149
38108,0.001941,74.125.130.0-255,4320,204704,94,385149
38109,0.001953,74.125.130.0-255,5020,209724,94,385149
38110,0.002028,74.125.130.0-255,1484,211208,94,385149
38111,0.002041,74.125.130.0-255,1484,212692,94,385149
38112,0.002078,74.125.130.0-255,1484,214176,94,385149
38113,0.00209,74.125.130.0-255,1484,215660,94,385149
38114,0.002095,74.125.130.0-255,5738,221398,94,385149
38115,0.002123,74.125.130.0-255,1484,222882,94,385149
38116,0.002129,74.125.130.0-255,7156,230038,94,385149
38117,0.002142,74.125.130.0-255,4320,234358,94,385149
38118,0.002145,74.125.130.0-255,766,235124,94,385149
38119,0.010551,172.31.47.0-255,66,235190,94,385149
38120,0.011203,74.125.130.0-255,1484,236674,94,385149
38121,0.012864,74.125.130.0-255,4320,240994,94,385149
38122,0.012871,172.31.47.0-255,66,241060,94,385149
38123,0.015177,74.125.130.0-255,5738,246798,94,385149
38124,0.015248,172.31.47.0-255,66,246864,94,385149
38125,0.017522,74.125.130.0-255,5738,252602,94,385149
38126,0.017531,172.31.47.0-255,66,252668,94,385149
38127,0.019807,74.125.130.0-255,5738,258406,94,385149
38128,0.019814,172.31.47.0-255,66,258472,94,385149
38129,0.022094,74.125.130.0-255,5738,264210,94,385149
38130,0.022101,172.31.47.0-255,66,264276,94,385149
38131,0.024377,74.125.130.0-255,5738,270014,94,385149
38132,0.024386,172.31.47.0-255,66,270080,94,385149
38133,0.026671,74.125.130.0-255,5738,275818,94,385149
38134,0.026686,172.31.47.0-255,66,275884,94,385149
38135,0.028973,74.125.130.0-255,5738,281622,94,385149
38136,0.02898,172.31.47.0-255,66,281688,94,385149
38137,0.031349,74.125.130.0-255,5738,287426,94,385149
38138,0.031362,172.31.47.0-255,66,287492,94,385149
38139,0.033681,74.125.130.0-255,5738,293230,94,385149
38140,0.033689,172.31.47.0-255,66,293296,94,385149
38141,0.035981,74.125.130.0-255,5738,299034,94,385149
38142,0.035995,172.31.47.0-255,66,299100,94,385149
38143,0.038285,74.125.130.0-255,5738,304838,94,385149
38144,0.038294,172.31.47.0-255,66,304904,94,385149
38145,0.040578,74.125.130.0-255,5738,310642,94,385149
38146,0.040589,172.31.47.0-255,66,310708,94,385149
38147,0.042877,74.125.130.0-255,5738,316446,94,385149
38148,0.042886,172.31.47.0-255,66,316512,94,385149
38149,0.045167,74.125.130.0-255,5738,322250,94,385149
38150,0.045174,172.31.47.0-255,66,322316,94,385149
38151,0.047458,74.125.130.0-255,5738,328054,94,385149
38152,0.047466,172.31.47.0-255,66,328120,94,385149
38153,0.049778,74.125.130.0-255,5738,333858,94,385149
38154,0.049797,172.31.47.0-255,66,333924,94,385149
38155,0.052088,74.125.130.0-255,5738,339662,94,385149
38156,0.052095,172.31.47.0-255,66,339728,94,385149
38157,0.052463,172.31.47.0-255,172,339900,94,385149
38158,0.052492,172.31.47.0-255,1108,341008,94,385149
38159,0.05253,172.31.47.0-255,1514,342522,94,385149
38160,0.052532,172.31.47.0-255,1296,343818,94,385149
38161,0.053968,104.244.42.0-255,66,343884,94,385149
38162,0.053996,104.244.42.0-255,66,343950,94,385149
38163,0.054042,104.244.42.0-255,66,344016,94,385149
38164,0.054379,74.125.130.0-255,5738,349754,94,385149
38165,0.054388,172.31.47.0-255,66,349820,94,385149
38166,0.056665,74.125.130.0-255,5738,355558,94,385149
38167,0.056672,172.31.47.0-255,66,355624,94,385149
38168,0.05895,74.125.130.0-255,5738,361362,94,385149
38169,0.058957,172.31.47.0-255,66,361428,94,385149
38170,0.061228,74.125.130.0-255,5738,367166,94,385149
38171,0.061233,172.31.47.0-255,66,367232,94,385149
38172,0.063523,74.125.130.0-255,5738,372970,94,385149
38173,0.063531,172.31.47.0-255,66,373036,94,385149
38174,0.065808,74.125.130.0-255,5738,378774,94,385149
38175,0.065813,172.31.47.0-255,66,378840,94,385149
38176,0.068089,74.125.130.0-255,5738,384578,94,385149
38177,0.068095,172.31.47.0-255,66,384644,94,385149
38178,0.070348,74.125.130.0-255,268,384912,94,385149
38179,0.070765,172.31.47.0-255,66,384978,94,385149
38180,0.070803,172.31.47.0-255,105,385083,94,385149
38181,0.073042,74.125.130.0-255,66,385149,94,385149
38182,0.0,74.125.24.0-255,153,153,94,309691
38183,3e-05,172.31.47.0-255,66,219,94,309691
38184,3.7e-05,74.125.24.0-255,1484,1703,94,309691
38185,4.1e-05,172.31.47.0-255,66,1769,94,309691
38186,4.5e-05,74.125.24.0-255,2902,4671,94,309691
38187,5.4e-05,172.31.47.0-255,66,4737,94,309691
38188,6.1e-05,74.125.24.0-255,7156,11893,94,309691
38189,6.3e-05,172.31.47.0-255,66,11959,94,309691
38190,8.3e-05,74.125.24.0-255,2102,14061,94,309691
38191,8.9e-05,172.31.47.0-255,66,14127,94,309691
38192,0.000112,74.125.24.0-255,2902,17029,94,309691
38193,0.000114,172.31.47.0-255,66,17095,94,309691
38194,0.000121,74.125.24.0-255,7156,24251,94,309691
38195,0.000123,172.31.47.0-255,66,24317,94,309691
38196,0.000147,74.125.24.0-255,2902,27219,94,309691
38197,0.000149,172.31.47.0-255,66,27285,94,309691
38198,0.000168,74.125.24.0-255,3961,31246,94,309691
38199,0.000171,172.31.47.0-255,66,31312,94,309691
38200,0.000217,74.125.24.0-255,1484,32796,94,309691
38201,0.000221,172.31.47.0-255,66,32862,94,309691
38202,0.000241,74.125.24.0-255,2902,35764,94,309691
38203,0.000244,172.31.47.0-255,66,35830,94,309691
38204,0.000251,74.125.24.0-255,5738,41568,94,309691
38205,0.000252,172.31.47.0-255,66,41634,94,309691
38206,0.000255,74.125.24.0-255,1484,43118,94,309691
38207,0.000263,172.31.47.0-255,66,43184,94,309691
38208,0.000298,74.125.24.0-255,5379,48563,94,309691
38209,0.000301,172.31.47.0-255,66,48629,94,309691
38210,0.000445,74.125.24.0-255,1484,50113,94,309691
38211,0.000448,172.31.47.0-255,66,50179,94,309691
38212,0.000478,74.125.24.0-255,2902,53081,94,309691
38213,0.00048,172.31.47.0-255,66,53147,94,309691
38214,0.000486,74.125.24.0-255,5738,58885,94,309691
38215,0.000488,172.31.47.0-255,66,58951,94,309691
38216,0.000492,74.125.24.0-255,2902,61853,94,309691
38217,0.000498,172.31.47.0-255,66,61919,94,309691
38218,0.000526,74.125.24.0-255,4290,66209,94,309691
38219,0.000529,172.31.47.0-255,66,66275,94,309691
38220,0.000575,74.125.24.0-255,1484,67759,94,309691
38221,0.000578,172.31.47.0-255,66,67825,94,309691
38222,0.000582,74.125.24.0-255,2902,70727,94,309691
38223,0.000584,172.31.47.0-255,66,70793,94,309691
38224,0.000602,74.125.24.0-255,2902,73695,94,309691
38225,0.000604,172.31.47.0-255,66,73761,94,309691
38226,0.000625,74.125.24.0-255,2902,76663,94,309691
38227,0.000627,172.31.47.0-255,66,76729,94,309691
38228,0.000657,74.125.24.0-255,7078,83807,94,309691
38229,0.000662,172.31.47.0-255,66,83873,94,309691
38230,0.000721,74.125.24.0-255,1484,85357,94,309691
38231,0.000724,172.31.47.0-255,66,85423,94,309691
38232,0.000729,74.125.24.0-255,2902,88325,94,309691
38233,0.000731,172.31.47.0-255,66,88391,94,309691
38234,0.00076,74.125.24.0-255,5738,94129,94,309691
38235,0.000763,172.31.47.0-255,66,94195,94,309691
38236,0.000766,74.125.24.0-255,1484,95679,94,309691
38237,0.000768,172.31.47.0-255,66,95745,94,309691
38238,0.000808,172.31.47.0-255,66,95811,94,309691
38239,0.000813,74.125.24.0-255,4320,100131,94,309691
38240,0.000815,172.31.47.0-255,66,100197,94,309691
38241,0.000842,74.125.24.0-255,5890,106087,94,309691
38242,0.000844,172.31.47.0-255,66,106153,94,309691
38243,0.000872,74.125.24.0-255,2902,109055,94,309691
38244,0.000875,172.31.47.0-255,66,109121,94,309691
38245,0.000909,172.31.47.0-255,66,109187,94,309691
38246,0.000914,74.125.24.0-255,5379,114566,94,309691
38247,0.000916,172.31.47.0-255,66,114632,94,309691
38248,0.001238,74.125.24.0-255,1484,116116,94,309691
38249,0.001242,172.31.47.0-255,66,116182,94,309691
38250,0.001266,74.125.24.0-255,2902,119084,94,309691
38251,0.001268,172.31.47.0-255,66,119150,94,309691
38252,0.001293,74.125.24.0-255,2902,122052,94,309691
38253,0.001295,172.31.47.0-255,66,122118,94,309691
38254,0.001301,74.125.24.0-255,7156,129274,94,309691
38255,0.001303,172.31.47.0-255,66,129340,94,309691
38256,0.001338,172.31.47.0-255,66,129406,94,309691
38257,0.001363,74.125.24.0-255,5738,135144,94,309691
38258,0.001366,172.31.47.0-255,66,135210,94,309691
38259,0.001371,74.125.24.0-255,3602,138812,94,309691
38260,0.001373,172.31.47.0-255,66,138878,94,309691
38261,0.001493,74.125.24.0-255,1484,140362,94,309691
38262,0.001497,172.31.47.0-255,66,140428,94,309691
38263,0.001501,74.125.24.0-255,1484,141912,94,309691
38264,0.001502,172.31.47.0-255,66,141978,94,309691
38265,0.001538,74.125.24.0-255,1484,143462,94,309691
38266,0.001541,172.31.47.0-255,66,143528,94,309691
38267,0.001548,74.125.24.0-255,5738,149266,94,309691
38268,0.001549,172.31.47.0-255,66,149332,94,309691
38269,0.001559,74.125.24.0-255,5738,155070,94,309691
38270,0.001561,172.31.47.0-255,66,155136,94,309691
38271,0.001586,74.125.24.0-255,1125,156261,94,309691
38272,0.001694,74.125.24.0-255,1484,157745,94,309691
38273,0.001698,74.125.24.0-255,1484,159229,94,309691
38274,0.001712,74.125.24.0-255,1484,160713,94,309691
38275,0.001715,74.125.24.0-255,1484,162197,94,309691
38276,0.001736,74.125.24.0-255,4320,166517,94,309691
38277,0.001741,74.125.24.0-255,4320,170837,94,309691
38278,0.001788,74.125.24.0-255,4320,175157,94,309691
38279,0.00184,74.125.24.0-255,2902,178059,94,309691
38280,0.001864,74.125.24.0-255,2902,180961,94,309691
38281,0.001923,74.125.24.0-255,5738,186699,94,309691
38282,0.001934,74.125.24.0-255,5738,192437,94,309691
38283,0.001958,74.125.24.0-255,3961,196398,94,309691
38284,0.002294,74.125.24.0-255,1484,197882,94,309691
38285,0.002311,74.125.24.0-255,2902,200784,94,309691
38286,0.002319,74.125.24.0-255,1484,202268,94,309691
38287,0.00417,172.31.47.0-255,66,202334,94,309691
38288,0.006463,74.125.24.0-255,5738,208072,94,309691
38289,0.006469,172.31.47.0-255,66,208138,94,309691
38290,0.008725,74.125.24.0-255,5738,213876,94,309691
38291,0.008731,172.31.47.0-255,66,213942,94,309691
38292,0.011146,74.125.24.0-255,5738,219680,94,309691
38293,0.011153,172.31.47.0-255,66,219746,94,309691
38294,0.013428,74.125.24.0-255,5738,225484,94,309691
38295,0.013433,172.31.47.0-255,66,225550,94,309691
38296,0.015713,74.125.24.0-255,5738,231288,94,309691
38297,0.01572,172.31.47.0-255,66,231354,94,309691
38298,0.017998,74.125.24.0-255,5738,237092,94,309691
38299,0.018006,172.31.47.0-255,66,237158,94,309691
38300,0.020281,74.125.24.0-255,4320,241478,94,309691
38301,0.020288,172.31.47.0-255,66,241544,94,309691
38302,0.020323,74.125.24.0-255,1484,243028,94,309691
38303,0.02256,74.125.24.0-255,4320,247348,94,309691
38304,0.022566,172.31.47.0-255,66,247414,94,309691
38305,0.024842,74.125.24.0-255,4320,251734,94,309691
38306,0.024848,172.31.47.0-255,66,251800,94,309691
38307,0.024877,74.125.24.0-255,1484,253284,94,309691
38308,0.027164,74.125.24.0-255,4320,257604,94,309691
38309,0.027169,172.31.47.0-255,66,257670,94,309691
38310,0.029445,74.125.24.0-255,4320,261990,94,309691
38311,0.029451,172.31.47.0-255,66,262056,94,309691
38312,0.029478,74.125.24.0-255,1484,263540,94,309691
38313,0.031727,74.125.24.0-255,4320,267860,94,309691
38314,0.031733,172.31.47.0-255,66,267926,94,309691
38315,0.034031,74.125.24.0-255,2902,270828,94,309691
38316,0.034041,172.31.47.0-255,66,270894,94,309691
38317,0.034082,74.125.24.0-255,2902,273796,94,309691
38318,0.034112,172.31.47.0-255,66,273862,94,309691
38319,0.036326,74.125.24.0-255,1484,275346,94,309691
38320,0.036333,172.31.47.0-255,66,275412,94,309691
38321,0.036368,74.125.24.0-255,1484,276896,94,309691
38322,0.036382,74.125.24.0-255,2902,279798,94,309691
38323,0.036401,172.31.47.0-255,66,279864,94,309691
38324,0.038154,172.31.47.0-255,176,280040,94,309691
38325,0.038183,172.31.47.0-255,1071,281111,94,309691
38326,0.038609,74.125.24.0-255,1484,282595,94,309691
38327,0.038676,74.125.24.0-255,4320,286915,94,309691
38328,0.038683,172.31.47.0-255,66,286981,94,309691
38329,0.039725,104.244.42.0-255,66,287047,94,309691
38330,0.039744,104.244.42.0-255,66,287113,94,309691
38331,0.040953,74.125.24.0-255,5738,292851,94,309691
38332,0.040959,172.31.47.0-255,66,292917,94,309691
38333,0.043255,74.125.24.0-255,5738,298655,94,309691
38334,0.04326,172.31.47.0-255,66,298721,94,309691
38335,0.045556,74.125.24.0-255,5738,304459,94,309691
38336,0.04556,172.31.47.0-255,66,304525,94,309691
38337,0.047843,74.125.24.0-255,4929,309454,94,309691
38338,0.04785,172.31.47.0-255,66,309520,94,309691
38339,0.048536,172.31.47.0-255,105,309625,94,309691
38340,0.050802,74.125.24.0-255,66,309691,94,309691
38341,0.0,74.125.68.0-255,153,153,94,360315
38342,2.3e-05,172.31.47.0-255,66,219,94,360315
38343,3e-05,74.125.68.0-255,1484,1703,94,360315
38344,3.4e-05,172.31.47.0-255,66,1769,94,360315
38345,4e-05,74.125.68.0-255,2902,4671,94,360315
38346,4.2e-05,172.31.47.0-255,66,4737,94,360315
38347,5.1e-05,74.125.68.0-255,7156,11893,94,360315
38348,5.5e-05,172.31.47.0-255,66,11959,94,360315
38349,6e-05,74.125.68.0-255,1950,13909,94,360315
38350,6.3e-05,172.31.47.0-255,66,13975,94,360315
38351,6.8e-05,74.125.68.0-255,2902,16877,94,360315
38352,7.1e-05,172.31.47.0-255,66,16943,94,360315
38353,9.6e-05,74.125.68.0-255,7156,24099,94,360315
38354,9.9e-05,172.31.47.0-255,66,24165,94,360315
38355,0.000105,74.125.68.0-255,4320,28485,94,360315
38356,0.000107,172.31.47.0-255,66,28551,94,360315
38357,0.000152,74.125.68.0-255,2543,31094,94,360315
38358,0.000155,172.31.47.0-255,66,31160,94,360315
38359,0.00024,74.125.68.0-255,1484,32644,94,360315
38360,0.000244,172.31.47.0-255,66,32710,94,360315
38361,0.000265,74.125.68.0-255,2902,35612,94,360315
38362,0.000268,172.31.47.0-255,66,35678,94,360315
38363,0.000273,74.125.68.0-255,4320,39998,94,360315
38364,0.000276,172.31.47.0-255,66,40064,94,360315
38365,0.000297,74.125.68.0-255,1484,41548,94,360315
38366,0.000299,172.31.47.0-255,66,41614,94,360315
38367,0.000323,172.31.47.0-255,66,41680,94,360315
38368,0.000329,74.125.68.0-255,4320,46000,94,360315
38369,0.000332,172.31.47.0-255,66,46066,94,360315
38370,0.000378,172.31.47.0-255,66,46132,94,360315
38371,0.000397,74.125.68.0-255,1432,47564,94,360315
38372,0.000401,74.125.68.0-255,380,47944,94,360315
38373,0.000403,172.31.47.0-255,66,48010,94,360315
38374,0.000621,74.125.68.0-255,1484,49494,94,360315
38375,0.000628,74.125.68.0-255,2902,52396,94,360315
38376,0.000632,172.31.47.0-255,66,52462,94,360315
38377,0.000654,74.125.68.0-255,5738,58200,94,360315
38378,0.000657,172.31.47.0-255,66,58266,94,360315
38379,0.000678,74.125.68.0-255,5738,64004,94,360315
38380,0.000681,172.31.47.0-255,66,64070,94,360315
38381,0.000699,74.125.68.0-255,1484,65554,94,360315
38382,0.000712,172.31.47.0-255,66,65620,94,360315
38383,0.000738,172.31.47.0-255,66,65686,94,360315
38384,0.000971,74.125.68.0-255,1484,67170,94,360315
38385,0.000976,74.125.68.0-255,2902,70072,94,360315
38386,0.000981,172.31.47.0-255,66,70138,94,360315
38387,0.001003,74.125.68.0-255,5738,75876,94,360315
38388,0.001005,172.31.47.0-255,66,75942,94,360315
38389,0.001033,74.125.68.0-255,7156,83098,94,360315
38390,0.001037,172.31.47.0-255,66,83164,94,360315
38391,0.001043,74.125.68.0-255,4320,87484,94,360315
38392,0.001045,172.31.47.0-255,66,87550,94,360315
38393,0.001069,74.125.68.0-255,4320,91870,94,360315
38394,0.001072,172.31.47.0-255,66,91936,94,360315
38395,0.001078,74.125.68.0-255,5738,97674,94,360315
38396,0.00108,172.31.47.0-255,66,97740,94,360315
38397,0.001094,74.125.68.0-255,2184,99924,94,360315
38398,0.001096,172.31.47.0-255,66,99990,94,360315
38399,0.001425,74.125.68.0-255,1484,101474,94,360315
38400,0.001439,74.125.68.0-255,2902,104376,94,360315
38401,0.001442,172.31.47.0-255,66,104442,94,360315
38402,0.001459,74.125.68.0-255,4320,108762,94,360315
38403,0.001461,172.31.47.0-255,66,108828,94,360315
38404,0.001488,74.125.68.0-255,1484,110312,94,360315
38405,0.001498,172.31.47.0-255,66,110378,94,360315
38406,0.001503,74.125.68.0-255,4320,114698,94,360315
38407,0.001505,172.31.47.0-255,66,114764,94,360315
38408,0.001521,74.125.68.0-255,5738,120502,94,360315
38409,0.001523,172.31.47.0-255,66,120568,94,360315
38410,0.001529,74.125.68.0-255,5020,125588,94,360315
38411,0.00153,172.31.47.0-255,66,125654,94,360315
38412,0.001577,74.125.68.0-255,1484,127138,94,360315
38413,0.001589,74.125.68.0-255,2902,130040,94,360315
38414,0.001591,172.31.47.0-255,66,130106,94,360315
38415,0.001604,74.125.68.0-255,2902,133008,94,360315
38416,0.001606,172.31.47.0-255,66,133074,94,360315
38417,0.001621,74.125.68.0-255,2902,135976,94,360315
38418,0.001623,172.31.47.0-255,66,136042,94,360315
38419,0.001625,74.125.68.0-255,1484,137526,94,360315
38420,0.001649,74.125.68.0-255,5738,143264,94,360315
38421,0.001651,172.31.47.0-255,66,143330,94,360315
38422,0.00166,172.31.47.0-255,66,143396,94,360315
38423,0.001703,172.31.47.0-255,66,143462,94,360315
38424,0.001781,74.125.68.0-255,1484,144946,94,360315
38425,0.001794,74.125.68.0-255,2902,147848,94,360315
38426,0.001797,172.31.47.0-255,66,147914,94,360315
38427,0.001829,74.125.68.0-255,5738,153652,94,360315
38428,0.001832,172.31.47.0-255,66,153718,94,360315
38429,0.001839,74.125.68.0-255,7156,160874,94,360315
38430,0.001841,172.31.47.0-255,66,160940,94,360315
38431,0.001857,74.125.68.0-255,5738,166678,94,360315
38432,0.001859,172.31.47.0-255,66,166744,94,360315
38433,0.001873,74.125.68.0-255,2902,169646,94,360315
38434,0.001876,172.31.47.0-255,66,169712,94,360315
38435,0.00188,74.125.68.0-255,2902,172614,94,360315
38436,0.001881,172.31.47.0-255,66,172680,94,360315
38437,0.001906,74.125.68.0-255,5020,177700,94,360315
38438,0.001908,172.31.47.0-255,66,177766,94,360315
38439,0.003902,74.125.68.0-255,5738,183504,94,360315
38440,0.003908,172.31.47.0-255,66,183570,94,360315
38441,0.005899,74.125.68.0-255,5738,189308,94,360315
38442,0.005903,172.31.47.0-255,66,189374,94,360315
38443,0.007897,74.125.68.0-255,5738,195112,94,360315
38444,0.007903,172.31.47.0-255,66,195178,94,360315
38445,0.009896,74.125.68.0-255,5738,200916,94,360315
38446,0.009904,172.31.47.0-255,66,200982,94,360315
38447,0.011889,74.125.68.0-255,5738,206720,94,360315
38448,0.011896,172.31.47.0-255,66,206786,94,360315
38449,0.013897,74.125.68.0-255,5738,212524,94,360315
38450,0.013913,172.31.47.0-255,66,212590,94,360315
38451,0.015907,74.125.68.0-255,5738,218328,94,360315
38452,0.015917,172.31.47.0-255,66,218394,94,360315
38453,0.017908,74.125.68.0-255,5738,224132,94,360315
38454,0.017916,172.31.47.0-255,66,224198,94,360315
38455,0.019947,74.125.68.0-255,5738,229936,94,360315
38456,0.019954,172.31.47.0-255,66,230002,94,360315
38457,0.02194,74.125.68.0-255,5738,235740,94,360315
38458,0.021947,172.31.47.0-255,66,235806,94,360315
38459,0.023945,74.125.68.0-255,5738,241544,94,360315
38460,0.023951,172.31.47.0-255,66,241610,94,360315
38461,0.025938,74.125.68.0-255,2902,244512,94,360315
38462,0.025944,172.31.47.0-255,66,244578,94,360315
38463,0.025963,74.125.68.0-255,2902,247480,94,360315
38464,0.025966,172.31.47.0-255,66,247546,94,360315
38465,0.026752,172.31.47.0-255,172,247718,94,360315
38466,0.026781,172.31.47.0-255,1116,248834,94,360315
38467,0.026837,172.31.47.0-255,1514,250348,94,360315
38468,0.026839,172.31.47.0-255,1290,251638,94,360315
38469,0.027931,74.125.68.0-255,2902,254540,94,360315
38470,0.027938,172.31.47.0-255,66,254606,94,360315
38471,0.027957,74.125.68.0-255,2902,257508,94,360315
38472,0.02796,172.31.47.0-255,66,257574,94,360315
38473,0.028264,104.244.42.0-255,66,257640,94,360315
38474,0.028324,104.244.42.0-255,66,257706,94,360315
38475,0.02841,104.244.42.0-255,66,257772,94,360315
38476,0.029222,104.244.42.0-255,108,257880,94,360315
38477,0.029227,172.31.47.0-255,66,257946,94,360315
38478,0.02993,74.125.68.0-255,5738,263684,94,360315
38479,0.029934,172.31.47.0-255,66,263750,94,360315
38480,0.03193,74.125.68.0-255,5738,269488,94,360315
38481,0.031937,172.31.47.0-255,66,269554,94,360315
38482,0.033933,74.125.68.0-255,5738,275292,94,360315
38483,0.033938,172.31.47.0-255,66,275358,94,360315
38484,0.035936,74.125.68.0-255,5738,281096,94,360315
38485,0.035941,172.31.47.0-255,66,281162,94,360315
38486,0.037931,74.125.68.0-255,5738,286900,94,360315
38487,0.037938,172.31.47.0-255,66,286966,94,360315
38488,0.039932,74.125.68.0-255,5738,292704,94,360315
38489,0.039938,172.31.47.0-255,66,292770,94,360315
38490,0.041929,74.125.68.0-255,5738,298508,94,360315
38491,0.041936,172.31.47.0-255,66,298574,94,360315
38492,0.043921,74.125.68.0-255,5738,304312,94,360315
38493,0.043928,172.31.47.0-255,66,304378,94,360315
38494,0.045927,74.125.68.0-255,5738,310116,94,360315
38495,0.045933,172.31.47.0-255,66,310182,94,360315
38496,0.047931,74.125.68.0-255,5738,315920,94,360315
38497,0.047939,172.31.47.0-255,66,315986,94,360315
38498,0.049932,74.125.68.0-255,5738,321724,94,360315
38499,0.049939,172.31.47.0-255,66,321790,94,360315
38500,0.051933,74.125.68.0-255,5738,327528,94,360315
38501,0.051938,172.31.47.0-255,66,327594,94,360315
38502,0.053931,74.125.68.0-255,5738,333332,94,360315
38503,0.053935,172.31.47.0-255,66,333398,94,360315
38504,0.055973,74.125.68.0-255,5738,339136,94,360315
38505,0.05598,172.31.47.0-255,66,339202,94,360315
38506,0.057969,74.125.68.0-255,5738,344940,94,360315
38507,0.057975,172.31.47.0-255,66,345006,94,360315
38508,0.059968,74.125.68.0-255,5738,350744,94,360315
38509,0.059974,172.31.47.0-255,66,350810,94,360315
38510,0.061969,74.125.68.0-255,5738,356548,94,360315
38511,0.061976,172.31.47.0-255,66,356614,94,360315
38512,0.063973,74.125.68.0-255,3464,360078,94,360315
38513,0.063981,172.31.47.0-255,66,360144,94,360315
38514,0.064144,172.31.47.0-255,105,360249,94,360315
38515,0.066112,74.125.68.0-255,66,360315,94,360315
38516,0.0,31.13.82.0-255,105,105,94,171
38517,2.1e-05,172.31.47.0-255,66,171,94,171
38518,0.0,74.125.24.0-255,146,146,94,269433
38519,2.6e-05,172.31.47.0-255,66,212,94,269433
38520,3.2e-05,74.125.24.0-255,1484,1696,94,269433
38521,3.5e-05,172.31.47.0-255,66,1762,94,269433
38522,3.9e-05,74.125.24.0-255,2902,4664,94,269433
38523,4.1e-05,172.31.47.0-255,66,4730,94,269433
38524,5.7e-05,74.125.24.0-255,7156,11886,94,269433
38525,6.1e-05,172.31.47.0-255,66,11952,94,269433
38526,8.5e-05,74.125.24.0-255,2164,14116,94,269433
38527,8.7e-05,172.31.47.0-255,66,14182,94,269433
38528,0.000109,74.125.24.0-255,2902,17084,94,269433
38529,0.000111,172.31.47.0-255,66,17150,94,269433
38530,0.00014,74.125.24.0-255,7156,24306,94,269433
38531,0.000142,172.31.47.0-255,66,24372,94,269433
38532,0.000177,74.125.24.0-255,2902,27274,94,269433
38533,0.000179,172.31.47.0-255,66,27340,94,269433
38534,0.000202,74.125.24.0-255,3961,31301,94,269433
38535,0.000204,172.31.47.0-255,66,31367,94,269433
38536,0.000257,74.125.24.0-255,1484,32851,94,269433
38537,0.000259,172.31.47.0-255,66,32917,94,269433
38538,0.000262,74.125.24.0-255,1484,34401,94,269433
38539,0.000264,172.31.47.0-255,66,34467,94,269433
38540,0.000289,74.125.24.0-255,1484,35951,94,269433
38541,0.000292,172.31.47.0-255,66,36017,94,269433
38542,0.000296,74.125.24.0-255,2902,38919,94,269433
38543,0.000297,172.31.47.0-255,66,38985,94,269433
38544,0.000304,74.125.24.0-255,7156,46141,94,269433
38545,0.000305,172.31.47.0-255,66,46207,94,269433
38546,0.000344,172.31.47.0-255,66,46273,94,269433
38547,0.000369,74.125.24.0-255,2543,48816,94,269433
38548,0.00037,172.31.47.0-255,66,48882,94,269433
38549,0.000374,74.125.24.0-255,2543,51425,94,269433
38550,0.000375,172.31.47.0-255,66,51491,94,269433
38551,0.000377,74.125.24.0-255,365,51856,94,269433
38552,0.000393,74.125.24.0-255,411,52267,94,269433
38553,0.000811,74.125.24.0-255,1484,53751,94,269433
38554,0.000815,172.31.47.0-255,66,53817,94,269433
38555,0.000818,74.125.24.0-255,1484,55301,94,269433
38556,0.000839,74.125.24.0-255,1484,56785,94,269433
38557,0.000841,172.31.47.0-255,66,56851,94,269433
38558,0.000847,74.125.24.0-255,5738,62589,94,269433
38559,0.000848,172.31.47.0-255,66,62655,94,269433
38560,0.000856,74.125.24.0-255,4320,66975,94,269433
38561,0.000858,172.31.47.0-255,66,67041,94,269433
38562,0.000894,74.125.24.0-255,4320,71361,94,269433
38563,0.000898,172.31.47.0-255,66,71427,94,269433
38564,0.0009,172.31.47.0-255,66,71493,94,269433
38565,0.000916,74.125.24.0-255,3602,75095,94,269433
38566,0.000918,172.31.47.0-255,66,75161,94,269433
38567,0.00116,74.125.24.0-255,1484,76645,94,269433
38568,0.001165,74.125.24.0-255,2902,79547,94,269433
38569,0.001167,172.31.47.0-255,66,79613,94,269433
38570,0.001173,74.125.24.0-255,5738,85351,94,269433
38571,0.001174,172.31.47.0-255,66,85417,94,269433
38572,0.001207,172.31.47.0-255,66,85483,94,269433
38573,0.001235,74.125.24.0-255,4320,89803,94,269433
38574,0.001237,172.31.47.0-255,66,89869,94,269433
38575,0.001246,172.31.47.0-255,66,89935,94,269433
38576,0.001248,74.125.24.0-255,766,90701,94,269433
38577,0.001304,74.125.24.0-255,1484,92185,94,269433
38578,0.001306,172.31.47.0-255,66,92251,94,269433
38579,0.001317,74.125.24.0-255,2902,95153,94,269433
38580,0.001322,172.31.47.0-255,66,95219,94,269433
38581,0.001347,74.125.24.0-255,5738,100957,94,269433
38582,0.001373,74.125.24.0-255,2902,103859,94,269433
38583,0.001376,172.31.47.0-255,66,103925,94,269433
38584,0.001379,172.31.47.0-255,66,103991,94,269433
38585,0.001397,172.31.47.0-255,66,104057,94,269433
38586,0.001405,74.125.24.0-255,7156,111213,94,269433
38587,0.001407,172.31.47.0-255,66,111279,94,269433
38588,0.001409,74.125.24.0-255,1484,112763,94,269433
38589,0.001433,74.125.24.0-255,2184,114947,94,269433
38590,0.001436,172.31.47.0-255,66,115013,94,269433
38591,0.00146,74.125.24.0-255,1484,116497,94,269433
38592,0.001471,74.125.24.0-255,2902,119399,94,269433
38593,0.001473,172.31.47.0-255,66,119465,94,269433
38594,0.001477,74.125.24.0-255,2902,122367,94,269433
38595,0.001479,172.31.47.0-255,66,122433,94,269433
38596,0.001497,74.125.24.0-255,2902,125335,94,269433
38597,0.001499,172.31.47.0-255,66,125401,94,269433
38598,0.001505,74.125.24.0-255,1484,126885,94,269433
38599,0.001522,74.125.24.0-255,4320,131205,94,269433
38600,0.001524,172.31.47.0-255,66,131271,94,269433
38601,0.001545,74.125.24.0-255,7156,138427,94,269433
38602,0.001547,172.31.47.0-255,66,138493,94,269433
38603,0.001554,74.125.24.0-255,7156,145649,94,269433
38604,0.001555,172.31.47.0-255,66,145715,94,269433
38605,0.001585,74.125.24.0-255,3602,149317,94,269433
38606,0.001587,172.31.47.0-255,66,149383,94,269433
38607,0.001812,74.125.24.0-255,1484,150867,94,269433
38608,0.001817,74.125.24.0-255,2902,153769,94,269433
38609,0.001819,172.31.47.0-255,66,153835,94,269433
38610,0.001843,74.125.24.0-255,5738,159573,94,269433
38611,0.001845,172.31.47.0-255,66,159639,94,269433
38612,0.00186,74.125.24.0-255,1484,161123,94,269433
38613,0.001873,74.125.24.0-255,5738,166861,94,269433
38614,0.001876,172.31.47.0-255,66,166927,94,269433
38615,0.001889,74.125.24.0-255,5738,172665,94,269433
38616,0.001894,172.31.47.0-255,66,172731,94,269433
38617,0.001899,74.125.24.0-255,5738,178469,94,269433
38618,0.0019,172.31.47.0-255,66,178535,94,269433
38619,0.001929,74.125.24.0-255,5020,183555,94,269433
38620,0.001931,172.31.47.0-255,66,183621,94,269433
38621,0.001941,172.31.47.0-255,66,183687,94,269433
38622,0.00199,172.31.47.0-255,66,183753,94,269433
38623,0.001996,74.125.24.0-255,7156,190909,94,269433
38624,0.001998,172.31.47.0-255,66,190975,94,269433
38625,0.002015,74.125.24.0-255,2184,193159,94,269433
38626,0.002017,172.31.47.0-255,66,193225,94,269433
38627,0.002058,74.125.24.0-255,1484,194709,94,269433
38628,0.002061,74.125.24.0-255,1484,196193,94,269433
38629,0.002063,172.31.47.0-255,66,196259,94,269433
38630,0.002085,74.125.24.0-255,1484,197743,94,269433
38631,0.00209,74.125.24.0-255,5738,203481,94,269433
38632,0.002092,172.31.47.0-255,66,203547,94,269433
38633,0.002096,74.125.24.0-255,4320,207867,94,269433
38634,0.002098,172.31.47.0-255,66,207933,94,269433
38635,0.002102,74.125.24.0-255,4320,212253,94,269433
38636,0.002103,172.31.47.0-255,66,212319,94,269433
38637,0.002125,74.125.24.0-255,7156,219475,94,269433
38638,0.002127,172.31.47.0-255,66,219541,94,269433
38639,0.002144,74.125.24.0-255,2902,222443,94,269433
38640,0.002145,172.31.47.0-255,66,222509,94,269433
38641,0.002164,74.125.24.0-255,5020,227529,94,269433
38642,0.002166,172.31.47.0-255,66,227595,94,269433
38643,0.002225,74.125.24.0-255,1484,229079,94,269433
38644,0.002242,74.125.24.0-255,2902,231981,94,269433
38645,0.002245,172.31.47.0-255,66,232047,94,269433
38646,0.002251,74.125.24.0-255,5738,237785,94,269433
38647,0.002252,172.31.47.0-255,66,237851,94,269433
38648,0.002297,172.31.47.0-255,66,237917,94,269433
38649,0.002324,74.125.24.0-255,5738,243655,94,269433
38650,0.002325,172.31.47.0-255,66,243721,94,269433
38651,0.002363,74.125.24.0-255,5020,248741,94,269433
38652,0.002376,74.125.24.0-255,7156,255897,94,269433
38653,0.00238,172.31.47.0-255,66,255963,94,269433
38654,0.002389,74.125.24.0-255,2902,258865,94,269433
38655,0.002407,172.31.47.0-255,66,258931,94,269433
38656,0.002438,172.31.47.0-255,66,258997,94,269433
38657,0.002467,74.125.24.0-255,5738,264735,94,269433
38658,0.002475,172.31.47.0-255,66,264801,94,269433
38659,0.002511,74.125.24.0-255,105,264906,94,269433
38660,0.002526,172.31.47.0-255,66,264972,94,269433
38661,0.003758,172.31.47.0-255,105,265077,94,269433
38662,0.006258,74.125.24.0-255,66,265143,94,269433
38663,0.030978,172.31.47.0-255,172,265315,94,269433
38664,0.031009,172.31.47.0-255,1116,266431,94,269433
38665,0.031064,172.31.47.0-255,1514,267945,94,269433
38666,0.031085,172.31.47.0-255,1290,269235,94,269433
38667,0.032455,104.244.42.0-255,66,269301,94,269433
38668,0.032484,104.244.42.0-255,66,269367,94,269433
38669,0.03257,104.244.42.0-255,66,269433,94,269433
38670,0.0,172.217.194.0-255,153,153,94,247263
38671,2.7e-05,172.31.47.0-255,66,219,94,247263
38672,3.3e-05,172.217.194.0-255,1484,1703,94,247263
38673,3.7e-05,172.31.47.0-255,66,1769,94,247263
38674,4.2e-05,172.217.194.0-255,2902,4671,94,247263
38675,4.5e-05,172.31.47.0-255,66,4737,94,247263
38676,5.2e-05,172.217.194.0-255,7156,11893,94,247263
38677,5.6e-05,172.31.47.0-255,66,11959,94,247263
38678,9.2e-05,172.217.194.0-255,2156,14115,94,247263
38679,9.5e-05,172.31.47.0-255,66,14181,94,247263
38680,0.000188,172.217.194.0-255,1484,15665,94,247263
38681,0.000193,172.31.47.0-255,66,15731,94,247263
38682,0.000199,172.217.194.0-255,2902,18633,94,247263
38683,0.000201,172.31.47.0-255,66,18699,94,247263
38684,0.000219,172.217.194.0-255,4320,23019,94,247263
38685,0.000221,172.31.47.0-255,66,23085,94,247263
38686,0.000239,172.217.194.0-255,1484,24569,94,247263
38687,0.000241,172.31.47.0-255,66,24635,94,247263
38688,0.000248,172.217.194.0-255,5738,30373,94,247263
38689,0.00025,172.31.47.0-255,66,30439,94,247263
38690,0.000264,172.217.194.0-255,1125,31564,94,247263
38691,0.000266,172.31.47.0-255,66,31630,94,247263
38692,0.000273,172.217.194.0-255,7156,38786,94,247263
38693,0.000276,172.31.47.0-255,66,38852,94,247263
38694,0.000278,172.217.194.0-255,1484,40336,94,247263
38695,0.000281,172.31.47.0-255,66,40402,94,247263
38696,0.000307,172.31.47.0-255,66,40468,94,247263
38697,0.001296,172.217.194.0-255,1484,41952,94,247263
38698,0.001302,172.31.47.0-255,66,42018,94,247263
38699,0.001309,172.217.194.0-255,1484,43502,94,247263
38700,0.001311,172.31.47.0-255,66,43568,94,247263
38701,0.001322,172.217.194.0-255,1484,45052,94,247263
38702,0.001323,172.31.47.0-255,66,45118,94,247263
38703,0.001329,172.217.194.0-255,5738,50856,94,247263
38704,0.001357,172.217.194.0-255,2902,53758,94,247263
38705,0.001372,172.217.194.0-255,4543,58301,94,247263
38706,0.001376,172.217.194.0-255,4320,62621,94,247263
38707,0.001393,172.217.194.0-255,4320,66941,94,247263
38708,0.001409,172.217.194.0-255,4320,71261,94,247263
38709,0.001454,172.217.194.0-255,2902,74163,94,247263
38710,0.001466,172.217.194.0-255,5020,79183,94,247263
38711,0.001998,172.217.194.0-255,1484,80667,94,247263
38712,0.002002,172.217.194.0-255,2902,83569,94,247263
38713,0.002024,172.217.194.0-255,5738,89307,94,247263
38714,0.002084,172.217.194.0-255,1484,90791,94,247263
38715,0.002096,172.217.194.0-255,7156,97947,94,247263
38716,0.002108,172.217.194.0-255,2184,100131,94,247263
38717,0.002137,172.217.194.0-255,1484,101615,94,247263
38718,0.002146,172.217.194.0-255,2902,104517,94,247263
38719,0.002149,172.217.194.0-255,2902,107419,94,247263
38720,0.002158,172.217.194.0-255,2902,110321,94,247263
38721,0.002167,172.217.194.0-255,1484,111805,94,247263
38722,0.002177,172.217.194.0-255,2902,114707,94,247263
38723,0.002192,172.217.194.0-255,7156,121863,94,247263
38724,0.002203,172.217.194.0-255,1484,123347,94,247263
38725,0.002223,172.217.194.0-255,1484,124831,94,247263
38726,0.002226,172.217.194.0-255,1484,126315,94,247263
38727,0.002235,172.217.194.0-255,1484,127799,94,247263
38728,0.002247,172.217.194.0-255,5738,133537,94,247263
38729,0.002268,172.217.194.0-255,2902,136439,94,247263
38730,0.002296,172.217.194.0-255,1484,137923,94,247263
38731,0.002316,172.217.194.0-255,1484,139407,94,247263
38732,0.00232,172.31.47.0-255,78,139485,94,247263
38733,0.00233,172.31.47.0-255,78,139563,94,247263
38734,0.002349,172.217.194.0-255,766,140329,94,247263
38735,0.002355,172.217.194.0-255,5738,146067,94,247263
38736,0.002365,172.217.194.0-255,4320,150387,94,247263
38737,0.00238,172.217.194.0-255,4320,154707,94,247263
38738,0.002385,172.217.194.0-255,7156,161863,94,247263
38739,0.002399,172.217.194.0-255,1484,163347,94,247263
38740,0.002415,172.217.194.0-255,2902,166249,94,247263
38741,0.002424,172.217.194.0-255,2902,169151,94,247263
38742,0.002436,172.217.194.0-255,2184,171335,94,247263
38743,0.002459,172.217.194.0-255,1484,172819,94,247263
38744,0.002472,172.217.194.0-255,1484,174303,94,247263
38745,0.002482,172.217.194.0-255,1484,175787,94,247263
38746,0.002487,172.217.194.0-255,5738,181525,94,247263
38747,0.002507,172.217.194.0-255,7156,188681,94,247263
38748,0.002513,172.217.194.0-255,1484,190165,94,247263
38749,0.002516,172.217.194.0-255,1484,191649,94,247263
38750,0.002529,172.217.194.0-255,5738,197387,94,247263
38751,0.002535,172.217.194.0-255,5738,203125,94,247263
38752,0.002551,172.217.194.0-255,2184,205309,94,247263
38753,0.002708,172.217.194.0-255,1484,206793,94,247263
38754,0.00271,172.217.194.0-255,1484,208277,94,247263
38755,0.002723,172.217.194.0-255,1484,209761,94,247263
38756,0.002726,172.217.194.0-255,1484,211245,94,247263
38757,0.002738,172.217.194.0-255,4320,215565,94,247263
38758,0.002753,172.217.194.0-255,4320,219885,94,247263
38759,0.002947,172.217.194.0-255,2902,222787,94,247263
38760,0.002985,172.217.194.0-255,1484,224271,94,247263
38761,0.002988,172.217.194.0-255,1484,225755,94,247263
38762,0.003002,172.217.194.0-255,1484,227239,94,247263
38763,0.003005,172.217.194.0-255,1484,228723,94,247263
38764,0.003024,172.217.194.0-255,4320,233043,94,247263
38765,0.00304,172.217.194.0-255,1484,234527,94,247263
38766,0.003087,172.217.194.0-255,3602,238129,94,247263
38767,0.003138,172.217.194.0-255,105,238234,94,247263
38768,0.006049,172.31.47.0-255,66,238300,94,247263
38769,0.007579,172.217.194.0-255,766,239066,94,247263
38770,0.007588,172.31.47.0-255,78,239144,94,247263
38771,0.00851,172.31.47.0-255,105,239249,94,247263
38772,0.010746,172.217.194.0-255,66,239315,94,247263
38773,0.040752,172.31.47.0-255,172,239487,94,247263
38774,0.040781,172.31.47.0-255,1108,240595,94,247263
38775,0.040815,172.31.47.0-255,1514,242109,94,247263
38776,0.040816,172.31.47.0-255,1514,243623,94,247263
38777,0.040817,172.31.47.0-255,1514,245137,94,247263
38778,0.040818,172.31.47.0-255,1514,246651,94,247263
38779,0.040819,172.31.47.0-255,174,246825,94,247263
38780,0.04228,104.244.42.0-255,66,246891,94,247263
38781,0.042355,104.244.42.0-255,66,246957,94,247263
38782,0.042484,104.244.42.0-255,66,247023,94,247263
38783,0.042491,104.244.42.0-255,66,247089,94,247263
38784,0.04297,104.244.42.0-255,108,247197,94,247263
38785,0.04298,172.31.47.0-255,66,247263,94,247263
38786,0.0,74.125.24.0-255,153,153,94,186379
38787,2.9e-05,172.31.47.0-255,66,219,94,186379
38788,3.6e-05,74.125.24.0-255,1484,1703,94,186379
38789,3.9e-05,172.31.47.0-255,66,1769,94,186379
38790,4.3e-05,74.125.24.0-255,2902,4671,94,186379
38791,4.6e-05,172.31.47.0-255,66,4737,94,186379
38792,5.8e-05,74.125.24.0-255,7156,11893,94,186379
38793,6e-05,172.31.47.0-255,66,11959,94,186379
38794,0.000106,172.31.47.0-255,66,12025,94,186379
38795,0.000146,74.125.24.0-255,2543,14568,94,186379
38796,0.00015,172.31.47.0-255,66,14634,94,186379
38797,0.000824,74.125.24.0-255,1484,16118,94,186379
38798,0.000829,172.31.47.0-255,66,16184,94,186379
38799,0.000837,74.125.24.0-255,2902,19086,94,186379
38800,0.00084,172.31.47.0-255,66,19152,94,186379
38801,0.000851,74.125.24.0-255,5738,24890,94,186379
38802,0.000853,172.31.47.0-255,66,24956,94,186379
38803,0.000889,74.125.24.0-255,5738,30694,94,186379
38804,0.000892,172.31.47.0-255,66,30760,94,186379
38805,0.000901,74.125.24.0-255,1125,31885,94,186379
38806,0.000908,172.31.47.0-255,66,31951,94,186379
38807,0.001012,74.125.24.0-255,1484,33435,94,186379
38808,0.001016,172.31.47.0-255,66,33501,94,186379
38809,0.001021,74.125.24.0-255,2902,36403,94,186379
38810,0.001023,172.31.47.0-255,66,36469,94,186379
38811,0.001026,74.125.24.0-255,1484,37953,94,186379
38812,0.001027,172.31.47.0-255,66,38019,94,186379
38813,0.001067,74.125.24.0-255,4320,42339,94,186379
38814,0.00107,172.31.47.0-255,66,42405,94,186379
38815,0.001076,74.125.24.0-255,6797,49202,94,186379
38816,0.001078,172.31.47.0-255,66,49268,94,186379
38817,0.001082,74.125.24.0-255,2902,52170,94,186379
38818,0.001085,172.31.47.0-255,66,52236,94,186379
38819,0.001125,172.31.47.0-255,66,52302,94,186379
38820,0.001137,172.31.47.0-255,66,52368,94,186379
38821,0.001157,74.125.24.0-255,5738,58106,94,186379
38822,0.001159,172.31.47.0-255,66,58172,94,186379
38823,0.001203,172.31.47.0-255,66,58238,94,186379
38824,0.001237,74.125.24.0-255,1484,59722,94,186379
38825,0.001249,74.125.24.0-255,2902,62624,94,186379
38826,0.001251,172.31.47.0-255,66,62690,94,186379
38827,0.001261,74.125.24.0-255,1484,64174,94,186379
38828,0.001276,74.125.24.0-255,4320,68494,94,186379
38829,0.001278,172.31.47.0-255,66,68560,94,186379
38830,0.001308,172.31.47.0-255,66,68626,94,186379
38831,0.001331,74.125.24.0-255,2669,71295,94,186379
38832,0.001333,172.31.47.0-255,66,71361,94,186379
38833,0.001344,172.31.47.0-255,66,71427,94,186379
38834,0.001396,172.31.47.0-255,66,71493,94,186379
38835,0.001432,74.125.24.0-255,1484,72977,94,186379
38836,0.00145,74.125.24.0-255,2902,75879,94,186379
38837,0.001452,172.31.47.0-255,66,75945,94,186379
38838,0.001456,74.125.24.0-255,4320,80265,94,186379
38839,0.001458,172.31.47.0-255,66,80331,94,186379
38840,0.001482,74.125.24.0-255,1484,81815,94,186379
38841,0.001484,74.125.24.0-255,1484,83299,94,186379
38842,0.001487,172.31.47.0-255,66,83365,94,186379
38843,0.001497,172.31.47.0-255,66,83431,94,186379
38844,0.001523,74.125.24.0-255,5738,89169,94,186379
38845,0.001525,172.31.47.0-255,66,89235,94,186379
38846,0.001553,172.31.47.0-255,66,89301,94,186379
38847,0.001576,74.125.24.0-255,1484,90785,94,186379
38848,0.001578,74.125.24.0-255,1484,92269,94,186379
38849,0.00158,172.31.47.0-255,66,92335,94,186379
38850,0.001598,74.125.24.0-255,1484,93819,94,186379
38851,0.001603,74.125.24.0-255,5738,99557,94,186379
38852,0.001605,172.31.47.0-255,66,99623,94,186379
38853,0.001664,172.31.47.0-255,66,99689,94,186379
38854,0.001693,172.31.47.0-255,66,99755,94,186379
38855,0.0018,74.125.24.0-255,1484,101239,94,186379
38856,0.001811,74.125.24.0-255,1484,102723,94,186379
38857,0.001813,172.31.47.0-255,66,102789,94,186379
38858,0.001838,74.125.24.0-255,1484,104273,94,186379
38859,0.001844,74.125.24.0-255,5738,110011,94,186379
38860,0.001846,172.31.47.0-255,66,110077,94,186379
38861,0.001851,74.125.24.0-255,5738,115815,94,186379
38862,0.001853,172.31.47.0-255,66,115881,94,186379
38863,0.001882,74.125.24.0-255,7156,123037,94,186379
38864,0.001885,172.31.47.0-255,66,123103,94,186379
38865,0.001895,172.31.47.0-255,66,123169,94,186379
38866,0.001968,74.125.24.0-255,1484,124653,94,186379
38867,0.001979,74.125.24.0-255,2902,127555,94,186379
38868,0.001981,172.31.47.0-255,66,127621,94,186379
38869,0.002001,74.125.24.0-255,2902,130523,94,186379
38870,0.002004,172.31.47.0-255,66,130589,94,186379
38871,0.002023,74.125.24.0-255,2902,133491,94,186379
38872,0.002025,172.31.47.0-255,66,133557,94,186379
38873,0.002034,172.31.47.0-255,66,133623,94,186379
38874,0.002057,74.125.24.0-255,4320,137943,94,186379
38875,0.002059,172.31.47.0-255,66,138009,94,186379
38876,0.002061,74.125.24.0-255,1484,139493,94,186379
38877,0.002072,172.31.47.0-255,66,139559,94,186379
38878,0.002101,74.125.24.0-255,5020,144579,94,186379
38879,0.002104,172.31.47.0-255,66,144645,94,186379
38880,0.00214,74.125.24.0-255,4320,148965,94,186379
38881,0.00217,74.125.24.0-255,2184,151149,94,186379
38882,0.00218,74.125.24.0-255,4320,155469,94,186379
38883,0.002207,74.125.24.0-255,1484,156953,94,186379
38884,0.002225,74.125.24.0-255,1484,158437,94,186379
38885,0.002262,74.125.24.0-255,6438,164875,94,186379
38886,0.002295,74.125.24.0-255,7156,172031,94,186379
38887,0.002309,74.125.24.0-255,5020,177051,94,186379
38888,0.005567,172.31.47.0-255,66,177117,94,186379
38889,0.007817,74.125.24.0-255,5738,182855,94,186379
38890,0.007824,172.31.47.0-255,66,182921,94,186379
38891,0.010078,74.125.24.0-255,1846,184767,94,186379
38892,0.010084,172.31.47.0-255,66,184833,94,186379
38893,0.012962,172.31.47.0-255,105,184938,94,186379
38894,0.015176,74.125.24.0-255,66,185004,94,186379
38895,0.031803,172.31.47.0-255,172,185176,94,186379
38896,0.031831,172.31.47.0-255,1071,186247,94,186379
38897,0.033372,104.244.42.0-255,66,186313,94,186379
38898,0.033381,104.244.42.0-255,66,186379,94,186379
38899,0.0,172.217.194.0-255,153,153,94,322264
38900,2.2e-05,172.31.47.0-255,66,219,94,322264
38901,3e-05,172.217.194.0-255,1484,1703,94,322264
38902,3.4e-05,172.31.47.0-255,66,1769,94,322264
38903,4.6e-05,172.217.194.0-255,2902,4671,94,322264
38904,4.9e-05,172.31.47.0-255,66,4737,94,322264
38905,5.5e-05,172.217.194.0-255,4320,9057,94,322264
38906,5.7e-05,172.31.47.0-255,66,9123,94,322264
38907,0.000107,172.217.194.0-255,4850,13973,94,322264
38908,0.00011,172.31.47.0-255,66,14039,94,322264
38909,0.000117,172.217.194.0-255,5738,19777,94,322264
38910,0.000119,172.31.47.0-255,66,19843,94,322264
38911,0.000174,172.31.47.0-255,66,19909,94,322264
38912,0.000285,172.217.194.0-255,1484,21393,94,322264
38913,0.000289,172.31.47.0-255,66,21459,94,322264
38914,0.000295,172.217.194.0-255,2902,24361,94,322264
38915,0.000298,172.31.47.0-255,66,24427,94,322264
38916,0.000303,172.217.194.0-255,4320,28747,94,322264
38917,0.00031,172.31.47.0-255,66,28813,94,322264
38918,0.000333,172.217.194.0-255,1484,30297,94,322264
38919,0.000339,172.31.47.0-255,66,30363,94,322264
38920,0.000347,172.217.194.0-255,6797,37160,94,322264
38921,0.00035,172.31.47.0-255,66,37226,94,322264
38922,0.000356,172.217.194.0-255,7156,44382,94,322264
38923,0.000359,172.31.47.0-255,66,44448,94,322264
38924,0.000392,172.31.47.0-255,66,44514,94,322264
38925,0.000416,172.217.194.0-255,361,44875,94,322264
38926,0.000419,172.31.47.0-255,66,44941,94,322264
38927,0.000441,172.217.194.0-255,383,45324,94,322264
38928,0.000444,172.31.47.0-255,66,45390,94,322264
38929,0.000712,172.217.194.0-255,1484,46874,94,322264
38930,0.000716,172.217.194.0-255,1484,48358,94,322264
38931,0.000731,172.31.47.0-255,66,48424,94,322264
38932,0.000736,172.217.194.0-255,1484,49908,94,322264
38933,0.000739,172.217.194.0-255,1484,51392,94,322264
38934,0.00074,172.31.47.0-255,66,51458,94,322264
38935,0.000771,172.217.194.0-255,2902,54360,94,322264
38936,0.000773,172.31.47.0-255,66,54426,94,322264
38937,0.000783,172.31.47.0-255,66,54492,94,322264
38938,0.000792,172.217.194.0-255,2902,57394,94,322264
38939,0.000794,172.31.47.0-255,66,57460,94,322264
38940,0.000844,172.31.47.0-255,66,57526,94,322264
38941,0.001181,172.217.194.0-255,1484,59010,94,322264
38942,0.001207,172.217.194.0-255,2902,61912,94,322264
38943,0.00121,172.31.47.0-255,66,61978,94,322264
38944,0.001217,172.217.194.0-255,5738,67716,94,322264
38945,0.001219,172.31.47.0-255,66,67782,94,322264
38946,0.001229,172.217.194.0-255,4320,72102,94,322264
38947,0.001231,172.31.47.0-255,66,72168,94,322264
38948,0.00128,172.31.47.0-255,66,72234,94,322264
38949,0.001296,172.31.47.0-255,66,72300,94,322264
38950,0.001304,172.217.194.0-255,7156,79456,94,322264
38951,0.001307,172.31.47.0-255,66,79522,94,322264
38952,0.001321,172.217.194.0-255,4320,83842,94,322264
38953,0.001324,172.31.47.0-255,66,83908,94,322264
38954,0.001333,172.217.194.0-255,7156,91064,94,322264
38955,0.001335,172.31.47.0-255,66,91130,94,322264
38956,0.00136,172.217.194.0-255,5738,96868,94,322264
38957,0.00137,172.217.194.0-255,7156,104024,94,322264
38958,0.001375,172.31.47.0-255,66,104090,94,322264
38959,0.001377,172.31.47.0-255,66,104156,94,322264
38960,0.001385,172.217.194.0-255,2184,106340,94,322264
38961,0.001388,172.31.47.0-255,66,106406,94,322264
38962,0.001532,172.217.194.0-255,1484,107890,94,322264
38963,0.001538,172.217.194.0-255,2902,110792,94,322264
38964,0.001541,172.31.47.0-255,66,110858,94,322264
38965,0.001544,172.217.194.0-255,1484,112342,94,322264
38966,0.001571,172.217.194.0-255,4320,116662,94,322264
38967,0.001574,172.31.47.0-255,66,116728,94,322264
38968,0.001586,172.31.47.0-255,66,116794,94,322264
38969,0.001608,172.217.194.0-255,1484,118278,94,322264
38970,0.001652,172.31.47.0-255,66,118344,94,322264
38971,0.001719,172.217.194.0-255,1484,119828,94,322264
38972,0.001724,172.217.194.0-255,2902,122730,94,322264
38973,0.001727,172.31.47.0-255,66,122796,94,322264
38974,0.001754,172.217.194.0-255,5738,128534,94,322264
38975,0.001757,172.31.47.0-255,66,128600,94,322264
38976,0.001764,172.217.194.0-255,7156,135756,94,322264
38977,0.001767,172.31.47.0-255,66,135822,94,322264
38978,0.001804,172.31.47.0-255,66,135888,94,322264
38979,0.001828,172.217.194.0-255,1484,137372,94,322264
38980,0.001832,172.217.194.0-255,2184,139556,94,322264
38981,0.001834,172.31.47.0-255,66,139622,94,322264
38982,0.003828,172.217.194.0-255,1484,141106,94,322264
38983,0.00387,172.217.194.0-255,1484,142590,94,322264
38984,0.003873,172.31.47.0-255,66,142656,94,322264
38985,0.003901,172.217.194.0-255,2902,145558,94,322264
38986,0.003903,172.31.47.0-255,66,145624,94,322264
38987,0.005914,172.217.194.0-255,2902,148526,94,322264
38988,0.005917,172.31.47.0-255,66,148592,94,322264
38989,0.005943,172.217.194.0-255,2902,151494,94,322264
38990,0.005946,172.31.47.0-255,66,151560,94,322264
38991,0.007979,172.217.194.0-255,5738,157298,94,322264
38992,0.007986,172.31.47.0-255,66,157364,94,322264
38993,0.010038,172.217.194.0-255,5738,163102,94,322264
38994,0.010045,172.31.47.0-255,66,163168,94,322264
38995,0.012112,172.217.194.0-255,5738,168906,94,322264
38996,0.012119,172.31.47.0-255,66,168972,94,322264
38997,0.014197,172.217.194.0-255,5738,174710,94,322264
38998,0.014205,172.31.47.0-255,66,174776,94,322264
38999,0.016278,172.217.194.0-255,5738,180514,94,322264
39000,0.016285,172.31.47.0-255,66,180580,94,322264
39001,0.018327,172.217.194.0-255,5738,186318,94,322264
39002,0.018335,172.31.47.0-255,66,186384,94,322264
39003,0.020389,172.217.194.0-255,5738,192122,94,322264
39004,0.020396,172.31.47.0-255,66,192188,94,322264
39005,0.022457,172.217.194.0-255,5738,197926,94,322264
39006,0.022465,172.31.47.0-255,66,197992,94,322264
39007,0.024531,172.217.194.0-255,5738,203730,94,322264
39008,0.024538,172.31.47.0-255,66,203796,94,322264
39009,0.026002,172.31.47.0-255,172,203968,94,322264
39010,0.026034,172.31.47.0-255,1118,205086,94,322264
39011,0.026092,172.31.47.0-255,1514,206600,94,322264
39012,0.026094,172.31.47.0-255,1288,207888,94,322264
39013,0.026591,172.217.194.0-255,5738,213626,94,322264
39014,0.026598,172.31.47.0-255,66,213692,94,322264
39015,0.027545,104.244.42.0-255,66,213758,94,322264
39016,0.027554,104.244.42.0-255,66,213824,94,322264
39017,0.027611,104.244.42.0-255,66,213890,94,322264
39018,0.028625,172.217.194.0-255,5738,219628,94,322264
39019,0.02863,172.31.47.0-255,66,219694,94,322264
39020,0.030688,172.217.194.0-255,5738,225432,94,322264
39021,0.030696,172.31.47.0-255,66,225498,94,322264
39022,0.032747,172.217.194.0-255,5738,231236,94,322264
39023,0.032757,172.31.47.0-255,66,231302,94,322264
39024,0.034809,172.217.194.0-255,5738,237040,94,322264
39025,0.034817,172.31.47.0-255,66,237106,94,322264
39026,0.036853,172.217.194.0-255,5738,242844,94,322264
39027,0.036858,172.31.47.0-255,66,242910,94,322264
39028,0.038909,172.217.194.0-255,5738,248648,94,322264
39029,0.038914,172.31.47.0-255,66,248714,94,322264
39030,0.040961,172.217.194.0-255,5738,254452,94,322264
39031,0.040967,172.31.47.0-255,66,254518,94,322264
39032,0.043024,172.217.194.0-255,5738,260256,94,322264
39033,0.043031,172.31.47.0-255,66,260322,94,322264
39034,0.045097,172.217.194.0-255,5738,266060,94,322264
39035,0.045103,172.31.47.0-255,66,266126,94,322264
39036,0.047134,172.217.194.0-255,5738,271864,94,322264
39037,0.047139,172.31.47.0-255,66,271930,94,322264
39038,0.049185,172.217.194.0-255,5738,277668,94,322264
39039,0.049191,172.31.47.0-255,66,277734,94,322264
39040,0.051243,172.217.194.0-255,5738,283472,94,322264
39041,0.051249,172.31.47.0-255,66,283538,94,322264
39042,0.053315,172.217.194.0-255,5738,289276,94,322264
39043,0.05332,172.31.47.0-255,66,289342,94,322264
39044,0.055402,172.217.194.0-255,5738,295080,94,322264
39045,0.055407,172.31.47.0-255,66,295146,94,322264
39046,0.057489,172.217.194.0-255,5738,300884,94,322264
39047,0.057495,172.31.47.0-255,66,300950,94,322264
39048,0.059567,172.217.194.0-255,5738,306688,94,322264
39049,0.059573,172.31.47.0-255,66,306754,94,322264
39050,0.061624,172.217.194.0-255,5738,312492,94,322264
39051,0.061629,172.31.47.0-255,66,312558,94,322264
39052,0.063685,172.217.194.0-255,5738,318296,94,322264
39053,0.063691,172.31.47.0-255,66,318362,94,322264
39054,0.065731,172.217.194.0-255,3665,322027,94,322264
39055,0.065738,172.31.47.0-255,66,322093,94,322264
39056,0.065932,172.31.47.0-255,105,322198,94,322264
39057,0.067942,172.217.194.0-255,66,322264,94,322264
39058,0.0,74.125.68.0-255,297,297,94,278702
39059,2.9e-05,172.31.47.0-255,66,363,94,278702
39060,3.5e-05,74.125.68.0-255,1484,1847,94,278702
39061,3.9e-05,172.31.47.0-255,66,1913,94,278702
39062,4.5e-05,74.125.68.0-255,4320,6233,94,278702
39063,5.6e-05,172.31.47.0-255,66,6299,94,278702
39064,6.1e-05,74.125.68.0-255,4320,10619,94,278702
39065,6.4e-05,172.31.47.0-255,66,10685,94,278702
39066,0.000114,74.125.68.0-255,3393,14078,94,278702
39067,0.000118,172.31.47.0-255,66,14144,94,278702
39068,0.000122,74.125.68.0-255,2902,17046,94,278702
39069,0.000125,172.31.47.0-255,66,17112,94,278702
39070,0.000145,74.125.68.0-255,1484,18596,94,278702
39071,0.000147,172.31.47.0-255,66,18662,94,278702
39072,0.000185,172.31.47.0-255,66,18728,94,278702
39073,0.000192,74.125.68.0-255,4320,23048,94,278702
39074,0.000194,172.31.47.0-255,66,23114,94,278702
39075,0.00022,74.125.68.0-255,1484,24598,94,278702
39076,0.000222,172.31.47.0-255,66,24664,94,278702
39077,0.000264,172.31.47.0-255,66,24730,94,278702
39078,0.00088,74.125.68.0-255,1484,26214,94,278702
39079,0.000887,172.31.47.0-255,66,26280,94,278702
39080,0.000897,74.125.68.0-255,2902,29182,94,278702
39081,0.000905,172.31.47.0-255,66,29248,94,278702
39082,0.000909,74.125.68.0-255,2902,32150,94,278702
39083,0.000912,172.31.47.0-255,66,32216,94,278702
39084,0.000941,74.125.68.0-255,2902,35118,94,278702
39085,0.000944,172.31.47.0-255,66,35184,94,278702
39086,0.000951,74.125.68.0-255,7105,42289,94,278702
39087,0.000953,172.31.47.0-255,66,42355,94,278702
39088,0.001064,74.125.68.0-255,1484,43839,94,278702
39089,0.001071,74.125.68.0-255,1484,45323,94,278702
39090,0.001074,172.31.47.0-255,66,45389,94,278702
39091,0.001105,74.125.68.0-255,1484,46873,94,278702
39092,0.00112,74.125.68.0-255,1484,48357,94,278702
39093,0.001123,172.31.47.0-255,66,48423,94,278702
39094,0.001157,74.125.68.0-255,5738,54161,94,278702
39095,0.001159,172.31.47.0-255,66,54227,94,278702
39096,0.001166,74.125.68.0-255,7156,61383,94,278702
39097,0.001168,172.31.47.0-255,66,61449,94,278702
39098,0.001202,172.31.47.0-255,66,61515,94,278702
39099,0.00123,74.125.68.0-255,4320,65835,94,278702
39100,0.001233,172.31.47.0-255,66,65901,94,278702
39101,0.001237,74.125.68.0-255,2184,68085,94,278702
39102,0.001239,172.31.47.0-255,66,68151,94,278702
39103,0.001243,74.125.68.0-255,2902,71053,94,278702
39104,0.00125,172.31.47.0-255,66,71119,94,278702
39105,0.001252,74.125.68.0-255,1484,72603,94,278702
39106,0.001283,74.125.68.0-255,5738,78341,94,278702
39107,0.001286,172.31.47.0-255,66,78407,94,278702
39108,0.001292,74.125.68.0-255,5738,84145,94,278702
39109,0.001294,172.31.47.0-255,66,84211,94,278702
39110,0.001329,74.125.68.0-255,6378,90589,94,278702
39111,0.001332,172.31.47.0-255,66,90655,94,278702
39112,0.001339,74.125.68.0-255,7156,97811,94,278702
39113,0.001342,172.31.47.0-255,66,97877,94,278702
39114,0.001363,74.125.68.0-255,1484,99361,94,278702
39115,0.001378,74.125.68.0-255,2902,102263,94,278702
39116,0.001382,172.31.47.0-255,66,102329,94,278702
39117,0.001391,74.125.68.0-255,407,102736,94,278702
39118,0.001415,74.125.68.0-255,2902,105638,94,278702
39119,0.001418,172.31.47.0-255,66,105704,94,278702
39120,0.001436,74.125.68.0-255,1484,107188,94,278702
39121,0.001439,74.125.68.0-255,1484,108672,94,278702
39122,0.001441,172.31.47.0-255,66,108738,94,278702
39123,0.001444,74.125.68.0-255,2902,111640,94,278702
39124,0.001446,172.31.47.0-255,66,111706,94,278702
39125,0.00148,74.125.68.0-255,4320,116026,94,278702
39126,0.001483,172.31.47.0-255,66,116092,94,278702
39127,0.001512,74.125.68.0-255,1484,117576,94,278702
39128,0.001522,172.31.47.0-255,66,117642,94,278702
39129,0.001553,74.125.68.0-255,2902,120544,94,278702
39130,0.001555,172.31.47.0-255,66,120610,94,278702
39131,0.001587,74.125.68.0-255,6438,127048,94,278702
39132,0.00159,172.31.47.0-255,66,127114,94,278702
39133,0.001706,74.125.68.0-255,1484,128598,94,278702
39134,0.00171,74.125.68.0-255,1484,130082,94,278702
39135,0.001713,172.31.47.0-255,66,130148,94,278702
39136,0.001736,74.125.68.0-255,1484,131632,94,278702
39137,0.001742,74.125.68.0-255,5738,137370,94,278702
39138,0.001744,172.31.47.0-255,66,137436,94,278702
39139,0.001748,74.125.68.0-255,2902,140338,94,278702
39140,0.001749,172.31.47.0-255,66,140404,94,278702
39141,0.001771,74.125.68.0-255,4320,144724,94,278702
39142,0.001773,172.31.47.0-255,66,144790,94,278702
39143,0.001806,172.31.47.0-255,66,144856,94,278702
39144,0.00183,74.125.68.0-255,2184,147040,94,278702
39145,0.001832,172.31.47.0-255,66,147106,94,278702
39146,0.001955,74.125.68.0-255,1484,148590,94,278702
39147,0.001973,74.125.68.0-255,2902,151492,94,278702
39148,0.001976,172.31.47.0-255,66,151558,94,278702
39149,0.001982,74.125.68.0-255,5738,157296,94,278702
39150,0.001984,172.31.47.0-255,66,157362,94,278702
39151,0.001987,74.125.68.0-255,2902,160264,94,278702
39152,0.001988,172.31.47.0-255,66,160330,94,278702
39153,0.002016,74.125.68.0-255,4320,164650,94,278702
39154,0.002019,172.31.47.0-255,66,164716,94,278702
39155,0.002025,74.125.68.0-255,7156,171872,94,278702
39156,0.002026,172.31.47.0-255,66,171938,94,278702
39157,0.002058,74.125.68.0-255,1484,173422,94,278702
39158,0.002063,74.125.68.0-255,5738,179160,94,278702
39159,0.002067,74.125.68.0-255,4320,183480,94,278702
39160,0.002071,172.31.47.0-255,66,183546,94,278702
39161,0.002073,172.31.47.0-255,66,183612,94,278702
39162,0.002088,74.125.68.0-255,2184,185796,94,278702
39163,0.00209,172.31.47.0-255,66,185862,94,278702
39164,0.002096,74.125.68.0-255,7156,193018,94,278702
39165,0.002097,172.31.47.0-255,66,193084,94,278702
39166,0.002139,172.31.47.0-255,66,193150,94,278702
39167,0.002173,172.31.47.0-255,66,193216,94,278702
39168,0.002194,74.125.68.0-255,1484,194700,94,278702
39169,0.002225,172.31.47.0-255,66,194766,94,278702
39170,0.002256,172.31.47.0-255,66,194832,94,278702
39171,0.002271,74.125.68.0-255,2902,197734,94,278702
39172,0.00228,74.125.68.0-255,7156,204890,94,278702
39173,0.002283,74.125.68.0-255,2902,207792,94,278702
39174,0.002287,172.31.47.0-255,66,207858,94,278702
39175,0.002289,172.31.47.0-255,66,207924,94,278702
39176,0.002295,172.31.47.0-255,66,207990,94,278702
39177,0.0023,74.125.68.0-255,5020,213010,94,278702
39178,0.002302,172.31.47.0-255,66,213076,94,278702
39179,0.002309,74.125.68.0-255,2902,215978,94,278702
39180,0.00231,172.31.47.0-255,66,216044,94,278702
39181,0.002314,74.125.68.0-255,2902,218946,94,278702
39182,0.002315,172.31.47.0-255,66,219012,94,278702
39183,0.002362,172.31.47.0-255,66,219078,94,278702
39184,0.002371,172.31.47.0-255,66,219144,94,278702
39185,0.002427,172.31.47.0-255,66,219210,94,278702
39186,0.002449,172.31.47.0-255,66,219276,94,278702
39187,0.002471,74.125.68.0-255,1484,220760,94,278702
39188,0.002475,74.125.68.0-255,1484,222244,94,278702
39189,0.002476,172.31.47.0-255,66,222310,94,278702
39190,0.0025,172.31.47.0-255,66,222376,94,278702
39191,0.002503,74.125.68.0-255,2902,225278,94,278702
39192,0.002505,172.31.47.0-255,66,225344,94,278702
39193,0.002543,74.125.68.0-255,2902,228246,94,278702
39194,0.002547,172.31.47.0-255,66,228312,94,278702
39195,0.002556,74.125.68.0-255,766,229078,94,278702
39196,0.002569,74.125.68.0-255,2902,231980,94,278702
39197,0.002571,172.31.47.0-255,66,232046,94,278702
39198,0.002581,74.125.68.0-255,1484,233530,94,278702
39199,0.002595,74.125.68.0-255,4320,237850,94,278702
39200,0.002597,172.31.47.0-255,66,237916,94,278702
39201,0.002622,74.125.68.0-255,5738,243654,94,278702
39202,0.002625,172.31.47.0-255,66,243720,94,278702
39203,0.00266,74.125.68.0-255,4320,248040,94,278702
39204,0.002664,172.31.47.0-255,66,248106,94,278702
39205,0.002685,74.125.68.0-255,7156,255262,94,278702
39206,0.002687,74.125.68.0-255,1484,256746,94,278702
39207,0.002689,74.125.68.0-255,1484,258230,94,278702
39208,0.002693,172.31.47.0-255,66,258296,94,278702
39209,0.002699,172.31.47.0-255,66,258362,94,278702
39210,0.002702,74.125.68.0-255,1484,259846,94,278702
39211,0.002726,74.125.68.0-255,2902,262748,94,278702
39212,0.002729,172.31.47.0-255,66,262814,94,278702
39213,0.002731,74.125.68.0-255,766,263580,94,278702
39214,0.00275,74.125.68.0-255,1484,265064,94,278702
39215,0.002753,172.31.47.0-255,66,265130,94,278702
39216,0.00277,74.125.68.0-255,2902,268032,94,278702
39217,0.002772,172.31.47.0-255,66,268098,94,278702
39218,0.002808,74.125.68.0-255,2426,270524,94,278702
39219,0.002811,172.31.47.0-255,66,270590,94,278702
39220,0.002898,74.125.68.0-255,105,270695,94,278702
39221,0.022946,172.31.47.0-255,66,270761,94,278702
39222,0.022995,172.31.47.0-255,105,270866,94,278702
39223,0.025594,74.125.68.0-255,66,270932,94,278702
39224,0.037408,172.31.47.0-255,172,271104,94,278702
39225,0.037435,172.31.47.0-255,1108,272212,94,278702
39226,0.037491,172.31.47.0-255,1514,273726,94,278702
39227,0.037492,172.31.47.0-255,1514,275240,94,278702
39228,0.037496,172.31.47.0-255,1514,276754,94,278702
39229,0.037497,172.31.47.0-255,1514,278268,94,278702
39230,0.037527,172.31.47.0-255,170,278438,94,278702
39231,0.038965,104.244.42.0-255,66,278504,94,278702
39232,0.038975,104.244.42.0-255,66,278570,94,278702
39233,0.039055,104.244.42.0-255,66,278636,94,278702
39234,0.039059,104.244.42.0-255,66,278702,94,278702
39235,0.0,172.217.194.0-255,153,153,94,146284
39236,2.7e-05,172.31.47.0-255,66,219,94,146284
39237,3.5e-05,172.217.194.0-255,1484,1703,94,146284
39238,3.9e-05,172.31.47.0-255,66,1769,94,146284
39239,5.2e-05,172.217.194.0-255,2902,4671,94,146284
39240,5.6e-05,172.31.47.0-255,66,4737,94,146284
39241,6.3e-05,172.217.194.0-255,5738,10475,94,146284
39242,6.5e-05,172.31.47.0-255,66,10541,94,146284
39243,0.000105,172.217.194.0-255,3592,14133,94,146284
39244,0.000109,172.31.47.0-255,66,14199,94,146284
39245,0.000163,172.217.194.0-255,1484,15683,94,146284
39246,0.000167,172.31.47.0-255,66,15749,94,146284
39247,0.000172,172.217.194.0-255,2902,18651,94,146284
39248,0.000174,172.31.47.0-255,66,18717,94,146284
39249,0.000206,172.217.194.0-255,5738,24455,94,146284
39250,0.00021,172.31.47.0-255,66,24521,94,146284
39251,0.000258,172.31.47.0-255,66,24587,94,146284
39252,0.000281,172.31.47.0-255,66,24653,94,146284
39253,0.000295,172.31.47.0-255,66,24719,94,146284
39254,0.000362,172.217.194.0-255,342,25061,94,146284
39255,0.000366,172.31.47.0-255,66,25127,94,146284
39256,0.000397,172.217.194.0-255,116,25243,94,146284
39257,0.0004,172.31.47.0-255,66,25309,94,146284
39258,0.000899,172.217.194.0-255,1484,26793,94,146284
39259,0.000905,172.31.47.0-255,66,26859,94,146284
39260,0.000912,172.217.194.0-255,2902,29761,94,146284
39261,0.000921,172.31.47.0-255,66,29827,94,146284
39262,0.000929,172.217.194.0-255,5738,35565,94,146284
39263,0.000931,172.31.47.0-255,66,35631,94,146284
39264,0.000939,172.217.194.0-255,7156,42787,94,146284
39265,0.00094,172.31.47.0-255,66,42853,94,146284
39266,0.000988,172.217.194.0-255,5738,48591,94,146284
39267,0.000992,172.31.47.0-255,66,48657,94,146284
39268,0.001011,172.31.47.0-255,66,48723,94,146284
39269,0.001041,172.217.194.0-255,1484,50207,94,146284
39270,0.001046,172.217.194.0-255,1484,51691,94,146284
39271,0.001049,172.31.47.0-255,66,51757,94,146284
39272,0.001077,172.217.194.0-255,1484,53241,94,146284
39273,0.001085,172.217.194.0-255,5738,58979,94,146284
39274,0.001088,172.31.47.0-255,66,59045,94,146284
39275,0.001127,172.31.47.0-255,66,59111,94,146284
39276,0.00117,172.31.47.0-255,66,59177,94,146284
39277,0.001189,172.31.47.0-255,66,59243,94,146284
39278,0.001262,172.31.47.0-255,66,59309,94,146284
39279,0.001305,172.31.47.0-255,66,59375,94,146284
39280,0.001325,172.31.47.0-255,66,59441,94,146284
39281,0.00134,172.31.47.0-255,66,59507,94,146284
39282,0.001342,172.217.194.0-255,383,59890,94,146284
39283,0.001424,172.217.194.0-255,1484,61374,94,146284
39284,0.001428,172.31.47.0-255,66,61440,94,146284
39285,0.001434,172.217.194.0-255,2902,64342,94,146284
39286,0.001437,172.31.47.0-255,66,64408,94,146284
39287,0.00145,172.217.194.0-255,5738,70146,94,146284
39288,0.001453,172.31.47.0-255,66,70212,94,146284
39289,0.001457,172.217.194.0-255,1484,71696,94,146284
39290,0.001489,172.217.194.0-255,4320,76016,94,146284
39291,0.001493,172.31.47.0-255,66,76082,94,146284
39292,0.001516,172.31.47.0-255,66,76148,94,146284
39293,0.001522,172.217.194.0-255,5020,81168,94,146284
39294,0.001524,172.31.47.0-255,66,81234,94,146284
39295,0.001961,172.217.194.0-255,1484,82718,94,146284
39296,0.001969,172.217.194.0-255,2902,85620,94,146284
39297,0.001973,172.31.47.0-255,66,85686,94,146284
39298,0.00198,172.217.194.0-255,5738,91424,94,146284
39299,0.001983,172.31.47.0-255,66,91490,94,146284
39300,0.002028,172.31.47.0-255,66,91556,94,146284
39301,0.002039,172.31.47.0-255,66,91622,94,146284
39302,0.002054,172.217.194.0-255,766,92388,94,146284
39303,0.002106,172.217.194.0-255,1484,93872,94,146284
39304,0.002109,172.31.47.0-255,66,93938,94,146284
39305,0.002114,172.217.194.0-255,2902,96840,94,146284
39306,0.002117,172.31.47.0-255,66,96906,94,146284
39307,0.00212,172.217.194.0-255,1484,98390,94,146284
39308,0.002147,172.217.194.0-255,4320,102710,94,146284
39309,0.00215,172.31.47.0-255,66,102776,94,146284
39310,0.00216,172.31.47.0-255,66,102842,94,146284
39311,0.002163,172.217.194.0-255,1484,104326,94,146284
39312,0.002199,172.31.47.0-255,66,104392,94,146284
39313,0.002229,172.217.194.0-255,3602,107994,94,146284
39314,0.002232,172.31.47.0-255,66,108060,94,146284
39315,0.002257,172.217.194.0-255,2902,110962,94,146284
39316,0.002259,172.31.47.0-255,66,111028,94,146284
39317,0.002262,172.217.194.0-255,1484,112512,94,146284
39318,0.002288,172.217.194.0-255,5738,118250,94,146284
39319,0.00229,172.31.47.0-255,66,118316,94,146284
39320,0.002293,172.217.194.0-255,1484,119800,94,146284
39321,0.002351,172.31.47.0-255,66,119866,94,146284
39322,0.002368,172.31.47.0-255,66,119932,94,146284
39323,0.002409,172.217.194.0-255,5738,125670,94,146284
39324,0.002412,172.31.47.0-255,66,125736,94,146284
39325,0.002454,172.31.47.0-255,66,125802,94,146284
39326,0.002474,172.31.47.0-255,66,125868,94,146284
39327,0.002485,172.31.47.0-255,66,125934,94,146284
39328,0.002502,172.31.47.0-255,66,126000,94,146284
39329,0.00253,172.217.194.0-255,6438,132438,94,146284
39330,0.002532,172.31.47.0-255,66,132504,94,146284
39331,0.002537,172.217.194.0-255,2902,135406,94,146284
39332,0.002539,172.31.47.0-255,66,135472,94,146284
39333,0.002544,172.217.194.0-255,4320,139792,94,146284
39334,0.002546,172.31.47.0-255,66,139858,94,146284
39335,0.002579,172.217.194.0-255,1554,141412,94,146284
39336,0.002582,172.31.47.0-255,66,141478,94,146284
39337,0.002648,172.217.194.0-255,105,141583,94,146284
39338,0.009289,172.31.47.0-255,66,141649,94,146284
39339,0.009345,172.31.47.0-255,105,141754,94,146284
39340,0.011312,172.217.194.0-255,66,141820,94,146284
39341,0.044189,172.31.47.0-255,172,141992,94,146284
39342,0.044224,172.31.47.0-255,1108,143100,94,146284
39343,0.044286,172.31.47.0-255,1514,144614,94,146284
39344,0.044288,172.31.47.0-255,1298,145912,94,146284
39345,0.045711,104.244.42.0-255,66,145978,94,146284
39346,0.045762,104.244.42.0-255,66,146044,94,146284
39347,0.045817,104.244.42.0-255,66,146110,94,146284
39348,0.046553,104.244.42.0-255,108,146218,94,146284
39349,0.046563,172.31.47.0-255,66,146284,94,146284
39350,0.0,74.125.200.0-255,153,153,94,362261
39351,2.1e-05,172.31.47.0-255,66,219,94,362261
39352,2.7e-05,74.125.200.0-255,1484,1703,94,362261
39353,3.1e-05,172.31.47.0-255,66,1769,94,362261
39354,3.4e-05,74.125.200.0-255,1484,3253,94,362261
39355,3.6e-05,172.31.47.0-255,66,3319,94,362261
39356,6.4e-05,74.125.200.0-255,2902,6221,94,362261
39357,6.7e-05,172.31.47.0-255,66,6287,94,362261
39358,7.1e-05,74.125.200.0-255,2902,9189,94,362261
39359,7.3e-05,172.31.47.0-255,66,9255,94,362261
39360,8.9e-05,74.125.200.0-255,2902,12157,94,362261
39361,9.1e-05,172.31.47.0-255,66,12223,94,362261
39362,9.4e-05,74.125.200.0-255,2148,14371,94,362261
39363,9.6e-05,172.31.47.0-255,66,14437,94,362261
39364,0.0001,74.125.200.0-255,2902,17339,94,362261
39365,0.000102,172.31.47.0-255,66,17405,94,362261
39366,0.000137,74.125.200.0-255,7156,24561,94,362261
39367,0.000141,172.31.47.0-255,66,24627,94,362261
39368,0.000146,74.125.200.0-255,5738,30365,94,362261
39369,0.000148,172.31.47.0-255,66,30431,94,362261
39370,0.000186,74.125.200.0-255,1125,31556,94,362261
39371,0.000188,172.31.47.0-255,66,31622,94,362261
39372,0.000248,74.125.200.0-255,1484,33106,94,362261
39373,0.000252,172.31.47.0-255,66,33172,94,362261
39374,0.000256,74.125.200.0-255,2902,36074,94,362261
39375,0.000258,172.31.47.0-255,66,36140,94,362261
39376,0.000291,74.125.200.0-255,1484,37624,94,362261
39377,0.000295,172.31.47.0-255,66,37690,94,362261
39378,0.000314,74.125.200.0-255,4320,42010,94,362261
39379,0.000317,172.31.47.0-255,66,42076,94,362261
39380,0.000375,74.125.200.0-255,6797,48873,94,362261
39381,0.000379,172.31.47.0-255,66,48939,94,362261
39382,0.000702,74.125.200.0-255,1484,50423,94,362261
39383,0.000709,74.125.200.0-255,2902,53325,94,362261
39384,0.000713,172.31.47.0-255,66,53391,94,362261
39385,0.000731,74.125.200.0-255,5738,59129,94,362261
39386,0.000734,172.31.47.0-255,66,59195,94,362261
39387,0.000759,74.125.200.0-255,6797,65992,94,362261
39388,0.000763,172.31.47.0-255,66,66058,94,362261
39389,0.000769,74.125.200.0-255,4320,70378,94,362261
39390,0.00077,172.31.47.0-255,66,70444,94,362261
39391,0.000784,74.125.200.0-255,2902,73346,94,362261
39392,0.000786,172.31.47.0-255,66,73412,94,362261
39393,0.0008,74.125.200.0-255,2902,76314,94,362261
39394,0.000802,172.31.47.0-255,66,76380,94,362261
39395,0.000828,74.125.200.0-255,6797,83177,94,362261
39396,0.000832,172.31.47.0-255,66,83243,94,362261
39397,0.00085,74.125.200.0-255,1484,84727,94,362261
39398,0.000873,74.125.200.0-255,5738,90465,94,362261
39399,0.000877,172.31.47.0-255,66,90531,94,362261
39400,0.000887,172.31.47.0-255,66,90597,94,362261
39401,0.000924,172.31.47.0-255,66,90663,94,362261
39402,0.000944,74.125.200.0-255,2902,93565,94,362261
39403,0.000947,172.31.47.0-255,66,93631,94,362261
39404,0.00095,74.125.200.0-255,1484,95115,94,362261
39405,0.000974,74.125.200.0-255,3619,98734,94,362261
39406,0.000978,172.31.47.0-255,66,98800,94,362261
39407,0.001312,74.125.200.0-255,1484,100284,94,362261
39408,0.001319,74.125.200.0-255,2902,103186,94,362261
39409,0.001322,172.31.47.0-255,66,103252,94,362261
39410,0.001337,74.125.200.0-255,2902,106154,94,362261
39411,0.00134,172.31.47.0-255,66,106220,94,362261
39412,0.001365,74.125.200.0-255,2902,109122,94,362261
39413,0.001369,172.31.47.0-255,66,109188,94,362261
39414,0.001374,74.125.200.0-255,4320,113508,94,362261
39415,0.001376,172.31.47.0-255,66,113574,94,362261
39416,0.001395,74.125.200.0-255,5738,119312,94,362261
39417,0.001398,172.31.47.0-255,66,119378,94,362261
39418,0.001405,74.125.200.0-255,7156,126534,94,362261
39419,0.001407,172.31.47.0-255,66,126600,94,362261
39420,0.001438,74.125.200.0-255,4320,130920,94,362261
39421,0.001442,172.31.47.0-255,66,130986,94,362261
39422,0.001446,74.125.200.0-255,2184,133170,94,362261
39423,0.001449,172.31.47.0-255,66,133236,94,362261
39424,0.001499,74.125.200.0-255,1484,134720,94,362261
39425,0.001503,74.125.200.0-255,1484,136204,94,362261
39426,0.001506,172.31.47.0-255,66,136270,94,362261
39427,0.001509,74.125.200.0-255,1484,137754,94,362261
39428,0.001527,74.125.200.0-255,1484,139238,94,362261
39429,0.001529,74.125.200.0-255,1484,140722,94,362261
39430,0.001533,172.31.47.0-255,66,140788,94,362261
39431,0.00155,74.125.200.0-255,4320,145108,94,362261
39432,0.001552,172.31.47.0-255,66,145174,94,362261
39433,0.001597,172.31.47.0-255,66,145240,94,362261
39434,0.001632,172.31.47.0-255,66,145306,94,362261
39435,0.001789,74.125.200.0-255,1484,146790,94,362261
39436,0.001796,74.125.200.0-255,2902,149692,94,362261
39437,0.001799,172.31.47.0-255,66,149758,94,362261
39438,0.001812,74.125.200.0-255,1484,151242,94,362261
39439,0.001828,74.125.200.0-255,2902,154144,94,362261
39440,0.001831,172.31.47.0-255,66,154210,94,362261
39441,0.001834,74.125.200.0-255,1484,155694,94,362261
39442,0.001855,74.125.200.0-255,4320,160014,94,362261
39443,0.00186,172.31.47.0-255,66,160080,94,362261
39444,0.001867,74.125.200.0-255,4320,164400,94,362261
39445,0.00187,172.31.47.0-255,66,164466,94,362261
39446,0.001901,74.125.200.0-255,5738,170204,94,362261
39447,0.001904,172.31.47.0-255,66,170270,94,362261
39448,0.001927,74.125.200.0-255,7156,177426,94,362261
39449,0.001931,172.31.47.0-255,66,177492,94,362261
39450,0.001944,74.125.200.0-255,2184,179676,94,362261
39451,0.001947,172.31.47.0-255,66,179742,94,362261
39452,0.001963,74.125.200.0-255,1484,181226,94,362261
39453,0.001966,74.125.200.0-255,1484,182710,94,362261
39454,0.001969,172.31.47.0-255,66,182776,94,362261
39455,0.001988,74.125.200.0-255,1484,184260,94,362261
39456,0.001995,74.125.200.0-255,5738,189998,94,362261
39457,0.001997,172.31.47.0-255,66,190064,94,362261
39458,0.002055,172.31.47.0-255,66,190130,94,362261
39459,0.002103,172.31.47.0-255,66,190196,94,362261
39460,0.002108,74.125.200.0-255,2184,192380,94,362261
39461,0.00211,172.31.47.0-255,66,192446,94,362261
39462,0.002205,74.125.200.0-255,1484,193930,94,362261
39463,0.00222,74.125.200.0-255,1484,195414,94,362261
39464,0.002224,172.31.47.0-255,66,195480,94,362261
39465,0.002238,74.125.200.0-255,2902,198382,94,362261
39466,0.002241,172.31.47.0-255,66,198448,94,362261
39467,0.002246,74.125.200.0-255,4320,202768,94,362261
39468,0.002248,172.31.47.0-255,66,202834,94,362261
39469,0.002267,74.125.200.0-255,1484,204318,94,362261
39470,0.002271,74.125.200.0-255,2902,207220,94,362261
39471,0.002274,172.31.47.0-255,66,207286,94,362261
39472,0.002295,74.125.200.0-255,5738,213024,94,362261
39473,0.002299,172.31.47.0-255,66,213090,94,362261
39474,0.002305,74.125.200.0-255,4320,217410,94,362261
39475,0.002307,172.31.47.0-255,66,217476,94,362261
39476,0.002338,74.125.200.0-255,5738,223214,94,362261
39477,0.002343,172.31.47.0-255,66,223280,94,362261
39478,0.002347,74.125.200.0-255,3602,226882,94,362261
39479,0.00235,172.31.47.0-255,66,226948,94,362261
39480,0.004672,74.125.200.0-255,5738,232686,94,362261
39481,0.004694,172.31.47.0-255,66,232752,94,362261
39482,0.007026,74.125.200.0-255,5738,238490,94,362261
39483,0.007045,172.31.47.0-255,66,238556,94,362261
39484,0.009371,74.125.200.0-255,5738,244294,94,362261
39485,0.009388,172.31.47.0-255,66,244360,94,362261
39486,0.011701,74.125.200.0-255,5738,250098,94,362261
39487,0.011715,172.31.47.0-255,66,250164,94,362261
39488,0.014067,74.125.200.0-255,5738,255902,94,362261
39489,0.014085,172.31.47.0-255,66,255968,94,362261
39490,0.016407,74.125.200.0-255,5738,261706,94,362261
39491,0.016421,172.31.47.0-255,66,261772,94,362261
39492,0.018784,74.125.200.0-255,5738,267510,94,362261
39493,0.018803,172.31.47.0-255,66,267576,94,362261
39494,0.021126,74.125.200.0-255,5738,273314,94,362261
39495,0.021142,172.31.47.0-255,66,273380,94,362261
39496,0.02345,74.125.200.0-255,5738,279118,94,362261
39497,0.023458,172.31.47.0-255,66,279184,94,362261
39498,0.025776,74.125.200.0-255,5738,284922,94,362261
39499,0.025785,172.31.47.0-255,66,284988,94,362261
39500,0.028098,74.125.200.0-255,5738,290726,94,362261
39501,0.028106,172.31.47.0-255,66,290792,94,362261
39502,0.030426,74.125.200.0-255,5738,296530,94,362261
39503,0.030436,172.31.47.0-255,66,296596,94,362261
39504,0.032742,74.125.200.0-255,5738,302334,94,362261
39505,0.032748,172.31.47.0-255,66,302400,94,362261
39506,0.035049,74.125.200.0-255,5738,308138,94,362261
39507,0.035056,172.31.47.0-255,66,308204,94,362261
39508,0.037368,74.125.200.0-255,5738,313942,94,362261
39509,0.037375,172.31.47.0-255,66,314008,94,362261
39510,0.039673,74.125.200.0-255,5738,319746,94,362261
39511,0.039679,172.31.47.0-255,66,319812,94,362261
39512,0.041102,172.31.47.0-255,172,319984,94,362261
39513,0.041129,172.31.47.0-255,1108,321092,94,362261
39514,0.041179,172.31.47.0-255,1514,322606,94,362261
39515,0.041181,172.31.47.0-255,1296,323902,94,362261
39516,0.042017,74.125.200.0-255,5738,329640,94,362261
39517,0.042027,172.31.47.0-255,66,329706,94,362261
39518,0.042653,104.244.42.0-255,66,329772,94,362261
39519,0.042698,104.244.42.0-255,66,329838,94,362261
39520,0.04274,104.244.42.0-255,66,329904,94,362261
39521,0.044327,74.125.200.0-255,5738,335642,94,362261
39522,0.044332,172.31.47.0-255,66,335708,94,362261
39523,0.045511,104.244.42.0-255,108,335816,94,362261
39524,0.045519,172.31.47.0-255,66,335882,94,362261
39525,0.04663,74.125.200.0-255,2902,338784,94,362261
39526,0.046636,172.31.47.0-255,66,338850,94,362261
39527,0.046664,74.125.200.0-255,2902,341752,94,362261
39528,0.046667,172.31.47.0-255,66,341818,94,362261
39529,0.048951,74.125.200.0-255,2902,344720,94,362261
39530,0.048958,172.31.47.0-255,66,344786,94,362261
39531,0.048983,74.125.200.0-255,2902,347688,94,362261
39532,0.048986,172.31.47.0-255,66,347754,94,362261
39533,0.051278,74.125.200.0-255,5738,353492,94,362261
39534,0.051285,172.31.47.0-255,66,353558,94,362261
39535,0.053635,74.125.200.0-255,5738,359296,94,362261
39536,0.053643,172.31.47.0-255,66,359362,94,362261
39537,0.055956,74.125.200.0-255,2662,362024,94,362261
39538,0.055963,172.31.47.0-255,66,362090,94,362261
39539,0.056146,172.31.47.0-255,105,362195,94,362261
39540,0.058401,74.125.200.0-255,66,362261,94,362261
39541,0.0,172.217.194.0-255,153,153,94,282525
39542,1.4e-05,172.31.47.0-255,66,219,94,282525
39543,2e-05,172.217.194.0-255,1484,1703,94,282525
39544,2.5e-05,172.31.47.0-255,66,1769,94,282525
39545,3e-05,172.217.194.0-255,2902,4671,94,282525
39546,4e-05,172.31.47.0-255,66,4737,94,282525
39547,4.5e-05,172.217.194.0-255,2902,7639,94,282525
39548,4.7e-05,172.31.47.0-255,66,7705,94,282525
39549,8e-05,172.217.194.0-255,4320,12025,94,282525
39550,8.3e-05,172.31.47.0-255,66,12091,94,282525
39551,8.6e-05,172.217.194.0-255,1956,14047,94,282525
39552,8.8e-05,172.31.47.0-255,66,14113,94,282525
39553,0.000216,172.217.194.0-255,1484,15597,94,282525
39554,0.00022,172.31.47.0-255,66,15663,94,282525
39555,0.000225,172.217.194.0-255,2902,18565,94,282525
39556,0.000227,172.31.47.0-255,66,18631,94,282525
39557,0.000245,172.217.194.0-255,2902,21533,94,282525
39558,0.000247,172.31.47.0-255,66,21599,94,282525
39559,0.00027,172.217.194.0-255,2902,24501,94,282525
39560,0.000276,172.31.47.0-255,66,24567,94,282525
39561,0.000283,172.217.194.0-255,6797,31364,94,282525
39562,0.000285,172.31.47.0-255,66,31430,94,282525
39563,0.000399,172.217.194.0-255,1484,32914,94,282525
39564,0.000402,172.31.47.0-255,66,32980,94,282525
39565,0.000407,172.217.194.0-255,2902,35882,94,282525
39566,0.000409,172.31.47.0-255,66,35948,94,282525
39567,0.000414,172.217.194.0-255,4320,40268,94,282525
39568,0.000421,172.31.47.0-255,66,40334,94,282525
39569,0.000429,172.217.194.0-255,1484,41818,94,282525
39570,0.000431,172.31.47.0-255,66,41884,94,282525
39571,0.000457,172.217.194.0-255,5738,47622,94,282525
39572,0.000459,172.31.47.0-255,66,47688,94,282525
39573,0.000505,172.217.194.0-255,100,47788,94,282525
39574,0.000522,172.31.47.0-255,66,47854,94,282525
39575,0.00066,172.217.194.0-255,363,48217,94,282525
39576,0.000966,172.31.47.0-255,66,48283,94,282525
39577,0.00099,172.217.194.0-255,1484,49767,94,282525
39578,0.001013,172.217.194.0-255,2902,52669,94,282525
39579,0.001019,172.217.194.0-255,4320,56989,94,282525
39580,0.001032,172.217.194.0-255,1484,58473,94,282525
39581,0.001036,172.217.194.0-255,2902,61375,94,282525
39582,0.001054,172.217.194.0-255,7156,68531,94,282525
39583,0.001071,172.217.194.0-255,7156,75687,94,282525
39584,0.001085,172.31.47.0-255,66,75753,94,282525
39585,0.001092,172.217.194.0-255,6438,82191,94,282525
39586,0.001125,172.31.47.0-255,66,82257,94,282525
39587,0.001447,172.217.194.0-255,1484,83741,94,282525
39588,0.001455,172.217.194.0-255,2902,86643,94,282525
39589,0.001459,172.31.47.0-255,66,86709,94,282525
39590,0.001466,172.217.194.0-255,5738,92447,94,282525
39591,0.001493,172.217.194.0-255,2902,95349,94,282525
39592,0.001533,172.217.194.0-255,2902,98251,94,282525
39593,0.006198,172.31.47.0-255,66,98317,94,282525
39594,0.008505,172.217.194.0-255,5738,104055,94,282525
39595,0.008514,172.31.47.0-255,66,104121,94,282525
39596,0.010821,172.217.194.0-255,5738,109859,94,282525
39597,0.010833,172.31.47.0-255,66,109925,94,282525
39598,0.013153,172.217.194.0-255,5738,115663,94,282525
39599,0.013161,172.31.47.0-255,66,115729,94,282525
39600,0.015534,172.217.194.0-255,5738,121467,94,282525
39601,0.015544,172.31.47.0-255,66,121533,94,282525
39602,0.017818,172.217.194.0-255,5738,127271,94,282525
39603,0.017825,172.31.47.0-255,66,127337,94,282525
39604,0.020138,172.217.194.0-255,5738,133075,94,282525
39605,0.020143,172.31.47.0-255,66,133141,94,282525
39606,0.022462,172.217.194.0-255,5738,138879,94,282525
39607,0.022469,172.31.47.0-255,66,138945,94,282525
39608,0.024765,172.217.194.0-255,5738,144683,94,282525
39609,0.024772,172.31.47.0-255,66,144749,94,282525
39610,0.027056,172.217.194.0-255,5738,150487,94,282525
39611,0.027063,172.31.47.0-255,66,150553,94,282525
39612,0.027154,172.31.47.0-255,167,150720,94,282525
39613,0.027181,172.31.47.0-255,1116,151836,94,282525
39614,0.027234,172.31.47.0-255,1514,153350,94,282525
39615,0.027236,172.31.47.0-255,1289,154639,94,282525
39616,0.028727,104.244.42.0-255,66,154705,94,282525
39617,0.028734,104.244.42.0-255,66,154771,94,282525
39618,0.028833,104.244.42.0-255,66,154837,94,282525
39619,0.02934,172.217.194.0-255,5738,160575,94,282525
39620,0.029344,172.31.47.0-255,66,160641,94,282525
39621,0.031627,172.217.194.0-255,5738,166379,94,282525
39622,0.031633,172.31.47.0-255,66,166445,94,282525
39623,0.033957,172.217.194.0-255,5738,172183,94,282525
39624,0.033964,172.31.47.0-255,66,172249,94,282525
39625,0.03629,172.217.194.0-255,5738,177987,94,282525
39626,0.036297,172.31.47.0-255,66,178053,94,282525
39627,0.038596,172.217.194.0-255,5738,183791,94,282525
39628,0.038602,172.31.47.0-255,66,183857,94,282525
39629,0.040888,172.217.194.0-255,5738,189595,94,282525
39630,0.040896,172.31.47.0-255,66,189661,94,282525
39631,0.043206,172.217.194.0-255,5738,195399,94,282525
39632,0.043212,172.31.47.0-255,66,195465,94,282525
39633,0.045512,172.217.194.0-255,5738,201203,94,282525
39634,0.045516,172.31.47.0-255,66,201269,94,282525
39635,0.047806,172.217.194.0-255,5738,207007,94,282525
39636,0.047812,172.31.47.0-255,66,207073,94,282525
39637,0.050118,172.217.194.0-255,5738,212811,94,282525
39638,0.050124,172.31.47.0-255,66,212877,94,282525
39639,0.052443,172.217.194.0-255,5738,218615,94,282525
39640,0.052448,172.31.47.0-255,66,218681,94,282525
39641,0.054745,172.217.194.0-255,5738,224419,94,282525
39642,0.05475,172.31.47.0-255,66,224485,94,282525
39643,0.057047,172.217.194.0-255,5738,230223,94,282525
39644,0.057052,172.31.47.0-255,66,230289,94,282525
39645,0.059345,172.217.194.0-255,5738,236027,94,282525
39646,0.059351,172.31.47.0-255,66,236093,94,282525
39647,0.061659,172.217.194.0-255,5738,241831,94,282525
39648,0.061665,172.31.47.0-255,66,241897,94,282525
39649,0.063964,172.217.194.0-255,5738,247635,94,282525
39650,0.063973,172.31.47.0-255,66,247701,94,282525
39651,0.066346,172.217.194.0-255,5738,253439,94,282525
39652,0.066353,172.31.47.0-255,66,253505,94,282525
39653,0.068665,172.217.194.0-255,5738,259243,94,282525
39654,0.068671,172.31.47.0-255,66,259309,94,282525
39655,0.07097,172.217.194.0-255,5738,265047,94,282525
39656,0.070978,172.31.47.0-255,66,265113,94,282525
39657,0.073279,172.217.194.0-255,5738,270851,94,282525
39658,0.073285,172.31.47.0-255,66,270917,94,282525
39659,0.07559,172.217.194.0-255,5738,276655,94,282525
39660,0.075596,172.31.47.0-255,66,276721,94,282525
39661,0.077918,172.217.194.0-255,5738,282459,94,282525
39662,0.077925,172.31.47.0-255,66,282525,94,282525
39663,0.0,172.217.194.0-255,226,226,94,226546
39664,2.2e-05,172.31.47.0-255,66,292,94,226546
39665,2.9e-05,172.217.194.0-255,1484,1776,94,226546
39666,3.3e-05,172.31.47.0-255,66,1842,94,226546
39667,5.3e-05,172.217.194.0-255,2902,4744,94,226546
39668,5.5e-05,172.31.47.0-255,66,4810,94,226546
39669,7.2e-05,172.217.194.0-255,1484,6294,94,226546
39670,7.4e-05,172.31.47.0-255,66,6360,94,226546
39671,0.00025,172.31.47.0-255,66,6426,94,226546
39672,0.000578,172.217.194.0-255,7156,13582,94,226546
39673,0.000584,172.31.47.0-255,66,13648,94,226546
39674,0.000603,172.217.194.0-255,1484,15132,94,226546
39675,0.000606,172.31.47.0-255,66,15198,94,226546
39676,0.000943,172.217.194.0-255,4320,19518,94,226546
39677,0.000947,172.31.47.0-255,66,19584,94,226546
39678,0.000968,172.217.194.0-255,3961,23545,94,226546
39679,0.000986,172.31.47.0-255,66,23611,94,226546
39680,0.003257,172.217.194.0-255,1484,25095,94,226546
39681,0.003265,172.31.47.0-255,66,25161,94,226546
39682,0.003288,172.217.194.0-255,4320,29481,94,226546
39683,0.003291,172.31.47.0-255,66,29547,94,226546
39684,0.005522,172.217.194.0-255,1484,31031,94,226546
39685,0.005528,172.31.47.0-255,66,31097,94,226546
39686,0.005594,172.217.194.0-255,4320,35417,94,226546
39687,0.005599,172.31.47.0-255,66,35483,94,226546
39688,0.007819,172.217.194.0-255,1484,36967,94,226546
39689,0.007826,172.31.47.0-255,66,37033,94,226546
39690,0.007874,172.217.194.0-255,1484,38517,94,226546
39691,0.007878,172.31.47.0-255,66,38583,94,226546
39692,0.007897,172.217.194.0-255,2902,41485,94,226546
39693,0.0079,172.31.47.0-255,66,41551,94,226546
39694,0.010256,172.217.194.0-255,5738,47289,94,226546
39695,0.010287,172.31.47.0-255,66,47355,94,226546
39696,0.012542,172.217.194.0-255,5738,53093,94,226546
39697,0.01255,172.31.47.0-255,66,53159,94,226546
39698,0.014815,172.217.194.0-255,5738,58897,94,226546
39699,0.014827,172.31.47.0-255,66,58963,94,226546
39700,0.017101,172.217.194.0-255,5738,64701,94,226546
39701,0.01711,172.31.47.0-255,66,64767,94,226546
39702,0.019413,172.217.194.0-255,2902,67669,94,226546
39703,0.019422,172.31.47.0-255,66,67735,94,226546
39704,0.019462,172.217.194.0-255,2902,70637,94,226546
39705,0.019467,172.31.47.0-255,66,70703,94,226546
39706,0.021714,172.217.194.0-255,2902,73605,94,226546
39707,0.021722,172.31.47.0-255,66,73671,94,226546
39708,0.021759,172.217.194.0-255,2902,76573,94,226546
39709,0.021762,172.31.47.0-255,66,76639,94,226546
39710,0.024044,172.217.194.0-255,2902,79541,94,226546
39711,0.024052,172.31.47.0-255,66,79607,94,226546
39712,0.024099,172.217.194.0-255,2902,82509,94,226546
39713,0.024103,172.31.47.0-255,66,82575,94,226546
39714,0.026303,172.217.194.0-255,2902,85477,94,226546
39715,0.026313,172.31.47.0-255,66,85543,94,226546
39716,0.026386,172.217.194.0-255,2902,88445,94,226546
39717,0.026391,172.31.47.0-255,66,88511,94,226546
39718,0.027563,172.31.47.0-255,172,88683,94,226546
39719,0.027608,172.31.47.0-255,1071,89754,94,226546
39720,0.028607,172.217.194.0-255,2902,92656,94,226546
39721,0.028614,172.31.47.0-255,66,92722,94,226546
39722,0.028666,172.217.194.0-255,2902,95624,94,226546
39723,0.02867,172.31.47.0-255,66,95690,94,226546
39724,0.029074,104.244.42.0-255,66,95756,94,226546
39725,0.029151,104.244.42.0-255,66,95822,94,226546
39726,0.030903,172.217.194.0-255,2902,98724,94,226546
39727,0.03091,172.31.47.0-255,66,98790,94,226546
39728,0.030958,172.217.194.0-255,2902,101692,94,226546
39729,0.030961,172.31.47.0-255,66,101758,94,226546
39730,0.033184,172.217.194.0-255,2902,104660,94,226546
39731,0.033194,172.31.47.0-255,66,104726,94,226546
39732,0.03323,172.217.194.0-255,2902,107628,94,226546
39733,0.033234,172.31.47.0-255,66,107694,94,226546
39734,0.035465,172.217.194.0-255,2902,110596,94,226546
39735,0.035471,172.31.47.0-255,66,110662,94,226546
39736,0.035516,172.217.194.0-255,2902,113564,94,226546
39737,0.03552,172.31.47.0-255,66,113630,94,226546
39738,0.037754,172.217.194.0-255,2902,116532,94,226546
39739,0.03776,172.31.47.0-255,66,116598,94,226546
39740,0.037804,172.217.194.0-255,2902,119500,94,226546
39741,0.037809,172.31.47.0-255,66,119566,94,226546
39742,0.040043,172.217.194.0-255,2902,122468,94,226546
39743,0.04005,172.31.47.0-255,66,122534,94,226546
39744,0.040096,172.217.194.0-255,2902,125436,94,226546
39745,0.0401,172.31.47.0-255,66,125502,94,226546
39746,0.042365,172.217.194.0-255,2902,128404,94,226546
39747,0.042372,172.31.47.0-255,66,128470,94,226546
39748,0.042406,172.217.194.0-255,2902,131372,94,226546
39749,0.042409,172.31.47.0-255,66,131438,94,226546
39750,0.044649,172.217.194.0-255,2902,134340,94,226546
39751,0.044654,172.31.47.0-255,66,134406,94,226546
39752,0.044709,172.217.194.0-255,2902,137308,94,226546
39753,0.044713,172.31.47.0-255,66,137374,94,226546
39754,0.046928,172.217.194.0-255,2902,140276,94,226546
39755,0.046934,172.31.47.0-255,66,140342,94,226546
39756,0.046985,172.217.194.0-255,2902,143244,94,226546
39757,0.046989,172.31.47.0-255,66,143310,94,226546
39758,0.049212,172.217.194.0-255,2902,146212,94,226546
39759,0.049221,172.31.47.0-255,66,146278,94,226546
39760,0.049274,172.217.194.0-255,2902,149180,94,226546
39761,0.049278,172.31.47.0-255,66,149246,94,226546
39762,0.051534,172.217.194.0-255,2902,152148,94,226546
39763,0.051539,172.31.47.0-255,66,152214,94,226546
39764,0.05158,172.217.194.0-255,2902,155116,94,226546
39765,0.051583,172.31.47.0-255,66,155182,94,226546
39766,0.053842,172.217.194.0-255,2902,158084,94,226546
39767,0.053847,172.31.47.0-255,66,158150,94,226546
39768,0.053882,172.217.194.0-255,2902,161052,94,226546
39769,0.053885,172.31.47.0-255,66,161118,94,226546
39770,0.056106,172.217.194.0-255,2902,164020,94,226546
39771,0.056117,172.31.47.0-255,66,164086,94,226546
39772,0.056159,172.217.194.0-255,2902,166988,94,226546
39773,0.056162,172.31.47.0-255,66,167054,94,226546
39774,0.058392,172.217.194.0-255,2902,169956,94,226546
39775,0.058406,172.31.47.0-255,66,170022,94,226546
39776,0.058454,172.217.194.0-255,2902,172924,94,226546
39777,0.058459,172.31.47.0-255,66,172990,94,226546
39778,0.060713,172.217.194.0-255,2902,175892,94,226546
39779,0.06072,172.31.47.0-255,66,175958,94,226546
39780,0.06075,172.217.194.0-255,2902,178860,94,226546
39781,0.060754,172.31.47.0-255,66,178926,94,226546
39782,0.063035,172.217.194.0-255,2902,181828,94,226546
39783,0.063046,172.31.47.0-255,66,181894,94,226546
39784,0.063075,172.217.194.0-255,2902,184796,94,226546
39785,0.063078,172.31.47.0-255,66,184862,94,226546
39786,0.065323,172.217.194.0-255,2902,187764,94,226546
39787,0.065336,172.31.47.0-255,66,187830,94,226546
39788,0.06537,172.217.194.0-255,2902,190732,94,226546
39789,0.065373,172.31.47.0-255,66,190798,94,226546
39790,0.067598,172.217.194.0-255,2902,193700,94,226546
39791,0.067604,172.31.47.0-255,66,193766,94,226546
39792,0.067651,172.217.194.0-255,2902,196668,94,226546
39793,0.067654,172.31.47.0-255,66,196734,94,226546
39794,0.069908,172.217.194.0-255,2902,199636,94,226546
39795,0.069914,172.31.47.0-255,66,199702,94,226546
39796,0.069959,172.217.194.0-255,2902,202604,94,226546
39797,0.069963,172.31.47.0-255,66,202670,94,226546
39798,0.072221,172.217.194.0-255,2902,205572,94,226546
39799,0.07223,172.31.47.0-255,66,205638,94,226546
39800,0.07226,172.217.194.0-255,1484,207122,94,226546
39801,0.072263,172.31.47.0-255,66,207188,94,226546
39802,0.07228,172.217.194.0-255,1484,208672,94,226546
39803,0.072282,172.31.47.0-255,66,208738,94,226546
39804,0.074489,172.217.194.0-255,2902,211640,94,226546
39805,0.074497,172.31.47.0-255,66,211706,94,226546
39806,0.074531,172.217.194.0-255,2902,214608,94,226546
39807,0.074534,172.31.47.0-255,66,214674,94,226546
39808,0.076747,172.217.194.0-255,2902,217576,94,226546
39809,0.076753,172.31.47.0-255,66,217642,94,226546
39810,0.076799,172.217.194.0-255,2902,220544,94,226546
39811,0.076802,172.31.47.0-255,66,220610,94,226546
39812,0.079073,172.217.194.0-255,2902,223512,94,226546
39813,0.07908,172.31.47.0-255,66,223578,94,226546
39814,0.079107,172.217.194.0-255,2902,226480,94,226546
39815,0.07911,172.31.47.0-255,66,226546,94,226546
39816,0.0,172.217.194.0-255,153,153,94,190942
39817,3e-05,172.31.47.0-255,66,219,94,190942
39818,3.6e-05,172.217.194.0-255,1484,1703,94,190942
39819,4e-05,172.31.47.0-255,66,1769,94,190942
39820,4.4e-05,172.217.194.0-255,2902,4671,94,190942
39821,4.6e-05,172.31.47.0-255,66,4737,94,190942
39822,8.2e-05,172.217.194.0-255,7156,11893,94,190942
39823,8.4e-05,172.31.47.0-255,66,11959,94,190942
39824,8.8e-05,172.217.194.0-255,2201,14160,94,190942
39825,9e-05,172.31.47.0-255,66,14226,94,190942
39826,0.000128,172.217.194.0-255,4320,18546,94,190942
39827,0.000131,172.31.47.0-255,66,18612,94,190942
39828,0.000162,172.217.194.0-255,5738,24350,94,190942
39829,0.000165,172.31.47.0-255,66,24416,94,190942
39830,0.00019,172.217.194.0-255,6797,31213,94,190942
39831,0.000193,172.31.47.0-255,66,31279,94,190942
39832,0.000232,172.217.194.0-255,1484,32763,94,190942
39833,0.000236,172.31.47.0-255,66,32829,94,190942
39834,0.00026,172.217.194.0-255,1484,34313,94,190942
39835,0.000262,172.31.47.0-255,66,34379,94,190942
39836,0.000279,172.217.194.0-255,2902,37281,94,190942
39837,0.000282,172.31.47.0-255,66,37347,94,190942
39838,0.000286,172.217.194.0-255,2902,40249,94,190942
39839,0.000289,172.31.47.0-255,66,40315,94,190942
39840,0.000304,172.217.194.0-255,2902,43217,94,190942
39841,0.00031,172.31.47.0-255,66,43283,94,190942
39842,0.000315,172.217.194.0-255,4320,47603,94,190942
39843,0.000318,172.31.47.0-255,66,47669,94,190942
39844,0.000355,172.31.47.0-255,66,47735,94,190942
39845,0.000379,172.31.47.0-255,66,47801,94,190942
39846,0.000399,172.217.194.0-255,385,48186,94,190942
39847,0.000583,172.217.194.0-255,1484,49670,94,190942
39848,0.000587,172.31.47.0-255,66,49736,94,190942
39849,0.000591,172.217.194.0-255,2902,52638,94,190942
39850,0.000593,172.31.47.0-255,66,52704,94,190942
39851,0.000623,172.217.194.0-255,5738,58442,94,190942
39852,0.000626,172.31.47.0-255,66,58508,94,190942
39853,0.000653,172.31.47.0-255,66,58574,94,190942
39854,0.00068,172.217.194.0-255,5738,64312,94,190942
39855,0.000682,172.31.47.0-255,66,64378,94,190942
39856,0.000713,172.217.194.0-255,6438,70816,94,190942
39857,0.000716,172.31.47.0-255,66,70882,94,190942
39858,0.000951,172.217.194.0-255,1484,72366,94,190942
39859,0.000959,172.217.194.0-255,2902,75268,94,190942
39860,0.000962,172.31.47.0-255,66,75334,94,190942
39861,0.000966,172.217.194.0-255,1484,76818,94,190942
39862,0.000985,172.217.194.0-255,4320,81138,94,190942
39863,0.000987,172.31.47.0-255,66,81204,94,190942
39864,0.000994,172.217.194.0-255,7156,88360,94,190942
39865,0.000996,172.31.47.0-255,66,88426,94,190942
39866,0.001034,172.31.47.0-255,66,88492,94,190942
39867,0.001039,172.217.194.0-255,2184,90676,94,190942
39868,0.001044,172.31.47.0-255,66,90742,94,190942
39869,0.001084,172.217.194.0-255,1484,92226,94,190942
39870,0.001089,172.217.194.0-255,2902,95128,94,190942
39871,0.001092,172.31.47.0-255,66,95194,94,190942
39872,0.001097,172.217.194.0-255,4320,99514,94,190942
39873,0.001099,172.31.47.0-255,66,99580,94,190942
39874,0.001119,172.217.194.0-255,1484,101064,94,190942
39875,0.001158,172.31.47.0-255,66,101130,94,190942
39876,0.001189,172.217.194.0-255,4320,105450,94,190942
39877,0.001193,172.31.47.0-255,66,105516,94,190942
39878,0.001204,172.31.47.0-255,66,105582,94,190942
39879,0.001207,172.217.194.0-255,2902,108484,94,190942
39880,0.00121,172.31.47.0-255,66,108550,94,190942
39881,0.001214,172.217.194.0-255,4320,112870,94,190942
39882,0.001226,172.31.47.0-255,66,112936,94,190942
39883,0.001228,172.31.47.0-255,66,113002,94,190942
39884,0.001272,172.31.47.0-255,66,113068,94,190942
39885,0.00132,172.31.47.0-255,66,113134,94,190942
39886,0.001332,172.31.47.0-255,66,113200,94,190942
39887,0.001337,172.217.194.0-255,2902,116102,94,190942
39888,0.001339,172.31.47.0-255,66,116168,94,190942
39889,0.001369,172.217.194.0-255,6438,122606,94,190942
39890,0.001373,172.31.47.0-255,66,122672,94,190942
39891,0.001384,172.31.47.0-255,66,122738,94,190942
39892,0.00139,172.217.194.0-255,7156,129894,94,190942
39893,0.001392,172.31.47.0-255,66,129960,94,190942
39894,0.001448,172.217.194.0-255,5738,135698,94,190942
39895,0.001451,172.31.47.0-255,66,135764,94,190942
39896,0.001489,172.31.47.0-255,66,135830,94,190942
39897,0.001499,172.31.47.0-255,66,135896,94,190942
39898,0.001525,172.217.194.0-255,5738,141634,94,190942
39899,0.001528,172.31.47.0-255,66,141700,94,190942
39900,0.00154,172.31.47.0-255,66,141766,94,190942
39901,0.001566,172.217.194.0-255,2184,143950,94,190942
39902,0.001568,172.31.47.0-255,66,144016,94,190942
39903,0.001572,172.217.194.0-255,2902,146918,94,190942
39904,0.001574,172.31.47.0-255,66,146984,94,190942
39905,0.001579,172.217.194.0-255,5738,152722,94,190942
39906,0.001581,172.31.47.0-255,66,152788,94,190942
39907,0.001598,172.217.194.0-255,1484,154272,94,190942
39908,0.001602,172.217.194.0-255,4320,158592,94,190942
39909,0.001607,172.31.47.0-255,66,158658,94,190942
39910,0.001636,172.31.47.0-255,66,158724,94,190942
39911,0.001655,172.217.194.0-255,1484,160208,94,190942
39912,0.001664,172.31.47.0-255,66,160274,94,190942
39913,0.001732,172.31.47.0-255,66,160340,94,190942
39914,0.001734,172.31.47.0-255,66,160406,94,190942
39915,0.00176,172.217.194.0-255,6438,166844,94,190942
39916,0.001762,172.31.47.0-255,66,166910,94,190942
39917,0.001765,172.217.194.0-255,1484,168394,94,190942
39918,0.001768,172.217.194.0-255,2902,171296,94,190942
39919,0.001773,172.31.47.0-255,66,171362,94,190942
39920,0.001777,172.217.194.0-255,2902,174264,94,190942
39921,0.001778,172.31.47.0-255,66,174330,94,190942
39922,0.001804,172.217.194.0-255,2902,177232,94,190942
39923,0.001816,172.217.194.0-255,2902,180134,94,190942
39924,0.00182,172.31.47.0-255,66,180200,94,190942
39925,0.001826,172.31.47.0-255,66,180266,94,190942
39926,0.001841,172.217.194.0-255,5738,186004,94,190942
39927,0.001843,172.31.47.0-255,66,186070,94,190942
39928,0.001891,172.31.47.0-255,66,186136,94,190942
39929,0.001914,172.217.194.0-255,105,186241,94,190942
39930,0.003588,172.31.47.0-255,66,186307,94,190942
39931,0.003618,172.31.47.0-255,105,186412,94,190942
39932,0.005616,172.217.194.0-255,66,186478,94,190942
39933,0.023508,172.31.47.0-255,172,186650,94,190942
39934,0.023542,172.31.47.0-255,1116,187766,94,190942
39935,0.023608,172.31.47.0-255,1514,189280,94,190942
39936,0.02363,172.31.47.0-255,1290,190570,94,190942
39937,0.025005,104.244.42.0-255,66,190636,94,190942
39938,0.025033,104.244.42.0-255,66,190702,94,190942
39939,0.025125,104.244.42.0-255,66,190768,94,190942
39940,0.026664,104.244.42.0-255,108,190876,94,190942
39941,0.026668,172.31.47.0-255,66,190942,94,190942
39942,0.0,172.217.194.0-255,153,153,94,274475
39943,2.2e-05,172.31.47.0-255,66,219,94,274475
39944,2.8e-05,172.217.194.0-255,1484,1703,94,274475
39945,3.2e-05,172.31.47.0-255,66,1769,94,274475
39946,3.6e-05,172.217.194.0-255,2902,4671,94,274475
39947,3.8e-05,172.31.47.0-255,66,4737,94,274475
39948,5e-05,172.217.194.0-255,7156,11893,94,274475
39949,5.3e-05,172.31.47.0-255,66,11959,94,274475
39950,5.7e-05,172.217.194.0-255,3628,15587,94,274475
39951,5.9e-05,172.31.47.0-255,66,15653,94,274475
39952,6.4e-05,172.217.194.0-255,2902,18555,94,274475
39953,6.6e-05,172.31.47.0-255,66,18621,94,274475
39954,0.000106,172.31.47.0-255,66,18687,94,274475
39955,0.00011,172.217.194.0-255,2543,21230,94,274475
39956,0.000111,172.31.47.0-255,66,21296,94,274475
39957,0.000154,172.217.194.0-255,1484,22780,94,274475
39958,0.000158,172.31.47.0-255,66,22846,94,274475
39959,0.000162,172.217.194.0-255,2902,25748,94,274475
39960,0.000164,172.31.47.0-255,66,25814,94,274475
39961,0.000166,172.217.194.0-255,1484,27298,94,274475
39962,0.000168,172.31.47.0-255,66,27364,94,274475
39963,0.000187,172.217.194.0-255,4320,31684,94,274475
39964,0.000192,172.31.47.0-255,66,31750,94,274475
39965,0.000198,172.217.194.0-255,5738,37488,94,274475
39966,0.0002,172.31.47.0-255,66,37554,94,274475
39967,0.000219,172.217.194.0-255,7156,44710,94,274475
39968,0.000226,172.31.47.0-255,66,44776,94,274475
39969,0.000256,172.217.194.0-255,5738,50514,94,274475
39970,0.000258,172.31.47.0-255,66,50580,94,274475
39971,0.000275,172.217.194.0-255,5346,55926,94,274475
39972,0.000279,172.31.47.0-255,66,55992,94,274475
39973,0.00031,172.217.194.0-255,5738,61730,94,274475
39974,0.000313,172.31.47.0-255,66,61796,94,274475
39975,0.000342,172.217.194.0-255,5738,67534,94,274475
39976,0.000345,172.31.47.0-255,66,67600,94,274475
39977,0.000356,172.31.47.0-255,66,67666,94,274475
39978,0.000376,172.31.47.0-255,66,67732,94,274475
39979,0.00039,172.217.194.0-255,382,68114,94,274475
39980,0.000446,172.217.194.0-255,1484,69598,94,274475
39981,0.000448,172.31.47.0-255,66,69664,94,274475
39982,0.000452,172.217.194.0-255,1484,71148,94,274475
39983,0.000469,172.217.194.0-255,1484,72632,94,274475
39984,0.000472,172.31.47.0-255,66,72698,94,274475
39985,0.000478,172.217.194.0-255,5738,78436,94,274475
39986,0.00048,172.31.47.0-255,66,78502,94,274475
39987,0.000509,172.217.194.0-255,1484,79986,94,274475
39988,0.000545,172.31.47.0-255,66,80052,94,274475
39989,0.000556,172.31.47.0-255,66,80118,94,274475
39990,0.00067,172.217.194.0-255,1484,81602,94,274475
39991,0.000684,172.217.194.0-255,2902,84504,94,274475
39992,0.000687,172.31.47.0-255,66,84570,94,274475
39993,0.000716,172.217.194.0-255,5738,90308,94,274475
39994,0.000718,172.31.47.0-255,66,90374,94,274475
39995,0.000722,172.217.194.0-255,4320,94694,94,274475
39996,0.000724,172.31.47.0-255,66,94760,94,274475
39997,0.000727,172.217.194.0-255,1484,96244,94,274475
39998,0.000756,172.31.47.0-255,66,96310,94,274475
39999,0.000761,172.217.194.0-255,4320,100630,94,274475
40000,0.000763,172.31.47.0-255,66,100696,94,274475
40001,0.000793,172.217.194.0-255,3602,104298,94,274475
40002,0.000796,172.31.47.0-255,66,104364,94,274475
40003,0.000807,172.217.194.0-255,1484,105848,94,274475
40004,0.000826,172.217.194.0-255,2902,108750,94,274475
40005,0.000829,172.31.47.0-255,66,108816,94,274475
40006,0.000835,172.217.194.0-255,5738,114554,94,274475
40007,0.000837,172.31.47.0-255,66,114620,94,274475
40008,0.000852,172.217.194.0-255,5738,120358,94,274475
40009,0.000856,172.31.47.0-255,66,120424,94,274475
40010,0.000877,172.217.194.0-255,5738,126162,94,274475
40011,0.00088,172.31.47.0-255,66,126228,94,274475
40012,0.00089,172.217.194.0-255,7156,133384,94,274475
40013,0.000892,172.31.47.0-255,66,133450,94,274475
40014,0.000921,172.217.194.0-255,5020,138470,94,274475
40015,0.000923,172.31.47.0-255,66,138536,94,274475
40016,0.000969,172.217.194.0-255,1484,140020,94,274475
40017,0.001005,172.217.194.0-255,2902,142922,94,274475
40018,0.001008,172.31.47.0-255,66,142988,94,274475
40019,0.001033,172.217.194.0-255,4320,147308,94,274475
40020,0.001036,172.31.47.0-255,66,147374,94,274475
40021,0.001041,172.217.194.0-255,4320,151694,94,274475
40022,0.001043,172.31.47.0-255,66,151760,94,274475
40023,0.001066,172.217.194.0-255,4320,156080,94,274475
40024,0.001069,172.31.47.0-255,66,156146,94,274475
40025,0.001086,172.217.194.0-255,7156,163302,94,274475
40026,0.001088,172.31.47.0-255,66,163368,94,274475
40027,0.001124,172.31.47.0-255,66,163434,94,274475
40028,0.001146,172.217.194.0-255,1484,164918,94,274475
40029,0.001165,172.217.194.0-255,2902,167820,94,274475
40030,0.001168,172.31.47.0-255,66,167886,94,274475
40031,0.001171,172.217.194.0-255,1484,169370,94,274475
40032,0.001192,172.217.194.0-255,4320,173690,94,274475
40033,0.001194,172.31.47.0-255,66,173756,94,274475
40034,0.001231,172.217.194.0-255,7156,180912,94,274475
40035,0.001234,172.31.47.0-255,66,180978,94,274475
40036,0.001263,172.217.194.0-255,5738,186716,94,274475
40037,0.001266,172.31.47.0-255,66,186782,94,274475
40038,0.001275,172.31.47.0-255,66,186848,94,274475
40039,0.001302,172.217.194.0-255,2184,189032,94,274475
40040,0.001305,172.31.47.0-255,66,189098,94,274475
40041,0.00134,172.217.194.0-255,2902,192000,94,274475
40042,0.001343,172.31.47.0-255,66,192066,94,274475
40043,0.001346,172.217.194.0-255,1484,193550,94,274475
40044,0.001369,172.217.194.0-255,5738,199288,94,274475
40045,0.001372,172.31.47.0-255,66,199354,94,274475
40046,0.001376,172.217.194.0-255,4320,203674,94,274475
40047,0.001378,172.31.47.0-255,66,203740,94,274475
40048,0.001398,172.217.194.0-255,5738,209478,94,274475
40049,0.001404,172.31.47.0-255,66,209544,94,274475
40050,0.001408,172.217.194.0-255,2902,212446,94,274475
40051,0.001411,172.31.47.0-255,66,212512,94,274475
40052,0.001442,172.31.47.0-255,66,212578,94,274475
40053,0.001446,172.217.194.0-255,2184,214762,94,274475
40054,0.001447,172.31.47.0-255,66,214828,94,274475
40055,0.001534,172.217.194.0-255,1484,216312,94,274475
40056,0.001547,172.217.194.0-255,2902,219214,94,274475
40057,0.00155,172.31.47.0-255,66,219280,94,274475
40058,0.001581,172.217.194.0-255,5738,225018,94,274475
40059,0.001584,172.31.47.0-255,66,225084,94,274475
40060,0.001593,172.31.47.0-255,66,225150,94,274475
40061,0.001633,172.217.194.0-255,2902,228052,94,274475
40062,0.001636,172.31.47.0-255,66,228118,94,274475
40063,0.001673,172.31.47.0-255,66,228184,94,274475
40064,0.001691,172.31.47.0-255,66,228250,94,274475
40065,0.001701,172.31.47.0-255,66,228316,94,274475
40066,0.001729,172.217.194.0-255,5738,234054,94,274475
40067,0.001736,172.31.47.0-255,66,234120,94,274475
40068,0.001742,172.217.194.0-255,5020,239140,94,274475
40069,0.001744,172.31.47.0-255,66,239206,94,274475
40070,0.001749,172.217.194.0-255,4320,243526,94,274475
40071,0.00175,172.31.47.0-255,66,243592,94,274475
40072,0.001777,172.217.194.0-255,1484,245076,94,274475
40073,0.001788,172.31.47.0-255,66,245142,94,274475
40074,0.001808,172.217.194.0-255,4320,249462,94,274475
40075,0.001812,172.31.47.0-255,66,249528,94,274475
40076,0.001818,172.217.194.0-255,7156,256684,94,274475
40077,0.00182,172.31.47.0-255,66,256750,94,274475
40078,0.001842,172.217.194.0-255,1484,258234,94,274475
40079,0.00186,172.217.194.0-255,5020,263254,94,274475
40080,0.001863,172.31.47.0-255,66,263320,94,274475
40081,0.002018,172.217.194.0-255,1484,264804,94,274475
40082,0.002045,172.217.194.0-255,2902,267706,94,274475
40083,0.002049,172.31.47.0-255,66,267772,94,274475
40084,0.002054,172.217.194.0-255,2696,270468,94,274475
40085,0.002056,172.31.47.0-255,66,270534,94,274475
40086,0.002058,172.217.194.0-255,97,270631,94,274475
40087,0.002086,172.217.194.0-255,105,270736,94,274475
40088,0.007948,172.31.47.0-255,66,270802,94,274475
40089,0.007972,172.31.47.0-255,105,270907,94,274475
40090,0.010283,172.217.194.0-255,66,270973,94,274475
40091,0.026061,172.31.47.0-255,172,271145,94,274475
40092,0.026095,172.31.47.0-255,1116,272261,94,274475
40093,0.026126,172.31.47.0-255,1514,273775,94,274475
40094,0.026145,172.31.47.0-255,328,274103,94,274475
40095,0.027599,104.244.42.0-255,66,274169,94,274475
40096,0.027631,104.244.42.0-255,66,274235,94,274475
40097,0.027661,104.244.42.0-255,66,274301,94,274475
40098,0.028355,104.244.42.0-255,108,274409,94,274475
40099,0.02836,172.31.47.0-255,66,274475,94,274475
40100,0.0,172.31.47.0-255,66,66,94,66
40101,0.0,172.217.160.0-255,153,153,94,390020
40102,2.8e-05,172.31.47.0-255,66,219,94,390020
40103,3.5e-05,172.217.160.0-255,1484,1703,94,390020
40104,3.9e-05,172.31.47.0-255,66,1769,94,390020
40105,4.4e-05,172.217.160.0-255,2902,4671,94,390020
40106,4.7e-05,172.31.47.0-255,66,4737,94,390020
40107,5.4e-05,172.217.160.0-255,7156,11893,94,390020
40108,5.6e-05,172.31.47.0-255,66,11959,94,390020
40109,6e-05,172.217.160.0-255,2211,14170,94,390020
40110,6.2e-05,172.31.47.0-255,66,14236,94,390020
40111,0.000101,172.217.160.0-255,2902,17138,94,390020
40112,0.000104,172.31.47.0-255,66,17204,94,390020
40113,0.000108,172.217.160.0-255,2902,20106,94,390020
40114,0.000111,172.31.47.0-255,66,20172,94,390020
40115,0.000126,172.217.160.0-255,1484,21656,94,390020
40116,0.000129,172.31.47.0-255,66,21722,94,390020
40117,0.000139,172.31.47.0-255,66,21788,94,390020
40118,0.000183,172.217.160.0-255,5379,27167,94,390020
40119,0.000186,172.31.47.0-255,66,27233,94,390020
40120,0.000194,172.217.160.0-255,5738,32971,94,390020
40121,0.000196,172.31.47.0-255,66,33037,94,390020
40122,0.0002,172.217.160.0-255,1484,34521,94,390020
40123,0.000202,172.31.47.0-255,66,34587,94,390020
40124,0.000224,172.217.160.0-255,5379,39966,94,390020
40125,0.000226,172.31.47.0-255,66,40032,94,390020
40126,0.0004,172.217.160.0-255,1484,41516,94,390020
40127,0.000405,172.31.47.0-255,66,41582,94,390020
40128,0.00041,172.217.160.0-255,2902,44484,94,390020
40129,0.000412,172.31.47.0-255,66,44550,94,390020
40130,0.000417,172.217.160.0-255,4320,48870,94,390020
40131,0.00042,172.31.47.0-255,66,48936,94,390020
40132,0.000442,172.217.160.0-255,1484,50420,94,390020
40133,0.000466,172.217.160.0-255,1484,51904,94,390020
40134,0.000468,172.31.47.0-255,66,51970,94,390020
40135,0.000486,172.217.160.0-255,5650,57620,94,390020
40136,0.000488,172.31.47.0-255,66,57686,94,390020
40137,0.000664,172.217.160.0-255,120,57806,94,390020
40138,0.000677,172.217.160.0-255,383,58189,94,390020
40139,0.000829,172.31.47.0-255,66,58255,94,390020
40140,0.001152,172.217.160.0-255,1484,59739,94,390020
40141,0.001161,172.217.160.0-255,2902,62641,94,390020
40142,0.001165,172.31.47.0-255,66,62707,94,390020
40143,0.001173,172.217.160.0-255,5738,68445,94,390020
40144,0.001176,172.31.47.0-255,66,68511,94,390020
40145,0.00118,172.217.160.0-255,2902,71413,94,390020
40146,0.001183,172.31.47.0-255,66,71479,94,390020
40147,0.001226,172.217.160.0-255,1484,72963,94,390020
40148,0.001232,172.217.160.0-255,2543,75506,94,390020
40149,0.001235,172.31.47.0-255,66,75572,94,390020
40150,0.001394,172.217.160.0-255,1484,77056,94,390020
40151,0.0014,172.217.160.0-255,2902,79958,94,390020
40152,0.001404,172.31.47.0-255,66,80024,94,390020
40153,0.001409,172.217.160.0-255,2902,82926,94,390020
40154,0.001412,172.31.47.0-255,66,82992,94,390020
40155,0.001426,172.217.160.0-255,2902,85894,94,390020
40156,0.001429,172.31.47.0-255,66,85960,94,390020
40157,0.001434,172.217.160.0-255,4320,90280,94,390020
40158,0.001437,172.31.47.0-255,66,90346,94,390020
40159,0.001468,172.31.47.0-255,66,90412,94,390020
40160,0.001471,172.217.160.0-255,1484,91896,94,390020
40161,0.001488,172.217.160.0-255,5738,97634,94,390020
40162,0.001491,172.31.47.0-255,66,97700,94,390020
40163,0.001511,172.217.160.0-255,3602,101302,94,390020
40164,0.001513,172.31.47.0-255,66,101368,94,390020
40165,0.00165,172.217.160.0-255,1484,102852,94,390020
40166,0.001657,172.217.160.0-255,2902,105754,94,390020
40167,0.001661,172.31.47.0-255,66,105820,94,390020
40168,0.001678,172.217.160.0-255,5738,111558,94,390020
40169,0.001682,172.31.47.0-255,66,111624,94,390020
40170,0.001686,172.217.160.0-255,1484,113108,94,390020
40171,0.003327,172.217.160.0-255,4320,117428,94,390020
40172,0.003332,172.31.47.0-255,66,117494,94,390020
40173,0.004974,172.217.160.0-255,2902,120396,94,390020
40174,0.004978,172.31.47.0-255,66,120462,94,390020
40175,0.004989,172.217.160.0-255,2902,123364,94,390020
40176,0.004991,172.31.47.0-255,66,123430,94,390020
40177,0.006626,172.217.160.0-255,5738,129168,94,390020
40178,0.006634,172.31.47.0-255,66,129234,94,390020
40179,0.008284,172.217.160.0-255,5738,134972,94,390020
40180,0.008292,172.31.47.0-255,66,135038,94,390020
40181,0.00994,172.217.160.0-255,5738,140776,94,390020
40182,0.009948,172.31.47.0-255,66,140842,94,390020
40183,0.011596,172.217.160.0-255,5738,146580,94,390020
40184,0.011603,172.31.47.0-255,66,146646,94,390020
40185,0.013252,172.217.160.0-255,5738,152384,94,390020
40186,0.013259,172.31.47.0-255,66,152450,94,390020
40187,0.014926,172.217.160.0-255,5738,158188,94,390020
40188,0.014933,172.31.47.0-255,66,158254,94,390020
40189,0.016585,172.217.160.0-255,5738,163992,94,390020
40190,0.016592,172.31.47.0-255,66,164058,94,390020
40191,0.018245,172.217.160.0-255,5738,169796,94,390020
40192,0.018259,172.31.47.0-255,66,169862,94,390020
40193,0.01991,172.217.160.0-255,5738,175600,94,390020
40194,0.019919,172.31.47.0-255,66,175666,94,390020
40195,0.021562,172.217.160.0-255,5738,181404,94,390020
40196,0.021571,172.31.47.0-255,66,181470,94,390020
40197,0.023224,172.217.160.0-255,5738,187208,94,390020
40198,0.023228,172.31.47.0-255,66,187274,94,390020
40199,0.023726,172.31.47.0-255,172,187446,94,390020
40200,0.02376,172.31.47.0-255,1116,188562,94,390020
40201,0.023819,172.31.47.0-255,1514,190076,94,390020
40202,0.023821,172.31.47.0-255,1288,191364,94,390020
40203,0.024877,172.217.160.0-255,5738,197102,94,390020
40204,0.024884,172.31.47.0-255,66,197168,94,390020
40205,0.025268,104.244.42.0-255,66,197234,94,390020
40206,0.025432,104.244.42.0-255,66,197300,94,390020
40207,0.025438,104.244.42.0-255,66,197366,94,390020
40208,0.026557,172.217.160.0-255,5738,203104,94,390020
40209,0.026562,172.31.47.0-255,66,203170,94,390020
40210,0.028201,172.217.160.0-255,5738,208908,94,390020
40211,0.028206,172.31.47.0-255,66,208974,94,390020
40212,0.029848,172.217.160.0-255,5738,214712,94,390020
40213,0.029855,172.31.47.0-255,66,214778,94,390020
40214,0.031492,172.217.160.0-255,5738,220516,94,390020
40215,0.031497,172.31.47.0-255,66,220582,94,390020
40216,0.033132,172.217.160.0-255,5738,226320,94,390020
40217,0.033137,172.31.47.0-255,66,226386,94,390020
40218,0.034779,172.217.160.0-255,5738,232124,94,390020
40219,0.034785,172.31.47.0-255,66,232190,94,390020
40220,0.036441,172.217.160.0-255,5738,237928,94,390020
40221,0.036446,172.31.47.0-255,66,237994,94,390020
40222,0.038089,172.217.160.0-255,5738,243732,94,390020
40223,0.038096,172.31.47.0-255,66,243798,94,390020
40224,0.039741,172.217.160.0-255,5738,249536,94,390020
40225,0.039748,172.31.47.0-255,66,249602,94,390020
40226,0.041383,172.217.160.0-255,1484,251086,94,390020
40227,0.041417,172.217.160.0-255,4320,255406,94,390020
40228,0.041424,172.31.47.0-255,66,255472,94,390020
40229,0.043065,172.217.160.0-255,5738,261210,94,390020
40230,0.043071,172.31.47.0-255,66,261276,94,390020
40231,0.044712,172.217.160.0-255,5738,267014,94,390020
40232,0.044719,172.31.47.0-255,66,267080,94,390020
40233,0.046356,172.217.160.0-255,5738,272818,94,390020
40234,0.046362,172.31.47.0-255,66,272884,94,390020
40235,0.048006,172.217.160.0-255,5738,278622,94,390020
40236,0.048012,172.31.47.0-255,66,278688,94,390020
40237,0.049653,172.217.160.0-255,5738,284426,94,390020
40238,0.049659,172.31.47.0-255,66,284492,94,390020
40239,0.051315,172.217.160.0-255,5738,290230,94,390020
40240,0.051324,172.31.47.0-255,66,290296,94,390020
40241,0.052972,172.217.160.0-255,5738,296034,94,390020
40242,0.05298,172.31.47.0-255,66,296100,94,390020
40243,0.054693,172.217.160.0-255,5738,301838,94,390020
40244,0.054699,172.31.47.0-255,66,301904,94,390020
40245,0.056348,172.217.160.0-255,5738,307642,94,390020
40246,0.056359,172.31.47.0-255,66,307708,94,390020
40247,0.058012,172.217.160.0-255,5738,313446,94,390020
40248,0.058021,172.31.47.0-255,66,313512,94,390020
40249,0.059666,172.217.160.0-255,5738,319250,94,390020
40250,0.059674,172.31.47.0-255,66,319316,94,390020
40251,0.061322,172.217.160.0-255,5738,325054,94,390020
40252,0.06133,172.31.47.0-255,66,325120,94,390020
40253,0.062993,172.217.160.0-255,5738,330858,94,390020
40254,0.062998,172.31.47.0-255,66,330924,94,390020
40255,0.064652,172.217.160.0-255,5738,336662,94,390020
40256,0.064659,172.31.47.0-255,66,336728,94,390020
40257,0.066305,172.217.160.0-255,5738,342466,94,390020
40258,0.066311,172.31.47.0-255,66,342532,94,390020
40259,0.067988,172.217.160.0-255,5738,348270,94,390020
40260,0.067996,172.31.47.0-255,66,348336,94,390020
40261,0.069634,172.217.160.0-255,2902,351238,94,390020
40262,0.069639,172.31.47.0-255,66,351304,94,390020
40263,0.069672,172.217.160.0-255,2902,354206,94,390020
40264,0.069675,172.31.47.0-255,66,354272,94,390020
40265,0.071283,172.217.160.0-255,2902,357174,94,390020
40266,0.071288,172.31.47.0-255,66,357240,94,390020
40267,0.071322,172.217.160.0-255,2902,360142,94,390020
40268,0.071325,172.31.47.0-255,66,360208,94,390020
40269,0.072926,172.217.160.0-255,2902,363110,94,390020
40270,0.07293,172.31.47.0-255,66,363176,94,390020
40271,0.07296,172.217.160.0-255,1484,364660,94,390020
40272,0.07297,172.217.160.0-255,1484,366144,94,390020
40273,0.072972,172.31.47.0-255,66,366210,94,390020
40274,0.074564,172.217.160.0-255,2902,369112,94,390020
40275,0.074569,172.31.47.0-255,66,369178,94,390020
40276,0.074601,172.217.160.0-255,2902,372080,94,390020
40277,0.074604,172.31.47.0-255,66,372146,94,390020
40278,0.076225,172.217.160.0-255,2902,375048,94,390020
40279,0.076231,172.31.47.0-255,66,375114,94,390020
40280,0.076262,172.217.160.0-255,2902,378016,94,390020
40281,0.076265,172.31.47.0-255,66,378082,94,390020
40282,0.077867,172.217.160.0-255,2902,380984,94,390020
40283,0.077871,172.31.47.0-255,66,381050,94,390020
40284,0.077899,172.217.160.0-255,1484,382534,94,390020
40285,0.077912,172.217.160.0-255,1484,384018,94,390020
40286,0.077914,172.31.47.0-255,66,384084,94,390020
40287,0.079502,172.217.160.0-255,1484,385568,94,390020
40288,0.07955,172.217.160.0-255,2902,388470,94,390020
40289,0.079555,172.31.47.0-255,66,388536,94,390020
40290,0.079571,172.217.160.0-255,1484,390020,94,390020
40291,0.0,172.31.47.0-255,66,66,94,66
40292,0.0,74.125.24.0-255,153,153,94,304498
40293,2.6e-05,172.31.47.0-255,66,219,94,304498
40294,3.2e-05,74.125.24.0-255,1484,1703,94,304498
40295,3.6e-05,172.31.47.0-255,66,1769,94,304498
40296,4.1e-05,74.125.24.0-255,2902,4671,94,304498
40297,4.3e-05,172.31.47.0-255,66,4737,94,304498
40298,5e-05,74.125.24.0-255,7156,11893,94,304498
40299,5.3e-05,172.31.47.0-255,66,11959,94,304498
40300,8.6e-05,172.31.47.0-255,66,12025,94,304498
40301,9.1e-05,74.125.24.0-255,2902,14927,94,304498
40302,9.3e-05,172.31.47.0-255,66,14993,94,304498
40303,0.000113,172.31.47.0-255,66,15059,94,304498
40304,0.000183,74.125.24.0-255,1484,16543,94,304498
40305,0.000187,172.31.47.0-255,66,16609,94,304498
40306,0.000197,74.125.24.0-255,2902,19511,94,304498
40307,0.000199,172.31.47.0-255,66,19577,94,304498
40308,0.000221,74.125.24.0-255,5738,25315,94,304498
40309,0.000223,172.31.47.0-255,66,25381,94,304498
40310,0.000239,74.125.24.0-255,1484,26865,94,304498
40311,0.000242,172.31.47.0-255,66,26931,94,304498
40312,0.000268,172.31.47.0-255,66,26997,94,304498
40313,0.000278,172.31.47.0-255,66,27063,94,304498
40314,0.000307,74.125.24.0-255,1434,28497,94,304498
40315,0.00031,172.31.47.0-255,66,28563,94,304498
40316,0.000342,74.125.24.0-255,113,28676,94,304498
40317,0.000344,172.31.47.0-255,66,28742,94,304498
40318,0.000359,74.125.24.0-255,330,29072,94,304498
40319,0.000362,172.31.47.0-255,66,29138,94,304498
40320,0.000678,74.125.24.0-255,1484,30622,94,304498
40321,0.000682,74.125.24.0-255,1484,32106,94,304498
40322,0.000685,172.31.47.0-255,66,32172,94,304498
40323,0.000703,74.125.24.0-255,1484,33656,94,304498
40324,0.00071,74.125.24.0-255,5738,39394,94,304498
40325,0.000712,172.31.47.0-255,66,39460,94,304498
40326,0.000728,74.125.24.0-255,1484,40944,94,304498
40327,0.00075,172.31.47.0-255,66,41010,94,304498
40328,0.000752,74.125.24.0-255,1484,42494,94,304498
40329,0.000771,172.31.47.0-255,66,42560,94,304498
40330,0.000788,74.125.24.0-255,1484,44044,94,304498
40331,0.000807,74.125.24.0-255,2184,46228,94,304498
40332,0.000809,172.31.47.0-255,66,46294,94,304498
40333,0.001082,74.125.24.0-255,1484,47778,94,304498
40334,0.0011,74.125.24.0-255,2902,50680,94,304498
40335,0.001104,172.31.47.0-255,66,50746,94,304498
40336,0.001111,74.125.24.0-255,4320,55066,94,304498
40337,0.001113,172.31.47.0-255,66,55132,94,304498
40338,0.001147,172.31.47.0-255,66,55198,94,304498
40339,0.001168,74.125.24.0-255,7156,62354,94,304498
40340,0.001171,172.31.47.0-255,66,62420,94,304498
40341,0.001194,74.125.24.0-255,4320,66740,94,304498
40342,0.001196,172.31.47.0-255,66,66806,94,304498
40343,0.001212,74.125.24.0-255,5020,71826,94,304498
40344,0.001214,172.31.47.0-255,66,71892,94,304498
40345,0.001405,74.125.24.0-255,1484,73376,94,304498
40346,0.001412,74.125.24.0-255,2902,76278,94,304498
40347,0.001416,172.31.47.0-255,66,76344,94,304498
40348,0.001437,74.125.24.0-255,5738,82082,94,304498
40349,0.00144,172.31.47.0-255,66,82148,94,304498
40350,0.001444,74.125.24.0-255,1484,83632,94,304498
40351,0.001469,172.31.47.0-255,66,83698,94,304498
40352,0.001476,74.125.24.0-255,7156,90854,94,304498
40353,0.001478,172.31.47.0-255,66,90920,94,304498
40354,0.001529,74.125.24.0-255,3602,94522,94,304498
40355,0.001532,172.31.47.0-255,66,94588,94,304498
40356,0.001963,74.125.24.0-255,1484,96072,94,304498
40357,0.001969,74.125.24.0-255,1484,97556,94,304498
40358,0.001973,172.31.47.0-255,66,97622,94,304498
40359,0.001991,74.125.24.0-255,1484,99106,94,304498
40360,0.001997,74.125.24.0-255,5738,104844,94,304498
40361,0.002,172.31.47.0-255,66,104910,94,304498
40362,0.002023,74.125.24.0-255,2902,107812,94,304498
40363,0.002025,172.31.47.0-255,66,107878,94,304498
40364,0.00205,172.31.47.0-255,66,107944,94,304498
40365,0.002061,172.31.47.0-255,66,108010,94,304498
40366,0.002081,74.125.24.0-255,2184,110194,94,304498
40367,0.002083,172.31.47.0-255,66,110260,94,304498
40368,0.004356,74.125.24.0-255,5738,115998,94,304498
40369,0.004361,172.31.47.0-255,66,116064,94,304498
40370,0.006677,74.125.24.0-255,5738,121802,94,304498
40371,0.006682,172.31.47.0-255,66,121868,94,304498
40372,0.009015,74.125.24.0-255,5738,127606,94,304498
40373,0.009021,172.31.47.0-255,66,127672,94,304498
40374,0.011305,74.125.24.0-255,5738,133410,94,304498
40375,0.011312,172.31.47.0-255,66,133476,94,304498
40376,0.013669,74.125.24.0-255,5738,139214,94,304498
40377,0.013677,172.31.47.0-255,66,139280,94,304498
40378,0.016039,74.125.24.0-255,5738,145018,94,304498
40379,0.016048,172.31.47.0-255,66,145084,94,304498
40380,0.018312,74.125.24.0-255,4320,149404,94,304498
40381,0.018317,172.31.47.0-255,66,149470,94,304498
40382,0.018332,74.125.24.0-255,1484,150954,94,304498
40383,0.020652,74.125.24.0-255,4320,155274,94,304498
40384,0.020658,172.31.47.0-255,66,155340,94,304498
40385,0.022995,74.125.24.0-255,5738,161078,94,304498
40386,0.022999,172.31.47.0-255,66,161144,94,304498
40387,0.023807,172.31.47.0-255,172,161316,94,304498
40388,0.023922,172.31.47.0-255,1118,162434,94,304498
40389,0.023978,172.31.47.0-255,1514,163948,94,304498
40390,0.023979,172.31.47.0-255,1286,165234,94,304498
40391,0.025319,74.125.24.0-255,5738,170972,94,304498
40392,0.025327,172.31.47.0-255,66,171038,94,304498
40393,0.025369,104.244.42.0-255,66,171104,94,304498
40394,0.025464,104.244.42.0-255,66,171170,94,304498
40395,0.025541,104.244.42.0-255,66,171236,94,304498
40396,0.027615,74.125.24.0-255,2902,174138,94,304498
40397,0.02762,172.31.47.0-255,66,174204,94,304498
40398,0.027647,74.125.24.0-255,2902,177106,94,304498
40399,0.027649,172.31.47.0-255,66,177172,94,304498
40400,0.029893,74.125.24.0-255,2902,180074,94,304498
40401,0.029898,172.31.47.0-255,66,180140,94,304498
40402,0.03001,74.125.24.0-255,2902,183042,94,304498
40403,0.030014,172.31.47.0-255,66,183108,94,304498
40404,0.032233,74.125.24.0-255,2902,186010,94,304498
40405,0.032237,172.31.47.0-255,66,186076,94,304498
40406,0.032338,74.125.24.0-255,2902,188978,94,304498
40407,0.032342,172.31.47.0-255,66,189044,94,304498
40408,0.034561,74.125.24.0-255,2902,191946,94,304498
40409,0.034566,172.31.47.0-255,66,192012,94,304498
40410,0.034615,74.125.24.0-255,2902,194914,94,304498
40411,0.034618,172.31.47.0-255,66,194980,94,304498
40412,0.03684,74.125.24.0-255,2902,197882,94,304498
40413,0.036845,172.31.47.0-255,66,197948,94,304498
40414,0.036937,74.125.24.0-255,2902,200850,94,304498
40415,0.036941,172.31.47.0-255,66,200916,94,304498
40416,0.039156,74.125.24.0-255,2902,203818,94,304498
40417,0.039161,172.31.47.0-255,66,203884,94,304498
40418,0.03923,74.125.24.0-255,2902,206786,94,304498
40419,0.039234,172.31.47.0-255,66,206852,94,304498
40420,0.041504,74.125.24.0-255,2902,209754,94,304498
40421,0.041509,172.31.47.0-255,66,209820,94,304498
40422,0.041532,74.125.24.0-255,2902,212722,94,304498
40423,0.041534,172.31.47.0-255,66,212788,94,304498
40424,0.043841,74.125.24.0-255,5738,218526,94,304498
40425,0.043846,172.31.47.0-255,66,218592,94,304498
40426,0.046135,74.125.24.0-255,5738,224330,94,304498
40427,0.046141,172.31.47.0-255,66,224396,94,304498
40428,0.048434,74.125.24.0-255,5738,230134,94,304498
40429,0.048439,172.31.47.0-255,66,230200,94,304498
40430,0.050695,74.125.24.0-255,2902,233102,94,304498
40431,0.050699,172.31.47.0-255,66,233168,94,304498
40432,0.050728,74.125.24.0-255,2902,236070,94,304498
40433,0.05073,172.31.47.0-255,66,236136,94,304498
40434,0.05299,74.125.24.0-255,5738,241874,94,304498
40435,0.052996,172.31.47.0-255,66,241940,94,304498
40436,0.055298,74.125.24.0-255,5738,247678,94,304498
40437,0.055304,172.31.47.0-255,66,247744,94,304498
40438,0.057598,74.125.24.0-255,5738,253482,94,304498
40439,0.057615,172.31.47.0-255,66,253548,94,304498
40440,0.05997,74.125.24.0-255,5738,259286,94,304498
40441,0.059977,172.31.47.0-255,66,259352,94,304498
40442,0.062283,74.125.24.0-255,5738,265090,94,304498
40443,0.062287,172.31.47.0-255,66,265156,94,304498
40444,0.064588,74.125.24.0-255,5738,270894,94,304498
40445,0.064594,172.31.47.0-255,66,270960,94,304498
40446,0.066902,74.125.24.0-255,5738,276698,94,304498
40447,0.066907,172.31.47.0-255,66,276764,94,304498
40448,0.069186,74.125.24.0-255,4320,281084,94,304498
40449,0.069191,172.31.47.0-255,66,281150,94,304498
40450,0.069226,74.125.24.0-255,1484,282634,94,304498
40451,0.071457,74.125.24.0-255,4320,286954,94,304498
40452,0.071462,172.31.47.0-255,66,287020,94,304498
40453,0.07375,74.125.24.0-255,5738,292758,94,304498
40454,0.073754,172.31.47.0-255,66,292824,94,304498
40455,0.076058,74.125.24.0-255,5738,298562,94,304498
40456,0.076064,172.31.47.0-255,66,298628,94,304498
40457,0.078332,74.125.24.0-255,4320,302948,94,304498
40458,0.078336,172.31.47.0-255,66,303014,94,304498
40459,0.078363,74.125.24.0-255,1484,304498,94,304498
40460,0.0,172.253.118.0-255,153,153,94,326773
40461,2.3e-05,172.31.47.0-255,66,219,94,326773
40462,3e-05,172.253.118.0-255,1484,1703,94,326773
40463,3.3e-05,172.31.47.0-255,66,1769,94,326773
40464,4.6e-05,172.253.118.0-255,2902,4671,94,326773
40465,4.8e-05,172.31.47.0-255,66,4737,94,326773
40466,5.3e-05,172.253.118.0-255,4320,9057,94,326773
40467,5.5e-05,172.31.47.0-255,66,9123,94,326773
40468,7.5e-05,172.253.118.0-255,2902,12025,94,326773
40469,7.8e-05,172.31.47.0-255,66,12091,94,326773
40470,8.2e-05,172.253.118.0-255,2206,14297,94,326773
40471,8.3e-05,172.31.47.0-255,66,14363,94,326773
40472,0.000105,172.253.118.0-255,5738,20101,94,326773
40473,0.000107,172.31.47.0-255,66,20167,94,326773
40474,0.000127,172.253.118.0-255,5738,25905,94,326773
40475,0.000129,172.31.47.0-255,66,25971,94,326773
40476,0.000134,172.253.118.0-255,5379,31350,94,326773
40477,0.000136,172.31.47.0-255,66,31416,94,326773
40478,0.000237,172.253.118.0-255,1484,32900,94,326773
40479,0.000241,172.31.47.0-255,66,32966,94,326773
40480,0.000254,172.253.118.0-255,2902,35868,94,326773
40481,0.000256,172.31.47.0-255,66,35934,94,326773
40482,0.000262,172.253.118.0-255,5738,41672,94,326773
40483,0.000264,172.31.47.0-255,66,41738,94,326773
40484,0.00029,172.253.118.0-255,5738,47476,94,326773
40485,0.000293,172.31.47.0-255,66,47542,94,326773
40486,0.000317,172.253.118.0-255,4320,51862,94,326773
40487,0.000319,172.31.47.0-255,66,51928,94,326773
40488,0.000349,172.253.118.0-255,4239,56167,94,326773
40489,0.00035,172.31.47.0-255,66,56233,94,326773
40490,0.000353,172.31.47.0-255,66,56299,94,326773
40491,0.000366,172.253.118.0-255,132,56431,94,326773
40492,0.000377,172.253.118.0-255,343,56774,94,326773
40493,0.000647,172.253.118.0-255,1484,58258,94,326773
40494,0.000651,172.31.47.0-255,66,58324,94,326773
40495,0.000669,172.253.118.0-255,2902,61226,94,326773
40496,0.000675,172.31.47.0-255,66,61292,94,326773
40497,0.000694,172.253.118.0-255,4320,65612,94,326773
40498,0.000697,172.31.47.0-255,66,65678,94,326773
40499,0.0007,172.253.118.0-255,1484,67162,94,326773
40500,0.000721,172.253.118.0-255,7156,74318,94,326773
40501,0.000727,172.31.47.0-255,66,74384,94,326773
40502,0.000733,172.253.118.0-255,2902,77286,94,326773
40503,0.00074,172.31.47.0-255,66,77352,94,326773
40504,0.000761,172.31.47.0-255,66,77418,94,326773
40505,0.000778,172.253.118.0-255,2184,79602,94,326773
40506,0.000782,172.31.47.0-255,66,79668,94,326773
40507,0.001466,172.253.118.0-255,1484,81152,94,326773
40508,0.001474,172.253.118.0-255,2902,84054,94,326773
40509,0.001478,172.31.47.0-255,66,84120,94,326773
40510,0.001483,172.253.118.0-255,2902,87022,94,326773
40511,0.0015,172.253.118.0-255,2902,89924,94,326773
40512,0.001502,172.253.118.0-255,1484,91408,94,326773
40513,0.001506,172.253.118.0-255,4320,95728,94,326773
40514,0.001522,172.253.118.0-255,4320,100048,94,326773
40515,0.001703,172.253.118.0-255,1484,101532,94,326773
40516,0.001713,172.253.118.0-255,2902,104434,94,326773
40517,0.001723,172.253.118.0-255,2902,107336,94,326773
40518,0.001736,172.253.118.0-255,2902,110238,94,326773
40519,0.00174,172.253.118.0-255,4320,114558,94,326773
40520,0.00177,172.253.118.0-255,1484,116042,94,326773
40521,0.001863,172.253.118.0-255,2902,118944,94,326773
40522,0.00189,172.253.118.0-255,2902,121846,94,326773
40523,0.001898,172.253.118.0-255,1484,123330,94,326773
40524,0.001907,172.253.118.0-255,1484,124814,94,326773
40525,0.001932,172.253.118.0-255,1484,126298,94,326773
40526,0.001957,172.253.118.0-255,1484,127782,94,326773
40527,0.001967,172.253.118.0-255,3602,131384,94,326773
40528,0.00205,172.253.118.0-255,1484,132868,94,326773
40529,0.002062,172.253.118.0-255,2902,135770,94,326773
40530,0.002074,172.253.118.0-255,1484,137254,94,326773
40531,0.00209,172.253.118.0-255,4320,141574,94,326773
40532,0.002092,172.253.118.0-255,1484,143058,94,326773
40533,0.002139,172.253.118.0-255,2184,145242,94,326773
40534,0.002273,172.253.118.0-255,1484,146726,94,326773
40535,0.002282,172.253.118.0-255,1484,148210,94,326773
40536,0.002291,172.253.118.0-255,1484,149694,94,326773
40537,0.002306,172.253.118.0-255,5738,155432,94,326773
40538,0.00231,172.253.118.0-255,4320,159752,94,326773
40539,0.002327,172.253.118.0-255,2902,162654,94,326773
40540,0.002335,172.253.118.0-255,4320,166974,94,326773
40541,0.003896,172.31.47.0-255,66,167040,94,326773
40542,0.006225,172.253.118.0-255,5738,172778,94,326773
40543,0.006231,172.31.47.0-255,66,172844,94,326773
40544,0.008536,172.253.118.0-255,5738,178582,94,326773
40545,0.008543,172.31.47.0-255,66,178648,94,326773
40546,0.010827,172.253.118.0-255,5738,184386,94,326773
40547,0.011898,172.31.47.0-255,66,184452,94,326773
40548,0.014197,172.253.118.0-255,5738,190190,94,326773
40549,0.014205,172.31.47.0-255,66,190256,94,326773
40550,0.016515,172.253.118.0-255,5738,195994,94,326773
40551,0.016522,172.31.47.0-255,66,196060,94,326773
40552,0.018808,172.253.118.0-255,4320,200380,94,326773
40553,0.018814,172.31.47.0-255,66,200446,94,326773
40554,0.018846,172.253.118.0-255,1484,201930,94,326773
40555,0.02111,172.253.118.0-255,4320,206250,94,326773
40556,0.021116,172.31.47.0-255,66,206316,94,326773
40557,0.02163,172.31.47.0-255,172,206488,94,326773
40558,0.021662,172.31.47.0-255,1116,207604,94,326773
40559,0.021688,172.31.47.0-255,1514,209118,94,326773
40560,0.021689,172.31.47.0-255,330,209448,94,326773
40561,0.023119,104.244.42.0-255,66,209514,94,326773
40562,0.02315,104.244.42.0-255,66,209580,94,326773
40563,0.023184,104.244.42.0-255,66,209646,94,326773
40564,0.023405,172.253.118.0-255,4320,213966,94,326773
40565,0.023408,172.31.47.0-255,66,214032,94,326773
40566,0.023431,172.253.118.0-255,1484,215516,94,326773
40567,0.025704,172.253.118.0-255,4320,219836,94,326773
40568,0.025708,172.31.47.0-255,66,219902,94,326773
40569,0.028009,172.253.118.0-255,4320,224222,94,326773
40570,0.028014,172.31.47.0-255,66,224288,94,326773
40571,0.028035,172.253.118.0-255,1484,225772,94,326773
40572,0.030312,172.253.118.0-255,4320,230092,94,326773
40573,0.030318,172.31.47.0-255,66,230158,94,326773
40574,0.032606,172.253.118.0-255,5738,235896,94,326773
40575,0.03265,172.31.47.0-255,66,235962,94,326773
40576,0.034943,172.253.118.0-255,5738,241700,94,326773
40577,0.034947,172.31.47.0-255,66,241766,94,326773
40578,0.037237,172.253.118.0-255,5738,247504,94,326773
40579,0.037242,172.31.47.0-255,66,247570,94,326773
40580,0.039553,172.253.118.0-255,5738,253308,94,326773
40581,0.039558,172.31.47.0-255,66,253374,94,326773
40582,0.041853,172.253.118.0-255,4320,257694,94,326773
40583,0.041859,172.31.47.0-255,66,257760,94,326773
40584,0.041876,172.253.118.0-255,1484,259244,94,326773
40585,0.044173,172.253.118.0-255,4320,263564,94,326773
40586,0.044178,172.31.47.0-255,66,263630,94,326773
40587,0.046482,172.253.118.0-255,5738,269368,94,326773
40588,0.046544,172.31.47.0-255,66,269434,94,326773
40589,0.048846,172.253.118.0-255,5738,275172,94,326773
40590,0.048851,172.31.47.0-255,66,275238,94,326773
40591,0.051157,172.253.118.0-255,5738,280976,94,326773
40592,0.051162,172.31.47.0-255,66,281042,94,326773
40593,0.05346,172.253.118.0-255,5738,286780,94,326773
40594,0.053465,172.31.47.0-255,66,286846,94,326773
40595,0.055776,172.253.118.0-255,5738,292584,94,326773
40596,0.05578,172.31.47.0-255,66,292650,94,326773
40597,0.058076,172.253.118.0-255,5738,298388,94,326773
40598,0.058081,172.31.47.0-255,66,298454,94,326773
40599,0.060382,172.253.118.0-255,5738,304192,94,326773
40600,0.060387,172.31.47.0-255,66,304258,94,326773
40601,0.062692,172.253.118.0-255,5738,309996,94,326773
40602,0.062699,172.31.47.0-255,66,310062,94,326773
40603,0.064999,172.253.118.0-255,5738,315800,94,326773
40604,0.065004,172.31.47.0-255,66,315866,94,326773
40605,0.067319,172.253.118.0-255,5738,321604,94,326773
40606,0.067324,172.31.47.0-255,66,321670,94,326773
40607,0.069635,172.253.118.0-255,4866,326536,94,326773
40608,0.06964,172.31.47.0-255,66,326602,94,326773
40609,0.069812,172.31.47.0-255,105,326707,94,326773
40610,0.072056,172.253.118.0-255,66,326773,94,326773
40611,0.0,172.31.47.0-255,66,66,94,66
40612,0.0,74.125.24.0-255,150,150,94,263576
40613,2.6e-05,172.31.47.0-255,66,216,94,263576
40614,3.4e-05,74.125.24.0-255,1484,1700,94,263576
40615,3.8e-05,172.31.47.0-255,66,1766,94,263576
40616,4.2e-05,74.125.24.0-255,2902,4668,94,263576
40617,5.2e-05,172.31.47.0-255,66,4734,94,263576
40618,6e-05,74.125.24.0-255,7156,11890,94,263576
40619,6.2e-05,172.31.47.0-255,66,11956,94,263576
40620,9.5e-05,74.125.24.0-255,2094,14050,94,263576
40621,9.8e-05,172.31.47.0-255,66,14116,94,263576
40622,0.000387,74.125.24.0-255,1484,15600,94,263576
40623,0.000394,172.31.47.0-255,66,15666,94,263576
40624,0.000418,74.125.24.0-255,2902,18568,94,263576
40625,0.000423,172.31.47.0-255,66,18634,94,263576
40626,0.000451,74.125.24.0-255,2902,21536,94,263576
40627,0.000456,74.125.24.0-255,4320,25856,94,263576
40628,0.000456,172.31.47.0-255,66,25922,94,263576
40629,0.000459,172.31.47.0-255,66,25988,94,263576
40630,0.000483,74.125.24.0-255,4320,30308,94,263576
40631,0.000491,172.31.47.0-255,66,30374,94,263576
40632,0.000525,74.125.24.0-255,1125,31499,94,263576
40633,0.000528,172.31.47.0-255,66,31565,94,263576
40634,0.000661,74.125.24.0-255,1484,33049,94,263576
40635,0.000666,172.31.47.0-255,66,33115,94,263576
40636,0.000697,74.125.24.0-255,2902,36017,94,263576
40637,0.000701,172.31.47.0-255,66,36083,94,263576
40638,0.000747,74.125.24.0-255,4320,40403,94,263576
40639,0.000751,172.31.47.0-255,66,40469,94,263576
40640,0.000758,74.125.24.0-255,5738,46207,94,263576
40641,0.00076,172.31.47.0-255,66,46273,94,263576
40642,0.000771,74.125.24.0-255,2543,48816,94,263576
40643,0.000775,172.31.47.0-255,66,48882,94,263576
40644,0.000779,74.125.24.0-255,2902,51784,94,263576
40645,0.000809,74.125.24.0-255,7156,58940,94,263576
40646,0.000841,74.125.24.0-255,1484,60424,94,263576
40647,0.000863,74.125.24.0-255,5652,66076,94,263576
40648,0.000867,74.125.24.0-255,381,66457,94,263576
40649,0.000895,74.125.24.0-255,1484,67941,94,263576
40650,0.000901,74.125.24.0-255,4320,72261,94,263576
40651,0.000918,74.125.24.0-255,4320,76581,94,263576
40652,0.000934,74.125.24.0-255,5738,82319,94,263576
40653,0.000939,74.125.24.0-255,2902,85221,94,263576
40654,0.000956,74.125.24.0-255,5738,90959,94,263576
40655,0.000986,74.125.24.0-255,2902,93861,94,263576
40656,0.001009,74.125.24.0-255,6438,100299,94,263576
40657,0.001093,74.125.24.0-255,1484,101783,94,263576
40658,0.001105,74.125.24.0-255,1484,103267,94,263576
40659,0.001125,74.125.24.0-255,1484,104751,94,263576
40660,0.001131,74.125.24.0-255,5738,110489,94,263576
40661,0.001144,74.125.24.0-255,2902,113391,94,263576
40662,0.001161,74.125.24.0-255,7156,120547,94,263576
40663,0.001192,74.125.24.0-255,4320,124867,94,263576
40664,0.001213,74.125.24.0-255,5738,130605,94,263576
40665,0.001272,74.125.24.0-255,4320,134925,94,263576
40666,0.001279,74.125.24.0-255,7156,142081,94,263576
40667,0.001306,74.125.24.0-255,2902,144983,94,263576
40668,0.001322,74.125.24.0-255,2184,147167,94,263576
40669,0.001349,74.125.24.0-255,1484,148651,94,263576
40670,0.001365,74.125.24.0-255,2902,151553,94,263576
40671,0.001378,74.125.24.0-255,2902,154455,94,263576
40672,0.001391,74.125.24.0-255,2902,157357,94,263576
40673,0.001403,74.125.24.0-255,2902,160259,94,263576
40674,0.00142,74.125.24.0-255,1484,161743,94,263576
40675,0.001425,74.125.24.0-255,5738,167481,94,263576
40676,0.001428,74.125.24.0-255,1484,168965,94,263576
40677,0.001454,74.125.24.0-255,2184,171149,94,263576
40678,0.00154,74.125.24.0-255,1484,172633,94,263576
40679,0.001544,74.125.24.0-255,2902,175535,94,263576
40680,0.001563,74.125.24.0-255,5738,181273,94,263576
40681,0.001576,74.125.24.0-255,1484,182757,94,263576
40682,0.001592,74.125.24.0-255,5738,188495,94,263576
40683,0.001617,74.125.24.0-255,5738,194233,94,263576
40684,0.001664,74.125.24.0-255,1484,195717,94,263576
40685,0.001668,74.125.24.0-255,2902,198619,94,263576
40686,0.001687,74.125.24.0-255,5738,204357,94,263576
40687,0.001705,74.125.24.0-255,5738,210095,94,263576
40688,0.001726,74.125.24.0-255,4320,214415,94,263576
40689,0.001793,74.125.24.0-255,766,215181,94,263576
40690,0.001834,74.125.24.0-255,7156,222337,94,263576
40691,0.001854,74.125.24.0-255,7156,229493,94,263576
40692,0.001866,74.125.24.0-255,3602,233095,94,263576
40693,0.002896,74.125.24.0-255,1484,234579,94,263576
40694,0.002915,74.125.24.0-255,2902,237481,94,263576
40695,0.00297,74.125.24.0-255,4320,241801,94,263576
40696,0.002993,74.125.24.0-255,1484,243285,94,263576
40697,0.003043,74.125.24.0-255,766,244051,94,263576
40698,0.003099,74.125.24.0-255,1484,245535,94,263576
40699,0.003116,74.125.24.0-255,2902,248437,94,263576
40700,0.003135,74.125.24.0-255,5738,254175,94,263576
40701,0.003142,172.31.47.0-255,66,254241,94,263576
40702,0.003179,172.31.47.0-255,66,254307,94,263576
40703,0.003219,74.125.24.0-255,2902,257209,94,263576
40704,0.003221,172.31.47.0-255,66,257275,94,263576
40705,0.003226,172.31.47.0-255,66,257341,94,263576
40706,0.003268,172.31.47.0-255,66,257407,94,263576
40707,0.003284,172.31.47.0-255,66,257473,94,263576
40708,0.003294,74.125.24.0-255,4320,261793,94,263576
40709,0.0033,172.31.47.0-255,66,261859,94,263576
40710,0.00334,74.125.24.0-255,105,261964,94,263576
40711,0.003352,172.31.47.0-255,66,262030,94,263576
40712,0.009628,172.31.47.0-255,105,262135,94,263576
40713,0.011679,74.125.24.0-255,66,262201,94,263576
40714,0.035761,172.31.47.0-255,172,262373,94,263576
40715,0.035794,172.31.47.0-255,1071,263444,94,263576
40716,0.037341,104.244.42.0-255,66,263510,94,263576
40717,0.037387,104.244.42.0-255,66,263576,94,263576
40718,0.0,74.125.24.0-255,152,152,94,209741
40719,2.9e-05,172.31.47.0-255,66,218,94,209741
40720,3.5e-05,74.125.24.0-255,1484,1702,94,209741
40721,3.8e-05,172.31.47.0-255,66,1768,94,209741
40722,4.2e-05,74.125.24.0-255,2902,4670,94,209741
40723,4.4e-05,172.31.47.0-255,66,4736,94,209741
40724,5.8e-05,74.125.24.0-255,7156,11892,94,209741
40725,6.1e-05,172.31.47.0-255,66,11958,94,209741
40726,6.4e-05,74.125.24.0-255,2012,13970,94,209741
40727,6.7e-05,172.31.47.0-255,66,14036,94,209741
40728,0.000113,74.125.24.0-255,1484,15520,94,209741
40729,0.000116,172.31.47.0-255,66,15586,94,209741
40730,0.000121,74.125.24.0-255,2902,18488,94,209741
40731,0.000124,172.31.47.0-255,66,18554,94,209741
40732,0.00015,74.125.24.0-255,5738,24292,94,209741
40733,0.000153,172.31.47.0-255,66,24358,94,209741
40734,0.00016,74.125.24.0-255,5738,30096,94,209741
40735,0.000161,172.31.47.0-255,66,30162,94,209741
40736,0.000176,74.125.24.0-255,1125,31287,94,209741
40737,0.000179,172.31.47.0-255,66,31353,94,209741
40738,0.000188,74.125.24.0-255,5738,37091,94,209741
40739,0.00019,172.31.47.0-255,66,37157,94,209741
40740,0.00021,74.125.24.0-255,1484,38641,94,209741
40741,0.000212,172.31.47.0-255,66,38707,94,209741
40742,0.000218,74.125.24.0-255,5738,44445,94,209741
40743,0.00022,172.31.47.0-255,66,44511,94,209741
40744,0.000243,74.125.24.0-255,3961,48472,94,209741
40745,0.000246,172.31.47.0-255,66,48538,94,209741
40746,0.000288,74.125.24.0-255,1484,50022,94,209741
40747,0.000291,172.31.47.0-255,66,50088,94,209741
40748,0.000296,74.125.24.0-255,2902,52990,94,209741
40749,0.000298,172.31.47.0-255,66,53056,94,209741
40750,0.000304,74.125.24.0-255,5738,58794,94,209741
40751,0.000305,172.31.47.0-255,66,58860,94,209741
40752,0.000313,74.125.24.0-255,6797,65657,94,209741
40753,0.000315,172.31.47.0-255,66,65723,94,209741
40754,0.000335,74.125.24.0-255,363,66086,94,209741
40755,0.000446,74.125.24.0-255,132,66218,94,209741
40756,0.000561,74.125.24.0-255,1484,67702,94,209741
40757,0.000564,172.31.47.0-255,66,67768,94,209741
40758,0.000569,74.125.24.0-255,2902,70670,94,209741
40759,0.000572,172.31.47.0-255,66,70736,94,209741
40760,0.000589,74.125.24.0-255,5738,76474,94,209741
40761,0.000592,172.31.47.0-255,66,76540,94,209741
40762,0.000617,74.125.24.0-255,5738,82278,94,209741
40763,0.00062,172.31.47.0-255,66,82344,94,209741
40764,0.000636,74.125.24.0-255,1405,83749,94,209741
40765,0.000641,74.125.24.0-255,4320,88069,94,209741
40766,0.000643,172.31.47.0-255,66,88135,94,209741
40767,0.000666,74.125.24.0-255,2902,91037,94,209741
40768,0.000668,172.31.47.0-255,66,91103,94,209741
40769,0.00068,172.31.47.0-255,66,91169,94,209741
40770,0.001034,74.125.24.0-255,1484,92653,94,209741
40771,0.001039,74.125.24.0-255,2902,95555,94,209741
40772,0.001042,172.31.47.0-255,66,95621,94,209741
40773,0.001072,74.125.24.0-255,5738,101359,94,209741
40774,0.001074,172.31.47.0-255,66,101425,94,209741
40775,0.001081,74.125.24.0-255,7156,108581,94,209741
40776,0.001083,172.31.47.0-255,66,108647,94,209741
40777,0.001092,74.125.24.0-255,5738,114385,94,209741
40778,0.001095,172.31.47.0-255,66,114451,94,209741
40779,0.00113,74.125.24.0-255,2184,116635,94,209741
40780,0.00113,172.31.47.0-255,66,116701,94,209741
40781,0.001134,172.31.47.0-255,66,116767,94,209741
40782,0.001269,74.125.24.0-255,1484,118251,94,209741
40783,0.001275,74.125.24.0-255,2902,121153,94,209741
40784,0.001279,172.31.47.0-255,66,121219,94,209741
40785,0.001283,74.125.24.0-255,1484,122703,94,209741
40786,0.001309,74.125.24.0-255,4320,127023,94,209741
40787,0.001312,172.31.47.0-255,66,127089,94,209741
40788,0.001347,172.31.47.0-255,66,127155,94,209741
40789,0.001424,172.31.47.0-255,66,127221,94,209741
40790,0.001437,172.31.47.0-255,66,127287,94,209741
40791,0.001455,172.31.47.0-255,66,127353,94,209741
40792,0.001489,172.31.47.0-255,66,127419,94,209741
40793,0.001522,172.31.47.0-255,66,127485,94,209741
40794,0.001537,172.31.47.0-255,66,127551,94,209741
40795,0.001553,74.125.24.0-255,766,128317,94,209741
40796,0.001572,74.125.24.0-255,4320,132637,94,209741
40797,0.001576,172.31.47.0-255,66,132703,94,209741
40798,0.00158,74.125.24.0-255,2902,135605,94,209741
40799,0.001582,172.31.47.0-255,66,135671,94,209741
40800,0.001616,74.125.24.0-255,2902,138573,94,209741
40801,0.001621,172.31.47.0-255,66,138639,94,209741
40802,0.001639,172.31.47.0-255,66,138705,94,209741
40803,0.001644,74.125.24.0-255,5738,144443,94,209741
40804,0.001647,172.31.47.0-255,66,144509,94,209741
40805,0.001653,74.125.24.0-255,6438,150947,94,209741
40806,0.001656,172.31.47.0-255,66,151013,94,209741
40807,0.001735,74.125.24.0-255,1484,152497,94,209741
40808,0.001752,74.125.24.0-255,2902,155399,94,209741
40809,0.001756,172.31.47.0-255,66,155465,94,209741
40810,0.001762,74.125.24.0-255,5738,161203,94,209741
40811,0.001764,172.31.47.0-255,66,161269,94,209741
40812,0.001788,74.125.24.0-255,4320,165589,94,209741
40813,0.001791,172.31.47.0-255,66,165655,94,209741
40814,0.001821,74.125.24.0-255,7156,172811,94,209741
40815,0.001824,172.31.47.0-255,66,172877,94,209741
40816,0.001838,172.31.47.0-255,66,172943,94,209741
40817,0.001867,74.125.24.0-255,766,173709,94,209741
40818,0.00201,74.125.24.0-255,1484,175193,94,209741
40819,0.002014,172.31.47.0-255,66,175259,94,209741
40820,0.002019,74.125.24.0-255,2902,178161,94,209741
40821,0.002021,172.31.47.0-255,66,178227,94,209741
40822,0.002049,74.125.24.0-255,5738,183965,94,209741
40823,0.002052,172.31.47.0-255,66,184031,94,209741
40824,0.002064,172.31.47.0-255,66,184097,94,209741
40825,0.002088,74.125.24.0-255,1484,185581,94,209741
40826,0.002101,172.31.47.0-255,66,185647,94,209741
40827,0.002123,74.125.24.0-255,766,186413,94,209741
40828,0.002126,74.125.24.0-255,1484,187897,94,209741
40829,0.002128,172.31.47.0-255,66,187963,94,209741
40830,0.002166,74.125.24.0-255,1484,189447,94,209741
40831,0.002198,74.125.24.0-255,1484,190931,94,209741
40832,0.002201,172.31.47.0-255,66,190997,94,209741
40833,0.002207,74.125.24.0-255,5738,196735,94,209741
40834,0.002211,172.31.47.0-255,66,196801,94,209741
40835,0.00222,172.31.47.0-255,66,196867,94,209741
40836,0.002232,172.31.47.0-255,66,196933,94,209741
40837,0.002287,172.31.47.0-255,66,196999,94,209741
40838,0.002293,74.125.24.0-255,4320,201319,94,209741
40839,0.002296,172.31.47.0-255,66,201385,94,209741
40840,0.002338,172.31.47.0-255,66,201451,94,209741
40841,0.002341,74.125.24.0-255,105,201556,94,209741
40842,0.003409,172.31.47.0-255,66,201622,94,209741
40843,0.003432,172.31.47.0-255,105,201727,94,209741
40844,0.005795,74.125.24.0-255,66,201793,94,209741
40845,0.028451,172.31.47.0-255,172,201965,94,209741
40846,0.028482,172.31.47.0-255,1118,203083,94,209741
40847,0.028518,172.31.47.0-255,1514,204597,94,209741
40848,0.028519,172.31.47.0-255,1514,206111,94,209741
40849,0.02852,172.31.47.0-255,1514,207625,94,209741
40850,0.028544,172.31.47.0-255,1514,209139,94,209741
40851,0.028545,172.31.47.0-255,164,209303,94,209741
40852,0.029993,104.244.42.0-255,66,209369,94,209741
40853,0.030001,104.244.42.0-255,66,209435,94,209741
40854,0.030062,104.244.42.0-255,66,209501,94,209741
40855,0.030064,104.244.42.0-255,66,209567,94,209741
40856,0.030786,104.244.42.0-255,108,209675,94,209741
40857,0.03079,172.31.47.0-255,66,209741,94,209741
40858,0.0,172.31.47.0-255,66,66,94,66
40859,0.0,172.217.194.0-255,153,153,94,304419
40860,2.5e-05,172.31.47.0-255,66,219,94,304419
40861,3.1e-05,172.217.194.0-255,1484,1703,94,304419
40862,3.5e-05,172.31.47.0-255,66,1769,94,304419
40863,3.9e-05,172.217.194.0-255,2902,4671,94,304419
40864,4.1e-05,172.31.47.0-255,66,4737,94,304419
40865,6.7e-05,172.217.194.0-255,7156,11893,94,304419
40866,7.1e-05,172.31.47.0-255,66,11959,94,304419
40867,8.7e-05,172.217.194.0-255,1484,13443,94,304419
40868,9e-05,172.31.47.0-255,66,13509,94,304419
40869,0.000109,172.217.194.0-255,7156,20665,94,304419
40870,0.000112,172.31.47.0-255,66,20731,94,304419
40871,0.000141,172.31.47.0-255,66,20797,94,304419
40872,0.000146,172.217.194.0-255,2543,23340,94,304419
40873,0.000147,172.31.47.0-255,66,23406,94,304419
40874,0.000187,172.217.194.0-255,1484,24890,94,304419
40875,0.000189,172.31.47.0-255,66,24956,94,304419
40876,0.000208,172.217.194.0-255,2902,27858,94,304419
40877,0.00021,172.31.47.0-255,66,27924,94,304419
40878,0.000215,172.217.194.0-255,5738,33662,94,304419
40879,0.000217,172.31.47.0-255,66,33728,94,304419
40880,0.000249,172.217.194.0-255,5738,39466,94,304419
40881,0.000252,172.31.47.0-255,66,39532,94,304419
40882,0.00028,172.31.47.0-255,66,39598,94,304419
40883,0.000295,172.217.194.0-255,1484,41082,94,304419
40884,0.000297,172.31.47.0-255,66,41148,94,304419
40885,0.000328,172.31.47.0-255,66,41214,94,304419
40886,0.00033,172.217.194.0-255,118,41332,94,304419
40887,0.000333,172.31.47.0-255,66,41398,94,304419
40888,0.000335,172.217.194.0-255,381,41779,94,304419
40889,0.000669,172.31.47.0-255,66,41845,94,304419
40890,0.000805,172.217.194.0-255,1484,43329,94,304419
40891,0.000824,172.217.194.0-255,2902,46231,94,304419
40892,0.000828,172.31.47.0-255,66,46297,94,304419
40893,0.000834,172.217.194.0-255,5738,52035,94,304419
40894,0.000835,172.31.47.0-255,66,52101,94,304419
40895,0.000862,172.31.47.0-255,66,52167,94,304419
40896,0.000881,172.217.194.0-255,2902,55069,94,304419
40897,0.000883,172.31.47.0-255,66,55135,94,304419
40898,0.000899,172.217.194.0-255,1484,56619,94,304419
40899,0.000926,172.31.47.0-255,66,56685,94,304419
40900,0.000956,172.31.47.0-255,66,56751,94,304419
40901,0.000964,172.217.194.0-255,7156,63907,94,304419
40902,0.000966,172.31.47.0-255,66,63973,94,304419
40903,0.000985,172.217.194.0-255,2902,66875,94,304419
40904,0.000988,172.31.47.0-255,66,66941,94,304419
40905,0.001028,172.217.194.0-255,7156,74097,94,304419
40906,0.001032,172.31.47.0-255,66,74163,94,304419
40907,0.001052,172.217.194.0-255,5020,79183,94,304419
40908,0.001055,172.31.47.0-255,66,79249,94,304419
40909,0.001404,172.217.194.0-255,1484,80733,94,304419
40910,0.001413,172.217.194.0-255,2902,83635,94,304419
40911,0.001417,172.31.47.0-255,66,83701,94,304419
40912,0.001425,172.217.194.0-255,5738,89439,94,304419
40913,0.001427,172.31.47.0-255,66,89505,94,304419
40914,0.001431,172.217.194.0-255,1484,90989,94,304419
40915,0.001464,172.31.47.0-255,66,91055,94,304419
40916,0.001507,172.31.47.0-255,66,91121,94,304419
40917,0.001527,172.217.194.0-255,3602,94723,94,304419
40918,0.00153,172.31.47.0-255,66,94789,94,304419
40919,0.001682,172.217.194.0-255,1484,96273,94,304419
40920,0.001686,172.217.194.0-255,1484,97757,94,304419
40921,0.001689,172.31.47.0-255,66,97823,94,304419
40922,0.001709,172.217.194.0-255,1484,99307,94,304419
40923,0.001716,172.217.194.0-255,5738,105045,94,304419
40924,0.001719,172.31.47.0-255,66,105111,94,304419
40925,0.001759,172.217.194.0-255,1484,106595,94,304419
40926,0.001781,172.31.47.0-255,66,106661,94,304419
40927,0.001793,172.31.47.0-255,66,106727,94,304419
40928,0.001795,172.217.194.0-255,766,107493,94,304419
40929,0.002034,172.31.47.0-255,66,107559,94,304419
40930,0.002446,172.217.194.0-255,1484,109043,94,304419
40931,0.002455,172.217.194.0-255,2902,111945,94,304419
40932,0.002458,172.31.47.0-255,66,112011,94,304419
40933,0.002465,172.217.194.0-255,5738,117749,94,304419
40934,0.002466,172.31.47.0-255,66,117815,94,304419
40935,0.00249,172.217.194.0-255,2902,120717,94,304419
40936,0.002491,172.31.47.0-255,66,120783,94,304419
40937,0.002514,172.31.47.0-255,66,120849,94,304419
40938,0.00252,172.217.194.0-255,7156,128005,94,304419
40939,0.002521,172.31.47.0-255,66,128071,94,304419
40940,0.002564,172.217.194.0-255,3602,131673,94,304419
40941,0.002566,172.31.47.0-255,66,131739,94,304419
40942,0.005065,172.217.194.0-255,1484,133223,94,304419
40943,0.00511,172.217.194.0-255,2902,136125,94,304419
40944,0.005112,172.31.47.0-255,66,136191,94,304419
40945,0.005127,172.217.194.0-255,1484,137675,94,304419
40946,0.007699,172.217.194.0-255,4320,141995,94,304419
40947,0.007704,172.31.47.0-255,66,142061,94,304419
40948,0.010266,172.217.194.0-255,4320,146381,94,304419
40949,0.010274,172.31.47.0-255,66,146447,94,304419
40950,0.010303,172.217.194.0-255,1484,147931,94,304419
40951,0.012848,172.217.194.0-255,4320,152251,94,304419
40952,0.012855,172.31.47.0-255,66,152317,94,304419
40953,0.01545,172.217.194.0-255,5738,158055,94,304419
40954,0.015456,172.31.47.0-255,66,158121,94,304419
40955,0.018048,172.217.194.0-255,5738,163859,94,304419
40956,0.018056,172.31.47.0-255,66,163925,94,304419
40957,0.020612,172.217.194.0-255,5738,169663,94,304419
40958,0.02062,172.31.47.0-255,66,169729,94,304419
40959,0.023098,172.31.47.0-255,172,169901,94,304419
40960,0.023126,172.31.47.0-255,1118,171019,94,304419
40961,0.023153,172.31.47.0-255,1514,172533,94,304419
40962,0.023154,172.31.47.0-255,1286,173819,94,304419
40963,0.023186,172.217.194.0-255,5738,179557,94,304419
40964,0.023191,172.31.47.0-255,66,179623,94,304419
40965,0.024634,104.244.42.0-255,66,179689,94,304419
40966,0.02467,104.244.42.0-255,66,179755,94,304419
40967,0.024719,104.244.42.0-255,66,179821,94,304419
40968,0.025504,104.244.42.0-255,108,179929,94,304419
40969,0.02551,172.31.47.0-255,66,179995,94,304419
40970,0.025764,172.217.194.0-255,5738,185733,94,304419
40971,0.025768,172.31.47.0-255,66,185799,94,304419
40972,0.028327,172.217.194.0-255,5738,191537,94,304419
40973,0.028332,172.31.47.0-255,66,191603,94,304419
40974,0.030907,172.217.194.0-255,5738,197341,94,304419
40975,0.030913,172.31.47.0-255,66,197407,94,304419
40976,0.033495,172.217.194.0-255,5738,203145,94,304419
40977,0.033502,172.31.47.0-255,66,203211,94,304419
40978,0.036054,172.217.194.0-255,5738,208949,94,304419
40979,0.036059,172.31.47.0-255,66,209015,94,304419
40980,0.038635,172.217.194.0-255,5738,214753,94,304419
40981,0.038641,172.31.47.0-255,66,214819,94,304419
40982,0.041196,172.217.194.0-255,5738,220557,94,304419
40983,0.041202,172.31.47.0-255,66,220623,94,304419
40984,0.043778,172.217.194.0-255,4320,224943,94,304419
40985,0.043782,172.31.47.0-255,66,225009,94,304419
40986,0.043808,172.217.194.0-255,1484,226493,94,304419
40987,0.046363,172.217.194.0-255,4320,230813,94,304419
40988,0.046367,172.31.47.0-255,66,230879,94,304419
40989,0.048936,172.217.194.0-255,4320,235199,94,304419
40990,0.048941,172.31.47.0-255,66,235265,94,304419
40991,0.048967,172.217.194.0-255,1484,236749,94,304419
40992,0.051492,172.217.194.0-255,4320,241069,94,304419
40993,0.051498,172.31.47.0-255,66,241135,94,304419
40994,0.054043,172.217.194.0-255,2902,244037,94,304419
40995,0.054047,172.31.47.0-255,66,244103,94,304419
40996,0.054074,172.217.194.0-255,2902,247005,94,304419
40997,0.054076,172.31.47.0-255,66,247071,94,304419
40998,0.056628,172.217.194.0-255,1484,248555,94,304419
40999,0.056659,172.217.194.0-255,4320,252875,94,304419
41000,0.056663,172.31.47.0-255,66,252941,94,304419
41001,0.059205,172.217.194.0-255,4320,257261,94,304419
41002,0.05921,172.31.47.0-255,66,257327,94,304419
41003,0.059237,172.217.194.0-255,1484,258811,94,304419
41004,0.061805,172.217.194.0-255,4320,263131,94,304419
41005,0.061812,172.31.47.0-255,66,263197,94,304419
41006,0.064428,172.217.194.0-255,5738,268935,94,304419
41007,0.064433,172.31.47.0-255,66,269001,94,304419
41008,0.066997,172.217.194.0-255,1484,270485,94,304419
41009,0.067026,172.217.194.0-255,4320,274805,94,304419
41010,0.06703,172.31.47.0-255,66,274871,94,304419
41011,0.069599,172.217.194.0-255,5738,280609,94,304419
41012,0.069603,172.31.47.0-255,66,280675,94,304419
41013,0.072158,172.217.194.0-255,2902,283577,94,304419
41014,0.072164,172.31.47.0-255,66,283643,94,304419
41015,0.072192,172.217.194.0-255,2902,286545,94,304419
41016,0.072194,172.31.47.0-255,66,286611,94,304419
41017,0.074703,172.217.194.0-255,2902,289513,94,304419
41018,0.074708,172.31.47.0-255,66,289579,94,304419
41019,0.074745,172.217.194.0-255,2902,292481,94,304419
41020,0.074748,172.31.47.0-255,66,292547,94,304419
41021,0.077287,172.217.194.0-255,2902,295449,94,304419
41022,0.077291,172.31.47.0-255,66,295515,94,304419
41023,0.077323,172.217.194.0-255,2902,298417,94,304419
41024,0.077326,172.31.47.0-255,66,298483,94,304419
41025,0.079859,172.217.194.0-255,2902,301385,94,304419
41026,0.079865,172.31.47.0-255,66,301451,94,304419
41027,0.079884,172.217.194.0-255,2902,304353,94,304419
41028,0.079886,172.31.47.0-255,66,304419,94,304419
41029,0.0,172.31.47.0-255,105,105,94,276
41030,0.068333,31.13.82.0-255,105,210,94,276
41031,0.068357,172.31.47.0-255,66,276,94,276
41032,0.0,74.125.24.0-255,153,153,94,383546
41033,2e-05,172.31.47.0-255,66,219,94,383546
41034,2.6e-05,74.125.24.0-255,1484,1703,94,383546
41035,3.1e-05,172.31.47.0-255,66,1769,94,383546
41036,3.5e-05,74.125.24.0-255,2902,4671,94,383546
41037,3.8e-05,172.31.47.0-255,66,4737,94,383546
41038,4.4e-05,74.125.24.0-255,5738,10475,94,383546
41039,4.7e-05,172.31.47.0-255,66,10541,94,383546
41040,8.2e-05,74.125.24.0-255,6422,16963,94,383546
41041,8.6e-05,172.31.47.0-255,66,17029,94,383546
41042,9.4e-05,74.125.24.0-255,7156,24185,94,383546
41043,9.6e-05,172.31.47.0-255,66,24251,94,383546
41044,0.000118,74.125.24.0-255,6797,31048,94,383546
41045,0.000121,172.31.47.0-255,66,31114,94,383546
41046,0.00025,74.125.24.0-255,1484,32598,94,383546
41047,0.000257,172.31.47.0-255,66,32664,94,383546
41048,0.000262,74.125.24.0-255,2902,35566,94,383546
41049,0.000264,172.31.47.0-255,66,35632,94,383546
41050,0.000279,74.125.24.0-255,5738,41370,94,383546
41051,0.000283,172.31.47.0-255,66,41436,94,383546
41052,0.000314,74.125.24.0-255,2902,44338,94,383546
41053,0.000317,172.31.47.0-255,66,44404,94,383546
41054,0.000343,172.31.47.0-255,66,44470,94,383546
41055,0.000348,74.125.24.0-255,5738,50208,94,383546
41056,0.000349,172.31.47.0-255,66,50274,94,383546
41057,0.000387,74.125.24.0-255,4320,54594,94,383546
41058,0.00039,172.31.47.0-255,66,54660,94,383546
41059,0.000411,74.125.24.0-255,2820,57480,94,383546
41060,0.000415,172.31.47.0-255,66,57546,94,383546
41061,0.000581,74.125.24.0-255,133,57679,94,383546
41062,0.000587,172.31.47.0-255,66,57745,94,383546
41063,0.000712,74.125.24.0-255,1484,59229,94,383546
41064,0.000728,74.125.24.0-255,2902,62131,94,383546
41065,0.000733,172.31.47.0-255,66,62197,94,383546
41066,0.000739,74.125.24.0-255,5738,67935,94,383546
41067,0.000742,172.31.47.0-255,66,68001,94,383546
41068,0.00077,74.125.24.0-255,6797,74798,94,383546
41069,0.000775,172.31.47.0-255,66,74864,94,383546
41070,0.000798,74.125.24.0-255,5738,80602,94,383546
41071,0.0008,172.31.47.0-255,66,80668,94,383546
41072,0.000821,74.125.24.0-255,4320,84988,94,383546
41073,0.000826,172.31.47.0-255,66,85054,94,383546
41074,0.000857,74.125.24.0-255,5738,90792,94,383546
41075,0.00086,172.31.47.0-255,66,90858,94,383546
41076,0.000876,74.125.24.0-255,1380,92238,94,383546
41077,0.000931,74.125.24.0-255,1484,93722,94,383546
41078,0.000936,172.31.47.0-255,66,93788,94,383546
41079,0.00094,74.125.24.0-255,1484,95272,94,383546
41080,0.000954,74.125.24.0-255,1484,96756,94,383546
41081,0.000957,172.31.47.0-255,66,96822,94,383546
41082,0.000962,74.125.24.0-255,4320,101142,94,383546
41083,0.000964,172.31.47.0-255,66,101208,94,383546
41084,0.000977,74.125.24.0-255,1484,102692,94,383546
41085,0.00098,74.125.24.0-255,2902,105594,94,383546
41086,0.000983,172.31.47.0-255,66,105660,94,383546
41087,0.001011,172.31.47.0-255,66,105726,94,383546
41088,0.001018,74.125.24.0-255,7156,112882,94,383546
41089,0.001021,172.31.47.0-255,66,112948,94,383546
41090,0.00105,74.125.24.0-255,3602,116550,94,383546
41091,0.001053,172.31.47.0-255,66,116616,94,383546
41092,0.001129,74.125.24.0-255,1484,118100,94,383546
41093,0.001135,74.125.24.0-255,2902,121002,94,383546
41094,0.001138,172.31.47.0-255,66,121068,94,383546
41095,0.001158,74.125.24.0-255,5738,126806,94,383546
41096,0.001161,172.31.47.0-255,66,126872,94,383546
41097,0.001179,74.125.24.0-255,4320,131192,94,383546
41098,0.001182,172.31.47.0-255,66,131258,94,383546
41099,0.001203,172.31.47.0-255,66,131324,94,383546
41100,0.001214,172.31.47.0-255,66,131390,94,383546
41101,0.00137,74.125.24.0-255,1484,132874,94,383546
41102,0.001377,74.125.24.0-255,1484,134358,94,383546
41103,0.001381,172.31.47.0-255,66,134424,94,383546
41104,0.001399,74.125.24.0-255,1484,135908,94,383546
41105,0.001406,74.125.24.0-255,5738,141646,94,383546
41106,0.001408,172.31.47.0-255,66,141712,94,383546
41107,0.001413,74.125.24.0-255,4320,146032,94,383546
41108,0.001415,172.31.47.0-255,66,146098,94,383546
41109,0.001426,74.125.24.0-255,1484,147582,94,383546
41110,0.001434,74.125.24.0-255,7156,154738,94,383546
41111,0.001436,172.31.47.0-255,66,154804,94,383546
41112,0.001455,74.125.24.0-255,5738,160542,94,383546
41113,0.001457,172.31.47.0-255,66,160608,94,383546
41114,0.001461,74.125.24.0-255,2902,163510,94,383546
41115,0.001463,172.31.47.0-255,66,163576,94,383546
41116,0.001482,74.125.24.0-255,2184,165760,94,383546
41117,0.001484,172.31.47.0-255,66,165826,94,383546
41118,0.003463,74.125.24.0-255,2902,168728,94,383546
41119,0.003469,172.31.47.0-255,66,168794,94,383546
41120,0.003518,74.125.24.0-255,2902,171696,94,383546
41121,0.003522,172.31.47.0-255,66,171762,94,383546
41122,0.005484,74.125.24.0-255,2902,174664,94,383546
41123,0.00549,172.31.47.0-255,66,174730,94,383546
41124,0.005548,74.125.24.0-255,2902,177632,94,383546
41125,0.005553,172.31.47.0-255,66,177698,94,383546
41126,0.007544,74.125.24.0-255,2902,180600,94,383546
41127,0.00755,172.31.47.0-255,66,180666,94,383546
41128,0.007585,74.125.24.0-255,2902,183568,94,383546
41129,0.00759,172.31.47.0-255,66,183634,94,383546
41130,0.009561,74.125.24.0-255,2902,186536,94,383546
41131,0.009568,172.31.47.0-255,66,186602,94,383546
41132,0.009671,74.125.24.0-255,2902,189504,94,383546
41133,0.009677,172.31.47.0-255,66,189570,94,383546
41134,0.011544,74.125.24.0-255,2902,192472,94,383546
41135,0.011552,172.31.47.0-255,66,192538,94,383546
41136,0.011705,74.125.24.0-255,2902,195440,94,383546
41137,0.01171,172.31.47.0-255,66,195506,94,383546
41138,0.013623,74.125.24.0-255,2902,198408,94,383546
41139,0.01363,172.31.47.0-255,66,198474,94,383546
41140,0.013759,74.125.24.0-255,2902,201376,94,383546
41141,0.013764,172.31.47.0-255,66,201442,94,383546
41142,0.015658,74.125.24.0-255,2902,204344,94,383546
41143,0.015664,172.31.47.0-255,66,204410,94,383546
41144,0.015789,74.125.24.0-255,2902,207312,94,383546
41145,0.015793,172.31.47.0-255,66,207378,94,383546
41146,0.017649,74.125.24.0-255,2902,210280,94,383546
41147,0.017655,172.31.47.0-255,66,210346,94,383546
41148,0.01778,74.125.24.0-255,2902,213248,94,383546
41149,0.017785,172.31.47.0-255,66,213314,94,383546
41150,0.019711,74.125.24.0-255,2902,216216,94,383546
41151,0.019715,172.31.47.0-255,66,216282,94,383546
41152,0.019824,74.125.24.0-255,2902,219184,94,383546
41153,0.01983,172.31.47.0-255,66,219250,94,383546
41154,0.021766,74.125.24.0-255,2902,222152,94,383546
41155,0.021783,172.31.47.0-255,66,222218,94,383546
41156,0.021805,74.125.24.0-255,2902,225120,94,383546
41157,0.021808,172.31.47.0-255,66,225186,94,383546
41158,0.023816,74.125.24.0-255,5738,230924,94,383546
41159,0.02383,172.31.47.0-255,66,230990,94,383546
41160,0.025831,74.125.24.0-255,5738,236728,94,383546
41161,0.025844,172.31.47.0-255,66,236794,94,383546
41162,0.027827,74.125.24.0-255,5738,242532,94,383546
41163,0.027835,172.31.47.0-255,66,242598,94,383546
41164,0.027902,172.31.47.0-255,172,242770,94,383546
41165,0.027925,172.31.47.0-255,1108,243878,94,383546
41166,0.027966,172.31.47.0-255,1514,245392,94,383546
41167,0.027967,172.31.47.0-255,1296,246688,94,383546
41168,0.029486,104.244.42.0-255,66,246754,94,383546
41169,0.029495,104.244.42.0-255,66,246820,94,383546
41170,0.029526,104.244.42.0-255,66,246886,94,383546
41171,0.02987,74.125.24.0-255,5738,252624,94,383546
41172,0.029876,172.31.47.0-255,66,252690,94,383546
41173,0.031917,74.125.24.0-255,5738,258428,94,383546
41174,0.031937,172.31.47.0-255,66,258494,94,383546
41175,0.033972,74.125.24.0-255,5738,264232,94,383546
41176,0.033981,172.31.47.0-255,66,264298,94,383546
41177,0.036037,74.125.24.0-255,5738,270036,94,383546
41178,0.036051,172.31.47.0-255,66,270102,94,383546
41179,0.038156,74.125.24.0-255,5738,275840,94,383546
41180,0.038173,172.31.47.0-255,66,275906,94,383546
41181,0.04019,74.125.24.0-255,5738,281644,94,383546
41182,0.04023,172.31.47.0-255,66,281710,94,383546
41183,0.042301,74.125.24.0-255,5738,287448,94,383546
41184,0.042311,172.31.47.0-255,66,287514,94,383546
41185,0.044374,74.125.24.0-255,5738,293252,94,383546
41186,0.044385,172.31.47.0-255,66,293318,94,383546
41187,0.046443,74.125.24.0-255,5738,299056,94,383546
41188,0.046461,172.31.47.0-255,66,299122,94,383546
41189,0.048514,74.125.24.0-255,5738,304860,94,383546
41190,0.048528,172.31.47.0-255,66,304926,94,383546
41191,0.05055,74.125.24.0-255,5738,310664,94,383546
41192,0.050561,172.31.47.0-255,66,310730,94,383546
41193,0.052596,74.125.24.0-255,5738,316468,94,383546
41194,0.052602,172.31.47.0-255,66,316534,94,383546
41195,0.054666,74.125.24.0-255,5738,322272,94,383546
41196,0.054671,172.31.47.0-255,66,322338,94,383546
41197,0.056694,74.125.24.0-255,5738,328076,94,383546
41198,0.056698,172.31.47.0-255,66,328142,94,383546
41199,0.058729,74.125.24.0-255,5738,333880,94,383546
41200,0.058735,172.31.47.0-255,66,333946,94,383546
41201,0.060768,74.125.24.0-255,5738,339684,94,383546
41202,0.060773,172.31.47.0-255,66,339750,94,383546
41203,0.062782,74.125.24.0-255,5738,345488,94,383546
41204,0.062787,172.31.47.0-255,66,345554,94,383546
41205,0.064786,74.125.24.0-255,5738,351292,94,383546
41206,0.064791,172.31.47.0-255,66,351358,94,383546
41207,0.066846,74.125.24.0-255,5738,357096,94,383546
41208,0.066851,172.31.47.0-255,66,357162,94,383546
41209,0.068875,74.125.24.0-255,5738,362900,94,383546
41210,0.068879,172.31.47.0-255,66,362966,94,383546
41211,0.070888,74.125.24.0-255,5738,368704,94,383546
41212,0.070894,172.31.47.0-255,66,368770,94,383546
41213,0.072908,74.125.24.0-255,4320,373090,94,383546
41214,0.072911,172.31.47.0-255,66,373156,94,383546
41215,0.072939,74.125.24.0-255,1484,374640,94,383546
41216,0.074952,74.125.24.0-255,4320,378960,94,383546
41217,0.074956,172.31.47.0-255,66,379026,94,383546
41218,0.076988,74.125.24.0-255,4283,383309,94,383546
41219,0.076992,172.31.47.0-255,66,383375,94,383546
41220,0.07715,172.31.47.0-255,105,383480,94,383546
41221,0.079119,74.125.24.0-255,66,383546,94,383546
41222,0.0,74.125.24.0-255,146,146,94,307004
41223,2.1e-05,172.31.47.0-255,66,212,94,307004
41224,2.6e-05,74.125.24.0-255,1484,1696,94,307004
41225,2.9e-05,172.31.47.0-255,66,1762,94,307004
41226,3.3e-05,74.125.24.0-255,2902,4664,94,307004
41227,3.5e-05,172.31.47.0-255,66,4730,94,307004
41228,6.6e-05,74.125.24.0-255,4320,9050,94,307004
41229,6.8e-05,172.31.47.0-255,66,9116,94,307004
41230,0.000103,74.125.24.0-255,5019,14135,94,307004
41231,0.000106,172.31.47.0-255,66,14201,94,307004
41232,0.000238,74.125.24.0-255,1484,15685,94,307004
41233,0.000242,172.31.47.0-255,66,15751,94,307004
41234,0.000247,74.125.24.0-255,2902,18653,94,307004
41235,0.00025,172.31.47.0-255,66,18719,94,307004
41236,0.000254,74.125.24.0-255,2902,21621,94,307004
41237,0.000257,172.31.47.0-255,66,21687,94,307004
41238,0.000275,74.125.24.0-255,2902,24589,94,307004
41239,0.000278,172.31.47.0-255,66,24655,94,307004
41240,0.000301,74.125.24.0-255,2902,27557,94,307004
41241,0.000304,172.31.47.0-255,66,27623,94,307004
41242,0.000318,74.125.24.0-255,3961,31584,94,307004
41243,0.000321,172.31.47.0-255,66,31650,94,307004
41244,0.000355,74.125.24.0-255,1484,33134,94,307004
41245,0.000358,172.31.47.0-255,66,33200,94,307004
41246,0.000363,74.125.24.0-255,2902,36102,94,307004
41247,0.000365,172.31.47.0-255,66,36168,94,307004
41248,0.000367,74.125.24.0-255,1484,37652,94,307004
41249,0.00037,172.31.47.0-255,66,37718,94,307004
41250,0.000393,74.125.24.0-255,4320,42038,94,307004
41251,0.000396,172.31.47.0-255,66,42104,94,307004
41252,0.0004,74.125.24.0-255,1484,43588,94,307004
41253,0.000401,172.31.47.0-255,66,43654,94,307004
41254,0.000413,74.125.24.0-255,2902,46556,94,307004
41255,0.000416,172.31.47.0-255,66,46622,94,307004
41256,0.000442,172.31.47.0-255,66,46688,94,307004
41257,0.000446,74.125.24.0-255,1484,48172,94,307004
41258,0.000448,172.31.47.0-255,66,48238,94,307004
41259,0.000472,172.31.47.0-255,66,48304,94,307004
41260,0.000592,74.125.24.0-255,110,48414,94,307004
41261,0.000596,172.31.47.0-255,66,48480,94,307004
41262,0.000781,74.125.24.0-255,333,48813,94,307004
41263,0.000785,172.31.47.0-255,66,48879,94,307004
41264,0.001183,74.125.24.0-255,1484,50363,94,307004
41265,0.00119,172.31.47.0-255,66,50429,94,307004
41266,0.001196,74.125.24.0-255,2902,53331,94,307004
41267,0.001198,172.31.47.0-255,66,53397,94,307004
41268,0.001221,74.125.24.0-255,4320,57717,94,307004
41269,0.001223,172.31.47.0-255,66,57783,94,307004
41270,0.00124,74.125.24.0-255,1484,59267,94,307004
41271,0.001242,172.31.47.0-255,66,59333,94,307004
41272,0.001246,74.125.24.0-255,4320,63653,94,307004
41273,0.001248,172.31.47.0-255,66,63719,94,307004
41274,0.001255,172.31.47.0-255,66,63785,94,307004
41275,0.001277,74.125.24.0-255,2902,66687,94,307004
41276,0.001279,172.31.47.0-255,66,66753,94,307004
41277,0.001284,74.125.24.0-255,5738,72491,94,307004
41278,0.001285,172.31.47.0-255,66,72557,94,307004
41279,0.001296,74.125.24.0-255,2184,74741,94,307004
41280,0.001298,172.31.47.0-255,66,74807,94,307004
41281,0.002102,74.125.24.0-255,1484,76291,94,307004
41282,0.002104,172.31.47.0-255,66,76357,94,307004
41283,0.002116,74.125.24.0-255,1484,77841,94,307004
41284,0.002118,172.31.47.0-255,66,77907,94,307004
41285,0.002143,74.125.24.0-255,1484,79391,94,307004
41286,0.002144,172.31.47.0-255,66,79457,94,307004
41287,0.00215,74.125.24.0-255,5738,85195,94,307004
41288,0.002151,172.31.47.0-255,66,85261,94,307004
41289,0.00216,74.125.24.0-255,1484,86745,94,307004
41290,0.002161,172.31.47.0-255,66,86811,94,307004
41291,0.002185,74.125.24.0-255,7156,93967,94,307004
41292,0.002188,172.31.47.0-255,66,94033,94,307004
41293,0.002205,74.125.24.0-255,4320,98353,94,307004
41294,0.002207,172.31.47.0-255,66,98419,94,307004
41295,0.002216,172.31.47.0-255,66,98485,94,307004
41296,0.002226,74.125.24.0-255,766,99251,94,307004
41297,0.002228,172.31.47.0-255,66,99317,94,307004
41298,0.002254,74.125.24.0-255,1484,100801,94,307004
41299,0.002255,172.31.47.0-255,66,100867,94,307004
41300,0.002258,74.125.24.0-255,1484,102351,94,307004
41301,0.002259,172.31.47.0-255,66,102417,94,307004
41302,0.002276,74.125.24.0-255,1484,103901,94,307004
41303,0.002278,172.31.47.0-255,66,103967,94,307004
41304,0.002283,74.125.24.0-255,5738,109705,94,307004
41305,0.002285,172.31.47.0-255,66,109771,94,307004
41306,0.004554,74.125.24.0-255,5738,115509,94,307004
41307,0.004559,172.31.47.0-255,66,115575,94,307004
41308,0.006794,74.125.24.0-255,5738,121313,94,307004
41309,0.0068,172.31.47.0-255,66,121379,94,307004
41310,0.00907,74.125.24.0-255,5738,127117,94,307004
41311,0.009076,172.31.47.0-255,66,127183,94,307004
41312,0.011334,74.125.24.0-255,5738,132921,94,307004
41313,0.011348,172.31.47.0-255,66,132987,94,307004
41314,0.013598,74.125.24.0-255,5738,138725,94,307004
41315,0.013606,172.31.47.0-255,66,138791,94,307004
41316,0.015856,74.125.24.0-255,5738,144529,94,307004
41317,0.015863,172.31.47.0-255,66,144595,94,307004
41318,0.01813,74.125.24.0-255,5738,150333,94,307004
41319,0.018136,172.31.47.0-255,66,150399,94,307004
41320,0.020383,74.125.24.0-255,5738,156137,94,307004
41321,0.020388,172.31.47.0-255,66,156203,94,307004
41322,0.021696,172.31.47.0-255,171,156374,94,307004
41323,0.021723,172.31.47.0-255,1140,157514,94,307004
41324,0.021757,172.31.47.0-255,1514,159028,94,307004
41325,0.021758,172.31.47.0-255,1514,160542,94,307004
41326,0.021759,172.31.47.0-255,1514,162056,94,307004
41327,0.02176,172.31.47.0-255,1514,163570,94,307004
41328,0.021761,172.31.47.0-255,138,163708,94,307004
41329,0.02265,74.125.24.0-255,5738,169446,94,307004
41330,0.022656,172.31.47.0-255,66,169512,94,307004
41331,0.02324,104.244.42.0-255,66,169578,94,307004
41332,0.023287,104.244.42.0-255,66,169644,94,307004
41333,0.023338,104.244.42.0-255,66,169710,94,307004
41334,0.023351,104.244.42.0-255,66,169776,94,307004
41335,0.024915,74.125.24.0-255,5738,175514,94,307004
41336,0.024918,172.31.47.0-255,66,175580,94,307004
41337,0.026947,104.244.42.0-255,108,175688,94,307004
41338,0.026952,172.31.47.0-255,66,175754,94,307004
41339,0.027168,74.125.24.0-255,5738,181492,94,307004
41340,0.027172,172.31.47.0-255,66,181558,94,307004
41341,0.02944,74.125.24.0-255,5738,187296,94,307004
41342,0.029445,172.31.47.0-255,66,187362,94,307004
41343,0.031687,74.125.24.0-255,5738,193100,94,307004
41344,0.031691,172.31.47.0-255,66,193166,94,307004
41345,0.03394,74.125.24.0-255,5738,198904,94,307004
41346,0.033945,172.31.47.0-255,66,198970,94,307004
41347,0.036199,74.125.24.0-255,5738,204708,94,307004
41348,0.036204,172.31.47.0-255,66,204774,94,307004
41349,0.038448,74.125.24.0-255,4320,209094,94,307004
41350,0.038452,172.31.47.0-255,66,209160,94,307004
41351,0.038477,74.125.24.0-255,1484,210644,94,307004
41352,0.040709,74.125.24.0-255,4320,214964,94,307004
41353,0.040715,172.31.47.0-255,66,215030,94,307004
41354,0.042982,74.125.24.0-255,5738,220768,94,307004
41355,0.042988,172.31.47.0-255,66,220834,94,307004
41356,0.045273,74.125.24.0-255,5738,226572,94,307004
41357,0.045279,172.31.47.0-255,66,226638,94,307004
41358,0.047516,74.125.24.0-255,5738,232376,94,307004
41359,0.047522,172.31.47.0-255,66,232442,94,307004
41360,0.04978,74.125.24.0-255,5738,238180,94,307004
41361,0.049785,172.31.47.0-255,66,238246,94,307004
41362,0.052015,74.125.24.0-255,4320,242566,94,307004
41363,0.052021,172.31.47.0-255,66,242632,94,307004
41364,0.052056,74.125.24.0-255,1484,244116,94,307004
41365,0.054252,74.125.24.0-255,4320,248436,94,307004
41366,0.054256,172.31.47.0-255,66,248502,94,307004
41367,0.056526,74.125.24.0-255,4320,252822,94,307004
41368,0.056531,172.31.47.0-255,66,252888,94,307004
41369,0.056562,74.125.24.0-255,1484,254372,94,307004
41370,0.058819,74.125.24.0-255,4320,258692,94,307004
41371,0.058825,172.31.47.0-255,66,258758,94,307004
41372,0.061088,74.125.24.0-255,5738,264496,94,307004
41373,0.061095,172.31.47.0-255,66,264562,94,307004
41374,0.063346,74.125.24.0-255,5738,270300,94,307004
41375,0.063351,172.31.47.0-255,66,270366,94,307004
41376,0.065599,74.125.24.0-255,5738,276104,94,307004
41377,0.065604,172.31.47.0-255,66,276170,94,307004
41378,0.067857,74.125.24.0-255,4320,280490,94,307004
41379,0.067861,172.31.47.0-255,66,280556,94,307004
41380,0.067883,74.125.24.0-255,1484,282040,94,307004
41381,0.07013,74.125.24.0-255,2902,284942,94,307004
41382,0.070135,172.31.47.0-255,66,285008,94,307004
41383,0.070167,74.125.24.0-255,1484,286492,94,307004
41384,0.072396,74.125.24.0-255,2902,289394,94,307004
41385,0.072401,172.31.47.0-255,66,289460,94,307004
41386,0.072434,74.125.24.0-255,1484,290944,94,307004
41387,0.074655,74.125.24.0-255,4320,295264,94,307004
41388,0.074659,172.31.47.0-255,66,295330,94,307004
41389,0.076912,74.125.24.0-255,5738,301068,94,307004
41390,0.076916,172.31.47.0-255,66,301134,94,307004
41391,0.079204,74.125.24.0-255,4320,305454,94,307004
41392,0.07921,172.31.47.0-255,66,305520,94,307004
41393,0.079237,74.125.24.0-255,1484,307004,94,307004
41394,0.0,74.125.200.0-255,153,153,94,398076
41395,2.3e-05,172.31.47.0-255,66,219,94,398076
41396,3e-05,74.125.200.0-255,1484,1703,94,398076
41397,3.4e-05,172.31.47.0-255,66,1769,94,398076
41398,3.9e-05,74.125.200.0-255,2902,4671,94,398076
41399,4.1e-05,172.31.47.0-255,66,4737,94,398076
41400,4.8e-05,74.125.200.0-255,7156,11893,94,398076
41401,5.1e-05,172.31.47.0-255,66,11959,94,398076
41402,9e-05,74.125.200.0-255,2108,14067,94,398076
41403,9.2e-05,172.31.47.0-255,66,14133,94,398076
41404,0.000129,74.125.200.0-255,1484,15617,94,398076
41405,0.000131,172.31.47.0-255,66,15683,94,398076
41406,0.000146,74.125.200.0-255,2902,18585,94,398076
41407,0.000148,172.31.47.0-255,66,18651,94,398076
41408,0.000172,74.125.200.0-255,1484,20135,94,398076
41409,0.000174,172.31.47.0-255,66,20201,94,398076
41410,0.000194,74.125.200.0-255,4320,24521,94,398076
41411,0.000196,172.31.47.0-255,66,24587,94,398076
41412,0.000201,74.125.200.0-255,4320,28907,94,398076
41413,0.000203,172.31.47.0-255,66,28973,94,398076
41414,0.000215,74.125.200.0-255,1484,30457,94,398076
41415,0.000217,172.31.47.0-255,66,30523,94,398076
41416,0.000236,74.125.200.0-255,3961,34484,94,398076
41417,0.000239,172.31.47.0-255,66,34550,94,398076
41418,0.000241,74.125.200.0-255,1484,36034,94,398076
41419,0.000243,172.31.47.0-255,66,36100,94,398076
41420,0.000265,74.125.200.0-255,5738,41838,94,398076
41421,0.000267,172.31.47.0-255,66,41904,94,398076
41422,0.000304,74.125.200.0-255,6797,48701,94,398076
41423,0.000306,172.31.47.0-255,66,48767,94,398076
41424,0.000345,74.125.200.0-255,2902,51669,94,398076
41425,0.000347,172.31.47.0-255,66,51735,94,398076
41426,0.000364,74.125.200.0-255,4320,56055,94,398076
41427,0.000366,172.31.47.0-255,66,56121,94,398076
41428,0.000371,74.125.200.0-255,5738,61859,94,398076
41429,0.000373,172.31.47.0-255,66,61925,94,398076
41430,0.000401,74.125.200.0-255,3961,65886,94,398076
41431,0.000403,172.31.47.0-255,66,65952,94,398076
41432,0.000437,74.125.200.0-255,676,66628,94,398076
41433,0.000479,74.125.200.0-255,1484,68112,94,398076
41434,0.000482,172.31.47.0-255,66,68178,94,398076
41435,0.000487,74.125.200.0-255,2902,71080,94,398076
41436,0.000489,172.31.47.0-255,66,71146,94,398076
41437,0.000499,74.125.200.0-255,1484,72630,94,398076
41438,0.000515,74.125.200.0-255,2902,75532,94,398076
41439,0.000518,172.31.47.0-255,66,75598,94,398076
41440,0.000554,74.125.200.0-255,2902,78500,94,398076
41441,0.000557,172.31.47.0-255,66,78566,94,398076
41442,0.000579,74.125.200.0-255,5379,83945,94,398076
41443,0.000582,172.31.47.0-255,66,84011,94,398076
41444,0.000587,74.125.200.0-255,4320,88331,94,398076
41445,0.000589,172.31.47.0-255,66,88397,94,398076
41446,0.000607,74.125.200.0-255,4320,92717,94,398076
41447,0.000609,172.31.47.0-255,66,92783,94,398076
41448,0.000615,74.125.200.0-255,7156,99939,94,398076
41449,0.000617,172.31.47.0-255,66,100005,94,398076
41450,0.000638,74.125.200.0-255,1125,101130,94,398076
41451,0.001236,172.31.47.0-255,66,101196,94,398076
41452,0.001372,74.125.200.0-255,1484,102680,94,398076
41453,0.001389,74.125.200.0-255,2902,105582,94,398076
41454,0.001393,172.31.47.0-255,66,105648,94,398076
41455,0.001408,74.125.200.0-255,2902,108550,94,398076
41456,0.00141,172.31.47.0-255,66,108616,94,398076
41457,0.001432,74.125.200.0-255,1484,110100,94,398076
41458,0.001438,74.125.200.0-255,5738,115838,94,398076
41459,0.00144,172.31.47.0-255,66,115904,94,398076
41460,0.001467,172.31.47.0-255,66,115970,94,398076
41461,0.001483,74.125.200.0-255,2902,118872,94,398076
41462,0.001501,172.31.47.0-255,66,118938,94,398076
41463,0.001507,74.125.200.0-255,4320,123258,94,398076
41464,0.00151,172.31.47.0-255,66,123324,94,398076
41465,0.001541,74.125.200.0-255,3602,126926,94,398076
41466,0.001543,172.31.47.0-255,66,126992,94,398076
41467,0.001642,74.125.200.0-255,1484,128476,94,398076
41468,0.001649,74.125.200.0-255,2902,131378,94,398076
41469,0.001652,172.31.47.0-255,66,131444,94,398076
41470,0.001655,74.125.200.0-255,1484,132928,94,398076
41471,0.001673,74.125.200.0-255,2902,135830,94,398076
41472,0.001676,172.31.47.0-255,66,135896,94,398076
41473,0.001681,74.125.200.0-255,2902,138798,94,398076
41474,0.001683,172.31.47.0-255,66,138864,94,398076
41475,0.001696,74.125.200.0-255,2902,141766,94,398076
41476,0.001699,172.31.47.0-255,66,141832,94,398076
41477,0.001717,74.125.200.0-255,4320,146152,94,398076
41478,0.001719,172.31.47.0-255,66,146218,94,398076
41479,0.00174,74.125.200.0-255,7156,153374,94,398076
41480,0.001743,172.31.47.0-255,66,153440,94,398076
41481,0.001786,172.31.47.0-255,66,153506,94,398076
41482,0.001989,74.125.200.0-255,1484,154990,94,398076
41483,0.001997,74.125.200.0-255,2902,157892,94,398076
41484,0.002001,172.31.47.0-255,66,157958,94,398076
41485,0.002005,74.125.200.0-255,1484,159442,94,398076
41486,0.002024,74.125.200.0-255,4320,163762,94,398076
41487,0.002027,172.31.47.0-255,66,163828,94,398076
41488,0.00203,74.125.200.0-255,1484,165312,94,398076
41489,0.002051,74.125.200.0-255,5738,171050,94,398076
41490,0.002053,172.31.47.0-255,66,171116,94,398076
41491,0.002058,74.125.200.0-255,4320,175436,94,398076
41492,0.00206,172.31.47.0-255,66,175502,94,398076
41493,0.002075,74.125.200.0-255,2902,178404,94,398076
41494,0.002077,172.31.47.0-255,66,178470,94,398076
41495,0.004075,74.125.200.0-255,2902,181372,94,398076
41496,0.00408,172.31.47.0-255,66,181438,94,398076
41497,0.004098,74.125.200.0-255,2902,184340,94,398076
41498,0.0041,172.31.47.0-255,66,184406,94,398076
41499,0.006101,74.125.200.0-255,2902,187308,94,398076
41500,0.006105,172.31.47.0-255,66,187374,94,398076
41501,0.006124,74.125.200.0-255,2902,190276,94,398076
41502,0.006127,172.31.47.0-255,66,190342,94,398076
41503,0.008124,74.125.200.0-255,2902,193244,94,398076
41504,0.00813,172.31.47.0-255,66,193310,94,398076
41505,0.008146,74.125.200.0-255,2902,196212,94,398076
41506,0.008148,172.31.47.0-255,66,196278,94,398076
41507,0.010156,74.125.200.0-255,5738,202016,94,398076
41508,0.010164,172.31.47.0-255,66,202082,94,398076
41509,0.012194,74.125.200.0-255,5738,207820,94,398076
41510,0.012203,172.31.47.0-255,66,207886,94,398076
41511,0.014262,74.125.200.0-255,5738,213624,94,398076
41512,0.014276,172.31.47.0-255,66,213690,94,398076
41513,0.016321,74.125.200.0-255,5738,219428,94,398076
41514,0.016329,172.31.47.0-255,66,219494,94,398076
41515,0.018369,74.125.200.0-255,5738,225232,94,398076
41516,0.018377,172.31.47.0-255,66,225298,94,398076
41517,0.020414,74.125.200.0-255,5738,231036,94,398076
41518,0.02042,172.31.47.0-255,66,231102,94,398076
41519,0.022459,74.125.200.0-255,5738,236840,94,398076
41520,0.022467,172.31.47.0-255,66,236906,94,398076
41521,0.02452,74.125.200.0-255,5738,242644,94,398076
41522,0.024533,172.31.47.0-255,66,242710,94,398076
41523,0.026574,74.125.200.0-255,5738,248448,94,398076
41524,0.026584,172.31.47.0-255,66,248514,94,398076
41525,0.028633,74.125.200.0-255,5738,254252,94,398076
41526,0.028652,172.31.47.0-255,66,254318,94,398076
41527,0.030691,74.125.200.0-255,5738,260056,94,398076
41528,0.0307,172.31.47.0-255,66,260122,94,398076
41529,0.031347,172.31.47.0-255,172,260294,94,398076
41530,0.031376,172.31.47.0-255,1111,261405,94,398076
41531,0.031454,172.31.47.0-255,1514,262919,94,398076
41532,0.031456,172.31.47.0-255,1293,264212,94,398076
41533,0.032742,74.125.200.0-255,5738,269950,94,398076
41534,0.03275,172.31.47.0-255,66,270016,94,398076
41535,0.032874,104.244.42.0-255,66,270082,94,398076
41536,0.032934,104.244.42.0-255,66,270148,94,398076
41537,0.03302,104.244.42.0-255,66,270214,94,398076
41538,0.033603,104.244.42.0-255,108,270322,94,398076
41539,0.033609,172.31.47.0-255,66,270388,94,398076
41540,0.034819,74.125.200.0-255,5738,276126,94,398076
41541,0.034827,172.31.47.0-255,66,276192,94,398076
41542,0.036874,74.125.200.0-255,5738,281930,94,398076
41543,0.036889,172.31.47.0-255,66,281996,94,398076
41544,0.038931,74.125.200.0-255,5738,287734,94,398076
41545,0.038939,172.31.47.0-255,66,287800,94,398076
41546,0.040983,74.125.200.0-255,5738,293538,94,398076
41547,0.04099,172.31.47.0-255,66,293604,94,398076
41548,0.043037,74.125.200.0-255,5738,299342,94,398076
41549,0.043047,172.31.47.0-255,66,299408,94,398076
41550,0.045115,74.125.200.0-255,5738,305146,94,398076
41551,0.045122,172.31.47.0-255,66,305212,94,398076
41552,0.047176,74.125.200.0-255,5738,310950,94,398076
41553,0.047182,172.31.47.0-255,66,311016,94,398076
41554,0.049208,74.125.200.0-255,5738,316754,94,398076
41555,0.049214,172.31.47.0-255,66,316820,94,398076
41556,0.051256,74.125.200.0-255,5738,322558,94,398076
41557,0.051261,172.31.47.0-255,66,322624,94,398076
41558,0.053304,74.125.200.0-255,5738,328362,94,398076
41559,0.053309,172.31.47.0-255,66,328428,94,398076
41560,0.055346,74.125.200.0-255,5738,334166,94,398076
41561,0.055352,172.31.47.0-255,66,334232,94,398076
41562,0.057396,74.125.200.0-255,5738,339970,94,398076
41563,0.057402,172.31.47.0-255,66,340036,94,398076
41564,0.059441,74.125.200.0-255,5738,345774,94,398076
41565,0.059449,172.31.47.0-255,66,345840,94,398076
41566,0.061522,74.125.200.0-255,5738,351578,94,398076
41567,0.061529,172.31.47.0-255,66,351644,94,398076
41568,0.063569,74.125.200.0-255,5738,357382,94,398076
41569,0.063576,172.31.47.0-255,66,357448,94,398076
41570,0.065615,74.125.200.0-255,5738,363186,94,398076
41571,0.065621,172.31.47.0-255,66,363252,94,398076
41572,0.067696,74.125.200.0-255,5738,368990,94,398076
41573,0.067705,172.31.47.0-255,66,369056,94,398076
41574,0.069755,74.125.200.0-255,5738,374794,94,398076
41575,0.069762,172.31.47.0-255,66,374860,94,398076
41576,0.071804,74.125.200.0-255,5738,380598,94,398076
41577,0.071812,172.31.47.0-255,66,380664,94,398076
41578,0.073855,74.125.200.0-255,5738,386402,94,398076
41579,0.073861,172.31.47.0-255,66,386468,94,398076
41580,0.075901,74.125.200.0-255,5738,392206,94,398076
41581,0.075907,172.31.47.0-255,66,392272,94,398076
41582,0.077945,74.125.200.0-255,5738,398010,94,398076
41583,0.077951,172.31.47.0-255,66,398076,94,398076
41584,0.0,74.125.200.0-255,153,153,94,388133
41585,2.1e-05,172.31.47.0-255,66,219,94,388133
41586,2.8e-05,74.125.200.0-255,1484,1703,94,388133
41587,3.2e-05,172.31.47.0-255,66,1769,94,388133
41588,3.7e-05,74.125.200.0-255,2902,4671,94,388133
41589,4.5e-05,172.31.47.0-255,66,4737,94,388133
41590,5e-05,74.125.200.0-255,4320,9057,94,388133
41591,5.3e-05,172.31.47.0-255,66,9123,94,388133
41592,8.2e-05,74.125.200.0-255,1484,10607,94,388133
41593,8.4e-05,172.31.47.0-255,66,10673,94,388133
41594,9e-05,74.125.200.0-255,4320,14993,94,388133
41595,9.2e-05,172.31.47.0-255,66,15059,94,388133
41596,0.000123,74.125.200.0-255,3502,18561,94,388133
41597,0.000125,172.31.47.0-255,66,18627,94,388133
41598,0.000135,172.31.47.0-255,66,18693,94,388133
41599,0.000144,74.125.200.0-255,3961,22654,94,388133
41600,0.000146,172.31.47.0-255,66,22720,94,388133
41601,0.000262,74.125.200.0-255,1484,24204,94,388133
41602,0.000266,172.31.47.0-255,66,24270,94,388133
41603,0.000289,74.125.200.0-255,2902,27172,94,388133
41604,0.000292,172.31.47.0-255,66,27238,94,388133
41605,0.000297,74.125.200.0-255,4320,31558,94,388133
41606,0.000299,172.31.47.0-255,66,31624,94,388133
41607,0.000333,172.31.47.0-255,66,31690,94,388133
41608,0.000338,74.125.200.0-255,4320,36010,94,388133
41609,0.00034,172.31.47.0-255,66,36076,94,388133
41610,0.000364,74.125.200.0-255,4320,40396,94,388133
41611,0.000366,172.31.47.0-255,66,40462,94,388133
41612,0.000398,74.125.200.0-255,4320,44782,94,388133
41613,0.000401,172.31.47.0-255,66,44848,94,388133
41614,0.000429,74.125.200.0-255,3898,48746,94,388133
41615,0.000433,74.125.200.0-255,381,49127,94,388133
41616,0.000549,172.31.47.0-255,66,49193,94,388133
41617,0.000674,74.125.200.0-255,1484,50677,94,388133
41618,0.000681,74.125.200.0-255,2902,53579,94,388133
41619,0.000705,74.125.200.0-255,1484,55063,94,388133
41620,0.00072,74.125.200.0-255,4320,59383,94,388133
41621,0.000738,74.125.200.0-255,4320,63703,94,388133
41622,0.000752,74.125.200.0-255,2902,66605,94,388133
41623,0.000769,74.125.200.0-255,2902,69507,94,388133
41624,0.000788,74.125.200.0-255,1484,70991,94,388133
41625,0.000794,74.125.200.0-255,5738,76729,94,388133
41626,0.000838,74.125.200.0-255,6438,83167,94,388133
41627,0.000861,172.31.47.0-255,66,83233,94,388133
41628,0.00095,74.125.200.0-255,1484,84717,94,388133
41629,0.000969,74.125.200.0-255,2902,87619,94,388133
41630,0.000988,172.31.47.0-255,66,87685,94,388133
41631,0.001016,74.125.200.0-255,5738,93423,94,388133
41632,0.001019,74.125.200.0-255,1484,94907,94,388133
41633,0.001021,74.125.200.0-255,1484,96391,94,388133
41634,0.001036,74.125.200.0-255,1484,97875,94,388133
41635,0.001039,74.125.200.0-255,1484,99359,94,388133
41636,0.001044,172.31.47.0-255,66,99425,94,388133
41637,0.00107,74.125.200.0-255,4320,103745,94,388133
41638,0.001076,74.125.200.0-255,4320,108065,94,388133
41639,0.001082,74.125.200.0-255,5738,113803,94,388133
41640,0.0011,172.31.47.0-255,66,113869,94,388133
41641,0.001108,74.125.200.0-255,2902,116771,94,388133
41642,0.001116,172.31.47.0-255,66,116837,94,388133
41643,0.001125,74.125.200.0-255,766,117603,94,388133
41644,0.001219,74.125.200.0-255,1484,119087,94,388133
41645,0.001231,74.125.200.0-255,1484,120571,94,388133
41646,0.001243,74.125.200.0-255,1484,122055,94,388133
41647,0.001245,74.125.200.0-255,1484,123539,94,388133
41648,0.001249,172.31.47.0-255,66,123605,94,388133
41649,0.001254,172.31.47.0-255,66,123671,94,388133
41650,0.001281,74.125.200.0-255,4320,127991,94,388133
41651,0.001287,74.125.200.0-255,4320,132311,94,388133
41652,0.001293,74.125.200.0-255,5738,138049,94,388133
41653,0.001304,172.31.47.0-255,66,138115,94,388133
41654,0.001335,74.125.200.0-255,2184,140299,94,388133
41655,0.001362,172.31.47.0-255,66,140365,94,388133
41656,0.001654,74.125.200.0-255,1484,141849,94,388133
41657,0.001659,74.125.200.0-255,1484,143333,94,388133
41658,0.001662,172.31.47.0-255,66,143399,94,388133
41659,0.001666,74.125.200.0-255,1484,144883,94,388133
41660,0.001691,74.125.200.0-255,1484,146367,94,388133
41661,0.001707,172.31.47.0-255,66,146433,94,388133
41662,0.001714,74.125.200.0-255,5738,152171,94,388133
41663,0.001716,74.125.200.0-255,1484,153655,94,388133
41664,0.001735,74.125.200.0-255,2902,156557,94,388133
41665,0.001757,74.125.200.0-255,4320,160877,94,388133
41666,0.001766,172.31.47.0-255,66,160943,94,388133
41667,0.001769,74.125.200.0-255,1484,162427,94,388133
41668,0.001799,74.125.200.0-255,7156,169583,94,388133
41669,0.001805,172.31.47.0-255,66,169649,94,388133
41670,0.001833,74.125.200.0-255,6438,176087,94,388133
41671,0.001841,172.31.47.0-255,66,176153,94,388133
41672,0.001875,74.125.200.0-255,7156,183309,94,388133
41673,0.001881,74.125.200.0-255,4320,187629,94,388133
41674,0.001901,172.31.47.0-255,66,187695,94,388133
41675,0.001907,74.125.200.0-255,5738,193433,94,388133
41676,0.001917,172.31.47.0-255,66,193499,94,388133
41677,0.001953,172.31.47.0-255,66,193565,94,388133
41678,0.001981,74.125.200.0-255,6438,200003,94,388133
41679,0.002004,172.31.47.0-255,66,200069,94,388133
41680,0.004,74.125.200.0-255,5738,205807,94,388133
41681,0.004008,172.31.47.0-255,66,205873,94,388133
41682,0.005989,74.125.200.0-255,5738,211611,94,388133
41683,0.009029,172.31.47.0-255,66,211677,94,388133
41684,0.011026,74.125.200.0-255,5738,217415,94,388133
41685,0.011033,172.31.47.0-255,66,217481,94,388133
41686,0.013035,74.125.200.0-255,5738,223219,94,388133
41687,0.014644,172.31.47.0-255,66,223285,94,388133
41688,0.01665,74.125.200.0-255,5738,229023,94,388133
41689,0.016662,172.31.47.0-255,66,229089,94,388133
41690,0.018662,74.125.200.0-255,5738,234827,94,388133
41691,0.01867,172.31.47.0-255,66,234893,94,388133
41692,0.020697,74.125.200.0-255,5738,240631,94,388133
41693,0.020705,172.31.47.0-255,66,240697,94,388133
41694,0.022704,74.125.200.0-255,5738,246435,94,388133
41695,0.02271,172.31.47.0-255,66,246501,94,388133
41696,0.024718,74.125.200.0-255,5738,252239,94,388133
41697,0.024726,172.31.47.0-255,66,252305,94,388133
41698,0.026705,74.125.200.0-255,4320,256625,94,388133
41699,0.026711,172.31.47.0-255,66,256691,94,388133
41700,0.026739,74.125.200.0-255,1484,258175,94,388133
41701,0.027385,172.31.47.0-255,172,258347,94,388133
41702,0.027413,172.31.47.0-255,1117,259464,94,388133
41703,0.027465,172.31.47.0-255,1514,260978,94,388133
41704,0.027467,172.31.47.0-255,1287,262265,94,388133
41705,0.0287,74.125.200.0-255,4320,266585,94,388133
41706,0.028707,172.31.47.0-255,66,266651,94,388133
41707,0.028908,104.244.42.0-255,66,266717,94,388133
41708,0.028948,104.244.42.0-255,66,266783,94,388133
41709,0.028997,104.244.42.0-255,66,266849,94,388133
41710,0.029729,104.244.42.0-255,108,266957,94,388133
41711,0.029734,172.31.47.0-255,66,267023,94,388133
41712,0.030703,74.125.200.0-255,5738,272761,94,388133
41713,0.030732,172.31.47.0-255,66,272827,94,388133
41714,0.032738,74.125.200.0-255,5738,278565,94,388133
41715,0.032744,172.31.47.0-255,66,278631,94,388133
41716,0.034738,74.125.200.0-255,5738,284369,94,388133
41717,0.034743,172.31.47.0-255,66,284435,94,388133
41718,0.036741,74.125.200.0-255,5738,290173,94,388133
41719,0.036746,172.31.47.0-255,66,290239,94,388133
41720,0.038743,74.125.200.0-255,5738,295977,94,388133
41721,0.03875,172.31.47.0-255,66,296043,94,388133
41722,0.040754,74.125.200.0-255,5738,301781,94,388133
41723,0.040761,172.31.47.0-255,66,301847,94,388133
41724,0.042756,74.125.200.0-255,5738,307585,94,388133
41725,0.042762,172.31.47.0-255,66,307651,94,388133
41726,0.04476,74.125.200.0-255,5738,313389,94,388133
41727,0.044765,172.31.47.0-255,66,313455,94,388133
41728,0.046753,74.125.200.0-255,5738,319193,94,388133
41729,0.046759,172.31.47.0-255,66,319259,94,388133
41730,0.04876,74.125.200.0-255,5738,324997,94,388133
41731,0.048769,172.31.47.0-255,66,325063,94,388133
41732,0.050766,74.125.200.0-255,5738,330801,94,388133
41733,0.050775,172.31.47.0-255,66,330867,94,388133
41734,0.052761,74.125.200.0-255,4320,335187,94,388133
41735,0.052768,172.31.47.0-255,66,335253,94,388133
41736,0.052797,74.125.200.0-255,1484,336737,94,388133
41737,0.054759,74.125.200.0-255,4320,341057,94,388133
41738,0.054766,172.31.47.0-255,66,341123,94,388133
41739,0.05676,74.125.200.0-255,5738,346861,94,388133
41740,0.056803,172.31.47.0-255,66,346927,94,388133
41741,0.058791,74.125.200.0-255,2902,349829,94,388133
41742,0.058797,172.31.47.0-255,66,349895,94,388133
41743,0.058825,74.125.200.0-255,2902,352797,94,388133
41744,0.058874,172.31.47.0-255,66,352863,94,388133
41745,0.060797,74.125.200.0-255,2902,355765,94,388133
41746,0.060805,172.31.47.0-255,66,355831,94,388133
41747,0.060848,74.125.200.0-255,2902,358733,94,388133
41748,0.060867,172.31.47.0-255,66,358799,94,388133
41749,0.062821,74.125.200.0-255,2902,361701,94,388133
41750,0.062827,172.31.47.0-255,66,361767,94,388133
41751,0.062851,74.125.200.0-255,2902,364669,94,388133
41752,0.062873,172.31.47.0-255,66,364735,94,388133
41753,0.064818,74.125.200.0-255,2902,367637,94,388133
41754,0.064824,172.31.47.0-255,66,367703,94,388133
41755,0.064849,74.125.200.0-255,2902,370605,94,388133
41756,0.064869,172.31.47.0-255,66,370671,94,388133
41757,0.066827,74.125.200.0-255,2902,373573,94,388133
41758,0.066834,172.31.47.0-255,66,373639,94,388133
41759,0.066868,74.125.200.0-255,2902,376541,94,388133
41760,0.066978,172.31.47.0-255,66,376607,94,388133
41761,0.068821,74.125.200.0-255,2902,379509,94,388133
41762,0.068826,172.31.47.0-255,66,379575,94,388133
41763,0.068956,74.125.200.0-255,2902,382477,94,388133
41764,0.06896,172.31.47.0-255,66,382543,94,388133
41765,0.070827,74.125.200.0-255,2902,385445,94,388133
41766,0.070832,172.31.47.0-255,66,385511,94,388133
41767,0.070937,74.125.200.0-255,2385,387896,94,388133
41768,0.070942,172.31.47.0-255,66,387962,94,388133
41769,0.071217,172.31.47.0-255,105,388067,94,388133
41770,0.073171,74.125.200.0-255,66,388133,94,388133
41771,0.0,74.125.68.0-255,152,152,94,261005
41772,2.3e-05,172.31.47.0-255,66,218,94,261005
41773,2.9e-05,74.125.68.0-255,1484,1702,94,261005
41774,3.2e-05,172.31.47.0-255,66,1768,94,261005
41775,6.8e-05,74.125.68.0-255,1484,3252,94,261005
41776,7.1e-05,172.31.47.0-255,66,3318,94,261005
41777,7.7e-05,74.125.68.0-255,2902,6220,94,261005
41778,7.9e-05,172.31.47.0-255,66,6286,94,261005
41779,8.9e-05,74.125.68.0-255,5738,12024,94,261005
41780,9.2e-05,172.31.47.0-255,66,12090,94,261005
41781,0.000121,74.125.68.0-255,2045,14135,94,261005
41782,0.000123,172.31.47.0-255,66,14201,94,261005
41783,0.000411,74.125.68.0-255,1484,15685,94,261005
41784,0.000416,172.31.47.0-255,66,15751,94,261005
41785,0.000425,74.125.68.0-255,2902,18653,94,261005
41786,0.000427,172.31.47.0-255,66,18719,94,261005
41787,0.000439,74.125.68.0-255,5738,24457,94,261005
41788,0.000442,172.31.47.0-255,66,24523,94,261005
41789,0.00047,74.125.68.0-255,4320,28843,94,261005
41790,0.000478,172.31.47.0-255,66,28909,94,261005
41791,0.000505,74.125.68.0-255,2543,31452,94,261005
41792,0.000509,172.31.47.0-255,66,31518,94,261005
41793,0.000714,74.125.68.0-255,1484,33002,94,261005
41794,0.000719,172.31.47.0-255,66,33068,94,261005
41795,0.000725,74.125.68.0-255,1484,34552,94,261005
41796,0.000727,172.31.47.0-255,66,34618,94,261005
41797,0.000756,74.125.68.0-255,1484,36102,94,261005
41798,0.000759,172.31.47.0-255,66,36168,94,261005
41799,0.000765,74.125.68.0-255,5738,41906,94,261005
41800,0.000767,172.31.47.0-255,66,41972,94,261005
41801,0.000771,74.125.68.0-255,2902,44874,94,261005
41802,0.000777,172.31.47.0-255,66,44940,94,261005
41803,0.000782,74.125.68.0-255,3961,48901,94,261005
41804,0.000784,172.31.47.0-255,66,48967,94,261005
41805,0.000828,172.31.47.0-255,66,49033,94,261005
41806,0.000885,172.31.47.0-255,66,49099,94,261005
41807,0.000909,74.125.68.0-255,414,49513,94,261005
41808,0.001014,74.125.68.0-255,328,49841,94,261005
41809,0.001113,172.31.47.0-255,66,49907,94,261005
41810,0.001885,74.125.68.0-255,1484,51391,94,261005
41811,0.001907,74.125.68.0-255,2902,54293,94,261005
41812,0.00191,172.31.47.0-255,66,54359,94,261005
41813,0.001928,74.125.68.0-255,2902,57261,94,261005
41814,0.00193,172.31.47.0-255,66,57327,94,261005
41815,0.001954,74.125.68.0-255,4320,61647,94,261005
41816,0.001956,172.31.47.0-255,66,61713,94,261005
41817,0.001962,74.125.68.0-255,5738,67451,94,261005
41818,0.001963,172.31.47.0-255,66,67517,94,261005
41819,0.001981,74.125.68.0-255,2902,70419,94,261005
41820,0.001982,172.31.47.0-255,66,70485,94,261005
41821,0.00199,74.125.68.0-255,4320,74805,94,261005
41822,0.001992,172.31.47.0-255,66,74871,94,261005
41823,0.001997,74.125.68.0-255,4320,79191,94,261005
41824,0.001998,172.31.47.0-255,66,79257,94,261005
41825,0.002018,74.125.68.0-255,1484,80741,94,261005
41826,0.002022,74.125.68.0-255,2902,83643,94,261005
41827,0.002023,172.31.47.0-255,66,83709,94,261005
41828,0.002041,74.125.68.0-255,766,84475,94,261005
41829,0.002222,172.31.47.0-255,66,84541,94,261005
41830,0.004567,74.125.68.0-255,4320,88861,94,261005
41831,0.004572,172.31.47.0-255,66,88927,94,261005
41832,0.004757,74.125.68.0-255,1484,90411,94,261005
41833,0.007124,74.125.68.0-255,4320,94731,94,261005
41834,0.007131,172.31.47.0-255,66,94797,94,261005
41835,0.009683,74.125.68.0-255,5738,100535,94,261005
41836,0.009691,172.31.47.0-255,66,100601,94,261005
41837,0.012239,74.125.68.0-255,5738,106339,94,261005
41838,0.012249,172.31.47.0-255,66,106405,94,261005
41839,0.01482,74.125.68.0-255,5738,112143,94,261005
41840,0.014831,172.31.47.0-255,66,112209,94,261005
41841,0.017372,74.125.68.0-255,5738,117947,94,261005
41842,0.017379,172.31.47.0-255,66,118013,94,261005
41843,0.018648,172.31.47.0-255,172,118185,94,261005
41844,0.01869,172.31.47.0-255,1117,119302,94,261005
41845,0.018767,172.31.47.0-255,1514,120816,94,261005
41846,0.018769,172.31.47.0-255,1287,122103,94,261005
41847,0.019936,74.125.68.0-255,5738,127841,94,261005
41848,0.019943,172.31.47.0-255,66,127907,94,261005
41849,0.020175,104.244.42.0-255,66,127973,94,261005
41850,0.020264,104.244.42.0-255,66,128039,94,261005
41851,0.020342,104.244.42.0-255,66,128105,94,261005
41852,0.02249,74.125.68.0-255,5738,133843,94,261005
41853,0.022495,172.31.47.0-255,66,133909,94,261005
41854,0.025047,74.125.68.0-255,1484,135393,94,261005
41855,0.025073,74.125.68.0-255,4320,139713,94,261005
41856,0.025078,172.31.47.0-255,66,139779,94,261005
41857,0.027615,74.125.68.0-255,1484,141263,94,261005
41858,0.027644,74.125.68.0-255,4320,145583,94,261005
41859,0.027649,172.31.47.0-255,66,145649,94,261005
41860,0.030185,74.125.68.0-255,2902,148551,94,261005
41861,0.03019,172.31.47.0-255,66,148617,94,261005
41862,0.030218,74.125.68.0-255,2902,151519,94,261005
41863,0.030221,172.31.47.0-255,66,151585,94,261005
41864,0.032717,74.125.68.0-255,1484,153069,94,261005
41865,0.03275,74.125.68.0-255,4320,157389,94,261005
41866,0.032756,172.31.47.0-255,66,157455,94,261005
41867,0.03531,74.125.68.0-255,5738,163193,94,261005
41868,0.035315,172.31.47.0-255,66,163259,94,261005
41869,0.037874,74.125.68.0-255,4320,167579,94,261005
41870,0.037879,172.31.47.0-255,66,167645,94,261005
41871,0.037912,74.125.68.0-255,1484,169129,94,261005
41872,0.04043,74.125.68.0-255,4320,173449,94,261005
41873,0.040435,172.31.47.0-255,66,173515,94,261005
41874,0.042978,74.125.68.0-255,4320,177835,94,261005
41875,0.042983,172.31.47.0-255,66,177901,94,261005
41876,0.043019,74.125.68.0-255,1484,179385,94,261005
41877,0.045534,74.125.68.0-255,4320,183705,94,261005
41878,0.045539,172.31.47.0-255,66,183771,94,261005
41879,0.048078,74.125.68.0-255,2902,186673,94,261005
41880,0.048082,172.31.47.0-255,66,186739,94,261005
41881,0.048113,74.125.68.0-255,2902,189641,94,261005
41882,0.048116,172.31.47.0-255,66,189707,94,261005
41883,0.050632,74.125.68.0-255,2902,192609,94,261005
41884,0.050636,172.31.47.0-255,66,192675,94,261005
41885,0.050668,74.125.68.0-255,2902,195577,94,261005
41886,0.05067,172.31.47.0-255,66,195643,94,261005
41887,0.053187,74.125.68.0-255,2902,198545,94,261005
41888,0.053192,172.31.47.0-255,66,198611,94,261005
41889,0.053219,74.125.68.0-255,2902,201513,94,261005
41890,0.053222,172.31.47.0-255,66,201579,94,261005
41891,0.055729,74.125.68.0-255,2902,204481,94,261005
41892,0.055734,172.31.47.0-255,66,204547,94,261005
41893,0.055768,74.125.68.0-255,2902,207449,94,261005
41894,0.055771,172.31.47.0-255,66,207515,94,261005
41895,0.058279,74.125.68.0-255,2902,210417,94,261005
41896,0.058284,172.31.47.0-255,66,210483,94,261005
41897,0.058318,74.125.68.0-255,2902,213385,94,261005
41898,0.058322,172.31.47.0-255,66,213451,94,261005
41899,0.060836,74.125.68.0-255,2902,216353,94,261005
41900,0.060841,172.31.47.0-255,66,216419,94,261005
41901,0.060875,74.125.68.0-255,2902,219321,94,261005
41902,0.060879,172.31.47.0-255,66,219387,94,261005
41903,0.063432,74.125.68.0-255,2902,222289,94,261005
41904,0.063437,172.31.47.0-255,66,222355,94,261005
41905,0.063495,74.125.68.0-255,2902,225257,94,261005
41906,0.0635,172.31.47.0-255,66,225323,94,261005
41907,0.065978,74.125.68.0-255,2902,228225,94,261005
41908,0.065982,172.31.47.0-255,66,228291,94,261005
41909,0.066034,74.125.68.0-255,2902,231193,94,261005
41910,0.066037,172.31.47.0-255,66,231259,94,261005
41911,0.068543,74.125.68.0-255,2902,234161,94,261005
41912,0.068548,172.31.47.0-255,66,234227,94,261005
41913,0.068577,74.125.68.0-255,1484,235711,94,261005
41914,0.068592,74.125.68.0-255,1484,237195,94,261005
41915,0.068594,172.31.47.0-255,66,237261,94,261005
41916,0.071099,74.125.68.0-255,2902,240163,94,261005
41917,0.071104,172.31.47.0-255,66,240229,94,261005
41918,0.071141,74.125.68.0-255,2902,243131,94,261005
41919,0.071144,172.31.47.0-255,66,243197,94,261005
41920,0.07365,74.125.68.0-255,2902,246099,94,261005
41921,0.073654,172.31.47.0-255,66,246165,94,261005
41922,0.073684,74.125.68.0-255,2902,249067,94,261005
41923,0.073687,172.31.47.0-255,66,249133,94,261005
41924,0.076191,74.125.68.0-255,2902,252035,94,261005
41925,0.076196,172.31.47.0-255,66,252101,94,261005
41926,0.07623,74.125.68.0-255,2902,255003,94,261005
41927,0.076233,172.31.47.0-255,66,255069,94,261005
41928,0.07873,74.125.68.0-255,2902,257971,94,261005
41929,0.078735,172.31.47.0-255,66,258037,94,261005
41930,0.078771,74.125.68.0-255,2902,260939,94,261005
41931,0.078774,172.31.47.0-255,66,261005,94,261005
41932,0.0,172.31.47.0-255,105,105,94,276
41933,0.001779,157.240.13.0-255,105,210,94,276
41934,0.00179,172.31.47.0-255,66,276,94,276
41935,0.0,74.125.68.0-255,153,153,94,371847
41936,1.5e-05,172.31.47.0-255,66,219,94,371847
41937,2.2e-05,74.125.68.0-255,1484,1703,94,371847
41938,2.6e-05,172.31.47.0-255,66,1769,94,371847
41939,5.7e-05,74.125.68.0-255,2902,4671,94,371847
41940,6.5e-05,172.31.47.0-255,66,4737,94,371847
41941,6.8e-05,74.125.68.0-255,1484,6221,94,371847
41942,7.1e-05,172.31.47.0-255,66,6287,94,371847
41943,7.7e-05,74.125.68.0-255,2902,9189,94,371847
41944,7.9e-05,172.31.47.0-255,66,9255,94,371847
41945,0.000133,74.125.68.0-255,4970,14225,94,371847
41946,0.000136,172.31.47.0-255,66,14291,94,371847
41947,0.000162,74.125.68.0-255,5738,20029,94,371847
41948,0.000165,172.31.47.0-255,66,20095,94,371847
41949,0.000187,74.125.68.0-255,1484,21579,94,371847
41950,0.000189,172.31.47.0-255,66,21645,94,371847
41951,0.000213,74.125.68.0-255,1484,23129,94,371847
41952,0.000215,172.31.47.0-255,66,23195,94,371847
41953,0.000241,74.125.68.0-255,2902,26097,94,371847
41954,0.000243,172.31.47.0-255,66,26163,94,371847
41955,0.000271,74.125.68.0-255,1484,27647,94,371847
41956,0.000274,172.31.47.0-255,66,27713,94,371847
41957,0.000323,74.125.68.0-255,2902,30615,94,371847
41958,0.000326,172.31.47.0-255,66,30681,94,371847
41959,0.000351,74.125.68.0-255,1125,31806,94,371847
41960,0.000363,172.31.47.0-255,66,31872,94,371847
41961,0.000786,74.125.68.0-255,1484,33356,94,371847
41962,0.000792,172.31.47.0-255,66,33422,94,371847
41963,0.000796,74.125.68.0-255,1484,34906,94,371847
41964,0.000798,172.31.47.0-255,66,34972,94,371847
41965,0.000815,74.125.68.0-255,1484,36456,94,371847
41966,0.000818,172.31.47.0-255,66,36522,94,371847
41967,0.000826,74.125.68.0-255,2902,39424,94,371847
41968,0.000832,74.125.68.0-255,4320,43744,94,371847
41969,0.000855,172.31.47.0-255,66,43810,94,371847
41970,0.000866,74.125.68.0-255,1484,45294,94,371847
41971,0.000882,74.125.68.0-255,4320,49614,94,371847
41972,0.000889,74.125.68.0-255,5738,55352,94,371847
41973,0.000894,172.31.47.0-255,66,55418,94,371847
41974,0.000902,74.125.68.0-255,1484,56902,94,371847
41975,0.00091,74.125.68.0-255,766,57668,94,371847
41976,0.000929,172.31.47.0-255,66,57734,94,371847
41977,0.001092,74.125.68.0-255,646,58380,94,371847
41978,0.00113,74.125.68.0-255,1484,59864,94,371847
41979,0.001134,172.31.47.0-255,66,59930,94,371847
41980,0.001161,74.125.68.0-255,4320,64250,94,371847
41981,0.001177,74.125.68.0-255,5738,69988,94,371847
41982,0.001189,172.31.47.0-255,66,70054,94,371847
41983,0.001192,74.125.68.0-255,1484,71538,94,371847
41984,0.001245,172.31.47.0-255,66,71604,94,371847
41985,0.001283,172.31.47.0-255,66,71670,94,371847
41986,0.001549,74.125.68.0-255,1484,73154,94,371847
41987,0.00157,74.125.68.0-255,2902,76056,94,371847
41988,0.001573,172.31.47.0-255,66,76122,94,371847
41989,0.001578,74.125.68.0-255,2902,79024,94,371847
41990,0.001595,74.125.68.0-255,4320,83344,94,371847
41991,0.001644,74.125.68.0-255,4320,87664,94,371847
41992,0.001662,74.125.68.0-255,4320,91984,94,371847
41993,0.001673,74.125.68.0-255,1484,93468,94,371847
41994,0.001677,74.125.68.0-255,2902,96370,94,371847
41995,0.00169,74.125.68.0-255,1484,97854,94,371847
41996,0.001702,74.125.68.0-255,2902,100756,94,371847
41997,0.00173,74.125.68.0-255,4320,105076,94,371847
41998,0.001741,74.125.68.0-255,766,105842,94,371847
41999,0.001758,74.125.68.0-255,2902,108744,94,371847
42000,0.001769,74.125.68.0-255,2902,111646,94,371847
42001,0.001794,74.125.68.0-255,7156,118802,94,371847
42002,0.001816,74.125.68.0-255,4320,123122,94,371847
42003,0.001838,74.125.68.0-255,4320,127442,94,371847
42004,0.001843,74.125.68.0-255,4320,131762,94,371847
42005,0.001847,74.125.68.0-255,2902,134664,94,371847
42006,0.001864,74.125.68.0-255,2902,137566,94,371847
42007,0.001877,74.125.68.0-255,2184,139750,94,371847
42008,0.001902,74.125.68.0-255,2902,142652,94,371847
42009,0.001928,74.125.68.0-255,1484,144136,94,371847
42010,0.001941,74.125.68.0-255,4320,148456,94,371847
42011,0.001944,74.125.68.0-255,1484,149940,94,371847
42012,0.001964,74.125.68.0-255,5738,155678,94,371847
42013,0.001984,74.125.68.0-255,2902,158580,94,371847
42014,0.002045,74.125.68.0-255,1484,160064,94,371847
42015,0.002073,74.125.68.0-255,2184,162248,94,371847
42016,0.002086,74.125.68.0-255,4320,166568,94,371847
42017,0.002104,74.125.68.0-255,5738,172306,94,371847
42018,0.005955,172.31.47.0-255,66,172372,94,371847
42019,0.008052,74.125.68.0-255,5738,178110,94,371847
42020,0.00806,172.31.47.0-255,66,178176,94,371847
42021,0.010141,74.125.68.0-255,5738,183914,94,371847
42022,0.010152,172.31.47.0-255,66,183980,94,371847
42023,0.01228,74.125.68.0-255,5738,189718,94,371847
42024,0.012296,172.31.47.0-255,66,189784,94,371847
42025,0.014388,74.125.68.0-255,5738,195522,94,371847
42026,0.014402,172.31.47.0-255,66,195588,94,371847
42027,0.01648,74.125.68.0-255,5738,201326,94,371847
42028,0.01649,172.31.47.0-255,66,201392,94,371847
42029,0.018582,74.125.68.0-255,5738,207130,94,371847
42030,0.01859,172.31.47.0-255,66,207196,94,371847
42031,0.020677,74.125.68.0-255,5738,212934,94,371847
42032,0.020694,172.31.47.0-255,66,213000,94,371847
42033,0.02279,74.125.68.0-255,5738,218738,94,371847
42034,0.022806,172.31.47.0-255,66,218804,94,371847
42035,0.02492,74.125.68.0-255,5738,224542,94,371847
42036,0.024936,172.31.47.0-255,66,224608,94,371847
42037,0.027039,74.125.68.0-255,5738,230346,94,371847
42038,0.027054,172.31.47.0-255,66,230412,94,371847
42039,0.029157,74.125.68.0-255,5738,236150,94,371847
42040,0.029172,172.31.47.0-255,66,236216,94,371847
42041,0.031304,74.125.68.0-255,5738,241954,94,371847
42042,0.03132,172.31.47.0-255,66,242020,94,371847
42043,0.033409,74.125.68.0-255,5738,247758,94,371847
42044,0.033417,172.31.47.0-255,66,247824,94,371847
42045,0.035514,74.125.68.0-255,5738,253562,94,371847
42046,0.035522,172.31.47.0-255,66,253628,94,371847
42047,0.037618,74.125.68.0-255,5738,259366,94,371847
42048,0.03763,172.31.47.0-255,66,259432,94,371847
42049,0.039735,74.125.68.0-255,5738,265170,94,371847
42050,0.039751,172.31.47.0-255,66,265236,94,371847
42051,0.041838,74.125.68.0-255,5738,270974,94,371847
42052,0.041845,172.31.47.0-255,66,271040,94,371847
42053,0.042168,172.31.47.0-255,172,271212,94,371847
42054,0.042195,172.31.47.0-255,1108,272320,94,371847
42055,0.042243,172.31.47.0-255,1514,273834,94,371847
42056,0.042245,172.31.47.0-255,1296,275130,94,371847
42057,0.04373,104.244.42.0-255,66,275196,94,371847
42058,0.043768,104.244.42.0-255,66,275262,94,371847
42059,0.043836,104.244.42.0-255,66,275328,94,371847
42060,0.043928,74.125.68.0-255,5738,281066,94,371847
42061,0.043933,172.31.47.0-255,66,281132,94,371847
42062,0.044495,104.244.42.0-255,108,281240,94,371847
42063,0.0445,172.31.47.0-255,66,281306,94,371847
42064,0.046012,74.125.68.0-255,5738,287044,94,371847
42065,0.046018,172.31.47.0-255,66,287110,94,371847
42066,0.048106,74.125.68.0-255,5738,292848,94,371847
42067,0.048113,172.31.47.0-255,66,292914,94,371847
42068,0.050191,74.125.68.0-255,5738,298652,94,371847
42069,0.050199,172.31.47.0-255,66,298718,94,371847
42070,0.052289,74.125.68.0-255,5738,304456,94,371847
42071,0.052301,172.31.47.0-255,66,304522,94,371847
42072,0.054392,74.125.68.0-255,5738,310260,94,371847
42073,0.054409,172.31.47.0-255,66,310326,94,371847
42074,0.056521,74.125.68.0-255,5738,316064,94,371847
42075,0.056538,172.31.47.0-255,66,316130,94,371847
42076,0.058631,74.125.68.0-255,5738,321868,94,371847
42077,0.058646,172.31.47.0-255,66,321934,94,371847
42078,0.060745,74.125.68.0-255,5738,327672,94,371847
42079,0.060759,172.31.47.0-255,66,327738,94,371847
42080,0.062852,74.125.68.0-255,5738,333476,94,371847
42081,0.062867,172.31.47.0-255,66,333542,94,371847
42082,0.065003,74.125.68.0-255,5738,339280,94,371847
42083,0.065018,172.31.47.0-255,66,339346,94,371847
42084,0.067096,74.125.68.0-255,5738,345084,94,371847
42085,0.067105,172.31.47.0-255,66,345150,94,371847
42086,0.069197,74.125.68.0-255,5738,350888,94,371847
42087,0.069281,172.31.47.0-255,66,350954,94,371847
42088,0.071362,74.125.68.0-255,5738,356692,94,371847
42089,0.071374,172.31.47.0-255,66,356758,94,371847
42090,0.073461,74.125.68.0-255,5738,362496,94,371847
42091,0.073469,172.31.47.0-255,66,362562,94,371847
42092,0.075546,74.125.68.0-255,5738,368300,94,371847
42093,0.075551,172.31.47.0-255,66,368366,94,371847
42094,0.077632,74.125.68.0-255,3244,371610,94,371847
42095,0.077637,172.31.47.0-255,66,371676,94,371847
42096,0.077804,172.31.47.0-255,105,371781,94,371847
42097,0.07987,74.125.68.0-255,66,371847,94,371847
42098,0.0,74.125.200.0-255,153,153,94,371909
42099,2.5e-05,172.31.47.0-255,66,219,94,371909
42100,3.1e-05,74.125.200.0-255,1484,1703,94,371909
42101,3.5e-05,172.31.47.0-255,66,1769,94,371909
42102,4e-05,74.125.200.0-255,2902,4671,94,371909
42103,4.3e-05,172.31.47.0-255,66,4737,94,371909
42104,4.6e-05,74.125.200.0-255,1484,6221,94,371909
42105,4.7e-05,172.31.47.0-255,66,6287,94,371909
42106,5.1e-05,74.125.200.0-255,1484,7771,94,371909
42107,5.3e-05,172.31.47.0-255,66,7837,94,371909
42108,7e-05,74.125.200.0-255,1484,9321,94,371909
42109,7.2e-05,172.31.47.0-255,66,9387,94,371909
42110,7.7e-05,74.125.200.0-255,4320,13707,94,371909
42111,8e-05,172.31.47.0-255,66,13773,94,371909
42112,9.9e-05,74.125.200.0-255,2101,15874,94,371909
42113,0.000101,172.31.47.0-255,66,15940,94,371909
42114,0.000108,74.125.200.0-255,7156,23096,94,371909
42115,0.00011,172.31.47.0-255,66,23162,94,371909
42116,0.000116,74.125.200.0-255,2902,26064,94,371909
42117,0.000119,172.31.47.0-255,66,26130,94,371909
42118,0.000138,74.125.200.0-255,5379,31509,94,371909
42119,0.000141,172.31.47.0-255,66,31575,94,371909
42120,0.000199,74.125.200.0-255,1484,33059,94,371909
42121,0.000202,172.31.47.0-255,66,33125,94,371909
42122,0.000206,74.125.200.0-255,1484,34609,94,371909
42123,0.000208,172.31.47.0-255,66,34675,94,371909
42124,0.000219,74.125.200.0-255,1484,36159,94,371909
42125,0.000221,172.31.47.0-255,66,36225,94,371909
42126,0.000224,74.125.200.0-255,1484,37709,94,371909
42127,0.000227,172.31.47.0-255,66,37775,94,371909
42128,0.000246,74.125.200.0-255,4320,42095,94,371909
42129,0.00025,74.125.200.0-255,2902,44997,94,371909
42130,0.000251,172.31.47.0-255,66,45063,94,371909
42131,0.000257,172.31.47.0-255,66,45129,94,371909
42132,0.000259,74.125.200.0-255,1484,46613,94,371909
42133,0.000265,74.125.200.0-255,5738,52351,94,371909
42134,0.000281,172.31.47.0-255,66,52417,94,371909
42135,0.000287,74.125.200.0-255,1484,53901,94,371909
42136,0.00032,74.125.200.0-255,2184,56085,94,371909
42137,0.000326,172.31.47.0-255,66,56151,94,371909
42138,0.000403,74.125.200.0-255,363,56514,94,371909
42139,0.000418,74.125.200.0-255,126,56640,94,371909
42140,0.000559,74.125.200.0-255,1484,58124,94,371909
42141,0.000573,74.125.200.0-255,2902,61026,94,371909
42142,0.000599,74.125.200.0-255,4320,65346,94,371909
42143,0.000616,74.125.200.0-255,1484,66830,94,371909
42144,0.00062,74.125.200.0-255,2902,69732,94,371909
42145,0.00064,74.125.200.0-255,4320,74052,94,371909
42146,0.00064,172.31.47.0-255,66,74118,94,371909
42147,0.000647,172.31.47.0-255,66,74184,94,371909
42148,0.000682,172.31.47.0-255,66,74250,94,371909
42149,0.000686,74.125.200.0-255,2902,77152,94,371909
42150,0.000694,172.31.47.0-255,66,77218,94,371909
42151,0.000705,74.125.200.0-255,1484,78702,94,371909
42152,0.000726,74.125.200.0-255,3602,82304,94,371909
42153,0.000744,172.31.47.0-255,66,82370,94,371909
42154,0.000755,74.125.200.0-255,5738,88108,94,371909
42155,0.000765,172.31.47.0-255,66,88174,94,371909
42156,0.000788,74.125.200.0-255,5738,93912,94,371909
42157,0.000795,172.31.47.0-255,66,93978,94,371909
42158,0.000799,74.125.200.0-255,1484,95462,94,371909
42159,0.000812,74.125.200.0-255,4320,99782,94,371909
42160,0.000821,172.31.47.0-255,66,99848,94,371909
42161,0.000828,74.125.200.0-255,1484,101332,94,371909
42162,0.000852,74.125.200.0-255,1484,102816,94,371909
42163,0.000859,172.31.47.0-255,66,102882,94,371909
42164,0.000869,74.125.200.0-255,5738,108620,94,371909
42165,0.000884,172.31.47.0-255,66,108686,94,371909
42166,0.000897,172.31.47.0-255,66,108752,94,371909
42167,0.000902,74.125.200.0-255,2902,111654,94,371909
42168,0.000908,172.31.47.0-255,66,111720,94,371909
42169,0.000917,74.125.200.0-255,1484,113204,94,371909
42170,0.000923,74.125.200.0-255,4320,117524,94,371909
42171,0.000933,172.31.47.0-255,66,117590,94,371909
42172,0.000936,74.125.200.0-255,1484,119074,94,371909
42173,0.000962,74.125.200.0-255,4320,123394,94,371909
42174,0.000968,172.31.47.0-255,66,123460,94,371909
42175,0.000979,74.125.200.0-255,1484,124944,94,371909
42176,0.000993,74.125.200.0-255,4320,129264,94,371909
42177,0.000997,172.31.47.0-255,66,129330,94,371909
42178,0.001009,74.125.200.0-255,4320,133650,94,371909
42179,0.001018,172.31.47.0-255,66,133716,94,371909
42180,0.001022,74.125.200.0-255,5738,139454,94,371909
42181,0.001029,172.31.47.0-255,66,139520,94,371909
42182,0.00106,74.125.200.0-255,3602,143122,94,371909
42183,0.001068,172.31.47.0-255,66,143188,94,371909
42184,0.001115,74.125.200.0-255,1484,144672,94,371909
42185,0.001128,74.125.200.0-255,1484,146156,94,371909
42186,0.001131,172.31.47.0-255,66,146222,94,371909
42187,0.001136,74.125.200.0-255,4320,150542,94,371909
42188,0.001143,172.31.47.0-255,66,150608,94,371909
42189,0.001157,74.125.200.0-255,2902,153510,94,371909
42190,0.001163,172.31.47.0-255,66,153576,94,371909
42191,0.00117,74.125.200.0-255,2902,156478,94,371909
42192,0.001174,172.31.47.0-255,66,156544,94,371909
42193,0.001187,74.125.200.0-255,2902,159446,94,371909
42194,0.001189,74.125.200.0-255,1484,160930,94,371909
42195,0.001193,74.125.200.0-255,2902,163832,94,371909
42196,0.001194,172.31.47.0-255,66,163898,94,371909
42197,0.001198,172.31.47.0-255,66,163964,94,371909
42198,0.001221,74.125.200.0-255,5738,169702,94,371909
42199,0.001224,74.125.200.0-255,1484,171186,94,371909
42200,0.001227,74.125.200.0-255,2902,174088,94,371909
42201,0.001231,172.31.47.0-255,66,174154,94,371909
42202,0.001265,74.125.200.0-255,1484,175638,94,371909
42203,0.00128,74.125.200.0-255,2184,177822,94,371909
42204,0.001283,172.31.47.0-255,66,177888,94,371909
42205,0.001423,74.125.200.0-255,1484,179372,94,371909
42206,0.001475,74.125.200.0-255,1484,180856,94,371909
42207,0.001479,172.31.47.0-255,66,180922,94,371909
42208,0.00151,74.125.200.0-255,2902,183824,94,371909
42209,0.001513,74.125.200.0-255,1484,185308,94,371909
42210,0.001522,172.31.47.0-255,66,185374,94,371909
42211,0.001529,74.125.200.0-255,1484,186858,94,371909
42212,0.001538,74.125.200.0-255,1484,188342,94,371909
42213,0.001541,172.31.47.0-255,66,188408,94,371909
42214,0.001579,74.125.200.0-255,1484,189892,94,371909
42215,0.001583,74.125.200.0-255,2902,192794,94,371909
42216,0.001586,172.31.47.0-255,66,192860,94,371909
42217,0.001608,74.125.200.0-255,5738,198598,94,371909
42218,0.001612,74.125.200.0-255,2902,201500,94,371909
42219,0.001617,172.31.47.0-255,66,201566,94,371909
42220,0.00163,74.125.200.0-255,1484,203050,94,371909
42221,0.001634,74.125.200.0-255,2902,205952,94,371909
42222,0.001637,172.31.47.0-255,66,206018,94,371909
42223,0.001651,74.125.200.0-255,2902,208920,94,371909
42224,0.001656,172.31.47.0-255,66,208986,94,371909
42225,0.001671,74.125.200.0-255,3602,212588,94,371909
42226,0.001681,172.31.47.0-255,66,212654,94,371909
42227,0.001882,74.125.200.0-255,1484,214138,94,371909
42228,0.001897,74.125.200.0-255,1484,215622,94,371909
42229,0.001901,172.31.47.0-255,66,215688,94,371909
42230,0.001916,74.125.200.0-255,1484,217172,94,371909
42231,0.001921,74.125.200.0-255,4320,221492,94,371909
42232,0.001934,172.31.47.0-255,66,221558,94,371909
42233,0.001964,74.125.200.0-255,2902,224460,94,371909
42234,0.001984,74.125.200.0-255,2902,227362,94,371909
42235,0.001994,74.125.200.0-255,2902,230264,94,371909
42236,0.002014,74.125.200.0-255,7156,237420,94,371909
42237,0.002017,74.125.200.0-255,1484,238904,94,371909
42238,0.002032,74.125.200.0-255,2184,241088,94,371909
42239,0.002035,74.125.200.0-255,1484,242572,94,371909
42240,0.00205,74.125.200.0-255,2902,245474,94,371909
42241,0.002053,74.125.200.0-255,1484,246958,94,371909
42242,0.002082,74.125.200.0-255,5738,252696,94,371909
42243,0.002099,74.125.200.0-255,5738,258434,94,371909
42244,0.002115,74.125.200.0-255,1484,259918,94,371909
42245,0.002138,74.125.200.0-255,1484,261402,94,371909
42246,0.002155,74.125.200.0-255,2184,263586,94,371909
42247,0.002183,74.125.200.0-255,1484,265070,94,371909
42248,0.002204,74.125.200.0-255,2902,267972,94,371909
42249,0.002207,74.125.200.0-255,1484,269456,94,371909
42250,0.002224,74.125.200.0-255,4320,273776,94,371909
42251,0.002241,74.125.200.0-255,4320,278096,94,371909
42252,0.002257,74.125.200.0-255,1484,279580,94,371909
42253,0.002285,74.125.200.0-255,2902,282482,94,371909
42254,0.002303,74.125.200.0-255,4320,286802,94,371909
42255,0.002335,74.125.200.0-255,2184,288986,94,371909
42256,0.002587,74.125.200.0-255,1484,290470,94,371909
42257,0.002593,74.125.200.0-255,1484,291954,94,371909
42258,0.002605,74.125.200.0-255,1484,293438,94,371909
42259,0.002609,74.125.200.0-255,1484,294922,94,371909
42260,0.00263,74.125.200.0-255,4320,299242,94,371909
42261,0.002636,74.125.200.0-255,7156,306398,94,371909
42262,0.00264,74.125.200.0-255,1484,307882,94,371909
42263,0.002649,74.125.200.0-255,1484,309366,94,371909
42264,0.004412,172.31.47.0-255,66,309432,94,371909
42265,0.007074,74.125.200.0-255,5738,315170,94,371909
42266,0.007079,172.31.47.0-255,66,315236,94,371909
42267,0.009735,74.125.200.0-255,5738,320974,94,371909
42268,0.009743,172.31.47.0-255,66,321040,94,371909
42269,0.012376,74.125.200.0-255,5738,326778,94,371909
42270,0.015774,172.31.47.0-255,66,326844,94,371909
42271,0.018408,74.125.200.0-255,5738,332582,94,371909
42272,0.018419,172.31.47.0-255,66,332648,94,371909
42273,0.021043,74.125.200.0-255,2902,335550,94,371909
42274,0.021049,172.31.47.0-255,66,335616,94,371909
42275,0.021076,74.125.200.0-255,2902,338518,94,371909
42276,0.021088,172.31.47.0-255,66,338584,94,371909
42277,0.023679,74.125.200.0-255,2902,341486,94,371909
42278,0.023685,172.31.47.0-255,66,341552,94,371909
42279,0.023712,74.125.200.0-255,2902,344454,94,371909
42280,0.023727,172.31.47.0-255,66,344520,94,371909
42281,0.024864,172.31.47.0-255,172,344692,94,371909
42282,0.024888,172.31.47.0-255,1112,345804,94,371909
42283,0.024916,172.31.47.0-255,1514,347318,94,371909
42284,0.024917,172.31.47.0-255,1293,348611,94,371909
42285,0.026325,74.125.200.0-255,2902,351513,94,371909
42286,0.02633,172.31.47.0-255,66,351579,94,371909
42287,0.026369,74.125.200.0-255,2902,354481,94,371909
42288,0.02638,172.31.47.0-255,66,354547,94,371909
42289,0.026434,104.244.42.0-255,66,354613,94,371909
42290,0.02644,104.244.42.0-255,66,354679,94,371909
42291,0.026467,104.244.42.0-255,66,354745,94,371909
42292,0.028957,74.125.200.0-255,2902,357647,94,371909
42293,0.028962,172.31.47.0-255,66,357713,94,371909
42294,0.028995,74.125.200.0-255,2902,360615,94,371909
42295,0.029,172.31.47.0-255,66,360681,94,371909
42296,0.031588,74.125.200.0-255,2902,363583,94,371909
42297,0.031593,172.31.47.0-255,66,363649,94,371909
42298,0.031621,74.125.200.0-255,2902,366551,94,371909
42299,0.031636,172.31.47.0-255,66,366617,94,371909
42300,0.034221,74.125.200.0-255,2902,369519,94,371909
42301,0.034228,172.31.47.0-255,66,369585,94,371909
42302,0.034258,74.125.200.0-255,2087,371672,94,371909
42303,0.034278,172.31.47.0-255,66,371738,94,371909
42304,0.034422,172.31.47.0-255,105,371843,94,371909
42305,0.037021,74.125.200.0-255,66,371909,94,371909
42306,0.0,74.125.24.0-255,153,153,94,196558
42307,2e-05,172.31.47.0-255,66,219,94,196558
42308,2.7e-05,74.125.24.0-255,1484,1703,94,196558
42309,3.2e-05,172.31.47.0-255,66,1769,94,196558
42310,3.8e-05,74.125.24.0-255,2902,4671,94,196558
42311,4.1e-05,172.31.47.0-255,66,4737,94,196558
42312,4.9e-05,74.125.24.0-255,7156,11893,94,196558
42313,5.2e-05,172.31.47.0-255,66,11959,94,196558
42314,5.7e-05,74.125.24.0-255,3497,15456,94,196558
42315,6.1e-05,172.31.47.0-255,66,15522,94,196558
42316,7.5e-05,172.31.47.0-255,66,15588,94,196558
42317,0.000101,74.125.24.0-255,1484,17072,94,196558
42318,0.000103,172.31.47.0-255,66,17138,94,196558
42319,0.000108,74.125.24.0-255,2543,19681,94,196558
42320,0.000111,172.31.47.0-255,66,19747,94,196558
42321,0.000165,74.125.24.0-255,1484,21231,94,196558
42322,0.000167,172.31.47.0-255,66,21297,94,196558
42323,0.000172,74.125.24.0-255,2902,24199,94,196558
42324,0.000174,172.31.47.0-255,66,24265,94,196558
42325,0.000194,74.125.24.0-255,5738,30003,94,196558
42326,0.000197,172.31.47.0-255,66,30069,94,196558
42327,0.000202,74.125.24.0-255,4320,34389,94,196558
42328,0.000204,172.31.47.0-255,66,34455,94,196558
42329,0.000244,172.31.47.0-255,66,34521,94,196558
42330,0.000267,74.125.24.0-255,3961,38482,94,196558
42331,0.000269,172.31.47.0-255,66,38548,94,196558
42332,0.000276,74.125.24.0-255,7075,45623,94,196558
42333,0.000279,172.31.47.0-255,66,45689,94,196558
42334,0.000281,74.125.24.0-255,408,46097,94,196558
42335,0.000283,172.31.47.0-255,66,46163,94,196558
42336,0.000537,74.125.24.0-255,1484,47647,94,196558
42337,0.000545,74.125.24.0-255,2902,50549,94,196558
42338,0.000549,172.31.47.0-255,66,50615,94,196558
42339,0.000553,74.125.24.0-255,1484,52099,94,196558
42340,0.000569,74.125.24.0-255,4320,56419,94,196558
42341,0.000572,172.31.47.0-255,66,56485,94,196558
42342,0.000579,74.125.24.0-255,7156,63641,94,196558
42343,0.000581,172.31.47.0-255,66,63707,94,196558
42344,0.0006,74.125.24.0-255,2902,66609,94,196558
42345,0.000603,172.31.47.0-255,66,66675,94,196558
42346,0.000633,172.31.47.0-255,66,66741,94,196558
42347,0.000644,74.125.24.0-255,3602,70343,94,196558
42348,0.000646,172.31.47.0-255,66,70409,94,196558
42349,0.000659,74.125.24.0-255,2902,73311,94,196558
42350,0.000661,172.31.47.0-255,66,73377,94,196558
42351,0.000663,74.125.24.0-255,1484,74861,94,196558
42352,0.000684,74.125.24.0-255,2902,77763,94,196558
42353,0.000687,172.31.47.0-255,66,77829,94,196558
42354,0.000697,172.31.47.0-255,66,77895,94,196558
42355,0.000759,172.31.47.0-255,66,77961,94,196558
42356,0.000773,74.125.24.0-255,1484,79445,94,196558
42357,0.000787,74.125.24.0-255,2902,82347,94,196558
42358,0.00079,172.31.47.0-255,66,82413,94,196558
42359,0.000796,74.125.24.0-255,5738,88151,94,196558
42360,0.000799,172.31.47.0-255,66,88217,94,196558
42361,0.000812,74.125.24.0-255,2902,91119,94,196558
42362,0.000815,172.31.47.0-255,66,91185,94,196558
42363,0.000835,74.125.24.0-255,5738,96923,94,196558
42364,0.000838,172.31.47.0-255,66,96989,94,196558
42365,0.000848,172.31.47.0-255,66,97055,94,196558
42366,0.000877,74.125.24.0-255,5020,102075,94,196558
42367,0.00088,172.31.47.0-255,66,102141,94,196558
42368,0.000909,74.125.24.0-255,2902,105043,94,196558
42369,0.000913,172.31.47.0-255,66,105109,94,196558
42370,0.000928,74.125.24.0-255,2902,108011,94,196558
42371,0.000931,172.31.47.0-255,66,108077,94,196558
42372,0.000937,74.125.24.0-255,7156,115233,94,196558
42373,0.000939,172.31.47.0-255,66,115299,94,196558
42374,0.000943,74.125.24.0-255,1484,116783,94,196558
42375,0.000975,172.31.47.0-255,66,116849,94,196558
42376,0.000982,74.125.24.0-255,6438,123287,94,196558
42377,0.000985,172.31.47.0-255,66,123353,94,196558
42378,0.001026,74.125.24.0-255,1484,124837,94,196558
42379,0.001031,74.125.24.0-255,2902,127739,94,196558
42380,0.001033,172.31.47.0-255,66,127805,94,196558
42381,0.001056,74.125.24.0-255,5738,133543,94,196558
42382,0.00106,172.31.47.0-255,66,133609,94,196558
42383,0.001062,74.125.24.0-255,1484,135093,94,196558
42384,0.001092,172.31.47.0-255,66,135159,94,196558
42385,0.001095,74.125.24.0-255,1484,136643,94,196558
42386,0.001125,74.125.24.0-255,4320,140963,94,196558
42387,0.001128,172.31.47.0-255,66,141029,94,196558
42388,0.001148,74.125.24.0-255,5020,146049,94,196558
42389,0.001151,172.31.47.0-255,66,146115,94,196558
42390,0.001181,74.125.24.0-255,1484,147599,94,196558
42391,0.001203,74.125.24.0-255,2902,150501,94,196558
42392,0.001205,74.125.24.0-255,1484,151985,94,196558
42393,0.00121,172.31.47.0-255,66,152051,94,196558
42394,0.001221,74.125.24.0-255,4320,156371,94,196558
42395,0.001223,172.31.47.0-255,66,156437,94,196558
42396,0.001235,74.125.24.0-255,7156,163593,94,196558
42397,0.001238,172.31.47.0-255,66,163659,94,196558
42398,0.001241,74.125.24.0-255,1484,165143,94,196558
42399,0.001278,172.31.47.0-255,66,165209,94,196558
42400,0.001282,74.125.24.0-255,2184,167393,94,196558
42401,0.001284,172.31.47.0-255,66,167459,94,196558
42402,0.001385,74.125.24.0-255,1484,168943,94,196558
42403,0.001398,74.125.24.0-255,2902,171845,94,196558
42404,0.001402,172.31.47.0-255,66,171911,94,196558
42405,0.001404,74.125.24.0-255,1484,173395,94,196558
42406,0.001423,74.125.24.0-255,4320,177715,94,196558
42407,0.001426,172.31.47.0-255,66,177781,94,196558
42408,0.001438,172.31.47.0-255,66,177847,94,196558
42409,0.001517,172.31.47.0-255,66,177913,94,196558
42410,0.001538,74.125.24.0-255,5020,182933,94,196558
42411,0.001577,172.31.47.0-255,66,182999,94,196558
42412,0.00158,172.31.47.0-255,66,183065,94,196558
42413,0.001582,172.31.47.0-255,66,183131,94,196558
42414,0.001604,172.31.47.0-255,66,183197,94,196558
42415,0.001637,172.31.47.0-255,66,183263,94,196558
42416,0.001663,172.31.47.0-255,66,183329,94,196558
42417,0.001674,172.31.47.0-255,66,183395,94,196558
42418,0.001695,74.125.24.0-255,1484,184879,94,196558
42419,0.001715,74.125.24.0-255,3323,188202,94,196558
42420,0.001718,172.31.47.0-255,66,188268,94,196558
42421,0.001721,74.125.24.0-255,105,188373,94,196558
42422,0.007444,172.31.47.0-255,66,188439,94,196558
42423,0.007478,172.31.47.0-255,105,188544,94,196558
42424,0.009981,74.125.24.0-255,66,188610,94,196558
42425,0.029811,172.31.47.0-255,172,188782,94,196558
42426,0.029841,172.31.47.0-255,1117,189899,94,196558
42427,0.029904,172.31.47.0-255,1514,191413,94,196558
42428,0.029905,172.31.47.0-255,1514,192927,94,196558
42429,0.02991,172.31.47.0-255,1514,194441,94,196558
42430,0.029911,172.31.47.0-255,1514,195955,94,196558
42431,0.029933,172.31.47.0-255,165,196120,94,196558
42432,0.031313,104.244.42.0-255,66,196186,94,196558
42433,0.031341,104.244.42.0-255,66,196252,94,196558
42434,0.03141,104.244.42.0-255,66,196318,94,196558
42435,0.031432,104.244.42.0-255,66,196384,94,196558
42436,0.032082,104.244.42.0-255,108,196492,94,196558
42437,0.032088,172.31.47.0-255,66,196558,94,196558
42438,0.0,172.31.47.0-255,66,66,94,66
42439,0.0,216.58.203.0-255,153,153,94,374415
42440,3e-05,172.31.47.0-255,66,219,94,374415
42441,3.8e-05,216.58.203.0-255,1484,1703,94,374415
42442,4.2e-05,172.31.47.0-255,66,1769,94,374415
42443,5.4e-05,216.58.203.0-255,2902,4671,94,374415
42444,5.7e-05,172.31.47.0-255,66,4737,94,374415
42445,6.4e-05,216.58.203.0-255,7156,11893,94,374415
42446,6.6e-05,172.31.47.0-255,66,11959,94,374415
42447,8.6e-05,216.58.203.0-255,2044,14003,94,374415
42448,8.9e-05,172.31.47.0-255,66,14069,94,374415
42449,0.000376,216.58.203.0-255,1484,15553,94,374415
42450,0.00038,172.31.47.0-255,66,15619,94,374415
42451,0.000388,216.58.203.0-255,2902,18521,94,374415
42452,0.000391,172.31.47.0-255,66,18587,94,374415
42453,0.000401,216.58.203.0-255,4320,22907,94,374415
42454,0.000403,172.31.47.0-255,66,22973,94,374415
42455,0.000423,216.58.203.0-255,1484,24457,94,374415
42456,0.000429,172.31.47.0-255,66,24523,94,374415
42457,0.000447,216.58.203.0-255,5738,30261,94,374415
42458,0.000449,172.31.47.0-255,66,30327,94,374415
42459,0.000481,216.58.203.0-255,1125,31452,94,374415
42460,0.000486,172.31.47.0-255,66,31518,94,374415
42461,0.000493,216.58.203.0-255,7156,38674,94,374415
42462,0.000496,172.31.47.0-255,66,38740,94,374415
42463,0.000506,172.31.47.0-255,66,38806,94,374415
42464,0.000798,216.58.203.0-255,1484,40290,94,374415
42465,0.000803,172.31.47.0-255,66,40356,94,374415
42466,0.000809,216.58.203.0-255,2902,43258,94,374415
42467,0.000811,172.31.47.0-255,66,43324,94,374415
42468,0.000816,216.58.203.0-255,5738,49062,94,374415
42469,0.000824,172.31.47.0-255,66,49128,94,374415
42470,0.000832,216.58.203.0-255,6797,55925,94,374415
42471,0.000833,172.31.47.0-255,66,55991,94,374415
42472,0.000856,216.58.203.0-255,395,56386,94,374415
42473,0.0009,216.58.203.0-255,348,56734,94,374415
42474,0.001014,172.31.47.0-255,66,56800,94,374415
42475,0.001042,216.58.203.0-255,1484,58284,94,374415
42476,0.001047,216.58.203.0-255,2902,61186,94,374415
42477,0.001049,172.31.47.0-255,66,61252,94,374415
42478,0.001053,216.58.203.0-255,1484,62736,94,374415
42479,0.001079,216.58.203.0-255,4320,67056,94,374415
42480,0.001081,172.31.47.0-255,66,67122,94,374415
42481,0.001086,216.58.203.0-255,2902,70024,94,374415
42482,0.001087,172.31.47.0-255,66,70090,94,374415
42483,0.001092,216.58.203.0-255,3961,74051,94,374415
42484,0.001094,172.31.47.0-255,66,74117,94,374415
42485,0.001134,216.58.203.0-255,4320,78437,94,374415
42486,0.001137,172.31.47.0-255,66,78503,94,374415
42487,0.001142,216.58.203.0-255,4320,82823,94,374415
42488,0.001143,172.31.47.0-255,66,82889,94,374415
42489,0.001172,216.58.203.0-255,1484,84373,94,374415
42490,0.00118,216.58.203.0-255,6797,91170,94,374415
42491,0.001182,172.31.47.0-255,66,91236,94,374415
42492,0.001625,216.58.203.0-255,1484,92720,94,374415
42493,0.001633,216.58.203.0-255,2902,95622,94,374415
42494,0.001637,172.31.47.0-255,66,95688,94,374415
42495,0.001641,216.58.203.0-255,2902,98590,94,374415
42496,0.001643,172.31.47.0-255,66,98656,94,374415
42497,0.001676,216.58.203.0-255,4320,102976,94,374415
42498,0.001678,172.31.47.0-255,66,103042,94,374415
42499,0.001688,172.31.47.0-255,66,103108,94,374415
42500,0.003352,216.58.203.0-255,1484,104592,94,374415
42501,0.003374,216.58.203.0-255,4320,108912,94,374415
42502,0.003378,172.31.47.0-255,66,108978,94,374415
42503,0.005034,216.58.203.0-255,5738,114716,94,374415
42504,0.005039,172.31.47.0-255,66,114782,94,374415
42505,0.006699,216.58.203.0-255,5738,120520,94,374415
42506,0.006706,172.31.47.0-255,66,120586,94,374415
42507,0.008362,216.58.203.0-255,5738,126324,94,374415
42508,0.00837,172.31.47.0-255,66,126390,94,374415
42509,0.010026,216.58.203.0-255,5738,132128,94,374415
42510,0.010033,172.31.47.0-255,66,132194,94,374415
42511,0.011697,216.58.203.0-255,5738,137932,94,374415
42512,0.011705,172.31.47.0-255,66,137998,94,374415
42513,0.013367,216.58.203.0-255,5738,143736,94,374415
42514,0.013374,172.31.47.0-255,66,143802,94,374415
42515,0.015029,216.58.203.0-255,5738,149540,94,374415
42516,0.015035,172.31.47.0-255,66,149606,94,374415
42517,0.016686,216.58.203.0-255,5738,155344,94,374415
42518,0.016691,172.31.47.0-255,66,155410,94,374415
42519,0.01836,216.58.203.0-255,5738,161148,94,374415
42520,0.018367,172.31.47.0-255,66,161214,94,374415
42521,0.020019,216.58.203.0-255,5738,166952,94,374415
42522,0.020025,172.31.47.0-255,66,167018,94,374415
42523,0.021685,216.58.203.0-255,5738,172756,94,374415
42524,0.021693,172.31.47.0-255,66,172822,94,374415
42525,0.022242,172.31.47.0-255,172,172994,94,374415
42526,0.022286,172.31.47.0-255,1117,174111,94,374415
42527,0.022355,172.31.47.0-255,1514,175625,94,374415
42528,0.022357,172.31.47.0-255,1288,176913,94,374415
42529,0.023347,216.58.203.0-255,5738,182651,94,374415
42530,0.023353,172.31.47.0-255,66,182717,94,374415
42531,0.02382,104.244.42.0-255,66,182783,94,374415
42532,0.023852,104.244.42.0-255,66,182849,94,374415
42533,0.023902,104.244.42.0-255,66,182915,94,374415
42534,0.025023,216.58.203.0-255,4320,187235,94,374415
42535,0.025027,172.31.47.0-255,66,187301,94,374415
42536,0.025062,216.58.203.0-255,1484,188785,94,374415
42537,0.026682,216.58.203.0-255,4320,193105,94,374415
42538,0.026687,172.31.47.0-255,66,193171,94,374415
42539,0.028342,216.58.203.0-255,1484,194655,94,374415
42540,0.02837,216.58.203.0-255,4320,198975,94,374415
42541,0.028374,172.31.47.0-255,66,199041,94,374415
42542,0.030051,216.58.203.0-255,5738,204779,94,374415
42543,0.030056,172.31.47.0-255,66,204845,94,374415
42544,0.031715,216.58.203.0-255,5738,210583,94,374415
42545,0.031721,172.31.47.0-255,66,210649,94,374415
42546,0.033377,216.58.203.0-255,5738,216387,94,374415
42547,0.033383,172.31.47.0-255,66,216453,94,374415
42548,0.035037,216.58.203.0-255,2902,219355,94,374415
42549,0.035041,172.31.47.0-255,66,219421,94,374415
42550,0.03507,216.58.203.0-255,2902,222323,94,374415
42551,0.035073,172.31.47.0-255,66,222389,94,374415
42552,0.036692,216.58.203.0-255,2902,225291,94,374415
42553,0.036697,172.31.47.0-255,66,225357,94,374415
42554,0.036725,216.58.203.0-255,2902,228259,94,374415
42555,0.036727,172.31.47.0-255,66,228325,94,374415
42556,0.03834,216.58.203.0-255,2902,231227,94,374415
42557,0.038345,172.31.47.0-255,66,231293,94,374415
42558,0.038381,216.58.203.0-255,2902,234195,94,374415
42559,0.038384,172.31.47.0-255,66,234261,94,374415
42560,0.039988,216.58.203.0-255,1484,235745,94,374415
42561,0.04002,216.58.203.0-255,2902,238647,94,374415
42562,0.040024,172.31.47.0-255,66,238713,94,374415
42563,0.040054,216.58.203.0-255,1484,240197,94,374415
42564,0.041678,216.58.203.0-255,4320,244517,94,374415
42565,0.041683,172.31.47.0-255,66,244583,94,374415
42566,0.043335,216.58.203.0-255,4320,248903,94,374415
42567,0.043341,172.31.47.0-255,66,248969,94,374415
42568,0.043376,216.58.203.0-255,1484,250453,94,374415
42569,0.045015,216.58.203.0-255,4320,254773,94,374415
42570,0.045022,172.31.47.0-255,66,254839,94,374415
42571,0.046675,216.58.203.0-255,5738,260577,94,374415
42572,0.04668,172.31.47.0-255,66,260643,94,374415
42573,0.048325,216.58.203.0-255,1484,262127,94,374415
42574,0.048352,216.58.203.0-255,4320,266447,94,374415
42575,0.048355,172.31.47.0-255,66,266513,94,374415
42576,0.050005,216.58.203.0-255,5738,272251,94,374415
42577,0.050009,172.31.47.0-255,66,272317,94,374415
42578,0.05167,216.58.203.0-255,5738,278055,94,374415
42579,0.051676,172.31.47.0-255,66,278121,94,374415
42580,0.053359,216.58.203.0-255,5738,283859,94,374415
42581,0.053365,172.31.47.0-255,66,283925,94,374415
42582,0.055014,216.58.203.0-255,5738,289663,94,374415
42583,0.055019,172.31.47.0-255,66,289729,94,374415
42584,0.056672,216.58.203.0-255,5738,295467,94,374415
42585,0.056676,172.31.47.0-255,66,295533,94,374415
42586,0.058331,216.58.203.0-255,5738,301271,94,374415
42587,0.058335,172.31.47.0-255,66,301337,94,374415
42588,0.059987,216.58.203.0-255,5738,307075,94,374415
42589,0.059992,172.31.47.0-255,66,307141,94,374415
42590,0.061654,216.58.203.0-255,5738,312879,94,374415
42591,0.06166,172.31.47.0-255,66,312945,94,374415
42592,0.063315,216.58.203.0-255,5738,318683,94,374415
42593,0.063321,172.31.47.0-255,66,318749,94,374415
42594,0.064966,216.58.203.0-255,1484,320233,94,374415
42595,0.064995,216.58.203.0-255,4320,324553,94,374415
42596,0.064999,172.31.47.0-255,66,324619,94,374415
42597,0.06665,216.58.203.0-255,5738,330357,94,374415
42598,0.066654,172.31.47.0-255,66,330423,94,374415
42599,0.068305,216.58.203.0-255,4320,334743,94,374415
42600,0.06831,172.31.47.0-255,66,334809,94,374415
42601,0.068338,216.58.203.0-255,1484,336293,94,374415
42602,0.069962,216.58.203.0-255,4320,340613,94,374415
42603,0.069966,172.31.47.0-255,66,340679,94,374415
42604,0.071619,216.58.203.0-255,5738,346417,94,374415
42605,0.071624,172.31.47.0-255,66,346483,94,374415
42606,0.073282,216.58.203.0-255,5738,352221,94,374415
42607,0.073287,172.31.47.0-255,66,352287,94,374415
42608,0.07494,216.58.203.0-255,4320,356607,94,374415
42609,0.074945,172.31.47.0-255,66,356673,94,374415
42610,0.074978,216.58.203.0-255,1484,358157,94,374415
42611,0.076598,216.58.203.0-255,4320,362477,94,374415
42612,0.076602,172.31.47.0-255,66,362543,94,374415
42613,0.078249,216.58.203.0-255,2902,365445,94,374415
42614,0.078254,172.31.47.0-255,66,365511,94,374415
42615,0.078286,216.58.203.0-255,2902,368413,94,374415
42616,0.078289,172.31.47.0-255,66,368479,94,374415
42617,0.079903,216.58.203.0-255,2902,371381,94,374415
42618,0.079908,172.31.47.0-255,66,371447,94,374415
42619,0.079938,216.58.203.0-255,2902,374349,94,374415
42620,0.079941,172.31.47.0-255,66,374415,94,374415
42621,0.0,74.125.24.0-255,153,153,94,296555
42622,3.8e-05,172.31.47.0-255,66,219,94,296555
42623,4.5e-05,74.125.24.0-255,1484,1703,94,296555
42624,5e-05,172.31.47.0-255,66,1769,94,296555
42625,5.6e-05,74.125.24.0-255,2902,4671,94,296555
42626,5.8e-05,172.31.47.0-255,66,4737,94,296555
42627,6.5e-05,74.125.24.0-255,7156,11893,94,296555
42628,6.7e-05,172.31.47.0-255,66,11959,94,296555
42629,0.000104,172.31.47.0-255,66,12025,94,296555
42630,0.000132,74.125.24.0-255,2128,14153,94,296555
42631,0.000135,172.31.47.0-255,66,14219,94,296555
42632,0.000145,172.31.47.0-255,66,14285,94,296555
42633,0.000162,74.125.24.0-255,1484,15769,94,296555
42634,0.000164,172.31.47.0-255,66,15835,94,296555
42635,0.000179,74.125.24.0-255,2902,18737,94,296555
42636,0.000181,172.31.47.0-255,66,18803,94,296555
42637,0.000209,74.125.24.0-255,5738,24541,94,296555
42638,0.000213,172.31.47.0-255,66,24607,94,296555
42639,0.000229,172.31.47.0-255,66,24673,94,296555
42640,0.000278,172.31.47.0-255,66,24739,94,296555
42641,0.000296,74.125.24.0-255,1096,25835,94,296555
42642,0.000298,172.31.47.0-255,66,25901,94,296555
42643,0.000301,74.125.24.0-255,115,26016,94,296555
42644,0.000303,172.31.47.0-255,66,26082,94,296555
42645,0.000417,74.125.24.0-255,1484,27566,94,296555
42646,0.000421,172.31.47.0-255,66,27632,94,296555
42647,0.000425,74.125.24.0-255,2902,30534,94,296555
42648,0.000428,172.31.47.0-255,66,30600,94,296555
42649,0.000453,74.125.24.0-255,5738,36338,94,296555
42650,0.000457,172.31.47.0-255,66,36404,94,296555
42651,0.000491,172.31.47.0-255,66,36470,94,296555
42652,0.000545,172.31.47.0-255,66,36536,94,296555
42653,0.000548,74.125.24.0-255,331,36867,94,296555
42654,0.000586,74.125.24.0-255,1484,38351,94,296555
42655,0.000589,172.31.47.0-255,66,38417,94,296555
42656,0.000595,74.125.24.0-255,4320,42737,94,296555
42657,0.000598,172.31.47.0-255,66,42803,94,296555
42658,0.000637,172.31.47.0-255,66,42869,94,296555
42659,0.000644,74.125.24.0-255,4320,47189,94,296555
42660,0.000647,172.31.47.0-255,66,47255,94,296555
42661,0.000661,172.31.47.0-255,66,47321,94,296555
42662,0.000663,74.125.24.0-255,766,48087,94,296555
42663,0.000694,74.125.24.0-255,1484,49571,94,296555
42664,0.000697,172.31.47.0-255,66,49637,94,296555
42665,0.000702,74.125.24.0-255,2902,52539,94,296555
42666,0.000704,172.31.47.0-255,66,52605,94,296555
42667,0.000717,74.125.24.0-255,1484,54089,94,296555
42668,0.000725,74.125.24.0-255,7156,61245,94,296555
42669,0.000728,172.31.47.0-255,66,61311,94,296555
42670,0.000734,74.125.24.0-255,5738,67049,94,296555
42671,0.000736,172.31.47.0-255,66,67115,94,296555
42672,0.000756,74.125.24.0-255,2902,70017,94,296555
42673,0.00076,172.31.47.0-255,66,70083,94,296555
42674,0.000775,74.125.24.0-255,2902,72985,94,296555
42675,0.000778,172.31.47.0-255,66,73051,94,296555
42676,0.000804,172.31.47.0-255,66,73117,94,296555
42677,0.000989,74.125.24.0-255,1484,74601,94,296555
42678,0.000995,74.125.24.0-255,2902,77503,94,296555
42679,0.000998,172.31.47.0-255,66,77569,94,296555
42680,0.001017,74.125.24.0-255,1484,79053,94,296555
42681,0.001036,74.125.24.0-255,4320,83373,94,296555
42682,0.001039,172.31.47.0-255,66,83439,94,296555
42683,0.001046,74.125.24.0-255,7156,90595,94,296555
42684,0.001048,172.31.47.0-255,66,90661,94,296555
42685,0.001084,172.31.47.0-255,66,90727,94,296555
42686,0.001088,74.125.24.0-255,2184,92911,94,296555
42687,0.00109,172.31.47.0-255,66,92977,94,296555
42688,0.002087,74.125.24.0-255,1484,94461,94,296555
42689,0.0021,74.125.24.0-255,2902,97363,94,296555
42690,0.002106,172.31.47.0-255,66,97429,94,296555
42691,0.002113,74.125.24.0-255,4320,101749,94,296555
42692,0.002115,172.31.47.0-255,66,101815,94,296555
42693,0.002132,74.125.24.0-255,7156,108971,94,296555
42694,0.002135,172.31.47.0-255,66,109037,94,296555
42695,0.002157,74.125.24.0-255,1484,110521,94,296555
42696,0.002162,74.125.24.0-255,2902,113423,94,296555
42697,0.002165,172.31.47.0-255,66,113489,94,296555
42698,0.002178,172.31.47.0-255,66,113555,94,296555
42699,0.002181,74.125.24.0-255,766,114321,94,296555
42700,0.004485,74.125.24.0-255,4320,118641,94,296555
42701,0.004496,172.31.47.0-255,66,118707,94,296555
42702,0.006795,74.125.24.0-255,5738,124445,94,296555
42703,0.006798,172.31.47.0-255,66,124511,94,296555
42704,0.009164,74.125.24.0-255,5738,130249,94,296555
42705,0.009171,172.31.47.0-255,66,130315,94,296555
42706,0.011514,74.125.24.0-255,5738,136053,94,296555
42707,0.011526,172.31.47.0-255,66,136119,94,296555
42708,0.013851,74.125.24.0-255,5738,141857,94,296555
42709,0.013871,172.31.47.0-255,66,141923,94,296555
42710,0.016251,74.125.24.0-255,5738,147661,94,296555
42711,0.016267,172.31.47.0-255,66,147727,94,296555
42712,0.018598,74.125.24.0-255,5738,153465,94,296555
42713,0.01861,172.31.47.0-255,66,153531,94,296555
42714,0.020923,74.125.24.0-255,5738,159269,94,296555
42715,0.020939,172.31.47.0-255,66,159335,94,296555
42716,0.023264,74.125.24.0-255,5738,165073,94,296555
42717,0.023285,172.31.47.0-255,66,165139,94,296555
42718,0.025603,74.125.24.0-255,5738,170877,94,296555
42719,0.025622,172.31.47.0-255,66,170943,94,296555
42720,0.027934,74.125.24.0-255,5738,176681,94,296555
42721,0.027953,172.31.47.0-255,66,176747,94,296555
42722,0.030295,74.125.24.0-255,5738,182485,94,296555
42723,0.03032,172.31.47.0-255,66,182551,94,296555
42724,0.032645,74.125.24.0-255,5738,188289,94,296555
42725,0.032657,172.31.47.0-255,66,188355,94,296555
42726,0.034981,74.125.24.0-255,5738,194093,94,296555
42727,0.035003,172.31.47.0-255,66,194159,94,296555
42728,0.03735,74.125.24.0-255,5738,199897,94,296555
42729,0.037377,172.31.47.0-255,66,199963,94,296555
42730,0.039699,74.125.24.0-255,5738,205701,94,296555
42731,0.03972,172.31.47.0-255,66,205767,94,296555
42732,0.042049,74.125.24.0-255,5738,211505,94,296555
42733,0.042073,172.31.47.0-255,66,211571,94,296555
42734,0.044408,74.125.24.0-255,5738,217309,94,296555
42735,0.044427,172.31.47.0-255,66,217375,94,296555
42736,0.046904,74.125.24.0-255,5738,223113,94,296555
42737,0.046929,172.31.47.0-255,66,223179,94,296555
42738,0.049276,74.125.24.0-255,5738,228917,94,296555
42739,0.049301,172.31.47.0-255,66,228983,94,296555
42740,0.051476,172.31.47.0-255,172,229155,94,296555
42741,0.051509,172.31.47.0-255,1108,230263,94,296555
42742,0.05156,172.31.47.0-255,1514,231777,94,296555
42743,0.051561,172.31.47.0-255,1296,233073,94,296555
42744,0.051601,74.125.24.0-255,5738,238811,94,296555
42745,0.051609,172.31.47.0-255,66,238877,94,296555
42746,0.053023,104.244.42.0-255,66,238943,94,296555
42747,0.053047,104.244.42.0-255,66,239009,94,296555
42748,0.053129,104.244.42.0-255,66,239075,94,296555
42749,0.053919,74.125.24.0-255,5738,244813,94,296555
42750,0.053939,172.31.47.0-255,66,244879,94,296555
42751,0.056269,74.125.24.0-255,5738,250617,94,296555
42752,0.056291,172.31.47.0-255,66,250683,94,296555
42753,0.058603,74.125.24.0-255,5738,256421,94,296555
42754,0.058625,172.31.47.0-255,66,256487,94,296555
42755,0.060946,74.125.24.0-255,5738,262225,94,296555
42756,0.060964,172.31.47.0-255,66,262291,94,296555
42757,0.063327,74.125.24.0-255,5738,268029,94,296555
42758,0.063353,172.31.47.0-255,66,268095,94,296555
42759,0.065704,74.125.24.0-255,5738,273833,94,296555
42760,0.065721,172.31.47.0-255,66,273899,94,296555
42761,0.068031,74.125.24.0-255,5738,279637,94,296555
42762,0.068047,172.31.47.0-255,66,279703,94,296555
42763,0.07036,74.125.24.0-255,5738,285441,94,296555
42764,0.070374,172.31.47.0-255,66,285507,94,296555
42765,0.072713,74.125.24.0-255,5738,291245,94,296555
42766,0.072723,172.31.47.0-255,66,291311,94,296555
42767,0.075024,74.125.24.0-255,5007,296318,94,296555
42768,0.07503,172.31.47.0-255,66,296384,94,296555
42769,0.076061,172.31.47.0-255,105,296489,94,296555
42770,0.078342,74.125.24.0-255,66,296555,94,296555
42771,0.0,74.125.130.0-255,153,153,94,314769
42772,2.6e-05,172.31.47.0-255,66,219,94,314769
42773,4.3e-05,74.125.130.0-255,1484,1703,94,314769
42774,5.4e-05,172.31.47.0-255,66,1769,94,314769
42775,5.9e-05,74.125.130.0-255,2902,4671,94,314769
42776,6.2e-05,172.31.47.0-255,66,4737,94,314769
42777,6.5e-05,74.125.130.0-255,1484,6221,94,314769
42778,6.7e-05,172.31.47.0-255,66,6287,94,314769
42779,9.8e-05,74.125.130.0-255,2902,9189,94,314769
42780,0.000102,172.31.47.0-255,66,9255,94,314769
42781,0.000129,74.125.130.0-255,2902,12157,94,314769
42782,0.000132,172.31.47.0-255,66,12223,94,314769
42783,0.00017,74.125.130.0-255,2254,14477,94,314769
42784,0.000174,172.31.47.0-255,66,14543,94,314769
42785,0.000294,74.125.130.0-255,1484,16027,94,314769
42786,0.000298,172.31.47.0-255,66,16093,94,314769
42787,0.000319,74.125.130.0-255,1484,17577,94,314769
42788,0.000324,74.125.130.0-255,2902,20479,94,314769
42789,0.000325,172.31.47.0-255,66,20545,94,314769
42790,0.000329,172.31.47.0-255,66,20611,94,314769
42791,0.000361,74.125.130.0-255,5738,26349,94,314769
42792,0.000364,172.31.47.0-255,66,26415,94,314769
42793,0.000371,74.125.130.0-255,5379,31794,94,314769
42794,0.000374,172.31.47.0-255,66,31860,94,314769
42795,0.000399,74.125.130.0-255,5738,37598,94,314769
42796,0.000408,172.31.47.0-255,66,37664,94,314769
42797,0.000412,74.125.130.0-255,1484,39148,94,314769
42798,0.000414,172.31.47.0-255,66,39214,94,314769
42799,0.000442,74.125.130.0-255,7156,46370,94,314769
42800,0.000449,172.31.47.0-255,66,46436,94,314769
42801,0.000464,172.31.47.0-255,66,46502,94,314769
42802,0.000469,74.125.130.0-255,2902,49404,94,314769
42803,0.000472,172.31.47.0-255,66,49470,94,314769
42804,0.000505,74.125.130.0-255,4320,53790,94,314769
42805,0.000508,172.31.47.0-255,66,53856,94,314769
42806,0.000525,74.125.130.0-255,2459,56315,94,314769
42807,0.000529,172.31.47.0-255,66,56381,94,314769
42808,0.000555,74.125.130.0-255,120,56501,94,314769
42809,0.000769,74.125.130.0-255,1484,57985,94,314769
42810,0.000774,172.31.47.0-255,66,58051,94,314769
42811,0.00078,74.125.130.0-255,2902,60953,94,314769
42812,0.000782,172.31.47.0-255,66,61019,94,314769
42813,0.000819,74.125.130.0-255,5738,66757,94,314769
42814,0.000823,172.31.47.0-255,66,66823,94,314769
42815,0.000835,172.31.47.0-255,66,66889,94,314769
42816,0.000873,74.125.130.0-255,2902,69791,94,314769
42817,0.000877,172.31.47.0-255,66,69857,94,314769
42818,0.000912,172.31.47.0-255,66,69923,94,314769
42819,0.000916,74.125.130.0-255,2498,72421,94,314769
42820,0.000918,172.31.47.0-255,66,72487,94,314769
42821,0.001259,74.125.130.0-255,1484,73971,94,314769
42822,0.00127,74.125.130.0-255,2902,76873,94,314769
42823,0.001274,172.31.47.0-255,66,76939,94,314769
42824,0.001278,74.125.130.0-255,1484,78423,94,314769
42825,0.001303,74.125.130.0-255,2902,81325,94,314769
42826,0.001306,172.31.47.0-255,66,81391,94,314769
42827,0.001313,74.125.130.0-255,4320,85711,94,314769
42828,0.001316,172.31.47.0-255,66,85777,94,314769
42829,0.001336,74.125.130.0-255,1484,87261,94,314769
42830,0.001347,74.125.130.0-255,4320,91581,94,314769
42831,0.00135,172.31.47.0-255,66,91647,94,314769
42832,0.001357,74.125.130.0-255,5738,97385,94,314769
42833,0.001359,172.31.47.0-255,66,97451,94,314769
42834,0.001385,74.125.130.0-255,5738,103189,94,314769
42835,0.001389,172.31.47.0-255,66,103255,94,314769
42836,0.001412,74.125.130.0-255,3602,106857,94,314769
42837,0.001419,172.31.47.0-255,66,106923,94,314769
42838,0.002298,74.125.130.0-255,1484,108407,94,314769
42839,0.002317,74.125.130.0-255,2902,111309,94,314769
42840,0.002321,172.31.47.0-255,66,111375,94,314769
42841,0.002343,74.125.130.0-255,1484,112859,94,314769
42842,0.00236,74.125.130.0-255,2902,115761,94,314769
42843,0.002362,172.31.47.0-255,66,115827,94,314769
42844,0.00239,74.125.130.0-255,5738,121565,94,314769
42845,0.002393,172.31.47.0-255,66,121631,94,314769
42846,0.002396,74.125.130.0-255,2902,124533,94,314769
42847,0.002397,172.31.47.0-255,66,124599,94,314769
42848,0.00243,74.125.130.0-255,4320,128919,94,314769
42849,0.002432,172.31.47.0-255,66,128985,94,314769
42850,0.002434,74.125.130.0-255,1484,130469,94,314769
42851,0.002455,74.125.130.0-255,2902,133371,94,314769
42852,0.002456,172.31.47.0-255,66,133437,94,314769
42853,0.002484,74.125.130.0-255,5738,139175,94,314769
42854,0.002486,172.31.47.0-255,66,139241,94,314769
42855,0.002489,74.125.130.0-255,2184,141425,94,314769
42856,0.002491,172.31.47.0-255,66,141491,94,314769
42857,0.005074,74.125.130.0-255,2902,144393,94,314769
42858,0.005077,172.31.47.0-255,66,144459,94,314769
42859,0.005101,74.125.130.0-255,2902,147361,94,314769
42860,0.005103,172.31.47.0-255,66,147427,94,314769
42861,0.007675,74.125.130.0-255,2902,150329,94,314769
42862,0.007682,172.31.47.0-255,66,150395,94,314769
42863,0.007721,74.125.130.0-255,2902,153297,94,314769
42864,0.007726,172.31.47.0-255,66,153363,94,314769
42865,0.010306,74.125.130.0-255,2902,156265,94,314769
42866,0.010313,172.31.47.0-255,66,156331,94,314769
42867,0.010345,74.125.130.0-255,2902,159233,94,314769
42868,0.010348,172.31.47.0-255,66,159299,94,314769
42869,0.012921,74.125.130.0-255,2902,162201,94,314769
42870,0.012929,172.31.47.0-255,66,162267,94,314769
42871,0.012967,74.125.130.0-255,2902,165169,94,314769
42872,0.012971,172.31.47.0-255,66,165235,94,314769
42873,0.015537,74.125.130.0-255,2902,168137,94,314769
42874,0.015547,172.31.47.0-255,66,168203,94,314769
42875,0.015587,74.125.130.0-255,2902,171105,94,314769
42876,0.015591,172.31.47.0-255,66,171171,94,314769
42877,0.018148,74.125.130.0-255,2902,174073,94,314769
42878,0.018155,172.31.47.0-255,66,174139,94,314769
42879,0.018194,74.125.130.0-255,2902,177041,94,314769
42880,0.018198,172.31.47.0-255,66,177107,94,314769
42881,0.020756,74.125.130.0-255,2902,180009,94,314769
42882,0.020763,172.31.47.0-255,66,180075,94,314769
42883,0.020808,74.125.130.0-255,2902,182977,94,314769
42884,0.020812,172.31.47.0-255,66,183043,94,314769
42885,0.023375,74.125.130.0-255,2902,185945,94,314769
42886,0.023381,172.31.47.0-255,66,186011,94,314769
42887,0.023422,74.125.130.0-255,2902,188913,94,314769
42888,0.023426,172.31.47.0-255,66,188979,94,314769
42889,0.025977,74.125.130.0-255,2902,191881,94,314769
42890,0.025983,172.31.47.0-255,66,191947,94,314769
42891,0.026022,74.125.130.0-255,2902,194849,94,314769
42892,0.026025,172.31.47.0-255,66,194915,94,314769
42893,0.028589,74.125.130.0-255,2902,197817,94,314769
42894,0.028596,172.31.47.0-255,66,197883,94,314769
42895,0.028621,74.125.130.0-255,2902,200785,94,314769
42896,0.028623,172.31.47.0-255,66,200851,94,314769
42897,0.029308,172.31.47.0-255,172,201023,94,314769
42898,0.029336,172.31.47.0-255,1112,202135,94,314769
42899,0.02937,172.31.47.0-255,1514,203649,94,314769
42900,0.029371,172.31.47.0-255,1514,205163,94,314769
42901,0.029372,172.31.47.0-255,1514,206677,94,314769
42902,0.029374,172.31.47.0-255,1514,208191,94,314769
42903,0.029397,172.31.47.0-255,1512,209703,94,314769
42904,0.03078,104.244.42.0-255,66,209769,94,314769
42905,0.030813,104.244.42.0-255,66,209835,94,314769
42906,0.030874,104.244.42.0-255,66,209901,94,314769
42907,0.031207,74.125.130.0-255,5738,215639,94,314769
42908,0.031211,172.31.47.0-255,66,215705,94,314769
42909,0.033825,74.125.130.0-255,5738,221443,94,314769
42910,0.03383,172.31.47.0-255,66,221509,94,314769
42911,0.03643,74.125.130.0-255,4320,225829,94,314769
42912,0.036439,172.31.47.0-255,66,225895,94,314769
42913,0.036472,74.125.130.0-255,1484,227379,94,314769
42914,0.039039,74.125.130.0-255,4320,231699,94,314769
42915,0.039044,172.31.47.0-255,66,231765,94,314769
42916,0.041654,74.125.130.0-255,5738,237503,94,314769
42917,0.04166,172.31.47.0-255,66,237569,94,314769
42918,0.044261,74.125.130.0-255,4320,241889,94,314769
42919,0.044266,172.31.47.0-255,66,241955,94,314769
42920,0.044293,74.125.130.0-255,1484,243439,94,314769
42921,0.046866,74.125.130.0-255,4320,247759,94,314769
42922,0.046872,172.31.47.0-255,66,247825,94,314769
42923,0.049468,74.125.130.0-255,5738,253563,94,314769
42924,0.049473,172.31.47.0-255,66,253629,94,314769
42925,0.052105,74.125.130.0-255,5738,259367,94,314769
42926,0.05211,172.31.47.0-255,66,259433,94,314769
42927,0.054711,74.125.130.0-255,5738,265171,94,314769
42928,0.054715,172.31.47.0-255,66,265237,94,314769
42929,0.057318,74.125.130.0-255,4320,269557,94,314769
42930,0.057323,172.31.47.0-255,66,269623,94,314769
42931,0.057351,74.125.130.0-255,1484,271107,94,314769
42932,0.059921,74.125.130.0-255,4320,275427,94,314769
42933,0.059925,172.31.47.0-255,66,275493,94,314769
42934,0.062533,74.125.130.0-255,5738,281231,94,314769
42935,0.062538,172.31.47.0-255,66,281297,94,314769
42936,0.065134,74.125.130.0-255,4320,285617,94,314769
42937,0.065139,172.31.47.0-255,66,285683,94,314769
42938,0.065169,74.125.130.0-255,1484,287167,94,314769
42939,0.067743,74.125.130.0-255,4320,291487,94,314769
42940,0.067749,172.31.47.0-255,66,291553,94,314769
42941,0.070347,74.125.130.0-255,5738,297291,94,314769
42942,0.070352,172.31.47.0-255,66,297357,94,314769
42943,0.072949,74.125.130.0-255,5738,303095,94,314769
42944,0.072953,172.31.47.0-255,66,303161,94,314769
42945,0.075552,74.125.130.0-255,5738,308899,94,314769
42946,0.075557,172.31.47.0-255,66,308965,94,314769
42947,0.078177,74.125.130.0-255,5738,314703,94,314769
42948,0.078182,172.31.47.0-255,66,314769,94,314769
42949,0.0,172.217.194.0-255,373,373,94,235218
42950,4.2e-05,172.31.47.0-255,66,439,94,235218
42951,4.8e-05,172.217.194.0-255,1484,1923,94,235218
42952,5.3e-05,172.31.47.0-255,66,1989,94,235218
42953,6e-05,172.217.194.0-255,4320,6309,94,235218
42954,6.3e-05,172.31.47.0-255,66,6375,94,235218
42955,0.000234,172.31.47.0-255,66,6441,94,235218
42956,0.000554,172.31.47.0-255,66,6507,94,235218
42957,0.000577,172.217.194.0-255,5738,12245,94,235218
42958,0.00058,172.31.47.0-255,66,12311,94,235218
42959,0.001132,172.217.194.0-255,2779,15090,94,235218
42960,0.001139,172.31.47.0-255,66,15156,94,235218
42961,0.002702,172.217.194.0-255,2902,18058,94,235218
42962,0.002708,172.31.47.0-255,66,18124,94,235218
42963,0.003318,172.217.194.0-255,2902,21026,94,235218
42964,0.003322,172.31.47.0-255,66,21092,94,235218
42965,0.004806,172.217.194.0-255,2902,23994,94,235218
42966,0.004812,172.31.47.0-255,66,24060,94,235218
42967,0.005452,172.217.194.0-255,2902,26962,94,235218
42968,0.005456,172.31.47.0-255,66,27028,94,235218
42969,0.006959,172.217.194.0-255,2902,29930,94,235218
42970,0.006964,172.31.47.0-255,66,29996,94,235218
42971,0.007546,172.217.194.0-255,2902,32898,94,235218
42972,0.007552,172.31.47.0-255,66,32964,94,235218
42973,0.009079,172.217.194.0-255,2902,35866,94,235218
42974,0.009085,172.31.47.0-255,66,35932,94,235218
42975,0.009696,172.217.194.0-255,2902,38834,94,235218
42976,0.009702,172.31.47.0-255,66,38900,94,235218
42977,0.011247,172.217.194.0-255,2902,41802,94,235218
42978,0.011254,172.31.47.0-255,66,41868,94,235218
42979,0.011812,172.217.194.0-255,2902,44770,94,235218
42980,0.011819,172.31.47.0-255,66,44836,94,235218
42981,0.013434,172.217.194.0-255,2902,47738,94,235218
42982,0.01344,172.31.47.0-255,66,47804,94,235218
42983,0.01391,172.217.194.0-255,2902,50706,94,235218
42984,0.013916,172.31.47.0-255,66,50772,94,235218
42985,0.015598,172.217.194.0-255,2902,53674,94,235218
42986,0.015608,172.31.47.0-255,66,53740,94,235218
42987,0.016053,172.217.194.0-255,2902,56642,94,235218
42988,0.016059,172.31.47.0-255,66,56708,94,235218
42989,0.017732,172.217.194.0-255,2902,59610,94,235218
42990,0.017741,172.31.47.0-255,66,59676,94,235218
42991,0.018217,172.217.194.0-255,2902,62578,94,235218
42992,0.018221,172.31.47.0-255,66,62644,94,235218
42993,0.019875,172.217.194.0-255,2902,65546,94,235218
42994,0.01988,172.31.47.0-255,66,65612,94,235218
42995,0.020387,172.217.194.0-255,2902,68514,94,235218
42996,0.020392,172.31.47.0-255,66,68580,94,235218
42997,0.02203,172.217.194.0-255,2902,71482,94,235218
42998,0.022036,172.31.47.0-255,66,71548,94,235218
42999,0.022535,172.217.194.0-255,2902,74450,94,235218
43000,0.022541,172.31.47.0-255,66,74516,94,235218
43001,0.022586,172.31.47.0-255,172,74688,94,235218
43002,0.022623,172.31.47.0-255,1117,75805,94,235218
43003,0.022694,172.31.47.0-255,1514,77319,94,235218
43004,0.022697,172.31.47.0-255,1287,78606,94,235218
43005,0.02412,104.244.42.0-255,66,78672,94,235218
43006,0.024143,104.244.42.0-255,66,78738,94,235218
43007,0.02415,172.217.194.0-255,2902,81640,94,235218
43008,0.024154,172.31.47.0-255,66,81706,94,235218
43009,0.024225,104.244.42.0-255,66,81772,94,235218
43010,0.024651,172.217.194.0-255,2902,84674,94,235218
43011,0.024656,172.31.47.0-255,66,84740,94,235218
43012,0.026283,172.217.194.0-255,2902,87642,94,235218
43013,0.026288,172.31.47.0-255,66,87708,94,235218
43014,0.026788,172.217.194.0-255,2902,90610,94,235218
43015,0.026793,172.31.47.0-255,66,90676,94,235218
43016,0.02839,172.217.194.0-255,2902,93578,94,235218
43017,0.028394,172.31.47.0-255,66,93644,94,235218
43018,0.028943,172.217.194.0-255,2902,96546,94,235218
43019,0.028947,172.31.47.0-255,66,96612,94,235218
43020,0.030514,172.217.194.0-255,2902,99514,94,235218
43021,0.030518,172.31.47.0-255,66,99580,94,235218
43022,0.031109,172.217.194.0-255,2902,102482,94,235218
43023,0.031112,172.31.47.0-255,66,102548,94,235218
43024,0.03268,172.217.194.0-255,2902,105450,94,235218
43025,0.032686,172.31.47.0-255,66,105516,94,235218
43026,0.033246,172.217.194.0-255,2902,108418,94,235218
43027,0.03325,172.31.47.0-255,66,108484,94,235218
43028,0.034796,172.217.194.0-255,2902,111386,94,235218
43029,0.034801,172.31.47.0-255,66,111452,94,235218
43030,0.035398,172.217.194.0-255,2902,114354,94,235218
43031,0.035403,172.31.47.0-255,66,114420,94,235218
43032,0.036957,172.217.194.0-255,2902,117322,94,235218
43033,0.036962,172.31.47.0-255,66,117388,94,235218
43034,0.03753,172.217.194.0-255,2902,120290,94,235218
43035,0.037535,172.31.47.0-255,66,120356,94,235218
43036,0.039124,172.217.194.0-255,2902,123258,94,235218
43037,0.03913,172.31.47.0-255,66,123324,94,235218
43038,0.039667,172.217.194.0-255,2902,126226,94,235218
43039,0.039672,172.31.47.0-255,66,126292,94,235218
43040,0.04128,172.217.194.0-255,2902,129194,94,235218
43041,0.041285,172.31.47.0-255,66,129260,94,235218
43042,0.041802,172.217.194.0-255,2902,132162,94,235218
43043,0.041807,172.31.47.0-255,66,132228,94,235218
43044,0.043401,172.217.194.0-255,2902,135130,94,235218
43045,0.043405,172.31.47.0-255,66,135196,94,235218
43046,0.043945,172.217.194.0-255,2902,138098,94,235218
43047,0.04395,172.31.47.0-255,66,138164,94,235218
43048,0.045566,172.217.194.0-255,2902,141066,94,235218
43049,0.045571,172.31.47.0-255,66,141132,94,235218
43050,0.046071,172.217.194.0-255,2902,144034,94,235218
43051,0.046076,172.31.47.0-255,66,144100,94,235218
43052,0.047714,172.217.194.0-255,1484,145584,94,235218
43053,0.047718,172.31.47.0-255,66,145650,94,235218
43054,0.047744,172.217.194.0-255,1484,147134,94,235218
43055,0.047747,172.31.47.0-255,66,147200,94,235218
43056,0.048194,172.217.194.0-255,2902,150102,94,235218
43057,0.048198,172.31.47.0-255,66,150168,94,235218
43058,0.049861,172.217.194.0-255,1484,151652,94,235218
43059,0.049866,172.31.47.0-255,66,151718,94,235218
43060,0.049887,172.217.194.0-255,1484,153202,94,235218
43061,0.049889,172.31.47.0-255,66,153268,94,235218
43062,0.050311,172.217.194.0-255,2902,156170,94,235218
43063,0.050316,172.31.47.0-255,66,156236,94,235218
43064,0.052019,172.217.194.0-255,1484,157720,94,235218
43065,0.052025,172.31.47.0-255,66,157786,94,235218
43066,0.052427,172.217.194.0-255,4320,162106,94,235218
43067,0.052432,172.31.47.0-255,66,162172,94,235218
43068,0.054181,172.217.194.0-255,1484,163656,94,235218
43069,0.054187,172.31.47.0-255,66,163722,94,235218
43070,0.054577,172.217.194.0-255,4320,168042,94,235218
43071,0.054583,172.31.47.0-255,66,168108,94,235218
43072,0.056358,172.217.194.0-255,1484,169592,94,235218
43073,0.056366,172.31.47.0-255,66,169658,94,235218
43074,0.056735,172.217.194.0-255,4320,173978,94,235218
43075,0.056742,172.31.47.0-255,66,174044,94,235218
43076,0.058502,172.217.194.0-255,1484,175528,94,235218
43077,0.058507,172.31.47.0-255,66,175594,94,235218
43078,0.058876,172.217.194.0-255,4320,179914,94,235218
43079,0.058882,172.31.47.0-255,66,179980,94,235218
43080,0.06065,172.217.194.0-255,1484,181464,94,235218
43081,0.060656,172.31.47.0-255,66,181530,94,235218
43082,0.060998,172.217.194.0-255,1484,183014,94,235218
43083,0.061004,172.31.47.0-255,66,183080,94,235218
43084,0.06103,172.217.194.0-255,2902,185982,94,235218
43085,0.061033,172.31.47.0-255,66,186048,94,235218
43086,0.06279,172.217.194.0-255,1484,187532,94,235218
43087,0.062796,172.31.47.0-255,66,187598,94,235218
43088,0.06314,172.217.194.0-255,4320,191918,94,235218
43089,0.063145,172.31.47.0-255,66,191984,94,235218
43090,0.064943,172.217.194.0-255,1484,193468,94,235218
43091,0.064948,172.31.47.0-255,66,193534,94,235218
43092,0.065252,172.217.194.0-255,4320,197854,94,235218
43093,0.065258,172.31.47.0-255,66,197920,94,235218
43094,0.067099,172.217.194.0-255,1484,199404,94,235218
43095,0.067105,172.31.47.0-255,66,199470,94,235218
43096,0.067369,172.217.194.0-255,4320,203790,94,235218
43097,0.067375,172.31.47.0-255,66,203856,94,235218
43098,0.069259,172.217.194.0-255,1484,205340,94,235218
43099,0.069265,172.31.47.0-255,66,205406,94,235218
43100,0.069537,172.217.194.0-255,4320,209726,94,235218
43101,0.069543,172.31.47.0-255,66,209792,94,235218
43102,0.071383,172.217.194.0-255,1484,211276,94,235218
43103,0.071389,172.31.47.0-255,66,211342,94,235218
43104,0.071731,172.217.194.0-255,1484,212826,94,235218
43105,0.071735,172.31.47.0-255,66,212892,94,235218
43106,0.071754,172.217.194.0-255,2902,215794,94,235218
43107,0.071756,172.31.47.0-255,66,215860,94,235218
43108,0.073536,172.217.194.0-255,1484,217344,94,235218
43109,0.073542,172.31.47.0-255,66,217410,94,235218
43110,0.073876,172.217.194.0-255,4320,221730,94,235218
43111,0.073882,172.31.47.0-255,66,221796,94,235218
43112,0.075676,172.217.194.0-255,1484,223280,94,235218
43113,0.075682,172.31.47.0-255,66,223346,94,235218
43114,0.076048,172.217.194.0-255,4320,227666,94,235218
43115,0.076054,172.31.47.0-255,66,227732,94,235218
43116,0.077791,172.217.194.0-255,1484,229216,94,235218
43117,0.077797,172.31.47.0-255,66,229282,94,235218
43118,0.07823,172.217.194.0-255,4320,233602,94,235218
43119,0.078236,172.31.47.0-255,66,233668,94,235218
43120,0.079907,172.217.194.0-255,1484,235152,94,235218
43121,0.079912,172.31.47.0-255,66,235218,94,235218
43122,0.0,172.253.118.0-255,153,153,94,292549
43123,1.4e-05,172.31.47.0-255,66,219,94,292549
43124,2.1e-05,172.253.118.0-255,1484,1703,94,292549
43125,2.4e-05,172.31.47.0-255,66,1769,94,292549
43126,3e-05,172.253.118.0-255,2902,4671,94,292549
43127,3.2e-05,172.31.47.0-255,66,4737,94,292549
43128,4e-05,172.253.118.0-255,5738,10475,94,292549
43129,4.2e-05,172.31.47.0-255,66,10541,94,292549
43130,6.9e-05,172.253.118.0-255,1484,12025,94,292549
43131,7.2e-05,172.31.47.0-255,66,12091,94,292549
43132,9.4e-05,172.253.118.0-255,2251,14342,94,292549
43133,9.6e-05,172.31.47.0-255,66,14408,94,292549
43134,0.000149,172.253.118.0-255,1484,15892,94,292549
43135,0.000152,172.31.47.0-255,66,15958,94,292549
43136,0.000157,172.253.118.0-255,2902,18860,94,292549
43137,0.00016,172.31.47.0-255,66,18926,94,292549
43138,0.000182,172.253.118.0-255,5738,24664,94,292549
43139,0.000185,172.31.47.0-255,66,24730,94,292549
43140,0.000239,172.31.47.0-255,66,24796,94,292549
43141,0.000263,172.31.47.0-255,66,24862,94,292549
43142,0.000266,172.253.118.0-255,1125,25987,94,292549
43143,0.000268,172.31.47.0-255,66,26053,94,292549
43144,0.000344,172.253.118.0-255,1484,27537,94,292549
43145,0.000347,172.31.47.0-255,66,27603,94,292549
43146,0.000351,172.253.118.0-255,1484,29087,94,292549
43147,0.000353,172.31.47.0-255,66,29153,94,292549
43148,0.000366,172.253.118.0-255,1484,30637,94,292549
43149,0.000368,172.31.47.0-255,66,30703,94,292549
43150,0.000376,172.253.118.0-255,5738,36441,94,292549
43151,0.000378,172.31.47.0-255,66,36507,94,292549
43152,0.000385,172.253.118.0-255,6797,43304,94,292549
43153,0.000388,172.31.47.0-255,66,43370,94,292549
43154,0.000419,172.253.118.0-255,400,43770,94,292549
43155,0.000459,172.253.118.0-255,343,44113,94,292549
43156,0.000765,172.253.118.0-255,1484,45597,94,292549
43157,0.000769,172.31.47.0-255,66,45663,94,292549
43158,0.000775,172.253.118.0-255,2902,48565,94,292549
43159,0.000777,172.31.47.0-255,66,48631,94,292549
43160,0.000784,172.253.118.0-255,5738,54369,94,292549
43161,0.000786,172.31.47.0-255,66,54435,94,292549
43162,0.000811,172.253.118.0-255,2902,57337,94,292549
43163,0.000814,172.31.47.0-255,66,57403,94,292549
43164,0.000821,172.253.118.0-255,7156,64559,94,292549
43165,0.000823,172.31.47.0-255,66,64625,94,292549
43166,0.000836,172.253.118.0-255,2902,67527,94,292549
43167,0.000839,172.31.47.0-255,66,67593,94,292549
43168,0.000852,172.253.118.0-255,2902,70495,94,292549
43169,0.000855,172.31.47.0-255,66,70561,94,292549
43170,0.000883,172.31.47.0-255,66,70627,94,292549
43171,0.00138,172.253.118.0-255,1484,72111,94,292549
43172,0.001387,172.253.118.0-255,2902,75013,94,292549
43173,0.00139,172.31.47.0-255,66,75079,94,292549
43174,0.001414,172.253.118.0-255,2902,77981,94,292549
43175,0.001417,172.31.47.0-255,66,78047,94,292549
43176,0.001421,172.253.118.0-255,2902,80949,94,292549
43177,0.001433,172.31.47.0-255,66,81015,94,292549
43178,0.001447,172.253.118.0-255,4320,85335,94,292549
43179,0.00145,172.31.47.0-255,66,85401,94,292549
43180,0.001455,172.253.118.0-255,2902,88303,94,292549
43181,0.001457,172.31.47.0-255,66,88369,94,292549
43182,0.001494,172.31.47.0-255,66,88435,94,292549
43183,0.001509,172.253.118.0-255,3602,92037,94,292549
43184,0.001511,172.31.47.0-255,66,92103,94,292549
43185,0.003772,172.253.118.0-255,5738,97841,94,292549
43186,0.003781,172.31.47.0-255,66,97907,94,292549
43187,0.006034,172.253.118.0-255,4320,102227,94,292549
43188,0.006038,172.31.47.0-255,66,102293,94,292549
43189,0.006053,172.253.118.0-255,1484,103777,94,292549
43190,0.008348,172.253.118.0-255,4320,108097,94,292549
43191,0.008357,172.31.47.0-255,66,108163,94,292549
43192,0.010669,172.253.118.0-255,5738,113901,94,292549
43193,0.01068,172.31.47.0-255,66,113967,94,292549
43194,0.012981,172.253.118.0-255,5738,119705,94,292549
43195,0.012992,172.31.47.0-255,66,119771,94,292549
43196,0.015282,172.253.118.0-255,5738,125509,94,292549
43197,0.015296,172.31.47.0-255,66,125575,94,292549
43198,0.017586,172.253.118.0-255,5738,131313,94,292549
43199,0.017592,172.31.47.0-255,66,131379,94,292549
43200,0.019893,172.253.118.0-255,5738,137117,94,292549
43201,0.019903,172.31.47.0-255,66,137183,94,292549
43202,0.022211,172.253.118.0-255,5738,142921,94,292549
43203,0.022224,172.31.47.0-255,66,142987,94,292549
43204,0.024518,172.253.118.0-255,5738,148725,94,292549
43205,0.02453,172.31.47.0-255,66,148791,94,292549
43206,0.026822,172.253.118.0-255,5738,154529,94,292549
43207,0.026832,172.31.47.0-255,66,154595,94,292549
43208,0.028631,172.31.47.0-255,172,154767,94,292549
43209,0.028667,172.31.47.0-255,1112,155879,94,292549
43210,0.028715,172.31.47.0-255,1514,157393,94,292549
43211,0.028717,172.31.47.0-255,1292,158685,94,292549
43212,0.029125,172.253.118.0-255,5738,164423,94,292549
43213,0.029133,172.31.47.0-255,66,164489,94,292549
43214,0.030226,104.244.42.0-255,66,164555,94,292549
43215,0.030251,104.244.42.0-255,66,164621,94,292549
43216,0.030268,104.244.42.0-255,66,164687,94,292549
43217,0.031244,104.244.42.0-255,108,164795,94,292549
43218,0.03125,172.31.47.0-255,66,164861,94,292549
43219,0.031418,172.253.118.0-255,5738,170599,94,292549
43220,0.031432,172.31.47.0-255,66,170665,94,292549
43221,0.03372,172.253.118.0-255,5738,176403,94,292549
43222,0.033727,172.31.47.0-255,66,176469,94,292549
43223,0.036012,172.253.118.0-255,5738,182207,94,292549
43224,0.036018,172.31.47.0-255,66,182273,94,292549
43225,0.038324,172.253.118.0-255,5738,188011,94,292549
43226,0.038331,172.31.47.0-255,66,188077,94,292549
43227,0.040608,172.253.118.0-255,5738,193815,94,292549
43228,0.040615,172.31.47.0-255,66,193881,94,292549
43229,0.042889,172.253.118.0-255,5738,199619,94,292549
43230,0.0429,172.31.47.0-255,66,199685,94,292549
43231,0.045223,172.253.118.0-255,5738,205423,94,292549
43232,0.04523,172.31.47.0-255,66,205489,94,292549
43233,0.047532,172.253.118.0-255,5738,211227,94,292549
43234,0.047539,172.31.47.0-255,66,211293,94,292549
43235,0.049835,172.253.118.0-255,5738,217031,94,292549
43236,0.049852,172.31.47.0-255,66,217097,94,292549
43237,0.052144,172.253.118.0-255,5738,222835,94,292549
43238,0.052153,172.31.47.0-255,66,222901,94,292549
43239,0.054447,172.253.118.0-255,5738,228639,94,292549
43240,0.054453,172.31.47.0-255,66,228705,94,292549
43241,0.056744,172.253.118.0-255,5738,234443,94,292549
43242,0.056751,172.31.47.0-255,66,234509,94,292549
43243,0.059058,172.253.118.0-255,5738,240247,94,292549
43244,0.059068,172.31.47.0-255,66,240313,94,292549
43245,0.061368,172.253.118.0-255,5738,246051,94,292549
43246,0.061375,172.31.47.0-255,66,246117,94,292549
43247,0.063663,172.253.118.0-255,5738,251855,94,292549
43248,0.063671,172.31.47.0-255,66,251921,94,292549
43249,0.065975,172.253.118.0-255,5738,257659,94,292549
43250,0.065982,172.31.47.0-255,66,257725,94,292549
43251,0.068265,172.253.118.0-255,5738,263463,94,292549
43252,0.068271,172.31.47.0-255,66,263529,94,292549
43253,0.070585,172.253.118.0-255,5738,269267,94,292549
43254,0.070593,172.31.47.0-255,66,269333,94,292549
43255,0.07291,172.253.118.0-255,5738,275071,94,292549
43256,0.072918,172.31.47.0-255,66,275137,94,292549
43257,0.075201,172.253.118.0-255,5738,280875,94,292549
43258,0.075207,172.31.47.0-255,66,280941,94,292549
43259,0.077529,172.253.118.0-255,5738,286679,94,292549
43260,0.077536,172.31.47.0-255,66,286745,94,292549
43261,0.079831,172.253.118.0-255,5738,292483,94,292549
43262,0.079837,172.31.47.0-255,66,292549,94,292549
43263,0.0,172.217.194.0-255,153,153,94,319794
43264,2.3e-05,172.31.47.0-255,66,219,94,319794
43265,2.8e-05,172.217.194.0-255,1484,1703,94,319794
43266,3.2e-05,172.31.47.0-255,66,1769,94,319794
43267,5.8e-05,172.217.194.0-255,2902,4671,94,319794
43268,6.1e-05,172.31.47.0-255,66,4737,94,319794
43269,6.6e-05,172.217.194.0-255,4320,9057,94,319794
43270,6.9e-05,172.31.47.0-255,66,9123,94,319794
43271,9.3e-05,172.217.194.0-255,1484,10607,94,319794
43272,9.5e-05,172.31.47.0-255,66,10673,94,319794
43273,0.0001,172.217.194.0-255,5006,15679,94,319794
43274,0.000102,172.31.47.0-255,66,15745,94,319794
43275,0.000112,172.217.194.0-255,4320,20065,94,319794
43276,0.000115,172.31.47.0-255,66,20131,94,319794
43277,0.000133,172.217.194.0-255,1484,21615,94,319794
43278,0.000135,172.31.47.0-255,66,21681,94,319794
43279,0.000164,172.217.194.0-255,7156,28837,94,319794
43280,0.000167,172.31.47.0-255,66,28903,94,319794
43281,0.000191,172.217.194.0-255,2543,31446,94,319794
43282,0.000193,172.31.47.0-255,66,31512,94,319794
43283,0.000254,172.217.194.0-255,1484,32996,94,319794
43284,0.000258,172.31.47.0-255,66,33062,94,319794
43285,0.000261,172.217.194.0-255,1484,34546,94,319794
43286,0.000264,172.31.47.0-255,66,34612,94,319794
43287,0.000278,172.217.194.0-255,1484,36096,94,319794
43288,0.000281,172.31.47.0-255,66,36162,94,319794
43289,0.000286,172.217.194.0-255,5738,41900,94,319794
43290,0.000289,172.31.47.0-255,66,41966,94,319794
43291,0.000292,172.217.194.0-255,2902,44868,94,319794
43292,0.000294,172.31.47.0-255,66,44934,94,319794
43293,0.000321,172.217.194.0-255,1484,46418,94,319794
43294,0.000325,172.31.47.0-255,66,46484,94,319794
43295,0.000331,172.217.194.0-255,7156,53640,94,319794
43296,0.000333,172.31.47.0-255,66,53706,94,319794
43297,0.00036,172.217.194.0-255,5379,59085,94,319794
43298,0.000364,172.31.47.0-255,66,59151,94,319794
43299,0.00037,172.217.194.0-255,6797,65948,94,319794
43300,0.000372,172.31.47.0-255,66,66014,94,319794
43301,0.000951,172.217.194.0-255,380,66394,94,319794
43302,0.001185,172.217.194.0-255,1484,67878,94,319794
43303,0.001191,172.31.47.0-255,66,67944,94,319794
43304,0.001198,172.217.194.0-255,2902,70846,94,319794
43305,0.001201,172.31.47.0-255,66,70912,94,319794
43306,0.001205,172.217.194.0-255,4320,75232,94,319794
43307,0.001212,172.31.47.0-255,66,75298,94,319794
43308,0.001223,172.217.194.0-255,1484,76782,94,319794
43309,0.001244,172.217.194.0-255,5738,82520,94,319794
43310,0.001246,172.31.47.0-255,66,82586,94,319794
43311,0.001268,172.217.194.0-255,7156,89742,94,319794
43312,0.00127,172.31.47.0-255,66,89808,94,319794
43313,0.001273,172.217.194.0-255,2902,92710,94,319794
43314,0.001275,172.31.47.0-255,66,92776,94,319794
43315,0.001312,172.31.47.0-255,66,92842,94,319794
43316,0.001334,172.217.194.0-255,1484,94326,94,319794
43317,0.001364,172.217.194.0-255,1484,95810,94,319794
43318,0.001366,172.31.47.0-255,66,95876,94,319794
43319,0.001383,172.217.194.0-255,1484,97360,94,319794
43320,0.001389,172.217.194.0-255,5738,103098,94,319794
43321,0.001391,172.31.47.0-255,66,103164,94,319794
43322,0.001414,172.217.194.0-255,2902,106066,94,319794
43323,0.001416,172.31.47.0-255,66,106132,94,319794
43324,0.001432,172.217.194.0-255,3678,109810,94,319794
43325,0.001434,172.31.47.0-255,66,109876,94,319794
43326,0.002116,172.217.194.0-255,1484,111360,94,319794
43327,0.002119,172.217.194.0-255,1484,112844,94,319794
43328,0.002121,172.31.47.0-255,66,112910,94,319794
43329,0.002148,172.217.194.0-255,1484,114394,94,319794
43330,0.002153,172.217.194.0-255,5738,120132,94,319794
43331,0.002155,172.31.47.0-255,66,120198,94,319794
43332,0.002191,172.31.47.0-255,66,120264,94,319794
43333,0.002218,172.217.194.0-255,2902,123166,94,319794
43334,0.00222,172.31.47.0-255,66,123232,94,319794
43335,0.002233,172.31.47.0-255,66,123298,94,319794
43336,0.004544,172.217.194.0-255,5738,129036,94,319794
43337,0.004549,172.31.47.0-255,66,129102,94,319794
43338,0.006867,172.217.194.0-255,5738,134840,94,319794
43339,0.006874,172.31.47.0-255,66,134906,94,319794
43340,0.009175,172.217.194.0-255,5738,140644,94,319794
43341,0.009182,172.31.47.0-255,66,140710,94,319794
43342,0.011517,172.217.194.0-255,5738,146448,94,319794
43343,0.011524,172.31.47.0-255,66,146514,94,319794
43344,0.013825,172.217.194.0-255,5738,152252,94,319794
43345,0.013833,172.31.47.0-255,66,152318,94,319794
43346,0.016193,172.217.194.0-255,5738,158056,94,319794
43347,0.0162,172.31.47.0-255,66,158122,94,319794
43348,0.018497,172.217.194.0-255,5738,163860,94,319794
43349,0.018504,172.31.47.0-255,66,163926,94,319794
43350,0.019018,172.31.47.0-255,172,164098,94,319794
43351,0.019045,172.31.47.0-255,1116,165214,94,319794
43352,0.019082,172.31.47.0-255,1514,166728,94,319794
43353,0.019084,172.31.47.0-255,1514,168242,94,319794
43354,0.019085,172.31.47.0-255,1514,169756,94,319794
43355,0.019085,172.31.47.0-255,650,170406,94,319794
43356,0.020559,104.244.42.0-255,66,170472,94,319794
43357,0.020603,104.244.42.0-255,66,170538,94,319794
43358,0.020634,104.244.42.0-255,66,170604,94,319794
43359,0.020656,104.244.42.0-255,66,170670,94,319794
43360,0.020811,172.217.194.0-255,5738,176408,94,319794
43361,0.020816,172.31.47.0-255,66,176474,94,319794
43362,0.023123,172.217.194.0-255,5738,182212,94,319794
43363,0.02313,172.31.47.0-255,66,182278,94,319794
43364,0.025428,172.217.194.0-255,5738,188016,94,319794
43365,0.025433,172.31.47.0-255,66,188082,94,319794
43366,0.027752,172.217.194.0-255,5738,193820,94,319794
43367,0.027757,172.31.47.0-255,66,193886,94,319794
43368,0.030078,172.217.194.0-255,5738,199624,94,319794
43369,0.030083,172.31.47.0-255,66,199690,94,319794
43370,0.032409,172.217.194.0-255,5738,205428,94,319794
43371,0.032414,172.31.47.0-255,66,205494,94,319794
43372,0.034698,172.217.194.0-255,5738,211232,94,319794
43373,0.034703,172.31.47.0-255,66,211298,94,319794
43374,0.037005,172.217.194.0-255,5738,217036,94,319794
43375,0.03701,172.31.47.0-255,66,217102,94,319794
43376,0.039332,172.217.194.0-255,5738,222840,94,319794
43377,0.039336,172.31.47.0-255,66,222906,94,319794
43378,0.041637,172.217.194.0-255,2902,225808,94,319794
43379,0.041646,172.31.47.0-255,66,225874,94,319794
43380,0.041665,172.217.194.0-255,2902,228776,94,319794
43381,0.04167,172.31.47.0-255,66,228842,94,319794
43382,0.043967,172.217.194.0-255,2902,231744,94,319794
43383,0.043972,172.31.47.0-255,66,231810,94,319794
43384,0.044003,172.217.194.0-255,2902,234712,94,319794
43385,0.044006,172.31.47.0-255,66,234778,94,319794
43386,0.046251,172.217.194.0-255,2902,237680,94,319794
43387,0.046255,172.31.47.0-255,66,237746,94,319794
43388,0.046321,172.217.194.0-255,2902,240648,94,319794
43389,0.046325,172.31.47.0-255,66,240714,94,319794
43390,0.048593,172.217.194.0-255,2902,243616,94,319794
43391,0.048597,172.31.47.0-255,66,243682,94,319794
43392,0.04863,172.217.194.0-255,2902,246584,94,319794
43393,0.048634,172.31.47.0-255,66,246650,94,319794
43394,0.050892,172.217.194.0-255,2902,249552,94,319794
43395,0.050896,172.31.47.0-255,66,249618,94,319794
43396,0.05093,172.217.194.0-255,2902,252520,94,319794
43397,0.050933,172.31.47.0-255,66,252586,94,319794
43398,0.053179,172.217.194.0-255,2902,255488,94,319794
43399,0.053184,172.31.47.0-255,66,255554,94,319794
43400,0.053241,172.217.194.0-255,2902,258456,94,319794
43401,0.053245,172.31.47.0-255,66,258522,94,319794
43402,0.055473,172.217.194.0-255,2902,261424,94,319794
43403,0.055478,172.31.47.0-255,66,261490,94,319794
43404,0.05551,172.217.194.0-255,2902,264392,94,319794
43405,0.055513,172.31.47.0-255,66,264458,94,319794
43406,0.057832,172.217.194.0-255,5738,270196,94,319794
43407,0.057837,172.31.47.0-255,66,270262,94,319794
43408,0.060121,172.217.194.0-255,5738,276000,94,319794
43409,0.060126,172.31.47.0-255,66,276066,94,319794
43410,0.062447,172.217.194.0-255,5738,281804,94,319794
43411,0.062452,172.31.47.0-255,66,281870,94,319794
43412,0.064785,172.217.194.0-255,4320,286190,94,319794
43413,0.06479,172.31.47.0-255,66,286256,94,319794
43414,0.064819,172.217.194.0-255,1484,287740,94,319794
43415,0.067091,172.217.194.0-255,2902,290642,94,319794
43416,0.067096,172.31.47.0-255,66,290708,94,319794
43417,0.067125,172.217.194.0-255,1484,292192,94,319794
43418,0.0694,172.217.194.0-255,4320,296512,94,319794
43419,0.069406,172.31.47.0-255,66,296578,94,319794
43420,0.07171,172.217.194.0-255,5738,302316,94,319794
43421,0.071715,172.31.47.0-255,66,302382,94,319794
43422,0.074041,172.217.194.0-255,5738,308120,94,319794
43423,0.074046,172.31.47.0-255,66,308186,94,319794
43424,0.076355,172.217.194.0-255,5738,313924,94,319794
43425,0.07636,172.31.47.0-255,66,313990,94,319794
43426,0.078663,172.217.194.0-255,5738,319728,94,319794
43427,0.078668,172.31.47.0-255,66,319794,94,319794
43428,0.0,74.125.24.0-255,153,153,94,362210
43429,2.5e-05,172.31.47.0-255,66,219,94,362210
43430,3.1e-05,74.125.24.0-255,1484,1703,94,362210
43431,3.5e-05,172.31.47.0-255,66,1769,94,362210
43432,4.8e-05,74.125.24.0-255,2902,4671,94,362210
43433,5.1e-05,172.31.47.0-255,66,4737,94,362210
43434,5.6e-05,74.125.24.0-255,2902,7639,94,362210
43435,5.8e-05,172.31.47.0-255,66,7705,94,362210
43436,8.8e-05,74.125.24.0-255,4320,12025,94,362210
43437,9.1e-05,172.31.47.0-255,66,12091,94,362210
43438,0.0001,172.31.47.0-255,66,12157,94,362210
43439,0.000121,74.125.24.0-255,1484,13641,94,362210
43440,0.000123,172.31.47.0-255,66,13707,94,362210
43441,0.000162,172.31.47.0-255,66,13773,94,362210
43442,0.000241,74.125.24.0-255,1484,15257,94,362210
43443,0.000244,172.31.47.0-255,66,15323,94,362210
43444,0.000279,74.125.24.0-255,2902,18225,94,362210
43445,0.000282,172.31.47.0-255,66,18291,94,362210
43446,0.000285,74.125.24.0-255,1484,19775,94,362210
43447,0.000287,172.31.47.0-255,66,19841,94,362210
43448,0.000305,74.125.24.0-255,2902,22743,94,362210
43449,0.000308,172.31.47.0-255,66,22809,94,362210
43450,0.000318,74.125.24.0-255,5738,28547,94,362210
43451,0.000321,172.31.47.0-255,66,28613,94,362210
43452,0.000356,74.125.24.0-255,2902,31515,94,362210
43453,0.000363,172.31.47.0-255,66,31581,94,362210
43454,0.000374,172.31.47.0-255,66,31647,94,362210
43455,0.00038,74.125.24.0-255,6438,38085,94,362210
43456,0.000382,172.31.47.0-255,66,38151,94,362210
43457,0.000737,74.125.24.0-255,362,38513,94,362210
43458,0.000784,74.125.24.0-255,135,38648,94,362210
43459,0.000926,74.125.24.0-255,1484,40132,94,362210
43460,0.000928,172.31.47.0-255,66,40198,94,362210
43461,0.000944,74.125.24.0-255,1484,41682,94,362210
43462,0.000947,172.31.47.0-255,66,41748,94,362210
43463,0.000968,74.125.24.0-255,1484,43232,94,362210
43464,0.000977,74.125.24.0-255,5738,48970,94,362210
43465,0.000979,172.31.47.0-255,66,49036,94,362210
43466,0.000987,74.125.24.0-255,7156,56192,94,362210
43467,0.000989,172.31.47.0-255,66,56258,94,362210
43468,0.001002,74.125.24.0-255,7156,63414,94,362210
43469,0.001004,172.31.47.0-255,66,63480,94,362210
43470,0.001041,74.125.24.0-255,7156,70636,94,362210
43471,0.001044,172.31.47.0-255,66,70702,94,362210
43472,0.001047,74.125.24.0-255,2184,72886,94,362210
43473,0.001049,172.31.47.0-255,66,72952,94,362210
43474,0.001073,74.125.24.0-255,1484,74436,94,362210
43475,0.001095,172.31.47.0-255,66,74502,94,362210
43476,0.001123,74.125.24.0-255,3658,78160,94,362210
43477,0.001126,172.31.47.0-255,66,78226,94,362210
43478,0.001175,74.125.24.0-255,1484,79710,94,362210
43479,0.00119,74.125.24.0-255,1484,81194,94,362210
43480,0.001193,172.31.47.0-255,66,81260,94,362210
43481,0.001215,74.125.24.0-255,1484,82744,94,362210
43482,0.001221,74.125.24.0-255,5738,88482,94,362210
43483,0.001223,172.31.47.0-255,66,88548,94,362210
43484,0.001227,74.125.24.0-255,2902,91450,94,362210
43485,0.001229,172.31.47.0-255,66,91516,94,362210
43486,0.001263,74.125.24.0-255,2902,94418,94,362210
43487,0.001266,172.31.47.0-255,66,94484,94,362210
43488,0.001272,74.125.24.0-255,7156,101640,94,362210
43489,0.001274,172.31.47.0-255,66,101706,94,362210
43490,0.001283,74.125.24.0-255,4320,106026,94,362210
43491,0.001286,172.31.47.0-255,66,106092,94,362210
43492,0.001317,74.125.24.0-255,6438,112530,94,362210
43493,0.00132,172.31.47.0-255,66,112596,94,362210
43494,0.001779,74.125.24.0-255,1484,114080,94,362210
43495,0.001788,74.125.24.0-255,2902,116982,94,362210
43496,0.001792,172.31.47.0-255,66,117048,94,362210
43497,0.001796,74.125.24.0-255,1484,118532,94,362210
43498,0.001821,74.125.24.0-255,4320,122852,94,362210
43499,0.001823,172.31.47.0-255,66,122918,94,362210
43500,0.00183,74.125.24.0-255,7156,130074,94,362210
43501,0.001832,172.31.47.0-255,66,130140,94,362210
43502,0.001862,74.125.24.0-255,5738,135878,94,362210
43503,0.001865,172.31.47.0-255,66,135944,94,362210
43504,0.001871,74.125.24.0-255,7156,143100,94,362210
43505,0.001873,172.31.47.0-255,66,143166,94,362210
43506,0.001875,74.125.24.0-255,1484,144650,94,362210
43507,0.001896,74.125.24.0-255,2184,146834,94,362210
43508,0.001898,172.31.47.0-255,66,146900,94,362210
43509,0.003907,74.125.24.0-255,1484,148384,94,362210
43510,0.003969,74.125.24.0-255,4320,152704,94,362210
43511,0.003972,172.31.47.0-255,66,152770,94,362210
43512,0.006016,74.125.24.0-255,5738,158508,94,362210
43513,0.006022,172.31.47.0-255,66,158574,94,362210
43514,0.008068,74.125.24.0-255,5738,164312,94,362210
43515,0.008073,172.31.47.0-255,66,164378,94,362210
43516,0.010118,74.125.24.0-255,5738,170116,94,362210
43517,0.010123,172.31.47.0-255,66,170182,94,362210
43518,0.012193,74.125.24.0-255,5738,175920,94,362210
43519,0.012202,172.31.47.0-255,66,175986,94,362210
43520,0.014249,74.125.24.0-255,5738,181724,94,362210
43521,0.014256,172.31.47.0-255,66,181790,94,362210
43522,0.01633,74.125.24.0-255,5738,187528,94,362210
43523,0.016337,172.31.47.0-255,66,187594,94,362210
43524,0.018387,74.125.24.0-255,5738,193332,94,362210
43525,0.018395,172.31.47.0-255,66,193398,94,362210
43526,0.020451,74.125.24.0-255,5738,199136,94,362210
43527,0.020458,172.31.47.0-255,66,199202,94,362210
43528,0.022524,74.125.24.0-255,5738,204940,94,362210
43529,0.02253,172.31.47.0-255,66,205006,94,362210
43530,0.024591,74.125.24.0-255,1484,206490,94,362210
43531,0.024657,74.125.24.0-255,4320,210810,94,362210
43532,0.024663,172.31.47.0-255,66,210876,94,362210
43533,0.025627,172.31.47.0-255,172,211048,94,362210
43534,0.025666,172.31.47.0-255,1108,212156,94,362210
43535,0.025746,172.31.47.0-255,1514,213670,94,362210
43536,0.025748,172.31.47.0-255,1296,214966,94,362210
43537,0.026725,74.125.24.0-255,5738,220704,94,362210
43538,0.026732,172.31.47.0-255,66,220770,94,362210
43539,0.027173,104.244.42.0-255,66,220836,94,362210
43540,0.027208,104.244.42.0-255,66,220902,94,362210
43541,0.027306,104.244.42.0-255,66,220968,94,362210
43542,0.028797,74.125.24.0-255,5738,226706,94,362210
43543,0.028812,172.31.47.0-255,66,226772,94,362210
43544,0.030907,74.125.24.0-255,5738,232510,94,362210
43545,0.030922,172.31.47.0-255,66,232576,94,362210
43546,0.032998,74.125.24.0-255,5738,238314,94,362210
43547,0.033014,172.31.47.0-255,66,238380,94,362210
43548,0.035082,74.125.24.0-255,5738,244118,94,362210
43549,0.035102,172.31.47.0-255,66,244184,94,362210
43550,0.037151,74.125.24.0-255,5738,249922,94,362210
43551,0.037164,172.31.47.0-255,66,249988,94,362210
43552,0.039219,74.125.24.0-255,5738,255726,94,362210
43553,0.039231,172.31.47.0-255,66,255792,94,362210
43554,0.041289,74.125.24.0-255,5738,261530,94,362210
43555,0.041308,172.31.47.0-255,66,261596,94,362210
43556,0.043361,74.125.24.0-255,5738,267334,94,362210
43557,0.043378,172.31.47.0-255,66,267400,94,362210
43558,0.04546,74.125.24.0-255,5738,273138,94,362210
43559,0.045475,172.31.47.0-255,66,273204,94,362210
43560,0.047559,74.125.24.0-255,5738,278942,94,362210
43561,0.047578,172.31.47.0-255,66,279008,94,362210
43562,0.049658,74.125.24.0-255,5738,284746,94,362210
43563,0.049674,172.31.47.0-255,66,284812,94,362210
43564,0.051829,74.125.24.0-255,5738,290550,94,362210
43565,0.051842,172.31.47.0-255,66,290616,94,362210
43566,0.053962,74.125.24.0-255,2902,293518,94,362210
43567,0.053967,172.31.47.0-255,66,293584,94,362210
43568,0.054,74.125.24.0-255,2902,296486,94,362210
43569,0.054003,172.31.47.0-255,66,296552,94,362210
43570,0.056031,74.125.24.0-255,2902,299454,94,362210
43571,0.056035,172.31.47.0-255,66,299520,94,362210
43572,0.05607,74.125.24.0-255,2902,302422,94,362210
43573,0.056073,172.31.47.0-255,66,302488,94,362210
43574,0.058115,74.125.24.0-255,5738,308226,94,362210
43575,0.05812,172.31.47.0-255,66,308292,94,362210
43576,0.060173,74.125.24.0-255,5738,314030,94,362210
43577,0.060178,172.31.47.0-255,66,314096,94,362210
43578,0.062218,74.125.24.0-255,5738,319834,94,362210
43579,0.062222,172.31.47.0-255,66,319900,94,362210
43580,0.064276,74.125.24.0-255,5738,325638,94,362210
43581,0.06428,172.31.47.0-255,66,325704,94,362210
43582,0.066314,74.125.24.0-255,5738,331442,94,362210
43583,0.066318,172.31.47.0-255,66,331508,94,362210
43584,0.068413,74.125.24.0-255,5738,337246,94,362210
43585,0.068417,172.31.47.0-255,66,337312,94,362210
43586,0.070481,74.125.24.0-255,5738,343050,94,362210
43587,0.070487,172.31.47.0-255,66,343116,94,362210
43588,0.072574,74.125.24.0-255,4320,347436,94,362210
43589,0.072579,172.31.47.0-255,66,347502,94,362210
43590,0.072609,74.125.24.0-255,1484,348986,94,362210
43591,0.074612,74.125.24.0-255,2902,351888,94,362210
43592,0.074617,172.31.47.0-255,66,351954,94,362210
43593,0.076668,74.125.24.0-255,4320,356274,94,362210
43594,0.076673,172.31.47.0-255,66,356340,94,362210
43595,0.076698,74.125.24.0-255,1484,357824,94,362210
43596,0.078725,74.125.24.0-255,4320,362144,94,362210
43597,0.078729,172.31.47.0-255,66,362210,94,362210
43598,0.0,172.253.118.0-255,66,66,94,66
43599,0.0,74.125.24.0-255,153,153,94,239457
43600,1.9e-05,172.31.47.0-255,66,219,94,239457
43601,2.7e-05,74.125.24.0-255,1484,1703,94,239457
43602,3.2e-05,172.31.47.0-255,66,1769,94,239457
43603,4.5e-05,74.125.24.0-255,2902,4671,94,239457
43604,4.9e-05,172.31.47.0-255,66,4737,94,239457
43605,5.7e-05,74.125.24.0-255,7156,11893,94,239457
43606,6e-05,172.31.47.0-255,66,11959,94,239457
43607,0.000117,74.125.24.0-255,2091,14050,94,239457
43608,0.00012,172.31.47.0-255,66,14116,94,239457
43609,0.000146,74.125.24.0-255,2902,17018,94,239457
43610,0.000148,172.31.47.0-255,66,17084,94,239457
43611,0.000185,172.31.47.0-255,66,17150,94,239457
43612,0.000283,74.125.24.0-255,5379,22529,94,239457
43613,0.000287,172.31.47.0-255,66,22595,94,239457
43614,0.000344,172.31.47.0-255,66,22661,94,239457
43615,0.000371,74.125.24.0-255,1125,23786,94,239457
43616,0.000373,172.31.47.0-255,66,23852,94,239457
43617,0.000524,172.31.47.0-255,66,23918,94,239457
43618,0.000619,74.125.24.0-255,4320,28238,94,239457
43619,0.000623,172.31.47.0-255,66,28304,94,239457
43620,0.00065,74.125.24.0-255,2817,31121,94,239457
43621,0.000653,172.31.47.0-255,66,31187,94,239457
43622,0.000656,74.125.24.0-255,382,31569,94,239457
43623,0.000659,172.31.47.0-255,66,31635,94,239457
43624,0.000687,74.125.24.0-255,1484,33119,94,239457
43625,0.00069,172.31.47.0-255,66,33185,94,239457
43626,0.000718,74.125.24.0-255,4320,37505,94,239457
43627,0.000721,172.31.47.0-255,66,37571,94,239457
43628,0.000743,74.125.24.0-255,1484,39055,94,239457
43629,0.000766,172.31.47.0-255,66,39121,94,239457
43630,0.000846,74.125.24.0-255,1125,40246,94,239457
43631,0.000871,172.31.47.0-255,66,40312,94,239457
43632,0.000903,74.125.24.0-255,7156,47468,94,239457
43633,0.000905,172.31.47.0-255,66,47534,94,239457
43634,0.001025,74.125.24.0-255,1125,48659,94,239457
43635,0.001482,172.31.47.0-255,66,48725,94,239457
43636,0.001501,74.125.24.0-255,1484,50209,94,239457
43637,0.001507,74.125.24.0-255,2902,53111,94,239457
43638,0.00151,172.31.47.0-255,66,53177,94,239457
43639,0.001533,74.125.24.0-255,5738,58915,94,239457
43640,0.001536,172.31.47.0-255,66,58981,94,239457
43641,0.001617,74.125.24.0-255,4320,63301,94,239457
43642,0.001621,172.31.47.0-255,66,63367,94,239457
43643,0.001648,74.125.24.0-255,7156,70523,94,239457
43644,0.001651,172.31.47.0-255,66,70589,94,239457
43645,0.001683,172.31.47.0-255,66,70655,94,239457
43646,0.001809,74.125.24.0-255,3602,74257,94,239457
43647,0.001814,172.31.47.0-255,66,74323,94,239457
43648,0.001887,172.31.47.0-255,66,74389,94,239457
43649,0.001919,172.31.47.0-255,66,74455,94,239457
43650,0.002033,74.125.24.0-255,2902,77357,94,239457
43651,0.002037,172.31.47.0-255,66,77423,94,239457
43652,0.002059,74.125.24.0-255,5738,83161,94,239457
43653,0.002062,172.31.47.0-255,66,83227,94,239457
43654,0.002113,172.31.47.0-255,66,83293,94,239457
43655,0.002138,74.125.24.0-255,2184,85477,94,239457
43656,0.002141,172.31.47.0-255,66,85543,94,239457
43657,0.00242,172.31.47.0-255,66,85609,94,239457
43658,0.002487,172.31.47.0-255,66,85675,94,239457
43659,0.002927,74.125.24.0-255,5738,91413,94,239457
43660,0.002932,172.31.47.0-255,66,91479,94,239457
43661,0.00298,172.31.47.0-255,66,91545,94,239457
43662,0.003019,172.31.47.0-255,66,91611,94,239457
43663,0.004976,74.125.24.0-255,5738,97349,94,239457
43664,0.004983,172.31.47.0-255,66,97415,94,239457
43665,0.006972,74.125.24.0-255,5738,103153,94,239457
43666,0.006977,172.31.47.0-255,66,103219,94,239457
43667,0.008953,74.125.24.0-255,5738,108957,94,239457
43668,0.008959,172.31.47.0-255,66,109023,94,239457
43669,0.010916,74.125.24.0-255,5738,114761,94,239457
43670,0.010923,172.31.47.0-255,66,114827,94,239457
43671,0.012912,74.125.24.0-255,5738,120565,94,239457
43672,0.01292,172.31.47.0-255,66,120631,94,239457
43673,0.014876,74.125.24.0-255,5738,126369,94,239457
43674,0.014882,172.31.47.0-255,66,126435,94,239457
43675,0.016859,74.125.24.0-255,5738,132173,94,239457
43676,0.01687,172.31.47.0-255,66,132239,94,239457
43677,0.018849,74.125.24.0-255,5738,137977,94,239457
43678,0.018859,172.31.47.0-255,66,138043,94,239457
43679,0.020827,74.125.24.0-255,5738,143781,94,239457
43680,0.020836,172.31.47.0-255,66,143847,94,239457
43681,0.022781,74.125.24.0-255,5738,149585,94,239457
43682,0.022804,172.31.47.0-255,66,149651,94,239457
43683,0.02475,74.125.24.0-255,5738,155389,94,239457
43684,0.024758,172.31.47.0-255,66,155455,94,239457
43685,0.026719,74.125.24.0-255,4320,159775,94,239457
43686,0.026725,172.31.47.0-255,66,159841,94,239457
43687,0.026764,74.125.24.0-255,1484,161325,94,239457
43688,0.027233,172.31.47.0-255,172,161497,94,239457
43689,0.027264,172.31.47.0-255,1117,162614,94,239457
43690,0.027312,172.31.47.0-255,1514,164128,94,239457
43691,0.027314,172.31.47.0-255,1287,165415,94,239457
43692,0.028725,74.125.24.0-255,4320,169735,94,239457
43693,0.028732,172.31.47.0-255,66,169801,94,239457
43694,0.028759,104.244.42.0-255,66,169867,94,239457
43695,0.028801,104.244.42.0-255,66,169933,94,239457
43696,0.028857,104.244.42.0-255,66,169999,94,239457
43697,0.03071,74.125.24.0-255,5738,175737,94,239457
43698,0.030715,172.31.47.0-255,66,175803,94,239457
43699,0.032688,74.125.24.0-255,5738,181541,94,239457
43700,0.032695,172.31.47.0-255,66,181607,94,239457
43701,0.034686,74.125.24.0-255,5738,187345,94,239457
43702,0.034693,172.31.47.0-255,66,187411,94,239457
43703,0.036684,74.125.24.0-255,5738,193149,94,239457
43704,0.036689,172.31.47.0-255,66,193215,94,239457
43705,0.038649,74.125.24.0-255,5738,198953,94,239457
43706,0.038655,172.31.47.0-255,66,199019,94,239457
43707,0.040636,74.125.24.0-255,5738,204757,94,239457
43708,0.040641,172.31.47.0-255,66,204823,94,239457
43709,0.042619,74.125.24.0-255,5738,210561,94,239457
43710,0.042624,172.31.47.0-255,66,210627,94,239457
43711,0.044605,74.125.24.0-255,5738,216365,94,239457
43712,0.04461,172.31.47.0-255,66,216431,94,239457
43713,0.046587,74.125.24.0-255,5738,222169,94,239457
43714,0.046594,172.31.47.0-255,66,222235,94,239457
43715,0.048585,74.125.24.0-255,5738,227973,94,239457
43716,0.04859,172.31.47.0-255,66,228039,94,239457
43717,0.050564,74.125.24.0-255,5738,233777,94,239457
43718,0.05057,172.31.47.0-255,66,233843,94,239457
43719,0.052542,74.125.24.0-255,5377,239220,94,239457
43720,0.05255,172.31.47.0-255,66,239286,94,239457
43721,0.052725,172.31.47.0-255,105,239391,94,239457
43722,0.054667,74.125.24.0-255,66,239457,94,239457
43723,0.0,74.125.130.0-255,153,153,94,346687
43724,3.4e-05,172.31.47.0-255,66,219,94,346687
43725,4.3e-05,74.125.130.0-255,1484,1703,94,346687
43726,5e-05,172.31.47.0-255,66,1769,94,346687
43727,5.7e-05,74.125.130.0-255,2902,4671,94,346687
43728,6.1e-05,172.31.47.0-255,66,4737,94,346687
43729,7e-05,74.125.130.0-255,5738,10475,94,346687
43730,7.4e-05,172.31.47.0-255,66,10541,94,346687
43731,8.1e-05,74.125.130.0-255,3472,14013,94,346687
43732,8.5e-05,172.31.47.0-255,66,14079,94,346687
43733,9.2e-05,74.125.130.0-255,4320,18399,94,346687
43734,9.6e-05,172.31.47.0-255,66,18465,94,346687
43735,0.000142,172.31.47.0-255,66,18531,94,346687
43736,0.000148,74.125.130.0-255,2543,21074,94,346687
43737,0.000151,172.31.47.0-255,66,21140,94,346687
43738,0.000301,74.125.130.0-255,1484,22624,94,346687
43739,0.000308,172.31.47.0-255,66,22690,94,346687
43740,0.000314,74.125.130.0-255,2902,25592,94,346687
43741,0.000317,172.31.47.0-255,66,25658,94,346687
43742,0.000321,74.125.130.0-255,1484,27142,94,346687
43743,0.000324,172.31.47.0-255,66,27208,94,346687
43744,0.00034,74.125.130.0-255,2902,30110,94,346687
43745,0.000344,172.31.47.0-255,66,30176,94,346687
43746,0.000352,74.125.130.0-255,5738,35914,94,346687
43747,0.000355,172.31.47.0-255,66,35980,94,346687
43748,0.000384,74.125.130.0-255,5738,41718,94,346687
43749,0.000388,172.31.47.0-255,66,41784,94,346687
43750,0.000414,74.125.130.0-255,3961,45745,94,346687
43751,0.000418,172.31.47.0-255,66,45811,94,346687
43752,0.000433,172.31.47.0-255,66,45877,94,346687
43753,0.000436,74.125.130.0-255,365,46242,94,346687
43754,0.000558,74.125.130.0-255,1484,47726,94,346687
43755,0.000565,172.31.47.0-255,66,47792,94,346687
43756,0.000572,74.125.130.0-255,2902,50694,94,346687
43757,0.000574,172.31.47.0-255,66,50760,94,346687
43758,0.000579,74.125.130.0-255,2902,53662,94,346687
43759,0.000582,172.31.47.0-255,66,53728,94,346687
43760,0.000588,74.125.130.0-255,2902,56630,94,346687
43761,0.000591,172.31.47.0-255,66,56696,94,346687
43762,0.000612,74.125.130.0-255,1484,58180,94,346687
43763,0.00062,74.125.130.0-255,2902,61082,94,346687
43764,0.000623,172.31.47.0-255,66,61148,94,346687
43765,0.000644,74.125.130.0-255,6797,67945,94,346687
43766,0.000648,172.31.47.0-255,66,68011,94,346687
43767,0.000652,74.125.130.0-255,2902,70913,94,346687
43768,0.000655,172.31.47.0-255,66,70979,94,346687
43769,0.000689,74.125.130.0-255,1484,72463,94,346687
43770,0.000719,172.31.47.0-255,66,72529,94,346687
43771,0.001178,74.125.130.0-255,1484,74013,94,346687
43772,0.001186,74.125.130.0-255,2902,76915,94,346687
43773,0.001191,172.31.47.0-255,66,76981,94,346687
43774,0.001216,74.125.130.0-255,4320,81301,94,346687
43775,0.00122,172.31.47.0-255,66,81367,94,346687
43776,0.001226,74.125.130.0-255,2902,84269,94,346687
43777,0.001228,172.31.47.0-255,66,84335,94,346687
43778,0.001258,74.125.130.0-255,5738,90073,94,346687
43779,0.001262,172.31.47.0-255,66,90139,94,346687
43780,0.00127,74.125.130.0-255,5738,95877,94,346687
43781,0.001273,172.31.47.0-255,66,95943,94,346687
43782,0.001286,74.125.130.0-255,7156,103099,94,346687
43783,0.00129,172.31.47.0-255,66,103165,94,346687
43784,0.001297,74.125.130.0-255,3602,106767,94,346687
43785,0.001301,172.31.47.0-255,66,106833,94,346687
43786,0.001486,74.125.130.0-255,1484,108317,94,346687
43787,0.001494,74.125.130.0-255,2902,111219,94,346687
43788,0.001499,172.31.47.0-255,66,111285,94,346687
43789,0.00153,74.125.130.0-255,5738,117023,94,346687
43790,0.001534,172.31.47.0-255,66,117089,94,346687
43791,0.001576,172.31.47.0-255,66,117155,94,346687
43792,0.001596,74.125.130.0-255,2902,120057,94,346687
43793,0.001599,172.31.47.0-255,66,120123,94,346687
43794,0.001638,172.31.47.0-255,66,120189,94,346687
43795,0.0021,74.125.130.0-255,1484,121673,94,346687
43796,0.002106,74.125.130.0-255,2902,124575,94,346687
43797,0.00211,172.31.47.0-255,66,124641,94,346687
43798,0.002115,74.125.130.0-255,2902,127543,94,346687
43799,0.002118,172.31.47.0-255,66,127609,94,346687
43800,0.002133,74.125.130.0-255,2902,130511,94,346687
43801,0.002136,172.31.47.0-255,66,130577,94,346687
43802,0.002159,74.125.130.0-255,7156,137733,94,346687
43803,0.002162,172.31.47.0-255,66,137799,94,346687
43804,0.002186,74.125.130.0-255,5738,143537,94,346687
43805,0.002189,172.31.47.0-255,66,143603,94,346687
43806,0.002213,74.125.130.0-255,7156,150759,94,346687
43807,0.002216,172.31.47.0-255,66,150825,94,346687
43808,0.002243,74.125.130.0-255,3602,154427,94,346687
43809,0.002248,172.31.47.0-255,66,154493,94,346687
43810,0.004546,74.125.130.0-255,5738,160231,94,346687
43811,0.004567,172.31.47.0-255,66,160297,94,346687
43812,0.006863,74.125.130.0-255,5738,166035,94,346687
43813,0.006877,172.31.47.0-255,66,166101,94,346687
43814,0.009195,74.125.130.0-255,5738,171839,94,346687
43815,0.009214,172.31.47.0-255,66,171905,94,346687
43816,0.01153,74.125.130.0-255,5738,177643,94,346687
43817,0.011545,172.31.47.0-255,66,177709,94,346687
43818,0.013837,74.125.130.0-255,5738,183447,94,346687
43819,0.013842,172.31.47.0-255,66,183513,94,346687
43820,0.016121,74.125.130.0-255,5738,189251,94,346687
43821,0.016127,172.31.47.0-255,66,189317,94,346687
43822,0.018443,74.125.130.0-255,5738,195055,94,346687
43823,0.018449,172.31.47.0-255,66,195121,94,346687
43824,0.020729,74.125.130.0-255,5738,200859,94,346687
43825,0.020736,172.31.47.0-255,66,200925,94,346687
43826,0.023035,74.125.130.0-255,5738,206663,94,346687
43827,0.023044,172.31.47.0-255,66,206729,94,346687
43828,0.025327,74.125.130.0-255,5738,212467,94,346687
43829,0.025336,172.31.47.0-255,66,212533,94,346687
43830,0.027612,74.125.130.0-255,5738,218271,94,346687
43831,0.027618,172.31.47.0-255,66,218337,94,346687
43832,0.029887,74.125.130.0-255,2902,221239,94,346687
43833,0.029895,172.31.47.0-255,66,221305,94,346687
43834,0.029916,74.125.130.0-255,2902,224207,94,346687
43835,0.029919,172.31.47.0-255,66,224273,94,346687
43836,0.032195,74.125.130.0-255,2902,227175,94,346687
43837,0.032202,172.31.47.0-255,66,227241,94,346687
43838,0.032238,74.125.130.0-255,2902,230143,94,346687
43839,0.032242,172.31.47.0-255,66,230209,94,346687
43840,0.034483,74.125.130.0-255,2902,233111,94,346687
43841,0.03449,172.31.47.0-255,66,233177,94,346687
43842,0.034504,74.125.130.0-255,2902,236079,94,346687
43843,0.034508,172.31.47.0-255,66,236145,94,346687
43844,0.034849,172.31.47.0-255,172,236317,94,346687
43845,0.034876,172.31.47.0-255,1117,237434,94,346687
43846,0.034915,172.31.47.0-255,1514,238948,94,346687
43847,0.034917,172.31.47.0-255,1287,240235,94,346687
43848,0.036379,104.244.42.0-255,66,240301,94,346687
43849,0.036423,104.244.42.0-255,66,240367,94,346687
43850,0.036473,104.244.42.0-255,66,240433,94,346687
43851,0.036756,74.125.130.0-255,2902,243335,94,346687
43852,0.036761,172.31.47.0-255,66,243401,94,346687
43853,0.036789,74.125.130.0-255,2902,246303,94,346687
43854,0.036791,172.31.47.0-255,66,246369,94,346687
43855,0.039035,74.125.130.0-255,2902,249271,94,346687
43856,0.03904,172.31.47.0-255,66,249337,94,346687
43857,0.039067,74.125.130.0-255,2902,252239,94,346687
43858,0.039069,172.31.47.0-255,66,252305,94,346687
43859,0.041321,74.125.130.0-255,2902,255207,94,346687
43860,0.041341,172.31.47.0-255,66,255273,94,346687
43861,0.041359,74.125.130.0-255,2902,258175,94,346687
43862,0.041363,172.31.47.0-255,66,258241,94,346687
43863,0.043614,74.125.130.0-255,2902,261143,94,346687
43864,0.043619,172.31.47.0-255,66,261209,94,346687
43865,0.043653,74.125.130.0-255,2902,264111,94,346687
43866,0.043656,172.31.47.0-255,66,264177,94,346687
43867,0.046047,74.125.130.0-255,2902,267079,94,346687
43868,0.046052,172.31.47.0-255,66,267145,94,346687
43869,0.046078,74.125.130.0-255,2902,270047,94,346687
43870,0.046081,172.31.47.0-255,66,270113,94,346687
43871,0.048439,74.125.130.0-255,4320,274433,94,346687
43872,0.048444,172.31.47.0-255,66,274499,94,346687
43873,0.048471,74.125.130.0-255,1484,275983,94,346687
43874,0.050715,74.125.130.0-255,2902,278885,94,346687
43875,0.050719,172.31.47.0-255,66,278951,94,346687
43876,0.050746,74.125.130.0-255,1484,280435,94,346687
43877,0.05299,74.125.130.0-255,2902,283337,94,346687
43878,0.052994,172.31.47.0-255,66,283403,94,346687
43879,0.053017,74.125.130.0-255,1484,284887,94,346687
43880,0.055262,74.125.130.0-255,2902,287789,94,346687
43881,0.055267,172.31.47.0-255,66,287855,94,346687
43882,0.057536,74.125.130.0-255,1484,289339,94,346687
43883,0.057555,74.125.130.0-255,4320,293659,94,346687
43884,0.057559,172.31.47.0-255,66,293725,94,346687
43885,0.059841,74.125.130.0-255,5738,299463,94,346687
43886,0.059846,172.31.47.0-255,66,299529,94,346687
43887,0.06212,74.125.130.0-255,5738,305267,94,346687
43888,0.062125,172.31.47.0-255,66,305333,94,346687
43889,0.064396,74.125.130.0-255,5738,311071,94,346687
43890,0.064402,172.31.47.0-255,66,311137,94,346687
43891,0.066681,74.125.130.0-255,1484,312621,94,346687
43892,0.066712,74.125.130.0-255,4320,316941,94,346687
43893,0.066717,172.31.47.0-255,66,317007,94,346687
43894,0.068988,74.125.130.0-255,2902,319909,94,346687
43895,0.068993,172.31.47.0-255,66,319975,94,346687
43896,0.069018,74.125.130.0-255,2902,322877,94,346687
43897,0.069021,172.31.47.0-255,66,322943,94,346687
43898,0.071273,74.125.130.0-255,2902,325845,94,346687
43899,0.071278,172.31.47.0-255,66,325911,94,346687
43900,0.071312,74.125.130.0-255,2902,328813,94,346687
43901,0.071315,172.31.47.0-255,66,328879,94,346687
43902,0.073547,74.125.130.0-255,2902,331781,94,346687
43903,0.073552,172.31.47.0-255,66,331847,94,346687
43904,0.073582,74.125.130.0-255,2902,334749,94,346687
43905,0.073585,172.31.47.0-255,66,334815,94,346687
43906,0.075834,74.125.130.0-255,2902,337717,94,346687
43907,0.075841,172.31.47.0-255,66,337783,94,346687
43908,0.07586,74.125.130.0-255,2902,340685,94,346687
43909,0.075863,172.31.47.0-255,66,340751,94,346687
43910,0.078112,74.125.130.0-255,2902,343653,94,346687
43911,0.078116,172.31.47.0-255,66,343719,94,346687
43912,0.078146,74.125.130.0-255,2902,346621,94,346687
43913,0.078149,172.31.47.0-255,66,346687,94,346687
43914,0.0,172.217.194.0-255,153,153,94,296594
43915,2.9e-05,172.31.47.0-255,66,219,94,296594
43916,3.6e-05,172.217.194.0-255,1484,1703,94,296594
43917,4e-05,172.31.47.0-255,66,1769,94,296594
43918,4.5e-05,172.217.194.0-255,2902,4671,94,296594
43919,5.5e-05,172.31.47.0-255,66,4737,94,296594
43920,6.2e-05,172.217.194.0-255,7156,11893,94,296594
43921,6.5e-05,172.31.47.0-255,66,11959,94,296594
43922,6.9e-05,172.217.194.0-255,2902,14861,94,296594
43923,7.2e-05,172.31.47.0-255,66,14927,94,296594
43924,0.000106,172.217.194.0-255,5000,19927,94,296594
43925,0.000109,172.31.47.0-255,66,19993,94,296594
43926,0.000128,172.31.47.0-255,66,20059,94,296594
43927,0.000194,172.217.194.0-255,1484,21543,94,296594
43928,0.000198,172.31.47.0-255,66,21609,94,296594
43929,0.00023,172.217.194.0-255,2902,24511,94,296594
43930,0.000233,172.31.47.0-255,66,24577,94,296594
43931,0.000239,172.217.194.0-255,5738,30315,94,296594
43932,0.000241,172.31.47.0-255,66,30381,94,296594
43933,0.000268,172.217.194.0-255,2902,33283,94,296594
43934,0.000272,172.31.47.0-255,66,33349,94,296594
43935,0.000294,172.217.194.0-255,3961,37310,94,296594
43936,0.000298,172.31.47.0-255,66,37376,94,296594
43937,0.000305,172.217.194.0-255,7156,44532,94,296594
43938,0.000308,172.31.47.0-255,66,44598,94,296594
43939,0.000349,172.31.47.0-255,66,44664,94,296594
43940,0.000653,172.217.194.0-255,645,45309,94,296594
43941,0.00066,172.31.47.0-255,66,45375,94,296594
43942,0.00079,172.217.194.0-255,1484,46859,94,296594
43943,0.000794,172.31.47.0-255,66,46925,94,296594
43944,0.000799,172.217.194.0-255,2902,49827,94,296594
43945,0.000801,172.31.47.0-255,66,49893,94,296594
43946,0.000829,172.217.194.0-255,5738,55631,94,296594
43947,0.000832,172.31.47.0-255,66,55697,94,296594
43948,0.000839,172.217.194.0-255,7156,62853,94,296594
43949,0.000841,172.31.47.0-255,66,62919,94,296594
43950,0.000852,172.217.194.0-255,5738,68657,94,296594
43951,0.000855,172.31.47.0-255,66,68723,94,296594
43952,0.000884,172.31.47.0-255,66,68789,94,296594
43953,0.000888,172.217.194.0-255,2184,70973,94,296594
43954,0.000889,172.31.47.0-255,66,71039,94,296594
43955,0.000928,172.217.194.0-255,2902,73941,94,296594
43956,0.000931,172.31.47.0-255,66,74007,94,296594
43957,0.000934,172.217.194.0-255,1484,75491,94,296594
43958,0.000955,172.217.194.0-255,2902,78393,94,296594
43959,0.000957,172.31.47.0-255,66,78459,94,296594
43960,0.000962,172.217.194.0-255,4320,82779,94,296594
43961,0.000964,172.31.47.0-255,66,82845,94,296594
43962,0.000994,172.217.194.0-255,4320,87165,94,296594
43963,0.000997,172.31.47.0-255,66,87231,94,296594
43964,0.001012,172.31.47.0-255,66,87297,94,296594
43965,0.001039,172.217.194.0-255,4320,91617,94,296594
43966,0.001041,172.31.47.0-255,66,91683,94,296594
43967,0.001062,172.217.194.0-255,2184,93867,94,296594
43968,0.001065,172.31.47.0-255,66,93933,94,296594
43969,0.001088,172.217.194.0-255,4320,98253,94,296594
43970,0.00109,172.31.47.0-255,66,98319,94,296594
43971,0.001113,172.217.194.0-255,2902,101221,94,296594
43972,0.001116,172.31.47.0-255,66,101287,94,296594
43973,0.001125,172.31.47.0-255,66,101353,94,296594
43974,0.001149,172.217.194.0-255,4320,105673,94,296594
43975,0.001152,172.31.47.0-255,66,105739,94,296594
43976,0.001185,172.31.47.0-255,66,105805,94,296594
43977,0.001188,172.217.194.0-255,766,106571,94,296594
43978,0.00119,172.217.194.0-255,1484,108055,94,296594
43979,0.001191,172.31.47.0-255,66,108121,94,296594
43980,0.001195,172.217.194.0-255,2902,111023,94,296594
43981,0.001202,172.217.194.0-255,1484,112507,94,296594
43982,0.001198,172.31.47.0-255,66,112573,94,296594
43983,0.001232,172.217.194.0-255,4320,116893,94,296594
43984,0.001235,172.31.47.0-255,66,116959,94,296594
43985,0.001247,172.31.47.0-255,66,117025,94,296594
43986,0.001256,172.217.194.0-255,2902,119927,94,296594
43987,0.001259,172.31.47.0-255,66,119993,94,296594
43988,0.00128,172.217.194.0-255,1484,121477,94,296594
43989,0.001307,172.217.194.0-255,6438,127915,94,296594
43990,0.00131,172.31.47.0-255,66,127981,94,296594
43991,0.001364,172.217.194.0-255,1484,129465,94,296594
43992,0.001381,172.217.194.0-255,2902,132367,94,296594
43993,0.001384,172.31.47.0-255,66,132433,94,296594
43994,0.001387,172.217.194.0-255,1484,133917,94,296594
43995,0.001412,172.217.194.0-255,4320,138237,94,296594
43996,0.001415,172.31.47.0-255,66,138303,94,296594
43997,0.001456,172.217.194.0-255,4320,142623,94,296594
43998,0.001459,172.31.47.0-255,66,142689,94,296594
43999,0.001492,172.31.47.0-255,66,142755,94,296594
44000,0.001507,172.217.194.0-255,1484,144239,94,296594
44001,0.001507,172.31.47.0-255,66,144305,94,296594
44002,0.00151,172.217.194.0-255,2902,147207,94,296594
44003,0.001516,172.217.194.0-255,5738,152945,94,296594
44004,0.001518,172.217.194.0-255,1484,154429,94,296594
44005,0.001522,172.31.47.0-255,66,154495,94,296594
44006,0.001558,172.31.47.0-255,66,154561,94,296594
44007,0.00157,172.31.47.0-255,66,154627,94,296594
44008,0.001692,172.217.194.0-255,1484,156111,94,296594
44009,0.001709,172.217.194.0-255,2902,159013,94,296594
44010,0.001712,172.31.47.0-255,66,159079,94,296594
44011,0.001716,172.217.194.0-255,2902,161981,94,296594
44012,0.001725,172.31.47.0-255,66,162047,94,296594
44013,0.001739,172.217.194.0-255,2902,164949,94,296594
44014,0.001743,172.31.47.0-255,66,165015,94,296594
44015,0.001748,172.217.194.0-255,5738,170753,94,296594
44016,0.001757,172.31.47.0-255,66,170819,94,296594
44017,0.001783,172.217.194.0-255,7156,177975,94,296594
44018,0.001787,172.31.47.0-255,66,178041,94,296594
44019,0.001799,172.217.194.0-255,2184,180225,94,296594
44020,0.001799,172.31.47.0-255,66,180291,94,296594
44021,0.001803,172.31.47.0-255,66,180357,94,296594
44022,0.003855,172.217.194.0-255,5738,186095,94,296594
44023,0.003861,172.31.47.0-255,66,186161,94,296594
44024,0.005912,172.217.194.0-255,5738,191899,94,296594
44025,0.005918,172.31.47.0-255,66,191965,94,296594
44026,0.007975,172.217.194.0-255,1484,193449,94,296594
44027,0.007994,172.217.194.0-255,4320,197769,94,296594
44028,0.007997,172.31.47.0-255,66,197835,94,296594
44029,0.010126,172.217.194.0-255,5738,203573,94,296594
44030,0.010137,172.31.47.0-255,66,203639,94,296594
44031,0.012252,172.217.194.0-255,5738,209377,94,296594
44032,0.01226,172.31.47.0-255,66,209443,94,296594
44033,0.014337,172.217.194.0-255,5738,215181,94,296594
44034,0.014347,172.31.47.0-255,66,215247,94,296594
44035,0.01642,172.217.194.0-255,5738,220985,94,296594
44036,0.016431,172.31.47.0-255,66,221051,94,296594
44037,0.018559,172.217.194.0-255,5738,226789,94,296594
44038,0.018573,172.31.47.0-255,66,226855,94,296594
44039,0.020618,172.217.194.0-255,5738,232593,94,296594
44040,0.020628,172.31.47.0-255,66,232659,94,296594
44041,0.022691,172.217.194.0-255,4320,236979,94,296594
44042,0.022697,172.31.47.0-255,66,237045,94,296594
44043,0.022729,172.217.194.0-255,1484,238529,94,296594
44044,0.024754,172.217.194.0-255,4320,242849,94,296594
44045,0.02476,172.31.47.0-255,66,242915,94,296594
44046,0.026849,172.217.194.0-255,5738,248653,94,296594
44047,0.026854,172.31.47.0-255,66,248719,94,296594
44048,0.02768,172.31.47.0-255,172,248891,94,296594
44049,0.027709,172.31.47.0-255,1116,250007,94,296594
44050,0.027732,172.31.47.0-255,1514,251521,94,296594
44051,0.027734,172.31.47.0-255,1288,252809,94,296594
44052,0.028954,172.217.194.0-255,5738,258547,94,296594
44053,0.02896,172.31.47.0-255,66,258613,94,296594
44054,0.029231,104.244.42.0-255,66,258679,94,296594
44055,0.029273,104.244.42.0-255,66,258745,94,296594
44056,0.029278,104.244.42.0-255,66,258811,94,296594
44057,0.031044,172.217.194.0-255,4320,263131,94,296594
44058,0.031049,172.31.47.0-255,66,263197,94,296594
44059,0.031082,172.217.194.0-255,1484,264681,94,296594
44060,0.033109,172.217.194.0-255,4320,269001,94,296594
44061,0.033114,172.31.47.0-255,66,269067,94,296594
44062,0.035207,172.217.194.0-255,5738,274805,94,296594
44063,0.035213,172.31.47.0-255,66,274871,94,296594
44064,0.037346,172.217.194.0-255,5738,280609,94,296594
44065,0.037352,172.31.47.0-255,66,280675,94,296594
44066,0.039421,172.217.194.0-255,5738,286413,94,296594
44067,0.039427,172.31.47.0-255,66,286479,94,296594
44068,0.0415,172.217.194.0-255,5738,292217,94,296594
44069,0.041506,172.31.47.0-255,66,292283,94,296594
44070,0.043614,172.217.194.0-255,2902,295185,94,296594
44071,0.043619,172.31.47.0-255,66,295251,94,296594
44072,0.043654,172.217.194.0-255,1106,296357,94,296594
44073,0.043778,172.31.47.0-255,66,296423,94,296594
44074,0.043804,172.31.47.0-255,105,296528,94,296594
44075,0.045799,172.217.194.0-255,66,296594,94,296594
44076,0.0,74.125.24.0-255,153,153,94,229489
44077,1.9e-05,172.31.47.0-255,66,219,94,229489
44078,2.5e-05,74.125.24.0-255,1484,1703,94,229489
44079,2.8e-05,172.31.47.0-255,66,1769,94,229489
44080,3.2e-05,74.125.24.0-255,2902,4671,94,229489
44081,3.4e-05,172.31.47.0-255,66,4737,94,229489
44082,3.9e-05,74.125.24.0-255,5738,10475,94,229489
44083,4.1e-05,172.31.47.0-255,66,10541,94,229489
44084,8.7e-05,172.31.47.0-255,66,10607,94,229489
44085,9.5e-05,172.31.47.0-255,66,10673,94,229489
44086,0.001745,74.125.24.0-255,1484,12157,94,229489
44087,0.001751,172.31.47.0-255,66,12223,94,229489
44088,0.001758,74.125.24.0-255,2902,15125,94,229489
44089,0.00176,172.31.47.0-255,66,15191,94,229489
44090,0.001791,74.125.24.0-255,4320,19511,94,229489
44091,0.001792,172.31.47.0-255,66,19577,94,229489
44092,0.001805,74.125.24.0-255,1484,21061,94,229489
44093,0.001806,172.31.47.0-255,66,21127,94,229489
44094,0.001812,74.125.24.0-255,6797,27924,94,229489
44095,0.001813,172.31.47.0-255,66,27990,94,229489
44096,0.001846,172.31.47.0-255,66,28056,94,229489
44097,0.001855,74.125.24.0-255,2902,30958,94,229489
44098,0.001857,172.31.47.0-255,66,31024,94,229489
44099,0.001889,74.125.24.0-255,2902,33926,94,229489
44100,0.001891,172.31.47.0-255,66,33992,94,229489
44101,0.001907,74.125.24.0-255,2814,36806,94,229489
44102,0.001909,172.31.47.0-255,66,36872,94,229489
44103,0.002079,74.125.24.0-255,131,37003,94,229489
44104,0.002081,172.31.47.0-255,66,37069,94,229489
44105,0.004246,74.125.24.0-255,4320,41389,94,229489
44106,0.004262,172.31.47.0-255,66,41455,94,229489
44107,0.004431,74.125.24.0-255,1484,42939,94,229489
44108,0.006611,74.125.24.0-255,4320,47259,94,229489
44109,0.006622,172.31.47.0-255,66,47325,94,229489
44110,0.008956,74.125.24.0-255,5738,53063,94,229489
44111,0.008964,172.31.47.0-255,66,53129,94,229489
44112,0.01131,74.125.24.0-255,5738,58867,94,229489
44113,0.01132,172.31.47.0-255,66,58933,94,229489
44114,0.013668,74.125.24.0-255,5738,64671,94,229489
44115,0.013678,172.31.47.0-255,66,64737,94,229489
44116,0.015458,172.31.47.0-255,172,64909,94,229489
44117,0.015493,172.31.47.0-255,1116,66025,94,229489
44118,0.015566,172.31.47.0-255,1514,67539,94,229489
44119,0.015568,172.31.47.0-255,328,67867,94,229489
44120,0.01601,74.125.24.0-255,5738,73605,94,229489
44121,0.016016,172.31.47.0-255,66,73671,94,229489
44122,0.017183,104.244.42.0-255,66,73737,94,229489
44123,0.018336,74.125.24.0-255,5738,79475,94,229489
44124,0.018341,172.31.47.0-255,66,79541,94,229489
44125,0.020681,74.125.24.0-255,5738,85279,94,229489
44126,0.020691,172.31.47.0-255,66,85345,94,229489
44127,0.023016,74.125.24.0-255,5738,91083,94,229489
44128,0.023024,172.31.47.0-255,66,91149,94,229489
44129,0.025344,74.125.24.0-255,5738,96887,94,229489
44130,0.02535,172.31.47.0-255,66,96953,94,229489
44131,0.027688,74.125.24.0-255,5738,102691,94,229489
44132,0.027694,172.31.47.0-255,66,102757,94,229489
44133,0.030016,74.125.24.0-255,4320,107077,94,229489
44134,0.030022,172.31.47.0-255,66,107143,94,229489
44135,0.030036,74.125.24.0-255,1484,108627,94,229489
44136,0.032339,74.125.24.0-255,4320,112947,94,229489
44137,0.032344,172.31.47.0-255,66,113013,94,229489
44138,0.034677,74.125.24.0-255,5738,118751,94,229489
44139,0.034683,172.31.47.0-255,66,118817,94,229489
44140,0.03702,74.125.24.0-255,5738,124555,94,229489
44141,0.037029,172.31.47.0-255,66,124621,94,229489
44142,0.039386,74.125.24.0-255,5738,130359,94,229489
44143,0.039392,172.31.47.0-255,66,130425,94,229489
44144,0.041717,74.125.24.0-255,2902,133327,94,229489
44145,0.041722,172.31.47.0-255,66,133393,94,229489
44146,0.041737,74.125.24.0-255,2902,136295,94,229489
44147,0.04174,172.31.47.0-255,66,136361,94,229489
44148,0.044036,74.125.24.0-255,2902,139263,94,229489
44149,0.044042,172.31.47.0-255,66,139329,94,229489
44150,0.044078,74.125.24.0-255,2902,142231,94,229489
44151,0.044081,172.31.47.0-255,66,142297,94,229489
44152,0.046402,74.125.24.0-255,5738,148035,94,229489
44153,0.046408,172.31.47.0-255,66,148101,94,229489
44154,0.048739,74.125.24.0-255,5738,153839,94,229489
44155,0.048744,172.31.47.0-255,66,153905,94,229489
44156,0.051071,74.125.24.0-255,5738,159643,94,229489
44157,0.051079,172.31.47.0-255,66,159709,94,229489
44158,0.053417,74.125.24.0-255,5738,165447,94,229489
44159,0.053422,172.31.47.0-255,66,165513,94,229489
44160,0.05579,74.125.24.0-255,5738,171251,94,229489
44161,0.055797,172.31.47.0-255,66,171317,94,229489
44162,0.058144,74.125.24.0-255,2902,174219,94,229489
44163,0.058151,172.31.47.0-255,66,174285,94,229489
44164,0.05817,74.125.24.0-255,2902,177187,94,229489
44165,0.058172,172.31.47.0-255,66,177253,94,229489
44166,0.060493,74.125.24.0-255,5738,182991,94,229489
44167,0.060499,172.31.47.0-255,66,183057,94,229489
44168,0.062814,74.125.24.0-255,5738,188795,94,229489
44169,0.06282,172.31.47.0-255,66,188861,94,229489
44170,0.065162,74.125.24.0-255,5738,194599,94,229489
44171,0.06517,172.31.47.0-255,66,194665,94,229489
44172,0.067521,74.125.24.0-255,5738,200403,94,229489
44173,0.067527,172.31.47.0-255,66,200469,94,229489
44174,0.06985,74.125.24.0-255,5738,206207,94,229489
44175,0.069858,172.31.47.0-255,66,206273,94,229489
44176,0.072178,74.125.24.0-255,5738,212011,94,229489
44177,0.072185,172.31.47.0-255,66,212077,94,229489
44178,0.074526,74.125.24.0-255,5738,217815,94,229489
44179,0.074534,172.31.47.0-255,66,217881,94,229489
44180,0.076854,74.125.24.0-255,5738,223619,94,229489
44181,0.076877,172.31.47.0-255,66,223685,94,229489
44182,0.079214,74.125.24.0-255,5738,229423,94,229489
44183,0.079226,172.31.47.0-255,66,229489,94,229489
44184,0.0,74.125.24.0-255,153,153,94,322344
44185,1.6e-05,172.31.47.0-255,66,219,94,322344
44186,2.2e-05,74.125.24.0-255,1484,1703,94,322344
44187,2.7e-05,172.31.47.0-255,66,1769,94,322344
44188,3.2e-05,74.125.24.0-255,2902,4671,94,322344
44189,3.6e-05,172.31.47.0-255,66,4737,94,322344
44190,4.3e-05,74.125.24.0-255,7156,11893,94,322344
44191,4.6e-05,172.31.47.0-255,66,11959,94,322344
44192,6.9e-05,74.125.24.0-255,2902,14861,94,322344
44193,7.2e-05,172.31.47.0-255,66,14927,94,322344
44194,9.9e-05,172.31.47.0-255,66,14993,94,322344
44195,0.00012,74.125.24.0-255,3427,18420,94,322344
44196,0.000122,172.31.47.0-255,66,18486,94,322344
44197,0.000127,74.125.24.0-255,2543,21029,94,322344
44198,0.000129,172.31.47.0-255,66,21095,94,322344
44199,0.00028,74.125.24.0-255,1484,22579,94,322344
44200,0.000287,172.31.47.0-255,66,22645,94,322344
44201,0.000293,74.125.24.0-255,2902,25547,94,322344
44202,0.000295,172.31.47.0-255,66,25613,94,322344
44203,0.000301,74.125.24.0-255,5738,31351,94,322344
44204,0.000303,172.31.47.0-255,66,31417,94,322344
44205,0.00035,172.31.47.0-255,66,31483,94,322344
44206,0.000357,74.125.24.0-255,7156,38639,94,322344
44207,0.000359,172.31.47.0-255,66,38705,94,322344
44208,0.000387,74.125.24.0-255,2543,41248,94,322344
44209,0.00039,172.31.47.0-255,66,41314,94,322344
44210,0.000415,74.125.24.0-255,400,41714,94,322344
44211,0.000418,172.31.47.0-255,66,41780,94,322344
44212,0.000546,74.125.24.0-255,343,42123,94,322344
44213,0.000552,172.31.47.0-255,66,42189,94,322344
44214,0.000775,74.125.24.0-255,1484,43673,94,322344
44215,0.00078,74.125.24.0-255,2902,46575,94,322344
44216,0.000784,74.125.24.0-255,2902,49477,94,322344
44217,0.000797,74.125.24.0-255,1484,50961,94,322344
44218,0.000819,172.31.47.0-255,66,51027,94,322344
44219,0.000884,172.31.47.0-255,66,51093,94,322344
44220,0.001642,74.125.24.0-255,1484,52577,94,322344
44221,0.00166,74.125.24.0-255,2902,55479,94,322344
44222,0.001664,172.31.47.0-255,66,55545,94,322344
44223,0.00167,74.125.24.0-255,2902,58447,94,322344
44224,0.001686,74.125.24.0-255,2902,61349,94,322344
44225,0.001692,74.125.24.0-255,5738,67087,94,322344
44226,0.001702,172.31.47.0-255,66,67153,94,322344
44227,0.00172,74.125.24.0-255,7156,74309,94,322344
44228,0.001753,172.31.47.0-255,66,74375,94,322344
44229,0.001769,74.125.24.0-255,2902,77277,94,322344
44230,0.001781,172.31.47.0-255,66,77343,94,322344
44231,0.001794,172.31.47.0-255,66,77409,94,322344
44232,0.001839,74.125.24.0-255,4320,81729,94,322344
44233,0.001867,172.31.47.0-255,66,81795,94,322344
44234,0.001885,74.125.24.0-255,1484,83279,94,322344
44235,0.001903,74.125.24.0-255,2902,86181,94,322344
44236,0.001907,74.125.24.0-255,1484,87665,94,322344
44237,0.001913,172.31.47.0-255,66,87731,94,322344
44238,0.001925,74.125.24.0-255,4320,92051,94,322344
44239,0.001927,74.125.24.0-255,1484,93535,94,322344
44240,0.001941,172.31.47.0-255,66,93601,94,322344
44241,0.001979,172.31.47.0-255,66,93667,94,322344
44242,0.001992,74.125.24.0-255,7156,100823,94,322344
44243,0.002001,172.31.47.0-255,66,100889,94,322344
44244,0.002004,74.125.24.0-255,2902,103791,94,322344
44245,0.002019,74.125.24.0-255,5738,109529,94,322344
44246,0.002045,172.31.47.0-255,66,109595,94,322344
44247,0.002065,74.125.24.0-255,5020,114615,94,322344
44248,0.002084,172.31.47.0-255,66,114681,94,322344
44249,0.004188,74.125.24.0-255,2902,117583,94,322344
44250,0.004192,172.31.47.0-255,66,117649,94,322344
44251,0.00421,74.125.24.0-255,2902,120551,94,322344
44252,0.004221,172.31.47.0-255,66,120617,94,322344
44253,0.006309,74.125.24.0-255,5738,126355,94,322344
44254,0.006346,172.31.47.0-255,66,126421,94,322344
44255,0.008476,74.125.24.0-255,5738,132159,94,322344
44256,0.008483,172.31.47.0-255,66,132225,94,322344
44257,0.010594,74.125.24.0-255,5738,137963,94,322344
44258,0.010603,172.31.47.0-255,66,138029,94,322344
44259,0.012672,74.125.24.0-255,5738,143767,94,322344
44260,0.012681,172.31.47.0-255,66,143833,94,322344
44261,0.014797,74.125.24.0-255,5738,149571,94,322344
44262,0.014802,172.31.47.0-255,66,149637,94,322344
44263,0.016911,74.125.24.0-255,5738,155375,94,322344
44264,0.016916,172.31.47.0-255,66,155441,94,322344
44265,0.019031,74.125.24.0-255,5738,161179,94,322344
44266,0.019037,172.31.47.0-255,66,161245,94,322344
44267,0.020175,172.31.47.0-255,172,161417,94,322344
44268,0.020216,172.31.47.0-255,1118,162535,94,322344
44269,0.020395,172.31.47.0-255,1514,164049,94,322344
44270,0.020397,172.31.47.0-255,1514,165563,94,322344
44271,0.020398,172.31.47.0-255,1514,167077,94,322344
44272,0.020399,172.31.47.0-255,1514,168591,94,322344
44273,0.0204,172.31.47.0-255,160,168751,94,322344
44274,0.021145,74.125.24.0-255,2902,171653,94,322344
44275,0.021151,172.31.47.0-255,66,171719,94,322344
44276,0.021187,74.125.24.0-255,2902,174621,94,322344
44277,0.021206,172.31.47.0-255,66,174687,94,322344
44278,0.021739,104.244.42.0-255,66,174753,94,322344
44279,0.021795,104.244.42.0-255,66,174819,94,322344
44280,0.021986,104.244.42.0-255,66,174885,94,322344
44281,0.021988,104.244.42.0-255,66,174951,94,322344
44282,0.023258,74.125.24.0-255,2902,177853,94,322344
44283,0.023262,172.31.47.0-255,66,177919,94,322344
44284,0.023293,74.125.24.0-255,2902,180821,94,322344
44285,0.023303,172.31.47.0-255,66,180887,94,322344
44286,0.025347,74.125.24.0-255,2902,183789,94,322344
44287,0.025353,172.31.47.0-255,66,183855,94,322344
44288,0.025388,74.125.24.0-255,2902,186757,94,322344
44289,0.025404,172.31.47.0-255,66,186823,94,322344
44290,0.027418,74.125.24.0-255,2902,189725,94,322344
44291,0.027423,172.31.47.0-255,66,189791,94,322344
44292,0.027486,74.125.24.0-255,2902,192693,94,322344
44293,0.027496,172.31.47.0-255,66,192759,94,322344
44294,0.029522,74.125.24.0-255,2902,195661,94,322344
44295,0.029526,172.31.47.0-255,66,195727,94,322344
44296,0.029606,74.125.24.0-255,2902,198629,94,322344
44297,0.02961,172.31.47.0-255,66,198695,94,322344
44298,0.03163,74.125.24.0-255,2902,201597,94,322344
44299,0.031634,172.31.47.0-255,66,201663,94,322344
44300,0.0317,74.125.24.0-255,2902,204565,94,322344
44301,0.031708,172.31.47.0-255,66,204631,94,322344
44302,0.033707,74.125.24.0-255,2902,207533,94,322344
44303,0.033712,172.31.47.0-255,66,207599,94,322344
44304,0.033761,74.125.24.0-255,2902,210501,94,322344
44305,0.033774,172.31.47.0-255,66,210567,94,322344
44306,0.035795,74.125.24.0-255,2902,213469,94,322344
44307,0.0358,172.31.47.0-255,66,213535,94,322344
44308,0.035841,74.125.24.0-255,2902,216437,94,322344
44309,0.035851,172.31.47.0-255,66,216503,94,322344
44310,0.037891,74.125.24.0-255,2902,219405,94,322344
44311,0.037896,172.31.47.0-255,66,219471,94,322344
44312,0.03793,74.125.24.0-255,2902,222373,94,322344
44313,0.037947,172.31.47.0-255,66,222439,94,322344
44314,0.040003,74.125.24.0-255,2902,225341,94,322344
44315,0.040008,172.31.47.0-255,66,225407,94,322344
44316,0.040071,74.125.24.0-255,2902,228309,94,322344
44317,0.040088,172.31.47.0-255,66,228375,94,322344
44318,0.042076,74.125.24.0-255,2902,231277,94,322344
44319,0.04208,172.31.47.0-255,66,231343,94,322344
44320,0.042185,74.125.24.0-255,2902,234245,94,322344
44321,0.042189,172.31.47.0-255,66,234311,94,322344
44322,0.044158,74.125.24.0-255,2902,237213,94,322344
44323,0.044162,172.31.47.0-255,66,237279,94,322344
44324,0.044264,74.125.24.0-255,2902,240181,94,322344
44325,0.044268,172.31.47.0-255,66,240247,94,322344
44326,0.046259,74.125.24.0-255,2902,243149,94,322344
44327,0.046264,172.31.47.0-255,66,243215,94,322344
44328,0.046382,74.125.24.0-255,2902,246117,94,322344
44329,0.046386,172.31.47.0-255,66,246183,94,322344
44330,0.048359,74.125.24.0-255,2902,249085,94,322344
44331,0.048364,172.31.47.0-255,66,249151,94,322344
44332,0.048495,74.125.24.0-255,2902,252053,94,322344
44333,0.048502,172.31.47.0-255,66,252119,94,322344
44334,0.050469,74.125.24.0-255,2902,255021,94,322344
44335,0.050474,172.31.47.0-255,66,255087,94,322344
44336,0.050612,74.125.24.0-255,2902,257989,94,322344
44337,0.050617,172.31.47.0-255,66,258055,94,322344
44338,0.05259,74.125.24.0-255,2902,260957,94,322344
44339,0.052595,172.31.47.0-255,66,261023,94,322344
44340,0.052729,74.125.24.0-255,1484,262507,94,322344
44341,0.052743,74.125.24.0-255,1484,263991,94,322344
44342,0.052747,172.31.47.0-255,66,264057,94,322344
44343,0.054695,74.125.24.0-255,2902,266959,94,322344
44344,0.0547,172.31.47.0-255,66,267025,94,322344
44345,0.054839,74.125.24.0-255,2902,269927,94,322344
44346,0.054844,172.31.47.0-255,66,269993,94,322344
44347,0.056769,74.125.24.0-255,2902,272895,94,322344
44348,0.056775,172.31.47.0-255,66,272961,94,322344
44349,0.056899,74.125.24.0-255,2902,275863,94,322344
44350,0.056904,172.31.47.0-255,66,275929,94,322344
44351,0.058896,74.125.24.0-255,2902,278831,94,322344
44352,0.058902,172.31.47.0-255,66,278897,94,322344
44353,0.05896,74.125.24.0-255,2902,281799,94,322344
44354,0.058978,172.31.47.0-255,66,281865,94,322344
44355,0.060988,74.125.24.0-255,2902,284767,94,322344
44356,0.060992,172.31.47.0-255,66,284833,94,322344
44357,0.061048,74.125.24.0-255,2902,287735,94,322344
44358,0.061071,172.31.47.0-255,66,287801,94,322344
44359,0.063082,74.125.24.0-255,2902,290703,94,322344
44360,0.063087,172.31.47.0-255,66,290769,94,322344
44361,0.063156,74.125.24.0-255,2902,293671,94,322344
44362,0.063162,172.31.47.0-255,66,293737,94,322344
44363,0.065148,74.125.24.0-255,2902,296639,94,322344
44364,0.065152,172.31.47.0-255,66,296705,94,322344
44365,0.065253,74.125.24.0-255,2902,299607,94,322344
44366,0.065257,172.31.47.0-255,66,299673,94,322344
44367,0.067255,74.125.24.0-255,2902,302575,94,322344
44368,0.067259,172.31.47.0-255,66,302641,94,322344
44369,0.0673,74.125.24.0-255,1484,304125,94,322344
44370,0.067313,74.125.24.0-255,1484,305609,94,322344
44371,0.067324,172.31.47.0-255,66,305675,94,322344
44372,0.069334,74.125.24.0-255,2902,308577,94,322344
44373,0.069338,172.31.47.0-255,66,308643,94,322344
44374,0.069392,74.125.24.0-255,2902,311545,94,322344
44375,0.069402,172.31.47.0-255,66,311611,94,322344
44376,0.071397,74.125.24.0-255,1484,313095,94,322344
44377,0.07142,74.125.24.0-255,1484,314579,94,322344
44378,0.071424,172.31.47.0-255,66,314645,94,322344
44379,0.071527,74.125.24.0-255,2902,317547,94,322344
44380,0.071531,172.31.47.0-255,66,317613,94,322344
44381,0.073514,74.125.24.0-255,2902,320515,94,322344
44382,0.073518,172.31.47.0-255,66,320581,94,322344
44383,0.073622,74.125.24.0-255,1526,322107,94,322344
44384,0.073625,172.31.47.0-255,66,322173,94,322344
44385,0.073876,172.31.47.0-255,105,322278,94,322344
44386,0.07591,74.125.24.0-255,66,322344,94,322344
44387,0.0,74.125.24.0-255,152,152,94,192763
44388,1.4e-05,172.31.47.0-255,66,218,94,192763
44389,2e-05,74.125.24.0-255,1484,1702,94,192763
44390,2.4e-05,172.31.47.0-255,66,1768,94,192763
44391,4.2e-05,74.125.24.0-255,2902,4670,94,192763
44392,4.4e-05,172.31.47.0-255,66,4736,94,192763
44393,4.7e-05,74.125.24.0-255,1484,6220,94,192763
44394,4.9e-05,172.31.47.0-255,66,6286,94,192763
44395,7.3e-05,74.125.24.0-255,5738,12024,94,192763
44396,7.6e-05,172.31.47.0-255,66,12090,94,192763
44397,7.8e-05,74.125.24.0-255,1484,13574,94,192763
44398,8e-05,172.31.47.0-255,66,13640,94,192763
44399,9.5e-05,74.125.24.0-255,2092,15732,94,192763
44400,9.7e-05,172.31.47.0-255,66,15798,94,192763
44401,0.000102,74.125.24.0-255,2902,18700,94,192763
44402,0.000104,172.31.47.0-255,66,18766,94,192763
44403,0.000125,74.125.24.0-255,1484,20250,94,192763
44404,0.000127,172.31.47.0-255,66,20316,94,192763
44405,0.000138,172.31.47.0-255,66,20382,94,192763
44406,0.000183,74.125.24.0-255,7156,27538,94,192763
44407,0.000186,172.31.47.0-255,66,27604,94,192763
44408,0.000214,172.31.47.0-255,66,27670,94,192763
44409,0.000239,74.125.24.0-255,766,28436,94,192763
44410,0.000241,172.31.47.0-255,66,28502,94,192763
44411,0.003958,74.125.24.0-255,1484,29986,94,192763
44412,0.003965,172.31.47.0-255,66,30052,94,192763
44413,0.003974,74.125.24.0-255,2902,32954,94,192763
44414,0.003977,172.31.47.0-255,66,33020,94,192763
44415,0.00398,74.125.24.0-255,1484,34504,94,192763
44416,0.003982,172.31.47.0-255,66,34570,94,192763
44417,0.006568,74.125.24.0-255,1484,36054,94,192763
44418,0.006608,74.125.24.0-255,2902,38956,94,192763
44419,0.006612,172.31.47.0-255,66,39022,94,192763
44420,0.006629,74.125.24.0-255,1484,40506,94,192763
44421,0.009239,74.125.24.0-255,4320,44826,94,192763
44422,0.012592,172.31.47.0-255,66,44892,94,192763
44423,0.015236,74.125.24.0-255,5738,50630,94,192763
44424,0.015244,172.31.47.0-255,66,50696,94,192763
44425,0.015845,172.31.47.0-255,171,50867,94,192763
44426,0.015875,172.31.47.0-255,1141,52008,94,192763
44427,0.015925,172.31.47.0-255,1514,53522,94,192763
44428,0.015926,172.31.47.0-255,1263,54785,94,192763
44429,0.017419,104.244.42.0-255,66,54851,94,192763
44430,0.017431,104.244.42.0-255,66,54917,94,192763
44431,0.01746,104.244.42.0-255,66,54983,94,192763
44432,0.017844,74.125.24.0-255,4320,59303,94,192763
44433,0.017853,172.31.47.0-255,66,59369,94,192763
44434,0.017871,74.125.24.0-255,1484,60853,94,192763
44435,0.020473,74.125.24.0-255,4320,65173,94,192763
44436,0.020479,172.31.47.0-255,66,65239,94,192763
44437,0.023076,74.125.24.0-255,5738,70977,94,192763
44438,0.023122,172.31.47.0-255,66,71043,94,192763
44439,0.02572,74.125.24.0-255,5738,76781,94,192763
44440,0.025725,172.31.47.0-255,66,76847,94,192763
44441,0.028323,74.125.24.0-255,5738,82585,94,192763
44442,0.028328,172.31.47.0-255,66,82651,94,192763
44443,0.030928,74.125.24.0-255,5738,88389,94,192763
44444,0.030934,172.31.47.0-255,66,88455,94,192763
44445,0.033575,74.125.24.0-255,5738,94193,94,192763
44446,0.033583,172.31.47.0-255,66,94259,94,192763
44447,0.036223,74.125.24.0-255,5738,99997,94,192763
44448,0.036227,172.31.47.0-255,66,100063,94,192763
44449,0.038852,74.125.24.0-255,4320,104383,94,192763
44450,0.038857,172.31.47.0-255,66,104449,94,192763
44451,0.038882,74.125.24.0-255,1484,105933,94,192763
44452,0.041463,74.125.24.0-255,4320,110253,94,192763
44453,0.041468,172.31.47.0-255,66,110319,94,192763
44454,0.044104,74.125.24.0-255,5738,116057,94,192763
44455,0.044151,172.31.47.0-255,66,116123,94,192763
44456,0.046761,74.125.24.0-255,2902,119025,94,192763
44457,0.046768,172.31.47.0-255,66,119091,94,192763
44458,0.046796,74.125.24.0-255,2902,121993,94,192763
44459,0.046824,172.31.47.0-255,66,122059,94,192763
44460,0.049378,74.125.24.0-255,2902,124961,94,192763
44461,0.049382,172.31.47.0-255,66,125027,94,192763
44462,0.049438,74.125.24.0-255,1484,126511,94,192763
44463,0.04945,74.125.24.0-255,1484,127995,94,192763
44464,0.049461,172.31.47.0-255,66,128061,94,192763
44465,0.052028,74.125.24.0-255,2902,130963,94,192763
44466,0.052034,172.31.47.0-255,66,131029,94,192763
44467,0.052079,74.125.24.0-255,2902,133931,94,192763
44468,0.052105,172.31.47.0-255,66,133997,94,192763
44469,0.054656,74.125.24.0-255,2902,136899,94,192763
44470,0.054662,172.31.47.0-255,66,136965,94,192763
44471,0.054721,74.125.24.0-255,2902,139867,94,192763
44472,0.05473,172.31.47.0-255,66,139933,94,192763
44473,0.057273,74.125.24.0-255,2902,142835,94,192763
44474,0.057277,172.31.47.0-255,66,142901,94,192763
44475,0.057336,74.125.24.0-255,2902,145803,94,192763
44476,0.057344,172.31.47.0-255,66,145869,94,192763
44477,0.059899,74.125.24.0-255,2902,148771,94,192763
44478,0.059905,172.31.47.0-255,66,148837,94,192763
44479,0.059958,74.125.24.0-255,2902,151739,94,192763
44480,0.059971,172.31.47.0-255,66,151805,94,192763
44481,0.062532,74.125.24.0-255,2902,154707,94,192763
44482,0.062538,172.31.47.0-255,66,154773,94,192763
44483,0.062572,74.125.24.0-255,2902,157675,94,192763
44484,0.062599,172.31.47.0-255,66,157741,94,192763
44485,0.065148,74.125.24.0-255,2902,160643,94,192763
44486,0.065153,172.31.47.0-255,66,160709,94,192763
44487,0.06518,74.125.24.0-255,2902,163611,94,192763
44488,0.065202,172.31.47.0-255,66,163677,94,192763
44489,0.067767,74.125.24.0-255,1484,165161,94,192763
44490,0.0678,74.125.24.0-255,4320,169481,94,192763
44491,0.067811,172.31.47.0-255,66,169547,94,192763
44492,0.070464,74.125.24.0-255,5738,175285,94,192763
44493,0.07047,172.31.47.0-255,66,175351,94,192763
44494,0.073085,74.125.24.0-255,5738,181089,94,192763
44495,0.073093,172.31.47.0-255,66,181155,94,192763
44496,0.075704,74.125.24.0-255,5738,186893,94,192763
44497,0.075709,172.31.47.0-255,66,186959,94,192763
44498,0.07833,74.125.24.0-255,5738,192697,94,192763
44499,0.078336,172.31.47.0-255,66,192763,94,192763
44500,0.0,172.31.47.0-255,105,105,94,276
44501,0.072081,31.13.82.0-255,105,210,94,276
44502,0.072095,172.31.47.0-255,66,276,94,276
44503,0.0,172.31.47.0-255,105,105,94,276
44504,0.07416,31.13.82.0-255,105,210,94,276
44505,0.07417,172.31.47.0-255,66,276,94,276
44506,0.0,74.125.200.0-255,153,153,94,359343
44507,2.4e-05,172.31.47.0-255,66,219,94,359343
44508,3e-05,74.125.200.0-255,1484,1703,94,359343
44509,3.4e-05,172.31.47.0-255,66,1769,94,359343
44510,3.6e-05,74.125.200.0-255,1484,3253,94,359343
44511,3.8e-05,172.31.47.0-255,66,3319,94,359343
44512,5e-05,74.125.200.0-255,2902,6221,94,359343
44513,5.3e-05,172.31.47.0-255,66,6287,94,359343
44514,6e-05,74.125.200.0-255,5738,12025,94,359343
44515,6.2e-05,172.31.47.0-255,66,12091,94,359343
44516,0.000101,172.31.47.0-255,66,12157,94,359343
44517,0.00011,172.31.47.0-255,66,12223,94,359343
44518,0.000135,74.125.200.0-255,2543,14766,94,359343
44519,0.000137,172.31.47.0-255,66,14832,94,359343
44520,0.00019,74.125.200.0-255,1484,16316,94,359343
44521,0.000192,172.31.47.0-255,66,16382,94,359343
44522,0.000196,74.125.200.0-255,1484,17866,94,359343
44523,0.000197,172.31.47.0-255,66,17932,94,359343
44524,0.00022,74.125.200.0-255,1484,19416,94,359343
44525,0.000223,172.31.47.0-255,66,19482,94,359343
44526,0.000237,74.125.200.0-255,5738,25220,94,359343
44527,0.000239,172.31.47.0-255,66,25286,94,359343
44528,0.000243,74.125.200.0-255,4320,29606,94,359343
44529,0.000245,172.31.47.0-255,66,29672,94,359343
44530,0.000248,74.125.200.0-255,1484,31156,94,359343
44531,0.000249,172.31.47.0-255,66,31222,94,359343
44532,0.000287,172.31.47.0-255,66,31288,94,359343
44533,0.000292,74.125.200.0-255,4320,35608,94,359343
44534,0.000294,172.31.47.0-255,66,35674,94,359343
44535,0.000339,74.125.200.0-255,3959,39633,94,359343
44536,0.000343,172.31.47.0-255,66,39699,94,359343
44537,0.000446,74.125.200.0-255,1484,41183,94,359343
44538,0.000471,74.125.200.0-255,1484,42667,94,359343
44539,0.000474,172.31.47.0-255,66,42733,94,359343
44540,0.000502,74.125.200.0-255,2902,45635,94,359343
44541,0.000504,172.31.47.0-255,66,45701,94,359343
44542,0.000528,74.125.200.0-255,1484,47185,94,359343
44543,0.00054,74.125.200.0-255,2902,50087,94,359343
44544,0.000544,172.31.47.0-255,66,50153,94,359343
44545,0.000569,74.125.200.0-255,5738,55891,94,359343
44546,0.000572,172.31.47.0-255,66,55957,94,359343
44547,0.000592,74.125.200.0-255,7156,63113,94,359343
44548,0.000595,172.31.47.0-255,66,63179,94,359343
44549,0.000608,74.125.200.0-255,2902,66081,94,359343
44550,0.00061,172.31.47.0-255,66,66147,94,359343
44551,0.000632,74.125.200.0-255,5738,71885,94,359343
44552,0.000635,172.31.47.0-255,66,71951,94,359343
44553,0.000658,74.125.200.0-255,1484,73435,94,359343
44554,0.000661,74.125.200.0-255,766,74201,94,359343
44555,0.000663,172.31.47.0-255,66,74267,94,359343
44556,0.000923,74.125.200.0-255,1484,75751,94,359343
44557,0.000935,74.125.200.0-255,1484,77235,94,359343
44558,0.000938,172.31.47.0-255,66,77301,94,359343
44559,0.000962,74.125.200.0-255,1484,78785,94,359343
44560,0.001,74.125.200.0-255,2902,81687,94,359343
44561,0.001004,172.31.47.0-255,66,81753,94,359343
44562,0.001023,74.125.200.0-255,4320,86073,94,359343
44563,0.001025,172.31.47.0-255,66,86139,94,359343
44564,0.001056,74.125.200.0-255,7156,93295,94,359343
44565,0.001059,172.31.47.0-255,66,93361,94,359343
44566,0.001115,74.125.200.0-255,5738,99099,94,359343
44567,0.001119,172.31.47.0-255,66,99165,94,359343
44568,0.001147,74.125.200.0-255,1484,100649,94,359343
44569,0.001158,172.31.47.0-255,66,100715,94,359343
44570,0.001584,74.125.200.0-255,1484,102199,94,359343
44571,0.001607,74.125.200.0-255,2902,105101,94,359343
44572,0.001611,172.31.47.0-255,66,105167,94,359343
44573,0.001639,74.125.200.0-255,5738,110905,94,359343
44574,0.001642,172.31.47.0-255,66,110971,94,359343
44575,0.001701,74.125.200.0-255,2902,113873,94,359343
44576,0.001704,172.31.47.0-255,66,113939,94,359343
44577,0.001741,74.125.200.0-255,4320,118259,94,359343
44578,0.001744,172.31.47.0-255,66,118325,94,359343
44579,0.001755,172.31.47.0-255,66,118391,94,359343
44580,0.001763,74.125.200.0-255,1484,119875,94,359343
44581,0.0018,74.125.200.0-255,5738,125613,94,359343
44582,0.001803,172.31.47.0-255,66,125679,94,359343
44583,0.00183,74.125.200.0-255,766,126445,94,359343
44584,0.002232,74.125.200.0-255,1484,127929,94,359343
44585,0.002236,172.31.47.0-255,66,127995,94,359343
44586,0.002254,74.125.200.0-255,2902,130897,94,359343
44587,0.002256,172.31.47.0-255,66,130963,94,359343
44588,0.002295,74.125.200.0-255,2902,133865,94,359343
44589,0.002297,172.31.47.0-255,66,133931,94,359343
44590,0.002307,74.125.200.0-255,1484,135415,94,359343
44591,0.002309,74.125.200.0-255,1484,136899,94,359343
44592,0.002314,172.31.47.0-255,66,136965,94,359343
44593,0.002317,74.125.200.0-255,1484,138449,94,359343
44594,0.002333,74.125.200.0-255,1484,139933,94,359343
44595,0.002335,172.31.47.0-255,66,139999,94,359343
44596,0.002345,74.125.200.0-255,1484,141483,94,359343
44597,0.00236,74.125.200.0-255,4320,145803,94,359343
44598,0.002362,172.31.47.0-255,66,145869,94,359343
44599,0.002364,74.125.200.0-255,1484,147353,94,359343
44600,0.002391,74.125.200.0-255,2902,150255,94,359343
44601,0.002393,172.31.47.0-255,66,150321,94,359343
44602,0.00241,74.125.200.0-255,5738,156059,94,359343
44603,0.002412,172.31.47.0-255,66,156125,94,359343
44604,0.002414,74.125.200.0-255,1484,157609,94,359343
44605,0.002418,74.125.200.0-255,2902,160511,94,359343
44606,0.002419,172.31.47.0-255,66,160577,94,359343
44607,0.002464,74.125.200.0-255,2184,162761,94,359343
44608,0.002467,172.31.47.0-255,66,162827,94,359343
44609,0.002469,74.125.200.0-255,1484,164311,94,359343
44610,0.00249,74.125.200.0-255,1484,165795,94,359343
44611,0.002491,172.31.47.0-255,66,165861,94,359343
44612,0.002496,74.125.200.0-255,4320,170181,94,359343
44613,0.002498,172.31.47.0-255,66,170247,94,359343
44614,0.00252,74.125.200.0-255,2902,173149,94,359343
44615,0.002522,172.31.47.0-255,66,173215,94,359343
44616,0.002531,172.31.47.0-255,66,173281,94,359343
44617,0.002533,74.125.200.0-255,1484,174765,94,359343
44618,0.002562,172.31.47.0-255,66,174831,94,359343
44619,0.002565,74.125.200.0-255,2184,177015,94,359343
44620,0.002567,172.31.47.0-255,66,177081,94,359343
44621,0.002569,74.125.200.0-255,1484,178565,94,359343
44622,0.002583,74.125.200.0-255,1484,180049,94,359343
44623,0.002585,172.31.47.0-255,66,180115,94,359343
44624,0.00259,74.125.200.0-255,4320,184435,94,359343
44625,0.002592,172.31.47.0-255,66,184501,94,359343
44626,0.002608,74.125.200.0-255,2902,187403,94,359343
44627,0.00261,172.31.47.0-255,66,187469,94,359343
44628,0.002622,74.125.200.0-255,4320,191789,94,359343
44629,0.002624,172.31.47.0-255,66,191855,94,359343
44630,0.002641,74.125.200.0-255,4320,196175,94,359343
44631,0.002643,172.31.47.0-255,66,196241,94,359343
44632,0.002652,74.125.200.0-255,5738,201979,94,359343
44633,0.002654,172.31.47.0-255,66,202045,94,359343
44634,0.005266,74.125.200.0-255,5738,207783,94,359343
44635,0.005278,172.31.47.0-255,66,207849,94,359343
44636,0.007923,74.125.200.0-255,5738,213587,94,359343
44637,0.007933,172.31.47.0-255,66,213653,94,359343
44638,0.010545,74.125.200.0-255,5738,219391,94,359343
44639,0.010549,172.31.47.0-255,66,219457,94,359343
44640,0.013183,74.125.200.0-255,5738,225195,94,359343
44641,0.0132,172.31.47.0-255,66,225261,94,359343
44642,0.015816,74.125.200.0-255,5738,230999,94,359343
44643,0.015823,172.31.47.0-255,66,231065,94,359343
44644,0.018457,74.125.200.0-255,5738,236803,94,359343
44645,0.018468,172.31.47.0-255,66,236869,94,359343
44646,0.021103,74.125.200.0-255,5738,242607,94,359343
44647,0.02111,172.31.47.0-255,66,242673,94,359343
44648,0.023834,74.125.200.0-255,5738,248411,94,359343
44649,0.023853,172.31.47.0-255,66,248477,94,359343
44650,0.026465,74.125.200.0-255,5738,254215,94,359343
44651,0.026471,172.31.47.0-255,66,254281,94,359343
44652,0.029085,74.125.200.0-255,5738,260019,94,359343
44653,0.029092,172.31.47.0-255,66,260085,94,359343
44654,0.031733,74.125.200.0-255,5738,265823,94,359343
44655,0.031741,172.31.47.0-255,66,265889,94,359343
44656,0.034382,74.125.200.0-255,5738,271627,94,359343
44657,0.034398,172.31.47.0-255,66,271693,94,359343
44658,0.037025,74.125.200.0-255,5738,277431,94,359343
44659,0.037032,172.31.47.0-255,66,277497,94,359343
44660,0.039661,74.125.200.0-255,5738,283235,94,359343
44661,0.039679,172.31.47.0-255,66,283301,94,359343
44662,0.040166,172.31.47.0-255,172,283473,94,359343
44663,0.040194,172.31.47.0-255,1108,284581,94,359343
44664,0.040228,172.31.47.0-255,1514,286095,94,359343
44665,0.04023,172.31.47.0-255,1296,287391,94,359343
44666,0.041685,104.244.42.0-255,66,287457,94,359343
44667,0.041864,104.244.42.0-255,66,287523,94,359343
44668,0.041867,104.244.42.0-255,66,287589,94,359343
44669,0.042297,74.125.200.0-255,5738,293327,94,359343
44670,0.042302,172.31.47.0-255,66,293393,94,359343
44671,0.042475,104.244.42.0-255,108,293501,94,359343
44672,0.042479,172.31.47.0-255,66,293567,94,359343
44673,0.044954,74.125.200.0-255,5738,299305,94,359343
44674,0.04497,172.31.47.0-255,66,299371,94,359343
44675,0.047617,74.125.200.0-255,5738,305109,94,359343
44676,0.047638,172.31.47.0-255,66,305175,94,359343
44677,0.050278,74.125.200.0-255,5738,310913,94,359343
44678,0.050296,172.31.47.0-255,66,310979,94,359343
44679,0.052921,74.125.200.0-255,5738,316717,94,359343
44680,0.052932,172.31.47.0-255,66,316783,94,359343
44681,0.05555,74.125.200.0-255,5738,322521,94,359343
44682,0.055556,172.31.47.0-255,66,322587,94,359343
44683,0.058187,74.125.200.0-255,5738,328325,94,359343
44684,0.058196,172.31.47.0-255,66,328391,94,359343
44685,0.060795,74.125.200.0-255,2902,331293,94,359343
44686,0.0608,172.31.47.0-255,66,331359,94,359343
44687,0.060833,74.125.200.0-255,2902,334261,94,359343
44688,0.060836,172.31.47.0-255,66,334327,94,359343
44689,0.06344,74.125.200.0-255,2902,337229,94,359343
44690,0.063445,172.31.47.0-255,66,337295,94,359343
44691,0.063483,74.125.200.0-255,2902,340197,94,359343
44692,0.063487,172.31.47.0-255,66,340263,94,359343
44693,0.066061,74.125.200.0-255,2902,343165,94,359343
44694,0.066066,172.31.47.0-255,66,343231,94,359343
44695,0.066101,74.125.200.0-255,2902,346133,94,359343
44696,0.066104,172.31.47.0-255,66,346199,94,359343
44697,0.068678,74.125.200.0-255,2902,349101,94,359343
44698,0.068684,172.31.47.0-255,66,349167,94,359343
44699,0.068757,74.125.200.0-255,2902,352069,94,359343
44700,0.068762,172.31.47.0-255,66,352135,94,359343
44701,0.071296,74.125.200.0-255,2902,355037,94,359343
44702,0.071303,172.31.47.0-255,66,355103,94,359343
44703,0.071377,74.125.200.0-255,2902,358005,94,359343
44704,0.071381,172.31.47.0-255,66,358071,94,359343
44705,0.073891,74.125.200.0-255,1035,359106,94,359343
44706,0.074158,172.31.47.0-255,66,359172,94,359343
44707,0.074183,172.31.47.0-255,105,359277,94,359343
44708,0.076762,74.125.200.0-255,66,359343,94,359343
44709,0.0,172.217.194.0-255,153,153,94,276557
44710,1e-05,172.31.47.0-255,66,219,94,276557
44711,3.9e-05,172.217.194.0-255,1484,1703,94,276557
44712,4.3e-05,172.31.47.0-255,66,1769,94,276557
44713,4.7e-05,172.217.194.0-255,2902,4671,94,276557
44714,4.9e-05,172.31.47.0-255,66,4737,94,276557
44715,8.5e-05,172.217.194.0-255,7156,11893,94,276557
44716,8.8e-05,172.31.47.0-255,66,11959,94,276557
44717,9.2e-05,172.217.194.0-255,2148,14107,94,276557
44718,9.4e-05,172.31.47.0-255,66,14173,94,276557
44719,0.000261,172.217.194.0-255,1484,15657,94,276557
44720,0.000266,172.31.47.0-255,66,15723,94,276557
44721,0.000271,172.217.194.0-255,2902,18625,94,276557
44722,0.000274,172.31.47.0-255,66,18691,94,276557
44723,0.000277,172.217.194.0-255,2902,21593,94,276557
44724,0.000278,172.31.47.0-255,66,21659,94,276557
44725,0.00031,172.217.194.0-255,2902,24561,94,276557
44726,0.000312,172.31.47.0-255,66,24627,94,276557
44727,0.000318,172.217.194.0-255,5738,30365,94,276557
44728,0.000321,172.217.194.0-255,1484,31849,94,276557
44729,0.000325,172.31.47.0-255,66,31915,94,276557
44730,0.000331,172.31.47.0-255,66,31981,94,276557
44731,0.000341,172.31.47.0-255,66,32047,94,276557
44732,0.000367,172.217.194.0-255,3961,36008,94,276557
44733,0.000369,172.31.47.0-255,66,36074,94,276557
44734,0.000373,172.217.194.0-255,3961,40035,94,276557
44735,0.000374,172.31.47.0-255,66,40101,94,276557
44736,0.000523,172.217.194.0-255,1484,41585,94,276557
44737,0.000528,172.31.47.0-255,66,41651,94,276557
44738,0.000533,172.217.194.0-255,2902,44553,94,276557
44739,0.000534,172.31.47.0-255,66,44619,94,276557
44740,0.000539,172.217.194.0-255,4320,48939,94,276557
44741,0.000565,172.217.194.0-255,1484,50423,94,276557
44742,0.000572,172.217.194.0-255,6797,57220,94,276557
44743,0.000597,172.31.47.0-255,66,57286,94,276557
44744,0.001044,172.217.194.0-255,1484,58770,94,276557
44745,0.00105,172.217.194.0-255,2902,61672,94,276557
44746,0.001053,172.217.194.0-255,1484,63156,94,276557
44747,0.00107,172.217.194.0-255,4320,67476,94,276557
44748,0.001089,172.217.194.0-255,2902,70378,94,276557
44749,0.001135,172.217.194.0-255,4320,74698,94,276557
44750,0.001168,172.217.194.0-255,2902,77600,94,276557
44751,0.001249,172.217.194.0-255,1484,79084,94,276557
44752,0.001258,172.217.194.0-255,2902,81986,94,276557
44753,0.001285,172.217.194.0-255,5738,87724,94,276557
44754,0.001296,172.217.194.0-255,2902,90626,94,276557
44755,0.001313,172.217.194.0-255,5738,96364,94,276557
44756,0.001324,172.217.194.0-255,4320,100684,94,276557
44757,0.001334,172.217.194.0-255,2902,103586,94,276557
44758,0.001613,172.217.194.0-255,1484,105070,94,276557
44759,0.001628,172.217.194.0-255,2902,107972,94,276557
44760,0.001643,172.217.194.0-255,5738,113710,94,276557
44761,0.001657,172.217.194.0-255,1484,115194,94,276557
44762,0.001671,172.217.194.0-255,4320,119514,94,276557
44763,0.00169,172.217.194.0-255,7156,126670,94,276557
44764,0.002065,172.217.194.0-255,1484,128154,94,276557
44765,0.002076,172.217.194.0-255,1484,129638,94,276557
44766,0.002089,172.217.194.0-255,1484,131122,94,276557
44767,0.002095,172.217.194.0-255,5738,136860,94,276557
44768,0.002122,172.217.194.0-255,2902,139762,94,276557
44769,0.002137,172.217.194.0-255,4320,144082,94,276557
44770,0.002154,172.217.194.0-255,5738,149820,94,276557
44771,0.002159,172.217.194.0-255,5738,155558,94,276557
44772,0.002172,172.217.194.0-255,2902,158460,94,276557
44773,0.002193,172.217.194.0-255,2184,160644,94,276557
44774,0.002373,172.217.194.0-255,1484,162128,94,276557
44775,0.002393,172.217.194.0-255,1484,163612,94,276557
44776,0.002395,172.217.194.0-255,1484,165096,94,276557
44777,0.00241,172.217.194.0-255,1484,166580,94,276557
44778,0.002422,172.217.194.0-255,4320,170900,94,276557
44779,0.002431,172.217.194.0-255,1484,172384,94,276557
44780,0.002434,172.217.194.0-255,2902,175286,94,276557
44781,0.002455,172.217.194.0-255,7156,182442,94,276557
44782,0.002457,172.217.194.0-255,1484,183926,94,276557
44783,0.002473,172.217.194.0-255,2902,186828,94,276557
44784,0.002477,172.217.194.0-255,2902,189730,94,276557
44785,0.002503,172.217.194.0-255,5020,194750,94,276557
44786,0.002528,172.217.194.0-255,1484,196234,94,276557
44787,0.002546,172.217.194.0-255,2902,199136,94,276557
44788,0.002568,172.217.194.0-255,2902,202038,94,276557
44789,0.00258,172.217.194.0-255,4320,206358,94,276557
44790,0.002592,172.217.194.0-255,4320,210678,94,276557
44791,0.003007,172.217.194.0-255,1484,212162,94,276557
44792,0.003014,172.217.194.0-255,2902,215064,94,276557
44793,0.003018,172.31.47.0-255,66,215130,94,276557
44794,0.003026,172.31.47.0-255,66,215196,94,276557
44795,0.003051,172.217.194.0-255,5738,220934,94,276557
44796,0.003063,172.31.47.0-255,66,221000,94,276557
44797,0.003111,172.217.194.0-255,5738,226738,94,276557
44798,0.003112,172.31.47.0-255,66,226804,94,276557
44799,0.003117,172.31.47.0-255,66,226870,94,276557
44800,0.003135,172.217.194.0-255,5020,231890,94,276557
44801,0.003153,172.31.47.0-255,66,231956,94,276557
44802,0.003324,172.217.194.0-255,1484,233440,94,276557
44803,0.00333,172.217.194.0-255,2902,236342,94,276557
44804,0.003335,172.31.47.0-255,66,236408,94,276557
44805,0.003355,172.217.194.0-255,5738,242146,94,276557
44806,0.003362,172.217.194.0-255,5738,247884,94,276557
44807,0.003362,172.31.47.0-255,66,247950,94,276557
44808,0.003366,172.31.47.0-255,66,248016,94,276557
44809,0.00339,172.217.194.0-255,5738,253754,94,276557
44810,0.003403,172.31.47.0-255,66,253820,94,276557
44811,0.003418,172.217.194.0-255,7156,260976,94,276557
44812,0.003427,172.31.47.0-255,66,261042,94,276557
44813,0.003466,172.31.47.0-255,66,261108,94,276557
44814,0.003528,172.217.194.0-255,1484,262592,94,276557
44815,0.003587,172.217.194.0-255,7156,269748,94,276557
44816,0.003594,172.217.194.0-255,2004,271752,94,276557
44817,0.003623,172.217.194.0-255,105,271857,94,276557
44818,0.007621,172.31.47.0-255,66,271923,94,276557
44819,0.010169,172.31.47.0-255,105,272028,94,276557
44820,0.012237,172.217.194.0-255,66,272094,94,276557
44821,0.02832,172.31.47.0-255,172,272266,94,276557
44822,0.028347,172.31.47.0-255,1111,273377,94,276557
44823,0.028383,172.31.47.0-255,1514,274891,94,276557
44824,0.028385,172.31.47.0-255,1294,276185,94,276557
44825,0.029887,104.244.42.0-255,66,276251,94,276557
44826,0.029931,104.244.42.0-255,66,276317,94,276557
44827,0.029935,104.244.42.0-255,66,276383,94,276557
44828,0.030601,104.244.42.0-255,108,276491,94,276557
44829,0.030608,172.31.47.0-255,66,276557,94,276557
44830,0.0,74.125.24.0-255,153,153,94,225091
44831,2.9e-05,172.31.47.0-255,66,219,94,225091
44832,3.5e-05,74.125.24.0-255,1484,1703,94,225091
44833,3.9e-05,172.31.47.0-255,66,1769,94,225091
44834,5e-05,74.125.24.0-255,2902,4671,94,225091
44835,5.3e-05,172.31.47.0-255,66,4737,94,225091
44836,7.6e-05,74.125.24.0-255,4320,9057,94,225091
44837,7.9e-05,172.31.47.0-255,66,9123,94,225091
44838,0.000105,74.125.24.0-255,2902,12025,94,225091
44839,0.000107,172.31.47.0-255,66,12091,94,225091
44840,0.000111,74.125.24.0-255,2047,14138,94,225091
44841,0.000113,172.31.47.0-255,66,14204,94,225091
44842,0.00012,74.125.24.0-255,7156,21360,94,225091
44843,0.000128,172.31.47.0-255,66,21426,94,225091
44844,0.000157,74.125.24.0-255,4320,25746,94,225091
44845,0.000162,172.31.47.0-255,66,25812,94,225091
44846,0.000166,74.125.24.0-255,4320,30132,94,225091
44847,0.00017,172.31.47.0-255,66,30198,94,225091
44848,0.000178,74.125.24.0-255,1125,31323,94,225091
44849,0.000181,172.31.47.0-255,66,31389,94,225091
44850,0.000246,74.125.24.0-255,1484,32873,94,225091
44851,0.000249,172.31.47.0-255,66,32939,94,225091
44852,0.000254,74.125.24.0-255,2902,35841,94,225091
44853,0.000256,172.31.47.0-255,66,35907,94,225091
44854,0.000287,74.125.24.0-255,5738,41645,94,225091
44855,0.00029,172.31.47.0-255,66,41711,94,225091
44856,0.000296,74.125.24.0-255,5738,47449,94,225091
44857,0.000298,172.31.47.0-255,66,47515,94,225091
44858,0.000337,172.31.47.0-255,66,47581,94,225091
44859,0.000353,74.125.24.0-255,1125,48706,94,225091
44860,0.000355,172.31.47.0-255,66,48772,94,225091
44861,0.000361,74.125.24.0-255,4269,53041,94,225091
44862,0.000363,172.31.47.0-255,66,53107,94,225091
44863,0.000471,74.125.24.0-255,115,53222,94,225091
44864,0.000491,74.125.24.0-255,331,53553,94,225091
44865,0.000684,74.125.24.0-255,1484,55037,94,225091
44866,0.000688,74.125.24.0-255,2902,57939,94,225091
44867,0.000691,172.31.47.0-255,66,58005,94,225091
44868,0.000694,172.31.47.0-255,66,58071,94,225091
44869,0.000721,74.125.24.0-255,5738,63809,94,225091
44870,0.000728,172.31.47.0-255,66,63875,94,225091
44871,0.000732,74.125.24.0-255,1484,65359,94,225091
44872,0.000763,172.31.47.0-255,66,65425,94,225091
44873,0.000804,74.125.24.0-255,5738,71163,94,225091
44874,0.000807,172.31.47.0-255,66,71229,94,225091
44875,0.000834,74.125.24.0-255,5020,76249,94,225091
44876,0.000837,172.31.47.0-255,66,76315,94,225091
44877,0.00105,74.125.24.0-255,1484,77799,94,225091
44878,0.001058,74.125.24.0-255,2902,80701,94,225091
44879,0.001061,172.31.47.0-255,66,80767,94,225091
44880,0.001068,74.125.24.0-255,5738,86505,94,225091
44881,0.00107,172.31.47.0-255,66,86571,94,225091
44882,0.001108,172.31.47.0-255,66,86637,94,225091
44883,0.001114,74.125.24.0-255,5738,92375,94,225091
44884,0.001116,172.31.47.0-255,66,92441,94,225091
44885,0.001145,74.125.24.0-255,4320,96761,94,225091
44886,0.001148,172.31.47.0-255,66,96827,94,225091
44887,0.001151,74.125.24.0-255,766,97593,94,225091
44888,0.001441,172.31.47.0-255,66,97659,94,225091
44889,0.001548,74.125.24.0-255,1484,99143,94,225091
44890,0.001556,74.125.24.0-255,2902,102045,94,225091
44891,0.00156,172.31.47.0-255,66,102111,94,225091
44892,0.001567,74.125.24.0-255,5738,107849,94,225091
44893,0.001569,172.31.47.0-255,66,107915,94,225091
44894,0.001623,172.31.47.0-255,66,107981,94,225091
44895,0.001634,172.31.47.0-255,66,108047,94,225091
44896,0.001657,74.125.24.0-255,1484,109531,94,225091
44897,0.001665,74.125.24.0-255,2902,112433,94,225091
44898,0.001668,172.31.47.0-255,66,112499,94,225091
44899,0.001698,74.125.24.0-255,5738,118237,94,225091
44900,0.001702,74.125.24.0-255,4320,122557,94,225091
44901,0.001706,172.31.47.0-255,66,122623,94,225091
44902,0.001712,172.31.47.0-255,66,122689,94,225091
44903,0.001724,172.31.47.0-255,66,122755,94,225091
44904,0.001756,74.125.24.0-255,4320,127075,94,225091
44905,0.001758,172.31.47.0-255,66,127141,94,225091
44906,0.00177,74.125.24.0-255,4320,131461,94,225091
44907,0.001771,172.31.47.0-255,66,131527,94,225091
44908,0.001778,74.125.24.0-255,2184,133711,94,225091
44909,0.00178,172.31.47.0-255,66,133777,94,225091
44910,0.001784,74.125.24.0-255,2902,136679,94,225091
44911,0.001785,172.31.47.0-255,66,136745,94,225091
44912,0.001807,74.125.24.0-255,4320,141065,94,225091
44913,0.001813,172.31.47.0-255,66,141131,94,225091
44914,0.001834,74.125.24.0-255,2902,144033,94,225091
44915,0.001836,172.31.47.0-255,66,144099,94,225091
44916,0.001842,74.125.24.0-255,7156,151255,94,225091
44917,0.001844,172.31.47.0-255,66,151321,94,225091
44918,0.001847,74.125.24.0-255,2902,154223,94,225091
44919,0.001852,172.31.47.0-255,66,154289,94,225091
44920,0.001898,172.31.47.0-255,66,154355,94,225091
44921,0.001902,74.125.24.0-255,3602,157957,94,225091
44922,0.001904,172.31.47.0-255,66,158023,94,225091
44923,0.001907,74.125.24.0-255,4320,162343,94,225091
44924,0.001909,172.31.47.0-255,66,162409,94,225091
44925,0.001926,172.31.47.0-255,66,162475,94,225091
44926,0.001931,74.125.24.0-255,5738,168213,94,225091
44927,0.001933,172.31.47.0-255,66,168279,94,225091
44928,0.001965,172.31.47.0-255,66,168345,94,225091
44929,0.001968,74.125.24.0-255,766,169111,94,225091
44930,0.001987,74.125.24.0-255,1484,170595,94,225091
44931,0.001989,172.31.47.0-255,66,170661,94,225091
44932,0.001993,74.125.24.0-255,2902,173563,94,225091
44933,0.001994,172.31.47.0-255,66,173629,94,225091
44934,0.002014,74.125.24.0-255,1484,175113,94,225091
44935,0.002016,74.125.24.0-255,1484,176597,94,225091
44936,0.002018,172.31.47.0-255,66,176663,94,225091
44937,0.002037,74.125.24.0-255,7156,183819,94,225091
44938,0.00204,172.31.47.0-255,66,183885,94,225091
44939,0.002055,172.31.47.0-255,66,183951,94,225091
44940,0.002097,172.31.47.0-255,66,184017,94,225091
44941,0.002135,74.125.24.0-255,1484,185501,94,225091
44942,0.002138,74.125.24.0-255,1484,186985,94,225091
44943,0.002141,172.31.47.0-255,66,187051,94,225091
44944,0.002168,74.125.24.0-255,1484,188535,94,225091
44945,0.002174,74.125.24.0-255,5738,194273,94,225091
44946,0.002177,172.31.47.0-255,66,194339,94,225091
44947,0.002182,74.125.24.0-255,5738,200077,94,225091
44948,0.002184,172.31.47.0-255,66,200143,94,225091
44949,0.002221,172.31.47.0-255,66,200209,94,225091
44950,0.002228,74.125.24.0-255,5020,205229,94,225091
44951,0.002229,172.31.47.0-255,66,205295,94,225091
44952,0.002253,74.125.24.0-255,5738,211033,94,225091
44953,0.002256,172.31.47.0-255,66,211099,94,225091
44954,0.002291,172.31.47.0-255,66,211165,94,225091
44955,0.002294,74.125.24.0-255,1484,212649,94,225091
44956,0.002326,172.31.47.0-255,66,212715,94,225091
44957,0.002356,74.125.24.0-255,5020,217735,94,225091
44958,0.002359,172.31.47.0-255,66,217801,94,225091
44959,0.002369,172.31.47.0-255,66,217867,94,225091
44960,0.00246,74.125.24.0-255,1484,219351,94,225091
44961,0.002463,74.125.24.0-255,1110,220461,94,225091
44962,0.002465,74.125.24.0-255,105,220566,94,225091
44963,0.002479,172.31.47.0-255,66,220632,94,225091
44964,0.010225,172.31.47.0-255,105,220737,94,225091
44965,0.01257,74.125.24.0-255,66,220803,94,225091
44966,0.030114,172.31.47.0-255,172,220975,94,225091
44967,0.03016,172.31.47.0-255,1117,222092,94,225091
44968,0.030221,172.31.47.0-255,1514,223606,94,225091
44969,0.030223,172.31.47.0-255,1287,224893,94,225091
44970,0.031629,104.244.42.0-255,66,224959,94,225091
44971,0.031712,104.244.42.0-255,66,225025,94,225091
44972,0.031756,104.244.42.0-255,66,225091,94,225091
44973,0.0,74.125.130.0-255,153,153,94,380389
44974,1.5e-05,172.31.47.0-255,66,219,94,380389
44975,2.2e-05,74.125.130.0-255,1484,1703,94,380389
44976,2.6e-05,172.31.47.0-255,66,1769,94,380389
44977,3.1e-05,74.125.130.0-255,2902,4671,94,380389
44978,3.4e-05,172.31.47.0-255,66,4737,94,380389
44979,6e-05,74.125.130.0-255,4320,9057,94,380389
44980,6.3e-05,172.31.47.0-255,66,9123,94,380389
44981,7.6e-05,74.125.130.0-255,1484,10607,94,380389
44982,7.8e-05,172.31.47.0-255,66,10673,94,380389
44983,9.5e-05,74.125.130.0-255,3433,14106,94,380389
44984,9.7e-05,172.31.47.0-255,66,14172,94,380389
44985,0.000321,74.125.130.0-255,1484,15656,94,380389
44986,0.000325,172.31.47.0-255,66,15722,94,380389
44987,0.00033,74.125.130.0-255,2902,18624,94,380389
44988,0.000332,172.31.47.0-255,66,18690,94,380389
44989,0.000354,74.125.130.0-255,5738,24428,94,380389
44990,0.000357,172.31.47.0-255,66,24494,94,380389
44991,0.00036,74.125.130.0-255,1484,25978,94,380389
44992,0.000362,172.31.47.0-255,66,26044,94,380389
44993,0.000374,74.125.130.0-255,1484,27528,94,380389
44994,0.000377,172.31.47.0-255,66,27594,94,380389
44995,0.000382,74.125.130.0-255,3961,31555,94,380389
44996,0.000384,172.31.47.0-255,66,31621,94,380389
44997,0.000415,74.125.130.0-255,4320,35941,94,380389
44998,0.000418,172.31.47.0-255,66,36007,94,380389
44999,0.000436,74.125.130.0-255,4320,40327,94,380389
45000,0.000438,172.31.47.0-255,66,40393,94,380389
45001,0.000448,172.31.47.0-255,66,40459,94,380389
45002,0.000475,74.125.130.0-255,1484,41943,94,380389
45003,0.000478,172.31.47.0-255,66,42009,94,380389
45004,0.000488,172.31.47.0-255,66,42075,94,380389
45005,0.000531,74.125.130.0-255,6438,48513,94,380389
45006,0.000535,172.31.47.0-255,66,48579,94,380389
45007,0.000601,74.125.130.0-255,340,48919,94,380389
45008,0.000632,74.125.130.0-255,120,49039,94,380389
45009,0.000797,74.125.130.0-255,1484,50523,94,380389
45010,0.000803,172.31.47.0-255,66,50589,94,380389
45011,0.000816,74.125.130.0-255,1484,52073,94,380389
45012,0.000829,74.125.130.0-255,2902,54975,94,380389
45013,0.000832,172.31.47.0-255,66,55041,94,380389
45014,0.000858,74.125.130.0-255,5738,60779,94,380389
45015,0.000861,172.31.47.0-255,66,60845,94,380389
45016,0.000864,74.125.130.0-255,1484,62329,94,380389
45017,0.000881,74.125.130.0-255,2902,65231,94,380389
45018,0.000883,172.31.47.0-255,66,65297,94,380389
45019,0.000886,74.125.130.0-255,1484,66781,94,380389
45020,0.000905,74.125.130.0-255,4320,71101,94,380389
45021,0.000908,172.31.47.0-255,66,71167,94,380389
45022,0.000937,74.125.130.0-255,7156,78323,94,380389
45023,0.000939,172.31.47.0-255,66,78389,94,380389
45024,0.000978,74.125.130.0-255,5020,83409,94,380389
45025,0.000981,172.31.47.0-255,66,83475,94,380389
45026,0.00106,74.125.130.0-255,1484,84959,94,380389
45027,0.001074,74.125.130.0-255,1484,86443,94,380389
45028,0.001077,172.31.47.0-255,66,86509,94,380389
45029,0.001091,74.125.130.0-255,1484,87993,94,380389
45030,0.001108,74.125.130.0-255,4320,92313,94,380389
45031,0.00111,172.31.47.0-255,66,92379,94,380389
45032,0.00112,74.125.130.0-255,1484,93863,94,380389
45033,0.001122,74.125.130.0-255,1484,95347,94,380389
45034,0.001124,172.31.47.0-255,66,95413,94,380389
45035,0.001142,74.125.130.0-255,4320,99733,94,380389
45036,0.001144,172.31.47.0-255,66,99799,94,380389
45037,0.001166,74.125.130.0-255,4320,104119,94,380389
45038,0.001169,172.31.47.0-255,66,104185,94,380389
45039,0.00119,74.125.130.0-255,2902,107087,94,380389
45040,0.001192,172.31.47.0-255,66,107153,94,380389
45041,0.001197,74.125.130.0-255,4320,111473,94,380389
45042,0.001199,172.31.47.0-255,66,111539,94,380389
45043,0.001221,74.125.130.0-255,2902,114441,94,380389
45044,0.001223,172.31.47.0-255,66,114507,94,380389
45045,0.00124,74.125.130.0-255,1484,115991,94,380389
45046,0.001276,74.125.130.0-255,1484,117475,94,380389
45047,0.001279,172.31.47.0-255,66,117541,94,380389
45048,0.001295,74.125.130.0-255,3602,121143,94,380389
45049,0.001299,74.125.130.0-255,4320,125463,94,380389
45050,0.001303,74.125.130.0-255,5738,131201,94,380389
45051,0.001306,172.31.47.0-255,66,131267,94,380389
45052,0.001309,172.31.47.0-255,66,131333,94,380389
45053,0.001312,172.31.47.0-255,66,131399,94,380389
45054,0.00134,172.31.47.0-255,66,131465,94,380389
45055,0.001344,74.125.130.0-255,2902,134367,94,380389
45056,0.001346,172.31.47.0-255,66,134433,94,380389
45057,0.001386,74.125.130.0-255,2902,137335,94,380389
45058,0.00139,172.31.47.0-255,66,137401,94,380389
45059,0.001411,74.125.130.0-255,3602,141003,94,380389
45060,0.001413,172.31.47.0-255,66,141069,94,380389
45061,0.001422,74.125.130.0-255,381,141450,94,380389
45062,0.001639,74.125.130.0-255,1484,142934,94,380389
45063,0.001642,172.31.47.0-255,66,143000,94,380389
45064,0.001655,74.125.130.0-255,2902,145902,94,380389
45065,0.001657,172.31.47.0-255,66,145968,94,380389
45066,0.001684,74.125.130.0-255,1484,147452,94,380389
45067,0.001698,74.125.130.0-255,4320,151772,94,380389
45068,0.0017,172.31.47.0-255,66,151838,94,380389
45069,0.001715,74.125.130.0-255,1484,153322,94,380389
45070,0.001731,74.125.130.0-255,5738,159060,94,380389
45071,0.001733,172.31.47.0-255,66,159126,94,380389
45072,0.001737,74.125.130.0-255,2902,162028,94,380389
45073,0.001739,172.31.47.0-255,66,162094,94,380389
45074,0.001775,74.125.130.0-255,4320,166414,94,380389
45075,0.001778,172.31.47.0-255,66,166480,94,380389
45076,0.001793,74.125.130.0-255,4320,170800,94,380389
45077,0.001795,172.31.47.0-255,66,170866,94,380389
45078,0.001816,74.125.130.0-255,2902,173768,94,380389
45079,0.001818,172.31.47.0-255,66,173834,94,380389
45080,0.001839,74.125.130.0-255,2184,176018,94,380389
45081,0.001842,172.31.47.0-255,66,176084,94,380389
45082,0.001871,74.125.130.0-255,1484,177568,94,380389
45083,0.001888,74.125.130.0-255,2902,180470,94,380389
45084,0.001891,172.31.47.0-255,66,180536,94,380389
45085,0.001894,74.125.130.0-255,1484,182020,94,380389
45086,0.001907,74.125.130.0-255,1484,183504,94,380389
45087,0.001909,172.31.47.0-255,66,183570,94,380389
45088,0.001928,74.125.130.0-255,4320,187890,94,380389
45089,0.00193,172.31.47.0-255,66,187956,94,380389
45090,0.001944,74.125.130.0-255,2902,190858,94,380389
45091,0.001946,172.31.47.0-255,66,190924,94,380389
45092,0.001971,172.31.47.0-255,66,190990,94,380389
45093,0.002007,74.125.130.0-255,2902,193892,94,380389
45094,0.002009,172.31.47.0-255,66,193958,94,380389
45095,0.002035,172.31.47.0-255,66,194024,94,380389
45096,0.002139,74.125.130.0-255,1484,195508,94,380389
45097,0.002159,74.125.130.0-255,2902,198410,94,380389
45098,0.002162,172.31.47.0-255,66,198476,94,380389
45099,0.002198,74.125.130.0-255,2902,201378,94,380389
45100,0.002201,172.31.47.0-255,66,201444,94,380389
45101,0.002212,74.125.130.0-255,1484,202928,94,380389
45102,0.002231,74.125.130.0-255,2902,205830,94,380389
45103,0.002233,172.31.47.0-255,66,205896,94,380389
45104,0.002255,74.125.130.0-255,4320,210216,94,380389
45105,0.002257,172.31.47.0-255,66,210282,94,380389
45106,0.002276,74.125.130.0-255,5738,216020,94,380389
45107,0.002279,172.31.47.0-255,66,216086,94,380389
45108,0.002296,74.125.130.0-255,4320,220406,94,380389
45109,0.002298,172.31.47.0-255,66,220472,94,380389
45110,0.002315,74.125.130.0-255,1484,221956,94,380389
45111,0.0046,74.125.130.0-255,4320,226276,94,380389
45112,0.004608,172.31.47.0-255,66,226342,94,380389
45113,0.006915,74.125.130.0-255,2902,229244,94,380389
45114,0.006919,172.31.47.0-255,66,229310,94,380389
45115,0.006937,74.125.130.0-255,2902,232212,94,380389
45116,0.006939,172.31.47.0-255,66,232278,94,380389
45117,0.009225,74.125.130.0-255,4320,236598,94,380389
45118,0.009231,172.31.47.0-255,66,236664,94,380389
45119,0.009251,74.125.130.0-255,1484,238148,94,380389
45120,0.011532,74.125.130.0-255,4320,242468,94,380389
45121,0.011539,172.31.47.0-255,66,242534,94,380389
45122,0.013844,74.125.130.0-255,5738,248272,94,380389
45123,0.013853,172.31.47.0-255,66,248338,94,380389
45124,0.016157,74.125.130.0-255,5738,254076,94,380389
45125,0.016165,172.31.47.0-255,66,254142,94,380389
45126,0.01848,74.125.130.0-255,5738,259880,94,380389
45127,0.018487,172.31.47.0-255,66,259946,94,380389
45128,0.020802,74.125.130.0-255,5738,265684,94,380389
45129,0.020813,172.31.47.0-255,66,265750,94,380389
45130,0.023127,74.125.130.0-255,5738,271488,94,380389
45131,0.02314,172.31.47.0-255,66,271554,94,380389
45132,0.025487,74.125.130.0-255,5738,277292,94,380389
45133,0.025496,172.31.47.0-255,66,277358,94,380389
45134,0.027804,74.125.130.0-255,5738,283096,94,380389
45135,0.027811,172.31.47.0-255,66,283162,94,380389
45136,0.028575,172.31.47.0-255,172,283334,94,380389
45137,0.028606,172.31.47.0-255,1117,284451,94,380389
45138,0.028664,172.31.47.0-255,1514,285965,94,380389
45139,0.028666,172.31.47.0-255,1287,287252,94,380389
45140,0.030109,104.244.42.0-255,66,287318,94,380389
45141,0.030117,74.125.130.0-255,5738,293056,94,380389
45142,0.030121,172.31.47.0-255,66,293122,94,380389
45143,0.030155,104.244.42.0-255,66,293188,94,380389
45144,0.030203,104.244.42.0-255,66,293254,94,380389
45145,0.03245,74.125.130.0-255,5738,298992,94,380389
45146,0.032456,172.31.47.0-255,66,299058,94,380389
45147,0.034765,74.125.130.0-255,5738,304796,94,380389
45148,0.034772,172.31.47.0-255,66,304862,94,380389
45149,0.037097,74.125.130.0-255,5738,310600,94,380389
45150,0.037104,172.31.47.0-255,66,310666,94,380389
45151,0.039412,74.125.130.0-255,5738,316404,94,380389
45152,0.039419,172.31.47.0-255,66,316470,94,380389
45153,0.041734,74.125.130.0-255,5738,322208,94,380389
45154,0.04174,172.31.47.0-255,66,322274,94,380389
45155,0.04405,74.125.130.0-255,5738,328012,94,380389
45156,0.044056,172.31.47.0-255,66,328078,94,380389
45157,0.046362,74.125.130.0-255,5738,333816,94,380389
45158,0.046366,172.31.47.0-255,66,333882,94,380389
45159,0.048681,74.125.130.0-255,5738,339620,94,380389
45160,0.048689,172.31.47.0-255,66,339686,94,380389
45161,0.051008,74.125.130.0-255,5738,345424,94,380389
45162,0.051013,172.31.47.0-255,66,345490,94,380389
45163,0.053338,74.125.130.0-255,5738,351228,94,380389
45164,0.053344,172.31.47.0-255,66,351294,94,380389
45165,0.05566,74.125.130.0-255,5738,357032,94,380389
45166,0.055667,172.31.47.0-255,66,357098,94,380389
45167,0.05807,74.125.130.0-255,5738,362836,94,380389
45168,0.058075,172.31.47.0-255,66,362902,94,380389
45169,0.060531,74.125.130.0-255,5738,368640,94,380389
45170,0.060536,172.31.47.0-255,66,368706,94,380389
45171,0.062853,74.125.130.0-255,5738,374444,94,380389
45172,0.062858,172.31.47.0-255,66,374510,94,380389
45173,0.065166,74.125.130.0-255,5642,380152,94,380389
45174,0.065172,172.31.47.0-255,66,380218,94,380389
45175,0.065343,172.31.47.0-255,105,380323,94,380389
45176,0.067606,74.125.130.0-255,66,380389,94,380389
45177,0.0,74.125.200.0-255,153,153,94,368761
45178,2.1e-05,172.31.47.0-255,66,219,94,368761
45179,2.6e-05,74.125.200.0-255,1484,1703,94,368761
45180,3e-05,172.31.47.0-255,66,1769,94,368761
45181,3.3e-05,74.125.200.0-255,1484,3253,94,368761
45182,3.5e-05,172.31.47.0-255,66,3319,94,368761
45183,5.3e-05,74.125.200.0-255,1484,4803,94,368761
45184,5.5e-05,172.31.47.0-255,66,4869,94,368761
45185,5.8e-05,74.125.200.0-255,1484,6353,94,368761
45186,5.9e-05,172.31.47.0-255,66,6419,94,368761
45187,0.000104,74.125.200.0-255,1484,7903,94,368761
45188,0.000107,172.31.47.0-255,66,7969,94,368761
45189,0.00012,74.125.200.0-255,2902,10871,94,368761
45190,0.000123,172.31.47.0-255,66,10937,94,368761
45191,0.000157,74.125.200.0-255,3582,14519,94,368761
45192,0.00016,172.31.47.0-255,66,14585,94,368761
45193,0.000184,74.125.200.0-255,2902,17487,94,368761
45194,0.000186,172.31.47.0-255,66,17553,94,368761
45195,0.000202,74.125.200.0-255,1484,19037,94,368761
45196,0.000204,172.31.47.0-255,66,19103,94,368761
45197,0.000214,172.31.47.0-255,66,19169,94,368761
45198,0.000234,74.125.200.0-255,1484,20653,94,368761
45199,0.000237,172.31.47.0-255,66,20719,94,368761
45200,0.000241,74.125.200.0-255,2543,23262,94,368761
45201,0.000243,172.31.47.0-255,66,23328,94,368761
45202,0.000284,74.125.200.0-255,1484,24812,94,368761
45203,0.000287,172.31.47.0-255,66,24878,94,368761
45204,0.000301,74.125.200.0-255,2902,27780,94,368761
45205,0.000304,172.31.47.0-255,66,27846,94,368761
45206,0.000321,74.125.200.0-255,4320,32166,94,368761
45207,0.000324,172.31.47.0-255,66,32232,94,368761
45208,0.000339,74.125.200.0-255,2902,35134,94,368761
45209,0.000342,172.31.47.0-255,66,35200,94,368761
45210,0.000361,74.125.200.0-255,6797,41997,94,368761
45211,0.000363,172.31.47.0-255,66,42063,94,368761
45212,0.000367,74.125.200.0-255,4320,46383,94,368761
45213,0.000369,172.31.47.0-255,66,46449,94,368761
45214,0.000414,74.125.200.0-255,2902,49351,94,368761
45215,0.000416,172.31.47.0-255,66,49417,94,368761
45216,0.000442,172.31.47.0-255,66,49483,94,368761
45217,0.000841,74.125.200.0-255,1484,50967,94,368761
45218,0.000849,74.125.200.0-255,2902,53869,94,368761
45219,0.000853,172.31.47.0-255,66,53935,94,368761
45220,0.000857,74.125.200.0-255,1484,55419,94,368761
45221,0.000908,74.125.200.0-255,1484,56903,94,368761
45222,0.00091,172.31.47.0-255,66,56969,94,368761
45223,0.000914,74.125.200.0-255,1484,58453,94,368761
45224,0.000925,74.125.200.0-255,1484,59937,94,368761
45225,0.000927,172.31.47.0-255,66,60003,94,368761
45226,0.000953,74.125.200.0-255,5738,65741,94,368761
45227,0.000955,172.31.47.0-255,66,65807,94,368761
45228,0.000983,74.125.200.0-255,5738,71545,94,368761
45229,0.000986,172.31.47.0-255,66,71611,94,368761
45230,0.001014,74.125.200.0-255,4320,75931,94,368761
45231,0.001016,172.31.47.0-255,66,75997,94,368761
45232,0.001033,74.125.200.0-255,2902,78899,94,368761
45233,0.001035,172.31.47.0-255,66,78965,94,368761
45234,0.001071,74.125.200.0-255,2902,81867,94,368761
45235,0.001073,172.31.47.0-255,66,81933,94,368761
45236,0.001088,74.125.200.0-255,2184,84117,94,368761
45237,0.00109,172.31.47.0-255,66,84183,94,368761
45238,0.001516,74.125.200.0-255,1484,85667,94,368761
45239,0.001522,74.125.200.0-255,2902,88569,94,368761
45240,0.001525,172.31.47.0-255,66,88635,94,368761
45241,0.001529,74.125.200.0-255,1484,90119,94,368761
45242,0.001548,74.125.200.0-255,4320,94439,94,368761
45243,0.001549,172.31.47.0-255,66,94505,94,368761
45244,0.001567,74.125.200.0-255,2902,97407,94,368761
45245,0.001568,172.31.47.0-255,66,97473,94,368761
45246,0.001583,74.125.200.0-255,5738,103211,94,368761
45247,0.001585,172.31.47.0-255,66,103277,94,368761
45248,0.001618,172.31.47.0-255,66,103343,94,368761
45249,0.001622,74.125.200.0-255,4320,107663,94,368761
45250,0.001624,172.31.47.0-255,66,107729,94,368761
45251,0.001633,74.125.200.0-255,766,108495,94,368761
45252,0.001636,74.125.200.0-255,1484,109979,94,368761
45253,0.001638,172.31.47.0-255,66,110045,94,368761
45254,0.001656,74.125.200.0-255,4320,114365,94,368761
45255,0.001658,172.31.47.0-255,66,114431,94,368761
45256,0.001668,74.125.200.0-255,2902,117333,94,368761
45257,0.00167,172.31.47.0-255,66,117399,94,368761
45258,0.001697,74.125.200.0-255,7156,124555,94,368761
45259,0.001699,172.31.47.0-255,66,124621,94,368761
45260,0.00171,74.125.200.0-255,2902,127523,94,368761
45261,0.001712,172.31.47.0-255,66,127589,94,368761
45262,0.001727,74.125.200.0-255,2902,130491,94,368761
45263,0.001729,172.31.47.0-255,66,130557,94,368761
45264,0.001751,74.125.200.0-255,5738,136295,94,368761
45265,0.001752,172.31.47.0-255,66,136361,94,368761
45266,0.001754,74.125.200.0-255,1484,137845,94,368761
45267,0.001782,74.125.200.0-255,5020,142865,94,368761
45268,0.001784,172.31.47.0-255,66,142931,94,368761
45269,0.001825,74.125.200.0-255,1484,144415,94,368761
45270,0.001837,74.125.200.0-255,2902,147317,94,368761
45271,0.001839,172.31.47.0-255,66,147383,94,368761
45272,0.001855,74.125.200.0-255,1484,148867,94,368761
45273,0.001871,74.125.200.0-255,4320,153187,94,368761
45274,0.001873,172.31.47.0-255,66,153253,94,368761
45275,0.001878,74.125.200.0-255,4320,157573,94,368761
45276,0.00188,172.31.47.0-255,66,157639,94,368761
45277,0.001892,74.125.200.0-255,2902,160541,94,368761
45278,0.001894,172.31.47.0-255,66,160607,94,368761
45279,0.001898,74.125.200.0-255,2902,163509,94,368761
45280,0.0019,172.31.47.0-255,66,163575,94,368761
45281,0.001923,74.125.200.0-255,5738,169313,94,368761
45282,0.001925,172.31.47.0-255,66,169379,94,368761
45283,0.001962,74.125.200.0-255,4320,173699,94,368761
45284,0.001964,172.31.47.0-255,66,173765,94,368761
45285,0.001979,74.125.200.0-255,3602,177367,94,368761
45286,0.001981,172.31.47.0-255,66,177433,94,368761
45287,0.002134,74.125.200.0-255,1484,178917,94,368761
45288,0.002152,74.125.200.0-255,2902,181819,94,368761
45289,0.002154,172.31.47.0-255,66,181885,94,368761
45290,0.002171,74.125.200.0-255,2902,184787,94,368761
45291,0.002173,172.31.47.0-255,66,184853,94,368761
45292,0.002186,74.125.200.0-255,2902,187755,94,368761
45293,0.002188,172.31.47.0-255,66,187821,94,368761
45294,0.002191,74.125.200.0-255,2902,190723,94,368761
45295,0.002193,172.31.47.0-255,66,190789,94,368761
45296,0.002197,74.125.200.0-255,2902,193691,94,368761
45297,0.002199,172.31.47.0-255,66,193757,94,368761
45298,0.002218,74.125.200.0-255,1484,195241,94,368761
45299,0.002227,172.31.47.0-255,66,195307,94,368761
45300,0.002229,74.125.200.0-255,1484,196791,94,368761
45301,0.00225,74.125.200.0-255,5738,202529,94,368761
45302,0.002252,172.31.47.0-255,66,202595,94,368761
45303,0.002262,74.125.200.0-255,2902,205497,94,368761
45304,0.002264,172.31.47.0-255,66,205563,94,368761
45305,0.002291,74.125.200.0-255,5020,210583,94,368761
45306,0.002293,172.31.47.0-255,66,210649,94,368761
45307,0.002302,74.125.200.0-255,5738,216387,94,368761
45308,0.002304,172.31.47.0-255,66,216453,94,368761
45309,0.00231,74.125.200.0-255,7156,223609,94,368761
45310,0.002312,172.31.47.0-255,66,223675,94,368761
45311,0.002332,74.125.200.0-255,1484,225159,94,368761
45312,0.002355,172.31.47.0-255,66,225225,94,368761
45313,0.002364,74.125.200.0-255,2184,227409,94,368761
45314,0.002439,74.125.200.0-255,1484,228893,94,368761
45315,0.002451,74.125.200.0-255,1484,230377,94,368761
45316,0.002461,74.125.200.0-255,1484,231861,94,368761
45317,0.002471,74.125.200.0-255,2902,234763,94,368761
45318,0.002484,74.125.200.0-255,2902,237665,94,368761
45319,0.002487,74.125.200.0-255,2902,240567,94,368761
45320,0.002499,74.125.200.0-255,1484,242051,94,368761
45321,0.002509,74.125.200.0-255,1484,243535,94,368761
45322,0.002527,74.125.200.0-255,7156,250691,94,368761
45323,0.002539,74.125.200.0-255,2902,253593,94,368761
45324,0.003697,172.31.47.0-255,66,253659,94,368761
45325,0.006248,74.125.200.0-255,5738,259397,94,368761
45326,0.006254,172.31.47.0-255,66,259463,94,368761
45327,0.00879,74.125.200.0-255,5738,265201,94,368761
45328,0.008795,172.31.47.0-255,66,265267,94,368761
45329,0.01133,74.125.200.0-255,1484,266751,94,368761
45330,0.011351,74.125.200.0-255,4320,271071,94,368761
45331,0.011355,172.31.47.0-255,66,271137,94,368761
45332,0.013899,74.125.200.0-255,5738,276875,94,368761
45333,0.013905,172.31.47.0-255,66,276941,94,368761
45334,0.016454,74.125.200.0-255,5738,282679,94,368761
45335,0.016461,172.31.47.0-255,66,282745,94,368761
45336,0.019014,74.125.200.0-255,5738,288483,94,368761
45337,0.019025,172.31.47.0-255,66,288549,94,368761
45338,0.021571,74.125.200.0-255,5738,294287,94,368761
45339,0.021578,172.31.47.0-255,66,294353,94,368761
45340,0.024119,74.125.200.0-255,5738,300091,94,368761
45341,0.024126,172.31.47.0-255,66,300157,94,368761
45342,0.024476,172.31.47.0-255,172,300329,94,368761
45343,0.0245,172.31.47.0-255,1116,301445,94,368761
45344,0.024535,172.31.47.0-255,1514,302959,94,368761
45345,0.024536,172.31.47.0-255,1288,304247,94,368761
45346,0.025959,104.244.42.0-255,66,304313,94,368761
45347,0.025994,104.244.42.0-255,66,304379,94,368761
45348,0.026063,104.244.42.0-255,66,304445,94,368761
45349,0.026656,74.125.200.0-255,4320,308765,94,368761
45350,0.026659,172.31.47.0-255,66,308831,94,368761
45351,0.026686,74.125.200.0-255,1484,310315,94,368761
45352,0.02685,104.244.42.0-255,108,310423,94,368761
45353,0.026855,172.31.47.0-255,66,310489,94,368761
45354,0.029197,74.125.200.0-255,4320,314809,94,368761
45355,0.029203,172.31.47.0-255,66,314875,94,368761
45356,0.031737,74.125.200.0-255,5738,320613,94,368761
45357,0.031744,172.31.47.0-255,66,320679,94,368761
45358,0.034283,74.125.200.0-255,4320,324999,94,368761
45359,0.034288,172.31.47.0-255,66,325065,94,368761
45360,0.034317,74.125.200.0-255,1484,326549,94,368761
45361,0.036828,74.125.200.0-255,4320,330869,94,368761
45362,0.036834,172.31.47.0-255,66,330935,94,368761
45363,0.039415,74.125.200.0-255,5738,336673,94,368761
45364,0.039419,172.31.47.0-255,66,336739,94,368761
45365,0.041965,74.125.200.0-255,5738,342477,94,368761
45366,0.041969,172.31.47.0-255,66,342543,94,368761
45367,0.044509,74.125.200.0-255,5738,348281,94,368761
45368,0.044514,172.31.47.0-255,66,348347,94,368761
45369,0.04707,74.125.200.0-255,5738,354085,94,368761
45370,0.047075,172.31.47.0-255,66,354151,94,368761
45371,0.049605,74.125.200.0-255,5738,359889,94,368761
45372,0.04961,172.31.47.0-255,66,359955,94,368761
45373,0.05214,74.125.200.0-255,2902,362857,94,368761
45374,0.052146,172.31.47.0-255,66,362923,94,368761
45375,0.052173,74.125.200.0-255,2902,365825,94,368761
45376,0.052176,172.31.47.0-255,66,365891,94,368761
45377,0.05468,74.125.200.0-255,2633,368524,94,368761
45378,0.054685,172.31.47.0-255,66,368590,94,368761
45379,0.054839,172.31.47.0-255,105,368695,94,368761
45380,0.057349,74.125.200.0-255,66,368761,94,368761
45381,0.0,172.31.47.0-255,105,105,94,244892
45382,0.02042,172.217.194.0-255,153,258,94,244892
45383,0.020445,172.31.47.0-255,66,324,94,244892
45384,0.020451,172.217.194.0-255,1484,1808,94,244892
45385,0.020454,172.31.47.0-255,66,1874,94,244892
45386,0.02046,172.217.194.0-255,2902,4776,94,244892
45387,0.02047,172.31.47.0-255,66,4842,94,244892
45388,0.020477,172.217.194.0-255,7156,11998,94,244892
45389,0.02048,172.31.47.0-255,66,12064,94,244892
45390,0.020483,172.217.194.0-255,2139,14203,94,244892
45391,0.020485,172.31.47.0-255,66,14269,94,244892
45392,0.020631,172.217.194.0-255,1484,15753,94,244892
45393,0.020636,172.31.47.0-255,66,15819,94,244892
45394,0.020641,172.217.194.0-255,2902,18721,94,244892
45395,0.020644,172.31.47.0-255,66,18787,94,244892
45396,0.020657,172.217.194.0-255,5738,24525,94,244892
45397,0.02066,172.31.47.0-255,66,24591,94,244892
45398,0.020686,172.217.194.0-255,5738,30329,94,244892
45399,0.020689,172.31.47.0-255,66,30395,94,244892
45400,0.020726,172.217.194.0-255,3961,34356,94,244892
45401,0.02073,172.31.47.0-255,66,34422,94,244892
45402,0.020742,172.31.47.0-255,66,34488,94,244892
45403,0.020747,172.217.194.0-255,3961,38449,94,244892
45404,0.020749,172.31.47.0-255,66,38515,94,244892
45405,0.021309,172.217.194.0-255,1484,39999,94,244892
45406,0.021316,172.31.47.0-255,66,40065,94,244892
45407,0.021334,172.217.194.0-255,2902,42967,94,244892
45408,0.021337,172.31.47.0-255,66,43033,94,244892
45409,0.021343,172.217.194.0-255,5738,48771,94,244892
45410,0.021346,172.31.47.0-255,66,48837,94,244892
45411,0.021381,172.217.194.0-255,6797,55634,94,244892
45412,0.021384,172.31.47.0-255,66,55700,94,244892
45413,0.02139,172.217.194.0-255,2902,58602,94,244892
45414,0.021486,172.217.194.0-255,2902,61504,94,244892
45415,0.021492,172.217.194.0-255,3602,65106,94,244892
45416,0.021497,172.217.194.0-255,4320,69426,94,244892
45417,0.021503,172.217.194.0-255,7156,76582,94,244892
45418,0.021522,172.217.194.0-255,2902,79484,94,244892
45419,0.021526,172.217.194.0-255,2574,82058,94,244892
45420,0.021598,172.217.194.0-255,1484,83542,94,244892
45421,0.021601,172.217.194.0-255,1484,85026,94,244892
45422,0.021614,172.217.194.0-255,1484,86510,94,244892
45423,0.021619,172.217.194.0-255,2902,89412,94,244892
45424,0.021636,172.217.194.0-255,2902,92314,94,244892
45425,0.02164,172.217.194.0-255,2902,95216,94,244892
45426,0.021653,172.217.194.0-255,7156,102372,94,244892
45427,0.021668,172.217.194.0-255,2902,105274,94,244892
45428,0.022016,172.217.194.0-255,1484,106758,94,244892
45429,0.022033,172.217.194.0-255,2902,109660,94,244892
45430,0.022038,172.217.194.0-255,5738,115398,94,244892
45431,0.022077,172.217.194.0-255,7156,122554,94,244892
45432,0.022091,172.217.194.0-255,2902,125456,94,244892
45433,0.022095,172.217.194.0-255,2902,128358,94,244892
45434,0.022118,172.217.194.0-255,2184,130542,94,244892
45435,0.022314,172.217.194.0-255,1484,132026,94,244892
45436,0.022317,172.217.194.0-255,2902,134928,94,244892
45437,0.022334,172.217.194.0-255,4320,139248,94,244892
45438,0.02235,172.217.194.0-255,1484,140732,94,244892
45439,0.022387,172.217.194.0-255,2902,143634,94,244892
45440,0.022395,172.217.194.0-255,7156,150790,94,244892
45441,0.022418,172.217.194.0-255,3602,154392,94,244892
45442,0.022438,172.217.194.0-255,1484,155876,94,244892
45443,0.022478,172.217.194.0-255,4320,160196,94,244892
45444,0.022522,172.217.194.0-255,2184,162380,94,244892
45445,0.022543,172.217.194.0-255,1484,163864,94,244892
45446,0.022594,172.217.194.0-255,7156,171020,94,244892
45447,0.022627,172.217.194.0-255,5738,176758,94,244892
45448,0.022648,172.217.194.0-255,7156,183914,94,244892
45449,0.022651,172.217.194.0-255,1484,185398,94,244892
45450,0.022758,172.217.194.0-255,1484,186882,94,244892
45451,0.022768,172.217.194.0-255,1484,188366,94,244892
45452,0.022784,172.217.194.0-255,1484,189850,94,244892
45453,0.022788,172.217.194.0-255,2902,192752,94,244892
45454,0.022807,172.217.194.0-255,2902,195654,94,244892
45455,0.022825,172.217.194.0-255,1484,197138,94,244892
45456,0.022853,172.217.194.0-255,1484,198622,94,244892
45457,0.022858,172.217.194.0-255,4320,202942,94,244892
45458,0.022884,172.217.194.0-255,6438,209380,94,244892
45459,0.02313,172.217.194.0-255,1484,210864,94,244892
45460,0.023134,172.217.194.0-255,2902,213766,94,244892
45461,0.023146,172.217.194.0-255,2902,216668,94,244892
45462,0.02316,172.217.194.0-255,2902,219570,94,244892
45463,0.023175,172.217.194.0-255,1484,221054,94,244892
45464,0.023205,172.217.194.0-255,1484,222538,94,244892
45465,0.023215,172.217.194.0-255,1484,224022,94,244892
45466,0.023257,172.217.194.0-255,1484,225506,94,244892
45467,0.023285,172.217.194.0-255,7156,232662,94,244892
45468,0.023299,172.217.194.0-255,5738,238400,94,244892
45469,0.023303,172.217.194.0-255,1594,239994,94,244892
45470,0.023336,172.217.194.0-255,97,240091,94,244892
45471,0.023373,172.217.194.0-255,105,240196,94,244892
45472,0.0283,172.31.47.0-255,66,240262,94,244892
45473,0.031365,172.31.47.0-255,105,240367,94,244892
45474,0.033726,172.217.194.0-255,66,240433,94,244892
45475,0.067677,172.31.47.0-255,172,240605,94,244892
45476,0.067707,172.31.47.0-255,1108,241713,94,244892
45477,0.067755,172.31.47.0-255,1514,243227,94,244892
45478,0.067757,172.31.47.0-255,1296,244523,94,244892
45479,0.069233,104.244.42.0-255,66,244589,94,244892
45480,0.069269,104.244.42.0-255,66,244655,94,244892
45481,0.069329,104.244.42.0-255,66,244721,94,244892
45482,0.072173,31.13.82.0-255,105,244826,94,244892
45483,0.072193,172.31.47.0-255,66,244892,94,244892
45484,0.0,74.125.24.0-255,153,153,94,290745
45485,2.7e-05,172.31.47.0-255,66,219,94,290745
45486,3.3e-05,74.125.24.0-255,1484,1703,94,290745
45487,3.7e-05,172.31.47.0-255,66,1769,94,290745
45488,4.1e-05,74.125.24.0-255,2902,4671,94,290745
45489,5.1e-05,172.31.47.0-255,66,4737,94,290745
45490,5.7e-05,74.125.24.0-255,5738,10475,94,290745
45491,6e-05,172.31.47.0-255,66,10541,94,290745
45492,9.8e-05,74.125.24.0-255,1484,12025,94,290745
45493,0.000101,172.31.47.0-255,66,12091,94,290745
45494,0.000105,74.125.24.0-255,2222,14313,94,290745
45495,0.000107,172.31.47.0-255,66,14379,94,290745
45496,0.000222,74.125.24.0-255,1484,15863,94,290745
45497,0.000226,172.31.47.0-255,66,15929,94,290745
45498,0.000231,74.125.24.0-255,2902,18831,94,290745
45499,0.000233,172.31.47.0-255,66,18897,94,290745
45500,0.000235,74.125.24.0-255,1484,20381,94,290745
45501,0.000237,172.31.47.0-255,66,20447,94,290745
45502,0.000267,74.125.24.0-255,4320,24767,94,290745
45503,0.00027,172.31.47.0-255,66,24833,94,290745
45504,0.00029,74.125.24.0-255,1484,26317,94,290745
45505,0.000293,172.31.47.0-255,66,26383,94,290745
45506,0.000323,74.125.24.0-255,5379,31762,94,290745
45507,0.000326,172.31.47.0-255,66,31828,94,290745
45508,0.001092,74.125.24.0-255,1484,33312,94,290745
45509,0.001098,172.31.47.0-255,66,33378,94,290745
45510,0.001106,74.125.24.0-255,2902,36280,94,290745
45511,0.001108,172.31.47.0-255,66,36346,94,290745
45512,0.001113,74.125.24.0-255,5738,42084,94,290745
45513,0.001119,172.31.47.0-255,66,42150,94,290745
45514,0.00115,74.125.24.0-255,2902,45052,94,290745
45515,0.001152,172.31.47.0-255,66,45118,94,290745
45516,0.001212,172.31.47.0-255,66,45184,94,290745
45517,0.001215,172.31.47.0-255,66,45250,94,290745
45518,0.001228,74.125.24.0-255,1715,46965,94,290745
45519,0.00123,172.31.47.0-255,66,47031,94,290745
45520,0.001272,74.125.24.0-255,1484,48515,94,290745
45521,0.001283,74.125.24.0-255,2902,51417,94,290745
45522,0.001286,172.31.47.0-255,66,51483,94,290745
45523,0.001288,74.125.24.0-255,1484,52967,94,290745
45524,0.001314,74.125.24.0-255,4320,57287,94,290745
45525,0.001317,172.31.47.0-255,66,57353,94,290745
45526,0.001323,74.125.24.0-255,6797,64150,94,290745
45527,0.001324,172.31.47.0-255,66,64216,94,290745
45528,0.001357,74.125.24.0-255,1484,65700,94,290745
45529,0.001377,74.125.24.0-255,2902,68602,94,290745
45530,0.001379,172.31.47.0-255,66,68668,94,290745
45531,0.001382,74.125.24.0-255,1484,70152,94,290745
45532,0.001412,74.125.24.0-255,4320,74472,94,290745
45533,0.001415,172.31.47.0-255,66,74538,94,290745
45534,0.001421,74.125.24.0-255,5738,80276,94,290745
45535,0.001423,172.31.47.0-255,66,80342,94,290745
45536,0.001446,74.125.24.0-255,1125,81467,94,290745
45537,0.001786,172.31.47.0-255,66,81533,94,290745
45538,0.003632,74.125.24.0-255,2902,84435,94,290745
45539,0.003636,172.31.47.0-255,66,84501,94,290745
45540,0.003657,74.125.24.0-255,1484,85985,94,290745
45541,0.004013,74.125.24.0-255,1484,87469,94,290745
45542,0.004017,172.31.47.0-255,66,87535,94,290745
45543,0.005889,74.125.24.0-255,2902,90437,94,290745
45544,0.005895,172.31.47.0-255,66,90503,94,290745
45545,0.006251,74.125.24.0-255,2902,93405,94,290745
45546,0.006256,172.31.47.0-255,66,93471,94,290745
45547,0.008135,74.125.24.0-255,2902,96373,94,290745
45548,0.008143,172.31.47.0-255,66,96439,94,290745
45549,0.008498,74.125.24.0-255,2902,99341,94,290745
45550,0.008503,172.31.47.0-255,66,99407,94,290745
45551,0.010384,74.125.24.0-255,2902,102309,94,290745
45552,0.01039,172.31.47.0-255,66,102375,94,290745
45553,0.010724,74.125.24.0-255,2902,105277,94,290745
45554,0.010729,172.31.47.0-255,66,105343,94,290745
45555,0.012642,74.125.24.0-255,2902,108245,94,290745
45556,0.01265,172.31.47.0-255,66,108311,94,290745
45557,0.01296,74.125.24.0-255,2902,111213,94,290745
45558,0.012965,172.31.47.0-255,66,111279,94,290745
45559,0.014888,74.125.24.0-255,2902,114181,94,290745
45560,0.014896,172.31.47.0-255,66,114247,94,290745
45561,0.015187,74.125.24.0-255,2902,117149,94,290745
45562,0.015192,172.31.47.0-255,66,117215,94,290745
45563,0.017127,74.125.24.0-255,2902,120117,94,290745
45564,0.017134,172.31.47.0-255,66,120183,94,290745
45565,0.017425,74.125.24.0-255,2902,123085,94,290745
45566,0.01743,172.31.47.0-255,66,123151,94,290745
45567,0.01819,172.31.47.0-255,172,123323,94,290745
45568,0.018223,172.31.47.0-255,1116,124439,94,290745
45569,0.018281,172.31.47.0-255,1514,125953,94,290745
45570,0.018303,172.31.47.0-255,1288,127241,94,290745
45571,0.019369,74.125.24.0-255,2902,130143,94,290745
45572,0.019373,172.31.47.0-255,66,130209,94,290745
45573,0.019649,74.125.24.0-255,2902,133111,94,290745
45574,0.019654,172.31.47.0-255,66,133177,94,290745
45575,0.019759,104.244.42.0-255,66,133243,94,290745
45576,0.019764,104.244.42.0-255,66,133309,94,290745
45577,0.019852,104.244.42.0-255,66,133375,94,290745
45578,0.021583,74.125.24.0-255,2902,136277,94,290745
45579,0.021586,172.31.47.0-255,66,136343,94,290745
45580,0.021885,74.125.24.0-255,2902,139245,94,290745
45581,0.02189,172.31.47.0-255,66,139311,94,290745
45582,0.023856,74.125.24.0-255,2902,142213,94,290745
45583,0.023861,172.31.47.0-255,66,142279,94,290745
45584,0.024101,74.125.24.0-255,2902,145181,94,290745
45585,0.024107,172.31.47.0-255,66,145247,94,290745
45586,0.026091,74.125.24.0-255,2902,148149,94,290745
45587,0.026096,172.31.47.0-255,66,148215,94,290745
45588,0.026354,74.125.24.0-255,2902,151117,94,290745
45589,0.026359,172.31.47.0-255,66,151183,94,290745
45590,0.028309,74.125.24.0-255,2902,154085,94,290745
45591,0.028313,172.31.47.0-255,66,154151,94,290745
45592,0.02858,74.125.24.0-255,2902,157053,94,290745
45593,0.028584,172.31.47.0-255,66,157119,94,290745
45594,0.030543,74.125.24.0-255,2902,160021,94,290745
45595,0.030549,172.31.47.0-255,66,160087,94,290745
45596,0.030823,74.125.24.0-255,2902,162989,94,290745
45597,0.030829,172.31.47.0-255,66,163055,94,290745
45598,0.032794,74.125.24.0-255,2902,165957,94,290745
45599,0.032798,172.31.47.0-255,66,166023,94,290745
45600,0.033067,74.125.24.0-255,2902,168925,94,290745
45601,0.033071,172.31.47.0-255,66,168991,94,290745
45602,0.035039,74.125.24.0-255,2902,171893,94,290745
45603,0.035044,172.31.47.0-255,66,171959,94,290745
45604,0.035313,74.125.24.0-255,2902,174861,94,290745
45605,0.035319,172.31.47.0-255,66,174927,94,290745
45606,0.03728,74.125.24.0-255,2902,177829,94,290745
45607,0.037285,172.31.47.0-255,66,177895,94,290745
45608,0.037546,74.125.24.0-255,2902,180797,94,290745
45609,0.037552,172.31.47.0-255,66,180863,94,290745
45610,0.039489,74.125.24.0-255,2902,183765,94,290745
45611,0.039493,172.31.47.0-255,66,183831,94,290745
45612,0.039804,74.125.24.0-255,2902,186733,94,290745
45613,0.039809,172.31.47.0-255,66,186799,94,290745
45614,0.041708,74.125.24.0-255,2902,189701,94,290745
45615,0.041713,172.31.47.0-255,66,189767,94,290745
45616,0.042064,74.125.24.0-255,2902,192669,94,290745
45617,0.04207,172.31.47.0-255,66,192735,94,290745
45618,0.04396,74.125.24.0-255,2902,195637,94,290745
45619,0.043979,172.31.47.0-255,66,195703,94,290745
45620,0.044322,74.125.24.0-255,2902,198605,94,290745
45621,0.044327,172.31.47.0-255,66,198671,94,290745
45622,0.046228,74.125.24.0-255,2902,201573,94,290745
45623,0.046233,172.31.47.0-255,66,201639,94,290745
45624,0.04656,74.125.24.0-255,2902,204541,94,290745
45625,0.046564,172.31.47.0-255,66,204607,94,290745
45626,0.048482,74.125.24.0-255,2902,207509,94,290745
45627,0.048486,172.31.47.0-255,66,207575,94,290745
45628,0.048785,74.125.24.0-255,2902,210477,94,290745
45629,0.048789,172.31.47.0-255,66,210543,94,290745
45630,0.05072,74.125.24.0-255,2902,213445,94,290745
45631,0.050725,172.31.47.0-255,66,213511,94,290745
45632,0.051014,74.125.24.0-255,2902,216413,94,290745
45633,0.051018,172.31.47.0-255,66,216479,94,290745
45634,0.052976,74.125.24.0-255,2902,219381,94,290745
45635,0.05298,172.31.47.0-255,66,219447,94,290745
45636,0.053255,74.125.24.0-255,2902,222349,94,290745
45637,0.053259,172.31.47.0-255,66,222415,94,290745
45638,0.05524,74.125.24.0-255,2902,225317,94,290745
45639,0.055244,172.31.47.0-255,66,225383,94,290745
45640,0.055509,74.125.24.0-255,2902,228285,94,290745
45641,0.055515,172.31.47.0-255,66,228351,94,290745
45642,0.057626,74.125.24.0-255,2902,231253,94,290745
45643,0.057631,172.31.47.0-255,66,231319,94,290745
45644,0.057825,74.125.24.0-255,2902,234221,94,290745
45645,0.05783,172.31.47.0-255,66,234287,94,290745
45646,0.059863,74.125.24.0-255,2902,237189,94,290745
45647,0.059867,172.31.47.0-255,66,237255,94,290745
45648,0.060045,74.125.24.0-255,2902,240157,94,290745
45649,0.06005,172.31.47.0-255,66,240223,94,290745
45650,0.062082,74.125.24.0-255,2902,243125,94,290745
45651,0.062087,172.31.47.0-255,66,243191,94,290745
45652,0.06226,74.125.24.0-255,2902,246093,94,290745
45653,0.062265,172.31.47.0-255,66,246159,94,290745
45654,0.064327,74.125.24.0-255,2902,249061,94,290745
45655,0.064331,172.31.47.0-255,66,249127,94,290745
45656,0.064489,74.125.24.0-255,2902,252029,94,290745
45657,0.064494,172.31.47.0-255,66,252095,94,290745
45658,0.066564,74.125.24.0-255,2902,254997,94,290745
45659,0.066568,172.31.47.0-255,66,255063,94,290745
45660,0.066722,74.125.24.0-255,2902,257965,94,290745
45661,0.066727,172.31.47.0-255,66,258031,94,290745
45662,0.068789,74.125.24.0-255,2902,260933,94,290745
45663,0.068793,172.31.47.0-255,66,260999,94,290745
45664,0.068973,74.125.24.0-255,2902,263901,94,290745
45665,0.068978,172.31.47.0-255,66,263967,94,290745
45666,0.07101,74.125.24.0-255,2902,266869,94,290745
45667,0.071016,172.31.47.0-255,66,266935,94,290745
45668,0.07119,74.125.24.0-255,2902,269837,94,290745
45669,0.071194,172.31.47.0-255,66,269903,94,290745
45670,0.073248,74.125.24.0-255,2902,272805,94,290745
45671,0.073252,172.31.47.0-255,66,272871,94,290745
45672,0.073404,74.125.24.0-255,2902,275773,94,290745
45673,0.073409,172.31.47.0-255,66,275839,94,290745
45674,0.075487,74.125.24.0-255,1484,277323,94,290745
45675,0.075519,74.125.24.0-255,1484,278807,94,290745
45676,0.075524,172.31.47.0-255,66,278873,94,290745
45677,0.07562,74.125.24.0-255,2902,281775,94,290745
45678,0.075624,172.31.47.0-255,66,281841,94,290745
45679,0.077729,74.125.24.0-255,2902,284743,94,290745
45680,0.077734,172.31.47.0-255,66,284809,94,290745
45681,0.077843,74.125.24.0-255,2902,287711,94,290745
45682,0.077848,172.31.47.0-255,66,287777,94,290745
45683,0.079946,74.125.24.0-255,2902,290679,94,290745
45684,0.079951,172.31.47.0-255,66,290745,94,290745
45685,0.0,172.217.194.0-255,152,152,94,253742
45686,3.1e-05,172.31.47.0-255,66,218,94,253742
45687,3.8e-05,172.217.194.0-255,1484,1702,94,253742
45688,4.2e-05,172.31.47.0-255,66,1768,94,253742
45689,4.7e-05,172.217.194.0-255,2902,4670,94,253742
45690,4.9e-05,172.31.47.0-255,66,4736,94,253742
45691,5.4e-05,172.217.194.0-255,5738,10474,94,253742
45692,5.6e-05,172.31.47.0-255,66,10540,94,253742
45693,7.9e-05,172.217.194.0-255,2902,13442,94,253742
45694,8.1e-05,172.31.47.0-255,66,13508,94,253742
45695,0.000112,172.31.47.0-255,66,13574,94,253742
45696,0.000137,172.217.194.0-255,1484,15058,94,253742
45697,0.000139,172.31.47.0-255,66,15124,94,253742
45698,0.000154,172.217.194.0-255,5379,20503,94,253742
45699,0.000157,172.31.47.0-255,66,20569,94,253742
45700,0.000179,172.217.194.0-255,7156,27725,94,253742
45701,0.000181,172.31.47.0-255,66,27791,94,253742
45702,0.000184,172.217.194.0-255,1484,29275,94,253742
45703,0.000185,172.31.47.0-255,66,29341,94,253742
45704,0.000207,172.217.194.0-255,5738,35079,94,253742
45705,0.00021,172.31.47.0-255,66,35145,94,253742
45706,0.000228,172.217.194.0-255,5738,40883,94,253742
45707,0.00023,172.31.47.0-255,66,40949,94,253742
45708,0.000254,172.31.47.0-255,66,41015,94,253742
45709,0.000258,172.217.194.0-255,3602,44617,94,253742
45710,0.00026,172.31.47.0-255,66,44683,94,253742
45711,0.000262,172.217.194.0-255,398,45081,94,253742
45712,0.000263,172.31.47.0-255,66,45147,94,253742
45713,0.000346,172.217.194.0-255,1484,46631,94,253742
45714,0.000349,172.31.47.0-255,66,46697,94,253742
45715,0.000354,172.217.194.0-255,4320,51017,94,253742
45716,0.000356,172.31.47.0-255,66,51083,94,253742
45717,0.000363,172.217.194.0-255,7156,58239,94,253742
45718,0.000365,172.31.47.0-255,66,58305,94,253742
45719,0.000389,172.217.194.0-255,7156,65461,94,253742
45720,0.000392,172.31.47.0-255,66,65527,94,253742
45721,0.000411,172.31.47.0-255,66,65593,94,253742
45722,0.000416,172.217.194.0-255,5331,70924,94,253742
45723,0.000418,172.31.47.0-255,66,70990,94,253742
45724,0.00055,172.217.194.0-255,1484,72474,94,253742
45725,0.000572,172.217.194.0-255,2902,75376,94,253742
45726,0.000575,172.31.47.0-255,66,75442,94,253742
45727,0.000582,172.217.194.0-255,5738,81180,94,253742
45728,0.000583,172.31.47.0-255,66,81246,94,253742
45729,0.000626,172.217.194.0-255,2902,84148,94,253742
45730,0.000629,172.31.47.0-255,66,84214,94,253742
45731,0.000649,172.217.194.0-255,5738,89952,94,253742
45732,0.000651,172.31.47.0-255,66,90018,94,253742
45733,0.00066,172.31.47.0-255,66,90084,94,253742
45734,0.000665,172.217.194.0-255,5020,95104,94,253742
45735,0.000667,172.31.47.0-255,66,95170,94,253742
45736,0.000727,172.217.194.0-255,1484,96654,94,253742
45737,0.000738,172.217.194.0-255,2902,99556,94,253742
45738,0.00074,172.31.47.0-255,66,99622,94,253742
45739,0.000761,172.217.194.0-255,5738,105360,94,253742
45740,0.000765,172.31.47.0-255,66,105426,94,253742
45741,0.000781,172.217.194.0-255,2902,108328,94,253742
45742,0.000784,172.31.47.0-255,66,108394,94,253742
45743,0.000799,172.217.194.0-255,4320,112714,94,253742
45744,0.000802,172.217.194.0-255,2902,115616,94,253742
45745,0.000803,172.31.47.0-255,66,115682,94,253742
45746,0.000806,172.31.47.0-255,66,115748,94,253742
45747,0.00084,172.31.47.0-255,66,115814,94,253742
45748,0.000849,172.217.194.0-255,2184,117998,94,253742
45749,0.000851,172.31.47.0-255,66,118064,94,253742
45750,0.000873,172.217.194.0-255,2902,120966,94,253742
45751,0.000876,172.31.47.0-255,66,121032,94,253742
45752,0.00089,172.217.194.0-255,5738,126770,94,253742
45753,0.000892,172.31.47.0-255,66,126836,94,253742
45754,0.000908,172.217.194.0-255,1484,128320,94,253742
45755,0.000911,172.217.194.0-255,2902,131222,94,253742
45756,0.000913,172.31.47.0-255,66,131288,94,253742
45757,0.000937,172.217.194.0-255,5738,137026,94,253742
45758,0.000939,172.31.47.0-255,66,137092,94,253742
45759,0.000995,172.217.194.0-255,4320,141412,94,253742
45760,0.000997,172.31.47.0-255,66,141478,94,253742
45761,0.001028,172.31.47.0-255,66,141544,94,253742
45762,0.001069,172.217.194.0-255,1484,143028,94,253742
45763,0.001089,172.217.194.0-255,5738,148766,94,253742
45764,0.001091,172.31.47.0-255,66,148832,94,253742
45765,0.001101,172.31.47.0-255,66,148898,94,253742
45766,0.001123,172.31.47.0-255,66,148964,94,253742
45767,0.001136,172.217.194.0-255,4320,153284,94,253742
45768,0.001139,172.31.47.0-255,66,153350,94,253742
45769,0.001165,172.217.194.0-255,5020,158370,94,253742
45770,0.001168,172.31.47.0-255,66,158436,94,253742
45771,0.001283,172.217.194.0-255,1484,159920,94,253742
45772,0.001293,172.217.194.0-255,1484,161404,94,253742
45773,0.001296,172.31.47.0-255,66,161470,94,253742
45774,0.001307,172.217.194.0-255,1484,162954,94,253742
45775,0.001311,172.217.194.0-255,2902,165856,94,253742
45776,0.001313,172.31.47.0-255,66,165922,94,253742
45777,0.001331,172.217.194.0-255,2902,168824,94,253742
45778,0.001333,172.31.47.0-255,66,168890,94,253742
45779,0.001344,172.217.194.0-255,7156,176046,94,253742
45780,0.001346,172.31.47.0-255,66,176112,94,253742
45781,0.001352,172.217.194.0-255,7156,183268,94,253742
45782,0.001354,172.31.47.0-255,66,183334,94,253742
45783,0.001382,172.217.194.0-255,7156,190490,94,253742
45784,0.001384,172.31.47.0-255,66,190556,94,253742
45785,0.001388,172.217.194.0-255,3602,194158,94,253742
45786,0.00139,172.31.47.0-255,66,194224,94,253742
45787,0.001392,172.217.194.0-255,1484,195708,94,253742
45788,0.001422,172.31.47.0-255,66,195774,94,253742
45789,0.001442,172.217.194.0-255,7156,202930,94,253742
45790,0.001445,172.31.47.0-255,66,202996,94,253742
45791,0.00148,172.217.194.0-255,7156,210152,94,253742
45792,0.001482,172.31.47.0-255,66,210218,94,253742
45793,0.001509,172.217.194.0-255,5020,215238,94,253742
45794,0.001511,172.31.47.0-255,66,215304,94,253742
45795,0.001513,172.217.194.0-255,1484,216788,94,253742
45796,0.001517,172.217.194.0-255,2902,219690,94,253742
45797,0.001518,172.31.47.0-255,66,219756,94,253742
45798,0.001524,172.217.194.0-255,5738,225494,94,253742
45799,0.001526,172.31.47.0-255,66,225560,94,253742
45800,0.001537,172.31.47.0-255,66,225626,94,253742
45801,0.001564,172.217.194.0-255,1484,227110,94,253742
45802,0.001577,172.217.194.0-255,5738,232848,94,253742
45803,0.001583,172.31.47.0-255,66,232914,94,253742
45804,0.001593,172.217.194.0-255,6438,239352,94,253742
45805,0.001595,172.31.47.0-255,66,239418,94,253742
45806,0.001605,172.31.47.0-255,66,239484,94,253742
45807,0.001621,172.217.194.0-255,2902,242386,94,253742
45808,0.001624,172.31.47.0-255,66,242452,94,253742
45809,0.001639,172.31.47.0-255,66,242518,94,253742
45810,0.001641,172.217.194.0-255,1484,244002,94,253742
45811,0.001673,172.31.47.0-255,66,244068,94,253742
45812,0.001678,172.217.194.0-255,4320,248388,94,253742
45813,0.00168,172.31.47.0-255,66,248454,94,253742
45814,0.001699,172.31.47.0-255,66,248520,94,253742
45815,0.001719,172.217.194.0-255,1484,250004,94,253742
45816,0.001729,172.31.47.0-255,66,250070,94,253742
45817,0.001731,172.217.194.0-255,105,250175,94,253742
45818,0.003038,172.31.47.0-255,66,250241,94,253742
45819,0.003064,172.31.47.0-255,105,250346,94,253742
45820,0.005008,172.217.194.0-255,66,250412,94,253742
45821,0.026272,172.31.47.0-255,172,250584,94,253742
45822,0.0263,172.31.47.0-255,1116,251700,94,253742
45823,0.026349,172.31.47.0-255,1514,253214,94,253742
45824,0.02635,172.31.47.0-255,330,253544,94,253742
45825,0.027809,104.244.42.0-255,66,253610,94,253742
45826,0.027979,104.244.42.0-255,66,253676,94,253742
45827,0.027983,104.244.42.0-255,66,253742,94,253742
45828,0.0,172.217.194.0-255,153,153,94,360248
45829,3.5e-05,172.31.47.0-255,66,219,94,360248
45830,4.2e-05,172.217.194.0-255,1484,1703,94,360248
45831,4.6e-05,172.31.47.0-255,66,1769,94,360248
45832,5.2e-05,172.217.194.0-255,2902,4671,94,360248
45833,6.4e-05,172.31.47.0-255,66,4737,94,360248
45834,7.1e-05,172.217.194.0-255,7156,11893,94,360248
45835,7.3e-05,172.31.47.0-255,66,11959,94,360248
45836,7.7e-05,172.217.194.0-255,2137,14096,94,360248
45837,8e-05,172.31.47.0-255,66,14162,94,360248
45838,0.000374,172.217.194.0-255,1484,15646,94,360248
45839,0.000379,172.31.47.0-255,66,15712,94,360248
45840,0.000385,172.217.194.0-255,2902,18614,94,360248
45841,0.000387,172.31.47.0-255,66,18680,94,360248
45842,0.00039,172.217.194.0-255,1484,20164,94,360248
45843,0.000397,172.31.47.0-255,66,20230,94,360248
45844,0.00043,172.217.194.0-255,4320,24550,94,360248
45845,0.000434,172.31.47.0-255,66,24616,94,360248
45846,0.000441,172.217.194.0-255,6797,31413,94,360248
45847,0.000443,172.31.47.0-255,66,31479,94,360248
45848,0.00052,172.217.194.0-255,1484,32963,94,360248
45849,0.000523,172.31.47.0-255,66,33029,94,360248
45850,0.000527,172.217.194.0-255,2902,35931,94,360248
45851,0.000529,172.31.47.0-255,66,35997,94,360248
45852,0.000551,172.217.194.0-255,5738,41735,94,360248
45853,0.000554,172.31.47.0-255,66,41801,94,360248
45854,0.000596,172.217.194.0-255,6797,48598,94,360248
45855,0.0006,172.31.47.0-255,66,48664,94,360248
45856,0.000635,172.217.194.0-255,1484,50148,94,360248
45857,0.000638,172.31.47.0-255,66,50214,94,360248
45858,0.000642,172.217.194.0-255,2902,53116,94,360248
45859,0.000644,172.31.47.0-255,66,53182,94,360248
45860,0.000672,172.217.194.0-255,5738,58920,94,360248
45861,0.000678,172.31.47.0-255,66,58986,94,360248
45862,0.000703,172.217.194.0-255,4320,63306,94,360248
45863,0.000709,172.31.47.0-255,66,63372,94,360248
45864,0.000726,172.217.194.0-255,2543,65915,94,360248
45865,0.000729,172.31.47.0-255,66,65981,94,360248
45866,0.000732,172.217.194.0-255,645,66626,94,360248
45867,0.000815,172.31.47.0-255,66,66692,94,360248
45868,0.001268,172.217.194.0-255,1484,68176,94,360248
45869,0.00128,172.217.194.0-255,2902,71078,94,360248
45870,0.001284,172.31.47.0-255,66,71144,94,360248
45871,0.001289,172.217.194.0-255,2902,74046,94,360248
45872,0.001291,172.31.47.0-255,66,74112,94,360248
45873,0.001311,172.217.194.0-255,1484,75596,94,360248
45874,0.001338,172.217.194.0-255,5738,81334,94,360248
45875,0.001342,172.31.47.0-255,66,81400,94,360248
45876,0.001383,172.217.194.0-255,5738,87138,94,360248
45877,0.001386,172.31.47.0-255,66,87204,94,360248
45878,0.001431,172.217.194.0-255,5020,92224,94,360248
45879,0.001444,172.217.194.0-255,1484,93708,94,360248
45880,0.001448,172.217.194.0-255,2902,96610,94,360248
45881,0.001478,172.217.194.0-255,5738,102348,94,360248
45882,0.001507,172.217.194.0-255,4320,106668,94,360248
45883,0.00155,172.217.194.0-255,2902,109570,94,360248
45884,0.001957,172.217.194.0-255,1484,111054,94,360248
45885,0.001961,172.217.194.0-255,2902,113956,94,360248
45886,0.001971,172.217.194.0-255,2902,116858,94,360248
45887,0.001985,172.217.194.0-255,2902,119760,94,360248
45888,0.002015,172.217.194.0-255,1484,121244,94,360248
45889,0.00206,172.217.194.0-255,2902,124146,94,360248
45890,0.002081,172.217.194.0-255,6438,130584,94,360248
45891,0.00215,172.217.194.0-255,1484,132068,94,360248
45892,0.002165,172.217.194.0-255,2902,134970,94,360248
45893,0.00217,172.217.194.0-255,4320,139290,94,360248
45894,0.002183,172.217.194.0-255,1484,140774,94,360248
45895,0.002186,172.217.194.0-255,1484,142258,94,360248
45896,0.002231,172.217.194.0-255,1484,143742,94,360248
45897,0.002257,172.217.194.0-255,2184,145926,94,360248
45898,0.002295,172.217.194.0-255,1484,147410,94,360248
45899,0.002318,172.217.194.0-255,2902,150312,94,360248
45900,0.002324,172.217.194.0-255,5738,156050,94,360248
45901,0.002327,172.217.194.0-255,2902,158952,94,360248
45902,0.002342,172.217.194.0-255,5738,164690,94,360248
45903,0.002346,172.217.194.0-255,2902,167592,94,360248
45904,0.006264,172.31.47.0-255,66,167658,94,360248
45905,0.008606,172.217.194.0-255,5738,173396,94,360248
45906,0.008615,172.31.47.0-255,66,173462,94,360248
45907,0.010919,172.217.194.0-255,5738,179200,94,360248
45908,0.010926,172.31.47.0-255,66,179266,94,360248
45909,0.013203,172.217.194.0-255,5738,185004,94,360248
45910,0.013211,172.31.47.0-255,66,185070,94,360248
45911,0.015482,172.217.194.0-255,1484,186554,94,360248
45912,0.015517,172.217.194.0-255,4320,190874,94,360248
45913,0.015523,172.31.47.0-255,66,190940,94,360248
45914,0.017793,172.217.194.0-255,5738,196678,94,360248
45915,0.017799,172.31.47.0-255,66,196744,94,360248
45916,0.020098,172.217.194.0-255,5738,202482,94,360248
45917,0.020104,172.31.47.0-255,66,202548,94,360248
45918,0.022414,172.217.194.0-255,5738,208286,94,360248
45919,0.02243,172.31.47.0-255,66,208352,94,360248
45920,0.024772,172.217.194.0-255,5738,214090,94,360248
45921,0.024784,172.31.47.0-255,66,214156,94,360248
45922,0.027122,172.217.194.0-255,5738,219894,94,360248
45923,0.027134,172.31.47.0-255,66,219960,94,360248
45924,0.029429,172.217.194.0-255,5738,225698,94,360248
45925,0.029435,172.31.47.0-255,66,225764,94,360248
45926,0.029935,172.31.47.0-255,172,225936,94,360248
45927,0.029963,172.31.47.0-255,1111,227047,94,360248
45928,0.029993,172.31.47.0-255,1514,228561,94,360248
45929,0.029995,172.31.47.0-255,1293,229854,94,360248
45930,0.03147,104.244.42.0-255,66,229920,94,360248
45931,0.03151,104.244.42.0-255,66,229986,94,360248
45932,0.031554,104.244.42.0-255,66,230052,94,360248
45933,0.031722,172.217.194.0-255,2902,232954,94,360248
45934,0.031726,172.31.47.0-255,66,233020,94,360248
45935,0.031762,172.217.194.0-255,2902,235922,94,360248
45936,0.031766,172.31.47.0-255,66,235988,94,360248
45937,0.034011,172.217.194.0-255,2902,238890,94,360248
45938,0.034016,172.31.47.0-255,66,238956,94,360248
45939,0.034043,172.217.194.0-255,2902,241858,94,360248
45940,0.034046,172.31.47.0-255,66,241924,94,360248
45941,0.0363,172.217.194.0-255,2902,244826,94,360248
45942,0.036304,172.31.47.0-255,66,244892,94,360248
45943,0.036331,172.217.194.0-255,2902,247794,94,360248
45944,0.036333,172.31.47.0-255,66,247860,94,360248
45945,0.038582,172.217.194.0-255,2902,250762,94,360248
45946,0.038586,172.31.47.0-255,66,250828,94,360248
45947,0.038617,172.217.194.0-255,2902,253730,94,360248
45948,0.038619,172.31.47.0-255,66,253796,94,360248
45949,0.040848,172.217.194.0-255,2902,256698,94,360248
45950,0.040855,172.31.47.0-255,66,256764,94,360248
45951,0.040898,172.217.194.0-255,2902,259666,94,360248
45952,0.040902,172.31.47.0-255,66,259732,94,360248
45953,0.043154,172.217.194.0-255,2902,262634,94,360248
45954,0.043159,172.31.47.0-255,66,262700,94,360248
45955,0.043198,172.217.194.0-255,2902,265602,94,360248
45956,0.043201,172.31.47.0-255,66,265668,94,360248
45957,0.04543,172.217.194.0-255,2902,268570,94,360248
45958,0.045434,172.31.47.0-255,66,268636,94,360248
45959,0.045483,172.217.194.0-255,1484,270120,94,360248
45960,0.045499,172.217.194.0-255,1484,271604,94,360248
45961,0.045501,172.31.47.0-255,66,271670,94,360248
45962,0.047737,172.217.194.0-255,2902,274572,94,360248
45963,0.047742,172.31.47.0-255,66,274638,94,360248
45964,0.047777,172.217.194.0-255,2902,277540,94,360248
45965,0.04778,172.31.47.0-255,66,277606,94,360248
45966,0.050032,172.217.194.0-255,2902,280508,94,360248
45967,0.050037,172.31.47.0-255,66,280574,94,360248
45968,0.050063,172.217.194.0-255,2902,283476,94,360248
45969,0.050066,172.31.47.0-255,66,283542,94,360248
45970,0.052327,172.217.194.0-255,2902,286444,94,360248
45971,0.052332,172.31.47.0-255,66,286510,94,360248
45972,0.052368,172.217.194.0-255,2902,289412,94,360248
45973,0.052371,172.31.47.0-255,66,289478,94,360248
45974,0.054604,172.217.194.0-255,2902,292380,94,360248
45975,0.054609,172.31.47.0-255,66,292446,94,360248
45976,0.05464,172.217.194.0-255,1484,293930,94,360248
45977,0.054652,172.217.194.0-255,1484,295414,94,360248
45978,0.054654,172.31.47.0-255,66,295480,94,360248
45979,0.05689,172.217.194.0-255,2902,298382,94,360248
45980,0.056895,172.31.47.0-255,66,298448,94,360248
45981,0.056929,172.217.194.0-255,2902,301350,94,360248
45982,0.056932,172.31.47.0-255,66,301416,94,360248
45983,0.059172,172.217.194.0-255,2902,304318,94,360248
45984,0.059177,172.31.47.0-255,66,304384,94,360248
45985,0.059212,172.217.194.0-255,2902,307286,94,360248
45986,0.059216,172.31.47.0-255,66,307352,94,360248
45987,0.061483,172.217.194.0-255,2902,310254,94,360248
45988,0.061488,172.31.47.0-255,66,310320,94,360248
45989,0.061524,172.217.194.0-255,2902,313222,94,360248
45990,0.061527,172.31.47.0-255,66,313288,94,360248
45991,0.063753,172.217.194.0-255,2902,316190,94,360248
45992,0.063758,172.31.47.0-255,66,316256,94,360248
45993,0.063825,172.217.194.0-255,2902,319158,94,360248
45994,0.06383,172.31.47.0-255,66,319224,94,360248
45995,0.066051,172.217.194.0-255,2902,322126,94,360248
45996,0.066055,172.31.47.0-255,66,322192,94,360248
45997,0.066095,172.217.194.0-255,2902,325094,94,360248
45998,0.066098,172.31.47.0-255,66,325160,94,360248
45999,0.068328,172.217.194.0-255,2902,328062,94,360248
46000,0.068333,172.31.47.0-255,66,328128,94,360248
46001,0.068368,172.217.194.0-255,2902,331030,94,360248
46002,0.068372,172.31.47.0-255,66,331096,94,360248
46003,0.070629,172.217.194.0-255,2902,333998,94,360248
46004,0.070633,172.31.47.0-255,66,334064,94,360248
46005,0.070661,172.217.194.0-255,2902,336966,94,360248
46006,0.070664,172.31.47.0-255,66,337032,94,360248
46007,0.072936,172.217.194.0-255,5738,342770,94,360248
46008,0.072941,172.31.47.0-255,66,342836,94,360248
46009,0.075231,172.217.194.0-255,5738,348574,94,360248
46010,0.075235,172.31.47.0-255,66,348640,94,360248
46011,0.077516,172.217.194.0-255,5738,354378,94,360248
46012,0.077521,172.31.47.0-255,66,354444,94,360248
46013,0.079812,172.217.194.0-255,5738,360182,94,360248
46014,0.079818,172.31.47.0-255,66,360248,94,360248
46015,0.0,74.125.68.0-255,152,152,94,308865
46016,1.9e-05,172.31.47.0-255,66,218,94,308865
46017,4.3e-05,74.125.68.0-255,1484,1702,94,308865
46018,4.7e-05,172.31.47.0-255,66,1768,94,308865
46019,5.2e-05,74.125.68.0-255,2902,4670,94,308865
46020,5.5e-05,172.31.47.0-255,66,4736,94,308865
46021,5.8e-05,74.125.68.0-255,1484,6220,94,308865
46022,6e-05,172.31.47.0-255,66,6286,94,308865
46023,8.4e-05,74.125.68.0-255,4320,10606,94,308865
46024,8.7e-05,172.31.47.0-255,66,10672,94,308865
46025,0.000114,74.125.68.0-255,1484,12156,94,308865
46026,0.000116,172.31.47.0-255,66,12222,94,308865
46027,0.000138,74.125.68.0-255,1484,13706,94,308865
46028,0.00014,172.31.47.0-255,66,13772,94,308865
46029,0.000161,74.125.68.0-255,2045,15817,94,308865
46030,0.000163,172.31.47.0-255,66,15883,94,308865
46031,0.000194,74.125.68.0-255,2902,18785,94,308865
46032,0.000198,172.31.47.0-255,66,18851,94,308865
46033,0.000201,74.125.68.0-255,1484,20335,94,308865
46034,0.000202,172.31.47.0-255,66,20401,94,308865
46035,0.000219,74.125.68.0-255,2902,23303,94,308865
46036,0.000222,172.31.47.0-255,66,23369,94,308865
46037,0.000242,74.125.68.0-255,1484,24853,94,308865
46038,0.000244,172.31.47.0-255,66,24919,94,308865
46039,0.000268,74.125.68.0-255,6797,31716,94,308865
46040,0.000271,172.31.47.0-255,66,31782,94,308865
46041,0.000363,74.125.68.0-255,1484,33266,94,308865
46042,0.000368,172.31.47.0-255,66,33332,94,308865
46043,0.000387,74.125.68.0-255,2902,36234,94,308865
46044,0.00039,172.31.47.0-255,66,36300,94,308865
46045,0.000392,74.125.68.0-255,1484,37784,94,308865
46046,0.000393,172.31.47.0-255,66,37850,94,308865
46047,0.000407,74.125.68.0-255,2902,40752,94,308865
46048,0.000409,172.31.47.0-255,66,40818,94,308865
46049,0.00046,74.125.68.0-255,4320,45138,94,308865
46050,0.000465,172.31.47.0-255,66,45204,94,308865
46051,0.00051,74.125.68.0-255,3961,49165,94,308865
46052,0.000515,172.31.47.0-255,66,49231,94,308865
46053,0.000548,74.125.68.0-255,4320,53551,94,308865
46054,0.000552,172.31.47.0-255,66,53617,94,308865
46055,0.000557,74.125.68.0-255,2902,56519,94,308865
46056,0.00056,172.31.47.0-255,66,56585,94,308865
46057,0.000564,74.125.68.0-255,4320,60905,94,308865
46058,0.000567,172.31.47.0-255,66,60971,94,308865
46059,0.000603,74.125.68.0-255,5690,66661,94,308865
46060,0.000607,172.31.47.0-255,66,66727,94,308865
46061,0.001264,74.125.68.0-255,111,66838,94,308865
46062,0.00127,172.31.47.0-255,66,66904,94,308865
46063,0.001319,74.125.68.0-255,330,67234,94,308865
46064,0.001322,172.31.47.0-255,66,67300,94,308865
46065,0.001544,74.125.68.0-255,1484,68784,94,308865
46066,0.001548,172.31.47.0-255,66,68850,94,308865
46067,0.001566,74.125.68.0-255,1484,70334,94,308865
46068,0.001568,172.31.47.0-255,66,70400,94,308865
46069,0.001604,74.125.68.0-255,1484,71884,94,308865
46070,0.001607,172.31.47.0-255,66,71950,94,308865
46071,0.001618,74.125.68.0-255,1484,73434,94,308865
46072,0.001628,74.125.68.0-255,1484,74918,94,308865
46073,0.00163,172.31.47.0-255,66,74984,94,308865
46074,0.001649,74.125.68.0-255,2902,77886,94,308865
46075,0.001651,172.31.47.0-255,66,77952,94,308865
46076,0.001662,74.125.68.0-255,2902,80854,94,308865
46077,0.001664,172.31.47.0-255,66,80920,94,308865
46078,0.001688,74.125.68.0-255,3961,84881,94,308865
46079,0.00169,172.31.47.0-255,66,84947,94,308865
46080,0.002041,74.125.68.0-255,1484,86431,94,308865
46081,0.003717,74.125.68.0-255,4320,90751,94,308865
46082,0.003722,172.31.47.0-255,66,90817,94,308865
46083,0.005736,74.125.68.0-255,2902,93719,94,308865
46084,0.005741,172.31.47.0-255,66,93785,94,308865
46085,0.005758,74.125.68.0-255,2902,96687,94,308865
46086,0.005759,172.31.47.0-255,66,96753,94,308865
46087,0.007761,74.125.68.0-255,5738,102491,94,308865
46088,0.007767,172.31.47.0-255,66,102557,94,308865
46089,0.009795,74.125.68.0-255,5738,108295,94,308865
46090,0.009803,172.31.47.0-255,66,108361,94,308865
46091,0.011833,74.125.68.0-255,5738,114099,94,308865
46092,0.011841,172.31.47.0-255,66,114165,94,308865
46093,0.013866,74.125.68.0-255,5738,119903,94,308865
46094,0.013874,172.31.47.0-255,66,119969,94,308865
46095,0.015903,74.125.68.0-255,5738,125707,94,308865
46096,0.015914,172.31.47.0-255,66,125773,94,308865
46097,0.017926,74.125.68.0-255,5738,131511,94,308865
46098,0.017933,172.31.47.0-255,66,131577,94,308865
46099,0.019957,74.125.68.0-255,5738,137315,94,308865
46100,0.019963,172.31.47.0-255,66,137381,94,308865
46101,0.021836,172.31.47.0-255,172,137553,94,308865
46102,0.021881,172.31.47.0-255,1117,138670,94,308865
46103,0.021955,172.31.47.0-255,1514,140184,94,308865
46104,0.021958,172.31.47.0-255,1287,141471,94,308865
46105,0.021988,74.125.68.0-255,5738,147209,94,308865
46106,0.021993,172.31.47.0-255,66,147275,94,308865
46107,0.023373,104.244.42.0-255,66,147341,94,308865
46108,0.023478,104.244.42.0-255,66,147407,94,308865
46109,0.023481,104.244.42.0-255,66,147473,94,308865
46110,0.024026,74.125.68.0-255,5738,153211,94,308865
46111,0.024031,172.31.47.0-255,66,153277,94,308865
46112,0.026041,74.125.68.0-255,2902,156179,94,308865
46113,0.026046,172.31.47.0-255,66,156245,94,308865
46114,0.02607,74.125.68.0-255,2902,159147,94,308865
46115,0.026073,172.31.47.0-255,66,159213,94,308865
46116,0.028055,74.125.68.0-255,2902,162115,94,308865
46117,0.028061,172.31.47.0-255,66,162181,94,308865
46118,0.02809,74.125.68.0-255,2902,165083,94,308865
46119,0.028093,172.31.47.0-255,66,165149,94,308865
46120,0.030085,74.125.68.0-255,2902,168051,94,308865
46121,0.03009,172.31.47.0-255,66,168117,94,308865
46122,0.030116,74.125.68.0-255,2902,171019,94,308865
46123,0.030119,172.31.47.0-255,66,171085,94,308865
46124,0.032115,74.125.68.0-255,2902,173987,94,308865
46125,0.032119,172.31.47.0-255,66,174053,94,308865
46126,0.03215,74.125.68.0-255,2902,176955,94,308865
46127,0.032152,172.31.47.0-255,66,177021,94,308865
46128,0.034128,74.125.68.0-255,2902,179923,94,308865
46129,0.034133,172.31.47.0-255,66,179989,94,308865
46130,0.034167,74.125.68.0-255,2902,182891,94,308865
46131,0.034171,172.31.47.0-255,66,182957,94,308865
46132,0.036148,74.125.68.0-255,2902,185859,94,308865
46133,0.036152,172.31.47.0-255,66,185925,94,308865
46134,0.036187,74.125.68.0-255,2902,188827,94,308865
46135,0.03619,172.31.47.0-255,66,188893,94,308865
46136,0.03817,74.125.68.0-255,2902,191795,94,308865
46137,0.038175,172.31.47.0-255,66,191861,94,308865
46138,0.038205,74.125.68.0-255,2902,194763,94,308865
46139,0.038207,172.31.47.0-255,66,194829,94,308865
46140,0.040186,74.125.68.0-255,2902,197731,94,308865
46141,0.04019,172.31.47.0-255,66,197797,94,308865
46142,0.040214,74.125.68.0-255,2902,200699,94,308865
46143,0.040217,172.31.47.0-255,66,200765,94,308865
46144,0.042205,74.125.68.0-255,2902,203667,94,308865
46145,0.04222,172.31.47.0-255,66,203733,94,308865
46146,0.042239,74.125.68.0-255,2902,206635,94,308865
46147,0.042243,172.31.47.0-255,66,206701,94,308865
46148,0.044245,74.125.68.0-255,5738,212439,94,308865
46149,0.044249,172.31.47.0-255,66,212505,94,308865
46150,0.046271,74.125.68.0-255,5738,218243,94,308865
46151,0.046277,172.31.47.0-255,66,218309,94,308865
46152,0.048309,74.125.68.0-255,5738,224047,94,308865
46153,0.048321,172.31.47.0-255,66,224113,94,308865
46154,0.050343,74.125.68.0-255,5738,229851,94,308865
46155,0.050349,172.31.47.0-255,66,229917,94,308865
46156,0.052383,74.125.68.0-255,5738,235655,94,308865
46157,0.052389,172.31.47.0-255,66,235721,94,308865
46158,0.054407,74.125.68.0-255,5738,241459,94,308865
46159,0.054415,172.31.47.0-255,66,241525,94,308865
46160,0.056438,74.125.68.0-255,5738,247263,94,308865
46161,0.056443,172.31.47.0-255,66,247329,94,308865
46162,0.058491,74.125.68.0-255,5738,253067,94,308865
46163,0.058496,172.31.47.0-255,66,253133,94,308865
46164,0.060509,74.125.68.0-255,5738,258871,94,308865
46165,0.060514,172.31.47.0-255,66,258937,94,308865
46166,0.062535,74.125.68.0-255,5738,264675,94,308865
46167,0.062539,172.31.47.0-255,66,264741,94,308865
46168,0.064556,74.125.68.0-255,4320,269061,94,308865
46169,0.064562,172.31.47.0-255,66,269127,94,308865
46170,0.064594,74.125.68.0-255,1484,270611,94,308865
46171,0.066581,74.125.68.0-255,4320,274931,94,308865
46172,0.066586,172.31.47.0-255,66,274997,94,308865
46173,0.068603,74.125.68.0-255,5738,280735,94,308865
46174,0.068607,172.31.47.0-255,66,280801,94,308865
46175,0.070618,74.125.68.0-255,5738,286539,94,308865
46176,0.070624,172.31.47.0-255,66,286605,94,308865
46177,0.072674,74.125.68.0-255,4320,290925,94,308865
46178,0.07268,172.31.47.0-255,66,290991,94,308865
46179,0.072706,74.125.68.0-255,1484,292475,94,308865
46180,0.074683,74.125.68.0-255,1484,293959,94,308865
46181,0.074688,172.31.47.0-255,66,294025,94,308865
46182,0.07472,74.125.68.0-255,2902,296927,94,308865
46183,0.074723,172.31.47.0-255,66,296993,94,308865
46184,0.076699,74.125.68.0-255,2902,299895,94,308865
46185,0.076703,172.31.47.0-255,66,299961,94,308865
46186,0.076732,74.125.68.0-255,2902,302863,94,308865
46187,0.076736,172.31.47.0-255,66,302929,94,308865
46188,0.078722,74.125.68.0-255,2902,305831,94,308865
46189,0.078732,172.31.47.0-255,66,305897,94,308865
46190,0.078748,74.125.68.0-255,2902,308799,94,308865
46191,0.078751,172.31.47.0-255,66,308865,94,308865
46192,0.0,172.217.194.0-255,153,153,94,247181
46193,3.4e-05,172.31.47.0-255,66,219,94,247181
46194,4e-05,172.217.194.0-255,1484,1703,94,247181
46195,4.4e-05,172.31.47.0-255,66,1769,94,247181
46196,4.9e-05,172.217.194.0-255,2902,4671,94,247181
46197,5.2e-05,172.31.47.0-255,66,4737,94,247181
46198,6.5e-05,172.217.194.0-255,4320,9057,94,247181
46199,6.8e-05,172.31.47.0-255,66,9123,94,247181
46200,0.000103,172.217.194.0-255,4971,14094,94,247181
46201,0.000107,172.31.47.0-255,66,14160,94,247181
46202,0.00011,172.217.194.0-255,1484,15644,94,247181
46203,0.000112,172.31.47.0-255,66,15710,94,247181
46204,0.000116,172.217.194.0-255,2902,18612,94,247181
46205,0.000118,172.31.47.0-255,66,18678,94,247181
46206,0.000131,172.217.194.0-255,5738,24416,94,247181
46207,0.000134,172.31.47.0-255,66,24482,94,247181
46208,0.000177,172.217.194.0-255,6797,31279,94,247181
46209,0.000179,172.31.47.0-255,66,31345,94,247181
46210,0.000305,172.217.194.0-255,1484,32829,94,247181
46211,0.000309,172.31.47.0-255,66,32895,94,247181
46212,0.000315,172.217.194.0-255,2902,35797,94,247181
46213,0.000319,172.31.47.0-255,66,35863,94,247181
46214,0.000332,172.217.194.0-255,1484,37347,94,247181
46215,0.00034,172.31.47.0-255,66,37413,94,247181
46216,0.000367,172.217.194.0-255,4320,41733,94,247181
46217,0.000371,172.31.47.0-255,66,41799,94,247181
46218,0.000376,172.217.194.0-255,4320,46119,94,247181
46219,0.000379,172.31.47.0-255,66,46185,94,247181
46220,0.000383,172.217.194.0-255,2902,49087,94,247181
46221,0.000385,172.31.47.0-255,66,49153,94,247181
46222,0.000429,172.31.47.0-255,66,49219,94,247181
46223,0.000436,172.217.194.0-255,6797,56016,94,247181
46224,0.00044,172.31.47.0-255,66,56082,94,247181
46225,0.000442,172.217.194.0-255,362,56444,94,247181
46226,0.000532,172.217.194.0-255,382,56826,94,247181
46227,0.00079,172.217.194.0-255,1484,58310,94,247181
46228,0.000795,172.31.47.0-255,66,58376,94,247181
46229,0.000808,172.217.194.0-255,2902,61278,94,247181
46230,0.000815,172.31.47.0-255,66,61344,94,247181
46231,0.00082,172.217.194.0-255,2902,64246,94,247181
46232,0.000822,172.31.47.0-255,66,64312,94,247181
46233,0.000853,172.217.194.0-255,2902,67214,94,247181
46234,0.00086,172.31.47.0-255,66,67280,94,247181
46235,0.000894,172.31.47.0-255,66,67346,94,247181
46236,0.000898,172.217.194.0-255,1484,68830,94,247181
46237,0.000956,172.31.47.0-255,66,68896,94,247181
46238,0.001082,172.217.194.0-255,1484,70380,94,247181
46239,0.001101,172.217.194.0-255,2902,73282,94,247181
46240,0.001105,172.31.47.0-255,66,73348,94,247181
46241,0.001108,172.217.194.0-255,1484,74832,94,247181
46242,0.001133,172.217.194.0-255,4320,79152,94,247181
46243,0.001136,172.31.47.0-255,66,79218,94,247181
46244,0.001142,172.217.194.0-255,4320,83538,94,247181
46245,0.001144,172.31.47.0-255,66,83604,94,247181
46246,0.001149,172.217.194.0-255,2902,86506,94,247181
46247,0.001151,172.31.47.0-255,66,86572,94,247181
46248,0.001203,172.31.47.0-255,66,86638,94,247181
46249,0.001213,172.31.47.0-255,66,86704,94,247181
46250,0.001348,172.217.194.0-255,1484,88188,94,247181
46251,0.001366,172.217.194.0-255,2902,91090,94,247181
46252,0.00137,172.31.47.0-255,66,91156,94,247181
46253,0.001376,172.217.194.0-255,4320,95476,94,247181
46254,0.001378,172.31.47.0-255,66,95542,94,247181
46255,0.001399,172.217.194.0-255,2902,98444,94,247181
46256,0.001402,172.31.47.0-255,66,98510,94,247181
46257,0.001431,172.217.194.0-255,5738,104248,94,247181
46258,0.001434,172.31.47.0-255,66,104314,94,247181
46259,0.001473,172.31.47.0-255,66,104380,94,247181
46260,0.001497,172.31.47.0-255,66,104446,94,247181
46261,0.00153,172.217.194.0-255,1484,105930,94,247181
46262,0.001535,172.217.194.0-255,2902,108832,94,247181
46263,0.001538,172.31.47.0-255,66,108898,94,247181
46264,0.001567,172.217.194.0-255,5738,114636,94,247181
46265,0.001571,172.31.47.0-255,66,114702,94,247181
46266,0.001574,172.217.194.0-255,1484,116186,94,247181
46267,0.001602,172.217.194.0-255,4320,120506,94,247181
46268,0.001606,172.31.47.0-255,66,120572,94,247181
46269,0.001612,172.217.194.0-255,7156,127728,94,247181
46270,0.001614,172.31.47.0-255,66,127794,94,247181
46271,0.001642,172.217.194.0-255,1484,129278,94,247181
46272,0.001659,172.217.194.0-255,7156,136434,94,247181
46273,0.001664,172.31.47.0-255,66,136500,94,247181
46274,0.001673,172.217.194.0-255,2184,138684,94,247181
46275,0.001676,172.31.47.0-255,66,138750,94,247181
46276,0.001695,172.31.47.0-255,66,138816,94,247181
46277,0.00174,172.31.47.0-255,66,138882,94,247181
46278,0.001743,172.217.194.0-255,1484,140366,94,247181
46279,0.001774,172.31.47.0-255,66,140432,94,247181
46280,0.001802,172.217.194.0-255,7156,147588,94,247181
46281,0.001806,172.31.47.0-255,66,147654,94,247181
46282,0.001816,172.31.47.0-255,66,147720,94,247181
46283,0.001846,172.217.194.0-255,4320,152040,94,247181
46284,0.001849,172.31.47.0-255,66,152106,94,247181
46285,0.001856,172.217.194.0-255,5738,157844,94,247181
46286,0.001859,172.31.47.0-255,66,157910,94,247181
46287,0.001903,172.31.47.0-255,66,157976,94,247181
46288,0.002022,172.217.194.0-255,1484,159460,94,247181
46289,0.002029,172.217.194.0-255,2902,162362,94,247181
46290,0.002032,172.31.47.0-255,66,162428,94,247181
46291,0.002039,172.217.194.0-255,5738,168166,94,247181
46292,0.002041,172.31.47.0-255,66,168232,94,247181
46293,0.002112,172.31.47.0-255,66,168298,94,247181
46294,0.002119,172.217.194.0-255,7156,175454,94,247181
46295,0.002121,172.31.47.0-255,66,175520,94,247181
46296,0.002141,172.217.194.0-255,1484,177004,94,247181
46297,0.00217,172.217.194.0-255,6438,183442,94,247181
46298,0.002175,172.31.47.0-255,66,183508,94,247181
46299,0.002185,172.31.47.0-255,66,183574,94,247181
46300,0.002187,172.217.194.0-255,1484,185058,94,247181
46301,0.002223,172.31.47.0-255,66,185124,94,247181
46302,0.002247,172.217.194.0-255,5738,190862,94,247181
46303,0.00225,172.31.47.0-255,66,190928,94,247181
46304,0.00228,172.217.194.0-255,5020,195948,94,247181
46305,0.002284,172.31.47.0-255,66,196014,94,247181
46306,0.002287,172.217.194.0-255,1484,197498,94,247181
46307,0.00231,172.217.194.0-255,2902,200400,94,247181
46308,0.002312,172.31.47.0-255,66,200466,94,247181
46309,0.002319,172.217.194.0-255,4320,204786,94,247181
46310,0.002321,172.31.47.0-255,66,204852,94,247181
46311,0.002339,172.217.194.0-255,1484,206336,94,247181
46312,0.002342,172.217.194.0-255,1484,207820,94,247181
46313,0.002351,172.31.47.0-255,66,207886,94,247181
46314,0.002377,172.217.194.0-255,2902,210788,94,247181
46315,0.002386,172.31.47.0-255,66,210854,94,247181
46316,0.002396,172.217.194.0-255,4320,215174,94,247181
46317,0.002399,172.31.47.0-255,66,215240,94,247181
46318,0.002418,172.217.194.0-255,1484,216724,94,247181
46319,0.002431,172.217.194.0-255,7156,223880,94,247181
46320,0.002433,172.31.47.0-255,66,223946,94,247181
46321,0.002464,172.217.194.0-255,6438,230384,94,247181
46322,0.002468,172.31.47.0-255,66,230450,94,247181
46323,0.002493,172.217.194.0-255,1484,231934,94,247181
46324,0.002507,172.217.194.0-255,2902,234836,94,247181
46325,0.002511,172.31.47.0-255,66,234902,94,247181
46326,0.002514,172.217.194.0-255,1484,236386,94,247181
46327,0.00254,172.217.194.0-255,4320,240706,94,247181
46328,0.002543,172.31.47.0-255,66,240772,94,247181
46329,0.002583,172.31.47.0-255,66,240838,94,247181
46330,0.002595,172.217.194.0-255,1484,242322,94,247181
46331,0.002613,172.31.47.0-255,66,242388,94,247181
46332,0.002652,172.31.47.0-255,66,242454,94,247181
46333,0.002655,172.217.194.0-255,97,242551,94,247181
46334,0.002699,172.217.194.0-255,105,242656,94,247181
46335,0.003663,172.31.47.0-255,66,242722,94,247181
46336,0.003689,172.31.47.0-255,105,242827,94,247181
46337,0.005955,172.217.194.0-255,66,242893,94,247181
46338,0.045536,172.31.47.0-255,171,243064,94,247181
46339,0.045572,172.31.47.0-255,1132,244196,94,247181
46340,0.045612,172.31.47.0-255,1514,245710,94,247181
46341,0.045614,172.31.47.0-255,1273,246983,94,247181
46342,0.047098,104.244.42.0-255,66,247049,94,247181
46343,0.047131,104.244.42.0-255,66,247115,94,247181
46344,0.047185,104.244.42.0-255,66,247181,94,247181
46345,0.0,74.125.24.0-255,153,153,94,232888
46346,2.6e-05,172.31.47.0-255,66,219,94,232888
46347,3.2e-05,74.125.24.0-255,1484,1703,94,232888
46348,3.6e-05,172.31.47.0-255,66,1769,94,232888
46349,4.1e-05,74.125.24.0-255,2902,4671,94,232888
46350,4.4e-05,172.31.47.0-255,66,4737,94,232888
46351,5.2e-05,74.125.24.0-255,7156,11893,94,232888
46352,5.4e-05,172.31.47.0-255,66,11959,94,232888
46353,8.2e-05,74.125.24.0-255,4320,16279,94,232888
46354,8.6e-05,172.31.47.0-255,66,16345,94,232888
46355,0.000115,172.31.47.0-255,66,16411,94,232888
46356,0.00012,74.125.24.0-255,2543,18954,94,232888
46357,0.000122,172.31.47.0-255,66,19020,94,232888
46358,0.000177,74.125.24.0-255,1484,20504,94,232888
46359,0.00018,172.31.47.0-255,66,20570,94,232888
46360,0.000185,74.125.24.0-255,2902,23472,94,232888
46361,0.000187,172.31.47.0-255,66,23538,94,232888
46362,0.000206,74.125.24.0-255,5738,29276,94,232888
46363,0.000209,172.31.47.0-255,66,29342,94,232888
46364,0.000235,74.125.24.0-255,7156,36498,94,232888
46365,0.000238,172.31.47.0-255,66,36564,94,232888
46366,0.000253,74.125.24.0-255,6797,43361,94,232888
46367,0.000256,172.31.47.0-255,66,43427,94,232888
46368,0.000321,74.125.24.0-255,5738,49165,94,232888
46369,0.000324,172.31.47.0-255,66,49231,94,232888
46370,0.000344,74.125.24.0-255,4257,53488,94,232888
46371,0.000348,172.31.47.0-255,66,53554,94,232888
46372,0.000367,74.125.24.0-255,383,53937,94,232888
46373,0.00037,172.31.47.0-255,66,54003,94,232888
46374,0.000441,74.125.24.0-255,1484,55487,94,232888
46375,0.000444,172.31.47.0-255,66,55553,94,232888
46376,0.000449,74.125.24.0-255,2902,58455,94,232888
46377,0.000453,172.31.47.0-255,66,58521,94,232888
46378,0.000463,74.125.24.0-255,4320,62841,94,232888
46379,0.000466,172.31.47.0-255,66,62907,94,232888
46380,0.000494,74.125.24.0-255,1484,64391,94,232888
46381,0.00051,172.31.47.0-255,66,64457,94,232888
46382,0.000521,172.31.47.0-255,66,64523,94,232888
46383,0.000633,74.125.24.0-255,1484,66007,94,232888
46384,0.000638,74.125.24.0-255,2902,68909,94,232888
46385,0.000641,172.31.47.0-255,66,68975,94,232888
46386,0.000661,74.125.24.0-255,5738,74713,94,232888
46387,0.000663,172.31.47.0-255,66,74779,94,232888
46388,0.000698,172.31.47.0-255,66,74845,94,232888
46389,0.000704,74.125.24.0-255,4320,79165,94,232888
46390,0.000706,172.31.47.0-255,66,79231,94,232888
46391,0.000723,74.125.24.0-255,6438,85669,94,232888
46392,0.000726,172.31.47.0-255,66,85735,94,232888
46393,0.000751,74.125.24.0-255,1484,87219,94,232888
46394,0.000756,74.125.24.0-255,2902,90121,94,232888
46395,0.000758,172.31.47.0-255,66,90187,94,232888
46396,0.000771,74.125.24.0-255,4320,94507,94,232888
46397,0.000775,172.31.47.0-255,66,94573,94,232888
46398,0.00079,74.125.24.0-255,1484,96057,94,232888
46399,0.000805,74.125.24.0-255,5738,101795,94,232888
46400,0.000809,172.31.47.0-255,66,101861,94,232888
46401,0.000829,74.125.24.0-255,7156,109017,94,232888
46402,0.000833,172.31.47.0-255,66,109083,94,232888
46403,0.000847,74.125.24.0-255,4320,113403,94,232888
46404,0.00085,172.31.47.0-255,66,113469,94,232888
46405,0.000867,74.125.24.0-255,6438,119907,94,232888
46406,0.000869,172.31.47.0-255,66,119973,94,232888
46407,0.000912,74.125.24.0-255,5738,125711,94,232888
46408,0.000915,172.31.47.0-255,66,125777,94,232888
46409,0.000936,74.125.24.0-255,5738,131515,94,232888
46410,0.000939,172.31.47.0-255,66,131581,94,232888
46411,0.000952,172.31.47.0-255,66,131647,94,232888
46412,0.000971,74.125.24.0-255,4320,135967,94,232888
46413,0.000973,172.31.47.0-255,66,136033,94,232888
46414,0.000996,74.125.24.0-255,5020,141053,94,232888
46415,0.000999,172.31.47.0-255,66,141119,94,232888
46416,0.001002,74.125.24.0-255,1484,142603,94,232888
46417,0.001021,74.125.24.0-255,7156,149759,94,232888
46418,0.001024,172.31.47.0-255,66,149825,94,232888
46419,0.001041,74.125.24.0-255,1484,151309,94,232888
46420,0.001047,74.125.24.0-255,5738,157047,94,232888
46421,0.001049,172.31.47.0-255,66,157113,94,232888
46422,0.001069,74.125.24.0-255,5738,162851,94,232888
46423,0.001072,172.31.47.0-255,66,162917,94,232888
46424,0.001077,74.125.24.0-255,4320,167237,94,232888
46425,0.001079,172.31.47.0-255,66,167303,94,232888
46426,0.001107,172.31.47.0-255,66,167369,94,232888
46427,0.001133,172.31.47.0-255,66,167435,94,232888
46428,0.001139,74.125.24.0-255,4320,171755,94,232888
46429,0.001141,172.31.47.0-255,66,171821,94,232888
46430,0.001161,74.125.24.0-255,5738,177559,94,232888
46431,0.001164,172.31.47.0-255,66,177625,94,232888
46432,0.001169,74.125.24.0-255,4320,181945,94,232888
46433,0.001172,172.31.47.0-255,66,182011,94,232888
46434,0.001201,172.31.47.0-255,66,182077,94,232888
46435,0.001203,74.125.24.0-255,1484,183561,94,232888
46436,0.001238,74.125.24.0-255,5738,189299,94,232888
46437,0.001241,172.31.47.0-255,66,189365,94,232888
46438,0.001251,172.31.47.0-255,66,189431,94,232888
46439,0.001267,172.31.47.0-255,66,189497,94,232888
46440,0.001269,74.125.24.0-255,766,190263,94,232888
46441,0.00142,74.125.24.0-255,1484,191747,94,232888
46442,0.001424,74.125.24.0-255,2902,194649,94,232888
46443,0.001425,172.31.47.0-255,66,194715,94,232888
46444,0.001426,74.125.24.0-255,1484,196199,94,232888
46445,0.001429,172.31.47.0-255,66,196265,94,232888
46446,0.00145,74.125.24.0-255,4320,200585,94,232888
46447,0.001453,172.31.47.0-255,66,200651,94,232888
46448,0.00149,172.31.47.0-255,66,200717,94,232888
46449,0.001523,172.31.47.0-255,66,200783,94,232888
46450,0.001541,74.125.24.0-255,3602,204385,94,232888
46451,0.001544,172.31.47.0-255,66,204451,94,232888
46452,0.001549,74.125.24.0-255,4320,208771,94,232888
46453,0.001551,172.31.47.0-255,66,208837,94,232888
46454,0.001573,172.31.47.0-255,66,208903,94,232888
46455,0.001576,74.125.24.0-255,1484,210387,94,232888
46456,0.001597,172.31.47.0-255,66,210453,94,232888
46457,0.001618,74.125.24.0-255,1484,211937,94,232888
46458,0.001648,172.31.47.0-255,66,212003,94,232888
46459,0.001664,172.31.47.0-255,66,212069,94,232888
46460,0.001675,74.125.24.0-255,766,212835,94,232888
46461,0.001681,74.125.24.0-255,7156,219991,94,232888
46462,0.001684,172.31.47.0-255,66,220057,94,232888
46463,0.001704,74.125.24.0-255,3602,223659,94,232888
46464,0.001707,172.31.47.0-255,66,223725,94,232888
46465,0.001738,74.125.24.0-255,4320,228045,94,232888
46466,0.00174,172.31.47.0-255,66,228111,94,232888
46467,0.001754,74.125.24.0-255,2994,231105,94,232888
46468,0.001757,172.31.47.0-255,66,231171,94,232888
46469,0.001759,74.125.24.0-255,105,231276,94,232888
46470,0.003135,172.31.47.0-255,66,231342,94,232888
46471,0.003171,172.31.47.0-255,105,231447,94,232888
46472,0.005673,74.125.24.0-255,66,231513,94,232888
46473,0.030587,172.31.47.0-255,172,231685,94,232888
46474,0.030615,172.31.47.0-255,1071,232756,94,232888
46475,0.032071,104.244.42.0-255,66,232822,94,232888
46476,0.032094,104.244.42.0-255,66,232888,94,232888
46477,0.0,74.125.68.0-255,153,153,94,367823
46478,2.3e-05,172.31.47.0-255,66,219,94,367823
46479,2.9e-05,74.125.68.0-255,1484,1703,94,367823
46480,3.4e-05,172.31.47.0-255,66,1769,94,367823
46481,3.8e-05,74.125.68.0-255,2902,4671,94,367823
46482,4.6e-05,172.31.47.0-255,66,4737,94,367823
46483,5.1e-05,74.125.68.0-255,5738,10475,94,367823
46484,5.3e-05,172.31.47.0-255,66,10541,94,367823
46485,8.2e-05,74.125.68.0-255,6363,16904,94,367823
46486,8.5e-05,172.31.47.0-255,66,16970,94,367823
46487,0.000117,172.31.47.0-255,66,17036,94,367823
46488,0.00015,74.125.68.0-255,2902,19938,94,367823
46489,0.000153,172.31.47.0-255,66,20004,94,367823
46490,0.000167,74.125.68.0-255,1125,21129,94,367823
46491,0.000169,172.31.47.0-255,66,21195,94,367823
46492,0.00027,74.125.68.0-255,1484,22679,94,367823
46493,0.000274,172.31.47.0-255,66,22745,94,367823
46494,0.000284,74.125.68.0-255,1484,24229,94,367823
46495,0.00029,172.31.47.0-255,66,24295,94,367823
46496,0.000312,74.125.68.0-255,1484,25779,94,367823
46497,0.000315,172.31.47.0-255,66,25845,94,367823
46498,0.00032,74.125.68.0-255,2902,28747,94,367823
46499,0.000321,172.31.47.0-255,66,28813,94,367823
46500,0.000326,74.125.68.0-255,4320,33133,94,367823
46501,0.000332,172.31.47.0-255,66,33199,94,367823
46502,0.000359,74.125.68.0-255,5379,38578,94,367823
46503,0.000362,172.31.47.0-255,66,38644,94,367823
46504,0.000377,74.125.68.0-255,5738,44382,94,367823
46505,0.000383,172.31.47.0-255,66,44448,94,367823
46506,0.000411,74.125.68.0-255,7156,51604,94,367823
46507,0.000414,172.31.47.0-255,66,51670,94,367823
46508,0.000452,74.125.68.0-255,3961,55631,94,367823
46509,0.000455,172.31.47.0-255,66,55697,94,367823
46510,0.000476,74.125.68.0-255,646,56343,94,367823
46511,0.000665,74.125.68.0-255,1484,57827,94,367823
46512,0.000668,172.31.47.0-255,66,57893,94,367823
46513,0.000695,74.125.68.0-255,2902,60795,94,367823
46514,0.000698,172.31.47.0-255,66,60861,94,367823
46515,0.000702,74.125.68.0-255,2902,63763,94,367823
46516,0.000704,172.31.47.0-255,66,63829,94,367823
46517,0.000724,74.125.68.0-255,4320,68149,94,367823
46518,0.000727,172.31.47.0-255,66,68215,94,367823
46519,0.00073,74.125.68.0-255,1484,69699,94,367823
46520,0.000756,74.125.68.0-255,7156,76855,94,367823
46521,0.000759,172.31.47.0-255,66,76921,94,367823
46522,0.000762,74.125.68.0-255,1484,78405,94,367823
46523,0.000785,74.125.68.0-255,2902,81307,94,367823
46524,0.000787,172.31.47.0-255,66,81373,94,367823
46525,0.000792,74.125.68.0-255,4320,85693,94,367823
46526,0.000793,172.31.47.0-255,66,85759,94,367823
46527,0.000815,74.125.68.0-255,1484,87243,94,367823
46528,0.00082,74.125.68.0-255,3602,90845,94,367823
46529,0.000822,172.31.47.0-255,66,90911,94,367823
46530,0.001272,74.125.68.0-255,1484,92395,94,367823
46531,0.001281,74.125.68.0-255,2902,95297,94,367823
46532,0.001285,172.31.47.0-255,66,95363,94,367823
46533,0.001314,74.125.68.0-255,5738,101101,94,367823
46534,0.001317,172.31.47.0-255,66,101167,94,367823
46535,0.001341,74.125.68.0-255,5738,106905,94,367823
46536,0.001344,172.31.47.0-255,66,106971,94,367823
46537,0.001363,74.125.68.0-255,1484,108455,94,367823
46538,0.001368,74.125.68.0-255,2902,111357,94,367823
46539,0.00137,172.31.47.0-255,66,111423,94,367823
46540,0.001395,74.125.68.0-255,5738,117161,94,367823
46541,0.001398,172.31.47.0-255,66,117227,94,367823
46542,0.001424,74.125.68.0-255,7156,124383,94,367823
46543,0.001427,172.31.47.0-255,66,124449,94,367823
46544,0.001429,74.125.68.0-255,766,125215,94,367823
46545,0.001478,74.125.68.0-255,1484,126699,94,367823
46546,0.001481,172.31.47.0-255,66,126765,94,367823
46547,0.001503,74.125.68.0-255,1484,128249,94,367823
46548,0.001518,74.125.68.0-255,2902,131151,94,367823
46549,0.00152,172.31.47.0-255,66,131217,94,367823
46550,0.001526,74.125.68.0-255,5738,136955,94,367823
46551,0.001528,172.31.47.0-255,66,137021,94,367823
46552,0.001554,74.125.68.0-255,1484,138505,94,367823
46553,0.001583,172.31.47.0-255,66,138571,94,367823
46554,0.001632,74.125.68.0-255,5738,144309,94,367823
46555,0.001634,172.31.47.0-255,66,144375,94,367823
46556,0.00164,74.125.68.0-255,6438,150813,94,367823
46557,0.001641,172.31.47.0-255,66,150879,94,367823
46558,0.002015,74.125.68.0-255,1484,152363,94,367823
46559,0.002026,74.125.68.0-255,2902,155265,94,367823
46560,0.002029,172.31.47.0-255,66,155331,94,367823
46561,0.002067,74.125.68.0-255,4320,159651,94,367823
46562,0.002069,172.31.47.0-255,66,159717,94,367823
46563,0.002089,74.125.68.0-255,4320,164037,94,367823
46564,0.002091,172.31.47.0-255,66,164103,94,367823
46565,0.002111,74.125.68.0-255,1484,165587,94,367823
46566,0.002135,74.125.68.0-255,1484,167071,94,367823
46567,0.002136,172.31.47.0-255,66,167137,94,367823
46568,0.002165,172.31.47.0-255,66,167203,94,367823
46569,0.002167,74.125.68.0-255,1484,168687,94,367823
46570,0.002177,74.125.68.0-255,1484,170171,94,367823
46571,0.002181,172.31.47.0-255,66,170237,94,367823
46572,0.002184,74.125.68.0-255,1484,171721,94,367823
46573,0.002206,74.125.68.0-255,2902,174623,94,367823
46574,0.002208,172.31.47.0-255,66,174689,94,367823
46575,0.002226,74.125.68.0-255,1484,176173,94,367823
46576,0.002253,74.125.68.0-255,766,176939,94,367823
46577,0.002255,172.31.47.0-255,66,177005,94,367823
46578,0.004508,74.125.68.0-255,2902,179907,94,367823
46579,0.004512,172.31.47.0-255,66,179973,94,367823
46580,0.004552,74.125.68.0-255,2902,182875,94,367823
46581,0.004554,172.31.47.0-255,66,182941,94,367823
46582,0.006827,74.125.68.0-255,2902,185843,94,367823
46583,0.006832,172.31.47.0-255,66,185909,94,367823
46584,0.006844,74.125.68.0-255,1484,187393,94,367823
46585,0.006865,74.125.68.0-255,1484,188877,94,367823
46586,0.006867,172.31.47.0-255,66,188943,94,367823
46587,0.009146,74.125.68.0-255,2902,191845,94,367823
46588,0.009154,172.31.47.0-255,66,191911,94,367823
46589,0.00918,74.125.68.0-255,2902,194813,94,367823
46590,0.009183,172.31.47.0-255,66,194879,94,367823
46591,0.011473,74.125.68.0-255,2902,197781,94,367823
46592,0.011481,172.31.47.0-255,66,197847,94,367823
46593,0.011512,74.125.68.0-255,2902,200749,94,367823
46594,0.011515,172.31.47.0-255,66,200815,94,367823
46595,0.013803,74.125.68.0-255,2902,203717,94,367823
46596,0.013812,172.31.47.0-255,66,203783,94,367823
46597,0.013858,74.125.68.0-255,2902,206685,94,367823
46598,0.013861,172.31.47.0-255,66,206751,94,367823
46599,0.016135,74.125.68.0-255,2902,209653,94,367823
46600,0.016142,172.31.47.0-255,66,209719,94,367823
46601,0.016168,74.125.68.0-255,2902,212621,94,367823
46602,0.016171,172.31.47.0-255,66,212687,94,367823
46603,0.018463,74.125.68.0-255,2902,215589,94,367823
46604,0.01847,172.31.47.0-255,66,215655,94,367823
46605,0.018507,74.125.68.0-255,2902,218557,94,367823
46606,0.018511,172.31.47.0-255,66,218623,94,367823
46607,0.020778,74.125.68.0-255,2902,221525,94,367823
46608,0.020783,172.31.47.0-255,66,221591,94,367823
46609,0.020825,74.125.68.0-255,2902,224493,94,367823
46610,0.020829,172.31.47.0-255,66,224559,94,367823
46611,0.023124,74.125.68.0-255,4320,228879,94,367823
46612,0.023144,172.31.47.0-255,66,228945,94,367823
46613,0.023184,74.125.68.0-255,1484,230429,94,367823
46614,0.025475,74.125.68.0-255,4320,234749,94,367823
46615,0.025492,172.31.47.0-255,66,234815,94,367823
46616,0.027821,74.125.68.0-255,5738,240553,94,367823
46617,0.027839,172.31.47.0-255,66,240619,94,367823
46618,0.030183,74.125.68.0-255,5738,246357,94,367823
46619,0.0302,172.31.47.0-255,66,246423,94,367823
46620,0.032253,172.31.47.0-255,172,246595,94,367823
46621,0.0323,172.31.47.0-255,1108,247703,94,367823
46622,0.032354,172.31.47.0-255,1514,249217,94,367823
46623,0.032356,172.31.47.0-255,1296,250513,94,367823
46624,0.032508,74.125.68.0-255,1484,251997,94,367823
46625,0.032545,74.125.68.0-255,4320,256317,94,367823
46626,0.03255,172.31.47.0-255,66,256383,94,367823
46627,0.033814,104.244.42.0-255,66,256449,94,367823
46628,0.033851,104.244.42.0-255,66,256515,94,367823
46629,0.033949,104.244.42.0-255,66,256581,94,367823
46630,0.034661,104.244.42.0-255,108,256689,94,367823
46631,0.034672,172.31.47.0-255,66,256755,94,367823
46632,0.034857,74.125.68.0-255,5738,262493,94,367823
46633,0.034862,172.31.47.0-255,66,262559,94,367823
46634,0.037193,74.125.68.0-255,5738,268297,94,367823
46635,0.03721,172.31.47.0-255,66,268363,94,367823
46636,0.0396,74.125.68.0-255,5738,274101,94,367823
46637,0.039616,172.31.47.0-255,66,274167,94,367823
46638,0.041943,74.125.68.0-255,5738,279905,94,367823
46639,0.04196,172.31.47.0-255,66,279971,94,367823
46640,0.0443,74.125.68.0-255,5738,285709,94,367823
46641,0.044321,172.31.47.0-255,66,285775,94,367823
46642,0.046654,74.125.68.0-255,5738,291513,94,367823
46643,0.046667,172.31.47.0-255,66,291579,94,367823
46644,0.048992,74.125.68.0-255,5738,297317,94,367823
46645,0.049001,172.31.47.0-255,66,297383,94,367823
46646,0.051303,74.125.68.0-255,2902,300285,94,367823
46647,0.051308,172.31.47.0-255,66,300351,94,367823
46648,0.051341,74.125.68.0-255,2902,303253,94,367823
46649,0.051344,172.31.47.0-255,66,303319,94,367823
46650,0.053638,74.125.68.0-255,2902,306221,94,367823
46651,0.053644,172.31.47.0-255,66,306287,94,367823
46652,0.053675,74.125.68.0-255,2902,309189,94,367823
46653,0.053678,172.31.47.0-255,66,309255,94,367823
46654,0.055941,74.125.68.0-255,1484,310739,94,367823
46655,0.055974,74.125.68.0-255,2902,313641,94,367823
46656,0.055978,172.31.47.0-255,66,313707,94,367823
46657,0.056003,74.125.68.0-255,1484,315191,94,367823
46658,0.058287,74.125.68.0-255,2902,318093,94,367823
46659,0.058291,172.31.47.0-255,66,318159,94,367823
46660,0.058346,74.125.68.0-255,1484,319643,94,367823
46661,0.060602,74.125.68.0-255,2902,322545,94,367823
46662,0.060607,172.31.47.0-255,66,322611,94,367823
46663,0.060637,74.125.68.0-255,1484,324095,94,367823
46664,0.062916,74.125.68.0-255,4320,328415,94,367823
46665,0.062921,172.31.47.0-255,66,328481,94,367823
46666,0.065235,74.125.68.0-255,5738,334219,94,367823
46667,0.065239,172.31.47.0-255,66,334285,94,367823
46668,0.06755,74.125.68.0-255,1484,335769,94,367823
46669,0.067591,74.125.68.0-255,4320,340089,94,367823
46670,0.067595,172.31.47.0-255,66,340155,94,367823
46671,0.069899,74.125.68.0-255,5738,345893,94,367823
46672,0.069904,172.31.47.0-255,66,345959,94,367823
46673,0.072219,74.125.68.0-255,5738,351697,94,367823
46674,0.072224,172.31.47.0-255,66,351763,94,367823
46675,0.074541,74.125.68.0-255,4320,356083,94,367823
46676,0.074546,172.31.47.0-255,66,356149,94,367823
46677,0.074579,74.125.68.0-255,1484,357633,94,367823
46678,0.076859,74.125.68.0-255,4320,361953,94,367823
46679,0.076863,172.31.47.0-255,66,362019,94,367823
46680,0.079173,74.125.68.0-255,5738,367757,94,367823
46681,0.079178,172.31.47.0-255,66,367823,94,367823
46682,0.0,74.125.68.0-255,153,153,94,407433
46683,2.7e-05,172.31.47.0-255,66,219,94,407433
46684,3.4e-05,74.125.68.0-255,1484,1703,94,407433
46685,3.8e-05,172.31.47.0-255,66,1769,94,407433
46686,7.1e-05,74.125.68.0-255,2902,4671,94,407433
46687,7.5e-05,172.31.47.0-255,66,4737,94,407433
46688,8e-05,74.125.68.0-255,4320,9057,94,407433
46689,8.2e-05,172.31.47.0-255,66,9123,94,407433
46690,0.000105,74.125.68.0-255,4880,14003,94,407433
46691,0.000107,172.31.47.0-255,66,14069,94,407433
46692,0.0002,74.125.68.0-255,1484,15553,94,407433
46693,0.000203,172.31.47.0-255,66,15619,94,407433
46694,0.000219,74.125.68.0-255,2902,18521,94,407433
46695,0.000221,172.31.47.0-255,66,18587,94,407433
46696,0.000248,74.125.68.0-255,5738,24325,94,407433
46697,0.000251,172.31.47.0-255,66,24391,94,407433
46698,0.000255,74.125.68.0-255,2902,27293,94,407433
46699,0.000257,172.31.47.0-255,66,27359,94,407433
46700,0.000262,74.125.68.0-255,3961,31320,94,407433
46701,0.000269,172.31.47.0-255,66,31386,94,407433
46702,0.000293,74.125.68.0-255,2902,34288,94,407433
46703,0.000296,172.31.47.0-255,66,34354,94,407433
46704,0.000321,74.125.68.0-255,5738,40092,94,407433
46705,0.000325,172.31.47.0-255,66,40158,94,407433
46706,0.000339,172.31.47.0-255,66,40224,94,407433
46707,0.000344,74.125.68.0-255,4320,44544,94,407433
46708,0.000345,172.31.47.0-255,66,44610,94,407433
46709,0.000379,74.125.68.0-255,4320,48930,94,407433
46710,0.000383,172.31.47.0-255,66,48996,94,407433
46711,0.0004,74.125.68.0-255,4320,53316,94,407433
46712,0.000403,172.31.47.0-255,66,53382,94,407433
46713,0.000429,74.125.68.0-255,2184,55566,94,407433
46714,0.000434,172.31.47.0-255,66,55632,94,407433
46715,0.000457,74.125.68.0-255,645,56277,94,407433
46716,0.000598,74.125.68.0-255,1484,57761,94,407433
46717,0.000602,172.31.47.0-255,66,57827,94,407433
46718,0.000608,74.125.68.0-255,2902,60729,94,407433
46719,0.00062,172.31.47.0-255,66,60795,94,407433
46720,0.000638,74.125.68.0-255,5738,66533,94,407433
46721,0.000653,172.31.47.0-255,66,66599,94,407433
46722,0.000694,74.125.68.0-255,6249,72848,94,407433
46723,0.000703,172.31.47.0-255,66,72914,94,407433
46724,0.000726,74.125.68.0-255,1484,74398,94,407433
46725,0.000731,74.125.68.0-255,2902,77300,94,407433
46726,0.000746,172.31.47.0-255,66,77366,94,407433
46727,0.00075,74.125.68.0-255,2902,80268,94,407433
46728,0.000753,74.125.68.0-255,1484,81752,94,407433
46729,0.000761,172.31.47.0-255,66,81818,94,407433
46730,0.000786,74.125.68.0-255,2902,84720,94,407433
46731,0.000789,172.31.47.0-255,66,84786,94,407433
46732,0.000817,74.125.68.0-255,5379,90165,94,407433
46733,0.000827,172.31.47.0-255,66,90231,94,407433
46734,0.00092,74.125.68.0-255,1484,91715,94,407433
46735,0.000941,74.125.68.0-255,2902,94617,94,407433
46736,0.000944,74.125.68.0-255,1484,96101,94,407433
46737,0.000948,172.31.47.0-255,66,96167,94,407433
46738,0.000973,74.125.68.0-255,1484,97651,94,407433
46739,0.000989,74.125.68.0-255,1484,99135,94,407433
46740,0.000992,172.31.47.0-255,66,99201,94,407433
46741,0.000998,74.125.68.0-255,4320,103521,94,407433
46742,0.001006,172.31.47.0-255,66,103587,94,407433
46743,0.001021,74.125.68.0-255,1484,105071,94,407433
46744,0.001029,74.125.68.0-255,1484,106555,94,407433
46745,0.001033,74.125.68.0-255,2902,109457,94,407433
46746,0.001042,172.31.47.0-255,66,109523,94,407433
46747,0.001072,74.125.68.0-255,5738,115261,94,407433
46748,0.001075,74.125.68.0-255,1484,116745,94,407433
46749,0.001076,172.31.47.0-255,66,116811,94,407433
46750,0.001112,74.125.68.0-255,1484,118295,94,407433
46751,0.001118,172.31.47.0-255,66,118361,94,407433
46752,0.001124,74.125.68.0-255,2902,121263,94,407433
46753,0.001131,172.31.47.0-255,66,121329,94,407433
46754,0.001149,74.125.68.0-255,3602,124931,94,407433
46755,0.001155,172.31.47.0-255,66,124997,94,407433
46756,0.001421,74.125.68.0-255,1484,126481,94,407433
46757,0.001426,172.31.47.0-255,66,126547,94,407433
46758,0.001434,74.125.68.0-255,2902,129449,94,407433
46759,0.001437,172.31.47.0-255,66,129515,94,407433
46760,0.001478,74.125.68.0-255,5738,135253,94,407433
46761,0.001496,74.125.68.0-255,7156,142409,94,407433
46762,0.001514,74.125.68.0-255,2902,145311,94,407433
46763,0.001533,74.125.68.0-255,4320,149631,94,407433
46764,0.001572,74.125.68.0-255,2902,152533,94,407433
46765,0.00159,74.125.68.0-255,4320,156853,94,407433
46766,0.001618,74.125.68.0-255,6438,163291,94,407433
46767,0.00164,74.125.68.0-255,2902,166193,94,407433
46768,0.00166,74.125.68.0-255,4320,170513,94,407433
46769,0.001685,74.125.68.0-255,4320,174833,94,407433
46770,0.001713,74.125.68.0-255,4320,179153,94,407433
46771,0.001726,74.125.68.0-255,1484,180637,94,407433
46772,0.001729,74.125.68.0-255,1484,182121,94,407433
46773,0.001734,74.125.68.0-255,2902,185023,94,407433
46774,0.001754,74.125.68.0-255,5738,190761,94,407433
46775,0.001769,74.125.68.0-255,2184,192945,94,407433
46776,0.00682,172.31.47.0-255,66,193011,94,407433
46777,0.008848,74.125.68.0-255,5738,198749,94,407433
46778,0.008854,172.31.47.0-255,66,198815,94,407433
46779,0.01087,74.125.68.0-255,5738,204553,94,407433
46780,0.010894,172.31.47.0-255,66,204619,94,407433
46781,0.012911,74.125.68.0-255,5738,210357,94,407433
46782,0.012921,172.31.47.0-255,66,210423,94,407433
46783,0.01493,74.125.68.0-255,5738,216161,94,407433
46784,0.014936,172.31.47.0-255,66,216227,94,407433
46785,0.016951,74.125.68.0-255,5738,221965,94,407433
46786,0.016958,172.31.47.0-255,66,222031,94,407433
46787,0.018962,74.125.68.0-255,2902,224933,94,407433
46788,0.018969,172.31.47.0-255,66,224999,94,407433
46789,0.019005,74.125.68.0-255,2902,227901,94,407433
46790,0.019033,172.31.47.0-255,66,227967,94,407433
46791,0.020976,74.125.68.0-255,2902,230869,94,407433
46792,0.020981,172.31.47.0-255,66,230935,94,407433
46793,0.021028,74.125.68.0-255,2902,233837,94,407433
46794,0.021048,172.31.47.0-255,66,233903,94,407433
46795,0.022919,172.31.47.0-255,172,234075,94,407433
46796,0.022947,172.31.47.0-255,1117,235192,94,407433
46797,0.022975,172.31.47.0-255,1514,236706,94,407433
46798,0.022976,172.31.47.0-255,1287,237993,94,407433
46799,0.02298,74.125.68.0-255,2902,240895,94,407433
46800,0.022984,172.31.47.0-255,66,240961,94,407433
46801,0.023046,74.125.68.0-255,2902,243863,94,407433
46802,0.023056,172.31.47.0-255,66,243929,94,407433
46803,0.024451,104.244.42.0-255,66,243995,94,407433
46804,0.024506,104.244.42.0-255,66,244061,94,407433
46805,0.024556,104.244.42.0-255,66,244127,94,407433
46806,0.024978,74.125.68.0-255,2902,247029,94,407433
46807,0.024982,172.31.47.0-255,66,247095,94,407433
46808,0.025078,74.125.68.0-255,2902,249997,94,407433
46809,0.025082,172.31.47.0-255,66,250063,94,407433
46810,0.026985,74.125.68.0-255,2902,252965,94,407433
46811,0.026991,172.31.47.0-255,66,253031,94,407433
46812,0.027076,74.125.68.0-255,2902,255933,94,407433
46813,0.027109,172.31.47.0-255,66,255999,94,407433
46814,0.029,74.125.68.0-255,2902,258901,94,407433
46815,0.029004,172.31.47.0-255,66,258967,94,407433
46816,0.029108,74.125.68.0-255,2902,261869,94,407433
46817,0.029112,172.31.47.0-255,66,261935,94,407433
46818,0.03101,74.125.68.0-255,2902,264837,94,407433
46819,0.031029,172.31.47.0-255,66,264903,94,407433
46820,0.031112,74.125.68.0-255,2902,267805,94,407433
46821,0.031123,172.31.47.0-255,66,267871,94,407433
46822,0.033026,74.125.68.0-255,2902,270773,94,407433
46823,0.033031,172.31.47.0-255,66,270839,94,407433
46824,0.033117,74.125.68.0-255,2902,273741,94,407433
46825,0.033123,172.31.47.0-255,66,273807,94,407433
46826,0.035044,74.125.68.0-255,2902,276709,94,407433
46827,0.03505,172.31.47.0-255,66,276775,94,407433
46828,0.035123,74.125.68.0-255,2902,279677,94,407433
46829,0.035132,172.31.47.0-255,66,279743,94,407433
46830,0.037049,74.125.68.0-255,2902,282645,94,407433
46831,0.037055,172.31.47.0-255,66,282711,94,407433
46832,0.037118,74.125.68.0-255,1484,284195,94,407433
46833,0.037134,74.125.68.0-255,1484,285679,94,407433
46834,0.037145,172.31.47.0-255,66,285745,94,407433
46835,0.039049,74.125.68.0-255,2902,288647,94,407433
46836,0.039054,172.31.47.0-255,66,288713,94,407433
46837,0.039139,74.125.68.0-255,2902,291615,94,407433
46838,0.039142,172.31.47.0-255,66,291681,94,407433
46839,0.041056,74.125.68.0-255,2902,294583,94,407433
46840,0.041061,172.31.47.0-255,66,294649,94,407433
46841,0.041134,74.125.68.0-255,2902,297551,94,407433
46842,0.041141,172.31.47.0-255,66,297617,94,407433
46843,0.043051,74.125.68.0-255,2902,300519,94,407433
46844,0.043056,172.31.47.0-255,66,300585,94,407433
46845,0.043134,74.125.68.0-255,2902,303487,94,407433
46846,0.043138,172.31.47.0-255,66,303553,94,407433
46847,0.045053,74.125.68.0-255,2902,306455,94,407433
46848,0.045058,172.31.47.0-255,66,306521,94,407433
46849,0.045156,74.125.68.0-255,1484,308005,94,407433
46850,0.04516,172.31.47.0-255,66,308071,94,407433
46851,0.045183,74.125.68.0-255,1484,309555,94,407433
46852,0.047048,74.125.68.0-255,2902,312457,94,407433
46853,0.047093,172.31.47.0-255,66,312523,94,407433
46854,0.049103,74.125.68.0-255,5738,318261,94,407433
46855,0.049152,172.31.47.0-255,66,318327,94,407433
46856,0.051156,74.125.68.0-255,2902,321229,94,407433
46857,0.051161,172.31.47.0-255,66,321295,94,407433
46858,0.051195,74.125.68.0-255,2902,324197,94,407433
46859,0.051202,172.31.47.0-255,66,324263,94,407433
46860,0.053164,74.125.68.0-255,2902,327165,94,407433
46861,0.053169,172.31.47.0-255,66,327231,94,407433
46862,0.053204,74.125.68.0-255,2902,330133,94,407433
46863,0.053221,172.31.47.0-255,66,330199,94,407433
46864,0.055166,74.125.68.0-255,2902,333101,94,407433
46865,0.055171,172.31.47.0-255,66,333167,94,407433
46866,0.055217,74.125.68.0-255,2902,336069,94,407433
46867,0.055241,172.31.47.0-255,66,336135,94,407433
46868,0.05717,74.125.68.0-255,2902,339037,94,407433
46869,0.057175,172.31.47.0-255,66,339103,94,407433
46870,0.057228,74.125.68.0-255,2902,342005,94,407433
46871,0.057255,172.31.47.0-255,66,342071,94,407433
46872,0.059179,74.125.68.0-255,2902,344973,94,407433
46873,0.059183,172.31.47.0-255,66,345039,94,407433
46874,0.059248,74.125.68.0-255,2902,347941,94,407433
46875,0.059252,172.31.47.0-255,66,348007,94,407433
46876,0.061177,74.125.68.0-255,2902,350909,94,407433
46877,0.061182,172.31.47.0-255,66,350975,94,407433
46878,0.061243,74.125.68.0-255,2902,353877,94,407433
46879,0.06126,172.31.47.0-255,66,353943,94,407433
46880,0.063176,74.125.68.0-255,2902,356845,94,407433
46881,0.063182,172.31.47.0-255,66,356911,94,407433
46882,0.063248,74.125.68.0-255,2902,359813,94,407433
46883,0.063256,172.31.47.0-255,66,359879,94,407433
46884,0.065179,74.125.68.0-255,2902,362781,94,407433
46885,0.065185,172.31.47.0-255,66,362847,94,407433
46886,0.065245,74.125.68.0-255,2902,365749,94,407433
46887,0.065264,172.31.47.0-255,66,365815,94,407433
46888,0.067184,74.125.68.0-255,2902,368717,94,407433
46889,0.067189,172.31.47.0-255,66,368783,94,407433
46890,0.067273,74.125.68.0-255,2902,371685,94,407433
46891,0.067278,172.31.47.0-255,66,371751,94,407433
46892,0.069191,74.125.68.0-255,2902,374653,94,407433
46893,0.069196,172.31.47.0-255,66,374719,94,407433
46894,0.069275,74.125.68.0-255,2902,377621,94,407433
46895,0.06929,172.31.47.0-255,66,377687,94,407433
46896,0.071188,74.125.68.0-255,2902,380589,94,407433
46897,0.071193,172.31.47.0-255,66,380655,94,407433
46898,0.071284,74.125.68.0-255,2902,383557,94,407433
46899,0.071288,172.31.47.0-255,66,383623,94,407433
46900,0.073191,74.125.68.0-255,1484,385107,94,407433
46901,0.073215,74.125.68.0-255,1484,386591,94,407433
46902,0.073219,172.31.47.0-255,66,386657,94,407433
46903,0.073279,74.125.68.0-255,2902,389559,94,407433
46904,0.073283,172.31.47.0-255,66,389625,94,407433
46905,0.075217,74.125.68.0-255,2902,392527,94,407433
46906,0.075222,172.31.47.0-255,66,392593,94,407433
46907,0.075279,74.125.68.0-255,2902,395495,94,407433
46908,0.075287,172.31.47.0-255,66,395561,94,407433
46909,0.077226,74.125.68.0-255,2902,398463,94,407433
46910,0.077232,172.31.47.0-255,66,398529,94,407433
46911,0.077278,74.125.68.0-255,2902,401431,94,407433
46912,0.077289,172.31.47.0-255,66,401497,94,407433
46913,0.079219,74.125.68.0-255,2902,404399,94,407433
46914,0.079224,172.31.47.0-255,66,404465,94,407433
46915,0.079275,74.125.68.0-255,2902,407367,94,407433
46916,0.079291,172.31.47.0-255,66,407433,94,407433
46917,0.0,172.217.194.0-255,153,153,94,347324
46918,2.6e-05,172.31.47.0-255,66,219,94,347324
46919,3.2e-05,172.217.194.0-255,1484,1703,94,347324
46920,3.6e-05,172.31.47.0-255,66,1769,94,347324
46921,3.9e-05,172.217.194.0-255,2902,4671,94,347324
46922,4.1e-05,172.31.47.0-255,66,4737,94,347324
46923,4.8e-05,172.217.194.0-255,7156,11893,94,347324
46924,5e-05,172.31.47.0-255,66,11959,94,347324
46925,5.3e-05,172.217.194.0-255,2108,14067,94,347324
46926,5.6e-05,172.31.47.0-255,66,14133,94,347324
46927,8e-05,172.217.194.0-255,4320,18453,94,347324
46928,8.2e-05,172.31.47.0-255,66,18519,94,347324
46929,9.8e-05,172.217.194.0-255,7156,25675,94,347324
46930,0.0001,172.31.47.0-255,66,25741,94,347324
46931,0.000106,172.217.194.0-255,5379,31120,94,347324
46932,0.000108,172.31.47.0-255,66,31186,94,347324
46933,0.000184,172.217.194.0-255,1484,32670,94,347324
46934,0.000187,172.31.47.0-255,66,32736,94,347324
46935,0.000218,172.217.194.0-255,2902,35638,94,347324
46936,0.000221,172.31.47.0-255,66,35704,94,347324
46937,0.000226,172.217.194.0-255,5738,41442,94,347324
46938,0.000228,172.31.47.0-255,66,41508,94,347324
46939,0.000254,172.31.47.0-255,66,41574,94,347324
46940,0.000278,172.217.194.0-255,4320,45894,94,347324
46941,0.00028,172.31.47.0-255,66,45960,94,347324
46942,0.000286,172.217.194.0-255,7156,53116,94,347324
46943,0.000288,172.31.47.0-255,66,53182,94,347324
46944,0.000309,172.217.194.0-255,1484,54666,94,347324
46945,0.000311,172.31.47.0-255,66,54732,94,347324
46946,0.000329,172.217.194.0-255,2184,56916,94,347324
46947,0.000333,172.31.47.0-255,66,56982,94,347324
46948,0.000368,172.217.194.0-255,4665,61647,94,347324
46949,0.00037,172.31.47.0-255,66,61713,94,347324
46950,0.000379,172.31.47.0-255,66,61779,94,347324
46951,0.00041,172.217.194.0-255,3678,65457,94,347324
46952,0.000413,172.31.47.0-255,66,65523,94,347324
46953,0.000633,172.217.194.0-255,1484,67007,94,347324
46954,0.000639,172.217.194.0-255,2902,69909,94,347324
46955,0.000641,172.31.47.0-255,66,69975,94,347324
46956,0.000661,172.217.194.0-255,5738,75713,94,347324
46957,0.000663,172.31.47.0-255,66,75779,94,347324
46958,0.000668,172.217.194.0-255,4320,80099,94,347324
46959,0.000669,172.31.47.0-255,66,80165,94,347324
46960,0.000683,172.217.194.0-255,1484,81649,94,347324
46961,0.000711,172.31.47.0-255,66,81715,94,347324
46962,0.000727,172.217.194.0-255,2902,84617,94,347324
46963,0.00073,172.31.47.0-255,66,84683,94,347324
46964,0.000761,172.217.194.0-255,5020,89703,94,347324
46965,0.000764,172.31.47.0-255,66,89769,94,347324
46966,0.001401,172.217.194.0-255,1484,91253,94,347324
46967,0.001418,172.217.194.0-255,2902,94155,94,347324
46968,0.001422,172.31.47.0-255,66,94221,94,347324
46969,0.001427,172.217.194.0-255,5738,99959,94,347324
46970,0.001429,172.31.47.0-255,66,100025,94,347324
46971,0.001438,172.217.194.0-255,1484,101509,94,347324
46972,0.001455,172.31.47.0-255,66,101575,94,347324
46973,0.001482,172.217.194.0-255,2902,104477,94,347324
46974,0.001483,172.31.47.0-255,66,104543,94,347324
46975,0.001494,172.217.194.0-255,2902,107445,94,347324
46976,0.001496,172.31.47.0-255,66,107511,94,347324
46977,0.001517,172.31.47.0-255,66,107577,94,347324
46978,0.001675,172.217.194.0-255,1484,109061,94,347324
46979,0.001706,172.217.194.0-255,2902,111963,94,347324
46980,0.001708,172.31.47.0-255,66,112029,94,347324
46981,0.001727,172.217.194.0-255,5738,117767,94,347324
46982,0.001729,172.31.47.0-255,66,117833,94,347324
46983,0.001732,172.217.194.0-255,2902,120735,94,347324
46984,0.001734,172.31.47.0-255,66,120801,94,347324
46985,0.001736,172.217.194.0-255,1484,122285,94,347324
46986,0.001755,172.217.194.0-255,2902,125187,94,347324
46987,0.001756,172.31.47.0-255,66,125253,94,347324
46988,0.001761,172.217.194.0-255,4320,129573,94,347324
46989,0.001762,172.31.47.0-255,66,129639,94,347324
46990,0.001772,172.217.194.0-255,4320,133959,94,347324
46991,0.001774,172.31.47.0-255,66,134025,94,347324
46992,0.001785,172.217.194.0-255,1484,135509,94,347324
46993,0.001806,172.217.194.0-255,6438,141947,94,347324
46994,0.001808,172.31.47.0-255,66,142013,94,347324
46995,0.001836,172.217.194.0-255,4320,146333,94,347324
46996,0.001838,172.31.47.0-255,66,146399,94,347324
46997,0.001854,172.217.194.0-255,1484,147883,94,347324
46998,0.001871,172.217.194.0-255,4320,152203,94,347324
46999,0.001874,172.31.47.0-255,66,152269,94,347324
47000,0.001886,172.217.194.0-255,1484,153753,94,347324
47001,0.001901,172.217.194.0-255,4320,158073,94,347324
47002,0.001903,172.31.47.0-255,66,158139,94,347324
47003,0.001906,172.217.194.0-255,2902,161041,94,347324
47004,0.001908,172.31.47.0-255,66,161107,94,347324
47005,0.001922,172.217.194.0-255,4320,165427,94,347324
47006,0.001924,172.31.47.0-255,66,165493,94,347324
47007,0.001934,172.217.194.0-255,1484,166977,94,347324
47008,0.001947,172.217.194.0-255,5738,172715,94,347324
47009,0.001949,172.31.47.0-255,66,172781,94,347324
47010,0.001966,172.217.194.0-255,3602,176383,94,347324
47011,0.001968,172.31.47.0-255,66,176449,94,347324
47012,0.001971,172.217.194.0-255,1484,177933,94,347324
47013,0.00199,172.31.47.0-255,66,177999,94,347324
47014,0.002022,172.217.194.0-255,4320,182319,94,347324
47015,0.002024,172.31.47.0-255,66,182385,94,347324
47016,0.002047,172.31.47.0-255,66,182451,94,347324
47017,0.002059,172.31.47.0-255,66,182517,94,347324
47018,0.004095,172.217.194.0-255,4320,186837,94,347324
47019,0.004098,172.31.47.0-255,66,186903,94,347324
47020,0.004115,172.217.194.0-255,1484,188387,94,347324
47021,0.006166,172.217.194.0-255,4320,192707,94,347324
47022,0.006176,172.31.47.0-255,66,192773,94,347324
47023,0.008256,172.217.194.0-255,5738,198511,94,347324
47024,0.008273,172.31.47.0-255,66,198577,94,347324
47025,0.010348,172.217.194.0-255,5738,204315,94,347324
47026,0.010365,172.31.47.0-255,66,204381,94,347324
47027,0.012468,172.217.194.0-255,5738,210119,94,347324
47028,0.012484,172.31.47.0-255,66,210185,94,347324
47029,0.014552,172.217.194.0-255,5738,215923,94,347324
47030,0.014559,172.31.47.0-255,66,215989,94,347324
47031,0.01663,172.217.194.0-255,5738,221727,94,347324
47032,0.016636,172.31.47.0-255,66,221793,94,347324
47033,0.018681,172.217.194.0-255,5738,227531,94,347324
47034,0.018688,172.31.47.0-255,66,227597,94,347324
47035,0.020801,172.217.194.0-255,5738,233335,94,347324
47036,0.020821,172.31.47.0-255,66,233401,94,347324
47037,0.022875,172.217.194.0-255,5738,239139,94,347324
47038,0.022885,172.31.47.0-255,66,239205,94,347324
47039,0.024959,172.217.194.0-255,5738,244943,94,347324
47040,0.024974,172.31.47.0-255,66,245009,94,347324
47041,0.027041,172.217.194.0-255,5738,250747,94,347324
47042,0.027055,172.31.47.0-255,66,250813,94,347324
47043,0.029113,172.217.194.0-255,5738,256551,94,347324
47044,0.029122,172.31.47.0-255,66,256617,94,347324
47045,0.0312,172.217.194.0-255,5738,262355,94,347324
47046,0.031217,172.31.47.0-255,66,262421,94,347324
47047,0.033287,172.217.194.0-255,5738,268159,94,347324
47048,0.033296,172.31.47.0-255,66,268225,94,347324
47049,0.035409,172.217.194.0-255,5738,273963,94,347324
47050,0.035428,172.31.47.0-255,66,274029,94,347324
47051,0.037509,172.217.194.0-255,5738,279767,94,347324
47052,0.037529,172.31.47.0-255,66,279833,94,347324
47053,0.039594,172.217.194.0-255,5738,285571,94,347324
47054,0.0396,172.31.47.0-255,66,285637,94,347324
47055,0.041682,172.217.194.0-255,5738,291375,94,347324
47056,0.041709,172.31.47.0-255,66,291441,94,347324
47057,0.042052,172.31.47.0-255,172,291613,94,347324
47058,0.042081,172.31.47.0-255,1108,292721,94,347324
47059,0.042116,172.31.47.0-255,1514,294235,94,347324
47060,0.042118,172.31.47.0-255,1296,295531,94,347324
47061,0.04362,104.244.42.0-255,66,295597,94,347324
47062,0.043628,104.244.42.0-255,66,295663,94,347324
47063,0.043654,104.244.42.0-255,66,295729,94,347324
47064,0.043776,172.217.194.0-255,5738,301467,94,347324
47065,0.043781,172.31.47.0-255,66,301533,94,347324
47066,0.04582,172.217.194.0-255,5738,307271,94,347324
47067,0.045824,172.31.47.0-255,66,307337,94,347324
47068,0.047852,172.217.194.0-255,5738,313075,94,347324
47069,0.047858,172.31.47.0-255,66,313141,94,347324
47070,0.049883,172.217.194.0-255,5738,318879,94,347324
47071,0.049889,172.31.47.0-255,66,318945,94,347324
47072,0.051934,172.217.194.0-255,5738,324683,94,347324
47073,0.051939,172.31.47.0-255,66,324749,94,347324
47074,0.053988,172.217.194.0-255,4320,329069,94,347324
47075,0.053994,172.31.47.0-255,66,329135,94,347324
47076,0.054025,172.217.194.0-255,1484,330619,94,347324
47077,0.056017,172.217.194.0-255,4320,334939,94,347324
47078,0.056023,172.31.47.0-255,66,335005,94,347324
47079,0.058083,172.217.194.0-255,5738,340743,94,347324
47080,0.058092,172.31.47.0-255,66,340809,94,347324
47081,0.060161,172.217.194.0-255,5738,346547,94,347324
47082,0.060167,172.31.47.0-255,66,346613,94,347324
47083,0.062234,172.217.194.0-255,474,347087,94,347324
47084,0.062379,172.31.47.0-255,66,347153,94,347324
47085,0.062406,172.31.47.0-255,105,347258,94,347324
47086,0.064448,172.217.194.0-255,66,347324,94,347324
