,TIME,SRC,PACKET_SIZE,CUMULATIVE_PACKET_SIZE,PAGE_NUMBER,TOTAL_PACKET_SIZE
0,0.0,74.125.24.0-255,152,152,70,302253
1,2.4e-05,172.31.40.0-255,66,218,70,302253
2,3.2e-05,74.125.24.0-255,1484,1702,70,302253
3,3.8e-05,172.31.40.0-255,66,1768,70,302253
4,4.4e-05,74.125.24.0-255,2902,4670,70,302253
5,4.7e-05,172.31.40.0-255,66,4736,70,302253
6,5.2e-05,74.125.24.0-255,2902,7638,70,302253
7,5.4e-05,172.31.40.0-255,66,7704,70,302253
8,0.000109,74.125.24.0-255,6389,14093,70,302253
9,0.000112,172.31.40.0-255,66,14159,70,302253
10,0.000257,74.125.24.0-255,1484,15643,70,302253
11,0.000262,172.31.40.0-255,66,15709,70,302253
12,0.000268,74.125.24.0-255,2902,18611,70,302253
13,0.000272,172.31.40.0-255,66,18677,70,302253
14,0.000276,74.125.24.0-255,2902,21579,70,302253
15,0.000279,172.31.40.0-255,66,21645,70,302253
16,0.000301,74.125.24.0-255,2902,24547,70,302253
17,0.000319,172.31.40.0-255,66,24613,70,302253
18,0.000325,74.125.24.0-255,4320,28933,70,302253
19,0.000328,172.31.40.0-255,66,28999,70,302253
20,0.000335,74.125.24.0-255,5738,34737,70,302253
21,0.000337,172.31.40.0-255,66,34803,70,302253
22,0.000366,74.125.24.0-255,6797,41600,70,302253
23,0.000369,172.31.40.0-255,66,41666,70,302253
24,0.000377,74.125.24.0-255,6797,48463,70,302253
25,0.00038,172.31.40.0-255,66,48529,70,302253
26,0.000471,74.125.24.0-255,1484,50013,70,302253
27,0.000474,74.125.24.0-255,1484,51497,70,302253
28,0.000478,172.31.40.0-255,66,51563,70,302253
29,0.000481,172.31.40.0-255,66,51629,70,302253
30,0.00049,74.125.24.0-255,1484,53113,70,302253
31,0.000493,172.31.40.0-255,66,53179,70,302253
32,0.000501,74.125.24.0-255,5738,58917,70,302253
33,0.000503,172.31.40.0-255,66,58983,70,302253
34,0.000553,74.125.24.0-255,7379,66362,70,302253
35,0.000557,172.31.40.0-255,66,66428,70,302253
36,0.000684,74.125.24.0-255,1484,67912,70,302253
37,0.000692,74.125.24.0-255,2902,70814,70,302253
38,0.000695,172.31.40.0-255,66,70880,70,302253
39,0.000701,74.125.24.0-255,4320,75200,70,302253
40,0.000703,172.31.40.0-255,66,75266,70,302253
41,0.000715,74.125.24.0-255,1484,76750,70,302253
42,0.000729,74.125.24.0-255,5738,82488,70,302253
43,0.000732,172.31.40.0-255,66,82554,70,302253
44,0.000756,74.125.24.0-255,8215,90769,70,302253
45,0.000759,172.31.40.0-255,66,90835,70,302253
46,0.000769,74.125.24.0-255,9633,100468,70,302253
47,0.000771,172.31.40.0-255,66,100534,70,302253
48,0.000866,74.125.24.0-255,1484,102018,70,302253
49,0.000873,74.125.24.0-255,2902,104920,70,302253
50,0.000876,172.31.40.0-255,66,104986,70,302253
51,0.000881,74.125.24.0-255,2902,107888,70,302253
52,0.000884,172.31.40.0-255,66,107954,70,302253
53,0.000897,74.125.24.0-255,2902,110856,70,302253
54,0.000899,172.31.40.0-255,66,110922,70,302253
55,0.000907,74.125.24.0-255,7156,118078,70,302253
56,0.000909,172.31.40.0-255,66,118144,70,302253
57,0.000942,172.31.40.0-255,66,118210,70,302253
58,0.000964,74.125.24.0-255,2184,120394,70,302253
59,0.000966,172.31.40.0-255,66,120460,70,302253
60,0.001135,74.125.24.0-255,1484,121944,70,302253
61,0.001155,74.125.24.0-255,2902,124846,70,302253
62,0.001158,172.31.40.0-255,66,124912,70,302253
63,0.001163,74.125.24.0-255,2902,127814,70,302253
64,0.001166,172.31.40.0-255,66,127880,70,302253
65,0.00118,74.125.24.0-255,2902,130782,70,302253
66,0.001183,172.31.40.0-255,66,130848,70,302253
67,0.001187,74.125.24.0-255,2902,133750,70,302253
68,0.001189,172.31.40.0-255,66,133816,70,302253
69,0.001224,74.125.24.0-255,9992,143808,70,302253
70,0.001233,74.125.24.0-255,8574,152382,70,302253
71,0.001236,172.31.40.0-255,66,152448,70,302253
72,0.00124,172.31.40.0-255,66,152514,70,302253
73,0.001253,74.125.24.0-255,2184,154698,70,302253
74,0.001255,172.31.40.0-255,66,154764,70,302253
75,0.0013,74.125.24.0-255,1484,156248,70,302253
76,0.001305,74.125.24.0-255,2902,159150,70,302253
77,0.001308,172.31.40.0-255,66,159216,70,302253
78,0.001328,74.125.24.0-255,5738,164954,70,302253
79,0.001331,172.31.40.0-255,66,165020,70,302253
80,0.001377,172.31.40.0-255,66,165086,70,302253
81,0.001383,74.125.24.0-255,5738,170824,70,302253
82,0.001386,172.31.40.0-255,66,170890,70,302253
83,0.001443,74.125.24.0-255,5020,175910,70,302253
84,0.001446,172.31.40.0-255,66,175976,70,302253
85,0.00169,74.125.24.0-255,1484,177460,70,302253
86,0.001703,74.125.24.0-255,2902,180362,70,302253
87,0.001706,172.31.40.0-255,66,180428,70,302253
88,0.001713,74.125.24.0-255,5738,186166,70,302253
89,0.001715,172.31.40.0-255,66,186232,70,302253
90,0.001751,172.31.40.0-255,66,186298,70,302253
91,0.001771,74.125.24.0-255,5738,192036,70,302253
92,0.001774,172.31.40.0-255,66,192102,70,302253
93,0.001794,74.125.24.0-255,5020,197122,70,302253
94,0.001797,172.31.40.0-255,66,197188,70,302253
95,0.001944,74.125.24.0-255,1484,198672,70,302253
96,0.00195,74.125.24.0-255,2902,201574,70,302253
97,0.001953,172.31.40.0-255,66,201640,70,302253
98,0.001956,74.125.24.0-255,1484,203124,70,302253
99,0.001978,74.125.24.0-255,4320,207444,70,302253
100,0.00198,172.31.40.0-255,66,207510,70,302253
101,0.001986,74.125.24.0-255,4320,211830,70,302253
102,0.001988,172.31.40.0-255,66,211896,70,302253
103,0.002012,74.125.24.0-255,8574,220470,70,302253
104,0.002015,172.31.40.0-255,66,220536,70,302253
105,0.002023,74.125.24.0-255,7156,227692,70,302253
106,0.002026,172.31.40.0-255,66,227758,70,302253
107,0.002049,74.125.24.0-255,7856,235614,70,302253
108,0.002064,172.31.40.0-255,66,235680,70,302253
109,0.00207,172.31.40.0-255,66,235746,70,302253
110,0.002085,74.125.24.0-255,2902,238648,70,302253
111,0.002087,172.31.40.0-255,66,238714,70,302253
112,0.002121,172.31.40.0-255,66,238780,70,302253
113,0.00217,74.125.24.0-255,1484,240264,70,302253
114,0.002176,74.125.24.0-255,2902,243166,70,302253
115,0.002183,172.31.40.0-255,66,243232,70,302253
116,0.002201,74.125.24.0-255,5738,248970,70,302253
117,0.002204,74.125.24.0-255,1484,250454,70,302253
118,0.002212,172.31.40.0-255,66,250520,70,302253
119,0.002249,74.125.24.0-255,5738,256258,70,302253
120,0.002263,172.31.40.0-255,66,256324,70,302253
121,0.002276,74.125.24.0-255,7156,263480,70,302253
122,0.002281,172.31.40.0-255,66,263546,70,302253
123,0.002296,74.125.24.0-255,5020,268566,70,302253
124,0.002304,74.125.24.0-255,8574,277140,70,302253
125,0.002322,74.125.24.0-255,4320,281460,70,302253
126,0.002346,74.125.24.0-255,766,282226,70,302253
127,0.002385,74.125.24.0-255,9992,292218,70,302253
128,0.002391,172.31.40.0-255,66,292284,70,302253
129,0.002402,74.125.24.0-255,5738,298022,70,302253
130,0.002408,74.125.24.0-255,3823,301845,70,302253
131,0.002417,172.31.40.0-255,66,301911,70,302253
132,0.002421,74.125.24.0-255,105,302016,70,302253
133,0.016526,172.31.40.0-255,66,302082,70,302253
134,0.016578,172.31.40.0-255,105,302187,70,302253
135,0.01907,74.125.24.0-255,66,302253,70,302253
136,0.0,172.217.194.0-255,147,147,70,306260
137,2.3e-05,172.31.40.0-255,66,213,70,306260
138,3e-05,172.217.194.0-255,1484,1697,70,306260
139,3.5e-05,172.31.40.0-255,66,1763,70,306260
140,4.1e-05,172.217.194.0-255,2902,4665,70,306260
141,4.5e-05,172.31.40.0-255,66,4731,70,306260
142,5.3e-05,172.217.194.0-255,7156,11887,70,306260
143,5.7e-05,172.31.40.0-255,66,11953,70,306260
144,9.4e-05,172.217.194.0-255,1993,13946,70,306260
145,9.8e-05,172.31.40.0-255,66,14012,70,306260
146,0.000103,172.217.194.0-255,2902,16914,70,306260
147,0.000106,172.31.40.0-255,66,16980,70,306260
148,0.000113,172.217.194.0-255,7156,24136,70,306260
149,0.000116,172.31.40.0-255,66,24202,70,306260
150,0.000139,172.217.194.0-255,6797,30999,70,306260
151,0.000142,172.31.40.0-255,66,31065,70,306260
152,0.000185,172.217.194.0-255,1484,32549,70,306260
153,0.000187,172.31.40.0-255,66,32615,70,306260
154,0.000192,172.217.194.0-255,2902,35517,70,306260
155,0.000194,172.31.40.0-255,66,35583,70,306260
156,0.000198,172.217.194.0-255,1484,37067,70,306260
157,0.0002,172.31.40.0-255,66,37133,70,306260
158,0.000217,172.217.194.0-255,4320,41453,70,306260
159,0.00022,172.31.40.0-255,66,41519,70,306260
160,0.000256,172.217.194.0-255,6797,48316,70,306260
161,0.000259,172.31.40.0-255,66,48382,70,306260
162,0.000266,172.217.194.0-255,7156,55538,70,306260
163,0.000268,172.31.40.0-255,66,55604,70,306260
164,0.000285,172.217.194.0-255,1484,57088,70,306260
165,0.000287,172.31.40.0-255,66,57154,70,306260
166,0.000306,172.217.194.0-255,8528,65682,70,306260
167,0.000309,172.31.40.0-255,66,65748,70,306260
168,0.000323,172.217.194.0-255,364,66112,70,306260
169,0.000562,172.217.194.0-255,1484,67596,70,306260
170,0.000567,172.31.40.0-255,66,67662,70,306260
171,0.000574,172.217.194.0-255,2902,70564,70,306260
172,0.000577,172.31.40.0-255,66,70630,70,306260
173,0.000583,172.217.194.0-255,5738,76368,70,306260
174,0.000585,172.31.40.0-255,66,76434,70,306260
175,0.000609,172.217.194.0-255,9992,86426,70,306260
176,0.000612,172.31.40.0-255,66,86492,70,306260
177,0.000643,172.217.194.0-255,1484,87976,70,306260
178,0.000674,172.31.40.0-255,66,88042,70,306260
179,0.001448,172.217.194.0-255,1484,89526,70,306260
180,0.001458,172.217.194.0-255,2902,92428,70,306260
181,0.001463,172.31.40.0-255,66,92494,70,306260
182,0.001468,172.217.194.0-255,1484,93978,70,306260
183,0.001487,172.217.194.0-255,4320,98298,70,306260
184,0.00149,172.31.40.0-255,66,98364,70,306260
185,0.001504,172.31.40.0-255,66,98430,70,306260
186,0.001529,172.217.194.0-255,1484,99914,70,306260
187,0.001542,172.217.194.0-255,10692,110606,70,306260
188,0.001545,172.31.40.0-255,66,110672,70,306260
189,0.001903,172.217.194.0-255,1484,112156,70,306260
190,0.001931,172.217.194.0-255,2902,115058,70,306260
191,0.001935,172.31.40.0-255,66,115124,70,306260
192,0.001943,172.217.194.0-255,5738,120862,70,306260
193,0.001945,172.31.40.0-255,66,120928,70,306260
194,0.001952,172.217.194.0-255,5738,126666,70,306260
195,0.001954,172.31.40.0-255,66,126732,70,306260
196,0.001988,172.217.194.0-255,7156,133888,70,306260
197,0.001991,172.31.40.0-255,66,133954,70,306260
198,0.002002,172.217.194.0-255,10692,144646,70,306260
199,0.002004,172.31.40.0-255,66,144712,70,306260
200,0.002062,172.217.194.0-255,1484,146196,70,306260
201,0.002068,172.217.194.0-255,2902,149098,70,306260
202,0.002071,172.31.40.0-255,66,149164,70,306260
203,0.002076,172.217.194.0-255,2902,152066,70,306260
204,0.002078,172.31.40.0-255,66,152132,70,306260
205,0.002094,172.217.194.0-255,2902,155034,70,306260
206,0.002096,172.31.40.0-255,66,155100,70,306260
207,0.002104,172.217.194.0-255,7156,162256,70,306260
208,0.002106,172.31.40.0-255,66,162322,70,306260
209,0.00213,172.217.194.0-255,5738,168060,70,306260
210,0.002132,172.31.40.0-255,66,168126,70,306260
211,0.002143,172.217.194.0-255,10692,178818,70,306260
212,0.002145,172.31.40.0-255,66,178884,70,306260
213,0.002224,172.217.194.0-255,1484,180368,70,306260
214,0.004374,172.217.194.0-255,4320,184688,70,306260
215,0.004381,172.31.40.0-255,66,184754,70,306260
216,0.006654,172.217.194.0-255,5738,190492,70,306260
217,0.006663,172.31.40.0-255,66,190558,70,306260
218,0.008873,172.217.194.0-255,5738,196296,70,306260
219,0.00888,172.31.40.0-255,66,196362,70,306260
220,0.011085,172.217.194.0-255,5738,202100,70,306260
221,0.011094,172.31.40.0-255,66,202166,70,306260
222,0.013297,172.217.194.0-255,5738,207904,70,306260
223,0.013303,172.31.40.0-255,66,207970,70,306260
224,0.01551,172.217.194.0-255,5738,213708,70,306260
225,0.015517,172.31.40.0-255,66,213774,70,306260
226,0.017763,172.217.194.0-255,5738,219512,70,306260
227,0.01777,172.31.40.0-255,66,219578,70,306260
228,0.019977,172.217.194.0-255,5738,225316,70,306260
229,0.019984,172.31.40.0-255,66,225382,70,306260
230,0.022181,172.217.194.0-255,5738,231120,70,306260
231,0.022188,172.31.40.0-255,66,231186,70,306260
232,0.024418,172.217.194.0-255,5738,236924,70,306260
233,0.024424,172.31.40.0-255,66,236990,70,306260
234,0.026219,172.31.40.0-255,172,237162,70,306260
235,0.026251,172.31.40.0-255,1118,238280,70,306260
236,0.026342,172.31.40.0-255,1514,239794,70,306260
237,0.026345,172.31.40.0-255,1514,241308,70,306260
238,0.02637,172.31.40.0-255,844,242152,70,306260
239,0.026618,172.217.194.0-255,5738,247890,70,306260
240,0.026625,172.31.40.0-255,66,247956,70,306260
241,0.027781,104.244.42.0-255,66,248022,70,306260
242,0.027833,104.244.42.0-255,66,248088,70,306260
243,0.02794,104.244.42.0-255,66,248154,70,306260
244,0.027944,104.244.42.0-255,66,248220,70,306260
245,0.028833,172.217.194.0-255,5738,253958,70,306260
246,0.028839,172.31.40.0-255,66,254024,70,306260
247,0.031033,172.217.194.0-255,5738,259762,70,306260
248,0.031041,172.31.40.0-255,66,259828,70,306260
249,0.033277,172.217.194.0-255,5738,265566,70,306260
250,0.033287,172.31.40.0-255,66,265632,70,306260
251,0.035517,172.217.194.0-255,5738,271370,70,306260
252,0.035525,172.31.40.0-255,66,271436,70,306260
253,0.037752,172.217.194.0-255,5738,277174,70,306260
254,0.03776,172.31.40.0-255,66,277240,70,306260
255,0.039979,172.217.194.0-255,5738,282978,70,306260
256,0.039989,172.31.40.0-255,66,283044,70,306260
257,0.042186,172.217.194.0-255,5738,288782,70,306260
258,0.042191,172.31.40.0-255,66,288848,70,306260
259,0.044376,172.217.194.0-255,5738,294586,70,306260
260,0.044382,172.31.40.0-255,66,294652,70,306260
261,0.046586,172.217.194.0-255,5738,300390,70,306260
262,0.046591,172.31.40.0-255,66,300456,70,306260
263,0.048795,172.217.194.0-255,5738,306194,70,306260
264,0.048803,172.31.40.0-255,66,306260,70,306260
265,0.0,172.217.26.0-255,153,153,70,259033
266,2.3e-05,172.31.40.0-255,66,219,70,259033
267,3e-05,172.217.26.0-255,1484,1703,70,259033
268,3.4e-05,172.31.40.0-255,66,1769,70,259033
269,4.8e-05,172.217.26.0-255,2902,4671,70,259033
270,5.1e-05,172.31.40.0-255,66,4737,70,259033
271,5.8e-05,172.217.26.0-255,5738,10475,70,259033
272,6.1e-05,172.31.40.0-255,66,10541,70,259033
273,7.5e-05,172.31.40.0-255,66,10607,70,259033
274,8.1e-05,172.217.26.0-255,5738,16345,70,259033
275,8.3e-05,172.31.40.0-255,66,16411,70,259033
276,0.000113,172.217.26.0-255,1125,17536,70,259033
277,0.000116,172.31.40.0-255,66,17602,70,259033
278,0.00014,172.217.26.0-255,1484,19086,70,259033
279,0.000142,172.31.40.0-255,66,19152,70,259033
280,0.000147,172.217.26.0-255,4320,23472,70,259033
281,0.000149,172.31.40.0-255,66,23538,70,259033
282,0.000177,172.217.26.0-255,1484,25022,70,259033
283,0.000179,172.31.40.0-255,66,25088,70,259033
284,0.000183,172.217.26.0-255,2902,27990,70,259033
285,0.000185,172.31.40.0-255,66,28056,70,259033
286,0.00019,172.217.26.0-255,5738,33794,70,259033
287,0.000192,172.31.40.0-255,66,33860,70,259033
288,0.000213,172.217.26.0-255,1125,34985,70,259033
289,0.000215,172.31.40.0-255,66,35051,70,259033
290,0.000269,172.217.26.0-255,1484,36535,70,259033
291,0.000272,172.31.40.0-255,66,36601,70,259033
292,0.000292,172.217.26.0-255,2902,39503,70,259033
293,0.000294,172.31.40.0-255,66,39569,70,259033
294,0.000318,172.217.26.0-255,1484,41053,70,259033
295,0.00032,172.31.40.0-255,66,41119,70,259033
296,0.000348,172.217.26.0-255,4320,45439,70,259033
297,0.000351,172.31.40.0-255,66,45505,70,259033
298,0.000357,172.217.26.0-255,7127,52632,70,259033
299,0.000359,172.31.40.0-255,66,52698,70,259033
300,0.001215,172.217.26.0-255,113,52811,70,259033
301,0.001368,172.217.26.0-255,1484,54295,70,259033
302,0.001374,172.31.40.0-255,66,54361,70,259033
303,0.00138,172.217.26.0-255,2902,57263,70,259033
304,0.001381,172.31.40.0-255,66,57329,70,259033
305,0.001388,172.217.26.0-255,5738,63067,70,259033
306,0.001393,172.31.40.0-255,66,63133,70,259033
307,0.001417,172.217.26.0-255,4320,67453,70,259033
308,0.001418,172.31.40.0-255,66,67519,70,259033
309,0.001461,172.217.26.0-255,9633,77152,70,259033
310,0.001463,172.31.40.0-255,66,77218,70,259033
311,0.001471,172.217.26.0-255,8574,85792,70,259033
312,0.001473,172.31.40.0-255,66,85858,70,259033
313,0.001476,172.217.26.0-255,1125,86983,70,259033
314,0.001868,172.217.26.0-255,1484,88467,70,259033
315,0.001874,172.31.40.0-255,66,88533,70,259033
316,0.001882,172.217.26.0-255,2902,91435,70,259033
317,0.001884,172.31.40.0-255,66,91501,70,259033
318,0.001911,172.217.26.0-255,4320,95821,70,259033
319,0.001913,172.31.40.0-255,66,95887,70,259033
320,0.001922,172.217.26.0-255,8574,104461,70,259033
321,0.001924,172.31.40.0-255,66,104527,70,259033
322,0.001961,172.217.26.0-255,9992,114519,70,259033
323,0.001963,172.31.40.0-255,66,114585,70,259033
324,0.00197,172.217.26.0-255,5738,120323,70,259033
325,0.001972,172.31.40.0-255,66,120389,70,259033
326,0.001993,172.217.26.0-255,766,121155,70,259033
327,0.003888,172.217.26.0-255,4320,125475,70,259033
328,0.003892,172.31.40.0-255,66,125541,70,259033
329,0.00585,172.217.26.0-255,5738,131279,70,259033
330,0.005858,172.31.40.0-255,66,131345,70,259033
331,0.007791,172.217.26.0-255,5738,137083,70,259033
332,0.0078,172.31.40.0-255,66,137149,70,259033
333,0.009748,172.217.26.0-255,5738,142887,70,259033
334,0.009755,172.31.40.0-255,66,142953,70,259033
335,0.01169,172.217.26.0-255,5738,148691,70,259033
336,0.011698,172.31.40.0-255,66,148757,70,259033
337,0.013634,172.217.26.0-255,5738,154495,70,259033
338,0.01364,172.31.40.0-255,66,154561,70,259033
339,0.015582,172.217.26.0-255,5738,160299,70,259033
340,0.01559,172.31.40.0-255,66,160365,70,259033
341,0.017526,172.217.26.0-255,5738,166103,70,259033
342,0.017533,172.31.40.0-255,66,166169,70,259033
343,0.01946,172.217.26.0-255,5738,171907,70,259033
344,0.019464,172.31.40.0-255,66,171973,70,259033
345,0.02141,172.217.26.0-255,5738,177711,70,259033
346,0.021418,172.31.40.0-255,66,177777,70,259033
347,0.023353,172.217.26.0-255,5738,183515,70,259033
348,0.02336,172.31.40.0-255,66,183581,70,259033
349,0.025287,172.217.26.0-255,5738,189319,70,259033
350,0.025293,172.31.40.0-255,66,189385,70,259033
351,0.027242,172.217.26.0-255,5738,195123,70,259033
352,0.027251,172.31.40.0-255,66,195189,70,259033
353,0.029192,172.217.26.0-255,5738,200927,70,259033
354,0.029198,172.31.40.0-255,66,200993,70,259033
355,0.031131,172.217.26.0-255,5738,206731,70,259033
356,0.031139,172.31.40.0-255,66,206797,70,259033
357,0.033065,172.217.26.0-255,5738,212535,70,259033
358,0.033072,172.31.40.0-255,66,212601,70,259033
359,0.035009,172.217.26.0-255,5738,218339,70,259033
360,0.035016,172.31.40.0-255,66,218405,70,259033
361,0.036953,172.217.26.0-255,5738,224143,70,259033
362,0.036961,172.31.40.0-255,66,224209,70,259033
363,0.038898,172.217.26.0-255,5738,229947,70,259033
364,0.038905,172.31.40.0-255,66,230013,70,259033
365,0.040844,172.217.26.0-255,5738,235751,70,259033
366,0.040852,172.31.40.0-255,66,235817,70,259033
367,0.042799,172.217.26.0-255,5738,241555,70,259033
368,0.042809,172.31.40.0-255,66,241621,70,259033
369,0.044759,172.217.26.0-255,5738,247359,70,259033
370,0.044774,172.31.40.0-255,66,247425,70,259033
371,0.046734,172.217.26.0-255,5738,253163,70,259033
372,0.046753,172.31.40.0-255,66,253229,70,259033
373,0.048708,172.217.26.0-255,5738,258967,70,259033
374,0.048722,172.31.40.0-255,66,259033,70,259033
375,0.0,74.125.24.0-255,153,153,70,257835
376,2.3e-05,172.31.40.0-255,66,219,70,257835
377,3e-05,74.125.24.0-255,1484,1703,70,257835
378,3.4e-05,172.31.40.0-255,66,1769,70,257835
379,3.9e-05,74.125.24.0-255,2902,4671,70,257835
380,4.3e-05,172.31.40.0-255,66,4737,70,257835
381,5.1e-05,74.125.24.0-255,7156,11893,70,257835
382,5.4e-05,172.31.40.0-255,66,11959,70,257835
383,6e-05,74.125.24.0-255,4975,16934,70,257835
384,6.2e-05,172.31.40.0-255,66,17000,70,257835
385,7.1e-05,74.125.24.0-255,9992,26992,70,257835
386,7.5e-05,172.31.40.0-255,66,27058,70,257835
387,0.000101,74.125.24.0-255,3961,31019,70,257835
388,0.000104,172.31.40.0-255,66,31085,70,257835
389,0.000191,74.125.24.0-255,1484,32569,70,257835
390,0.000194,172.31.40.0-255,66,32635,70,257835
391,0.000199,74.125.24.0-255,2902,35537,70,257835
392,0.000202,172.31.40.0-255,66,35603,70,257835
393,0.000219,74.125.24.0-255,5738,41341,70,257835
394,0.000221,172.31.40.0-255,66,41407,70,257835
395,0.000237,74.125.24.0-255,1484,42891,70,257835
396,0.00024,172.31.40.0-255,66,42957,70,257835
397,0.000277,74.125.24.0-255,5379,48336,70,257835
398,0.00028,172.31.40.0-255,66,48402,70,257835
399,0.000294,172.31.40.0-255,66,48468,70,257835
400,0.000298,74.125.24.0-255,2815,51283,70,257835
401,0.0003,172.31.40.0-255,66,51349,70,257835
402,0.000318,74.125.24.0-255,415,51764,70,257835
403,0.00032,172.31.40.0-255,66,51830,70,257835
404,0.000494,74.125.24.0-255,1484,53314,70,257835
405,0.000499,172.31.40.0-255,66,53380,70,257835
406,0.000504,74.125.24.0-255,2902,56282,70,257835
407,0.000507,172.31.40.0-255,66,56348,70,257835
408,0.000512,74.125.24.0-255,4320,60668,70,257835
409,0.000514,172.31.40.0-255,66,60734,70,257835
410,0.000549,74.125.24.0-255,1484,62218,70,257835
411,0.000566,172.31.40.0-255,66,62284,70,257835
412,0.000593,74.125.24.0-255,5738,68022,70,257835
413,0.000595,172.31.40.0-255,66,68088,70,257835
414,0.000613,74.125.24.0-255,5020,73108,70,257835
415,0.000616,172.31.40.0-255,66,73174,70,257835
416,0.000957,74.125.24.0-255,1484,74658,70,257835
417,0.000962,74.125.24.0-255,1484,76142,70,257835
418,0.000965,172.31.40.0-255,66,76208,70,257835
419,0.000987,74.125.24.0-255,1484,77692,70,257835
420,0.000993,74.125.24.0-255,4320,82012,70,257835
421,0.000996,172.31.40.0-255,66,82078,70,257835
422,0.001017,74.125.24.0-255,7156,89234,70,257835
423,0.001019,172.31.40.0-255,66,89300,70,257835
424,0.001039,74.125.24.0-255,1484,90784,70,257835
425,0.001044,74.125.24.0-255,4320,95104,70,257835
426,0.001048,172.31.40.0-255,66,95170,70,257835
427,0.001081,172.31.40.0-255,66,95236,70,257835
428,0.001356,74.125.24.0-255,1484,96720,70,257835
429,0.001361,74.125.24.0-255,1484,98204,70,257835
430,0.001364,172.31.40.0-255,66,98270,70,257835
431,0.00138,74.125.24.0-255,1484,99754,70,257835
432,0.001387,74.125.24.0-255,5738,105492,70,257835
433,0.001389,172.31.40.0-255,66,105558,70,257835
434,0.001394,74.125.24.0-255,2902,108460,70,257835
435,0.001395,172.31.40.0-255,66,108526,70,257835
436,0.001411,74.125.24.0-255,4320,112846,70,257835
437,0.001413,172.31.40.0-255,66,112912,70,257835
438,0.001432,74.125.24.0-255,5738,118650,70,257835
439,0.001434,172.31.40.0-255,66,118716,70,257835
440,0.001461,74.125.24.0-255,7156,125872,70,257835
441,0.001463,172.31.40.0-255,66,125938,70,257835
442,0.001482,74.125.24.0-255,3602,129540,70,257835
443,0.001485,172.31.40.0-255,66,129606,70,257835
444,0.001534,74.125.24.0-255,1484,131090,70,257835
445,0.001539,74.125.24.0-255,2902,133992,70,257835
446,0.001541,172.31.40.0-255,66,134058,70,257835
447,0.001565,74.125.24.0-255,5738,139796,70,257835
448,0.001567,172.31.40.0-255,66,139862,70,257835
449,0.00157,74.125.24.0-255,1484,141346,70,257835
450,0.001597,172.31.40.0-255,66,141412,70,257835
451,0.001603,74.125.24.0-255,5738,147150,70,257835
452,0.001606,172.31.40.0-255,66,147216,70,257835
453,0.001623,74.125.24.0-255,5020,152236,70,257835
454,0.001626,172.31.40.0-255,66,152302,70,257835
455,0.001643,74.125.24.0-255,2902,155204,70,257835
456,0.001646,172.31.40.0-255,66,155270,70,257835
457,0.001662,74.125.24.0-255,7156,162426,70,257835
458,0.001665,172.31.40.0-255,66,162492,70,257835
459,0.001679,74.125.24.0-255,1484,163976,70,257835
460,0.001693,172.31.40.0-255,66,164042,70,257835
461,0.001695,74.125.24.0-255,1484,165526,70,257835
462,0.001725,74.125.24.0-255,7856,173382,70,257835
463,0.001728,172.31.40.0-255,66,173448,70,257835
464,0.001746,74.125.24.0-255,1484,174932,70,257835
465,0.001762,74.125.24.0-255,2902,177834,70,257835
466,0.001764,172.31.40.0-255,66,177900,70,257835
467,0.00177,74.125.24.0-255,4320,182220,70,257835
468,0.001772,172.31.40.0-255,66,182286,70,257835
469,0.001789,74.125.24.0-255,1484,183770,70,257835
470,0.001804,74.125.24.0-255,9992,193762,70,257835
471,0.001807,172.31.40.0-255,66,193828,70,257835
472,0.001832,74.125.24.0-255,2902,196730,70,257835
473,0.001835,172.31.40.0-255,66,196796,70,257835
474,0.001844,74.125.24.0-255,9992,206788,70,257835
475,0.001846,74.125.24.0-255,766,207554,70,257835
476,0.001877,74.125.24.0-255,1484,209038,70,257835
477,0.00188,74.125.24.0-255,1484,210522,70,257835
478,0.001894,74.125.24.0-255,2902,213424,70,257835
479,0.0019,74.125.24.0-255,4320,217744,70,257835
480,0.001904,172.31.40.0-255,66,217810,70,257835
481,0.00196,74.125.24.0-255,5738,223548,70,257835
482,0.001983,74.125.24.0-255,4320,227868,70,257835
483,0.002015,74.125.24.0-255,8574,236442,70,257835
484,0.002062,74.125.24.0-255,4320,240762,70,257835
485,0.002114,74.125.24.0-255,7856,248618,70,257835
486,0.00216,74.125.24.0-255,1484,250102,70,257835
487,0.002208,74.125.24.0-255,1848,251950,70,257835
488,0.002212,74.125.24.0-255,105,252055,70,257835
489,0.011614,74.125.24.0-255,105,252160,70,257835
490,0.011636,172.31.40.0-255,78,252238,70,257835
491,0.015042,172.31.40.0-255,105,252343,70,257835
492,0.01725,74.125.24.0-255,66,252409,70,257835
493,0.046562,172.31.40.0-255,172,252581,70,257835
494,0.046595,172.31.40.0-255,1119,253700,70,257835
495,0.04666,172.31.40.0-255,1514,255214,70,257835
496,0.046662,172.31.40.0-255,1514,256728,70,257835
497,0.046663,172.31.40.0-255,843,257571,70,257835
498,0.0481,104.244.42.0-255,66,257637,70,257835
499,0.048122,104.244.42.0-255,66,257703,70,257835
500,0.048208,104.244.42.0-255,66,257769,70,257835
501,0.048211,104.244.42.0-255,66,257835,70,257835
502,0.0,74.125.200.0-255,153,153,70,337602
503,1.3e-05,172.31.40.0-255,66,219,70,337602
504,1.9e-05,74.125.200.0-255,1484,1703,70,337602
505,2.3e-05,172.31.40.0-255,66,1769,70,337602
506,2.9e-05,74.125.200.0-255,2902,4671,70,337602
507,3.3e-05,172.31.40.0-255,66,4737,70,337602
508,4e-05,74.125.200.0-255,7156,11893,70,337602
509,4.4e-05,172.31.40.0-255,66,11959,70,337602
510,4.8e-05,74.125.200.0-255,2020,13979,70,337602
511,5.1e-05,172.31.40.0-255,66,14045,70,337602
512,5.5e-05,74.125.200.0-255,1484,15529,70,337602
513,5.7e-05,172.31.40.0-255,66,15595,70,337602
514,9.4e-05,74.125.200.0-255,9992,25587,70,337602
515,9.7e-05,172.31.40.0-255,66,25653,70,337602
516,0.000103,74.125.200.0-255,4320,29973,70,337602
517,0.000105,172.31.40.0-255,66,30039,70,337602
518,0.000125,74.125.200.0-255,8574,38613,70,337602
519,0.000127,172.31.40.0-255,66,38679,70,337602
520,0.000152,74.125.200.0-255,9274,47953,70,337602
521,0.000154,172.31.40.0-255,66,48019,70,337602
522,0.000196,74.125.200.0-255,1484,49503,70,337602
523,0.000198,172.31.40.0-255,66,49569,70,337602
524,0.000203,74.125.200.0-255,2902,52471,70,337602
525,0.000204,172.31.40.0-255,66,52537,70,337602
526,0.000207,74.125.200.0-255,1484,54021,70,337602
527,0.000209,172.31.40.0-255,66,54087,70,337602
528,0.000225,74.125.200.0-255,4320,58407,70,337602
529,0.000228,172.31.40.0-255,66,58473,70,337602
530,0.000231,74.125.200.0-255,1484,59957,70,337602
531,0.000233,172.31.40.0-255,66,60023,70,337602
532,0.000261,74.125.200.0-255,5738,65761,70,337602
533,0.000264,172.31.40.0-255,66,65827,70,337602
534,0.000266,74.125.200.0-255,286,66113,70,337602
535,0.000743,74.125.200.0-255,1484,67597,70,337602
536,0.000748,172.31.40.0-255,66,67663,70,337602
537,0.000754,74.125.200.0-255,2902,70565,70,337602
538,0.000756,172.31.40.0-255,66,70631,70,337602
539,0.00076,74.125.200.0-255,2902,73533,70,337602
540,0.000762,172.31.40.0-255,66,73599,70,337602
541,0.000787,74.125.200.0-255,2902,76501,70,337602
542,0.000789,172.31.40.0-255,66,76567,70,337602
543,0.000793,74.125.200.0-255,1484,78051,70,337602
544,0.000815,74.125.200.0-255,5379,83430,70,337602
545,0.000818,172.31.40.0-255,66,83496,70,337602
546,0.000825,74.125.200.0-255,5738,89234,70,337602
547,0.000827,172.31.40.0-255,66,89300,70,337602
548,0.00084,74.125.200.0-255,2902,92202,70,337602
549,0.000842,172.31.40.0-255,66,92268,70,337602
550,0.000852,74.125.200.0-255,9992,102260,70,337602
551,0.000854,172.31.40.0-255,66,102326,70,337602
552,0.000895,172.31.40.0-255,66,102392,70,337602
553,0.000929,74.125.200.0-255,3602,105994,70,337602
554,0.000932,172.31.40.0-255,66,106060,70,337602
555,0.001115,74.125.200.0-255,1484,107544,70,337602
556,0.001131,74.125.200.0-255,2902,110446,70,337602
557,0.001134,172.31.40.0-255,66,110512,70,337602
558,0.001164,74.125.200.0-255,5738,116250,70,337602
559,0.001166,172.31.40.0-255,66,116316,70,337602
560,0.001171,74.125.200.0-255,4320,120636,70,337602
561,0.001173,172.31.40.0-255,66,120702,70,337602
562,0.001179,74.125.200.0-255,4320,125022,70,337602
563,0.001181,172.31.40.0-255,66,125088,70,337602
564,0.001193,74.125.200.0-255,1484,126572,70,337602
565,0.001218,74.125.200.0-255,1484,128056,70,337602
566,0.00122,172.31.40.0-255,66,128122,70,337602
567,0.001243,74.125.200.0-255,9992,138114,70,337602
568,0.001246,172.31.40.0-255,66,138180,70,337602
569,0.001279,74.125.200.0-255,2902,141082,70,337602
570,0.001282,172.31.40.0-255,66,141148,70,337602
571,0.00131,74.125.200.0-255,9274,150422,70,337602
572,0.001313,172.31.40.0-255,66,150488,70,337602
573,0.001322,74.125.200.0-255,9992,160480,70,337602
574,0.001324,172.31.40.0-255,66,160546,70,337602
575,0.001344,74.125.200.0-255,2902,163448,70,337602
576,0.001346,172.31.40.0-255,66,163514,70,337602
577,0.001351,74.125.200.0-255,2902,166416,70,337602
578,0.001353,172.31.40.0-255,66,166482,70,337602
579,0.001359,74.125.200.0-255,4320,170802,70,337602
580,0.001361,172.31.40.0-255,66,170868,70,337602
581,0.001395,74.125.200.0-255,3602,174470,70,337602
582,0.001399,172.31.40.0-255,66,174536,70,337602
583,0.001491,74.125.200.0-255,1484,176020,70,337602
584,0.001497,74.125.200.0-255,2902,178922,70,337602
585,0.0015,172.31.40.0-255,66,178988,70,337602
586,0.001526,74.125.200.0-255,5738,184726,70,337602
587,0.001528,172.31.40.0-255,66,184792,70,337602
588,0.001532,74.125.200.0-255,1484,186276,70,337602
589,0.001561,74.125.200.0-255,5738,192014,70,337602
590,0.001564,172.31.40.0-255,66,192080,70,337602
591,0.001571,74.125.200.0-255,5738,197818,70,337602
592,0.001573,172.31.40.0-255,66,197884,70,337602
593,0.001592,74.125.200.0-255,8574,206458,70,337602
594,0.001594,172.31.40.0-255,66,206524,70,337602
595,0.001621,74.125.200.0-255,2184,208708,70,337602
596,0.001623,172.31.40.0-255,66,208774,70,337602
597,0.001658,74.125.200.0-255,2902,211676,70,337602
598,0.001662,172.31.40.0-255,66,211742,70,337602
599,0.001685,74.125.200.0-255,5738,217480,70,337602
600,0.001688,172.31.40.0-255,66,217546,70,337602
601,0.001695,74.125.200.0-255,7156,224702,70,337602
602,0.001698,172.31.40.0-255,66,224768,70,337602
603,0.001759,172.31.40.0-255,66,224834,70,337602
604,0.001769,74.125.200.0-255,3602,228436,70,337602
605,0.001771,172.31.40.0-255,66,228502,70,337602
606,0.001788,74.125.200.0-255,4320,232822,70,337602
607,0.00179,172.31.40.0-255,66,232888,70,337602
608,0.001828,172.31.40.0-255,66,232954,70,337602
609,0.001855,74.125.200.0-255,7156,240110,70,337602
610,0.001858,172.31.40.0-255,66,240176,70,337602
611,0.001888,74.125.200.0-255,7856,248032,70,337602
612,0.001892,172.31.40.0-255,66,248098,70,337602
613,0.001899,74.125.200.0-255,7156,255254,70,337602
614,0.001918,74.125.200.0-255,7156,262410,70,337602
615,0.001935,74.125.200.0-255,1484,263894,70,337602
616,0.001943,74.125.200.0-255,7156,271050,70,337602
617,0.001957,74.125.200.0-255,1484,272534,70,337602
618,0.002011,74.125.200.0-255,8574,281108,70,337602
619,0.002016,74.125.200.0-255,2902,284010,70,337602
620,0.002044,74.125.200.0-255,6438,290448,70,337602
621,0.002049,74.125.200.0-255,2902,293350,70,337602
622,0.002054,74.125.200.0-255,4320,297670,70,337602
623,0.002095,74.125.200.0-255,8574,306244,70,337602
624,0.002101,74.125.200.0-255,4320,310564,70,337602
625,0.002106,74.125.200.0-255,5738,316302,70,337602
626,0.002133,74.125.200.0-255,2902,319204,70,337602
627,0.00216,74.125.200.0-255,7856,327060,70,337602
628,0.002185,74.125.200.0-255,4774,331834,70,337602
629,0.002219,74.125.200.0-255,105,331939,70,337602
630,0.005526,172.31.40.0-255,66,332005,70,337602
631,0.008137,172.31.40.0-255,105,332110,70,337602
632,0.010651,74.125.200.0-255,66,332176,70,337602
633,0.031665,172.31.40.0-255,172,332348,70,337602
634,0.031701,172.31.40.0-255,1118,333466,70,337602
635,0.031762,172.31.40.0-255,1514,334980,70,337602
636,0.031764,172.31.40.0-255,1514,336494,70,337602
637,0.031806,172.31.40.0-255,844,337338,70,337602
638,0.033226,104.244.42.0-255,66,337404,70,337602
639,0.033271,104.244.42.0-255,66,337470,70,337602
640,0.033328,104.244.42.0-255,66,337536,70,337602
641,0.03338,104.244.42.0-255,66,337602,70,337602
642,0.0,172.217.194.0-255,148,148,70,244898
643,3.4e-05,172.31.40.0-255,66,214,70,244898
644,4e-05,172.217.194.0-255,1484,1698,70,244898
645,4.4e-05,172.31.40.0-255,66,1764,70,244898
646,4.9e-05,172.217.194.0-255,2902,4666,70,244898
647,6e-05,172.31.40.0-255,66,4732,70,244898
648,6.7e-05,172.217.194.0-255,7156,11888,70,244898
649,7e-05,172.31.40.0-255,66,11954,70,244898
650,9.3e-05,172.217.194.0-255,2026,13980,70,244898
651,9.5e-05,172.31.40.0-255,66,14046,70,244898
652,0.00044,172.217.194.0-255,1484,15530,70,244898
653,0.000444,172.31.40.0-255,66,15596,70,244898
654,0.000456,172.217.194.0-255,2902,18498,70,244898
655,0.000464,172.31.40.0-255,66,18564,70,244898
656,0.00047,172.217.194.0-255,4320,22884,70,244898
657,0.000472,172.31.40.0-255,66,22950,70,244898
658,0.000516,172.217.194.0-255,8215,31165,70,244898
659,0.000521,172.31.40.0-255,66,31231,70,244898
660,0.000525,172.217.194.0-255,2902,34133,70,244898
661,0.000527,172.31.40.0-255,66,34199,70,244898
662,0.000556,172.217.194.0-255,5738,39937,70,244898
663,0.00056,172.31.40.0-255,66,40003,70,244898
664,0.000569,172.217.194.0-255,8215,48218,70,244898
665,0.000572,172.31.40.0-255,66,48284,70,244898
666,0.000608,172.217.194.0-255,8574,56858,70,244898
667,0.000613,172.31.40.0-255,66,56924,70,244898
668,0.000621,172.217.194.0-255,8215,65139,70,244898
669,0.000624,172.31.40.0-255,66,65205,70,244898
670,0.000627,172.217.194.0-255,362,65567,70,244898
671,0.000629,172.31.40.0-255,66,65633,70,244898
672,0.000694,172.217.194.0-255,380,66013,70,244898
673,0.000698,172.31.40.0-255,66,66079,70,244898
674,0.001005,172.217.194.0-255,1484,67563,70,244898
675,0.001023,172.217.194.0-255,2902,70465,70,244898
676,0.001029,172.31.40.0-255,66,70531,70,244898
677,0.001037,172.217.194.0-255,5738,76269,70,244898
678,0.00104,172.31.40.0-255,66,76335,70,244898
679,0.00106,172.217.194.0-255,2902,79237,70,244898
680,0.001063,172.31.40.0-255,66,79303,70,244898
681,0.001103,172.217.194.0-255,9992,89295,70,244898
682,0.001109,172.31.40.0-255,66,89361,70,244898
683,0.001111,172.217.194.0-255,7156,96517,70,244898
684,0.001113,172.31.40.0-255,66,96583,70,244898
685,0.001118,172.217.194.0-255,3602,100185,70,244898
686,0.00112,172.31.40.0-255,66,100251,70,244898
687,0.002568,172.217.194.0-255,1484,101735,70,244898
688,0.002577,172.217.194.0-255,2902,104637,70,244898
689,0.00258,172.31.40.0-255,66,104703,70,244898
690,0.002612,172.217.194.0-255,5738,110441,70,244898
691,0.002614,172.31.40.0-255,66,110507,70,244898
692,0.002621,172.217.194.0-255,7156,117663,70,244898
693,0.002622,172.31.40.0-255,66,117729,70,244898
694,0.002644,172.217.194.0-255,5738,123467,70,244898
695,0.002646,172.31.40.0-255,66,123533,70,244898
696,0.002652,172.217.194.0-255,5738,129271,70,244898
697,0.002653,172.31.40.0-255,66,129337,70,244898
698,0.002675,172.217.194.0-255,5020,134357,70,244898
699,0.00268,172.31.40.0-255,66,134423,70,244898
700,0.005286,172.217.194.0-255,5738,140161,70,244898
701,0.005291,172.31.40.0-255,66,140227,70,244898
702,0.007916,172.217.194.0-255,5738,145965,70,244898
703,0.007923,172.31.40.0-255,66,146031,70,244898
704,0.010535,172.217.194.0-255,5738,151769,70,244898
705,0.010542,172.31.40.0-255,66,151835,70,244898
706,0.013243,172.217.194.0-255,5738,157573,70,244898
707,0.013252,172.31.40.0-255,66,157639,70,244898
708,0.015883,172.217.194.0-255,5738,163377,70,244898
709,0.015892,172.31.40.0-255,66,163443,70,244898
710,0.018514,172.217.194.0-255,5738,169181,70,244898
711,0.018521,172.31.40.0-255,66,169247,70,244898
712,0.021142,172.217.194.0-255,5738,174985,70,244898
713,0.021152,172.31.40.0-255,66,175051,70,244898
714,0.022049,172.31.40.0-255,172,175223,70,244898
715,0.022086,172.31.40.0-255,1118,176341,70,244898
716,0.022141,172.31.40.0-255,1514,177855,70,244898
717,0.022142,172.31.40.0-255,1514,179369,70,244898
718,0.022143,172.31.40.0-255,431,179800,70,244898
719,0.023644,104.244.42.0-255,66,179866,70,244898
720,0.02365,104.244.42.0-255,66,179932,70,244898
721,0.023728,104.244.42.0-255,66,179998,70,244898
722,0.023732,104.244.42.0-255,66,180064,70,244898
723,0.023783,172.217.194.0-255,5738,185802,70,244898
724,0.023788,172.31.40.0-255,66,185868,70,244898
725,0.026413,172.217.194.0-255,5738,191606,70,244898
726,0.026422,172.31.40.0-255,66,191672,70,244898
727,0.029037,172.217.194.0-255,5738,197410,70,244898
728,0.029043,172.31.40.0-255,66,197476,70,244898
729,0.03164,172.217.194.0-255,5738,203214,70,244898
730,0.031644,172.31.40.0-255,66,203280,70,244898
731,0.034253,172.217.194.0-255,2902,206182,70,244898
732,0.034257,172.31.40.0-255,66,206248,70,244898
733,0.034286,172.217.194.0-255,2902,209150,70,244898
734,0.034289,172.31.40.0-255,66,209216,70,244898
735,0.036858,172.217.194.0-255,2902,212118,70,244898
736,0.036865,172.31.40.0-255,66,212184,70,244898
737,0.036899,172.217.194.0-255,2902,215086,70,244898
738,0.036902,172.31.40.0-255,66,215152,70,244898
739,0.039463,172.217.194.0-255,2902,218054,70,244898
740,0.039468,172.31.40.0-255,66,218120,70,244898
741,0.039492,172.217.194.0-255,2902,221022,70,244898
742,0.039495,172.31.40.0-255,66,221088,70,244898
743,0.042104,172.217.194.0-255,2902,223990,70,244898
744,0.042118,172.31.40.0-255,66,224056,70,244898
745,0.042148,172.217.194.0-255,2902,226958,70,244898
746,0.042153,172.31.40.0-255,66,227024,70,244898
747,0.044708,172.217.194.0-255,2902,229926,70,244898
748,0.044713,172.31.40.0-255,66,229992,70,244898
749,0.044768,172.217.194.0-255,2902,232894,70,244898
750,0.044772,172.31.40.0-255,66,232960,70,244898
751,0.047317,172.217.194.0-255,2902,235862,70,244898
752,0.047321,172.31.40.0-255,66,235928,70,244898
753,0.047365,172.217.194.0-255,1484,237412,70,244898
754,0.047383,172.217.194.0-255,1484,238896,70,244898
755,0.047385,172.31.40.0-255,66,238962,70,244898
756,0.049938,172.217.194.0-255,2902,241864,70,244898
757,0.049943,172.31.40.0-255,66,241930,70,244898
758,0.049981,172.217.194.0-255,2902,244832,70,244898
759,0.049984,172.31.40.0-255,66,244898,70,244898
760,0.0,172.217.194.0-255,153,153,70,298715
761,1.7e-05,172.31.40.0-255,66,219,70,298715
762,2.3e-05,172.217.194.0-255,1484,1703,70,298715
763,2.7e-05,172.31.40.0-255,66,1769,70,298715
764,3.3e-05,172.217.194.0-255,2902,4671,70,298715
765,3.6e-05,172.31.40.0-255,66,4737,70,298715
766,3.9e-05,172.217.194.0-255,1484,6221,70,298715
767,4.1e-05,172.31.40.0-255,66,6287,70,298715
768,6.8e-05,172.217.194.0-255,2902,9189,70,298715
769,7e-05,172.31.40.0-255,66,9255,70,298715
770,8.9e-05,172.217.194.0-255,1484,10739,70,298715
771,9.1e-05,172.31.40.0-255,66,10805,70,298715
772,0.000106,172.217.194.0-255,3485,14290,70,298715
773,0.000108,172.31.40.0-255,66,14356,70,298715
774,0.000145,172.217.194.0-255,5738,20094,70,298715
775,0.000148,172.31.40.0-255,66,20160,70,298715
776,0.000153,172.217.194.0-255,4320,24480,70,298715
777,0.000154,172.31.40.0-255,66,24546,70,298715
778,0.000168,172.217.194.0-255,2902,27448,70,298715
779,0.00017,172.31.40.0-255,66,27514,70,298715
780,0.000194,172.217.194.0-255,3961,31475,70,298715
781,0.000196,172.31.40.0-255,66,31541,70,298715
782,0.00027,172.217.194.0-255,1484,33025,70,298715
783,0.000273,172.31.40.0-255,66,33091,70,298715
784,0.000278,172.217.194.0-255,2902,35993,70,298715
785,0.00028,172.31.40.0-255,66,36059,70,298715
786,0.000295,172.217.194.0-255,2902,38961,70,298715
787,0.000296,172.31.40.0-255,66,39027,70,298715
788,0.000311,172.217.194.0-255,2902,41929,70,298715
789,0.000314,172.31.40.0-255,66,41995,70,298715
790,0.000348,172.217.194.0-255,2902,44897,70,298715
791,0.00035,172.31.40.0-255,66,44963,70,298715
792,0.000366,172.217.194.0-255,3961,48924,70,298715
793,0.000389,172.217.194.0-255,4320,53244,70,298715
794,0.000415,172.217.194.0-255,2902,56146,70,298715
795,0.000423,172.217.194.0-255,9910,66056,70,298715
796,0.000464,172.31.40.0-255,66,66122,70,298715
797,0.000471,172.217.194.0-255,117,66239,70,298715
798,0.000559,172.217.194.0-255,1484,67723,70,298715
799,0.000565,172.217.194.0-255,2902,70625,70,298715
800,0.000574,172.31.40.0-255,66,70691,70,298715
801,0.000583,172.217.194.0-255,4320,75011,70,298715
802,0.000588,172.31.40.0-255,66,75077,70,298715
803,0.000594,172.217.194.0-255,1484,76561,70,298715
804,0.000614,172.217.194.0-255,6797,83358,70,298715
805,0.000619,172.31.40.0-255,66,83424,70,298715
806,0.000657,172.217.194.0-255,7156,90580,70,298715
807,0.000675,172.217.194.0-255,7156,97736,70,298715
808,0.000684,172.31.40.0-255,66,97802,70,298715
809,0.000698,172.217.194.0-255,2543,100345,70,298715
810,0.000719,172.31.40.0-255,66,100411,70,298715
811,0.000762,172.217.194.0-255,1484,101895,70,298715
812,0.000775,172.217.194.0-255,2902,104797,70,298715
813,0.00079,172.31.40.0-255,66,104863,70,298715
814,0.000805,172.217.194.0-255,2902,107765,70,298715
815,0.000817,172.31.40.0-255,66,107831,70,298715
816,0.00083,172.217.194.0-255,4320,112151,70,298715
817,0.000834,172.31.40.0-255,66,112217,70,298715
818,0.000864,172.217.194.0-255,8574,120791,70,298715
819,0.000869,172.217.194.0-255,4320,125111,70,298715
820,0.000884,172.31.40.0-255,66,125177,70,298715
821,0.00092,172.217.194.0-255,9274,134451,70,298715
822,0.000935,172.31.40.0-255,66,134517,70,298715
823,0.000954,172.217.194.0-255,1484,136001,70,298715
824,0.000973,172.217.194.0-255,2902,138903,70,298715
825,0.00098,172.217.194.0-255,5738,144641,70,298715
826,0.000999,172.31.40.0-255,66,144707,70,298715
827,0.001018,172.217.194.0-255,7156,151863,70,298715
828,0.001024,172.31.40.0-255,66,151929,70,298715
829,0.001039,172.217.194.0-255,3602,155531,70,298715
830,0.001056,172.31.40.0-255,66,155597,70,298715
831,0.00107,172.217.194.0-255,8574,164171,70,298715
832,0.001074,172.217.194.0-255,2902,167073,70,298715
833,0.00108,172.31.40.0-255,66,167139,70,298715
834,0.0011,172.217.194.0-255,7156,174295,70,298715
835,0.001126,172.217.194.0-255,7156,181451,70,298715
836,0.001136,172.31.40.0-255,66,181517,70,298715
837,0.001153,172.217.194.0-255,8171,189688,70,298715
838,0.001177,172.31.40.0-255,66,189754,70,298715
839,0.001203,172.217.194.0-255,1484,191238,70,298715
840,0.001207,172.217.194.0-255,2902,194140,70,298715
841,0.001218,172.31.40.0-255,66,194206,70,298715
842,0.001236,172.217.194.0-255,5738,199944,70,298715
843,0.001273,172.217.194.0-255,1484,201428,70,298715
844,0.001281,172.217.194.0-255,8574,210002,70,298715
845,0.001294,172.31.40.0-255,66,210068,70,298715
846,0.001313,172.217.194.0-255,2184,212252,70,298715
847,0.001357,172.31.40.0-255,66,212318,70,298715
848,0.001365,172.217.194.0-255,1484,213802,70,298715
849,0.001367,172.217.194.0-255,1484,215286,70,298715
850,0.001372,172.31.40.0-255,66,215352,70,298715
851,0.001382,172.217.194.0-255,1484,216836,70,298715
852,0.001388,172.217.194.0-255,5738,222574,70,298715
853,0.001406,172.31.40.0-255,66,222640,70,298715
854,0.001428,172.31.40.0-255,66,222706,70,298715
855,0.001447,172.217.194.0-255,1484,224190,70,298715
856,0.001456,172.217.194.0-255,9992,234182,70,298715
857,0.001459,172.217.194.0-255,766,234948,70,298715
858,0.001477,172.31.40.0-255,66,235014,70,298715
859,0.002029,172.217.194.0-255,1484,236498,70,298715
860,0.002047,172.217.194.0-255,2902,239400,70,298715
861,0.00205,172.31.40.0-255,66,239466,70,298715
862,0.002076,172.217.194.0-255,5738,245204,70,298715
863,0.002079,172.217.194.0-255,1484,246688,70,298715
864,0.002094,172.31.40.0-255,66,246754,70,298715
865,0.002103,172.217.194.0-255,8574,255328,70,298715
866,0.002113,172.31.40.0-255,66,255394,70,298715
867,0.002133,172.217.194.0-255,4320,259714,70,298715
868,0.00214,172.31.40.0-255,66,259780,70,298715
869,0.002163,172.217.194.0-255,9274,269054,70,298715
870,0.002181,172.31.40.0-255,66,269120,70,298715
871,0.002192,172.217.194.0-255,1484,270604,70,298715
872,0.002207,172.217.194.0-255,2902,273506,70,298715
873,0.002212,172.31.40.0-255,66,273572,70,298715
874,0.002231,172.217.194.0-255,5738,279310,70,298715
875,0.00224,172.217.194.0-255,9992,289302,70,298715
876,0.002258,172.31.40.0-255,66,289368,70,298715
877,0.002272,172.217.194.0-255,5738,295106,70,298715
878,0.002329,172.31.40.0-255,66,295172,70,298715
879,0.002351,172.217.194.0-255,2902,298074,70,298715
880,0.002365,172.31.40.0-255,66,298140,70,298715
881,0.002389,172.31.40.0-255,66,298206,70,298715
882,0.002433,172.31.40.0-255,66,298272,70,298715
883,0.002441,172.217.194.0-255,105,298377,70,298715
884,0.015316,172.31.40.0-255,101,298478,70,298715
885,0.016261,172.31.40.0-255,105,298583,70,298715
886,0.017902,172.217.194.0-255,66,298649,70,298715
887,0.018811,172.217.194.0-255,66,298715,70,298715
888,0.0,172.217.194.0-255,150,150,70,256494
889,1.8e-05,172.31.40.0-255,66,216,70,256494
890,2.4e-05,172.217.194.0-255,1484,1700,70,256494
891,2.9e-05,172.31.40.0-255,66,1766,70,256494
892,3.4e-05,172.217.194.0-255,2902,4668,70,256494
893,4.5e-05,172.31.40.0-255,66,4734,70,256494
894,5e-05,172.217.194.0-255,2902,7636,70,256494
895,5.3e-05,172.31.40.0-255,66,7702,70,256494
896,0.000103,172.217.194.0-255,6241,13943,70,256494
897,0.000106,172.31.40.0-255,66,14009,70,256494
898,0.00013,172.217.194.0-255,1484,15493,70,256494
899,0.000132,172.31.40.0-255,66,15559,70,256494
900,0.000164,172.217.194.0-255,5738,21297,70,256494
901,0.000167,172.31.40.0-255,66,21363,70,256494
902,0.000172,172.217.194.0-255,4320,25683,70,256494
903,0.000175,172.31.40.0-255,66,25749,70,256494
904,0.000208,172.217.194.0-255,5379,31128,70,256494
905,0.000211,172.31.40.0-255,66,31194,70,256494
906,0.000468,172.217.194.0-255,1484,32678,70,256494
907,0.000475,172.31.40.0-255,66,32744,70,256494
908,0.00051,172.217.194.0-255,2902,35646,70,256494
909,0.000513,172.31.40.0-255,66,35712,70,256494
910,0.00052,172.217.194.0-255,5738,41450,70,256494
911,0.000522,172.31.40.0-255,66,41516,70,256494
912,0.000556,172.217.194.0-255,7156,48672,70,256494
913,0.000559,172.31.40.0-255,66,48738,70,256494
914,0.000601,172.31.40.0-255,66,48804,70,256494
915,0.000651,172.217.194.0-255,5020,53824,70,256494
916,0.000655,172.31.40.0-255,66,53890,70,256494
917,0.000693,172.217.194.0-255,362,54252,70,256494
918,0.000696,172.31.40.0-255,66,54318,70,256494
919,0.000745,172.217.194.0-255,1484,55802,70,256494
920,0.000762,172.217.194.0-255,4320,60122,70,256494
921,0.000766,172.31.40.0-255,66,60188,70,256494
922,0.000769,172.217.194.0-255,1484,61672,70,256494
923,0.000796,172.217.194.0-255,1484,63156,70,256494
924,0.000799,172.31.40.0-255,66,63222,70,256494
925,0.000808,172.217.194.0-255,8574,71796,70,256494
926,0.000814,172.31.40.0-255,66,71862,70,256494
927,0.000861,172.31.40.0-255,66,71928,70,256494
928,0.000864,172.217.194.0-255,766,72694,70,256494
929,0.001433,172.217.194.0-255,1484,74178,70,256494
930,0.001438,172.217.194.0-255,2902,77080,70,256494
931,0.001443,172.31.40.0-255,66,77146,70,256494
932,0.001452,172.31.40.0-255,66,77212,70,256494
933,0.001482,172.217.194.0-255,5738,82950,70,256494
934,0.001484,172.31.40.0-255,66,83016,70,256494
935,0.001513,172.217.194.0-255,5738,88754,70,256494
936,0.001516,172.31.40.0-255,66,88820,70,256494
937,0.001547,172.217.194.0-255,7156,95976,70,256494
938,0.00155,172.31.40.0-255,66,96042,70,256494
939,0.001557,172.217.194.0-255,7156,103198,70,256494
940,0.00156,172.31.40.0-255,66,103264,70,256494
941,0.001595,172.217.194.0-255,3602,106866,70,256494
942,0.001598,172.31.40.0-255,66,106932,70,256494
943,0.002072,172.217.194.0-255,1484,108416,70,256494
944,0.00208,172.217.194.0-255,2902,111318,70,256494
945,0.002084,172.31.40.0-255,66,111384,70,256494
946,0.002092,172.217.194.0-255,5738,117122,70,256494
947,0.002094,172.31.40.0-255,66,117188,70,256494
948,0.002104,172.217.194.0-255,2902,120090,70,256494
949,0.002106,172.31.40.0-255,66,120156,70,256494
950,0.002139,172.217.194.0-255,4320,124476,70,256494
951,0.002141,172.31.40.0-255,66,124542,70,256494
952,0.004163,172.217.194.0-255,1484,126026,70,256494
953,0.004205,172.217.194.0-255,2902,128928,70,256494
954,0.004209,172.31.40.0-255,66,128994,70,256494
955,0.004238,172.217.194.0-255,1484,130478,70,256494
956,0.006292,172.217.194.0-255,4320,134798,70,256494
957,0.006298,172.31.40.0-255,66,134864,70,256494
958,0.008383,172.217.194.0-255,5738,140602,70,256494
959,0.008389,172.31.40.0-255,66,140668,70,256494
960,0.01049,172.217.194.0-255,5738,146406,70,256494
961,0.010496,172.31.40.0-255,66,146472,70,256494
962,0.012573,172.217.194.0-255,5738,152210,70,256494
963,0.012579,172.31.40.0-255,66,152276,70,256494
964,0.014652,172.217.194.0-255,5738,158014,70,256494
965,0.014659,172.31.40.0-255,66,158080,70,256494
966,0.016733,172.217.194.0-255,5738,163818,70,256494
967,0.01674,172.31.40.0-255,66,163884,70,256494
968,0.018834,172.217.194.0-255,5738,169622,70,256494
969,0.018842,172.31.40.0-255,66,169688,70,256494
970,0.020916,172.217.194.0-255,5738,175426,70,256494
971,0.020926,172.31.40.0-255,66,175492,70,256494
972,0.023015,172.217.194.0-255,5738,181230,70,256494
973,0.023022,172.31.40.0-255,66,181296,70,256494
974,0.02512,172.217.194.0-255,1484,182780,70,256494
975,0.025145,172.217.194.0-255,4320,187100,70,256494
976,0.025151,172.31.40.0-255,66,187166,70,256494
977,0.027224,172.217.194.0-255,5738,192904,70,256494
978,0.027231,172.31.40.0-255,66,192970,70,256494
979,0.028968,172.31.40.0-255,229,193199,70,256494
980,0.028996,172.31.40.0-255,1117,194316,70,256494
981,0.029062,172.31.40.0-255,1514,195830,70,256494
982,0.029064,172.31.40.0-255,1514,197344,70,256494
983,0.029065,172.31.40.0-255,846,198190,70,256494
984,0.029345,172.217.194.0-255,5738,203928,70,256494
985,0.029351,172.31.40.0-255,66,203994,70,256494
986,0.030479,104.244.42.0-255,66,204060,70,256494
987,0.030488,104.244.42.0-255,66,204126,70,256494
988,0.030572,104.244.42.0-255,66,204192,70,256494
989,0.030579,104.244.42.0-255,66,204258,70,256494
990,0.031455,172.217.194.0-255,5738,209996,70,256494
991,0.031461,172.31.40.0-255,66,210062,70,256494
992,0.033572,172.217.194.0-255,5738,215800,70,256494
993,0.033579,172.31.40.0-255,66,215866,70,256494
994,0.035648,172.217.194.0-255,5738,221604,70,256494
995,0.035655,172.31.40.0-255,66,221670,70,256494
996,0.037744,172.217.194.0-255,5738,227408,70,256494
997,0.037751,172.31.40.0-255,66,227474,70,256494
998,0.039861,172.217.194.0-255,5738,233212,70,256494
999,0.039878,172.31.40.0-255,66,233278,70,256494
1000,0.041976,172.217.194.0-255,5738,239016,70,256494
1001,0.04199,172.31.40.0-255,66,239082,70,256494
1002,0.044113,172.217.194.0-255,5738,244820,70,256494
1003,0.044128,172.31.40.0-255,66,244886,70,256494
1004,0.046226,172.217.194.0-255,5738,250624,70,256494
1005,0.04624,172.31.40.0-255,66,250690,70,256494
1006,0.048354,172.217.194.0-255,5738,256428,70,256494
1007,0.048369,172.31.40.0-255,66,256494,70,256494
1008,0.0,74.125.130.0-255,153,153,70,375042
1009,1.8e-05,172.31.40.0-255,66,219,70,375042
1010,2.5e-05,74.125.130.0-255,1484,1703,70,375042
1011,2.9e-05,172.31.40.0-255,66,1769,70,375042
1012,3.5e-05,74.125.130.0-255,2902,4671,70,375042
1013,4.4e-05,172.31.40.0-255,66,4737,70,375042
1014,8.4e-05,74.125.130.0-255,7156,11893,70,375042
1015,8.7e-05,172.31.40.0-255,66,11959,70,375042
1016,9.1e-05,74.125.130.0-255,2040,13999,70,375042
1017,9.2e-05,172.31.40.0-255,66,14065,70,375042
1018,0.000138,74.125.130.0-255,2902,16967,70,375042
1019,0.000141,172.31.40.0-255,66,17033,70,375042
1020,0.000144,74.125.130.0-255,1484,18517,70,375042
1021,0.000145,172.31.40.0-255,66,18583,70,375042
1022,0.00015,74.125.130.0-255,2902,21485,70,375042
1023,0.000152,172.31.40.0-255,66,21551,70,375042
1024,0.000178,74.125.130.0-255,5738,27289,70,375042
1025,0.00018,172.31.40.0-255,66,27355,70,375042
1026,0.000184,74.125.130.0-255,2902,30257,70,375042
1027,0.000186,172.31.40.0-255,66,30323,70,375042
1028,0.000191,74.125.130.0-255,4320,34643,70,375042
1029,0.000193,172.31.40.0-255,66,34709,70,375042
1030,0.000221,74.125.130.0-255,8574,43283,70,375042
1031,0.000223,172.31.40.0-255,66,43349,70,375042
1032,0.000229,74.125.130.0-255,5020,48369,70,375042
1033,0.000231,172.31.40.0-255,66,48435,70,375042
1034,0.0003,74.125.130.0-255,1484,49919,70,375042
1035,0.000302,172.31.40.0-255,66,49985,70,375042
1036,0.000306,74.125.130.0-255,1484,51469,70,375042
1037,0.000308,172.31.40.0-255,66,51535,70,375042
1038,0.000329,74.125.130.0-255,1484,53019,70,375042
1039,0.000332,172.31.40.0-255,66,53085,70,375042
1040,0.000334,74.125.130.0-255,1484,54569,70,375042
1041,0.000339,74.125.130.0-255,2902,57471,70,375042
1042,0.000344,172.31.40.0-255,66,57537,70,375042
1043,0.000368,74.125.130.0-255,5738,63275,70,375042
1044,0.00037,172.31.40.0-255,66,63341,70,375042
1045,0.000375,74.125.130.0-255,2794,66135,70,375042
1046,0.000437,74.125.130.0-255,121,66256,70,375042
1047,0.000489,74.125.130.0-255,1484,67740,70,375042
1048,0.000495,74.125.130.0-255,2902,70642,70,375042
1049,0.000517,74.125.130.0-255,5738,76380,70,375042
1050,0.00052,74.125.130.0-255,1484,77864,70,375042
1051,0.000537,74.125.130.0-255,2902,80766,70,375042
1052,0.000544,74.125.130.0-255,5738,86504,70,375042
1053,0.000586,74.125.130.0-255,4320,90824,70,375042
1054,0.000608,74.125.130.0-255,5738,96562,70,375042
1055,0.000637,74.125.130.0-255,3602,100164,70,375042
1056,0.000675,172.31.40.0-255,66,100230,70,375042
1057,0.000861,74.125.130.0-255,1484,101714,70,375042
1058,0.000884,74.125.130.0-255,2902,104616,70,375042
1059,0.000897,172.31.40.0-255,66,104682,70,375042
1060,0.000902,74.125.130.0-255,2902,107584,70,375042
1061,0.000923,74.125.130.0-255,1484,109068,70,375042
1062,0.000937,172.31.40.0-255,66,109134,70,375042
1063,0.000957,74.125.130.0-255,7156,116290,70,375042
1064,0.000984,74.125.130.0-255,8574,124864,70,375042
1065,0.000989,74.125.130.0-255,4320,129184,70,375042
1066,0.000992,172.31.40.0-255,66,129250,70,375042
1067,0.000998,172.31.40.0-255,66,129316,70,375042
1068,0.001024,74.125.130.0-255,5020,134336,70,375042
1069,0.001038,172.31.40.0-255,66,134402,70,375042
1070,0.001573,74.125.130.0-255,1484,135886,70,375042
1071,0.001587,74.125.130.0-255,1484,137370,70,375042
1072,0.00159,172.31.40.0-255,66,137436,70,375042
1073,0.001604,74.125.130.0-255,2902,140338,70,375042
1074,0.001611,172.31.40.0-255,66,140404,70,375042
1075,0.001643,74.125.130.0-255,5738,146142,70,375042
1076,0.001647,172.31.40.0-255,66,146208,70,375042
1077,0.00165,74.125.130.0-255,1484,147692,70,375042
1078,0.001689,74.125.130.0-255,4320,152012,70,375042
1079,0.001691,172.31.40.0-255,66,152078,70,375042
1080,0.00172,74.125.130.0-255,4320,156398,70,375042
1081,0.001723,74.125.130.0-255,1484,157882,70,375042
1082,0.001726,74.125.130.0-255,2902,160784,70,375042
1083,0.001734,172.31.40.0-255,66,160850,70,375042
1084,0.001756,74.125.130.0-255,5738,166588,70,375042
1085,0.001759,74.125.130.0-255,1484,168072,70,375042
1086,0.001779,74.125.130.0-255,2184,170256,70,375042
1087,0.001783,172.31.40.0-255,66,170322,70,375042
1088,0.001787,172.31.40.0-255,66,170388,70,375042
1089,0.001796,74.125.130.0-255,2902,173290,70,375042
1090,0.001821,74.125.130.0-255,1484,174774,70,375042
1091,0.001828,74.125.130.0-255,5738,180512,70,375042
1092,0.001845,172.31.40.0-255,66,180578,70,375042
1093,0.001855,74.125.130.0-255,4320,184898,70,375042
1094,0.00186,172.31.40.0-255,66,184964,70,375042
1095,0.00189,74.125.130.0-255,7156,192120,70,375042
1096,0.001905,74.125.130.0-255,4320,196440,70,375042
1097,0.001923,74.125.130.0-255,6438,202878,70,375042
1098,0.001955,172.31.40.0-255,66,202944,70,375042
1099,0.00196,172.31.40.0-255,66,203010,70,375042
1100,0.001991,74.125.130.0-255,1484,204494,70,375042
1101,0.001994,74.125.130.0-255,1484,205978,70,375042
1102,0.002001,172.31.40.0-255,66,206044,70,375042
1103,0.002014,74.125.130.0-255,2902,208946,70,375042
1104,0.002024,74.125.130.0-255,4320,213266,70,375042
1105,0.002036,74.125.130.0-255,1484,214750,70,375042
1106,0.00205,74.125.130.0-255,4320,219070,70,375042
1107,0.002059,172.31.40.0-255,66,219136,70,375042
1108,0.002071,74.125.130.0-255,5738,224874,70,375042
1109,0.002078,74.125.130.0-255,1484,226358,70,375042
1110,0.002083,172.31.40.0-255,66,226424,70,375042
1111,0.002104,74.125.130.0-255,9992,236416,70,375042
1112,0.002107,74.125.130.0-255,766,237182,70,375042
1113,0.002123,74.125.130.0-255,1484,238666,70,375042
1114,0.002131,172.31.40.0-255,66,238732,70,375042
1115,0.002139,74.125.130.0-255,1484,240216,70,375042
1116,0.002161,74.125.130.0-255,2902,243118,70,375042
1117,0.002166,74.125.130.0-255,4320,247438,70,375042
1118,0.002182,74.125.130.0-255,1484,248922,70,375042
1119,0.002226,74.125.130.0-255,2902,251824,70,375042
1120,0.002229,172.31.40.0-255,66,251890,70,375042
1121,0.002266,74.125.130.0-255,4320,256210,70,375042
1122,0.002299,74.125.130.0-255,10692,266902,70,375042
1123,0.00233,74.125.130.0-255,4320,271222,70,375042
1124,0.002335,74.125.130.0-255,4320,275542,70,375042
1125,0.002346,74.125.130.0-255,2902,278444,70,375042
1126,0.002367,74.125.130.0-255,3602,282046,70,375042
1127,0.010791,172.31.40.0-255,66,282112,70,375042
1128,0.011677,74.125.130.0-255,1484,283596,70,375042
1129,0.013136,74.125.130.0-255,4320,287916,70,375042
1130,0.013143,172.31.40.0-255,66,287982,70,375042
1131,0.015496,74.125.130.0-255,5738,293720,70,375042
1132,0.015509,172.31.40.0-255,66,293786,70,375042
1133,0.017851,74.125.130.0-255,5738,299524,70,375042
1134,0.017859,172.31.40.0-255,66,299590,70,375042
1135,0.0202,74.125.130.0-255,5738,305328,70,375042
1136,0.020207,172.31.40.0-255,66,305394,70,375042
1137,0.022545,74.125.130.0-255,5738,311132,70,375042
1138,0.022553,172.31.40.0-255,66,311198,70,375042
1139,0.024882,74.125.130.0-255,5738,316936,70,375042
1140,0.024892,172.31.40.0-255,66,317002,70,375042
1141,0.027226,74.125.130.0-255,5738,322740,70,375042
1142,0.027236,172.31.40.0-255,66,322806,70,375042
1143,0.029591,74.125.130.0-255,5738,328544,70,375042
1144,0.029609,172.31.40.0-255,66,328610,70,375042
1145,0.031945,74.125.130.0-255,5738,334348,70,375042
1146,0.031953,172.31.40.0-255,66,334414,70,375042
1147,0.034294,74.125.130.0-255,5738,340152,70,375042
1148,0.034303,172.31.40.0-255,66,340218,70,375042
1149,0.036631,74.125.130.0-255,5738,345956,70,375042
1150,0.036638,172.31.40.0-255,66,346022,70,375042
1151,0.038976,74.125.130.0-255,5738,351760,70,375042
1152,0.038983,172.31.40.0-255,66,351826,70,375042
1153,0.041334,74.125.130.0-255,5738,357564,70,375042
1154,0.041351,172.31.40.0-255,66,357630,70,375042
1155,0.043691,74.125.130.0-255,5738,363368,70,375042
1156,0.043698,172.31.40.0-255,66,363434,70,375042
1157,0.046081,74.125.130.0-255,5738,369172,70,375042
1158,0.046091,172.31.40.0-255,66,369238,70,375042
1159,0.048431,74.125.130.0-255,5738,374976,70,375042
1160,0.048441,172.31.40.0-255,66,375042,70,375042
1161,0.0,74.125.68.0-255,153,153,70,309561
1162,2.1e-05,172.31.40.0-255,66,219,70,309561
1163,2.8e-05,74.125.68.0-255,1484,1703,70,309561
1164,3.3e-05,172.31.40.0-255,66,1769,70,309561
1165,4.8e-05,74.125.68.0-255,2902,4671,70,309561
1166,5.2e-05,172.31.40.0-255,66,4737,70,309561
1167,5.8e-05,74.125.68.0-255,4320,9057,70,309561
1168,6.1e-05,172.31.40.0-255,66,9123,70,309561
1169,0.00011,74.125.68.0-255,4778,13901,70,309561
1170,0.000114,172.31.40.0-255,66,13967,70,309561
1171,0.000168,74.125.68.0-255,5738,19705,70,309561
1172,0.000172,172.31.40.0-255,66,19771,70,309561
1173,0.000196,74.125.68.0-255,2902,22673,70,309561
1174,0.000198,172.31.40.0-255,66,22739,70,309561
1175,0.000276,172.31.40.0-255,66,22805,70,309561
1176,0.000295,74.125.68.0-255,4320,27125,70,309561
1177,0.000299,172.31.40.0-255,66,27191,70,309561
1178,0.000429,74.125.68.0-255,5738,32929,70,309561
1179,0.000435,172.31.40.0-255,66,32995,70,309561
1180,0.000492,74.125.68.0-255,3602,36597,70,309561
1181,0.000496,172.31.40.0-255,66,36663,70,309561
1182,0.000524,74.125.68.0-255,7156,43819,70,309561
1183,0.000527,172.31.40.0-255,66,43885,70,309561
1184,0.000552,74.125.68.0-255,1484,45369,70,309561
1185,0.000555,172.31.40.0-255,66,45435,70,309561
1186,0.000613,74.125.68.0-255,2902,48337,70,309561
1187,0.000617,172.31.40.0-255,66,48403,70,309561
1188,0.000647,74.125.68.0-255,5970,54373,70,309561
1189,0.000651,172.31.40.0-255,66,54439,70,309561
1190,0.000705,74.125.68.0-255,4320,58759,70,309561
1191,0.000709,172.31.40.0-255,66,58825,70,309561
1192,0.000767,74.125.68.0-255,7156,65981,70,309561
1193,0.000772,172.31.40.0-255,66,66047,70,309561
1194,0.000803,74.125.68.0-255,8574,74621,70,309561
1195,0.000806,172.31.40.0-255,66,74687,70,309561
1196,0.000935,74.125.68.0-255,7156,81843,70,309561
1197,0.00094,172.31.40.0-255,66,81909,70,309561
1198,0.000961,74.125.68.0-255,6438,88347,70,309561
1199,0.000964,172.31.40.0-255,66,88413,70,309561
1200,0.001068,74.125.68.0-255,1484,89897,70,309561
1201,0.001095,74.125.68.0-255,2902,92799,70,309561
1202,0.001099,172.31.40.0-255,66,92865,70,309561
1203,0.001123,74.125.68.0-255,1484,94349,70,309561
1204,0.001147,74.125.68.0-255,4320,98669,70,309561
1205,0.001151,172.31.40.0-255,66,98735,70,309561
1206,0.001179,74.125.68.0-255,4320,103055,70,309561
1207,0.001183,172.31.40.0-255,66,103121,70,309561
1208,0.001225,74.125.68.0-255,4320,107441,70,309561
1209,0.001228,172.31.40.0-255,66,107507,70,309561
1210,0.001258,74.125.68.0-255,7156,114663,70,309561
1211,0.001261,172.31.40.0-255,66,114729,70,309561
1212,0.001351,74.125.68.0-255,4320,119049,70,309561
1213,0.001356,172.31.40.0-255,66,119115,70,309561
1214,0.001383,74.125.68.0-255,3602,122717,70,309561
1215,0.001385,172.31.40.0-255,66,122783,70,309561
1216,0.001481,74.125.68.0-255,1484,124267,70,309561
1217,0.001486,74.125.68.0-255,1484,125751,70,309561
1218,0.001489,172.31.40.0-255,66,125817,70,309561
1219,0.001513,74.125.68.0-255,1484,127301,70,309561
1220,0.001521,74.125.68.0-255,5738,133039,70,309561
1221,0.001524,172.31.40.0-255,66,133105,70,309561
1222,0.001568,74.125.68.0-255,2902,136007,70,309561
1223,0.001572,172.31.40.0-255,66,136073,70,309561
1224,0.001602,74.125.68.0-255,2902,138975,70,309561
1225,0.001605,172.31.40.0-255,66,139041,70,309561
1226,0.001632,74.125.68.0-255,4320,143361,70,309561
1227,0.001635,172.31.40.0-255,66,143427,70,309561
1228,0.001661,74.125.68.0-255,2902,146329,70,309561
1229,0.001664,172.31.40.0-255,66,146395,70,309561
1230,0.00172,74.125.68.0-255,8574,154969,70,309561
1231,0.001725,172.31.40.0-255,66,155035,70,309561
1232,0.001756,74.125.68.0-255,6438,161473,70,309561
1233,0.001759,172.31.40.0-255,66,161539,70,309561
1234,0.001882,74.125.68.0-255,7156,168695,70,309561
1235,0.001888,172.31.40.0-255,66,168761,70,309561
1236,0.00195,74.125.68.0-255,5738,174499,70,309561
1237,0.001953,172.31.40.0-255,66,174565,70,309561
1238,0.002004,172.31.40.0-255,66,174631,70,309561
1239,0.002208,74.125.68.0-255,8574,183205,70,309561
1240,0.002215,172.31.40.0-255,66,183271,70,309561
1241,0.002254,172.31.40.0-255,66,183337,70,309561
1242,0.002537,74.125.68.0-255,2184,185521,70,309561
1243,0.002541,172.31.40.0-255,66,185587,70,309561
1244,0.002562,74.125.68.0-255,2902,188489,70,309561
1245,0.002564,172.31.40.0-255,66,188555,70,309561
1246,0.002606,172.31.40.0-255,66,188621,70,309561
1247,0.002721,74.125.68.0-255,1484,190105,70,309561
1248,0.002745,74.125.68.0-255,9992,200097,70,309561
1249,0.002748,172.31.40.0-255,66,200163,70,309561
1250,0.002804,74.125.68.0-255,7156,207319,70,309561
1251,0.002807,172.31.40.0-255,66,207385,70,309561
1252,0.002846,172.31.40.0-255,66,207451,70,309561
1253,0.002873,74.125.68.0-255,5020,212471,70,309561
1254,0.002876,172.31.40.0-255,66,212537,70,309561
1255,0.003271,74.125.68.0-255,2184,214721,70,309561
1256,0.003274,172.31.40.0-255,66,214787,70,309561
1257,0.005225,74.125.68.0-255,2902,217689,70,309561
1258,0.005229,172.31.40.0-255,66,217755,70,309561
1259,0.005571,74.125.68.0-255,2902,220657,70,309561
1260,0.005576,172.31.40.0-255,66,220723,70,309561
1261,0.007534,74.125.68.0-255,2902,223625,70,309561
1262,0.007552,172.31.40.0-255,66,223691,70,309561
1263,0.007854,74.125.68.0-255,2902,226593,70,309561
1264,0.007858,172.31.40.0-255,66,226659,70,309561
1265,0.009848,74.125.68.0-255,2902,229561,70,309561
1266,0.00986,172.31.40.0-255,66,229627,70,309561
1267,0.010134,74.125.68.0-255,2902,232529,70,309561
1268,0.010139,172.31.40.0-255,66,232595,70,309561
1269,0.012172,74.125.68.0-255,2902,235497,70,309561
1270,0.012186,172.31.40.0-255,66,235563,70,309561
1271,0.012441,74.125.68.0-255,2902,238465,70,309561
1272,0.012446,172.31.40.0-255,66,238531,70,309561
1273,0.014481,74.125.68.0-255,2902,241433,70,309561
1274,0.014489,172.31.40.0-255,66,241499,70,309561
1275,0.01474,74.125.68.0-255,2902,244401,70,309561
1276,0.014745,172.31.40.0-255,66,244467,70,309561
1277,0.016787,74.125.68.0-255,2902,247369,70,309561
1278,0.016793,172.31.40.0-255,66,247435,70,309561
1279,0.017038,74.125.68.0-255,2902,250337,70,309561
1280,0.017041,172.31.40.0-255,66,250403,70,309561
1281,0.019094,74.125.68.0-255,2902,253305,70,309561
1282,0.019101,172.31.40.0-255,66,253371,70,309561
1283,0.019328,74.125.68.0-255,2902,256273,70,309561
1284,0.019334,172.31.40.0-255,66,256339,70,309561
1285,0.021388,74.125.68.0-255,2902,259241,70,309561
1286,0.021397,172.31.40.0-255,66,259307,70,309561
1287,0.02162,74.125.68.0-255,2902,262209,70,309561
1288,0.021627,172.31.40.0-255,66,262275,70,309561
1289,0.023692,74.125.68.0-255,2902,265177,70,309561
1290,0.0237,172.31.40.0-255,66,265243,70,309561
1291,0.023911,74.125.68.0-255,2902,268145,70,309561
1292,0.023917,172.31.40.0-255,66,268211,70,309561
1293,0.025996,74.125.68.0-255,2902,271113,70,309561
1294,0.026005,172.31.40.0-255,66,271179,70,309561
1295,0.02623,74.125.68.0-255,2902,274081,70,309561
1296,0.026235,172.31.40.0-255,66,274147,70,309561
1297,0.028299,74.125.68.0-255,2902,277049,70,309561
1298,0.028307,172.31.40.0-255,66,277115,70,309561
1299,0.028521,74.125.68.0-255,2902,280017,70,309561
1300,0.028526,172.31.40.0-255,66,280083,70,309561
1301,0.030603,74.125.68.0-255,2902,282985,70,309561
1302,0.030609,172.31.40.0-255,66,283051,70,309561
1303,0.030827,74.125.68.0-255,2902,285953,70,309561
1304,0.030832,172.31.40.0-255,66,286019,70,309561
1305,0.03292,74.125.68.0-255,2902,288921,70,309561
1306,0.032933,172.31.40.0-255,66,288987,70,309561
1307,0.033115,74.125.68.0-255,2902,291889,70,309561
1308,0.03312,172.31.40.0-255,66,291955,70,309561
1309,0.035236,74.125.68.0-255,2902,294857,70,309561
1310,0.035244,172.31.40.0-255,66,294923,70,309561
1311,0.035404,74.125.68.0-255,2902,297825,70,309561
1312,0.035409,172.31.40.0-255,66,297891,70,309561
1313,0.037544,74.125.68.0-255,2902,300793,70,309561
1314,0.03756,172.31.40.0-255,66,300859,70,309561
1315,0.037687,74.125.68.0-255,2902,303761,70,309561
1316,0.037691,172.31.40.0-255,66,303827,70,309561
1317,0.039856,74.125.68.0-255,2902,306729,70,309561
1318,0.039863,172.31.40.0-255,66,306795,70,309561
1319,0.03997,74.125.68.0-255,2529,309324,70,309561
1320,0.039975,172.31.40.0-255,66,309390,70,309561
1321,0.040124,172.31.40.0-255,105,309495,70,309561
1322,0.04238,74.125.68.0-255,66,309561,70,309561
1323,0.0,74.125.24.0-255,298,298,70,262463
1324,1.6e-05,172.31.40.0-255,66,364,70,262463
1325,2.3e-05,74.125.24.0-255,1484,1848,70,262463
1326,2.7e-05,172.31.40.0-255,66,1914,70,262463
1327,3.4e-05,74.125.24.0-255,4320,6234,70,262463
1328,3.8e-05,172.31.40.0-255,66,6300,70,262463
1329,4.2e-05,74.125.24.0-255,1484,7784,70,262463
1330,4.4e-05,172.31.40.0-255,66,7850,70,262463
1331,7.1e-05,74.125.24.0-255,5738,13588,70,262463
1332,7.4e-05,172.31.40.0-255,66,13654,70,262463
1333,7.6e-05,74.125.24.0-255,419,14073,70,262463
1334,7.8e-05,172.31.40.0-255,66,14139,70,262463
1335,0.000102,74.125.24.0-255,1484,15623,70,262463
1336,0.000104,172.31.40.0-255,66,15689,70,262463
1337,0.000131,74.125.24.0-255,2902,18591,70,262463
1338,0.000134,172.31.40.0-255,66,18657,70,262463
1339,0.000139,74.125.24.0-255,2902,21559,70,262463
1340,0.000141,172.31.40.0-255,66,21625,70,262463
1341,0.000153,74.125.24.0-255,1484,23109,70,262463
1342,0.000155,172.31.40.0-255,66,23175,70,262463
1343,0.000219,74.125.24.0-255,5738,28913,70,262463
1344,0.000223,172.31.40.0-255,66,28979,70,262463
1345,0.00025,74.125.24.0-255,2543,31522,70,262463
1346,0.000253,172.31.40.0-255,66,31588,70,262463
1347,0.000304,74.125.24.0-255,1484,33072,70,262463
1348,0.000309,172.31.40.0-255,66,33138,70,262463
1349,0.000314,74.125.24.0-255,2902,36040,70,262463
1350,0.000316,172.31.40.0-255,66,36106,70,262463
1351,0.000336,74.125.24.0-255,5738,41844,70,262463
1352,0.000338,172.31.40.0-255,66,41910,70,262463
1353,0.00036,74.125.24.0-255,4320,46230,70,262463
1354,0.000363,172.31.40.0-255,66,46296,70,262463
1355,0.000378,74.125.24.0-255,6797,53093,70,262463
1356,0.000381,172.31.40.0-255,66,53159,70,262463
1357,0.000384,74.125.24.0-255,1484,54643,70,262463
1358,0.000416,172.31.40.0-255,66,54709,70,262463
1359,0.000474,74.125.24.0-255,130,54839,70,262463
1360,0.000636,74.125.24.0-255,1484,56323,70,262463
1361,0.000641,74.125.24.0-255,2902,59225,70,262463
1362,0.000674,172.31.40.0-255,66,59291,70,262463
1363,0.000684,172.31.40.0-255,66,59357,70,262463
1364,0.00069,74.125.24.0-255,5738,65095,70,262463
1365,0.000693,172.31.40.0-255,66,65161,70,262463
1366,0.000702,74.125.24.0-255,9992,75153,70,262463
1367,0.000705,172.31.40.0-255,66,75219,70,262463
1368,0.000721,74.125.24.0-255,2543,77762,70,262463
1369,0.000724,172.31.40.0-255,66,77828,70,262463
1370,0.000766,74.125.24.0-255,7156,84984,70,262463
1371,0.000769,172.31.40.0-255,66,85050,70,262463
1372,0.000783,74.125.24.0-255,4216,89266,70,262463
1373,0.000785,172.31.40.0-255,66,89332,70,262463
1374,0.001755,74.125.24.0-255,1484,90816,70,262463
1375,0.001766,74.125.24.0-255,1484,92300,70,262463
1376,0.00177,172.31.40.0-255,66,92366,70,262463
1377,0.001792,74.125.24.0-255,1484,93850,70,262463
1378,0.001799,74.125.24.0-255,4320,98170,70,262463
1379,0.001801,172.31.40.0-255,66,98236,70,262463
1380,0.001809,74.125.24.0-255,8574,106810,70,262463
1381,0.001811,172.31.40.0-255,66,106876,70,262463
1382,0.001853,74.125.24.0-255,5738,112614,70,262463
1383,0.001856,172.31.40.0-255,66,112680,70,262463
1384,0.001886,74.125.24.0-255,10692,123372,70,262463
1385,0.001889,172.31.40.0-255,66,123438,70,262463
1386,0.003955,74.125.24.0-255,5738,129176,70,262463
1387,0.003961,172.31.40.0-255,66,129242,70,262463
1388,0.00602,74.125.24.0-255,5738,134980,70,262463
1389,0.006025,172.31.40.0-255,66,135046,70,262463
1390,0.008106,74.125.24.0-255,5738,140784,70,262463
1391,0.008114,172.31.40.0-255,66,140850,70,262463
1392,0.010159,74.125.24.0-255,5738,146588,70,262463
1393,0.010165,172.31.40.0-255,66,146654,70,262463
1394,0.012196,74.125.24.0-255,5738,152392,70,262463
1395,0.012204,172.31.40.0-255,66,152458,70,262463
1396,0.014261,74.125.24.0-255,5738,158196,70,262463
1397,0.014269,172.31.40.0-255,66,158262,70,262463
1398,0.016318,74.125.24.0-255,5738,164000,70,262463
1399,0.016326,172.31.40.0-255,66,164066,70,262463
1400,0.018368,74.125.24.0-255,5738,169804,70,262463
1401,0.018377,172.31.40.0-255,66,169870,70,262463
1402,0.020422,74.125.24.0-255,5738,175608,70,262463
1403,0.020431,172.31.40.0-255,66,175674,70,262463
1404,0.02248,74.125.24.0-255,5738,181412,70,262463
1405,0.022487,172.31.40.0-255,66,181478,70,262463
1406,0.024555,74.125.24.0-255,5738,187216,70,262463
1407,0.024562,172.31.40.0-255,66,187282,70,262463
1408,0.026608,74.125.24.0-255,4320,191602,70,262463
1409,0.026615,172.31.40.0-255,66,191668,70,262463
1410,0.026637,74.125.24.0-255,1484,193152,70,262463
1411,0.028683,74.125.24.0-255,4320,197472,70,262463
1412,0.028689,172.31.40.0-255,66,197538,70,262463
1413,0.030745,74.125.24.0-255,5738,203276,70,262463
1414,0.030753,172.31.40.0-255,66,203342,70,262463
1415,0.032826,74.125.24.0-255,5738,209080,70,262463
1416,0.032836,172.31.40.0-255,66,209146,70,262463
1417,0.034917,74.125.24.0-255,5738,214884,70,262463
1418,0.034925,172.31.40.0-255,66,214950,70,262463
1419,0.036982,74.125.24.0-255,5738,220688,70,262463
1420,0.03699,172.31.40.0-255,66,220754,70,262463
1421,0.037719,172.31.40.0-255,172,220926,70,262463
1422,0.037753,172.31.40.0-255,1117,222043,70,262463
1423,0.037819,172.31.40.0-255,1514,223557,70,262463
1424,0.037821,172.31.40.0-255,1514,225071,70,262463
1425,0.037827,172.31.40.0-255,1514,226585,70,262463
1426,0.037828,172.31.40.0-255,790,227375,70,262463
1427,0.039026,74.125.24.0-255,5738,233113,70,262463
1428,0.039032,172.31.40.0-255,66,233179,70,262463
1429,0.039251,104.244.42.0-255,66,233245,70,262463
1430,0.0393,104.244.42.0-255,66,233311,70,262463
1431,0.039399,104.244.42.0-255,66,233377,70,262463
1432,0.039405,104.244.42.0-255,66,233443,70,262463
1433,0.041096,74.125.24.0-255,5738,239181,70,262463
1434,0.041104,172.31.40.0-255,66,239247,70,262463
1435,0.043173,74.125.24.0-255,5738,244985,70,262463
1436,0.043181,172.31.40.0-255,66,245051,70,262463
1437,0.045287,74.125.24.0-255,5738,250789,70,262463
1438,0.045294,172.31.40.0-255,66,250855,70,262463
1439,0.047385,74.125.24.0-255,5738,256593,70,262463
1440,0.047392,172.31.40.0-255,66,256659,70,262463
1441,0.04947,74.125.24.0-255,5738,262397,70,262463
1442,0.049477,172.31.40.0-255,66,262463,70,262463
1443,0.0,74.125.200.0-255,153,153,70,332124
1444,2.3e-05,172.31.40.0-255,66,219,70,332124
1445,4.3e-05,74.125.200.0-255,1484,1703,70,332124
1446,4.8e-05,172.31.40.0-255,66,1769,70,332124
1447,5.5e-05,74.125.200.0-255,2902,4671,70,332124
1448,6e-05,172.31.40.0-255,66,4737,70,332124
1449,9e-05,74.125.200.0-255,5738,10475,70,332124
1450,9.3e-05,172.31.40.0-255,66,10541,70,332124
1451,9.7e-05,74.125.200.0-255,2902,13443,70,332124
1452,0.0001,172.31.40.0-255,66,13509,70,332124
1453,0.000105,74.125.200.0-255,3447,16956,70,332124
1454,0.000108,172.31.40.0-255,66,17022,70,332124
1455,0.000139,74.125.200.0-255,8574,25596,70,332124
1456,0.000142,172.31.40.0-255,66,25662,70,332124
1457,0.000146,74.125.200.0-255,4320,29982,70,332124
1458,0.000148,172.31.40.0-255,66,30048,70,332124
1459,0.00019,74.125.200.0-255,1125,31173,70,332124
1460,0.000193,172.31.40.0-255,66,31239,70,332124
1461,0.000268,74.125.200.0-255,1484,32723,70,332124
1462,0.000272,172.31.40.0-255,66,32789,70,332124
1463,0.000277,74.125.200.0-255,2902,35691,70,332124
1464,0.00028,172.31.40.0-255,66,35757,70,332124
1465,0.000304,74.125.200.0-255,4320,40077,70,332124
1466,0.000307,172.31.40.0-255,66,40143,70,332124
1467,0.000341,74.125.200.0-255,5738,45881,70,332124
1468,0.000345,172.31.40.0-255,66,45947,70,332124
1469,0.000349,74.125.200.0-255,2543,48490,70,332124
1470,0.000351,172.31.40.0-255,66,48556,70,332124
1471,0.000362,74.125.200.0-255,1484,50040,70,332124
1472,0.000364,172.31.40.0-255,66,50106,70,332124
1473,0.000385,74.125.200.0-255,1484,51590,70,332124
1474,0.000388,172.31.40.0-255,66,51656,70,332124
1475,0.000391,74.125.200.0-255,1484,53140,70,332124
1476,0.00041,74.125.200.0-255,5738,58878,70,332124
1477,0.000412,172.31.40.0-255,66,58944,70,332124
1478,0.00045,74.125.200.0-255,1484,60428,70,332124
1479,0.000467,74.125.200.0-255,5688,66116,70,332124
1480,0.00047,172.31.40.0-255,66,66182,70,332124
1481,0.000488,74.125.200.0-255,116,66298,70,332124
1482,0.000569,74.125.200.0-255,1484,67782,70,332124
1483,0.000573,172.31.40.0-255,66,67848,70,332124
1484,0.000578,74.125.200.0-255,2902,70750,70,332124
1485,0.000581,172.31.40.0-255,66,70816,70,332124
1486,0.000603,74.125.200.0-255,5738,76554,70,332124
1487,0.000606,172.31.40.0-255,66,76620,70,332124
1488,0.000639,74.125.200.0-255,7156,83776,70,332124
1489,0.000642,172.31.40.0-255,66,83842,70,332124
1490,0.000647,74.125.200.0-255,2902,86744,70,332124
1491,0.000649,172.31.40.0-255,66,86810,70,332124
1492,0.000685,172.31.40.0-255,66,86876,70,332124
1493,0.000705,74.125.200.0-255,2446,89322,70,332124
1494,0.000708,172.31.40.0-255,66,89388,70,332124
1495,0.000814,74.125.200.0-255,1484,90872,70,332124
1496,0.000828,74.125.200.0-255,2902,93774,70,332124
1497,0.000832,172.31.40.0-255,66,93840,70,332124
1498,0.000835,74.125.200.0-255,1484,95324,70,332124
1499,0.000858,74.125.200.0-255,4320,99644,70,332124
1500,0.000861,172.31.40.0-255,66,99710,70,332124
1501,0.000865,74.125.200.0-255,2902,102612,70,332124
1502,0.000868,172.31.40.0-255,66,102678,70,332124
1503,0.000873,74.125.200.0-255,4320,106998,70,332124
1504,0.000876,172.31.40.0-255,66,107064,70,332124
1505,0.000908,74.125.200.0-255,8574,115638,70,332124
1506,0.000911,172.31.40.0-255,66,115704,70,332124
1507,0.000918,74.125.200.0-255,7156,122860,70,332124
1508,0.00092,172.31.40.0-255,66,122926,70,332124
1509,0.000935,74.125.200.0-255,766,123692,70,332124
1510,0.001464,74.125.200.0-255,1484,125176,70,332124
1511,0.001469,172.31.40.0-255,66,125242,70,332124
1512,0.001488,74.125.200.0-255,2902,128144,70,332124
1513,0.001491,172.31.40.0-255,66,128210,70,332124
1514,0.001505,74.125.200.0-255,1484,129694,70,332124
1515,0.001549,74.125.200.0-255,2902,132596,70,332124
1516,0.001552,172.31.40.0-255,66,132662,70,332124
1517,0.001556,74.125.200.0-255,1484,134146,70,332124
1518,0.001572,74.125.200.0-255,1484,135630,70,332124
1519,0.001574,172.31.40.0-255,66,135696,70,332124
1520,0.001579,74.125.200.0-255,4320,140016,70,332124
1521,0.001581,172.31.40.0-255,66,140082,70,332124
1522,0.001618,74.125.200.0-255,7156,147238,70,332124
1523,0.00162,172.31.40.0-255,66,147304,70,332124
1524,0.001657,74.125.200.0-255,2902,150206,70,332124
1525,0.00166,172.31.40.0-255,66,150272,70,332124
1526,0.001697,74.125.200.0-255,1484,151756,70,332124
1527,0.001712,74.125.200.0-255,2902,154658,70,332124
1528,0.001714,172.31.40.0-255,66,154724,70,332124
1529,0.001718,74.125.200.0-255,1484,156208,70,332124
1530,0.001723,74.125.200.0-255,2184,158392,70,332124
1531,0.001725,172.31.40.0-255,66,158458,70,332124
1532,0.001888,74.125.200.0-255,1484,159942,70,332124
1533,0.001894,74.125.200.0-255,2902,162844,70,332124
1534,0.001897,172.31.40.0-255,66,162910,70,332124
1535,0.001921,74.125.200.0-255,4320,167230,70,332124
1536,0.001923,172.31.40.0-255,66,167296,70,332124
1537,0.001929,74.125.200.0-255,4320,171616,70,332124
1538,0.001931,172.31.40.0-255,66,171682,70,332124
1539,0.001945,74.125.200.0-255,1484,173166,70,332124
1540,0.001962,74.125.200.0-255,5738,178904,70,332124
1541,0.001964,172.31.40.0-255,66,178970,70,332124
1542,0.001996,74.125.200.0-255,5738,184708,70,332124
1543,0.001999,172.31.40.0-255,66,184774,70,332124
1544,0.002004,74.125.200.0-255,4320,189094,70,332124
1545,0.002006,172.31.40.0-255,66,189160,70,332124
1546,0.002011,74.125.200.0-255,3602,192762,70,332124
1547,0.002013,172.31.40.0-255,66,192828,70,332124
1548,0.003981,74.125.200.0-255,5738,198566,70,332124
1549,0.003987,172.31.40.0-255,66,198632,70,332124
1550,0.00597,74.125.200.0-255,5738,204370,70,332124
1551,0.005978,172.31.40.0-255,66,204436,70,332124
1552,0.007954,74.125.200.0-255,5738,210174,70,332124
1553,0.007962,172.31.40.0-255,66,210240,70,332124
1554,0.009939,74.125.200.0-255,5738,215978,70,332124
1555,0.009947,172.31.40.0-255,66,216044,70,332124
1556,0.011914,74.125.200.0-255,5738,221782,70,332124
1557,0.011918,172.31.40.0-255,66,221848,70,332124
1558,0.0139,74.125.200.0-255,5738,227586,70,332124
1559,0.013907,172.31.40.0-255,66,227652,70,332124
1560,0.015918,74.125.200.0-255,5738,233390,70,332124
1561,0.015925,172.31.40.0-255,66,233456,70,332124
1562,0.017899,74.125.200.0-255,5738,239194,70,332124
1563,0.017908,172.31.40.0-255,66,239260,70,332124
1564,0.019891,74.125.200.0-255,5738,244998,70,332124
1565,0.019899,172.31.40.0-255,66,245064,70,332124
1566,0.021886,74.125.200.0-255,5738,250802,70,332124
1567,0.021902,172.31.40.0-255,66,250868,70,332124
1568,0.023884,74.125.200.0-255,5738,256606,70,332124
1569,0.023896,172.31.40.0-255,66,256672,70,332124
1570,0.025871,74.125.200.0-255,5738,262410,70,332124
1571,0.025881,172.31.40.0-255,66,262476,70,332124
1572,0.027854,74.125.200.0-255,5738,268214,70,332124
1573,0.027863,172.31.40.0-255,66,268280,70,332124
1574,0.029849,74.125.200.0-255,5738,274018,70,332124
1575,0.029863,172.31.40.0-255,66,274084,70,332124
1576,0.031836,74.125.200.0-255,5738,279822,70,332124
1577,0.031841,172.31.40.0-255,66,279888,70,332124
1578,0.033814,74.125.200.0-255,5738,285626,70,332124
1579,0.033822,172.31.40.0-255,66,285692,70,332124
1580,0.035799,74.125.200.0-255,5738,291430,70,332124
1581,0.035807,172.31.40.0-255,66,291496,70,332124
1582,0.037786,74.125.200.0-255,5738,297234,70,332124
1583,0.037795,172.31.40.0-255,66,297300,70,332124
1584,0.039781,74.125.200.0-255,5738,303038,70,332124
1585,0.039791,172.31.40.0-255,66,303104,70,332124
1586,0.041769,74.125.200.0-255,5738,308842,70,332124
1587,0.041781,172.31.40.0-255,66,308908,70,332124
1588,0.043781,74.125.200.0-255,5738,314646,70,332124
1589,0.043798,172.31.40.0-255,66,314712,70,332124
1590,0.045786,74.125.200.0-255,5738,320450,70,332124
1591,0.045794,172.31.40.0-255,66,320516,70,332124
1592,0.047766,74.125.200.0-255,5738,326254,70,332124
1593,0.047773,172.31.40.0-255,66,326320,70,332124
1594,0.049758,74.125.200.0-255,5738,332058,70,332124
1595,0.049765,172.31.40.0-255,66,332124,70,332124
1596,0.0,74.125.24.0-255,152,152,70,243705
1597,2.3e-05,172.31.40.0-255,66,218,70,243705
1598,4.9e-05,74.125.24.0-255,1484,1702,70,243705
1599,5.4e-05,172.31.40.0-255,66,1768,70,243705
1600,6.3e-05,74.125.24.0-255,2902,4670,70,243705
1601,6.7e-05,172.31.40.0-255,66,4736,70,243705
1602,7.2e-05,74.125.24.0-255,2902,7638,70,243705
1603,7.6e-05,172.31.40.0-255,66,7704,70,243705
1604,8.5e-05,74.125.24.0-255,6356,14060,70,243705
1605,8.8e-05,172.31.40.0-255,66,14126,70,243705
1606,0.000198,74.125.24.0-255,1484,15610,70,243705
1607,0.000202,172.31.40.0-255,66,15676,70,243705
1608,0.000207,74.125.24.0-255,2902,18578,70,243705
1609,0.00021,172.31.40.0-255,66,18644,70,243705
1610,0.000226,74.125.24.0-255,1484,20128,70,243705
1611,0.000228,172.31.40.0-255,66,20194,70,243705
1612,0.000258,74.125.24.0-255,4320,24514,70,243705
1613,0.000261,172.31.40.0-255,66,24580,70,243705
1614,0.000285,74.125.24.0-255,6797,31377,70,243705
1615,0.000287,172.31.40.0-255,66,31443,70,243705
1616,0.000356,74.125.24.0-255,1484,32927,70,243705
1617,0.000359,172.31.40.0-255,66,32993,70,243705
1618,0.000379,74.125.24.0-255,2902,35895,70,243705
1619,0.000382,172.31.40.0-255,66,35961,70,243705
1620,0.000389,74.125.24.0-255,5738,41699,70,243705
1621,0.000391,172.31.40.0-255,66,41765,70,243705
1622,0.000406,74.125.24.0-255,1484,43249,70,243705
1623,0.000409,172.31.40.0-255,66,43315,70,243705
1624,0.00045,172.31.40.0-255,66,43381,70,243705
1625,0.000457,74.125.24.0-255,7156,50537,70,243705
1626,0.000459,172.31.40.0-255,66,50603,70,243705
1627,0.000477,74.125.24.0-255,2878,53481,70,243705
1628,0.000494,74.125.24.0-255,110,53591,70,243705
1629,0.000523,74.125.24.0-255,330,53921,70,243705
1630,0.000583,172.31.40.0-255,66,53987,70,243705
1631,0.000783,74.125.24.0-255,1484,55471,70,243705
1632,0.000788,74.125.24.0-255,2902,58373,70,243705
1633,0.000805,74.125.24.0-255,5738,64111,70,243705
1634,0.000822,74.125.24.0-255,4320,68431,70,243705
1635,0.000833,172.31.40.0-255,66,68497,70,243705
1636,0.000847,74.125.24.0-255,7156,75653,70,243705
1637,0.000857,74.125.24.0-255,1484,77137,70,243705
1638,0.000861,74.125.24.0-255,2902,80039,70,243705
1639,0.000867,172.31.40.0-255,66,80105,70,243705
1640,0.000885,74.125.24.0-255,4320,84425,70,243705
1641,0.000898,172.31.40.0-255,66,84491,70,243705
1642,0.000909,74.125.24.0-255,3602,88093,70,243705
1643,0.000929,172.31.40.0-255,66,88159,70,243705
1644,0.001012,74.125.24.0-255,1484,89643,70,243705
1645,0.001018,74.125.24.0-255,2902,92545,70,243705
1646,0.001031,172.31.40.0-255,66,92611,70,243705
1647,0.001056,74.125.24.0-255,2902,95513,70,243705
1648,0.001064,74.125.24.0-255,7156,102669,70,243705
1649,0.001067,74.125.24.0-255,1484,104153,70,243705
1650,0.001089,74.125.24.0-255,9992,114145,70,243705
1651,0.001095,172.31.40.0-255,66,114211,70,243705
1652,0.001115,74.125.24.0-255,4320,118531,70,243705
1653,0.001122,74.125.24.0-255,3602,122133,70,243705
1654,0.001128,172.31.40.0-255,66,122199,70,243705
1655,0.003477,74.125.24.0-255,5738,127937,70,243705
1656,0.003486,172.31.40.0-255,66,128003,70,243705
1657,0.005821,74.125.24.0-255,5738,133741,70,243705
1658,0.005831,172.31.40.0-255,66,133807,70,243705
1659,0.008125,74.125.24.0-255,5738,139545,70,243705
1660,0.008519,172.31.40.0-255,66,139611,70,243705
1661,0.0109,74.125.24.0-255,5738,145349,70,243705
1662,0.010916,172.31.40.0-255,66,145415,70,243705
1663,0.013224,74.125.24.0-255,5738,151153,70,243705
1664,0.013236,172.31.40.0-255,66,151219,70,243705
1665,0.015568,74.125.24.0-255,5738,156957,70,243705
1666,0.015585,172.31.40.0-255,66,157023,70,243705
1667,0.017886,74.125.24.0-255,5738,162761,70,243705
1668,0.017901,172.31.40.0-255,66,162827,70,243705
1669,0.020235,74.125.24.0-255,5738,168565,70,243705
1670,0.020247,172.31.40.0-255,66,168631,70,243705
1671,0.022602,74.125.24.0-255,5738,174369,70,243705
1672,0.022619,172.31.40.0-255,66,174435,70,243705
1673,0.024927,74.125.24.0-255,5738,180173,70,243705
1674,0.024938,172.31.40.0-255,66,180239,70,243705
1675,0.027282,74.125.24.0-255,5738,185977,70,243705
1676,0.027295,172.31.40.0-255,66,186043,70,243705
1677,0.029614,74.125.24.0-255,5738,191781,70,243705
1678,0.029623,172.31.40.0-255,66,191847,70,243705
1679,0.031961,74.125.24.0-255,5738,197585,70,243705
1680,0.031969,172.31.40.0-255,66,197651,70,243705
1681,0.032211,172.31.40.0-255,172,197823,70,243705
1682,0.032243,172.31.40.0-255,1119,198942,70,243705
1683,0.032307,172.31.40.0-255,1514,200456,70,243705
1684,0.032309,172.31.40.0-255,1514,201970,70,243705
1685,0.032334,172.31.40.0-255,843,202813,70,243705
1686,0.033819,104.244.42.0-255,66,202879,70,243705
1687,0.033829,104.244.42.0-255,66,202945,70,243705
1688,0.033888,104.244.42.0-255,66,203011,70,243705
1689,0.033892,104.244.42.0-255,66,203077,70,243705
1690,0.034297,74.125.24.0-255,5738,208815,70,243705
1691,0.034305,172.31.40.0-255,66,208881,70,243705
1692,0.036615,74.125.24.0-255,5738,214619,70,243705
1693,0.036622,172.31.40.0-255,66,214685,70,243705
1694,0.038952,74.125.24.0-255,5738,220423,70,243705
1695,0.038964,172.31.40.0-255,66,220489,70,243705
1696,0.04128,74.125.24.0-255,5738,226227,70,243705
1697,0.041298,172.31.40.0-255,66,226293,70,243705
1698,0.043656,74.125.24.0-255,5738,232031,70,243705
1699,0.043666,172.31.40.0-255,66,232097,70,243705
1700,0.04598,74.125.24.0-255,5738,237835,70,243705
1701,0.04599,172.31.40.0-255,66,237901,70,243705
1702,0.048318,74.125.24.0-255,5738,243639,70,243705
1703,0.04833,172.31.40.0-255,66,243705,70,243705
1704,0.0,172.217.194.0-255,143,143,70,325136
1705,1.6e-05,172.31.40.0-255,66,209,70,325136
1706,2.3e-05,172.217.194.0-255,1484,1693,70,325136
1707,2.8e-05,172.31.40.0-255,66,1759,70,325136
1708,3.1e-05,172.217.194.0-255,1484,3243,70,325136
1709,3.3e-05,172.31.40.0-255,66,3309,70,325136
1710,4e-05,172.217.194.0-255,4320,7629,70,325136
1711,4.3e-05,172.31.40.0-255,66,7695,70,325136
1712,7.1e-05,172.217.194.0-255,4320,12015,70,325136
1713,7.5e-05,172.31.40.0-255,66,12081,70,325136
1714,0.000102,172.217.194.0-255,6383,18464,70,325136
1715,0.000105,172.31.40.0-255,66,18530,70,325136
1716,0.000114,172.217.194.0-255,9992,28522,70,325136
1717,0.000116,172.31.40.0-255,66,28588,70,325136
1718,0.000142,172.217.194.0-255,2543,31131,70,325136
1719,0.000144,172.31.40.0-255,66,31197,70,325136
1720,0.000244,172.217.194.0-255,1484,32681,70,325136
1721,0.000248,172.31.40.0-255,66,32747,70,325136
1722,0.000253,172.217.194.0-255,2902,35649,70,325136
1723,0.000256,172.31.40.0-255,66,35715,70,325136
1724,0.000281,172.217.194.0-255,5738,41453,70,325136
1725,0.000285,172.31.40.0-255,66,41519,70,325136
1726,0.000291,172.217.194.0-255,6797,48316,70,325136
1727,0.000294,172.31.40.0-255,66,48382,70,325136
1728,0.000321,172.217.194.0-255,7156,55538,70,325136
1729,0.000323,172.31.40.0-255,66,55604,70,325136
1730,0.000344,172.217.194.0-255,1484,57088,70,325136
1731,0.000346,172.31.40.0-255,66,57154,70,325136
1732,0.000369,172.217.194.0-255,8506,65660,70,325136
1733,0.000372,172.31.40.0-255,66,65726,70,325136
1734,0.000375,172.217.194.0-255,100,65826,70,325136
1735,0.000377,172.31.40.0-255,66,65892,70,325136
1736,0.00044,172.217.194.0-255,1484,67376,70,325136
1737,0.000467,172.217.194.0-255,2902,70278,70,325136
1738,0.00047,172.31.40.0-255,66,70344,70,325136
1739,0.000476,172.217.194.0-255,5738,76082,70,325136
1740,0.000479,172.31.40.0-255,66,76148,70,325136
1741,0.000482,172.217.194.0-255,1484,77632,70,325136
1742,0.00051,172.217.194.0-255,9992,87624,70,325136
1743,0.000514,172.31.40.0-255,66,87690,70,325136
1744,0.000539,172.217.194.0-255,2902,90592,70,325136
1745,0.000542,172.31.40.0-255,66,90658,70,325136
1746,0.000561,172.217.194.0-255,9274,99932,70,325136
1747,0.000564,172.31.40.0-255,66,99998,70,325136
1748,0.000606,172.217.194.0-255,1484,101482,70,325136
1749,0.000611,172.217.194.0-255,2902,104384,70,325136
1750,0.000614,172.31.40.0-255,66,104450,70,325136
1751,0.000637,172.217.194.0-255,2902,107352,70,325136
1752,0.00064,172.31.40.0-255,66,107418,70,325136
1753,0.000671,172.217.194.0-255,2902,110320,70,325136
1754,0.000674,172.31.40.0-255,66,110386,70,325136
1755,0.000687,172.217.194.0-255,1484,111870,70,325136
1756,0.000696,172.217.194.0-255,8574,120444,70,325136
1757,0.000722,172.217.194.0-255,2184,122628,70,325136
1758,0.000755,172.217.194.0-255,1484,124112,70,325136
1759,0.00076,172.217.194.0-255,2902,127014,70,325136
1760,0.000782,172.217.194.0-255,5738,132752,70,325136
1761,0.000786,172.217.194.0-255,1484,134236,70,325136
1762,0.000855,172.217.194.0-255,1484,135720,70,325136
1763,0.000881,172.217.194.0-255,9274,144994,70,325136
1764,0.000913,172.217.194.0-255,1484,146478,70,325136
1765,0.000929,172.217.194.0-255,2902,149380,70,325136
1766,0.000936,172.217.194.0-255,5738,155118,70,325136
1767,0.000952,172.31.40.0-255,66,155184,70,325136
1768,0.000958,172.217.194.0-255,5738,160922,70,325136
1769,0.00096,172.217.194.0-255,1484,162406,70,325136
1770,0.000966,172.31.40.0-255,66,162472,70,325136
1771,0.000997,172.217.194.0-255,5020,167492,70,325136
1772,0.001022,172.217.194.0-255,4320,171812,70,325136
1773,0.001038,172.217.194.0-255,1484,173296,70,325136
1774,0.001045,172.217.194.0-255,7156,180452,70,325136
1775,0.001069,172.217.194.0-255,5738,186190,70,325136
1776,0.001072,172.217.194.0-255,1484,187674,70,325136
1777,0.001166,172.217.194.0-255,2902,190576,70,325136
1778,0.001271,172.31.40.0-255,66,190642,70,325136
1779,0.003345,172.217.194.0-255,5738,196380,70,325136
1780,0.003351,172.31.40.0-255,66,196446,70,325136
1781,0.005406,172.217.194.0-255,5738,202184,70,325136
1782,0.005416,172.31.40.0-255,66,202250,70,325136
1783,0.007467,172.217.194.0-255,5738,207988,70,325136
1784,0.007473,172.31.40.0-255,66,208054,70,325136
1785,0.00957,172.217.194.0-255,5738,213792,70,325136
1786,0.009575,172.31.40.0-255,66,213858,70,325136
1787,0.011616,172.217.194.0-255,5738,219596,70,325136
1788,0.011622,172.31.40.0-255,66,219662,70,325136
1789,0.013689,172.217.194.0-255,5738,225400,70,325136
1790,0.013697,172.31.40.0-255,66,225466,70,325136
1791,0.015754,172.217.194.0-255,5738,231204,70,325136
1792,0.015761,172.31.40.0-255,66,231270,70,325136
1793,0.017845,172.217.194.0-255,5738,237008,70,325136
1794,0.017852,172.31.40.0-255,66,237074,70,325136
1795,0.019915,172.217.194.0-255,5738,242812,70,325136
1796,0.019923,172.31.40.0-255,66,242878,70,325136
1797,0.021978,172.217.194.0-255,5738,248616,70,325136
1798,0.021985,172.31.40.0-255,66,248682,70,325136
1799,0.024015,172.217.194.0-255,5738,254420,70,325136
1800,0.024022,172.31.40.0-255,66,254486,70,325136
1801,0.026061,172.217.194.0-255,5738,260224,70,325136
1802,0.026067,172.31.40.0-255,66,260290,70,325136
1803,0.02812,172.217.194.0-255,5738,266028,70,325136
1804,0.028127,172.31.40.0-255,66,266094,70,325136
1805,0.029641,172.31.40.0-255,172,266266,70,325136
1806,0.02967,172.31.40.0-255,1113,267379,70,325136
1807,0.029729,172.31.40.0-255,1514,268893,70,325136
1808,0.02973,172.31.40.0-255,1332,270225,70,325136
1809,0.030218,172.217.194.0-255,5738,275963,70,325136
1810,0.030225,172.31.40.0-255,66,276029,70,325136
1811,0.031951,104.244.42.0-255,66,276095,70,325136
1812,0.032293,172.217.194.0-255,5738,281833,70,325136
1813,0.032299,172.31.40.0-255,66,281899,70,325136
1814,0.034378,172.217.194.0-255,5738,287637,70,325136
1815,0.034385,172.31.40.0-255,66,287703,70,325136
1816,0.036447,172.217.194.0-255,5738,293441,70,325136
1817,0.036454,172.31.40.0-255,66,293507,70,325136
1818,0.038558,172.217.194.0-255,5738,299245,70,325136
1819,0.038564,172.31.40.0-255,66,299311,70,325136
1820,0.040638,172.217.194.0-255,5738,305049,70,325136
1821,0.040645,172.31.40.0-255,66,305115,70,325136
1822,0.042703,172.217.194.0-255,5738,310853,70,325136
1823,0.042713,172.31.40.0-255,66,310919,70,325136
1824,0.044775,172.217.194.0-255,5738,316657,70,325136
1825,0.044782,172.31.40.0-255,66,316723,70,325136
1826,0.046829,172.217.194.0-255,5738,322461,70,325136
1827,0.046837,172.31.40.0-255,66,322527,70,325136
1828,0.048876,172.217.194.0-255,2438,324965,70,325136
1829,0.048883,172.31.40.0-255,66,325031,70,325136
1830,0.049038,172.31.40.0-255,105,325136,70,325136
1831,0.0,172.217.194.0-255,153,153,70,323954
1832,1.7e-05,172.31.40.0-255,66,219,70,323954
1833,2.4e-05,172.217.194.0-255,1484,1703,70,323954
1834,2.8e-05,172.31.40.0-255,66,1769,70,323954
1835,3.3e-05,172.217.194.0-255,2902,4671,70,323954
1836,3.8e-05,172.31.40.0-255,66,4737,70,323954
1837,5.4e-05,172.217.194.0-255,7156,11893,70,323954
1838,5.8e-05,172.31.40.0-255,66,11959,70,323954
1839,6.2e-05,172.217.194.0-255,2024,13983,70,323954
1840,6.6e-05,172.31.40.0-255,66,14049,70,323954
1841,0.000106,172.217.194.0-255,1484,15533,70,323954
1842,0.000109,172.31.40.0-255,66,15599,70,323954
1843,0.000113,172.217.194.0-255,1484,17083,70,323954
1844,0.000115,172.31.40.0-255,66,17149,70,323954
1845,0.000151,172.217.194.0-255,1484,18633,70,323954
1846,0.000153,172.31.40.0-255,66,18699,70,323954
1847,0.00016,172.217.194.0-255,5738,24437,70,323954
1848,0.000163,172.31.40.0-255,66,24503,70,323954
1849,0.000169,172.217.194.0-255,6797,31300,70,323954
1850,0.000172,172.31.40.0-255,66,31366,70,323954
1851,0.00021,172.217.194.0-255,1484,32850,70,323954
1852,0.000212,172.31.40.0-255,66,32916,70,323954
1853,0.000217,172.217.194.0-255,2902,35818,70,323954
1854,0.000219,172.31.40.0-255,66,35884,70,323954
1855,0.000225,172.217.194.0-255,5738,41622,70,323954
1856,0.000232,172.31.40.0-255,66,41688,70,323954
1857,0.000286,172.31.40.0-255,66,41754,70,323954
1858,0.000316,172.217.194.0-255,9992,51746,70,323954
1859,0.000319,172.31.40.0-255,66,51812,70,323954
1860,0.000345,172.217.194.0-255,1430,53242,70,323954
1861,0.000348,172.31.40.0-255,66,53308,70,323954
1862,0.000351,172.217.194.0-255,383,53691,70,323954
1863,0.000572,172.217.194.0-255,1484,55175,70,323954
1864,0.000579,172.217.194.0-255,2902,58077,70,323954
1865,0.000601,172.217.194.0-255,5738,63815,70,323954
1866,0.000605,172.217.194.0-255,1484,65299,70,323954
1867,0.000622,172.217.194.0-255,2902,68201,70,323954
1868,0.000626,172.217.194.0-255,4320,72521,70,323954
1869,0.000631,172.31.40.0-255,66,72587,70,323954
1870,0.000637,172.31.40.0-255,66,72653,70,323954
1871,0.000659,172.217.194.0-255,7156,79809,70,323954
1872,0.000668,172.217.194.0-255,7856,87665,70,323954
1873,0.000698,172.31.40.0-255,66,87731,70,323954
1874,0.00095,172.217.194.0-255,1484,89215,70,323954
1875,0.000956,172.217.194.0-255,2902,92117,70,323954
1876,0.000962,172.31.40.0-255,66,92183,70,323954
1877,0.000993,172.217.194.0-255,5738,97921,70,323954
1878,0.001011,172.217.194.0-255,4320,102241,70,323954
1879,0.001021,172.31.40.0-255,66,102307,70,323954
1880,0.001033,172.217.194.0-255,6438,108745,70,323954
1881,0.001043,172.31.40.0-255,66,108811,70,323954
1882,0.001365,172.217.194.0-255,1484,110295,70,323954
1883,0.001372,172.217.194.0-255,2902,113197,70,323954
1884,0.001376,172.31.40.0-255,66,113263,70,323954
1885,0.001383,172.217.194.0-255,5738,119001,70,323954
1886,0.001405,172.217.194.0-255,4320,123321,70,323954
1887,0.001425,172.217.194.0-255,8574,131895,70,323954
1888,0.001434,172.217.194.0-255,8574,140469,70,323954
1889,0.001436,172.31.40.0-255,66,140535,70,323954
1890,0.001441,172.31.40.0-255,66,140601,70,323954
1891,0.001471,172.217.194.0-255,2184,142785,70,323954
1892,0.001487,172.31.40.0-255,66,142851,70,323954
1893,0.001578,172.217.194.0-255,1484,144335,70,323954
1894,0.001585,172.217.194.0-255,2902,147237,70,323954
1895,0.00159,172.217.194.0-255,4320,151557,70,323954
1896,0.001606,172.217.194.0-255,1484,153041,70,323954
1897,0.001613,172.217.194.0-255,5738,158779,70,323954
1898,0.00162,172.31.40.0-255,66,158845,70,323954
1899,0.001633,172.217.194.0-255,7156,166001,70,323954
1900,0.001655,172.31.40.0-255,66,166067,70,323954
1901,0.001666,172.217.194.0-255,5738,171805,70,323954
1902,0.001693,172.217.194.0-255,5020,176825,70,323954
1903,0.001706,172.31.40.0-255,66,176891,70,323954
1904,0.001774,172.217.194.0-255,1484,178375,70,323954
1905,0.001779,172.217.194.0-255,2902,181277,70,323954
1906,0.001797,172.217.194.0-255,5738,187015,70,323954
1907,0.001805,172.31.40.0-255,66,187081,70,323954
1908,0.001823,172.217.194.0-255,8574,195655,70,323954
1909,0.001841,172.217.194.0-255,4320,199975,70,323954
1910,0.001882,172.217.194.0-255,9992,209967,70,323954
1911,0.001898,172.217.194.0-255,766,210733,70,323954
1912,0.001913,172.217.194.0-255,7156,217889,70,323954
1913,0.001925,172.31.40.0-255,66,217955,70,323954
1914,0.001933,172.217.194.0-255,9992,227947,70,323954
1915,0.001938,172.31.40.0-255,66,228013,70,323954
1916,0.00197,172.217.194.0-255,7156,235169,70,323954
1917,0.00198,172.217.194.0-255,9274,244443,70,323954
1918,0.001989,172.217.194.0-255,9992,254435,70,323954
1919,0.001996,172.217.194.0-255,7156,261591,70,323954
1920,0.002006,172.31.40.0-255,66,261657,70,323954
1921,0.002033,172.217.194.0-255,9992,271649,70,323954
1922,0.002038,172.217.194.0-255,2902,274551,70,323954
1923,0.002064,172.217.194.0-255,3602,278153,70,323954
1924,0.00207,172.217.194.0-255,5738,283891,70,323954
1925,0.002074,172.31.40.0-255,66,283957,70,323954
1926,0.002082,172.217.194.0-255,1484,285441,70,323954
1927,0.002084,172.217.194.0-255,1484,286925,70,323954
1928,0.002104,172.217.194.0-255,9992,296917,70,323954
1929,0.002109,172.31.40.0-255,66,296983,70,323954
1930,0.002145,172.217.194.0-255,4320,301303,70,323954
1931,0.002155,172.217.194.0-255,10692,311995,70,323954
1932,0.002172,172.217.194.0-255,4320,316315,70,323954
1933,0.002178,172.31.40.0-255,66,316381,70,323954
1934,0.002252,172.217.194.0-255,2902,319283,70,323954
1935,0.002279,172.217.194.0-255,105,319388,70,323954
1936,0.006566,172.31.40.0-255,66,319454,70,323954
1937,0.008901,172.31.40.0-255,105,319559,70,323954
1938,0.011247,172.217.194.0-255,66,319625,70,323954
1939,0.031208,172.31.40.0-255,172,319797,70,323954
1940,0.031247,172.31.40.0-255,1118,320915,70,323954
1941,0.031313,172.31.40.0-255,1514,322429,70,323954
1942,0.031314,172.31.40.0-255,1327,323756,70,323954
1943,0.03274,104.244.42.0-255,66,323822,70,323954
1944,0.032808,104.244.42.0-255,66,323888,70,323954
1945,0.032856,104.244.42.0-255,66,323954,70,323954
1946,0.0,74.125.68.0-255,298,298,70,392698
1947,2.4e-05,172.31.40.0-255,66,364,70,392698
1948,3.1e-05,74.125.68.0-255,1484,1848,70,392698
1949,3.5e-05,172.31.40.0-255,66,1914,70,392698
1950,4.1e-05,74.125.68.0-255,2902,4816,70,392698
1951,4.5e-05,172.31.40.0-255,66,4882,70,392698
1952,5.1e-05,74.125.68.0-255,4320,9202,70,392698
1953,5.4e-05,172.31.40.0-255,66,9268,70,392698
1954,8.7e-05,74.125.68.0-255,5738,15006,70,392698
1955,9.1e-05,172.31.40.0-255,66,15072,70,392698
1956,0.000113,74.125.68.0-255,3204,18276,70,392698
1957,0.000116,172.31.40.0-255,66,18342,70,392698
1958,0.000126,74.125.68.0-255,9992,28334,70,392698
1959,0.000129,172.31.40.0-255,66,28400,70,392698
1960,0.000132,74.125.68.0-255,2543,30943,70,392698
1961,0.000135,172.31.40.0-255,66,31009,70,392698
1962,0.000283,74.125.68.0-255,1484,32493,70,392698
1963,0.000289,172.31.40.0-255,66,32559,70,392698
1964,0.000294,74.125.68.0-255,2902,35461,70,392698
1965,0.000296,172.31.40.0-255,66,35527,70,392698
1966,0.000312,74.125.68.0-255,5738,41265,70,392698
1967,0.000315,172.31.40.0-255,66,41331,70,392698
1968,0.000336,74.125.68.0-255,5738,47069,70,392698
1969,0.000338,172.31.40.0-255,66,47135,70,392698
1970,0.000358,74.125.68.0-255,1125,48260,70,392698
1971,0.00036,172.31.40.0-255,66,48326,70,392698
1972,0.000368,74.125.68.0-255,7156,55482,70,392698
1973,0.00037,172.31.40.0-255,66,55548,70,392698
1974,0.000391,74.125.68.0-255,5738,61286,70,392698
1975,0.000393,172.31.40.0-255,66,61352,70,392698
1976,0.000422,74.125.68.0-255,4273,65625,70,392698
1977,0.000425,172.31.40.0-255,66,65691,70,392698
1978,0.000428,74.125.68.0-255,110,65801,70,392698
1979,0.000509,74.125.68.0-255,1484,67285,70,392698
1980,0.000512,172.31.40.0-255,66,67351,70,392698
1981,0.000535,74.125.68.0-255,2902,70253,70,392698
1982,0.000538,172.31.40.0-255,66,70319,70,392698
1983,0.00054,74.125.68.0-255,1484,71803,70,392698
1984,0.000564,74.125.68.0-255,2902,74705,70,392698
1985,0.000567,172.31.40.0-255,66,74771,70,392698
1986,0.00057,74.125.68.0-255,1484,76255,70,392698
1987,0.000589,74.125.68.0-255,4320,80575,70,392698
1988,0.000591,172.31.40.0-255,66,80641,70,392698
1989,0.000594,74.125.68.0-255,1484,82125,70,392698
1990,0.000611,74.125.68.0-255,4320,86445,70,392698
1991,0.000614,172.31.40.0-255,66,86511,70,392698
1992,0.00063,74.125.68.0-255,4320,90831,70,392698
1993,0.000633,172.31.40.0-255,66,90897,70,392698
1994,0.000636,74.125.68.0-255,1484,92381,70,392698
1995,0.000641,74.125.68.0-255,2902,95283,70,392698
1996,0.000644,172.31.40.0-255,66,95349,70,392698
1997,0.000692,74.125.68.0-255,5020,100369,70,392698
1998,0.000696,172.31.40.0-255,66,100435,70,392698
1999,0.000713,74.125.68.0-255,330,100765,70,392698
2000,0.000784,74.125.68.0-255,1484,102249,70,392698
2001,0.000788,172.31.40.0-255,66,102315,70,392698
2002,0.000807,74.125.68.0-255,2902,105217,70,392698
2003,0.00081,172.31.40.0-255,66,105283,70,392698
2004,0.000824,74.125.68.0-255,1484,106767,70,392698
2005,0.00084,74.125.68.0-255,4320,111087,70,392698
2006,0.000843,172.31.40.0-255,66,111153,70,392698
2007,0.000849,74.125.68.0-255,4320,115473,70,392698
2008,0.000851,172.31.40.0-255,66,115539,70,392698
2009,0.000858,74.125.68.0-255,5738,121277,70,392698
2010,0.000861,172.31.40.0-255,66,121343,70,392698
2011,0.00089,74.125.68.0-255,4320,125663,70,392698
2012,0.000893,172.31.40.0-255,66,125729,70,392698
2013,0.00092,74.125.68.0-255,7156,132885,70,392698
2014,0.000923,172.31.40.0-255,66,132951,70,392698
2015,0.000926,74.125.68.0-255,2184,135135,70,392698
2016,0.000928,172.31.40.0-255,66,135201,70,392698
2017,0.000948,74.125.68.0-255,1484,136685,70,392698
2018,0.000966,74.125.68.0-255,2902,139587,70,392698
2019,0.000971,172.31.40.0-255,66,139653,70,392698
2020,0.000989,74.125.68.0-255,1484,141137,70,392698
2021,0.001008,74.125.68.0-255,4320,145457,70,392698
2022,0.00101,172.31.40.0-255,66,145523,70,392698
2023,0.001024,74.125.68.0-255,2902,148425,70,392698
2024,0.001027,172.31.40.0-255,66,148491,70,392698
2025,0.001044,74.125.68.0-255,4320,152811,70,392698
2026,0.001046,172.31.40.0-255,66,152877,70,392698
2027,0.001055,74.125.68.0-255,8574,161451,70,392698
2028,0.001057,172.31.40.0-255,66,161517,70,392698
2029,0.0011,74.125.68.0-255,4320,165837,70,392698
2030,0.001103,172.31.40.0-255,66,165903,70,392698
2031,0.001123,74.125.68.0-255,3602,169505,70,392698
2032,0.001126,172.31.40.0-255,66,169571,70,392698
2033,0.001162,74.125.68.0-255,1484,171055,70,392698
2034,0.001167,74.125.68.0-255,1484,172539,70,392698
2035,0.001169,172.31.40.0-255,66,172605,70,392698
2036,0.001181,74.125.68.0-255,1484,174089,70,392698
2037,0.001184,74.125.68.0-255,1484,175573,70,392698
2038,0.001186,172.31.40.0-255,66,175639,70,392698
2039,0.001212,74.125.68.0-255,4320,179959,70,392698
2040,0.001215,172.31.40.0-255,66,180025,70,392698
2041,0.001219,74.125.68.0-255,2902,182927,70,392698
2042,0.001221,172.31.40.0-255,66,182993,70,392698
2043,0.001226,74.125.68.0-255,4320,187313,70,392698
2044,0.001228,172.31.40.0-255,66,187379,70,392698
2045,0.001232,74.125.68.0-255,4320,191699,70,392698
2046,0.001234,172.31.40.0-255,66,191765,70,392698
2047,0.001261,74.125.68.0-255,4320,196085,70,392698
2048,0.001264,172.31.40.0-255,66,196151,70,392698
2049,0.001269,74.125.68.0-255,5738,201889,70,392698
2050,0.001271,172.31.40.0-255,66,201955,70,392698
2051,0.001305,74.125.68.0-255,2184,204139,70,392698
2052,0.001307,172.31.40.0-255,66,204205,70,392698
2053,0.00136,74.125.68.0-255,1484,205689,70,392698
2054,0.001393,74.125.68.0-255,2902,208591,70,392698
2055,0.001396,172.31.40.0-255,66,208657,70,392698
2056,0.001419,74.125.68.0-255,4320,212977,70,392698
2057,0.001422,172.31.40.0-255,66,213043,70,392698
2058,0.001452,74.125.68.0-255,1484,214527,70,392698
2059,0.001469,74.125.68.0-255,7156,221683,70,392698
2060,0.001475,74.125.68.0-255,5738,227421,70,392698
2061,0.00148,74.125.68.0-255,5738,233159,70,392698
2062,0.001484,172.31.40.0-255,66,233225,70,392698
2063,0.001486,172.31.40.0-255,66,233291,70,392698
2064,0.001489,172.31.40.0-255,66,233357,70,392698
2065,0.001496,74.125.68.0-255,1484,234841,70,392698
2066,0.001501,74.125.68.0-255,3602,238443,70,392698
2067,0.001503,172.31.40.0-255,66,238509,70,392698
2068,0.001691,74.125.68.0-255,1484,239993,70,392698
2069,0.001718,74.125.68.0-255,1484,241477,70,392698
2070,0.001721,172.31.40.0-255,66,241543,70,392698
2071,0.001741,74.125.68.0-255,1484,243027,70,392698
2072,0.001747,74.125.68.0-255,5738,248765,70,392698
2073,0.001749,172.31.40.0-255,66,248831,70,392698
2074,0.001751,74.125.68.0-255,1484,250315,70,392698
2075,0.001776,74.125.68.0-255,5738,256053,70,392698
2076,0.001779,172.31.40.0-255,66,256119,70,392698
2077,0.001785,74.125.68.0-255,5738,261857,70,392698
2078,0.001786,172.31.40.0-255,66,261923,70,392698
2079,0.001798,74.125.68.0-255,2902,264825,70,392698
2080,0.0018,172.31.40.0-255,66,264891,70,392698
2081,0.00181,74.125.68.0-255,4320,269211,70,392698
2082,0.001813,172.31.40.0-255,66,269277,70,392698
2083,0.00183,74.125.68.0-255,3602,272879,70,392698
2084,0.001834,172.31.40.0-255,66,272945,70,392698
2085,0.001857,74.125.68.0-255,2902,275847,70,392698
2086,0.00186,172.31.40.0-255,66,275913,70,392698
2087,0.001881,74.125.68.0-255,5738,281651,70,392698
2088,0.001884,172.31.40.0-255,66,281717,70,392698
2089,0.001888,74.125.68.0-255,2902,284619,70,392698
2090,0.00189,172.31.40.0-255,66,284685,70,392698
2091,0.001908,74.125.68.0-255,5738,290423,70,392698
2092,0.00191,172.31.40.0-255,66,290489,70,392698
2093,0.001937,74.125.68.0-255,7156,297645,70,392698
2094,0.001947,74.125.68.0-255,9274,306919,70,392698
2095,0.001961,74.125.68.0-255,4320,311239,70,392698
2096,0.001964,172.31.40.0-255,66,311305,70,392698
2097,0.001975,74.125.68.0-255,5738,317043,70,392698
2098,0.001978,74.125.68.0-255,1484,318527,70,392698
2099,0.001983,172.31.40.0-255,66,318593,70,392698
2100,0.001997,74.125.68.0-255,9992,328585,70,392698
2101,0.002024,74.125.68.0-255,9992,338577,70,392698
2102,0.002027,172.31.40.0-255,66,338643,70,392698
2103,0.002038,172.31.40.0-255,66,338709,70,392698
2104,0.00206,74.125.68.0-255,3602,342311,70,392698
2105,0.002071,74.125.68.0-255,2902,345213,70,392698
2106,0.002082,74.125.68.0-255,1484,346697,70,392698
2107,0.002089,172.31.40.0-255,66,346763,70,392698
2108,0.002103,74.125.68.0-255,4320,351083,70,392698
2109,0.002119,74.125.68.0-255,5738,356821,70,392698
2110,0.002123,74.125.68.0-255,2902,359723,70,392698
2111,0.002132,172.31.40.0-255,66,359789,70,392698
2112,0.002164,74.125.68.0-255,766,360555,70,392698
2113,0.002172,172.31.40.0-255,66,360621,70,392698
2114,0.00218,74.125.68.0-255,1484,362105,70,392698
2115,0.002199,74.125.68.0-255,4320,366425,70,392698
2116,0.002216,74.125.68.0-255,1484,367909,70,392698
2117,0.002219,74.125.68.0-255,1484,369393,70,392698
2118,0.002232,172.31.40.0-255,66,369459,70,392698
2119,0.004442,74.125.68.0-255,5738,375197,70,392698
2120,0.004447,172.31.40.0-255,66,375263,70,392698
2121,0.006655,74.125.68.0-255,5738,381001,70,392698
2122,0.006662,172.31.40.0-255,66,381067,70,392698
2123,0.008898,74.125.68.0-255,5738,386805,70,392698
2124,0.008905,172.31.40.0-255,66,386871,70,392698
2125,0.011064,74.125.68.0-255,162,387033,70,392698
2126,0.011759,172.31.40.0-255,66,387099,70,392698
2127,0.011791,172.31.40.0-255,105,387204,70,392698
2128,0.013952,74.125.68.0-255,66,387270,70,392698
2129,0.033657,172.31.40.0-255,172,387442,70,392698
2130,0.033692,172.31.40.0-255,1118,388560,70,392698
2131,0.033756,172.31.40.0-255,1514,390074,70,392698
2132,0.033758,172.31.40.0-255,1514,391588,70,392698
2133,0.033783,172.31.40.0-255,846,392434,70,392698
2134,0.035175,104.244.42.0-255,66,392500,70,392698
2135,0.035261,104.244.42.0-255,66,392566,70,392698
2136,0.035314,104.244.42.0-255,66,392632,70,392698
2137,0.035318,104.244.42.0-255,66,392698,70,392698
2138,0.0,74.125.200.0-255,146,146,70,206482
2139,1.8e-05,172.31.40.0-255,66,212,70,206482
2140,2.5e-05,74.125.200.0-255,1484,1696,70,206482
2141,2.8e-05,172.31.40.0-255,66,1762,70,206482
2142,3.4e-05,74.125.200.0-255,2902,4664,70,206482
2143,3.6e-05,172.31.40.0-255,66,4730,70,206482
2144,4e-05,74.125.200.0-255,1484,6214,70,206482
2145,4.2e-05,172.31.40.0-255,66,6280,70,206482
2146,6.5e-05,74.125.200.0-255,2902,9182,70,206482
2147,6.8e-05,172.31.40.0-255,66,9248,70,206482
2148,0.000101,74.125.200.0-255,4961,14209,70,206482
2149,0.000104,172.31.40.0-255,66,14275,70,206482
2150,0.00047,74.125.200.0-255,1484,15759,70,206482
2151,0.000475,172.31.40.0-255,66,15825,70,206482
2152,0.000481,74.125.200.0-255,2902,18727,70,206482
2153,0.000483,172.31.40.0-255,66,18793,70,206482
2154,0.000488,74.125.200.0-255,2902,21695,70,206482
2155,0.00049,172.31.40.0-255,66,21761,70,206482
2156,0.000505,74.125.200.0-255,1484,23245,70,206482
2157,0.000507,172.31.40.0-255,66,23311,70,206482
2158,0.000521,74.125.200.0-255,2902,26213,70,206482
2159,0.000523,172.31.40.0-255,66,26279,70,206482
2160,0.000543,74.125.200.0-255,5379,31658,70,206482
2161,0.000545,172.31.40.0-255,66,31724,70,206482
2162,0.00059,74.125.200.0-255,5738,37462,70,206482
2163,0.000594,172.31.40.0-255,66,37528,70,206482
2164,0.000641,74.125.200.0-255,5738,43266,70,206482
2165,0.000645,172.31.40.0-255,66,43332,70,206482
2166,0.000662,74.125.200.0-255,1484,44816,70,206482
2167,0.000665,172.31.40.0-255,66,44882,70,206482
2168,0.000708,74.125.200.0-255,3961,48843,70,206482
2169,0.000711,172.31.40.0-255,66,48909,70,206482
2170,0.001654,74.125.200.0-255,1484,50393,70,206482
2171,0.001665,74.125.200.0-255,2902,53295,70,206482
2172,0.00167,172.31.40.0-255,66,53361,70,206482
2173,0.001678,74.125.200.0-255,5738,59099,70,206482
2174,0.00172,74.125.200.0-255,4320,63419,70,206482
2175,0.001733,74.125.200.0-255,3124,66543,70,206482
2176,0.001774,74.125.200.0-255,1484,68027,70,206482
2177,0.001795,74.125.200.0-255,2902,70929,70,206482
2178,0.001823,74.125.200.0-255,5738,76667,70,206482
2179,0.001863,74.125.200.0-255,1484,78151,70,206482
2180,0.00188,74.125.200.0-255,5738,83889,70,206482
2181,0.001906,74.125.200.0-255,8215,92104,70,206482
2182,0.001998,74.125.200.0-255,4320,96424,70,206482
2183,0.002009,74.125.200.0-255,2902,99326,70,206482
2184,0.002049,74.125.200.0-255,1125,100451,70,206482
2185,0.002539,74.125.200.0-255,1484,101935,70,206482
2186,0.002556,74.125.200.0-255,1484,103419,70,206482
2187,0.005214,172.31.40.0-255,66,103485,70,206482
2188,0.007763,74.125.200.0-255,5738,109223,70,206482
2189,0.007771,172.31.40.0-255,66,109289,70,206482
2190,0.010306,74.125.200.0-255,5738,115027,70,206482
2191,0.010314,172.31.40.0-255,66,115093,70,206482
2192,0.01285,74.125.200.0-255,5738,120831,70,206482
2193,0.012857,172.31.40.0-255,66,120897,70,206482
2194,0.015396,74.125.200.0-255,5738,126635,70,206482
2195,0.015404,172.31.40.0-255,66,126701,70,206482
2196,0.017947,74.125.200.0-255,5738,132439,70,206482
2197,0.017955,172.31.40.0-255,66,132505,70,206482
2198,0.020493,74.125.200.0-255,5738,138243,70,206482
2199,0.0205,172.31.40.0-255,66,138309,70,206482
2200,0.02052,172.31.40.0-255,172,138481,70,206482
2201,0.020547,172.31.40.0-255,1113,139594,70,206482
2202,0.020683,172.31.40.0-255,1514,141108,70,206482
2203,0.020685,172.31.40.0-255,1332,142440,70,206482
2204,0.021998,104.244.42.0-255,66,142506,70,206482
2205,0.022107,104.244.42.0-255,66,142572,70,206482
2206,0.022173,104.244.42.0-255,66,142638,70,206482
2207,0.023039,74.125.200.0-255,5738,148376,70,206482
2208,0.023046,172.31.40.0-255,66,148442,70,206482
2209,0.025585,74.125.200.0-255,5738,154180,70,206482
2210,0.025591,172.31.40.0-255,66,154246,70,206482
2211,0.02814,74.125.200.0-255,5738,159984,70,206482
2212,0.028147,172.31.40.0-255,66,160050,70,206482
2213,0.030688,74.125.200.0-255,5738,165788,70,206482
2214,0.030695,172.31.40.0-255,66,165854,70,206482
2215,0.03325,74.125.200.0-255,5738,171592,70,206482
2216,0.033256,172.31.40.0-255,66,171658,70,206482
2217,0.035798,74.125.200.0-255,5738,177396,70,206482
2218,0.035804,172.31.40.0-255,66,177462,70,206482
2219,0.038335,74.125.200.0-255,5738,183200,70,206482
2220,0.038341,172.31.40.0-255,66,183266,70,206482
2221,0.040876,74.125.200.0-255,5738,189004,70,206482
2222,0.040884,172.31.40.0-255,66,189070,70,206482
2223,0.043468,74.125.200.0-255,5738,194808,70,206482
2224,0.043477,172.31.40.0-255,66,194874,70,206482
2225,0.04601,74.125.200.0-255,5738,200612,70,206482
2226,0.046016,172.31.40.0-255,66,200678,70,206482
2227,0.048552,74.125.200.0-255,5738,206416,70,206482
2228,0.048559,172.31.40.0-255,66,206482,70,206482
2229,0.0,74.125.68.0-255,153,153,70,299770
2230,2e-05,172.31.40.0-255,66,219,70,299770
2231,3.9e-05,74.125.68.0-255,1484,1703,70,299770
2232,4.4e-05,172.31.40.0-255,66,1769,70,299770
2233,5.9e-05,74.125.68.0-255,1484,3253,70,299770
2234,6.2e-05,172.31.40.0-255,66,3319,70,299770
2235,8.1e-05,74.125.68.0-255,1484,4803,70,299770
2236,8.4e-05,172.31.40.0-255,66,4869,70,299770
2237,0.000105,74.125.68.0-255,5738,10607,70,299770
2238,0.000108,172.31.40.0-255,66,10673,70,299770
2239,0.000111,74.125.68.0-255,1484,12157,70,299770
2240,0.000112,172.31.40.0-255,66,12223,70,299770
2241,0.000152,74.125.68.0-255,2101,14324,70,299770
2242,0.000155,172.31.40.0-255,66,14390,70,299770
2243,0.000298,74.125.68.0-255,1484,15874,70,299770
2244,0.000304,172.31.40.0-255,66,15940,70,299770
2245,0.000319,74.125.68.0-255,2902,18842,70,299770
2246,0.000322,172.31.40.0-255,66,18908,70,299770
2247,0.000345,74.125.68.0-255,5738,24646,70,299770
2248,0.000348,172.31.40.0-255,66,24712,70,299770
2249,0.00035,74.125.68.0-255,1484,26196,70,299770
2250,0.000352,172.31.40.0-255,66,26262,70,299770
2251,0.000367,74.125.68.0-255,2902,29164,70,299770
2252,0.000369,172.31.40.0-255,66,29230,70,299770
2253,0.000413,74.125.68.0-255,2543,31773,70,299770
2254,0.000416,172.31.40.0-255,66,31839,70,299770
2255,0.000442,74.125.68.0-255,2902,34741,70,299770
2256,0.000444,172.31.40.0-255,66,34807,70,299770
2257,0.000459,74.125.68.0-255,1484,36291,70,299770
2258,0.000461,172.31.40.0-255,66,36357,70,299770
2259,0.000484,74.125.68.0-255,2902,39259,70,299770
2260,0.000487,172.31.40.0-255,66,39325,70,299770
2261,0.0005,74.125.68.0-255,1484,40809,70,299770
2262,0.000515,74.125.68.0-255,4320,45129,70,299770
2263,0.000517,172.31.40.0-255,66,45195,70,299770
2264,0.000536,74.125.68.0-255,1484,46679,70,299770
2265,0.000547,74.125.68.0-255,2902,49581,70,299770
2266,0.000549,172.31.40.0-255,66,49647,70,299770
2267,0.000569,74.125.68.0-255,2902,52549,70,299770
2268,0.000571,172.31.40.0-255,66,52615,70,299770
2269,0.000575,74.125.68.0-255,1484,54099,70,299770
2270,0.000578,74.125.68.0-255,1484,55583,70,299770
2271,0.00058,172.31.40.0-255,66,55649,70,299770
2272,0.000603,74.125.68.0-255,1484,57133,70,299770
2273,0.000634,74.125.68.0-255,5738,62871,70,299770
2274,0.000638,172.31.40.0-255,66,62937,70,299770
2275,0.000641,74.125.68.0-255,1484,64421,70,299770
2276,0.000645,74.125.68.0-255,2184,66605,70,299770
2277,0.000647,172.31.40.0-255,66,66671,70,299770
2278,0.001299,74.125.68.0-255,413,67084,70,299770
2279,0.001672,74.125.68.0-255,1484,68568,70,299770
2280,0.001679,172.31.40.0-255,66,68634,70,299770
2281,0.001684,74.125.68.0-255,1484,70118,70,299770
2282,0.001689,74.125.68.0-255,2902,73020,70,299770
2283,0.001692,172.31.40.0-255,66,73086,70,299770
2284,0.001713,74.125.68.0-255,5738,78824,70,299770
2285,0.001716,172.31.40.0-255,66,78890,70,299770
2286,0.001733,74.125.68.0-255,4320,83210,70,299770
2287,0.001735,172.31.40.0-255,66,83276,70,299770
2288,0.001763,74.125.68.0-255,4320,87596,70,299770
2289,0.001765,172.31.40.0-255,66,87662,70,299770
2290,0.001774,74.125.68.0-255,9992,97654,70,299770
2291,0.001776,172.31.40.0-255,66,97720,70,299770
2292,0.00178,74.125.68.0-255,2902,100622,70,299770
2293,0.001783,172.31.40.0-255,66,100688,70,299770
2294,0.001806,74.125.68.0-255,766,101454,70,299770
2295,0.001828,74.125.68.0-255,1484,102938,70,299770
2296,0.001831,172.31.40.0-255,66,103004,70,299770
2297,0.001835,74.125.68.0-255,1484,104488,70,299770
2298,0.001852,74.125.68.0-255,1484,105972,70,299770
2299,0.001854,172.31.40.0-255,66,106038,70,299770
2300,0.001872,74.125.68.0-255,2902,108940,70,299770
2301,0.001874,172.31.40.0-255,66,109006,70,299770
2302,0.001894,74.125.68.0-255,2902,111908,70,299770
2303,0.001897,172.31.40.0-255,66,111974,70,299770
2304,0.001904,74.125.68.0-255,7156,119130,70,299770
2305,0.001906,172.31.40.0-255,66,119196,70,299770
2306,0.001925,74.125.68.0-255,8574,127770,70,299770
2307,0.001928,172.31.40.0-255,66,127836,70,299770
2308,0.001931,74.125.68.0-255,1484,129320,70,299770
2309,0.001951,74.125.68.0-255,6438,135758,70,299770
2310,0.001954,172.31.40.0-255,66,135824,70,299770
2311,0.001976,74.125.68.0-255,7156,142980,70,299770
2312,0.001978,172.31.40.0-255,66,143046,70,299770
2313,0.002007,74.125.68.0-255,1484,144530,70,299770
2314,0.002014,74.125.68.0-255,4320,148850,70,299770
2315,0.002016,172.31.40.0-255,66,148916,70,299770
2316,0.002022,74.125.68.0-255,5738,154654,70,299770
2317,0.002024,172.31.40.0-255,66,154720,70,299770
2318,0.002029,74.125.68.0-255,4320,159040,70,299770
2319,0.002032,172.31.40.0-255,66,159106,70,299770
2320,0.002064,74.125.68.0-255,7156,166262,70,299770
2321,0.002067,172.31.40.0-255,66,166328,70,299770
2322,0.002072,74.125.68.0-255,3602,169930,70,299770
2323,0.002074,172.31.40.0-255,66,169996,70,299770
2324,0.002077,74.125.68.0-255,330,170326,70,299770
2325,0.002362,74.125.68.0-255,1484,171810,70,299770
2326,0.002366,172.31.40.0-255,66,171876,70,299770
2327,0.002381,74.125.68.0-255,2902,174778,70,299770
2328,0.002383,172.31.40.0-255,66,174844,70,299770
2329,0.002401,74.125.68.0-255,2902,177746,70,299770
2330,0.002402,172.31.40.0-255,66,177812,70,299770
2331,0.00242,74.125.68.0-255,2902,180714,70,299770
2332,0.002422,172.31.40.0-255,66,180780,70,299770
2333,0.002441,74.125.68.0-255,1484,182264,70,299770
2334,0.002455,74.125.68.0-255,4320,186584,70,299770
2335,0.002457,172.31.40.0-255,66,186650,70,299770
2336,0.002472,74.125.68.0-255,1484,188134,70,299770
2337,0.00248,74.125.68.0-255,5738,193872,70,299770
2338,0.002482,172.31.40.0-255,66,193938,70,299770
2339,0.002497,74.125.68.0-255,1484,195422,70,299770
2340,0.002512,74.125.68.0-255,4320,199742,70,299770
2341,0.002515,172.31.40.0-255,66,199808,70,299770
2342,0.002534,74.125.68.0-255,2902,202710,70,299770
2343,0.002536,172.31.40.0-255,66,202776,70,299770
2344,0.00255,74.125.68.0-255,2184,204960,70,299770
2345,0.002552,172.31.40.0-255,66,205026,70,299770
2346,0.005141,74.125.68.0-255,2902,207928,70,299770
2347,0.005147,172.31.40.0-255,66,207994,70,299770
2348,0.005167,74.125.68.0-255,2902,210896,70,299770
2349,0.00517,172.31.40.0-255,66,210962,70,299770
2350,0.007766,74.125.68.0-255,4320,215282,70,299770
2351,0.007772,172.31.40.0-255,66,215348,70,299770
2352,0.007788,74.125.68.0-255,1484,216832,70,299770
2353,0.010398,74.125.68.0-255,4320,221152,70,299770
2354,0.010406,172.31.40.0-255,66,221218,70,299770
2355,0.013042,74.125.68.0-255,5738,226956,70,299770
2356,0.013052,172.31.40.0-255,66,227022,70,299770
2357,0.015678,74.125.68.0-255,4320,231342,70,299770
2358,0.015688,172.31.40.0-255,66,231408,70,299770
2359,0.015709,74.125.68.0-255,1484,232892,70,299770
2360,0.018372,74.125.68.0-255,4320,237212,70,299770
2361,0.018383,172.31.40.0-255,66,237278,70,299770
2362,0.021017,74.125.68.0-255,5738,243016,70,299770
2363,0.021024,172.31.40.0-255,66,243082,70,299770
2364,0.023662,74.125.68.0-255,4320,247402,70,299770
2365,0.02367,172.31.40.0-255,66,247468,70,299770
2366,0.02369,74.125.68.0-255,1484,248952,70,299770
2367,0.026337,74.125.68.0-255,4320,253272,70,299770
2368,0.026344,172.31.40.0-255,66,253338,70,299770
2369,0.028978,74.125.68.0-255,5738,259076,70,299770
2370,0.028995,172.31.40.0-255,66,259142,70,299770
2371,0.031641,74.125.68.0-255,5738,264880,70,299770
2372,0.031659,172.31.40.0-255,66,264946,70,299770
2373,0.034308,74.125.68.0-255,5738,270684,70,299770
2374,0.034325,172.31.40.0-255,66,270750,70,299770
2375,0.036968,74.125.68.0-255,5738,276488,70,299770
2376,0.036987,172.31.40.0-255,66,276554,70,299770
2377,0.039622,74.125.68.0-255,5738,282292,70,299770
2378,0.039631,172.31.40.0-255,66,282358,70,299770
2379,0.04227,74.125.68.0-255,5738,288096,70,299770
2380,0.04229,172.31.40.0-255,66,288162,70,299770
2381,0.044923,74.125.68.0-255,5738,293900,70,299770
2382,0.044932,172.31.40.0-255,66,293966,70,299770
2383,0.047557,74.125.68.0-255,5738,299704,70,299770
2384,0.047574,172.31.40.0-255,66,299770,70,299770
2385,0.0,216.58.221.0-255,153,153,70,268150
2386,1.9e-05,172.31.40.0-255,66,219,70,268150
2387,2.7e-05,216.58.221.0-255,1484,1703,70,268150
2388,3.3e-05,172.31.40.0-255,66,1769,70,268150
2389,3.9e-05,216.58.221.0-255,2902,4671,70,268150
2390,4.2e-05,172.31.40.0-255,66,4737,70,268150
2391,5e-05,216.58.221.0-255,7156,11893,70,268150
2392,5.3e-05,172.31.40.0-255,66,11959,70,268150
2393,5.7e-05,216.58.221.0-255,2002,13961,70,268150
2394,5.9e-05,172.31.40.0-255,66,14027,70,268150
2395,0.000561,216.58.221.0-255,1484,15511,70,268150
2396,0.000568,172.31.40.0-255,66,15577,70,268150
2397,0.000577,216.58.221.0-255,2902,18479,70,268150
2398,0.00058,172.31.40.0-255,66,18545,70,268150
2399,0.000587,216.58.221.0-255,5738,24283,70,268150
2400,0.000589,172.31.40.0-255,66,24349,70,268150
2401,0.000621,216.58.221.0-255,6797,31146,70,268150
2402,0.000625,172.31.40.0-255,66,31212,70,268150
2403,0.000756,216.58.221.0-255,1484,32696,70,268150
2404,0.00076,172.31.40.0-255,66,32762,70,268150
2405,0.000766,216.58.221.0-255,2902,35664,70,268150
2406,0.000768,172.31.40.0-255,66,35730,70,268150
2407,0.000772,216.58.221.0-255,1484,37214,70,268150
2408,0.000773,172.31.40.0-255,66,37280,70,268150
2409,0.000799,216.58.221.0-255,4320,41600,70,268150
2410,0.000803,172.31.40.0-255,66,41666,70,268150
2411,0.000809,216.58.221.0-255,4320,45986,70,268150
2412,0.000812,172.31.40.0-255,66,46052,70,268150
2413,0.000826,216.58.221.0-255,2543,48595,70,268150
2414,0.000829,172.31.40.0-255,66,48661,70,268150
2415,0.001177,216.58.221.0-255,1484,50145,70,268150
2416,0.001184,172.31.40.0-255,66,50211,70,268150
2417,0.001191,216.58.221.0-255,2902,53113,70,268150
2418,0.001194,172.31.40.0-255,66,53179,70,268150
2419,0.001201,216.58.221.0-255,5738,58917,70,268150
2420,0.001204,172.31.40.0-255,66,58983,70,268150
2421,0.001208,216.58.221.0-255,2902,61885,70,268150
2422,0.00121,172.31.40.0-255,66,61951,70,268150
2423,0.00124,216.58.221.0-255,4289,66240,70,268150
2424,0.001243,172.31.40.0-255,66,66306,70,268150
2425,0.00157,216.58.221.0-255,1484,67790,70,268150
2426,0.001576,216.58.221.0-255,1484,69274,70,268150
2427,0.001581,172.31.40.0-255,66,69340,70,268150
2428,0.001587,216.58.221.0-255,2902,72242,70,268150
2429,0.00159,172.31.40.0-255,66,72308,70,268150
2430,0.001596,216.58.221.0-255,5738,78046,70,268150
2431,0.001598,172.31.40.0-255,66,78112,70,268150
2432,0.001627,216.58.221.0-255,5379,83491,70,268150
2433,0.001629,172.31.40.0-255,66,83557,70,268150
2434,0.001665,216.58.221.0-255,2902,86459,70,268150
2435,0.001668,172.31.40.0-255,66,86525,70,268150
2436,0.001689,216.58.221.0-255,2902,89427,70,268150
2437,0.001691,172.31.40.0-255,66,89493,70,268150
2438,0.001699,216.58.221.0-255,7156,96649,70,268150
2439,0.001701,172.31.40.0-255,66,96715,70,268150
2440,0.001744,216.58.221.0-255,3664,100379,70,268150
2441,0.001746,172.31.40.0-255,66,100445,70,268150
2442,0.001751,216.58.221.0-255,4320,104765,70,268150
2443,0.001754,172.31.40.0-255,66,104831,70,268150
2444,0.001757,216.58.221.0-255,1484,106315,70,268150
2445,0.001788,216.58.221.0-255,8574,114889,70,268150
2446,0.001791,172.31.40.0-255,66,114955,70,268150
2447,0.001795,216.58.221.0-255,2429,117384,70,268150
2448,0.001797,172.31.40.0-255,66,117450,70,268150
2449,0.003681,216.58.221.0-255,5738,123188,70,268150
2450,0.00369,172.31.40.0-255,66,123254,70,268150
2451,0.005584,216.58.221.0-255,5738,128992,70,268150
2452,0.005591,172.31.40.0-255,66,129058,70,268150
2453,0.007519,216.58.221.0-255,5738,134796,70,268150
2454,0.007526,172.31.40.0-255,66,134862,70,268150
2455,0.00943,216.58.221.0-255,5738,140600,70,268150
2456,0.009438,172.31.40.0-255,66,140666,70,268150
2457,0.011337,216.58.221.0-255,5738,146404,70,268150
2458,0.011345,172.31.40.0-255,66,146470,70,268150
2459,0.013241,216.58.221.0-255,5738,152208,70,268150
2460,0.013249,172.31.40.0-255,66,152274,70,268150
2461,0.015147,216.58.221.0-255,5738,158012,70,268150
2462,0.015155,172.31.40.0-255,66,158078,70,268150
2463,0.017063,216.58.221.0-255,5738,163816,70,268150
2464,0.017073,172.31.40.0-255,66,163882,70,268150
2465,0.018967,216.58.221.0-255,5738,169620,70,268150
2466,0.018975,172.31.40.0-255,66,169686,70,268150
2467,0.02088,216.58.221.0-255,5738,175424,70,268150
2468,0.020887,172.31.40.0-255,66,175490,70,268150
2469,0.022805,216.58.221.0-255,5738,181228,70,268150
2470,0.022814,172.31.40.0-255,66,181294,70,268150
2471,0.02345,172.31.40.0-255,172,181466,70,268150
2472,0.023475,172.31.40.0-255,1117,182583,70,268150
2473,0.023534,172.31.40.0-255,1514,184097,70,268150
2474,0.023535,172.31.40.0-255,1514,185611,70,268150
2475,0.023537,172.31.40.0-255,845,186456,70,268150
2476,0.024725,216.58.221.0-255,5738,192194,70,268150
2477,0.024733,172.31.40.0-255,66,192260,70,268150
2478,0.024991,104.244.42.0-255,66,192326,70,268150
2479,0.025047,104.244.42.0-255,66,192392,70,268150
2480,0.025074,104.244.42.0-255,66,192458,70,268150
2481,0.025078,104.244.42.0-255,66,192524,70,268150
2482,0.025718,104.244.42.0-255,108,192632,70,268150
2483,0.025727,172.31.40.0-255,66,192698,70,268150
2484,0.026644,216.58.221.0-255,5738,198436,70,268150
2485,0.026648,172.31.40.0-255,66,198502,70,268150
2486,0.028572,216.58.221.0-255,5738,204240,70,268150
2487,0.028577,172.31.40.0-255,66,204306,70,268150
2488,0.03049,216.58.221.0-255,5738,210044,70,268150
2489,0.030497,172.31.40.0-255,66,210110,70,268150
2490,0.032402,216.58.221.0-255,5738,215848,70,268150
2491,0.032408,172.31.40.0-255,66,215914,70,268150
2492,0.034305,216.58.221.0-255,5738,221652,70,268150
2493,0.034312,172.31.40.0-255,66,221718,70,268150
2494,0.036214,216.58.221.0-255,5738,227456,70,268150
2495,0.03622,172.31.40.0-255,66,227522,70,268150
2496,0.038119,216.58.221.0-255,5738,233260,70,268150
2497,0.038125,172.31.40.0-255,66,233326,70,268150
2498,0.040032,216.58.221.0-255,5738,239064,70,268150
2499,0.040039,172.31.40.0-255,66,239130,70,268150
2500,0.041973,216.58.221.0-255,5738,244868,70,268150
2501,0.041981,172.31.40.0-255,66,244934,70,268150
2502,0.043905,216.58.221.0-255,5738,250672,70,268150
2503,0.043911,172.31.40.0-255,66,250738,70,268150
2504,0.045822,216.58.221.0-255,5738,256476,70,268150
2505,0.045829,172.31.40.0-255,66,256542,70,268150
2506,0.047726,216.58.221.0-255,5738,262280,70,268150
2507,0.047732,172.31.40.0-255,66,262346,70,268150
2508,0.04963,216.58.221.0-255,5738,268084,70,268150
2509,0.049637,172.31.40.0-255,66,268150,70,268150
2510,0.0,172.217.194.0-255,152,152,70,290773
2511,1.4e-05,172.31.40.0-255,66,218,70,290773
2512,3.1e-05,172.217.194.0-255,1484,1702,70,290773
2513,3.4e-05,172.31.40.0-255,66,1768,70,290773
2514,4e-05,172.217.194.0-255,2902,4670,70,290773
2515,4.3e-05,172.31.40.0-255,66,4736,70,290773
2516,5.9e-05,172.217.194.0-255,5738,10474,70,290773
2517,6.1e-05,172.31.40.0-255,66,10540,70,290773
2518,0.000105,172.31.40.0-255,66,10606,70,290773
2519,0.000126,172.217.194.0-255,2099,12705,70,290773
2520,0.000128,172.31.40.0-255,66,12771,70,290773
2521,0.000135,172.217.194.0-255,6797,19568,70,290773
2522,0.000137,172.31.40.0-255,66,19634,70,290773
2523,0.000165,172.217.194.0-255,1484,21118,70,290773
2524,0.000167,172.31.40.0-255,66,21184,70,290773
2525,0.00017,172.217.194.0-255,1484,22668,70,290773
2526,0.000172,172.31.40.0-255,66,22734,70,290773
2527,0.000186,172.217.194.0-255,1484,24218,70,290773
2528,0.000187,172.31.40.0-255,66,24284,70,290773
2529,0.000193,172.217.194.0-255,5738,30022,70,290773
2530,0.000195,172.31.40.0-255,66,30088,70,290773
2531,0.000218,172.217.194.0-255,5738,35826,70,290773
2532,0.000221,172.31.40.0-255,66,35892,70,290773
2533,0.000246,172.31.40.0-255,66,35958,70,290773
2534,0.000252,172.217.194.0-255,5020,40978,70,290773
2535,0.000254,172.31.40.0-255,66,41044,70,290773
2536,0.000279,172.217.194.0-255,678,41722,70,290773
2537,0.000281,172.31.40.0-255,66,41788,70,290773
2538,0.000338,172.217.194.0-255,1484,43272,70,290773
2539,0.000341,172.31.40.0-255,66,43338,70,290773
2540,0.000362,172.217.194.0-255,4320,47658,70,290773
2541,0.000369,172.217.194.0-255,7156,54814,70,290773
2542,0.000385,172.217.194.0-255,4320,59134,70,290773
2543,0.000416,172.217.194.0-255,5020,64154,70,290773
2544,0.000487,172.31.40.0-255,66,64220,70,290773
2545,0.000556,172.217.194.0-255,1484,65704,70,290773
2546,0.000568,172.217.194.0-255,2902,68606,70,290773
2547,0.000574,172.217.194.0-255,4320,72926,70,290773
2548,0.000588,172.217.194.0-255,1484,74410,70,290773
2549,0.000597,172.31.40.0-255,66,74476,70,290773
2550,0.000632,172.217.194.0-255,8574,83050,70,290773
2551,0.000648,172.31.40.0-255,66,83116,70,290773
2552,0.00066,172.217.194.0-255,1634,84750,70,290773
2553,0.000679,172.31.40.0-255,66,84816,70,290773
2554,0.000693,172.217.194.0-255,2902,87718,70,290773
2555,0.000705,172.31.40.0-255,66,87784,70,290773
2556,0.000716,172.217.194.0-255,7156,94940,70,290773
2557,0.000718,172.217.194.0-255,1484,96424,70,290773
2558,0.000728,172.31.40.0-255,66,96490,70,290773
2559,0.000744,172.217.194.0-255,7156,103646,70,290773
2560,0.00076,172.217.194.0-255,7156,110802,70,290773
2561,0.000765,172.217.194.0-255,4320,115122,70,290773
2562,0.000772,172.31.40.0-255,66,115188,70,290773
2563,0.000782,172.217.194.0-255,3602,118790,70,290773
2564,0.0008,172.31.40.0-255,66,118856,70,290773
2565,0.000916,172.217.194.0-255,1484,120340,70,290773
2566,0.000932,172.217.194.0-255,2902,123242,70,290773
2567,0.000949,172.217.194.0-255,1484,124726,70,290773
2568,0.000955,172.31.40.0-255,66,124792,70,290773
2569,0.000965,172.217.194.0-255,4320,129112,70,290773
2570,0.000974,172.217.194.0-255,8574,137686,70,290773
2571,0.000979,172.31.40.0-255,66,137752,70,290773
2572,0.001006,172.217.194.0-255,9992,147744,70,290773
2573,0.001047,172.31.40.0-255,66,147810,70,290773
2574,0.001065,172.217.194.0-255,5020,152830,70,290773
2575,0.001071,172.217.194.0-255,5738,158568,70,290773
2576,0.001081,172.217.194.0-255,9992,168560,70,290773
2577,0.001097,172.31.40.0-255,66,168626,70,290773
2578,0.001105,172.217.194.0-255,1484,170110,70,290773
2579,0.001133,172.217.194.0-255,766,170876,70,290773
2580,0.00116,172.31.40.0-255,66,170942,70,290773
2581,0.001177,172.217.194.0-255,1484,172426,70,290773
2582,0.001182,172.217.194.0-255,2902,175328,70,290773
2583,0.001191,172.31.40.0-255,66,175394,70,290773
2584,0.001214,172.217.194.0-255,2902,178296,70,290773
2585,0.001223,172.31.40.0-255,66,178362,70,290773
2586,0.001234,172.217.194.0-255,2902,181264,70,290773
2587,0.00124,172.217.194.0-255,4320,185584,70,290773
2588,0.001273,172.217.194.0-255,9992,195576,70,290773
2589,0.001287,172.217.194.0-255,1484,197060,70,290773
2590,0.001294,172.217.194.0-255,5738,202798,70,290773
2591,0.0013,172.31.40.0-255,66,202864,70,290773
2592,0.00133,172.217.194.0-255,2184,205048,70,290773
2593,0.00134,172.31.40.0-255,66,205114,70,290773
2594,0.001373,172.217.194.0-255,1484,206598,70,290773
2595,0.001389,172.217.194.0-255,1484,208082,70,290773
2596,0.001393,172.217.194.0-255,4320,212402,70,290773
2597,0.0014,172.217.194.0-255,5738,218140,70,290773
2598,0.001413,172.217.194.0-255,2902,221042,70,290773
2599,0.001425,172.31.40.0-255,66,221108,70,290773
2600,0.001438,172.217.194.0-255,4320,225428,70,290773
2601,0.001487,172.217.194.0-255,7156,232584,70,290773
2602,0.00149,172.217.194.0-255,1484,234068,70,290773
2603,0.001496,172.31.40.0-255,66,234134,70,290773
2604,0.001515,172.217.194.0-255,7156,241290,70,290773
2605,0.001522,172.217.194.0-255,5738,247028,70,290773
2606,0.001539,172.31.40.0-255,66,247094,70,290773
2607,0.001555,172.31.40.0-255,66,247160,70,290773
2608,0.001566,172.217.194.0-255,2184,249344,70,290773
2609,0.00158,172.217.194.0-255,5738,255082,70,290773
2610,0.001593,172.217.194.0-255,5738,260820,70,290773
2611,0.001602,172.31.40.0-255,66,260886,70,290773
2612,0.001626,172.217.194.0-255,9992,270878,70,290773
2613,0.001634,172.217.194.0-255,7156,278034,70,290773
2614,0.001646,172.31.40.0-255,66,278100,70,290773
2615,0.001658,172.217.194.0-255,3602,281702,70,290773
2616,0.001723,172.217.194.0-255,8729,290431,70,290773
2617,0.001726,172.217.194.0-255,105,290536,70,290773
2618,0.001736,172.31.40.0-255,66,290602,70,290773
2619,0.014297,172.31.40.0-255,105,290707,70,290773
2620,0.016491,172.217.194.0-255,66,290773,70,290773
2621,0.0,172.31.40.0-255,105,105,70,459
2622,0.000236,172.31.40.0-255,90,195,70,459
2623,0.000247,172.31.40.0-255,66,261,70,459
2624,0.002809,74.125.130.0-255,66,327,70,459
2625,0.002845,74.125.130.0-255,66,393,70,459
2626,0.002871,172.31.40.0-255,66,459,70,459
2627,0.0,172.217.194.0-255,152,152,70,332590
2628,3.2e-05,172.31.40.0-255,66,218,70,332590
2629,3.9e-05,172.217.194.0-255,1484,1702,70,332590
2630,4.3e-05,172.31.40.0-255,66,1768,70,332590
2631,4.8e-05,172.217.194.0-255,2902,4670,70,332590
2632,5.2e-05,172.31.40.0-255,66,4736,70,332590
2633,6.5e-05,172.217.194.0-255,7156,11892,70,332590
2634,6.8e-05,172.31.40.0-255,66,11958,70,332590
2635,7.2e-05,172.217.194.0-255,2030,13988,70,332590
2636,7.5e-05,172.31.40.0-255,66,14054,70,332590
2637,7.9e-05,172.217.194.0-255,2902,16956,70,332590
2638,8.1e-05,172.31.40.0-255,66,17022,70,332590
2639,0.000114,172.217.194.0-255,8574,25596,70,332590
2640,0.000117,172.31.40.0-255,66,25662,70,332590
2641,0.000123,172.217.194.0-255,5379,31041,70,332590
2642,0.000126,172.31.40.0-255,66,31107,70,332590
2643,0.000169,172.217.194.0-255,1484,32591,70,332590
2644,0.000172,172.31.40.0-255,66,32657,70,332590
2645,0.00018,172.217.194.0-255,2902,35559,70,332590
2646,0.000182,172.31.40.0-255,66,35625,70,332590
2647,0.000185,172.217.194.0-255,1484,37109,70,332590
2648,0.000186,172.31.40.0-255,66,37175,70,332590
2649,0.000216,172.217.194.0-255,4320,41495,70,332590
2650,0.000219,172.31.40.0-255,66,41561,70,332590
2651,0.000222,172.217.194.0-255,1484,43045,70,332590
2652,0.000223,172.31.40.0-255,66,43111,70,332590
2653,0.000275,172.217.194.0-255,9992,53103,70,332590
2654,0.000282,172.31.40.0-255,66,53169,70,332590
2655,0.000296,172.31.40.0-255,66,53235,70,332590
2656,0.000299,172.217.194.0-255,676,53911,70,332590
2657,0.0003,172.31.40.0-255,66,53977,70,332590
2658,0.000457,172.217.194.0-255,1484,55461,70,332590
2659,0.000479,172.217.194.0-255,2902,58363,70,332590
2660,0.000482,172.31.40.0-255,66,58429,70,332590
2661,0.000489,172.217.194.0-255,5738,64167,70,332590
2662,0.000492,172.31.40.0-255,66,64233,70,332590
2663,0.000509,172.217.194.0-255,4320,68553,70,332590
2664,0.000512,172.31.40.0-255,66,68619,70,332590
2665,0.000546,172.217.194.0-255,8574,77193,70,332590
2666,0.00055,172.31.40.0-255,66,77259,70,332590
2667,0.000561,172.217.194.0-255,10144,87403,70,332590
2668,0.000564,172.31.40.0-255,66,87469,70,332590
2669,0.000604,172.31.40.0-255,66,87535,70,332590
2670,0.000628,172.217.194.0-255,2543,90078,70,332590
2671,0.000632,172.31.40.0-255,66,90144,70,332590
2672,0.000811,172.217.194.0-255,1484,91628,70,332590
2673,0.000815,172.217.194.0-255,1484,93112,70,332590
2674,0.000818,172.31.40.0-255,66,93178,70,332590
2675,0.000832,172.217.194.0-255,1484,94662,70,332590
2676,0.000843,172.217.194.0-255,5738,100400,70,332590
2677,0.000846,172.31.40.0-255,66,100466,70,332590
2678,0.000854,172.217.194.0-255,8574,109040,70,332590
2679,0.000858,172.31.40.0-255,66,109106,70,332590
2680,0.000889,172.217.194.0-255,4320,113426,70,332590
2681,0.000893,172.31.40.0-255,66,113492,70,332590
2682,0.000902,172.217.194.0-255,10692,124184,70,332590
2683,0.000904,172.31.40.0-255,66,124250,70,332590
2684,0.001136,172.217.194.0-255,1484,125734,70,332590
2685,0.001141,172.217.194.0-255,1484,127218,70,332590
2686,0.001144,172.31.40.0-255,66,127284,70,332590
2687,0.001178,172.217.194.0-255,1484,128768,70,332590
2688,0.001185,172.217.194.0-255,5738,134506,70,332590
2689,0.001188,172.31.40.0-255,66,134572,70,332590
2690,0.001202,172.31.40.0-255,66,134638,70,332590
2691,0.001205,172.217.194.0-255,1484,136122,70,332590
2692,0.001242,172.217.194.0-255,9274,145396,70,332590
2693,0.001246,172.31.40.0-255,66,145462,70,332590
2694,0.001317,172.217.194.0-255,1484,146946,70,332590
2695,0.001332,172.217.194.0-255,2902,149848,70,332590
2696,0.001335,172.31.40.0-255,66,149914,70,332590
2697,0.001351,172.217.194.0-255,5738,155652,70,332590
2698,0.001359,172.31.40.0-255,66,155718,70,332590
2699,0.001375,172.217.194.0-255,2902,158620,70,332590
2700,0.001383,172.31.40.0-255,66,158686,70,332590
2701,0.001419,172.217.194.0-255,9992,168678,70,332590
2702,0.001422,172.31.40.0-255,66,168744,70,332590
2703,0.00143,172.217.194.0-255,8574,177318,70,332590
2704,0.001432,172.31.40.0-255,66,177384,70,332590
2705,0.001442,172.217.194.0-255,2184,179568,70,332590
2706,0.001445,172.31.40.0-255,66,179634,70,332590
2707,0.00147,172.217.194.0-255,2902,182536,70,332590
2708,0.001473,172.31.40.0-255,66,182602,70,332590
2709,0.00148,172.217.194.0-255,7156,189758,70,332590
2710,0.001482,172.31.40.0-255,66,189824,70,332590
2711,0.001513,172.217.194.0-255,2902,192726,70,332590
2712,0.001517,172.31.40.0-255,66,192792,70,332590
2713,0.001522,172.217.194.0-255,4320,197112,70,332590
2714,0.001525,172.31.40.0-255,66,197178,70,332590
2715,0.001532,172.217.194.0-255,8574,205752,70,332590
2716,0.001535,172.31.40.0-255,66,205818,70,332590
2717,0.001542,172.217.194.0-255,7156,212974,70,332590
2718,0.001544,172.31.40.0-255,66,213040,70,332590
2719,0.001598,172.217.194.0-255,766,213806,70,332590
2720,0.001606,172.217.194.0-255,1484,215290,70,332590
2721,0.001609,172.31.40.0-255,66,215356,70,332590
2722,0.00164,172.217.194.0-255,4320,219676,70,332590
2723,0.001644,172.31.40.0-255,66,219742,70,332590
2724,0.00165,172.217.194.0-255,5738,225480,70,332590
2725,0.001652,172.31.40.0-255,66,225546,70,332590
2726,0.001658,172.217.194.0-255,5738,231284,70,332590
2727,0.001661,172.31.40.0-255,66,231350,70,332590
2728,0.001692,172.217.194.0-255,1484,232834,70,332590
2729,0.001697,172.217.194.0-255,2902,235736,70,332590
2730,0.0017,172.31.40.0-255,66,235802,70,332590
2731,0.001744,172.31.40.0-255,66,235868,70,332590
2732,0.00175,172.217.194.0-255,5020,240888,70,332590
2733,0.001754,172.31.40.0-255,66,240954,70,332590
2734,0.001776,172.217.194.0-255,5738,246692,70,332590
2735,0.001779,172.31.40.0-255,66,246758,70,332590
2736,0.001787,172.217.194.0-255,8574,255332,70,332590
2737,0.00179,172.31.40.0-255,66,255398,70,332590
2738,0.001827,172.217.194.0-255,4320,259718,70,332590
2739,0.001832,172.31.40.0-255,66,259784,70,332590
2740,0.00184,172.217.194.0-255,9992,269776,70,332590
2741,0.001843,172.31.40.0-255,66,269842,70,332590
2742,0.001845,172.217.194.0-255,766,270608,70,332590
2743,0.001952,172.217.194.0-255,1484,272092,70,332590
2744,0.001956,172.31.40.0-255,66,272158,70,332590
2745,0.001961,172.217.194.0-255,2902,275060,70,332590
2746,0.001964,172.31.40.0-255,66,275126,70,332590
2747,0.002005,172.217.194.0-255,5738,280864,70,332590
2748,0.002009,172.31.40.0-255,66,280930,70,332590
2749,0.002016,172.217.194.0-255,7156,288086,70,332590
2750,0.00202,172.31.40.0-255,66,288152,70,332590
2751,0.002023,172.217.194.0-255,8574,296726,70,332590
2752,0.002026,172.31.40.0-255,66,296792,70,332590
2753,0.002063,172.217.194.0-255,7856,304648,70,332590
2754,0.002068,172.31.40.0-255,66,304714,70,332590
2755,0.002081,172.217.194.0-255,1484,306198,70,332590
2756,0.002101,172.217.194.0-255,7156,313354,70,332590
2757,0.002105,172.31.40.0-255,66,313420,70,332590
2758,0.002111,172.217.194.0-255,7156,320576,70,332590
2759,0.002115,172.31.40.0-255,66,320642,70,332590
2760,0.002148,172.31.40.0-255,66,320708,70,332590
2761,0.002172,172.217.194.0-255,1484,322192,70,332590
2762,0.002177,172.217.194.0-255,766,322958,70,332590
2763,0.00218,172.31.40.0-255,66,323024,70,332590
2764,0.004181,172.217.194.0-255,2902,325926,70,332590
2765,0.004189,172.31.40.0-255,66,325992,70,332590
2766,0.004246,172.217.194.0-255,2902,328894,70,332590
2767,0.00425,172.31.40.0-255,66,328960,70,332590
2768,0.006265,172.217.194.0-255,2902,331862,70,332590
2769,0.006281,172.31.40.0-255,66,331928,70,332590
2770,0.006317,172.217.194.0-255,425,332353,70,332590
2771,0.015344,172.31.40.0-255,66,332419,70,332590
2772,0.015373,172.31.40.0-255,105,332524,70,332590
2773,0.017401,172.217.194.0-255,66,332590,70,332590
2774,0.0,172.217.160.0-255,153,153,70,306849
2775,1.6e-05,172.31.40.0-255,66,219,70,306849
2776,2.2e-05,172.217.160.0-255,1484,1703,70,306849
2777,2.7e-05,172.31.40.0-255,66,1769,70,306849
2778,3.3e-05,172.217.160.0-255,2902,4671,70,306849
2779,3.6e-05,172.31.40.0-255,66,4737,70,306849
2780,4.4e-05,172.217.160.0-255,7156,11893,70,306849
2781,4.7e-05,172.31.40.0-255,66,11959,70,306849
2782,7.7e-05,172.217.160.0-255,2039,13998,70,306849
2783,7.9e-05,172.31.40.0-255,66,14064,70,306849
2784,0.000233,172.217.160.0-255,1484,15548,70,306849
2785,0.000237,172.31.40.0-255,66,15614,70,306849
2786,0.000244,172.217.160.0-255,2902,18516,70,306849
2787,0.000247,172.31.40.0-255,66,18582,70,306849
2788,0.000254,172.217.160.0-255,5738,24320,70,306849
2789,0.000256,172.31.40.0-255,66,24386,70,306849
2790,0.000281,172.217.160.0-255,8215,32601,70,306849
2791,0.000284,172.31.40.0-255,66,32667,70,306849
2792,0.00029,172.217.160.0-255,4320,36987,70,306849
2793,0.000292,172.31.40.0-255,66,37053,70,306849
2794,0.000306,172.217.160.0-255,4320,41373,70,306849
2795,0.000309,172.31.40.0-255,66,41439,70,306849
2796,0.000314,172.217.160.0-255,2902,44341,70,306849
2797,0.000316,172.31.40.0-255,66,44407,70,306849
2798,0.000346,172.31.40.0-255,66,44473,70,306849
2799,0.00037,172.217.160.0-255,1484,45957,70,306849
2800,0.000372,172.31.40.0-255,66,46023,70,306849
2801,0.000378,172.217.160.0-255,5020,51043,70,306849
2802,0.000381,172.31.40.0-255,66,51109,70,306849
2803,0.000383,172.217.160.0-255,340,51449,70,306849
2804,0.000385,172.31.40.0-255,66,51515,70,306849
2805,0.000782,172.217.160.0-255,117,51632,70,306849
2806,0.000955,172.217.160.0-255,1484,53116,70,306849
2807,0.000961,172.31.40.0-255,66,53182,70,306849
2808,0.000967,172.217.160.0-255,2902,56084,70,306849
2809,0.000969,172.31.40.0-255,66,56150,70,306849
2810,0.000976,172.217.160.0-255,5738,61888,70,306849
2811,0.000978,172.31.40.0-255,66,61954,70,306849
2812,0.000983,172.217.160.0-255,2902,64856,70,306849
2813,0.000985,172.31.40.0-255,66,64922,70,306849
2814,0.001042,172.217.160.0-255,9992,74914,70,306849
2815,0.001045,172.31.40.0-255,66,74980,70,306849
2816,0.001055,172.217.160.0-255,10692,85672,70,306849
2817,0.001058,172.31.40.0-255,66,85738,70,306849
2818,0.001477,172.217.160.0-255,1484,87222,70,306849
2819,0.001482,172.217.160.0-255,2902,90124,70,306849
2820,0.001495,172.31.40.0-255,66,90190,70,306849
2821,0.001513,172.217.160.0-255,2902,93092,70,306849
2822,0.001516,172.31.40.0-255,66,93158,70,306849
2823,0.001522,172.217.160.0-255,4320,97478,70,306849
2824,0.001524,172.31.40.0-255,66,97544,70,306849
2825,0.001552,172.217.160.0-255,8574,106118,70,306849
2826,0.001555,172.31.40.0-255,66,106184,70,306849
2827,0.001566,172.217.160.0-255,9992,116176,70,306849
2828,0.001568,172.31.40.0-255,66,116242,70,306849
2829,0.001593,172.217.160.0-255,3602,119844,70,306849
2830,0.001595,172.31.40.0-255,66,119910,70,306849
2831,0.001632,172.217.160.0-255,2902,122812,70,306849
2832,0.001635,172.31.40.0-255,66,122878,70,306849
2833,0.001656,172.217.160.0-255,1484,124362,70,306849
2834,0.001661,172.217.160.0-255,4320,128682,70,306849
2835,0.001663,172.31.40.0-255,66,128748,70,306849
2836,0.00167,172.217.160.0-255,5738,134486,70,306849
2837,0.001672,172.31.40.0-255,66,134552,70,306849
2838,0.001681,172.217.160.0-255,8574,143126,70,306849
2839,0.001684,172.31.40.0-255,66,143192,70,306849
2840,0.003349,172.217.160.0-255,5738,148930,70,306849
2841,0.003357,172.31.40.0-255,66,148996,70,306849
2842,0.005025,172.217.160.0-255,5738,154734,70,306849
2843,0.005033,172.31.40.0-255,66,154800,70,306849
2844,0.006689,172.217.160.0-255,5738,160538,70,306849
2845,0.006695,172.31.40.0-255,66,160604,70,306849
2846,0.008348,172.217.160.0-255,1484,162088,70,306849
2847,0.008371,172.217.160.0-255,4320,166408,70,306849
2848,0.008374,172.31.40.0-255,66,166474,70,306849
2849,0.01004,172.217.160.0-255,5738,172212,70,306849
2850,0.010048,172.31.40.0-255,66,172278,70,306849
2851,0.011719,172.217.160.0-255,5738,178016,70,306849
2852,0.011728,172.31.40.0-255,66,178082,70,306849
2853,0.013395,172.217.160.0-255,5738,183820,70,306849
2854,0.013402,172.31.40.0-255,66,183886,70,306849
2855,0.015071,172.217.160.0-255,5738,189624,70,306849
2856,0.01508,172.31.40.0-255,66,189690,70,306849
2857,0.016756,172.217.160.0-255,5738,195428,70,306849
2858,0.016764,172.31.40.0-255,66,195494,70,306849
2859,0.018441,172.217.160.0-255,5738,201232,70,306849
2860,0.018453,172.31.40.0-255,66,201298,70,306849
2861,0.020122,172.217.160.0-255,5738,207036,70,306849
2862,0.020129,172.31.40.0-255,66,207102,70,306849
2863,0.021791,172.217.160.0-255,5738,212840,70,306849
2864,0.021799,172.31.40.0-255,66,212906,70,306849
2865,0.023458,172.217.160.0-255,5738,218644,70,306849
2866,0.023464,172.31.40.0-255,66,218710,70,306849
2867,0.024578,172.31.40.0-255,167,218877,70,306849
2868,0.024607,172.31.40.0-255,613,219490,70,306849
2869,0.025128,172.217.160.0-255,5738,225228,70,306849
2870,0.025136,172.31.40.0-255,66,225294,70,306849
2871,0.026071,104.244.42.0-255,66,225360,70,306849
2872,0.026091,104.244.42.0-255,66,225426,70,306849
2873,0.026809,172.217.160.0-255,5738,231164,70,306849
2874,0.026815,172.31.40.0-255,66,231230,70,306849
2875,0.028515,172.217.160.0-255,5738,236968,70,306849
2876,0.028523,172.31.40.0-255,66,237034,70,306849
2877,0.030198,172.217.160.0-255,5738,242772,70,306849
2878,0.030204,172.31.40.0-255,66,242838,70,306849
2879,0.031879,172.217.160.0-255,5738,248576,70,306849
2880,0.031893,172.31.40.0-255,66,248642,70,306849
2881,0.033604,172.217.160.0-255,5738,254380,70,306849
2882,0.033617,172.31.40.0-255,66,254446,70,306849
2883,0.035294,172.217.160.0-255,5738,260184,70,306849
2884,0.035307,172.31.40.0-255,66,260250,70,306849
2885,0.036984,172.217.160.0-255,5738,265988,70,306849
2886,0.036997,172.31.40.0-255,66,266054,70,306849
2887,0.038681,172.217.160.0-255,5738,271792,70,306849
2888,0.038694,172.31.40.0-255,66,271858,70,306849
2889,0.040362,172.217.160.0-255,5738,277596,70,306849
2890,0.04037,172.31.40.0-255,66,277662,70,306849
2891,0.042047,172.217.160.0-255,5738,283400,70,306849
2892,0.042059,172.31.40.0-255,66,283466,70,306849
2893,0.043732,172.217.160.0-255,5738,289204,70,306849
2894,0.043743,172.31.40.0-255,66,289270,70,306849
2895,0.045413,172.217.160.0-255,5738,295008,70,306849
2896,0.045432,172.31.40.0-255,66,295074,70,306849
2897,0.04558,172.31.40.0-255,101,295175,70,306849
2898,0.047113,172.217.160.0-255,5738,300913,70,306849
2899,0.047126,172.31.40.0-255,66,300979,70,306849
2900,0.047195,172.217.160.0-255,66,301045,70,306849
2901,0.048788,172.217.160.0-255,5738,306783,70,306849
2902,0.048799,172.31.40.0-255,66,306849,70,306849
2903,0.0,74.125.24.0-255,152,152,70,147576
2904,2.2e-05,172.31.40.0-255,66,218,70,147576
2905,2.9e-05,74.125.24.0-255,1484,1702,70,147576
2906,3.3e-05,172.31.40.0-255,66,1768,70,147576
2907,3.9e-05,74.125.24.0-255,2902,4670,70,147576
2908,4.8e-05,172.31.40.0-255,66,4736,70,147576
2909,5.6e-05,74.125.24.0-255,7156,11892,70,147576
2910,5.9e-05,172.31.40.0-255,66,11958,70,147576
2911,6.3e-05,74.125.24.0-255,2031,13989,70,147576
2912,6.7e-05,172.31.40.0-255,66,14055,70,147576
2913,8.1e-05,172.31.40.0-255,66,14121,70,147576
2914,0.000118,172.31.40.0-255,66,14187,70,147576
2915,0.000146,74.125.24.0-255,10692,24879,70,147576
2916,0.000149,172.31.40.0-255,66,24945,70,147576
2917,0.000162,172.31.40.0-255,66,25011,70,147576
2918,0.000188,74.125.24.0-255,4320,29331,70,147576
2919,0.00019,172.31.40.0-255,66,29397,70,147576
2920,0.000217,74.125.24.0-255,1462,30859,70,147576
2921,0.00022,172.31.40.0-255,66,30925,70,147576
2922,0.000226,74.125.24.0-255,5738,36663,70,147576
2923,0.000229,172.31.40.0-255,66,36729,70,147576
2924,0.000236,74.125.24.0-255,1484,38213,70,147576
2925,0.000238,172.31.40.0-255,66,38279,70,147576
2926,0.000264,74.125.24.0-255,5738,44017,70,147576
2927,0.000267,172.31.40.0-255,66,44083,70,147576
2928,0.000306,172.31.40.0-255,66,44149,70,147576
2929,0.000313,74.125.24.0-255,6438,50587,70,147576
2930,0.000315,172.31.40.0-255,66,50653,70,147576
2931,0.000797,74.125.24.0-255,1484,52137,70,147576
2932,0.000804,74.125.24.0-255,1484,53621,70,147576
2933,0.000808,172.31.40.0-255,66,53687,70,147576
2934,0.00084,74.125.24.0-255,1484,55171,70,147576
2935,0.000847,74.125.24.0-255,5738,60909,70,147576
2936,0.00085,172.31.40.0-255,66,60975,70,147576
2937,0.000856,74.125.24.0-255,5738,66713,70,147576
2938,0.000859,172.31.40.0-255,66,66779,70,147576
2939,0.000869,74.125.24.0-255,2902,69681,70,147576
2940,0.000871,172.31.40.0-255,66,69747,70,147576
2941,0.000916,74.125.24.0-255,9992,79739,70,147576
2942,0.000919,172.31.40.0-255,66,79805,70,147576
2943,0.000925,74.125.24.0-255,5020,84825,70,147576
2944,0.000928,172.31.40.0-255,66,84891,70,147576
2945,0.000956,74.125.24.0-255,1484,86375,70,147576
2946,0.000961,74.125.24.0-255,2902,89277,70,147576
2947,0.000964,172.31.40.0-255,66,89343,70,147576
2948,0.000971,74.125.24.0-255,5738,95081,70,147576
2949,0.000973,172.31.40.0-255,66,95147,70,147576
2950,0.000985,74.125.24.0-255,7156,102303,70,147576
2951,0.000988,172.31.40.0-255,66,102369,70,147576
2952,0.001015,74.125.24.0-255,4320,106689,70,147576
2953,0.001017,172.31.40.0-255,66,106755,70,147576
2954,0.001043,172.31.40.0-255,66,106821,70,147576
2955,0.001056,172.31.40.0-255,66,106887,70,147576
2956,0.001108,172.31.40.0-255,66,106953,70,147576
2957,0.001152,172.31.40.0-255,66,107019,70,147576
2958,0.001168,172.31.40.0-255,66,107085,70,147576
2959,0.001211,74.125.24.0-255,9274,116359,70,147576
2960,0.001215,172.31.40.0-255,66,116425,70,147576
2961,0.001249,172.31.40.0-255,66,116491,70,147576
2962,0.001257,74.125.24.0-255,7856,124347,70,147576
2963,0.00126,172.31.40.0-255,66,124413,70,147576
2964,0.001299,74.125.24.0-255,7156,131569,70,147576
2965,0.001303,172.31.40.0-255,66,131635,70,147576
2966,0.001369,172.31.40.0-255,66,131701,70,147576
2967,0.001404,74.125.24.0-255,5020,136721,70,147576
2968,0.001446,74.125.24.0-255,5020,141741,70,147576
2969,0.001452,172.31.40.0-255,66,141807,70,147576
2970,0.001531,74.125.24.0-255,105,141912,70,147576
2971,0.001539,172.31.40.0-255,66,141978,70,147576
2972,0.010601,172.31.40.0-255,105,142083,70,147576
2973,0.012829,74.125.24.0-255,66,142149,70,147576
2974,0.029635,172.31.40.0-255,172,142321,70,147576
2975,0.029671,172.31.40.0-255,1118,143439,70,147576
2976,0.029736,172.31.40.0-255,1514,144953,70,147576
2977,0.029759,172.31.40.0-255,1514,146467,70,147576
2978,0.029761,172.31.40.0-255,845,147312,70,147576
2979,0.03117,104.244.42.0-255,66,147378,70,147576
2980,0.031198,104.244.42.0-255,66,147444,70,147576
2981,0.0313,104.244.42.0-255,66,147510,70,147576
2982,0.031304,104.244.42.0-255,66,147576,70,147576
2983,0.0,172.217.194.0-255,152,152,70,298933
2984,1.9e-05,172.31.40.0-255,66,218,70,298933
2985,2.7e-05,172.217.194.0-255,1484,1702,70,298933
2986,3.2e-05,172.31.40.0-255,66,1768,70,298933
2987,3.8e-05,172.217.194.0-255,2902,4670,70,298933
2988,4.1e-05,172.31.40.0-255,66,4736,70,298933
2989,4.7e-05,172.217.194.0-255,4320,9056,70,298933
2990,5e-05,172.31.40.0-255,66,9122,70,298933
2991,7.2e-05,172.217.194.0-255,2902,12024,70,298933
2992,7.4e-05,172.31.40.0-255,66,12090,70,298933
2993,8.4e-05,172.217.194.0-255,9992,22082,70,298933
2994,8.7e-05,172.31.40.0-255,66,22148,70,298933
2995,0.000107,172.217.194.0-255,3467,25615,70,298933
2996,0.00011,172.31.40.0-255,66,25681,70,298933
2997,0.00013,172.217.194.0-255,8215,33896,70,298933
2998,0.000133,172.31.40.0-255,66,33962,70,298933
2999,0.000141,172.217.194.0-255,7156,41118,70,298933
3000,0.000143,172.31.40.0-255,66,41184,70,298933
3001,0.000162,172.217.194.0-255,1484,42668,70,298933
3002,0.000164,172.31.40.0-255,66,42734,70,298933
3003,0.000168,172.217.194.0-255,1484,44218,70,298933
3004,0.000169,172.31.40.0-255,66,44284,70,298933
3005,0.000185,172.217.194.0-255,3961,48245,70,298933
3006,0.000187,172.31.40.0-255,66,48311,70,298933
3007,0.000375,172.217.194.0-255,1484,49795,70,298933
3008,0.000381,172.31.40.0-255,66,49861,70,298933
3009,0.000387,172.217.194.0-255,2902,52763,70,298933
3010,0.000389,172.31.40.0-255,66,52829,70,298933
3011,0.000396,172.217.194.0-255,5738,58567,70,298933
3012,0.000398,172.31.40.0-255,66,58633,70,298933
3013,0.000437,172.217.194.0-255,6797,65430,70,298933
3014,0.00044,172.31.40.0-255,66,65496,70,298933
3015,0.000442,172.217.194.0-255,648,66144,70,298933
3016,0.00057,172.217.194.0-255,1484,67628,70,298933
3017,0.000576,172.217.194.0-255,2902,70530,70,298933
3018,0.000588,172.217.194.0-255,2902,73432,70,298933
3019,0.000601,172.217.194.0-255,2902,76334,70,298933
3020,0.000606,172.217.194.0-255,2902,79236,70,298933
3021,0.000622,172.217.194.0-255,7156,86392,70,298933
3022,0.000631,172.31.40.0-255,66,86458,70,298933
3023,0.000637,172.217.194.0-255,2902,89360,70,298933
3024,0.000646,172.217.194.0-255,9992,99352,70,298933
3025,0.000651,172.31.40.0-255,66,99418,70,298933
3026,0.00066,172.217.194.0-255,766,100184,70,298933
3027,0.000979,172.217.194.0-255,1484,101668,70,298933
3028,0.000983,172.31.40.0-255,66,101734,70,298933
3029,0.000989,172.217.194.0-255,2902,104636,70,298933
3030,0.001005,172.217.194.0-255,5738,110374,70,298933
3031,0.001008,172.217.194.0-255,1484,111858,70,298933
3032,0.001024,172.31.40.0-255,66,111924,70,298933
3033,0.001046,172.31.40.0-255,66,111990,70,298933
3034,0.001063,172.217.194.0-255,5738,117728,70,298933
3035,0.001078,172.217.194.0-255,3602,121330,70,298933
3036,0.001086,172.31.40.0-255,66,121396,70,298933
3037,0.001167,172.217.194.0-255,1484,122880,70,298933
3038,0.001173,172.217.194.0-255,2902,125782,70,298933
3039,0.001189,172.217.194.0-255,4320,130102,70,298933
3040,0.001192,172.31.40.0-255,66,130168,70,298933
3041,0.001198,172.31.40.0-255,66,130234,70,298933
3042,0.00121,172.217.194.0-255,1484,131718,70,298933
3043,0.001218,172.217.194.0-255,8574,140292,70,298933
3044,0.001246,172.217.194.0-255,9992,150284,70,298933
3045,0.001248,172.217.194.0-255,1484,151768,70,298933
3046,0.001252,172.31.40.0-255,66,151834,70,298933
3047,0.001258,172.31.40.0-255,66,151900,70,298933
3048,0.001275,172.217.194.0-255,3602,155502,70,298933
3049,0.001281,172.217.194.0-255,5738,161240,70,298933
3050,0.0013,172.217.194.0-255,9992,171232,70,298933
3051,0.001305,172.31.40.0-255,66,171298,70,298933
3052,0.001314,172.217.194.0-255,2902,174200,70,298933
3053,0.001319,172.31.40.0-255,66,174266,70,298933
3054,0.001334,172.217.194.0-255,8574,182840,70,298933
3055,0.001358,172.31.40.0-255,66,182906,70,298933
3056,0.001363,172.217.194.0-255,4320,187226,70,298933
3057,0.001368,172.31.40.0-255,66,187292,70,298933
3058,0.001379,172.217.194.0-255,2184,189476,70,298933
3059,0.001403,172.31.40.0-255,66,189542,70,298933
3060,0.001627,172.217.194.0-255,1484,191026,70,298933
3061,0.001633,172.217.194.0-255,2902,193928,70,298933
3062,0.001636,172.31.40.0-255,66,193994,70,298933
3063,0.001659,172.217.194.0-255,4320,198314,70,298933
3064,0.001671,172.31.40.0-255,66,198380,70,298933
3065,0.001674,172.217.194.0-255,1484,199864,70,298933
3066,0.00168,172.217.194.0-255,7156,207020,70,298933
3067,0.001685,172.31.40.0-255,66,207086,70,298933
3068,0.001699,172.217.194.0-255,1484,208570,70,298933
3069,0.001725,172.31.40.0-255,66,208636,70,298933
3070,0.001742,172.217.194.0-255,1484,210120,70,298933
3071,0.001746,172.217.194.0-255,2184,212304,70,298933
3072,0.001752,172.31.40.0-255,66,212370,70,298933
3073,0.0019,172.217.194.0-255,1484,213854,70,298933
3074,0.001906,172.217.194.0-255,2902,216756,70,298933
3075,0.001943,172.31.40.0-255,66,216822,70,298933
3076,0.001961,172.217.194.0-255,5738,222560,70,298933
3077,0.001963,172.31.40.0-255,66,222626,70,298933
3078,0.001968,172.217.194.0-255,4320,226946,70,298933
3079,0.001983,172.31.40.0-255,66,227012,70,298933
3080,0.002002,172.217.194.0-255,8574,235586,70,298933
3081,0.002011,172.217.194.0-255,9992,245578,70,298933
3082,0.002021,172.217.194.0-255,1484,247062,70,298933
3083,0.002024,172.31.40.0-255,66,247128,70,298933
3084,0.002074,172.217.194.0-255,7156,254284,70,298933
3085,0.002085,172.31.40.0-255,66,254350,70,298933
3086,0.00209,172.217.194.0-255,2184,256534,70,298933
3087,0.002095,172.31.40.0-255,66,256600,70,298933
3088,0.002104,172.217.194.0-255,2902,259502,70,298933
3089,0.00212,172.31.40.0-255,66,259568,70,298933
3090,0.002163,172.31.40.0-255,66,259634,70,298933
3091,0.00218,172.217.194.0-255,7856,267490,70,298933
3092,0.002189,172.217.194.0-255,8574,276064,70,298933
3093,0.002206,172.31.40.0-255,66,276130,70,298933
3094,0.002236,172.217.194.0-255,1484,277614,70,298933
3095,0.002242,172.31.40.0-255,66,277680,70,298933
3096,0.002257,172.217.194.0-255,9992,287672,70,298933
3097,0.002274,172.31.40.0-255,66,287738,70,298933
3098,0.002304,172.217.194.0-255,10068,297806,70,298933
3099,0.002308,172.217.194.0-255,105,297911,70,298933
3100,0.002317,172.31.40.0-255,66,297977,70,298933
3101,0.004412,172.31.40.0-255,105,298082,70,298933
3102,0.006718,172.217.194.0-255,66,298148,70,298933
3103,0.049423,172.31.40.0-255,172,298320,70,298933
3104,0.049456,172.31.40.0-255,613,298933,70,298933
3105,0.0,172.217.194.0-255,218,218,70,312717
3106,1.5e-05,172.31.40.0-255,66,284,70,312717
3107,2.2e-05,172.217.194.0-255,1484,1768,70,312717
3108,2.7e-05,172.31.40.0-255,66,1834,70,312717
3109,4e-05,172.217.194.0-255,4320,6154,70,312717
3110,4.4e-05,172.31.40.0-255,66,6220,70,312717
3111,5e-05,172.217.194.0-255,5738,11958,70,312717
3112,5.5e-05,172.31.40.0-255,66,12024,70,312717
3113,5.8e-05,172.217.194.0-255,1484,13508,70,312717
3114,6e-05,172.31.40.0-255,66,13574,70,312717
3115,0.000107,172.217.194.0-255,10349,23923,70,312717
3116,0.00011,172.31.40.0-255,66,23989,70,312717
3117,0.000117,172.217.194.0-255,6797,30786,70,312717
3118,0.000119,172.31.40.0-255,66,30852,70,312717
3119,0.000142,172.217.194.0-255,1484,32336,70,312717
3120,0.000144,172.31.40.0-255,66,32402,70,312717
3121,0.000163,172.217.194.0-255,2902,35304,70,312717
3122,0.000166,172.31.40.0-255,66,35370,70,312717
3123,0.000177,172.217.194.0-255,5738,41108,70,312717
3124,0.00018,172.31.40.0-255,66,41174,70,312717
3125,0.000183,172.217.194.0-255,1484,42658,70,312717
3126,0.000185,172.31.40.0-255,66,42724,70,312717
3127,0.000212,172.217.194.0-255,5379,48103,70,312717
3128,0.000218,172.31.40.0-255,66,48169,70,312717
3129,0.000236,172.217.194.0-255,1484,49653,70,312717
3130,0.000242,172.31.40.0-255,66,49719,70,312717
3131,0.000246,172.217.194.0-255,2902,52621,70,312717
3132,0.000249,172.31.40.0-255,66,52687,70,312717
3133,0.000254,172.217.194.0-255,4320,57007,70,312717
3134,0.000257,172.31.40.0-255,66,57073,70,312717
3135,0.000282,172.217.194.0-255,1484,58557,70,312717
3136,0.000288,172.31.40.0-255,66,58623,70,312717
3137,0.000296,172.217.194.0-255,7093,65716,70,312717
3138,0.000298,172.31.40.0-255,66,65782,70,312717
3139,0.000327,172.217.194.0-255,381,66163,70,312717
3140,0.000447,172.217.194.0-255,1484,67647,70,312717
3141,0.000452,172.31.40.0-255,66,67713,70,312717
3142,0.000457,172.217.194.0-255,2902,70615,70,312717
3143,0.00046,172.31.40.0-255,66,70681,70,312717
3144,0.000463,172.217.194.0-255,1484,72165,70,312717
3145,0.000488,172.217.194.0-255,4320,76485,70,312717
3146,0.00049,172.31.40.0-255,66,76551,70,312717
3147,0.000518,172.217.194.0-255,6797,83348,70,312717
3148,0.000521,172.31.40.0-255,66,83414,70,312717
3149,0.000547,172.217.194.0-255,1484,84898,70,312717
3150,0.000551,172.217.194.0-255,2902,87800,70,312717
3151,0.000554,172.31.40.0-255,66,87866,70,312717
3152,0.00056,172.217.194.0-255,5738,93604,70,312717
3153,0.000562,172.31.40.0-255,66,93670,70,312717
3154,0.000604,172.217.194.0-255,6248,99918,70,312717
3155,0.000607,172.31.40.0-255,66,99984,70,312717
3156,0.000783,172.217.194.0-255,1484,101468,70,312717
3157,0.00079,172.217.194.0-255,2902,104370,70,312717
3158,0.000793,172.31.40.0-255,66,104436,70,312717
3159,0.000799,172.217.194.0-255,4320,108756,70,312717
3160,0.000801,172.31.40.0-255,66,108822,70,312717
3161,0.000826,172.217.194.0-255,1484,110306,70,312717
3162,0.000845,172.31.40.0-255,66,110372,70,312717
3163,0.00085,172.217.194.0-255,4320,114692,70,312717
3164,0.000853,172.31.40.0-255,66,114758,70,312717
3165,0.000883,172.217.194.0-255,6438,121196,70,312717
3166,0.000889,172.31.40.0-255,66,121262,70,312717
3167,0.001373,172.217.194.0-255,1484,122746,70,312717
3168,0.001379,172.217.194.0-255,2902,125648,70,312717
3169,0.001382,172.31.40.0-255,66,125714,70,312717
3170,0.001445,172.217.194.0-255,5738,131452,70,312717
3171,0.001448,172.31.40.0-255,66,131518,70,312717
3172,0.001454,172.217.194.0-255,5738,137256,70,312717
3173,0.001456,172.31.40.0-255,66,137322,70,312717
3174,0.001474,172.31.40.0-255,66,137388,70,312717
3175,0.00148,172.217.194.0-255,5020,142408,70,312717
3176,0.001482,172.31.40.0-255,66,142474,70,312717
3177,0.001532,172.217.194.0-255,1484,143958,70,312717
3178,0.001547,172.217.194.0-255,2902,146860,70,312717
3179,0.00155,172.217.194.0-255,1484,148344,70,312717
3180,0.001554,172.31.40.0-255,66,148410,70,312717
3181,0.001583,172.217.194.0-255,4320,152730,70,312717
3182,0.001585,172.31.40.0-255,66,152796,70,312717
3183,0.001604,172.31.40.0-255,66,152862,70,312717
3184,0.00161,172.217.194.0-255,4320,157182,70,312717
3185,0.001612,172.31.40.0-255,66,157248,70,312717
3186,0.001647,172.217.194.0-255,6438,163686,70,312717
3187,0.001649,172.31.40.0-255,66,163752,70,312717
3188,0.001676,172.217.194.0-255,1484,165236,70,312717
3189,0.001695,172.217.194.0-255,2902,168138,70,312717
3190,0.001697,172.31.40.0-255,66,168204,70,312717
3191,0.001704,172.217.194.0-255,5738,173942,70,312717
3192,0.001706,172.31.40.0-255,66,174008,70,312717
3193,0.001709,172.217.194.0-255,1484,175492,70,312717
3194,0.001742,172.217.194.0-255,5738,181230,70,312717
3195,0.001745,172.31.40.0-255,66,181296,70,312717
3196,0.001764,172.31.40.0-255,66,181362,70,312717
3197,0.001768,172.217.194.0-255,2184,183546,70,312717
3198,0.00177,172.31.40.0-255,66,183612,70,312717
3199,0.001774,172.217.194.0-255,2902,186514,70,312717
3200,0.001777,172.31.40.0-255,66,186580,70,312717
3201,0.001811,172.217.194.0-255,7156,193736,70,312717
3202,0.001815,172.31.40.0-255,66,193802,70,312717
3203,0.00184,172.31.40.0-255,66,193868,70,312717
3204,0.001843,172.217.194.0-255,1484,195352,70,312717
3205,0.001881,172.217.194.0-255,10692,206044,70,312717
3206,0.001907,172.31.40.0-255,66,206110,70,312717
3207,0.001916,172.217.194.0-255,4320,210430,70,312717
3208,0.001921,172.31.40.0-255,66,210496,70,312717
3209,0.001965,172.217.194.0-255,1484,211980,70,312717
3210,0.001969,172.217.194.0-255,2902,214882,70,312717
3211,0.001989,172.217.194.0-255,5738,220620,70,312717
3212,0.001994,172.31.40.0-255,66,220686,70,312717
3213,0.002045,172.217.194.0-255,7156,227842,70,312717
3214,0.002051,172.31.40.0-255,66,227908,70,312717
3215,0.002069,172.217.194.0-255,5738,233646,70,312717
3216,0.002078,172.217.194.0-255,9992,243638,70,312717
3217,0.00208,172.217.194.0-255,766,244404,70,312717
3218,0.002095,172.31.40.0-255,66,244470,70,312717
3219,0.004115,172.217.194.0-255,5738,250208,70,312717
3220,0.004121,172.31.40.0-255,66,250274,70,312717
3221,0.006132,172.217.194.0-255,5738,256012,70,312717
3222,0.00614,172.31.40.0-255,66,256078,70,312717
3223,0.008187,172.217.194.0-255,5738,261816,70,312717
3224,0.008192,172.31.40.0-255,66,261882,70,312717
3225,0.010203,172.217.194.0-255,5738,267620,70,312717
3226,0.010211,172.31.40.0-255,66,267686,70,312717
3227,0.012228,172.217.194.0-255,5738,273424,70,312717
3228,0.012234,172.31.40.0-255,66,273490,70,312717
3229,0.014248,172.217.194.0-255,5738,279228,70,312717
3230,0.014255,172.31.40.0-255,66,279294,70,312717
3231,0.016281,172.217.194.0-255,5738,285032,70,312717
3232,0.016288,172.31.40.0-255,66,285098,70,312717
3233,0.018323,172.217.194.0-255,5738,290836,70,312717
3234,0.018332,172.31.40.0-255,66,290902,70,312717
3235,0.020344,172.217.194.0-255,5738,296640,70,312717
3236,0.020352,172.31.40.0-255,66,296706,70,312717
3237,0.022375,172.217.194.0-255,5738,302444,70,312717
3238,0.022381,172.31.40.0-255,66,302510,70,312717
3239,0.024405,172.217.194.0-255,4543,307053,70,312717
3240,0.024414,172.31.40.0-255,66,307119,70,312717
3241,0.024628,172.31.40.0-255,105,307224,70,312717
3242,0.026596,172.217.194.0-255,66,307290,70,312717
3243,0.031798,172.31.40.0-255,172,307462,70,312717
3244,0.031827,172.31.40.0-255,1117,308579,70,312717
3245,0.031888,172.31.40.0-255,1514,310093,70,312717
3246,0.03189,172.31.40.0-255,1514,311607,70,312717
3247,0.031891,172.31.40.0-255,846,312453,70,312717
3248,0.033313,104.244.42.0-255,66,312519,70,312717
3249,0.033449,104.244.42.0-255,66,312585,70,312717
3250,0.033476,104.244.42.0-255,66,312651,70,312717
3251,0.033496,104.244.42.0-255,66,312717,70,312717
3252,0.0,74.125.24.0-255,146,146,70,198328
3253,2.2e-05,172.31.40.0-255,66,212,70,198328
3254,3e-05,74.125.24.0-255,1484,1696,70,198328
3255,3.5e-05,172.31.40.0-255,66,1762,70,198328
3256,4.8e-05,74.125.24.0-255,2902,4664,70,198328
3257,5.3e-05,172.31.40.0-255,66,4730,70,198328
3258,5.9e-05,74.125.24.0-255,5738,10468,70,198328
3259,6.2e-05,172.31.40.0-255,66,10534,70,198328
3260,0.000101,74.125.24.0-255,3538,14072,70,198328
3261,0.000103,172.31.40.0-255,66,14138,70,198328
3262,0.000244,74.125.24.0-255,1484,15622,70,198328
3263,0.000248,172.31.40.0-255,66,15688,70,198328
3264,0.000253,74.125.24.0-255,2902,18590,70,198328
3265,0.000255,172.31.40.0-255,66,18656,70,198328
3266,0.000258,74.125.24.0-255,1484,20140,70,198328
3267,0.000261,172.31.40.0-255,66,20206,70,198328
3268,0.000299,74.125.24.0-255,4320,24526,70,198328
3269,0.000302,172.31.40.0-255,66,24592,70,198328
3270,0.000309,74.125.24.0-255,5738,30330,70,198328
3271,0.000311,172.31.40.0-255,66,30396,70,198328
3272,0.000336,74.125.24.0-255,1125,31521,70,198328
3273,0.000339,172.31.40.0-255,66,31587,70,198328
3274,0.000479,74.125.24.0-255,1484,33071,70,198328
3275,0.000482,172.31.40.0-255,66,33137,70,198328
3276,0.000486,74.125.24.0-255,1484,34621,70,198328
3277,0.000488,172.31.40.0-255,66,34687,70,198328
3278,0.000513,74.125.24.0-255,1484,36171,70,198328
3279,0.000522,172.31.40.0-255,66,36237,70,198328
3280,0.00053,74.125.24.0-255,5738,41975,70,198328
3281,0.000532,172.31.40.0-255,66,42041,70,198328
3282,0.000541,74.125.24.0-255,6797,48838,70,198328
3283,0.000543,172.31.40.0-255,66,48904,70,198328
3284,0.000573,74.125.24.0-255,7156,56060,70,198328
3285,0.000576,172.31.40.0-255,66,56126,70,198328
3286,0.00061,74.125.24.0-255,5738,61864,70,198328
3287,0.000612,172.31.40.0-255,66,61930,70,198328
3288,0.000638,74.125.24.0-255,3961,65891,70,198328
3289,0.000646,172.31.40.0-255,66,65957,70,198328
3290,0.000648,74.125.24.0-255,396,66353,70,198328
3291,0.000669,74.125.24.0-255,347,66700,70,198328
3292,0.001312,74.125.24.0-255,1484,68184,70,198328
3293,0.001317,74.125.24.0-255,1484,69668,70,198328
3294,0.001322,172.31.40.0-255,66,69734,70,198328
3295,0.001332,74.125.24.0-255,1484,71218,70,198328
3296,0.001334,172.31.40.0-255,66,71284,70,198328
3297,0.001346,74.125.24.0-255,5738,77022,70,198328
3298,0.001349,172.31.40.0-255,66,77088,70,198328
3299,0.001362,172.31.40.0-255,66,77154,70,198328
3300,0.001395,74.125.24.0-255,1484,78638,70,198328
3301,0.001404,74.125.24.0-255,7156,85794,70,198328
3302,0.001407,172.31.40.0-255,66,85860,70,198328
3303,0.001432,74.125.24.0-255,3602,89462,70,198328
3304,0.001435,172.31.40.0-255,66,89528,70,198328
3305,0.003987,74.125.24.0-255,5738,95266,70,198328
3306,0.003995,172.31.40.0-255,66,95332,70,198328
3307,0.00656,74.125.24.0-255,5738,101070,70,198328
3308,0.006566,172.31.40.0-255,66,101136,70,198328
3309,0.009201,74.125.24.0-255,5738,106874,70,198328
3310,0.009208,172.31.40.0-255,66,106940,70,198328
3311,0.011786,74.125.24.0-255,5738,112678,70,198328
3312,0.011794,172.31.40.0-255,66,112744,70,198328
3313,0.014364,74.125.24.0-255,5738,118482,70,198328
3314,0.014371,172.31.40.0-255,66,118548,70,198328
3315,0.016981,74.125.24.0-255,5738,124286,70,198328
3316,0.016989,172.31.40.0-255,66,124352,70,198328
3317,0.019552,74.125.24.0-255,5738,130090,70,198328
3318,0.01956,172.31.40.0-255,66,130156,70,198328
3319,0.022183,74.125.24.0-255,5738,135894,70,198328
3320,0.022191,172.31.40.0-255,66,135960,70,198328
3321,0.023657,172.31.40.0-255,172,136132,70,198328
3322,0.023686,172.31.40.0-255,1113,137245,70,198328
3323,0.023742,172.31.40.0-255,1514,138759,70,198328
3324,0.023744,172.31.40.0-255,1331,140090,70,198328
3325,0.024805,74.125.24.0-255,5738,145828,70,198328
3326,0.024812,172.31.40.0-255,66,145894,70,198328
3327,0.025198,104.244.42.0-255,66,145960,70,198328
3328,0.025252,104.244.42.0-255,66,146026,70,198328
3329,0.025301,104.244.42.0-255,66,146092,70,198328
3330,0.02739,74.125.24.0-255,5738,151830,70,198328
3331,0.027396,172.31.40.0-255,66,151896,70,198328
3332,0.029972,74.125.24.0-255,5738,157634,70,198328
3333,0.029979,172.31.40.0-255,66,157700,70,198328
3334,0.032566,74.125.24.0-255,5738,163438,70,198328
3335,0.032573,172.31.40.0-255,66,163504,70,198328
3336,0.035164,74.125.24.0-255,5738,169242,70,198328
3337,0.035171,172.31.40.0-255,66,169308,70,198328
3338,0.037765,74.125.24.0-255,5738,175046,70,198328
3339,0.037772,172.31.40.0-255,66,175112,70,198328
3340,0.040351,74.125.24.0-255,5738,180850,70,198328
3341,0.040358,172.31.40.0-255,66,180916,70,198328
3342,0.042968,74.125.24.0-255,5738,186654,70,198328
3343,0.042977,172.31.40.0-255,66,186720,70,198328
3344,0.045557,74.125.24.0-255,5738,192458,70,198328
3345,0.045564,172.31.40.0-255,66,192524,70,198328
3346,0.048158,74.125.24.0-255,5738,198262,70,198328
3347,0.048165,172.31.40.0-255,66,198328,70,198328
3348,0.0,74.125.200.0-255,150,150,70,182033
3349,2.4e-05,172.31.40.0-255,66,216,70,182033
3350,3.1e-05,74.125.200.0-255,1484,1700,70,182033
3351,3.6e-05,172.31.40.0-255,66,1766,70,182033
3352,4.2e-05,74.125.200.0-255,2902,4668,70,182033
3353,4.5e-05,172.31.40.0-255,66,4734,70,182033
3354,5.1e-05,74.125.200.0-255,4320,9054,70,182033
3355,5.4e-05,172.31.40.0-255,66,9120,70,182033
3356,0.000103,74.125.200.0-255,4910,14030,70,182033
3357,0.000106,172.31.40.0-255,66,14096,70,182033
3358,0.000348,74.125.200.0-255,1484,15580,70,182033
3359,0.000365,172.31.40.0-255,66,15646,70,182033
3360,0.000372,74.125.200.0-255,2902,18548,70,182033
3361,0.000376,172.31.40.0-255,66,18614,70,182033
3362,0.000383,74.125.200.0-255,4320,22934,70,182033
3363,0.000386,172.31.40.0-255,66,23000,70,182033
3364,0.00042,74.125.200.0-255,2902,25902,70,182033
3365,0.000422,172.31.40.0-255,66,25968,70,182033
3366,0.000445,74.125.200.0-255,5379,31347,70,182033
3367,0.000447,172.31.40.0-255,66,31413,70,182033
3368,0.000577,74.125.200.0-255,1484,32897,70,182033
3369,0.000581,172.31.40.0-255,66,32963,70,182033
3370,0.000587,74.125.200.0-255,2902,35865,70,182033
3371,0.000589,172.31.40.0-255,66,35931,70,182033
3372,0.000596,74.125.200.0-255,5738,41669,70,182033
3373,0.000598,172.31.40.0-255,66,41735,70,182033
3374,0.000617,74.125.200.0-255,2902,44637,70,182033
3375,0.00062,172.31.40.0-255,66,44703,70,182033
3376,0.000634,74.125.200.0-255,3961,48664,70,182033
3377,0.000637,172.31.40.0-255,66,48730,70,182033
3378,0.000644,74.125.200.0-255,7156,55886,70,182033
3379,0.000646,172.31.40.0-255,66,55952,70,182033
3380,0.000667,74.125.200.0-255,4320,60272,70,182033
3381,0.000688,172.31.40.0-255,66,60338,70,182033
3382,0.000696,74.125.200.0-255,5379,65717,70,182033
3383,0.000707,172.31.40.0-255,66,65783,70,182033
3384,0.00228,74.125.200.0-255,646,66429,70,182033
3385,0.003257,74.125.200.0-255,4320,70749,70,182033
3386,0.003263,172.31.40.0-255,66,70815,70,182033
3387,0.005828,74.125.200.0-255,5738,76553,70,182033
3388,0.005835,172.31.40.0-255,66,76619,70,182033
3389,0.008391,74.125.200.0-255,5738,82357,70,182033
3390,0.008402,172.31.40.0-255,66,82423,70,182033
3391,0.010986,74.125.200.0-255,5738,88161,70,182033
3392,0.010996,172.31.40.0-255,66,88227,70,182033
3393,0.013551,74.125.200.0-255,5738,93965,70,182033
3394,0.01356,172.31.40.0-255,66,94031,70,182033
3395,0.016121,74.125.200.0-255,5738,99769,70,182033
3396,0.016133,172.31.40.0-255,66,99835,70,182033
3397,0.018693,74.125.200.0-255,5738,105573,70,182033
3398,0.018704,172.31.40.0-255,66,105639,70,182033
3399,0.021265,74.125.200.0-255,5738,111377,70,182033
3400,0.021276,172.31.40.0-255,66,111443,70,182033
3401,0.02386,74.125.200.0-255,5738,117181,70,182033
3402,0.023872,172.31.40.0-255,66,117247,70,182033
3403,0.02643,74.125.200.0-255,2902,120149,70,182033
3404,0.026438,172.31.40.0-255,66,120215,70,182033
3405,0.026459,74.125.200.0-255,2902,123117,70,182033
3406,0.026497,172.31.40.0-255,172,123289,70,182033
3407,0.026528,172.31.40.0-255,1118,124407,70,182033
3408,0.026592,172.31.40.0-255,1514,125921,70,182033
3409,0.026594,172.31.40.0-255,1514,127435,70,182033
3410,0.026619,172.31.40.0-255,844,128279,70,182033
3411,0.026635,172.31.40.0-255,66,128345,70,182033
3412,0.028055,104.244.42.0-255,66,128411,70,182033
3413,0.028284,104.244.42.0-255,66,128477,70,182033
3414,0.028333,104.244.42.0-255,66,128543,70,182033
3415,0.028337,104.244.42.0-255,66,128609,70,182033
3416,0.028999,74.125.200.0-255,2902,131511,70,182033
3417,0.029006,172.31.40.0-255,66,131577,70,182033
3418,0.029172,74.125.200.0-255,2902,134479,70,182033
3419,0.029177,172.31.40.0-255,66,134545,70,182033
3420,0.031578,74.125.200.0-255,2902,137447,70,182033
3421,0.031585,172.31.40.0-255,66,137513,70,182033
3422,0.031738,74.125.200.0-255,2902,140415,70,182033
3423,0.031743,172.31.40.0-255,66,140481,70,182033
3424,0.034154,74.125.200.0-255,2902,143383,70,182033
3425,0.034161,172.31.40.0-255,66,143449,70,182033
3426,0.034288,74.125.200.0-255,2902,146351,70,182033
3427,0.034293,172.31.40.0-255,66,146417,70,182033
3428,0.036734,74.125.200.0-255,2902,149319,70,182033
3429,0.036745,172.31.40.0-255,66,149385,70,182033
3430,0.036843,74.125.200.0-255,2902,152287,70,182033
3431,0.036848,172.31.40.0-255,66,152353,70,182033
3432,0.039325,74.125.200.0-255,2902,155255,70,182033
3433,0.039334,172.31.40.0-255,66,155321,70,182033
3434,0.039384,74.125.200.0-255,2902,158223,70,182033
3435,0.039423,172.31.40.0-255,66,158289,70,182033
3436,0.041893,74.125.200.0-255,2902,161191,70,182033
3437,0.0419,172.31.40.0-255,66,161257,70,182033
3438,0.041976,74.125.200.0-255,2902,164159,70,182033
3439,0.041983,172.31.40.0-255,66,164225,70,182033
3440,0.044467,74.125.200.0-255,2902,167127,70,182033
3441,0.044473,172.31.40.0-255,66,167193,70,182033
3442,0.044556,74.125.200.0-255,2902,170095,70,182033
3443,0.044584,172.31.40.0-255,66,170161,70,182033
3444,0.04703,74.125.200.0-255,2902,173063,70,182033
3445,0.047037,172.31.40.0-255,66,173129,70,182033
3446,0.047124,74.125.200.0-255,2902,176031,70,182033
3447,0.047129,172.31.40.0-255,66,176097,70,182033
3448,0.049588,74.125.200.0-255,2902,178999,70,182033
3449,0.049596,172.31.40.0-255,66,179065,70,182033
3450,0.049663,74.125.200.0-255,2902,181967,70,182033
3451,0.04967,172.31.40.0-255,66,182033,70,182033
3452,0.0,172.217.194.0-255,152,152,70,184400
3453,1.4e-05,172.31.40.0-255,66,218,70,184400
3454,2.1e-05,172.217.194.0-255,1484,1702,70,184400
3455,2.5e-05,172.31.40.0-255,66,1768,70,184400
3456,3.1e-05,172.217.194.0-255,2902,4670,70,184400
3457,3.5e-05,172.31.40.0-255,66,4736,70,184400
3458,4.2e-05,172.217.194.0-255,7156,11892,70,184400
3459,4.6e-05,172.31.40.0-255,66,11958,70,184400
3460,5e-05,172.217.194.0-255,2030,13988,70,184400
3461,5.3e-05,172.31.40.0-255,66,14054,70,184400
3462,0.000125,172.217.194.0-255,1484,15538,70,184400
3463,0.000129,172.31.40.0-255,66,15604,70,184400
3464,0.000134,172.217.194.0-255,2902,18506,70,184400
3465,0.000136,172.31.40.0-255,66,18572,70,184400
3466,0.000142,172.217.194.0-255,4320,22892,70,184400
3467,0.000144,172.31.40.0-255,66,22958,70,184400
3468,0.000177,172.217.194.0-255,1484,24442,70,184400
3469,0.000179,172.31.40.0-255,66,24508,70,184400
3470,0.000188,172.217.194.0-255,6797,31305,70,184400
3471,0.00019,172.31.40.0-255,66,31371,70,184400
3472,0.000221,172.217.194.0-255,4320,35691,70,184400
3473,0.000224,172.31.40.0-255,66,35757,70,184400
3474,0.000251,172.217.194.0-255,7156,42913,70,184400
3475,0.000254,172.31.40.0-255,66,42979,70,184400
3476,0.00026,172.217.194.0-255,5379,48358,70,184400
3477,0.000263,172.31.40.0-255,66,48424,70,184400
3478,0.001481,172.217.194.0-255,1484,49908,70,184400
3479,0.001488,172.31.40.0-255,66,49974,70,184400
3480,0.001499,172.217.194.0-255,2902,52876,70,184400
3481,0.001501,172.31.40.0-255,66,52942,70,184400
3482,0.001508,172.217.194.0-255,5738,58680,70,184400
3483,0.00151,172.31.40.0-255,66,58746,70,184400
3484,0.001553,172.31.40.0-255,66,58812,70,184400
3485,0.001562,172.217.194.0-255,9633,68445,70,184400
3486,0.001564,172.31.40.0-255,66,68511,70,184400
3487,0.001602,172.217.194.0-255,4320,72831,70,184400
3488,0.001604,172.31.40.0-255,66,72897,70,184400
3489,0.001641,172.31.40.0-255,66,72963,70,184400
3490,0.004202,172.217.194.0-255,5738,78701,70,184400
3491,0.004205,172.31.40.0-255,66,78767,70,184400
3492,0.006737,172.217.194.0-255,5738,84505,70,184400
3493,0.006742,172.31.40.0-255,66,84571,70,184400
3494,0.009344,172.217.194.0-255,5738,90309,70,184400
3495,0.009351,172.31.40.0-255,66,90375,70,184400
3496,0.011954,172.217.194.0-255,5738,96113,70,184400
3497,0.011963,172.31.40.0-255,66,96179,70,184400
3498,0.01453,172.217.194.0-255,5738,101917,70,184400
3499,0.014539,172.31.40.0-255,66,101983,70,184400
3500,0.017114,172.217.194.0-255,5738,107721,70,184400
3501,0.017123,172.31.40.0-255,66,107787,70,184400
3502,0.019698,172.217.194.0-255,5738,113525,70,184400
3503,0.019708,172.31.40.0-255,66,113591,70,184400
3504,0.022264,172.217.194.0-255,5738,119329,70,184400
3505,0.022273,172.31.40.0-255,66,119395,70,184400
3506,0.024865,172.217.194.0-255,5738,125133,70,184400
3507,0.024874,172.31.40.0-255,66,125199,70,184400
3508,0.027455,172.217.194.0-255,5738,130937,70,184400
3509,0.027464,172.31.40.0-255,66,131003,70,184400
3510,0.030017,172.217.194.0-255,5738,136741,70,184400
3511,0.030026,172.31.40.0-255,66,136807,70,184400
3512,0.03258,172.217.194.0-255,5738,142545,70,184400
3513,0.032588,172.31.40.0-255,66,142611,70,184400
3514,0.03515,172.217.194.0-255,5738,148349,70,184400
3515,0.035159,172.31.40.0-255,66,148415,70,184400
3516,0.037747,172.217.194.0-255,5738,154153,70,184400
3517,0.037758,172.31.40.0-255,66,154219,70,184400
3518,0.039782,172.31.40.0-255,172,154391,70,184400
3519,0.039811,172.31.40.0-255,1118,155509,70,184400
3520,0.039877,172.31.40.0-255,1514,157023,70,184400
3521,0.039879,172.31.40.0-255,1514,158537,70,184400
3522,0.039883,172.31.40.0-255,1514,160051,70,184400
3523,0.039884,172.31.40.0-255,869,160920,70,184400
3524,0.04031,172.217.194.0-255,5738,166658,70,184400
3525,0.040316,172.31.40.0-255,66,166724,70,184400
3526,0.041337,104.244.42.0-255,66,166790,70,184400
3527,0.041368,104.244.42.0-255,66,166856,70,184400
3528,0.041463,104.244.42.0-255,66,166922,70,184400
3529,0.041469,104.244.42.0-255,66,166988,70,184400
3530,0.04295,172.217.194.0-255,5738,172726,70,184400
3531,0.042956,172.31.40.0-255,66,172792,70,184400
3532,0.045512,172.217.194.0-255,5738,178530,70,184400
3533,0.045518,172.31.40.0-255,66,178596,70,184400
3534,0.048073,172.217.194.0-255,5738,184334,70,184400
3535,0.048079,172.31.40.0-255,66,184400,70,184400
3536,0.0,172.217.194.0-255,297,297,70,294545
3537,1.9e-05,172.31.40.0-255,66,363,70,294545
3538,2.6e-05,172.217.194.0-255,1484,1847,70,294545
3539,3e-05,172.31.40.0-255,66,1913,70,294545
3540,3.7e-05,172.217.194.0-255,4320,6233,70,294545
3541,4.2e-05,172.31.40.0-255,66,6299,70,294545
3542,5.2e-05,172.217.194.0-255,9029,15328,70,294545
3543,5.5e-05,172.31.40.0-255,66,15394,70,294545
3544,5.9e-05,172.217.194.0-255,1484,16878,70,294545
3545,6.1e-05,172.31.40.0-255,66,16944,70,294545
3546,0.000108,172.31.40.0-255,66,17010,70,294545
3547,0.000114,172.217.194.0-255,4320,21330,70,294545
3548,0.000116,172.31.40.0-255,66,21396,70,294545
3549,0.00012,172.217.194.0-255,2902,24298,70,294545
3550,0.000123,172.31.40.0-255,66,24364,70,294545
3551,0.00014,172.217.194.0-255,2902,27266,70,294545
3552,0.000143,172.31.40.0-255,66,27332,70,294545
3553,0.000165,172.217.194.0-255,2902,30234,70,294545
3554,0.000168,172.31.40.0-255,66,30300,70,294545
3555,0.000186,172.217.194.0-255,3961,34261,70,294545
3556,0.000189,172.31.40.0-255,66,34327,70,294545
3557,0.000324,172.217.194.0-255,1484,35811,70,294545
3558,0.000329,172.31.40.0-255,66,35877,70,294545
3559,0.000335,172.217.194.0-255,2902,38779,70,294545
3560,0.000338,172.31.40.0-255,66,38845,70,294545
3561,0.000344,172.217.194.0-255,5738,44583,70,294545
3562,0.000347,172.31.40.0-255,66,44649,70,294545
3563,0.000394,172.217.194.0-255,6797,51446,70,294545
3564,0.000397,172.31.40.0-255,66,51512,70,294545
3565,0.0004,172.217.194.0-255,358,51870,70,294545
3566,0.000402,172.31.40.0-255,66,51936,70,294545
3567,0.000529,172.217.194.0-255,385,52321,70,294545
3568,0.000717,172.217.194.0-255,1484,53805,70,294545
3569,0.000722,172.31.40.0-255,66,53871,70,294545
3570,0.000727,172.217.194.0-255,2902,56773,70,294545
3571,0.000729,172.31.40.0-255,66,56839,70,294545
3572,0.000748,172.217.194.0-255,4320,61159,70,294545
3573,0.00075,172.31.40.0-255,66,61225,70,294545
3574,0.000774,172.217.194.0-255,1484,62709,70,294545
3575,0.000788,172.217.194.0-255,1484,64193,70,294545
3576,0.000798,172.31.40.0-255,66,64259,70,294545
3577,0.000809,172.217.194.0-255,9274,73533,70,294545
3578,0.000812,172.31.40.0-255,66,73599,70,294545
3579,0.001199,172.217.194.0-255,1484,75083,70,294545
3580,0.001205,172.217.194.0-255,2902,77985,70,294545
3581,0.001209,172.31.40.0-255,66,78051,70,294545
3582,0.001216,172.217.194.0-255,5738,83789,70,294545
3583,0.001218,172.31.40.0-255,66,83855,70,294545
3584,0.001223,172.217.194.0-255,4320,88175,70,294545
3585,0.001225,172.31.40.0-255,66,88241,70,294545
3586,0.001249,172.217.194.0-255,7156,95397,70,294545
3587,0.001251,172.31.40.0-255,66,95463,70,294545
3588,0.001279,172.217.194.0-255,8574,104037,70,294545
3589,0.001284,172.217.194.0-255,3602,107639,70,294545
3590,0.001287,172.31.40.0-255,66,107705,70,294545
3591,0.001295,172.31.40.0-255,66,107771,70,294545
3592,0.001318,172.217.194.0-255,1484,109255,70,294545
3593,0.00134,172.217.194.0-255,8574,117829,70,294545
3594,0.001343,172.31.40.0-255,66,117895,70,294545
3595,0.001352,172.217.194.0-255,8574,126469,70,294545
3596,0.001355,172.31.40.0-255,66,126535,70,294545
3597,0.00138,172.217.194.0-255,2902,129437,70,294545
3598,0.001384,172.31.40.0-255,66,129503,70,294545
3599,0.001397,172.31.40.0-255,66,129569,70,294545
3600,0.001416,172.217.194.0-255,1484,131053,70,294545
3601,0.001446,172.217.194.0-255,9992,141045,70,294545
3602,0.001449,172.31.40.0-255,66,141111,70,294545
3603,0.001463,172.31.40.0-255,66,141177,70,294545
3604,0.001506,172.217.194.0-255,5738,146915,70,294545
3605,0.001509,172.31.40.0-255,66,146981,70,294545
3606,0.001532,172.217.194.0-255,3602,150583,70,294545
3607,0.001534,172.31.40.0-255,66,150649,70,294545
3608,0.001552,172.217.194.0-255,1484,152133,70,294545
3609,0.001571,172.217.194.0-255,2902,155035,70,294545
3610,0.001574,172.31.40.0-255,66,155101,70,294545
3611,0.001577,172.217.194.0-255,1484,156585,70,294545
3612,0.001599,172.217.194.0-255,5738,162323,70,294545
3613,0.001602,172.31.40.0-255,66,162389,70,294545
3614,0.001607,172.217.194.0-255,2902,165291,70,294545
3615,0.001609,172.31.40.0-255,66,165357,70,294545
3616,0.001632,172.217.194.0-255,9992,175349,70,294545
3617,0.001635,172.31.40.0-255,66,175415,70,294545
3618,0.001643,172.217.194.0-255,7156,182571,70,294545
3619,0.001645,172.31.40.0-255,66,182637,70,294545
3620,0.001671,172.217.194.0-255,2184,184821,70,294545
3621,0.001674,172.31.40.0-255,66,184887,70,294545
3622,0.001744,172.217.194.0-255,1484,186371,70,294545
3623,0.00175,172.217.194.0-255,2902,189273,70,294545
3624,0.001753,172.31.40.0-255,66,189339,70,294545
3625,0.001768,172.217.194.0-255,1484,190823,70,294545
3626,0.001783,172.217.194.0-255,4320,195143,70,294545
3627,0.001787,172.31.40.0-255,66,195209,70,294545
3628,0.00179,172.217.194.0-255,1484,196693,70,294545
3629,0.001812,172.217.194.0-255,5738,202431,70,294545
3630,0.001815,172.31.40.0-255,66,202497,70,294545
3631,0.001835,172.217.194.0-255,5738,208235,70,294545
3632,0.001839,172.31.40.0-255,66,208301,70,294545
3633,0.001867,172.217.194.0-255,8574,216875,70,294545
3634,0.001871,172.31.40.0-255,66,216941,70,294545
3635,0.001875,172.217.194.0-255,2184,219125,70,294545
3636,0.001878,172.31.40.0-255,66,219191,70,294545
3637,0.001989,172.217.194.0-255,1484,220675,70,294545
3638,0.001994,172.217.194.0-255,2902,223577,70,294545
3639,0.001998,172.31.40.0-255,66,223643,70,294545
3640,0.002001,172.217.194.0-255,1484,225127,70,294545
3641,0.00202,172.217.194.0-255,4320,229447,70,294545
3642,0.002022,172.31.40.0-255,66,229513,70,294545
3643,0.002044,172.217.194.0-255,8574,238087,70,294545
3644,0.002046,172.31.40.0-255,66,238153,70,294545
3645,0.002069,172.217.194.0-255,4320,242473,70,294545
3646,0.002072,172.31.40.0-255,66,242539,70,294545
3647,0.002079,172.217.194.0-255,7156,249695,70,294545
3648,0.002082,172.31.40.0-255,66,249761,70,294545
3649,0.002098,172.217.194.0-255,6438,256199,70,294545
3650,0.002104,172.217.194.0-255,7156,263355,70,294545
3651,0.002108,172.31.40.0-255,66,263421,70,294545
3652,0.00211,172.31.40.0-255,66,263487,70,294545
3653,0.002136,172.217.194.0-255,4320,267807,70,294545
3654,0.002139,172.31.40.0-255,66,267873,70,294545
3655,0.002175,172.31.40.0-255,66,267939,70,294545
3656,0.002179,172.217.194.0-255,2184,270123,70,294545
3657,0.002181,172.31.40.0-255,66,270189,70,294545
3658,0.002202,172.217.194.0-255,1484,271673,70,294545
3659,0.002218,172.217.194.0-255,7156,278829,70,294545
3660,0.002221,172.31.40.0-255,66,278895,70,294545
3661,0.002248,172.31.40.0-255,66,278961,70,294545
3662,0.002258,172.217.194.0-255,5738,284699,70,294545
3663,0.002261,172.31.40.0-255,66,284765,70,294545
3664,0.002266,172.217.194.0-255,4320,289085,70,294545
3665,0.002268,172.31.40.0-255,66,289151,70,294545
3666,0.002312,172.31.40.0-255,66,289217,70,294545
3667,0.002318,172.217.194.0-255,4920,294137,70,294545
3668,0.00232,172.31.40.0-255,66,294203,70,294545
3669,0.002323,172.217.194.0-255,105,294308,70,294545
3670,0.015877,172.31.40.0-255,66,294374,70,294545
3671,0.015928,172.31.40.0-255,105,294479,70,294545
3672,0.018413,172.217.194.0-255,66,294545,70,294545
3673,0.0,74.125.200.0-255,299,299,70,385966
3674,2.3e-05,172.31.40.0-255,66,365,70,385966
3675,3e-05,74.125.200.0-255,1484,1849,70,385966
3676,3.4e-05,172.31.40.0-255,66,1915,70,385966
3677,5e-05,74.125.200.0-255,4320,6235,70,385966
3678,5.4e-05,172.31.40.0-255,66,6301,70,385966
3679,6.1e-05,74.125.200.0-255,5738,12039,70,385966
3680,6.5e-05,172.31.40.0-255,66,12105,70,385966
3681,9.8e-05,74.125.200.0-255,3259,15364,70,385966
3682,0.000101,172.31.40.0-255,66,15430,70,385966
3683,0.000107,74.125.200.0-255,4320,19750,70,385966
3684,0.00011,172.31.40.0-255,66,19816,70,385966
3685,0.000112,74.125.200.0-255,1484,21300,70,385966
3686,0.000114,172.31.40.0-255,66,21366,70,385966
3687,0.000148,74.125.200.0-255,9633,30999,70,385966
3688,0.000152,172.31.40.0-255,66,31065,70,385966
3689,0.000181,74.125.200.0-255,1484,32549,70,385966
3690,0.000184,172.31.40.0-255,66,32615,70,385966
3691,0.000209,74.125.200.0-255,2902,35517,70,385966
3692,0.000211,172.31.40.0-255,66,35583,70,385966
3693,0.000216,74.125.200.0-255,2902,38485,70,385966
3694,0.000218,172.31.40.0-255,66,38551,70,385966
3695,0.000273,74.125.200.0-255,4320,42871,70,385966
3696,0.000275,172.31.40.0-255,66,42937,70,385966
3697,0.000285,74.125.200.0-255,9633,52570,70,385966
3698,0.000287,172.31.40.0-255,66,52636,70,385966
3699,0.000292,74.125.200.0-255,4320,56956,70,385966
3700,0.000295,172.31.40.0-255,66,57022,70,385966
3701,0.000315,74.125.200.0-255,1484,58506,70,385966
3702,0.000318,172.31.40.0-255,66,58572,70,385966
3703,0.000355,74.125.200.0-255,7073,65645,70,385966
3704,0.000358,74.125.200.0-255,127,65772,70,385966
3705,0.000363,172.31.40.0-255,66,65838,70,385966
3706,0.000409,74.125.200.0-255,1484,67322,70,385966
3707,0.000412,172.31.40.0-255,66,67388,70,385966
3708,0.000415,74.125.200.0-255,1484,68872,70,385966
3709,0.000438,74.125.200.0-255,2902,71774,70,385966
3710,0.000441,172.31.40.0-255,66,71840,70,385966
3711,0.000448,74.125.200.0-255,5738,77578,70,385966
3712,0.00045,172.31.40.0-255,66,77644,70,385966
3713,0.000487,172.31.40.0-255,66,77710,70,385966
3714,0.000513,74.125.200.0-255,1484,79194,70,385966
3715,0.000527,74.125.200.0-255,1484,80678,70,385966
3716,0.000529,172.31.40.0-255,66,80744,70,385966
3717,0.000561,74.125.200.0-255,7559,88303,70,385966
3718,0.000564,172.31.40.0-255,66,88369,70,385966
3719,0.000588,74.125.200.0-255,1484,89853,70,385966
3720,0.000592,74.125.200.0-255,1484,91337,70,385966
3721,0.000594,172.31.40.0-255,66,91403,70,385966
3722,0.00062,74.125.200.0-255,1484,92887,70,385966
3723,0.000633,74.125.200.0-255,2902,95789,70,385966
3724,0.000635,172.31.40.0-255,66,95855,70,385966
3725,0.00066,74.125.200.0-255,2902,98757,70,385966
3726,0.000662,172.31.40.0-255,66,98823,70,385966
3727,0.000666,74.125.200.0-255,2902,101725,70,385966
3728,0.000669,172.31.40.0-255,66,101791,70,385966
3729,0.000699,74.125.200.0-255,3961,105752,70,385966
3730,0.000701,172.31.40.0-255,66,105818,70,385966
3731,0.000704,74.125.200.0-255,1484,107302,70,385966
3732,0.000708,74.125.200.0-255,2902,110204,70,385966
3733,0.000711,172.31.40.0-255,66,110270,70,385966
3734,0.000717,74.125.200.0-255,5738,116008,70,385966
3735,0.00072,172.31.40.0-255,66,116074,70,385966
3736,0.000725,74.125.200.0-255,4320,120394,70,385966
3737,0.000727,172.31.40.0-255,66,120460,70,385966
3738,0.000765,74.125.200.0-255,5738,126198,70,385966
3739,0.000768,172.31.40.0-255,66,126264,70,385966
3740,0.000776,74.125.200.0-255,7156,133420,70,385966
3741,0.000778,172.31.40.0-255,66,133486,70,385966
3742,0.000811,74.125.200.0-255,4320,137806,70,385966
3743,0.000814,172.31.40.0-255,66,137872,70,385966
3744,0.000818,74.125.200.0-255,2184,140056,70,385966
3745,0.000821,172.31.40.0-255,66,140122,70,385966
3746,0.000863,74.125.200.0-255,1484,141606,70,385966
3747,0.000878,74.125.200.0-255,2902,144508,70,385966
3748,0.000881,172.31.40.0-255,66,144574,70,385966
3749,0.00091,74.125.200.0-255,4320,148894,70,385966
3750,0.000913,172.31.40.0-255,66,148960,70,385966
3751,0.000941,74.125.200.0-255,8215,157175,70,385966
3752,0.000943,172.31.40.0-255,66,157241,70,385966
3753,0.001098,74.125.200.0-255,1484,158725,70,385966
3754,0.001118,74.125.200.0-255,2902,161627,70,385966
3755,0.001121,172.31.40.0-255,66,161693,70,385966
3756,0.001125,74.125.200.0-255,1484,163177,70,385966
3757,0.001148,74.125.200.0-255,2902,166079,70,385966
3758,0.001152,172.31.40.0-255,66,166145,70,385966
3759,0.001158,74.125.200.0-255,5738,171883,70,385966
3760,0.00116,172.31.40.0-255,66,171949,70,385966
3761,0.001193,74.125.200.0-255,7156,179105,70,385966
3762,0.001196,172.31.40.0-255,66,179171,70,385966
3763,0.001223,74.125.200.0-255,5738,184909,70,385966
3764,0.001226,172.31.40.0-255,66,184975,70,385966
3765,0.00123,74.125.200.0-255,1484,186459,70,385966
3766,0.001257,74.125.200.0-255,5020,191479,70,385966
3767,0.00126,172.31.40.0-255,66,191545,70,385966
3768,0.001288,74.125.200.0-255,1484,193029,70,385966
3769,0.00131,74.125.200.0-255,2902,195931,70,385966
3770,0.001313,172.31.40.0-255,66,195997,70,385966
3771,0.001348,74.125.200.0-255,5738,201735,70,385966
3772,0.001351,172.31.40.0-255,66,201801,70,385966
3773,0.001356,74.125.200.0-255,2902,204703,70,385966
3774,0.001359,172.31.40.0-255,66,204769,70,385966
3775,0.001372,74.125.200.0-255,2902,207671,70,385966
3776,0.001375,172.31.40.0-255,66,207737,70,385966
3777,0.001414,74.125.200.0-255,1484,209221,70,385966
3778,0.001423,74.125.200.0-255,8574,217795,70,385966
3779,0.001426,172.31.40.0-255,66,217861,70,385966
3780,0.001433,74.125.200.0-255,7156,225017,70,385966
3781,0.001436,172.31.40.0-255,66,225083,70,385966
3782,0.001439,74.125.200.0-255,766,225849,70,385966
3783,0.001511,74.125.200.0-255,1484,227333,70,385966
3784,0.001513,172.31.40.0-255,66,227399,70,385966
3785,0.001519,74.125.200.0-255,4320,231719,70,385966
3786,0.001522,172.31.40.0-255,66,231785,70,385966
3787,0.001524,74.125.200.0-255,1484,233269,70,385966
3788,0.001528,74.125.200.0-255,2902,236171,70,385966
3789,0.00153,172.31.40.0-255,66,236237,70,385966
3790,0.001541,74.125.200.0-255,5738,241975,70,385966
3791,0.001544,172.31.40.0-255,66,242041,70,385966
3792,0.001551,74.125.200.0-255,7156,249197,70,385966
3793,0.001554,172.31.40.0-255,66,249263,70,385966
3794,0.001558,74.125.200.0-255,2902,252165,70,385966
3795,0.00156,172.31.40.0-255,66,252231,70,385966
3796,0.001596,74.125.200.0-255,5738,257969,70,385966
3797,0.001599,172.31.40.0-255,66,258035,70,385966
3798,0.001604,74.125.200.0-255,2184,260219,70,385966
3799,0.001606,172.31.40.0-255,66,260285,70,385966
3800,0.00173,74.125.200.0-255,1484,261769,70,385966
3801,0.001743,74.125.200.0-255,2902,264671,70,385966
3802,0.001747,172.31.40.0-255,66,264737,70,385966
3803,0.00175,74.125.200.0-255,1484,266221,70,385966
3804,0.001778,74.125.200.0-255,4320,270541,70,385966
3805,0.001781,172.31.40.0-255,66,270607,70,385966
3806,0.001786,74.125.200.0-255,2902,273509,70,385966
3807,0.001789,172.31.40.0-255,66,273575,70,385966
3808,0.001829,74.125.200.0-255,9992,283567,70,385966
3809,0.001833,172.31.40.0-255,66,283633,70,385966
3810,0.00186,74.125.200.0-255,10692,294325,70,385966
3811,0.001862,172.31.40.0-255,66,294391,70,385966
3812,0.001962,74.125.200.0-255,1484,295875,70,385966
3813,0.001977,74.125.200.0-255,2902,298777,70,385966
3814,0.00198,172.31.40.0-255,66,298843,70,385966
3815,0.001986,74.125.200.0-255,4320,303163,70,385966
3816,0.001988,172.31.40.0-255,66,303229,70,385966
3817,0.002012,74.125.200.0-255,5738,308967,70,385966
3818,0.002015,172.31.40.0-255,66,309033,70,385966
3819,0.002044,74.125.200.0-255,9992,319025,70,385966
3820,0.002046,172.31.40.0-255,66,319091,70,385966
3821,0.002076,74.125.200.0-255,1484,320575,70,385966
3822,0.002084,74.125.200.0-255,5738,326313,70,385966
3823,0.002087,172.31.40.0-255,66,326379,70,385966
3824,0.002092,74.125.200.0-255,2184,328563,70,385966
3825,0.002094,172.31.40.0-255,66,328629,70,385966
3826,0.002163,74.125.200.0-255,1484,330113,70,385966
3827,0.002168,74.125.200.0-255,1484,331597,70,385966
3828,0.002171,172.31.40.0-255,66,331663,70,385966
3829,0.002199,74.125.200.0-255,1484,333147,70,385966
3830,0.002207,74.125.200.0-255,5738,338885,70,385966
3831,0.002209,172.31.40.0-255,66,338951,70,385966
3832,0.002214,74.125.200.0-255,2902,341853,70,385966
3833,0.00222,74.125.200.0-255,4320,346173,70,385966
3834,0.002231,172.31.40.0-255,66,346239,70,385966
3835,0.002262,74.125.200.0-255,8574,354813,70,385966
3836,0.002267,74.125.200.0-255,4320,359133,70,385966
3837,0.00228,172.31.40.0-255,66,359199,70,385966
3838,0.002306,74.125.200.0-255,3602,362801,70,385966
3839,0.002321,172.31.40.0-255,66,362867,70,385966
3840,0.004562,74.125.200.0-255,1484,364351,70,385966
3841,0.004598,74.125.200.0-255,4320,368671,70,385966
3842,0.004603,172.31.40.0-255,66,368737,70,385966
3843,0.006885,74.125.200.0-255,2902,371639,70,385966
3844,0.006888,172.31.40.0-255,66,371705,70,385966
3845,0.006909,74.125.200.0-255,2902,374607,70,385966
3846,0.006911,172.31.40.0-255,66,374673,70,385966
3847,0.009179,74.125.200.0-255,2902,377575,70,385966
3848,0.009189,172.31.40.0-255,66,377641,70,385966
3849,0.009219,74.125.200.0-255,2902,380543,70,385966
3850,0.009221,172.31.40.0-255,66,380609,70,385966
3851,0.011494,74.125.200.0-255,4953,385562,70,385966
3852,0.011509,172.31.40.0-255,66,385628,70,385966
3853,0.019132,172.31.40.0-255,101,385729,70,385966
3854,0.021397,74.125.200.0-255,66,385795,70,385966
3855,0.022253,172.31.40.0-255,105,385900,70,385966
3856,0.024513,74.125.200.0-255,66,385966,70,385966
3857,0.0,74.125.24.0-255,153,153,70,262391
3858,2.3e-05,172.31.40.0-255,66,219,70,262391
3859,3.1e-05,74.125.24.0-255,1484,1703,70,262391
3860,3.7e-05,172.31.40.0-255,66,1769,70,262391
3861,4.3e-05,74.125.24.0-255,2902,4671,70,262391
3862,4.6e-05,172.31.40.0-255,66,4737,70,262391
3863,4.9e-05,74.125.24.0-255,1484,6221,70,262391
3864,5.2e-05,172.31.40.0-255,66,6287,70,262391
3865,5.7e-05,74.125.24.0-255,2902,9189,70,262391
3866,6e-05,172.31.40.0-255,66,9255,70,262391
3867,9e-05,74.125.24.0-255,6354,15609,70,262391
3868,9.4e-05,172.31.40.0-255,66,15675,70,262391
3869,0.0001,74.125.24.0-255,4320,19995,70,262391
3870,0.000102,172.31.40.0-255,66,20061,70,262391
3871,0.000147,74.125.24.0-255,8574,28635,70,262391
3872,0.000149,172.31.40.0-255,66,28701,70,262391
3873,0.000165,74.125.24.0-255,2543,31244,70,262391
3874,0.000168,172.31.40.0-255,66,31310,70,262391
3875,0.000738,74.125.24.0-255,1484,32794,70,262391
3876,0.000744,172.31.40.0-255,66,32860,70,262391
3877,0.000753,74.125.24.0-255,2902,35762,70,262391
3878,0.000755,172.31.40.0-255,66,35828,70,262391
3879,0.000784,74.125.24.0-255,5738,41566,70,262391
3880,0.000787,172.31.40.0-255,66,41632,70,262391
3881,0.000816,74.125.24.0-255,4320,45952,70,262391
3882,0.000818,172.31.40.0-255,66,46018,70,262391
3883,0.000844,74.125.24.0-255,9633,55651,70,262391
3884,0.000847,172.31.40.0-255,66,55717,70,262391
3885,0.000884,74.125.24.0-255,8574,64291,70,262391
3886,0.000887,172.31.40.0-255,66,64357,70,262391
3887,0.000905,74.125.24.0-255,1481,65838,70,262391
3888,0.000908,172.31.40.0-255,66,65904,70,262391
3889,0.000978,74.125.24.0-255,1484,67388,70,262391
3890,0.001007,74.125.24.0-255,2902,70290,70,262391
3891,0.001011,172.31.40.0-255,66,70356,70,262391
3892,0.001018,74.125.24.0-255,5738,76094,70,262391
3893,0.001021,172.31.40.0-255,66,76160,70,262391
3894,0.001079,172.31.40.0-255,66,76226,70,262391
3895,0.001087,74.125.24.0-255,8574,84800,70,262391
3896,0.00109,172.31.40.0-255,66,84866,70,262391
3897,0.001111,74.125.24.0-255,1389,86255,70,262391
3898,0.001253,74.125.24.0-255,1484,87739,70,262391
3899,0.001258,172.31.40.0-255,66,87805,70,262391
3900,0.001264,74.125.24.0-255,2902,90707,70,262391
3901,0.001267,172.31.40.0-255,66,90773,70,262391
3902,0.001271,74.125.24.0-255,1484,92257,70,262391
3903,0.001297,74.125.24.0-255,4320,96577,70,262391
3904,0.0013,172.31.40.0-255,66,96643,70,262391
3905,0.001309,74.125.24.0-255,8574,105217,70,262391
3906,0.001312,172.31.40.0-255,66,105283,70,262391
3907,0.001328,74.125.24.0-255,4320,109603,70,262391
3908,0.001331,172.31.40.0-255,66,109669,70,262391
3909,0.001338,74.125.24.0-255,7156,116825,70,262391
3910,0.001341,172.31.40.0-255,66,116891,70,262391
3911,0.00137,74.125.24.0-255,3602,120493,70,262391
3912,0.001373,172.31.40.0-255,66,120559,70,262391
3913,0.001747,74.125.24.0-255,1484,122043,70,262391
3914,0.001756,74.125.24.0-255,2902,124945,70,262391
3915,0.001762,172.31.40.0-255,66,125011,70,262391
3916,0.001769,74.125.24.0-255,5738,130749,70,262391
3917,0.001772,172.31.40.0-255,66,130815,70,262391
3918,0.001776,74.125.24.0-255,2902,133717,70,262391
3919,0.001779,172.31.40.0-255,66,133783,70,262391
3920,0.001806,74.125.24.0-255,2902,136685,70,262391
3921,0.001809,172.31.40.0-255,66,136751,70,262391
3922,0.001827,172.31.40.0-255,66,136817,70,262391
3923,0.001831,74.125.24.0-255,2902,139719,70,262391
3924,0.001833,172.31.40.0-255,66,139785,70,262391
3925,0.001852,74.125.24.0-255,2184,141969,70,262391
3926,0.001855,172.31.40.0-255,66,142035,70,262391
3927,0.004228,74.125.24.0-255,5738,147773,70,262391
3928,0.004236,172.31.40.0-255,66,147839,70,262391
3929,0.0066,74.125.24.0-255,5738,153577,70,262391
3930,0.006606,172.31.40.0-255,66,153643,70,262391
3931,0.009007,74.125.24.0-255,5738,159381,70,262391
3932,0.009018,172.31.40.0-255,66,159447,70,262391
3933,0.011388,74.125.24.0-255,5738,165185,70,262391
3934,0.011397,172.31.40.0-255,66,165251,70,262391
3935,0.013785,74.125.24.0-255,5738,170989,70,262391
3936,0.013796,172.31.40.0-255,66,171055,70,262391
3937,0.016165,74.125.24.0-255,1484,172539,70,262391
3938,0.016198,74.125.24.0-255,4320,176859,70,262391
3939,0.016203,172.31.40.0-255,66,176925,70,262391
3940,0.018592,74.125.24.0-255,5738,182663,70,262391
3941,0.0186,172.31.40.0-255,66,182729,70,262391
3942,0.020958,74.125.24.0-255,5738,188467,70,262391
3943,0.020966,172.31.40.0-255,66,188533,70,262391
3944,0.023356,74.125.24.0-255,5738,194271,70,262391
3945,0.023364,172.31.40.0-255,66,194337,70,262391
3946,0.025742,74.125.24.0-255,2902,197239,70,262391
3947,0.025749,172.31.40.0-255,66,197305,70,262391
3948,0.025773,74.125.24.0-255,2902,200207,70,262391
3949,0.025776,172.31.40.0-255,66,200273,70,262391
3950,0.025949,172.31.40.0-255,176,200449,70,262391
3951,0.02598,172.31.40.0-255,1119,201568,70,262391
3952,0.026092,172.31.40.0-255,1514,203082,70,262391
3953,0.026095,172.31.40.0-255,1514,204596,70,262391
3954,0.026096,172.31.40.0-255,843,205439,70,262391
3955,0.027514,104.244.42.0-255,66,205505,70,262391
3956,0.027557,104.244.42.0-255,66,205571,70,262391
3957,0.027685,104.244.42.0-255,66,205637,70,262391
3958,0.027692,104.244.42.0-255,66,205703,70,262391
3959,0.028162,74.125.24.0-255,5738,211441,70,262391
3960,0.028169,172.31.40.0-255,66,211507,70,262391
3961,0.030535,74.125.24.0-255,4320,215827,70,262391
3962,0.030541,172.31.40.0-255,66,215893,70,262391
3963,0.03056,74.125.24.0-255,1484,217377,70,262391
3964,0.032911,74.125.24.0-255,4320,221697,70,262391
3965,0.032917,172.31.40.0-255,66,221763,70,262391
3966,0.035302,74.125.24.0-255,5738,227501,70,262391
3967,0.035309,172.31.40.0-255,66,227567,70,262391
3968,0.037716,74.125.24.0-255,5738,233305,70,262391
3969,0.037736,172.31.40.0-255,66,233371,70,262391
3970,0.040189,74.125.24.0-255,5738,239109,70,262391
3971,0.040204,172.31.40.0-255,66,239175,70,262391
3972,0.042599,74.125.24.0-255,5738,244913,70,262391
3973,0.042604,172.31.40.0-255,66,244979,70,262391
3974,0.045019,74.125.24.0-255,5738,250717,70,262391
3975,0.045036,172.31.40.0-255,66,250783,70,262391
3976,0.04747,74.125.24.0-255,5738,256521,70,262391
3977,0.047488,172.31.40.0-255,66,256587,70,262391
3978,0.049859,74.125.24.0-255,5738,262325,70,262391
3979,0.049871,172.31.40.0-255,66,262391,70,262391
3980,0.0,74.125.68.0-255,152,152,70,221018
3981,1.5e-05,172.31.40.0-255,66,218,70,221018
3982,2.1e-05,74.125.68.0-255,1484,1702,70,221018
3983,2.6e-05,172.31.40.0-255,66,1768,70,221018
3984,3.1e-05,74.125.68.0-255,2902,4670,70,221018
3985,3.4e-05,172.31.40.0-255,66,4736,70,221018
3986,3.8e-05,74.125.68.0-255,1484,6220,70,221018
3987,4e-05,172.31.40.0-255,66,6286,70,221018
3988,9.2e-05,74.125.68.0-255,2902,9188,70,221018
3989,9.5e-05,172.31.40.0-255,66,9254,70,221018
3990,0.000116,74.125.68.0-255,2902,12156,70,221018
3991,0.000119,172.31.40.0-255,66,12222,70,221018
3992,0.000133,74.125.68.0-255,1484,13706,70,221018
3993,0.000136,74.125.68.0-255,719,14425,70,221018
3994,0.000139,172.31.40.0-255,66,14491,70,221018
3995,0.000147,172.31.40.0-255,66,14557,70,221018
3996,0.000151,74.125.68.0-255,1484,16041,70,221018
3997,0.000153,172.31.40.0-255,66,16107,70,221018
3998,0.000156,74.125.68.0-255,1484,17591,70,221018
3999,0.000158,172.31.40.0-255,66,17657,70,221018
4000,0.000185,74.125.68.0-255,2902,20559,70,221018
4001,0.000188,172.31.40.0-255,66,20625,70,221018
4002,0.000194,74.125.68.0-255,5738,26363,70,221018
4003,0.000196,172.31.40.0-255,66,26429,70,221018
4004,0.000236,74.125.68.0-255,5379,31808,70,221018
4005,0.000239,172.31.40.0-255,66,31874,70,221018
4006,0.0004,74.125.68.0-255,1484,33358,70,221018
4007,0.000405,172.31.40.0-255,66,33424,70,221018
4008,0.000437,74.125.68.0-255,2902,36326,70,221018
4009,0.00044,172.31.40.0-255,66,36392,70,221018
4010,0.000474,74.125.68.0-255,4320,40712,70,221018
4011,0.000477,172.31.40.0-255,66,40778,70,221018
4012,0.00049,74.125.68.0-255,2902,43680,70,221018
4013,0.000492,172.31.40.0-255,66,43746,70,221018
4014,0.000513,74.125.68.0-255,2902,46648,70,221018
4015,0.000515,172.31.40.0-255,66,46714,70,221018
4016,0.000531,74.125.68.0-255,1484,48198,70,221018
4017,0.000555,74.125.68.0-255,5738,53936,70,221018
4018,0.000558,172.31.40.0-255,66,54002,70,221018
4019,0.000561,74.125.68.0-255,1484,55486,70,221018
4020,0.000579,74.125.68.0-255,5738,61224,70,221018
4021,0.000582,172.31.40.0-255,66,61290,70,221018
4022,0.000586,74.125.68.0-255,2902,64192,70,221018
4023,0.000589,172.31.40.0-255,66,64258,70,221018
4024,0.000659,74.125.68.0-255,2184,66442,70,221018
4025,0.000663,172.31.40.0-255,66,66508,70,221018
4026,0.000783,74.125.68.0-255,358,66866,70,221018
4027,0.000822,74.125.68.0-255,386,67252,70,221018
4028,0.001051,172.31.40.0-255,66,67318,70,221018
4029,0.001102,74.125.68.0-255,1484,68802,70,221018
4030,0.001106,74.125.68.0-255,1484,70286,70,221018
4031,0.001108,172.31.40.0-255,66,70352,70,221018
4032,0.001119,74.125.68.0-255,1484,71836,70,221018
4033,0.001149,74.125.68.0-255,4320,76156,70,221018
4034,0.001151,172.31.40.0-255,66,76222,70,221018
4035,0.001197,74.125.68.0-255,2902,79124,70,221018
4036,0.001199,172.31.40.0-255,66,79190,70,221018
4037,0.001215,74.125.68.0-255,1484,80674,70,221018
4038,0.00123,74.125.68.0-255,2902,83576,70,221018
4039,0.001232,172.31.40.0-255,66,83642,70,221018
4040,0.001248,74.125.68.0-255,2902,86544,70,221018
4041,0.00125,172.31.40.0-255,66,86610,70,221018
4042,0.001293,74.125.68.0-255,2902,89512,70,221018
4043,0.001295,172.31.40.0-255,66,89578,70,221018
4044,0.001343,74.125.68.0-255,2902,92480,70,221018
4045,0.001346,172.31.40.0-255,66,92546,70,221018
4046,0.001397,74.125.68.0-255,4320,96866,70,221018
4047,0.0014,172.31.40.0-255,66,96932,70,221018
4048,0.001458,74.125.68.0-255,1484,98416,70,221018
4049,0.001475,74.125.68.0-255,2902,101318,70,221018
4050,0.001478,172.31.40.0-255,66,101384,70,221018
4051,0.001481,74.125.68.0-255,766,102150,70,221018
4052,0.001558,172.31.40.0-255,66,102216,70,221018
4053,0.003776,74.125.68.0-255,4320,106536,70,221018
4054,0.003783,172.31.40.0-255,66,106602,70,221018
4055,0.003841,74.125.68.0-255,1484,108086,70,221018
4056,0.006069,74.125.68.0-255,4320,112406,70,221018
4057,0.006072,172.31.40.0-255,66,112472,70,221018
4058,0.008375,74.125.68.0-255,5738,118210,70,221018
4059,0.008382,172.31.40.0-255,66,118276,70,221018
4060,0.010676,74.125.68.0-255,5738,124014,70,221018
4061,0.010684,172.31.40.0-255,66,124080,70,221018
4062,0.013029,74.125.68.0-255,5738,129818,70,221018
4063,0.013037,172.31.40.0-255,66,129884,70,221018
4064,0.015355,74.125.68.0-255,5738,135622,70,221018
4065,0.015364,172.31.40.0-255,66,135688,70,221018
4066,0.017697,74.125.68.0-255,5738,141426,70,221018
4067,0.017704,172.31.40.0-255,66,141492,70,221018
4068,0.020008,74.125.68.0-255,5738,147230,70,221018
4069,0.020016,172.31.40.0-255,66,147296,70,221018
4070,0.022321,74.125.68.0-255,5738,153034,70,221018
4071,0.022329,172.31.40.0-255,66,153100,70,221018
4072,0.024629,74.125.68.0-255,5738,158838,70,221018
4073,0.024637,172.31.40.0-255,66,158904,70,221018
4074,0.026948,74.125.68.0-255,5738,164642,70,221018
4075,0.026956,172.31.40.0-255,66,164708,70,221018
4076,0.028164,172.31.40.0-255,172,164880,70,221018
4077,0.028193,172.31.40.0-255,1119,165999,70,221018
4078,0.028241,172.31.40.0-255,1514,167513,70,221018
4079,0.028242,172.31.40.0-255,1514,169027,70,221018
4080,0.028266,172.31.40.0-255,843,169870,70,221018
4081,0.029264,74.125.68.0-255,5738,175608,70,221018
4082,0.029272,172.31.40.0-255,66,175674,70,221018
4083,0.029696,104.244.42.0-255,66,175740,70,221018
4084,0.029725,104.244.42.0-255,66,175806,70,221018
4085,0.029806,104.244.42.0-255,66,175872,70,221018
4086,0.029819,104.244.42.0-255,66,175938,70,221018
4087,0.031595,74.125.68.0-255,5738,181676,70,221018
4088,0.031602,172.31.40.0-255,66,181742,70,221018
4089,0.033905,74.125.68.0-255,5738,187480,70,221018
4090,0.033912,172.31.40.0-255,66,187546,70,221018
4091,0.036202,74.125.68.0-255,5738,193284,70,221018
4092,0.036209,172.31.40.0-255,66,193350,70,221018
4093,0.038515,74.125.68.0-255,4320,197670,70,221018
4094,0.038521,172.31.40.0-255,66,197736,70,221018
4095,0.038541,74.125.68.0-255,1484,199220,70,221018
4096,0.040814,74.125.68.0-255,4320,203540,70,221018
4097,0.04082,172.31.40.0-255,66,203606,70,221018
4098,0.043139,74.125.68.0-255,5738,209344,70,221018
4099,0.04315,172.31.40.0-255,66,209410,70,221018
4100,0.045452,74.125.68.0-255,5738,215148,70,221018
4101,0.045458,172.31.40.0-255,66,215214,70,221018
4102,0.047763,74.125.68.0-255,5738,220952,70,221018
4103,0.04777,172.31.40.0-255,66,221018,70,221018
4104,0.0,74.125.24.0-255,153,153,70,309605
4105,2.4e-05,172.31.40.0-255,66,219,70,309605
4106,3.1e-05,74.125.24.0-255,1484,1703,70,309605
4107,3.6e-05,172.31.40.0-255,66,1769,70,309605
4108,4.2e-05,74.125.24.0-255,2902,4671,70,309605
4109,5.6e-05,172.31.40.0-255,66,4737,70,309605
4110,6.4e-05,74.125.24.0-255,7156,11893,70,309605
4111,6.8e-05,172.31.40.0-255,66,11959,70,309605
4112,7.2e-05,74.125.24.0-255,2092,14051,70,309605
4113,7.5e-05,172.31.40.0-255,66,14117,70,309605
4114,0.000116,74.125.24.0-255,1484,15601,70,309605
4115,0.000118,172.31.40.0-255,66,15667,70,309605
4116,0.000123,74.125.24.0-255,2902,18569,70,309605
4117,0.000126,172.31.40.0-255,66,18635,70,309605
4118,0.00013,74.125.24.0-255,2902,21537,70,309605
4119,0.000138,172.31.40.0-255,66,21603,70,309605
4120,0.00016,74.125.24.0-255,2902,24505,70,309605
4121,0.000166,172.31.40.0-255,66,24571,70,309605
4122,0.000174,74.125.24.0-255,6797,31368,70,309605
4123,0.000176,172.31.40.0-255,66,31434,70,309605
4124,0.00022,172.31.40.0-255,66,31500,70,309605
4125,0.000224,74.125.24.0-255,2543,34043,70,309605
4126,0.000226,172.31.40.0-255,66,34109,70,309605
4127,0.000685,74.125.24.0-255,1484,35593,70,309605
4128,0.000691,172.31.40.0-255,66,35659,70,309605
4129,0.000697,74.125.24.0-255,2902,38561,70,309605
4130,0.0007,172.31.40.0-255,66,38627,70,309605
4131,0.000705,74.125.24.0-255,4320,42947,70,309605
4132,0.000714,172.31.40.0-255,66,43013,70,309605
4133,0.00074,74.125.24.0-255,1484,44497,70,309605
4134,0.000746,172.31.40.0-255,66,44563,70,309605
4135,0.000753,74.125.24.0-255,4320,48883,70,309605
4136,0.000759,74.125.24.0-255,3125,52008,70,309605
4137,0.000781,172.31.40.0-255,66,52074,70,309605
4138,0.00079,74.125.24.0-255,4320,56394,70,309605
4139,0.000798,74.125.24.0-255,1484,57878,70,309605
4140,0.000803,172.31.40.0-255,66,57944,70,309605
4141,0.000824,74.125.24.0-255,8574,66518,70,309605
4142,0.000828,74.125.24.0-255,1484,68002,70,309605
4143,0.000848,172.31.40.0-255,66,68068,70,309605
4144,0.000868,74.125.24.0-255,5738,73806,70,309605
4145,0.000882,172.31.40.0-255,66,73872,70,309605
4146,0.000933,172.31.40.0-255,66,73938,70,309605
4147,0.000987,74.125.24.0-255,1484,75422,70,309605
4148,0.000993,74.125.24.0-255,2902,78324,70,309605
4149,0.001006,172.31.40.0-255,66,78390,70,309605
4150,0.001013,74.125.24.0-255,5738,84128,70,309605
4151,0.00102,74.125.24.0-255,5738,89866,70,309605
4152,0.001034,74.125.24.0-255,1484,91350,70,309605
4153,0.001038,172.31.40.0-255,66,91416,70,309605
4154,0.001069,74.125.24.0-255,2902,94318,70,309605
4155,0.001072,74.125.24.0-255,2184,96502,70,309605
4156,0.001101,172.31.40.0-255,66,96568,70,309605
4157,0.001197,74.125.24.0-255,1484,98052,70,309605
4158,0.001202,74.125.24.0-255,2902,100954,70,309605
4159,0.001213,74.125.24.0-255,1484,102438,70,309605
4160,0.001219,172.31.40.0-255,66,102504,70,309605
4161,0.00123,74.125.24.0-255,4320,106824,70,309605
4162,0.001233,74.125.24.0-255,1484,108308,70,309605
4163,0.001242,172.31.40.0-255,66,108374,70,309605
4164,0.001287,74.125.24.0-255,10692,119066,70,309605
4165,0.0013,172.31.40.0-255,66,119132,70,309605
4166,0.001487,74.125.24.0-255,1484,120616,70,309605
4167,0.001491,74.125.24.0-255,1484,122100,70,309605
4168,0.001497,172.31.40.0-255,66,122166,70,309605
4169,0.001504,74.125.24.0-255,1484,123650,70,309605
4170,0.001522,74.125.24.0-255,4320,127970,70,309605
4171,0.001541,74.125.24.0-255,8574,136544,70,309605
4172,0.001547,172.31.40.0-255,66,136610,70,309605
4173,0.001575,74.125.24.0-255,2902,139512,70,309605
4174,0.001588,74.125.24.0-255,4320,143832,70,309605
4175,0.001618,74.125.24.0-255,9274,153106,70,309605
4176,0.001633,172.31.40.0-255,66,153172,70,309605
4177,0.001942,74.125.24.0-255,1484,154656,70,309605
4178,0.001948,74.125.24.0-255,2902,157558,70,309605
4179,0.001951,172.31.40.0-255,66,157624,70,309605
4180,0.001957,74.125.24.0-255,4320,161944,70,309605
4181,0.001986,74.125.24.0-255,1484,163428,70,309605
4182,0.00199,74.125.24.0-255,2902,166330,70,309605
4183,0.001996,74.125.24.0-255,5738,172068,70,309605
4184,0.00201,74.125.24.0-255,4320,176388,70,309605
4185,0.002021,172.31.40.0-255,66,176454,70,309605
4186,0.002031,74.125.24.0-255,9992,186446,70,309605
4187,0.002048,74.125.24.0-255,766,187212,70,309605
4188,0.00205,172.31.40.0-255,66,187278,70,309605
4189,0.002289,74.125.24.0-255,1484,188762,70,309605
4190,0.002294,172.31.40.0-255,66,188828,70,309605
4191,0.002299,74.125.24.0-255,2902,191730,70,309605
4192,0.00231,74.125.24.0-255,5738,197468,70,309605
4193,0.002323,74.125.24.0-255,2902,200370,70,309605
4194,0.002336,172.31.40.0-255,66,200436,70,309605
4195,0.002348,74.125.24.0-255,8574,209010,70,309605
4196,0.002435,74.125.24.0-255,1484,210494,70,309605
4197,0.00244,74.125.24.0-255,2902,213396,70,309605
4198,0.002458,74.125.24.0-255,5738,219134,70,309605
4199,0.0025,74.125.24.0-255,5738,224872,70,309605
4200,0.002516,74.125.24.0-255,7156,232028,70,309605
4201,0.002534,74.125.24.0-255,7156,239184,70,309605
4202,0.00257,74.125.24.0-255,7156,246340,70,309605
4203,0.002603,74.125.24.0-255,766,247106,70,309605
4204,0.010929,172.31.40.0-255,66,247172,70,309605
4205,0.012805,74.125.24.0-255,1484,248656,70,309605
4206,0.013501,74.125.24.0-255,4320,252976,70,309605
4207,0.01351,172.31.40.0-255,66,253042,70,309605
4208,0.016095,74.125.24.0-255,5738,258780,70,309605
4209,0.01611,172.31.40.0-255,66,258846,70,309605
4210,0.01868,74.125.24.0-255,5738,264584,70,309605
4211,0.018688,172.31.40.0-255,66,264650,70,309605
4212,0.021243,74.125.24.0-255,5738,270388,70,309605
4213,0.021252,172.31.40.0-255,66,270454,70,309605
4214,0.023825,74.125.24.0-255,5738,276192,70,309605
4215,0.023834,172.31.40.0-255,66,276258,70,309605
4216,0.026414,74.125.24.0-255,5738,281996,70,309605
4217,0.026422,172.31.40.0-255,66,282062,70,309605
4218,0.02916,74.125.24.0-255,5738,287800,70,309605
4219,0.029181,172.31.40.0-255,66,287866,70,309605
4220,0.031768,74.125.24.0-255,5738,293604,70,309605
4221,0.031776,172.31.40.0-255,66,293670,70,309605
4222,0.034372,74.125.24.0-255,5738,299408,70,309605
4223,0.034381,172.31.40.0-255,66,299474,70,309605
4224,0.036949,74.125.24.0-255,5738,305212,70,309605
4225,0.036957,172.31.40.0-255,66,305278,70,309605
4226,0.039519,74.125.24.0-255,4090,309368,70,309605
4227,0.039536,172.31.40.0-255,66,309434,70,309605
4228,0.039828,172.31.40.0-255,105,309539,70,309605
4229,0.042336,74.125.24.0-255,66,309605,70,309605
4230,0.0,74.125.24.0-255,153,153,70,345881
4231,1.6e-05,172.31.40.0-255,66,219,70,345881
4232,2.3e-05,74.125.24.0-255,1484,1703,70,345881
4233,2.7e-05,172.31.40.0-255,66,1769,70,345881
4234,3e-05,74.125.24.0-255,1484,3253,70,345881
4235,3.2e-05,172.31.40.0-255,66,3319,70,345881
4236,6.1e-05,74.125.24.0-255,1484,4803,70,345881
4237,6.4e-05,172.31.40.0-255,66,4869,70,345881
4238,7.1e-05,74.125.24.0-255,4320,9189,70,345881
4239,7.3e-05,172.31.40.0-255,66,9255,70,345881
4240,8.7e-05,74.125.24.0-255,1484,10739,70,345881
4241,8.9e-05,172.31.40.0-255,66,10805,70,345881
4242,0.000122,74.125.24.0-255,7748,18553,70,345881
4243,0.000125,172.31.40.0-255,66,18619,70,345881
4244,0.000134,74.125.24.0-255,9992,28611,70,345881
4245,0.00014,172.31.40.0-255,66,28677,70,345881
4246,0.000145,74.125.24.0-255,2543,31220,70,345881
4247,0.000148,172.31.40.0-255,66,31286,70,345881
4248,0.000348,74.125.24.0-255,1484,32770,70,345881
4249,0.000353,172.31.40.0-255,66,32836,70,345881
4250,0.000358,74.125.24.0-255,1484,34320,70,345881
4251,0.00036,172.31.40.0-255,66,34386,70,345881
4252,0.000384,74.125.24.0-255,1484,35870,70,345881
4253,0.000386,172.31.40.0-255,66,35936,70,345881
4254,0.000397,74.125.24.0-255,5738,41674,70,345881
4255,0.000399,172.31.40.0-255,66,41740,70,345881
4256,0.000405,74.125.24.0-255,4320,46060,70,345881
4257,0.000407,172.31.40.0-255,66,46126,70,345881
4258,0.000438,74.125.24.0-255,5738,51864,70,345881
4259,0.000441,172.31.40.0-255,66,51930,70,345881
4260,0.000483,172.31.40.0-255,66,51996,70,345881
4261,0.000487,74.125.24.0-255,2814,54810,70,345881
4262,0.000547,172.31.40.0-255,66,54876,70,345881
4263,0.000557,74.125.24.0-255,133,55009,70,345881
4264,0.000663,74.125.24.0-255,1484,56493,70,345881
4265,0.00067,172.31.40.0-255,66,56559,70,345881
4266,0.000679,74.125.24.0-255,2902,59461,70,345881
4267,0.000689,172.31.40.0-255,66,59527,70,345881
4268,0.000714,74.125.24.0-255,1484,61011,70,345881
4269,0.000719,74.125.24.0-255,2902,63913,70,345881
4270,0.000738,172.31.40.0-255,66,63979,70,345881
4271,0.000747,74.125.24.0-255,2902,66881,70,345881
4272,0.000766,74.125.24.0-255,2902,69783,70,345881
4273,0.000769,74.125.24.0-255,1484,71267,70,345881
4274,0.000773,172.31.40.0-255,66,71333,70,345881
4275,0.000806,74.125.24.0-255,5738,77071,70,345881
4276,0.000817,74.125.24.0-255,9992,87063,70,345881
4277,0.000824,172.31.40.0-255,66,87129,70,345881
4278,0.000835,74.125.24.0-255,2184,89313,70,345881
4279,0.000861,172.31.40.0-255,66,89379,70,345881
4280,0.000869,74.125.24.0-255,348,89727,70,345881
4281,0.001139,74.125.24.0-255,1484,91211,70,345881
4282,0.001144,172.31.40.0-255,66,91277,70,345881
4283,0.001149,74.125.24.0-255,2902,94179,70,345881
4284,0.001152,74.125.24.0-255,1484,95663,70,345881
4285,0.001173,74.125.24.0-255,2902,98565,70,345881
4286,0.001183,172.31.40.0-255,66,98631,70,345881
4287,0.001196,74.125.24.0-255,5738,104369,70,345881
4288,0.001205,172.31.40.0-255,66,104435,70,345881
4289,0.001258,172.31.40.0-255,66,104501,70,345881
4290,0.00127,74.125.24.0-255,7156,111657,70,345881
4291,0.001276,172.31.40.0-255,66,111723,70,345881
4292,0.001292,74.125.24.0-255,766,112489,70,345881
4293,0.001341,74.125.24.0-255,1484,113973,70,345881
4294,0.001349,172.31.40.0-255,66,114039,70,345881
4295,0.001358,74.125.24.0-255,2902,116941,70,345881
4296,0.001364,172.31.40.0-255,66,117007,70,345881
4297,0.001395,74.125.24.0-255,5738,122745,70,345881
4298,0.001402,74.125.24.0-255,4320,127065,70,345881
4299,0.001414,172.31.40.0-255,66,127131,70,345881
4300,0.001422,74.125.24.0-255,8574,135705,70,345881
4301,0.001432,74.125.24.0-255,5738,141443,70,345881
4302,0.001439,172.31.40.0-255,66,141509,70,345881
4303,0.001514,74.125.24.0-255,5020,146529,70,345881
4304,0.001529,172.31.40.0-255,66,146595,70,345881
4305,0.001579,74.125.24.0-255,1484,148079,70,345881
4306,0.001585,74.125.24.0-255,2902,150981,70,345881
4307,0.001606,74.125.24.0-255,5738,156719,70,345881
4308,0.00161,172.31.40.0-255,66,156785,70,345881
4309,0.001615,172.31.40.0-255,66,156851,70,345881
4310,0.00163,74.125.24.0-255,5738,162589,70,345881
4311,0.001658,74.125.24.0-255,5738,168327,70,345881
4312,0.001669,172.31.40.0-255,66,168393,70,345881
4313,0.001682,74.125.24.0-255,7156,175549,70,345881
4314,0.001688,74.125.24.0-255,5020,180569,70,345881
4315,0.001704,172.31.40.0-255,66,180635,70,345881
4316,0.001755,74.125.24.0-255,1484,182119,70,345881
4317,0.001758,74.125.24.0-255,1484,183603,70,345881
4318,0.001773,74.125.24.0-255,1484,185087,70,345881
4319,0.001778,172.31.40.0-255,66,185153,70,345881
4320,0.001808,74.125.24.0-255,4320,189473,70,345881
4321,0.001815,74.125.24.0-255,5738,195211,70,345881
4322,0.001855,172.31.40.0-255,66,195277,70,345881
4323,0.001885,74.125.24.0-255,4320,199597,70,345881
4324,0.001902,74.125.24.0-255,3602,203199,70,345881
4325,0.001911,172.31.40.0-255,66,203265,70,345881
4326,0.002014,74.125.24.0-255,1484,204749,70,345881
4327,0.002019,74.125.24.0-255,1484,206233,70,345881
4328,0.002033,74.125.24.0-255,1484,207717,70,345881
4329,0.00204,74.125.24.0-255,5738,213455,70,345881
4330,0.002046,172.31.40.0-255,66,213521,70,345881
4331,0.002084,74.125.24.0-255,9992,223513,70,345881
4332,0.002102,74.125.24.0-255,1484,224997,70,345881
4333,0.005472,172.31.40.0-255,66,225063,70,345881
4334,0.007485,74.125.24.0-255,4320,229383,70,345881
4335,0.007491,172.31.40.0-255,66,229449,70,345881
4336,0.007519,74.125.24.0-255,1484,230933,70,345881
4337,0.009549,74.125.24.0-255,4320,235253,70,345881
4338,0.009556,172.31.40.0-255,66,235319,70,345881
4339,0.011598,74.125.24.0-255,5738,241057,70,345881
4340,0.01494,172.31.40.0-255,66,241123,70,345881
4341,0.015044,172.31.40.0-255,101,241224,70,345881
4342,0.016994,74.125.24.0-255,5738,246962,70,345881
4343,0.017006,172.31.40.0-255,66,247028,70,345881
4344,0.017039,74.125.24.0-255,66,247094,70,345881
4345,0.019018,74.125.24.0-255,5738,252832,70,345881
4346,0.019026,172.31.40.0-255,66,252898,70,345881
4347,0.021065,74.125.24.0-255,5738,258636,70,345881
4348,0.021073,172.31.40.0-255,66,258702,70,345881
4349,0.023088,74.125.24.0-255,5738,264440,70,345881
4350,0.023095,172.31.40.0-255,66,264506,70,345881
4351,0.025122,74.125.24.0-255,5738,270244,70,345881
4352,0.025129,172.31.40.0-255,66,270310,70,345881
4353,0.027167,74.125.24.0-255,5738,276048,70,345881
4354,0.027175,172.31.40.0-255,66,276114,70,345881
4355,0.029215,74.125.24.0-255,5738,281852,70,345881
4356,0.029222,172.31.40.0-255,66,281918,70,345881
4357,0.03115,172.31.40.0-255,172,282090,70,345881
4358,0.031179,172.31.40.0-255,1118,283208,70,345881
4359,0.031237,172.31.40.0-255,1514,284722,70,345881
4360,0.031239,172.31.40.0-255,1514,286236,70,345881
4361,0.031241,172.31.40.0-255,1341,287577,70,345881
4362,0.031291,74.125.24.0-255,5738,293315,70,345881
4363,0.031296,172.31.40.0-255,66,293381,70,345881
4364,0.032693,104.244.42.0-255,66,293447,70,345881
4365,0.032716,104.244.42.0-255,66,293513,70,345881
4366,0.032762,104.244.42.0-255,66,293579,70,345881
4367,0.032773,104.244.42.0-255,66,293645,70,345881
4368,0.033304,74.125.24.0-255,5738,299383,70,345881
4369,0.033308,172.31.40.0-255,66,299449,70,345881
4370,0.035336,74.125.24.0-255,5738,305187,70,345881
4371,0.035341,172.31.40.0-255,66,305253,70,345881
4372,0.037402,74.125.24.0-255,5738,310991,70,345881
4373,0.037408,172.31.40.0-255,66,311057,70,345881
4374,0.039439,74.125.24.0-255,5738,316795,70,345881
4375,0.039446,172.31.40.0-255,66,316861,70,345881
4376,0.041506,74.125.24.0-255,5738,322599,70,345881
4377,0.041512,172.31.40.0-255,66,322665,70,345881
4378,0.043571,74.125.24.0-255,5738,328403,70,345881
4379,0.043577,172.31.40.0-255,66,328469,70,345881
4380,0.045627,74.125.24.0-255,5738,334207,70,345881
4381,0.045633,172.31.40.0-255,66,334273,70,345881
4382,0.047694,74.125.24.0-255,5738,340011,70,345881
4383,0.0477,172.31.40.0-255,66,340077,70,345881
4384,0.049773,74.125.24.0-255,5738,345815,70,345881
4385,0.049779,172.31.40.0-255,66,345881,70,345881
4386,0.0,74.125.130.0-255,153,153,70,273907
4387,2.3e-05,172.31.40.0-255,66,219,70,273907
4388,2.9e-05,74.125.130.0-255,1484,1703,70,273907
4389,3.4e-05,172.31.40.0-255,66,1769,70,273907
4390,4e-05,74.125.130.0-255,2902,4671,70,273907
4391,5.1e-05,172.31.40.0-255,66,4737,70,273907
4392,5.9e-05,74.125.130.0-255,7156,11893,70,273907
4393,6.3e-05,172.31.40.0-255,66,11959,70,273907
4394,6.7e-05,74.125.130.0-255,2038,13997,70,273907
4395,7.1e-05,172.31.40.0-255,66,14063,70,273907
4396,7.6e-05,74.125.130.0-255,2902,16965,70,273907
4397,7.8e-05,172.31.40.0-255,66,17031,70,273907
4398,8.5e-05,74.125.130.0-255,5738,22769,70,273907
4399,8.8e-05,172.31.40.0-255,66,22835,70,273907
4400,0.000123,74.125.130.0-255,1484,24319,70,273907
4401,0.000126,172.31.40.0-255,66,24385,70,273907
4402,0.000134,74.125.130.0-255,6797,31182,70,273907
4403,0.000136,172.31.40.0-255,66,31248,70,273907
4404,0.000245,74.125.130.0-255,1484,32732,70,273907
4405,0.000249,172.31.40.0-255,66,32798,70,273907
4406,0.000256,74.125.130.0-255,2902,35700,70,273907
4407,0.000258,172.31.40.0-255,66,35766,70,273907
4408,0.000268,74.125.130.0-255,4320,40086,70,273907
4409,0.000271,172.31.40.0-255,66,40152,70,273907
4410,0.000311,74.125.130.0-255,9633,49785,70,273907
4411,0.000314,172.31.40.0-255,66,49851,70,273907
4412,0.000324,74.125.130.0-255,9992,59843,70,273907
4413,0.000326,172.31.40.0-255,66,59909,70,273907
4414,0.000353,74.125.130.0-255,1484,61393,70,273907
4415,0.000355,172.31.40.0-255,66,61459,70,273907
4416,0.000389,74.125.130.0-255,4267,65726,70,273907
4417,0.000392,172.31.40.0-255,66,65792,70,273907
4418,0.000424,74.125.130.0-255,5738,71530,70,273907
4419,0.000426,172.31.40.0-255,66,71596,70,273907
4420,0.000433,74.125.130.0-255,5738,77334,70,273907
4421,0.000435,172.31.40.0-255,66,77400,70,273907
4422,0.000479,74.125.130.0-255,5379,82779,70,273907
4423,0.000482,172.31.40.0-255,66,82845,70,273907
4424,0.00052,74.125.130.0-255,5738,88583,70,273907
4425,0.000523,172.31.40.0-255,66,88649,70,273907
4426,0.000536,74.125.130.0-255,2902,91551,70,273907
4427,0.000542,172.31.40.0-255,66,91617,70,273907
4428,0.000571,74.125.130.0-255,4320,95937,70,273907
4429,0.000574,172.31.40.0-255,66,96003,70,273907
4430,0.000595,172.31.40.0-255,66,96069,70,273907
4431,0.000601,74.125.130.0-255,5379,101448,70,273907
4432,0.000604,172.31.40.0-255,66,101514,70,273907
4433,0.000748,74.125.130.0-255,1484,102998,70,273907
4434,0.000755,74.125.130.0-255,2902,105900,70,273907
4435,0.000759,172.31.40.0-255,66,105966,70,273907
4436,0.000793,74.125.130.0-255,5738,111704,70,273907
4437,0.000801,74.125.130.0-255,7156,118860,70,273907
4438,0.000805,172.31.40.0-255,66,118926,70,273907
4439,0.000812,172.31.40.0-255,66,118992,70,273907
4440,0.000818,74.125.130.0-255,4320,123312,70,273907
4441,0.000824,172.31.40.0-255,66,123378,70,273907
4442,0.000852,74.125.130.0-255,9992,133370,70,273907
4443,0.00086,172.31.40.0-255,66,133436,70,273907
4444,0.000864,74.125.130.0-255,2184,135620,70,273907
4445,0.000866,172.31.40.0-255,66,135686,70,273907
4446,0.00099,74.125.130.0-255,1484,137170,70,273907
4447,0.000995,74.125.130.0-255,1484,138654,70,273907
4448,0.000998,172.31.40.0-255,66,138720,70,273907
4449,0.001023,74.125.130.0-255,1484,140204,70,273907
4450,0.00103,74.125.130.0-255,5738,145942,70,273907
4451,0.001033,172.31.40.0-255,66,146008,70,273907
4452,0.001038,74.125.130.0-255,4320,150328,70,273907
4453,0.00104,172.31.40.0-255,66,150394,70,273907
4454,0.001051,74.125.130.0-255,5738,156132,70,273907
4455,0.001053,172.31.40.0-255,66,156198,70,273907
4456,0.001096,172.31.40.0-255,66,156264,70,273907
4457,0.0011,74.125.130.0-255,2184,158448,70,273907
4458,0.001103,172.31.40.0-255,66,158514,70,273907
4459,0.001192,74.125.130.0-255,1484,159998,70,273907
4460,0.001212,74.125.130.0-255,2902,162900,70,273907
4461,0.001215,172.31.40.0-255,66,162966,70,273907
4462,0.001247,74.125.130.0-255,5738,168704,70,273907
4463,0.00125,172.31.40.0-255,66,168770,70,273907
4464,0.001254,74.125.130.0-255,2902,171672,70,273907
4465,0.001256,172.31.40.0-255,66,171738,70,273907
4466,0.001266,74.125.130.0-255,4320,176058,70,273907
4467,0.001269,172.31.40.0-255,66,176124,70,273907
4468,0.001276,74.125.130.0-255,7156,183280,70,273907
4469,0.001279,172.31.40.0-255,66,183346,70,273907
4470,0.001311,74.125.130.0-255,1484,184830,70,273907
4471,0.001319,74.125.130.0-255,5738,190568,70,273907
4472,0.001322,172.31.40.0-255,66,190634,70,273907
4473,0.001346,74.125.130.0-255,2184,192818,70,273907
4474,0.001348,172.31.40.0-255,66,192884,70,273907
4475,0.00149,74.125.130.0-255,1484,194368,70,273907
4476,0.001495,74.125.130.0-255,2902,197270,70,273907
4477,0.001497,172.31.40.0-255,66,197336,70,273907
4478,0.0015,74.125.130.0-255,1484,198820,70,273907
4479,0.001527,74.125.130.0-255,4320,203140,70,273907
4480,0.00153,172.31.40.0-255,66,203206,70,273907
4481,0.001541,74.125.130.0-255,1484,204690,70,273907
4482,0.001571,172.31.40.0-255,66,204756,70,273907
4483,0.001604,74.125.130.0-255,7156,211912,70,273907
4484,0.001607,172.31.40.0-255,66,211978,70,273907
4485,0.001633,74.125.130.0-255,3602,215580,70,273907
4486,0.001636,172.31.40.0-255,66,215646,70,273907
4487,0.001859,74.125.130.0-255,1484,217130,70,273907
4488,0.001874,74.125.130.0-255,2902,220032,70,273907
4489,0.001877,172.31.40.0-255,66,220098,70,273907
4490,0.001907,74.125.130.0-255,4320,224418,70,273907
4491,0.001909,172.31.40.0-255,66,224484,70,273907
4492,0.00192,74.125.130.0-255,1484,225968,70,273907
4493,0.001931,74.125.130.0-255,7156,233124,70,273907
4494,0.001934,172.31.40.0-255,66,233190,70,273907
4495,0.001938,74.125.130.0-255,2902,236092,70,273907
4496,0.00194,172.31.40.0-255,66,236158,70,273907
4497,0.001988,172.31.40.0-255,66,236224,70,273907
4498,0.001992,74.125.130.0-255,2184,238408,70,273907
4499,0.001994,172.31.40.0-255,66,238474,70,273907
4500,0.002001,74.125.130.0-255,7156,245630,70,273907
4501,0.002008,172.31.40.0-255,66,245696,70,273907
4502,0.002055,172.31.40.0-255,66,245762,70,273907
4503,0.002077,74.125.130.0-255,7156,252918,70,273907
4504,0.002085,172.31.40.0-255,66,252984,70,273907
4505,0.002167,74.125.130.0-255,1484,254468,70,273907
4506,0.002224,74.125.130.0-255,5738,260206,70,273907
4507,0.002247,74.125.130.0-255,7269,267475,70,273907
4508,0.00225,74.125.130.0-255,105,267580,70,273907
4509,0.006584,172.31.40.0-255,66,267646,70,273907
4510,0.007779,172.31.40.0-255,101,267747,70,273907
4511,0.008743,172.31.40.0-255,105,267852,70,273907
4512,0.010317,74.125.130.0-255,66,267918,70,273907
4513,0.011278,74.125.130.0-255,66,267984,70,273907
4514,0.032583,172.31.40.0-255,172,268156,70,273907
4515,0.032614,172.31.40.0-255,1117,269273,70,273907
4516,0.032679,172.31.40.0-255,1514,270787,70,273907
4517,0.032681,172.31.40.0-255,1514,272301,70,273907
4518,0.032684,172.31.40.0-255,1342,273643,70,273907
4519,0.034131,104.244.42.0-255,66,273709,70,273907
4520,0.034155,104.244.42.0-255,66,273775,70,273907
4521,0.034174,104.244.42.0-255,66,273841,70,273907
4522,0.034221,104.244.42.0-255,66,273907,70,273907
4523,0.0,74.125.130.0-255,297,297,70,377529
4524,2.3e-05,172.31.40.0-255,66,363,70,377529
4525,3e-05,74.125.130.0-255,1484,1847,70,377529
4526,3.4e-05,172.31.40.0-255,66,1913,70,377529
4527,4.2e-05,74.125.130.0-255,4320,6233,70,377529
4528,5.3e-05,172.31.40.0-255,66,6299,70,377529
4529,5.9e-05,74.125.130.0-255,5738,12037,70,377529
4530,6.2e-05,172.31.40.0-255,66,12103,70,377529
4531,8.7e-05,74.125.130.0-255,1864,13967,70,377529
4532,8.9e-05,172.31.40.0-255,66,14033,70,377529
4533,0.000257,74.125.130.0-255,1484,15517,70,377529
4534,0.000262,172.31.40.0-255,66,15583,70,377529
4535,0.000284,74.125.130.0-255,2902,18485,70,377529
4536,0.000286,172.31.40.0-255,66,18551,70,377529
4537,0.000293,74.125.130.0-255,5738,24289,70,377529
4538,0.000296,172.31.40.0-255,66,24355,70,377529
4539,0.000338,74.125.130.0-255,6797,31152,70,377529
4540,0.000341,172.31.40.0-255,66,31218,70,377529
4541,0.000349,74.125.130.0-255,7156,38374,70,377529
4542,0.000351,172.31.40.0-255,66,38440,70,377529
4543,0.000393,74.125.130.0-255,7156,45596,70,377529
4544,0.000396,172.31.40.0-255,66,45662,70,377529
4545,0.000401,74.125.130.0-255,4320,49982,70,377529
4546,0.000404,172.31.40.0-255,66,50048,70,377529
4547,0.000433,74.125.130.0-255,4320,54368,70,377529
4548,0.000436,172.31.40.0-255,66,54434,70,377529
4549,0.000446,74.125.130.0-255,5738,60172,70,377529
4550,0.000449,172.31.40.0-255,66,60238,70,377529
4551,0.000459,74.125.130.0-255,1484,61722,70,377529
4552,0.000461,172.31.40.0-255,66,61788,70,377529
4553,0.000494,74.125.130.0-255,3602,65390,70,377529
4554,0.000496,172.31.40.0-255,66,65456,70,377529
4555,0.000499,74.125.130.0-255,345,65801,70,377529
4556,0.000536,74.125.130.0-255,115,65916,70,377529
4557,0.000711,74.125.130.0-255,1484,67400,70,377529
4558,0.000716,172.31.40.0-255,66,67466,70,377529
4559,0.000719,74.125.130.0-255,1484,68950,70,377529
4560,0.000738,74.125.130.0-255,2902,71852,70,377529
4561,0.00074,172.31.40.0-255,66,71918,70,377529
4562,0.000772,74.125.130.0-255,5738,77656,70,377529
4563,0.000775,172.31.40.0-255,66,77722,70,377529
4564,0.00078,74.125.130.0-255,2902,80624,70,377529
4565,0.000782,172.31.40.0-255,66,80690,70,377529
4566,0.000811,74.125.130.0-255,5738,86428,70,377529
4567,0.000818,172.31.40.0-255,66,86494,70,377529
4568,0.000828,74.125.130.0-255,9992,96486,70,377529
4569,0.00083,172.31.40.0-255,66,96552,70,377529
4570,0.000836,74.125.130.0-255,3602,100154,70,377529
4571,0.000838,172.31.40.0-255,66,100220,70,377529
4572,0.000981,74.125.130.0-255,1484,101704,70,377529
4573,0.001004,74.125.130.0-255,2902,104606,70,377529
4574,0.001007,172.31.40.0-255,66,104672,70,377529
4575,0.001035,74.125.130.0-255,4320,108992,70,377529
4576,0.001037,172.31.40.0-255,66,109058,70,377529
4577,0.001068,74.125.130.0-255,1484,110542,70,377529
4578,0.00109,74.125.130.0-255,4320,114862,70,377529
4579,0.001092,172.31.40.0-255,66,114928,70,377529
4580,0.001101,74.125.130.0-255,9992,124920,70,377529
4581,0.001103,172.31.40.0-255,66,124986,70,377529
4582,0.001133,74.125.130.0-255,5738,130724,70,377529
4583,0.001136,172.31.40.0-255,66,130790,70,377529
4584,0.001163,74.125.130.0-255,3602,134392,70,377529
4585,0.001166,172.31.40.0-255,66,134458,70,377529
4586,0.001208,74.125.130.0-255,1484,135942,70,377529
4587,0.001227,74.125.130.0-255,2902,138844,70,377529
4588,0.00123,172.31.40.0-255,66,138910,70,377529
4589,0.001236,74.125.130.0-255,4320,143230,70,377529
4590,0.001238,172.31.40.0-255,66,143296,70,377529
4591,0.00127,74.125.130.0-255,8574,151870,70,377529
4592,0.001272,172.31.40.0-255,66,151936,70,377529
4593,0.001281,74.125.130.0-255,8574,160510,70,377529
4594,0.001283,172.31.40.0-255,66,160576,70,377529
4595,0.001331,74.125.130.0-255,2902,163478,70,377529
4596,0.001334,172.31.40.0-255,66,163544,70,377529
4597,0.001364,74.125.130.0-255,5020,168564,70,377529
4598,0.001367,172.31.40.0-255,66,168630,70,377529
4599,0.001432,74.125.130.0-255,1484,170114,70,377529
4600,0.001448,74.125.130.0-255,2902,173016,70,377529
4601,0.001451,172.31.40.0-255,66,173082,70,377529
4602,0.001478,74.125.130.0-255,5738,178820,70,377529
4603,0.001482,74.125.130.0-255,2902,181722,70,377529
4604,0.001486,74.125.130.0-255,2902,184624,70,377529
4605,0.001491,172.31.40.0-255,66,184690,70,377529
4606,0.001494,172.31.40.0-255,66,184756,70,377529
4607,0.001497,172.31.40.0-255,66,184822,70,377529
4608,0.001516,74.125.130.0-255,1484,186306,70,377529
4609,0.001533,74.125.130.0-255,8574,194880,70,377529
4610,0.001536,172.31.40.0-255,66,194946,70,377529
4611,0.001543,74.125.130.0-255,7156,202102,70,377529
4612,0.001546,172.31.40.0-255,66,202168,70,377529
4613,0.001576,74.125.130.0-255,766,202934,70,377529
4614,0.001658,74.125.130.0-255,1484,204418,70,377529
4615,0.001663,172.31.40.0-255,66,204484,70,377529
4616,0.001683,74.125.130.0-255,2902,207386,70,377529
4617,0.001686,172.31.40.0-255,66,207452,70,377529
4618,0.001691,74.125.130.0-255,4320,211772,70,377529
4619,0.001693,172.31.40.0-255,66,211838,70,377529
4620,0.001729,74.125.130.0-255,8574,220412,70,377529
4621,0.001732,172.31.40.0-255,66,220478,70,377529
4622,0.00174,74.125.130.0-255,7156,227634,70,377529
4623,0.001742,172.31.40.0-255,66,227700,70,377529
4624,0.001762,74.125.130.0-255,1484,229184,70,377529
4625,0.001785,74.125.130.0-255,2902,232086,70,377529
4626,0.001788,172.31.40.0-255,66,232152,70,377529
4627,0.001829,74.125.130.0-255,5020,237172,70,377529
4628,0.001833,172.31.40.0-255,66,237238,70,377529
4629,0.001994,74.125.130.0-255,1484,238722,70,377529
4630,0.002011,74.125.130.0-255,2902,241624,70,377529
4631,0.002014,172.31.40.0-255,66,241690,70,377529
4632,0.00202,74.125.130.0-255,4320,246010,70,377529
4633,0.002022,172.31.40.0-255,66,246076,70,377529
4634,0.002042,74.125.130.0-255,1484,247560,70,377529
4635,0.002048,74.125.130.0-255,4320,251880,70,377529
4636,0.00205,172.31.40.0-255,66,251946,70,377529
4637,0.002061,74.125.130.0-255,5738,257684,70,377529
4638,0.002064,172.31.40.0-255,66,257750,70,377529
4639,0.002102,172.31.40.0-255,66,257816,70,377529
4640,0.002106,74.125.130.0-255,2184,260000,70,377529
4641,0.002107,172.31.40.0-255,66,260066,70,377529
4642,0.002209,74.125.130.0-255,1484,261550,70,377529
4643,0.002215,74.125.130.0-255,2902,264452,70,377529
4644,0.002217,172.31.40.0-255,66,264518,70,377529
4645,0.002248,74.125.130.0-255,5738,270256,70,377529
4646,0.002251,172.31.40.0-255,66,270322,70,377529
4647,0.002255,74.125.130.0-255,2902,273224,70,377529
4648,0.002258,172.31.40.0-255,66,273290,70,377529
4649,0.002268,74.125.130.0-255,4320,277610,70,377529
4650,0.00227,172.31.40.0-255,66,277676,70,377529
4651,0.002307,74.125.130.0-255,5738,283414,70,377529
4652,0.002334,74.125.130.0-255,2902,286316,70,377529
4653,0.002336,74.125.130.0-255,1484,287800,70,377529
4654,0.002341,74.125.130.0-255,2902,290702,70,377529
4655,0.002346,74.125.130.0-255,3602,294304,70,377529
4656,0.002372,172.31.40.0-255,66,294370,70,377529
4657,0.002381,74.125.130.0-255,1484,295854,70,377529
4658,0.002405,74.125.130.0-255,2902,298756,70,377529
4659,0.002408,74.125.130.0-255,1484,300240,70,377529
4660,0.002412,74.125.130.0-255,2902,303142,70,377529
4661,0.002419,172.31.40.0-255,66,303208,70,377529
4662,0.002437,74.125.130.0-255,5738,308946,70,377529
4663,0.002458,74.125.130.0-255,8574,317520,70,377529
4664,0.002465,172.31.40.0-255,66,317586,70,377529
4665,0.002482,74.125.130.0-255,2902,320488,70,377529
4666,0.002503,74.125.130.0-255,1484,321972,70,377529
4667,0.002507,172.31.40.0-255,66,322038,70,377529
4668,0.002543,74.125.130.0-255,10692,332730,70,377529
4669,0.002578,172.31.40.0-255,66,332796,70,377529
4670,0.005082,74.125.130.0-255,5738,338534,70,377529
4671,0.005089,172.31.40.0-255,66,338600,70,377529
4672,0.007601,74.125.130.0-255,2902,341502,70,377529
4673,0.007605,172.31.40.0-255,66,341568,70,377529
4674,0.00763,74.125.130.0-255,2902,344470,70,377529
4675,0.007632,172.31.40.0-255,66,344536,70,377529
4676,0.010112,74.125.130.0-255,2902,347438,70,377529
4677,0.01012,172.31.40.0-255,66,347504,70,377529
4678,0.010148,74.125.130.0-255,2902,350406,70,377529
4679,0.010151,172.31.40.0-255,66,350472,70,377529
4680,0.012644,74.125.130.0-255,5738,356210,70,377529
4681,0.012664,172.31.40.0-255,66,356276,70,377529
4682,0.01518,74.125.130.0-255,5738,362014,70,377529
4683,0.015193,172.31.40.0-255,66,362080,70,377529
4684,0.017702,74.125.130.0-255,5738,367818,70,377529
4685,0.01771,172.31.40.0-255,66,367884,70,377529
4686,0.020256,74.125.130.0-255,5738,373622,70,377529
4687,0.020275,172.31.40.0-255,66,373688,70,377529
4688,0.02278,74.125.130.0-255,3604,377292,70,377529
4689,0.022794,172.31.40.0-255,66,377358,70,377529
4690,0.02505,172.31.40.0-255,105,377463,70,377529
4691,0.027522,74.125.130.0-255,66,377529,70,377529
4692,0.0,74.125.24.0-255,152,152,70,219336
4693,1.4e-05,172.31.40.0-255,66,218,70,219336
4694,2.1e-05,74.125.24.0-255,1484,1702,70,219336
4695,2.7e-05,172.31.40.0-255,66,1768,70,219336
4696,3.3e-05,74.125.24.0-255,2902,4670,70,219336
4697,3.6e-05,172.31.40.0-255,66,4736,70,219336
4698,4e-05,74.125.24.0-255,1484,6220,70,219336
4699,4.3e-05,172.31.40.0-255,66,6286,70,219336
4700,7.1e-05,74.125.24.0-255,5738,12024,70,219336
4701,7.5e-05,172.31.40.0-255,66,12090,70,219336
4702,8e-05,74.125.24.0-255,1938,14028,70,219336
4703,8.2e-05,172.31.40.0-255,66,14094,70,219336
4704,0.000361,74.125.24.0-255,1484,15578,70,219336
4705,0.000366,74.125.24.0-255,2902,18480,70,219336
4706,0.000373,172.31.40.0-255,66,18546,70,219336
4707,0.000382,172.31.40.0-255,66,18612,70,219336
4708,0.000388,74.125.24.0-255,5738,24350,70,219336
4709,0.000391,172.31.40.0-255,66,24416,70,219336
4710,0.000394,74.125.24.0-255,1484,25900,70,219336
4711,0.000396,172.31.40.0-255,66,25966,70,219336
4712,0.000425,74.125.24.0-255,5379,31345,70,219336
4713,0.000429,172.31.40.0-255,66,31411,70,219336
4714,0.000461,74.125.24.0-255,5738,37149,70,219336
4715,0.000464,172.31.40.0-255,66,37215,70,219336
4716,0.000485,74.125.24.0-255,8574,45789,70,219336
4717,0.000489,172.31.40.0-255,66,45855,70,219336
4718,0.000493,74.125.24.0-255,2543,48398,70,219336
4719,0.000495,172.31.40.0-255,66,48464,70,219336
4720,0.001441,74.125.24.0-255,1484,49948,70,219336
4721,0.001449,172.31.40.0-255,66,50014,70,219336
4722,0.00146,74.125.24.0-255,2902,52916,70,219336
4723,0.001463,172.31.40.0-255,66,52982,70,219336
4724,0.001467,74.125.24.0-255,1484,54466,70,219336
4725,0.001484,74.125.24.0-255,4320,58786,70,219336
4726,0.001486,172.31.40.0-255,66,58852,70,219336
4727,0.001521,74.125.24.0-255,1484,60336,70,219336
4728,0.00154,74.125.24.0-255,5379,65715,70,219336
4729,0.001543,172.31.40.0-255,66,65781,70,219336
4730,0.001612,74.125.24.0-255,647,66428,70,219336
4731,0.001645,74.125.24.0-255,1484,67912,70,219336
4732,0.001648,172.31.40.0-255,66,67978,70,219336
4733,0.001665,74.125.24.0-255,4320,72298,70,219336
4734,0.001667,172.31.40.0-255,66,72364,70,219336
4735,0.001671,74.125.24.0-255,1484,73848,70,219336
4736,0.00171,74.125.24.0-255,7156,81004,70,219336
4737,0.00173,74.125.24.0-255,2902,83906,70,219336
4738,0.001781,74.125.24.0-255,3602,87508,70,219336
4739,0.003986,172.31.40.0-255,66,87574,70,219336
4740,0.005989,74.125.24.0-255,4320,91894,70,219336
4741,0.005996,172.31.40.0-255,66,91960,70,219336
4742,0.006015,74.125.24.0-255,1484,93444,70,219336
4743,0.008055,74.125.24.0-255,4320,97764,70,219336
4744,0.008062,172.31.40.0-255,66,97830,70,219336
4745,0.010093,74.125.24.0-255,5738,103568,70,219336
4746,0.010104,172.31.40.0-255,66,103634,70,219336
4747,0.012119,74.125.24.0-255,5738,109372,70,219336
4748,0.012128,172.31.40.0-255,66,109438,70,219336
4749,0.01416,74.125.24.0-255,5738,115176,70,219336
4750,0.014173,172.31.40.0-255,66,115242,70,219336
4751,0.016203,74.125.24.0-255,5738,120980,70,219336
4752,0.016216,172.31.40.0-255,66,121046,70,219336
4753,0.018265,74.125.24.0-255,5738,126784,70,219336
4754,0.01828,172.31.40.0-255,66,126850,70,219336
4755,0.020302,74.125.24.0-255,5738,132588,70,219336
4756,0.02031,172.31.40.0-255,66,132654,70,219336
4757,0.022381,74.125.24.0-255,5738,138392,70,219336
4758,0.022396,172.31.40.0-255,66,138458,70,219336
4759,0.024415,74.125.24.0-255,5738,144196,70,219336
4760,0.024438,172.31.40.0-255,66,144262,70,219336
4761,0.026486,74.125.24.0-255,5738,150000,70,219336
4762,0.026508,172.31.40.0-255,66,150066,70,219336
4763,0.028524,74.125.24.0-255,5738,155804,70,219336
4764,0.028537,172.31.40.0-255,66,155870,70,219336
4765,0.030554,74.125.24.0-255,5738,161608,70,219336
4766,0.030562,172.31.40.0-255,66,161674,70,219336
4767,0.032577,74.125.24.0-255,5738,167412,70,219336
4768,0.032588,172.31.40.0-255,66,167478,70,219336
4769,0.034618,74.125.24.0-255,5738,173216,70,219336
4770,0.034625,172.31.40.0-255,66,173282,70,219336
4771,0.036314,172.31.40.0-255,172,173454,70,219336
4772,0.03635,172.31.40.0-255,1117,174571,70,219336
4773,0.036412,172.31.40.0-255,1514,176085,70,219336
4774,0.036414,172.31.40.0-255,1514,177599,70,219336
4775,0.036438,172.31.40.0-255,845,178444,70,219336
4776,0.036636,74.125.24.0-255,5738,184182,70,219336
4777,0.036643,172.31.40.0-255,66,184248,70,219336
4778,0.037984,104.244.42.0-255,66,184314,70,219336
4779,0.038039,104.244.42.0-255,66,184380,70,219336
4780,0.038059,104.244.42.0-255,66,184446,70,219336
4781,0.038071,104.244.42.0-255,66,184512,70,219336
4782,0.038669,74.125.24.0-255,5738,190250,70,219336
4783,0.038675,172.31.40.0-255,66,190316,70,219336
4784,0.040709,74.125.24.0-255,5738,196054,70,219336
4785,0.040716,172.31.40.0-255,66,196120,70,219336
4786,0.042741,74.125.24.0-255,5738,201858,70,219336
4787,0.042747,172.31.40.0-255,66,201924,70,219336
4788,0.044782,74.125.24.0-255,5738,207662,70,219336
4789,0.044794,172.31.40.0-255,66,207728,70,219336
4790,0.046818,74.125.24.0-255,5738,213466,70,219336
4791,0.046826,172.31.40.0-255,66,213532,70,219336
4792,0.048839,74.125.24.0-255,5738,219270,70,219336
4793,0.048848,172.31.40.0-255,66,219336,70,219336
4794,0.0,216.58.221.0-255,146,146,70,201579
4795,2.2e-05,172.31.40.0-255,66,212,70,201579
4796,2.9e-05,216.58.221.0-255,1484,1696,70,201579
4797,3.4e-05,172.31.40.0-255,66,1762,70,201579
4798,4e-05,216.58.221.0-255,2902,4664,70,201579
4799,4.4e-05,172.31.40.0-255,66,4730,70,201579
4800,8.3e-05,216.58.221.0-255,7156,11886,70,201579
4801,8.7e-05,172.31.40.0-255,66,11952,70,201579
4802,0.000145,216.58.221.0-255,6236,18188,70,201579
4803,0.000148,172.31.40.0-255,66,18254,70,201579
4804,0.000234,172.31.40.0-255,66,18320,70,201579
4805,0.000388,216.58.221.0-255,1484,19804,70,201579
4806,0.000393,172.31.40.0-255,66,19870,70,201579
4807,0.0004,216.58.221.0-255,2902,22772,70,201579
4808,0.000402,172.31.40.0-255,66,22838,70,201579
4809,0.000442,216.58.221.0-255,5738,28576,70,201579
4810,0.000446,172.31.40.0-255,66,28642,70,201579
4811,0.00051,216.58.221.0-255,6797,35439,70,201579
4812,0.000514,172.31.40.0-255,66,35505,70,201579
4813,0.00059,216.58.221.0-255,4320,39825,70,201579
4814,0.000594,172.31.40.0-255,66,39891,70,201579
4815,0.000643,216.58.221.0-255,4320,44211,70,201579
4816,0.000647,172.31.40.0-255,66,44277,70,201579
4817,0.000661,216.58.221.0-255,1484,45761,70,201579
4818,0.000665,172.31.40.0-255,66,45827,70,201579
4819,0.000719,216.58.221.0-255,7122,52949,70,201579
4820,0.000723,172.31.40.0-255,66,53015,70,201579
4821,0.001889,216.58.221.0-255,118,53133,70,201579
4822,0.001896,172.31.40.0-255,66,53199,70,201579
4823,0.00261,216.58.221.0-255,4320,57519,70,201579
4824,0.002615,172.31.40.0-255,66,57585,70,201579
4825,0.003789,216.58.221.0-255,1484,59069,70,201579
4826,0.003793,172.31.40.0-255,66,59135,70,201579
4827,0.004516,216.58.221.0-255,4320,63455,70,201579
4828,0.004522,172.31.40.0-255,66,63521,70,201579
4829,0.005674,216.58.221.0-255,1484,65005,70,201579
4830,0.006405,216.58.221.0-255,4320,69325,70,201579
4831,0.006408,172.31.40.0-255,66,69391,70,201579
4832,0.008309,216.58.221.0-255,5738,75129,70,201579
4833,0.008444,172.31.40.0-255,66,75195,70,201579
4834,0.010347,216.58.221.0-255,5738,80933,70,201579
4835,0.010353,172.31.40.0-255,66,80999,70,201579
4836,0.01226,216.58.221.0-255,5738,86737,70,201579
4837,0.012267,172.31.40.0-255,66,86803,70,201579
4838,0.014168,216.58.221.0-255,5738,92541,70,201579
4839,0.014175,172.31.40.0-255,66,92607,70,201579
4840,0.016077,216.58.221.0-255,5738,98345,70,201579
4841,0.016618,172.31.40.0-255,66,98411,70,201579
4842,0.018537,216.58.221.0-255,5738,104149,70,201579
4843,0.018547,172.31.40.0-255,66,104215,70,201579
4844,0.020451,216.58.221.0-255,5738,109953,70,201579
4845,0.020459,172.31.40.0-255,66,110019,70,201579
4846,0.022361,216.58.221.0-255,5738,115757,70,201579
4847,0.02237,172.31.40.0-255,66,115823,70,201579
4848,0.024272,216.58.221.0-255,5738,121561,70,201579
4849,0.024279,172.31.40.0-255,66,121627,70,201579
4850,0.0256,172.31.40.0-255,172,121799,70,201579
4851,0.02563,172.31.40.0-255,1114,122913,70,201579
4852,0.025693,172.31.40.0-255,1514,124427,70,201579
4853,0.025694,172.31.40.0-255,1328,125755,70,201579
4854,0.026177,216.58.221.0-255,5738,131493,70,201579
4855,0.026184,172.31.40.0-255,66,131559,70,201579
4856,0.027127,104.244.42.0-255,66,131625,70,201579
4857,0.027164,104.244.42.0-255,66,131691,70,201579
4858,0.027217,104.244.42.0-255,66,131757,70,201579
4859,0.027995,104.244.42.0-255,108,131865,70,201579
4860,0.028007,172.31.40.0-255,66,131931,70,201579
4861,0.028077,216.58.221.0-255,5738,137669,70,201579
4862,0.028081,172.31.40.0-255,66,137735,70,201579
4863,0.029988,216.58.221.0-255,5738,143473,70,201579
4864,0.029996,172.31.40.0-255,66,143539,70,201579
4865,0.031904,216.58.221.0-255,5738,149277,70,201579
4866,0.031911,172.31.40.0-255,66,149343,70,201579
4867,0.033813,216.58.221.0-255,5738,155081,70,201579
4868,0.033822,172.31.40.0-255,66,155147,70,201579
4869,0.035718,216.58.221.0-255,5738,160885,70,201579
4870,0.035725,172.31.40.0-255,66,160951,70,201579
4871,0.037632,216.58.221.0-255,5738,166689,70,201579
4872,0.03764,172.31.40.0-255,66,166755,70,201579
4873,0.039541,216.58.221.0-255,5738,172493,70,201579
4874,0.039548,172.31.40.0-255,66,172559,70,201579
4875,0.041436,216.58.221.0-255,5738,178297,70,201579
4876,0.041443,172.31.40.0-255,66,178363,70,201579
4877,0.043377,216.58.221.0-255,5738,184101,70,201579
4878,0.043384,172.31.40.0-255,66,184167,70,201579
4879,0.045294,216.58.221.0-255,5738,189905,70,201579
4880,0.045305,172.31.40.0-255,66,189971,70,201579
4881,0.047208,216.58.221.0-255,5738,195709,70,201579
4882,0.047215,172.31.40.0-255,66,195775,70,201579
4883,0.049135,216.58.221.0-255,5738,201513,70,201579
4884,0.049142,172.31.40.0-255,66,201579,70,201579
4885,0.0,172.217.194.0-255,152,152,70,287796
4886,2.3e-05,172.31.40.0-255,66,218,70,287796
4887,2.9e-05,172.217.194.0-255,1484,1702,70,287796
4888,3.5e-05,172.31.40.0-255,66,1768,70,287796
4889,4.1e-05,172.217.194.0-255,2902,4670,70,287796
4890,4.4e-05,172.31.40.0-255,66,4736,70,287796
4891,4.8e-05,172.217.194.0-255,1484,6220,70,287796
4892,5e-05,172.31.40.0-255,66,6286,70,287796
4893,8.3e-05,172.217.194.0-255,5738,12024,70,287796
4894,8.5e-05,172.31.40.0-255,66,12090,70,287796
4895,0.0001,172.31.40.0-255,66,12156,70,287796
4896,0.000122,172.217.194.0-255,2040,14196,70,287796
4897,0.000124,172.31.40.0-255,66,14262,70,287796
4898,0.00013,172.217.194.0-255,3961,18223,70,287796
4899,0.000133,172.31.40.0-255,66,18289,70,287796
4900,0.00017,172.217.194.0-255,4320,22609,70,287796
4901,0.000173,172.31.40.0-255,66,22675,70,287796
4902,0.00019,172.217.194.0-255,2902,25577,70,287796
4903,0.000192,172.31.40.0-255,66,25643,70,287796
4904,0.000215,172.217.194.0-255,7156,32799,70,287796
4905,0.000218,172.31.40.0-255,66,32865,70,287796
4906,0.00023,172.31.40.0-255,66,32931,70,287796
4907,0.000234,172.217.194.0-255,2902,35833,70,287796
4908,0.000236,172.31.40.0-255,66,35899,70,287796
4909,0.000265,172.217.194.0-255,5293,41192,70,287796
4910,0.000268,172.31.40.0-255,66,41258,70,287796
4911,0.00028,172.217.194.0-255,119,41377,70,287796
4912,0.000282,172.31.40.0-255,66,41443,70,287796
4913,0.000448,172.217.194.0-255,1484,42927,70,287796
4914,0.000453,172.31.40.0-255,66,42993,70,287796
4915,0.000459,172.217.194.0-255,2902,45895,70,287796
4916,0.000462,172.31.40.0-255,66,45961,70,287796
4917,0.000468,172.217.194.0-255,5738,51699,70,287796
4918,0.000471,172.31.40.0-255,66,51765,70,287796
4919,0.000486,172.217.194.0-255,1484,53249,70,287796
4920,0.000523,172.31.40.0-255,66,53315,70,287796
4921,0.000557,172.217.194.0-255,10692,64007,70,287796
4922,0.00056,172.31.40.0-255,66,64073,70,287796
4923,0.001488,172.217.194.0-255,1484,65557,70,287796
4924,0.001509,172.217.194.0-255,2902,68459,70,287796
4925,0.001513,172.31.40.0-255,66,68525,70,287796
4926,0.001517,172.217.194.0-255,1484,70009,70,287796
4927,0.001536,172.217.194.0-255,4320,74329,70,287796
4928,0.001538,172.31.40.0-255,66,74395,70,287796
4929,0.001574,172.217.194.0-255,1484,75879,70,287796
4930,0.001588,172.217.194.0-255,4320,80199,70,287796
4931,0.00159,172.31.40.0-255,66,80265,70,287796
4932,0.001613,172.217.194.0-255,7156,87421,70,287796
4933,0.001615,172.31.40.0-255,66,87487,70,287796
4934,0.001637,172.217.194.0-255,8574,96061,70,287796
4935,0.001639,172.31.40.0-255,66,96127,70,287796
4936,0.00166,172.217.194.0-255,2184,98311,70,287796
4937,0.001662,172.31.40.0-255,66,98377,70,287796
4938,0.00194,172.217.194.0-255,1484,99861,70,287796
4939,0.001955,172.217.194.0-255,2902,102763,70,287796
4940,0.001972,172.31.40.0-255,66,102829,70,287796
4941,0.001979,172.217.194.0-255,5738,108567,70,287796
4942,0.001981,172.31.40.0-255,66,108633,70,287796
4943,0.002031,172.31.40.0-255,66,108699,70,287796
4944,0.002038,172.217.194.0-255,8574,117273,70,287796
4945,0.00204,172.31.40.0-255,66,117339,70,287796
4946,0.002076,172.217.194.0-255,5738,123077,70,287796
4947,0.002078,172.31.40.0-255,66,123143,70,287796
4948,0.002108,172.31.40.0-255,66,123209,70,287796
4949,0.002141,172.31.40.0-255,66,123275,70,287796
4950,0.002161,172.217.194.0-255,5738,129013,70,287796
4951,0.002163,172.31.40.0-255,66,129079,70,287796
4952,0.002191,172.31.40.0-255,66,129145,70,287796
4953,0.002203,172.31.40.0-255,66,129211,70,287796
4954,0.002228,172.217.194.0-255,4320,133531,70,287796
4955,0.00223,172.31.40.0-255,66,133597,70,287796
4956,0.002256,172.217.194.0-255,10692,144289,70,287796
4957,0.002259,172.31.40.0-255,66,144355,70,287796
4958,0.002277,172.31.40.0-255,66,144421,70,287796
4959,0.002283,172.217.194.0-255,5738,150159,70,287796
4960,0.002285,172.31.40.0-255,66,150225,70,287796
4961,0.002311,172.217.194.0-255,9274,159499,70,287796
4962,0.002314,172.31.40.0-255,66,159565,70,287796
4963,0.002328,172.217.194.0-255,5738,165303,70,287796
4964,0.00233,172.31.40.0-255,66,165369,70,287796
4965,0.00236,172.217.194.0-255,9992,175361,70,287796
4966,0.002363,172.31.40.0-255,66,175427,70,287796
4967,0.002367,172.217.194.0-255,2902,178329,70,287796
4968,0.002369,172.31.40.0-255,66,178395,70,287796
4969,0.002388,172.217.194.0-255,9274,187669,70,287796
4970,0.002391,172.31.40.0-255,66,187735,70,287796
4971,0.004674,172.217.194.0-255,5738,193473,70,287796
4972,0.004678,172.31.40.0-255,66,193539,70,287796
4973,0.00697,172.217.194.0-255,5738,199277,70,287796
4974,0.006976,172.31.40.0-255,66,199343,70,287796
4975,0.009265,172.217.194.0-255,5738,205081,70,287796
4976,0.009272,172.31.40.0-255,66,205147,70,287796
4977,0.011575,172.217.194.0-255,5738,210885,70,287796
4978,0.011582,172.31.40.0-255,66,210951,70,287796
4979,0.013865,172.217.194.0-255,2902,213853,70,287796
4980,0.013872,172.31.40.0-255,66,213919,70,287796
4981,0.013891,172.217.194.0-255,2902,216821,70,287796
4982,0.013893,172.31.40.0-255,66,216887,70,287796
4983,0.016174,172.217.194.0-255,5738,222625,70,287796
4984,0.016183,172.31.40.0-255,66,222691,70,287796
4985,0.018472,172.217.194.0-255,5738,228429,70,287796
4986,0.018479,172.31.40.0-255,66,228495,70,287796
4987,0.020762,172.217.194.0-255,5738,234233,70,287796
4988,0.020769,172.31.40.0-255,66,234299,70,287796
4989,0.023048,172.217.194.0-255,5738,240037,70,287796
4990,0.023054,172.31.40.0-255,66,240103,70,287796
4991,0.025335,172.217.194.0-255,5738,245841,70,287796
4992,0.025342,172.31.40.0-255,66,245907,70,287796
4993,0.027652,172.217.194.0-255,5738,251645,70,287796
4994,0.027661,172.31.40.0-255,66,251711,70,287796
4995,0.029945,172.217.194.0-255,5738,257449,70,287796
4996,0.029952,172.31.40.0-255,66,257515,70,287796
4997,0.032247,172.217.194.0-255,5738,263253,70,287796
4998,0.032254,172.31.40.0-255,66,263319,70,287796
4999,0.034516,172.217.194.0-255,5738,269057,70,287796
5000,0.034524,172.31.40.0-255,66,269123,70,287796
5001,0.036795,172.217.194.0-255,5738,274861,70,287796
5002,0.036806,172.31.40.0-255,66,274927,70,287796
5003,0.03911,172.217.194.0-255,5639,280566,70,287796
5004,0.039122,172.31.40.0-255,66,280632,70,287796
5005,0.039317,172.31.40.0-255,105,280737,70,287796
5006,0.041586,172.217.194.0-255,66,280803,70,287796
5007,0.042651,172.31.40.0-255,280,281083,70,287796
5008,0.042675,172.31.40.0-255,1117,282200,70,287796
5009,0.042736,172.31.40.0-255,1514,283714,70,287796
5010,0.042738,172.31.40.0-255,1514,285228,70,287796
5011,0.042741,172.31.40.0-255,1514,286742,70,287796
5012,0.042742,172.31.40.0-255,790,287532,70,287796
5013,0.04422,104.244.42.0-255,66,287598,70,287796
5014,0.044228,104.244.42.0-255,66,287664,70,287796
5015,0.044303,104.244.42.0-255,66,287730,70,287796
5016,0.044308,104.244.42.0-255,66,287796,70,287796
5017,0.0,74.125.68.0-255,291,291,70,232007
5018,2.4e-05,172.31.40.0-255,66,357,70,232007
5019,3.1e-05,74.125.68.0-255,1484,1841,70,232007
5020,3.5e-05,172.31.40.0-255,66,1907,70,232007
5021,4.2e-05,74.125.68.0-255,4320,6227,70,232007
5022,4.5e-05,172.31.40.0-255,66,6293,70,232007
5023,5e-05,74.125.68.0-255,2902,9195,70,232007
5024,5.2e-05,172.31.40.0-255,66,9261,70,232007
5025,5.8e-05,74.125.68.0-255,4320,13581,70,232007
5026,6e-05,172.31.40.0-255,66,13647,70,232007
5027,8.4e-05,74.125.68.0-255,1484,15131,70,232007
5028,8.6e-05,172.31.40.0-255,66,15197,70,232007
5029,0.000106,74.125.68.0-255,3248,18445,70,232007
5030,0.000109,172.31.40.0-255,66,18511,70,232007
5031,0.000114,74.125.68.0-255,4320,22831,70,232007
5032,0.000116,172.31.40.0-255,66,22897,70,232007
5033,0.00013,74.125.68.0-255,1484,24381,70,232007
5034,0.000132,172.31.40.0-255,66,24447,70,232007
5035,0.000138,74.125.68.0-255,4320,28767,70,232007
5036,0.00014,172.31.40.0-255,66,28833,70,232007
5037,0.000198,74.125.68.0-255,2543,31376,70,232007
5038,0.000201,172.31.40.0-255,66,31442,70,232007
5039,0.000278,74.125.68.0-255,1484,32926,70,232007
5040,0.000282,172.31.40.0-255,66,32992,70,232007
5041,0.0003,74.125.68.0-255,2902,35894,70,232007
5042,0.000302,172.31.40.0-255,66,35960,70,232007
5043,0.000331,74.125.68.0-255,5738,41698,70,232007
5044,0.000334,172.31.40.0-255,66,41764,70,232007
5045,0.000346,74.125.68.0-255,1484,43248,70,232007
5046,0.000348,172.31.40.0-255,66,43314,70,232007
5047,0.000389,74.125.68.0-255,2902,46216,70,232007
5048,0.000391,172.31.40.0-255,66,46282,70,232007
5049,0.000412,74.125.68.0-255,1484,47766,70,232007
5050,0.00045,74.125.68.0-255,2902,50668,70,232007
5051,0.000453,74.125.68.0-255,1484,52152,70,232007
5052,0.00048,74.125.68.0-255,2902,55054,70,232007
5053,0.000509,74.125.68.0-255,4320,59374,70,232007
5054,0.000553,74.125.68.0-255,4320,63694,70,232007
5055,0.000567,74.125.68.0-255,2184,65878,70,232007
5056,0.000582,74.125.68.0-255,399,66277,70,232007
5057,0.000603,172.31.40.0-255,66,66343,70,232007
5058,0.000681,74.125.68.0-255,109,66452,70,232007
5059,0.000815,74.125.68.0-255,1484,67936,70,232007
5060,0.000825,172.31.40.0-255,66,68002,70,232007
5061,0.00085,74.125.68.0-255,2902,70904,70,232007
5062,0.00086,172.31.40.0-255,66,70970,70,232007
5063,0.000874,74.125.68.0-255,4320,75290,70,232007
5064,0.000898,74.125.68.0-255,4320,79610,70,232007
5065,0.0009,172.31.40.0-255,66,79676,70,232007
5066,0.000905,172.31.40.0-255,66,79742,70,232007
5067,0.000947,74.125.68.0-255,4320,84062,70,232007
5068,0.000955,172.31.40.0-255,66,84128,70,232007
5069,0.000962,74.125.68.0-255,1484,85612,70,232007
5070,0.000977,74.125.68.0-255,2902,88514,70,232007
5071,0.000982,74.125.68.0-255,2902,91416,70,232007
5072,0.000996,74.125.68.0-255,1484,92900,70,232007
5073,0.000999,74.125.68.0-255,1484,94384,70,232007
5074,0.001004,172.31.40.0-255,66,94450,70,232007
5075,0.001025,74.125.68.0-255,2902,97352,70,232007
5076,0.001035,172.31.40.0-255,66,97418,70,232007
5077,0.001059,74.125.68.0-255,3602,101020,70,232007
5078,0.001068,172.31.40.0-255,66,101086,70,232007
5079,0.001795,74.125.68.0-255,1484,102570,70,232007
5080,0.001801,172.31.40.0-255,66,102636,70,232007
5081,0.001809,74.125.68.0-255,1484,104120,70,232007
5082,0.001832,74.125.68.0-255,2902,107022,70,232007
5083,0.001836,74.125.68.0-255,1484,108506,70,232007
5084,0.00185,74.125.68.0-255,4320,112826,70,232007
5085,0.001852,74.125.68.0-255,1484,114310,70,232007
5086,0.00187,74.125.68.0-255,2902,117212,70,232007
5087,0.001897,74.125.68.0-255,4320,121532,70,232007
5088,0.001909,74.125.68.0-255,1484,123016,70,232007
5089,0.00193,74.125.68.0-255,8574,131590,70,232007
5090,0.001946,74.125.68.0-255,1484,133074,70,232007
5091,0.001963,74.125.68.0-255,2184,135258,70,232007
5092,0.002616,74.125.68.0-255,1484,136742,70,232007
5093,0.002622,74.125.68.0-255,1484,138226,70,232007
5094,0.00682,172.31.40.0-255,66,138292,70,232007
5095,0.009436,74.125.68.0-255,5738,144030,70,232007
5096,0.009444,172.31.40.0-255,66,144096,70,232007
5097,0.012072,74.125.68.0-255,5738,149834,70,232007
5098,0.01208,172.31.40.0-255,66,149900,70,232007
5099,0.0147,74.125.68.0-255,5738,155638,70,232007
5100,0.014708,172.31.40.0-255,66,155704,70,232007
5101,0.017673,74.125.68.0-255,5738,161442,70,232007
5102,0.017682,172.31.40.0-255,66,161508,70,232007
5103,0.020289,74.125.68.0-255,5738,167246,70,232007
5104,0.020299,172.31.40.0-255,66,167312,70,232007
5105,0.022912,74.125.68.0-255,5738,173050,70,232007
5106,0.02292,172.31.40.0-255,66,173116,70,232007
5107,0.025529,74.125.68.0-255,5738,178854,70,232007
5108,0.025536,172.31.40.0-255,66,178920,70,232007
5109,0.02594,172.31.40.0-255,171,179091,70,232007
5110,0.025981,172.31.40.0-255,614,179705,70,232007
5111,0.028164,74.125.68.0-255,5738,185443,70,232007
5112,0.028171,172.31.40.0-255,66,185509,70,232007
5113,0.03078,74.125.68.0-255,5738,191247,70,232007
5114,0.030788,172.31.40.0-255,66,191313,70,232007
5115,0.030795,104.244.42.0-255,66,191379,70,232007
5116,0.033404,74.125.68.0-255,5738,197117,70,232007
5117,0.033411,172.31.40.0-255,66,197183,70,232007
5118,0.03603,74.125.68.0-255,5738,202921,70,232007
5119,0.036041,172.31.40.0-255,66,202987,70,232007
5120,0.038654,74.125.68.0-255,5738,208725,70,232007
5121,0.038664,172.31.40.0-255,66,208791,70,232007
5122,0.04131,74.125.68.0-255,5738,214529,70,232007
5123,0.041316,172.31.40.0-255,66,214595,70,232007
5124,0.043939,74.125.68.0-255,5738,220333,70,232007
5125,0.043946,172.31.40.0-255,66,220399,70,232007
5126,0.046586,74.125.68.0-255,5738,226137,70,232007
5127,0.046594,172.31.40.0-255,66,226203,70,232007
5128,0.049203,74.125.68.0-255,5738,231941,70,232007
5129,0.04921,172.31.40.0-255,66,232007,70,232007
5130,0.0,74.125.24.0-255,152,152,70,303614
5131,3.1e-05,172.31.40.0-255,66,218,70,303614
5132,3.9e-05,74.125.24.0-255,1484,1702,70,303614
5133,4.5e-05,172.31.40.0-255,66,1768,70,303614
5134,5e-05,74.125.24.0-255,2902,4670,70,303614
5135,5.3e-05,172.31.40.0-255,66,4736,70,303614
5136,6e-05,74.125.24.0-255,5738,10474,70,303614
5137,6.4e-05,172.31.40.0-255,66,10540,70,303614
5138,0.000135,74.125.24.0-255,7682,18222,70,303614
5139,0.000139,172.31.40.0-255,66,18288,70,303614
5140,0.000148,74.125.24.0-255,8574,26862,70,303614
5141,0.00015,172.31.40.0-255,66,26928,70,303614
5142,0.000156,74.125.24.0-255,3961,30889,70,303614
5143,0.000159,172.31.40.0-255,66,30955,70,303614
5144,0.000452,74.125.24.0-255,1484,32439,70,303614
5145,0.000457,172.31.40.0-255,66,32505,70,303614
5146,0.000464,74.125.24.0-255,2902,35407,70,303614
5147,0.000467,172.31.40.0-255,66,35473,70,303614
5148,0.000471,74.125.24.0-255,2902,38375,70,303614
5149,0.000473,172.31.40.0-255,66,38441,70,303614
5150,0.000494,74.125.24.0-255,2902,41343,70,303614
5151,0.000496,172.31.40.0-255,66,41409,70,303614
5152,0.000501,74.125.24.0-255,2902,44311,70,303614
5153,0.000523,172.31.40.0-255,66,44377,70,303614
5154,0.000531,74.125.24.0-255,7156,51533,70,303614
5155,0.000535,172.31.40.0-255,66,51599,70,303614
5156,0.000558,74.125.24.0-255,3961,55560,70,303614
5157,0.000561,172.31.40.0-255,66,55626,70,303614
5158,0.000595,74.125.24.0-255,9911,65537,70,303614
5159,0.000598,172.31.40.0-255,66,65603,70,303614
5160,0.000601,74.125.24.0-255,132,65735,70,303614
5161,0.000603,172.31.40.0-255,66,65801,70,303614
5162,0.000716,74.125.24.0-255,1484,67285,70,303614
5163,0.000722,74.125.24.0-255,1484,68769,70,303614
5164,0.000726,172.31.40.0-255,66,68835,70,303614
5165,0.000747,74.125.24.0-255,1484,70319,70,303614
5166,0.000754,74.125.24.0-255,5738,76057,70,303614
5167,0.000757,172.31.40.0-255,66,76123,70,303614
5168,0.000765,74.125.24.0-255,7156,83279,70,303614
5169,0.000767,172.31.40.0-255,66,83345,70,303614
5170,0.000803,74.125.24.0-255,5738,89083,70,303614
5171,0.000806,172.31.40.0-255,66,89149,70,303614
5172,0.000817,74.125.24.0-255,10692,99841,70,303614
5173,0.000819,172.31.40.0-255,66,99907,70,303614
5174,0.000833,172.31.40.0-255,66,99973,70,303614
5175,0.00084,74.125.24.0-255,7156,107129,70,303614
5176,0.000843,172.31.40.0-255,66,107195,70,303614
5177,0.000869,74.125.24.0-255,7156,114351,70,303614
5178,0.000872,172.31.40.0-255,66,114417,70,303614
5179,0.000888,74.125.24.0-255,1484,115901,70,303614
5180,0.000907,74.125.24.0-255,7156,123057,70,303614
5181,0.00091,172.31.40.0-255,66,123123,70,303614
5182,0.000939,172.31.40.0-255,66,123189,70,303614
5183,0.000954,74.125.24.0-255,2184,125373,70,303614
5184,0.000956,172.31.40.0-255,66,125439,70,303614
5185,0.001355,74.125.24.0-255,1484,126923,70,303614
5186,0.001362,74.125.24.0-255,2902,129825,70,303614
5187,0.001382,74.125.24.0-255,5738,135563,70,303614
5188,0.001385,74.125.24.0-255,1484,137047,70,303614
5189,0.001405,74.125.24.0-255,2902,139949,70,303614
5190,0.001408,74.125.24.0-255,1484,141433,70,303614
5191,0.001427,74.125.24.0-255,5738,147171,70,303614
5192,0.001456,74.125.24.0-255,8574,155745,70,303614
5193,0.001462,74.125.24.0-255,3602,159347,70,303614
5194,0.001788,172.31.40.0-255,66,159413,70,303614
5195,0.002081,74.125.24.0-255,1484,160897,70,303614
5196,0.002106,74.125.24.0-255,2902,163799,70,303614
5197,0.002111,172.31.40.0-255,66,163865,70,303614
5198,0.002119,74.125.24.0-255,5738,169603,70,303614
5199,0.002123,172.31.40.0-255,66,169669,70,303614
5200,0.002131,74.125.24.0-255,1484,171153,70,303614
5201,0.002173,172.31.40.0-255,66,171219,70,303614
5202,0.002219,74.125.24.0-255,5738,176957,70,303614
5203,0.002225,172.31.40.0-255,66,177023,70,303614
5204,0.002249,74.125.24.0-255,5020,182043,70,303614
5205,0.002269,172.31.40.0-255,66,182109,70,303614
5206,0.004575,74.125.24.0-255,5738,187847,70,303614
5207,0.004582,172.31.40.0-255,66,187913,70,303614
5208,0.006885,74.125.24.0-255,5738,193651,70,303614
5209,0.006889,172.31.40.0-255,66,193717,70,303614
5210,0.00919,74.125.24.0-255,5738,199455,70,303614
5211,0.009195,172.31.40.0-255,66,199521,70,303614
5212,0.011552,74.125.24.0-255,5738,205259,70,303614
5213,0.011572,172.31.40.0-255,66,205325,70,303614
5214,0.013909,74.125.24.0-255,5738,211063,70,303614
5215,0.013917,172.31.40.0-255,66,211129,70,303614
5216,0.016232,74.125.24.0-255,5738,216867,70,303614
5217,0.01624,172.31.40.0-255,66,216933,70,303614
5218,0.018564,74.125.24.0-255,5738,222671,70,303614
5219,0.018572,172.31.40.0-255,66,222737,70,303614
5220,0.020947,74.125.24.0-255,5738,228475,70,303614
5221,0.020958,172.31.40.0-255,66,228541,70,303614
5222,0.023281,74.125.24.0-255,5738,234279,70,303614
5223,0.023289,172.31.40.0-255,66,234345,70,303614
5224,0.025613,74.125.24.0-255,5738,240083,70,303614
5225,0.025621,172.31.40.0-255,66,240149,70,303614
5226,0.027974,74.125.24.0-255,5738,245887,70,303614
5227,0.027993,172.31.40.0-255,66,245953,70,303614
5228,0.030333,74.125.24.0-255,5738,251691,70,303614
5229,0.030348,172.31.40.0-255,66,251757,70,303614
5230,0.032664,74.125.24.0-255,5738,257495,70,303614
5231,0.03268,172.31.40.0-255,66,257561,70,303614
5232,0.035036,74.125.24.0-255,5738,263299,70,303614
5233,0.035054,172.31.40.0-255,66,263365,70,303614
5234,0.037417,74.125.24.0-255,5738,269103,70,303614
5235,0.037431,172.31.40.0-255,66,269169,70,303614
5236,0.039787,74.125.24.0-255,5738,274907,70,303614
5237,0.039805,172.31.40.0-255,66,274973,70,303614
5238,0.042127,74.125.24.0-255,5738,280711,70,303614
5239,0.042137,172.31.40.0-255,66,280777,70,303614
5240,0.043096,172.31.40.0-255,172,280949,70,303614
5241,0.043129,172.31.40.0-255,1117,282066,70,303614
5242,0.043192,172.31.40.0-255,1514,283580,70,303614
5243,0.043194,172.31.40.0-255,1514,285094,70,303614
5244,0.043195,172.31.40.0-255,844,285938,70,303614
5245,0.044469,74.125.24.0-255,5738,291676,70,303614
5246,0.044478,172.31.40.0-255,66,291742,70,303614
5247,0.044631,104.244.42.0-255,66,291808,70,303614
5248,0.044685,104.244.42.0-255,66,291874,70,303614
5249,0.044786,104.244.42.0-255,66,291940,70,303614
5250,0.044793,104.244.42.0-255,66,292006,70,303614
5251,0.046814,74.125.24.0-255,5738,297744,70,303614
5252,0.046831,172.31.40.0-255,66,297810,70,303614
5253,0.049145,74.125.24.0-255,5738,303548,70,303614
5254,0.049163,172.31.40.0-255,66,303614,70,303614
5255,0.0,74.125.200.0-255,153,153,70,270583
5256,1.4e-05,172.31.40.0-255,66,219,70,270583
5257,2e-05,74.125.200.0-255,1484,1703,70,270583
5258,2.4e-05,172.31.40.0-255,66,1769,70,270583
5259,5.2e-05,74.125.200.0-255,2902,4671,70,270583
5260,5.7e-05,172.31.40.0-255,66,4737,70,270583
5261,8.2e-05,74.125.200.0-255,1484,6221,70,270583
5262,8.4e-05,172.31.40.0-255,66,6287,70,270583
5263,8.9e-05,74.125.200.0-255,2902,9189,70,270583
5264,9.1e-05,172.31.40.0-255,66,9255,70,270583
5265,0.000112,74.125.200.0-255,4843,14098,70,270583
5266,0.000114,172.31.40.0-255,66,14164,70,270583
5267,0.000137,74.125.200.0-255,5738,19902,70,270583
5268,0.00014,172.31.40.0-255,66,19968,70,270583
5269,0.00016,74.125.200.0-255,1484,21452,70,270583
5270,0.000162,172.31.40.0-255,66,21518,70,270583
5271,0.000194,74.125.200.0-255,9633,31151,70,270583
5272,0.000196,172.31.40.0-255,66,31217,70,270583
5273,0.000261,74.125.200.0-255,1484,32701,70,270583
5274,0.000264,172.31.40.0-255,66,32767,70,270583
5275,0.00029,74.125.200.0-255,2902,35669,70,270583
5276,0.000293,172.31.40.0-255,66,35735,70,270583
5277,0.0003,74.125.200.0-255,4320,40055,70,270583
5278,0.000302,172.31.40.0-255,66,40121,70,270583
5279,0.000322,74.125.200.0-255,1484,41605,70,270583
5280,0.000325,172.31.40.0-255,66,41671,70,270583
5281,0.000329,74.125.200.0-255,2902,44573,70,270583
5282,0.000332,172.31.40.0-255,66,44639,70,270583
5283,0.000361,74.125.200.0-255,4320,48959,70,270583
5284,0.000368,172.31.40.0-255,66,49025,70,270583
5285,0.000395,74.125.200.0-255,3961,52986,70,270583
5286,0.000398,172.31.40.0-255,66,53052,70,270583
5287,0.000407,74.125.200.0-255,8574,61626,70,270583
5288,0.000409,172.31.40.0-255,66,61692,70,270583
5289,0.000414,74.125.200.0-255,4266,65958,70,270583
5290,0.000416,172.31.40.0-255,66,66024,70,270583
5291,0.000419,74.125.200.0-255,114,66138,70,270583
5292,0.000456,74.125.200.0-255,334,66472,70,270583
5293,0.00087,74.125.200.0-255,1484,67956,70,270583
5294,0.000875,172.31.40.0-255,66,68022,70,270583
5295,0.00088,74.125.200.0-255,2902,70924,70,270583
5296,0.000883,172.31.40.0-255,66,70990,70,270583
5297,0.000942,74.125.200.0-255,5738,76728,70,270583
5298,0.000944,172.31.40.0-255,66,76794,70,270583
5299,0.000952,74.125.200.0-255,6247,83041,70,270583
5300,0.000954,172.31.40.0-255,66,83107,70,270583
5301,0.001316,74.125.200.0-255,1484,84591,70,270583
5302,0.001322,74.125.200.0-255,2902,87493,70,270583
5303,0.001325,172.31.40.0-255,66,87559,70,270583
5304,0.001338,74.125.200.0-255,1484,89043,70,270583
5305,0.001354,74.125.200.0-255,4320,93363,70,270583
5306,0.001357,172.31.40.0-255,66,93429,70,270583
5307,0.00136,74.125.200.0-255,1484,94913,70,270583
5308,0.001388,74.125.200.0-255,7156,102069,70,270583
5309,0.00139,172.31.40.0-255,66,102135,70,270583
5310,0.001395,74.125.200.0-255,2902,105037,70,270583
5311,0.001397,172.31.40.0-255,66,105103,70,270583
5312,0.00143,74.125.200.0-255,7156,112259,70,270583
5313,0.001432,172.31.40.0-255,66,112325,70,270583
5314,0.001438,74.125.200.0-255,5020,117345,70,270583
5315,0.00144,172.31.40.0-255,66,117411,70,270583
5316,0.002131,74.125.200.0-255,1484,118895,70,270583
5317,0.002142,74.125.200.0-255,2902,121797,70,270583
5318,0.002147,172.31.40.0-255,66,121863,70,270583
5319,0.002179,74.125.200.0-255,5738,127601,70,270583
5320,0.002182,172.31.40.0-255,66,127667,70,270583
5321,0.002186,74.125.200.0-255,2902,130569,70,270583
5322,0.002189,172.31.40.0-255,66,130635,70,270583
5323,0.002209,74.125.200.0-255,2902,133537,70,270583
5324,0.002211,172.31.40.0-255,66,133603,70,270583
5325,0.002236,74.125.200.0-255,1484,135087,70,270583
5326,0.002242,74.125.200.0-255,4320,139407,70,270583
5327,0.002244,172.31.40.0-255,66,139473,70,270583
5328,0.002265,74.125.200.0-255,2902,142375,70,270583
5329,0.002267,172.31.40.0-255,66,142441,70,270583
5330,0.002335,74.125.200.0-255,8574,151015,70,270583
5331,0.002339,172.31.40.0-255,66,151081,70,270583
5332,0.002342,74.125.200.0-255,766,151847,70,270583
5333,0.004649,74.125.200.0-255,4320,156167,70,270583
5334,0.004654,172.31.40.0-255,66,156233,70,270583
5335,0.006962,74.125.200.0-255,5738,161971,70,270583
5336,0.006967,172.31.40.0-255,66,162037,70,270583
5337,0.009281,74.125.200.0-255,5738,167775,70,270583
5338,0.009288,172.31.40.0-255,66,167841,70,270583
5339,0.011598,74.125.200.0-255,5738,173579,70,270583
5340,0.011605,172.31.40.0-255,66,173645,70,270583
5341,0.013928,74.125.200.0-255,5738,179383,70,270583
5342,0.01394,172.31.40.0-255,66,179449,70,270583
5343,0.016252,74.125.200.0-255,5738,185187,70,270583
5344,0.016257,172.31.40.0-255,66,185253,70,270583
5345,0.018582,74.125.200.0-255,5738,190991,70,270583
5346,0.018589,172.31.40.0-255,66,191057,70,270583
5347,0.02092,74.125.200.0-255,5738,196795,70,270583
5348,0.020927,172.31.40.0-255,66,196861,70,270583
5349,0.023249,74.125.200.0-255,5738,202599,70,270583
5350,0.023257,172.31.40.0-255,66,202665,70,270583
5351,0.025576,74.125.200.0-255,5738,208403,70,270583
5352,0.025585,172.31.40.0-255,66,208469,70,270583
5353,0.027905,74.125.200.0-255,5738,214207,70,270583
5354,0.02791,172.31.40.0-255,66,214273,70,270583
5355,0.028448,172.31.40.0-255,172,214445,70,270583
5356,0.028474,172.31.40.0-255,1118,215563,70,270583
5357,0.028522,172.31.40.0-255,1514,217077,70,270583
5358,0.028523,172.31.40.0-255,1514,218591,70,270583
5359,0.028524,172.31.40.0-255,844,219435,70,270583
5360,0.029966,104.244.42.0-255,66,219501,70,270583
5361,0.030025,104.244.42.0-255,66,219567,70,270583
5362,0.030079,104.244.42.0-255,66,219633,70,270583
5363,0.03009,104.244.42.0-255,66,219699,70,270583
5364,0.03021,74.125.200.0-255,4320,224019,70,270583
5365,0.030214,172.31.40.0-255,66,224085,70,270583
5366,0.030242,74.125.200.0-255,1484,225569,70,270583
5367,0.032539,74.125.200.0-255,4320,229889,70,270583
5368,0.032546,172.31.40.0-255,66,229955,70,270583
5369,0.034866,74.125.200.0-255,5738,235693,70,270583
5370,0.034873,172.31.40.0-255,66,235759,70,270583
5371,0.037198,74.125.200.0-255,5738,241497,70,270583
5372,0.037203,172.31.40.0-255,66,241563,70,270583
5373,0.039518,74.125.200.0-255,5738,247301,70,270583
5374,0.039525,172.31.40.0-255,66,247367,70,270583
5375,0.041875,74.125.200.0-255,5738,253105,70,270583
5376,0.041882,172.31.40.0-255,66,253171,70,270583
5377,0.044211,74.125.200.0-255,5738,258909,70,270583
5378,0.04423,172.31.40.0-255,66,258975,70,270583
5379,0.046547,74.125.200.0-255,5738,264713,70,270583
5380,0.046562,172.31.40.0-255,66,264779,70,270583
5381,0.048894,74.125.200.0-255,5738,270517,70,270583
5382,0.04891,172.31.40.0-255,66,270583,70,270583
5383,0.0,74.125.24.0-255,153,153,70,282064
5384,2.4e-05,172.31.40.0-255,66,219,70,282064
5385,3.1e-05,74.125.24.0-255,1484,1703,70,282064
5386,3.5e-05,172.31.40.0-255,66,1769,70,282064
5387,4.1e-05,74.125.24.0-255,2902,4671,70,282064
5388,4.6e-05,172.31.40.0-255,66,4737,70,282064
5389,6.2e-05,74.125.24.0-255,7156,11893,70,282064
5390,6.5e-05,172.31.40.0-255,66,11959,70,282064
5391,8e-05,172.31.40.0-255,66,12025,70,282064
5392,0.000103,74.125.24.0-255,611,12636,70,282064
5393,0.000111,172.31.40.0-255,66,12702,70,282064
5394,0.000118,74.125.24.0-255,5738,18440,70,282064
5395,0.000121,172.31.40.0-255,66,18506,70,282064
5396,0.000149,74.125.24.0-255,1125,19631,70,282064
5397,0.000157,172.31.40.0-255,66,19697,70,282064
5398,0.000165,74.125.24.0-255,7156,26853,70,282064
5399,0.000167,172.31.40.0-255,66,26919,70,282064
5400,0.000204,74.125.24.0-255,8574,35493,70,282064
5401,0.000207,172.31.40.0-255,66,35559,70,282064
5402,0.00021,74.125.24.0-255,1125,36684,70,282064
5403,0.000212,172.31.40.0-255,66,36750,70,282064
5404,0.000311,74.125.24.0-255,1484,38234,70,282064
5405,0.000315,172.31.40.0-255,66,38300,70,282064
5406,0.000319,74.125.24.0-255,2902,41202,70,282064
5407,0.000322,172.31.40.0-255,66,41268,70,282064
5408,0.000357,74.125.24.0-255,5738,47006,70,282064
5409,0.000361,172.31.40.0-255,66,47072,70,282064
5410,0.000399,74.125.24.0-255,2902,49974,70,282064
5411,0.000402,172.31.40.0-255,66,50040,70,282064
5412,0.000431,74.125.24.0-255,4305,54345,70,282064
5413,0.000434,172.31.40.0-255,66,54411,70,282064
5414,0.000494,74.125.24.0-255,1484,55895,70,282064
5415,0.000499,74.125.24.0-255,1484,57379,70,282064
5416,0.000502,172.31.40.0-255,66,57445,70,282064
5417,0.000535,74.125.24.0-255,1484,58929,70,282064
5418,0.000542,74.125.24.0-255,5738,64667,70,282064
5419,0.000545,172.31.40.0-255,66,64733,70,282064
5420,0.000575,74.125.24.0-255,7064,71797,70,282064
5421,0.000578,172.31.40.0-255,66,71863,70,282064
5422,0.000604,74.125.24.0-255,5738,77601,70,282064
5423,0.000608,172.31.40.0-255,66,77667,70,282064
5424,0.000619,74.125.24.0-255,1484,79151,70,282064
5425,0.00063,74.125.24.0-255,5738,84889,70,282064
5426,0.000633,172.31.40.0-255,66,84955,70,282064
5427,0.000658,74.125.24.0-255,1484,86439,70,282064
5428,0.000672,74.125.24.0-255,2543,88982,70,282064
5429,0.000675,172.31.40.0-255,66,89048,70,282064
5430,0.001251,74.125.24.0-255,1484,90532,70,282064
5431,0.001268,74.125.24.0-255,2902,93434,70,282064
5432,0.001271,172.31.40.0-255,66,93500,70,282064
5433,0.001275,74.125.24.0-255,1484,94984,70,282064
5434,0.001302,74.125.24.0-255,4320,99304,70,282064
5435,0.001304,172.31.40.0-255,66,99370,70,282064
5436,0.001333,74.125.24.0-255,5738,105108,70,282064
5437,0.001342,172.31.40.0-255,66,105174,70,282064
5438,0.001347,74.125.24.0-255,4320,109494,70,282064
5439,0.001349,172.31.40.0-255,66,109560,70,282064
5440,0.001354,74.125.24.0-255,5738,115298,70,282064
5441,0.001356,172.31.40.0-255,66,115364,70,282064
5442,0.001384,74.125.24.0-255,1484,116848,70,282064
5443,0.001405,74.125.24.0-255,6438,123286,70,282064
5444,0.001407,172.31.40.0-255,66,123352,70,282064
5445,0.00155,74.125.24.0-255,1484,124836,70,282064
5446,0.001556,74.125.24.0-255,2902,127738,70,282064
5447,0.001559,172.31.40.0-255,66,127804,70,282064
5448,0.001586,74.125.24.0-255,5738,133542,70,282064
5449,0.001589,172.31.40.0-255,66,133608,70,282064
5450,0.001597,74.125.24.0-255,7156,140764,70,282064
5451,0.001599,172.31.40.0-255,66,140830,70,282064
5452,0.00164,172.31.40.0-255,66,140896,70,282064
5453,0.001645,74.125.24.0-255,2184,143080,70,282064
5454,0.001647,172.31.40.0-255,66,143146,70,282064
5455,0.003754,74.125.24.0-255,5738,148884,70,282064
5456,0.003761,172.31.40.0-255,66,148950,70,282064
5457,0.005784,74.125.24.0-255,5738,154688,70,282064
5458,0.005789,172.31.40.0-255,66,154754,70,282064
5459,0.007821,74.125.24.0-255,5738,160492,70,282064
5460,0.007827,172.31.40.0-255,66,160558,70,282064
5461,0.00986,74.125.24.0-255,5738,166296,70,282064
5462,0.009868,172.31.40.0-255,66,166362,70,282064
5463,0.011892,74.125.24.0-255,5738,172100,70,282064
5464,0.0119,172.31.40.0-255,66,172166,70,282064
5465,0.01396,74.125.24.0-255,5738,177904,70,282064
5466,0.013968,172.31.40.0-255,66,177970,70,282064
5467,0.016008,74.125.24.0-255,5738,183708,70,282064
5468,0.016019,172.31.40.0-255,66,183774,70,282064
5469,0.018076,74.125.24.0-255,5738,189512,70,282064
5470,0.018093,172.31.40.0-255,66,189578,70,282064
5471,0.02017,74.125.24.0-255,5738,195316,70,282064
5472,0.020191,172.31.40.0-255,66,195382,70,282064
5473,0.022242,74.125.24.0-255,5738,201120,70,282064
5474,0.022257,172.31.40.0-255,66,201186,70,282064
5475,0.024289,74.125.24.0-255,5738,206924,70,282064
5476,0.024307,172.31.40.0-255,66,206990,70,282064
5477,0.026342,74.125.24.0-255,5738,212728,70,282064
5478,0.026354,172.31.40.0-255,66,212794,70,282064
5479,0.028384,74.125.24.0-255,5738,218532,70,282064
5480,0.028395,172.31.40.0-255,66,218598,70,282064
5481,0.030458,74.125.24.0-255,5738,224336,70,282064
5482,0.030468,172.31.40.0-255,66,224402,70,282064
5483,0.032492,74.125.24.0-255,5738,230140,70,282064
5484,0.032499,172.31.40.0-255,66,230206,70,282064
5485,0.034555,74.125.24.0-255,5738,235944,70,282064
5486,0.034574,172.31.40.0-255,66,236010,70,282064
5487,0.036665,74.125.24.0-255,5738,241748,70,282064
5488,0.03668,172.31.40.0-255,66,241814,70,282064
5489,0.038732,74.125.24.0-255,5738,247552,70,282064
5490,0.038748,172.31.40.0-255,66,247618,70,282064
5491,0.040827,74.125.24.0-255,5738,253356,70,282064
5492,0.040844,172.31.40.0-255,66,253422,70,282064
5493,0.042449,172.31.40.0-255,172,253594,70,282064
5494,0.042485,172.31.40.0-255,1118,254712,70,282064
5495,0.042551,172.31.40.0-255,1514,256226,70,282064
5496,0.042553,172.31.40.0-255,1514,257740,70,282064
5497,0.042578,172.31.40.0-255,844,258584,70,282064
5498,0.042865,74.125.24.0-255,5738,264322,70,282064
5499,0.042878,172.31.40.0-255,66,264388,70,282064
5500,0.044024,104.244.42.0-255,66,264454,70,282064
5501,0.044064,104.244.42.0-255,66,264520,70,282064
5502,0.044096,104.244.42.0-255,66,264586,70,282064
5503,0.044099,104.244.42.0-255,66,264652,70,282064
5504,0.04491,74.125.24.0-255,5738,270390,70,282064
5505,0.044918,172.31.40.0-255,66,270456,70,282064
5506,0.046975,74.125.24.0-255,5738,276194,70,282064
5507,0.046995,172.31.40.0-255,66,276260,70,282064
5508,0.049055,74.125.24.0-255,5738,281998,70,282064
5509,0.049074,172.31.40.0-255,66,282064,70,282064
5510,0.0,74.125.24.0-255,298,298,70,265568
5511,2.4e-05,172.31.40.0-255,66,364,70,265568
5512,3.1e-05,74.125.24.0-255,1484,1848,70,265568
5513,3.6e-05,172.31.40.0-255,66,1914,70,265568
5514,5.1e-05,74.125.24.0-255,4320,6234,70,265568
5515,5.4e-05,172.31.40.0-255,66,6300,70,265568
5516,5.7e-05,74.125.24.0-255,1484,7784,70,265568
5517,6.1e-05,172.31.40.0-255,66,7850,70,265568
5518,0.000102,74.125.24.0-255,7393,15243,70,265568
5519,0.000106,172.31.40.0-255,66,15309,70,265568
5520,0.000171,74.125.24.0-255,4320,19629,70,265568
5521,0.000176,172.31.40.0-255,66,19695,70,265568
5522,0.000188,74.125.24.0-255,4320,24015,70,265568
5523,0.000191,172.31.40.0-255,66,24081,70,265568
5524,0.000224,74.125.24.0-255,5738,29819,70,265568
5525,0.000227,172.31.40.0-255,66,29885,70,265568
5526,0.000326,74.125.24.0-255,1125,31010,70,265568
5527,0.000329,172.31.40.0-255,66,31076,70,265568
5528,0.000711,74.125.24.0-255,1484,32560,70,265568
5529,0.000716,172.31.40.0-255,66,32626,70,265568
5530,0.000722,74.125.24.0-255,2902,35528,70,265568
5531,0.000724,172.31.40.0-255,66,35594,70,265568
5532,0.000731,74.125.24.0-255,5738,41332,70,265568
5533,0.000739,172.31.40.0-255,66,41398,70,265568
5534,0.000787,74.125.24.0-255,7156,48554,70,265568
5535,0.00079,172.31.40.0-255,66,48620,70,265568
5536,0.00088,74.125.24.0-255,7156,55776,70,265568
5537,0.000887,172.31.40.0-255,66,55842,70,265568
5538,0.000924,74.125.24.0-255,7156,62998,70,265568
5539,0.000927,172.31.40.0-255,66,63064,70,265568
5540,0.00104,74.125.24.0-255,2184,65248,70,265568
5541,0.001044,172.31.40.0-255,66,65314,70,265568
5542,0.001078,74.125.24.0-255,3249,68563,70,265568
5543,0.001086,172.31.40.0-255,66,68629,70,265568
5544,0.001128,172.31.40.0-255,66,68695,70,265568
5545,0.001157,74.125.24.0-255,7156,75851,70,265568
5546,0.001168,172.31.40.0-255,66,75917,70,265568
5547,0.001377,74.125.24.0-255,5738,81655,70,265568
5548,0.001381,172.31.40.0-255,66,81721,70,265568
5549,0.001404,74.125.24.0-255,2184,83905,70,265568
5550,0.001411,172.31.40.0-255,66,83971,70,265568
5551,0.001792,74.125.24.0-255,1484,85455,70,265568
5552,0.0018,74.125.24.0-255,1484,86939,70,265568
5553,0.001803,172.31.40.0-255,66,87005,70,265568
5554,0.001829,74.125.24.0-255,1484,88489,70,265568
5555,0.001835,74.125.24.0-255,5738,94227,70,265568
5556,0.00189,74.125.24.0-255,2902,97129,70,265568
5557,0.001905,74.125.24.0-255,4320,101449,70,265568
5558,0.001927,74.125.24.0-255,5738,107187,70,265568
5559,0.00205,74.125.24.0-255,1484,108671,70,265568
5560,0.002083,74.125.24.0-255,5738,114409,70,265568
5561,0.002136,74.125.24.0-255,3602,118011,70,265568
5562,0.00218,74.125.24.0-255,8574,126585,70,265568
5563,0.0022,74.125.24.0-255,4320,130905,70,265568
5564,0.002342,74.125.24.0-255,8574,139479,70,265568
5565,0.007239,172.31.40.0-255,66,139545,70,265568
5566,0.009268,74.125.24.0-255,5738,145283,70,265568
5567,0.009277,172.31.40.0-255,66,145349,70,265568
5568,0.011283,74.125.24.0-255,5738,151087,70,265568
5569,0.011289,172.31.40.0-255,66,151153,70,265568
5570,0.013309,74.125.24.0-255,5738,156891,70,265568
5571,0.013336,172.31.40.0-255,66,156957,70,265568
5572,0.015336,74.125.24.0-255,5738,162695,70,265568
5573,0.015347,172.31.40.0-255,66,162761,70,265568
5574,0.017343,74.125.24.0-255,4320,167081,70,265568
5575,0.017352,172.31.40.0-255,66,167147,70,265568
5576,0.017387,74.125.24.0-255,1484,168631,70,265568
5577,0.019346,74.125.24.0-255,4320,172951,70,265568
5578,0.019352,172.31.40.0-255,66,173017,70,265568
5579,0.021364,74.125.24.0-255,5738,178755,70,265568
5580,0.021406,172.31.40.0-255,66,178821,70,265568
5581,0.023424,74.125.24.0-255,5738,184559,70,265568
5582,0.023433,172.31.40.0-255,66,184625,70,265568
5583,0.025429,74.125.24.0-255,5738,190363,70,265568
5584,0.025437,172.31.40.0-255,66,190429,70,265568
5585,0.027429,74.125.24.0-255,5738,196167,70,265568
5586,0.027437,172.31.40.0-255,66,196233,70,265568
5587,0.029416,74.125.24.0-255,5738,201971,70,265568
5588,0.029423,172.31.40.0-255,66,202037,70,265568
5589,0.029572,172.31.40.0-255,172,202209,70,265568
5590,0.0296,172.31.40.0-255,1117,203326,70,265568
5591,0.029709,172.31.40.0-255,1514,204840,70,265568
5592,0.029711,172.31.40.0-255,1514,206354,70,265568
5593,0.029736,172.31.40.0-255,844,207198,70,265568
5594,0.031102,104.244.42.0-255,66,207264,70,265568
5595,0.031228,104.244.42.0-255,66,207330,70,265568
5596,0.031307,104.244.42.0-255,66,207396,70,265568
5597,0.03131,104.244.42.0-255,66,207462,70,265568
5598,0.031414,74.125.24.0-255,1484,208946,70,265568
5599,0.031437,74.125.24.0-255,4320,213266,70,265568
5600,0.031442,172.31.40.0-255,66,213332,70,265568
5601,0.033449,74.125.24.0-255,5738,219070,70,265568
5602,0.033456,172.31.40.0-255,66,219136,70,265568
5603,0.035489,74.125.24.0-255,5738,224874,70,265568
5604,0.0355,172.31.40.0-255,66,224940,70,265568
5605,0.037522,74.125.24.0-255,5738,230678,70,265568
5606,0.037528,172.31.40.0-255,66,230744,70,265568
5607,0.039573,74.125.24.0-255,5738,236482,70,265568
5608,0.039579,172.31.40.0-255,66,236548,70,265568
5609,0.041582,74.125.24.0-255,5738,242286,70,265568
5610,0.041588,172.31.40.0-255,66,242352,70,265568
5611,0.043585,74.125.24.0-255,5738,248090,70,265568
5612,0.043597,172.31.40.0-255,66,248156,70,265568
5613,0.045583,74.125.24.0-255,5738,253894,70,265568
5614,0.045595,172.31.40.0-255,66,253960,70,265568
5615,0.047598,74.125.24.0-255,5738,259698,70,265568
5616,0.047609,172.31.40.0-255,66,259764,70,265568
5617,0.049633,74.125.24.0-255,5738,265502,70,265568
5618,0.049648,172.31.40.0-255,66,265568,70,265568
5619,0.0,74.125.24.0-255,153,153,70,293867
5620,2.5e-05,172.31.40.0-255,66,219,70,293867
5621,3.3e-05,74.125.24.0-255,1484,1703,70,293867
5622,3.7e-05,172.31.40.0-255,66,1769,70,293867
5623,4.2e-05,74.125.24.0-255,2902,4671,70,293867
5624,5.5e-05,172.31.40.0-255,66,4737,70,293867
5625,6.3e-05,74.125.24.0-255,7156,11893,70,293867
5626,6.6e-05,172.31.40.0-255,66,11959,70,293867
5627,7e-05,74.125.24.0-255,2159,14118,70,293867
5628,7.3e-05,172.31.40.0-255,66,14184,70,293867
5629,0.000123,74.125.24.0-255,1484,15668,70,293867
5630,0.000129,172.31.40.0-255,66,15734,70,293867
5631,0.000135,74.125.24.0-255,2902,18636,70,293867
5632,0.000137,172.31.40.0-255,66,18702,70,293867
5633,0.000143,74.125.24.0-255,5738,24440,70,293867
5634,0.000146,172.31.40.0-255,66,24506,70,293867
5635,0.000174,74.125.24.0-255,6797,31303,70,293867
5636,0.000177,172.31.40.0-255,66,31369,70,293867
5637,0.000308,74.125.24.0-255,1484,32853,70,293867
5638,0.000311,172.31.40.0-255,66,32919,70,293867
5639,0.000345,74.125.24.0-255,2902,35821,70,293867
5640,0.000348,172.31.40.0-255,66,35887,70,293867
5641,0.000354,74.125.24.0-255,5738,41625,70,293867
5642,0.000357,172.31.40.0-255,66,41691,70,293867
5643,0.00038,74.125.24.0-255,6797,48488,70,293867
5644,0.000383,172.31.40.0-255,66,48554,70,293867
5645,0.00039,74.125.24.0-255,7156,55710,70,293867
5646,0.000392,172.31.40.0-255,66,55776,70,293867
5647,0.00042,74.125.24.0-255,5738,61514,70,293867
5648,0.000423,172.31.40.0-255,66,61580,70,293867
5649,0.000449,74.125.24.0-255,4228,65808,70,293867
5650,0.000451,172.31.40.0-255,66,65874,70,293867
5651,0.000454,74.125.24.0-255,132,66006,70,293867
5652,0.000667,74.125.24.0-255,1484,67490,70,293867
5653,0.000682,172.31.40.0-255,66,67556,70,293867
5654,0.000688,74.125.24.0-255,2902,70458,70,293867
5655,0.000691,172.31.40.0-255,66,70524,70,293867
5656,0.000702,74.125.24.0-255,5738,76262,70,293867
5657,0.000704,172.31.40.0-255,66,76328,70,293867
5658,0.000707,74.125.24.0-255,1484,77812,70,293867
5659,0.000744,74.125.24.0-255,6797,84609,70,293867
5660,0.000747,172.31.40.0-255,66,84675,70,293867
5661,0.000756,74.125.24.0-255,8574,93249,70,293867
5662,0.000758,172.31.40.0-255,66,93315,70,293867
5663,0.000761,74.125.24.0-255,1484,94799,70,293867
5664,0.000807,74.125.24.0-255,5379,100178,70,293867
5665,0.000811,172.31.40.0-255,66,100244,70,293867
5666,0.000814,74.125.24.0-255,353,100597,70,293867
5667,0.001514,74.125.24.0-255,1484,102081,70,293867
5668,0.001521,172.31.40.0-255,66,102147,70,293867
5669,0.001525,74.125.24.0-255,1484,103631,70,293867
5670,0.001548,74.125.24.0-255,1484,105115,70,293867
5671,0.001551,172.31.40.0-255,66,105181,70,293867
5672,0.001557,74.125.24.0-255,5738,110919,70,293867
5673,0.001559,172.31.40.0-255,66,110985,70,293867
5674,0.001592,74.125.24.0-255,7156,118141,70,293867
5675,0.001595,172.31.40.0-255,66,118207,70,293867
5676,0.001602,74.125.24.0-255,5738,123945,70,293867
5677,0.001604,172.31.40.0-255,66,124011,70,293867
5678,0.001635,74.125.24.0-255,2902,126913,70,293867
5679,0.001638,172.31.40.0-255,66,126979,70,293867
5680,0.001646,74.125.24.0-255,7856,134835,70,293867
5681,0.001647,172.31.40.0-255,66,134901,70,293867
5682,0.002116,74.125.24.0-255,1484,136385,70,293867
5683,0.002126,74.125.24.0-255,2902,139287,70,293867
5684,0.00213,172.31.40.0-255,66,139353,70,293867
5685,0.002138,74.125.24.0-255,5738,145091,70,293867
5686,0.00214,172.31.40.0-255,66,145157,70,293867
5687,0.002162,74.125.24.0-255,1484,146641,70,293867
5688,0.002188,74.125.24.0-255,9992,156633,70,293867
5689,0.002191,172.31.40.0-255,66,156699,70,293867
5690,0.002215,74.125.24.0-255,1484,158183,70,293867
5691,0.002226,74.125.24.0-255,10692,168875,70,293867
5692,0.002228,172.31.40.0-255,66,168941,70,293867
5693,0.002266,74.125.24.0-255,1484,170425,70,293867
5694,0.00228,74.125.24.0-255,2902,173327,70,293867
5695,0.002283,172.31.40.0-255,66,173393,70,293867
5696,0.004473,74.125.24.0-255,1484,174877,70,293867
5697,0.004533,74.125.24.0-255,4320,179197,70,293867
5698,0.004539,172.31.40.0-255,66,179263,70,293867
5699,0.006797,74.125.24.0-255,5738,185001,70,293867
5700,0.006805,172.31.40.0-255,66,185067,70,293867
5701,0.009098,74.125.24.0-255,5738,190805,70,293867
5702,0.009107,172.31.40.0-255,66,190871,70,293867
5703,0.011407,74.125.24.0-255,5738,196609,70,293867
5704,0.011415,172.31.40.0-255,66,196675,70,293867
5705,0.013684,74.125.24.0-255,5738,202413,70,293867
5706,0.013698,172.31.40.0-255,66,202479,70,293867
5707,0.015998,74.125.24.0-255,5738,208217,70,293867
5708,0.016014,172.31.40.0-255,66,208283,70,293867
5709,0.018294,74.125.24.0-255,5738,214021,70,293867
5710,0.018306,172.31.40.0-255,66,214087,70,293867
5711,0.02059,74.125.24.0-255,5738,219825,70,293867
5712,0.020602,172.31.40.0-255,66,219891,70,293867
5713,0.022902,74.125.24.0-255,5738,225629,70,293867
5714,0.022915,172.31.40.0-255,66,225695,70,293867
5715,0.025219,74.125.24.0-255,5738,231433,70,293867
5716,0.025229,172.31.40.0-255,66,231499,70,293867
5717,0.027502,74.125.24.0-255,5738,237237,70,293867
5718,0.027517,172.31.40.0-255,66,237303,70,293867
5719,0.029773,74.125.24.0-255,5738,243041,70,293867
5720,0.029786,172.31.40.0-255,66,243107,70,293867
5721,0.031193,172.31.40.0-255,172,243279,70,293867
5722,0.031229,172.31.40.0-255,1119,244398,70,293867
5723,0.031289,172.31.40.0-255,1514,245912,70,293867
5724,0.031291,172.31.40.0-255,1325,247237,70,293867
5725,0.032049,74.125.24.0-255,5738,252975,70,293867
5726,0.032057,172.31.40.0-255,66,253041,70,293867
5727,0.03272,104.244.42.0-255,66,253107,70,293867
5728,0.032848,104.244.42.0-255,66,253173,70,293867
5729,0.032851,104.244.42.0-255,66,253239,70,293867
5730,0.034345,74.125.24.0-255,5738,258977,70,293867
5731,0.034361,172.31.40.0-255,66,259043,70,293867
5732,0.036683,74.125.24.0-255,5738,264781,70,293867
5733,0.036699,172.31.40.0-255,66,264847,70,293867
5734,0.038999,74.125.24.0-255,5738,270585,70,293867
5735,0.03902,172.31.40.0-255,66,270651,70,293867
5736,0.041314,74.125.24.0-255,5738,276389,70,293867
5737,0.041337,172.31.40.0-255,66,276455,70,293867
5738,0.043646,74.125.24.0-255,5738,282193,70,293867
5739,0.043672,172.31.40.0-255,66,282259,70,293867
5740,0.04601,74.125.24.0-255,5738,287997,70,293867
5741,0.04603,172.31.40.0-255,66,288063,70,293867
5742,0.048345,74.125.24.0-255,5738,293801,70,293867
5743,0.048364,172.31.40.0-255,66,293867,70,293867
5744,0.0,74.125.24.0-255,153,153,70,140427
5745,3.4e-05,172.31.40.0-255,66,219,70,140427
5746,4.3e-05,74.125.24.0-255,1484,1703,70,140427
5747,4.7e-05,172.31.40.0-255,66,1769,70,140427
5748,6.2e-05,74.125.24.0-255,2902,4671,70,140427
5749,6.6e-05,172.31.40.0-255,66,4737,70,140427
5750,7e-05,74.125.24.0-255,1484,6221,70,140427
5751,7.2e-05,172.31.40.0-255,66,6287,70,140427
5752,7.6e-05,74.125.24.0-255,2902,9189,70,140427
5753,7.9e-05,172.31.40.0-255,66,9255,70,140427
5754,0.000107,74.125.24.0-255,2902,12157,70,140427
5755,0.000109,172.31.40.0-255,66,12223,70,140427
5756,0.000133,74.125.24.0-255,4976,17199,70,140427
5757,0.000136,172.31.40.0-255,66,17265,70,140427
5758,0.000143,74.125.24.0-255,5738,23003,70,140427
5759,0.000146,172.31.40.0-255,66,23069,70,140427
5760,0.000186,74.125.24.0-255,8574,31643,70,140427
5761,0.000188,172.31.40.0-255,66,31709,70,140427
5762,0.000223,74.125.24.0-255,4320,36029,70,140427
5763,0.000226,172.31.40.0-255,66,36095,70,140427
5764,0.000233,74.125.24.0-255,5738,41833,70,140427
5765,0.000236,172.31.40.0-255,66,41899,70,140427
5766,0.000242,74.125.24.0-255,6438,48337,70,140427
5767,0.000246,172.31.40.0-255,66,48403,70,140427
5768,0.008339,74.125.24.0-255,1484,49887,70,140427
5769,0.00835,172.31.40.0-255,66,49953,70,140427
5770,0.008362,74.125.24.0-255,2902,52855,70,140427
5771,0.008364,172.31.40.0-255,66,52921,70,140427
5772,0.008375,74.125.24.0-255,1484,54405,70,140427
5773,0.008378,172.31.40.0-255,66,54471,70,140427
5774,0.01039,74.125.24.0-255,2902,57373,70,140427
5775,0.010397,172.31.40.0-255,66,57439,70,140427
5776,0.010431,74.125.24.0-255,2902,60341,70,140427
5777,0.010435,172.31.40.0-255,66,60407,70,140427
5778,0.012438,74.125.24.0-255,2902,63309,70,140427
5779,0.012445,172.31.40.0-255,66,63375,70,140427
5780,0.012477,74.125.24.0-255,2902,66277,70,140427
5781,0.012482,172.31.40.0-255,66,66343,70,140427
5782,0.014433,74.125.24.0-255,296,66639,70,140427
5783,0.014474,172.31.40.0-255,66,66705,70,140427
5784,0.019501,172.31.40.0-255,172,66877,70,140427
5785,0.019566,172.31.40.0-255,1113,67990,70,140427
5786,0.019643,172.31.40.0-255,1514,69504,70,140427
5787,0.019646,172.31.40.0-255,1514,71018,70,140427
5788,0.019647,172.31.40.0-255,1369,72387,70,140427
5789,0.021734,104.244.42.0-255,66,72453,70,140427
5790,0.02251,74.125.24.0-255,1484,73937,70,140427
5791,0.022519,74.125.24.0-255,2902,76839,70,140427
5792,0.022524,172.31.40.0-255,66,76905,70,140427
5793,0.022528,74.125.24.0-255,1484,78389,70,140427
5794,0.024556,74.125.24.0-255,4320,82709,70,140427
5795,0.024565,172.31.40.0-255,66,82775,70,140427
5796,0.026585,74.125.24.0-255,5738,88513,70,140427
5797,0.026591,172.31.40.0-255,66,88579,70,140427
5798,0.028609,74.125.24.0-255,5738,94317,70,140427
5799,0.028614,172.31.40.0-255,66,94383,70,140427
5800,0.03063,74.125.24.0-255,4320,98703,70,140427
5801,0.030636,172.31.40.0-255,66,98769,70,140427
5802,0.030673,74.125.24.0-255,1484,100253,70,140427
5803,0.032662,74.125.24.0-255,4320,104573,70,140427
5804,0.032667,172.31.40.0-255,66,104639,70,140427
5805,0.034666,74.125.24.0-255,2184,106823,70,140427
5806,0.034671,172.31.40.0-255,66,106889,70,140427
5807,0.038538,74.125.24.0-255,1484,108373,70,140427
5808,0.038549,74.125.24.0-255,2902,111275,70,140427
5809,0.038553,172.31.40.0-255,66,111341,70,140427
5810,0.038559,74.125.24.0-255,1484,112825,70,140427
5811,0.040594,74.125.24.0-255,4320,117145,70,140427
5812,0.040602,172.31.40.0-255,66,117211,70,140427
5813,0.042635,74.125.24.0-255,5738,122949,70,140427
5814,0.042641,172.31.40.0-255,66,123015,70,140427
5815,0.04467,74.125.24.0-255,5738,128753,70,140427
5816,0.044675,172.31.40.0-255,66,128819,70,140427
5817,0.046705,74.125.24.0-255,5738,134557,70,140427
5818,0.046711,172.31.40.0-255,66,134623,70,140427
5819,0.048744,74.125.24.0-255,5738,140361,70,140427
5820,0.04875,172.31.40.0-255,66,140427,70,140427
5821,0.0,74.125.68.0-255,152,152,70,193859
5822,1.6e-05,172.31.40.0-255,66,218,70,193859
5823,4.7e-05,74.125.68.0-255,1484,1702,70,193859
5824,5.1e-05,172.31.40.0-255,66,1768,70,193859
5825,5.6e-05,74.125.68.0-255,2902,4670,70,193859
5826,5.9e-05,172.31.40.0-255,66,4736,70,193859
5827,8.4e-05,74.125.68.0-255,5738,10474,70,193859
5828,8.6e-05,172.31.40.0-255,66,10540,70,193859
5829,9.2e-05,74.125.68.0-255,3443,13983,70,193859
5830,9.5e-05,172.31.40.0-255,66,14049,70,193859
5831,0.000123,74.125.68.0-255,4320,18369,70,193859
5832,0.000126,172.31.40.0-255,66,18435,70,193859
5833,0.000151,74.125.68.0-255,1484,19919,70,193859
5834,0.000153,172.31.40.0-255,66,19985,70,193859
5835,0.000173,74.125.68.0-255,8574,28559,70,193859
5836,0.000176,172.31.40.0-255,66,28625,70,193859
5837,0.00018,74.125.68.0-255,2543,31168,70,193859
5838,0.000182,172.31.40.0-255,66,31234,70,193859
5839,0.000227,74.125.68.0-255,1484,32718,70,193859
5840,0.00023,172.31.40.0-255,66,32784,70,193859
5841,0.000253,74.125.68.0-255,2902,35686,70,193859
5842,0.000256,172.31.40.0-255,66,35752,70,193859
5843,0.000262,74.125.68.0-255,4320,40072,70,193859
5844,0.000264,172.31.40.0-255,66,40138,70,193859
5845,0.000282,74.125.68.0-255,7156,47294,70,193859
5846,0.000285,172.31.40.0-255,66,47360,70,193859
5847,0.000305,74.125.68.0-255,1484,48844,70,193859
5848,0.000307,172.31.40.0-255,66,48910,70,193859
5849,0.00031,74.125.68.0-255,1484,50394,70,193859
5850,0.000312,172.31.40.0-255,66,50460,70,193859
5851,0.000328,74.125.68.0-255,2902,53362,70,193859
5852,0.00033,172.31.40.0-255,66,53428,70,193859
5853,0.000362,74.125.68.0-255,5738,59166,70,193859
5854,0.000365,172.31.40.0-255,66,59232,70,193859
5855,0.000369,74.125.68.0-255,2902,62134,70,193859
5856,0.000371,172.31.40.0-255,66,62200,70,193859
5857,0.000411,74.125.68.0-255,3899,66099,70,193859
5858,0.000414,172.31.40.0-255,66,66165,70,193859
5859,0.000432,74.125.68.0-255,411,66576,70,193859
5860,0.001033,172.31.40.0-255,66,66642,70,193859
5861,0.001476,74.125.68.0-255,1484,68126,70,193859
5862,0.001485,74.125.68.0-255,2902,71028,70,193859
5863,0.001491,172.31.40.0-255,66,71094,70,193859
5864,0.001518,74.125.68.0-255,5738,76832,70,193859
5865,0.001521,172.31.40.0-255,66,76898,70,193859
5866,0.001525,74.125.68.0-255,2902,79800,70,193859
5867,0.001527,172.31.40.0-255,66,79866,70,193859
5868,0.001586,74.125.68.0-255,3961,83827,70,193859
5869,0.001589,172.31.40.0-255,66,83893,70,193859
5870,0.004062,74.125.68.0-255,1484,85377,70,193859
5871,0.004128,74.125.68.0-255,4320,89697,70,193859
5872,0.004133,172.31.40.0-255,66,89763,70,193859
5873,0.006683,74.125.68.0-255,5738,95501,70,193859
5874,0.00669,172.31.40.0-255,66,95567,70,193859
5875,0.009251,74.125.68.0-255,5738,101305,70,193859
5876,0.009261,172.31.40.0-255,66,101371,70,193859
5877,0.011817,74.125.68.0-255,5738,107109,70,193859
5878,0.011826,172.31.40.0-255,66,107175,70,193859
5879,0.014399,74.125.68.0-255,5738,112913,70,193859
5880,0.01441,172.31.40.0-255,66,112979,70,193859
5881,0.016971,74.125.68.0-255,5738,118717,70,193859
5882,0.016979,172.31.40.0-255,66,118783,70,193859
5883,0.019532,74.125.68.0-255,5738,124521,70,193859
5884,0.019541,172.31.40.0-255,66,124587,70,193859
5885,0.022095,74.125.68.0-255,5738,130325,70,193859
5886,0.022104,172.31.40.0-255,66,130391,70,193859
5887,0.023801,172.31.40.0-255,172,130563,70,193859
5888,0.023836,172.31.40.0-255,1118,131681,70,193859
5889,0.023898,172.31.40.0-255,1514,133195,70,193859
5890,0.023899,172.31.40.0-255,1514,134709,70,193859
5891,0.023925,172.31.40.0-255,846,135555,70,193859
5892,0.024662,74.125.68.0-255,5738,141293,70,193859
5893,0.024669,172.31.40.0-255,66,141359,70,193859
5894,0.025345,104.244.42.0-255,66,141425,70,193859
5895,0.025381,104.244.42.0-255,66,141491,70,193859
5896,0.025466,104.244.42.0-255,66,141557,70,193859
5897,0.025496,104.244.42.0-255,66,141623,70,193859
5898,0.027224,74.125.68.0-255,5738,147361,70,193859
5899,0.02723,172.31.40.0-255,66,147427,70,193859
5900,0.029803,74.125.68.0-255,5738,153165,70,193859
5901,0.029809,172.31.40.0-255,66,153231,70,193859
5902,0.032391,74.125.68.0-255,5738,158969,70,193859
5903,0.032396,172.31.40.0-255,66,159035,70,193859
5904,0.03495,74.125.68.0-255,5738,164773,70,193859
5905,0.034957,172.31.40.0-255,66,164839,70,193859
5906,0.037528,74.125.68.0-255,5738,170577,70,193859
5907,0.037534,172.31.40.0-255,66,170643,70,193859
5908,0.040091,74.125.68.0-255,5738,176381,70,193859
5909,0.040097,172.31.40.0-255,66,176447,70,193859
5910,0.042658,74.125.68.0-255,5738,182185,70,193859
5911,0.042666,172.31.40.0-255,66,182251,70,193859
5912,0.045229,74.125.68.0-255,5738,187989,70,193859
5913,0.045236,172.31.40.0-255,66,188055,70,193859
5914,0.047801,74.125.68.0-255,5738,193793,70,193859
5915,0.047807,172.31.40.0-255,66,193859,70,193859
5916,0.0,74.125.24.0-255,153,153,70,294378
5917,1.8e-05,172.31.40.0-255,66,219,70,294378
5918,2.5e-05,74.125.24.0-255,1484,1703,70,294378
5919,2.9e-05,172.31.40.0-255,66,1769,70,294378
5920,4.3e-05,74.125.24.0-255,2902,4671,70,294378
5921,4.7e-05,172.31.40.0-255,66,4737,70,294378
5922,5.4e-05,74.125.24.0-255,7156,11893,70,294378
5923,5.7e-05,172.31.40.0-255,66,11959,70,294378
5924,6.1e-05,74.125.24.0-255,2126,14085,70,294378
5925,6.3e-05,172.31.40.0-255,66,14151,70,294378
5926,6.9e-05,74.125.24.0-255,4320,18471,70,294378
5927,7.2e-05,172.31.40.0-255,66,18537,70,294378
5928,0.0001,74.125.24.0-255,7156,25693,70,294378
5929,0.000103,172.31.40.0-255,66,25759,70,294378
5930,0.000113,74.125.24.0-255,5379,31138,70,294378
5931,0.000116,172.31.40.0-255,66,31204,70,294378
5932,0.000161,74.125.24.0-255,1484,32688,70,294378
5933,0.000163,172.31.40.0-255,66,32754,70,294378
5934,0.000168,74.125.24.0-255,2902,35656,70,294378
5935,0.000169,172.31.40.0-255,66,35722,70,294378
5936,0.000176,74.125.24.0-255,5738,41460,70,294378
5937,0.000183,172.31.40.0-255,66,41526,70,294378
5938,0.000221,172.31.40.0-255,66,41592,70,294378
5939,0.000233,74.125.24.0-255,7156,48748,70,294378
5940,0.000236,172.31.40.0-255,66,48814,70,294378
5941,0.000267,74.125.24.0-255,2871,51685,70,294378
5942,0.000269,172.31.40.0-255,66,51751,70,294378
5943,0.000291,74.125.24.0-255,116,51867,70,294378
5944,0.000294,172.31.40.0-255,66,51933,70,294378
5945,0.000462,74.125.24.0-255,330,52263,70,294378
5946,0.000467,172.31.40.0-255,66,52329,70,294378
5947,0.000635,74.125.24.0-255,1484,53813,70,294378
5948,0.000642,74.125.24.0-255,2902,56715,70,294378
5949,0.000645,172.31.40.0-255,66,56781,70,294378
5950,0.000649,74.125.24.0-255,1484,58265,70,294378
5951,0.000683,74.125.24.0-255,4320,62585,70,294378
5952,0.000686,172.31.40.0-255,66,62651,70,294378
5953,0.000695,74.125.24.0-255,8574,71225,70,294378
5954,0.000697,172.31.40.0-255,66,71291,70,294378
5955,0.00074,74.125.24.0-255,2902,74193,70,294378
5956,0.000744,172.31.40.0-255,66,74259,70,294378
5957,0.00079,172.31.40.0-255,66,74325,70,294378
5958,0.0014,74.125.24.0-255,1484,75809,70,294378
5959,0.001406,74.125.24.0-255,2902,78711,70,294378
5960,0.00141,172.31.40.0-255,66,78777,70,294378
5961,0.001416,74.125.24.0-255,5738,84515,70,294378
5962,0.001419,172.31.40.0-255,66,84581,70,294378
5963,0.001423,74.125.24.0-255,2902,87483,70,294378
5964,0.001429,172.31.40.0-255,66,87549,70,294378
5965,0.001468,74.125.24.0-255,9992,97541,70,294378
5966,0.00147,172.31.40.0-255,66,97607,70,294378
5967,0.001474,74.125.24.0-255,1484,99091,70,294378
5968,0.0015,74.125.24.0-255,9274,108365,70,294378
5969,0.001502,172.31.40.0-255,66,108431,70,294378
5970,0.001683,74.125.24.0-255,1484,109915,70,294378
5971,0.001697,74.125.24.0-255,2902,112817,70,294378
5972,0.0017,172.31.40.0-255,66,112883,70,294378
5973,0.001707,74.125.24.0-255,5738,118621,70,294378
5974,0.001709,172.31.40.0-255,66,118687,70,294378
5975,0.001747,172.31.40.0-255,66,118753,70,294378
5976,0.001783,74.125.24.0-255,7156,125909,70,294378
5977,0.001785,172.31.40.0-255,66,125975,70,294378
5978,0.001808,74.125.24.0-255,3602,129577,70,294378
5979,0.001811,172.31.40.0-255,66,129643,70,294378
5980,0.002352,74.125.24.0-255,1484,131127,70,294378
5981,0.00236,74.125.24.0-255,2902,134029,70,294378
5982,0.002364,172.31.40.0-255,66,134095,70,294378
5983,0.00237,74.125.24.0-255,5738,139833,70,294378
5984,0.002372,172.31.40.0-255,66,139899,70,294378
5985,0.002387,74.125.24.0-255,1484,141383,70,294378
5986,0.002423,74.125.24.0-255,5738,147121,70,294378
5987,0.002426,172.31.40.0-255,66,147187,70,294378
5988,0.002454,74.125.24.0-255,2902,150089,70,294378
5989,0.002456,172.31.40.0-255,66,150155,70,294378
5990,0.002472,172.31.40.0-255,66,150221,70,294378
5991,0.002497,74.125.24.0-255,1484,151705,70,294378
5992,0.002507,74.125.24.0-255,1484,153189,70,294378
5993,0.002509,172.31.40.0-255,66,153255,70,294378
5994,0.002521,74.125.24.0-255,1484,154739,70,294378
5995,0.00253,74.125.24.0-255,5738,160477,70,294378
5996,0.002532,172.31.40.0-255,66,160543,70,294378
5997,0.002535,74.125.24.0-255,1484,162027,70,294378
5998,0.002563,74.125.24.0-255,9992,172019,70,294378
5999,0.002566,172.31.40.0-255,66,172085,70,294378
6000,0.002579,172.31.40.0-255,66,172151,70,294378
6001,0.002618,74.125.24.0-255,1484,173635,70,294378
6002,0.002636,74.125.24.0-255,2902,176537,70,294378
6003,0.002639,172.31.40.0-255,66,176603,70,294378
6004,0.002646,74.125.24.0-255,5738,182341,70,294378
6005,0.002648,172.31.40.0-255,66,182407,70,294378
6006,0.002689,74.125.24.0-255,9992,192399,70,294378
6007,0.002692,172.31.40.0-255,66,192465,70,294378
6008,0.002724,74.125.24.0-255,2902,195367,70,294378
6009,0.002727,172.31.40.0-255,66,195433,70,294378
6010,0.002737,74.125.24.0-255,10692,206125,70,294378
6011,0.002744,172.31.40.0-255,66,206191,70,294378
6012,0.002813,74.125.24.0-255,1484,207675,70,294378
6013,0.002841,74.125.24.0-255,1484,209159,70,294378
6014,0.002844,172.31.40.0-255,66,209225,70,294378
6015,0.002851,74.125.24.0-255,4320,213545,70,294378
6016,0.002854,172.31.40.0-255,66,213611,70,294378
6017,0.002873,74.125.24.0-255,4320,217931,70,294378
6018,0.002876,172.31.40.0-255,66,217997,70,294378
6019,0.002907,74.125.24.0-255,5738,223735,70,294378
6020,0.002911,172.31.40.0-255,66,223801,70,294378
6021,0.002914,74.125.24.0-255,2902,226703,70,294378
6022,0.002916,172.31.40.0-255,66,226769,70,294378
6023,0.002921,74.125.24.0-255,2902,229671,70,294378
6024,0.002929,172.31.40.0-255,66,229737,70,294378
6025,0.002949,74.125.24.0-255,5738,235475,70,294378
6026,0.002957,172.31.40.0-255,66,235541,70,294378
6027,0.002997,172.31.40.0-255,66,235607,70,294378
6028,0.003019,172.31.40.0-255,66,235673,70,294378
6029,0.003027,74.125.24.0-255,7856,243529,70,294378
6030,0.003029,172.31.40.0-255,66,243595,70,294378
6031,0.003043,74.125.24.0-255,4320,247915,70,294378
6032,0.003045,172.31.40.0-255,66,247981,70,294378
6033,0.003073,74.125.24.0-255,2902,250883,70,294378
6034,0.00308,172.31.40.0-255,66,250949,70,294378
6035,0.003088,74.125.24.0-255,8574,259523,70,294378
6036,0.003091,172.31.40.0-255,66,259589,70,294378
6037,0.003129,74.125.24.0-255,2902,262491,70,294378
6038,0.003131,172.31.40.0-255,66,262557,70,294378
6039,0.003167,172.31.40.0-255,66,262623,70,294378
6040,0.00317,74.125.24.0-255,766,263389,70,294378
6041,0.003241,74.125.24.0-255,1484,264873,70,294378
6042,0.003245,172.31.40.0-255,66,264939,70,294378
6043,0.003249,74.125.24.0-255,2902,267841,70,294378
6044,0.003252,172.31.40.0-255,66,267907,70,294378
6045,0.003279,74.125.24.0-255,1484,269391,70,294378
6046,0.003282,74.125.24.0-255,1484,270875,70,294378
6047,0.003285,172.31.40.0-255,66,270941,70,294378
6048,0.003304,74.125.24.0-255,4320,275261,70,294378
6049,0.003307,172.31.40.0-255,66,275327,70,294378
6050,0.003339,74.125.24.0-255,2902,278229,70,294378
6051,0.003342,172.31.40.0-255,66,278295,70,294378
6052,0.003377,74.125.24.0-255,7156,285451,70,294378
6053,0.003381,172.31.40.0-255,66,285517,70,294378
6054,0.003384,74.125.24.0-255,1484,287001,70,294378
6055,0.003388,74.125.24.0-255,2642,289643,70,294378
6056,0.00339,172.31.40.0-255,66,289709,70,294378
6057,0.003398,74.125.24.0-255,105,289814,70,294378
6058,0.007043,172.31.40.0-255,66,289880,70,294378
6059,0.007087,172.31.40.0-255,105,289985,70,294378
6060,0.009663,74.125.24.0-255,66,290051,70,294378
6061,0.028734,172.31.40.0-255,172,290223,70,294378
6062,0.028767,172.31.40.0-255,1113,291336,70,294378
6063,0.028929,172.31.40.0-255,1514,292850,70,294378
6064,0.028931,172.31.40.0-255,1330,294180,70,294378
6065,0.030327,104.244.42.0-255,66,294246,70,294378
6066,0.030336,104.244.42.0-255,66,294312,70,294378
6067,0.0305,104.244.42.0-255,66,294378,70,294378
6068,0.0,74.125.24.0-255,153,153,70,189134
6069,2.4e-05,172.31.40.0-255,66,219,70,189134
6070,3.1e-05,74.125.24.0-255,1484,1703,70,189134
6071,3.5e-05,172.31.40.0-255,66,1769,70,189134
6072,4.1e-05,74.125.24.0-255,2902,4671,70,189134
6073,4.4e-05,172.31.40.0-255,66,4737,70,189134
6074,5e-05,74.125.24.0-255,4320,9057,70,189134
6075,5.2e-05,172.31.40.0-255,66,9123,70,189134
6076,7.5e-05,74.125.24.0-255,2902,12025,70,189134
6077,7.9e-05,172.31.40.0-255,66,12091,70,189134
6078,0.000116,74.125.24.0-255,2030,14121,70,189134
6079,0.000119,172.31.40.0-255,66,14187,70,189134
6080,0.000139,74.125.24.0-255,2902,17089,70,189134
6081,0.000141,172.31.40.0-255,66,17155,70,189134
6082,0.000177,74.125.24.0-255,7156,24311,70,189134
6083,0.00018,172.31.40.0-255,66,24377,70,189134
6084,0.000259,74.125.24.0-255,1484,25861,70,189134
6085,0.000263,172.31.40.0-255,66,25927,70,189134
6086,0.00027,74.125.24.0-255,5379,31306,70,189134
6087,0.000272,172.31.40.0-255,66,31372,70,189134
6088,0.000329,74.125.24.0-255,4320,35692,70,189134
6089,0.000333,172.31.40.0-255,66,35758,70,189134
6090,0.000354,74.125.24.0-255,4320,40078,70,189134
6091,0.000357,172.31.40.0-255,66,40144,70,189134
6092,0.000417,74.125.24.0-255,4320,44464,70,189134
6093,0.00042,172.31.40.0-255,66,44530,70,189134
6094,0.000437,74.125.24.0-255,3961,48491,70,189134
6095,0.00044,172.31.40.0-255,66,48557,70,189134
6096,0.00052,74.125.24.0-255,2902,51459,70,189134
6097,0.000524,172.31.40.0-255,66,51525,70,189134
6098,0.000561,172.31.40.0-255,66,51591,70,189134
6099,0.001157,74.125.24.0-255,111,51702,70,189134
6100,0.001201,74.125.24.0-255,1484,53186,70,189134
6101,0.001206,172.31.40.0-255,66,53252,70,189134
6102,0.001214,74.125.24.0-255,2902,56154,70,189134
6103,0.001228,74.125.24.0-255,2902,59056,70,189134
6104,0.001249,74.125.24.0-255,4320,63376,70,189134
6105,0.001308,74.125.24.0-255,2902,66278,70,189134
6106,0.001339,74.125.24.0-255,2902,69180,70,189134
6107,0.001382,74.125.24.0-255,7156,76336,70,189134
6108,0.00141,74.125.24.0-255,9274,85610,70,189134
6109,0.001594,74.125.24.0-255,5738,91348,70,189134
6110,0.001749,74.125.24.0-255,2902,94250,70,189134
6111,0.002099,74.125.24.0-255,4320,98570,70,189134
6112,0.00222,74.125.24.0-255,2184,100754,70,189134
6113,0.002642,74.125.24.0-255,2902,103656,70,189134
6114,0.002658,74.125.24.0-255,7156,110812,70,189134
6115,0.002681,74.125.24.0-255,3602,114414,70,189134
6116,0.002794,74.125.24.0-255,2902,117316,70,189134
6117,0.003599,74.125.24.0-255,7156,124472,70,189134
6118,0.003619,74.125.24.0-255,4284,128756,70,189134
6119,0.009106,172.31.40.0-255,66,128822,70,189134
6120,0.011466,74.125.24.0-255,5738,134560,70,189134
6121,0.011479,172.31.40.0-255,66,134626,70,189134
6122,0.013805,74.125.24.0-255,4320,138946,70,189134
6123,0.013812,172.31.40.0-255,66,139012,70,189134
6124,0.013831,74.125.24.0-255,1484,140496,70,189134
6125,0.01616,74.125.24.0-255,4320,144816,70,189134
6126,0.016167,172.31.40.0-255,66,144882,70,189134
6127,0.018515,74.125.24.0-255,5738,150620,70,189134
6128,0.018606,172.31.40.0-255,66,150686,70,189134
6129,0.020961,74.125.24.0-255,5738,156424,70,189134
6130,0.020969,172.31.40.0-255,66,156490,70,189134
6131,0.02332,74.125.24.0-255,5738,162228,70,189134
6132,0.023335,172.31.40.0-255,66,162294,70,189134
6133,0.025668,74.125.24.0-255,5738,168032,70,189134
6134,0.025676,172.31.40.0-255,66,168098,70,189134
6135,0.028048,74.125.24.0-255,5738,173836,70,189134
6136,0.028056,172.31.40.0-255,66,173902,70,189134
6137,0.030411,74.125.24.0-255,5738,179640,70,189134
6138,0.030429,172.31.40.0-255,66,179706,70,189134
6139,0.032777,74.125.24.0-255,5738,185444,70,189134
6140,0.032785,172.31.40.0-255,66,185510,70,189134
6141,0.035132,74.125.24.0-255,3387,188897,70,189134
6142,0.035141,172.31.40.0-255,66,188963,70,189134
6143,0.035333,172.31.40.0-255,105,189068,70,189134
6144,0.037636,74.125.24.0-255,66,189134,70,189134
6145,0.0,172.217.160.0-255,153,153,70,296956
6146,2.4e-05,172.31.40.0-255,66,219,70,296956
6147,3.2e-05,172.217.160.0-255,1484,1703,70,296956
6148,3.6e-05,172.31.40.0-255,66,1769,70,296956
6149,6.3e-05,172.217.160.0-255,2902,4671,70,296956
6150,6.7e-05,172.31.40.0-255,66,4737,70,296956
6151,7.2e-05,172.217.160.0-255,2902,7639,70,296956
6152,7.5e-05,172.31.40.0-255,66,7705,70,296956
6153,0.000104,172.217.160.0-255,7156,14861,70,296956
6154,0.000107,172.31.40.0-255,66,14927,70,296956
6155,0.000128,172.217.160.0-255,738,15665,70,296956
6156,0.00013,172.31.40.0-255,66,15731,70,296956
6157,0.00014,172.217.160.0-255,8574,24305,70,296956
6158,0.000143,172.31.40.0-255,66,24371,70,296956
6159,0.000149,172.217.160.0-255,5738,30109,70,296956
6160,0.000152,172.31.40.0-255,66,30175,70,296956
6161,0.000158,172.217.160.0-255,5379,35554,70,296956
6162,0.000161,172.31.40.0-255,66,35620,70,296956
6163,0.000167,172.217.160.0-255,5738,41358,70,296956
6164,0.000171,172.31.40.0-255,66,41424,70,296956
6165,0.000178,172.217.160.0-255,6797,48221,70,296956
6166,0.00018,172.31.40.0-255,66,48287,70,296956
6167,0.000396,172.217.160.0-255,1484,49771,70,296956
6168,0.000401,172.31.40.0-255,66,49837,70,296956
6169,0.000408,172.217.160.0-255,2902,52739,70,296956
6170,0.00041,172.31.40.0-255,66,52805,70,296956
6171,0.000416,172.217.160.0-255,5738,58543,70,296956
6172,0.000419,172.31.40.0-255,66,58609,70,296956
6173,0.000446,172.217.160.0-255,4320,62929,70,296956
6174,0.000448,172.31.40.0-255,66,62995,70,296956
6175,0.000468,172.217.160.0-255,2812,65807,70,296956
6176,0.000471,172.31.40.0-255,66,65873,70,296956
6177,0.000602,172.217.160.0-255,125,65998,70,296956
6178,0.000608,172.217.160.0-255,380,66378,70,296956
6179,0.000739,172.217.160.0-255,1484,67862,70,296956
6180,0.000744,172.31.40.0-255,66,67928,70,296956
6181,0.000764,172.217.160.0-255,2902,70830,70,296956
6182,0.000766,172.31.40.0-255,66,70896,70,296956
6183,0.000777,172.217.160.0-255,1484,72380,70,296956
6184,0.000796,172.217.160.0-255,2902,75282,70,296956
6185,0.000799,172.217.160.0-255,1484,76766,70,296956
6186,0.000802,172.31.40.0-255,66,76832,70,296956
6187,0.000821,172.217.160.0-255,2902,79734,70,296956
6188,0.000823,172.31.40.0-255,66,79800,70,296956
6189,0.000862,172.217.160.0-255,4320,84120,70,296956
6190,0.000865,172.31.40.0-255,66,84186,70,296956
6191,0.000889,172.217.160.0-255,5379,89565,70,296956
6192,0.000892,172.31.40.0-255,66,89631,70,296956
6193,0.000901,172.217.160.0-255,9992,99623,70,296956
6194,0.000904,172.31.40.0-255,66,99689,70,296956
6195,0.000926,172.217.160.0-255,1125,100814,70,296956
6196,0.001245,172.217.160.0-255,1484,102298,70,296956
6197,0.00125,172.31.40.0-255,66,102364,70,296956
6198,0.00127,172.217.160.0-255,2902,105266,70,296956
6199,0.001272,172.31.40.0-255,66,105332,70,296956
6200,0.001278,172.217.160.0-255,4320,109652,70,296956
6201,0.00128,172.31.40.0-255,66,109718,70,296956
6202,0.001307,172.217.160.0-255,1484,111202,70,296956
6203,0.001312,172.217.160.0-255,4320,115522,70,296956
6204,0.001327,172.31.40.0-255,66,115588,70,296956
6205,0.00133,172.31.40.0-255,66,115654,70,296956
6206,0.00134,172.217.160.0-255,4320,119974,70,296956
6207,0.001342,172.31.40.0-255,66,120040,70,296956
6208,0.001361,172.217.160.0-255,3602,123642,70,296956
6209,0.001363,172.31.40.0-255,66,123708,70,296956
6210,0.003002,172.217.160.0-255,5738,129446,70,296956
6211,0.003009,172.31.40.0-255,66,129512,70,296956
6212,0.004654,172.217.160.0-255,1484,130996,70,296956
6213,0.00468,172.217.160.0-255,4320,135316,70,296956
6214,0.004683,172.31.40.0-255,66,135382,70,296956
6215,0.00633,172.217.160.0-255,5738,141120,70,296956
6216,0.006337,172.31.40.0-255,66,141186,70,296956
6217,0.007993,172.217.160.0-255,5738,146924,70,296956
6218,0.008,172.31.40.0-255,66,146990,70,296956
6219,0.009676,172.217.160.0-255,5738,152728,70,296956
6220,0.009683,172.31.40.0-255,66,152794,70,296956
6221,0.011344,172.217.160.0-255,5738,158532,70,296956
6222,0.011352,172.31.40.0-255,66,158598,70,296956
6223,0.013019,172.217.160.0-255,5738,164336,70,296956
6224,0.013027,172.31.40.0-255,66,164402,70,296956
6225,0.014677,172.217.160.0-255,2902,167304,70,296956
6226,0.014684,172.31.40.0-255,66,167370,70,296956
6227,0.014705,172.217.160.0-255,2902,170272,70,296956
6228,0.014708,172.31.40.0-255,66,170338,70,296956
6229,0.016342,172.217.160.0-255,2902,173240,70,296956
6230,0.016349,172.31.40.0-255,66,173306,70,296956
6231,0.016371,172.217.160.0-255,2902,176208,70,296956
6232,0.016373,172.31.40.0-255,66,176274,70,296956
6233,0.018013,172.217.160.0-255,5738,182012,70,296956
6234,0.018021,172.31.40.0-255,66,182078,70,296956
6235,0.019681,172.217.160.0-255,5738,187816,70,296956
6236,0.019691,172.31.40.0-255,66,187882,70,296956
6237,0.021369,172.217.160.0-255,5738,193620,70,296956
6238,0.021378,172.31.40.0-255,66,193686,70,296956
6239,0.023041,172.217.160.0-255,5738,199424,70,296956
6240,0.02305,172.31.40.0-255,66,199490,70,296956
6241,0.024694,172.217.160.0-255,5738,205228,70,296956
6242,0.024703,172.31.40.0-255,66,205294,70,296956
6243,0.026386,172.217.160.0-255,2902,208196,70,296956
6244,0.026395,172.31.40.0-255,66,208262,70,296956
6245,0.026413,172.217.160.0-255,2902,211164,70,296956
6246,0.026416,172.31.40.0-255,66,211230,70,296956
6247,0.027401,172.31.40.0-255,172,211402,70,296956
6248,0.027431,172.31.40.0-255,1113,212515,70,296956
6249,0.027496,172.31.40.0-255,1514,214029,70,296956
6250,0.027498,172.31.40.0-255,1514,215543,70,296956
6251,0.02752,172.31.40.0-255,849,216392,70,296956
6252,0.028035,172.217.160.0-255,2902,219294,70,296956
6253,0.028044,172.31.40.0-255,66,219360,70,296956
6254,0.028067,172.217.160.0-255,2902,222262,70,296956
6255,0.028071,172.31.40.0-255,66,222328,70,296956
6256,0.028959,104.244.42.0-255,66,222394,70,296956
6257,0.028994,104.244.42.0-255,66,222460,70,296956
6258,0.029039,104.244.42.0-255,66,222526,70,296956
6259,0.029044,104.244.42.0-255,66,222592,70,296956
6260,0.029698,172.217.160.0-255,2902,225494,70,296956
6261,0.029706,172.31.40.0-255,66,225560,70,296956
6262,0.029726,172.217.160.0-255,2902,228462,70,296956
6263,0.029729,172.31.40.0-255,66,228528,70,296956
6264,0.031369,172.217.160.0-255,2902,231430,70,296956
6265,0.031377,172.31.40.0-255,66,231496,70,296956
6266,0.031397,172.217.160.0-255,2902,234398,70,296956
6267,0.0314,172.31.40.0-255,66,234464,70,296956
6268,0.033029,172.217.160.0-255,4320,238784,70,296956
6269,0.033037,172.31.40.0-255,66,238850,70,296956
6270,0.033059,172.217.160.0-255,1484,240334,70,296956
6271,0.034693,172.217.160.0-255,4320,244654,70,296956
6272,0.034709,172.31.40.0-255,66,244720,70,296956
6273,0.036378,172.217.160.0-255,5738,250458,70,296956
6274,0.036394,172.31.40.0-255,66,250524,70,296956
6275,0.038081,172.217.160.0-255,5738,256262,70,296956
6276,0.038098,172.31.40.0-255,66,256328,70,296956
6277,0.039762,172.217.160.0-255,5738,262066,70,296956
6278,0.039771,172.31.40.0-255,66,262132,70,296956
6279,0.041442,172.217.160.0-255,5738,267870,70,296956
6280,0.04146,172.31.40.0-255,66,267936,70,296956
6281,0.043119,172.217.160.0-255,5738,273674,70,296956
6282,0.043128,172.31.40.0-255,66,273740,70,296956
6283,0.044793,172.217.160.0-255,5738,279478,70,296956
6284,0.044801,172.31.40.0-255,66,279544,70,296956
6285,0.046473,172.217.160.0-255,5738,285282,70,296956
6286,0.046481,172.31.40.0-255,66,285348,70,296956
6287,0.048157,172.217.160.0-255,5738,291086,70,296956
6288,0.048163,172.31.40.0-255,66,291152,70,296956
6289,0.049859,172.217.160.0-255,5738,296890,70,296956
6290,0.049866,172.31.40.0-255,66,296956,70,296956
6291,0.0,74.125.24.0-255,152,152,70,224151
6292,2.7e-05,172.31.40.0-255,66,218,70,224151
6293,3.4e-05,74.125.24.0-255,1484,1702,70,224151
6294,3.9e-05,172.31.40.0-255,66,1768,70,224151
6295,5.2e-05,74.125.24.0-255,2902,4670,70,224151
6296,5.7e-05,172.31.40.0-255,66,4736,70,224151
6297,6.5e-05,74.125.24.0-255,7156,11892,70,224151
6298,6.9e-05,172.31.40.0-255,66,11958,70,224151
6299,7.3e-05,74.125.24.0-255,2067,14025,70,224151
6300,7.7e-05,172.31.40.0-255,66,14091,70,224151
6301,0.000117,74.125.24.0-255,1484,15575,70,224151
6302,0.00012,172.31.40.0-255,66,15641,70,224151
6303,0.000125,74.125.24.0-255,2902,18543,70,224151
6304,0.000128,172.31.40.0-255,66,18609,70,224151
6305,0.000134,74.125.24.0-255,5738,24347,70,224151
6306,0.000143,172.31.40.0-255,66,24413,70,224151
6307,0.000149,74.125.24.0-255,4320,28733,70,224151
6308,0.000151,172.31.40.0-255,66,28799,70,224151
6309,0.000183,74.125.24.0-255,2543,31342,70,224151
6310,0.000185,172.31.40.0-255,66,31408,70,224151
6311,0.000205,172.31.40.0-255,66,31474,70,224151
6312,0.000209,74.125.24.0-255,1484,32958,70,224151
6313,0.000211,172.31.40.0-255,66,33024,70,224151
6314,0.000245,74.125.24.0-255,1125,34149,70,224151
6315,0.000247,172.31.40.0-255,66,34215,70,224151
6316,0.000273,74.125.24.0-255,1484,35699,70,224151
6317,0.000276,172.31.40.0-255,66,35765,70,224151
6318,0.000281,74.125.24.0-255,4320,40085,70,224151
6319,0.000283,172.31.40.0-255,66,40151,70,224151
6320,0.000315,74.125.24.0-255,5738,45889,70,224151
6321,0.000318,172.31.40.0-255,66,45955,70,224151
6322,0.000366,74.125.24.0-255,2902,48857,70,224151
6323,0.000384,74.125.24.0-255,2900,51757,70,224151
6324,0.000586,74.125.24.0-255,351,52108,70,224151
6325,0.000632,172.31.40.0-255,66,52174,70,224151
6326,0.000869,74.125.24.0-255,1484,53658,70,224151
6327,0.000873,74.125.24.0-255,1484,55142,70,224151
6328,0.000888,74.125.24.0-255,1484,56626,70,224151
6329,0.000896,74.125.24.0-255,5738,62364,70,224151
6330,0.000939,74.125.24.0-255,2902,65266,70,224151
6331,0.000943,172.31.40.0-255,66,65332,70,224151
6332,0.000948,172.31.40.0-255,66,65398,70,224151
6333,0.000967,74.125.24.0-255,9992,75390,70,224151
6334,0.00098,74.125.24.0-255,2902,78292,70,224151
6335,0.001014,74.125.24.0-255,7856,86148,70,224151
6336,0.001018,172.31.40.0-255,66,86214,70,224151
6337,0.001023,172.31.40.0-255,66,86280,70,224151
6338,0.001964,74.125.24.0-255,1484,87764,70,224151
6339,0.001975,74.125.24.0-255,2902,90666,70,224151
6340,0.001979,172.31.40.0-255,66,90732,70,224151
6341,0.001988,74.125.24.0-255,5738,96470,70,224151
6342,0.001993,74.125.24.0-255,2902,99372,70,224151
6343,0.002009,74.125.24.0-255,1484,100856,70,224151
6344,0.002024,74.125.24.0-255,2902,103758,70,224151
6345,0.002054,74.125.24.0-255,8574,112332,70,224151
6346,0.002063,74.125.24.0-255,7856,120188,70,224151
6347,0.009644,172.31.40.0-255,66,120254,70,224151
6348,0.01176,74.125.24.0-255,1484,121738,70,224151
6349,0.01191,74.125.24.0-255,4320,126058,70,224151
6350,0.011921,172.31.40.0-255,66,126124,70,224151
6351,0.014148,74.125.24.0-255,5738,131862,70,224151
6352,0.014698,172.31.40.0-255,66,131928,70,224151
6353,0.016965,74.125.24.0-255,5738,137666,70,224151
6354,0.016983,172.31.40.0-255,66,137732,70,224151
6355,0.019226,74.125.24.0-255,5738,143470,70,224151
6356,0.020122,172.31.40.0-255,66,143536,70,224151
6357,0.022368,74.125.24.0-255,5738,149274,70,224151
6358,0.022386,172.31.40.0-255,66,149340,70,224151
6359,0.024631,74.125.24.0-255,5738,155078,70,224151
6360,0.024651,172.31.40.0-255,66,155144,70,224151
6361,0.026915,74.125.24.0-255,5738,160882,70,224151
6362,0.026934,172.31.40.0-255,66,160948,70,224151
6363,0.029178,74.125.24.0-255,5738,166686,70,224151
6364,0.029195,172.31.40.0-255,66,166752,70,224151
6365,0.031464,74.125.24.0-255,5738,172490,70,224151
6366,0.031485,172.31.40.0-255,66,172556,70,224151
6367,0.033728,74.125.24.0-255,5738,178294,70,224151
6368,0.033738,172.31.40.0-255,66,178360,70,224151
6369,0.036032,74.125.24.0-255,5738,184098,70,224151
6370,0.036049,172.31.40.0-255,66,184164,70,224151
6371,0.038286,74.125.24.0-255,5738,189902,70,224151
6372,0.038307,172.31.40.0-255,66,189968,70,224151
6373,0.040554,74.125.24.0-255,5738,195706,70,224151
6374,0.040572,172.31.40.0-255,66,195772,70,224151
6375,0.042824,74.125.24.0-255,5738,201510,70,224151
6376,0.042839,172.31.40.0-255,66,201576,70,224151
6377,0.045124,74.125.24.0-255,5738,207314,70,224151
6378,0.045144,172.31.40.0-255,66,207380,70,224151
6379,0.047392,74.125.24.0-255,5738,213118,70,224151
6380,0.047409,172.31.40.0-255,66,213184,70,224151
6381,0.048985,172.31.40.0-255,172,213356,70,224151
6382,0.04902,172.31.40.0-255,1118,214474,70,224151
6383,0.049086,172.31.40.0-255,1514,215988,70,224151
6384,0.049109,172.31.40.0-255,1514,217502,70,224151
6385,0.049113,172.31.40.0-255,845,218347,70,224151
6386,0.049662,74.125.24.0-255,5738,224085,70,224151
6387,0.049671,172.31.40.0-255,66,224151,70,224151
6388,0.0,172.217.194.0-255,152,152,70,217046
6389,2.2e-05,172.31.40.0-255,66,218,70,217046
6390,2.9e-05,172.217.194.0-255,1484,1702,70,217046
6391,3.2e-05,172.31.40.0-255,66,1768,70,217046
6392,3.8e-05,172.217.194.0-255,2902,4670,70,217046
6393,4e-05,172.31.40.0-255,66,4736,70,217046
6394,4.7e-05,172.217.194.0-255,7156,11892,70,217046
6395,5.7e-05,172.31.40.0-255,66,11958,70,217046
6396,6.1e-05,172.217.194.0-255,1928,13886,70,217046
6397,6.3e-05,172.31.40.0-255,66,13952,70,217046
6398,0.000103,172.31.40.0-255,66,14018,70,217046
6399,0.000109,172.217.194.0-255,5379,19397,70,217046
6400,0.000112,172.31.40.0-255,66,19463,70,217046
6401,0.000195,172.217.194.0-255,1484,20947,70,217046
6402,0.000198,172.31.40.0-255,66,21013,70,217046
6403,0.000203,172.217.194.0-255,2902,23915,70,217046
6404,0.000205,172.31.40.0-255,66,23981,70,217046
6405,0.000228,172.217.194.0-255,5738,29719,70,217046
6406,0.000234,172.31.40.0-255,66,29785,70,217046
6407,0.000276,172.31.40.0-255,66,29851,70,217046
6408,0.000281,172.217.194.0-255,4320,34171,70,217046
6409,0.000284,172.31.40.0-255,66,34237,70,217046
6410,0.000305,172.217.194.0-255,5670,39907,70,217046
6411,0.000307,172.31.40.0-255,66,39973,70,217046
6412,0.000314,172.217.194.0-255,98,40071,70,217046
6413,0.000316,172.31.40.0-255,66,40137,70,217046
6414,0.00038,172.217.194.0-255,1484,41621,70,217046
6415,0.000383,172.31.40.0-255,66,41687,70,217046
6416,0.000387,172.217.194.0-255,2902,44589,70,217046
6417,0.000389,172.31.40.0-255,66,44655,70,217046
6418,0.00041,172.217.194.0-255,5738,50393,70,217046
6419,0.000422,172.217.194.0-255,6797,57190,70,217046
6420,0.000483,172.217.194.0-255,4320,61510,70,217046
6421,0.000502,172.217.194.0-255,2902,64412,70,217046
6422,0.000508,172.217.194.0-255,5738,70150,70,217046
6423,0.000522,172.217.194.0-255,2902,73052,70,217046
6424,0.000524,172.217.194.0-255,1424,74476,70,217046
6425,0.000592,172.31.40.0-255,66,74542,70,217046
6426,0.000596,172.217.194.0-255,1484,76026,70,217046
6427,0.000599,172.217.194.0-255,1484,77510,70,217046
6428,0.000605,172.31.40.0-255,66,77576,70,217046
6429,0.000623,172.217.194.0-255,1484,79060,70,217046
6430,0.000633,172.217.194.0-255,5738,84798,70,217046
6431,0.00067,172.217.194.0-255,5738,90536,70,217046
6432,0.000694,172.217.194.0-255,1484,92020,70,217046
6433,0.000711,172.217.194.0-255,2184,94204,70,217046
6434,0.000724,172.217.194.0-255,1484,95688,70,217046
6435,0.000741,172.217.194.0-255,2902,98590,70,217046
6436,0.000743,172.217.194.0-255,1484,100074,70,217046
6437,0.000746,172.31.40.0-255,66,100140,70,217046
6438,0.000751,172.31.40.0-255,66,100206,70,217046
6439,0.00078,172.217.194.0-255,4320,104526,70,217046
6440,0.000801,172.217.194.0-255,9992,114518,70,217046
6441,0.000821,172.31.40.0-255,66,114584,70,217046
6442,0.000841,172.217.194.0-255,4320,118904,70,217046
6443,0.00086,172.31.40.0-255,66,118970,70,217046
6444,0.000893,172.217.194.0-255,9274,128244,70,217046
6445,0.000904,172.31.40.0-255,66,128310,70,217046
6446,0.000936,172.217.194.0-255,1484,129794,70,217046
6447,0.000941,172.217.194.0-255,2902,132696,70,217046
6448,0.000953,172.31.40.0-255,66,132762,70,217046
6449,0.000965,172.217.194.0-255,5738,138500,70,217046
6450,0.000975,172.31.40.0-255,66,138566,70,217046
6451,0.000988,172.217.194.0-255,7156,145722,70,217046
6452,0.001012,172.217.194.0-255,5738,151460,70,217046
6453,0.001022,172.217.194.0-255,10692,162152,70,217046
6454,0.001046,172.217.194.0-255,4320,166472,70,217046
6455,0.001056,172.31.40.0-255,66,166538,70,217046
6456,0.001063,172.217.194.0-255,7156,173694,70,217046
6457,0.001067,172.217.194.0-255,2902,176596,70,217046
6458,0.001074,172.31.40.0-255,66,176662,70,217046
6459,0.001106,172.217.194.0-255,5738,182400,70,217046
6460,0.001131,172.31.40.0-255,66,182466,70,217046
6461,0.001159,172.31.40.0-255,66,182532,70,217046
6462,0.001749,172.217.194.0-255,1484,184016,70,217046
6463,0.001754,172.217.194.0-255,1484,185500,70,217046
6464,0.001764,172.31.40.0-255,66,185566,70,217046
6465,0.001767,172.217.194.0-255,1484,187050,70,217046
6466,0.00177,172.217.194.0-255,1484,188534,70,217046
6467,0.001797,172.217.194.0-255,2902,191436,70,217046
6468,0.001806,172.217.194.0-255,8574,200010,70,217046
6469,0.001819,172.31.40.0-255,66,200076,70,217046
6470,0.001829,172.217.194.0-255,4320,204396,70,217046
6471,0.001834,172.31.40.0-255,66,204462,70,217046
6472,0.001881,172.217.194.0-255,8574,213036,70,217046
6473,0.001905,172.217.194.0-255,3602,216638,70,217046
6474,0.001967,172.31.40.0-255,66,216704,70,217046
6475,0.002042,172.217.194.0-255,105,216809,70,217046
6476,0.002061,172.31.40.0-255,66,216875,70,217046
6477,0.016929,172.31.40.0-255,105,216980,70,217046
6478,0.019412,172.217.194.0-255,66,217046,70,217046
6479,0.0,172.217.194.0-255,152,152,70,352902
6480,2.7e-05,172.31.40.0-255,66,218,70,352902
6481,3.5e-05,172.217.194.0-255,1484,1702,70,352902
6482,4e-05,172.31.40.0-255,66,1768,70,352902
6483,4.7e-05,172.217.194.0-255,2902,4670,70,352902
6484,6e-05,172.31.40.0-255,66,4736,70,352902
6485,6.8e-05,172.217.194.0-255,7156,11892,70,352902
6486,7.1e-05,172.31.40.0-255,66,11958,70,352902
6487,7.5e-05,172.217.194.0-255,1968,13926,70,352902
6488,7.8e-05,172.31.40.0-255,66,13992,70,352902
6489,0.000106,172.217.194.0-255,1484,15476,70,352902
6490,0.000113,172.31.40.0-255,66,15542,70,352902
6491,0.000118,172.217.194.0-255,2902,18444,70,352902
6492,0.000121,172.31.40.0-255,66,18510,70,352902
6493,0.000128,172.217.194.0-255,5738,24248,70,352902
6494,0.000131,172.31.40.0-255,66,24314,70,352902
6495,0.000159,172.217.194.0-255,6797,31111,70,352902
6496,0.000162,172.31.40.0-255,66,31177,70,352902
6497,0.00022,172.217.194.0-255,7156,38333,70,352902
6498,0.000224,172.31.40.0-255,66,38399,70,352902
6499,0.000232,172.217.194.0-255,8574,46973,70,352902
6500,0.000235,172.31.40.0-255,66,47039,70,352902
6501,0.000242,172.217.194.0-255,1125,48164,70,352902
6502,0.000244,172.31.40.0-255,66,48230,70,352902
6503,0.000282,172.217.194.0-255,1484,49714,70,352902
6504,0.000285,172.31.40.0-255,66,49780,70,352902
6505,0.000291,172.217.194.0-255,4320,54100,70,352902
6506,0.000293,172.31.40.0-255,66,54166,70,352902
6507,0.000302,172.217.194.0-255,8574,62740,70,352902
6508,0.000305,172.31.40.0-255,66,62806,70,352902
6509,0.000333,172.217.194.0-255,1484,64290,70,352902
6510,0.000335,172.31.40.0-255,66,64356,70,352902
6511,0.000343,172.217.194.0-255,1125,65481,70,352902
6512,0.000348,172.217.194.0-255,681,66162,70,352902
6513,0.00035,172.31.40.0-255,66,66228,70,352902
6514,0.000591,172.217.194.0-255,1484,67712,70,352902
6515,0.0006,172.217.194.0-255,2902,70614,70,352902
6516,0.000605,172.31.40.0-255,66,70680,70,352902
6517,0.000612,172.217.194.0-255,5738,76418,70,352902
6518,0.000615,172.31.40.0-255,66,76484,70,352902
6519,0.000648,172.217.194.0-255,7156,83640,70,352902
6520,0.000651,172.31.40.0-255,66,83706,70,352902
6521,0.000673,172.217.194.0-255,5738,89444,70,352902
6522,0.000676,172.31.40.0-255,66,89510,70,352902
6523,0.000683,172.217.194.0-255,7156,96666,70,352902
6524,0.000685,172.31.40.0-255,66,96732,70,352902
6525,0.000717,172.217.194.0-255,3602,100334,70,352902
6526,0.00072,172.31.40.0-255,66,100400,70,352902
6527,0.000871,172.217.194.0-255,1484,101884,70,352902
6528,0.000878,172.217.194.0-255,2902,104786,70,352902
6529,0.000882,172.31.40.0-255,66,104852,70,352902
6530,0.000889,172.217.194.0-255,5738,110590,70,352902
6531,0.000891,172.31.40.0-255,66,110656,70,352902
6532,0.000934,172.31.40.0-255,66,110722,70,352902
6533,0.000949,172.217.194.0-255,9992,120714,70,352902
6534,0.000952,172.31.40.0-255,66,120780,70,352902
6535,0.000984,172.217.194.0-255,6438,127218,70,352902
6536,0.000987,172.31.40.0-255,66,127284,70,352902
6537,0.000994,172.217.194.0-255,7156,134440,70,352902
6538,0.000997,172.31.40.0-255,66,134506,70,352902
6539,0.001008,172.217.194.0-255,5738,140244,70,352902
6540,0.00101,172.31.40.0-255,66,140310,70,352902
6541,0.001049,172.217.194.0-255,9992,150302,70,352902
6542,0.001052,172.31.40.0-255,66,150368,70,352902
6543,0.001058,172.217.194.0-255,5020,155388,70,352902
6544,0.00106,172.31.40.0-255,66,155454,70,352902
6545,0.001089,172.217.194.0-255,1484,156938,70,352902
6546,0.001094,172.217.194.0-255,2902,159840,70,352902
6547,0.001097,172.31.40.0-255,66,159906,70,352902
6548,0.001103,172.217.194.0-255,5738,165644,70,352902
6549,0.001106,172.31.40.0-255,66,165710,70,352902
6550,0.001119,172.217.194.0-255,8574,174284,70,352902
6551,0.001123,172.31.40.0-255,66,174350,70,352902
6552,0.001155,172.217.194.0-255,4320,178670,70,352902
6553,0.001158,172.31.40.0-255,66,178736,70,352902
6554,0.001167,172.217.194.0-255,8574,187310,70,352902
6555,0.001174,172.31.40.0-255,66,187376,70,352902
6556,0.001178,172.217.194.0-255,2184,189560,70,352902
6557,0.00118,172.31.40.0-255,66,189626,70,352902
6558,0.001229,172.217.194.0-255,1484,191110,70,352902
6559,0.001244,172.217.194.0-255,2902,194012,70,352902
6560,0.001248,172.31.40.0-255,66,194078,70,352902
6561,0.001297,172.217.194.0-255,5738,199816,70,352902
6562,0.001301,172.31.40.0-255,66,199882,70,352902
6563,0.001321,172.31.40.0-255,66,199948,70,352902
6564,0.001387,172.217.194.0-255,10692,210640,70,352902
6565,0.001461,172.31.40.0-255,66,210706,70,352902
6566,0.001824,172.217.194.0-255,1484,212190,70,352902
6567,0.001831,172.217.194.0-255,2902,215092,70,352902
6568,0.001834,172.31.40.0-255,66,215158,70,352902
6569,0.001842,172.217.194.0-255,5738,220896,70,352902
6570,0.001845,172.31.40.0-255,66,220962,70,352902
6571,0.001884,172.217.194.0-255,2902,223864,70,352902
6572,0.001895,172.31.40.0-255,66,223930,70,352902
6573,0.001917,172.217.194.0-255,7856,231786,70,352902
6574,0.001921,172.217.194.0-255,1484,233270,70,352902
6575,0.001927,172.31.40.0-255,66,233336,70,352902
6576,0.001946,172.217.194.0-255,2902,236238,70,352902
6577,0.001952,172.217.194.0-255,5738,241976,70,352902
6578,0.001962,172.217.194.0-255,1484,243460,70,352902
6579,0.001991,172.217.194.0-255,8574,252034,70,352902
6580,0.002005,172.31.40.0-255,66,252100,70,352902
6581,0.002037,172.217.194.0-255,2184,254284,70,352902
6582,0.00204,172.31.40.0-255,66,254350,70,352902
6583,0.004002,172.217.194.0-255,2902,257252,70,352902
6584,0.004008,172.31.40.0-255,66,257318,70,352902
6585,0.00404,172.217.194.0-255,2902,260220,70,352902
6586,0.004043,172.31.40.0-255,66,260286,70,352902
6587,0.006052,172.217.194.0-255,5738,266024,70,352902
6588,0.006063,172.31.40.0-255,66,266090,70,352902
6589,0.00809,172.217.194.0-255,5738,271828,70,352902
6590,0.008093,172.31.40.0-255,66,271894,70,352902
6591,0.010163,172.217.194.0-255,5738,277632,70,352902
6592,0.010172,172.31.40.0-255,66,277698,70,352902
6593,0.012197,172.217.194.0-255,5738,283436,70,352902
6594,0.012212,172.31.40.0-255,66,283502,70,352902
6595,0.014256,172.217.194.0-255,5738,289240,70,352902
6596,0.014266,172.31.40.0-255,66,289306,70,352902
6597,0.016313,172.217.194.0-255,5738,295044,70,352902
6598,0.016322,172.31.40.0-255,66,295110,70,352902
6599,0.018366,172.217.194.0-255,5738,300848,70,352902
6600,0.018381,172.31.40.0-255,66,300914,70,352902
6601,0.020385,172.217.194.0-255,5738,306652,70,352902
6602,0.020395,172.31.40.0-255,66,306718,70,352902
6603,0.022434,172.217.194.0-255,5738,312456,70,352902
6604,0.022445,172.31.40.0-255,66,312522,70,352902
6605,0.024482,172.217.194.0-255,5738,318260,70,352902
6606,0.024491,172.31.40.0-255,66,318326,70,352902
6607,0.02652,172.217.194.0-255,5738,324064,70,352902
6608,0.026531,172.31.40.0-255,66,324130,70,352902
6609,0.028607,172.217.194.0-255,5738,329868,70,352902
6610,0.028615,172.31.40.0-255,66,329934,70,352902
6611,0.030664,172.217.194.0-255,5738,335672,70,352902
6612,0.030675,172.31.40.0-255,66,335738,70,352902
6613,0.032724,172.217.194.0-255,5738,341476,70,352902
6614,0.032738,172.31.40.0-255,66,341542,70,352902
6615,0.034781,172.217.194.0-255,5738,347280,70,352902
6616,0.034791,172.31.40.0-255,66,347346,70,352902
6617,0.036785,172.217.194.0-255,156,347502,70,352902
6618,0.036898,172.31.40.0-255,66,347568,70,352902
6619,0.036934,172.31.40.0-255,105,347673,70,352902
6620,0.03894,172.217.194.0-255,66,347739,70,352902
6621,0.049201,172.31.40.0-255,172,347911,70,352902
6622,0.049252,172.31.40.0-255,1117,349028,70,352902
6623,0.049665,172.31.40.0-255,1514,350542,70,352902
6624,0.049668,172.31.40.0-255,1514,352056,70,352902
6625,0.049695,172.31.40.0-255,846,352902,70,352902
6626,0.0,172.31.40.0-255,105,105,70,266096
6627,0.000242,172.31.40.0-255,90,195,70,266096
6628,0.000251,172.31.40.0-255,66,261,70,266096
6629,0.002799,172.217.194.0-255,66,327,70,266096
6630,0.002826,172.217.194.0-255,66,393,70,266096
6631,0.002846,172.31.40.0-255,66,459,70,266096
6632,0.011163,74.125.24.0-255,153,612,70,266096
6633,0.011184,172.31.40.0-255,66,678,70,266096
6634,0.011191,74.125.24.0-255,1484,2162,70,266096
6635,0.011195,172.31.40.0-255,66,2228,70,266096
6636,0.011209,74.125.24.0-255,2902,5130,70,266096
6637,0.011213,172.31.40.0-255,66,5196,70,266096
6638,0.01122,74.125.24.0-255,5738,10934,70,266096
6639,0.011223,172.31.40.0-255,66,11000,70,266096
6640,0.011253,74.125.24.0-255,1484,12484,70,266096
6641,0.011256,172.31.40.0-255,66,12550,70,266096
6642,0.011261,74.125.24.0-255,2040,14590,70,266096
6643,0.011263,172.31.40.0-255,66,14656,70,266096
6644,0.011326,74.125.24.0-255,1484,16140,70,266096
6645,0.011329,172.31.40.0-255,66,16206,70,266096
6646,0.011332,74.125.24.0-255,1484,17690,70,266096
6647,0.011334,172.31.40.0-255,66,17756,70,266096
6648,0.011365,74.125.24.0-255,1484,19240,70,266096
6649,0.011369,172.31.40.0-255,66,19306,70,266096
6650,0.011375,74.125.24.0-255,5738,25044,70,266096
6651,0.011377,172.31.40.0-255,66,25110,70,266096
6652,0.011404,74.125.24.0-255,6797,31907,70,266096
6653,0.011406,172.31.40.0-255,66,31973,70,266096
6654,0.011537,74.125.24.0-255,1484,33457,70,266096
6655,0.011541,172.31.40.0-255,66,33523,70,266096
6656,0.011547,74.125.24.0-255,2902,36425,70,266096
6657,0.011549,172.31.40.0-255,66,36491,70,266096
6658,0.011565,74.125.24.0-255,1484,37975,70,266096
6659,0.011568,172.31.40.0-255,66,38041,70,266096
6660,0.011589,74.125.24.0-255,4320,42361,70,266096
6661,0.011592,172.31.40.0-255,66,42427,70,266096
6662,0.011597,74.125.24.0-255,4320,46747,70,266096
6663,0.0116,172.31.40.0-255,66,46813,70,266096
6664,0.011631,74.125.24.0-255,2543,49356,70,266096
6665,0.011633,172.31.40.0-255,66,49422,70,266096
6666,0.011641,74.125.24.0-255,7156,56578,70,266096
6667,0.011644,172.31.40.0-255,66,56644,70,266096
6668,0.01165,74.125.24.0-255,5738,62382,70,266096
6669,0.011653,172.31.40.0-255,66,62448,70,266096
6670,0.011684,74.125.24.0-255,3961,66409,70,266096
6671,0.011687,172.31.40.0-255,66,66475,70,266096
6672,0.01169,74.125.24.0-255,364,66839,70,266096
6673,0.011741,74.125.24.0-255,380,67219,70,266096
6674,0.011925,74.125.24.0-255,1484,68703,70,266096
6675,0.011931,172.31.40.0-255,66,68769,70,266096
6676,0.011934,74.125.24.0-255,1484,70253,70,266096
6677,0.011956,74.125.24.0-255,1484,71737,70,266096
6678,0.011959,172.31.40.0-255,66,71803,70,266096
6679,0.011968,74.125.24.0-255,5738,77541,70,266096
6680,0.01197,172.31.40.0-255,66,77607,70,266096
6681,0.012005,74.125.24.0-255,7156,84763,70,266096
6682,0.012008,172.31.40.0-255,66,84829,70,266096
6683,0.012032,74.125.24.0-255,6797,91626,70,266096
6684,0.012035,172.31.40.0-255,66,91692,70,266096
6685,0.012084,74.125.24.0-255,9633,101325,70,266096
6686,0.012088,172.31.40.0-255,66,101391,70,266096
6687,0.012091,74.125.24.0-255,1484,102875,70,266096
6688,0.012112,74.125.24.0-255,2902,105777,70,266096
6689,0.012115,172.31.40.0-255,66,105843,70,266096
6690,0.012121,74.125.24.0-255,5738,111581,70,266096
6691,0.012124,172.31.40.0-255,66,111647,70,266096
6692,0.01218,74.125.24.0-255,4320,115967,70,266096
6693,0.012183,172.31.40.0-255,66,116033,70,266096
6694,0.012217,74.125.24.0-255,5738,121771,70,266096
6695,0.01222,172.31.40.0-255,66,121837,70,266096
6696,0.012233,172.31.40.0-255,66,121903,70,266096
6697,0.012237,74.125.24.0-255,2184,124087,70,266096
6698,0.012239,172.31.40.0-255,66,124153,70,266096
6699,0.012358,74.125.24.0-255,1484,125637,70,266096
6700,0.012375,74.125.24.0-255,2902,128539,70,266096
6701,0.012379,172.31.40.0-255,66,128605,70,266096
6702,0.012387,74.125.24.0-255,5738,134343,70,266096
6703,0.01239,172.31.40.0-255,66,134409,70,266096
6704,0.0124,74.125.24.0-255,5738,140147,70,266096
6705,0.012403,172.31.40.0-255,66,140213,70,266096
6706,0.01244,172.31.40.0-255,66,140279,70,266096
6707,0.012446,74.125.24.0-255,4320,144599,70,266096
6708,0.012448,172.31.40.0-255,66,144665,70,266096
6709,0.012471,74.125.24.0-255,766,145431,70,266096
6710,0.012989,74.125.24.0-255,1484,146915,70,266096
6711,0.012997,172.31.40.0-255,66,146981,70,266096
6712,0.013003,74.125.24.0-255,2902,149883,70,266096
6713,0.013006,172.31.40.0-255,66,149949,70,266096
6714,0.013048,74.125.24.0-255,5738,155687,70,266096
6715,0.013051,172.31.40.0-255,66,155753,70,266096
6716,0.013065,172.31.40.0-255,66,155819,70,266096
6717,0.013075,74.125.24.0-255,10692,166511,70,266096
6718,0.013078,172.31.40.0-255,66,166577,70,266096
6719,0.015134,74.125.24.0-255,5738,172315,70,266096
6720,0.015141,172.31.40.0-255,66,172381,70,266096
6721,0.017165,74.125.24.0-255,5738,178119,70,266096
6722,0.017172,172.31.40.0-255,66,178185,70,266096
6723,0.019221,74.125.24.0-255,5738,183923,70,266096
6724,0.01923,172.31.40.0-255,66,183989,70,266096
6725,0.021322,74.125.24.0-255,5738,189727,70,266096
6726,0.021332,172.31.40.0-255,66,189793,70,266096
6727,0.023378,74.125.24.0-255,5738,195531,70,266096
6728,0.023389,172.31.40.0-255,66,195597,70,266096
6729,0.025422,74.125.24.0-255,5738,201335,70,266096
6730,0.025436,172.31.40.0-255,66,201401,70,266096
6731,0.027542,74.125.24.0-255,5738,207139,70,266096
6732,0.027554,172.31.40.0-255,66,207205,70,266096
6733,0.029646,74.125.24.0-255,5738,212943,70,266096
6734,0.029661,172.31.40.0-255,66,213009,70,266096
6735,0.031703,74.125.24.0-255,5738,218747,70,266096
6736,0.031713,172.31.40.0-255,66,218813,70,266096
6737,0.033803,74.125.24.0-255,5738,224551,70,266096
6738,0.033822,172.31.40.0-255,66,224617,70,266096
6739,0.035979,74.125.24.0-255,5738,230355,70,266096
6740,0.035995,172.31.40.0-255,66,230421,70,266096
6741,0.03806,74.125.24.0-255,5738,236159,70,266096
6742,0.038079,172.31.40.0-255,66,236225,70,266096
6743,0.04019,74.125.24.0-255,5738,241963,70,266096
6744,0.040205,172.31.40.0-255,66,242029,70,266096
6745,0.042263,74.125.24.0-255,5738,247767,70,266096
6746,0.042271,172.31.40.0-255,66,247833,70,266096
6747,0.042729,172.31.40.0-255,172,248005,70,266096
6748,0.042761,172.31.40.0-255,613,248618,70,266096
6749,0.044337,74.125.24.0-255,5738,254356,70,266096
6750,0.044349,172.31.40.0-255,66,254422,70,266096
6751,0.045217,104.244.42.0-255,66,254488,70,266096
6752,0.046431,74.125.24.0-255,5738,260226,70,266096
6753,0.046444,172.31.40.0-255,66,260292,70,266096
6754,0.048548,74.125.24.0-255,5738,266030,70,266096
6755,0.04856,172.31.40.0-255,66,266096,70,266096
6756,0.0,172.217.194.0-255,153,153,70,317806
6757,2.3e-05,172.31.40.0-255,66,219,70,317806
6758,2.9e-05,172.217.194.0-255,1484,1703,70,317806
6759,3.3e-05,172.31.40.0-255,66,1769,70,317806
6760,3.8e-05,172.217.194.0-255,2902,4671,70,317806
6761,4.1e-05,172.31.40.0-255,66,4737,70,317806
6762,5e-05,172.217.194.0-255,7156,11893,70,317806
6763,5.4e-05,172.31.40.0-255,66,11959,70,317806
6764,9e-05,172.31.40.0-255,66,12025,70,317806
6765,0.000107,172.217.194.0-255,4972,16997,70,317806
6766,0.00011,172.31.40.0-255,66,17063,70,317806
6767,0.000114,172.217.194.0-255,2543,19606,70,317806
6768,0.000116,172.31.40.0-255,66,19672,70,317806
6769,0.000175,172.217.194.0-255,1484,21156,70,317806
6770,0.000178,172.31.40.0-255,66,21222,70,317806
6771,0.000194,172.217.194.0-255,2902,24124,70,317806
6772,0.000196,172.31.40.0-255,66,24190,70,317806
6773,0.000235,172.217.194.0-255,5738,29928,70,317806
6774,0.000238,172.31.40.0-255,66,29994,70,317806
6775,0.000241,172.217.194.0-255,1484,31478,70,317806
6776,0.000243,172.31.40.0-255,66,31544,70,317806
6777,0.000253,172.217.194.0-255,9633,41177,70,317806
6778,0.000255,172.31.40.0-255,66,41243,70,317806
6779,0.00027,172.217.194.0-255,1484,42727,70,317806
6780,0.000272,172.31.40.0-255,66,42793,70,317806
6781,0.000307,172.31.40.0-255,66,42859,70,317806
6782,0.00031,172.217.194.0-255,394,43253,70,317806
6783,0.000312,172.31.40.0-255,66,43319,70,317806
6784,0.000331,172.217.194.0-255,380,43699,70,317806
6785,0.000334,172.31.40.0-255,66,43765,70,317806
6786,0.001174,172.217.194.0-255,1484,45249,70,317806
6787,0.001184,172.217.194.0-255,2902,48151,70,317806
6788,0.001188,172.31.40.0-255,66,48217,70,317806
6789,0.001218,172.217.194.0-255,5738,53955,70,317806
6790,0.001221,172.31.40.0-255,66,54021,70,317806
6791,0.001224,172.217.194.0-255,1484,55505,70,317806
6792,0.001242,172.217.194.0-255,4320,59825,70,317806
6793,0.001244,172.31.40.0-255,66,59891,70,317806
6794,0.001278,172.217.194.0-255,1125,61016,70,317806
6795,0.001432,172.217.194.0-255,1484,62500,70,317806
6796,0.001437,172.31.40.0-255,66,62566,70,317806
6797,0.001442,172.217.194.0-255,2902,65468,70,317806
6798,0.001445,172.31.40.0-255,66,65534,70,317806
6799,0.001469,172.217.194.0-255,5738,71272,70,317806
6800,0.001471,172.31.40.0-255,66,71338,70,317806
6801,0.001475,172.217.194.0-255,1484,72822,70,317806
6802,0.001498,172.217.194.0-255,9992,82814,70,317806
6803,0.0015,172.31.40.0-255,66,82880,70,317806
6804,0.001522,172.217.194.0-255,1484,84364,70,317806
6805,0.001551,172.217.194.0-255,7156,91520,70,317806
6806,0.001554,172.31.40.0-255,66,91586,70,317806
6807,0.001568,172.217.194.0-255,3602,95188,70,317806
6808,0.001571,172.31.40.0-255,66,95254,70,317806
6809,0.001582,172.217.194.0-255,9992,105246,70,317806
6810,0.001584,172.31.40.0-255,66,105312,70,317806
6811,0.001603,172.217.194.0-255,2902,108214,70,317806
6812,0.001606,172.31.40.0-255,66,108280,70,317806
6813,0.001617,172.217.194.0-255,9992,118272,70,317806
6814,0.00162,172.31.40.0-255,66,118338,70,317806
6815,0.001648,172.217.194.0-255,8574,126912,70,317806
6816,0.001651,172.31.40.0-255,66,126978,70,317806
6817,0.001661,172.217.194.0-255,9992,136970,70,317806
6818,0.001665,172.31.40.0-255,66,137036,70,317806
6819,0.001702,172.217.194.0-255,9274,146310,70,317806
6820,0.001718,172.217.194.0-255,3602,149912,70,317806
6821,0.001803,172.217.194.0-255,1484,151396,70,317806
6822,0.001807,172.217.194.0-255,1484,152880,70,317806
6823,0.00182,172.217.194.0-255,1484,154364,70,317806
6824,0.001827,172.217.194.0-255,5738,160102,70,317806
6825,0.001839,172.217.194.0-255,1484,161586,70,317806
6826,0.001856,172.217.194.0-255,5738,167324,70,317806
6827,0.001859,172.217.194.0-255,1484,168808,70,317806
6828,0.001872,172.217.194.0-255,4320,173128,70,317806
6829,0.001889,172.217.194.0-255,8574,181702,70,317806
6830,0.001893,172.217.194.0-255,2184,183886,70,317806
6831,0.001943,172.217.194.0-255,1484,185370,70,317806
6832,0.001957,172.217.194.0-255,2902,188272,70,317806
6833,0.00196,172.217.194.0-255,1484,189756,70,317806
6834,0.001981,172.217.194.0-255,4320,194076,70,317806
6835,0.001999,172.217.194.0-255,8574,202650,70,317806
6836,0.002017,172.217.194.0-255,4320,206970,70,317806
6837,0.002027,172.217.194.0-255,10692,217662,70,317806
6838,0.002085,172.217.194.0-255,1484,219146,70,317806
6839,0.002094,172.217.194.0-255,1484,220630,70,317806
6840,0.002111,172.217.194.0-255,1484,222114,70,317806
6841,0.002118,172.217.194.0-255,5738,227852,70,317806
6842,0.00218,172.217.194.0-255,7156,235008,70,317806
6843,0.002199,172.217.194.0-255,5738,240746,70,317806
6844,0.002208,172.217.194.0-255,10692,251438,70,317806
6845,0.002215,172.217.194.0-255,7156,258594,70,317806
6846,0.002232,172.217.194.0-255,1484,260078,70,317806
6847,0.00224,172.217.194.0-255,8574,268652,70,317806
6848,0.002253,172.217.194.0-255,1484,270136,70,317806
6849,0.002275,172.217.194.0-255,4320,274456,70,317806
6850,0.002319,172.217.194.0-255,3602,278058,70,317806
6851,0.002359,172.217.194.0-255,9992,288050,70,317806
6852,0.002368,172.217.194.0-255,9274,297324,70,317806
6853,0.002373,172.217.194.0-255,2902,300226,70,317806
6854,0.002436,172.217.194.0-255,10692,310918,70,317806
6855,0.002444,172.217.194.0-255,6379,317297,70,317806
6856,0.002447,172.217.194.0-255,105,317402,70,317806
6857,0.0025,172.31.40.0-255,66,317468,70,317806
6858,0.009649,172.31.40.0-255,101,317569,70,317806
6859,0.010454,172.31.40.0-255,105,317674,70,317806
6860,0.012239,172.217.194.0-255,66,317740,70,317806
6861,0.013036,172.217.194.0-255,66,317806,70,317806
6862,0.0,172.217.194.0-255,153,153,70,289962
6863,2e-05,172.31.40.0-255,66,219,70,289962
6864,2.7e-05,172.217.194.0-255,1484,1703,70,289962
6865,3.1e-05,172.31.40.0-255,66,1769,70,289962
6866,3.7e-05,172.217.194.0-255,2902,4671,70,289962
6867,4.1e-05,172.31.40.0-255,66,4737,70,289962
6868,4.7e-05,172.217.194.0-255,4320,9057,70,289962
6869,5.9e-05,172.31.40.0-255,66,9123,70,289962
6870,6.5e-05,172.217.194.0-255,4905,14028,70,289962
6871,6.8e-05,172.31.40.0-255,66,14094,70,289962
6872,8.8e-05,172.217.194.0-255,1484,15578,70,289962
6873,9.1e-05,172.31.40.0-255,66,15644,70,289962
6874,0.0001,172.217.194.0-255,2902,18546,70,289962
6875,0.000102,172.31.40.0-255,66,18612,70,289962
6876,0.000116,172.217.194.0-255,2902,21514,70,289962
6877,0.000121,172.31.40.0-255,66,21580,70,289962
6878,0.000164,172.217.194.0-255,2902,24482,70,289962
6879,0.000167,172.31.40.0-255,66,24548,70,289962
6880,0.000175,172.217.194.0-255,6797,31345,70,289962
6881,0.000178,172.31.40.0-255,66,31411,70,289962
6882,0.000185,172.217.194.0-255,7156,38567,70,289962
6883,0.000193,172.31.40.0-255,66,38633,70,289962
6884,0.000211,172.217.194.0-255,7156,45789,70,289962
6885,0.000219,172.31.40.0-255,66,45855,70,289962
6886,0.000223,172.217.194.0-255,1484,47339,70,289962
6887,0.000225,172.31.40.0-255,66,47405,70,289962
6888,0.000234,172.217.194.0-255,9633,57038,70,289962
6889,0.000237,172.31.40.0-255,66,57104,70,289962
6890,0.000273,172.217.194.0-255,4320,61424,70,289962
6891,0.000276,172.31.40.0-255,66,61490,70,289962
6892,0.000306,172.217.194.0-255,4236,65726,70,289962
6893,0.000309,172.31.40.0-255,66,65792,70,289962
6894,0.000312,172.217.194.0-255,117,65909,70,289962
6895,0.000338,172.217.194.0-255,1484,67393,70,289962
6896,0.000342,172.217.194.0-255,2902,70295,70,289962
6897,0.000364,172.31.40.0-255,66,70361,70,289962
6898,0.000372,172.217.194.0-255,7156,77517,70,289962
6899,0.000375,172.217.194.0-255,2902,80419,70,289962
6900,0.000392,172.31.40.0-255,66,80485,70,289962
6901,0.000421,172.217.194.0-255,2902,83387,70,289962
6902,0.000433,172.217.194.0-255,2902,86289,70,289962
6903,0.000449,172.217.194.0-255,5695,91984,70,289962
6904,0.000452,172.217.194.0-255,1484,93468,70,289962
6905,0.000478,172.217.194.0-255,5738,99206,70,289962
6906,0.00049,172.217.194.0-255,1125,100331,70,289962
6907,0.000646,172.31.40.0-255,66,100397,70,289962
6908,0.001119,172.217.194.0-255,1484,101881,70,289962
6909,0.001125,172.217.194.0-255,2902,104783,70,289962
6910,0.001128,172.31.40.0-255,66,104849,70,289962
6911,0.001164,172.217.194.0-255,5738,110587,70,289962
6912,0.00118,172.31.40.0-255,66,110653,70,289962
6913,0.001189,172.217.194.0-255,1484,112137,70,289962
6914,0.001223,172.217.194.0-255,8574,120711,70,289962
6915,0.001228,172.31.40.0-255,66,120777,70,289962
6916,0.001238,172.217.194.0-255,2184,122961,70,289962
6917,0.001262,172.31.40.0-255,66,123027,70,289962
6918,0.001714,172.217.194.0-255,1484,124511,70,289962
6919,0.001721,172.217.194.0-255,2902,127413,70,289962
6920,0.001724,172.31.40.0-255,66,127479,70,289962
6921,0.001742,172.217.194.0-255,1484,128963,70,289962
6922,0.001754,172.217.194.0-255,4320,133283,70,289962
6923,0.00176,172.217.194.0-255,5738,139021,70,289962
6924,0.001781,172.217.194.0-255,7156,146177,70,289962
6925,0.001796,172.217.194.0-255,5738,151915,70,289962
6926,0.001799,172.217.194.0-255,2902,154817,70,289962
6927,0.001814,172.217.194.0-255,2184,157001,70,289962
6928,0.001911,172.217.194.0-255,1484,158485,70,289962
6929,0.001917,172.217.194.0-255,2902,161387,70,289962
6930,0.001939,172.217.194.0-255,5738,167125,70,289962
6931,0.001954,172.217.194.0-255,4320,171445,70,289962
6932,0.001971,172.217.194.0-255,5738,177183,70,289962
6933,0.001997,172.217.194.0-255,2902,180085,70,289962
6934,0.00202,172.217.194.0-255,9992,190077,70,289962
6935,0.002047,172.217.194.0-255,5020,195097,70,289962
6936,0.002073,172.217.194.0-255,7156,202253,70,289962
6937,0.002134,172.217.194.0-255,4320,206573,70,289962
6938,0.00214,172.217.194.0-255,5738,212311,70,289962
6939,0.002163,172.217.194.0-255,5020,217331,70,289962
6940,0.002167,172.217.194.0-255,2902,220233,70,289962
6941,0.002184,172.217.194.0-255,2902,223135,70,289962
6942,0.002196,172.217.194.0-255,5738,228873,70,289962
6943,0.002209,172.217.194.0-255,7156,236029,70,289962
6944,0.002237,172.217.194.0-255,9992,246021,70,289962
6945,0.002282,172.217.194.0-255,7156,253177,70,289962
6946,0.002349,172.217.194.0-255,2184,255361,70,289962
6947,0.002365,172.217.194.0-255,1484,256845,70,289962
6948,0.002416,172.217.194.0-255,2902,259747,70,289962
6949,0.002444,172.217.194.0-255,1484,261231,70,289962
6950,0.002447,172.217.194.0-255,766,261997,70,289962
6951,0.002449,172.217.194.0-255,1484,263481,70,289962
6952,0.002454,172.217.194.0-255,4320,267801,70,289962
6953,0.002462,172.217.194.0-255,9992,277793,70,289962
6954,0.002465,172.217.194.0-255,1484,279277,70,289962
6955,0.002486,172.217.194.0-255,7156,286433,70,289962
6956,0.002514,172.217.194.0-255,2903,289336,70,289962
6957,0.002536,172.217.194.0-255,105,289441,70,289962
6958,0.012213,172.217.194.0-255,105,289546,70,289962
6959,0.012235,172.31.40.0-255,78,289624,70,289962
6960,0.013709,172.31.40.0-255,101,289725,70,289962
6961,0.01475,172.31.40.0-255,105,289830,70,289962
6962,0.016258,172.217.194.0-255,66,289896,70,289962
6963,0.017279,172.217.194.0-255,66,289962,70,289962
6964,0.0,216.58.203.0-255,152,152,70,318740
6965,1.7e-05,172.31.40.0-255,66,218,70,318740
6966,2.4e-05,216.58.203.0-255,1484,1702,70,318740
6967,2.8e-05,172.31.40.0-255,66,1768,70,318740
6968,4.5e-05,216.58.203.0-255,2902,4670,70,318740
6969,4.8e-05,172.31.40.0-255,66,4736,70,318740
6970,5.6e-05,216.58.203.0-255,5738,10474,70,318740
6971,5.9e-05,172.31.40.0-255,66,10540,70,318740
6972,6.2e-05,216.58.203.0-255,1484,12024,70,318740
6973,6.5e-05,172.31.40.0-255,66,12090,70,318740
6974,9e-05,216.58.203.0-255,2068,14158,70,318740
6975,9.2e-05,172.31.40.0-255,66,14224,70,318740
6976,9.8e-05,216.58.203.0-255,4320,18544,70,318740
6977,0.000101,172.31.40.0-255,66,18610,70,318740
6978,0.000129,216.58.203.0-255,7156,25766,70,318740
6979,0.000132,172.31.40.0-255,66,25832,70,318740
6980,0.000149,216.58.203.0-255,2902,28734,70,318740
6981,0.000152,172.31.40.0-255,66,28800,70,318740
6982,0.000199,216.58.203.0-255,2543,31343,70,318740
6983,0.000202,172.31.40.0-255,66,31409,70,318740
6984,0.0004,216.58.203.0-255,1484,32893,70,318740
6985,0.000405,172.31.40.0-255,66,32959,70,318740
6986,0.000411,216.58.203.0-255,2902,35861,70,318740
6987,0.000414,172.31.40.0-255,66,35927,70,318740
6988,0.00044,216.58.203.0-255,1484,37411,70,318740
6989,0.000444,172.31.40.0-255,66,37477,70,318740
6990,0.000448,216.58.203.0-255,2902,40379,70,318740
6991,0.000451,172.31.40.0-255,66,40445,70,318740
6992,0.000457,216.58.203.0-255,5738,46183,70,318740
6993,0.000459,172.31.40.0-255,66,46249,70,318740
6994,0.000464,216.58.203.0-255,3961,50210,70,318740
6995,0.000467,172.31.40.0-255,66,50276,70,318740
6996,0.000488,216.58.203.0-255,2902,53178,70,318740
6997,0.000505,172.31.40.0-255,66,53244,70,318740
6998,0.000515,216.58.203.0-255,4320,57564,70,318740
6999,0.000521,172.31.40.0-255,66,57630,70,318740
7000,0.000543,216.58.203.0-255,5738,63368,70,318740
7001,0.000555,172.31.40.0-255,66,63434,70,318740
7002,0.000564,216.58.203.0-255,2543,65977,70,318740
7003,0.000569,172.31.40.0-255,66,66043,70,318740
7004,0.000607,216.58.203.0-255,353,66396,70,318740
7005,0.000792,216.58.203.0-255,390,66786,70,318740
7006,0.000951,216.58.203.0-255,1484,68270,70,318740
7007,0.000955,172.31.40.0-255,66,68336,70,318740
7008,0.000962,216.58.203.0-255,2902,71238,70,318740
7009,0.000965,216.58.203.0-255,1484,72722,70,318740
7010,0.000981,216.58.203.0-255,4320,77042,70,318740
7011,0.000984,216.58.203.0-255,1484,78526,70,318740
7012,0.000994,172.31.40.0-255,66,78592,70,318740
7013,0.001006,216.58.203.0-255,5379,83971,70,318740
7014,0.001011,172.31.40.0-255,66,84037,70,318740
7015,0.001025,216.58.203.0-255,1484,85521,70,318740
7016,0.001085,216.58.203.0-255,1484,87005,70,318740
7017,0.001091,216.58.203.0-255,2543,89548,70,318740
7018,0.001126,172.31.40.0-255,66,89614,70,318740
7019,0.001289,216.58.203.0-255,1484,91098,70,318740
7020,0.001295,216.58.203.0-255,2902,94000,70,318740
7021,0.001299,172.31.40.0-255,66,94066,70,318740
7022,0.001302,216.58.203.0-255,1484,95550,70,318740
7023,0.001321,216.58.203.0-255,4320,99870,70,318740
7024,0.001325,216.58.203.0-255,2902,102772,70,318740
7025,0.001336,172.31.40.0-255,66,102838,70,318740
7026,0.001353,216.58.203.0-255,9992,112830,70,318740
7027,0.001356,216.58.203.0-255,1484,114314,70,318740
7028,0.00136,172.31.40.0-255,66,114380,70,318740
7029,0.001414,216.58.203.0-255,2902,117282,70,318740
7030,0.001438,216.58.203.0-255,6438,123720,70,318740
7031,0.001445,172.31.40.0-255,66,123786,70,318740
7032,0.001555,216.58.203.0-255,1484,125270,70,318740
7033,0.00156,216.58.203.0-255,1484,126754,70,318740
7034,0.001563,172.31.40.0-255,66,126820,70,318740
7035,0.001585,216.58.203.0-255,1484,128304,70,318740
7036,0.001591,216.58.203.0-255,5738,134042,70,318740
7037,0.001597,216.58.203.0-255,5738,139780,70,318740
7038,0.001601,216.58.203.0-255,2902,142682,70,318740
7039,0.001619,216.58.203.0-255,4320,147002,70,318740
7040,0.001626,172.31.40.0-255,66,147068,70,318740
7041,0.001652,216.58.203.0-255,2902,149970,70,318740
7042,0.001656,172.31.40.0-255,66,150036,70,318740
7043,0.00167,216.58.203.0-255,7856,157892,70,318740
7044,0.001692,172.31.40.0-255,66,157958,70,318740
7045,0.003367,216.58.203.0-255,5738,163696,70,318740
7046,0.003375,172.31.40.0-255,66,163762,70,318740
7047,0.00504,216.58.203.0-255,5738,169500,70,318740
7048,0.006704,172.31.40.0-255,66,169566,70,318740
7049,0.00837,216.58.203.0-255,4320,173886,70,318740
7050,0.008376,172.31.40.0-255,66,173952,70,318740
7051,0.008395,216.58.203.0-255,1484,175436,70,318740
7052,0.01005,216.58.203.0-255,4320,179756,70,318740
7053,0.010057,172.31.40.0-255,66,179822,70,318740
7054,0.011721,216.58.203.0-255,5738,185560,70,318740
7055,0.011763,172.31.40.0-255,66,185626,70,318740
7056,0.013432,216.58.203.0-255,5738,191364,70,318740
7057,0.01344,172.31.40.0-255,66,191430,70,318740
7058,0.015102,216.58.203.0-255,5738,197168,70,318740
7059,0.015109,172.31.40.0-255,66,197234,70,318740
7060,0.016778,216.58.203.0-255,5738,202972,70,318740
7061,0.016785,172.31.40.0-255,66,203038,70,318740
7062,0.018484,216.58.203.0-255,5738,208776,70,318740
7063,0.018493,172.31.40.0-255,66,208842,70,318740
7064,0.020178,216.58.203.0-255,5738,214580,70,318740
7065,0.020187,172.31.40.0-255,66,214646,70,318740
7066,0.021863,216.58.203.0-255,5738,220384,70,318740
7067,0.021872,172.31.40.0-255,66,220450,70,318740
7068,0.023548,216.58.203.0-255,5738,226188,70,318740
7069,0.023555,172.31.40.0-255,66,226254,70,318740
7070,0.025235,216.58.203.0-255,5738,231992,70,318740
7071,0.025243,172.31.40.0-255,66,232058,70,318740
7072,0.02692,216.58.203.0-255,5738,237796,70,318740
7073,0.026928,172.31.40.0-255,66,237862,70,318740
7074,0.02844,172.31.40.0-255,172,238034,70,318740
7075,0.028473,172.31.40.0-255,1118,239152,70,318740
7076,0.028544,172.31.40.0-255,1514,240666,70,318740
7077,0.028549,172.31.40.0-255,1514,242180,70,318740
7078,0.02855,172.31.40.0-255,844,243024,70,318740
7079,0.028598,216.58.203.0-255,5738,248762,70,318740
7080,0.028603,172.31.40.0-255,66,248828,70,318740
7081,0.029999,104.244.42.0-255,66,248894,70,318740
7082,0.030008,104.244.42.0-255,66,248960,70,318740
7083,0.030143,104.244.42.0-255,66,249026,70,318740
7084,0.03015,104.244.42.0-255,66,249092,70,318740
7085,0.030283,216.58.203.0-255,5738,254830,70,318740
7086,0.030289,172.31.40.0-255,66,254896,70,318740
7087,0.031976,216.58.203.0-255,5738,260634,70,318740
7088,0.031983,172.31.40.0-255,66,260700,70,318740
7089,0.033671,216.58.203.0-255,5738,266438,70,318740
7090,0.033677,172.31.40.0-255,66,266504,70,318740
7091,0.035383,216.58.203.0-255,5738,272242,70,318740
7092,0.03539,172.31.40.0-255,66,272308,70,318740
7093,0.037077,216.58.203.0-255,5738,278046,70,318740
7094,0.037083,172.31.40.0-255,66,278112,70,318740
7095,0.038774,216.58.203.0-255,5738,283850,70,318740
7096,0.03878,172.31.40.0-255,66,283916,70,318740
7097,0.040471,216.58.203.0-255,5738,289654,70,318740
7098,0.040478,172.31.40.0-255,66,289720,70,318740
7099,0.042163,216.58.203.0-255,5738,295458,70,318740
7100,0.042169,172.31.40.0-255,66,295524,70,318740
7101,0.043843,216.58.203.0-255,5738,301262,70,318740
7102,0.043848,172.31.40.0-255,66,301328,70,318740
7103,0.045532,216.58.203.0-255,5738,307066,70,318740
7104,0.04554,172.31.40.0-255,66,307132,70,318740
7105,0.047218,216.58.203.0-255,5738,312870,70,318740
7106,0.047225,172.31.40.0-255,66,312936,70,318740
7107,0.048918,216.58.203.0-255,5738,318674,70,318740
7108,0.048925,172.31.40.0-255,66,318740,70,318740
7109,0.0,172.253.118.0-255,153,153,70,218141
7110,1.5e-05,172.31.40.0-255,66,219,70,218141
7111,2.2e-05,172.253.118.0-255,1484,1703,70,218141
7112,2.6e-05,172.31.40.0-255,66,1769,70,218141
7113,3e-05,172.253.118.0-255,2902,4671,70,218141
7114,3.2e-05,172.31.40.0-255,66,4737,70,218141
7115,5.7e-05,172.253.118.0-255,7156,11893,70,218141
7116,6e-05,172.31.40.0-255,66,11959,70,218141
7117,6.3e-05,172.253.118.0-255,2023,13982,70,218141
7118,6.6e-05,172.31.40.0-255,66,14048,70,218141
7119,9.1e-05,172.253.118.0-255,2902,16950,70,218141
7120,9.3e-05,172.31.40.0-255,66,17016,70,218141
7121,0.000113,172.253.118.0-255,8574,25590,70,218141
7122,0.000116,172.31.40.0-255,66,25656,70,218141
7123,0.000123,172.253.118.0-255,5379,31035,70,218141
7124,0.000125,172.31.40.0-255,66,31101,70,218141
7125,0.000247,172.253.118.0-255,1484,32585,70,218141
7126,0.000251,172.31.40.0-255,66,32651,70,218141
7127,0.000267,172.253.118.0-255,2902,35553,70,218141
7128,0.000269,172.31.40.0-255,66,35619,70,218141
7129,0.000296,172.253.118.0-255,5738,41357,70,218141
7130,0.000299,172.31.40.0-255,66,41423,70,218141
7131,0.000315,172.253.118.0-255,4320,45743,70,218141
7132,0.000318,172.31.40.0-255,66,45809,70,218141
7133,0.000341,172.253.118.0-255,2543,48352,70,218141
7134,0.000344,172.31.40.0-255,66,48418,70,218141
7135,0.000347,172.253.118.0-255,1484,49902,70,218141
7136,0.000349,172.31.40.0-255,66,49968,70,218141
7137,0.00037,172.253.118.0-255,5738,55706,70,218141
7138,0.000373,172.31.40.0-255,66,55772,70,218141
7139,0.000379,172.253.118.0-255,5738,61510,70,218141
7140,0.000382,172.31.40.0-255,66,61576,70,218141
7141,0.000405,172.253.118.0-255,1484,63060,70,218141
7142,0.000418,172.253.118.0-255,2817,65877,70,218141
7143,0.000421,172.31.40.0-255,66,65943,70,218141
7144,0.00044,172.253.118.0-255,130,66073,70,218141
7145,0.000473,172.253.118.0-255,1484,67557,70,218141
7146,0.000476,172.31.40.0-255,66,67623,70,218141
7147,0.000479,172.253.118.0-255,1484,69107,70,218141
7148,0.000497,172.253.118.0-255,1484,70591,70,218141
7149,0.0005,172.31.40.0-255,66,70657,70,218141
7150,0.000507,172.253.118.0-255,7156,77813,70,218141
7151,0.00051,172.31.40.0-255,66,77879,70,218141
7152,0.000514,172.253.118.0-255,2902,80781,70,218141
7153,0.000517,172.31.40.0-255,66,80847,70,218141
7154,0.000548,172.253.118.0-255,4320,85167,70,218141
7155,0.000551,172.31.40.0-255,66,85233,70,218141
7156,0.000568,172.253.118.0-255,4320,89553,70,218141
7157,0.000572,172.31.40.0-255,66,89619,70,218141
7158,0.000592,172.253.118.0-255,10692,100311,70,218141
7159,0.000595,172.31.40.0-255,66,100377,70,218141
7160,0.001294,172.253.118.0-255,1484,101861,70,218141
7161,0.001304,172.253.118.0-255,2902,104763,70,218141
7162,0.001308,172.31.40.0-255,66,104829,70,218141
7163,0.001316,172.253.118.0-255,5738,110567,70,218141
7164,0.001318,172.31.40.0-255,66,110633,70,218141
7165,0.00134,172.253.118.0-255,2902,113535,70,218141
7166,0.001342,172.31.40.0-255,66,113601,70,218141
7167,0.001364,172.253.118.0-255,5738,119339,70,218141
7168,0.001366,172.31.40.0-255,66,119405,70,218141
7169,0.001441,172.31.40.0-255,66,119471,70,218141
7170,0.001455,172.253.118.0-255,1484,120955,70,218141
7171,0.001476,172.253.118.0-255,2902,123857,70,218141
7172,0.001478,172.31.40.0-255,66,123923,70,218141
7173,0.001485,172.253.118.0-255,5738,129661,70,218141
7174,0.001487,172.31.40.0-255,66,129727,70,218141
7175,0.001491,172.253.118.0-255,2902,132629,70,218141
7176,0.001494,172.31.40.0-255,66,132695,70,218141
7177,0.001534,172.253.118.0-255,4320,137015,70,218141
7178,0.001536,172.31.40.0-255,66,137081,70,218141
7179,0.00155,172.31.40.0-255,66,137147,70,218141
7180,0.001554,172.253.118.0-255,2184,139331,70,218141
7181,0.001556,172.31.40.0-255,66,139397,70,218141
7182,0.001704,172.253.118.0-255,1484,140881,70,218141
7183,0.00171,172.253.118.0-255,2902,143783,70,218141
7184,0.001713,172.31.40.0-255,66,143849,70,218141
7185,0.001743,172.253.118.0-255,5738,149587,70,218141
7186,0.001745,172.31.40.0-255,66,149653,70,218141
7187,0.001752,172.253.118.0-255,8574,158227,70,218141
7188,0.001754,172.31.40.0-255,66,158293,70,218141
7189,0.001796,172.253.118.0-255,1484,159777,70,218141
7190,0.001845,172.31.40.0-255,66,159843,70,218141
7191,0.001968,172.253.118.0-255,1484,161327,70,218141
7192,0.001985,172.253.118.0-255,2902,164229,70,218141
7193,0.001987,172.31.40.0-255,66,164295,70,218141
7194,0.001991,172.253.118.0-255,2902,167197,70,218141
7195,0.001993,172.31.40.0-255,66,167263,70,218141
7196,0.002053,172.253.118.0-255,7156,174419,70,218141
7197,0.002056,172.31.40.0-255,66,174485,70,218141
7198,0.002069,172.31.40.0-255,66,174551,70,218141
7199,0.002074,172.253.118.0-255,3602,178153,70,218141
7200,0.002076,172.31.40.0-255,66,178219,70,218141
7201,0.002227,172.253.118.0-255,3602,181821,70,218141
7202,0.002246,172.253.118.0-255,3602,185423,70,218141
7203,0.002265,172.253.118.0-255,4320,189743,70,218141
7204,0.002339,172.253.118.0-255,2902,192645,70,218141
7205,0.002357,172.253.118.0-255,2902,195547,70,218141
7206,0.002402,172.253.118.0-255,2184,197731,70,218141
7207,0.002426,172.253.118.0-255,8574,206305,70,218141
7208,0.002432,172.253.118.0-255,5738,212043,70,218141
7209,0.002451,172.253.118.0-255,163,212206,70,218141
7210,0.002453,172.253.118.0-255,105,212311,70,218141
7211,0.005162,172.31.40.0-255,66,212377,70,218141
7212,0.007225,172.31.40.0-255,101,212478,70,218141
7213,0.008096,172.31.40.0-255,105,212583,70,218141
7214,0.00971,172.253.118.0-255,66,212649,70,218141
7215,0.010584,172.253.118.0-255,66,212715,70,218141
7216,0.028578,172.31.40.0-255,172,212887,70,218141
7217,0.028609,172.31.40.0-255,1118,214005,70,218141
7218,0.028661,172.31.40.0-255,1514,215519,70,218141
7219,0.028662,172.31.40.0-255,1514,217033,70,218141
7220,0.028692,172.31.40.0-255,844,217877,70,218141
7221,0.030122,104.244.42.0-255,66,217943,70,218141
7222,0.030205,104.244.42.0-255,66,218009,70,218141
7223,0.030253,104.244.42.0-255,66,218075,70,218141
7224,0.030255,104.244.42.0-255,66,218141,70,218141
7225,0.0,172.217.194.0-255,153,153,70,356133
7226,1.4e-05,172.31.40.0-255,66,219,70,356133
7227,2e-05,172.217.194.0-255,1484,1703,70,356133
7228,2.4e-05,172.31.40.0-255,66,1769,70,356133
7229,2.9e-05,172.217.194.0-255,2902,4671,70,356133
7230,3.1e-05,172.31.40.0-255,66,4737,70,356133
7231,3.9e-05,172.217.194.0-255,7156,11893,70,356133
7232,4.1e-05,172.31.40.0-255,66,11959,70,356133
7233,4.5e-05,172.217.194.0-255,1911,13870,70,356133
7234,4.6e-05,172.31.40.0-255,66,13936,70,356133
7235,9.3e-05,172.217.194.0-255,5738,19674,70,356133
7236,9.5e-05,172.31.40.0-255,66,19740,70,356133
7237,0.00011,172.217.194.0-255,4320,24060,70,356133
7238,0.000112,172.31.40.0-255,66,24126,70,356133
7239,0.000126,172.217.194.0-255,2902,27028,70,356133
7240,0.000127,172.31.40.0-255,66,27094,70,356133
7241,0.000146,172.217.194.0-255,3961,31055,70,356133
7242,0.000149,172.31.40.0-255,66,31121,70,356133
7243,0.000193,172.217.194.0-255,2902,34023,70,356133
7244,0.000195,172.31.40.0-255,66,34089,70,356133
7245,0.000216,172.217.194.0-255,4320,38409,70,356133
7246,0.000219,172.31.40.0-255,66,38475,70,356133
7247,0.000225,172.217.194.0-255,7156,45631,70,356133
7248,0.000227,172.31.40.0-255,66,45697,70,356133
7249,0.000243,172.217.194.0-255,1484,47181,70,356133
7250,0.000245,172.31.40.0-255,66,47247,70,356133
7251,0.000248,172.217.194.0-255,1125,48372,70,356133
7252,0.000249,172.31.40.0-255,66,48438,70,356133
7253,0.000541,172.217.194.0-255,1484,49922,70,356133
7254,0.000545,172.31.40.0-255,66,49988,70,356133
7255,0.00055,172.217.194.0-255,2902,52890,70,356133
7256,0.000551,172.31.40.0-255,66,52956,70,356133
7257,0.000556,172.217.194.0-255,4320,57276,70,356133
7258,0.000558,172.31.40.0-255,66,57342,70,356133
7259,0.000574,172.217.194.0-255,1484,58826,70,356133
7260,0.000607,172.217.194.0-255,4320,63146,70,356133
7261,0.000609,172.31.40.0-255,66,63212,70,356133
7262,0.000627,172.217.194.0-255,2543,65755,70,356133
7263,0.000629,172.31.40.0-255,66,65821,70,356133
7264,0.000632,172.217.194.0-255,647,66468,70,356133
7265,0.000736,172.217.194.0-255,1484,67952,70,356133
7266,0.000739,172.31.40.0-255,66,68018,70,356133
7267,0.000759,172.217.194.0-255,2902,70920,70,356133
7268,0.000762,172.31.40.0-255,66,70986,70,356133
7269,0.000767,172.217.194.0-255,5738,76724,70,356133
7270,0.000769,172.31.40.0-255,66,76790,70,356133
7271,0.000816,172.217.194.0-255,6797,83587,70,356133
7272,0.000818,172.31.40.0-255,66,83653,70,356133
7273,0.000978,172.217.194.0-255,1484,85137,70,356133
7274,0.000982,172.217.194.0-255,1484,86621,70,356133
7275,0.000984,172.31.40.0-255,66,86687,70,356133
7276,0.001001,172.217.194.0-255,1484,88171,70,356133
7277,0.001007,172.217.194.0-255,5738,93909,70,356133
7278,0.001008,172.31.40.0-255,66,93975,70,356133
7279,0.001062,172.217.194.0-255,5738,99713,70,356133
7280,0.001065,172.31.40.0-255,66,99779,70,356133
7281,0.00108,172.217.194.0-255,1125,100904,70,356133
7282,0.001196,172.31.40.0-255,66,100970,70,356133
7283,0.001329,172.217.194.0-255,1484,102454,70,356133
7284,0.001337,172.217.194.0-255,2902,105356,70,356133
7285,0.001341,172.31.40.0-255,66,105422,70,356133
7286,0.001344,172.217.194.0-255,1484,106906,70,356133
7287,0.001361,172.217.194.0-255,4320,111226,70,356133
7288,0.001363,172.31.40.0-255,66,111292,70,356133
7289,0.00137,172.217.194.0-255,8574,119866,70,356133
7290,0.001372,172.31.40.0-255,66,119932,70,356133
7291,0.001417,172.217.194.0-255,4320,124252,70,356133
7292,0.00142,172.31.40.0-255,66,124318,70,356133
7293,0.001446,172.217.194.0-255,10692,135010,70,356133
7294,0.001448,172.31.40.0-255,66,135076,70,356133
7295,0.001651,172.217.194.0-255,1484,136560,70,356133
7296,0.001658,172.217.194.0-255,2902,139462,70,356133
7297,0.001662,172.31.40.0-255,66,139528,70,356133
7298,0.00167,172.217.194.0-255,5738,145266,70,356133
7299,0.001671,172.31.40.0-255,66,145332,70,356133
7300,0.001701,172.217.194.0-255,8574,153906,70,356133
7301,0.001705,172.31.40.0-255,66,153972,70,356133
7302,0.001719,172.217.194.0-255,4320,158292,70,356133
7303,0.001722,172.31.40.0-255,66,158358,70,356133
7304,0.001731,172.217.194.0-255,10692,169050,70,356133
7305,0.001733,172.31.40.0-255,66,169116,70,356133
7306,0.001849,172.217.194.0-255,1484,170600,70,356133
7307,0.001865,172.217.194.0-255,2902,173502,70,356133
7308,0.001869,172.31.40.0-255,66,173568,70,356133
7309,0.001875,172.217.194.0-255,4320,177888,70,356133
7310,0.001877,172.31.40.0-255,66,177954,70,356133
7311,0.001888,172.217.194.0-255,1484,179438,70,356133
7312,0.001891,172.217.194.0-255,1484,180922,70,356133
7313,0.001894,172.31.40.0-255,66,180988,70,356133
7314,0.001916,172.31.40.0-255,66,181054,70,356133
7315,0.00193,172.217.194.0-255,1484,182538,70,356133
7316,0.001958,172.31.40.0-255,66,182604,70,356133
7317,0.001983,172.217.194.0-255,2184,184788,70,356133
7318,0.001987,172.31.40.0-255,66,184854,70,356133
7319,0.002004,172.31.40.0-255,66,184920,70,356133
7320,0.002012,172.217.194.0-255,7856,192776,70,356133
7321,0.002015,172.31.40.0-255,66,192842,70,356133
7322,0.002019,172.217.194.0-255,2902,195744,70,356133
7323,0.002022,172.31.40.0-255,66,195810,70,356133
7324,0.002025,172.217.194.0-255,1484,197294,70,356133
7325,0.002043,172.217.194.0-255,2902,200196,70,356133
7326,0.002045,172.31.40.0-255,66,200262,70,356133
7327,0.002052,172.217.194.0-255,7156,207418,70,356133
7328,0.002054,172.31.40.0-255,66,207484,70,356133
7329,0.002075,172.217.194.0-255,1484,208968,70,356133
7330,0.002118,172.217.194.0-255,8574,217542,70,356133
7331,0.002121,172.31.40.0-255,66,217608,70,356133
7332,0.002145,172.217.194.0-255,8574,226182,70,356133
7333,0.00215,172.31.40.0-255,66,226248,70,356133
7334,0.004205,172.217.194.0-255,5738,231986,70,356133
7335,0.004213,172.31.40.0-255,66,232052,70,356133
7336,0.006289,172.217.194.0-255,5738,237790,70,356133
7337,0.006302,172.31.40.0-255,66,237856,70,356133
7338,0.00838,172.217.194.0-255,5738,243594,70,356133
7339,0.008393,172.31.40.0-255,66,243660,70,356133
7340,0.010457,172.217.194.0-255,5738,249398,70,356133
7341,0.01046,172.31.40.0-255,66,249464,70,356133
7342,0.012536,172.217.194.0-255,5738,255202,70,356133
7343,0.012542,172.31.40.0-255,66,255268,70,356133
7344,0.01462,172.217.194.0-255,5738,261006,70,356133
7345,0.014632,172.31.40.0-255,66,261072,70,356133
7346,0.016725,172.217.194.0-255,5738,266810,70,356133
7347,0.016734,172.31.40.0-255,66,266876,70,356133
7348,0.016874,172.31.40.0-255,101,266977,70,356133
7349,0.018804,172.217.194.0-255,5738,272715,70,356133
7350,0.018812,172.31.40.0-255,66,272781,70,356133
7351,0.018877,172.217.194.0-255,66,272847,70,356133
7352,0.020877,172.217.194.0-255,5738,278585,70,356133
7353,0.020894,172.31.40.0-255,66,278651,70,356133
7354,0.022962,172.217.194.0-255,5738,284389,70,356133
7355,0.022968,172.31.40.0-255,66,284455,70,356133
7356,0.025032,172.217.194.0-255,5738,290193,70,356133
7357,0.025039,172.31.40.0-255,66,290259,70,356133
7358,0.027077,172.217.194.0-255,5738,295997,70,356133
7359,0.027084,172.31.40.0-255,66,296063,70,356133
7360,0.029167,172.217.194.0-255,5738,301801,70,356133
7361,0.029173,172.31.40.0-255,66,301867,70,356133
7362,0.03124,172.217.194.0-255,5738,307605,70,356133
7363,0.031254,172.31.40.0-255,66,307671,70,356133
7364,0.033344,172.217.194.0-255,5738,313409,70,356133
7365,0.033359,172.31.40.0-255,66,313475,70,356133
7366,0.035436,172.217.194.0-255,5738,319213,70,356133
7367,0.035443,172.31.40.0-255,66,319279,70,356133
7368,0.037515,172.217.194.0-255,5738,325017,70,356133
7369,0.037523,172.31.40.0-255,66,325083,70,356133
7370,0.039605,172.217.194.0-255,5738,330821,70,356133
7371,0.039614,172.31.40.0-255,66,330887,70,356133
7372,0.041689,172.217.194.0-255,5738,336625,70,356133
7373,0.041702,172.31.40.0-255,66,336691,70,356133
7374,0.043765,172.217.194.0-255,5738,342429,70,356133
7375,0.043779,172.31.40.0-255,66,342495,70,356133
7376,0.045867,172.217.194.0-255,5738,348233,70,356133
7377,0.045875,172.31.40.0-255,66,348299,70,356133
7378,0.047939,172.217.194.0-255,5738,354037,70,356133
7379,0.047954,172.31.40.0-255,66,354103,70,356133
7380,0.049999,172.217.194.0-255,2030,356133,70,356133
7381,0.0,172.217.194.0-255,150,150,70,254642
7382,2.3e-05,172.31.40.0-255,66,216,70,254642
7383,3.1e-05,172.217.194.0-255,1484,1700,70,254642
7384,3.6e-05,172.31.40.0-255,66,1766,70,254642
7385,4.2e-05,172.217.194.0-255,2902,4668,70,254642
7386,5.2e-05,172.31.40.0-255,66,4734,70,254642
7387,6.1e-05,172.217.194.0-255,7156,11890,70,254642
7388,6.4e-05,172.31.40.0-255,66,11956,70,254642
7389,6.9e-05,172.217.194.0-255,3412,15368,70,254642
7390,7.3e-05,172.31.40.0-255,66,15434,70,254642
7391,8.8e-05,172.31.40.0-255,66,15500,70,254642
7392,9.3e-05,172.217.194.0-255,2543,18043,70,254642
7393,9.5e-05,172.31.40.0-255,66,18109,70,254642
7394,0.000217,172.217.194.0-255,1484,19593,70,254642
7395,0.000221,172.31.40.0-255,66,19659,70,254642
7396,0.000227,172.217.194.0-255,2902,22561,70,254642
7397,0.000229,172.31.40.0-255,66,22627,70,254642
7398,0.000235,172.217.194.0-255,4320,26947,70,254642
7399,0.000242,172.31.40.0-255,66,27013,70,254642
7400,0.00029,172.217.194.0-255,4320,31333,70,254642
7401,0.000293,172.31.40.0-255,66,31399,70,254642
7402,0.000323,172.217.194.0-255,5379,36778,70,254642
7403,0.000326,172.31.40.0-255,66,36844,70,254642
7404,0.000335,172.217.194.0-255,9992,46836,70,254642
7405,0.000338,172.31.40.0-255,66,46902,70,254642
7406,0.000349,172.217.194.0-255,5379,52281,70,254642
7407,0.000351,172.31.40.0-255,66,52347,70,254642
7408,0.000931,172.217.194.0-255,648,52995,70,254642
7409,0.000937,172.31.40.0-255,66,53061,70,254642
7410,0.001039,172.217.194.0-255,1484,54545,70,254642
7411,0.001042,172.31.40.0-255,66,54611,70,254642
7412,0.001048,172.217.194.0-255,2902,57513,70,254642
7413,0.00105,172.31.40.0-255,66,57579,70,254642
7414,0.001109,172.217.194.0-255,5738,63317,70,254642
7415,0.001112,172.31.40.0-255,66,63383,70,254642
7416,0.001138,172.217.194.0-255,8574,71957,70,254642
7417,0.001146,172.31.40.0-255,66,72023,70,254642
7418,0.001156,172.217.194.0-255,2184,74207,70,254642
7419,0.00116,172.31.40.0-255,66,74273,70,254642
7420,0.001178,172.217.194.0-255,2902,77175,70,254642
7421,0.001201,172.217.194.0-255,7156,84331,70,254642
7422,0.001206,172.217.194.0-255,2902,87233,70,254642
7423,0.001221,172.217.194.0-255,4320,91553,70,254642
7424,0.001238,172.217.194.0-255,4320,95873,70,254642
7425,0.001257,172.217.194.0-255,766,96639,70,254642
7426,0.001292,172.31.40.0-255,66,96705,70,254642
7427,0.001318,172.217.194.0-255,1484,98189,70,254642
7428,0.001333,172.217.194.0-255,2902,101091,70,254642
7429,0.001339,172.31.40.0-255,66,101157,70,254642
7430,0.001369,172.217.194.0-255,5738,106895,70,254642
7431,0.001409,172.31.40.0-255,66,106961,70,254642
7432,0.001417,172.217.194.0-255,7156,114117,70,254642
7433,0.001422,172.31.40.0-255,66,114183,70,254642
7434,0.001459,172.217.194.0-255,3602,117785,70,254642
7435,0.001476,172.31.40.0-255,66,117851,70,254642
7436,0.00165,172.217.194.0-255,1484,119335,70,254642
7437,0.001656,172.217.194.0-255,2902,122237,70,254642
7438,0.00167,172.31.40.0-255,66,122303,70,254642
7439,0.001691,172.217.194.0-255,5738,128041,70,254642
7440,0.00171,172.217.194.0-255,5738,133779,70,254642
7441,0.001715,172.31.40.0-255,66,133845,70,254642
7442,0.00175,172.217.194.0-255,7156,141001,70,254642
7443,0.001758,172.217.194.0-255,7156,148157,70,254642
7444,0.001778,172.31.40.0-255,66,148223,70,254642
7445,0.001784,172.217.194.0-255,3602,151825,70,254642
7446,0.001789,172.31.40.0-255,66,151891,70,254642
7447,0.001901,172.217.194.0-255,1484,153375,70,254642
7448,0.001905,172.217.194.0-255,1484,154859,70,254642
7449,0.001914,172.31.40.0-255,66,154925,70,254642
7450,0.001917,172.217.194.0-255,1484,156409,70,254642
7451,0.001922,172.217.194.0-255,2902,159311,70,254642
7452,0.001928,172.31.40.0-255,66,159377,70,254642
7453,0.00196,172.217.194.0-255,7156,166533,70,254642
7454,0.00199,172.217.194.0-255,2902,169435,70,254642
7455,0.001995,172.217.194.0-255,3602,173037,70,254642
7456,0.002001,172.31.40.0-255,66,173103,70,254642
7457,0.002054,172.217.194.0-255,1484,174587,70,254642
7458,0.002058,172.217.194.0-255,1484,176071,70,254642
7459,0.002073,172.217.194.0-255,1484,177555,70,254642
7460,0.00208,172.217.194.0-255,5738,183293,70,254642
7461,0.002088,172.31.40.0-255,66,183359,70,254642
7462,0.002144,172.217.194.0-255,10692,194051,70,254642
7463,0.002289,172.217.194.0-255,1484,195535,70,254642
7464,0.002309,172.217.194.0-255,2902,198437,70,254642
7465,0.002329,172.217.194.0-255,5738,204175,70,254642
7466,0.002357,172.217.194.0-255,9992,214167,70,254642
7467,0.002386,172.217.194.0-255,5738,219905,70,254642
7468,0.002435,172.217.194.0-255,766,220671,70,254642
7469,0.002461,172.217.194.0-255,10692,231363,70,254642
7470,0.002569,172.217.194.0-255,7856,239219,70,254642
7471,0.007977,172.31.40.0-255,66,239285,70,254642
7472,0.010616,172.217.194.0-255,5738,245023,70,254642
7473,0.010625,172.31.40.0-255,66,245089,70,254642
7474,0.013131,172.217.194.0-255,3890,248979,70,254642
7475,0.013148,172.31.40.0-255,66,249045,70,254642
7476,0.02005,172.31.40.0-255,105,249150,70,254642
7477,0.022531,172.217.194.0-255,66,249216,70,254642
7478,0.032556,172.31.40.0-255,172,249388,70,254642
7479,0.032594,172.31.40.0-255,1118,250506,70,254642
7480,0.032657,172.31.40.0-255,1514,252020,70,254642
7481,0.032659,172.31.40.0-255,1514,253534,70,254642
7482,0.032683,172.31.40.0-255,844,254378,70,254642
7483,0.034067,104.244.42.0-255,66,254444,70,254642
7484,0.034097,104.244.42.0-255,66,254510,70,254642
7485,0.034166,104.244.42.0-255,66,254576,70,254642
7486,0.034171,104.244.42.0-255,66,254642,70,254642
7487,0.0,74.125.68.0-255,153,153,70,270693
7488,2.7e-05,172.31.40.0-255,66,219,70,270693
7489,3.5e-05,74.125.68.0-255,1484,1703,70,270693
7490,4e-05,172.31.40.0-255,66,1769,70,270693
7491,4.4e-05,74.125.68.0-255,1484,3253,70,270693
7492,4.7e-05,172.31.40.0-255,66,3319,70,270693
7493,5.4e-05,74.125.68.0-255,2902,6221,70,270693
7494,5.8e-05,172.31.40.0-255,66,6287,70,270693
7495,9.1e-05,74.125.68.0-255,5738,12025,70,270693
7496,9.4e-05,172.31.40.0-255,66,12091,70,270693
7497,9.9e-05,74.125.68.0-255,1910,14001,70,270693
7498,0.000101,172.31.40.0-255,66,14067,70,270693
7499,0.000204,74.125.68.0-255,1484,15551,70,270693
7500,0.000208,172.31.40.0-255,66,15617,70,270693
7501,0.000213,74.125.68.0-255,2902,18519,70,270693
7502,0.000216,172.31.40.0-255,66,18585,70,270693
7503,0.000247,74.125.68.0-255,5738,24323,70,270693
7504,0.00025,172.31.40.0-255,66,24389,70,270693
7505,0.000255,74.125.68.0-255,4320,28709,70,270693
7506,0.000257,172.31.40.0-255,66,28775,70,270693
7507,0.000283,74.125.68.0-255,5379,34154,70,270693
7508,0.000286,172.31.40.0-255,66,34220,70,270693
7509,0.00029,74.125.68.0-255,2902,37122,70,270693
7510,0.000292,172.31.40.0-255,66,37188,70,270693
7511,0.000307,74.125.68.0-255,4320,41508,70,270693
7512,0.00031,172.31.40.0-255,66,41574,70,270693
7513,0.000364,74.125.68.0-255,4320,45894,70,270693
7514,0.000366,172.31.40.0-255,66,45960,70,270693
7515,0.000379,74.125.68.0-255,2543,48503,70,270693
7516,0.000382,172.31.40.0-255,66,48569,70,270693
7517,0.00129,74.125.68.0-255,1484,50053,70,270693
7518,0.001297,172.31.40.0-255,66,50119,70,270693
7519,0.001306,74.125.68.0-255,2902,53021,70,270693
7520,0.001309,172.31.40.0-255,66,53087,70,270693
7521,0.001315,74.125.68.0-255,2902,55989,70,270693
7522,0.001317,172.31.40.0-255,66,56055,70,270693
7523,0.001349,74.125.68.0-255,4320,60375,70,270693
7524,0.001352,172.31.40.0-255,66,60441,70,270693
7525,0.001372,74.125.68.0-255,2902,63343,70,270693
7526,0.001374,172.31.40.0-255,66,63409,70,270693
7527,0.001394,74.125.68.0-255,3961,67370,70,270693
7528,0.001396,172.31.40.0-255,66,67436,70,270693
7529,0.001428,74.125.68.0-255,5738,73174,70,270693
7530,0.001432,172.31.40.0-255,66,73240,70,270693
7531,0.001441,74.125.68.0-255,2902,76142,70,270693
7532,0.001443,172.31.40.0-255,66,76208,70,270693
7533,0.001449,74.125.68.0-255,4320,80528,70,270693
7534,0.001451,172.31.40.0-255,66,80594,70,270693
7535,0.001458,74.125.68.0-255,5738,86332,70,270693
7536,0.001461,172.31.40.0-255,66,86398,70,270693
7537,0.001464,74.125.68.0-255,1484,87882,70,270693
7538,0.001493,74.125.68.0-255,9992,97874,70,270693
7539,0.001495,172.31.40.0-255,66,97940,70,270693
7540,0.001499,74.125.68.0-255,2184,100124,70,270693
7541,0.001502,172.31.40.0-255,66,100190,70,270693
7542,0.001535,74.125.68.0-255,2064,102254,70,270693
7543,0.001539,172.31.40.0-255,66,102320,70,270693
7544,0.001543,74.125.68.0-255,2902,105222,70,270693
7545,0.001546,172.31.40.0-255,66,105288,70,270693
7546,0.001568,74.125.68.0-255,5738,111026,70,270693
7547,0.001587,172.31.40.0-255,66,111092,70,270693
7548,0.001607,74.125.68.0-255,1484,112576,70,270693
7549,0.001614,74.125.68.0-255,4715,117291,70,270693
7550,0.001617,172.31.40.0-255,66,117357,70,270693
7551,0.001978,74.125.68.0-255,1484,118841,70,270693
7552,0.002023,74.125.68.0-255,1484,120325,70,270693
7553,0.002028,172.31.40.0-255,66,120391,70,270693
7554,0.002048,74.125.68.0-255,2902,123293,70,270693
7555,0.002051,172.31.40.0-255,66,123359,70,270693
7556,0.002054,74.125.68.0-255,1484,124843,70,270693
7557,0.002072,74.125.68.0-255,2902,127745,70,270693
7558,0.002074,172.31.40.0-255,66,127811,70,270693
7559,0.002102,74.125.68.0-255,5738,133549,70,270693
7560,0.002105,172.31.40.0-255,66,133615,70,270693
7561,0.002124,74.125.68.0-255,1820,135435,70,270693
7562,0.002128,172.31.40.0-255,66,135501,70,270693
7563,0.002157,74.125.68.0-255,1484,136985,70,270693
7564,0.002175,74.125.68.0-255,2902,139887,70,270693
7565,0.002178,172.31.40.0-255,66,139953,70,270693
7566,0.002188,74.125.68.0-255,1484,141437,70,270693
7567,0.002201,74.125.68.0-255,1484,142921,70,270693
7568,0.002203,172.31.40.0-255,66,142987,70,270693
7569,0.002221,74.125.68.0-255,1484,144471,70,270693
7570,0.002237,74.125.68.0-255,5738,150209,70,270693
7571,0.00224,172.31.40.0-255,66,150275,70,270693
7572,0.002266,74.125.68.0-255,2902,153177,70,270693
7573,0.002269,172.31.40.0-255,66,153243,70,270693
7574,0.004502,74.125.68.0-255,5738,158981,70,270693
7575,0.004516,172.31.40.0-255,66,159047,70,270693
7576,0.006751,74.125.68.0-255,4320,163367,70,270693
7577,0.006757,172.31.40.0-255,66,163433,70,270693
7578,0.006774,74.125.68.0-255,1484,164917,70,270693
7579,0.008995,74.125.68.0-255,4320,169237,70,270693
7580,0.009002,172.31.40.0-255,66,169303,70,270693
7581,0.011258,74.125.68.0-255,5738,175041,70,270693
7582,0.011277,172.31.40.0-255,66,175107,70,270693
7583,0.013532,74.125.68.0-255,5738,180845,70,270693
7584,0.013551,172.31.40.0-255,66,180911,70,270693
7585,0.015823,74.125.68.0-255,5738,186649,70,270693
7586,0.015846,172.31.40.0-255,66,186715,70,270693
7587,0.018096,74.125.68.0-255,5738,192453,70,270693
7588,0.018118,172.31.40.0-255,66,192519,70,270693
7589,0.020415,74.125.68.0-255,5738,198257,70,270693
7590,0.020437,172.31.40.0-255,66,198323,70,270693
7591,0.022699,74.125.68.0-255,5738,204061,70,270693
7592,0.022718,172.31.40.0-255,66,204127,70,270693
7593,0.024989,74.125.68.0-255,5738,209865,70,270693
7594,0.025009,172.31.40.0-255,66,209931,70,270693
7595,0.027268,74.125.68.0-255,4320,214251,70,270693
7596,0.027288,172.31.40.0-255,66,214317,70,270693
7597,0.027312,74.125.68.0-255,1484,215801,70,270693
7598,0.029547,74.125.68.0-255,4320,220121,70,270693
7599,0.029573,172.31.40.0-255,66,220187,70,270693
7600,0.031845,74.125.68.0-255,5738,225925,70,270693
7601,0.031897,172.31.40.0-255,66,225991,70,270693
7602,0.034231,74.125.68.0-255,5738,231729,70,270693
7603,0.034251,172.31.40.0-255,66,231795,70,270693
7604,0.036475,172.31.40.0-255,172,231967,70,270693
7605,0.036524,172.31.40.0-255,1117,233084,70,270693
7606,0.036583,74.125.68.0-255,4320,237404,70,270693
7607,0.036593,172.31.40.0-255,66,237470,70,270693
7608,0.036615,74.125.68.0-255,1484,238954,70,270693
7609,0.03671,172.31.40.0-255,1514,240468,70,270693
7610,0.036712,172.31.40.0-255,1514,241982,70,270693
7611,0.036714,172.31.40.0-255,845,242827,70,270693
7612,0.038074,104.244.42.0-255,66,242893,70,270693
7613,0.03812,104.244.42.0-255,66,242959,70,270693
7614,0.038288,104.244.42.0-255,66,243025,70,270693
7615,0.038295,104.244.42.0-255,66,243091,70,270693
7616,0.038822,74.125.68.0-255,4320,247411,70,270693
7617,0.038831,172.31.40.0-255,66,247477,70,270693
7618,0.041098,74.125.68.0-255,5738,253215,70,270693
7619,0.04112,172.31.40.0-255,66,253281,70,270693
7620,0.043384,74.125.68.0-255,5738,259019,70,270693
7621,0.043404,172.31.40.0-255,66,259085,70,270693
7622,0.045656,74.125.68.0-255,5738,264823,70,270693
7623,0.045674,172.31.40.0-255,66,264889,70,270693
7624,0.047946,74.125.68.0-255,5738,270627,70,270693
7625,0.047966,172.31.40.0-255,66,270693,70,270693
7626,0.0,74.125.200.0-255,302,302,70,180084
7627,1.8e-05,172.31.40.0-255,66,368,70,180084
7628,2.5e-05,74.125.200.0-255,1484,1852,70,180084
7629,3e-05,172.31.40.0-255,66,1918,70,180084
7630,3.6e-05,74.125.200.0-255,4320,6238,70,180084
7631,3.9e-05,172.31.40.0-255,66,6304,70,180084
7632,7.3e-05,74.125.200.0-255,2902,9206,70,180084
7633,7.7e-05,172.31.40.0-255,66,9272,70,180084
7634,0.000113,74.125.200.0-255,2902,12174,70,180084
7635,0.000117,172.31.40.0-255,66,12240,70,180084
7636,0.000121,74.125.200.0-255,1769,14009,70,180084
7637,0.000123,172.31.40.0-255,66,14075,70,180084
7638,0.000331,74.125.200.0-255,1484,15559,70,180084
7639,0.000336,172.31.40.0-255,66,15625,70,180084
7640,0.000341,74.125.200.0-255,1484,17109,70,180084
7641,0.000343,172.31.40.0-255,66,17175,70,180084
7642,0.00037,74.125.200.0-255,1484,18659,70,180084
7643,0.000377,172.31.40.0-255,66,18725,70,180084
7644,0.000382,74.125.200.0-255,4320,23045,70,180084
7645,0.000385,172.31.40.0-255,66,23111,70,180084
7646,0.000417,74.125.200.0-255,8215,31326,70,180084
7647,0.00042,172.31.40.0-255,66,31392,70,180084
7648,0.000454,74.125.200.0-255,8574,39966,70,180084
7649,0.000457,172.31.40.0-255,66,40032,70,180084
7650,0.000463,74.125.200.0-255,4320,44352,70,180084
7651,0.000465,172.31.40.0-255,66,44418,70,180084
7652,0.00052,172.31.40.0-255,66,44484,70,180084
7653,0.000526,74.125.200.0-255,5738,50222,70,180084
7654,0.000529,172.31.40.0-255,66,50288,70,180084
7655,0.000536,74.125.200.0-255,766,51054,70,180084
7656,0.000538,172.31.40.0-255,66,51120,70,180084
7657,0.001201,74.125.200.0-255,365,51485,70,180084
7658,0.00123,74.125.200.0-255,127,51612,70,180084
7659,0.002256,74.125.200.0-255,1484,53096,70,180084
7660,0.002264,172.31.40.0-255,66,53162,70,180084
7661,0.002271,74.125.200.0-255,2902,56064,70,180084
7662,0.002273,172.31.40.0-255,66,56130,70,180084
7663,0.002304,74.125.200.0-255,5738,61868,70,180084
7664,0.002306,172.31.40.0-255,66,61934,70,180084
7665,0.002351,172.31.40.0-255,66,62000,70,180084
7666,0.002374,74.125.200.0-255,2902,64902,70,180084
7667,0.002376,172.31.40.0-255,66,64968,70,180084
7668,0.002416,74.125.200.0-255,7856,72824,70,180084
7669,0.002418,172.31.40.0-255,66,72890,70,180084
7670,0.004905,74.125.200.0-255,4320,77210,70,180084
7671,0.004909,172.31.40.0-255,66,77276,70,180084
7672,0.004934,74.125.200.0-255,1484,78760,70,180084
7673,0.007404,74.125.200.0-255,4320,83080,70,180084
7674,0.007411,172.31.40.0-255,66,83146,70,180084
7675,0.009918,74.125.200.0-255,5738,88884,70,180084
7676,0.009925,172.31.40.0-255,66,88950,70,180084
7677,0.01243,74.125.200.0-255,5738,94688,70,180084
7678,0.01244,172.31.40.0-255,66,94754,70,180084
7679,0.014954,74.125.200.0-255,5738,100492,70,180084
7680,0.014965,172.31.40.0-255,66,100558,70,180084
7681,0.017476,74.125.200.0-255,5738,106296,70,180084
7682,0.017486,172.31.40.0-255,66,106362,70,180084
7683,0.019987,74.125.200.0-255,4320,110682,70,180084
7684,0.019995,172.31.40.0-255,66,110748,70,180084
7685,0.020026,74.125.200.0-255,1484,112232,70,180084
7686,0.0225,74.125.200.0-255,4320,116552,70,180084
7687,0.022508,172.31.40.0-255,66,116618,70,180084
7688,0.025013,74.125.200.0-255,5738,122356,70,180084
7689,0.025021,172.31.40.0-255,66,122422,70,180084
7690,0.027522,74.125.200.0-255,5738,128160,70,180084
7691,0.027529,172.31.40.0-255,66,128226,70,180084
7692,0.028922,172.31.40.0-255,172,128398,70,180084
7693,0.028954,172.31.40.0-255,1117,129515,70,180084
7694,0.029015,172.31.40.0-255,1514,131029,70,180084
7695,0.029017,172.31.40.0-255,1514,132543,70,180084
7696,0.029018,172.31.40.0-255,845,133388,70,180084
7697,0.030027,74.125.200.0-255,5738,139126,70,180084
7698,0.030034,172.31.40.0-255,66,139192,70,180084
7699,0.030499,104.244.42.0-255,66,139258,70,180084
7700,0.030507,104.244.42.0-255,66,139324,70,180084
7701,0.030602,104.244.42.0-255,66,139390,70,180084
7702,0.030608,104.244.42.0-255,66,139456,70,180084
7703,0.032551,74.125.200.0-255,5738,145194,70,180084
7704,0.032559,172.31.40.0-255,66,145260,70,180084
7705,0.035089,74.125.200.0-255,5738,150998,70,180084
7706,0.035095,172.31.40.0-255,66,151064,70,180084
7707,0.037623,74.125.200.0-255,5738,156802,70,180084
7708,0.037631,172.31.40.0-255,66,156868,70,180084
7709,0.040179,74.125.200.0-255,5738,162606,70,180084
7710,0.040185,172.31.40.0-255,66,162672,70,180084
7711,0.042692,74.125.200.0-255,5738,168410,70,180084
7712,0.0427,172.31.40.0-255,66,168476,70,180084
7713,0.045233,74.125.200.0-255,5738,174214,70,180084
7714,0.045239,172.31.40.0-255,66,174280,70,180084
7715,0.047759,74.125.200.0-255,5738,180018,70,180084
7716,0.047766,172.31.40.0-255,66,180084,70,180084
7717,0.0,74.125.68.0-255,155,155,70,356764
7718,2.2e-05,172.31.40.0-255,66,221,70,356764
7719,2.8e-05,74.125.68.0-255,1484,1705,70,356764
7720,3.3e-05,172.31.40.0-255,66,1771,70,356764
7721,3.9e-05,74.125.68.0-255,2902,4673,70,356764
7722,4.3e-05,172.31.40.0-255,66,4739,70,356764
7723,4.9e-05,74.125.68.0-255,4320,9059,70,356764
7724,5.2e-05,172.31.40.0-255,66,9125,70,356764
7725,9.2e-05,74.125.68.0-255,9082,18207,70,356764
7726,9.6e-05,172.31.40.0-255,66,18273,70,356764
7727,0.000105,74.125.68.0-255,9992,28265,70,356764
7728,0.000108,172.31.40.0-255,66,28331,70,356764
7729,0.000112,74.125.68.0-255,2543,30874,70,356764
7730,0.000114,172.31.40.0-255,66,30940,70,356764
7731,0.000206,74.125.68.0-255,1484,32424,70,356764
7732,0.000211,172.31.40.0-255,66,32490,70,356764
7733,0.000217,74.125.68.0-255,2902,35392,70,356764
7734,0.00022,172.31.40.0-255,66,35458,70,356764
7735,0.000251,74.125.68.0-255,4320,39778,70,356764
7736,0.000254,172.31.40.0-255,66,39844,70,356764
7737,0.000283,74.125.68.0-255,9633,49477,70,356764
7738,0.000286,172.31.40.0-255,66,49543,70,356764
7739,0.00029,74.125.68.0-255,2902,52445,70,356764
7740,0.000292,172.31.40.0-255,66,52511,70,356764
7741,0.000334,74.125.68.0-255,2902,55413,70,356764
7742,0.000337,172.31.40.0-255,66,55479,70,356764
7743,0.000366,74.125.68.0-255,9939,65418,70,356764
7744,0.000369,172.31.40.0-255,66,65484,70,356764
7745,0.000372,74.125.68.0-255,115,65599,70,356764
7746,0.000374,172.31.40.0-255,66,65665,70,356764
7747,0.000449,74.125.68.0-255,331,65996,70,356764
7748,0.000452,172.31.40.0-255,66,66062,70,356764
7749,0.000601,74.125.68.0-255,1484,67546,70,356764
7750,0.000606,74.125.68.0-255,1484,69030,70,356764
7751,0.000609,172.31.40.0-255,66,69096,70,356764
7752,0.000631,74.125.68.0-255,1484,70580,70,356764
7753,0.000637,74.125.68.0-255,5738,76318,70,356764
7754,0.00064,172.31.40.0-255,66,76384,70,356764
7755,0.000643,74.125.68.0-255,2902,79286,70,356764
7756,0.000645,172.31.40.0-255,66,79352,70,356764
7757,0.00065,74.125.68.0-255,3961,83313,70,356764
7758,0.000652,172.31.40.0-255,66,83379,70,356764
7759,0.000695,74.125.68.0-255,1484,84863,70,356764
7760,0.000708,74.125.68.0-255,2902,87765,70,356764
7761,0.000711,172.31.40.0-255,66,87831,70,356764
7762,0.000733,74.125.68.0-255,5738,93569,70,356764
7763,0.000736,172.31.40.0-255,66,93635,70,356764
7764,0.000739,74.125.68.0-255,2902,96537,70,356764
7765,0.000741,172.31.40.0-255,66,96603,70,356764
7766,0.000787,74.125.68.0-255,2902,99505,70,356764
7767,0.000789,172.31.40.0-255,66,99571,70,356764
7768,0.000798,74.125.68.0-255,1125,100696,70,356764
7769,0.001217,74.125.68.0-255,1484,102180,70,356764
7770,0.001221,172.31.40.0-255,66,102246,70,356764
7771,0.001226,74.125.68.0-255,2902,105148,70,356764
7772,0.001228,172.31.40.0-255,66,105214,70,356764
7773,0.00124,74.125.68.0-255,1484,106698,70,356764
7774,0.001243,74.125.68.0-255,1484,108182,70,356764
7775,0.001244,172.31.40.0-255,66,108248,70,356764
7776,0.001264,74.125.68.0-255,1484,109732,70,356764
7777,0.001271,74.125.68.0-255,5738,115470,70,356764
7778,0.001273,172.31.40.0-255,66,115536,70,356764
7779,0.001293,74.125.68.0-255,4320,119856,70,356764
7780,0.001295,172.31.40.0-255,66,119922,70,356764
7781,0.001316,74.125.68.0-255,5738,125660,70,356764
7782,0.001318,172.31.40.0-255,66,125726,70,356764
7783,0.001359,74.125.68.0-255,9274,135000,70,356764
7784,0.001362,172.31.40.0-255,66,135066,70,356764
7785,0.001398,74.125.68.0-255,1484,136550,70,356764
7786,0.001414,74.125.68.0-255,2902,139452,70,356764
7787,0.001416,172.31.40.0-255,66,139518,70,356764
7788,0.001459,74.125.68.0-255,5738,145256,70,356764
7789,0.001461,172.31.40.0-255,66,145322,70,356764
7790,0.001466,74.125.68.0-255,4320,149642,70,356764
7791,0.001468,172.31.40.0-255,66,149708,70,356764
7792,0.001473,74.125.68.0-255,5738,155446,70,356764
7793,0.001475,172.31.40.0-255,66,155512,70,356764
7794,0.001516,172.31.40.0-255,66,155578,70,356764
7795,0.00152,74.125.68.0-255,2184,157762,70,356764
7796,0.001522,172.31.40.0-255,66,157828,70,356764
7797,0.001598,74.125.68.0-255,1484,159312,70,356764
7798,0.001617,74.125.68.0-255,2902,162214,70,356764
7799,0.00162,172.31.40.0-255,66,162280,70,356764
7800,0.001625,74.125.68.0-255,2902,165182,70,356764
7801,0.001626,172.31.40.0-255,66,165248,70,356764
7802,0.001644,74.125.68.0-255,2902,168150,70,356764
7803,0.001647,172.31.40.0-255,66,168216,70,356764
7804,0.001653,74.125.68.0-255,5738,173954,70,356764
7805,0.001654,172.31.40.0-255,66,174020,70,356764
7806,0.001669,74.125.68.0-255,1484,175504,70,356764
7807,0.001674,74.125.68.0-255,5738,181242,70,356764
7808,0.001676,172.31.40.0-255,66,181308,70,356764
7809,0.001688,74.125.68.0-255,2902,184210,70,356764
7810,0.00169,172.31.40.0-255,66,184276,70,356764
7811,0.001692,74.125.68.0-255,1484,185760,70,356764
7812,0.00172,74.125.68.0-255,6438,192198,70,356764
7813,0.001723,172.31.40.0-255,66,192264,70,356764
7814,0.001766,74.125.68.0-255,1484,193748,70,356764
7815,0.001782,74.125.68.0-255,2902,196650,70,356764
7816,0.001785,172.31.40.0-255,66,196716,70,356764
7817,0.001795,74.125.68.0-255,1484,198200,70,356764
7818,0.001817,74.125.68.0-255,2902,201102,70,356764
7819,0.00182,172.31.40.0-255,66,201168,70,356764
7820,0.001835,74.125.68.0-255,1484,202652,70,356764
7821,0.001841,74.125.68.0-255,7156,209808,70,356764
7822,0.001844,172.31.40.0-255,66,209874,70,356764
7823,0.001887,172.31.40.0-255,66,209940,70,356764
7824,0.001903,74.125.68.0-255,7156,217096,70,356764
7825,0.001905,172.31.40.0-255,66,217162,70,356764
7826,0.001928,74.125.68.0-255,7856,225018,70,356764
7827,0.001931,172.31.40.0-255,66,225084,70,356764
7828,0.00194,74.125.68.0-255,4320,229404,70,356764
7829,0.001942,172.31.40.0-255,66,229470,70,356764
7830,0.001968,74.125.68.0-255,4320,233790,70,356764
7831,0.001971,172.31.40.0-255,66,233856,70,356764
7832,0.002005,172.31.40.0-255,66,233922,70,356764
7833,0.002064,74.125.68.0-255,1484,235406,70,356764
7834,0.002068,74.125.68.0-255,1484,236890,70,356764
7835,0.00207,172.31.40.0-255,66,236956,70,356764
7836,0.002087,74.125.68.0-255,1484,238440,70,356764
7837,0.002092,74.125.68.0-255,4320,242760,70,356764
7838,0.002095,172.31.40.0-255,66,242826,70,356764
7839,0.002115,74.125.68.0-255,1484,244310,70,356764
7840,0.002122,74.125.68.0-255,7156,251466,70,356764
7841,0.002124,172.31.40.0-255,66,251532,70,356764
7842,0.002127,74.125.68.0-255,1484,253016,70,356764
7843,0.002144,74.125.68.0-255,7156,260172,70,356764
7844,0.002147,172.31.40.0-255,66,260238,70,356764
7845,0.00216,74.125.68.0-255,1484,261722,70,356764
7846,0.002185,74.125.68.0-255,6438,268160,70,356764
7847,0.002188,172.31.40.0-255,66,268226,70,356764
7848,0.002216,74.125.68.0-255,1484,269710,70,356764
7849,0.002232,74.125.68.0-255,2902,272612,70,356764
7850,0.002236,172.31.40.0-255,66,272678,70,356764
7851,0.002261,74.125.68.0-255,5738,278416,70,356764
7852,0.002265,172.31.40.0-255,66,278482,70,356764
7853,0.00227,74.125.68.0-255,4320,282802,70,356764
7854,0.002272,172.31.40.0-255,66,282868,70,356764
7855,0.002311,74.125.68.0-255,2902,285770,70,356764
7856,0.002313,172.31.40.0-255,66,285836,70,356764
7857,0.002328,74.125.68.0-255,2902,288738,70,356764
7858,0.002341,74.125.68.0-255,2184,290922,70,356764
7859,0.002344,74.125.68.0-255,2902,293824,70,356764
7860,0.002348,172.31.40.0-255,66,293890,70,356764
7861,0.002369,172.31.40.0-255,66,293956,70,356764
7862,0.004722,74.125.68.0-255,5738,299694,70,356764
7863,0.004728,172.31.40.0-255,66,299760,70,356764
7864,0.007064,74.125.68.0-255,5738,305498,70,356764
7865,0.007073,172.31.40.0-255,66,305564,70,356764
7866,0.009395,74.125.68.0-255,4320,309884,70,356764
7867,0.009402,172.31.40.0-255,66,309950,70,356764
7868,0.009423,74.125.68.0-255,1484,311434,70,356764
7869,0.011726,74.125.68.0-255,4320,315754,70,356764
7870,0.011734,172.31.40.0-255,66,315820,70,356764
7871,0.014064,74.125.68.0-255,5738,321558,70,356764
7872,0.014072,172.31.40.0-255,66,321624,70,356764
7873,0.016412,74.125.68.0-255,5738,327362,70,356764
7874,0.016424,172.31.40.0-255,66,327428,70,356764
7875,0.018742,74.125.68.0-255,5738,333166,70,356764
7876,0.018749,172.31.40.0-255,66,333232,70,356764
7877,0.021081,74.125.68.0-255,5738,338970,70,356764
7878,0.021091,172.31.40.0-255,66,339036,70,356764
7879,0.023431,74.125.68.0-255,5738,344774,70,356764
7880,0.023439,172.31.40.0-255,66,344840,70,356764
7881,0.025765,74.125.68.0-255,5738,350578,70,356764
7882,0.025772,172.31.40.0-255,66,350644,70,356764
7883,0.028065,74.125.68.0-255,453,351097,70,356764
7884,0.02817,172.31.40.0-255,66,351163,70,356764
7885,0.028203,172.31.40.0-255,105,351268,70,356764
7886,0.030477,74.125.68.0-255,66,351334,70,356764
7887,0.03117,172.31.40.0-255,176,351510,70,356764
7888,0.031197,172.31.40.0-255,1118,352628,70,356764
7889,0.031261,172.31.40.0-255,1514,354142,70,356764
7890,0.031263,172.31.40.0-255,1514,355656,70,356764
7891,0.031287,172.31.40.0-255,844,356500,70,356764
7892,0.032721,104.244.42.0-255,66,356566,70,356764
7893,0.032749,104.244.42.0-255,66,356632,70,356764
7894,0.03278,104.244.42.0-255,66,356698,70,356764
7895,0.032871,104.244.42.0-255,66,356764,70,356764
7896,0.0,172.217.26.0-255,146,146,70,327146
7897,2.3e-05,172.31.40.0-255,66,212,70,327146
7898,3e-05,172.217.26.0-255,1484,1696,70,327146
7899,3.4e-05,172.31.40.0-255,66,1762,70,327146
7900,4e-05,172.217.26.0-255,2902,4664,70,327146
7901,4.4e-05,172.31.40.0-255,66,4730,70,327146
7902,5.2e-05,172.217.26.0-255,7156,11886,70,327146
7903,5.6e-05,172.31.40.0-255,66,11952,70,327146
7904,6e-05,172.217.26.0-255,1983,13935,70,327146
7905,6.3e-05,172.31.40.0-255,66,14001,70,327146
7906,0.000148,172.217.26.0-255,1484,15485,70,327146
7907,0.000151,172.31.40.0-255,66,15551,70,327146
7908,0.000157,172.217.26.0-255,2902,18453,70,327146
7909,0.00016,172.31.40.0-255,66,18519,70,327146
7910,0.000179,172.217.26.0-255,5738,24257,70,327146
7911,0.000182,172.31.40.0-255,66,24323,70,327146
7912,0.000189,172.217.26.0-255,6797,31120,70,327146
7913,0.000192,172.31.40.0-255,66,31186,70,327146
7914,0.00022,172.217.26.0-255,7156,38342,70,327146
7915,0.000223,172.31.40.0-255,66,38408,70,327146
7916,0.000255,172.217.26.0-255,8574,46982,70,327146
7917,0.000259,172.31.40.0-255,66,47048,70,327146
7918,0.000294,172.217.26.0-255,1125,48173,70,327146
7919,0.000297,172.31.40.0-255,66,48239,70,327146
7920,0.0003,172.217.26.0-255,1484,49723,70,327146
7921,0.000302,172.31.40.0-255,66,49789,70,327146
7922,0.000307,172.217.26.0-255,2902,52691,70,327146
7923,0.000309,172.31.40.0-255,66,52757,70,327146
7924,0.000313,172.217.26.0-255,1484,54241,70,327146
7925,0.000315,172.31.40.0-255,66,54307,70,327146
7926,0.000335,172.217.26.0-255,2902,57209,70,327146
7927,0.000338,172.31.40.0-255,66,57275,70,327146
7928,0.000342,172.217.26.0-255,2902,60177,70,327146
7929,0.000345,172.31.40.0-255,66,60243,70,327146
7930,0.000362,172.217.26.0-255,5379,65622,70,327146
7931,0.000365,172.31.40.0-255,66,65688,70,327146
7932,0.000389,172.217.26.0-255,391,66079,70,327146
7933,0.000391,172.31.40.0-255,66,66145,70,327146
7934,0.00094,172.217.26.0-255,118,66263,70,327146
7935,0.000946,172.31.40.0-255,66,66329,70,327146
7936,0.001103,172.217.26.0-255,1484,67813,70,327146
7937,0.001107,172.31.40.0-255,66,67879,70,327146
7938,0.001115,172.217.26.0-255,2902,70781,70,327146
7939,0.001117,172.31.40.0-255,66,70847,70,327146
7940,0.001134,172.217.26.0-255,4320,75167,70,327146
7941,0.001136,172.31.40.0-255,66,75233,70,327146
7942,0.001143,172.217.26.0-255,5738,80971,70,327146
7943,0.001145,172.31.40.0-255,66,81037,70,327146
7944,0.001171,172.217.26.0-255,5738,86775,70,327146
7945,0.001173,172.31.40.0-255,66,86841,70,327146
7946,0.001196,172.217.26.0-255,6797,93638,70,327146
7947,0.001198,172.31.40.0-255,66,93704,70,327146
7948,0.001205,172.217.26.0-255,6797,100501,70,327146
7949,0.001208,172.31.40.0-255,66,100567,70,327146
7950,0.00124,172.217.26.0-255,331,100898,70,327146
7951,0.001361,172.217.26.0-255,1484,102382,70,327146
7952,0.001367,172.217.26.0-255,2902,105284,70,327146
7953,0.00137,172.217.26.0-255,1484,106768,70,327146
7954,0.001386,172.217.26.0-255,2902,109670,70,327146
7955,0.001392,172.217.26.0-255,5738,115408,70,327146
7956,0.001418,172.217.26.0-255,5738,121146,70,327146
7957,0.001439,172.217.26.0-255,5738,126884,70,327146
7958,0.001445,172.217.26.0-255,4320,131204,70,327146
7959,0.001461,172.217.26.0-255,3602,134806,70,327146
7960,0.001669,172.217.26.0-255,1484,136290,70,327146
7961,0.001676,172.217.26.0-255,2902,139192,70,327146
7962,0.001681,172.217.26.0-255,2902,142094,70,327146
7963,0.001708,172.217.26.0-255,4320,146414,70,327146
7964,0.001717,172.217.26.0-255,8574,154988,70,327146
7965,0.001737,172.217.26.0-255,1484,156472,70,327146
7966,0.001941,172.217.26.0-255,1484,157956,70,327146
7967,0.001948,172.217.26.0-255,2902,160858,70,327146
7968,0.001971,172.217.26.0-255,5738,166596,70,327146
7969,0.001985,172.217.26.0-255,2902,169498,70,327146
7970,0.002005,172.217.26.0-255,9992,179490,70,327146
7971,0.002023,172.217.26.0-255,5738,185228,70,327146
7972,0.00204,172.217.26.0-255,1484,186712,70,327146
7973,0.002043,172.217.26.0-255,1484,188196,70,327146
7974,0.002059,172.217.26.0-255,2184,190380,70,327146
7975,0.004276,172.31.40.0-255,66,190446,70,327146
7976,0.006269,172.217.26.0-255,5738,196184,70,327146
7977,0.006275,172.31.40.0-255,66,196250,70,327146
7978,0.008255,172.217.26.0-255,5738,201988,70,327146
7979,0.00826,172.31.40.0-255,66,202054,70,327146
7980,0.010245,172.217.26.0-255,5738,207792,70,327146
7981,0.010252,172.31.40.0-255,66,207858,70,327146
7982,0.012236,172.217.26.0-255,5738,213596,70,327146
7983,0.012243,172.31.40.0-255,66,213662,70,327146
7984,0.014245,172.217.26.0-255,5738,219400,70,327146
7985,0.014253,172.31.40.0-255,66,219466,70,327146
7986,0.01623,172.217.26.0-255,5738,225204,70,327146
7987,0.016239,172.31.40.0-255,66,225270,70,327146
7988,0.018245,172.217.26.0-255,5738,231008,70,327146
7989,0.018253,172.31.40.0-255,66,231074,70,327146
7990,0.020238,172.217.26.0-255,5738,236812,70,327146
7991,0.020244,172.31.40.0-255,66,236878,70,327146
7992,0.022243,172.217.26.0-255,5738,242616,70,327146
7993,0.02225,172.31.40.0-255,66,242682,70,327146
7994,0.024243,172.217.26.0-255,5738,248420,70,327146
7995,0.024251,172.31.40.0-255,66,248486,70,327146
7996,0.026122,172.31.40.0-255,172,248658,70,327146
7997,0.026149,172.31.40.0-255,1117,249775,70,327146
7998,0.026204,172.31.40.0-255,1514,251289,70,327146
7999,0.026206,172.31.40.0-255,1514,252803,70,327146
8000,0.026211,172.31.40.0-255,1514,254317,70,327146
8001,0.026212,172.31.40.0-255,1514,255831,70,327146
8002,0.026229,172.217.26.0-255,5738,261569,70,327146
8003,0.026233,172.31.40.0-255,66,261635,70,327146
8004,0.026245,172.31.40.0-255,1514,263149,70,327146
8005,0.026247,172.31.40.0-255,1067,264216,70,327146
8006,0.027659,104.244.42.0-255,66,264282,70,327146
8007,0.027707,104.244.42.0-255,66,264348,70,327146
8008,0.027757,104.244.42.0-255,66,264414,70,327146
8009,0.027819,104.244.42.0-255,66,264480,70,327146
8010,0.028225,172.217.26.0-255,5738,270218,70,327146
8011,0.028232,172.31.40.0-255,66,270284,70,327146
8012,0.030226,172.217.26.0-255,5738,276022,70,327146
8013,0.030236,172.31.40.0-255,66,276088,70,327146
8014,0.032222,172.217.26.0-255,5738,281826,70,327146
8015,0.032231,172.31.40.0-255,66,281892,70,327146
8016,0.034218,172.217.26.0-255,5738,287630,70,327146
8017,0.034225,172.31.40.0-255,66,287696,70,327146
8018,0.036201,172.217.26.0-255,4320,292016,70,327146
8019,0.036209,172.31.40.0-255,66,292082,70,327146
8020,0.036228,172.217.26.0-255,1484,293566,70,327146
8021,0.038191,172.217.26.0-255,4320,297886,70,327146
8022,0.038199,172.31.40.0-255,66,297952,70,327146
8023,0.04019,172.217.26.0-255,5738,303690,70,327146
8024,0.040257,172.31.40.0-255,66,303756,70,327146
8025,0.042238,172.217.26.0-255,5738,309494,70,327146
8026,0.042248,172.31.40.0-255,66,309560,70,327146
8027,0.044234,172.217.26.0-255,5738,315298,70,327146
8028,0.044242,172.31.40.0-255,66,315364,70,327146
8029,0.044621,172.31.40.0-255,108,315472,70,327146
8030,0.046164,104.244.42.0-255,66,315538,70,327146
8031,0.046218,172.217.26.0-255,5738,321276,70,327146
8032,0.046223,172.31.40.0-255,66,321342,70,327146
8033,0.048214,172.217.26.0-255,5738,327080,70,327146
8034,0.048222,172.31.40.0-255,66,327146,70,327146
8035,0.0,74.125.24.0-255,152,152,70,356707
8036,2.4e-05,172.31.40.0-255,66,218,70,356707
8037,3.2e-05,74.125.24.0-255,1484,1702,70,356707
8038,3.7e-05,172.31.40.0-255,66,1768,70,356707
8039,4.3e-05,74.125.24.0-255,2902,4670,70,356707
8040,4.7e-05,172.31.40.0-255,66,4736,70,356707
8041,5.3e-05,74.125.24.0-255,5738,10474,70,356707
8042,5.7e-05,172.31.40.0-255,66,10540,70,356707
8043,6.2e-05,74.125.24.0-255,2902,13442,70,356707
8044,6.4e-05,172.31.40.0-255,66,13508,70,356707
8045,0.000107,74.125.24.0-255,10647,24155,70,356707
8046,0.000111,172.31.40.0-255,66,24221,70,356707
8047,0.000118,74.125.24.0-255,6797,31018,70,356707
8048,0.00012,172.31.40.0-255,66,31084,70,356707
8049,0.000171,74.125.24.0-255,9992,41076,70,356707
8050,0.000175,172.31.40.0-255,66,41142,70,356707
8051,0.000182,74.125.24.0-255,6797,47939,70,356707
8052,0.000185,172.31.40.0-255,66,48005,70,356707
8053,0.000939,74.125.24.0-255,1484,49489,70,356707
8054,0.000945,172.31.40.0-255,66,49555,70,356707
8055,0.000955,74.125.24.0-255,2902,52457,70,356707
8056,0.000958,172.31.40.0-255,66,52523,70,356707
8057,0.000965,74.125.24.0-255,5738,58261,70,356707
8058,0.000967,172.31.40.0-255,66,58327,70,356707
8059,0.000993,74.125.24.0-255,9633,67960,70,356707
8060,0.000996,172.31.40.0-255,66,68026,70,356707
8061,0.001,74.125.24.0-255,1484,69510,70,356707
8062,0.001001,172.31.40.0-255,66,69576,70,356707
8063,0.001022,74.125.24.0-255,8574,78150,70,356707
8064,0.001025,172.31.40.0-255,66,78216,70,356707
8065,0.001028,74.125.24.0-255,1484,79700,70,356707
8066,0.00103,172.31.40.0-255,66,79766,70,356707
8067,0.001051,74.125.24.0-255,2543,82309,70,356707
8068,0.001054,172.31.40.0-255,66,82375,70,356707
8069,0.001164,74.125.24.0-255,1484,83859,70,356707
8070,0.001171,74.125.24.0-255,2902,86761,70,356707
8071,0.001175,172.31.40.0-255,66,86827,70,356707
8072,0.00118,74.125.24.0-255,1484,88311,70,356707
8073,0.001205,74.125.24.0-255,4320,92631,70,356707
8074,0.001207,172.31.40.0-255,66,92697,70,356707
8075,0.001243,74.125.24.0-255,4320,97017,70,356707
8076,0.001246,172.31.40.0-255,66,97083,70,356707
8077,0.001261,74.125.24.0-255,3122,100205,70,356707
8078,0.001264,172.31.40.0-255,66,100271,70,356707
8079,0.001597,74.125.24.0-255,1484,101755,70,356707
8080,0.001606,74.125.24.0-255,2902,104657,70,356707
8081,0.001612,172.31.40.0-255,66,104723,70,356707
8082,0.001616,74.125.24.0-255,1484,106207,70,356707
8083,0.001636,74.125.24.0-255,4320,110527,70,356707
8084,0.00164,172.31.40.0-255,66,110593,70,356707
8085,0.001671,74.125.24.0-255,2902,113495,70,356707
8086,0.001673,172.31.40.0-255,66,113561,70,356707
8087,0.001697,74.125.24.0-255,9992,123553,70,356707
8088,0.0017,172.31.40.0-255,66,123619,70,356707
8089,0.001706,74.125.24.0-255,5738,129357,70,356707
8090,0.001708,172.31.40.0-255,66,129423,70,356707
8091,0.00173,74.125.24.0-255,5020,134443,70,356707
8092,0.001733,172.31.40.0-255,66,134509,70,356707
8093,0.002069,74.125.24.0-255,1484,135993,70,356707
8094,0.002077,74.125.24.0-255,2902,138895,70,356707
8095,0.002082,172.31.40.0-255,66,138961,70,356707
8096,0.002089,74.125.24.0-255,5738,144699,70,356707
8097,0.002092,172.31.40.0-255,66,144765,70,356707
8098,0.002095,74.125.24.0-255,1484,146249,70,356707
8099,0.002113,74.125.24.0-255,1484,147733,70,356707
8100,0.002115,172.31.40.0-255,66,147799,70,356707
8101,0.00214,74.125.24.0-255,9992,157791,70,356707
8102,0.002142,172.31.40.0-255,66,157857,70,356707
8103,0.002145,74.125.24.0-255,1484,159341,70,356707
8104,0.002169,74.125.24.0-255,8574,167915,70,356707
8105,0.002171,172.31.40.0-255,66,167981,70,356707
8106,0.002205,74.125.24.0-255,10692,178673,70,356707
8107,0.002208,172.31.40.0-255,66,178739,70,356707
8108,0.002214,74.125.24.0-255,5738,184477,70,356707
8109,0.002217,172.31.40.0-255,66,184543,70,356707
8110,0.002248,74.125.24.0-255,9992,194535,70,356707
8111,0.002251,172.31.40.0-255,66,194601,70,356707
8112,0.002279,74.125.24.0-255,7856,202457,70,356707
8113,0.002281,172.31.40.0-255,66,202523,70,356707
8114,0.00231,74.125.24.0-255,1484,204007,70,356707
8115,0.002325,74.125.24.0-255,2902,206909,70,356707
8116,0.002327,172.31.40.0-255,66,206975,70,356707
8117,0.00234,74.125.24.0-255,4320,211295,70,356707
8118,0.002343,172.31.40.0-255,66,211361,70,356707
8119,0.002359,74.125.24.0-255,1484,212845,70,356707
8120,0.002368,74.125.24.0-255,8574,221419,70,356707
8121,0.00237,172.31.40.0-255,66,221485,70,356707
8122,0.002432,172.31.40.0-255,66,221551,70,356707
8123,0.002453,74.125.24.0-255,2184,223735,70,356707
8124,0.002455,172.31.40.0-255,66,223801,70,356707
8125,0.002467,74.125.24.0-255,1484,225285,70,356707
8126,0.00248,74.125.24.0-255,2902,228187,70,356707
8127,0.002482,172.31.40.0-255,66,228253,70,356707
8128,0.002504,74.125.24.0-255,5738,233991,70,356707
8129,0.002507,172.31.40.0-255,66,234057,70,356707
8130,0.002511,74.125.24.0-255,2902,236959,70,356707
8131,0.002514,172.31.40.0-255,66,237025,70,356707
8132,0.002558,74.125.24.0-255,9992,247017,70,356707
8133,0.002563,74.125.24.0-255,2902,249919,70,356707
8134,0.002588,74.125.24.0-255,7856,257775,70,356707
8135,0.002594,74.125.24.0-255,5738,263513,70,356707
8136,0.002604,74.125.24.0-255,1484,264997,70,356707
8137,0.008377,172.31.40.0-255,66,265063,70,356707
8138,0.010935,74.125.24.0-255,5738,270801,70,356707
8139,0.010947,172.31.40.0-255,66,270867,70,356707
8140,0.013483,74.125.24.0-255,5738,276605,70,356707
8141,0.013489,172.31.40.0-255,66,276671,70,356707
8142,0.016049,74.125.24.0-255,5738,282409,70,356707
8143,0.016067,172.31.40.0-255,66,282475,70,356707
8144,0.018646,74.125.24.0-255,5738,288213,70,356707
8145,0.018664,172.31.40.0-255,66,288279,70,356707
8146,0.021192,74.125.24.0-255,5738,294017,70,356707
8147,0.021199,172.31.40.0-255,66,294083,70,356707
8148,0.023743,74.125.24.0-255,5738,299821,70,356707
8149,0.023753,172.31.40.0-255,66,299887,70,356707
8150,0.026276,74.125.24.0-255,5738,305625,70,356707
8151,0.026286,172.31.40.0-255,66,305691,70,356707
8152,0.028811,74.125.24.0-255,5738,311429,70,356707
8153,0.028822,172.31.40.0-255,66,311495,70,356707
8154,0.031342,74.125.24.0-255,5738,317233,70,356707
8155,0.03135,172.31.40.0-255,66,317299,70,356707
8156,0.033889,74.125.24.0-255,5738,323037,70,356707
8157,0.033899,172.31.40.0-255,66,323103,70,356707
8158,0.036431,74.125.24.0-255,5738,328841,70,356707
8159,0.036449,172.31.40.0-255,66,328907,70,356707
8160,0.038981,74.125.24.0-255,5738,334645,70,356707
8161,0.038988,172.31.40.0-255,66,334711,70,356707
8162,0.041526,74.125.24.0-255,5738,340449,70,356707
8163,0.041544,172.31.40.0-255,66,340515,70,356707
8164,0.044141,74.125.24.0-255,4320,344835,70,356707
8165,0.044148,172.31.40.0-255,66,344901,70,356707
8166,0.044173,74.125.24.0-255,1484,346385,70,356707
8167,0.046709,74.125.24.0-255,4320,350705,70,356707
8168,0.046726,172.31.40.0-255,66,350771,70,356707
8169,0.049252,74.125.24.0-255,2902,353673,70,356707
8170,0.049258,172.31.40.0-255,66,353739,70,356707
8171,0.049277,74.125.24.0-255,2902,356641,70,356707
8172,0.04928,172.31.40.0-255,66,356707,70,356707
8173,0.0,74.125.200.0-255,153,153,70,207271
8174,2.7e-05,172.31.40.0-255,66,219,70,207271
8175,3.4e-05,74.125.200.0-255,1484,1703,70,207271
8176,3.9e-05,172.31.40.0-255,66,1769,70,207271
8177,4.5e-05,74.125.200.0-255,2902,4671,70,207271
8178,4.9e-05,172.31.40.0-255,66,4737,70,207271
8179,5.5e-05,74.125.200.0-255,4320,9057,70,207271
8180,5.8e-05,172.31.40.0-255,66,9123,70,207271
8181,8.9e-05,74.125.200.0-255,4873,13996,70,207271
8182,9.3e-05,172.31.40.0-255,66,14062,70,207271
8183,0.001096,74.125.200.0-255,1484,15546,70,207271
8184,0.001104,172.31.40.0-255,66,15612,70,207271
8185,0.001115,74.125.200.0-255,2902,18514,70,207271
8186,0.001117,172.31.40.0-255,66,18580,70,207271
8187,0.001124,74.125.200.0-255,5738,24318,70,207271
8188,0.001126,172.31.40.0-255,66,24384,70,207271
8189,0.001152,74.125.200.0-255,1484,25868,70,207271
8190,0.001155,172.31.40.0-255,66,25934,70,207271
8191,0.001161,74.125.200.0-255,2902,28836,70,207271
8192,0.001163,172.31.40.0-255,66,28902,70,207271
8193,0.001176,74.125.200.0-255,2543,31445,70,207271
8194,0.001178,172.31.40.0-255,66,31511,70,207271
8195,0.001183,74.125.200.0-255,2902,34413,70,207271
8196,0.001185,172.31.40.0-255,66,34479,70,207271
8197,0.001207,74.125.200.0-255,7156,41635,70,207271
8198,0.00121,172.31.40.0-255,66,41701,70,207271
8199,0.00125,74.125.200.0-255,5738,47439,70,207271
8200,0.001254,172.31.40.0-255,66,47505,70,207271
8201,0.00127,74.125.200.0-255,1125,48630,70,207271
8202,0.001272,172.31.40.0-255,66,48696,70,207271
8203,0.002304,74.125.200.0-255,1484,50180,70,207271
8204,0.002308,172.31.40.0-255,66,50246,70,207271
8205,0.002315,74.125.200.0-255,2902,53148,70,207271
8206,0.002318,172.31.40.0-255,66,53214,70,207271
8207,0.00235,74.125.200.0-255,5738,58952,70,207271
8208,0.002353,172.31.40.0-255,66,59018,70,207271
8209,0.00236,74.125.200.0-255,6797,65815,70,207271
8210,0.002363,172.31.40.0-255,66,65881,70,207271
8211,0.002405,74.125.200.0-255,1484,67365,70,207271
8212,0.00242,74.125.200.0-255,2902,70267,70,207271
8213,0.002422,172.31.40.0-255,66,70333,70,207271
8214,0.002445,74.125.200.0-255,4320,74653,70,207271
8215,0.002448,172.31.40.0-255,66,74719,70,207271
8216,0.002471,74.125.200.0-255,5738,80457,70,207271
8217,0.002474,172.31.40.0-255,66,80523,70,207271
8218,0.002519,74.125.200.0-255,3123,83646,70,207271
8219,0.002522,172.31.40.0-255,66,83712,70,207271
8220,0.002542,74.125.200.0-255,2902,86614,70,207271
8221,0.002544,172.31.40.0-255,66,86680,70,207271
8222,0.002576,74.125.200.0-255,4320,91000,70,207271
8223,0.002578,172.31.40.0-255,66,91066,70,207271
8224,0.002582,74.125.200.0-255,1484,92550,70,207271
8225,0.002596,74.125.200.0-255,1484,94034,70,207271
8226,0.002599,172.31.40.0-255,66,94100,70,207271
8227,0.002622,74.125.200.0-255,4320,98420,70,207271
8228,0.002625,172.31.40.0-255,66,98486,70,207271
8229,0.002627,74.125.200.0-255,1484,99970,70,207271
8230,0.005203,74.125.200.0-255,4320,104290,70,207271
8231,0.005211,172.31.40.0-255,66,104356,70,207271
8232,0.007812,74.125.200.0-255,5738,110094,70,207271
8233,0.007823,172.31.40.0-255,66,110160,70,207271
8234,0.010413,74.125.200.0-255,5738,115898,70,207271
8235,0.010422,172.31.40.0-255,66,115964,70,207271
8236,0.013022,74.125.200.0-255,5738,121702,70,207271
8237,0.013034,172.31.40.0-255,66,121768,70,207271
8238,0.015626,74.125.200.0-255,4320,126088,70,207271
8239,0.015635,172.31.40.0-255,66,126154,70,207271
8240,0.015655,74.125.200.0-255,1484,127638,70,207271
8241,0.018233,74.125.200.0-255,4320,131958,70,207271
8242,0.01824,172.31.40.0-255,66,132024,70,207271
8243,0.020789,172.31.40.0-255,172,132196,70,207271
8244,0.020821,172.31.40.0-255,1118,133314,70,207271
8245,0.020836,74.125.200.0-255,5738,139052,70,207271
8246,0.02084,172.31.40.0-255,66,139118,70,207271
8247,0.020901,172.31.40.0-255,1514,140632,70,207271
8248,0.020903,172.31.40.0-255,1514,142146,70,207271
8249,0.020904,172.31.40.0-255,843,142989,70,207271
8250,0.022342,104.244.42.0-255,66,143055,70,207271
8251,0.022404,104.244.42.0-255,66,143121,70,207271
8252,0.022422,104.244.42.0-255,66,143187,70,207271
8253,0.022426,104.244.42.0-255,66,143253,70,207271
8254,0.023128,104.244.42.0-255,108,143361,70,207271
8255,0.023134,172.31.40.0-255,66,143427,70,207271
8256,0.023422,74.125.200.0-255,5738,149165,70,207271
8257,0.023427,172.31.40.0-255,66,149231,70,207271
8258,0.026032,74.125.200.0-255,5738,154969,70,207271
8259,0.026039,172.31.40.0-255,66,155035,70,207271
8260,0.028637,74.125.200.0-255,5738,160773,70,207271
8261,0.028643,172.31.40.0-255,66,160839,70,207271
8262,0.031239,74.125.200.0-255,5738,166577,70,207271
8263,0.031245,172.31.40.0-255,66,166643,70,207271
8264,0.033835,74.125.200.0-255,5738,172381,70,207271
8265,0.033842,172.31.40.0-255,66,172447,70,207271
8266,0.036435,74.125.200.0-255,5738,178185,70,207271
8267,0.036441,172.31.40.0-255,66,178251,70,207271
8268,0.039035,74.125.200.0-255,5738,183989,70,207271
8269,0.039041,172.31.40.0-255,66,184055,70,207271
8270,0.041636,74.125.200.0-255,5738,189793,70,207271
8271,0.041643,172.31.40.0-255,66,189859,70,207271
8272,0.044234,74.125.200.0-255,5738,195597,70,207271
8273,0.04424,172.31.40.0-255,66,195663,70,207271
8274,0.046833,74.125.200.0-255,5738,201401,70,207271
8275,0.046841,172.31.40.0-255,66,201467,70,207271
8276,0.049428,74.125.200.0-255,5738,207205,70,207271
8277,0.049434,172.31.40.0-255,66,207271,70,207271
8278,0.0,172.217.194.0-255,153,153,70,270786
8279,2.2e-05,172.31.40.0-255,66,219,70,270786
8280,2.9e-05,172.217.194.0-255,1484,1703,70,270786
8281,3.4e-05,172.31.40.0-255,66,1769,70,270786
8282,4.1e-05,172.217.194.0-255,2902,4671,70,270786
8283,4.5e-05,172.31.40.0-255,66,4737,70,270786
8284,5.3e-05,172.217.194.0-255,7156,11893,70,270786
8285,5.7e-05,172.31.40.0-255,66,11959,70,270786
8286,6e-05,172.217.194.0-255,1484,13443,70,270786
8287,6.3e-05,172.31.40.0-255,66,13509,70,270786
8288,7.4e-05,172.217.194.0-255,10500,24009,70,270786
8289,7.7e-05,172.31.40.0-255,66,24075,70,270786
8290,8.3e-05,172.217.194.0-255,5738,29813,70,270786
8291,8.6e-05,172.31.40.0-255,66,29879,70,270786
8292,0.000113,172.217.194.0-255,1125,31004,70,270786
8293,0.000116,172.31.40.0-255,66,31070,70,270786
8294,0.000167,172.217.194.0-255,1484,32554,70,270786
8295,0.00017,172.31.40.0-255,66,32620,70,270786
8296,0.000175,172.217.194.0-255,2902,35522,70,270786
8297,0.000177,172.31.40.0-255,66,35588,70,270786
8298,0.000193,172.217.194.0-255,5738,41326,70,270786
8299,0.000196,172.31.40.0-255,66,41392,70,270786
8300,0.000233,172.217.194.0-255,4320,45712,70,270786
8301,0.000236,172.31.40.0-255,66,45778,70,270786
8302,0.000249,172.217.194.0-255,2543,48321,70,270786
8303,0.000251,172.31.40.0-255,66,48387,70,270786
8304,0.000925,172.217.194.0-255,1484,49871,70,270786
8305,0.000932,172.31.40.0-255,66,49937,70,270786
8306,0.000941,172.217.194.0-255,2902,52839,70,270786
8307,0.000943,172.31.40.0-255,66,52905,70,270786
8308,0.000951,172.217.194.0-255,5738,58643,70,270786
8309,0.000953,172.31.40.0-255,66,58709,70,270786
8310,0.000993,172.217.194.0-255,9992,68701,70,270786
8311,0.001029,172.217.194.0-255,1125,69826,70,270786
8312,0.001043,172.217.194.0-255,1125,70951,70,270786
8313,0.001074,172.217.194.0-255,1484,72435,70,270786
8314,0.001077,172.217.194.0-255,1484,73919,70,270786
8315,0.001089,172.217.194.0-255,1484,75403,70,270786
8316,0.001092,172.217.194.0-255,1484,76887,70,270786
8317,0.001115,172.217.194.0-255,4320,81207,70,270786
8318,0.001129,172.217.194.0-255,2902,84109,70,270786
8319,0.001142,172.217.194.0-255,3961,88070,70,270786
8320,0.001158,172.217.194.0-255,646,88716,70,270786
8321,0.001225,172.217.194.0-255,1484,90200,70,270786
8322,0.00123,172.217.194.0-255,2902,93102,70,270786
8323,0.001259,172.217.194.0-255,5738,98840,70,270786
8324,0.001279,172.217.194.0-255,6234,105074,70,270786
8325,0.001614,172.217.194.0-255,1484,106558,70,270786
8326,0.001622,172.217.194.0-255,2902,109460,70,270786
8327,0.001649,172.217.194.0-255,5738,115198,70,270786
8328,0.001658,172.217.194.0-255,7156,122354,70,270786
8329,0.001676,172.217.194.0-255,5738,128092,70,270786
8330,0.001706,172.217.194.0-255,10692,138784,70,270786
8331,0.003285,172.31.40.0-255,66,138850,70,270786
8332,0.005297,172.217.194.0-255,5738,144588,70,270786
8333,0.005304,172.31.40.0-255,66,144654,70,270786
8334,0.007311,172.217.194.0-255,5738,150392,70,270786
8335,0.007318,172.31.40.0-255,66,150458,70,270786
8336,0.009313,172.217.194.0-255,5738,156196,70,270786
8337,0.009319,172.31.40.0-255,66,156262,70,270786
8338,0.011321,172.217.194.0-255,5738,162000,70,270786
8339,0.011333,172.31.40.0-255,66,162066,70,270786
8340,0.013318,172.217.194.0-255,5738,167804,70,270786
8341,0.01333,172.31.40.0-255,66,167870,70,270786
8342,0.015329,172.217.194.0-255,5738,173608,70,270786
8343,0.016726,172.31.40.0-255,66,173674,70,270786
8344,0.018725,172.217.194.0-255,5738,179412,70,270786
8345,0.018734,172.31.40.0-255,66,179478,70,270786
8346,0.019607,172.31.40.0-255,172,179650,70,270786
8347,0.019639,172.31.40.0-255,1118,180768,70,270786
8348,0.019698,172.31.40.0-255,1514,182282,70,270786
8349,0.0197,172.31.40.0-255,1514,183796,70,270786
8350,0.019724,172.31.40.0-255,844,184640,70,270786
8351,0.020732,172.217.194.0-255,5738,190378,70,270786
8352,0.020739,172.31.40.0-255,66,190444,70,270786
8353,0.021148,104.244.42.0-255,66,190510,70,270786
8354,0.021222,104.244.42.0-255,66,190576,70,270786
8355,0.021276,104.244.42.0-255,66,190642,70,270786
8356,0.02128,104.244.42.0-255,66,190708,70,270786
8357,0.021759,104.244.42.0-255,108,190816,70,270786
8358,0.021766,172.31.40.0-255,66,190882,70,270786
8359,0.022723,172.217.194.0-255,4320,195202,70,270786
8360,0.022728,172.31.40.0-255,66,195268,70,270786
8361,0.022749,172.217.194.0-255,1484,196752,70,270786
8362,0.02473,172.217.194.0-255,4320,201072,70,270786
8363,0.024736,172.31.40.0-255,66,201138,70,270786
8364,0.026751,172.217.194.0-255,5738,206876,70,270786
8365,0.026801,172.31.40.0-255,66,206942,70,270786
8366,0.028793,172.217.194.0-255,5738,212680,70,270786
8367,0.028799,172.31.40.0-255,66,212746,70,270786
8368,0.030809,172.217.194.0-255,5738,218484,70,270786
8369,0.030816,172.31.40.0-255,66,218550,70,270786
8370,0.03282,172.217.194.0-255,5738,224288,70,270786
8371,0.032827,172.31.40.0-255,66,224354,70,270786
8372,0.034817,172.217.194.0-255,5738,230092,70,270786
8373,0.034823,172.31.40.0-255,66,230158,70,270786
8374,0.036873,172.217.194.0-255,5738,235896,70,270786
8375,0.03688,172.31.40.0-255,66,235962,70,270786
8376,0.03891,172.217.194.0-255,5738,241700,70,270786
8377,0.038917,172.31.40.0-255,66,241766,70,270786
8378,0.040896,172.217.194.0-255,5738,247504,70,270786
8379,0.040903,172.31.40.0-255,66,247570,70,270786
8380,0.042915,172.217.194.0-255,5738,253308,70,270786
8381,0.042922,172.31.40.0-255,66,253374,70,270786
8382,0.044926,172.217.194.0-255,5738,259112,70,270786
8383,0.044933,172.31.40.0-255,66,259178,70,270786
8384,0.046925,172.217.194.0-255,5738,264916,70,270786
8385,0.046932,172.31.40.0-255,66,264982,70,270786
8386,0.048951,172.217.194.0-255,5738,270720,70,270786
8387,0.048959,172.31.40.0-255,66,270786,70,270786
8388,0.0,74.125.24.0-255,153,153,70,206735
8389,3.4e-05,172.31.40.0-255,66,219,70,206735
8390,4.1e-05,74.125.24.0-255,1484,1703,70,206735
8391,4.5e-05,172.31.40.0-255,66,1769,70,206735
8392,5e-05,74.125.24.0-255,2902,4671,70,206735
8393,5.2e-05,172.31.40.0-255,66,4737,70,206735
8394,6.8e-05,74.125.24.0-255,7156,11893,70,206735
8395,7.1e-05,172.31.40.0-255,66,11959,70,206735
8396,7.5e-05,74.125.24.0-255,2037,13996,70,206735
8397,7.9e-05,172.31.40.0-255,66,14062,70,206735
8398,0.000313,74.125.24.0-255,1484,15546,70,206735
8399,0.000318,172.31.40.0-255,66,15612,70,206735
8400,0.000324,74.125.24.0-255,2902,18514,70,206735
8401,0.000327,172.31.40.0-255,66,18580,70,206735
8402,0.00034,74.125.24.0-255,5738,24318,70,206735
8403,0.000343,172.31.40.0-255,66,24384,70,206735
8404,0.00035,74.125.24.0-255,6797,31181,70,206735
8405,0.000352,172.31.40.0-255,66,31247,70,206735
8406,0.000613,74.125.24.0-255,1484,32731,70,206735
8407,0.000618,172.31.40.0-255,66,32797,70,206735
8408,0.000628,74.125.24.0-255,2902,35699,70,206735
8409,0.00063,172.31.40.0-255,66,35765,70,206735
8410,0.000643,74.125.24.0-255,5738,41503,70,206735
8411,0.000646,172.31.40.0-255,66,41569,70,206735
8412,0.000651,74.125.24.0-255,2902,44471,70,206735
8413,0.000653,172.31.40.0-255,66,44537,70,206735
8414,0.000679,74.125.24.0-255,3961,48498,70,206735
8415,0.000683,172.31.40.0-255,66,48564,70,206735
8416,0.000711,74.125.24.0-255,7156,55720,70,206735
8417,0.000715,172.31.40.0-255,66,55786,70,206735
8418,0.000724,74.125.24.0-255,8574,64360,70,206735
8419,0.000726,172.31.40.0-255,66,64426,70,206735
8420,0.000763,74.125.24.0-255,1125,65551,70,206735
8421,0.00106,172.31.40.0-255,66,65617,70,206735
8422,0.001793,74.125.24.0-255,649,66266,70,206735
8423,0.00183,74.125.24.0-255,1484,67750,70,206735
8424,0.001833,172.31.40.0-255,66,67816,70,206735
8425,0.001843,74.125.24.0-255,4320,72136,70,206735
8426,0.001846,172.31.40.0-255,66,72202,70,206735
8427,0.001864,74.125.24.0-255,5738,77940,70,206735
8428,0.001867,172.31.40.0-255,66,78006,70,206735
8429,0.001899,74.125.24.0-255,4320,82326,70,206735
8430,0.001902,172.31.40.0-255,66,82392,70,206735
8431,0.001915,172.31.40.0-255,66,82458,70,206735
8432,0.001947,74.125.24.0-255,2902,85360,70,206735
8433,0.001949,172.31.40.0-255,66,85426,70,206735
8434,0.001979,74.125.24.0-255,2184,87610,70,206735
8435,0.001981,172.31.40.0-255,66,87676,70,206735
8436,0.004218,74.125.24.0-255,2902,90578,70,206735
8437,0.004223,172.31.40.0-255,66,90644,70,206735
8438,0.004282,74.125.24.0-255,2902,93546,70,206735
8439,0.004286,172.31.40.0-255,66,93612,70,206735
8440,0.006532,74.125.24.0-255,2902,96514,70,206735
8441,0.006539,172.31.40.0-255,66,96580,70,206735
8442,0.006579,74.125.24.0-255,2902,99482,70,206735
8443,0.006582,172.31.40.0-255,66,99548,70,206735
8444,0.008839,74.125.24.0-255,5738,105286,70,206735
8445,0.008847,172.31.40.0-255,66,105352,70,206735
8446,0.011128,74.125.24.0-255,5738,111090,70,206735
8447,0.011138,172.31.40.0-255,66,111156,70,206735
8448,0.013424,74.125.24.0-255,5738,116894,70,206735
8449,0.013433,172.31.40.0-255,66,116960,70,206735
8450,0.015709,74.125.24.0-255,5738,122698,70,206735
8451,0.015718,172.31.40.0-255,66,122764,70,206735
8452,0.017991,74.125.24.0-255,5738,128502,70,206735
8453,0.017998,172.31.40.0-255,66,128568,70,206735
8454,0.018456,172.31.40.0-255,172,128740,70,206735
8455,0.018492,172.31.40.0-255,1114,129854,70,206735
8456,0.018531,172.31.40.0-255,1514,131368,70,206735
8457,0.018533,172.31.40.0-255,1514,132882,70,206735
8458,0.018534,172.31.40.0-255,973,133855,70,206735
8459,0.020195,104.244.42.0-255,66,133921,70,206735
8460,0.020317,74.125.24.0-255,5738,139659,70,206735
8461,0.020321,172.31.40.0-255,66,139725,70,206735
8462,0.022623,74.125.24.0-255,5738,145463,70,206735
8463,0.022628,172.31.40.0-255,66,145529,70,206735
8464,0.024913,74.125.24.0-255,4320,149849,70,206735
8465,0.024918,172.31.40.0-255,66,149915,70,206735
8466,0.02495,74.125.24.0-255,1484,151399,70,206735
8467,0.02719,74.125.24.0-255,4320,155719,70,206735
8468,0.027195,172.31.40.0-255,66,155785,70,206735
8469,0.029459,74.125.24.0-255,5738,161523,70,206735
8470,0.029465,172.31.40.0-255,66,161589,70,206735
8471,0.031786,74.125.24.0-255,5738,167327,70,206735
8472,0.031791,172.31.40.0-255,66,167393,70,206735
8473,0.034081,74.125.24.0-255,5738,173131,70,206735
8474,0.034086,172.31.40.0-255,66,173197,70,206735
8475,0.036357,74.125.24.0-255,5738,178935,70,206735
8476,0.036362,172.31.40.0-255,66,179001,70,206735
8477,0.038633,74.125.24.0-255,4320,183321,70,206735
8478,0.038638,172.31.40.0-255,66,183387,70,206735
8479,0.038679,74.125.24.0-255,1484,184871,70,206735
8480,0.040973,74.125.24.0-255,4320,189191,70,206735
8481,0.040978,172.31.40.0-255,66,189257,70,206735
8482,0.043235,74.125.24.0-255,5738,194995,70,206735
8483,0.04324,172.31.40.0-255,66,195061,70,206735
8484,0.045516,74.125.24.0-255,5738,200799,70,206735
8485,0.045521,172.31.40.0-255,66,200865,70,206735
8486,0.047796,74.125.24.0-255,4320,205185,70,206735
8487,0.047816,172.31.40.0-255,66,205251,70,206735
8488,0.047847,74.125.24.0-255,1484,206735,70,206735
8489,0.0,172.217.194.0-255,146,146,70,186117
8490,4.9e-05,172.31.40.0-255,66,212,70,186117
8491,5.6e-05,172.217.194.0-255,1484,1696,70,186117
8492,6e-05,172.31.40.0-255,66,1762,70,186117
8493,6.5e-05,172.217.194.0-255,2902,4664,70,186117
8494,6.9e-05,172.31.40.0-255,66,4730,70,186117
8495,9.9e-05,172.217.194.0-255,7156,11886,70,186117
8496,0.000101,172.31.40.0-255,66,11952,70,186117
8497,0.000254,172.217.194.0-255,7156,19108,70,186117
8498,0.000259,172.31.40.0-255,66,19174,70,186117
8499,0.000281,172.217.194.0-255,4854,24028,70,186117
8500,0.000284,172.31.40.0-255,66,24094,70,186117
8501,0.00057,172.217.194.0-255,6797,30891,70,186117
8502,0.000575,172.31.40.0-255,66,30957,70,186117
8503,0.00073,172.217.194.0-255,4320,35277,70,186117
8504,0.000736,172.31.40.0-255,66,35343,70,186117
8505,0.00077,172.31.40.0-255,66,35409,70,186117
8506,0.001202,172.217.194.0-255,1484,36893,70,186117
8507,0.001209,172.31.40.0-255,66,36959,70,186117
8508,0.001228,172.217.194.0-255,2902,39861,70,186117
8509,0.001231,172.31.40.0-255,66,39927,70,186117
8510,0.001294,172.31.40.0-255,66,39993,70,186117
8511,0.002018,172.217.194.0-255,8574,48567,70,186117
8512,0.002022,172.31.40.0-255,66,48633,70,186117
8513,0.002065,172.31.40.0-255,66,48699,70,186117
8514,0.002082,172.217.194.0-255,5738,54437,70,186117
8515,0.002084,172.31.40.0-255,66,54503,70,186117
8516,0.002988,172.217.194.0-255,4320,58823,70,186117
8517,0.002991,172.31.40.0-255,66,58889,70,186117
8518,0.003488,172.31.40.0-255,66,58955,70,186117
8519,0.005451,172.217.194.0-255,2902,61857,70,186117
8520,0.005456,172.31.40.0-255,66,61923,70,186117
8521,0.005479,172.217.194.0-255,2902,64825,70,186117
8522,0.00718,172.31.40.0-255,66,64891,70,186117
8523,0.007451,172.217.194.0-255,2902,67793,70,186117
8524,0.007456,172.31.40.0-255,66,67859,70,186117
8525,0.009152,172.217.194.0-255,2902,70761,70,186117
8526,0.009159,172.31.40.0-255,66,70827,70,186117
8527,0.009417,172.217.194.0-255,2902,73729,70,186117
8528,0.009424,172.31.40.0-255,66,73795,70,186117
8529,0.011127,172.217.194.0-255,2902,76697,70,186117
8530,0.011134,172.31.40.0-255,66,76763,70,186117
8531,0.011391,172.217.194.0-255,2902,79665,70,186117
8532,0.011395,172.31.40.0-255,66,79731,70,186117
8533,0.013087,172.217.194.0-255,2902,82633,70,186117
8534,0.013093,172.31.40.0-255,66,82699,70,186117
8535,0.013347,172.217.194.0-255,2902,85601,70,186117
8536,0.013353,172.31.40.0-255,66,85667,70,186117
8537,0.015052,172.217.194.0-255,2902,88569,70,186117
8538,0.015063,172.31.40.0-255,66,88635,70,186117
8539,0.015334,172.217.194.0-255,2902,91537,70,186117
8540,0.01534,172.31.40.0-255,66,91603,70,186117
8541,0.017082,172.217.194.0-255,2902,94505,70,186117
8542,0.017089,172.31.40.0-255,66,94571,70,186117
8543,0.017302,172.217.194.0-255,2902,97473,70,186117
8544,0.017308,172.31.40.0-255,66,97539,70,186117
8545,0.019061,172.217.194.0-255,2902,100441,70,186117
8546,0.019066,172.31.40.0-255,66,100507,70,186117
8547,0.019279,172.217.194.0-255,2902,103409,70,186117
8548,0.019284,172.31.40.0-255,66,103475,70,186117
8549,0.02103,172.217.194.0-255,2902,106377,70,186117
8550,0.021039,172.31.40.0-255,66,106443,70,186117
8551,0.021229,172.217.194.0-255,2902,109345,70,186117
8552,0.021235,172.31.40.0-255,66,109411,70,186117
8553,0.023075,172.217.194.0-255,2902,112313,70,186117
8554,0.023089,172.31.40.0-255,66,112379,70,186117
8555,0.023167,172.217.194.0-255,2902,115281,70,186117
8556,0.023205,172.31.40.0-255,66,115347,70,186117
8557,0.025059,172.217.194.0-255,2902,118249,70,186117
8558,0.025075,172.31.40.0-255,66,118315,70,186117
8559,0.025135,172.217.194.0-255,2902,121217,70,186117
8560,0.025174,172.31.40.0-255,66,121283,70,186117
8561,0.027053,172.217.194.0-255,2902,124185,70,186117
8562,0.027069,172.31.40.0-255,66,124251,70,186117
8563,0.027129,172.217.194.0-255,2902,127153,70,186117
8564,0.027188,172.31.40.0-255,66,127219,70,186117
8565,0.028995,172.217.194.0-255,2902,130121,70,186117
8566,0.029001,172.31.40.0-255,66,130187,70,186117
8567,0.029127,172.217.194.0-255,2902,133089,70,186117
8568,0.029132,172.31.40.0-255,66,133155,70,186117
8569,0.031005,172.217.194.0-255,2902,136057,70,186117
8570,0.031011,172.31.40.0-255,66,136123,70,186117
8571,0.031072,172.217.194.0-255,2902,139025,70,186117
8572,0.031104,172.31.40.0-255,66,139091,70,186117
8573,0.032982,172.217.194.0-255,2902,141993,70,186117
8574,0.032989,172.31.40.0-255,66,142059,70,186117
8575,0.033053,172.217.194.0-255,2902,144961,70,186117
8576,0.033119,172.31.40.0-255,66,145027,70,186117
8577,0.034981,172.217.194.0-255,2902,147929,70,186117
8578,0.034988,172.31.40.0-255,66,147995,70,186117
8579,0.035073,172.217.194.0-255,2902,150897,70,186117
8580,0.035096,172.31.40.0-255,66,150963,70,186117
8581,0.036979,172.217.194.0-255,2902,153865,70,186117
8582,0.036998,172.31.40.0-255,66,153931,70,186117
8583,0.037065,172.217.194.0-255,2902,156833,70,186117
8584,0.037216,172.31.40.0-255,66,156899,70,186117
8585,0.038935,172.217.194.0-255,2902,159801,70,186117
8586,0.038941,172.31.40.0-255,66,159867,70,186117
8587,0.03916,172.217.194.0-255,2902,162769,70,186117
8588,0.039165,172.31.40.0-255,66,162835,70,186117
8589,0.040915,172.217.194.0-255,2902,165737,70,186117
8590,0.041108,172.217.194.0-255,2902,168639,70,186117
8591,0.043501,172.31.40.0-255,66,168705,70,186117
8592,0.045483,172.217.194.0-255,5738,174443,70,186117
8593,0.0455,172.31.40.0-255,66,174509,70,186117
8594,0.047461,172.217.194.0-255,5738,180247,70,186117
8595,0.047472,172.31.40.0-255,66,180313,70,186117
8596,0.049452,172.217.194.0-255,5738,186051,70,186117
8597,0.049458,172.31.40.0-255,66,186117,70,186117
8598,0.0,172.217.194.0-255,146,146,70,369065
8599,2.4e-05,172.31.40.0-255,66,212,70,369065
8600,3.2e-05,172.217.194.0-255,1484,1696,70,369065
8601,3.6e-05,172.31.40.0-255,66,1762,70,369065
8602,5.1e-05,172.217.194.0-255,2902,4664,70,369065
8603,5.4e-05,172.31.40.0-255,66,4730,70,369065
8604,6.2e-05,172.217.194.0-255,7156,11886,70,369065
8605,6.5e-05,172.31.40.0-255,66,11952,70,369065
8606,8.3e-05,172.217.194.0-255,2049,14001,70,369065
8607,8.5e-05,172.31.40.0-255,66,14067,70,369065
8608,0.000139,172.217.194.0-255,2902,16969,70,369065
8609,0.000143,172.31.40.0-255,66,17035,70,369065
8610,0.000164,172.217.194.0-255,4320,21355,70,369065
8611,0.000167,172.31.40.0-255,66,21421,70,369065
8612,0.000187,172.217.194.0-255,4320,25741,70,369065
8613,0.000189,172.31.40.0-255,66,25807,70,369065
8614,0.000222,172.217.194.0-255,4320,30127,70,369065
8615,0.000225,172.31.40.0-255,66,30193,70,369065
8616,0.000228,172.217.194.0-255,1125,31318,70,369065
8617,0.00023,172.31.40.0-255,66,31384,70,369065
8618,0.000251,172.217.194.0-255,1484,32868,70,369065
8619,0.000253,172.31.40.0-255,66,32934,70,369065
8620,0.000258,172.217.194.0-255,2902,35836,70,369065
8621,0.000265,172.31.40.0-255,66,35902,70,369065
8622,0.000272,172.217.194.0-255,5738,41640,70,369065
8623,0.000274,172.31.40.0-255,66,41706,70,369065
8624,0.000301,172.217.194.0-255,4320,46026,70,369065
8625,0.000304,172.31.40.0-255,66,46092,70,369065
8626,0.000332,172.217.194.0-255,2543,48635,70,369065
8627,0.000335,172.31.40.0-255,66,48701,70,369065
8628,0.000894,172.217.194.0-255,1484,50185,70,369065
8629,0.000899,172.31.40.0-255,66,50251,70,369065
8630,0.000905,172.217.194.0-255,2902,53153,70,369065
8631,0.000907,172.31.40.0-255,66,53219,70,369065
8632,0.000918,172.217.194.0-255,4320,57539,70,369065
8633,0.000921,172.31.40.0-255,66,57605,70,369065
8634,0.000948,172.217.194.0-255,1484,59089,70,369065
8635,0.000954,172.217.194.0-255,2902,61991,70,369065
8636,0.000957,172.31.40.0-255,66,62057,70,369065
8637,0.000989,172.217.194.0-255,4543,66600,70,369065
8638,0.000991,172.31.40.0-255,66,66666,70,369065
8639,0.001063,172.217.194.0-255,1484,68150,70,369065
8640,0.001069,172.217.194.0-255,2902,71052,70,369065
8641,0.001071,172.31.40.0-255,66,71118,70,369065
8642,0.001106,172.217.194.0-255,5738,76856,70,369065
8643,0.001109,172.31.40.0-255,66,76922,70,369065
8644,0.001113,172.217.194.0-255,1484,78406,70,369065
8645,0.001152,172.217.194.0-255,5738,84144,70,369065
8646,0.001155,172.31.40.0-255,66,84210,70,369065
8647,0.001181,172.217.194.0-255,3961,88171,70,369065
8648,0.001184,172.31.40.0-255,66,88237,70,369065
8649,0.001188,172.217.194.0-255,2902,91139,70,369065
8650,0.00119,172.31.40.0-255,66,91205,70,369065
8651,0.00122,172.217.194.0-255,2902,94107,70,369065
8652,0.001223,172.31.40.0-255,66,94173,70,369065
8653,0.001246,172.217.194.0-255,6797,100970,70,369065
8654,0.001255,172.217.194.0-255,9992,110962,70,369065
8655,0.00126,172.31.40.0-255,66,111028,70,369065
8656,0.001263,172.31.40.0-255,66,111094,70,369065
8657,0.001293,172.217.194.0-255,6132,117226,70,369065
8658,0.001296,172.31.40.0-255,66,117292,70,369065
8659,0.001328,172.217.194.0-255,7156,124448,70,369065
8660,0.001332,172.31.40.0-255,66,124514,70,369065
8661,0.001337,172.217.194.0-255,4320,128834,70,369065
8662,0.001339,172.31.40.0-255,66,128900,70,369065
8663,0.001378,172.217.194.0-255,5502,134402,70,369065
8664,0.001383,172.31.40.0-255,66,134468,70,369065
8665,0.001517,172.217.194.0-255,1484,135952,70,369065
8666,0.001522,172.217.194.0-255,2902,138854,70,369065
8667,0.001525,172.31.40.0-255,66,138920,70,369065
8668,0.001559,172.217.194.0-255,5738,144658,70,369065
8669,0.001562,172.31.40.0-255,66,144724,70,369065
8670,0.001602,172.31.40.0-255,66,144790,70,369065
8671,0.001611,172.217.194.0-255,9992,154782,70,369065
8672,0.001623,172.31.40.0-255,66,154848,70,369065
8673,0.001626,172.217.194.0-255,766,155614,70,369065
8674,0.001972,172.217.194.0-255,1484,157098,70,369065
8675,0.001977,172.31.40.0-255,66,157164,70,369065
8676,0.002003,172.217.194.0-255,2902,160066,70,369065
8677,0.002006,172.31.40.0-255,66,160132,70,369065
8678,0.00201,172.217.194.0-255,1484,161616,70,369065
8679,0.00203,172.217.194.0-255,4320,165936,70,369065
8680,0.002033,172.31.40.0-255,66,166002,70,369065
8681,0.002037,172.217.194.0-255,2902,168904,70,369065
8682,0.002039,172.31.40.0-255,66,168970,70,369065
8683,0.002074,172.217.194.0-255,9992,178962,70,369065
8684,0.002076,172.31.40.0-255,66,179028,70,369065
8685,0.002083,172.217.194.0-255,5738,184766,70,369065
8686,0.002086,172.31.40.0-255,66,184832,70,369065
8687,0.002111,172.217.194.0-255,1484,186316,70,369065
8688,0.002119,172.217.194.0-255,7856,194172,70,369065
8689,0.002121,172.31.40.0-255,66,194238,70,369065
8690,0.00213,172.217.194.0-255,8574,202812,70,369065
8691,0.002132,172.31.40.0-255,66,202878,70,369065
8692,0.002172,172.217.194.0-255,1484,204362,70,369065
8693,0.002188,172.217.194.0-255,8574,212936,70,369065
8694,0.002195,172.31.40.0-255,66,213002,70,369065
8695,0.002202,172.217.194.0-255,7156,220158,70,369065
8696,0.002204,172.31.40.0-255,66,220224,70,369065
8697,0.002228,172.217.194.0-255,3602,223826,70,369065
8698,0.002235,172.31.40.0-255,66,223892,70,369065
8699,0.002261,172.217.194.0-255,2902,226794,70,369065
8700,0.002263,172.31.40.0-255,66,226860,70,369065
8701,0.002269,172.217.194.0-255,4320,231180,70,369065
8702,0.002271,172.31.40.0-255,66,231246,70,369065
8703,0.002303,172.217.194.0-255,8574,239820,70,369065
8704,0.002311,172.31.40.0-255,66,239886,70,369065
8705,0.002318,172.217.194.0-255,7156,247042,70,369065
8706,0.002321,172.31.40.0-255,66,247108,70,369065
8707,0.00236,172.217.194.0-255,8574,255682,70,369065
8708,0.002363,172.31.40.0-255,66,255748,70,369065
8709,0.00238,172.217.194.0-255,2184,257932,70,369065
8710,0.002382,172.31.40.0-255,66,257998,70,369065
8711,0.002385,172.217.194.0-255,1484,259482,70,369065
8712,0.002408,172.217.194.0-255,2902,262384,70,369065
8713,0.002411,172.31.40.0-255,66,262450,70,369065
8714,0.002417,172.217.194.0-255,4320,266770,70,369065
8715,0.002419,172.31.40.0-255,66,266836,70,369065
8716,0.002435,172.217.194.0-255,1484,268320,70,369065
8717,0.002452,172.217.194.0-255,2902,271222,70,369065
8718,0.002455,172.31.40.0-255,66,271288,70,369065
8719,0.002488,172.217.194.0-255,7156,278444,70,369065
8720,0.002491,172.31.40.0-255,66,278510,70,369065
8721,0.002507,172.31.40.0-255,66,278576,70,369065
8722,0.002511,172.217.194.0-255,2184,280760,70,369065
8723,0.002513,172.31.40.0-255,66,280826,70,369065
8724,0.002577,172.217.194.0-255,1484,282310,70,369065
8725,0.002591,172.217.194.0-255,2902,285212,70,369065
8726,0.002594,172.31.40.0-255,66,285278,70,369065
8727,0.0026,172.217.194.0-255,4320,289598,70,369065
8728,0.002602,172.31.40.0-255,66,289664,70,369065
8729,0.002626,172.217.194.0-255,1484,291148,70,369065
8730,0.002631,172.217.194.0-255,2902,294050,70,369065
8731,0.002633,172.31.40.0-255,66,294116,70,369065
8732,0.002639,172.217.194.0-255,5738,299854,70,369065
8733,0.002641,172.31.40.0-255,66,299920,70,369065
8734,0.002692,172.31.40.0-255,66,299986,70,369065
8735,0.002699,172.217.194.0-255,3602,303588,70,369065
8736,0.002701,172.31.40.0-255,66,303654,70,369065
8737,0.002705,172.217.194.0-255,2902,306556,70,369065
8738,0.002711,172.31.40.0-255,66,306622,70,369065
8739,0.002747,172.217.194.0-255,4320,310942,70,369065
8740,0.002751,172.31.40.0-255,66,311008,70,369065
8741,0.002759,172.217.194.0-255,8574,319582,70,369065
8742,0.002762,172.31.40.0-255,66,319648,70,369065
8743,0.002775,172.217.194.0-255,8574,328222,70,369065
8744,0.002777,172.31.40.0-255,66,328288,70,369065
8745,0.00281,172.217.194.0-255,8574,336862,70,369065
8746,0.002814,172.31.40.0-255,66,336928,70,369065
8747,0.002819,172.217.194.0-255,3602,340530,70,369065
8748,0.002821,172.31.40.0-255,66,340596,70,369065
8749,0.002831,172.217.194.0-255,4320,344916,70,369065
8750,0.002833,172.31.40.0-255,66,344982,70,369065
8751,0.002868,172.217.194.0-255,7156,352138,70,369065
8752,0.002871,172.31.40.0-255,66,352204,70,369065
8753,0.002897,172.217.194.0-255,7400,359604,70,369065
8754,0.002899,172.31.40.0-255,66,359670,70,369065
8755,0.002902,172.217.194.0-255,105,359775,70,369065
8756,0.014534,172.31.40.0-255,66,359841,70,369065
8757,0.014585,172.31.40.0-255,105,359946,70,369065
8758,0.01715,172.217.194.0-255,66,360012,70,369065
8759,0.049046,172.31.40.0-255,172,360184,70,369065
8760,0.04908,172.31.40.0-255,1114,361298,70,369065
8761,0.049147,172.31.40.0-255,1514,362812,70,369065
8762,0.049149,172.31.40.0-255,1514,364326,70,369065
8763,0.049151,172.31.40.0-255,1514,365840,70,369065
8764,0.049152,172.31.40.0-255,1514,367354,70,369065
8765,0.049154,172.31.40.0-255,1514,368868,70,369065
8766,0.049181,172.31.40.0-255,197,369065,70,369065
8767,0.0,172.217.27.0-255,152,152,70,264292
8768,2.8e-05,172.31.40.0-255,66,218,70,264292
8769,3.4e-05,172.217.27.0-255,1484,1702,70,264292
8770,3.9e-05,172.31.40.0-255,66,1768,70,264292
8771,5.2e-05,172.217.27.0-255,2902,4670,70,264292
8772,5.4e-05,172.31.40.0-255,66,4736,70,264292
8773,6e-05,172.217.27.0-255,7156,11892,70,264292
8774,6.3e-05,172.31.40.0-255,66,11958,70,264292
8775,6.5e-05,172.217.27.0-255,1484,13442,70,264292
8776,6.8e-05,172.31.40.0-255,66,13508,70,264292
8777,0.000112,172.217.27.0-255,10610,24118,70,264292
8778,0.000115,172.31.40.0-255,66,24184,70,264292
8779,0.000122,172.217.27.0-255,6797,30981,70,264292
8780,0.000125,172.31.40.0-255,66,31047,70,264292
8781,0.000165,172.217.27.0-255,1484,32531,70,264292
8782,0.000168,172.31.40.0-255,66,32597,70,264292
8783,0.000174,172.217.27.0-255,2902,35499,70,264292
8784,0.000176,172.31.40.0-255,66,35565,70,264292
8785,0.000208,172.217.27.0-255,5738,41303,70,264292
8786,0.000212,172.31.40.0-255,66,41369,70,264292
8787,0.000235,172.217.27.0-255,1484,42853,70,264292
8788,0.000239,172.31.40.0-255,66,42919,70,264292
8789,0.000259,172.217.27.0-255,5379,48298,70,264292
8790,0.000262,172.31.40.0-255,66,48364,70,264292
8791,0.001356,172.217.27.0-255,1484,49848,70,264292
8792,0.001362,172.31.40.0-255,66,49914,70,264292
8793,0.001389,172.217.27.0-255,2902,52816,70,264292
8794,0.001392,172.31.40.0-255,66,52882,70,264292
8795,0.001399,172.217.27.0-255,5738,58620,70,264292
8796,0.001401,172.31.40.0-255,66,58686,70,264292
8797,0.001405,172.217.27.0-255,2902,61588,70,264292
8798,0.001407,172.31.40.0-255,66,61654,70,264292
8799,0.001449,172.217.27.0-255,3961,65615,70,264292
8800,0.001453,172.31.40.0-255,66,65681,70,264292
8801,0.001586,172.217.27.0-255,1484,67165,70,264292
8802,0.001605,172.217.27.0-255,2902,70067,70,264292
8803,0.001609,172.31.40.0-255,66,70133,70,264292
8804,0.001614,172.217.27.0-255,2902,73035,70,264292
8805,0.001617,172.31.40.0-255,66,73101,70,264292
8806,0.001622,172.217.27.0-255,4320,77421,70,264292
8807,0.001625,172.31.40.0-255,66,77487,70,264292
8808,0.001635,172.217.27.0-255,9633,87120,70,264292
8809,0.001638,172.31.40.0-255,66,87186,70,264292
8810,0.001642,172.217.27.0-255,2902,90088,70,264292
8811,0.001646,172.31.40.0-255,66,90154,70,264292
8812,0.00165,172.217.27.0-255,2902,93056,70,264292
8813,0.001652,172.31.40.0-255,66,93122,70,264292
8814,0.003276,172.217.27.0-255,4320,97442,70,264292
8815,0.003283,172.31.40.0-255,66,97508,70,264292
8816,0.003314,172.217.27.0-255,1484,98992,70,264292
8817,0.004918,172.217.27.0-255,4320,103312,70,264292
8818,0.004923,172.31.40.0-255,66,103378,70,264292
8819,0.006547,172.217.27.0-255,5738,109116,70,264292
8820,0.006552,172.31.40.0-255,66,109182,70,264292
8821,0.008184,172.217.27.0-255,5738,114920,70,264292
8822,0.00819,172.31.40.0-255,66,114986,70,264292
8823,0.009828,172.217.27.0-255,2902,117888,70,264292
8824,0.009835,172.31.40.0-255,66,117954,70,264292
8825,0.009856,172.217.27.0-255,2902,120856,70,264292
8826,0.009859,172.31.40.0-255,66,120922,70,264292
8827,0.011476,172.217.27.0-255,4320,125242,70,264292
8828,0.011484,172.31.40.0-255,66,125308,70,264292
8829,0.011517,172.217.27.0-255,1484,126792,70,264292
8830,0.01311,172.217.27.0-255,4320,131112,70,264292
8831,0.013116,172.31.40.0-255,66,131178,70,264292
8832,0.014751,172.217.27.0-255,5738,136916,70,264292
8833,0.014757,172.31.40.0-255,66,136982,70,264292
8834,0.016418,172.217.27.0-255,5738,142720,70,264292
8835,0.016427,172.31.40.0-255,66,142786,70,264292
8836,0.018062,172.217.27.0-255,5738,148524,70,264292
8837,0.01807,172.31.40.0-255,66,148590,70,264292
8838,0.019702,172.217.27.0-255,5738,154328,70,264292
8839,0.01971,172.31.40.0-255,66,154394,70,264292
8840,0.020716,172.31.40.0-255,172,154566,70,264292
8841,0.020748,172.31.40.0-255,1119,155685,70,264292
8842,0.020811,172.31.40.0-255,1514,157199,70,264292
8843,0.020812,172.31.40.0-255,1514,158713,70,264292
8844,0.020814,172.31.40.0-255,843,159556,70,264292
8845,0.021336,172.217.27.0-255,5738,165294,70,264292
8846,0.021343,172.31.40.0-255,66,165360,70,264292
8847,0.022255,104.244.42.0-255,66,165426,70,264292
8848,0.022283,104.244.42.0-255,66,165492,70,264292
8849,0.022375,104.244.42.0-255,66,165558,70,264292
8850,0.02238,104.244.42.0-255,66,165624,70,264292
8851,0.022971,172.217.27.0-255,5738,171362,70,264292
8852,0.022977,172.31.40.0-255,66,171428,70,264292
8853,0.02461,172.217.27.0-255,5738,177166,70,264292
8854,0.024617,172.31.40.0-255,66,177232,70,264292
8855,0.026262,172.217.27.0-255,5738,182970,70,264292
8856,0.026267,172.31.40.0-255,66,183036,70,264292
8857,0.027923,172.217.27.0-255,5738,188774,70,264292
8858,0.02793,172.31.40.0-255,66,188840,70,264292
8859,0.029561,172.217.27.0-255,5738,194578,70,264292
8860,0.029568,172.31.40.0-255,66,194644,70,264292
8861,0.031215,172.217.27.0-255,5738,200382,70,264292
8862,0.031223,172.31.40.0-255,66,200448,70,264292
8863,0.032863,172.217.27.0-255,5738,206186,70,264292
8864,0.03287,172.31.40.0-255,66,206252,70,264292
8865,0.034504,172.217.27.0-255,5738,211990,70,264292
8866,0.034511,172.31.40.0-255,66,212056,70,264292
8867,0.036137,172.217.27.0-255,5738,217794,70,264292
8868,0.036144,172.31.40.0-255,66,217860,70,264292
8869,0.037771,172.217.27.0-255,5738,223598,70,264292
8870,0.037778,172.31.40.0-255,66,223664,70,264292
8871,0.039407,172.217.27.0-255,5738,229402,70,264292
8872,0.039414,172.31.40.0-255,66,229468,70,264292
8873,0.041077,172.217.27.0-255,5738,235206,70,264292
8874,0.041085,172.31.40.0-255,66,235272,70,264292
8875,0.042757,172.217.27.0-255,5738,241010,70,264292
8876,0.042764,172.31.40.0-255,66,241076,70,264292
8877,0.044404,172.217.27.0-255,5738,246814,70,264292
8878,0.044412,172.31.40.0-255,66,246880,70,264292
8879,0.046088,172.217.27.0-255,5738,252618,70,264292
8880,0.046095,172.31.40.0-255,66,252684,70,264292
8881,0.04774,172.217.27.0-255,5738,258422,70,264292
8882,0.047758,172.31.40.0-255,66,258488,70,264292
8883,0.049393,172.217.27.0-255,5738,264226,70,264292
8884,0.049405,172.31.40.0-255,66,264292,70,264292
8885,0.0,172.217.194.0-255,146,146,70,286758
8886,2.4e-05,172.31.40.0-255,66,212,70,286758
8887,3.1e-05,172.217.194.0-255,1484,1696,70,286758
8888,3.5e-05,172.31.40.0-255,66,1762,70,286758
8889,4.1e-05,172.217.194.0-255,2902,4664,70,286758
8890,4.5e-05,172.31.40.0-255,66,4730,70,286758
8891,5.1e-05,172.217.194.0-255,5738,10468,70,286758
8892,5.5e-05,172.31.40.0-255,66,10534,70,286758
8893,7.2e-05,172.217.194.0-255,1484,12018,70,286758
8894,7.4e-05,172.31.40.0-255,66,12084,70,286758
8895,9.9e-05,172.217.194.0-255,2045,14129,70,286758
8896,0.000101,172.31.40.0-255,66,14195,70,286758
8897,0.000107,172.217.194.0-255,4320,18515,70,286758
8898,0.00011,172.31.40.0-255,66,18581,70,286758
8899,0.000153,172.217.194.0-255,9992,28573,70,286758
8900,0.000156,172.31.40.0-255,66,28639,70,286758
8901,0.00016,172.217.194.0-255,2543,31182,70,286758
8902,0.000163,172.31.40.0-255,66,31248,70,286758
8903,0.000332,172.217.194.0-255,1484,32732,70,286758
8904,0.000337,172.31.40.0-255,66,32798,70,286758
8905,0.000343,172.217.194.0-255,2902,35700,70,286758
8906,0.000346,172.31.40.0-255,66,35766,70,286758
8907,0.000351,172.217.194.0-255,4320,40086,70,286758
8908,0.000353,172.31.40.0-255,66,40152,70,286758
8909,0.000389,172.217.194.0-255,9633,49785,70,286758
8910,0.000391,172.31.40.0-255,66,49851,70,286758
8911,0.000424,172.31.40.0-255,66,49917,70,286758
8912,0.000441,172.217.194.0-255,1125,51042,70,286758
8913,0.000443,172.31.40.0-255,66,51108,70,286758
8914,0.000855,172.217.194.0-255,646,51754,70,286758
8915,0.000863,172.31.40.0-255,66,51820,70,286758
8916,0.000939,172.217.194.0-255,1484,53304,70,286758
8917,0.000945,172.217.194.0-255,1484,54788,70,286758
8918,0.000962,172.31.40.0-255,66,54854,70,286758
8919,0.000966,172.217.194.0-255,1484,56338,70,286758
8920,0.000972,172.217.194.0-255,5738,62076,70,286758
8921,0.000978,172.31.40.0-255,66,62142,70,286758
8922,0.001009,172.217.194.0-255,1484,63626,70,286758
8923,0.001016,172.31.40.0-255,66,63692,70,286758
8924,0.001051,172.217.194.0-255,9274,72966,70,286758
8925,0.001086,172.31.40.0-255,101,73067,70,286758
8926,0.001266,172.217.194.0-255,1484,74551,70,286758
8927,0.001272,172.217.194.0-255,2902,77453,70,286758
8928,0.001275,172.31.40.0-255,66,77519,70,286758
8929,0.001279,172.217.194.0-255,1484,79003,70,286758
8930,0.001297,172.217.194.0-255,4320,83323,70,286758
8931,0.0013,172.217.194.0-255,1484,84807,70,286758
8932,0.00131,172.31.40.0-255,66,84873,70,286758
8933,0.001334,172.217.194.0-255,2902,87775,70,286758
8934,0.001349,172.31.40.0-255,66,87841,70,286758
8935,0.001356,172.217.194.0-255,7156,94997,70,286758
8936,0.001366,172.31.40.0-255,66,95063,70,286758
8937,0.001387,172.217.194.0-255,4320,99383,70,286758
8938,0.001398,172.31.40.0-255,66,99449,70,286758
8939,0.001413,172.217.194.0-255,7856,107305,70,286758
8940,0.001437,172.31.40.0-255,66,107371,70,286758
8941,0.001452,172.217.194.0-255,9274,116645,70,286758
8942,0.001463,172.31.40.0-255,66,116711,70,286758
8943,0.001481,172.217.194.0-255,2902,119613,70,286758
8944,0.001489,172.31.40.0-255,66,119679,70,286758
8945,0.001496,172.217.194.0-255,1484,121163,70,286758
8946,0.001502,172.217.194.0-255,5738,126901,70,286758
8947,0.001507,172.31.40.0-255,66,126967,70,286758
8948,0.001515,172.217.194.0-255,2902,129869,70,286758
8949,0.001534,172.217.194.0-255,8574,138443,70,286758
8950,0.001548,172.217.194.0-255,2902,141345,70,286758
8951,0.001553,172.31.40.0-255,66,141411,70,286758
8952,0.001561,172.217.194.0-255,4320,145731,70,286758
8953,0.001566,172.31.40.0-255,66,145797,70,286758
8954,0.001585,172.217.194.0-255,5020,150817,70,286758
8955,0.001622,172.217.194.0-255,2902,153719,70,286758
8956,0.001629,172.31.40.0-255,66,153785,70,286758
8957,0.00166,172.217.194.0-255,9992,163777,70,286758
8958,0.001679,172.217.194.0-255,6438,170215,70,286758
8959,0.00169,172.31.40.0-255,66,170281,70,286758
8960,0.00186,172.217.194.0-255,1484,171765,70,286758
8961,0.001878,172.217.194.0-255,2902,174667,70,286758
8962,0.001884,172.217.194.0-255,4320,178987,70,286758
8963,0.0019,172.217.194.0-255,1484,180471,70,286758
8964,0.001905,172.31.40.0-255,66,180537,70,286758
8965,0.001947,172.217.194.0-255,10692,191229,70,286758
8966,0.001954,172.31.40.0-255,66,191295,70,286758
8967,0.003329,172.217.194.0-255,66,191361,70,286758
8968,0.004244,172.217.194.0-255,5738,197099,70,286758
8969,0.004251,172.31.40.0-255,66,197165,70,286758
8970,0.006552,172.217.194.0-255,5738,202903,70,286758
8971,0.014337,172.217.194.0-255,1484,204387,70,286758
8972,0.014891,172.31.40.0-255,66,204453,70,286758
8973,0.017188,172.217.194.0-255,5738,210191,70,286758
8974,0.017196,172.31.40.0-255,66,210257,70,286758
8975,0.01948,172.217.194.0-255,5738,215995,70,286758
8976,0.019488,172.31.40.0-255,66,216061,70,286758
8977,0.021776,172.217.194.0-255,5738,221799,70,286758
8978,0.022854,172.31.40.0-255,66,221865,70,286758
8979,0.025136,172.217.194.0-255,5738,227603,70,286758
8980,0.025144,172.31.40.0-255,66,227669,70,286758
8981,0.027413,172.217.194.0-255,5738,233407,70,286758
8982,0.027421,172.31.40.0-255,66,233473,70,286758
8983,0.029708,172.217.194.0-255,5738,239211,70,286758
8984,0.029714,172.31.40.0-255,66,239277,70,286758
8985,0.032023,172.217.194.0-255,5738,245015,70,286758
8986,0.032035,172.31.40.0-255,66,245081,70,286758
8987,0.034343,172.217.194.0-255,5738,250819,70,286758
8988,0.034354,172.31.40.0-255,66,250885,70,286758
8989,0.036646,172.217.194.0-255,5738,256623,70,286758
8990,0.036662,172.31.40.0-255,66,256689,70,286758
8991,0.038956,172.217.194.0-255,1484,258173,70,286758
8992,0.038984,172.217.194.0-255,4320,262493,70,286758
8993,0.038989,172.31.40.0-255,66,262559,70,286758
8994,0.041324,172.217.194.0-255,5738,268297,70,286758
8995,0.04134,172.31.40.0-255,66,268363,70,286758
8996,0.043632,172.217.194.0-255,2902,271265,70,286758
8997,0.043638,172.31.40.0-255,66,271331,70,286758
8998,0.043654,172.217.194.0-255,2902,274233,70,286758
8999,0.043692,172.31.40.0-255,66,274299,70,286758
9000,0.045974,172.217.194.0-255,5738,280037,70,286758
9001,0.046064,172.31.40.0-255,66,280103,70,286758
9002,0.046705,172.31.40.0-255,172,280275,70,286758
9003,0.04674,172.31.40.0-255,613,280888,70,286758
9004,0.048348,172.217.194.0-255,5738,286626,70,286758
9005,0.048357,172.31.40.0-255,66,286692,70,286758
9006,0.048951,104.244.42.0-255,66,286758,70,286758
9007,0.0,172.217.194.0-255,152,152,70,298507
9008,1.6e-05,172.31.40.0-255,66,218,70,298507
9009,2.3e-05,172.217.194.0-255,1484,1702,70,298507
9010,2.6e-05,172.31.40.0-255,66,1768,70,298507
9011,3.2e-05,172.217.194.0-255,2902,4670,70,298507
9012,3.5e-05,172.31.40.0-255,66,4736,70,298507
9013,3.9e-05,172.217.194.0-255,2902,7638,70,298507
9014,4.2e-05,172.31.40.0-255,66,7704,70,298507
9015,7.2e-05,172.217.194.0-255,4320,12024,70,298507
9016,7.5e-05,172.31.40.0-255,66,12090,70,298507
9017,7.8e-05,172.217.194.0-255,2014,14104,70,298507
9018,8e-05,172.31.40.0-255,66,14170,70,298507
9019,0.000119,172.31.40.0-255,66,14236,70,298507
9020,0.000121,172.217.194.0-255,1484,15720,70,298507
9021,0.000123,172.31.40.0-255,66,15786,70,298507
9022,0.000161,172.217.194.0-255,3961,19747,70,298507
9023,0.000164,172.31.40.0-255,66,19813,70,298507
9024,0.000168,172.217.194.0-255,4320,24133,70,298507
9025,0.00017,172.31.40.0-255,66,24199,70,298507
9026,0.000174,172.217.194.0-255,2902,27101,70,298507
9027,0.000176,172.31.40.0-255,66,27167,70,298507
9028,0.000193,172.217.194.0-255,7156,34323,70,298507
9029,0.000195,172.31.40.0-255,66,34389,70,298507
9030,0.000219,172.217.194.0-255,2543,36932,70,298507
9031,0.000221,172.31.40.0-255,66,36998,70,298507
9032,0.000234,172.217.194.0-255,2902,39900,70,298507
9033,0.000236,172.31.40.0-255,66,39966,70,298507
9034,0.000243,172.217.194.0-255,7156,47122,70,298507
9035,0.000245,172.31.40.0-255,66,47188,70,298507
9036,0.000247,172.217.194.0-255,1484,48672,70,298507
9037,0.000249,172.31.40.0-255,66,48738,70,298507
9038,0.000271,172.217.194.0-255,5379,54117,70,298507
9039,0.000273,172.31.40.0-255,66,54183,70,298507
9040,0.000275,172.217.194.0-255,365,54548,70,298507
9041,0.000437,172.217.194.0-255,380,54928,70,298507
9042,0.000912,172.31.40.0-255,66,54994,70,298507
9043,0.001001,172.217.194.0-255,1484,56478,70,298507
9044,0.001009,172.217.194.0-255,2902,59380,70,298507
9045,0.001013,172.31.40.0-255,66,59446,70,298507
9046,0.001018,172.217.194.0-255,2902,62348,70,298507
9047,0.00102,172.31.40.0-255,66,62414,70,298507
9048,0.001038,172.217.194.0-255,2902,65316,70,298507
9049,0.00104,172.31.40.0-255,66,65382,70,298507
9050,0.001047,172.217.194.0-255,5738,71120,70,298507
9051,0.001049,172.31.40.0-255,66,71186,70,298507
9052,0.001052,172.217.194.0-255,1484,72670,70,298507
9053,0.00109,172.31.40.0-255,66,72736,70,298507
9054,0.001096,172.217.194.0-255,5020,77756,70,298507
9055,0.001098,172.31.40.0-255,66,77822,70,298507
9056,0.001342,172.217.194.0-255,1484,79306,70,298507
9057,0.001349,172.217.194.0-255,2902,82208,70,298507
9058,0.001352,172.31.40.0-255,66,82274,70,298507
9059,0.001356,172.217.194.0-255,1484,83758,70,298507
9060,0.001377,172.217.194.0-255,4320,88078,70,298507
9061,0.001379,172.31.40.0-255,66,88144,70,298507
9062,0.001383,172.217.194.0-255,2902,91046,70,298507
9063,0.001386,172.31.40.0-255,66,91112,70,298507
9064,0.001415,172.217.194.0-255,9992,101104,70,298507
9065,0.001418,172.31.40.0-255,66,101170,70,298507
9066,0.001427,172.217.194.0-255,9992,111162,70,298507
9067,0.001429,172.31.40.0-255,66,111228,70,298507
9068,0.001432,172.217.194.0-255,766,111994,70,298507
9069,0.001536,172.217.194.0-255,1484,113478,70,298507
9070,0.001541,172.31.40.0-255,66,113544,70,298507
9071,0.001548,172.217.194.0-255,2902,116446,70,298507
9072,0.001551,172.31.40.0-255,66,116512,70,298507
9073,0.001557,172.217.194.0-255,5738,122250,70,298507
9074,0.00156,172.31.40.0-255,66,122316,70,298507
9075,0.001565,172.217.194.0-255,4320,126636,70,298507
9076,0.001568,172.31.40.0-255,66,126702,70,298507
9077,0.001572,172.217.194.0-255,2902,129604,70,298507
9078,0.001574,172.31.40.0-255,66,129670,70,298507
9079,0.001615,172.217.194.0-255,8574,138244,70,298507
9080,0.00162,172.31.40.0-255,66,138310,70,298507
9081,0.001688,172.217.194.0-255,7856,146166,70,298507
9082,0.001692,172.31.40.0-255,66,146232,70,298507
9083,0.001811,172.217.194.0-255,1484,147716,70,298507
9084,0.001818,172.217.194.0-255,2902,150618,70,298507
9085,0.001822,172.31.40.0-255,66,150684,70,298507
9086,0.001829,172.217.194.0-255,5738,156422,70,298507
9087,0.001832,172.31.40.0-255,66,156488,70,298507
9088,0.001872,172.31.40.0-255,66,156554,70,298507
9089,0.001882,172.217.194.0-255,10692,167246,70,298507
9090,0.001884,172.31.40.0-255,66,167312,70,298507
9091,0.002083,172.217.194.0-255,1484,168796,70,298507
9092,0.002104,172.217.194.0-255,2902,171698,70,298507
9093,0.002107,172.31.40.0-255,66,171764,70,298507
9094,0.002112,172.217.194.0-255,2902,174666,70,298507
9095,0.002114,172.31.40.0-255,66,174732,70,298507
9096,0.002131,172.217.194.0-255,2902,177634,70,298507
9097,0.002133,172.31.40.0-255,66,177700,70,298507
9098,0.00214,172.217.194.0-255,5738,183438,70,298507
9099,0.002142,172.31.40.0-255,66,183504,70,298507
9100,0.002187,172.31.40.0-255,66,183570,70,298507
9101,0.002193,172.217.194.0-255,4320,187890,70,298507
9102,0.002195,172.31.40.0-255,66,187956,70,298507
9103,0.002216,172.217.194.0-255,8574,196530,70,298507
9104,0.002218,172.31.40.0-255,66,196596,70,298507
9105,0.002237,172.217.194.0-255,3602,200198,70,298507
9106,0.00224,172.31.40.0-255,66,200264,70,298507
9107,0.002262,172.31.40.0-255,66,200330,70,298507
9108,0.002269,172.217.194.0-255,7856,208186,70,298507
9109,0.002272,172.31.40.0-255,66,208252,70,298507
9110,0.002296,172.217.194.0-255,1484,209736,70,298507
9111,0.002339,172.31.40.0-255,66,209802,70,298507
9112,0.002362,172.217.194.0-255,7156,216958,70,298507
9113,0.002365,172.31.40.0-255,66,217024,70,298507
9114,0.002375,172.217.194.0-255,10692,227716,70,298507
9115,0.002378,172.31.40.0-255,66,227782,70,298507
9116,0.002404,172.217.194.0-255,5738,233520,70,298507
9117,0.002407,172.31.40.0-255,66,233586,70,298507
9118,0.002447,172.31.40.0-255,66,233652,70,298507
9119,0.002472,172.217.194.0-255,6438,240090,70,298507
9120,0.002475,172.31.40.0-255,66,240156,70,298507
9121,0.004847,172.217.194.0-255,5738,245894,70,298507
9122,0.004853,172.31.40.0-255,66,245960,70,298507
9123,0.007237,172.217.194.0-255,5738,251698,70,298507
9124,0.007252,172.31.40.0-255,66,251764,70,298507
9125,0.009653,172.217.194.0-255,5738,257502,70,298507
9126,0.009668,172.31.40.0-255,66,257568,70,298507
9127,0.01197,172.217.194.0-255,5738,263306,70,298507
9128,0.011978,172.31.40.0-255,66,263372,70,298507
9129,0.014292,172.217.194.0-255,5738,269110,70,298507
9130,0.014297,172.31.40.0-255,66,269176,70,298507
9131,0.016661,172.217.194.0-255,5738,274914,70,298507
9132,0.016675,172.31.40.0-255,66,274980,70,298507
9133,0.019028,172.217.194.0-255,5738,280718,70,298507
9134,0.019039,172.31.40.0-255,66,280784,70,298507
9135,0.021378,172.217.194.0-255,5738,286522,70,298507
9136,0.021385,172.31.40.0-255,66,286588,70,298507
9137,0.023701,172.217.194.0-255,5738,292326,70,298507
9138,0.023708,172.31.40.0-255,66,292392,70,298507
9139,0.026006,172.217.194.0-255,717,293109,70,298507
9140,0.026135,172.31.40.0-255,66,293175,70,298507
9141,0.026169,172.31.40.0-255,105,293280,70,298507
9142,0.028501,172.217.194.0-255,66,293346,70,298507
9143,0.048514,172.31.40.0-255,172,293518,70,298507
9144,0.048546,172.31.40.0-255,1117,294635,70,298507
9145,0.04861,172.31.40.0-255,1514,296149,70,298507
9146,0.048612,172.31.40.0-255,1514,297663,70,298507
9147,0.048613,172.31.40.0-255,844,298507,70,298507
9148,0.0,74.125.200.0-255,298,298,70,334285
9149,2.4e-05,172.31.40.0-255,66,364,70,334285
9150,3e-05,74.125.200.0-255,1484,1848,70,334285
9151,3.5e-05,172.31.40.0-255,66,1914,70,334285
9152,5.1e-05,74.125.200.0-255,4320,6234,70,334285
9153,5.5e-05,172.31.40.0-255,66,6300,70,334285
9154,6.3e-05,74.125.200.0-255,7618,13918,70,334285
9155,6.6e-05,172.31.40.0-255,66,13984,70,334285
9156,0.000108,74.125.200.0-255,8574,22558,70,334285
9157,0.000112,172.31.40.0-255,66,22624,70,334285
9158,0.000119,74.125.200.0-255,7156,29780,70,334285
9159,0.000121,172.31.40.0-255,66,29846,70,334285
9160,0.000172,74.125.200.0-255,1125,30971,70,334285
9161,0.000175,172.31.40.0-255,66,31037,70,334285
9162,0.000248,74.125.200.0-255,1484,32521,70,334285
9163,0.000251,172.31.40.0-255,66,32587,70,334285
9164,0.000254,74.125.200.0-255,1484,34071,70,334285
9165,0.000256,172.31.40.0-255,66,34137,70,334285
9166,0.00029,74.125.200.0-255,1484,35621,70,334285
9167,0.000293,172.31.40.0-255,66,35687,70,334285
9168,0.000301,74.125.200.0-255,5738,41425,70,334285
9169,0.000303,172.31.40.0-255,66,41491,70,334285
9170,0.00031,74.125.200.0-255,6797,48288,70,334285
9171,0.000313,172.31.40.0-255,66,48354,70,334285
9172,0.000316,74.125.200.0-255,1484,49838,70,334285
9173,0.000318,172.31.40.0-255,66,49904,70,334285
9174,0.000353,74.125.200.0-255,5738,55642,70,334285
9175,0.000356,172.31.40.0-255,66,55708,70,334285
9176,0.000366,74.125.200.0-255,9910,65618,70,334285
9177,0.000368,172.31.40.0-255,66,65684,70,334285
9178,0.000371,74.125.200.0-255,380,66064,70,334285
9179,0.000373,172.31.40.0-255,66,66130,70,334285
9180,0.00046,74.125.200.0-255,1484,67614,70,334285
9181,0.000477,74.125.200.0-255,2902,70516,70,334285
9182,0.00048,172.31.40.0-255,66,70582,70,334285
9183,0.000508,74.125.200.0-255,4320,74902,70,334285
9184,0.000511,172.31.40.0-255,66,74968,70,334285
9185,0.000515,74.125.200.0-255,2902,77870,70,334285
9186,0.000517,172.31.40.0-255,66,77936,70,334285
9187,0.000537,74.125.200.0-255,2902,80838,70,334285
9188,0.00054,172.31.40.0-255,66,80904,70,334285
9189,0.000548,74.125.200.0-255,1484,82388,70,334285
9190,0.000584,172.31.40.0-255,66,82454,70,334285
9191,0.000616,74.125.200.0-255,6797,89251,70,334285
9192,0.000619,172.31.40.0-255,66,89317,70,334285
9193,0.001265,74.125.200.0-255,1484,90801,70,334285
9194,0.001273,74.125.200.0-255,2902,93703,70,334285
9195,0.001276,172.31.40.0-255,66,93769,70,334285
9196,0.00128,74.125.200.0-255,1484,95253,70,334285
9197,0.001309,74.125.200.0-255,4320,99573,70,334285
9198,0.001311,172.31.40.0-255,66,99639,70,334285
9199,0.001321,74.125.200.0-255,8574,108213,70,334285
9200,0.001323,172.31.40.0-255,66,108279,70,334285
9201,0.001327,74.125.200.0-255,1484,109763,70,334285
9202,0.001351,74.125.200.0-255,8574,118337,70,334285
9203,0.001354,172.31.40.0-255,66,118403,70,334285
9204,0.001358,74.125.200.0-255,2902,121305,70,334285
9205,0.00136,172.31.40.0-255,66,121371,70,334285
9206,0.001388,74.125.200.0-255,2184,123555,70,334285
9207,0.001391,172.31.40.0-255,66,123621,70,334285
9208,0.001535,74.125.200.0-255,1484,125105,70,334285
9209,0.001541,74.125.200.0-255,2902,128007,70,334285
9210,0.001544,172.31.40.0-255,66,128073,70,334285
9211,0.001577,74.125.200.0-255,5738,133811,70,334285
9212,0.00158,172.31.40.0-255,66,133877,70,334285
9213,0.001587,74.125.200.0-255,7156,141033,70,334285
9214,0.001589,172.31.40.0-255,66,141099,70,334285
9215,0.001617,74.125.200.0-255,4320,145419,70,334285
9216,0.00162,172.31.40.0-255,66,145485,70,334285
9217,0.001652,74.125.200.0-255,7156,152641,70,334285
9218,0.001655,172.31.40.0-255,66,152707,70,334285
9219,0.001661,74.125.200.0-255,4320,157027,70,334285
9220,0.001663,172.31.40.0-255,66,157093,70,334285
9221,0.001684,74.125.200.0-255,766,157859,70,334285
9222,0.001746,74.125.200.0-255,1484,159343,70,334285
9223,0.00175,172.31.40.0-255,66,159409,70,334285
9224,0.001754,74.125.200.0-255,1484,160893,70,334285
9225,0.001783,74.125.200.0-255,1484,162377,70,334285
9226,0.001786,172.31.40.0-255,66,162443,70,334285
9227,0.001793,74.125.200.0-255,4320,166763,70,334285
9228,0.001795,172.31.40.0-255,66,166829,70,334285
9229,0.001803,74.125.200.0-255,7156,173985,70,334285
9230,0.001805,172.31.40.0-255,66,174051,70,334285
9231,0.001838,74.125.200.0-255,1484,175535,70,334285
9232,0.001847,74.125.200.0-255,8574,184109,70,334285
9233,0.00185,172.31.40.0-255,66,184175,70,334285
9234,0.001879,74.125.200.0-255,7856,192031,70,334285
9235,0.001882,172.31.40.0-255,66,192097,70,334285
9236,0.001922,74.125.200.0-255,1484,193581,70,334285
9237,0.001927,74.125.200.0-255,2902,196483,70,334285
9238,0.00193,172.31.40.0-255,66,196549,70,334285
9239,0.001964,74.125.200.0-255,5738,202287,70,334285
9240,0.001967,172.31.40.0-255,66,202353,70,334285
9241,0.002036,74.125.200.0-255,7156,209509,70,334285
9242,0.002039,172.31.40.0-255,66,209575,70,334285
9243,0.002059,172.31.40.0-255,66,209641,70,334285
9244,0.002064,74.125.200.0-255,2184,211825,70,334285
9245,0.002066,172.31.40.0-255,66,211891,70,334285
9246,0.002116,172.31.40.0-255,66,211957,70,334285
9247,0.002167,74.125.200.0-255,2184,214141,70,334285
9248,0.002176,74.125.200.0-255,1484,215625,70,334285
9249,0.00219,74.125.200.0-255,2902,218527,70,334285
9250,0.0022,74.125.200.0-255,1484,220011,70,334285
9251,0.002213,74.125.200.0-255,4320,224331,70,334285
9252,0.002232,74.125.200.0-255,5738,230069,70,334285
9253,0.002241,74.125.200.0-255,1484,231553,70,334285
9254,0.002261,74.125.200.0-255,8574,240127,70,334285
9255,0.002287,74.125.200.0-255,1484,241611,70,334285
9256,0.002309,74.125.200.0-255,6438,248049,70,334285
9257,0.011438,74.125.200.0-255,1484,249533,70,334285
9258,0.013088,172.31.40.0-255,66,249599,70,334285
9259,0.013098,172.31.40.0-255,66,249665,70,334285
9260,0.013116,172.31.40.0-255,66,249731,70,334285
9261,0.013135,172.31.40.0-255,66,249797,70,334285
9262,0.013137,172.31.40.0-255,66,249863,70,334285
9263,0.013138,172.31.40.0-255,66,249929,70,334285
9264,0.013139,172.31.40.0-255,66,249995,70,334285
9265,0.015473,74.125.200.0-255,2902,252897,70,334285
9266,0.01548,172.31.40.0-255,66,252963,70,334285
9267,0.015508,74.125.200.0-255,1484,254447,70,334285
9268,0.017824,74.125.200.0-255,4320,258767,70,334285
9269,0.017832,172.31.40.0-255,66,258833,70,334285
9270,0.02019,74.125.200.0-255,5738,264571,70,334285
9271,0.02021,172.31.40.0-255,66,264637,70,334285
9272,0.022545,74.125.200.0-255,5738,270375,70,334285
9273,0.022553,172.31.40.0-255,66,270441,70,334285
9274,0.024939,74.125.200.0-255,5738,276179,70,334285
9275,0.024949,172.31.40.0-255,66,276245,70,334285
9276,0.027291,74.125.200.0-255,5738,281983,70,334285
9277,0.0273,172.31.40.0-255,66,282049,70,334285
9278,0.029639,74.125.200.0-255,5738,287787,70,334285
9279,0.02965,172.31.40.0-255,66,287853,70,334285
9280,0.032008,74.125.200.0-255,5738,293591,70,334285
9281,0.032017,172.31.40.0-255,66,293657,70,334285
9282,0.034367,74.125.200.0-255,5738,299395,70,334285
9283,0.034381,172.31.40.0-255,66,299461,70,334285
9284,0.036718,74.125.200.0-255,5738,305199,70,334285
9285,0.036725,172.31.40.0-255,66,305265,70,334285
9286,0.039066,74.125.200.0-255,5738,311003,70,334285
9287,0.039074,172.31.40.0-255,66,311069,70,334285
9288,0.04142,74.125.200.0-255,5738,316807,70,334285
9289,0.041431,172.31.40.0-255,66,316873,70,334285
9290,0.043781,74.125.200.0-255,5738,322611,70,334285
9291,0.043798,172.31.40.0-255,66,322677,70,334285
9292,0.046134,74.125.200.0-255,5738,328415,70,334285
9293,0.046143,172.31.40.0-255,66,328481,70,334285
9294,0.048482,74.125.200.0-255,5738,334219,70,334285
9295,0.04849,172.31.40.0-255,66,334285,70,334285
9296,0.0,172.217.194.0-255,153,153,70,293724
9297,1.9e-05,172.31.40.0-255,66,219,70,293724
9298,2.5e-05,172.217.194.0-255,1484,1703,70,293724
9299,2.9e-05,172.31.40.0-255,66,1769,70,293724
9300,3.4e-05,172.217.194.0-255,2902,4671,70,293724
9301,3.7e-05,172.31.40.0-255,66,4737,70,293724
9302,7.2e-05,172.217.194.0-255,7156,11893,70,293724
9303,7.4e-05,172.31.40.0-255,66,11959,70,293724
9304,0.000104,172.217.194.0-255,9126,21085,70,293724
9305,0.000106,172.31.40.0-255,66,21151,70,293724
9306,0.000115,172.217.194.0-255,9992,31143,70,293724
9307,0.000117,172.31.40.0-255,66,31209,70,293724
9308,0.000154,172.217.194.0-255,7156,38365,70,293724
9309,0.000156,172.31.40.0-255,66,38431,70,293724
9310,0.000175,172.217.194.0-255,9274,47705,70,293724
9311,0.000177,172.31.40.0-255,66,47771,70,293724
9312,0.00041,172.217.194.0-255,1484,49255,70,293724
9313,0.000414,172.31.40.0-255,66,49321,70,293724
9314,0.00042,172.217.194.0-255,2902,52223,70,293724
9315,0.000422,172.31.40.0-255,66,52289,70,293724
9316,0.000426,172.217.194.0-255,2902,55191,70,293724
9317,0.000428,172.31.40.0-255,66,55257,70,293724
9318,0.000455,172.217.194.0-255,2902,58159,70,293724
9319,0.000457,172.31.40.0-255,66,58225,70,293724
9320,0.000493,172.217.194.0-255,5738,63963,70,293724
9321,0.000496,172.31.40.0-255,66,64029,70,293724
9322,0.000507,172.217.194.0-255,1421,65450,70,293724
9323,0.000509,172.31.40.0-255,66,65516,70,293724
9324,0.001014,172.217.194.0-255,1484,67000,70,293724
9325,0.00102,172.31.40.0-255,66,67066,70,293724
9326,0.001029,172.217.194.0-255,2902,69968,70,293724
9327,0.001031,172.31.40.0-255,66,70034,70,293724
9328,0.001039,172.217.194.0-255,5738,75772,70,293724
9329,0.00104,172.31.40.0-255,66,75838,70,293724
9330,0.001045,172.217.194.0-255,2902,78740,70,293724
9331,0.001047,172.31.40.0-255,66,78806,70,293724
9332,0.00108,172.217.194.0-255,5738,84544,70,293724
9333,0.001083,172.31.40.0-255,66,84610,70,293724
9334,0.001103,172.217.194.0-255,2902,87512,70,293724
9335,0.001105,172.31.40.0-255,66,87578,70,293724
9336,0.001122,172.217.194.0-255,7156,94734,70,293724
9337,0.001124,172.31.40.0-255,66,94800,70,293724
9338,0.001143,172.217.194.0-255,5020,99820,70,293724
9339,0.001145,172.31.40.0-255,66,99886,70,293724
9340,0.001308,172.217.194.0-255,1484,101370,70,293724
9341,0.001316,172.217.194.0-255,2902,104272,70,293724
9342,0.00132,172.31.40.0-255,66,104338,70,293724
9343,0.001327,172.217.194.0-255,5738,110076,70,293724
9344,0.001329,172.31.40.0-255,66,110142,70,293724
9345,0.001379,172.31.40.0-255,66,110208,70,293724
9346,0.001415,172.217.194.0-255,4320,114528,70,293724
9347,0.001417,172.31.40.0-255,66,114594,70,293724
9348,0.001441,172.217.194.0-255,9274,123868,70,293724
9349,0.001444,172.31.40.0-255,66,123934,70,293724
9350,0.001458,172.31.40.0-255,66,124000,70,293724
9351,0.001481,172.217.194.0-255,1484,125484,70,293724
9352,0.001495,172.31.40.0-255,66,125550,70,293724
9353,0.001512,172.217.194.0-255,4320,129870,70,293724
9354,0.001514,172.31.40.0-255,66,129936,70,293724
9355,0.001548,172.217.194.0-255,7856,137792,70,293724
9356,0.001551,172.31.40.0-255,66,137858,70,293724
9357,0.001563,172.31.40.0-255,66,137924,70,293724
9358,0.001568,172.217.194.0-255,2902,140826,70,293724
9359,0.00157,172.31.40.0-255,66,140892,70,293724
9360,0.001597,172.217.194.0-255,9274,150166,70,293724
9361,0.001599,172.31.40.0-255,66,150232,70,293724
9362,0.001603,172.217.194.0-255,1484,151716,70,293724
9363,0.001648,172.31.40.0-255,66,151782,70,293724
9364,0.001676,172.31.40.0-255,66,151848,70,293724
9365,0.001703,172.217.194.0-255,3602,155450,70,293724
9366,0.001705,172.31.40.0-255,66,155516,70,293724
9367,0.001727,172.31.40.0-255,66,155582,70,293724
9368,0.001741,172.31.40.0-255,66,155648,70,293724
9369,0.001744,172.217.194.0-255,766,156414,70,293724
9370,0.001774,172.217.194.0-255,1484,157898,70,293724
9371,0.001776,172.31.40.0-255,66,157964,70,293724
9372,0.001795,172.217.194.0-255,4320,162284,70,293724
9373,0.001798,172.31.40.0-255,66,162350,70,293724
9374,0.001831,172.217.194.0-255,9992,172342,70,293724
9375,0.001836,172.31.40.0-255,66,172408,70,293724
9376,0.001843,172.217.194.0-255,5738,178146,70,293724
9377,0.001845,172.31.40.0-255,66,178212,70,293724
9378,0.001878,172.217.194.0-255,2902,181114,70,293724
9379,0.001881,172.31.40.0-255,66,181180,70,293724
9380,0.00189,172.217.194.0-255,9274,190454,70,293724
9381,0.001892,172.31.40.0-255,66,190520,70,293724
9382,0.004219,172.217.194.0-255,5738,196258,70,293724
9383,0.004226,172.31.40.0-255,66,196324,70,293724
9384,0.005888,172.31.40.0-255,101,196425,70,293724
9385,0.006597,172.217.194.0-255,5738,202163,70,293724
9386,0.006603,172.31.40.0-255,66,202229,70,293724
9387,0.008187,172.217.194.0-255,66,202295,70,293724
9388,0.008927,172.217.194.0-255,4320,206615,70,293724
9389,0.008931,172.31.40.0-255,66,206681,70,293724
9390,0.008951,172.217.194.0-255,1484,208165,70,293724
9391,0.011289,172.217.194.0-255,4320,212485,70,293724
9392,0.011298,172.31.40.0-255,66,212551,70,293724
9393,0.013656,172.217.194.0-255,5738,218289,70,293724
9394,0.013665,172.31.40.0-255,66,218355,70,293724
9395,0.01599,172.217.194.0-255,5738,224093,70,293724
9396,0.016,172.31.40.0-255,66,224159,70,293724
9397,0.018355,172.217.194.0-255,5738,229897,70,293724
9398,0.018361,172.31.40.0-255,66,229963,70,293724
9399,0.020695,172.217.194.0-255,5738,235701,70,293724
9400,0.020702,172.31.40.0-255,66,235767,70,293724
9401,0.023053,172.217.194.0-255,5738,241505,70,293724
9402,0.02306,172.31.40.0-255,66,241571,70,293724
9403,0.025382,172.217.194.0-255,5738,247309,70,293724
9404,0.025389,172.31.40.0-255,66,247375,70,293724
9405,0.02773,172.217.194.0-255,5738,253113,70,293724
9406,0.02774,172.31.40.0-255,66,253179,70,293724
9407,0.030098,172.217.194.0-255,5738,258917,70,293724
9408,0.030105,172.31.40.0-255,66,258983,70,293724
9409,0.032434,172.217.194.0-255,5738,264721,70,293724
9410,0.03244,172.31.40.0-255,66,264787,70,293724
9411,0.032992,172.31.40.0-255,172,264959,70,293724
9412,0.033026,172.31.40.0-255,1117,266076,70,293724
9413,0.03309,172.31.40.0-255,1514,267590,70,293724
9414,0.033093,172.31.40.0-255,1514,269104,70,293724
9415,0.033094,172.31.40.0-255,1514,270618,70,293724
9416,0.033095,172.31.40.0-255,1514,272132,70,293724
9417,0.033125,172.31.40.0-255,635,272767,70,293724
9418,0.03458,104.244.42.0-255,66,272833,70,293724
9419,0.034628,104.244.42.0-255,66,272899,70,293724
9420,0.034649,104.244.42.0-255,66,272965,70,293724
9421,0.034688,104.244.42.0-255,66,273031,70,293724
9422,0.03477,172.217.194.0-255,5738,278769,70,293724
9423,0.034775,172.31.40.0-255,66,278835,70,293724
9424,0.036592,104.244.42.0-255,108,278943,70,293724
9425,0.036602,172.31.40.0-255,66,279009,70,293724
9426,0.037099,172.217.194.0-255,5738,284747,70,293724
9427,0.037103,172.31.40.0-255,66,284813,70,293724
9428,0.039446,172.217.194.0-255,5738,290551,70,293724
9429,0.039453,172.31.40.0-255,66,290617,70,293724
9430,0.041796,172.217.194.0-255,2870,293487,70,293724
9431,0.041802,172.31.40.0-255,66,293553,70,293724
9432,0.041952,172.31.40.0-255,105,293658,70,293724
9433,0.048536,172.217.194.0-255,66,293724,70,293724
9434,0.0,74.125.24.0-255,291,291,70,268669
9435,1.4e-05,172.31.40.0-255,66,357,70,268669
9436,1.9e-05,74.125.24.0-255,1484,1841,70,268669
9437,2.4e-05,172.31.40.0-255,66,1907,70,268669
9438,3.1e-05,74.125.24.0-255,4320,6227,70,268669
9439,3.4e-05,172.31.40.0-255,66,6293,70,268669
9440,6.2e-05,74.125.24.0-255,8891,15184,70,268669
9441,6.6e-05,172.31.40.0-255,66,15250,70,268669
9442,7.2e-05,74.125.24.0-255,5738,20988,70,268669
9443,7.5e-05,172.31.40.0-255,66,21054,70,268669
9444,9.9e-05,74.125.24.0-255,4320,25374,70,268669
9445,0.000102,172.31.40.0-255,66,25440,70,268669
9446,0.000124,74.125.24.0-255,5379,30819,70,268669
9447,0.000127,172.31.40.0-255,66,30885,70,268669
9448,0.000277,74.125.24.0-255,1484,32369,70,268669
9449,0.000281,172.31.40.0-255,66,32435,70,268669
9450,0.000287,74.125.24.0-255,2902,35337,70,268669
9451,0.00029,172.31.40.0-255,66,35403,70,268669
9452,0.000306,74.125.24.0-255,2902,38305,70,268669
9453,0.000308,172.31.40.0-255,66,38371,70,268669
9454,0.00033,74.125.24.0-255,2902,41273,70,268669
9455,0.000333,172.31.40.0-255,66,41339,70,268669
9456,0.00034,74.125.24.0-255,5738,47077,70,268669
9457,0.000342,172.31.40.0-255,66,47143,70,268669
9458,0.00036,74.125.24.0-255,7156,54299,70,268669
9459,0.000363,172.31.40.0-255,66,54365,70,268669
9460,0.000388,74.125.24.0-255,9992,64357,70,268669
9461,0.000391,172.31.40.0-255,66,64423,70,268669
9462,0.000395,74.125.24.0-255,766,65189,70,268669
9463,0.000398,172.31.40.0-255,66,65255,70,268669
9464,0.00043,74.125.24.0-255,401,65656,70,268669
9465,0.000433,172.31.40.0-255,66,65722,70,268669
9466,0.000473,74.125.24.0-255,108,65830,70,268669
9467,0.000476,172.31.40.0-255,66,65896,70,268669
9468,0.000501,74.125.24.0-255,331,66227,70,268669
9469,0.000503,172.31.40.0-255,66,66293,70,268669
9470,0.000805,74.125.24.0-255,1484,67777,70,268669
9471,0.000811,74.125.24.0-255,2902,70679,70,268669
9472,0.000823,172.31.40.0-255,66,70745,70,268669
9473,0.000827,172.31.40.0-255,66,70811,70,268669
9474,0.000834,74.125.24.0-255,5738,76549,70,268669
9475,0.000836,172.31.40.0-255,66,76615,70,268669
9476,0.000891,172.31.40.0-255,66,76681,70,268669
9477,0.000902,74.125.24.0-255,1484,78165,70,268669
9478,0.000904,172.31.40.0-255,66,78231,70,268669
9479,0.000911,74.125.24.0-255,7156,85387,70,268669
9480,0.000914,172.31.40.0-255,66,85453,70,268669
9481,0.000936,74.125.24.0-255,1484,86937,70,268669
9482,0.000939,172.31.40.0-255,66,87003,70,268669
9483,0.000959,74.125.24.0-255,1635,88638,70,268669
9484,0.000961,172.31.40.0-255,66,88704,70,268669
9485,0.001409,74.125.24.0-255,1484,90188,70,268669
9486,0.001414,172.31.40.0-255,66,90254,70,268669
9487,0.00142,74.125.24.0-255,2902,93156,70,268669
9488,0.001423,172.31.40.0-255,66,93222,70,268669
9489,0.001455,74.125.24.0-255,5738,98960,70,268669
9490,0.00146,74.125.24.0-255,4320,103280,70,268669
9491,0.001463,172.31.40.0-255,66,103346,70,268669
9492,0.001469,172.31.40.0-255,66,103412,70,268669
9493,0.001487,74.125.24.0-255,5738,109150,70,268669
9494,0.001493,74.125.24.0-255,4320,113470,70,268669
9495,0.001504,172.31.40.0-255,66,113536,70,268669
9496,0.001518,74.125.24.0-255,7156,120692,70,268669
9497,0.001521,74.125.24.0-255,2184,122876,70,268669
9498,0.001544,172.31.40.0-255,66,122942,70,268669
9499,0.002102,74.125.24.0-255,1484,124426,70,268669
9500,0.002107,172.31.40.0-255,66,124492,70,268669
9501,0.002115,74.125.24.0-255,2902,127394,70,268669
9502,0.002116,172.31.40.0-255,66,127460,70,268669
9503,0.002153,74.125.24.0-255,5738,133198,70,268669
9504,0.002156,172.31.40.0-255,66,133264,70,268669
9505,0.002161,74.125.24.0-255,2902,136166,70,268669
9506,0.002162,172.31.40.0-255,66,136232,70,268669
9507,0.002196,74.125.24.0-255,9992,146224,70,268669
9508,0.002198,172.31.40.0-255,66,146290,70,268669
9509,0.002204,74.125.24.0-255,5738,152028,70,268669
9510,0.002238,74.125.24.0-255,5020,157048,70,268669
9511,0.00252,74.125.24.0-255,1484,158532,70,268669
9512,0.002528,74.125.24.0-255,2902,161434,70,268669
9513,0.002545,74.125.24.0-255,2902,164336,70,268669
9514,0.005274,172.31.40.0-255,66,164402,70,268669
9515,0.007832,74.125.24.0-255,5738,170140,70,268669
9516,0.007844,172.31.40.0-255,66,170206,70,268669
9517,0.010396,74.125.24.0-255,5738,175944,70,268669
9518,0.010405,172.31.40.0-255,66,176010,70,268669
9519,0.01292,74.125.24.0-255,5738,181748,70,268669
9520,0.012929,172.31.40.0-255,66,181814,70,268669
9521,0.015462,74.125.24.0-255,5738,187552,70,268669
9522,0.01547,172.31.40.0-255,66,187618,70,268669
9523,0.017995,74.125.24.0-255,5738,193356,70,268669
9524,0.018005,172.31.40.0-255,66,193422,70,268669
9525,0.020495,74.125.24.0-255,5738,199160,70,268669
9526,0.020505,172.31.40.0-255,66,199226,70,268669
9527,0.023025,74.125.24.0-255,5738,204964,70,268669
9528,0.023034,172.31.40.0-255,66,205030,70,268669
9529,0.025568,74.125.24.0-255,5738,210768,70,268669
9530,0.025577,172.31.40.0-255,66,210834,70,268669
9531,0.028133,74.125.24.0-255,5738,216572,70,268669
9532,0.028139,172.31.40.0-255,66,216638,70,268669
9533,0.029321,172.31.40.0-255,171,216809,70,268669
9534,0.029356,172.31.40.0-255,1141,217950,70,268669
9535,0.029415,172.31.40.0-255,1514,219464,70,268669
9536,0.029416,172.31.40.0-255,1514,220978,70,268669
9537,0.029417,172.31.40.0-255,821,221799,70,268669
9538,0.030734,74.125.24.0-255,5738,227537,70,268669
9539,0.03074,172.31.40.0-255,66,227603,70,268669
9540,0.030903,104.244.42.0-255,66,227669,70,268669
9541,0.03091,104.244.42.0-255,66,227735,70,268669
9542,0.031008,104.244.42.0-255,66,227801,70,268669
9543,0.031013,104.244.42.0-255,66,227867,70,268669
9544,0.032138,104.244.42.0-255,108,227975,70,268669
9545,0.032145,172.31.40.0-255,66,228041,70,268669
9546,0.033303,74.125.24.0-255,5738,233779,70,268669
9547,0.033308,172.31.40.0-255,66,233845,70,268669
9548,0.035851,74.125.24.0-255,5738,239583,70,268669
9549,0.035858,172.31.40.0-255,66,239649,70,268669
9550,0.038408,74.125.24.0-255,5738,245387,70,268669
9551,0.038415,172.31.40.0-255,66,245453,70,268669
9552,0.040912,74.125.24.0-255,5738,251191,70,268669
9553,0.040923,172.31.40.0-255,66,251257,70,268669
9554,0.043474,74.125.24.0-255,5738,256995,70,268669
9555,0.043481,172.31.40.0-255,66,257061,70,268669
9556,0.045985,74.125.24.0-255,5738,262799,70,268669
9557,0.045991,172.31.40.0-255,66,262865,70,268669
9558,0.048482,74.125.24.0-255,5738,268603,70,268669
9559,0.048489,172.31.40.0-255,66,268669,70,268669
9560,0.0,74.125.24.0-255,153,153,70,240222
9561,2.6e-05,172.31.40.0-255,66,219,70,240222
9562,3.4e-05,74.125.24.0-255,1484,1703,70,240222
9563,3.8e-05,172.31.40.0-255,66,1769,70,240222
9564,4.4e-05,74.125.24.0-255,2902,4671,70,240222
9565,4.7e-05,172.31.40.0-255,66,4737,70,240222
9566,5.5e-05,74.125.24.0-255,7156,11893,70,240222
9567,5.9e-05,172.31.40.0-255,66,11959,70,240222
9568,6.3e-05,74.125.24.0-255,2067,14026,70,240222
9569,6.6e-05,172.31.40.0-255,66,14092,70,240222
9570,9.9e-05,74.125.24.0-255,8574,22666,70,240222
9571,0.000102,172.31.40.0-255,66,22732,70,240222
9572,0.000124,74.125.24.0-255,2902,25634,70,240222
9573,0.000126,172.31.40.0-255,66,25700,70,240222
9574,0.000142,172.31.40.0-255,66,25766,70,240222
9575,0.000178,74.125.24.0-255,10692,36458,70,240222
9576,0.00018,172.31.40.0-255,66,36524,70,240222
9577,0.00022,172.31.40.0-255,66,36590,70,240222
9578,0.000226,74.125.24.0-255,5650,42240,70,240222
9579,0.000228,172.31.40.0-255,66,42306,70,240222
9580,0.000483,74.125.24.0-255,135,42441,70,240222
9581,0.000488,172.31.40.0-255,66,42507,70,240222
9582,0.000626,74.125.24.0-255,1484,43991,70,240222
9583,0.00063,172.31.40.0-255,66,44057,70,240222
9584,0.000636,74.125.24.0-255,2902,46959,70,240222
9585,0.000638,172.31.40.0-255,66,47025,70,240222
9586,0.000641,74.125.24.0-255,1484,48509,70,240222
9587,0.000644,172.31.40.0-255,66,48575,70,240222
9588,0.000659,74.125.24.0-255,4320,52895,70,240222
9589,0.000665,74.125.24.0-255,4320,57215,70,240222
9590,0.000669,172.31.40.0-255,66,57281,70,240222
9591,0.000693,74.125.24.0-255,2543,59824,70,240222
9592,0.00071,74.125.24.0-255,2543,62367,70,240222
9593,0.000718,172.31.40.0-255,66,62433,70,240222
9594,0.000997,74.125.24.0-255,1484,63917,70,240222
9595,0.001003,74.125.24.0-255,2902,66819,70,240222
9596,0.00101,74.125.24.0-255,5738,72557,70,240222
9597,0.001018,74.125.24.0-255,8574,81131,70,240222
9598,0.001023,172.31.40.0-255,66,81197,70,240222
9599,0.001047,74.125.24.0-255,4320,85517,70,240222
9600,0.001056,74.125.24.0-255,9992,95509,70,240222
9601,0.001058,74.125.24.0-255,766,96275,70,240222
9602,0.001062,172.31.40.0-255,66,96341,70,240222
9603,0.001079,74.125.24.0-255,1484,97825,70,240222
9604,0.001105,74.125.24.0-255,4320,102145,70,240222
9605,0.001111,74.125.24.0-255,2902,105047,70,240222
9606,0.001129,74.125.24.0-255,5738,110785,70,240222
9607,0.001137,172.31.40.0-255,66,110851,70,240222
9608,0.001154,74.125.24.0-255,1484,112335,70,240222
9609,0.001162,74.125.24.0-255,7156,119491,70,240222
9610,0.001214,74.125.24.0-255,10692,130183,70,240222
9611,0.001219,172.31.40.0-255,66,130249,70,240222
9612,0.00133,74.125.24.0-255,1484,131733,70,240222
9613,0.001349,74.125.24.0-255,2902,134635,70,240222
9614,0.001355,74.125.24.0-255,5738,140373,70,240222
9615,0.001365,172.31.40.0-255,66,140439,70,240222
9616,0.001379,74.125.24.0-255,4320,144759,70,240222
9617,0.001404,74.125.24.0-255,8574,153333,70,240222
9618,0.001427,74.125.24.0-255,10692,164025,70,240222
9619,0.001431,172.31.40.0-255,66,164091,70,240222
9620,0.001447,172.31.40.0-255,66,164157,70,240222
9621,0.001491,74.125.24.0-255,1484,165641,70,240222
9622,0.001495,74.125.24.0-255,1484,167125,70,240222
9623,0.001505,74.125.24.0-255,1484,168609,70,240222
9624,0.00151,172.31.40.0-255,66,168675,70,240222
9625,0.001534,74.125.24.0-255,5738,174413,70,240222
9626,0.001543,74.125.24.0-255,9992,184405,70,240222
9627,0.001563,74.125.24.0-255,2902,187307,70,240222
9628,0.001567,74.125.24.0-255,2902,190209,70,240222
9629,0.001572,172.31.40.0-255,66,190275,70,240222
9630,0.001616,74.125.24.0-255,9992,200267,70,240222
9631,0.001622,172.31.40.0-255,66,200333,70,240222
9632,0.001669,74.125.24.0-255,9992,210325,70,240222
9633,0.001696,172.31.40.0-255,66,210391,70,240222
9634,0.001719,74.125.24.0-255,2184,212575,70,240222
9635,0.001746,172.31.40.0-255,66,212641,70,240222
9636,0.001775,74.125.24.0-255,2184,214825,70,240222
9637,0.001864,74.125.24.0-255,10692,225517,70,240222
9638,0.001898,74.125.24.0-255,8935,234452,70,240222
9639,0.001901,74.125.24.0-255,105,234557,70,240222
9640,0.001913,172.31.40.0-255,66,234623,70,240222
9641,0.009304,172.31.40.0-255,105,234728,70,240222
9642,0.01153,74.125.24.0-255,66,234794,70,240222
9643,0.037833,172.31.40.0-255,172,234966,70,240222
9644,0.037867,172.31.40.0-255,1118,236084,70,240222
9645,0.037921,172.31.40.0-255,1514,237598,70,240222
9646,0.037923,172.31.40.0-255,1514,239112,70,240222
9647,0.037949,172.31.40.0-255,846,239958,70,240222
9648,0.039385,104.244.42.0-255,66,240024,70,240222
9649,0.039398,104.244.42.0-255,66,240090,70,240222
9650,0.03948,104.244.42.0-255,66,240156,70,240222
9651,0.03951,104.244.42.0-255,66,240222,70,240222
9652,0.0,74.125.24.0-255,152,152,70,289246
9653,2.3e-05,172.31.40.0-255,66,218,70,289246
9654,3.1e-05,74.125.24.0-255,1484,1702,70,289246
9655,3.6e-05,172.31.40.0-255,66,1768,70,289246
9656,4.2e-05,74.125.24.0-255,2902,4670,70,289246
9657,4.5e-05,172.31.40.0-255,66,4736,70,289246
9658,5.4e-05,74.125.24.0-255,7156,11892,70,289246
9659,5.7e-05,172.31.40.0-255,66,11958,70,289246
9660,0.000106,74.125.24.0-255,9226,21184,70,289246
9661,0.00011,172.31.40.0-255,66,21250,70,289246
9662,0.00012,74.125.24.0-255,9633,30883,70,289246
9663,0.000123,172.31.40.0-255,66,30949,70,289246
9664,0.000382,74.125.24.0-255,1484,32433,70,289246
9665,0.000389,172.31.40.0-255,66,32499,70,289246
9666,0.000395,74.125.24.0-255,2902,35401,70,289246
9667,0.000397,172.31.40.0-255,66,35467,70,289246
9668,0.000427,74.125.24.0-255,5738,41205,70,289246
9669,0.000446,74.125.24.0-255,1484,42689,70,289246
9670,0.000451,172.31.40.0-255,66,42755,70,289246
9671,0.000458,172.31.40.0-255,66,42821,70,289246
9672,0.000465,74.125.24.0-255,5379,48200,70,289246
9673,0.000468,172.31.40.0-255,66,48266,70,289246
9674,0.000483,74.125.24.0-255,1484,49750,70,289246
9675,0.000486,172.31.40.0-255,66,49816,70,289246
9676,0.00049,74.125.24.0-255,1484,51300,70,289246
9677,0.000492,172.31.40.0-255,66,51366,70,289246
9678,0.000516,74.125.24.0-255,1484,52850,70,289246
9679,0.000519,172.31.40.0-255,66,52916,70,289246
9680,0.000525,74.125.24.0-255,5738,58654,70,289246
9681,0.000528,172.31.40.0-255,66,58720,70,289246
9682,0.000532,74.125.24.0-255,2902,61622,70,289246
9683,0.000534,172.31.40.0-255,66,61688,70,289246
9684,0.000561,74.125.24.0-255,3961,65649,70,289246
9685,0.000564,172.31.40.0-255,66,65715,70,289246
9686,0.000754,74.125.24.0-255,645,66360,70,289246
9687,0.001085,74.125.24.0-255,1484,67844,70,289246
9688,0.001095,172.31.40.0-255,66,67910,70,289246
9689,0.0011,74.125.24.0-255,2902,70812,70,289246
9690,0.001104,172.31.40.0-255,66,70878,70,289246
9691,0.001133,74.125.24.0-255,5738,76616,70,289246
9692,0.001136,172.31.40.0-255,66,76682,70,289246
9693,0.001145,74.125.24.0-255,6797,83479,70,289246
9694,0.001147,172.31.40.0-255,66,83545,70,289246
9695,0.00118,74.125.24.0-255,7156,90701,70,289246
9696,0.001183,172.31.40.0-255,66,90767,70,289246
9697,0.001189,74.125.24.0-255,5738,96505,70,289246
9698,0.001191,172.31.40.0-255,66,96571,70,289246
9699,0.001214,74.125.24.0-255,1484,98055,70,289246
9700,0.001236,74.125.24.0-255,2543,100598,70,289246
9701,0.001238,172.31.40.0-255,66,100664,70,289246
9702,0.001568,74.125.24.0-255,1484,102148,70,289246
9703,0.001591,74.125.24.0-255,2902,105050,70,289246
9704,0.001595,172.31.40.0-255,66,105116,70,289246
9705,0.001623,74.125.24.0-255,1484,106600,70,289246
9706,0.001637,74.125.24.0-255,4320,110920,70,289246
9707,0.001639,172.31.40.0-255,66,110986,70,289246
9708,0.001642,74.125.24.0-255,1484,112470,70,289246
9709,0.001659,74.125.24.0-255,2902,115372,70,289246
9710,0.001661,172.31.40.0-255,66,115438,70,289246
9711,0.001691,74.125.24.0-255,9992,125430,70,289246
9712,0.001693,172.31.40.0-255,66,125496,70,289246
9713,0.001701,74.125.24.0-255,8574,134070,70,289246
9714,0.001703,172.31.40.0-255,66,134136,70,289246
9715,0.00171,74.125.24.0-255,5738,139874,70,289246
9716,0.001713,172.31.40.0-255,66,139940,70,289246
9717,0.001753,172.31.40.0-255,66,140006,70,289246
9718,0.001769,172.31.40.0-255,66,140072,70,289246
9719,0.002052,74.125.24.0-255,1484,141556,70,289246
9720,0.00206,74.125.24.0-255,2902,144458,70,289246
9721,0.002065,172.31.40.0-255,66,144524,70,289246
9722,0.002072,74.125.24.0-255,5738,150262,70,289246
9723,0.002074,172.31.40.0-255,66,150328,70,289246
9724,0.004111,74.125.24.0-255,5738,156066,70,289246
9725,0.004119,172.31.40.0-255,66,156132,70,289246
9726,0.006162,74.125.24.0-255,5738,161870,70,289246
9727,0.006168,172.31.40.0-255,66,161936,70,289246
9728,0.008225,74.125.24.0-255,5738,167674,70,289246
9729,0.00823,172.31.40.0-255,66,167740,70,289246
9730,0.010274,74.125.24.0-255,5738,173478,70,289246
9731,0.010282,172.31.40.0-255,66,173544,70,289246
9732,0.012338,74.125.24.0-255,5738,179282,70,289246
9733,0.012347,172.31.40.0-255,66,179348,70,289246
9734,0.01439,74.125.24.0-255,5738,185086,70,289246
9735,0.0144,172.31.40.0-255,66,185152,70,289246
9736,0.016466,74.125.24.0-255,5738,190890,70,289246
9737,0.016475,172.31.40.0-255,66,190956,70,289246
9738,0.018492,74.125.24.0-255,5738,196694,70,289246
9739,0.018499,172.31.40.0-255,66,196760,70,289246
9740,0.020587,74.125.24.0-255,5738,202498,70,289246
9741,0.020599,172.31.40.0-255,66,202564,70,289246
9742,0.022652,74.125.24.0-255,5738,208302,70,289246
9743,0.02266,172.31.40.0-255,66,208368,70,289246
9744,0.024696,74.125.24.0-255,5738,214106,70,289246
9745,0.024706,172.31.40.0-255,66,214172,70,289246
9746,0.026752,74.125.24.0-255,5738,219910,70,289246
9747,0.026761,172.31.40.0-255,66,219976,70,289246
9748,0.02882,74.125.24.0-255,5738,225714,70,289246
9749,0.028829,172.31.40.0-255,66,225780,70,289246
9750,0.030896,74.125.24.0-255,5738,231518,70,289246
9751,0.030915,172.31.40.0-255,66,231584,70,289246
9752,0.032986,74.125.24.0-255,5738,237322,70,289246
9753,0.033001,172.31.40.0-255,66,237388,70,289246
9754,0.035075,74.125.24.0-255,5738,243126,70,289246
9755,0.035091,172.31.40.0-255,66,243192,70,289246
9756,0.037153,74.125.24.0-255,5738,248930,70,289246
9757,0.037167,172.31.40.0-255,66,248996,70,289246
9758,0.039215,74.125.24.0-255,5738,254734,70,289246
9759,0.039223,172.31.40.0-255,66,254800,70,289246
9760,0.041312,74.125.24.0-255,5738,260538,70,289246
9761,0.041332,172.31.40.0-255,66,260604,70,289246
9762,0.04339,74.125.24.0-255,5738,266342,70,289246
9763,0.0434,172.31.40.0-255,66,266408,70,289246
9764,0.044482,172.31.40.0-255,172,266580,70,289246
9765,0.044517,172.31.40.0-255,1119,267699,70,289246
9766,0.044759,172.31.40.0-255,1514,269213,70,289246
9767,0.044762,172.31.40.0-255,1514,270727,70,289246
9768,0.044786,172.31.40.0-255,843,271570,70,289246
9769,0.045424,74.125.24.0-255,5738,277308,70,289246
9770,0.045432,172.31.40.0-255,66,277374,70,289246
9771,0.046057,104.244.42.0-255,66,277440,70,289246
9772,0.046099,104.244.42.0-255,66,277506,70,289246
9773,0.046302,104.244.42.0-255,66,277572,70,289246
9774,0.046361,104.244.42.0-255,66,277638,70,289246
9775,0.047478,74.125.24.0-255,5738,283376,70,289246
9776,0.047486,172.31.40.0-255,66,283442,70,289246
9777,0.049554,74.125.24.0-255,5738,289180,70,289246
9778,0.049572,172.31.40.0-255,66,289246,70,289246
9779,0.0,172.217.194.0-255,152,152,70,234582
9780,1.8e-05,172.31.40.0-255,66,218,70,234582
9781,2.5e-05,172.217.194.0-255,1484,1702,70,234582
9782,2.9e-05,172.31.40.0-255,66,1768,70,234582
9783,4.2e-05,172.217.194.0-255,2902,4670,70,234582
9784,4.6e-05,172.31.40.0-255,66,4736,70,234582
9785,8.3e-05,172.217.194.0-255,7156,11892,70,234582
9786,8.6e-05,172.31.40.0-255,66,11958,70,234582
9787,0.000171,172.217.194.0-255,2133,14091,70,234582
9788,0.000175,172.31.40.0-255,66,14157,70,234582
9789,0.000215,172.217.194.0-255,8574,22731,70,234582
9790,0.000218,172.31.40.0-255,66,22797,70,234582
9791,0.000249,172.217.194.0-255,2902,25699,70,234582
9792,0.000252,172.31.40.0-255,66,25765,70,234582
9793,0.000376,172.217.194.0-255,8574,34339,70,234582
9794,0.000382,172.31.40.0-255,66,34405,70,234582
9795,0.000497,172.217.194.0-255,2902,37307,70,234582
9796,0.000502,172.31.40.0-255,66,37373,70,234582
9797,0.000531,172.217.194.0-255,10692,48065,70,234582
9798,0.000537,172.31.40.0-255,66,48131,70,234582
9799,0.000705,172.217.194.0-255,5738,53869,70,234582
9800,0.00071,172.31.40.0-255,66,53935,70,234582
9801,0.000742,172.31.40.0-255,66,54001,70,234582
9802,0.000922,172.217.194.0-255,379,54380,70,234582
9803,0.000926,172.31.40.0-255,66,54446,70,234582
9804,0.000964,172.31.40.0-255,66,54512,70,234582
9805,0.000987,172.217.194.0-255,5379,59891,70,234582
9806,0.001014,172.31.40.0-255,66,59957,70,234582
9807,0.001229,172.217.194.0-255,5738,65695,70,234582
9808,0.001233,172.31.40.0-255,66,65761,70,234582
9809,0.001267,172.217.194.0-255,8215,73976,70,234582
9810,0.00127,172.31.40.0-255,66,74042,70,234582
9811,0.001574,172.217.194.0-255,1484,75526,70,234582
9812,0.001584,172.217.194.0-255,2902,78428,70,234582
9813,0.001587,172.31.40.0-255,66,78494,70,234582
9814,0.00162,172.217.194.0-255,5738,84232,70,234582
9815,0.001622,172.31.40.0-255,66,84298,70,234582
9816,0.001698,172.217.194.0-255,4320,88618,70,234582
9817,0.001702,172.31.40.0-255,66,88684,70,234582
9818,0.00173,172.217.194.0-255,8574,97258,70,234582
9819,0.001733,172.31.40.0-255,66,97324,70,234582
9820,0.001883,172.217.194.0-255,5738,103062,70,234582
9821,0.001888,172.31.40.0-255,66,103128,70,234582
9822,0.001922,172.217.194.0-255,5020,108148,70,234582
9823,0.001924,172.31.40.0-255,66,108214,70,234582
9824,0.004211,172.217.194.0-255,5738,113952,70,234582
9825,0.004219,172.31.40.0-255,66,114018,70,234582
9826,0.006509,172.217.194.0-255,5738,119756,70,234582
9827,0.006515,172.31.40.0-255,66,119822,70,234582
9828,0.008799,172.217.194.0-255,5738,125560,70,234582
9829,0.008806,172.31.40.0-255,66,125626,70,234582
9830,0.011074,172.217.194.0-255,5738,131364,70,234582
9831,0.011083,172.31.40.0-255,66,131430,70,234582
9832,0.013358,172.217.194.0-255,5738,137168,70,234582
9833,0.013365,172.31.40.0-255,66,137234,70,234582
9834,0.015641,172.217.194.0-255,5738,142972,70,234582
9835,0.015651,172.31.40.0-255,66,143038,70,234582
9836,0.01795,172.217.194.0-255,5738,148776,70,234582
9837,0.017961,172.31.40.0-255,66,148842,70,234582
9838,0.020261,172.217.194.0-255,5738,154580,70,234582
9839,0.020268,172.31.40.0-255,66,154646,70,234582
9840,0.022544,172.217.194.0-255,5738,160384,70,234582
9841,0.022553,172.31.40.0-255,66,160450,70,234582
9842,0.024833,172.217.194.0-255,5738,166188,70,234582
9843,0.024841,172.31.40.0-255,66,166254,70,234582
9844,0.027141,172.217.194.0-255,5738,171992,70,234582
9845,0.027148,172.31.40.0-255,66,172058,70,234582
9846,0.028969,172.31.40.0-255,176,172234,70,234582
9847,0.028999,172.31.40.0-255,1119,173353,70,234582
9848,0.029063,172.31.40.0-255,1514,174867,70,234582
9849,0.029065,172.31.40.0-255,1514,176381,70,234582
9850,0.02907,172.31.40.0-255,1514,177895,70,234582
9851,0.029071,172.31.40.0-255,1514,179409,70,234582
9852,0.02909,172.31.40.0-255,1514,180923,70,234582
9853,0.029091,172.31.40.0-255,1159,182082,70,234582
9854,0.029452,172.217.194.0-255,5738,187820,70,234582
9855,0.029459,172.31.40.0-255,66,187886,70,234582
9856,0.030502,104.244.42.0-255,66,187952,70,234582
9857,0.03055,104.244.42.0-255,66,188018,70,234582
9858,0.030649,104.244.42.0-255,66,188084,70,234582
9859,0.030656,104.244.42.0-255,66,188150,70,234582
9860,0.031743,172.217.194.0-255,5738,193888,70,234582
9861,0.03175,172.31.40.0-255,66,193954,70,234582
9862,0.034021,172.217.194.0-255,5738,199692,70,234582
9863,0.034029,172.31.40.0-255,66,199758,70,234582
9864,0.036321,172.217.194.0-255,5738,205496,70,234582
9865,0.03633,172.31.40.0-255,66,205562,70,234582
9866,0.038619,172.217.194.0-255,5738,211300,70,234582
9867,0.038628,172.31.40.0-255,66,211366,70,234582
9868,0.040917,172.217.194.0-255,5738,217104,70,234582
9869,0.040931,172.31.40.0-255,66,217170,70,234582
9870,0.043259,172.217.194.0-255,5738,222908,70,234582
9871,0.043267,172.31.40.0-255,66,222974,70,234582
9872,0.045566,172.217.194.0-255,5738,228712,70,234582
9873,0.045576,172.31.40.0-255,66,228778,70,234582
9874,0.047889,172.217.194.0-255,5738,234516,70,234582
9875,0.047905,172.31.40.0-255,66,234582,70,234582
9876,0.0,172.217.194.0-255,297,297,70,353240
9877,1.7e-05,172.31.40.0-255,66,363,70,353240
9878,2.4e-05,172.217.194.0-255,1484,1847,70,353240
9879,2.8e-05,172.31.40.0-255,66,1913,70,353240
9880,7.9e-05,172.217.194.0-255,4320,6233,70,353240
9881,8.3e-05,172.31.40.0-255,66,6299,70,353240
9882,0.000122,172.217.194.0-255,2902,9201,70,353240
9883,0.000124,172.31.40.0-255,66,9267,70,353240
9884,0.000155,172.217.194.0-255,6223,15490,70,353240
9885,0.000158,172.31.40.0-255,66,15556,70,353240
9886,0.000165,172.217.194.0-255,5738,21294,70,353240
9887,0.000167,172.31.40.0-255,66,21360,70,353240
9888,0.000198,172.217.194.0-255,9633,30993,70,353240
9889,0.0002,172.31.40.0-255,66,31059,70,353240
9890,0.000209,172.217.194.0-255,8574,39633,70,353240
9891,0.000212,172.31.40.0-255,66,39699,70,353240
9892,0.000234,172.217.194.0-255,7156,46855,70,353240
9893,0.000241,172.31.40.0-255,66,46921,70,353240
9894,0.000244,172.217.194.0-255,1125,48046,70,353240
9895,0.000246,172.31.40.0-255,66,48112,70,353240
9896,0.000675,172.217.194.0-255,1484,49596,70,353240
9897,0.00068,172.31.40.0-255,66,49662,70,353240
9898,0.000686,172.217.194.0-255,2902,52564,70,353240
9899,0.000688,172.31.40.0-255,66,52630,70,353240
9900,0.000699,172.217.194.0-255,5738,58368,70,353240
9901,0.000701,172.31.40.0-255,66,58434,70,353240
9902,0.000727,172.217.194.0-255,4320,62754,70,353240
9903,0.00073,172.31.40.0-255,66,62820,70,353240
9904,0.000749,172.217.194.0-255,3124,65944,70,353240
9905,0.000751,172.31.40.0-255,66,66010,70,353240
9906,0.000791,172.217.194.0-255,1484,67494,70,353240
9907,0.000794,172.31.40.0-255,66,67560,70,353240
9908,0.000807,172.217.194.0-255,2902,70462,70,353240
9909,0.000813,172.31.40.0-255,66,70528,70,353240
9910,0.000821,172.217.194.0-255,5738,76266,70,353240
9911,0.000824,172.31.40.0-255,66,76332,70,353240
9912,0.000829,172.217.194.0-255,2902,79234,70,353240
9913,0.000832,172.31.40.0-255,66,79300,70,353240
9914,0.000872,172.217.194.0-255,5738,85038,70,353240
9915,0.000875,172.31.40.0-255,66,85104,70,353240
9916,0.000886,172.217.194.0-255,9992,95096,70,353240
9917,0.000888,172.31.40.0-255,66,95162,70,353240
9918,0.000907,172.31.40.0-255,66,95228,70,353240
9919,0.000935,172.217.194.0-255,4320,99548,70,353240
9920,0.000938,172.31.40.0-255,66,99614,70,353240
9921,0.000969,172.217.194.0-255,4714,104328,70,353240
9922,0.000973,172.31.40.0-255,66,104394,70,353240
9923,0.001037,172.217.194.0-255,198,104592,70,353240
9924,0.001262,172.217.194.0-255,1484,106076,70,353240
9925,0.001265,172.217.194.0-255,1484,107560,70,353240
9926,0.00127,172.31.40.0-255,66,107626,70,353240
9927,0.001279,172.217.194.0-255,1484,109110,70,353240
9928,0.001281,172.31.40.0-255,66,109176,70,353240
9929,0.001292,172.217.194.0-255,5738,114914,70,353240
9930,0.001294,172.31.40.0-255,66,114980,70,353240
9931,0.001338,172.31.40.0-255,66,115046,70,353240
9932,0.001349,172.217.194.0-255,10692,125738,70,353240
9933,0.001351,172.31.40.0-255,66,125804,70,353240
9934,0.00194,172.217.194.0-255,1484,127288,70,353240
9935,0.001946,172.217.194.0-255,1484,128772,70,353240
9936,0.001949,172.31.40.0-255,66,128838,70,353240
9937,0.001979,172.217.194.0-255,1484,130322,70,353240
9938,0.001986,172.217.194.0-255,5738,136060,70,353240
9939,0.001988,172.31.40.0-255,66,136126,70,353240
9940,0.001993,172.217.194.0-255,2902,139028,70,353240
9941,0.001995,172.31.40.0-255,66,139094,70,353240
9942,0.002036,172.217.194.0-255,9992,149086,70,353240
9943,0.00204,172.217.194.0-255,2902,151988,70,353240
9944,0.002044,172.31.40.0-255,66,152054,70,353240
9945,0.002047,172.31.40.0-255,66,152120,70,353240
9946,0.002081,172.217.194.0-255,5738,157858,70,353240
9947,0.002084,172.31.40.0-255,66,157924,70,353240
9948,0.002099,172.217.194.0-255,2184,160108,70,353240
9949,0.002101,172.31.40.0-255,66,160174,70,353240
9950,0.002151,172.217.194.0-255,1484,161658,70,353240
9951,0.002157,172.217.194.0-255,2902,164560,70,353240
9952,0.002159,172.31.40.0-255,66,164626,70,353240
9953,0.002195,172.217.194.0-255,1484,166110,70,353240
9954,0.002237,172.217.194.0-255,4320,170430,70,353240
9955,0.00224,172.31.40.0-255,66,170496,70,353240
9956,0.002258,172.31.40.0-255,66,170562,70,353240
9957,0.002268,172.217.194.0-255,10692,181254,70,353240
9958,0.00227,172.31.40.0-255,66,181320,70,353240
9959,0.002324,172.217.194.0-255,1484,182804,70,353240
9960,0.002331,172.217.194.0-255,2902,185706,70,353240
9961,0.002333,172.31.40.0-255,66,185772,70,353240
9962,0.00234,172.217.194.0-255,5738,191510,70,353240
9963,0.002342,172.31.40.0-255,66,191576,70,353240
9964,0.002362,172.217.194.0-255,4320,195896,70,353240
9965,0.002364,172.31.40.0-255,66,195962,70,353240
9966,0.002402,172.217.194.0-255,8574,204536,70,353240
9967,0.002406,172.31.40.0-255,66,204602,70,353240
9968,0.002416,172.217.194.0-255,10692,215294,70,353240
9969,0.002422,172.31.40.0-255,66,215360,70,353240
9970,0.002494,172.217.194.0-255,1484,216844,70,353240
9971,0.0025,172.217.194.0-255,2902,219746,70,353240
9972,0.002502,172.31.40.0-255,66,219812,70,353240
9973,0.002533,172.217.194.0-255,5738,225550,70,353240
9974,0.002535,172.31.40.0-255,66,225616,70,353240
9975,0.002538,172.217.194.0-255,1484,227100,70,353240
9976,0.002563,172.217.194.0-255,9992,237092,70,353240
9977,0.002565,172.31.40.0-255,66,237158,70,353240
9978,0.002594,172.217.194.0-255,1484,238642,70,353240
9979,0.002605,172.217.194.0-255,10692,249334,70,353240
9980,0.002608,172.31.40.0-255,66,249400,70,353240
9981,0.002612,172.217.194.0-255,2902,252302,70,353240
9982,0.002614,172.31.40.0-255,66,252368,70,353240
9983,0.002639,172.217.194.0-255,8574,260942,70,353240
9984,0.002646,172.31.40.0-255,66,261008,70,353240
9985,0.002684,172.31.40.0-255,66,261074,70,353240
9986,0.005244,172.217.194.0-255,5738,266812,70,353240
9987,0.005251,172.31.40.0-255,66,266878,70,353240
9988,0.007785,172.217.194.0-255,5738,272616,70,353240
9989,0.007792,172.31.40.0-255,66,272682,70,353240
9990,0.01036,172.217.194.0-255,5738,278420,70,353240
9991,0.010376,172.31.40.0-255,66,278486,70,353240
9992,0.01294,172.217.194.0-255,5738,284224,70,353240
9993,0.012956,172.31.40.0-255,66,284290,70,353240
9994,0.015506,172.217.194.0-255,4320,288610,70,353240
9995,0.015512,172.31.40.0-255,66,288676,70,353240
9996,0.01554,172.217.194.0-255,1484,290160,70,353240
9997,0.018064,172.217.194.0-255,4320,294480,70,353240
9998,0.018072,172.31.40.0-255,66,294546,70,353240
9999,0.020646,172.217.194.0-255,5738,300284,70,353240
10000,0.020655,172.31.40.0-255,66,300350,70,353240
10001,0.023218,172.217.194.0-255,5738,306088,70,353240
10002,0.023226,172.31.40.0-255,66,306154,70,353240
10003,0.025756,172.217.194.0-255,5738,311892,70,353240
10004,0.025766,172.31.40.0-255,66,311958,70,353240
10005,0.028365,172.217.194.0-255,5738,317696,70,353240
10006,0.028372,172.31.40.0-255,66,317762,70,353240
10007,0.030899,172.217.194.0-255,5738,323500,70,353240
10008,0.030906,172.31.40.0-255,66,323566,70,353240
10009,0.033459,172.217.194.0-255,5738,329304,70,353240
10010,0.033465,172.31.40.0-255,66,329370,70,353240
10011,0.033872,172.31.40.0-255,172,329542,70,353240
10012,0.0339,172.31.40.0-255,1113,330655,70,353240
10013,0.033981,172.31.40.0-255,1514,332169,70,353240
10014,0.033984,172.31.40.0-255,1331,333500,70,353240
10015,0.036053,172.217.194.0-255,5738,339238,70,353240
10016,0.03606,172.31.40.0-255,66,339304,70,353240
10017,0.036181,104.244.42.0-255,66,339370,70,353240
10018,0.038665,172.217.194.0-255,5738,345108,70,353240
10019,0.038672,172.31.40.0-255,66,345174,70,353240
10020,0.041265,172.217.194.0-255,5738,350912,70,353240
10021,0.041271,172.31.40.0-255,66,350978,70,353240
10022,0.043852,172.217.194.0-255,2025,353003,70,353240
10023,0.043859,172.31.40.0-255,66,353069,70,353240
10024,0.044023,172.31.40.0-255,105,353174,70,353240
10025,0.046549,172.217.194.0-255,66,353240,70,353240
10026,0.0,74.125.200.0-255,152,152,70,343434
10027,2.3e-05,172.31.40.0-255,66,218,70,343434
10028,3e-05,74.125.200.0-255,1484,1702,70,343434
10029,3.4e-05,172.31.40.0-255,66,1768,70,343434
10030,4.9e-05,74.125.200.0-255,2902,4670,70,343434
10031,5.4e-05,172.31.40.0-255,66,4736,70,343434
10032,6.1e-05,74.125.200.0-255,7156,11892,70,343434
10033,6.4e-05,172.31.40.0-255,66,11958,70,343434
10034,6.8e-05,74.125.200.0-255,1972,13930,70,343434
10035,7e-05,172.31.40.0-255,66,13996,70,343434
10036,7.5e-05,74.125.200.0-255,2902,16898,70,343434
10037,7.7e-05,172.31.40.0-255,66,16964,70,343434
10038,8.4e-05,74.125.200.0-255,5738,22702,70,343434
10039,8.6e-05,172.31.40.0-255,66,22768,70,343434
10040,0.000107,74.125.200.0-255,1484,24252,70,343434
10041,0.000109,172.31.40.0-255,66,24318,70,343434
10042,0.000114,74.125.200.0-255,2902,27220,70,343434
10043,0.000121,172.31.40.0-255,66,27286,70,343434
10044,0.000147,74.125.200.0-255,3961,31247,70,343434
10045,0.00015,172.31.40.0-255,66,31313,70,343434
10046,0.00018,74.125.200.0-255,4320,35633,70,343434
10047,0.000183,172.31.40.0-255,66,35699,70,343434
10048,0.000186,74.125.200.0-255,1484,37183,70,343434
10049,0.000188,172.31.40.0-255,66,37249,70,343434
10050,0.000223,74.125.200.0-255,1484,38733,70,343434
10051,0.000225,172.31.40.0-255,66,38799,70,343434
10052,0.000231,74.125.200.0-255,4320,43119,70,343434
10053,0.000233,172.31.40.0-255,66,43185,70,343434
10054,0.000269,74.125.200.0-255,5379,48564,70,343434
10055,0.000272,172.31.40.0-255,66,48630,70,343434
10056,0.000565,74.125.200.0-255,1484,50114,70,343434
10057,0.00057,172.31.40.0-255,66,50180,70,343434
10058,0.000593,74.125.200.0-255,2902,53082,70,343434
10059,0.000597,172.31.40.0-255,66,53148,70,343434
10060,0.000604,74.125.200.0-255,5738,58886,70,343434
10061,0.000607,172.31.40.0-255,66,58952,70,343434
10062,0.000611,74.125.200.0-255,4320,63272,70,343434
10063,0.000613,172.31.40.0-255,66,63338,70,343434
10064,0.000678,74.125.200.0-255,2543,65881,70,343434
10065,0.000681,172.31.40.0-255,66,65947,70,343434
10066,0.000707,74.125.200.0-255,1484,67431,70,343434
10067,0.000714,74.125.200.0-255,2902,70333,70,343434
10068,0.000716,172.31.40.0-255,66,70399,70,343434
10069,0.00072,74.125.200.0-255,1484,71883,70,343434
10070,0.000744,74.125.200.0-255,4320,76203,70,343434
10071,0.000747,172.31.40.0-255,66,76269,70,343434
10072,0.000755,74.125.200.0-255,6797,83066,70,343434
10073,0.000757,172.31.40.0-255,66,83132,70,343434
10074,0.000782,74.125.200.0-255,7156,90288,70,343434
10075,0.000784,172.31.40.0-255,66,90354,70,343434
10076,0.000823,74.125.200.0-255,10215,100569,70,343434
10077,0.000826,172.31.40.0-255,66,100635,70,343434
10078,0.000851,74.125.200.0-255,5738,106373,70,343434
10079,0.000854,172.31.40.0-255,66,106439,70,343434
10080,0.000888,74.125.200.0-255,7156,113595,70,343434
10081,0.000891,172.31.40.0-255,66,113661,70,343434
10082,0.000896,74.125.200.0-255,3295,116956,70,343434
10083,0.000898,172.31.40.0-255,66,117022,70,343434
10084,0.001406,74.125.200.0-255,198,117220,70,343434
10085,0.001633,74.125.200.0-255,1484,118704,70,343434
10086,0.001638,172.31.40.0-255,66,118770,70,343434
10087,0.001644,74.125.200.0-255,2902,121672,70,343434
10088,0.001646,172.31.40.0-255,66,121738,70,343434
10089,0.001649,74.125.200.0-255,1484,123222,70,343434
10090,0.00167,74.125.200.0-255,4320,127542,70,343434
10091,0.001673,172.31.40.0-255,66,127608,70,343434
10092,0.001678,74.125.200.0-255,4320,131928,70,343434
10093,0.00168,172.31.40.0-255,66,131994,70,343434
10094,0.001683,74.125.200.0-255,1484,133478,70,343434
10095,0.001714,74.125.200.0-255,4320,137798,70,343434
10096,0.001716,172.31.40.0-255,66,137864,70,343434
10097,0.001722,74.125.200.0-255,4320,142184,70,343434
10098,0.001724,172.31.40.0-255,66,142250,70,343434
10099,0.001763,74.125.200.0-255,7156,149406,70,343434
10100,0.001766,172.31.40.0-255,66,149472,70,343434
10101,0.00177,74.125.200.0-255,2184,151656,70,343434
10102,0.001772,172.31.40.0-255,66,151722,70,343434
10103,0.001993,74.125.200.0-255,1484,153206,70,343434
10104,0.001998,74.125.200.0-255,1484,154690,70,343434
10105,0.002001,172.31.40.0-255,66,154756,70,343434
10106,0.002028,74.125.200.0-255,1484,156240,70,343434
10107,0.002034,74.125.200.0-255,5738,161978,70,343434
10108,0.002038,74.125.200.0-255,2902,164880,70,343434
10109,0.002043,172.31.40.0-255,66,164946,70,343434
10110,0.002046,172.31.40.0-255,66,165012,70,343434
10111,0.002071,74.125.200.0-255,4320,169332,70,343434
10112,0.002074,172.31.40.0-255,66,169398,70,343434
10113,0.002084,74.125.200.0-255,9992,179390,70,343434
10114,0.002086,172.31.40.0-255,66,179456,70,343434
10115,0.002122,74.125.200.0-255,4320,183776,70,343434
10116,0.002126,172.31.40.0-255,66,183842,70,343434
10117,0.00213,74.125.200.0-255,2184,186026,70,343434
10118,0.002132,172.31.40.0-255,66,186092,70,343434
10119,0.002189,74.125.200.0-255,1484,187576,70,343434
10120,0.002194,74.125.200.0-255,2902,190478,70,343434
10121,0.002196,172.31.40.0-255,66,190544,70,343434
10122,0.002218,74.125.200.0-255,5738,196282,70,343434
10123,0.00222,172.31.40.0-255,66,196348,70,343434
10124,0.002224,74.125.200.0-255,2902,199250,70,343434
10125,0.002226,172.31.40.0-255,66,199316,70,343434
10126,0.002251,74.125.200.0-255,4320,203636,70,343434
10127,0.002253,172.31.40.0-255,66,203702,70,343434
10128,0.002256,74.125.200.0-255,1484,205186,70,343434
10129,0.002284,74.125.200.0-255,7156,212342,70,343434
10130,0.002287,172.31.40.0-255,66,212408,70,343434
10131,0.002293,74.125.200.0-255,7156,219564,70,343434
10132,0.002295,172.31.40.0-255,66,219630,70,343434
10133,0.002297,74.125.200.0-255,766,220396,70,343434
10134,0.002889,172.31.40.0-255,66,220462,70,343434
10135,0.00457,74.125.200.0-255,4320,224782,70,343434
10136,0.004589,172.31.40.0-255,66,224848,70,343434
10137,0.005171,74.125.200.0-255,1484,226332,70,343434
10138,0.006864,74.125.200.0-255,4320,230652,70,343434
10139,0.006871,172.31.40.0-255,66,230718,70,343434
10140,0.009166,74.125.200.0-255,5738,236456,70,343434
10141,0.009172,172.31.40.0-255,66,236522,70,343434
10142,0.011464,74.125.200.0-255,5738,242260,70,343434
10143,0.011473,172.31.40.0-255,66,242326,70,343434
10144,0.013805,74.125.200.0-255,5738,248064,70,343434
10145,0.013814,172.31.40.0-255,66,248130,70,343434
10146,0.016116,74.125.200.0-255,5738,253868,70,343434
10147,0.016126,172.31.40.0-255,66,253934,70,343434
10148,0.018442,74.125.200.0-255,5738,259672,70,343434
10149,0.018462,172.31.40.0-255,66,259738,70,343434
10150,0.020767,74.125.200.0-255,5738,265476,70,343434
10151,0.020781,172.31.40.0-255,66,265542,70,343434
10152,0.023091,74.125.200.0-255,5738,271280,70,343434
10153,0.023105,172.31.40.0-255,66,271346,70,343434
10154,0.0254,74.125.200.0-255,5738,277084,70,343434
10155,0.025413,172.31.40.0-255,66,277150,70,343434
10156,0.027706,74.125.200.0-255,5738,282888,70,343434
10157,0.027715,172.31.40.0-255,66,282954,70,343434
10158,0.030017,74.125.200.0-255,5738,288692,70,343434
10159,0.030025,172.31.40.0-255,66,288758,70,343434
10160,0.032327,74.125.200.0-255,5738,294496,70,343434
10161,0.03234,172.31.40.0-255,66,294562,70,343434
10162,0.034647,74.125.200.0-255,5738,300300,70,343434
10163,0.034664,172.31.40.0-255,66,300366,70,343434
10164,0.036956,74.125.200.0-255,5738,306104,70,343434
10165,0.036964,172.31.40.0-255,66,306170,70,343434
10166,0.039275,74.125.200.0-255,5738,311908,70,343434
10167,0.039282,172.31.40.0-255,66,311974,70,343434
10168,0.041576,74.125.200.0-255,5738,317712,70,343434
10169,0.041585,172.31.40.0-255,66,317778,70,343434
10170,0.043896,74.125.200.0-255,5738,323516,70,343434
10171,0.043913,172.31.40.0-255,66,323582,70,343434
10172,0.045333,172.31.40.0-255,172,323754,70,343434
10173,0.045359,172.31.40.0-255,1117,324871,70,343434
10174,0.045415,172.31.40.0-255,1514,326385,70,343434
10175,0.045417,172.31.40.0-255,1514,327899,70,343434
10176,0.045418,172.31.40.0-255,1514,329413,70,343434
10177,0.045419,172.31.40.0-255,1514,330927,70,343434
10178,0.045444,172.31.40.0-255,635,331562,70,343434
10179,0.046214,74.125.200.0-255,5738,337300,70,343434
10180,0.046222,172.31.40.0-255,66,337366,70,343434
10181,0.046896,104.244.42.0-255,66,337432,70,343434
10182,0.046903,104.244.42.0-255,66,337498,70,343434
10183,0.046995,104.244.42.0-255,66,337564,70,343434
10184,0.047,104.244.42.0-255,66,337630,70,343434
10185,0.048525,74.125.200.0-255,5738,343368,70,343434
10186,0.048536,172.31.40.0-255,66,343434,70,343434
10187,0.0,74.125.130.0-255,153,153,70,306252
10188,1.7e-05,172.31.40.0-255,66,219,70,306252
10189,2.4e-05,74.125.130.0-255,1484,1703,70,306252
10190,2.9e-05,172.31.40.0-255,66,1769,70,306252
10191,3.6e-05,74.125.130.0-255,2902,4671,70,306252
10192,3.9e-05,172.31.40.0-255,66,4737,70,306252
10193,4.2e-05,74.125.130.0-255,1484,6221,70,306252
10194,4.5e-05,172.31.40.0-255,66,6287,70,306252
10195,7e-05,74.125.130.0-255,2902,9189,70,306252
10196,7.4e-05,172.31.40.0-255,66,9255,70,306252
10197,8e-05,74.125.130.0-255,4965,14220,70,306252
10198,8.2e-05,172.31.40.0-255,66,14286,70,306252
10199,0.000341,74.125.130.0-255,1484,15770,70,306252
10200,0.000347,172.31.40.0-255,66,15836,70,306252
10201,0.000353,74.125.130.0-255,2902,18738,70,306252
10202,0.000355,172.31.40.0-255,66,18804,70,306252
10203,0.000359,74.125.130.0-255,2902,21706,70,306252
10204,0.000362,172.31.40.0-255,66,21772,70,306252
10205,0.000382,74.125.130.0-255,2902,24674,70,306252
10206,0.000385,172.31.40.0-255,66,24740,70,306252
10207,0.000388,74.125.130.0-255,1484,26224,70,306252
10208,0.00039,172.31.40.0-255,66,26290,70,306252
10209,0.000394,74.125.130.0-255,2902,29192,70,306252
10210,0.000396,172.31.40.0-255,66,29258,70,306252
10211,0.000444,74.125.130.0-255,6797,36055,70,306252
10212,0.000447,172.31.40.0-255,66,36121,70,306252
10213,0.000451,74.125.130.0-255,2902,39023,70,306252
10214,0.000453,172.31.40.0-255,66,39089,70,306252
10215,0.000467,74.125.130.0-255,2902,41991,70,306252
10216,0.000469,172.31.40.0-255,66,42057,70,306252
10217,0.000497,74.125.130.0-255,8574,50631,70,306252
10218,0.000499,172.31.40.0-255,66,50697,70,306252
10219,0.000502,74.125.130.0-255,1484,52181,70,306252
10220,0.000508,74.125.130.0-255,2902,55083,70,306252
10221,0.00051,172.31.40.0-255,66,55149,70,306252
10222,0.000516,74.125.130.0-255,5738,60887,70,306252
10223,0.000519,172.31.40.0-255,66,60953,70,306252
10224,0.000538,74.125.130.0-255,2902,63855,70,306252
10225,0.000541,172.31.40.0-255,66,63921,70,306252
10226,0.000559,74.125.130.0-255,1484,65405,70,306252
10227,0.000577,74.125.130.0-255,766,66171,70,306252
10228,0.000579,172.31.40.0-255,66,66237,70,306252
10229,0.000631,74.125.130.0-255,359,66596,70,306252
10230,0.001067,172.31.40.0-255,66,66662,70,306252
10231,0.001298,74.125.130.0-255,1484,68146,70,306252
10232,0.001308,74.125.130.0-255,2902,71048,70,306252
10233,0.001311,172.31.40.0-255,66,71114,70,306252
10234,0.001336,74.125.130.0-255,5738,76852,70,306252
10235,0.001338,172.31.40.0-255,66,76918,70,306252
10236,0.00136,74.125.130.0-255,5738,82656,70,306252
10237,0.001362,172.31.40.0-255,66,82722,70,306252
10238,0.001381,74.125.130.0-255,4320,87042,70,306252
10239,0.001383,172.31.40.0-255,66,87108,70,306252
10240,0.001389,74.125.130.0-255,5738,92846,70,306252
10241,0.001391,172.31.40.0-255,66,92912,70,306252
10242,0.001412,74.125.130.0-255,5738,98650,70,306252
10243,0.001415,172.31.40.0-255,66,98716,70,306252
10244,0.001419,74.125.130.0-255,2184,100900,70,306252
10245,0.001421,172.31.40.0-255,66,100966,70,306252
10246,0.001539,74.125.130.0-255,1484,102450,70,306252
10247,0.001544,74.125.130.0-255,1484,103934,70,306252
10248,0.001547,172.31.40.0-255,66,104000,70,306252
10249,0.001567,74.125.130.0-255,1484,105484,70,306252
10250,0.001573,74.125.130.0-255,4320,109804,70,306252
10251,0.001575,172.31.40.0-255,66,109870,70,306252
10252,0.001612,74.125.130.0-255,4320,114190,70,306252
10253,0.001614,172.31.40.0-255,66,114256,70,306252
10254,0.00162,74.125.130.0-255,4320,118576,70,306252
10255,0.001622,172.31.40.0-255,66,118642,70,306252
10256,0.001633,74.125.130.0-255,1484,120126,70,306252
10257,0.001659,74.125.130.0-255,2902,123028,70,306252
10258,0.001661,172.31.40.0-255,66,123094,70,306252
10259,0.001718,74.125.130.0-255,2902,125996,70,306252
10260,0.001721,172.31.40.0-255,66,126062,70,306252
10261,0.001751,74.125.130.0-255,1484,127546,70,306252
10262,0.001764,74.125.130.0-255,2902,130448,70,306252
10263,0.001766,172.31.40.0-255,66,130514,70,306252
10264,0.001812,74.125.130.0-255,4320,134834,70,306252
10265,0.001815,172.31.40.0-255,66,134900,70,306252
10266,0.001853,74.125.130.0-255,766,135666,70,306252
10267,0.001886,74.125.130.0-255,1484,137150,70,306252
10268,0.00189,172.31.40.0-255,66,137216,70,306252
10269,0.001905,74.125.130.0-255,4320,141536,70,306252
10270,0.001907,172.31.40.0-255,66,141602,70,306252
10271,0.001971,74.125.130.0-255,5738,147340,70,306252
10272,0.001976,172.31.40.0-255,66,147406,70,306252
10273,0.001989,172.31.40.0-255,66,147472,70,306252
10274,0.001994,74.125.130.0-255,4320,151792,70,306252
10275,0.001996,172.31.40.0-255,66,151858,70,306252
10276,0.002028,74.125.130.0-255,6438,158296,70,306252
10277,0.002031,172.31.40.0-255,66,158362,70,306252
10278,0.002175,74.125.130.0-255,1484,159846,70,306252
10279,0.002183,74.125.130.0-255,2902,162748,70,306252
10280,0.002187,172.31.40.0-255,66,162814,70,306252
10281,0.00221,74.125.130.0-255,5738,168552,70,306252
10282,0.002213,172.31.40.0-255,66,168618,70,306252
10283,0.002218,74.125.130.0-255,4320,172938,70,306252
10284,0.002221,172.31.40.0-255,66,173004,70,306252
10285,0.002236,74.125.130.0-255,1484,174488,70,306252
10286,0.002254,74.125.130.0-255,4320,178808,70,306252
10287,0.002257,172.31.40.0-255,66,178874,70,306252
10288,0.002274,74.125.130.0-255,1484,180358,70,306252
10289,0.004486,74.125.130.0-255,4320,184678,70,306252
10290,0.004491,172.31.40.0-255,66,184744,70,306252
10291,0.00672,74.125.130.0-255,5738,190482,70,306252
10292,0.006727,172.31.40.0-255,66,190548,70,306252
10293,0.008957,74.125.130.0-255,5738,196286,70,306252
10294,0.008963,172.31.40.0-255,66,196352,70,306252
10295,0.011243,74.125.130.0-255,5738,202090,70,306252
10296,0.01125,172.31.40.0-255,66,202156,70,306252
10297,0.013479,74.125.130.0-255,5738,207894,70,306252
10298,0.013487,172.31.40.0-255,66,207960,70,306252
10299,0.015713,74.125.130.0-255,5738,213698,70,306252
10300,0.015723,172.31.40.0-255,66,213764,70,306252
10301,0.017966,74.125.130.0-255,5738,219502,70,306252
10302,0.017977,172.31.40.0-255,66,219568,70,306252
10303,0.020207,74.125.130.0-255,5738,225306,70,306252
10304,0.020215,172.31.40.0-255,66,225372,70,306252
10305,0.022445,74.125.130.0-255,5738,231110,70,306252
10306,0.022452,172.31.40.0-255,66,231176,70,306252
10307,0.024692,74.125.130.0-255,5738,236914,70,306252
10308,0.024701,172.31.40.0-255,66,236980,70,306252
10309,0.026952,74.125.130.0-255,5738,242718,70,306252
10310,0.026958,172.31.40.0-255,66,242784,70,306252
10311,0.029195,74.125.130.0-255,5738,248522,70,306252
10312,0.029213,172.31.40.0-255,66,248588,70,306252
10313,0.031453,74.125.130.0-255,5738,254326,70,306252
10314,0.031467,172.31.40.0-255,66,254392,70,306252
10315,0.033727,74.125.130.0-255,5738,260130,70,306252
10316,0.033745,172.31.40.0-255,66,260196,70,306252
10317,0.035981,74.125.130.0-255,5738,265934,70,306252
10318,0.035999,172.31.40.0-255,66,266000,70,306252
10319,0.037912,172.31.40.0-255,172,266172,70,306252
10320,0.038028,172.31.40.0-255,1118,267290,70,306252
10321,0.0381,172.31.40.0-255,1514,268804,70,306252
10322,0.038102,172.31.40.0-255,1514,270318,70,306252
10323,0.038126,172.31.40.0-255,846,271164,70,306252
10324,0.038238,74.125.130.0-255,5738,276902,70,306252
10325,0.038244,172.31.40.0-255,66,276968,70,306252
10326,0.039401,104.244.42.0-255,66,277034,70,306252
10327,0.039515,104.244.42.0-255,66,277100,70,306252
10328,0.039607,104.244.42.0-255,66,277166,70,306252
10329,0.039611,104.244.42.0-255,66,277232,70,306252
10330,0.040475,74.125.130.0-255,5738,282970,70,306252
10331,0.040485,172.31.40.0-255,66,283036,70,306252
10332,0.042721,74.125.130.0-255,5738,288774,70,306252
10333,0.042738,172.31.40.0-255,66,288840,70,306252
10334,0.044972,74.125.130.0-255,5738,294578,70,306252
10335,0.044989,172.31.40.0-255,66,294644,70,306252
10336,0.047232,74.125.130.0-255,5738,300382,70,306252
10337,0.047248,172.31.40.0-255,66,300448,70,306252
10338,0.049487,74.125.130.0-255,5738,306186,70,306252
10339,0.049495,172.31.40.0-255,66,306252,70,306252
10340,0.0,172.217.194.0-255,154,154,70,346721
10341,2.2e-05,172.31.40.0-255,66,220,70,346721
10342,2.9e-05,172.217.194.0-255,1484,1704,70,346721
10343,3.3e-05,172.31.40.0-255,66,1770,70,346721
10344,3.8e-05,172.217.194.0-255,2902,4672,70,346721
10345,4e-05,172.31.40.0-255,66,4738,70,346721
10346,4.7e-05,172.217.194.0-255,7156,11894,70,346721
10347,4.9e-05,172.31.40.0-255,66,11960,70,346721
10348,5.4e-05,172.217.194.0-255,4819,16779,70,346721
10349,5.7e-05,172.31.40.0-255,66,16845,70,346721
10350,7.8e-05,172.217.194.0-255,7156,24001,70,346721
10351,8.1e-05,172.31.40.0-255,66,24067,70,346721
10352,0.000104,172.217.194.0-255,6797,30864,70,346721
10353,0.000107,172.31.40.0-255,66,30930,70,346721
10354,0.000117,172.217.194.0-255,1484,32414,70,346721
10355,0.000119,172.31.40.0-255,66,32480,70,346721
10356,0.000133,172.217.194.0-255,2902,35382,70,346721
10357,0.000135,172.31.40.0-255,66,35448,70,346721
10358,0.000138,172.217.194.0-255,1484,36932,70,346721
10359,0.00014,172.31.40.0-255,66,36998,70,346721
10360,0.000157,172.217.194.0-255,4320,41318,70,346721
10361,0.000159,172.31.40.0-255,66,41384,70,346721
10362,0.000162,172.217.194.0-255,1484,42868,70,346721
10363,0.000163,172.31.40.0-255,66,42934,70,346721
10364,0.000194,172.217.194.0-255,5738,48672,70,346721
10365,0.000196,172.31.40.0-255,66,48738,70,346721
10366,0.00022,172.217.194.0-255,7156,55894,70,346721
10367,0.000222,172.31.40.0-255,66,55960,70,346721
10368,0.00023,172.217.194.0-255,9589,65549,70,346721
10369,0.000232,172.31.40.0-255,66,65615,70,346721
10370,0.000235,172.217.194.0-255,98,65713,70,346721
10371,0.000237,172.31.40.0-255,66,65779,70,346721
10372,0.000319,172.217.194.0-255,1484,67263,70,346721
10373,0.000326,172.217.194.0-255,2902,70165,70,346721
10374,0.00033,172.31.40.0-255,66,70231,70,346721
10375,0.000336,172.217.194.0-255,4320,74551,70,346721
10376,0.000338,172.31.40.0-255,66,74617,70,346721
10377,0.000351,172.217.194.0-255,1484,76101,70,346721
10378,0.000361,172.217.194.0-255,9992,86093,70,346721
10379,0.000364,172.31.40.0-255,66,86159,70,346721
10380,0.000412,172.217.194.0-255,4320,90479,70,346721
10381,0.000414,172.31.40.0-255,66,90545,70,346721
10382,0.00044,172.217.194.0-255,9569,100114,70,346721
10383,0.000443,172.31.40.0-255,66,100180,70,346721
10384,0.000539,172.217.194.0-255,1484,101664,70,346721
10385,0.000544,172.217.194.0-255,2902,104566,70,346721
10386,0.000548,172.31.40.0-255,66,104632,70,346721
10387,0.000567,172.217.194.0-255,5738,110370,70,346721
10388,0.000571,172.31.40.0-255,66,110436,70,346721
10389,0.000574,172.217.194.0-255,1484,111920,70,346721
10390,0.000626,172.217.194.0-255,8574,120494,70,346721
10391,0.000629,172.31.40.0-255,66,120560,70,346721
10392,0.00064,172.217.194.0-255,2902,123462,70,346721
10393,0.000644,172.31.40.0-255,66,123528,70,346721
10394,0.000655,172.217.194.0-255,10692,134220,70,346721
10395,0.000657,172.31.40.0-255,66,134286,70,346721
10396,0.00067,172.31.40.0-255,66,134352,70,346721
10397,0.000673,172.217.194.0-255,1484,135836,70,346721
10398,0.000711,172.31.40.0-255,66,135902,70,346721
10399,0.00072,172.217.194.0-255,9274,145176,70,346721
10400,0.000721,172.31.40.0-255,66,145242,70,346721
10401,0.000744,172.217.194.0-255,8574,153816,70,346721
10402,0.000746,172.31.40.0-255,66,153882,70,346721
10403,0.000767,172.217.194.0-255,1484,155366,70,346721
10404,0.000773,172.217.194.0-255,7156,162522,70,346721
10405,0.000776,172.31.40.0-255,66,162588,70,346721
10406,0.0008,172.217.194.0-255,7156,169744,70,346721
10407,0.000803,172.31.40.0-255,66,169810,70,346721
10408,0.000805,172.217.194.0-255,1484,171294,70,346721
10409,0.000833,172.31.40.0-255,66,171360,70,346721
10410,0.000856,172.217.194.0-255,7156,178516,70,346721
10411,0.000874,172.217.194.0-255,7156,185672,70,346721
10412,0.000882,172.217.194.0-255,9992,195664,70,346721
10413,0.000886,172.31.40.0-255,66,195730,70,346721
10414,0.000917,172.217.194.0-255,5020,200750,70,346721
10415,0.000927,172.31.40.0-255,66,200816,70,346721
10416,0.001022,172.217.194.0-255,1484,202300,70,346721
10417,0.001027,172.217.194.0-255,2902,205202,70,346721
10418,0.001032,172.31.40.0-255,66,205268,70,346721
10419,0.001056,172.217.194.0-255,5738,211006,70,346721
10420,0.00106,172.217.194.0-255,1484,212490,70,346721
10421,0.001066,172.31.40.0-255,66,212556,70,346721
10422,0.001099,172.217.194.0-255,8574,221130,70,346721
10423,0.001106,172.31.40.0-255,66,221196,70,346721
10424,0.00112,172.217.194.0-255,5738,226934,70,346721
10425,0.001124,172.31.40.0-255,66,227000,70,346721
10426,0.001148,172.217.194.0-255,7856,234856,70,346721
10427,0.001154,172.31.40.0-255,66,234922,70,346721
10428,0.001293,172.217.194.0-255,1484,236406,70,346721
10429,0.001297,172.217.194.0-255,1484,237890,70,346721
10430,0.001301,172.31.40.0-255,66,237956,70,346721
10431,0.001322,172.217.194.0-255,1484,239440,70,346721
10432,0.001328,172.217.194.0-255,5738,245178,70,346721
10433,0.001342,172.217.194.0-255,4320,249498,70,346721
10434,0.001353,172.31.40.0-255,66,249564,70,346721
10435,0.001373,172.217.194.0-255,8574,258138,70,346721
10436,0.001431,172.217.194.0-255,9992,268130,70,346721
10437,0.00145,172.217.194.0-255,5020,273150,70,346721
10438,0.001471,172.217.194.0-255,8574,281724,70,346721
10439,0.001478,172.217.194.0-255,5020,286744,70,346721
10440,0.001497,172.31.40.0-255,66,286810,70,346721
10441,0.001536,172.217.194.0-255,1484,288294,70,346721
10442,0.001542,172.217.194.0-255,2902,291196,70,346721
10443,0.00155,172.31.40.0-255,66,291262,70,346721
10444,0.001568,172.217.194.0-255,5738,297000,70,346721
10445,0.001575,172.217.194.0-255,5738,302738,70,346721
10446,0.001591,172.31.40.0-255,66,302804,70,346721
10447,0.001601,172.217.194.0-255,2902,305706,70,346721
10448,0.001618,172.217.194.0-255,9992,315698,70,346721
10449,0.001632,172.217.194.0-255,2902,318600,70,346721
10450,0.001643,172.217.194.0-255,2184,320784,70,346721
10451,0.001649,172.31.40.0-255,66,320850,70,346721
10452,0.001684,172.217.194.0-255,7156,328006,70,346721
10453,0.001702,172.217.194.0-255,8574,336580,70,346721
10454,0.001725,172.217.194.0-255,7156,343736,70,346721
10455,0.001729,172.31.40.0-255,66,343802,70,346721
10456,0.001738,172.217.194.0-255,2577,346379,70,346721
10457,0.001742,172.217.194.0-255,105,346484,70,346721
10458,0.001746,172.31.40.0-255,66,346550,70,346721
10459,0.004235,172.31.40.0-255,105,346655,70,346721
10460,0.00648,172.217.194.0-255,66,346721,70,346721
10461,0.0,172.217.194.0-255,146,146,70,257828
10462,2e-05,172.31.40.0-255,66,212,70,257828
10463,2.7e-05,172.217.194.0-255,1484,1696,70,257828
10464,3.1e-05,172.31.40.0-255,66,1762,70,257828
10465,3.6e-05,172.217.194.0-255,2902,4664,70,257828
10466,4e-05,172.31.40.0-255,66,4730,70,257828
10467,4.7e-05,172.217.194.0-255,4320,9050,70,257828
10468,5.1e-05,172.31.40.0-255,66,9116,70,257828
10469,6.1e-05,172.217.194.0-255,9074,18190,70,257828
10470,6.5e-05,172.31.40.0-255,66,18256,70,257828
10471,0.000105,172.31.40.0-255,66,18322,70,257828
10472,0.000123,172.217.194.0-255,1484,19806,70,257828
10473,0.000126,172.31.40.0-255,66,19872,70,257828
10474,0.000144,172.217.194.0-255,2902,22774,70,257828
10475,0.000146,172.31.40.0-255,66,22840,70,257828
10476,0.000153,172.217.194.0-255,5738,28578,70,257828
10477,0.000155,172.31.40.0-255,66,28644,70,257828
10478,0.000196,172.31.40.0-255,66,28710,70,257828
10479,0.000202,172.217.194.0-255,5738,34448,70,257828
10480,0.000204,172.31.40.0-255,66,34514,70,257828
10481,0.000243,172.217.194.0-255,4320,38834,70,257828
10482,0.000246,172.31.40.0-255,66,38900,70,257828
10483,0.000264,172.217.194.0-255,1114,40014,70,257828
10484,0.000266,172.31.40.0-255,66,40080,70,257828
10485,0.000313,172.217.194.0-255,1484,41564,70,257828
10486,0.000317,172.31.40.0-255,66,41630,70,257828
10487,0.000322,172.217.194.0-255,2902,44532,70,257828
10488,0.000324,172.31.40.0-255,66,44598,70,257828
10489,0.000338,172.217.194.0-255,4320,48918,70,257828
10490,0.00034,172.31.40.0-255,66,48984,70,257828
10491,0.000353,172.217.194.0-255,1484,50468,70,257828
10492,0.000374,172.217.194.0-255,5738,56206,70,257828
10493,0.00039,172.217.194.0-255,7156,63362,70,257828
10494,0.000422,172.217.194.0-255,5738,69100,70,257828
10495,0.00044,172.217.194.0-255,1484,70584,70,257828
10496,0.000445,172.217.194.0-255,3602,74186,70,257828
10497,0.00045,172.217.194.0-255,4320,78506,70,257828
10498,0.000468,172.217.194.0-255,5738,84244,70,257828
10499,0.000482,172.217.194.0-255,4320,88564,70,257828
10500,0.000487,172.217.194.0-255,4320,92884,70,257828
10501,0.000503,172.217.194.0-255,2257,95141,70,257828
10502,0.000523,172.217.194.0-255,5738,100879,70,257828
10503,0.000569,172.217.194.0-255,10692,111571,70,257828
10504,0.000639,172.31.40.0-255,66,111637,70,257828
10505,0.00066,172.217.194.0-255,1484,113121,70,257828
10506,0.000677,172.217.194.0-255,2902,116023,70,257828
10507,0.000687,172.31.40.0-255,66,116089,70,257828
10508,0.000697,172.217.194.0-255,2902,118991,70,257828
10509,0.000701,172.217.194.0-255,1484,120475,70,257828
10510,0.000705,172.31.40.0-255,66,120541,70,257828
10511,0.000731,172.217.194.0-255,5738,126279,70,257828
10512,0.000737,172.31.40.0-255,66,126345,70,257828
10513,0.000753,172.217.194.0-255,2902,129247,70,257828
10514,0.000772,172.31.40.0-255,66,129313,70,257828
10515,0.000788,172.217.194.0-255,3602,132915,70,257828
10516,0.000794,172.31.40.0-255,66,132981,70,257828
10517,0.000816,172.217.194.0-255,4320,137301,70,257828
10518,0.00083,172.31.40.0-255,66,137367,70,257828
10519,0.000834,172.217.194.0-255,2902,140269,70,257828
10520,0.000839,172.31.40.0-255,66,140335,70,257828
10521,0.000853,172.217.194.0-255,7156,147491,70,257828
10522,0.000859,172.217.194.0-255,4320,151811,70,257828
10523,0.000872,172.31.40.0-255,66,151877,70,257828
10524,0.000921,172.217.194.0-255,4320,156197,70,257828
10525,0.000929,172.31.40.0-255,66,156263,70,257828
10526,0.000942,172.217.194.0-255,8574,164837,70,257828
10527,0.000949,172.217.194.0-255,7156,171993,70,257828
10528,0.000954,172.31.40.0-255,66,172059,70,257828
10529,0.000965,172.217.194.0-255,2902,174961,70,257828
10530,0.000989,172.217.194.0-255,2184,177145,70,257828
10531,0.000994,172.31.40.0-255,66,177211,70,257828
10532,0.001224,172.217.194.0-255,1484,178695,70,257828
10533,0.001235,172.217.194.0-255,2902,181597,70,257828
10534,0.001238,172.217.194.0-255,1484,183081,70,257828
10535,0.001246,172.31.40.0-255,66,183147,70,257828
10536,0.001257,172.217.194.0-255,2902,186049,70,257828
10537,0.001262,172.217.194.0-255,2902,188951,70,257828
10538,0.001266,172.31.40.0-255,66,189017,70,257828
10539,0.001277,172.217.194.0-255,5738,194755,70,257828
10540,0.001299,172.31.40.0-255,66,194821,70,257828
10541,0.001352,172.31.40.0-255,66,194887,70,257828
10542,0.001368,172.217.194.0-255,5020,199907,70,257828
10543,0.001372,172.217.194.0-255,1484,201391,70,257828
10544,0.001395,172.217.194.0-255,2902,204293,70,257828
10545,0.0014,172.217.194.0-255,2902,207195,70,257828
10546,0.001408,172.31.40.0-255,66,207261,70,257828
10547,0.001413,172.217.194.0-255,2902,210163,70,257828
10548,0.001424,172.31.40.0-255,66,210229,70,257828
10549,0.001447,172.217.194.0-255,8574,218803,70,257828
10550,0.00146,172.217.194.0-255,4320,223123,70,257828
10551,0.001466,172.217.194.0-255,5738,228861,70,257828
10552,0.001471,172.31.40.0-255,66,228927,70,257828
10553,0.00157,172.31.40.0-255,66,228993,70,257828
10554,0.001578,172.217.194.0-255,8574,237567,70,257828
10555,0.001583,172.31.40.0-255,66,237633,70,257828
10556,0.001616,172.217.194.0-255,2184,239817,70,257828
10557,0.001625,172.217.194.0-255,8574,248391,70,257828
10558,0.001636,172.31.40.0-255,66,248457,70,257828
10559,0.001668,172.217.194.0-255,97,248554,70,257828
10560,0.001687,172.31.40.0-255,66,248620,70,257828
10561,0.001703,172.217.194.0-255,105,248725,70,257828
10562,0.00425,172.31.40.0-255,66,248791,70,257828
10563,0.00429,172.31.40.0-255,105,248896,70,257828
10564,0.006332,172.217.194.0-255,66,248962,70,257828
10565,0.040331,172.31.40.0-255,172,249134,70,257828
10566,0.040366,172.31.40.0-255,1117,250251,70,257828
10567,0.040451,172.31.40.0-255,1514,251765,70,257828
10568,0.040453,172.31.40.0-255,1514,253279,70,257828
10569,0.040458,172.31.40.0-255,1514,254793,70,257828
10570,0.04046,172.31.40.0-255,1514,256307,70,257828
10571,0.040478,172.31.40.0-255,1257,257564,70,257828
10572,0.041864,104.244.42.0-255,66,257630,70,257828
10573,0.041957,104.244.42.0-255,66,257696,70,257828
10574,0.042002,104.244.42.0-255,66,257762,70,257828
10575,0.042007,104.244.42.0-255,66,257828,70,257828
10576,0.0,172.217.194.0-255,152,152,70,325743
10577,2.2e-05,172.31.40.0-255,66,218,70,325743
10578,2.9e-05,172.217.194.0-255,1484,1702,70,325743
10579,3.3e-05,172.31.40.0-255,66,1768,70,325743
10580,3.9e-05,172.217.194.0-255,2902,4670,70,325743
10581,4.3e-05,172.31.40.0-255,66,4736,70,325743
10582,5.2e-05,172.217.194.0-255,7156,11892,70,325743
10583,5.5e-05,172.31.40.0-255,66,11958,70,325743
10584,0.000112,172.217.194.0-255,2000,13958,70,325743
10585,0.000115,172.31.40.0-255,66,14024,70,325743
10586,0.00012,172.217.194.0-255,2902,16926,70,325743
10587,0.000123,172.31.40.0-255,66,16992,70,325743
10588,0.00013,172.217.194.0-255,7156,24148,70,325743
10589,0.000133,172.31.40.0-255,66,24214,70,325743
10590,0.00014,172.217.194.0-255,6797,31011,70,325743
10591,0.000143,172.31.40.0-255,66,31077,70,325743
10592,0.000388,172.217.194.0-255,1484,32561,70,325743
10593,0.000393,172.31.40.0-255,66,32627,70,325743
10594,0.000401,172.217.194.0-255,2902,35529,70,325743
10595,0.000403,172.31.40.0-255,66,35595,70,325743
10596,0.00041,172.217.194.0-255,5738,41333,70,325743
10597,0.000413,172.31.40.0-255,66,41399,70,325743
10598,0.000417,172.217.194.0-255,2902,44301,70,325743
10599,0.000419,172.31.40.0-255,66,44367,70,325743
10600,0.000444,172.217.194.0-255,3961,48328,70,325743
10601,0.000448,172.31.40.0-255,66,48394,70,325743
10602,0.000457,172.217.194.0-255,8574,56968,70,325743
10603,0.000459,172.31.40.0-255,66,57034,70,325743
10604,0.000476,172.217.194.0-255,5738,62772,70,325743
10605,0.000479,172.31.40.0-255,66,62838,70,325743
10606,0.000483,172.217.194.0-255,2543,65381,70,325743
10607,0.000485,172.31.40.0-255,66,65447,70,325743
10608,0.000512,172.217.194.0-255,379,65826,70,325743
10609,0.000552,172.217.194.0-255,363,66189,70,325743
10610,0.00086,172.217.194.0-255,1484,67673,70,325743
10611,0.000864,172.31.40.0-255,66,67739,70,325743
10612,0.000869,172.217.194.0-255,2902,70641,70,325743
10613,0.000872,172.31.40.0-255,66,70707,70,325743
10614,0.000894,172.217.194.0-255,5738,76445,70,325743
10615,0.000897,172.31.40.0-255,66,76511,70,325743
10616,0.000901,172.217.194.0-255,2902,79413,70,325743
10617,0.000903,172.31.40.0-255,66,79479,70,325743
10618,0.000943,172.217.194.0-255,9992,89471,70,325743
10619,0.000946,172.31.40.0-255,66,89537,70,325743
10620,0.000957,172.217.194.0-255,10692,100229,70,325743
10621,0.000959,172.31.40.0-255,66,100295,70,325743
10622,0.001068,172.217.194.0-255,1484,101779,70,325743
10623,0.001072,172.217.194.0-255,1484,103263,70,325743
10624,0.001074,172.31.40.0-255,66,103329,70,325743
10625,0.001094,172.217.194.0-255,1484,104813,70,325743
10626,0.001101,172.217.194.0-255,5738,110551,70,325743
10627,0.001103,172.31.40.0-255,66,110617,70,325743
10628,0.00111,172.217.194.0-255,8574,119191,70,325743
10629,0.001113,172.31.40.0-255,66,119257,70,325743
10630,0.00113,172.217.194.0-255,4320,123577,70,325743
10631,0.001132,172.31.40.0-255,66,123643,70,325743
10632,0.001137,172.217.194.0-255,4320,127963,70,325743
10633,0.001139,172.31.40.0-255,66,128029,70,325743
10634,0.001163,172.217.194.0-255,6438,134467,70,325743
10635,0.001166,172.31.40.0-255,66,134533,70,325743
10636,0.001727,172.217.194.0-255,1484,136017,70,325743
10637,0.001754,172.217.194.0-255,1484,137501,70,325743
10638,0.001758,172.31.40.0-255,66,137567,70,325743
10639,0.001763,172.217.194.0-255,2902,140469,70,325743
10640,0.001765,172.31.40.0-255,66,140535,70,325743
10641,0.001781,172.217.194.0-255,5738,146273,70,325743
10642,0.001783,172.31.40.0-255,66,146339,70,325743
10643,0.001816,172.31.40.0-255,66,146405,70,325743
10644,0.001845,172.217.194.0-255,1484,147889,70,325743
10645,0.001872,172.217.194.0-255,7856,155745,70,325743
10646,0.001875,172.31.40.0-255,66,155811,70,325743
10647,0.002105,172.217.194.0-255,1484,157295,70,325743
10648,0.002124,172.217.194.0-255,2902,160197,70,325743
10649,0.002127,172.31.40.0-255,66,160263,70,325743
10650,0.002132,172.217.194.0-255,2902,163165,70,325743
10651,0.002134,172.31.40.0-255,66,163231,70,325743
10652,0.002146,172.217.194.0-255,2902,166133,70,325743
10653,0.002148,172.31.40.0-255,66,166199,70,325743
10654,0.002154,172.217.194.0-255,5738,171937,70,325743
10655,0.002156,172.31.40.0-255,66,172003,70,325743
10656,0.002177,172.217.194.0-255,7156,179159,70,325743
10657,0.002179,172.31.40.0-255,66,179225,70,325743
10658,0.002182,172.217.194.0-255,1484,180709,70,325743
10659,0.002223,172.31.40.0-255,66,180775,70,325743
10660,0.002243,172.217.194.0-255,3602,184377,70,325743
10661,0.002245,172.31.40.0-255,66,184443,70,325743
10662,0.002258,172.31.40.0-255,66,184509,70,325743
10663,0.002269,172.217.194.0-255,1484,185993,70,325743
10664,0.002296,172.217.194.0-255,10692,196685,70,325743
10665,0.002299,172.31.40.0-255,66,196751,70,325743
10666,0.002304,172.217.194.0-255,4320,201071,70,325743
10667,0.002306,172.31.40.0-255,66,201137,70,325743
10668,0.002322,172.217.194.0-255,1484,202621,70,325743
10669,0.002326,172.217.194.0-255,2902,205523,70,325743
10670,0.002328,172.31.40.0-255,66,205589,70,325743
10671,0.004603,172.217.194.0-255,5738,211327,70,325743
10672,0.004612,172.31.40.0-255,66,211393,70,325743
10673,0.006899,172.217.194.0-255,4320,215713,70,325743
10674,0.006903,172.31.40.0-255,66,215779,70,325743
10675,0.00692,172.217.194.0-255,1484,217263,70,325743
10676,0.009204,172.217.194.0-255,4320,221583,70,325743
10677,0.009213,172.31.40.0-255,66,221649,70,325743
10678,0.011499,172.217.194.0-255,5738,227387,70,325743
10679,0.01151,172.31.40.0-255,66,227453,70,325743
10680,0.013788,172.217.194.0-255,5738,233191,70,325743
10681,0.013801,172.31.40.0-255,66,233257,70,325743
10682,0.016073,172.217.194.0-255,5738,238995,70,325743
10683,0.016083,172.31.40.0-255,66,239061,70,325743
10684,0.018384,172.217.194.0-255,5738,244799,70,325743
10685,0.018399,172.31.40.0-255,66,244865,70,325743
10686,0.020682,172.217.194.0-255,5738,250603,70,325743
10687,0.020693,172.31.40.0-255,66,250669,70,325743
10688,0.022975,172.217.194.0-255,5738,256407,70,325743
10689,0.022986,172.31.40.0-255,66,256473,70,325743
10690,0.025269,172.217.194.0-255,5738,262211,70,325743
10691,0.025279,172.31.40.0-255,66,262277,70,325743
10692,0.027549,172.217.194.0-255,5738,268015,70,325743
10693,0.02756,172.31.40.0-255,66,268081,70,325743
10694,0.02968,172.31.40.0-255,172,268253,70,325743
10695,0.029712,172.31.40.0-255,1117,269370,70,325743
10696,0.029774,172.31.40.0-255,1514,270884,70,325743
10697,0.029776,172.31.40.0-255,1514,272398,70,325743
10698,0.029798,172.31.40.0-255,845,273243,70,325743
10699,0.029823,172.217.194.0-255,5738,278981,70,325743
10700,0.029833,172.31.40.0-255,66,279047,70,325743
10701,0.031225,104.244.42.0-255,66,279113,70,325743
10702,0.031266,104.244.42.0-255,66,279179,70,325743
10703,0.031355,104.244.42.0-255,66,279245,70,325743
10704,0.031373,104.244.42.0-255,66,279311,70,325743
10705,0.032121,172.217.194.0-255,5738,285049,70,325743
10706,0.032128,172.31.40.0-255,66,285115,70,325743
10707,0.03441,172.217.194.0-255,5738,290853,70,325743
10708,0.034416,172.31.40.0-255,66,290919,70,325743
10709,0.036692,172.217.194.0-255,5738,296657,70,325743
10710,0.036699,172.31.40.0-255,66,296723,70,325743
10711,0.038974,172.217.194.0-255,5738,302461,70,325743
10712,0.038981,172.31.40.0-255,66,302527,70,325743
10713,0.041278,172.217.194.0-255,5738,308265,70,325743
10714,0.041285,172.31.40.0-255,66,308331,70,325743
10715,0.043579,172.217.194.0-255,5738,314069,70,325743
10716,0.043586,172.31.40.0-255,66,314135,70,325743
10717,0.045893,172.217.194.0-255,5738,319873,70,325743
10718,0.045902,172.31.40.0-255,66,319939,70,325743
10719,0.048175,172.217.194.0-255,5738,325677,70,325743
10720,0.048181,172.31.40.0-255,66,325743,70,325743
10721,0.0,172.217.194.0-255,152,152,70,341043
10722,2.4e-05,172.31.40.0-255,66,218,70,341043
10723,3.1e-05,172.217.194.0-255,1484,1702,70,341043
10724,3.5e-05,172.31.40.0-255,66,1768,70,341043
10725,4.1e-05,172.217.194.0-255,2902,4670,70,341043
10726,4.3e-05,172.31.40.0-255,66,4736,70,341043
10727,5.2e-05,172.217.194.0-255,7156,11892,70,341043
10728,5.5e-05,172.31.40.0-255,66,11958,70,341043
10729,9.6e-05,172.217.194.0-255,3562,15520,70,341043
10730,9.9e-05,172.31.40.0-255,66,15586,70,341043
10731,0.000106,172.217.194.0-255,4320,19906,70,341043
10732,0.000109,172.31.40.0-255,66,19972,70,341043
10733,0.000118,172.217.194.0-255,9992,29964,70,341043
10734,0.000121,172.31.40.0-255,66,30030,70,341043
10735,0.00013,172.217.194.0-255,9992,40022,70,341043
10736,0.000134,172.31.40.0-255,66,40088,70,341043
10737,0.00017,172.217.194.0-255,5738,45826,70,341043
10738,0.000173,172.31.40.0-255,66,45892,70,341043
10739,0.000191,172.217.194.0-255,2184,48076,70,341043
10740,0.000193,172.31.40.0-255,66,48142,70,341043
10741,0.000383,172.217.194.0-255,1484,49626,70,341043
10742,0.000388,172.31.40.0-255,66,49692,70,341043
10743,0.000394,172.217.194.0-255,2902,52594,70,341043
10744,0.000396,172.31.40.0-255,66,52660,70,341043
10745,0.000403,172.217.194.0-255,4320,56980,70,341043
10746,0.000405,172.31.40.0-255,66,57046,70,341043
10747,0.000429,172.217.194.0-255,1484,58530,70,341043
10748,0.000432,172.31.40.0-255,66,58596,70,341043
10749,0.000439,172.217.194.0-255,5738,64334,70,341043
10750,0.000442,172.31.40.0-255,66,64400,70,341043
10751,0.000469,172.217.194.0-255,1705,66105,70,341043
10752,0.000471,172.31.40.0-255,66,66171,70,341043
10753,0.000691,172.217.194.0-255,1484,67655,70,341043
10754,0.000699,172.217.194.0-255,2902,70557,70,341043
10755,0.000704,172.217.194.0-255,4320,74877,70,341043
10756,0.000716,172.217.194.0-255,1484,76361,70,341043
10757,0.000725,172.31.40.0-255,66,76427,70,341043
10758,0.000738,172.217.194.0-255,6797,83224,70,341043
10759,0.000744,172.31.40.0-255,66,83290,70,341043
10760,0.000773,172.217.194.0-255,7156,90446,70,341043
10761,0.00079,172.217.194.0-255,5738,96184,70,341043
10762,0.0008,172.217.194.0-255,1484,97668,70,341043
10763,0.000804,172.31.40.0-255,66,97734,70,341043
10764,0.000836,172.217.194.0-255,2543,100277,70,341043
10765,0.000856,172.31.40.0-255,66,100343,70,341043
10766,0.001209,172.217.194.0-255,1484,101827,70,341043
10767,0.001216,172.217.194.0-255,2902,104729,70,341043
10768,0.001219,172.31.40.0-255,66,104795,70,341043
10769,0.001249,172.217.194.0-255,5738,110533,70,341043
10770,0.001254,172.31.40.0-255,66,110599,70,341043
10771,0.00129,172.31.40.0-255,66,110665,70,341043
10772,0.001315,172.217.194.0-255,10692,121357,70,341043
10773,0.001335,172.31.40.0-255,66,121423,70,341043
10774,0.001361,172.217.194.0-255,1484,122907,70,341043
10775,0.001365,172.217.194.0-255,1484,124391,70,341043
10776,0.001375,172.31.40.0-255,66,124457,70,341043
10777,0.001392,172.217.194.0-255,1484,125941,70,341043
10778,0.001399,172.217.194.0-255,5738,131679,70,341043
10779,0.001403,172.217.194.0-255,2902,134581,70,341043
10780,0.001422,172.217.194.0-255,9992,144573,70,341043
10781,0.001427,172.31.40.0-255,66,144639,70,341043
10782,0.001474,172.217.194.0-255,7156,151795,70,341043
10783,0.001494,172.217.194.0-255,3602,155397,70,341043
10784,0.0015,172.31.40.0-255,66,155463,70,341043
10785,0.001886,172.217.194.0-255,1484,156947,70,341043
10786,0.001903,172.217.194.0-255,2902,159849,70,341043
10787,0.001907,172.31.40.0-255,66,159915,70,341043
10788,0.001914,172.217.194.0-255,5738,165653,70,341043
10789,0.001918,172.31.40.0-255,66,165719,70,341043
10790,0.001926,172.217.194.0-255,1484,167203,70,341043
10791,0.001938,172.217.194.0-255,4320,171523,70,341043
10792,0.00196,172.217.194.0-255,7156,178679,70,341043
10793,0.001969,172.217.194.0-255,8574,187253,70,341043
10794,0.001974,172.31.40.0-255,66,187319,70,341043
10795,0.002005,172.217.194.0-255,2184,189503,70,341043
10796,0.002011,172.31.40.0-255,66,189569,70,341043
10797,0.002084,172.217.194.0-255,1484,191053,70,341043
10798,0.00209,172.217.194.0-255,2902,193955,70,341043
10799,0.002094,172.217.194.0-255,2902,196857,70,341043
10800,0.002101,172.31.40.0-255,66,196923,70,341043
10801,0.002111,172.217.194.0-255,2902,199825,70,341043
10802,0.002116,172.31.40.0-255,66,199891,70,341043
10803,0.002145,172.217.194.0-255,1484,201375,70,341043
10804,0.002158,172.217.194.0-255,4320,205695,70,341043
10805,0.002167,172.31.40.0-255,66,205761,70,341043
10806,0.002188,172.217.194.0-255,6438,212199,70,341043
10807,0.002192,172.217.194.0-255,1484,213683,70,341043
10808,0.002209,172.217.194.0-255,5738,219421,70,341043
10809,0.002212,172.31.40.0-255,66,219487,70,341043
10810,0.002217,172.31.40.0-255,66,219553,70,341043
10811,0.002234,172.217.194.0-255,8574,228127,70,341043
10812,0.002258,172.217.194.0-255,2184,230311,70,341043
10813,0.002574,172.217.194.0-255,1484,231795,70,341043
10814,0.00258,172.217.194.0-255,2902,234697,70,341043
10815,0.002606,172.217.194.0-255,5738,240435,70,341043
10816,0.002611,172.217.194.0-255,4320,244755,70,341043
10817,0.002639,172.217.194.0-255,4320,249075,70,341043
10818,0.002661,172.217.194.0-255,7156,256231,70,341043
10819,0.00267,172.217.194.0-255,7156,263387,70,341043
10820,0.002686,172.217.194.0-255,766,264153,70,341043
10821,0.002753,172.217.194.0-255,1484,265637,70,341043
10822,0.002769,172.217.194.0-255,2902,268539,70,341043
10823,0.002772,172.217.194.0-255,1484,270023,70,341043
10824,0.002788,172.217.194.0-255,4320,274343,70,341043
10825,0.002824,172.217.194.0-255,8574,282917,70,341043
10826,0.00284,172.217.194.0-255,4320,287237,70,341043
10827,0.002843,172.217.194.0-255,1484,288721,70,341043
10828,0.002868,172.217.194.0-255,9274,297995,70,341043
10829,0.002881,172.217.194.0-255,1484,299479,70,341043
10830,0.002892,172.217.194.0-255,1484,300963,70,341043
10831,0.002903,172.217.194.0-255,1484,302447,70,341043
10832,0.002909,172.217.194.0-255,2902,305349,70,341043
10833,0.002925,172.217.194.0-255,2902,308251,70,341043
10834,0.002961,172.217.194.0-255,2902,311153,70,341043
10835,0.002977,172.217.194.0-255,5738,316891,70,341043
10836,0.00298,172.217.194.0-255,1484,318375,70,341043
10837,0.00303,172.217.194.0-255,1484,319859,70,341043
10838,0.003035,172.217.194.0-255,2902,322761,70,341043
10839,0.003056,172.217.194.0-255,5738,328499,70,341043
10840,0.00309,172.217.194.0-255,5738,334237,70,341043
10841,0.003112,172.217.194.0-255,6347,340584,70,341043
10842,0.003145,172.217.194.0-255,105,340689,70,341043
10843,0.011888,172.217.194.0-255,105,340794,70,341043
10844,0.011911,172.31.40.0-255,78,340872,70,341043
10845,0.014519,172.31.40.0-255,105,340977,70,341043
10846,0.016585,172.217.194.0-255,66,341043,70,341043
10847,0.0,74.125.130.0-255,155,155,70,284652
10848,2.1e-05,172.31.40.0-255,66,221,70,284652
10849,2.8e-05,74.125.130.0-255,1484,1705,70,284652
10850,3.1e-05,172.31.40.0-255,66,1771,70,284652
10851,4.9e-05,74.125.130.0-255,2902,4673,70,284652
10852,5.2e-05,172.31.40.0-255,66,4739,70,284652
10853,7.8e-05,74.125.130.0-255,4320,9059,70,284652
10854,8.1e-05,172.31.40.0-255,66,9125,70,284652
10855,9.7e-05,74.125.130.0-255,1484,10609,70,284652
10856,0.0001,172.31.40.0-255,66,10675,70,284652
10857,0.000119,74.125.130.0-255,3494,14169,70,284652
10858,0.000121,172.31.40.0-255,66,14235,70,284652
10859,0.00048,74.125.130.0-255,1484,15719,70,284652
10860,0.000485,172.31.40.0-255,66,15785,70,284652
10861,0.000492,74.125.130.0-255,2902,18687,70,284652
10862,0.000494,172.31.40.0-255,66,18753,70,284652
10863,0.000511,74.125.130.0-255,1484,20237,70,284652
10864,0.000513,172.31.40.0-255,66,20303,70,284652
10865,0.000535,74.125.130.0-255,2902,23205,70,284652
10866,0.000537,172.31.40.0-255,66,23271,70,284652
10867,0.000554,74.125.130.0-255,4320,27591,70,284652
10868,0.000556,172.31.40.0-255,66,27657,70,284652
10869,0.000565,74.125.130.0-255,1484,29141,70,284652
10870,0.000567,172.31.40.0-255,66,29207,70,284652
10871,0.000609,74.125.130.0-255,4320,33527,70,284652
10872,0.000612,172.31.40.0-255,66,33593,70,284652
10873,0.000627,74.125.130.0-255,2543,36136,70,284652
10874,0.00063,172.31.40.0-255,66,36202,70,284652
10875,0.000634,74.125.130.0-255,2902,39104,70,284652
10876,0.000636,172.31.40.0-255,66,39170,70,284652
10877,0.000658,74.125.130.0-255,4320,43490,70,284652
10878,0.000661,172.31.40.0-255,66,43556,70,284652
10879,0.000672,74.125.130.0-255,1484,45040,70,284652
10880,0.000685,74.125.130.0-255,1484,46524,70,284652
10881,0.000699,74.125.130.0-255,4320,50844,70,284652
10882,0.000729,74.125.130.0-255,5738,56582,70,284652
10883,0.00074,74.125.130.0-255,1484,58066,70,284652
10884,0.000787,74.125.130.0-255,5738,63804,70,284652
10885,0.000805,74.125.130.0-255,2184,65988,70,284652
10886,0.00084,74.125.130.0-255,645,66633,70,284652
10887,0.001008,74.125.130.0-255,1484,68117,70,284652
10888,0.001027,74.125.130.0-255,1484,69601,70,284652
10889,0.001047,74.125.130.0-255,2902,72503,70,284652
10890,0.001078,74.125.130.0-255,5738,78241,70,284652
10891,0.001094,74.125.130.0-255,4320,82561,70,284652
10892,0.00111,74.125.130.0-255,1484,84045,70,284652
10893,0.001133,74.125.130.0-255,1484,85529,70,284652
10894,0.001149,74.125.130.0-255,5738,91267,70,284652
10895,0.001179,74.125.130.0-255,2902,94169,70,284652
10896,0.001201,74.125.130.0-255,6438,100607,70,284652
10897,0.00153,74.125.130.0-255,1484,102091,70,284652
10898,0.00155,74.125.130.0-255,2902,104993,70,284652
10899,0.001564,74.125.130.0-255,2902,107895,70,284652
10900,0.001586,74.125.130.0-255,2902,110797,70,284652
10901,0.001589,74.125.130.0-255,1484,112281,70,284652
10902,0.001593,74.125.130.0-255,2902,115183,70,284652
10903,0.001622,74.125.130.0-255,5738,120921,70,284652
10904,0.001656,74.125.130.0-255,1484,122405,70,284652
10905,0.001679,74.125.130.0-255,2902,125307,70,284652
10906,0.0017,74.125.130.0-255,4320,129627,70,284652
10907,0.001715,74.125.130.0-255,1484,131111,70,284652
10908,0.001731,74.125.130.0-255,1484,132595,70,284652
10909,0.001742,74.125.130.0-255,2184,134779,70,284652
10910,0.001849,74.125.130.0-255,1484,136263,70,284652
10911,0.001872,74.125.130.0-255,2902,139165,70,284652
10912,0.001885,74.125.130.0-255,1484,140649,70,284652
10913,0.001897,74.125.130.0-255,2902,143551,70,284652
10914,0.00196,74.125.130.0-255,2902,146453,70,284652
10915,0.001973,74.125.130.0-255,2902,149355,70,284652
10916,0.001975,74.125.130.0-255,1484,150839,70,284652
10917,0.00198,74.125.130.0-255,2902,153741,70,284652
10918,0.001982,74.125.130.0-255,1484,155225,70,284652
10919,0.002002,74.125.130.0-255,4320,159545,70,284652
10920,0.002027,74.125.130.0-255,7156,166701,70,284652
10921,0.002073,74.125.130.0-255,2184,168885,70,284652
10922,0.003626,172.31.40.0-255,66,168951,70,284652
10923,0.005959,74.125.130.0-255,5738,174689,70,284652
10924,0.005967,172.31.40.0-255,66,174755,70,284652
10925,0.008325,74.125.130.0-255,5738,180493,70,284652
10926,0.008333,172.31.40.0-255,66,180559,70,284652
10927,0.010673,74.125.130.0-255,5738,186297,70,284652
10928,0.010681,172.31.40.0-255,66,186363,70,284652
10929,0.013012,74.125.130.0-255,5738,192101,70,284652
10930,0.01302,172.31.40.0-255,66,192167,70,284652
10931,0.015352,74.125.130.0-255,5738,197905,70,284652
10932,0.01536,172.31.40.0-255,66,197971,70,284652
10933,0.0177,74.125.130.0-255,5738,203709,70,284652
10934,0.017708,172.31.40.0-255,66,203775,70,284652
10935,0.020045,74.125.130.0-255,5738,209513,70,284652
10936,0.020053,172.31.40.0-255,66,209579,70,284652
10937,0.022377,74.125.130.0-255,5738,215317,70,284652
10938,0.022385,172.31.40.0-255,66,215383,70,284652
10939,0.023368,172.31.40.0-255,171,215554,70,284652
10940,0.023403,172.31.40.0-255,1142,216696,70,284652
10941,0.023455,172.31.40.0-255,1514,218210,70,284652
10942,0.023457,172.31.40.0-255,1514,219724,70,284652
10943,0.023458,172.31.40.0-255,820,220544,70,284652
10944,0.024728,74.125.130.0-255,5738,226282,70,284652
10945,0.024736,172.31.40.0-255,66,226348,70,284652
10946,0.024917,104.244.42.0-255,66,226414,70,284652
10947,0.024972,104.244.42.0-255,66,226480,70,284652
10948,0.025031,104.244.42.0-255,66,226546,70,284652
10949,0.025036,104.244.42.0-255,66,226612,70,284652
10950,0.027074,74.125.130.0-255,5738,232350,70,284652
10951,0.02708,172.31.40.0-255,66,232416,70,284652
10952,0.029419,74.125.130.0-255,5738,238154,70,284652
10953,0.029425,172.31.40.0-255,66,238220,70,284652
10954,0.031763,74.125.130.0-255,5738,243958,70,284652
10955,0.031769,172.31.40.0-255,66,244024,70,284652
10956,0.034107,74.125.130.0-255,5738,249762,70,284652
10957,0.034113,172.31.40.0-255,66,249828,70,284652
10958,0.036451,74.125.130.0-255,5738,255566,70,284652
10959,0.036457,172.31.40.0-255,66,255632,70,284652
10960,0.03882,74.125.130.0-255,5738,261370,70,284652
10961,0.03883,172.31.40.0-255,66,261436,70,284652
10962,0.041166,74.125.130.0-255,5738,267174,70,284652
10963,0.041172,172.31.40.0-255,66,267240,70,284652
10964,0.04353,74.125.130.0-255,5738,272978,70,284652
10965,0.043537,172.31.40.0-255,66,273044,70,284652
10966,0.045878,74.125.130.0-255,5738,278782,70,284652
10967,0.045885,172.31.40.0-255,66,278848,70,284652
10968,0.04824,74.125.130.0-255,5738,284586,70,284652
10969,0.048246,172.31.40.0-255,66,284652,70,284652
10970,0.0,74.125.24.0-255,153,153,70,198589
10971,2.4e-05,172.31.40.0-255,66,219,70,198589
10972,3.1e-05,74.125.24.0-255,1484,1703,70,198589
10973,3.6e-05,172.31.40.0-255,66,1769,70,198589
10974,4.2e-05,74.125.24.0-255,2902,4671,70,198589
10975,5.3e-05,172.31.40.0-255,66,4737,70,198589
10976,5.8e-05,74.125.24.0-255,2902,7639,70,198589
10977,6.1e-05,172.31.40.0-255,66,7705,70,198589
10978,7e-05,74.125.24.0-255,7798,15503,70,198589
10979,7.2e-05,172.31.40.0-255,66,15569,70,198589
10980,7.7e-05,74.125.24.0-255,2902,18471,70,198589
10981,8e-05,172.31.40.0-255,66,18537,70,198589
10982,0.000127,172.31.40.0-255,66,18603,70,198589
10983,0.000372,74.125.24.0-255,1484,20087,70,198589
10984,0.000378,172.31.40.0-255,66,20153,70,198589
10985,0.000384,74.125.24.0-255,2902,23055,70,198589
10986,0.000386,172.31.40.0-255,66,23121,70,198589
10987,0.000398,74.125.24.0-255,5738,28859,70,198589
10988,0.000401,172.31.40.0-255,66,28925,70,198589
10989,0.000448,74.125.24.0-255,9633,38558,70,198589
10990,0.000452,172.31.40.0-255,66,38624,70,198589
10991,0.000462,74.125.24.0-255,9992,48616,70,198589
10992,0.000464,172.31.40.0-255,66,48682,70,198589
10993,0.000474,74.125.24.0-255,3961,52643,70,198589
10994,0.000476,172.31.40.0-255,66,52709,70,198589
10995,0.001541,74.125.24.0-255,648,53357,70,198589
10996,0.001548,172.31.40.0-255,66,53423,70,198589
10997,0.001749,74.125.24.0-255,1484,54907,70,198589
10998,0.001754,172.31.40.0-255,66,54973,70,198589
10999,0.001761,74.125.24.0-255,2902,57875,70,198589
11000,0.001763,172.31.40.0-255,66,57941,70,198589
11001,0.001797,74.125.24.0-255,5738,63679,70,198589
11002,0.001799,172.31.40.0-255,66,63745,70,198589
11003,0.001807,74.125.24.0-255,7156,70901,70,198589
11004,0.001809,172.31.40.0-255,66,70967,70,198589
11005,0.001849,172.31.40.0-255,66,71033,70,198589
11006,0.001853,74.125.24.0-255,2184,73217,70,198589
11007,0.001854,172.31.40.0-255,66,73283,70,198589
11008,0.002526,74.125.24.0-255,1484,74767,70,198589
11009,0.002535,74.125.24.0-255,2902,77669,70,198589
11010,0.002538,172.31.40.0-255,66,77735,70,198589
11011,0.002545,74.125.24.0-255,4320,82055,70,198589
11012,0.002547,172.31.40.0-255,66,82121,70,198589
11013,0.002589,74.125.24.0-255,1484,83605,70,198589
11014,0.002603,172.31.40.0-255,66,83671,70,198589
11015,0.002619,74.125.24.0-255,10692,94363,70,198589
11016,0.002621,172.31.40.0-255,66,94429,70,198589
11017,0.005217,74.125.24.0-255,5738,100167,70,198589
11018,0.005222,172.31.40.0-255,66,100233,70,198589
11019,0.007884,74.125.24.0-255,5738,105971,70,198589
11020,0.007893,172.31.40.0-255,66,106037,70,198589
11021,0.010503,74.125.24.0-255,5738,111775,70,198589
11022,0.010515,172.31.40.0-255,66,111841,70,198589
11023,0.01314,74.125.24.0-255,5738,117579,70,198589
11024,0.013155,172.31.40.0-255,66,117645,70,198589
11025,0.015773,74.125.24.0-255,5738,123383,70,198589
11026,0.01578,172.31.40.0-255,66,123449,70,198589
11027,0.0184,74.125.24.0-255,5738,129187,70,198589
11028,0.018408,172.31.40.0-255,66,129253,70,198589
11029,0.021023,74.125.24.0-255,5738,134991,70,198589
11030,0.021036,172.31.40.0-255,66,135057,70,198589
11031,0.023658,74.125.24.0-255,5738,140795,70,198589
11032,0.023666,172.31.40.0-255,66,140861,70,198589
11033,0.026316,74.125.24.0-255,5738,146599,70,198589
11034,0.026325,172.31.40.0-255,66,146665,70,198589
11035,0.028966,74.125.24.0-255,5738,152403,70,198589
11036,0.028977,172.31.40.0-255,66,152469,70,198589
11037,0.031581,74.125.24.0-255,5738,158207,70,198589
11038,0.031591,172.31.40.0-255,66,158273,70,198589
11039,0.034204,74.125.24.0-255,5738,164011,70,198589
11040,0.034216,172.31.40.0-255,66,164077,70,198589
11041,0.034386,172.31.40.0-255,172,164249,70,198589
11042,0.034417,172.31.40.0-255,1118,165367,70,198589
11043,0.034562,172.31.40.0-255,1514,166881,70,198589
11044,0.034564,172.31.40.0-255,1514,168395,70,198589
11045,0.034588,172.31.40.0-255,844,169239,70,198589
11046,0.035936,104.244.42.0-255,66,169305,70,198589
11047,0.035974,104.244.42.0-255,66,169371,70,198589
11048,0.036124,104.244.42.0-255,66,169437,70,198589
11049,0.03618,104.244.42.0-255,66,169503,70,198589
11050,0.036834,74.125.24.0-255,5738,175241,70,198589
11051,0.036846,172.31.40.0-255,66,175307,70,198589
11052,0.039482,74.125.24.0-255,5738,181045,70,198589
11053,0.039493,172.31.40.0-255,66,181111,70,198589
11054,0.042169,74.125.24.0-255,5738,186849,70,198589
11055,0.042181,172.31.40.0-255,66,186915,70,198589
11056,0.044789,74.125.24.0-255,5738,192653,70,198589
11057,0.044797,172.31.40.0-255,66,192719,70,198589
11058,0.04741,74.125.24.0-255,4320,197039,70,198589
11059,0.047417,172.31.40.0-255,66,197105,70,198589
11060,0.047446,74.125.24.0-255,1484,198589,70,198589
11061,0.0,172.217.194.0-255,146,146,70,311609
11062,1.6e-05,172.31.40.0-255,66,212,70,311609
11063,2.2e-05,172.217.194.0-255,1484,1696,70,311609
11064,2.7e-05,172.31.40.0-255,66,1762,70,311609
11065,3.8e-05,172.217.194.0-255,2902,4664,70,311609
11066,4.1e-05,172.31.40.0-255,66,4730,70,311609
11067,4.9e-05,172.217.194.0-255,5738,10468,70,311609
11068,5.3e-05,172.31.40.0-255,66,10534,70,311609
11069,6.9e-05,172.217.194.0-255,1484,12018,70,311609
11070,7.7e-05,172.31.40.0-255,66,12084,70,311609
11071,8.2e-05,172.217.194.0-255,2030,14114,70,311609
11072,8.4e-05,172.31.40.0-255,66,14180,70,311609
11073,9e-05,172.217.194.0-255,4320,18500,70,311609
11074,9.2e-05,172.31.40.0-255,66,18566,70,311609
11075,0.000125,172.217.194.0-255,7156,25722,70,311609
11076,0.000132,172.31.40.0-255,66,25788,70,311609
11077,0.00014,172.217.194.0-255,7156,32944,70,311609
11078,0.000142,172.31.40.0-255,66,33010,70,311609
11079,0.000178,172.31.40.0-255,66,33076,70,311609
11080,0.000206,172.217.194.0-255,3602,36678,70,311609
11081,0.000208,172.31.40.0-255,66,36744,70,311609
11082,0.000227,172.31.40.0-255,66,36810,70,311609
11083,0.000244,172.217.194.0-255,2902,39712,70,311609
11084,0.000247,172.31.40.0-255,66,39778,70,311609
11085,0.00025,172.217.194.0-255,1414,41192,70,311609
11086,0.000252,172.31.40.0-255,66,41258,70,311609
11087,0.000293,172.217.194.0-255,98,41356,70,311609
11088,0.000296,172.31.40.0-255,66,41422,70,311609
11089,0.000458,172.217.194.0-255,1484,42906,70,311609
11090,0.000463,172.31.40.0-255,66,42972,70,311609
11091,0.000469,172.217.194.0-255,2902,45874,70,311609
11092,0.000471,172.31.40.0-255,66,45940,70,311609
11093,0.000499,172.217.194.0-255,5738,51678,70,311609
11094,0.000502,172.31.40.0-255,66,51744,70,311609
11095,0.000509,172.217.194.0-255,5738,57482,70,311609
11096,0.000511,172.31.40.0-255,66,57548,70,311609
11097,0.000547,172.31.40.0-255,66,57614,70,311609
11098,0.000552,172.217.194.0-255,3961,61575,70,311609
11099,0.000554,172.31.40.0-255,66,61641,70,311609
11100,0.000914,172.217.194.0-255,1484,63125,70,311609
11101,0.000938,172.217.194.0-255,1484,64609,70,311609
11102,0.000942,172.31.40.0-255,66,64675,70,311609
11103,0.000948,172.217.194.0-255,2902,67577,70,311609
11104,0.00095,172.31.40.0-255,66,67643,70,311609
11105,0.000981,172.217.194.0-255,5738,73381,70,311609
11106,0.000983,172.31.40.0-255,66,73447,70,311609
11107,0.001016,172.217.194.0-255,5738,79185,70,311609
11108,0.001018,172.31.40.0-255,66,79251,70,311609
11109,0.001026,172.217.194.0-255,7156,86407,70,311609
11110,0.001028,172.31.40.0-255,66,86473,70,311609
11111,0.001043,172.217.194.0-255,1484,87957,70,311609
11112,0.001067,172.217.194.0-255,7575,95532,70,311609
11113,0.001069,172.31.40.0-255,66,95598,70,311609
11114,0.001091,172.217.194.0-255,2902,98500,70,311609
11115,0.001095,172.31.40.0-255,66,98566,70,311609
11116,0.001127,172.217.194.0-255,7156,105722,70,311609
11117,0.00113,172.31.40.0-255,66,105788,70,311609
11118,0.001138,172.217.194.0-255,8574,114362,70,311609
11119,0.00114,172.31.40.0-255,66,114428,70,311609
11120,0.001154,172.217.194.0-255,9992,124420,70,311609
11121,0.001156,172.31.40.0-255,66,124486,70,311609
11122,0.001163,172.217.194.0-255,5020,129506,70,311609
11123,0.001202,172.31.40.0-255,66,129572,70,311609
11124,0.001478,172.217.194.0-255,1484,131056,70,311609
11125,0.001485,172.217.194.0-255,2902,133958,70,311609
11126,0.001489,172.31.40.0-255,66,134024,70,311609
11127,0.001497,172.217.194.0-255,5738,139762,70,311609
11128,0.001499,172.31.40.0-255,66,139828,70,311609
11129,0.001527,172.217.194.0-255,7156,146984,70,311609
11130,0.00153,172.31.40.0-255,66,147050,70,311609
11131,0.001536,172.217.194.0-255,4320,151370,70,311609
11132,0.001538,172.31.40.0-255,66,151436,70,311609
11133,0.001565,172.217.194.0-255,9992,161428,70,311609
11134,0.001572,172.31.40.0-255,66,161494,70,311609
11135,0.001577,172.217.194.0-255,2184,163678,70,311609
11136,0.001579,172.31.40.0-255,66,163744,70,311609
11137,0.001697,172.217.194.0-255,1484,165228,70,311609
11138,0.001703,172.217.194.0-255,2902,168130,70,311609
11139,0.001707,172.31.40.0-255,66,168196,70,311609
11140,0.001744,172.217.194.0-255,5738,173934,70,311609
11141,0.001748,172.31.40.0-255,66,174000,70,311609
11142,0.001756,172.217.194.0-255,7156,181156,70,311609
11143,0.001758,172.31.40.0-255,66,181222,70,311609
11144,0.001785,172.217.194.0-255,2902,184124,70,311609
11145,0.001787,172.31.40.0-255,66,184190,70,311609
11146,0.001801,172.31.40.0-255,66,184256,70,311609
11147,0.001812,172.217.194.0-255,6438,190694,70,311609
11148,0.001814,172.31.40.0-255,66,190760,70,311609
11149,0.001821,172.217.194.0-255,7156,197916,70,311609
11150,0.001824,172.31.40.0-255,66,197982,70,311609
11151,0.001891,172.217.194.0-255,6438,204420,70,311609
11152,0.001899,172.31.40.0-255,66,204486,70,311609
11153,0.001954,172.31.40.0-255,66,204552,70,311609
11154,0.001985,172.217.194.0-255,7156,211708,70,311609
11155,0.001991,172.31.40.0-255,66,211774,70,311609
11156,0.002014,172.217.194.0-255,10692,222466,70,311609
11157,0.002029,172.31.40.0-255,66,222532,70,311609
11158,0.003982,172.217.194.0-255,5738,228270,70,311609
11159,0.00399,172.31.40.0-255,66,228336,70,311609
11160,0.005922,172.217.194.0-255,5738,234074,70,311609
11161,0.00593,172.31.40.0-255,66,234140,70,311609
11162,0.007863,172.217.194.0-255,5738,239878,70,311609
11163,0.007869,172.31.40.0-255,66,239944,70,311609
11164,0.009807,172.217.194.0-255,5738,245682,70,311609
11165,0.009813,172.31.40.0-255,66,245748,70,311609
11166,0.011781,172.217.194.0-255,5738,251486,70,311609
11167,0.011794,172.31.40.0-255,66,251552,70,311609
11168,0.013751,172.217.194.0-255,5738,257290,70,311609
11169,0.013761,172.31.40.0-255,66,257356,70,311609
11170,0.015698,172.217.194.0-255,5738,263094,70,311609
11171,0.015704,172.31.40.0-255,66,263160,70,311609
11172,0.017694,172.217.194.0-255,5738,268898,70,311609
11173,0.017705,172.31.40.0-255,66,268964,70,311609
11174,0.019657,172.217.194.0-255,5738,274702,70,311609
11175,0.019666,172.31.40.0-255,66,274768,70,311609
11176,0.021612,172.217.194.0-255,5738,280506,70,311609
11177,0.021619,172.31.40.0-255,66,280572,70,311609
11178,0.023586,172.217.194.0-255,5738,286310,70,311609
11179,0.023594,172.31.40.0-255,66,286376,70,311609
11180,0.025548,172.217.194.0-255,5738,292114,70,311609
11181,0.025557,172.31.40.0-255,66,292180,70,311609
11182,0.027519,172.217.194.0-255,5738,297918,70,311609
11183,0.027527,172.31.40.0-255,66,297984,70,311609
11184,0.029494,172.217.194.0-255,5738,303722,70,311609
11185,0.029506,172.31.40.0-255,66,303788,70,311609
11186,0.031451,172.217.194.0-255,5738,309526,70,311609
11187,0.031458,172.31.40.0-255,66,309592,70,311609
11188,0.033388,172.217.194.0-255,1780,311372,70,311609
11189,0.033395,172.31.40.0-255,66,311438,70,311609
11190,0.03356,172.31.40.0-255,105,311543,70,311609
11191,0.03548,172.217.194.0-255,66,311609,70,311609
11192,0.0,172.217.194.0-255,297,297,70,389666
11193,1.8e-05,172.31.40.0-255,66,363,70,389666
11194,2.4e-05,172.217.194.0-255,1484,1847,70,389666
11195,2.8e-05,172.31.40.0-255,66,1913,70,389666
11196,3.5e-05,172.217.194.0-255,4320,6233,70,389666
11197,3.9e-05,172.31.40.0-255,66,6299,70,389666
11198,6.6e-05,172.217.194.0-255,7156,13455,70,389666
11199,7e-05,172.31.40.0-255,66,13521,70,389666
11200,0.000104,172.217.194.0-255,4320,17841,70,389666
11201,0.000107,172.31.40.0-255,66,17907,70,389666
11202,0.000121,172.217.194.0-255,3337,21244,70,389666
11203,0.000123,172.31.40.0-255,66,21310,70,389666
11204,0.000128,172.217.194.0-255,2902,24212,70,389666
11205,0.00013,172.31.40.0-255,66,24278,70,389666
11206,0.000158,172.217.194.0-255,5738,30016,70,389666
11207,0.00016,172.31.40.0-255,66,30082,70,389666
11208,0.000185,172.217.194.0-255,9992,40074,70,389666
11209,0.000187,172.31.40.0-255,66,40140,70,389666
11210,0.000206,172.217.194.0-255,7856,47996,70,389666
11211,0.000208,172.31.40.0-255,66,48062,70,389666
11212,0.000243,172.217.194.0-255,1484,49546,70,389666
11213,0.000246,172.31.40.0-255,66,49612,70,389666
11214,0.00025,172.217.194.0-255,2902,52514,70,389666
11215,0.000252,172.31.40.0-255,66,52580,70,389666
11216,0.000259,172.217.194.0-255,5738,58318,70,389666
11217,0.000261,172.31.40.0-255,66,58384,70,389666
11218,0.000264,172.217.194.0-255,1484,59868,70,389666
11219,0.000266,172.31.40.0-255,66,59934,70,389666
11220,0.000327,172.217.194.0-255,4320,64254,70,389666
11221,0.000331,172.31.40.0-255,66,64320,70,389666
11222,0.000349,172.217.194.0-255,1713,66033,70,389666
11223,0.000351,172.31.40.0-255,66,66099,70,389666
11224,0.000491,172.217.194.0-255,1484,67583,70,389666
11225,0.000498,172.217.194.0-255,2902,70485,70,389666
11226,0.000501,172.217.194.0-255,1484,71969,70,389666
11227,0.000508,172.31.40.0-255,66,72035,70,389666
11228,0.00052,172.217.194.0-255,4320,76355,70,389666
11229,0.000525,172.31.40.0-255,66,76421,70,389666
11230,0.000547,172.217.194.0-255,5738,82159,70,389666
11231,0.000574,172.217.194.0-255,2902,85061,70,389666
11232,0.000584,172.31.40.0-255,66,85127,70,389666
11233,0.000593,172.217.194.0-255,8574,93701,70,389666
11234,0.000603,172.31.40.0-255,66,93767,70,389666
11235,0.000607,172.217.194.0-255,2543,96310,70,389666
11236,0.000612,172.217.194.0-255,3961,100271,70,389666
11237,0.000636,172.31.40.0-255,66,100337,70,389666
11238,0.000787,172.217.194.0-255,1484,101821,70,389666
11239,0.00079,172.217.194.0-255,1484,103305,70,389666
11240,0.000805,172.31.40.0-255,66,103371,70,389666
11241,0.000809,172.217.194.0-255,1484,104855,70,389666
11242,0.000811,172.217.194.0-255,1484,106339,70,389666
11243,0.000826,172.217.194.0-255,4320,110659,70,389666
11244,0.000829,172.217.194.0-255,1484,112143,70,389666
11245,0.000845,172.217.194.0-255,8574,120717,70,389666
11246,0.000863,172.31.40.0-255,66,120783,70,389666
11247,0.000891,172.217.194.0-255,5738,126521,70,389666
11248,0.000899,172.31.40.0-255,66,126587,70,389666
11249,0.000917,172.217.194.0-255,7856,134443,70,389666
11250,0.000937,172.31.40.0-255,66,134509,70,389666
11251,0.001013,172.217.194.0-255,1484,135993,70,389666
11252,0.001018,172.217.194.0-255,2902,138895,70,389666
11253,0.001032,172.31.40.0-255,66,138961,70,389666
11254,0.001045,172.217.194.0-255,5738,144699,70,389666
11255,0.001061,172.217.194.0-255,4320,149019,70,389666
11256,0.001083,172.217.194.0-255,8574,157593,70,389666
11257,0.001127,172.217.194.0-255,8574,166167,70,389666
11258,0.001132,172.31.40.0-255,66,166233,70,389666
11259,0.001141,172.217.194.0-255,2184,168417,70,389666
11260,0.001173,172.31.40.0-255,66,168483,70,389666
11261,0.001198,172.217.194.0-255,1484,169967,70,389666
11262,0.001202,172.217.194.0-255,2902,172869,70,389666
11263,0.001209,172.31.40.0-255,66,172935,70,389666
11264,0.001222,172.217.194.0-255,2902,175837,70,389666
11265,0.001238,172.217.194.0-255,2902,178739,70,389666
11266,0.00124,172.217.194.0-255,1484,180223,70,389666
11267,0.001244,172.31.40.0-255,66,180289,70,389666
11268,0.001254,172.217.194.0-255,5738,186027,70,389666
11269,0.001272,172.217.194.0-255,7156,193183,70,389666
11270,0.001277,172.217.194.0-255,4320,197503,70,389666
11271,0.00128,172.31.40.0-255,66,197569,70,389666
11272,0.001301,172.217.194.0-255,5020,202589,70,389666
11273,0.001313,172.31.40.0-255,66,202655,70,389666
11274,0.001349,172.217.194.0-255,1484,204139,70,389666
11275,0.001368,172.217.194.0-255,2902,207041,70,389666
11276,0.001383,172.217.194.0-255,4320,211361,70,389666
11277,0.001389,172.217.194.0-255,2902,214263,70,389666
11278,0.001396,172.31.40.0-255,66,214329,70,389666
11279,0.001407,172.217.194.0-255,2902,217231,70,389666
11280,0.001424,172.217.194.0-255,7156,224387,70,389666
11281,0.001435,172.31.40.0-255,66,224453,70,389666
11282,0.001447,172.217.194.0-255,4320,228773,70,389666
11283,0.001453,172.217.194.0-255,5738,234511,70,389666
11284,0.001457,172.31.40.0-255,66,234577,70,389666
11285,0.00148,172.217.194.0-255,2184,236761,70,389666
11286,0.00149,172.31.40.0-255,66,236827,70,389666
11287,0.001671,172.217.194.0-255,1484,238311,70,389666
11288,0.001676,172.217.194.0-255,2902,241213,70,389666
11289,0.001694,172.31.40.0-255,66,241279,70,389666
11290,0.001714,172.217.194.0-255,4320,245599,70,389666
11291,0.001718,172.31.40.0-255,66,245665,70,389666
11292,0.001728,172.217.194.0-255,1484,247149,70,389666
11293,0.00173,172.217.194.0-255,1484,248633,70,389666
11294,0.00174,172.31.40.0-255,66,248699,70,389666
11295,0.001763,172.217.194.0-255,5738,254437,70,389666
11296,0.001769,172.31.40.0-255,66,254503,70,389666
11297,0.001792,172.217.194.0-255,2902,257405,70,389666
11298,0.001802,172.217.194.0-255,2184,259589,70,389666
11299,0.001808,172.31.40.0-255,66,259655,70,389666
11300,0.002416,172.217.194.0-255,1484,261139,70,389666
11301,0.002421,172.217.194.0-255,2902,264041,70,389666
11302,0.002424,172.31.40.0-255,66,264107,70,389666
11303,0.002444,172.217.194.0-255,4320,268427,70,389666
11304,0.002454,172.31.40.0-255,66,268493,70,389666
11305,0.002463,172.217.194.0-255,1484,269977,70,389666
11306,0.002482,172.217.194.0-255,1484,271461,70,389666
11307,0.002496,172.217.194.0-255,9992,281453,70,389666
11308,0.002498,172.31.40.0-255,66,281519,70,389666
11309,0.002502,172.31.40.0-255,66,281585,70,389666
11310,0.002519,172.217.194.0-255,1484,283069,70,389666
11311,0.002527,172.217.194.0-255,9992,293061,70,389666
11312,0.002529,172.217.194.0-255,766,293827,70,389666
11313,0.00254,172.31.40.0-255,66,293893,70,389666
11314,0.005034,172.217.194.0-255,5738,299631,70,389666
11315,0.005041,172.31.40.0-255,66,299697,70,389666
11316,0.007518,172.217.194.0-255,4320,304017,70,389666
11317,0.007533,172.217.194.0-255,1484,305501,70,389666
11318,0.011124,172.31.40.0-255,66,305567,70,389666
11319,0.013626,172.217.194.0-255,5738,311305,70,389666
11320,0.013635,172.31.40.0-255,66,311371,70,389666
11321,0.016148,172.217.194.0-255,5738,317109,70,389666
11322,0.016157,172.31.40.0-255,66,317175,70,389666
11323,0.018712,172.217.194.0-255,5738,322913,70,389666
11324,0.019847,172.31.40.0-255,66,322979,70,389666
11325,0.022379,172.217.194.0-255,4320,327299,70,389666
11326,0.022387,172.31.40.0-255,66,327365,70,389666
11327,0.022406,172.217.194.0-255,1484,328849,70,389666
11328,0.024862,172.217.194.0-255,4320,333169,70,389666
11329,0.024868,172.31.40.0-255,66,333235,70,389666
11330,0.027445,172.217.194.0-255,5738,338973,70,389666
11331,0.027482,172.31.40.0-255,66,339039,70,389666
11332,0.030028,172.217.194.0-255,5738,344777,70,389666
11333,0.030035,172.31.40.0-255,66,344843,70,389666
11334,0.032541,172.217.194.0-255,5738,350581,70,389666
11335,0.032549,172.31.40.0-255,66,350647,70,389666
11336,0.034101,172.31.40.0-255,172,350819,70,389666
11337,0.034146,172.31.40.0-255,1113,351932,70,389666
11338,0.034201,172.31.40.0-255,1514,353446,70,389666
11339,0.034203,172.31.40.0-255,1330,354776,70,389666
11340,0.035045,172.217.194.0-255,5738,360514,70,389666
11341,0.035053,172.31.40.0-255,66,360580,70,389666
11342,0.035768,104.244.42.0-255,66,360646,70,389666
11343,0.037598,172.217.194.0-255,5738,366384,70,389666
11344,0.037603,172.31.40.0-255,66,366450,70,389666
11345,0.040091,172.217.194.0-255,5738,372188,70,389666
11346,0.040101,172.31.40.0-255,66,372254,70,389666
11347,0.042596,172.217.194.0-255,5738,377992,70,389666
11348,0.042602,172.31.40.0-255,66,378058,70,389666
11349,0.045119,172.217.194.0-255,5738,383796,70,389666
11350,0.045125,172.31.40.0-255,66,383862,70,389666
11351,0.047611,172.217.194.0-255,5738,389600,70,389666
11352,0.047617,172.31.40.0-255,66,389666,70,389666
11353,0.0,74.125.130.0-255,152,152,70,311475
11354,2.1e-05,172.31.40.0-255,66,218,70,311475
11355,2.9e-05,74.125.130.0-255,1484,1702,70,311475
11356,3.4e-05,172.31.40.0-255,66,1768,70,311475
11357,3.9e-05,74.125.130.0-255,2902,4670,70,311475
11358,4.2e-05,172.31.40.0-255,66,4736,70,311475
11359,4.7e-05,74.125.130.0-255,2902,7638,70,311475
11360,5.1e-05,172.31.40.0-255,66,7704,70,311475
11361,5.8e-05,74.125.130.0-255,4320,12024,70,311475
11362,6.1e-05,172.31.40.0-255,66,12090,70,311475
11363,9e-05,74.125.130.0-255,1976,14066,70,311475
11364,9.3e-05,172.31.40.0-255,66,14132,70,311475
11365,0.000144,74.125.130.0-255,1484,15616,70,311475
11366,0.000147,172.31.40.0-255,66,15682,70,311475
11367,0.00015,74.125.130.0-255,1484,17166,70,311475
11368,0.000153,172.31.40.0-255,66,17232,70,311475
11369,0.000168,74.125.130.0-255,1484,18716,70,311475
11370,0.000173,172.31.40.0-255,66,18782,70,311475
11371,0.000195,74.125.130.0-255,5738,24520,70,311475
11372,0.000198,172.31.40.0-255,66,24586,70,311475
11373,0.000201,74.125.130.0-255,1484,26070,70,311475
11374,0.000203,172.31.40.0-255,66,26136,70,311475
11375,0.000221,74.125.130.0-255,5379,31515,70,311475
11376,0.000225,172.31.40.0-255,66,31581,70,311475
11377,0.00042,74.125.130.0-255,1484,33065,70,311475
11378,0.000425,172.31.40.0-255,66,33131,70,311475
11379,0.000442,74.125.130.0-255,2902,36033,70,311475
11380,0.000445,172.31.40.0-255,66,36099,70,311475
11381,0.000451,74.125.130.0-255,4320,40419,70,311475
11382,0.000453,172.31.40.0-255,66,40485,70,311475
11383,0.000491,74.125.130.0-255,4320,44805,70,311475
11384,0.000494,172.31.40.0-255,66,44871,70,311475
11385,0.000516,74.125.130.0-255,5379,50250,70,311475
11386,0.000534,74.125.130.0-255,4320,54570,70,311475
11387,0.000542,172.31.40.0-255,66,54636,70,311475
11388,0.000566,74.125.130.0-255,5738,60374,70,311475
11389,0.000573,74.125.130.0-255,5629,66003,70,311475
11390,0.000576,74.125.130.0-255,123,66126,70,311475
11391,0.000581,172.31.40.0-255,66,66192,70,311475
11392,0.000676,74.125.130.0-255,1484,67676,70,311475
11393,0.000695,74.125.130.0-255,2902,70578,70,311475
11394,0.0007,172.31.40.0-255,66,70644,70,311475
11395,0.000716,74.125.130.0-255,5738,76382,70,311475
11396,0.000733,74.125.130.0-255,5738,82120,70,311475
11397,0.000749,74.125.130.0-255,7156,89276,70,311475
11398,0.000754,74.125.130.0-255,4320,93596,70,311475
11399,0.00076,172.31.40.0-255,66,93662,70,311475
11400,0.000773,74.125.130.0-255,2902,96564,70,311475
11401,0.000795,74.125.130.0-255,3915,100479,70,311475
11402,0.000809,172.31.40.0-255,66,100545,70,311475
11403,0.001082,74.125.130.0-255,1484,102029,70,311475
11404,0.001093,74.125.130.0-255,1484,103513,70,311475
11405,0.001097,172.31.40.0-255,66,103579,70,311475
11406,0.001116,74.125.130.0-255,1484,105063,70,311475
11407,0.001123,74.125.130.0-255,5738,110801,70,311475
11408,0.001134,172.31.40.0-255,66,110867,70,311475
11409,0.00118,74.125.130.0-255,7156,118023,70,311475
11410,0.001198,74.125.130.0-255,1484,119507,70,311475
11411,0.001216,74.125.130.0-255,2184,121691,70,311475
11412,0.001342,172.31.40.0-255,66,121757,70,311475
11413,0.001689,74.125.130.0-255,1484,123241,70,311475
11414,0.001696,74.125.130.0-255,2902,126143,70,311475
11415,0.001699,172.31.40.0-255,66,126209,70,311475
11416,0.001718,74.125.130.0-255,4320,130529,70,311475
11417,0.001726,172.31.40.0-255,66,130595,70,311475
11418,0.001752,74.125.130.0-255,8574,139169,70,311475
11419,0.001757,172.31.40.0-255,66,139235,70,311475
11420,0.001769,74.125.130.0-255,2902,142137,70,311475
11421,0.001788,74.125.130.0-255,8574,150711,70,311475
11422,0.001793,172.31.40.0-255,66,150777,70,311475
11423,0.001816,74.125.130.0-255,5020,155797,70,311475
11424,0.001822,172.31.40.0-255,66,155863,70,311475
11425,0.001891,74.125.130.0-255,1484,157347,70,311475
11426,0.001897,74.125.130.0-255,2902,160249,70,311475
11427,0.001915,74.125.130.0-255,2902,163151,70,311475
11428,0.001931,74.125.130.0-255,4320,167471,70,311475
11429,0.001935,172.31.40.0-255,66,167537,70,311475
11430,0.001948,74.125.130.0-255,4320,171857,70,311475
11431,0.001965,74.125.130.0-255,4320,176177,70,311475
11432,0.001979,74.125.130.0-255,2902,179079,70,311475
11433,0.001982,172.31.40.0-255,66,179145,70,311475
11434,0.001987,172.31.40.0-255,66,179211,70,311475
11435,0.002004,74.125.130.0-255,10692,189903,70,311475
11436,0.002025,172.31.40.0-255,66,189969,70,311475
11437,0.004048,74.125.130.0-255,5738,195707,70,311475
11438,0.004055,172.31.40.0-255,66,195773,70,311475
11439,0.006063,74.125.130.0-255,5738,201511,70,311475
11440,0.009005,172.31.40.0-255,66,201577,70,311475
11441,0.011039,74.125.130.0-255,5738,207315,70,311475
11442,0.011047,172.31.40.0-255,66,207381,70,311475
11443,0.013104,74.125.130.0-255,5738,213119,70,311475
11444,0.0137,172.31.40.0-255,66,213185,70,311475
11445,0.015724,74.125.130.0-255,5738,218923,70,311475
11446,0.015733,172.31.40.0-255,66,218989,70,311475
11447,0.017761,74.125.130.0-255,5738,224727,70,311475
11448,0.017769,172.31.40.0-255,66,224793,70,311475
11449,0.019795,74.125.130.0-255,5738,230531,70,311475
11450,0.019803,172.31.40.0-255,66,230597,70,311475
11451,0.021813,74.125.130.0-255,5738,236335,70,311475
11452,0.021819,172.31.40.0-255,66,236401,70,311475
11453,0.023838,74.125.130.0-255,5738,242139,70,311475
11454,0.023844,172.31.40.0-255,66,242205,70,311475
11455,0.02587,74.125.130.0-255,5738,247943,70,311475
11456,0.029269,172.31.40.0-255,66,248009,70,311475
11457,0.031313,74.125.130.0-255,5738,253747,70,311475
11458,0.03133,172.31.40.0-255,66,253813,70,311475
11459,0.033367,74.125.130.0-255,5738,259551,70,311475
11460,0.033376,172.31.40.0-255,66,259617,70,311475
11461,0.035409,74.125.130.0-255,5738,265355,70,311475
11462,0.035421,172.31.40.0-255,66,265421,70,311475
11463,0.037423,74.125.130.0-255,5738,271159,70,311475
11464,0.037429,172.31.40.0-255,66,271225,70,311475
11465,0.039458,74.125.130.0-255,5738,276963,70,311475
11466,0.039473,172.31.40.0-255,66,277029,70,311475
11467,0.041504,74.125.130.0-255,5738,282767,70,311475
11468,0.04151,172.31.40.0-255,66,282833,70,311475
11469,0.042249,172.31.40.0-255,172,283005,70,311475
11470,0.042279,172.31.40.0-255,1117,284122,70,311475
11471,0.042343,172.31.40.0-255,1514,285636,70,311475
11472,0.042345,172.31.40.0-255,1514,287150,70,311475
11473,0.042346,172.31.40.0-255,845,287995,70,311475
11474,0.043528,74.125.130.0-255,5738,293733,70,311475
11475,0.043536,172.31.40.0-255,66,293799,70,311475
11476,0.043807,104.244.42.0-255,66,293865,70,311475
11477,0.043845,104.244.42.0-255,66,293931,70,311475
11478,0.043945,104.244.42.0-255,66,293997,70,311475
11479,0.043952,104.244.42.0-255,66,294063,70,311475
11480,0.045598,74.125.130.0-255,5738,299801,70,311475
11481,0.045613,172.31.40.0-255,66,299867,70,311475
11482,0.04765,74.125.130.0-255,5738,305605,70,311475
11483,0.047664,172.31.40.0-255,66,305671,70,311475
11484,0.049686,74.125.130.0-255,5738,311409,70,311475
11485,0.049693,172.31.40.0-255,66,311475,70,311475
11486,0.0,172.217.194.0-255,153,153,70,195902
11487,2.2e-05,172.31.40.0-255,66,219,70,195902
11488,2.9e-05,172.217.194.0-255,1484,1703,70,195902
11489,3.3e-05,172.31.40.0-255,66,1769,70,195902
11490,3.9e-05,172.217.194.0-255,2902,4671,70,195902
11491,4.4e-05,172.31.40.0-255,66,4737,70,195902
11492,9.3e-05,172.217.194.0-255,4320,9057,70,195902
11493,9.6e-05,172.31.40.0-255,66,9123,70,195902
11494,0.000113,172.217.194.0-255,2902,12025,70,195902
11495,0.000115,172.31.40.0-255,66,12091,70,195902
11496,0.000273,172.217.194.0-255,2069,14160,70,195902
11497,0.000279,172.31.40.0-255,66,14226,70,195902
11498,0.000325,172.217.194.0-255,4320,18546,70,195902
11499,0.000328,172.31.40.0-255,66,18612,70,195902
11500,0.000351,172.217.194.0-255,7156,25768,70,195902
11501,0.000354,172.31.40.0-255,66,25834,70,195902
11502,0.000614,172.217.194.0-255,5738,31572,70,195902
11503,0.000619,172.31.40.0-255,66,31638,70,195902
11504,0.000654,172.31.40.0-255,66,31704,70,195902
11505,0.001218,172.31.40.0-255,66,31770,70,195902
11506,0.00124,172.217.194.0-255,1376,33146,70,195902
11507,0.001243,172.31.40.0-255,66,33212,70,195902
11508,0.001656,172.217.194.0-255,8574,41786,70,195902
11509,0.001663,172.31.40.0-255,66,41852,70,195902
11510,0.001694,172.217.194.0-255,8630,50482,70,195902
11511,0.001697,172.31.40.0-255,66,50548,70,195902
11512,0.002051,172.217.194.0-255,4320,54868,70,195902
11513,0.002055,172.31.40.0-255,66,54934,70,195902
11514,0.002091,172.31.40.0-255,66,55000,70,195902
11515,0.002467,172.217.194.0-255,8574,63574,70,195902
11516,0.003099,172.31.40.0-255,66,63640,70,195902
11517,0.00336,172.217.194.0-255,5738,69378,70,195902
11518,0.003375,172.217.194.0-255,2902,72280,70,195902
11519,0.003388,172.31.40.0-255,66,72346,70,195902
11520,0.003481,172.31.40.0-255,66,72412,70,195902
11521,0.003497,172.217.194.0-255,10425,82837,70,195902
11522,0.003552,172.31.40.0-255,66,82903,70,195902
11523,0.005842,172.217.194.0-255,4320,87223,70,195902
11524,0.005848,172.31.40.0-255,66,87289,70,195902
11525,0.005864,172.217.194.0-255,1484,88773,70,195902
11526,0.008107,172.217.194.0-255,4320,93093,70,195902
11527,0.008114,172.31.40.0-255,66,93159,70,195902
11528,0.010395,172.217.194.0-255,5738,98897,70,195902
11529,0.010536,172.31.40.0-255,66,98963,70,195902
11530,0.012826,172.217.194.0-255,5738,104701,70,195902
11531,0.012833,172.31.40.0-255,66,104767,70,195902
11532,0.01515,172.217.194.0-255,5738,110505,70,195902
11533,0.015159,172.31.40.0-255,66,110571,70,195902
11534,0.017454,172.217.194.0-255,5738,116309,70,195902
11535,0.017463,172.31.40.0-255,66,116375,70,195902
11536,0.019756,172.217.194.0-255,5738,122113,70,195902
11537,0.019764,172.31.40.0-255,66,122179,70,195902
11538,0.02203,172.217.194.0-255,5738,127917,70,195902
11539,0.022036,172.31.40.0-255,66,127983,70,195902
11540,0.024305,172.217.194.0-255,5738,133721,70,195902
11541,0.024312,172.31.40.0-255,66,133787,70,195902
11542,0.026609,172.217.194.0-255,5738,139525,70,195902
11543,0.026618,172.31.40.0-255,66,139591,70,195902
11544,0.028915,172.217.194.0-255,5738,145329,70,195902
11545,0.028922,172.31.40.0-255,66,145395,70,195902
11546,0.029603,172.31.40.0-255,172,145567,70,195902
11547,0.029635,172.31.40.0-255,1118,146685,70,195902
11548,0.029696,172.31.40.0-255,1514,148199,70,195902
11549,0.029698,172.31.40.0-255,1514,149713,70,195902
11550,0.029722,172.31.40.0-255,845,150558,70,195902
11551,0.031149,104.244.42.0-255,66,150624,70,195902
11552,0.031183,104.244.42.0-255,66,150690,70,195902
11553,0.031214,172.217.194.0-255,5738,156428,70,195902
11554,0.031219,172.31.40.0-255,66,156494,70,195902
11555,0.031237,104.244.42.0-255,66,156560,70,195902
11556,0.031266,104.244.42.0-255,66,156626,70,195902
11557,0.033468,172.217.194.0-255,5738,162364,70,195902
11558,0.033474,172.31.40.0-255,66,162430,70,195902
11559,0.035716,172.217.194.0-255,5738,168168,70,195902
11560,0.035723,172.31.40.0-255,66,168234,70,195902
11561,0.038,172.217.194.0-255,4320,172554,70,195902
11562,0.038006,172.31.40.0-255,66,172620,70,195902
11563,0.038027,172.217.194.0-255,1484,174104,70,195902
11564,0.040291,172.217.194.0-255,4320,178424,70,195902
11565,0.040309,172.31.40.0-255,66,178490,70,195902
11566,0.042611,172.217.194.0-255,5738,184228,70,195902
11567,0.043171,172.31.40.0-255,66,184294,70,195902
11568,0.045441,172.217.194.0-255,5738,190032,70,195902
11569,0.045458,172.31.40.0-255,66,190098,70,195902
11570,0.04775,172.217.194.0-255,5738,195836,70,195902
11571,0.047767,172.31.40.0-255,66,195902,70,195902
11572,0.0,172.217.194.0-255,152,152,70,299081
11573,2.3e-05,172.31.40.0-255,66,218,70,299081
11574,3e-05,172.217.194.0-255,1484,1702,70,299081
11575,3.5e-05,172.31.40.0-255,66,1768,70,299081
11576,4.7e-05,172.217.194.0-255,2902,4670,70,299081
11577,5e-05,172.31.40.0-255,66,4736,70,299081
11578,5.8e-05,172.217.194.0-255,5738,10474,70,299081
11579,6.2e-05,172.31.40.0-255,66,10540,70,299081
11580,8.4e-05,172.217.194.0-255,1484,12024,70,299081
11581,8.7e-05,172.31.40.0-255,66,12090,70,299081
11582,9.2e-05,172.217.194.0-255,2002,14092,70,299081
11583,9.4e-05,172.31.40.0-255,66,14158,70,299081
11584,9.7e-05,172.217.194.0-255,1484,15642,70,299081
11585,9.9e-05,172.31.40.0-255,66,15708,70,299081
11586,0.000104,172.217.194.0-255,2902,18610,70,299081
11587,0.000106,172.31.40.0-255,66,18676,70,299081
11588,0.000147,172.217.194.0-255,5738,24414,70,299081
11589,0.000151,172.31.40.0-255,66,24480,70,299081
11590,0.000163,172.217.194.0-255,6797,31277,70,299081
11591,0.000166,172.31.40.0-255,66,31343,70,299081
11592,0.000172,172.217.194.0-255,5738,37081,70,299081
11593,0.000174,172.31.40.0-255,66,37147,70,299081
11594,0.000204,172.217.194.0-255,1484,38631,70,299081
11595,0.000206,172.31.40.0-255,66,38697,70,299081
11596,0.000213,172.217.194.0-255,5738,44435,70,299081
11597,0.000215,172.31.40.0-255,66,44501,70,299081
11598,0.000246,172.217.194.0-255,3961,48462,70,299081
11599,0.000249,172.31.40.0-255,66,48528,70,299081
11600,0.000399,172.217.194.0-255,1484,50012,70,299081
11601,0.000403,172.31.40.0-255,66,50078,70,299081
11602,0.000434,172.217.194.0-255,2902,52980,70,299081
11603,0.000437,172.31.40.0-255,66,53046,70,299081
11604,0.000468,172.217.194.0-255,4320,57366,70,299081
11605,0.000487,172.217.194.0-255,1484,58850,70,299081
11606,0.000495,172.217.194.0-255,6797,65647,70,299081
11607,0.00051,172.217.194.0-255,646,66293,70,299081
11608,0.000557,172.31.40.0-255,66,66359,70,299081
11609,0.0006,172.217.194.0-255,1484,67843,70,299081
11610,0.000605,172.217.194.0-255,2902,70745,70,299081
11611,0.000612,172.31.40.0-255,66,70811,70,299081
11612,0.000625,172.217.194.0-255,5738,76549,70,299081
11613,0.000634,172.31.40.0-255,66,76615,70,299081
11614,0.000672,172.217.194.0-255,9992,86607,70,299081
11615,0.000682,172.31.40.0-255,66,86673,70,299081
11616,0.00069,172.217.194.0-255,1484,88157,70,299081
11617,0.000731,172.31.40.0-255,66,88223,70,299081
11618,0.000765,172.217.194.0-255,1484,89707,70,299081
11619,0.000792,172.217.194.0-255,1484,91191,70,299081
11620,0.000802,172.31.40.0-255,66,91257,70,299081
11621,0.00081,172.217.194.0-255,1484,92741,70,299081
11622,0.000816,172.217.194.0-255,5738,98479,70,299081
11623,0.000825,172.31.40.0-255,66,98545,70,299081
11624,0.000865,172.217.194.0-255,6234,104779,70,299081
11625,0.000901,172.31.40.0-255,66,104845,70,299081
11626,0.00103,172.217.194.0-255,1484,106329,70,299081
11627,0.001035,172.217.194.0-255,1484,107813,70,299081
11628,0.00104,172.31.40.0-255,66,107879,70,299081
11629,0.001068,172.217.194.0-255,1484,109363,70,299081
11630,0.001075,172.217.194.0-255,5738,115101,70,299081
11631,0.00108,172.217.194.0-255,4320,119421,70,299081
11632,0.001085,172.31.40.0-255,66,119487,70,299081
11633,0.001117,172.217.194.0-255,8574,128061,70,299081
11634,0.001128,172.217.194.0-255,10692,138753,70,299081
11635,0.001139,172.31.40.0-255,66,138819,70,299081
11636,0.001905,172.217.194.0-255,1484,140303,70,299081
11637,0.00191,172.217.194.0-255,2902,143205,70,299081
11638,0.001924,172.31.40.0-255,66,143271,70,299081
11639,0.001931,172.217.194.0-255,4320,147591,70,299081
11640,0.001933,172.31.40.0-255,66,147657,70,299081
11641,0.001964,172.217.194.0-255,1484,149141,70,299081
11642,0.001981,172.217.194.0-255,5738,154879,70,299081
11643,0.001995,172.31.40.0-255,66,154945,70,299081
11644,0.002029,172.217.194.0-255,5020,159965,70,299081
11645,0.002051,172.31.40.0-255,66,160031,70,299081
11646,0.002262,172.217.194.0-255,1484,161515,70,299081
11647,0.002266,172.217.194.0-255,1484,162999,70,299081
11648,0.002269,172.31.40.0-255,66,163065,70,299081
11649,0.00228,172.217.194.0-255,1484,164549,70,299081
11650,0.002293,172.217.194.0-255,5738,170287,70,299081
11651,0.002295,172.31.40.0-255,66,170353,70,299081
11652,0.002325,172.217.194.0-255,7156,177509,70,299081
11653,0.002339,172.31.40.0-255,66,177575,70,299081
11654,0.004598,172.217.194.0-255,5738,183313,70,299081
11655,0.004605,172.31.40.0-255,66,183379,70,299081
11656,0.006859,172.217.194.0-255,5738,189117,70,299081
11657,0.006863,172.31.40.0-255,66,189183,70,299081
11658,0.009122,172.217.194.0-255,5738,194921,70,299081
11659,0.00913,172.31.40.0-255,66,194987,70,299081
11660,0.01141,172.217.194.0-255,5738,200725,70,299081
11661,0.011419,172.31.40.0-255,66,200791,70,299081
11662,0.013687,172.217.194.0-255,5738,206529,70,299081
11663,0.013697,172.31.40.0-255,66,206595,70,299081
11664,0.016006,172.217.194.0-255,5738,212333,70,299081
11665,0.016017,172.31.40.0-255,66,212399,70,299081
11666,0.018327,172.217.194.0-255,5738,218137,70,299081
11667,0.018335,172.31.40.0-255,66,218203,70,299081
11668,0.020593,172.217.194.0-255,5738,223941,70,299081
11669,0.0206,172.31.40.0-255,66,224007,70,299081
11670,0.022862,172.217.194.0-255,5738,229745,70,299081
11671,0.022868,172.31.40.0-255,66,229811,70,299081
11672,0.025175,172.217.194.0-255,5738,235549,70,299081
11673,0.025192,172.31.40.0-255,66,235615,70,299081
11674,0.027488,172.217.194.0-255,5738,241353,70,299081
11675,0.027503,172.31.40.0-255,66,241419,70,299081
11676,0.029766,172.217.194.0-255,5738,247157,70,299081
11677,0.029777,172.31.40.0-255,66,247223,70,299081
11678,0.032077,172.217.194.0-255,5738,252961,70,299081
11679,0.032092,172.31.40.0-255,66,253027,70,299081
11680,0.034364,172.217.194.0-255,5738,258765,70,299081
11681,0.034377,172.31.40.0-255,66,258831,70,299081
11682,0.036635,172.217.194.0-255,5738,264569,70,299081
11683,0.036643,172.31.40.0-255,66,264635,70,299081
11684,0.03891,172.217.194.0-255,5738,270373,70,299081
11685,0.038917,172.31.40.0-255,66,270439,70,299081
11686,0.041213,172.217.194.0-255,5738,276177,70,299081
11687,0.041221,172.31.40.0-255,66,276243,70,299081
11688,0.043509,172.217.194.0-255,5738,281981,70,299081
11689,0.043538,172.31.40.0-255,66,282047,70,299081
11690,0.045778,172.217.194.0-255,5738,287785,70,299081
11691,0.045785,172.31.40.0-255,66,287851,70,299081
11692,0.046552,172.31.40.0-255,172,288023,70,299081
11693,0.046583,172.31.40.0-255,1118,289141,70,299081
11694,0.046643,172.31.40.0-255,1514,290655,70,299081
11695,0.046645,172.31.40.0-255,1514,292169,70,299081
11696,0.046646,172.31.40.0-255,844,293013,70,299081
11697,0.048048,172.217.194.0-255,5738,298751,70,299081
11698,0.048056,172.31.40.0-255,66,298817,70,299081
11699,0.04809,104.244.42.0-255,66,298883,70,299081
11700,0.048119,104.244.42.0-255,66,298949,70,299081
11701,0.048218,104.244.42.0-255,66,299015,70,299081
11702,0.048224,104.244.42.0-255,66,299081,70,299081
11703,0.0,172.217.194.0-255,152,152,70,383339
11704,2.5e-05,172.31.40.0-255,66,218,70,383339
11705,3.3e-05,172.217.194.0-255,1484,1702,70,383339
11706,3.7e-05,172.31.40.0-255,66,1768,70,383339
11707,4.3e-05,172.217.194.0-255,2902,4670,70,383339
11708,4.7e-05,172.31.40.0-255,66,4736,70,383339
11709,5.4e-05,172.217.194.0-255,7156,11892,70,383339
11710,5.8e-05,172.31.40.0-255,66,11958,70,383339
11711,6.2e-05,172.217.194.0-255,2039,13997,70,383339
11712,6.4e-05,172.31.40.0-255,66,14063,70,383339
11713,0.000107,172.217.194.0-255,1484,15547,70,383339
11714,0.00011,172.31.40.0-255,66,15613,70,383339
11715,0.000114,172.217.194.0-255,1484,17097,70,383339
11716,0.000116,172.31.40.0-255,66,17163,70,383339
11717,0.00013,172.217.194.0-255,1484,18647,70,383339
11718,0.000133,172.31.40.0-255,66,18713,70,383339
11719,0.00014,172.217.194.0-255,5738,24451,70,383339
11720,0.000142,172.31.40.0-255,66,24517,70,383339
11721,0.000172,172.217.194.0-255,8574,33091,70,383339
11722,0.000174,172.31.40.0-255,66,33157,70,383339
11723,0.000194,172.217.194.0-255,1125,34282,70,383339
11724,0.000197,172.31.40.0-255,66,34348,70,383339
11725,0.000207,172.217.194.0-255,9992,44340,70,383339
11726,0.00021,172.31.40.0-255,66,44406,70,383339
11727,0.000215,172.217.194.0-255,3961,48367,70,383339
11728,0.000217,172.31.40.0-255,66,48433,70,383339
11729,0.000238,172.217.194.0-255,2902,51335,70,383339
11730,0.00024,172.31.40.0-255,66,51401,70,383339
11731,0.000262,172.217.194.0-255,1484,52885,70,383339
11732,0.000264,172.31.40.0-255,66,52951,70,383339
11733,0.000274,172.217.194.0-255,9992,62943,70,383339
11734,0.000276,172.31.40.0-255,66,63009,70,383339
11735,0.000281,172.217.194.0-255,2796,65805,70,383339
11736,0.000283,172.31.40.0-255,66,65871,70,383339
11737,0.000461,172.217.194.0-255,117,65988,70,383339
11738,0.000484,172.217.194.0-255,382,66370,70,383339
11739,0.000869,172.217.194.0-255,1484,67854,70,383339
11740,0.000874,172.31.40.0-255,66,67920,70,383339
11741,0.000879,172.217.194.0-255,2902,70822,70,383339
11742,0.000881,172.31.40.0-255,66,70888,70,383339
11743,0.000907,172.217.194.0-255,5738,76626,70,383339
11744,0.00091,172.31.40.0-255,66,76692,70,383339
11745,0.000918,172.217.194.0-255,8574,85266,70,383339
11746,0.000919,172.31.40.0-255,66,85332,70,383339
11747,0.000938,172.217.194.0-255,4320,89652,70,383339
11748,0.00094,172.31.40.0-255,66,89718,70,383339
11749,0.000963,172.217.194.0-255,9992,99710,70,383339
11750,0.000965,172.31.40.0-255,66,99776,70,383339
11751,0.000984,172.217.194.0-255,766,100542,70,383339
11752,0.001244,172.31.40.0-255,66,100608,70,383339
11753,0.001313,172.217.194.0-255,1484,102092,70,383339
11754,0.001318,172.217.194.0-255,2902,104994,70,383339
11755,0.001321,172.31.40.0-255,66,105060,70,383339
11756,0.001344,172.217.194.0-255,5738,110798,70,383339
11757,0.001347,172.31.40.0-255,66,110864,70,383339
11758,0.001354,172.217.194.0-255,7156,118020,70,383339
11759,0.001356,172.31.40.0-255,66,118086,70,383339
11760,0.00138,172.217.194.0-255,8574,126660,70,383339
11761,0.001382,172.31.40.0-255,66,126726,70,383339
11762,0.001408,172.217.194.0-255,5738,132464,70,383339
11763,0.001411,172.31.40.0-255,66,132530,70,383339
11764,0.001416,172.217.194.0-255,2184,134714,70,383339
11765,0.001417,172.31.40.0-255,66,134780,70,383339
11766,0.001422,172.217.194.0-255,2902,137682,70,383339
11767,0.001424,172.31.40.0-255,66,137748,70,383339
11768,0.001429,172.217.194.0-255,5738,143486,70,383339
11769,0.001431,172.31.40.0-255,66,143552,70,383339
11770,0.001448,172.217.194.0-255,1484,145036,70,383339
11771,0.001457,172.217.194.0-255,8574,153610,70,383339
11772,0.001459,172.31.40.0-255,66,153676,70,383339
11773,0.001485,172.217.194.0-255,7156,160832,70,383339
11774,0.001487,172.31.40.0-255,66,160898,70,383339
11775,0.001521,172.217.194.0-255,7856,168754,70,383339
11776,0.001524,172.31.40.0-255,66,168820,70,383339
11777,0.001548,172.217.194.0-255,2902,171722,70,383339
11778,0.001552,172.31.40.0-255,66,171788,70,383339
11779,0.001574,172.217.194.0-255,4320,176108,70,383339
11780,0.001577,172.31.40.0-255,66,176174,70,383339
11781,0.001585,172.217.194.0-255,8574,184748,70,383339
11782,0.001588,172.31.40.0-255,66,184814,70,383339
11783,0.001591,172.217.194.0-255,1484,186298,70,383339
11784,0.001623,172.217.194.0-255,9992,196290,70,383339
11785,0.001626,172.31.40.0-255,66,196356,70,383339
11786,0.001652,172.217.194.0-255,2902,199258,70,383339
11787,0.001655,172.31.40.0-255,66,199324,70,383339
11788,0.001675,172.217.194.0-255,3602,202926,70,383339
11789,0.001679,172.31.40.0-255,66,202992,70,383339
11790,0.001684,172.217.194.0-255,4320,207312,70,383339
11791,0.001686,172.31.40.0-255,66,207378,70,383339
11792,0.001703,172.217.194.0-255,2902,210280,70,383339
11793,0.001706,172.31.40.0-255,66,210346,70,383339
11794,0.001719,172.217.194.0-255,4320,214666,70,383339
11795,0.001722,172.31.40.0-255,66,214732,70,383339
11796,0.001753,172.217.194.0-255,7156,221888,70,383339
11797,0.001757,172.31.40.0-255,66,221954,70,383339
11798,0.001769,172.31.40.0-255,66,222020,70,383339
11799,0.001773,172.217.194.0-255,2184,224204,70,383339
11800,0.001775,172.31.40.0-255,66,224270,70,383339
11801,0.001852,172.217.194.0-255,1484,225754,70,383339
11802,0.001867,172.217.194.0-255,2902,228656,70,383339
11803,0.001871,172.31.40.0-255,66,228722,70,383339
11804,0.00188,172.217.194.0-255,2902,231624,70,383339
11805,0.001883,172.31.40.0-255,66,231690,70,383339
11806,0.001896,172.217.194.0-255,2902,234592,70,383339
11807,0.001898,172.31.40.0-255,66,234658,70,383339
11808,0.001962,172.31.40.0-255,66,234724,70,383339
11809,0.00197,172.217.194.0-255,7156,241880,70,383339
11810,0.001972,172.31.40.0-255,66,241946,70,383339
11811,0.001994,172.217.194.0-255,5020,246966,70,383339
11812,0.001997,172.31.40.0-255,66,247032,70,383339
11813,0.002174,172.217.194.0-255,1484,248516,70,383339
11814,0.00218,172.217.194.0-255,2902,251418,70,383339
11815,0.002183,172.31.40.0-255,66,251484,70,383339
11816,0.00219,172.217.194.0-255,5738,257222,70,383339
11817,0.002193,172.31.40.0-255,66,257288,70,383339
11818,0.002226,172.217.194.0-255,5738,263026,70,383339
11819,0.002229,172.31.40.0-255,66,263092,70,383339
11820,0.002234,172.217.194.0-255,4320,267412,70,383339
11821,0.002236,172.31.40.0-255,66,267478,70,383339
11822,0.00225,172.217.194.0-255,2902,270380,70,383339
11823,0.002252,172.31.40.0-255,66,270446,70,383339
11824,0.002282,172.217.194.0-255,10692,281138,70,383339
11825,0.002285,172.31.40.0-255,66,281204,70,383339
11826,0.002421,172.217.194.0-255,1484,282688,70,383339
11827,0.004667,172.217.194.0-255,4320,287008,70,383339
11828,0.004675,172.31.40.0-255,66,287074,70,383339
11829,0.007061,172.217.194.0-255,5738,292812,70,383339
11830,0.007067,172.31.40.0-255,66,292878,70,383339
11831,0.009474,172.217.194.0-255,5738,298616,70,383339
11832,0.009489,172.31.40.0-255,66,298682,70,383339
11833,0.011908,172.217.194.0-255,5738,304420,70,383339
11834,0.011927,172.31.40.0-255,66,304486,70,383339
11835,0.014197,172.31.40.0-255,101,304587,70,383339
11836,0.014315,172.217.194.0-255,5738,310325,70,383339
11837,0.014325,172.31.40.0-255,66,310391,70,383339
11838,0.016542,172.217.194.0-255,66,310457,70,383339
11839,0.016711,172.217.194.0-255,4320,314777,70,383339
11840,0.016716,172.31.40.0-255,66,314843,70,383339
11841,0.016734,172.217.194.0-255,1484,316327,70,383339
11842,0.019102,172.217.194.0-255,4320,320647,70,383339
11843,0.019111,172.31.40.0-255,66,320713,70,383339
11844,0.021528,172.217.194.0-255,5738,326451,70,383339
11845,0.021536,172.31.40.0-255,66,326517,70,383339
11846,0.023919,172.217.194.0-255,5738,332255,70,383339
11847,0.023927,172.31.40.0-255,66,332321,70,383339
11848,0.026341,172.217.194.0-255,5738,338059,70,383339
11849,0.026351,172.31.40.0-255,66,338125,70,383339
11850,0.028731,172.217.194.0-255,5738,343863,70,383339
11851,0.028739,172.31.40.0-255,66,343929,70,383339
11852,0.031112,172.217.194.0-255,5738,349667,70,383339
11853,0.031124,172.31.40.0-255,66,349733,70,383339
11854,0.033555,172.217.194.0-255,5738,355471,70,383339
11855,0.033573,172.31.40.0-255,66,355537,70,383339
11856,0.035972,172.217.194.0-255,5738,361275,70,383339
11857,0.03598,172.31.40.0-255,66,361341,70,383339
11858,0.038359,172.217.194.0-255,5738,367079,70,383339
11859,0.03837,172.31.40.0-255,66,367145,70,383339
11860,0.040784,172.217.194.0-255,5738,372883,70,383339
11861,0.040801,172.31.40.0-255,66,372949,70,383339
11862,0.043167,172.217.194.0-255,5738,378687,70,383339
11863,0.043175,172.31.40.0-255,66,378753,70,383339
11864,0.044627,172.31.40.0-255,172,378925,70,383339
11865,0.044658,172.31.40.0-255,1114,380039,70,383339
11866,0.044723,172.31.40.0-255,1514,381553,70,383339
11867,0.044725,172.31.40.0-255,1328,382881,70,383339
11868,0.045521,172.217.194.0-255,287,383168,70,383339
11869,0.045676,172.31.40.0-255,105,383273,70,383339
11870,0.047767,104.244.42.0-255,66,383339,70,383339
11871,0.0,74.125.24.0-255,153,153,70,259027
11872,2.2e-05,172.31.40.0-255,66,219,70,259027
11873,2.9e-05,74.125.24.0-255,1484,1703,70,259027
11874,3.3e-05,172.31.40.0-255,66,1769,70,259027
11875,4e-05,74.125.24.0-255,2902,4671,70,259027
11876,4.3e-05,172.31.40.0-255,66,4737,70,259027
11877,5.2e-05,74.125.24.0-255,7156,11893,70,259027
11878,5.5e-05,172.31.40.0-255,66,11959,70,259027
11879,5.8e-05,74.125.24.0-255,2062,14021,70,259027
11880,6.1e-05,172.31.40.0-255,66,14087,70,259027
11881,9.1e-05,74.125.24.0-255,7156,21243,70,259027
11882,9.5e-05,172.31.40.0-255,66,21309,70,259027
11883,0.000121,74.125.24.0-255,4320,25629,70,259027
11884,0.000124,172.31.40.0-255,66,25695,70,259027
11885,0.00013,74.125.24.0-255,4320,30015,70,259027
11886,0.000132,172.31.40.0-255,66,30081,70,259027
11887,0.000135,74.125.24.0-255,1125,31206,70,259027
11888,0.000138,172.31.40.0-255,66,31272,70,259027
11889,0.000229,74.125.24.0-255,1484,32756,70,259027
11890,0.000233,172.31.40.0-255,66,32822,70,259027
11891,0.000238,74.125.24.0-255,2902,35724,70,259027
11892,0.00024,172.31.40.0-255,66,35790,70,259027
11893,0.000256,74.125.24.0-255,4320,40110,70,259027
11894,0.000259,172.31.40.0-255,66,40176,70,259027
11895,0.000265,74.125.24.0-255,4320,44496,70,259027
11896,0.000267,172.31.40.0-255,66,44562,70,259027
11897,0.000287,74.125.24.0-255,4320,48882,70,259027
11898,0.00029,172.31.40.0-255,66,48948,70,259027
11899,0.000313,74.125.24.0-255,4320,53268,70,259027
11900,0.000315,172.31.40.0-255,66,53334,70,259027
11901,0.000347,172.31.40.0-255,66,53400,70,259027
11902,0.000349,74.125.24.0-255,430,53830,70,259027
11903,0.000518,74.125.24.0-255,1484,55314,70,259027
11904,0.000522,172.31.40.0-255,66,55380,70,259027
11905,0.000529,74.125.24.0-255,2902,58282,70,259027
11906,0.000531,172.31.40.0-255,66,58348,70,259027
11907,0.000537,74.125.24.0-255,5738,64086,70,259027
11908,0.00054,172.31.40.0-255,66,64152,70,259027
11909,0.000573,172.31.40.0-255,66,64218,70,259027
11910,0.000579,74.125.24.0-255,4320,68538,70,259027
11911,0.000581,172.31.40.0-255,66,68604,70,259027
11912,0.000601,74.125.24.0-255,6438,75042,70,259027
11913,0.000604,172.31.40.0-255,66,75108,70,259027
11914,0.000606,74.125.24.0-255,343,75451,70,259027
11915,0.001085,74.125.24.0-255,1484,76935,70,259027
11916,0.00109,172.31.40.0-255,66,77001,70,259027
11917,0.001096,74.125.24.0-255,2902,79903,70,259027
11918,0.001098,172.31.40.0-255,66,79969,70,259027
11919,0.001144,74.125.24.0-255,5738,85707,70,259027
11920,0.001146,172.31.40.0-255,66,85773,70,259027
11921,0.001153,74.125.24.0-255,5738,91511,70,259027
11922,0.001155,172.31.40.0-255,66,91577,70,259027
11923,0.00119,74.125.24.0-255,1484,93061,70,259027
11924,0.001205,172.31.40.0-255,66,93127,70,259027
11925,0.00121,74.125.24.0-255,2184,95311,70,259027
11926,0.001212,172.31.40.0-255,66,95377,70,259027
11927,0.001817,74.125.24.0-255,1484,96861,70,259027
11928,0.001827,74.125.24.0-255,2902,99763,70,259027
11929,0.001831,172.31.40.0-255,66,99829,70,259027
11930,0.001838,74.125.24.0-255,4320,104149,70,259027
11931,0.00184,172.31.40.0-255,66,104215,70,259027
11932,0.001867,74.125.24.0-255,1484,105699,70,259027
11933,0.001876,74.125.24.0-255,8574,114273,70,259027
11934,0.001878,172.31.40.0-255,66,114339,70,259027
11935,0.001914,74.125.24.0-255,8574,122913,70,259027
11936,0.001917,172.31.40.0-255,66,122979,70,259027
11937,0.001942,74.125.24.0-255,6438,129417,70,259027
11938,0.001944,172.31.40.0-255,66,129483,70,259027
11939,0.004057,74.125.24.0-255,5738,135221,70,259027
11940,0.004065,172.31.40.0-255,66,135287,70,259027
11941,0.006138,74.125.24.0-255,5738,141025,70,259027
11942,0.006143,172.31.40.0-255,66,141091,70,259027
11943,0.008242,74.125.24.0-255,5738,146829,70,259027
11944,0.008248,172.31.40.0-255,66,146895,70,259027
11945,0.010347,74.125.24.0-255,5738,152633,70,259027
11946,0.010355,172.31.40.0-255,66,152699,70,259027
11947,0.012447,74.125.24.0-255,5738,158437,70,259027
11948,0.012457,172.31.40.0-255,66,158503,70,259027
11949,0.014538,74.125.24.0-255,5738,164241,70,259027
11950,0.014545,172.31.40.0-255,66,164307,70,259027
11951,0.01665,74.125.24.0-255,5738,170045,70,259027
11952,0.016659,172.31.40.0-255,66,170111,70,259027
11953,0.018815,74.125.24.0-255,5738,175849,70,259027
11954,0.018823,172.31.40.0-255,66,175915,70,259027
11955,0.020899,74.125.24.0-255,5738,181653,70,259027
11956,0.020907,172.31.40.0-255,66,181719,70,259027
11957,0.022973,74.125.24.0-255,5738,187457,70,259027
11958,0.02298,172.31.40.0-255,66,187523,70,259027
11959,0.025064,74.125.24.0-255,5738,193261,70,259027
11960,0.02507,172.31.40.0-255,66,193327,70,259027
11961,0.027164,74.125.24.0-255,5738,199065,70,259027
11962,0.027171,172.31.40.0-255,66,199131,70,259027
11963,0.02923,74.125.24.0-255,5738,204869,70,259027
11964,0.029237,172.31.40.0-255,66,204935,70,259027
11965,0.031319,74.125.24.0-255,5738,210673,70,259027
11966,0.031327,172.31.40.0-255,66,210739,70,259027
11967,0.033454,74.125.24.0-255,5738,216477,70,259027
11968,0.033462,172.31.40.0-255,66,216543,70,259027
11969,0.035584,74.125.24.0-255,5738,222281,70,259027
11970,0.035603,172.31.40.0-255,66,222347,70,259027
11971,0.037797,74.125.24.0-255,5738,228085,70,259027
11972,0.03781,172.31.40.0-255,66,228151,70,259027
11973,0.039917,74.125.24.0-255,5738,233889,70,259027
11974,0.039931,172.31.40.0-255,66,233955,70,259027
11975,0.042001,74.125.24.0-255,5738,239693,70,259027
11976,0.042016,172.31.40.0-255,66,239759,70,259027
11977,0.044092,74.125.24.0-255,5738,245497,70,259027
11978,0.044101,172.31.40.0-255,66,245563,70,259027
11979,0.04622,74.125.24.0-255,5738,251301,70,259027
11980,0.046233,172.31.40.0-255,66,251367,70,259027
11981,0.048313,74.125.24.0-255,5738,257105,70,259027
11982,0.04832,172.31.40.0-255,66,257171,70,259027
11983,0.048683,172.31.40.0-255,172,257343,70,259027
11984,0.048715,172.31.40.0-255,1118,258461,70,259027
11985,0.048765,172.31.40.0-255,566,259027,70,259027
11986,0.0,172.217.194.0-255,153,153,70,250838
11987,2.4e-05,172.31.40.0-255,66,219,70,250838
11988,3.1e-05,172.217.194.0-255,1484,1703,70,250838
11989,3.6e-05,172.31.40.0-255,66,1769,70,250838
11990,4.1e-05,172.217.194.0-255,2902,4671,70,250838
11991,5.3e-05,172.31.40.0-255,66,4737,70,250838
11992,6.1e-05,172.217.194.0-255,7156,11893,70,250838
11993,6.4e-05,172.31.40.0-255,66,11959,70,250838
11994,6.8e-05,172.217.194.0-255,2112,14071,70,250838
11995,7.1e-05,172.31.40.0-255,66,14137,70,250838
11996,0.00016,172.217.194.0-255,1484,15621,70,250838
11997,0.000164,172.31.40.0-255,66,15687,70,250838
11998,0.000169,172.217.194.0-255,2902,18589,70,250838
11999,0.000171,172.31.40.0-255,66,18655,70,250838
12000,0.000215,172.217.194.0-255,5738,24393,70,250838
12001,0.000218,172.31.40.0-255,66,24459,70,250838
12002,0.000221,172.217.194.0-255,1484,25943,70,250838
12003,0.000223,172.31.40.0-255,66,26009,70,250838
12004,0.000249,172.217.194.0-255,5379,31388,70,250838
12005,0.000252,172.31.40.0-255,66,31454,70,250838
12006,0.000311,172.217.194.0-255,1484,32938,70,250838
12007,0.000314,172.31.40.0-255,66,33004,70,250838
12008,0.000327,172.217.194.0-255,2902,35906,70,250838
12009,0.000334,172.31.40.0-255,66,35972,70,250838
12010,0.000362,172.217.194.0-255,5738,41710,70,250838
12011,0.000364,172.31.40.0-255,66,41776,70,250838
12012,0.000405,172.217.194.0-255,8215,49991,70,250838
12013,0.000408,172.31.40.0-255,66,50057,70,250838
12014,0.000415,172.217.194.0-255,8574,58631,70,250838
12015,0.000418,172.31.40.0-255,66,58697,70,250838
12016,0.00043,172.217.194.0-255,6797,65494,70,250838
12017,0.000432,172.31.40.0-255,66,65560,70,250838
12018,0.000465,172.217.194.0-255,377,65937,70,250838
12019,0.000617,172.217.194.0-255,99,66036,70,250838
12020,0.000653,172.217.194.0-255,366,66402,70,250838
12021,0.000881,172.217.194.0-255,1484,67886,70,250838
12022,0.000886,172.31.40.0-255,66,67952,70,250838
12023,0.000891,172.217.194.0-255,2902,70854,70,250838
12024,0.000893,172.31.40.0-255,66,70920,70,250838
12025,0.000903,172.217.194.0-255,2902,73822,70,250838
12026,0.000905,172.31.40.0-255,66,73888,70,250838
12027,0.000947,172.217.194.0-255,2902,76790,70,250838
12028,0.00095,172.31.40.0-255,66,76856,70,250838
12029,0.000968,172.31.40.0-255,66,76922,70,250838
12030,0.000971,172.217.194.0-255,1484,78406,70,250838
12031,0.000997,172.217.194.0-255,7156,85562,70,250838
12032,0.001,172.31.40.0-255,66,85628,70,250838
12033,0.001028,172.217.194.0-255,2184,87812,70,250838
12034,0.001031,172.31.40.0-255,66,87878,70,250838
12035,0.001041,172.217.194.0-255,9992,97870,70,250838
12036,0.001043,172.31.40.0-255,66,97936,70,250838
12037,0.001062,172.31.40.0-255,66,98002,70,250838
12038,0.0011,172.217.194.0-255,10692,108694,70,250838
12039,0.001103,172.31.40.0-255,66,108760,70,250838
12040,0.001138,172.31.40.0-255,66,108826,70,250838
12041,0.001185,172.31.40.0-255,66,108892,70,250838
12042,0.001207,172.217.194.0-255,6438,115330,70,250838
12043,0.001209,172.31.40.0-255,66,115396,70,250838
12044,0.001239,172.217.194.0-255,7156,122552,70,250838
12045,0.001242,172.31.40.0-255,66,122618,70,250838
12046,0.001249,172.217.194.0-255,5738,128356,70,250838
12047,0.001251,172.31.40.0-255,66,128422,70,250838
12048,0.001281,172.217.194.0-255,1484,129906,70,250838
12049,0.001297,172.31.40.0-255,66,129972,70,250838
12050,0.001342,172.217.194.0-255,2902,132874,70,250838
12051,0.001345,172.31.40.0-255,66,132940,70,250838
12052,0.001375,172.217.194.0-255,3602,136542,70,250838
12053,0.001378,172.31.40.0-255,66,136608,70,250838
12054,0.001385,172.217.194.0-255,7156,143764,70,250838
12055,0.001387,172.31.40.0-255,66,143830,70,250838
12056,0.001407,172.31.40.0-255,66,143896,70,250838
12057,0.001414,172.217.194.0-255,7856,151752,70,250838
12058,0.001417,172.31.40.0-255,66,151818,70,250838
12059,0.00146,172.217.194.0-255,1484,153302,70,250838
12060,0.001465,172.217.194.0-255,2902,156204,70,250838
12061,0.001467,172.31.40.0-255,66,156270,70,250838
12062,0.001473,172.217.194.0-255,4320,160590,70,250838
12063,0.001475,172.31.40.0-255,66,160656,70,250838
12064,0.001504,172.217.194.0-255,1484,162140,70,250838
12065,0.001523,172.31.40.0-255,66,162206,70,250838
12066,0.001533,172.217.194.0-255,9992,172198,70,250838
12067,0.001535,172.31.40.0-255,66,172264,70,250838
12068,0.001544,172.217.194.0-255,766,173030,70,250838
12069,0.001681,172.217.194.0-255,1484,174514,70,250838
12070,0.001685,172.31.40.0-255,66,174580,70,250838
12071,0.00169,172.217.194.0-255,2902,177482,70,250838
12072,0.001693,172.31.40.0-255,66,177548,70,250838
12073,0.001717,172.217.194.0-255,4320,181868,70,250838
12074,0.00172,172.31.40.0-255,66,181934,70,250838
12075,0.00173,172.217.194.0-255,5738,187672,70,250838
12076,0.001732,172.31.40.0-255,66,187738,70,250838
12077,0.001768,172.31.40.0-255,66,187804,70,250838
12078,0.001775,172.217.194.0-255,7156,194960,70,250838
12079,0.001778,172.31.40.0-255,66,195026,70,250838
12080,0.001802,172.217.194.0-255,766,195792,70,250838
12081,0.002193,172.217.194.0-255,1484,197276,70,250838
12082,0.002199,172.31.40.0-255,66,197342,70,250838
12083,0.002204,172.217.194.0-255,1484,198826,70,250838
12084,0.002225,172.217.194.0-255,1484,200310,70,250838
12085,0.002228,172.31.40.0-255,66,200376,70,250838
12086,0.002235,172.217.194.0-255,5738,206114,70,250838
12087,0.002237,172.31.40.0-255,66,206180,70,250838
12088,0.002287,172.31.40.0-255,66,206246,70,250838
12089,0.002293,172.217.194.0-255,5738,211984,70,250838
12090,0.002295,172.31.40.0-255,66,212050,70,250838
12091,0.002325,172.217.194.0-255,5020,217070,70,250838
12092,0.002327,172.31.40.0-255,66,217136,70,250838
12093,0.002334,172.217.194.0-255,5738,222874,70,250838
12094,0.002338,172.31.40.0-255,66,222940,70,250838
12095,0.002382,172.217.194.0-255,2902,225842,70,250838
12096,0.002386,172.31.40.0-255,66,225908,70,250838
12097,0.002394,172.31.40.0-255,66,225974,70,250838
12098,0.002404,172.217.194.0-255,5738,231712,70,250838
12099,0.002407,172.31.40.0-255,66,231778,70,250838
12100,0.002436,172.217.194.0-255,7156,238934,70,250838
12101,0.002439,172.31.40.0-255,66,239000,70,250838
12102,0.002466,172.217.194.0-255,9274,248274,70,250838
12103,0.002469,172.31.40.0-255,66,248340,70,250838
12104,0.002536,172.31.40.0-255,66,248406,70,250838
12105,0.002553,172.217.194.0-255,2024,250430,70,250838
12106,0.002555,172.31.40.0-255,66,250496,70,250838
12107,0.002558,172.217.194.0-255,105,250601,70,250838
12108,0.004585,172.31.40.0-255,66,250667,70,250838
12109,0.004621,172.31.40.0-255,105,250772,70,250838
12110,0.007199,172.217.194.0-255,66,250838,70,250838
12111,0.0,74.125.68.0-255,152,152,70,401649
12112,2.6e-05,172.31.40.0-255,66,218,70,401649
12113,3.4e-05,74.125.68.0-255,1484,1702,70,401649
12114,3.9e-05,172.31.40.0-255,66,1768,70,401649
12115,4.4e-05,74.125.68.0-255,2902,4670,70,401649
12116,4.7e-05,172.31.40.0-255,66,4736,70,401649
12117,5.3e-05,74.125.68.0-255,4320,9056,70,401649
12118,5.6e-05,172.31.40.0-255,66,9122,70,401649
12119,6.3e-05,74.125.68.0-255,4973,14095,70,401649
12120,6.7e-05,172.31.40.0-255,66,14161,70,401649
12121,0.00012,74.125.68.0-255,9992,24153,70,401649
12122,0.000124,172.31.40.0-255,66,24219,70,401649
12123,0.000147,74.125.68.0-255,6797,31016,70,401649
12124,0.00015,172.31.40.0-255,66,31082,70,401649
12125,0.000202,74.125.68.0-255,1484,32566,70,401649
12126,0.000206,172.31.40.0-255,66,32632,70,401649
12127,0.000227,74.125.68.0-255,2902,35534,70,401649
12128,0.000229,172.31.40.0-255,66,35600,70,401649
12129,0.00025,74.125.68.0-255,5738,41338,70,401649
12130,0.000252,172.31.40.0-255,66,41404,70,401649
12131,0.000259,74.125.68.0-255,6797,48201,70,401649
12132,0.000262,172.31.40.0-255,66,48267,70,401649
12133,0.000285,74.125.68.0-255,1484,49751,70,401649
12134,0.000288,172.31.40.0-255,66,49817,70,401649
12135,0.000311,74.125.68.0-255,9992,59809,70,401649
12136,0.000314,172.31.40.0-255,66,59875,70,401649
12137,0.000337,74.125.68.0-255,1484,61359,70,401649
12138,0.000339,172.31.40.0-255,66,61425,70,401649
12139,0.000353,74.125.68.0-255,4271,65696,70,401649
12140,0.000356,172.31.40.0-255,66,65762,70,401649
12141,0.000372,74.125.68.0-255,111,65873,70,401649
12142,0.000375,172.31.40.0-255,66,65939,70,401649
12143,0.000525,74.125.68.0-255,1484,67423,70,401649
12144,0.000531,74.125.68.0-255,1484,68907,70,401649
12145,0.000543,74.125.68.0-255,1484,70391,70,401649
12146,0.000549,74.125.68.0-255,4320,74711,70,401649
12147,0.000574,172.31.40.0-255,66,74777,70,401649
12148,0.000586,74.125.68.0-255,7156,81933,70,401649
12149,0.000596,172.31.40.0-255,66,81999,70,401649
12150,0.000602,74.125.68.0-255,2543,84542,70,401649
12151,0.000605,74.125.68.0-255,2902,87444,70,401649
12152,0.000631,172.31.40.0-255,66,87510,70,401649
12153,0.000677,74.125.68.0-255,8574,96084,70,401649
12154,0.000692,74.125.68.0-255,3961,100045,70,401649
12155,0.000699,172.31.40.0-255,66,100111,70,401649
12156,0.000826,74.125.68.0-255,1484,101595,70,401649
12157,0.000846,74.125.68.0-255,2902,104497,70,401649
12158,0.000849,74.125.68.0-255,1484,105981,70,401649
12159,0.000854,74.125.68.0-255,2902,108883,70,401649
12160,0.000859,172.31.40.0-255,66,108949,70,401649
12161,0.000871,74.125.68.0-255,2902,111851,70,401649
12162,0.00089,74.125.68.0-255,2902,114753,70,401649
12163,0.000902,74.125.68.0-255,2902,117655,70,401649
12164,0.000908,172.31.40.0-255,66,117721,70,401649
12165,0.000917,74.125.68.0-255,1484,119205,70,401649
12166,0.000923,74.125.68.0-255,5738,124943,70,401649
12167,0.000954,74.125.68.0-255,5738,130681,70,401649
12168,0.000959,172.31.40.0-255,66,130747,70,401649
12169,0.00098,74.125.68.0-255,2902,133649,70,401649
12170,0.000983,74.125.68.0-255,766,134415,70,401649
12171,0.000988,172.31.40.0-255,66,134481,70,401649
12172,0.001005,74.125.68.0-255,1484,135965,70,401649
12173,0.001027,74.125.68.0-255,2902,138867,70,401649
12174,0.001032,172.31.40.0-255,66,138933,70,401649
12175,0.001039,74.125.68.0-255,1484,140417,70,401649
12176,0.001076,74.125.68.0-255,5738,146155,70,401649
12177,0.001092,172.31.40.0-255,66,146221,70,401649
12178,0.001111,74.125.68.0-255,1484,147705,70,401649
12179,0.001146,74.125.68.0-255,1484,149189,70,401649
12180,0.001172,74.125.68.0-255,2902,152091,70,401649
12181,0.001191,172.31.40.0-255,66,152157,70,401649
12182,0.001209,74.125.68.0-255,1484,153641,70,401649
12183,0.001227,74.125.68.0-255,2902,156543,70,401649
12184,0.001244,74.125.68.0-255,5738,162281,70,401649
12185,0.001247,74.125.68.0-255,1484,163765,70,401649
12186,0.001258,74.125.68.0-255,1484,165249,70,401649
12187,0.001263,172.31.40.0-255,66,165315,70,401649
12188,0.001309,74.125.68.0-255,3602,168917,70,401649
12189,0.001326,172.31.40.0-255,66,168983,70,401649
12190,0.001408,172.31.40.0-255,101,169084,70,401649
12191,0.001493,74.125.68.0-255,1484,170568,70,401649
12192,0.001499,74.125.68.0-255,1484,172052,70,401649
12193,0.001511,74.125.68.0-255,1484,173536,70,401649
12194,0.001523,74.125.68.0-255,2902,176438,70,401649
12195,0.001528,172.31.40.0-255,66,176504,70,401649
12196,0.001536,74.125.68.0-255,2902,179406,70,401649
12197,0.001542,172.31.40.0-255,66,179472,70,401649
12198,0.001561,74.125.68.0-255,4320,183792,70,401649
12199,0.001575,172.31.40.0-255,66,183858,70,401649
12200,0.00159,74.125.68.0-255,8574,192432,70,401649
12201,0.001649,74.125.68.0-255,5738,198170,70,401649
12202,0.001657,172.31.40.0-255,66,198236,70,401649
12203,0.001668,74.125.68.0-255,5020,203256,70,401649
12204,0.001674,172.31.40.0-255,66,203322,70,401649
12205,0.001684,74.125.68.0-255,1484,204806,70,401649
12206,0.001708,74.125.68.0-255,2902,207708,70,401649
12207,0.00173,74.125.68.0-255,4320,212028,70,401649
12208,0.001744,74.125.68.0-255,4320,216348,70,401649
12209,0.001762,74.125.68.0-255,4320,220668,70,401649
12210,0.001767,74.125.68.0-255,4320,224988,70,401649
12211,0.001771,172.31.40.0-255,66,225054,70,401649
12212,0.001777,172.31.40.0-255,66,225120,70,401649
12213,0.001786,74.125.68.0-255,1484,226604,70,401649
12214,0.001793,74.125.68.0-255,7156,233760,70,401649
12215,0.001813,74.125.68.0-255,3602,237362,70,401649
12216,0.001824,172.31.40.0-255,66,237428,70,401649
12217,0.001847,74.125.68.0-255,1484,238912,70,401649
12218,0.001868,74.125.68.0-255,2902,241814,70,401649
12219,0.001872,74.125.68.0-255,1484,243298,70,401649
12220,0.001877,74.125.68.0-255,2902,246200,70,401649
12221,0.001886,172.31.40.0-255,66,246266,70,401649
12222,0.001901,74.125.68.0-255,5738,252004,70,401649
12223,0.001926,74.125.68.0-255,5738,257742,70,401649
12224,0.001942,74.125.68.0-255,4320,262062,70,401649
12225,0.001958,74.125.68.0-255,4320,266382,70,401649
12226,0.001968,172.31.40.0-255,66,266448,70,401649
12227,0.001986,74.125.68.0-255,6438,272886,70,401649
12228,0.001993,74.125.68.0-255,4320,277206,70,401649
12229,0.002004,172.31.40.0-255,66,277272,70,401649
12230,0.00202,74.125.68.0-255,9992,287264,70,401649
12231,0.002035,172.31.40.0-255,66,287330,70,401649
12232,0.002049,74.125.68.0-255,7156,294486,70,401649
12233,0.002055,74.125.68.0-255,5738,300224,70,401649
12234,0.002061,172.31.40.0-255,66,300290,70,401649
12235,0.002082,74.125.68.0-255,5020,305310,70,401649
12236,0.002085,74.125.68.0-255,1484,306794,70,401649
12237,0.002095,74.125.68.0-255,1484,308278,70,401649
12238,0.002101,172.31.40.0-255,66,308344,70,401649
12239,0.003422,74.125.68.0-255,66,308410,70,401649
12240,0.004157,74.125.68.0-255,5738,314148,70,401649
12241,0.004164,172.31.40.0-255,66,314214,70,401649
12242,0.006248,74.125.68.0-255,5738,319952,70,401649
12243,0.014092,74.125.68.0-255,1484,321436,70,401649
12244,0.015532,172.31.40.0-255,66,321502,70,401649
12245,0.017591,74.125.68.0-255,5738,327240,70,401649
12246,0.017598,172.31.40.0-255,66,327306,70,401649
12247,0.019664,74.125.68.0-255,5738,333044,70,401649
12248,0.019673,172.31.40.0-255,66,333110,70,401649
12249,0.02174,74.125.68.0-255,5738,338848,70,401649
12250,0.023545,172.31.40.0-255,66,338914,70,401649
12251,0.025618,74.125.68.0-255,5738,344652,70,401649
12252,0.025626,172.31.40.0-255,66,344718,70,401649
12253,0.027704,74.125.68.0-255,5738,350456,70,401649
12254,0.027712,172.31.40.0-255,66,350522,70,401649
12255,0.029775,74.125.68.0-255,5738,356260,70,401649
12256,0.029783,172.31.40.0-255,66,356326,70,401649
12257,0.031848,74.125.68.0-255,5738,362064,70,401649
12258,0.031862,172.31.40.0-255,66,362130,70,401649
12259,0.03392,74.125.68.0-255,5738,367868,70,401649
12260,0.033931,172.31.40.0-255,66,367934,70,401649
12261,0.035988,74.125.68.0-255,4320,372254,70,401649
12262,0.035996,172.31.40.0-255,66,372320,70,401649
12263,0.036016,74.125.68.0-255,1484,373804,70,401649
12264,0.038064,74.125.68.0-255,4320,378124,70,401649
12265,0.038075,172.31.40.0-255,66,378190,70,401649
12266,0.040181,74.125.68.0-255,5738,383928,70,401649
12267,0.040242,172.31.40.0-255,66,383994,70,401649
12268,0.042319,74.125.68.0-255,5738,389732,70,401649
12269,0.042336,172.31.40.0-255,66,389798,70,401649
12270,0.044394,74.125.68.0-255,5355,395153,70,401649
12271,0.044402,172.31.40.0-255,66,395219,70,401649
12272,0.044658,172.31.40.0-255,105,395324,70,401649
12273,0.047477,172.31.40.0-255,551,395875,70,401649
12274,0.047509,172.31.40.0-255,1119,396994,70,401649
12275,0.047577,172.31.40.0-255,1514,398508,70,401649
12276,0.047579,172.31.40.0-255,1514,400022,70,401649
12277,0.04758,172.31.40.0-255,1363,401385,70,401649
12278,0.048987,104.244.42.0-255,66,401451,70,401649
12279,0.0491,104.244.42.0-255,66,401517,70,401649
12280,0.049156,104.244.42.0-255,66,401583,70,401649
12281,0.04916,104.244.42.0-255,66,401649,70,401649
12282,0.0,74.125.24.0-255,298,298,70,189494
12283,2.4e-05,172.31.40.0-255,66,364,70,189494
12284,3.1e-05,74.125.24.0-255,1484,1848,70,189494
12285,3.5e-05,172.31.40.0-255,66,1914,70,189494
12286,4.3e-05,74.125.24.0-255,4320,6234,70,189494
12287,5.4e-05,172.31.40.0-255,66,6300,70,189494
12288,6.4e-05,74.125.24.0-255,8931,15231,70,189494
12289,6.7e-05,172.31.40.0-255,66,15297,70,189494
12290,8e-05,172.31.40.0-255,66,15363,70,189494
12291,0.000141,74.125.24.0-255,3961,19324,70,189494
12292,0.000144,172.31.40.0-255,66,19390,70,189494
12293,0.000483,74.125.24.0-255,1484,20874,70,189494
12294,0.000488,172.31.40.0-255,66,20940,70,189494
12295,0.000494,74.125.24.0-255,2902,23842,70,189494
12296,0.000497,172.31.40.0-255,66,23908,70,189494
12297,0.0005,74.125.24.0-255,1484,25392,70,189494
12298,0.000502,172.31.40.0-255,66,25458,70,189494
12299,0.000532,74.125.24.0-255,4320,29778,70,189494
12300,0.000535,172.31.40.0-255,66,29844,70,189494
12301,0.000543,74.125.24.0-255,9992,39836,70,189494
12302,0.000546,172.31.40.0-255,66,39902,70,189494
12303,0.000559,74.125.24.0-255,2902,42804,70,189494
12304,0.000561,172.31.40.0-255,66,42870,70,189494
12305,0.000569,74.125.24.0-255,8574,51444,70,189494
12306,0.000571,172.31.40.0-255,66,51510,70,189494
12307,0.000595,74.125.24.0-255,2184,53694,70,189494
12308,0.000597,172.31.40.0-255,66,53760,70,189494
12309,0.0006,74.125.24.0-255,646,54406,70,189494
12310,0.000602,172.31.40.0-255,66,54472,70,189494
12311,0.00063,74.125.24.0-255,1484,55956,70,189494
12312,0.000634,172.31.40.0-255,66,56022,70,189494
12313,0.000663,74.125.24.0-255,4320,60342,70,189494
12314,0.000666,172.31.40.0-255,66,60408,70,189494
12315,0.000673,74.125.24.0-255,5738,66146,70,189494
12316,0.000675,172.31.40.0-255,66,66212,70,189494
12317,0.000681,74.125.24.0-255,5738,71950,70,189494
12318,0.000683,172.31.40.0-255,66,72016,70,189494
12319,0.000713,74.125.24.0-255,1484,73500,70,189494
12320,0.000729,172.31.40.0-255,66,73566,70,189494
12321,0.000733,74.125.24.0-255,217,73783,70,189494
12322,0.001374,172.31.40.0-255,66,73849,70,189494
12323,0.003496,74.125.24.0-255,1484,75333,70,189494
12324,0.003509,74.125.24.0-255,2902,78235,70,189494
12325,0.003515,172.31.40.0-255,66,78301,70,189494
12326,0.003683,74.125.24.0-255,1484,79785,70,189494
12327,0.0058,74.125.24.0-255,4320,84105,70,189494
12328,0.005804,172.31.40.0-255,66,84171,70,189494
12329,0.008115,74.125.24.0-255,5738,89909,70,189494
12330,0.008123,172.31.40.0-255,66,89975,70,189494
12331,0.010423,74.125.24.0-255,5738,95713,70,189494
12332,0.010432,172.31.40.0-255,66,95779,70,189494
12333,0.012752,74.125.24.0-255,5738,101517,70,189494
12334,0.012765,172.31.40.0-255,66,101583,70,189494
12335,0.015099,74.125.24.0-255,5738,107321,70,189494
12336,0.015108,172.31.40.0-255,66,107387,70,189494
12337,0.017424,74.125.24.0-255,5738,113125,70,189494
12338,0.017437,172.31.40.0-255,66,113191,70,189494
12339,0.019765,74.125.24.0-255,5738,118929,70,189494
12340,0.019779,172.31.40.0-255,66,118995,70,189494
12341,0.022107,74.125.24.0-255,5738,124733,70,189494
12342,0.022116,172.31.40.0-255,66,124799,70,189494
12343,0.023199,172.31.40.0-255,172,124971,70,189494
12344,0.023237,172.31.40.0-255,613,125584,70,189494
12345,0.024434,74.125.24.0-255,5738,131322,70,189494
12346,0.024444,172.31.40.0-255,66,131388,70,189494
12347,0.025627,104.244.42.0-255,66,131454,70,189494
12348,0.026769,74.125.24.0-255,5738,137192,70,189494
12349,0.026774,172.31.40.0-255,66,137258,70,189494
12350,0.029107,74.125.24.0-255,5738,142996,70,189494
12351,0.029115,172.31.40.0-255,66,143062,70,189494
12352,0.031444,74.125.24.0-255,5738,148800,70,189494
12353,0.031451,172.31.40.0-255,66,148866,70,189494
12354,0.033777,74.125.24.0-255,5738,154604,70,189494
12355,0.033787,172.31.40.0-255,66,154670,70,189494
12356,0.036106,74.125.24.0-255,5738,160408,70,189494
12357,0.036113,172.31.40.0-255,66,160474,70,189494
12358,0.038432,74.125.24.0-255,5738,166212,70,189494
12359,0.038439,172.31.40.0-255,66,166278,70,189494
12360,0.040779,74.125.24.0-255,5738,172016,70,189494
12361,0.040786,172.31.40.0-255,66,172082,70,189494
12362,0.043127,74.125.24.0-255,5738,177820,70,189494
12363,0.043133,172.31.40.0-255,66,177886,70,189494
12364,0.045452,74.125.24.0-255,5738,183624,70,189494
12365,0.045464,172.31.40.0-255,66,183690,70,189494
12366,0.047818,74.125.24.0-255,5738,189428,70,189494
12367,0.047825,172.31.40.0-255,66,189494,70,189494
12368,0.0,172.217.194.0-255,153,153,70,200575
12369,2.3e-05,172.31.40.0-255,66,219,70,200575
12370,3.1e-05,172.217.194.0-255,1484,1703,70,200575
12371,3.5e-05,172.31.40.0-255,66,1769,70,200575
12372,5e-05,172.217.194.0-255,2902,4671,70,200575
12373,5.4e-05,172.31.40.0-255,66,4737,70,200575
12374,6.1e-05,172.217.194.0-255,4320,9057,70,200575
12375,6.5e-05,172.31.40.0-255,66,9123,70,200575
12376,7e-05,172.217.194.0-255,2902,12025,70,200575
12377,7.2e-05,172.31.40.0-255,66,12091,70,200575
12378,0.000105,172.217.194.0-255,2039,14130,70,200575
12379,0.000109,172.31.40.0-255,66,14196,70,200575
12380,0.000134,172.217.194.0-255,1484,15680,70,200575
12381,0.000136,172.31.40.0-255,66,15746,70,200575
12382,0.00014,172.217.194.0-255,2902,18648,70,200575
12383,0.000143,172.31.40.0-255,66,18714,70,200575
12384,0.000169,172.217.194.0-255,5738,24452,70,200575
12385,0.000172,172.31.40.0-255,66,24518,70,200575
12386,0.000211,172.217.194.0-255,6797,31315,70,200575
12387,0.000214,172.31.40.0-255,66,31381,70,200575
12388,0.000277,172.31.40.0-255,66,31447,70,200575
12389,0.000387,172.217.194.0-255,7156,38603,70,200575
12390,0.000392,172.31.40.0-255,66,38669,70,200575
12391,0.000431,172.31.40.0-255,66,38735,70,200575
12392,0.000522,172.217.194.0-255,340,39075,70,200575
12393,0.000525,172.31.40.0-255,66,39141,70,200575
12394,0.000529,172.217.194.0-255,120,39261,70,200575
12395,0.000531,172.31.40.0-255,66,39327,70,200575
12396,0.000982,172.217.194.0-255,381,39708,70,200575
12397,0.000987,172.31.40.0-255,66,39774,70,200575
12398,0.001096,172.217.194.0-255,1484,41258,70,200575
12399,0.001103,172.217.194.0-255,2902,44160,70,200575
12400,0.001106,172.31.40.0-255,66,44226,70,200575
12401,0.001134,172.217.194.0-255,5738,49964,70,200575
12402,0.001137,172.31.40.0-255,66,50030,70,200575
12403,0.001162,172.217.194.0-255,1484,51514,70,200575
12404,0.00119,172.31.40.0-255,66,51580,70,200575
12405,0.001278,172.217.194.0-255,5738,57318,70,200575
12406,0.001282,172.31.40.0-255,66,57384,70,200575
12407,0.00131,172.217.194.0-255,4320,61704,70,200575
12408,0.001313,172.31.40.0-255,66,61770,70,200575
12409,0.001336,172.217.194.0-255,766,62536,70,200575
12410,0.001542,172.31.40.0-255,66,62602,70,200575
12411,0.003336,172.217.194.0-255,4320,66922,70,200575
12412,0.003342,172.31.40.0-255,66,66988,70,200575
12413,0.003565,172.217.194.0-255,1484,68472,70,200575
12414,0.005405,172.217.194.0-255,4320,72792,70,200575
12415,0.005409,172.31.40.0-255,66,72858,70,200575
12416,0.007451,172.217.194.0-255,5738,78596,70,200575
12417,0.007457,172.31.40.0-255,66,78662,70,200575
12418,0.009514,172.217.194.0-255,5738,84400,70,200575
12419,0.009522,172.31.40.0-255,66,84466,70,200575
12420,0.011559,172.217.194.0-255,5738,90204,70,200575
12421,0.011566,172.31.40.0-255,66,90270,70,200575
12422,0.013626,172.217.194.0-255,5738,96008,70,200575
12423,0.013635,172.31.40.0-255,66,96074,70,200575
12424,0.015684,172.217.194.0-255,5738,101812,70,200575
12425,0.015694,172.31.40.0-255,66,101878,70,200575
12426,0.017722,172.217.194.0-255,5738,107616,70,200575
12427,0.01773,172.31.40.0-255,66,107682,70,200575
12428,0.019751,172.217.194.0-255,5738,113420,70,200575
12429,0.019758,172.31.40.0-255,66,113486,70,200575
12430,0.021778,172.217.194.0-255,5738,119224,70,200575
12431,0.021785,172.31.40.0-255,66,119290,70,200575
12432,0.02231,172.31.40.0-255,172,119462,70,200575
12433,0.022344,172.31.40.0-255,1114,120576,70,200575
12434,0.022409,172.31.40.0-255,1514,122090,70,200575
12435,0.022411,172.31.40.0-255,1514,123604,70,200575
12436,0.022413,172.31.40.0-255,1514,125118,70,200575
12437,0.022414,172.31.40.0-255,1117,126235,70,200575
12438,0.023847,172.217.194.0-255,5738,131973,70,200575
12439,0.023854,172.31.40.0-255,66,132039,70,200575
12440,0.024491,104.244.42.0-255,66,132105,70,200575
12441,0.02458,104.244.42.0-255,108,132213,70,200575
12442,0.024587,172.31.40.0-255,66,132279,70,200575
12443,0.02591,172.217.194.0-255,4320,136599,70,200575
12444,0.025913,172.31.40.0-255,66,136665,70,200575
12445,0.025917,172.217.194.0-255,1484,138149,70,200575
12446,0.02797,172.217.194.0-255,4320,142469,70,200575
12447,0.027977,172.31.40.0-255,66,142535,70,200575
12448,0.030026,172.217.194.0-255,5738,148273,70,200575
12449,0.030033,172.31.40.0-255,66,148339,70,200575
12450,0.032058,172.217.194.0-255,5738,154077,70,200575
12451,0.032066,172.31.40.0-255,66,154143,70,200575
12452,0.034121,172.217.194.0-255,5738,159881,70,200575
12453,0.034128,172.31.40.0-255,66,159947,70,200575
12454,0.036155,172.217.194.0-255,5738,165685,70,200575
12455,0.036162,172.31.40.0-255,66,165751,70,200575
12456,0.038225,172.217.194.0-255,5738,171489,70,200575
12457,0.038231,172.31.40.0-255,66,171555,70,200575
12458,0.040303,172.217.194.0-255,5738,177293,70,200575
12459,0.040309,172.31.40.0-255,66,177359,70,200575
12460,0.042376,172.217.194.0-255,5738,183097,70,200575
12461,0.042382,172.31.40.0-255,66,183163,70,200575
12462,0.044417,172.217.194.0-255,5738,188901,70,200575
12463,0.044425,172.31.40.0-255,66,188967,70,200575
12464,0.04648,172.217.194.0-255,5738,194705,70,200575
12465,0.046487,172.31.40.0-255,66,194771,70,200575
12466,0.048531,172.217.194.0-255,5738,200509,70,200575
12467,0.048539,172.31.40.0-255,66,200575,70,200575
12468,0.0,74.125.68.0-255,153,153,70,272168
12469,2.3e-05,172.31.40.0-255,66,219,70,272168
12470,3e-05,74.125.68.0-255,1484,1703,70,272168
12471,3.4e-05,172.31.40.0-255,66,1769,70,272168
12472,4.1e-05,74.125.68.0-255,2902,4671,70,272168
12473,5.2e-05,172.31.40.0-255,66,4737,70,272168
12474,5.8e-05,74.125.68.0-255,5738,10475,70,272168
12475,6.2e-05,172.31.40.0-255,66,10541,70,272168
12476,9.7e-05,74.125.68.0-255,6274,16815,70,272168
12477,0.000101,172.31.40.0-255,66,16881,70,272168
12478,0.000108,74.125.68.0-255,8574,25455,70,272168
12479,0.000111,172.31.40.0-255,66,25521,70,272168
12480,0.000165,74.125.68.0-255,4320,29841,70,272168
12481,0.000169,172.31.40.0-255,66,29907,70,272168
12482,0.000193,74.125.68.0-255,1125,31032,70,272168
12483,0.000196,172.31.40.0-255,66,31098,70,272168
12484,0.000258,74.125.68.0-255,1484,32582,70,272168
12485,0.000261,172.31.40.0-255,66,32648,70,272168
12486,0.000267,74.125.68.0-255,2902,35550,70,272168
12487,0.000269,172.31.40.0-255,66,35616,70,272168
12488,0.0003,74.125.68.0-255,5738,41354,70,272168
12489,0.000303,172.31.40.0-255,66,41420,70,272168
12490,0.000332,74.125.68.0-255,5738,47158,70,272168
12491,0.000335,172.31.40.0-255,66,47224,70,272168
12492,0.000343,74.125.68.0-255,7156,54380,70,272168
12493,0.000346,172.31.40.0-255,66,54446,70,272168
12494,0.00035,74.125.68.0-255,2902,57348,70,272168
12495,0.000353,172.31.40.0-255,66,57414,70,272168
12496,0.000383,74.125.68.0-255,5738,63152,70,272168
12497,0.000386,172.31.40.0-255,66,63218,70,272168
12498,0.000391,74.125.68.0-255,2479,65697,70,272168
12499,0.000393,172.31.40.0-255,66,65763,70,272168
12500,0.000439,74.125.68.0-255,127,65890,70,272168
12501,0.000618,74.125.68.0-255,1484,67374,70,272168
12502,0.000624,172.31.40.0-255,66,67440,70,272168
12503,0.00063,74.125.68.0-255,2902,70342,70,272168
12504,0.000632,172.31.40.0-255,66,70408,70,272168
12505,0.00067,74.125.68.0-255,4320,74728,70,272168
12506,0.000673,172.31.40.0-255,66,74794,70,272168
12507,0.00068,74.125.68.0-255,5738,80532,70,272168
12508,0.000682,172.31.40.0-255,66,80598,70,272168
12509,0.000709,74.125.68.0-255,2902,83500,70,272168
12510,0.000711,172.31.40.0-255,66,83566,70,272168
12511,0.000716,74.125.68.0-255,2902,86468,70,272168
12512,0.000718,172.31.40.0-255,66,86534,70,272168
12513,0.000745,74.125.68.0-255,1484,88018,70,272168
12514,0.000752,74.125.68.0-255,5738,93756,70,272168
12515,0.000755,172.31.40.0-255,66,93822,70,272168
12516,0.000766,74.125.68.0-255,2902,96724,70,272168
12517,0.000768,172.31.40.0-255,66,96790,70,272168
12518,0.000804,74.125.68.0-255,3602,100392,70,272168
12519,0.000808,172.31.40.0-255,66,100458,70,272168
12520,0.00156,74.125.68.0-255,1484,101942,70,272168
12521,0.001578,74.125.68.0-255,2902,104844,70,272168
12522,0.001582,172.31.40.0-255,66,104910,70,272168
12523,0.001586,74.125.68.0-255,1484,106394,70,272168
12524,0.001609,74.125.68.0-255,4320,110714,70,272168
12525,0.001612,172.31.40.0-255,66,110780,70,272168
12526,0.001655,172.31.40.0-255,66,110846,70,272168
12527,0.001658,74.125.68.0-255,1484,112330,70,272168
12528,0.001685,74.125.68.0-255,7156,119486,70,272168
12529,0.001687,172.31.40.0-255,66,119552,70,272168
12530,0.001714,74.125.68.0-255,2184,121736,70,272168
12531,0.001717,172.31.40.0-255,66,121802,70,272168
12532,0.003675,74.125.68.0-255,2902,124704,70,272168
12533,0.003682,172.31.40.0-255,66,124770,70,272168
12534,0.003711,74.125.68.0-255,2902,127672,70,272168
12535,0.003713,172.31.40.0-255,66,127738,70,272168
12536,0.005663,74.125.68.0-255,2902,130640,70,272168
12537,0.005666,172.31.40.0-255,66,130706,70,272168
12538,0.005692,74.125.68.0-255,2902,133608,70,272168
12539,0.005694,172.31.40.0-255,66,133674,70,272168
12540,0.007641,74.125.68.0-255,1484,135158,70,272168
12541,0.007655,74.125.68.0-255,1484,136642,70,272168
12542,0.007658,172.31.40.0-255,66,136708,70,272168
12543,0.007676,74.125.68.0-255,2902,139610,70,272168
12544,0.007679,172.31.40.0-255,66,139676,70,272168
12545,0.009668,74.125.68.0-255,5738,145414,70,272168
12546,0.009674,172.31.40.0-255,66,145480,70,272168
12547,0.011671,74.125.68.0-255,5738,151218,70,272168
12548,0.011678,172.31.40.0-255,66,151284,70,272168
12549,0.013697,74.125.68.0-255,5738,157022,70,272168
12550,0.013705,172.31.40.0-255,66,157088,70,272168
12551,0.01572,74.125.68.0-255,5738,162826,70,272168
12552,0.015728,172.31.40.0-255,66,162892,70,272168
12553,0.017725,74.125.68.0-255,5738,168630,70,272168
12554,0.017733,172.31.40.0-255,66,168696,70,272168
12555,0.019732,74.125.68.0-255,5738,174434,70,272168
12556,0.01974,172.31.40.0-255,66,174500,70,272168
12557,0.02175,74.125.68.0-255,5738,180238,70,272168
12558,0.02176,172.31.40.0-255,66,180304,70,272168
12559,0.02377,74.125.68.0-255,5738,186042,70,272168
12560,0.023779,172.31.40.0-255,66,186108,70,272168
12561,0.025778,74.125.68.0-255,5738,191846,70,272168
12562,0.025787,172.31.40.0-255,66,191912,70,272168
12563,0.027797,74.125.68.0-255,5738,197650,70,272168
12564,0.027803,172.31.40.0-255,66,197716,70,272168
12565,0.028561,172.31.40.0-255,176,197892,70,272168
12566,0.028591,172.31.40.0-255,1117,199009,70,272168
12567,0.028769,172.31.40.0-255,1514,200523,70,272168
12568,0.028771,172.31.40.0-255,1514,202037,70,272168
12569,0.028773,172.31.40.0-255,1514,203551,70,272168
12570,0.028774,172.31.40.0-255,1514,205065,70,272168
12571,0.028809,172.31.40.0-255,1514,206579,70,272168
12572,0.02881,172.31.40.0-255,1067,207646,70,272168
12573,0.029853,74.125.68.0-255,5738,213384,70,272168
12574,0.02986,172.31.40.0-255,66,213450,70,272168
12575,0.030114,104.244.42.0-255,66,213516,70,272168
12576,0.030121,104.244.42.0-255,66,213582,70,272168
12577,0.030336,104.244.42.0-255,66,213648,70,272168
12578,0.030342,104.244.42.0-255,66,213714,70,272168
12579,0.031092,104.244.42.0-255,108,213822,70,272168
12580,0.031101,172.31.40.0-255,66,213888,70,272168
12581,0.03186,74.125.68.0-255,5738,219626,70,272168
12582,0.031866,172.31.40.0-255,66,219692,70,272168
12583,0.033862,74.125.68.0-255,5738,225430,70,272168
12584,0.033871,172.31.40.0-255,66,225496,70,272168
12585,0.035874,74.125.68.0-255,5738,231234,70,272168
12586,0.035884,172.31.40.0-255,66,231300,70,272168
12587,0.03789,74.125.68.0-255,5738,237038,70,272168
12588,0.037899,172.31.40.0-255,66,237104,70,272168
12589,0.039908,74.125.68.0-255,5738,242842,70,272168
12590,0.039917,172.31.40.0-255,66,242908,70,272168
12591,0.041928,74.125.68.0-255,5738,248646,70,272168
12592,0.041937,172.31.40.0-255,66,248712,70,272168
12593,0.043949,74.125.68.0-255,5738,254450,70,272168
12594,0.043958,172.31.40.0-255,66,254516,70,272168
12595,0.045954,74.125.68.0-255,5738,260254,70,272168
12596,0.045966,172.31.40.0-255,66,260320,70,272168
12597,0.04796,74.125.68.0-255,5738,266058,70,272168
12598,0.047967,172.31.40.0-255,66,266124,70,272168
12599,0.048206,172.31.40.0-255,108,266232,70,272168
12600,0.04995,74.125.68.0-255,2902,269134,70,272168
12601,0.049956,172.31.40.0-255,66,269200,70,272168
12602,0.04998,74.125.68.0-255,2902,272102,70,272168
12603,0.049983,172.31.40.0-255,66,272168,70,272168
12604,0.0,172.217.194.0-255,146,146,70,283801
12605,2.3e-05,172.31.40.0-255,66,212,70,283801
12606,3e-05,172.217.194.0-255,1484,1696,70,283801
12607,3.4e-05,172.31.40.0-255,66,1762,70,283801
12608,4e-05,172.217.194.0-255,2902,4664,70,283801
12609,5.2e-05,172.31.40.0-255,66,4730,70,283801
12610,5.9e-05,172.217.194.0-255,5738,10468,70,283801
12611,6.2e-05,172.31.40.0-255,66,10534,70,283801
12612,9.8e-05,172.217.194.0-255,3455,13989,70,283801
12613,0.000102,172.31.40.0-255,66,14055,70,283801
12614,0.000165,172.217.194.0-255,1484,15539,70,283801
12615,0.000168,172.31.40.0-255,66,15605,70,283801
12616,0.000172,172.217.194.0-255,1484,17089,70,283801
12617,0.000174,172.31.40.0-255,66,17155,70,283801
12618,0.000196,172.217.194.0-255,1484,18639,70,283801
12619,0.000199,172.31.40.0-255,66,18705,70,283801
12620,0.000206,172.217.194.0-255,5738,24443,70,283801
12621,0.000209,172.31.40.0-255,66,24509,70,283801
12622,0.000228,172.217.194.0-255,1484,25993,70,283801
12623,0.00023,172.31.40.0-255,66,26059,70,283801
12624,0.000275,172.31.40.0-255,66,26125,70,283801
12625,0.000285,172.217.194.0-255,9992,36117,70,283801
12626,0.000287,172.31.40.0-255,66,36183,70,283801
12627,0.000327,172.217.194.0-255,4320,40503,70,283801
12628,0.000331,172.31.40.0-255,66,40569,70,283801
12629,0.000346,172.31.40.0-255,66,40635,70,283801
12630,0.000349,172.217.194.0-255,342,40977,70,283801
12631,0.000351,172.31.40.0-255,66,41043,70,283801
12632,0.000354,172.217.194.0-255,114,41157,70,283801
12633,0.000357,172.31.40.0-255,66,41223,70,283801
12634,0.000485,172.217.194.0-255,383,41606,70,283801
12635,0.000762,172.217.194.0-255,1484,43090,70,283801
12636,0.00077,172.31.40.0-255,66,43156,70,283801
12637,0.000776,172.217.194.0-255,2902,46058,70,283801
12638,0.000778,172.31.40.0-255,66,46124,70,283801
12639,0.000782,172.217.194.0-255,1484,47608,70,283801
12640,0.000812,172.217.194.0-255,4320,51928,70,283801
12641,0.000816,172.31.40.0-255,66,51994,70,283801
12642,0.000825,172.217.194.0-255,8574,60568,70,283801
12643,0.000827,172.31.40.0-255,66,60634,70,283801
12644,0.000866,172.217.194.0-255,4320,64954,70,283801
12645,0.000869,172.31.40.0-255,66,65020,70,283801
12646,0.000878,172.217.194.0-255,8574,73594,70,283801
12647,0.00088,172.31.40.0-255,66,73660,70,283801
12648,0.000889,172.217.194.0-255,2184,75844,70,283801
12649,0.000892,172.31.40.0-255,66,75910,70,283801
12650,0.000959,172.217.194.0-255,1484,77394,70,283801
12651,0.000966,172.217.194.0-255,2902,80296,70,283801
12652,0.000969,172.31.40.0-255,66,80362,70,283801
12653,0.000975,172.217.194.0-255,2902,83264,70,283801
12654,0.000977,172.31.40.0-255,66,83330,70,283801
12655,0.001,172.217.194.0-255,2902,86232,70,283801
12656,0.001007,172.31.40.0-255,66,86298,70,283801
12657,0.001016,172.217.194.0-255,8574,94872,70,283801
12658,0.001018,172.31.40.0-255,66,94938,70,283801
12659,0.001058,172.217.194.0-255,4320,99258,70,283801
12660,0.001061,172.31.40.0-255,66,99324,70,283801
12661,0.001076,172.217.194.0-255,5738,105062,70,283801
12662,0.001083,172.31.40.0-255,66,105128,70,283801
12663,0.001112,172.217.194.0-255,5020,110148,70,283801
12664,0.001115,172.31.40.0-255,66,110214,70,283801
12665,0.001367,172.217.194.0-255,1484,111698,70,283801
12666,0.001372,172.217.194.0-255,1484,113182,70,283801
12667,0.001375,172.31.40.0-255,66,113248,70,283801
12668,0.001404,172.217.194.0-255,1484,114732,70,283801
12669,0.001412,172.217.194.0-255,5738,120470,70,283801
12670,0.001414,172.217.194.0-255,1484,121954,70,283801
12671,0.001422,172.31.40.0-255,66,122020,70,283801
12672,0.001441,172.31.40.0-255,66,122086,70,283801
12673,0.001452,172.217.194.0-255,5738,127824,70,283801
12674,0.001454,172.31.40.0-255,66,127890,70,283801
12675,0.001486,172.217.194.0-255,5020,132910,70,283801
12676,0.001489,172.31.40.0-255,66,132976,70,283801
12677,0.001708,172.217.194.0-255,1484,134460,70,283801
12678,0.001714,172.217.194.0-255,2902,137362,70,283801
12679,0.001718,172.31.40.0-255,66,137428,70,283801
12680,0.001751,172.217.194.0-255,5738,143166,70,283801
12681,0.001754,172.31.40.0-255,66,143232,70,283801
12682,0.001795,172.217.194.0-255,1484,144716,70,283801
12683,0.001831,172.217.194.0-255,5738,150454,70,283801
12684,0.001834,172.31.40.0-255,66,150520,70,283801
12685,0.001849,172.31.40.0-255,66,150586,70,283801
12686,0.001854,172.217.194.0-255,2184,152770,70,283801
12687,0.001856,172.31.40.0-255,66,152836,70,283801
12688,0.001895,172.217.194.0-255,1484,154320,70,283801
12689,0.001911,172.217.194.0-255,2902,157222,70,283801
12690,0.001914,172.31.40.0-255,66,157288,70,283801
12691,0.001939,172.217.194.0-255,5738,163026,70,283801
12692,0.001942,172.31.40.0-255,66,163092,70,283801
12693,0.001985,172.31.40.0-255,66,163158,70,283801
12694,0.001989,172.217.194.0-255,1484,164642,70,283801
12695,0.002012,172.217.194.0-255,1484,166126,70,283801
12696,0.002014,172.31.40.0-255,66,166192,70,283801
12697,0.002052,172.217.194.0-255,7856,174048,70,283801
12698,0.002056,172.31.40.0-255,66,174114,70,283801
12699,0.002094,172.217.194.0-255,9992,184106,70,283801
12700,0.002097,172.31.40.0-255,66,184172,70,283801
12701,0.002103,172.217.194.0-255,4320,188492,70,283801
12702,0.002106,172.31.40.0-255,66,188558,70,283801
12703,0.00215,172.217.194.0-255,7156,195714,70,283801
12704,0.002154,172.31.40.0-255,66,195780,70,283801
12705,0.002162,172.217.194.0-255,8574,204354,70,283801
12706,0.002165,172.31.40.0-255,66,204420,70,283801
12707,0.00217,172.217.194.0-255,3602,208022,70,283801
12708,0.002173,172.31.40.0-255,66,208088,70,283801
12709,0.002318,172.217.194.0-255,1484,209572,70,283801
12710,0.002324,172.217.194.0-255,2902,212474,70,283801
12711,0.002339,172.31.40.0-255,66,212540,70,283801
12712,0.002346,172.217.194.0-255,5738,218278,70,283801
12713,0.002348,172.31.40.0-255,66,218344,70,283801
12714,0.002354,172.217.194.0-255,4320,222664,70,283801
12715,0.002356,172.31.40.0-255,66,222730,70,283801
12716,0.002393,172.217.194.0-255,8574,231304,70,283801
12717,0.002395,172.31.40.0-255,66,231370,70,283801
12718,0.002405,172.217.194.0-255,10692,242062,70,283801
12719,0.002408,172.31.40.0-255,66,242128,70,283801
12720,0.002445,172.217.194.0-255,1484,243612,70,283801
12721,0.002459,172.217.194.0-255,2902,246514,70,283801
12722,0.002462,172.31.40.0-255,66,246580,70,283801
12723,0.002473,172.217.194.0-255,1484,248064,70,283801
12724,0.0025,172.217.194.0-255,4320,252384,70,283801
12725,0.002503,172.31.40.0-255,66,252450,70,283801
12726,0.002505,172.217.194.0-255,1484,253934,70,283801
12727,0.002513,172.217.194.0-255,8574,262508,70,283801
12728,0.00252,172.31.40.0-255,66,262574,70,283801
12729,0.002561,172.31.40.0-255,66,262640,70,283801
12730,0.002565,172.217.194.0-255,2902,265542,70,283801
12731,0.002568,172.31.40.0-255,66,265608,70,283801
12732,0.002619,172.31.40.0-255,66,265674,70,283801
12733,0.00263,172.217.194.0-255,10692,276366,70,283801
12734,0.002632,172.31.40.0-255,66,276432,70,283801
12735,0.002671,172.217.194.0-255,1484,277916,70,283801
12736,0.002711,172.31.40.0-255,66,277982,70,283801
12737,0.005288,172.217.194.0-255,136,278118,70,283801
12738,0.010654,172.31.40.0-255,66,278184,70,283801
12739,0.010698,172.31.40.0-255,105,278289,70,283801
12740,0.013286,172.217.194.0-255,66,278355,70,283801
12741,0.034563,172.31.40.0-255,192,278547,70,283801
12742,0.034597,172.31.40.0-255,1117,279664,70,283801
12743,0.034663,172.31.40.0-255,1514,281178,70,283801
12744,0.034665,172.31.40.0-255,1514,282692,70,283801
12745,0.034666,172.31.40.0-255,845,283537,70,283801
12746,0.036096,104.244.42.0-255,66,283603,70,283801
12747,0.036162,104.244.42.0-255,66,283669,70,283801
12748,0.036257,104.244.42.0-255,66,283735,70,283801
12749,0.036271,104.244.42.0-255,66,283801,70,283801
12750,0.0,172.31.40.0-255,66,66,70,66
12751,0.0,74.125.130.0-255,177,177,70,405125
12752,2.1e-05,172.31.40.0-255,66,243,70,405125
12753,2.8e-05,74.125.130.0-255,1484,1727,70,405125
12754,3.2e-05,172.31.40.0-255,66,1793,70,405125
12755,3.7e-05,74.125.130.0-255,2902,4695,70,405125
12756,4.1e-05,172.31.40.0-255,66,4761,70,405125
12757,4.8e-05,74.125.130.0-255,7156,11917,70,405125
12758,5.1e-05,172.31.40.0-255,66,11983,70,405125
12759,5.5e-05,74.125.130.0-255,1983,13966,70,405125
12760,5.7e-05,172.31.40.0-255,66,14032,70,405125
12761,6e-05,74.125.130.0-255,1484,15516,70,405125
12762,6.2e-05,172.31.40.0-255,66,15582,70,405125
12763,9.1e-05,74.125.130.0-255,1484,17066,70,405125
12764,9.3e-05,172.31.40.0-255,66,17132,70,405125
12765,0.0001,74.125.130.0-255,7156,24288,70,405125
12766,0.000102,172.31.40.0-255,66,24354,70,405125
12767,0.000107,74.125.130.0-255,5738,30092,70,405125
12768,0.000109,172.31.40.0-255,66,30158,70,405125
12769,0.00014,74.125.130.0-255,1125,31283,70,405125
12770,0.000143,172.31.40.0-255,66,31349,70,405125
12771,0.000259,74.125.130.0-255,1484,32833,70,405125
12772,0.000262,172.31.40.0-255,66,32899,70,405125
12773,0.000275,74.125.130.0-255,1484,34383,70,405125
12774,0.000277,172.31.40.0-255,66,34449,70,405125
12775,0.0003,74.125.130.0-255,1484,35933,70,405125
12776,0.000302,172.31.40.0-255,66,35999,70,405125
12777,0.000309,74.125.130.0-255,5738,41737,70,405125
12778,0.000311,172.31.40.0-255,66,41803,70,405125
12779,0.000349,74.125.130.0-255,6797,48600,70,405125
12780,0.000352,172.31.40.0-255,66,48666,70,405125
12781,0.000358,74.125.130.0-255,7156,55822,70,405125
12782,0.00036,172.31.40.0-255,66,55888,70,405125
12783,0.000365,74.125.130.0-255,4320,60208,70,405125
12784,0.000366,172.31.40.0-255,66,60274,70,405125
12785,0.00038,74.125.130.0-255,2902,63176,70,405125
12786,0.000383,172.31.40.0-255,66,63242,70,405125
12787,0.000414,74.125.130.0-255,2832,66074,70,405125
12788,0.000416,172.31.40.0-255,66,66140,70,405125
12789,0.000428,74.125.130.0-255,366,66506,70,405125
12790,0.000512,74.125.130.0-255,1484,67990,70,405125
12791,0.000516,172.31.40.0-255,66,68056,70,405125
12792,0.00052,74.125.130.0-255,2902,70958,70,405125
12793,0.000522,172.31.40.0-255,66,71024,70,405125
12794,0.000547,74.125.130.0-255,5738,76762,70,405125
12795,0.00055,172.31.40.0-255,66,76828,70,405125
12796,0.000564,74.125.130.0-255,4320,81148,70,405125
12797,0.000566,172.31.40.0-255,66,81214,70,405125
12798,0.000595,74.125.130.0-255,4320,85534,70,405125
12799,0.000598,172.31.40.0-255,66,85600,70,405125
12800,0.000607,74.125.130.0-255,9992,95592,70,405125
12801,0.000608,172.31.40.0-255,66,95658,70,405125
12802,0.000614,74.125.130.0-255,4471,100129,70,405125
12803,0.000616,172.31.40.0-255,66,100195,70,405125
12804,0.000692,74.125.130.0-255,1484,101679,70,405125
12805,0.000697,74.125.130.0-255,2902,104581,70,405125
12806,0.0007,172.31.40.0-255,66,104647,70,405125
12807,0.000703,74.125.130.0-255,1484,106131,70,405125
12808,0.000716,74.125.130.0-255,1484,107615,70,405125
12809,0.000719,172.31.40.0-255,66,107681,70,405125
12810,0.000724,74.125.130.0-255,4320,112001,70,405125
12811,0.000726,172.31.40.0-255,66,112067,70,405125
12812,0.000769,74.125.130.0-255,1484,113551,70,405125
12813,0.000784,74.125.130.0-255,7156,120707,70,405125
12814,0.000786,172.31.40.0-255,66,120773,70,405125
12815,0.000793,74.125.130.0-255,7156,127929,70,405125
12816,0.000796,172.31.40.0-255,66,127995,70,405125
12817,0.000841,74.125.130.0-255,6438,134433,70,405125
12818,0.000849,172.31.40.0-255,66,134499,70,405125
12819,0.000914,74.125.130.0-255,1484,135983,70,405125
12820,0.000918,74.125.130.0-255,1484,137467,70,405125
12821,0.00092,172.31.40.0-255,66,137533,70,405125
12822,0.000937,74.125.130.0-255,1484,139017,70,405125
12823,0.00094,74.125.130.0-255,1484,140501,70,405125
12824,0.000942,172.31.40.0-255,66,140567,70,405125
12825,0.000965,74.125.130.0-255,4320,144887,70,405125
12826,0.000969,74.125.130.0-255,4320,149207,70,405125
12827,0.000972,172.31.40.0-255,66,149273,70,405125
12828,0.000975,172.31.40.0-255,66,149339,70,405125
12829,0.00099,74.125.130.0-255,2902,152241,70,405125
12830,0.000993,172.31.40.0-255,66,152307,70,405125
12831,0.001,74.125.130.0-255,8574,160881,70,405125
12832,0.001013,74.125.130.0-255,4320,165201,70,405125
12833,0.001016,172.31.40.0-255,66,165267,70,405125
12834,0.001019,172.31.40.0-255,66,165333,70,405125
12835,0.001038,74.125.130.0-255,3602,168935,70,405125
12836,0.001056,172.31.40.0-255,66,169001,70,405125
12837,0.001179,74.125.130.0-255,1484,170485,70,405125
12838,0.001185,74.125.130.0-255,2902,173387,70,405125
12839,0.001188,172.31.40.0-255,66,173453,70,405125
12840,0.001211,74.125.130.0-255,4320,177773,70,405125
12841,0.001215,172.31.40.0-255,66,177839,70,405125
12842,0.001235,74.125.130.0-255,1484,179323,70,405125
12843,0.001239,74.125.130.0-255,2902,182225,70,405125
12844,0.001244,172.31.40.0-255,66,182291,70,405125
12845,0.001253,74.125.130.0-255,4320,186611,70,405125
12846,0.001259,172.31.40.0-255,66,186677,70,405125
12847,0.001273,74.125.130.0-255,5738,192415,70,405125
12848,0.001278,74.125.130.0-255,4320,196735,70,405125
12849,0.001295,172.31.40.0-255,66,196801,70,405125
12850,0.001301,74.125.130.0-255,5738,202539,70,405125
12851,0.001304,74.125.130.0-255,766,203305,70,405125
12852,0.001315,172.31.40.0-255,66,203371,70,405125
12853,0.001654,74.125.130.0-255,1484,204855,70,405125
12854,0.00166,74.125.130.0-255,2902,207757,70,405125
12855,0.001663,172.31.40.0-255,66,207823,70,405125
12856,0.001668,74.125.130.0-255,2902,210725,70,405125
12857,0.00167,172.31.40.0-255,66,210791,70,405125
12858,0.001674,74.125.130.0-255,1484,212275,70,405125
12859,0.001693,74.125.130.0-255,2902,215177,70,405125
12860,0.001696,172.31.40.0-255,66,215243,70,405125
12861,0.001731,74.125.130.0-255,8574,223817,70,405125
12862,0.001734,172.31.40.0-255,66,223883,70,405125
12863,0.00174,74.125.130.0-255,4320,228203,70,405125
12864,0.001746,74.125.130.0-255,5738,233941,70,405125
12865,0.001753,172.31.40.0-255,66,234007,70,405125
12866,0.001775,74.125.130.0-255,4320,238327,70,405125
12867,0.001784,172.31.40.0-255,66,238393,70,405125
12868,0.001792,74.125.130.0-255,2184,240577,70,405125
12869,0.001797,172.31.40.0-255,66,240643,70,405125
12870,0.00181,74.125.130.0-255,7156,247799,70,405125
12871,0.001847,74.125.130.0-255,8574,256373,70,405125
12872,0.001857,74.125.130.0-255,9992,266365,70,405125
12873,0.001875,172.31.40.0-255,66,266431,70,405125
12874,0.001882,74.125.130.0-255,5020,271451,70,405125
12875,0.001886,172.31.40.0-255,66,271517,70,405125
12876,0.002017,74.125.130.0-255,1484,273001,70,405125
12877,0.002021,74.125.130.0-255,1484,274485,70,405125
12878,0.002024,172.31.40.0-255,66,274551,70,405125
12879,0.002038,74.125.130.0-255,1484,276035,70,405125
12880,0.002046,74.125.130.0-255,5738,281773,70,405125
12881,0.002068,172.31.40.0-255,66,281839,70,405125
12882,0.002079,74.125.130.0-255,5738,287577,70,405125
12883,0.002084,172.31.40.0-255,66,287643,70,405125
12884,0.002094,74.125.130.0-255,5738,293381,70,405125
12885,0.002109,172.31.40.0-255,66,293447,70,405125
12886,0.002156,74.125.130.0-255,8574,302021,70,405125
12887,0.002169,74.125.130.0-255,3602,305623,70,405125
12888,0.002179,172.31.40.0-255,66,305689,70,405125
12889,0.004529,74.125.130.0-255,5738,311427,70,405125
12890,0.004537,172.31.40.0-255,66,311493,70,405125
12891,0.006883,74.125.130.0-255,4320,315813,70,405125
12892,0.006887,172.31.40.0-255,66,315879,70,405125
12893,0.006901,74.125.130.0-255,1484,317363,70,405125
12894,0.009244,74.125.130.0-255,4320,321683,70,405125
12895,0.00925,172.31.40.0-255,66,321749,70,405125
12896,0.011612,74.125.130.0-255,5738,327487,70,405125
12897,0.011619,172.31.40.0-255,66,327553,70,405125
12898,0.013981,74.125.130.0-255,5738,333291,70,405125
12899,0.013989,172.31.40.0-255,66,333357,70,405125
12900,0.016347,74.125.130.0-255,4320,337677,70,405125
12901,0.016355,172.31.40.0-255,66,337743,70,405125
12902,0.016376,74.125.130.0-255,1484,339227,70,405125
12903,0.018708,74.125.130.0-255,4320,343547,70,405125
12904,0.018717,172.31.40.0-255,66,343613,70,405125
12905,0.021065,74.125.130.0-255,5738,349351,70,405125
12906,0.021072,172.31.40.0-255,66,349417,70,405125
12907,0.023427,74.125.130.0-255,5738,355155,70,405125
12908,0.023434,172.31.40.0-255,66,355221,70,405125
12909,0.025782,74.125.130.0-255,5738,360959,70,405125
12910,0.025788,172.31.40.0-255,66,361025,70,405125
12911,0.028148,74.125.130.0-255,5738,366763,70,405125
12912,0.028162,172.31.40.0-255,66,366829,70,405125
12913,0.030185,172.31.40.0-255,172,367001,70,405125
12914,0.030214,172.31.40.0-255,1118,368119,70,405125
12915,0.030265,172.31.40.0-255,1514,369633,70,405125
12916,0.030267,172.31.40.0-255,1325,370958,70,405125
12917,0.030504,74.125.130.0-255,5738,376696,70,405125
12918,0.03051,172.31.40.0-255,66,376762,70,405125
12919,0.031734,104.244.42.0-255,66,376828,70,405125
12920,0.031765,104.244.42.0-255,66,376894,70,405125
12921,0.031803,104.244.42.0-255,66,376960,70,405125
12922,0.032861,74.125.130.0-255,5738,382698,70,405125
12923,0.032867,172.31.40.0-255,66,382764,70,405125
12924,0.035216,74.125.130.0-255,5738,388502,70,405125
12925,0.035221,172.31.40.0-255,66,388568,70,405125
12926,0.037574,74.125.130.0-255,5738,394306,70,405125
12927,0.037581,172.31.40.0-255,66,394372,70,405125
12928,0.03993,74.125.130.0-255,5738,400110,70,405125
12929,0.039936,172.31.40.0-255,66,400176,70,405125
12930,0.042293,74.125.130.0-255,4712,404888,70,405125
12931,0.042299,172.31.40.0-255,66,404954,70,405125
12932,0.042444,172.31.40.0-255,105,405059,70,405125
12933,0.044751,74.125.130.0-255,66,405125,70,405125
12934,0.0,74.125.24.0-255,153,153,70,295467
12935,9e-06,172.31.40.0-255,66,219,70,295467
12936,2.8e-05,74.125.24.0-255,1484,1703,70,295467
12937,3.2e-05,172.31.40.0-255,66,1769,70,295467
12938,3.6e-05,74.125.24.0-255,1484,3253,70,295467
12939,3.8e-05,172.31.40.0-255,66,3319,70,295467
12940,5.3e-05,74.125.24.0-255,1484,4803,70,295467
12941,5.6e-05,172.31.40.0-255,66,4869,70,295467
12942,6.3e-05,74.125.24.0-255,4320,9189,70,295467
12943,6.5e-05,172.31.40.0-255,66,9255,70,295467
12944,0.000111,74.125.24.0-255,9229,18484,70,295467
12945,0.000116,172.31.40.0-255,66,18550,70,295467
12946,0.000129,172.31.40.0-255,66,18616,70,295467
12947,0.000202,74.125.24.0-255,1484,20100,70,295467
12948,0.000204,172.31.40.0-255,66,20166,70,295467
12949,0.00021,74.125.24.0-255,2902,23068,70,295467
12950,0.000212,172.31.40.0-255,66,23134,70,295467
12951,0.000215,74.125.24.0-255,1484,24618,70,295467
12952,0.000217,172.31.40.0-255,66,24684,70,295467
12953,0.000237,74.125.24.0-255,4320,29004,70,295467
12954,0.00024,172.31.40.0-255,66,29070,70,295467
12955,0.000247,74.125.24.0-255,5738,34808,70,295467
12956,0.000249,172.31.40.0-255,66,34874,70,295467
12957,0.000276,74.125.24.0-255,7156,42030,70,295467
12958,0.00028,172.31.40.0-255,66,42096,70,295467
12959,0.000287,74.125.24.0-255,7156,49252,70,295467
12960,0.00029,172.31.40.0-255,66,49318,70,295467
12961,0.000319,74.125.24.0-255,3966,53284,70,295467
12962,0.000322,172.31.40.0-255,66,53350,70,295467
12963,0.000344,74.125.24.0-255,346,53696,70,295467
12964,0.000347,172.31.40.0-255,66,53762,70,295467
12965,0.000601,74.125.24.0-255,1484,55246,70,295467
12966,0.000608,74.125.24.0-255,2902,58148,70,295467
12967,0.000611,172.31.40.0-255,66,58214,70,295467
12968,0.000633,74.125.24.0-255,5738,63952,70,295467
12969,0.000636,172.31.40.0-255,66,64018,70,295467
12970,0.000655,74.125.24.0-255,2902,66920,70,295467
12971,0.000658,172.31.40.0-255,66,66986,70,295467
12972,0.000677,74.125.24.0-255,9992,76978,70,295467
12973,0.00068,172.31.40.0-255,66,77044,70,295467
12974,0.000683,74.125.24.0-255,1484,78528,70,295467
12975,0.000733,74.125.24.0-255,9274,87802,70,295467
12976,0.000759,74.125.24.0-255,4320,92122,70,295467
12977,0.00078,74.125.24.0-255,4320,96442,70,295467
12978,0.000786,74.125.24.0-255,5738,102180,70,295467
12979,0.000803,74.125.24.0-255,4320,106500,70,295467
12980,0.000809,74.125.24.0-255,4320,110820,70,295467
12981,0.000826,74.125.24.0-255,5738,116558,70,295467
12982,0.000862,74.125.24.0-255,5020,121578,70,295467
12983,0.000909,74.125.24.0-255,1484,123062,70,295467
12984,0.000923,74.125.24.0-255,2902,125964,70,295467
12985,0.000947,74.125.24.0-255,5738,131702,70,295467
12986,0.000952,74.125.24.0-255,4320,136022,70,295467
12987,0.000976,74.125.24.0-255,8574,144596,70,295467
12988,0.000983,74.125.24.0-255,7156,151752,70,295467
12989,0.001007,74.125.24.0-255,1484,153236,70,295467
12990,0.001023,74.125.24.0-255,2184,155420,70,295467
12991,0.001056,74.125.24.0-255,4320,159740,70,295467
12992,0.001067,74.125.24.0-255,1484,161224,70,295467
12993,0.001085,74.125.24.0-255,4320,165544,70,295467
12994,0.001091,74.125.24.0-255,2902,168446,70,295467
12995,0.00111,74.125.24.0-255,8574,177020,70,295467
12996,0.001129,74.125.24.0-255,7156,184176,70,295467
12997,0.001146,74.125.24.0-255,5020,189196,70,295467
12998,0.00123,74.125.24.0-255,1484,190680,70,295467
12999,0.001242,74.125.24.0-255,2902,193582,70,295467
13000,0.001247,74.125.24.0-255,2902,196484,70,295467
13001,0.001264,74.125.24.0-255,2902,199386,70,295467
13002,0.001271,74.125.24.0-255,5738,205124,70,295467
13003,0.001292,74.125.24.0-255,7156,212280,70,295467
13004,0.001311,74.125.24.0-255,7156,219436,70,295467
13005,0.001332,74.125.24.0-255,6438,225874,70,295467
13006,0.001335,74.125.24.0-255,1484,227358,70,295467
13007,0.001351,74.125.24.0-255,1484,228842,70,295467
13008,0.001403,74.125.24.0-255,4320,233162,70,295467
13009,0.001418,74.125.24.0-255,2184,235346,70,295467
13010,0.001421,74.125.24.0-255,2902,238248,70,295467
13011,0.001475,74.125.24.0-255,7156,245404,70,295467
13012,0.0015,74.125.24.0-255,2902,248306,70,295467
13013,0.001523,74.125.24.0-255,6438,254744,70,295467
13014,0.001561,74.125.24.0-255,5738,260482,70,295467
13015,0.001576,74.125.24.0-255,1484,261966,70,295467
13016,0.001584,74.125.24.0-255,8574,270540,70,295467
13017,0.001614,74.125.24.0-255,4320,274860,70,295467
13018,0.001663,74.125.24.0-255,1484,276344,70,295467
13019,0.001673,74.125.24.0-255,10692,287036,70,295467
13020,0.001701,74.125.24.0-255,7156,294192,70,295467
13021,0.001751,74.125.24.0-255,766,294958,70,295467
13022,0.001767,74.125.24.0-255,105,295063,70,295467
13023,0.002573,172.31.40.0-255,66,295129,70,295467
13024,0.014019,172.31.40.0-255,101,295230,70,295467
13025,0.015014,172.31.40.0-255,105,295335,70,295467
13026,0.01606,74.125.24.0-255,66,295401,70,295467
13027,0.01705,74.125.24.0-255,66,295467,70,295467
13028,0.0,216.58.221.0-255,150,150,70,227278
13029,2.1e-05,172.31.40.0-255,66,216,70,227278
13030,2.9e-05,216.58.221.0-255,1484,1700,70,227278
13031,3.4e-05,172.31.40.0-255,66,1766,70,227278
13032,4.2e-05,216.58.221.0-255,2902,4668,70,227278
13033,4.6e-05,172.31.40.0-255,66,4734,70,227278
13034,5.3e-05,216.58.221.0-255,7156,11890,70,227278
13035,5.6e-05,172.31.40.0-255,66,11956,70,227278
13036,6.1e-05,216.58.221.0-255,3537,15493,70,227278
13037,6.4e-05,172.31.40.0-255,66,15559,70,227278
13038,7e-05,216.58.221.0-255,4320,19879,70,227278
13039,7.2e-05,172.31.40.0-255,66,19945,70,227278
13040,9.7e-05,216.58.221.0-255,2902,22847,70,227278
13041,0.0001,172.31.40.0-255,66,22913,70,227278
13042,0.000123,216.58.221.0-255,7156,30069,70,227278
13043,0.000126,172.31.40.0-255,66,30135,70,227278
13044,0.000129,216.58.221.0-255,1125,31260,70,227278
13045,0.000131,172.31.40.0-255,66,31326,70,227278
13046,0.000236,216.58.221.0-255,1484,32810,70,227278
13047,0.000239,172.31.40.0-255,66,32876,70,227278
13048,0.000244,216.58.221.0-255,2902,35778,70,227278
13049,0.000247,172.31.40.0-255,66,35844,70,227278
13050,0.000252,216.58.221.0-255,4320,40164,70,227278
13051,0.000254,172.31.40.0-255,66,40230,70,227278
13052,0.000257,216.58.221.0-255,1484,41714,70,227278
13053,0.000259,172.31.40.0-255,66,41780,70,227278
13054,0.000282,216.58.221.0-255,4320,46100,70,227278
13055,0.000284,172.31.40.0-255,66,46166,70,227278
13056,0.000305,216.58.221.0-255,2543,48709,70,227278
13057,0.000308,172.31.40.0-255,66,48775,70,227278
13058,0.000498,216.58.221.0-255,1484,50259,70,227278
13059,0.000503,172.31.40.0-255,66,50325,70,227278
13060,0.000507,216.58.221.0-255,1484,51809,70,227278
13061,0.000512,216.58.221.0-255,1484,53293,70,227278
13062,0.000523,216.58.221.0-255,1484,54777,70,227278
13063,0.000529,216.58.221.0-255,4320,59097,70,227278
13064,0.000544,216.58.221.0-255,1484,60581,70,227278
13065,0.000564,172.31.40.0-255,66,60647,70,227278
13066,0.000572,216.58.221.0-255,5379,66026,70,227278
13067,0.000577,172.31.40.0-255,66,66092,70,227278
13068,0.000663,216.58.221.0-255,396,66488,70,227278
13069,0.00112,172.31.40.0-255,66,66554,70,227278
13070,0.001518,216.58.221.0-255,114,66668,70,227278
13071,0.001699,216.58.221.0-255,1484,68152,70,227278
13072,0.001705,172.31.40.0-255,66,68218,70,227278
13073,0.001712,216.58.221.0-255,2902,71120,70,227278
13074,0.001716,216.58.221.0-255,1484,72604,70,227278
13075,0.001731,216.58.221.0-255,2902,75506,70,227278
13076,0.001734,216.58.221.0-255,1484,76990,70,227278
13077,0.001751,216.58.221.0-255,8215,85205,70,227278
13078,0.001778,216.58.221.0-255,4320,89525,70,227278
13079,0.003449,172.31.40.0-255,66,89591,70,227278
13080,0.005389,216.58.221.0-255,5738,95329,70,227278
13081,0.005397,172.31.40.0-255,66,95395,70,227278
13082,0.007334,216.58.221.0-255,5738,101133,70,227278
13083,0.00736,172.31.40.0-255,66,101199,70,227278
13084,0.009316,216.58.221.0-255,5738,106937,70,227278
13085,0.009326,172.31.40.0-255,66,107003,70,227278
13086,0.011281,216.58.221.0-255,5738,112741,70,227278
13087,0.011484,172.31.40.0-255,66,112807,70,227278
13088,0.013427,216.58.221.0-255,5738,118545,70,227278
13089,0.013436,172.31.40.0-255,66,118611,70,227278
13090,0.015375,216.58.221.0-255,5738,124349,70,227278
13091,0.015382,172.31.40.0-255,66,124415,70,227278
13092,0.017331,216.58.221.0-255,5738,130153,70,227278
13093,0.017345,172.31.40.0-255,66,130219,70,227278
13094,0.019288,216.58.221.0-255,5738,135957,70,227278
13095,0.019295,172.31.40.0-255,66,136023,70,227278
13096,0.021237,216.58.221.0-255,5738,141761,70,227278
13097,0.021245,172.31.40.0-255,66,141827,70,227278
13098,0.023186,216.58.221.0-255,5738,147565,70,227278
13099,0.023195,172.31.40.0-255,66,147631,70,227278
13100,0.025133,216.58.221.0-255,5738,153369,70,227278
13101,0.02514,172.31.40.0-255,66,153435,70,227278
13102,0.025658,172.31.40.0-255,172,153607,70,227278
13103,0.02569,172.31.40.0-255,1113,154720,70,227278
13104,0.025745,172.31.40.0-255,1514,156234,70,227278
13105,0.025747,172.31.40.0-255,1330,157564,70,227278
13106,0.0271,216.58.221.0-255,5738,163302,70,227278
13107,0.027105,172.31.40.0-255,66,163368,70,227278
13108,0.02779,104.244.42.0-255,66,163434,70,227278
13109,0.029046,216.58.221.0-255,5738,169172,70,227278
13110,0.029051,172.31.40.0-255,66,169238,70,227278
13111,0.031,216.58.221.0-255,5738,174976,70,227278
13112,0.031007,172.31.40.0-255,66,175042,70,227278
13113,0.032956,216.58.221.0-255,5738,180780,70,227278
13114,0.032964,172.31.40.0-255,66,180846,70,227278
13115,0.034914,216.58.221.0-255,5738,186584,70,227278
13116,0.034922,172.31.40.0-255,66,186650,70,227278
13117,0.036914,216.58.221.0-255,5738,192388,70,227278
13118,0.036922,172.31.40.0-255,66,192454,70,227278
13119,0.038907,216.58.221.0-255,5738,198192,70,227278
13120,0.038913,172.31.40.0-255,66,198258,70,227278
13121,0.040861,216.58.221.0-255,5738,203996,70,227278
13122,0.040875,172.31.40.0-255,66,204062,70,227278
13123,0.042836,216.58.221.0-255,5738,209800,70,227278
13124,0.042848,172.31.40.0-255,66,209866,70,227278
13125,0.04479,216.58.221.0-255,5738,215604,70,227278
13126,0.044799,172.31.40.0-255,66,215670,70,227278
13127,0.046758,216.58.221.0-255,5738,221408,70,227278
13128,0.046767,172.31.40.0-255,66,221474,70,227278
13129,0.048724,216.58.221.0-255,5738,227212,70,227278
13130,0.048743,172.31.40.0-255,66,227278,70,227278
13131,0.0,74.125.24.0-255,153,153,70,328122
13132,2.3e-05,172.31.40.0-255,66,219,70,328122
13133,3e-05,74.125.24.0-255,1484,1703,70,328122
13134,3.5e-05,172.31.40.0-255,66,1769,70,328122
13135,4.1e-05,74.125.24.0-255,2902,4671,70,328122
13136,4.5e-05,172.31.40.0-255,66,4737,70,328122
13137,5.2e-05,74.125.24.0-255,5738,10475,70,328122
13138,5.6e-05,172.31.40.0-255,66,10541,70,328122
13139,7.5e-05,74.125.24.0-255,3453,13994,70,328122
13140,7.8e-05,172.31.40.0-255,66,14060,70,328122
13141,0.000159,74.125.24.0-255,1484,15544,70,328122
13142,0.000163,172.31.40.0-255,66,15610,70,328122
13143,0.000169,74.125.24.0-255,2902,18512,70,328122
13144,0.000171,172.31.40.0-255,66,18578,70,328122
13145,0.000178,74.125.24.0-255,5738,24316,70,328122
13146,0.00018,172.31.40.0-255,66,24382,70,328122
13147,0.000184,74.125.24.0-255,2902,27284,70,328122
13148,0.000186,172.31.40.0-255,66,27350,70,328122
13149,0.000206,74.125.24.0-255,2902,30252,70,328122
13150,0.000209,172.31.40.0-255,66,30318,70,328122
13151,0.000241,74.125.24.0-255,8215,38533,70,328122
13152,0.000244,172.31.40.0-255,66,38599,70,328122
13153,0.000252,74.125.24.0-255,8574,47173,70,328122
13154,0.000255,172.31.40.0-255,66,47239,70,328122
13155,0.000277,172.31.40.0-255,66,47305,70,328122
13156,0.000303,74.125.24.0-255,6739,54044,70,328122
13157,0.000306,172.31.40.0-255,66,54110,70,328122
13158,0.000318,74.125.24.0-255,407,54517,70,328122
13159,0.000321,172.31.40.0-255,66,54583,70,328122
13160,0.000804,74.125.24.0-255,1484,56067,70,328122
13161,0.000809,172.31.40.0-255,66,56133,70,328122
13162,0.000815,74.125.24.0-255,2902,59035,70,328122
13163,0.000817,172.31.40.0-255,66,59101,70,328122
13164,0.000824,74.125.24.0-255,4320,63421,70,328122
13165,0.000826,172.31.40.0-255,66,63487,70,328122
13166,0.000841,74.125.24.0-255,1484,64971,70,328122
13167,0.000856,74.125.24.0-255,7156,72127,70,328122
13168,0.000858,172.31.40.0-255,66,72193,70,328122
13169,0.000877,74.125.24.0-255,1484,73677,70,328122
13170,0.000932,74.125.24.0-255,4320,77997,70,328122
13171,0.000936,172.31.40.0-255,66,78063,70,328122
13172,0.000965,74.125.24.0-255,10692,88755,70,328122
13173,0.000968,172.31.40.0-255,66,88821,70,328122
13174,0.001827,74.125.24.0-255,1484,90305,70,328122
13175,0.001839,74.125.24.0-255,2902,93207,70,328122
13176,0.001844,172.31.40.0-255,66,93273,70,328122
13177,0.001852,74.125.24.0-255,5738,99011,70,328122
13178,0.001854,172.31.40.0-255,66,99077,70,328122
13179,0.001858,74.125.24.0-255,2902,101979,70,328122
13180,0.00186,172.31.40.0-255,66,102045,70,328122
13181,0.001885,74.125.24.0-255,4320,106365,70,328122
13182,0.001887,172.31.40.0-255,66,106431,70,328122
13183,0.00191,74.125.24.0-255,5738,112169,70,328122
13184,0.001913,172.31.40.0-255,66,112235,70,328122
13185,0.001923,74.125.24.0-255,10692,122927,70,328122
13186,0.001925,172.31.40.0-255,66,122993,70,328122
13187,0.002016,74.125.24.0-255,1484,124477,70,328122
13188,0.002022,74.125.24.0-255,2902,127379,70,328122
13189,0.002026,172.31.40.0-255,66,127445,70,328122
13190,0.00205,74.125.24.0-255,5738,133183,70,328122
13191,0.002052,172.31.40.0-255,66,133249,70,328122
13192,0.002056,74.125.24.0-255,1484,134733,70,328122
13193,0.002078,74.125.24.0-255,7156,141889,70,328122
13194,0.00208,172.31.40.0-255,66,141955,70,328122
13195,0.00209,74.125.24.0-255,9992,151947,70,328122
13196,0.002092,172.31.40.0-255,66,152013,70,328122
13197,0.002116,74.125.24.0-255,4320,156333,70,328122
13198,0.002119,172.31.40.0-255,66,156399,70,328122
13199,0.002148,74.125.24.0-255,9274,165673,70,328122
13200,0.002152,172.31.40.0-255,66,165739,70,328122
13201,0.002167,172.31.40.0-255,66,165805,70,328122
13202,0.002172,74.125.24.0-255,4320,170125,70,328122
13203,0.002175,172.31.40.0-255,66,170191,70,328122
13204,0.002201,74.125.24.0-255,6438,176629,70,328122
13205,0.002204,172.31.40.0-255,66,176695,70,328122
13206,0.002233,74.125.24.0-255,1484,178179,70,328122
13207,0.002238,74.125.24.0-255,2902,181081,70,328122
13208,0.00224,172.31.40.0-255,66,181147,70,328122
13209,0.002246,74.125.24.0-255,4320,185467,70,328122
13210,0.002248,172.31.40.0-255,66,185533,70,328122
13211,0.00226,74.125.24.0-255,1484,187017,70,328122
13212,0.002277,74.125.24.0-255,5738,192755,70,328122
13213,0.002279,172.31.40.0-255,66,192821,70,328122
13214,0.002304,74.125.24.0-255,7156,199977,70,328122
13215,0.002307,172.31.40.0-255,66,200043,70,328122
13216,0.002312,74.125.24.0-255,5738,205781,70,328122
13217,0.002315,172.31.40.0-255,66,205847,70,328122
13218,0.002334,74.125.24.0-255,2902,208749,70,328122
13219,0.002336,172.31.40.0-255,66,208815,70,328122
13220,0.002355,74.125.24.0-255,2184,210999,70,328122
13221,0.002358,172.31.40.0-255,66,211065,70,328122
13222,0.002364,74.125.24.0-255,5738,216803,70,328122
13223,0.002367,172.31.40.0-255,66,216869,70,328122
13224,0.002393,74.125.24.0-255,9992,226861,70,328122
13225,0.002396,172.31.40.0-255,66,226927,70,328122
13226,0.002423,74.125.24.0-255,2902,229829,70,328122
13227,0.002426,172.31.40.0-255,66,229895,70,328122
13228,0.002429,74.125.24.0-255,1484,231379,70,328122
13229,0.002445,172.31.40.0-255,66,231445,70,328122
13230,0.002459,172.31.40.0-255,66,231511,70,328122
13231,0.00252,172.31.40.0-255,66,231577,70,328122
13232,0.004856,74.125.24.0-255,5738,237315,70,328122
13233,0.004864,172.31.40.0-255,66,237381,70,328122
13234,0.007254,74.125.24.0-255,5738,243119,70,328122
13235,0.00727,172.31.40.0-255,66,243185,70,328122
13236,0.007714,172.31.40.0-255,101,243286,70,328122
13237,0.009635,74.125.24.0-255,5738,249024,70,328122
13238,0.009647,172.31.40.0-255,66,249090,70,328122
13239,0.010022,74.125.24.0-255,66,249156,70,328122
13240,0.012024,74.125.24.0-255,5738,254894,70,328122
13241,0.012032,172.31.40.0-255,66,254960,70,328122
13242,0.014365,74.125.24.0-255,5738,260698,70,328122
13243,0.01437,172.31.40.0-255,66,260764,70,328122
13244,0.016711,74.125.24.0-255,5738,266502,70,328122
13245,0.016721,172.31.40.0-255,66,266568,70,328122
13246,0.019125,74.125.24.0-255,5738,272306,70,328122
13247,0.019144,172.31.40.0-255,66,272372,70,328122
13248,0.021495,74.125.24.0-255,5738,278110,70,328122
13249,0.021503,172.31.40.0-255,66,278176,70,328122
13250,0.02386,74.125.24.0-255,5738,283914,70,328122
13251,0.023868,172.31.40.0-255,66,283980,70,328122
13252,0.026198,74.125.24.0-255,5738,289718,70,328122
13253,0.026206,172.31.40.0-255,66,289784,70,328122
13254,0.028608,74.125.24.0-255,5738,295522,70,328122
13255,0.028627,172.31.40.0-255,66,295588,70,328122
13256,0.031012,74.125.24.0-255,5738,301326,70,328122
13257,0.03102,172.31.40.0-255,66,301392,70,328122
13258,0.033382,74.125.24.0-255,5738,307130,70,328122
13259,0.03339,172.31.40.0-255,66,307196,70,328122
13260,0.035762,74.125.24.0-255,5738,312934,70,328122
13261,0.035773,172.31.40.0-255,66,313000,70,328122
13262,0.03813,74.125.24.0-255,5738,318738,70,328122
13263,0.038148,172.31.40.0-255,66,318804,70,328122
13264,0.040493,74.125.24.0-255,5738,324542,70,328122
13265,0.040507,172.31.40.0-255,66,324608,70,328122
13266,0.042831,74.125.24.0-255,3343,327951,70,328122
13267,0.04284,172.31.40.0-255,66,328017,70,328122
13268,0.043019,172.31.40.0-255,105,328122,70,328122
13269,0.0,172.217.27.0-255,150,150,70,340299
13270,2.2e-05,172.31.40.0-255,66,216,70,340299
13271,2.9e-05,172.217.27.0-255,1484,1700,70,340299
13272,3.3e-05,172.31.40.0-255,66,1766,70,340299
13273,4e-05,172.217.27.0-255,2902,4668,70,340299
13274,4.4e-05,172.31.40.0-255,66,4734,70,340299
13275,5.1e-05,172.217.27.0-255,5738,10472,70,340299
13276,5.4e-05,172.31.40.0-255,66,10538,70,340299
13277,5.9e-05,172.217.27.0-255,4320,14858,70,340299
13278,6.2e-05,172.31.40.0-255,66,14924,70,340299
13279,9.8e-05,172.217.27.0-255,9251,24175,70,340299
13280,0.000101,172.31.40.0-255,66,24241,70,340299
13281,0.000109,172.217.27.0-255,6797,31038,70,340299
13282,0.000111,172.31.40.0-255,66,31104,70,340299
13283,0.000175,172.217.27.0-255,1484,32588,70,340299
13284,0.000177,172.31.40.0-255,66,32654,70,340299
13285,0.000181,172.217.27.0-255,2902,35556,70,340299
13286,0.000184,172.31.40.0-255,66,35622,70,340299
13287,0.000208,172.217.27.0-255,5738,41360,70,340299
13288,0.000211,172.31.40.0-255,66,41426,70,340299
13289,0.000232,172.217.27.0-255,9633,51059,70,340299
13290,0.000234,172.31.40.0-255,66,51125,70,340299
13291,0.000239,172.217.27.0-255,2902,54027,70,340299
13292,0.00024,172.31.40.0-255,66,54093,70,340299
13293,0.000267,172.217.27.0-255,7156,61249,70,340299
13294,0.00027,172.31.40.0-255,66,61315,70,340299
13295,0.000275,172.217.27.0-255,4233,65548,70,340299
13296,0.000277,172.31.40.0-255,66,65614,70,340299
13297,0.000573,172.217.27.0-255,132,65746,70,340299
13298,0.000578,172.31.40.0-255,66,65812,70,340299
13299,0.000732,172.217.27.0-255,1484,67296,70,340299
13300,0.000737,172.31.40.0-255,66,67362,70,340299
13301,0.000743,172.217.27.0-255,2902,70264,70,340299
13302,0.000745,172.31.40.0-255,66,70330,70,340299
13303,0.000752,172.217.27.0-255,5738,76068,70,340299
13304,0.000754,172.31.40.0-255,66,76134,70,340299
13305,0.000785,172.217.27.0-255,9992,86126,70,340299
13306,0.000788,172.31.40.0-255,66,86192,70,340299
13307,0.000809,172.217.27.0-255,3961,90153,70,340299
13308,0.000811,172.31.40.0-255,66,90219,70,340299
13309,0.000816,172.217.27.0-255,4320,94539,70,340299
13310,0.000819,172.31.40.0-255,66,94605,70,340299
13311,0.000825,172.217.27.0-255,5379,99984,70,340299
13312,0.000827,172.31.40.0-255,66,100050,70,340299
13313,0.000922,172.217.27.0-255,1484,101534,70,340299
13314,0.000928,172.217.27.0-255,2902,104436,70,340299
13315,0.000932,172.31.40.0-255,66,104502,70,340299
13316,0.000937,172.217.27.0-255,2902,107404,70,340299
13317,0.000939,172.31.40.0-255,66,107470,70,340299
13318,0.000942,172.217.27.0-255,1484,108954,70,340299
13319,0.000964,172.217.27.0-255,2902,111856,70,340299
13320,0.000971,172.217.27.0-255,5738,117594,70,340299
13321,0.000975,172.31.40.0-255,66,117660,70,340299
13322,0.000978,172.31.40.0-255,66,117726,70,340299
13323,0.000993,172.217.27.0-255,2902,120628,70,340299
13324,0.000996,172.31.40.0-255,66,120694,70,340299
13325,0.001003,172.217.27.0-255,7156,127850,70,340299
13326,0.001006,172.31.40.0-255,66,127916,70,340299
13327,0.001034,172.217.27.0-255,6438,134354,70,340299
13328,0.001037,172.31.40.0-255,66,134420,70,340299
13329,0.00104,172.217.27.0-255,349,134769,70,340299
13330,0.001127,172.217.27.0-255,1484,136253,70,340299
13331,0.001131,172.31.40.0-255,66,136319,70,340299
13332,0.001136,172.217.27.0-255,2902,139221,70,340299
13333,0.001138,172.31.40.0-255,66,139287,70,340299
13334,0.001143,172.217.27.0-255,4320,143607,70,340299
13335,0.001145,172.31.40.0-255,66,143673,70,340299
13336,0.001148,172.217.27.0-255,1484,145157,70,340299
13337,0.001165,172.217.27.0-255,4320,149477,70,340299
13338,0.001167,172.31.40.0-255,66,149543,70,340299
13339,0.001172,172.217.27.0-255,2902,152445,70,340299
13340,0.001174,172.31.40.0-255,66,152511,70,340299
13341,0.001199,172.217.27.0-255,8574,161085,70,340299
13342,0.001202,172.31.40.0-255,66,161151,70,340299
13343,0.00121,172.217.27.0-255,7856,169007,70,340299
13344,0.001213,172.31.40.0-255,66,169073,70,340299
13345,0.002842,172.217.27.0-255,5738,174811,70,340299
13346,0.002848,172.31.40.0-255,66,174877,70,340299
13347,0.004464,172.217.27.0-255,1484,176361,70,340299
13348,0.004485,172.217.27.0-255,4320,180681,70,340299
13349,0.004488,172.31.40.0-255,66,180747,70,340299
13350,0.006105,172.217.27.0-255,5738,186485,70,340299
13351,0.006109,172.31.40.0-255,66,186551,70,340299
13352,0.007727,172.217.27.0-255,4320,190871,70,340299
13353,0.007733,172.31.40.0-255,66,190937,70,340299
13354,0.007753,172.217.27.0-255,1484,192421,70,340299
13355,0.009367,172.217.27.0-255,4320,196741,70,340299
13356,0.009373,172.31.40.0-255,66,196807,70,340299
13357,0.011012,172.217.27.0-255,5738,202545,70,340299
13358,0.01102,172.31.40.0-255,66,202611,70,340299
13359,0.012668,172.217.27.0-255,5738,208349,70,340299
13360,0.012674,172.31.40.0-255,66,208415,70,340299
13361,0.014335,172.217.27.0-255,5738,214153,70,340299
13362,0.014342,172.31.40.0-255,66,214219,70,340299
13363,0.015971,172.217.27.0-255,5738,219957,70,340299
13364,0.015977,172.31.40.0-255,66,220023,70,340299
13365,0.017607,172.217.27.0-255,5738,225761,70,340299
13366,0.017613,172.31.40.0-255,66,225827,70,340299
13367,0.01924,172.217.27.0-255,5738,231565,70,340299
13368,0.019246,172.31.40.0-255,66,231631,70,340299
13369,0.020868,172.217.27.0-255,5738,237369,70,340299
13370,0.020874,172.31.40.0-255,66,237435,70,340299
13371,0.022503,172.217.27.0-255,5738,243173,70,340299
13372,0.02251,172.31.40.0-255,66,243239,70,340299
13373,0.024139,172.217.27.0-255,5738,248977,70,340299
13374,0.024146,172.31.40.0-255,66,249043,70,340299
13375,0.025776,172.217.27.0-255,5738,254781,70,340299
13376,0.025783,172.31.40.0-255,66,254847,70,340299
13377,0.027421,172.217.27.0-255,5738,260585,70,340299
13378,0.027428,172.31.40.0-255,66,260651,70,340299
13379,0.028078,172.31.40.0-255,172,260823,70,340299
13380,0.028111,172.31.40.0-255,1113,261936,70,340299
13381,0.028173,172.31.40.0-255,1514,263450,70,340299
13382,0.028174,172.31.40.0-255,1331,264781,70,340299
13383,0.02905,172.217.27.0-255,5738,270519,70,340299
13384,0.029055,172.31.40.0-255,66,270585,70,340299
13385,0.030242,104.244.42.0-255,66,270651,70,340299
13386,0.030702,172.217.27.0-255,5738,276389,70,340299
13387,0.030706,172.31.40.0-255,66,276455,70,340299
13388,0.032424,172.217.27.0-255,5738,282193,70,340299
13389,0.032431,172.31.40.0-255,66,282259,70,340299
13390,0.034058,172.217.27.0-255,5738,287997,70,340299
13391,0.034065,172.31.40.0-255,66,288063,70,340299
13392,0.035711,172.217.27.0-255,5738,293801,70,340299
13393,0.035717,172.31.40.0-255,66,293867,70,340299
13394,0.037363,172.217.27.0-255,5738,299605,70,340299
13395,0.03737,172.31.40.0-255,66,299671,70,340299
13396,0.039001,172.217.27.0-255,5738,305409,70,340299
13397,0.039009,172.31.40.0-255,66,305475,70,340299
13398,0.040664,172.217.27.0-255,5738,311213,70,340299
13399,0.040671,172.31.40.0-255,66,311279,70,340299
13400,0.042291,172.217.27.0-255,5738,317017,70,340299
13401,0.042298,172.31.40.0-255,66,317083,70,340299
13402,0.043937,172.217.27.0-255,5738,322821,70,340299
13403,0.043944,172.31.40.0-255,66,322887,70,340299
13404,0.04557,172.217.27.0-255,5738,328625,70,340299
13405,0.045579,172.31.40.0-255,66,328691,70,340299
13406,0.047213,172.217.27.0-255,5738,334429,70,340299
13407,0.047219,172.31.40.0-255,66,334495,70,340299
13408,0.048859,172.217.27.0-255,5738,340233,70,340299
13409,0.048866,172.31.40.0-255,66,340299,70,340299
13410,0.0,172.217.194.0-255,150,150,70,239449
13411,2.5e-05,172.31.40.0-255,66,216,70,239449
13412,3.2e-05,172.217.194.0-255,1484,1700,70,239449
13413,3.8e-05,172.31.40.0-255,66,1766,70,239449
13414,5.1e-05,172.217.194.0-255,2902,4668,70,239449
13415,5.4e-05,172.31.40.0-255,66,4734,70,239449
13416,6.4e-05,172.217.194.0-255,7156,11890,70,239449
13417,6.8e-05,172.31.40.0-255,66,11956,70,239449
13418,7.2e-05,172.217.194.0-255,2035,13991,70,239449
13419,7.5e-05,172.31.40.0-255,66,14057,70,239449
13420,7.9e-05,172.217.194.0-255,1484,15541,70,239449
13421,8.2e-05,172.31.40.0-255,66,15607,70,239449
13422,0.000114,172.217.194.0-255,1484,17091,70,239449
13423,0.000117,172.31.40.0-255,66,17157,70,239449
13424,0.000124,172.217.194.0-255,5738,22895,70,239449
13425,0.000127,172.31.40.0-255,66,22961,70,239449
13426,0.000164,172.217.194.0-255,8215,31176,70,239449
13427,0.000167,172.31.40.0-255,66,31242,70,239449
13428,0.00021,172.217.194.0-255,1484,32726,70,239449
13429,0.000213,172.31.40.0-255,66,32792,70,239449
13430,0.000234,172.217.194.0-255,2902,35694,70,239449
13431,0.000236,172.31.40.0-255,66,35760,70,239449
13432,0.000243,172.217.194.0-255,5738,41498,70,239449
13433,0.000246,172.31.40.0-255,66,41564,70,239449
13434,0.000254,172.217.194.0-255,6797,48361,70,239449
13435,0.000256,172.31.40.0-255,66,48427,70,239449
13436,0.000296,172.217.194.0-255,7156,55583,70,239449
13437,0.000299,172.31.40.0-255,66,55649,70,239449
13438,0.000303,172.217.194.0-255,2902,58551,70,239449
13439,0.000306,172.31.40.0-255,66,58617,70,239449
13440,0.000336,172.217.194.0-255,7053,65670,70,239449
13441,0.000339,172.31.40.0-255,66,65736,70,239449
13442,0.000342,172.217.194.0-255,430,66166,70,239449
13443,0.000872,172.217.194.0-255,1484,67650,70,239449
13444,0.000878,172.31.40.0-255,66,67716,70,239449
13445,0.000885,172.217.194.0-255,2902,70618,70,239449
13446,0.000887,172.31.40.0-255,66,70684,70,239449
13447,0.000891,172.217.194.0-255,1484,72168,70,239449
13448,0.000918,172.217.194.0-255,4320,76488,70,239449
13449,0.00092,172.31.40.0-255,66,76554,70,239449
13450,0.000927,172.217.194.0-255,5738,82292,70,239449
13451,0.000928,172.31.40.0-255,66,82358,70,239449
13452,0.000943,172.217.194.0-255,8574,90932,70,239449
13453,0.000945,172.31.40.0-255,66,90998,70,239449
13454,0.000976,172.217.194.0-255,4320,95318,70,239449
13455,0.000981,172.31.40.0-255,66,95384,70,239449
13456,0.000988,172.217.194.0-255,5020,100404,70,239449
13457,0.000991,172.31.40.0-255,66,100470,70,239449
13458,0.00111,172.217.194.0-255,1484,101954,70,239449
13459,0.001127,172.217.194.0-255,2902,104856,70,239449
13460,0.00113,172.31.40.0-255,66,104922,70,239449
13461,0.001137,172.217.194.0-255,4320,109242,70,239449
13462,0.001139,172.31.40.0-255,66,109308,70,239449
13463,0.001161,172.217.194.0-255,1484,110792,70,239449
13464,0.001169,172.217.194.0-255,7156,117948,70,239449
13465,0.001171,172.31.40.0-255,66,118014,70,239449
13466,0.001194,172.217.194.0-255,5738,123752,70,239449
13467,0.001197,172.31.40.0-255,66,123818,70,239449
13468,0.001231,172.217.194.0-255,5738,129556,70,239449
13469,0.001234,172.31.40.0-255,66,129622,70,239449
13470,0.001251,172.217.194.0-255,5020,134642,70,239449
13471,0.001254,172.31.40.0-255,66,134708,70,239449
13472,0.00382,172.217.194.0-255,5738,140446,70,239449
13473,0.003827,172.31.40.0-255,66,140512,70,239449
13474,0.006382,172.217.194.0-255,4320,144832,70,239449
13475,0.006385,172.31.40.0-255,66,144898,70,239449
13476,0.006413,172.217.194.0-255,1484,146382,70,239449
13477,0.008947,172.217.194.0-255,4320,150702,70,239449
13478,0.008955,172.31.40.0-255,66,150768,70,239449
13479,0.011522,172.217.194.0-255,5738,156506,70,239449
13480,0.011531,172.31.40.0-255,66,156572,70,239449
13481,0.014097,172.217.194.0-255,5738,162310,70,239449
13482,0.014105,172.31.40.0-255,66,162376,70,239449
13483,0.016677,172.217.194.0-255,5738,168114,70,239449
13484,0.016684,172.31.40.0-255,66,168180,70,239449
13485,0.019289,172.217.194.0-255,5738,173918,70,239449
13486,0.019296,172.31.40.0-255,66,173984,70,239449
13487,0.021853,172.217.194.0-255,5738,179722,70,239449
13488,0.02186,172.31.40.0-255,66,179788,70,239449
13489,0.024415,172.217.194.0-255,5738,185526,70,239449
13490,0.024422,172.31.40.0-255,66,185592,70,239449
13491,0.026567,172.31.40.0-255,171,185763,70,239449
13492,0.026597,172.31.40.0-255,1138,186901,70,239449
13493,0.026661,172.31.40.0-255,1514,188415,70,239449
13494,0.026663,172.31.40.0-255,1304,189719,70,239449
13495,0.027034,172.217.194.0-255,5738,195457,70,239449
13496,0.027054,172.31.40.0-255,66,195523,70,239449
13497,0.028132,104.244.42.0-255,66,195589,70,239449
13498,0.028172,104.244.42.0-255,66,195655,70,239449
13499,0.028219,104.244.42.0-255,66,195721,70,239449
13500,0.02963,172.217.194.0-255,4320,200041,70,239449
13501,0.029636,172.31.40.0-255,66,200107,70,239449
13502,0.029665,172.217.194.0-255,1484,201591,70,239449
13503,0.03218,172.217.194.0-255,4320,205911,70,239449
13504,0.032187,172.31.40.0-255,66,205977,70,239449
13505,0.034744,172.217.194.0-255,5738,211715,70,239449
13506,0.034751,172.31.40.0-255,66,211781,70,239449
13507,0.037337,172.217.194.0-255,5738,217519,70,239449
13508,0.03735,172.31.40.0-255,66,217585,70,239449
13509,0.039926,172.217.194.0-255,5738,223323,70,239449
13510,0.039932,172.31.40.0-255,66,223389,70,239449
13511,0.042512,172.217.194.0-255,4320,227709,70,239449
13512,0.042517,172.31.40.0-255,66,227775,70,239449
13513,0.042539,172.217.194.0-255,1484,229259,70,239449
13514,0.045103,172.217.194.0-255,4320,233579,70,239449
13515,0.04511,172.31.40.0-255,66,233645,70,239449
13516,0.047689,172.217.194.0-255,5738,239383,70,239449
13517,0.047696,172.31.40.0-255,66,239449,70,239449
13518,0.0,74.125.130.0-255,149,149,70,210145
13519,2.3e-05,172.31.40.0-255,66,215,70,210145
13520,3e-05,74.125.130.0-255,1484,1699,70,210145
13521,3.5e-05,172.31.40.0-255,66,1765,70,210145
13522,5.3e-05,74.125.130.0-255,1484,3249,70,210145
13523,5.6e-05,172.31.40.0-255,66,3315,70,210145
13524,5.9e-05,74.125.130.0-255,1484,4799,70,210145
13525,6.2e-05,172.31.40.0-255,66,4865,70,210145
13526,7.3e-05,74.125.130.0-255,1484,6349,70,210145
13527,7.6e-05,172.31.40.0-255,66,6415,70,210145
13528,0.000101,74.125.130.0-255,5738,12153,70,210145
13529,0.000105,172.31.40.0-255,66,12219,70,210145
13530,0.000178,74.125.130.0-255,2120,14339,70,210145
13531,0.000182,172.31.40.0-255,66,14405,70,210145
13532,0.000209,74.125.130.0-255,5738,20143,70,210145
13533,0.000211,172.31.40.0-255,66,20209,70,210145
13534,0.000237,74.125.130.0-255,4320,24529,70,210145
13535,0.00024,172.31.40.0-255,66,24595,70,210145
13536,0.000341,74.125.130.0-255,4320,28915,70,210145
13537,0.000345,172.31.40.0-255,66,28981,70,210145
13538,0.000405,74.125.130.0-255,2543,31524,70,210145
13539,0.000409,172.31.40.0-255,66,31590,70,210145
13540,0.000453,74.125.130.0-255,4320,35910,70,210145
13541,0.000456,172.31.40.0-255,66,35976,70,210145
13542,0.000513,74.125.130.0-255,7156,43132,70,210145
13543,0.000517,172.31.40.0-255,66,43198,70,210145
13544,0.000533,74.125.130.0-255,1484,44682,70,210145
13545,0.000535,172.31.40.0-255,66,44748,70,210145
13546,0.000623,74.125.130.0-255,4320,49068,70,210145
13547,0.000627,172.31.40.0-255,66,49134,70,210145
13548,0.000661,172.31.40.0-255,66,49200,70,210145
13549,0.000905,74.125.130.0-255,2832,52032,70,210145
13550,0.00091,172.31.40.0-255,66,52098,70,210145
13551,0.000914,74.125.130.0-255,367,52465,70,210145
13552,0.000949,172.31.40.0-255,66,52531,70,210145
13553,0.00099,172.31.40.0-255,66,52597,70,210145
13554,0.001271,74.125.130.0-255,4320,56917,70,210145
13555,0.001275,172.31.40.0-255,66,56983,70,210145
13556,0.001292,74.125.130.0-255,1484,58467,70,210145
13557,0.001357,74.125.130.0-255,7156,65623,70,210145
13558,0.001361,172.31.40.0-255,66,65689,70,210145
13559,0.001424,172.31.40.0-255,66,65755,70,210145
13560,0.001876,74.125.130.0-255,1484,67239,70,210145
13561,0.001894,74.125.130.0-255,7156,74395,70,210145
13562,0.001898,172.31.40.0-255,66,74461,70,210145
13563,0.001991,172.31.40.0-255,66,74527,70,210145
13564,0.002357,74.125.130.0-255,8574,83101,70,210145
13565,0.002363,172.31.40.0-255,66,83167,70,210145
13566,0.002757,74.125.130.0-255,6438,89605,70,210145
13567,0.006769,172.31.40.0-255,66,89671,70,210145
13568,0.008882,74.125.130.0-255,5738,95409,70,210145
13569,0.00889,172.31.40.0-255,66,95475,70,210145
13570,0.010985,74.125.130.0-255,5738,101213,70,210145
13571,0.010992,172.31.40.0-255,66,101279,70,210145
13572,0.013115,74.125.130.0-255,5738,107017,70,210145
13573,0.013123,172.31.40.0-255,66,107083,70,210145
13574,0.015217,74.125.130.0-255,5738,112821,70,210145
13575,0.015996,172.31.40.0-255,66,112887,70,210145
13576,0.018101,74.125.130.0-255,5738,118625,70,210145
13577,0.01811,172.31.40.0-255,66,118691,70,210145
13578,0.020222,74.125.130.0-255,5738,124429,70,210145
13579,0.020229,172.31.40.0-255,66,124495,70,210145
13580,0.022336,74.125.130.0-255,5738,130233,70,210145
13581,0.022343,172.31.40.0-255,66,130299,70,210145
13582,0.024459,74.125.130.0-255,5738,136037,70,210145
13583,0.024465,172.31.40.0-255,66,136103,70,210145
13584,0.026566,74.125.130.0-255,5738,141841,70,210145
13585,0.026573,172.31.40.0-255,66,141907,70,210145
13586,0.028054,172.31.40.0-255,172,142079,70,210145
13587,0.028085,172.31.40.0-255,1113,143192,70,210145
13588,0.028146,172.31.40.0-255,1514,144706,70,210145
13589,0.028148,172.31.40.0-255,1331,146037,70,210145
13590,0.028671,74.125.130.0-255,5738,151775,70,210145
13591,0.028677,172.31.40.0-255,66,151841,70,210145
13592,0.029586,104.244.42.0-255,66,151907,70,210145
13593,0.029595,104.244.42.0-255,66,151973,70,210145
13594,0.029649,104.244.42.0-255,66,152039,70,210145
13595,0.030786,74.125.130.0-255,5738,157777,70,210145
13596,0.030844,172.31.40.0-255,66,157843,70,210145
13597,0.032962,74.125.130.0-255,5738,163581,70,210145
13598,0.032977,172.31.40.0-255,66,163647,70,210145
13599,0.035084,74.125.130.0-255,1484,165131,70,210145
13600,0.035107,74.125.130.0-255,4320,169451,70,210145
13601,0.035113,172.31.40.0-255,66,169517,70,210145
13602,0.037223,74.125.130.0-255,5738,175255,70,210145
13603,0.037229,172.31.40.0-255,66,175321,70,210145
13604,0.039342,74.125.130.0-255,5738,181059,70,210145
13605,0.039347,172.31.40.0-255,66,181125,70,210145
13606,0.04146,74.125.130.0-255,5738,186863,70,210145
13607,0.04147,172.31.40.0-255,66,186929,70,210145
13608,0.043582,74.125.130.0-255,5738,192667,70,210145
13609,0.043588,172.31.40.0-255,66,192733,70,210145
13610,0.045709,74.125.130.0-255,5738,198471,70,210145
13611,0.045716,172.31.40.0-255,66,198537,70,210145
13612,0.047809,74.125.130.0-255,5738,204275,70,210145
13613,0.047816,172.31.40.0-255,66,204341,70,210145
13614,0.049925,74.125.130.0-255,5738,210079,70,210145
13615,0.049932,172.31.40.0-255,66,210145,70,210145
13616,0.0,172.217.194.0-255,153,153,70,295875
13617,1.6e-05,172.31.40.0-255,66,219,70,295875
13618,2.2e-05,172.217.194.0-255,1484,1703,70,295875
13619,2.6e-05,172.31.40.0-255,66,1769,70,295875
13620,5.2e-05,172.217.194.0-255,2902,4671,70,295875
13621,5.5e-05,172.31.40.0-255,66,4737,70,295875
13622,6.9e-05,172.217.194.0-255,7156,11893,70,295875
13623,7.2e-05,172.31.40.0-255,66,11959,70,295875
13624,7.9e-05,172.217.194.0-255,6316,18275,70,295875
13625,8.2e-05,172.31.40.0-255,66,18341,70,295875
13626,0.000127,172.217.194.0-255,5738,24079,70,295875
13627,0.00013,172.31.40.0-255,66,24145,70,295875
13628,0.000152,172.217.194.0-255,6797,30942,70,295875
13629,0.000155,172.31.40.0-255,66,31008,70,295875
13630,0.000165,172.217.194.0-255,1484,32492,70,295875
13631,0.000168,172.31.40.0-255,66,32558,70,295875
13632,0.000175,172.217.194.0-255,1484,34042,70,295875
13633,0.000178,172.31.40.0-255,66,34108,70,295875
13634,0.000212,172.217.194.0-255,1484,35592,70,295875
13635,0.000214,172.31.40.0-255,66,35658,70,295875
13636,0.000221,172.217.194.0-255,5738,41396,70,295875
13637,0.000223,172.31.40.0-255,66,41462,70,295875
13638,0.000243,172.217.194.0-255,5738,47200,70,295875
13639,0.000248,172.31.40.0-255,66,47266,70,295875
13640,0.00025,172.31.40.0-255,66,47332,70,295875
13641,0.000276,172.217.194.0-255,3961,51293,70,295875
13642,0.000278,172.31.40.0-255,66,51359,70,295875
13643,0.000281,172.217.194.0-255,679,52038,70,295875
13644,0.000283,172.31.40.0-255,66,52104,70,295875
13645,0.000593,172.217.194.0-255,1484,53588,70,295875
13646,0.000599,172.217.194.0-255,2902,56490,70,295875
13647,0.000606,172.31.40.0-255,66,56556,70,295875
13648,0.000615,172.31.40.0-255,66,56622,70,295875
13649,0.000625,172.217.194.0-255,5738,62360,70,295875
13650,0.000628,172.31.40.0-255,66,62426,70,295875
13651,0.000639,172.217.194.0-255,1484,63910,70,295875
13652,0.000679,172.217.194.0-255,9992,73902,70,295875
13653,0.000697,172.31.40.0-255,66,73968,70,295875
13654,0.000705,172.31.40.0-255,66,74034,70,295875
13655,0.000874,172.217.194.0-255,1484,75518,70,295875
13656,0.00088,172.217.194.0-255,2902,78420,70,295875
13657,0.000883,172.31.40.0-255,66,78486,70,295875
13658,0.00093,172.217.194.0-255,5738,84224,70,295875
13659,0.000933,172.31.40.0-255,66,84290,70,295875
13660,0.000946,172.31.40.0-255,66,84356,70,295875
13661,0.000959,172.217.194.0-255,9992,94348,70,295875
13662,0.000962,172.31.40.0-255,66,94414,70,295875
13663,0.000985,172.217.194.0-255,766,95180,70,295875
13664,0.00101,172.217.194.0-255,1484,96664,70,295875
13665,0.001013,172.31.40.0-255,66,96730,70,295875
13666,0.001017,172.217.194.0-255,2902,99632,70,295875
13667,0.00102,172.31.40.0-255,66,99698,70,295875
13668,0.001025,172.217.194.0-255,2902,102600,70,295875
13669,0.001027,172.31.40.0-255,66,102666,70,295875
13670,0.001055,172.217.194.0-255,2902,105568,70,295875
13671,0.001058,172.31.40.0-255,66,105634,70,295875
13672,0.001064,172.217.194.0-255,4320,109954,70,295875
13673,0.001067,172.31.40.0-255,66,110020,70,295875
13674,0.001079,172.31.40.0-255,66,110086,70,295875
13675,0.001111,172.217.194.0-255,7856,117942,70,295875
13676,0.001114,172.31.40.0-255,66,118008,70,295875
13677,0.001143,172.217.194.0-255,8574,126582,70,295875
13678,0.001146,172.31.40.0-255,66,126648,70,295875
13679,0.001152,172.217.194.0-255,5738,132386,70,295875
13680,0.001154,172.31.40.0-255,66,132452,70,295875
13681,0.001186,172.217.194.0-255,7156,139608,70,295875
13682,0.001189,172.31.40.0-255,66,139674,70,295875
13683,0.001221,172.217.194.0-255,8574,148248,70,295875
13684,0.001224,172.31.40.0-255,66,148314,70,295875
13685,0.001229,172.217.194.0-255,3602,151916,70,295875
13686,0.001231,172.31.40.0-255,66,151982,70,295875
13687,0.001269,172.217.194.0-255,1484,153466,70,295875
13688,0.001274,172.217.194.0-255,2902,156368,70,295875
13689,0.001277,172.31.40.0-255,66,156434,70,295875
13690,0.001314,172.217.194.0-255,5738,162172,70,295875
13691,0.001316,172.31.40.0-255,66,162238,70,295875
13692,0.001323,172.217.194.0-255,5738,167976,70,295875
13693,0.001326,172.31.40.0-255,66,168042,70,295875
13694,0.001344,172.31.40.0-255,66,168108,70,295875
13695,0.001347,172.217.194.0-255,1484,169592,70,295875
13696,0.001369,172.217.194.0-255,3602,173194,70,295875
13697,0.001371,172.31.40.0-255,66,173260,70,295875
13698,0.001399,172.217.194.0-255,2902,176162,70,295875
13699,0.001402,172.31.40.0-255,66,176228,70,295875
13700,0.001407,172.217.194.0-255,4320,180548,70,295875
13701,0.00141,172.31.40.0-255,66,180614,70,295875
13702,0.001415,172.217.194.0-255,4320,184934,70,295875
13703,0.001417,172.31.40.0-255,66,185000,70,295875
13704,0.001444,172.217.194.0-255,4320,189320,70,295875
13705,0.001447,172.31.40.0-255,66,189386,70,295875
13706,0.001455,172.217.194.0-255,1484,190870,70,295875
13707,0.001483,172.31.40.0-255,66,190936,70,295875
13708,0.001509,172.217.194.0-255,2184,193120,70,295875
13709,0.001512,172.31.40.0-255,66,193186,70,295875
13710,0.001595,172.217.194.0-255,1484,194670,70,295875
13711,0.0016,172.217.194.0-255,2902,197572,70,295875
13712,0.001604,172.31.40.0-255,66,197638,70,295875
13713,0.001608,172.217.194.0-255,2902,200540,70,295875
13714,0.001611,172.31.40.0-255,66,200606,70,295875
13715,0.001632,172.217.194.0-255,2902,203508,70,295875
13716,0.001635,172.31.40.0-255,66,203574,70,295875
13717,0.001661,172.217.194.0-255,4320,207894,70,295875
13718,0.001664,172.31.40.0-255,66,207960,70,295875
13719,0.001689,172.217.194.0-255,8574,216534,70,295875
13720,0.001692,172.31.40.0-255,66,216600,70,295875
13721,0.001696,172.217.194.0-255,2902,219502,70,295875
13722,0.001699,172.31.40.0-255,66,219568,70,295875
13723,0.001762,172.217.194.0-255,4320,223888,70,295875
13724,0.001779,172.31.40.0-255,66,223954,70,295875
13725,0.001784,172.217.194.0-255,3602,227556,70,295875
13726,0.001787,172.31.40.0-255,66,227622,70,295875
13727,0.001789,172.217.194.0-255,1484,229106,70,295875
13728,0.001794,172.217.194.0-255,2902,232008,70,295875
13729,0.001796,172.31.40.0-255,66,232074,70,295875
13730,0.001802,172.217.194.0-255,5738,237812,70,295875
13731,0.001804,172.31.40.0-255,66,237878,70,295875
13732,0.001813,172.217.194.0-255,8574,246452,70,295875
13733,0.001816,172.31.40.0-255,66,246518,70,295875
13734,0.00182,172.217.194.0-255,2902,249420,70,295875
13735,0.001822,172.31.40.0-255,66,249486,70,295875
13736,0.001851,172.217.194.0-255,7156,256642,70,295875
13737,0.001853,172.31.40.0-255,66,256708,70,295875
13738,0.001858,172.217.194.0-255,2902,259610,70,295875
13739,0.00186,172.31.40.0-255,66,259676,70,295875
13740,0.00188,172.217.194.0-255,2184,261860,70,295875
13741,0.001883,172.31.40.0-255,66,261926,70,295875
13742,0.001914,172.217.194.0-255,5738,267664,70,295875
13743,0.001917,172.31.40.0-255,66,267730,70,295875
13744,0.00192,172.217.194.0-255,1484,269214,70,295875
13745,0.001925,172.217.194.0-255,2902,272116,70,295875
13746,0.001927,172.31.40.0-255,66,272182,70,295875
13747,0.001957,172.217.194.0-255,5738,277920,70,295875
13748,0.001964,172.31.40.0-255,66,277986,70,295875
13749,0.001971,172.217.194.0-255,7156,285142,70,295875
13750,0.001973,172.31.40.0-255,66,285208,70,295875
13751,0.00201,172.217.194.0-255,8574,293782,70,295875
13752,0.002013,172.31.40.0-255,66,293848,70,295875
13753,0.002029,172.31.40.0-255,66,293914,70,295875
13754,0.002042,172.31.40.0-255,66,293980,70,295875
13755,0.002068,172.217.194.0-255,1436,295416,70,295875
13756,0.002092,172.217.194.0-255,105,295521,70,295875
13757,0.011343,172.217.194.0-255,105,295626,70,295875
13758,0.011363,172.31.40.0-255,78,295704,70,295875
13759,0.016649,172.31.40.0-255,105,295809,70,295875
13760,0.018897,172.217.194.0-255,66,295875,70,295875
13761,0.0,172.217.194.0-255,150,150,70,347214
13762,3.1e-05,172.31.40.0-255,66,216,70,347214
13763,3.8e-05,172.217.194.0-255,1484,1700,70,347214
13764,4.2e-05,172.31.40.0-255,66,1766,70,347214
13765,4.8e-05,172.217.194.0-255,2902,4668,70,347214
13766,5.7e-05,172.31.40.0-255,66,4734,70,347214
13767,6.5e-05,172.217.194.0-255,7156,11890,70,347214
13768,6.8e-05,172.31.40.0-255,66,11956,70,347214
13769,0.000102,172.217.194.0-255,1931,13887,70,347214
13770,0.000104,172.31.40.0-255,66,13953,70,347214
13771,0.000109,172.217.194.0-255,2902,16855,70,347214
13772,0.000112,172.31.40.0-255,66,16921,70,347214
13773,0.000118,172.217.194.0-255,7156,24077,70,347214
13774,0.000127,172.31.40.0-255,66,24143,70,347214
13775,0.00017,172.217.194.0-255,8574,32717,70,347214
13776,0.000173,172.31.40.0-255,66,32783,70,347214
13777,0.000184,172.217.194.0-255,9992,42775,70,347214
13778,0.000187,172.31.40.0-255,66,42841,70,347214
13779,0.000199,172.217.194.0-255,5020,47861,70,347214
13780,0.000202,172.31.40.0-255,66,47927,70,347214
13781,0.000464,172.217.194.0-255,1484,49411,70,347214
13782,0.00047,172.31.40.0-255,66,49477,70,347214
13783,0.000475,172.217.194.0-255,2902,52379,70,347214
13784,0.000477,172.31.40.0-255,66,52445,70,347214
13785,0.000503,172.217.194.0-255,4320,56765,70,347214
13786,0.000506,172.217.194.0-255,1484,58249,70,347214
13787,0.000508,172.31.40.0-255,66,58315,70,347214
13788,0.000512,172.31.40.0-255,66,58381,70,347214
13789,0.000541,172.217.194.0-255,4320,62701,70,347214
13790,0.000549,172.31.40.0-255,66,62767,70,347214
13791,0.000554,172.217.194.0-255,2834,65601,70,347214
13792,0.000556,172.31.40.0-255,66,65667,70,347214
13793,0.001088,172.217.194.0-255,1484,67151,70,347214
13794,0.001108,172.217.194.0-255,2902,70053,70,347214
13795,0.001113,172.31.40.0-255,66,70119,70,347214
13796,0.001121,172.217.194.0-255,5738,75857,70,347214
13797,0.001125,172.31.40.0-255,66,75923,70,347214
13798,0.001136,172.217.194.0-255,4320,80243,70,347214
13799,0.001139,172.31.40.0-255,66,80309,70,347214
13800,0.001167,172.217.194.0-255,8574,88883,70,347214
13801,0.001171,172.31.40.0-255,66,88949,70,347214
13802,0.001178,172.217.194.0-255,7156,96105,70,347214
13803,0.00118,172.31.40.0-255,66,96171,70,347214
13804,0.001213,172.217.194.0-255,3602,99773,70,347214
13805,0.001216,172.31.40.0-255,66,99839,70,347214
13806,0.001637,172.217.194.0-255,1484,101323,70,347214
13807,0.001645,172.217.194.0-255,2902,104225,70,347214
13808,0.001649,172.31.40.0-255,66,104291,70,347214
13809,0.001654,172.217.194.0-255,2902,107193,70,347214
13810,0.001656,172.31.40.0-255,66,107259,70,347214
13811,0.001687,172.217.194.0-255,2902,110161,70,347214
13812,0.00169,172.31.40.0-255,66,110227,70,347214
13813,0.001707,172.31.40.0-255,66,110293,70,347214
13814,0.001738,172.217.194.0-255,10692,120985,70,347214
13815,0.001741,172.31.40.0-255,66,121051,70,347214
13816,0.001752,172.217.194.0-255,1484,122535,70,347214
13817,0.001772,172.217.194.0-255,8574,131109,70,347214
13818,0.001774,172.31.40.0-255,66,131175,70,347214
13819,0.001799,172.217.194.0-255,1484,132659,70,347214
13820,0.001806,172.217.194.0-255,7156,139815,70,347214
13821,0.001808,172.31.40.0-255,66,139881,70,347214
13822,0.001842,172.217.194.0-255,2902,142783,70,347214
13823,0.001845,172.31.40.0-255,66,142849,70,347214
13824,0.001881,172.31.40.0-255,66,142915,70,347214
13825,0.001915,172.31.40.0-255,66,142981,70,347214
13826,0.001943,172.217.194.0-255,5738,148719,70,347214
13827,0.001946,172.31.40.0-255,66,148785,70,347214
13828,0.001974,172.217.194.0-255,8574,157359,70,347214
13829,0.001976,172.31.40.0-255,66,157425,70,347214
13830,0.001982,172.217.194.0-255,5738,163163,70,347214
13831,0.001984,172.31.40.0-255,66,163229,70,347214
13832,0.002009,172.217.194.0-255,5738,168967,70,347214
13833,0.002012,172.31.40.0-255,66,169033,70,347214
13834,0.002038,172.217.194.0-255,3602,172635,70,347214
13835,0.00204,172.31.40.0-255,66,172701,70,347214
13836,0.002048,172.217.194.0-255,9992,182693,70,347214
13837,0.00205,172.31.40.0-255,66,182759,70,347214
13838,0.002063,172.217.194.0-255,9992,192751,70,347214
13839,0.002065,172.31.40.0-255,66,192817,70,347214
13840,0.002071,172.217.194.0-255,5738,198555,70,347214
13841,0.002073,172.31.40.0-255,66,198621,70,347214
13842,0.002106,172.217.194.0-255,5020,203641,70,347214
13843,0.002108,172.31.40.0-255,66,203707,70,347214
13844,0.002112,172.217.194.0-255,2902,206609,70,347214
13845,0.002113,172.31.40.0-255,66,206675,70,347214
13846,0.002118,172.217.194.0-255,4320,210995,70,347214
13847,0.002121,172.31.40.0-255,66,211061,70,347214
13848,0.002136,172.217.194.0-255,5738,216799,70,347214
13849,0.002138,172.31.40.0-255,66,216865,70,347214
13850,0.002165,172.217.194.0-255,2902,219767,70,347214
13851,0.002167,172.31.40.0-255,66,219833,70,347214
13852,0.002175,172.217.194.0-255,9992,229825,70,347214
13853,0.002182,172.31.40.0-255,66,229891,70,347214
13854,0.002186,172.217.194.0-255,2184,232075,70,347214
13855,0.002188,172.31.40.0-255,66,232141,70,347214
13856,0.002191,172.217.194.0-255,1484,233625,70,347214
13857,0.002221,172.217.194.0-255,1484,235109,70,347214
13858,0.002223,172.31.40.0-255,66,235175,70,347214
13859,0.00223,172.217.194.0-255,7156,242331,70,347214
13860,0.002232,172.31.40.0-255,66,242397,70,347214
13861,0.002234,172.217.194.0-255,1484,243881,70,347214
13862,0.002264,172.217.194.0-255,7156,251037,70,347214
13863,0.002266,172.31.40.0-255,66,251103,70,347214
13864,0.002331,172.31.40.0-255,66,251169,70,347214
13865,0.002335,172.217.194.0-255,2184,253353,70,347214
13866,0.002336,172.31.40.0-255,66,253419,70,347214
13867,0.002384,172.217.194.0-255,1484,254903,70,347214
13868,0.002389,172.217.194.0-255,2902,257805,70,347214
13869,0.002391,172.31.40.0-255,66,257871,70,347214
13870,0.002394,172.217.194.0-255,1484,259355,70,347214
13871,0.002421,172.217.194.0-255,4320,263675,70,347214
13872,0.002423,172.31.40.0-255,66,263741,70,347214
13873,0.002427,172.217.194.0-255,2902,266643,70,347214
13874,0.002429,172.31.40.0-255,66,266709,70,347214
13875,0.002466,172.217.194.0-255,8574,275283,70,347214
13876,0.002468,172.31.40.0-255,66,275349,70,347214
13877,0.002472,172.217.194.0-255,2902,278251,70,347214
13878,0.002474,172.31.40.0-255,66,278317,70,347214
13879,0.002499,172.217.194.0-255,9992,288309,70,347214
13880,0.002502,172.31.40.0-255,66,288375,70,347214
13881,0.002534,172.217.194.0-255,6438,294813,70,347214
13882,0.002536,172.31.40.0-255,66,294879,70,347214
13883,0.002544,172.217.194.0-255,9992,304871,70,347214
13884,0.002546,172.31.40.0-255,66,304937,70,347214
13885,0.002571,172.217.194.0-255,2902,307839,70,347214
13886,0.002573,172.31.40.0-255,66,307905,70,347214
13887,0.002598,172.217.194.0-255,5738,313643,70,347214
13888,0.002601,172.31.40.0-255,66,313709,70,347214
13889,0.002628,172.217.194.0-255,9274,322983,70,347214
13890,0.002631,172.31.40.0-255,66,323049,70,347214
13891,0.002638,172.217.194.0-255,9992,333041,70,347214
13892,0.00264,172.31.40.0-255,66,333107,70,347214
13893,0.002673,172.217.194.0-255,8574,341681,70,347214
13894,0.002675,172.31.40.0-255,66,341747,70,347214
13895,0.002681,172.217.194.0-255,4779,346526,70,347214
13896,0.002683,172.31.40.0-255,66,346592,70,347214
13897,0.002686,172.217.194.0-255,97,346689,70,347214
13898,0.002692,172.217.194.0-255,105,346794,70,347214
13899,0.012472,172.31.40.0-255,66,346860,70,347214
13900,0.012504,172.31.40.0-255,105,346965,70,347214
13901,0.013666,172.217.194.0-255,105,347070,70,347214
13902,0.01368,172.31.40.0-255,78,347148,70,347214
13903,0.015104,172.217.194.0-255,66,347214,70,347214
13904,0.0,74.125.68.0-255,146,146,70,338458
13905,2.3e-05,172.31.40.0-255,66,212,70,338458
13906,3e-05,74.125.68.0-255,1484,1696,70,338458
13907,3.5e-05,172.31.40.0-255,66,1762,70,338458
13908,6.2e-05,74.125.68.0-255,1484,3246,70,338458
13909,6.5e-05,172.31.40.0-255,66,3312,70,338458
13910,8.6e-05,74.125.68.0-255,2902,6214,70,338458
13911,8.9e-05,172.31.40.0-255,66,6280,70,338458
13912,9.4e-05,74.125.68.0-255,4320,10600,70,338458
13913,9.7e-05,172.31.40.0-255,66,10666,70,338458
13914,0.000112,74.125.68.0-255,1484,12150,70,338458
13915,0.000114,172.31.40.0-255,66,12216,70,338458
13916,0.000118,74.125.68.0-255,2101,14317,70,338458
13917,0.000121,172.31.40.0-255,66,14383,70,338458
13918,0.000125,74.125.68.0-255,2902,17285,70,338458
13919,0.000127,172.31.40.0-255,66,17351,70,338458
13920,0.00013,74.125.68.0-255,1484,18835,70,338458
13921,0.000132,172.31.40.0-255,66,18901,70,338458
13922,0.000159,74.125.68.0-255,5738,24639,70,338458
13923,0.000161,172.31.40.0-255,66,24705,70,338458
13924,0.000167,74.125.68.0-255,5738,30443,70,338458
13925,0.000169,172.31.40.0-255,66,30509,70,338458
13926,0.000198,74.125.68.0-255,1125,31634,70,338458
13927,0.0002,172.31.40.0-255,66,31700,70,338458
13928,0.000266,74.125.68.0-255,1484,33184,70,338458
13929,0.000269,172.31.40.0-255,66,33250,70,338458
13930,0.00029,74.125.68.0-255,2902,36152,70,338458
13931,0.000292,172.31.40.0-255,66,36218,70,338458
13932,0.000307,74.125.68.0-255,2902,39120,70,338458
13933,0.000309,172.31.40.0-255,66,39186,70,338458
13934,0.000329,74.125.68.0-255,1484,40670,70,338458
13935,0.000332,172.31.40.0-255,66,40736,70,338458
13936,0.000338,74.125.68.0-255,5738,46474,70,338458
13937,0.000413,74.125.68.0-255,2902,49376,70,338458
13938,0.000432,74.125.68.0-255,5684,55060,70,338458
13939,0.000442,74.125.68.0-255,382,55442,70,338458
13940,0.000538,172.31.40.0-255,66,55508,70,338458
13941,0.000557,74.125.68.0-255,1484,56992,70,338458
13942,0.000562,74.125.68.0-255,2902,59894,70,338458
13943,0.000588,74.125.68.0-255,5738,65632,70,338458
13944,0.000603,172.31.40.0-255,66,65698,70,338458
13945,0.000619,74.125.68.0-255,5738,71436,70,338458
13946,0.000639,74.125.68.0-255,4320,75756,70,338458
13947,0.000642,74.125.68.0-255,1484,77240,70,338458
13948,0.000646,172.31.40.0-255,66,77306,70,338458
13949,0.000658,74.125.68.0-255,7156,84462,70,338458
13950,0.000668,172.31.40.0-255,66,84528,70,338458
13951,0.000673,74.125.68.0-255,2902,87430,70,338458
13952,0.000676,74.125.68.0-255,2184,89614,70,338458
13953,0.000702,172.31.40.0-255,66,89680,70,338458
13954,0.000921,74.125.68.0-255,1484,91164,70,338458
13955,0.000939,74.125.68.0-255,2902,94066,70,338458
13956,0.000952,172.31.40.0-255,66,94132,70,338458
13957,0.000971,74.125.68.0-255,2902,97034,70,338458
13958,0.00098,172.31.40.0-255,66,97100,70,338458
13959,0.001001,74.125.68.0-255,4320,101420,70,338458
13960,0.001016,172.31.40.0-255,66,101486,70,338458
13961,0.001027,74.125.68.0-255,1484,102970,70,338458
13962,0.001038,74.125.68.0-255,1484,104454,70,338458
13963,0.00106,74.125.68.0-255,1484,105938,70,338458
13964,0.001065,74.125.68.0-255,2902,108840,70,338458
13965,0.001069,172.31.40.0-255,66,108906,70,338458
13966,0.001081,74.125.68.0-255,4320,113226,70,338458
13967,0.001093,74.125.68.0-255,1484,114710,70,338458
13968,0.001109,74.125.68.0-255,7156,121866,70,338458
13969,0.001121,172.31.40.0-255,66,121932,70,338458
13970,0.001136,74.125.68.0-255,2184,124116,70,338458
13971,0.001145,172.31.40.0-255,66,124182,70,338458
13972,0.001267,74.125.68.0-255,1484,125666,70,338458
13973,0.001283,74.125.68.0-255,2902,128568,70,338458
13974,0.001295,172.31.40.0-255,66,128634,70,338458
13975,0.001307,74.125.68.0-255,2902,131536,70,338458
13976,0.00132,74.125.68.0-255,2902,134438,70,338458
13977,0.001333,74.125.68.0-255,1484,135922,70,338458
13978,0.001364,74.125.68.0-255,1484,137406,70,338458
13979,0.001369,172.31.40.0-255,66,137472,70,338458
13980,0.001379,74.125.68.0-255,1484,138956,70,338458
13981,0.001385,74.125.68.0-255,5738,144694,70,338458
13982,0.001389,74.125.68.0-255,2902,147596,70,338458
13983,0.001404,74.125.68.0-255,7156,154752,70,338458
13984,0.001415,74.125.68.0-255,2902,157654,70,338458
13985,0.001419,74.125.68.0-255,766,158420,70,338458
13986,0.001427,172.31.40.0-255,66,158486,70,338458
13987,0.001655,74.125.68.0-255,1484,159970,70,338458
13988,0.001662,74.125.68.0-255,2902,162872,70,338458
13989,0.001666,172.31.40.0-255,66,162938,70,338458
13990,0.001684,74.125.68.0-255,2902,165840,70,338458
13991,0.001689,74.125.68.0-255,4320,170160,70,338458
13992,0.001697,172.31.40.0-255,66,170226,70,338458
13993,0.001714,74.125.68.0-255,7156,177382,70,338458
13994,0.001728,74.125.68.0-255,1484,178866,70,338458
13995,0.001735,74.125.68.0-255,5738,184604,70,338458
13996,0.001741,172.31.40.0-255,66,184670,70,338458
13997,0.00176,74.125.68.0-255,7156,191826,70,338458
13998,0.001762,74.125.68.0-255,766,192592,70,338458
13999,0.001781,172.31.40.0-255,66,192658,70,338458
14000,0.001889,74.125.68.0-255,1484,194142,70,338458
14001,0.001893,74.125.68.0-255,1484,195626,70,338458
14002,0.001896,172.31.40.0-255,66,195692,70,338458
14003,0.001917,74.125.68.0-255,1484,197176,70,338458
14004,0.001923,74.125.68.0-255,5738,202914,70,338458
14005,0.001936,172.31.40.0-255,66,202980,70,338458
14006,0.001951,74.125.68.0-255,5738,208718,70,338458
14007,0.001958,74.125.68.0-255,7156,215874,70,338458
14008,0.001969,172.31.40.0-255,66,215940,70,338458
14009,0.001982,74.125.68.0-255,2902,218842,70,338458
14010,0.001999,74.125.68.0-255,7856,226698,70,338458
14011,0.002026,74.125.68.0-255,4320,231018,70,338458
14012,0.002032,172.31.40.0-255,66,231084,70,338458
14013,0.002055,74.125.68.0-255,7156,238240,70,338458
14014,0.002066,74.125.68.0-255,4320,242560,70,338458
14015,0.002069,74.125.68.0-255,1484,244044,70,338458
14016,0.012459,74.125.68.0-255,1484,245528,70,338458
14017,0.01387,172.31.40.0-255,66,245594,70,338458
14018,0.015911,74.125.68.0-255,5738,251332,70,338458
14019,0.01592,172.31.40.0-255,66,251398,70,338458
14020,0.017968,74.125.68.0-255,5738,257136,70,338458
14021,0.017984,172.31.40.0-255,66,257202,70,338458
14022,0.020018,74.125.68.0-255,5738,262940,70,338458
14023,0.020025,172.31.40.0-255,66,263006,70,338458
14024,0.022067,74.125.68.0-255,5738,268744,70,338458
14025,0.022803,172.31.40.0-255,66,268810,70,338458
14026,0.024832,74.125.68.0-255,5738,274548,70,338458
14027,0.024841,172.31.40.0-255,66,274614,70,338458
14028,0.026889,74.125.68.0-255,5738,280352,70,338458
14029,0.027735,172.31.40.0-255,66,280418,70,338458
14030,0.029787,74.125.68.0-255,5738,286156,70,338458
14031,0.029798,172.31.40.0-255,66,286222,70,338458
14032,0.031837,74.125.68.0-255,5738,291960,70,338458
14033,0.031846,172.31.40.0-255,66,292026,70,338458
14034,0.033887,74.125.68.0-255,5738,297764,70,338458
14035,0.033895,172.31.40.0-255,66,297830,70,338458
14036,0.035931,74.125.68.0-255,5738,303568,70,338458
14037,0.035947,172.31.40.0-255,66,303634,70,338458
14038,0.037979,74.125.68.0-255,5738,309372,70,338458
14039,0.037987,172.31.40.0-255,66,309438,70,338458
14040,0.040029,74.125.68.0-255,5738,315176,70,338458
14041,0.040036,172.31.40.0-255,66,315242,70,338458
14042,0.042066,74.125.68.0-255,5738,320980,70,338458
14043,0.042071,172.31.40.0-255,66,321046,70,338458
14044,0.044146,74.125.68.0-255,5738,326784,70,338458
14045,0.044159,172.31.40.0-255,66,326850,70,338458
14046,0.046196,74.125.68.0-255,5738,332588,70,338458
14047,0.046204,172.31.40.0-255,66,332654,70,338458
14048,0.04825,74.125.68.0-255,5738,338392,70,338458
14049,0.048267,172.31.40.0-255,66,338458,70,338458
14050,0.0,74.125.24.0-255,150,150,70,369965
14051,1.6e-05,172.31.40.0-255,66,216,70,369965
14052,2.3e-05,74.125.24.0-255,1484,1700,70,369965
14053,2.7e-05,172.31.40.0-255,66,1766,70,369965
14054,3.3e-05,74.125.24.0-255,2902,4668,70,369965
14055,3.6e-05,172.31.40.0-255,66,4734,70,369965
14056,4.4e-05,74.125.24.0-255,7156,11890,70,369965
14057,4.7e-05,172.31.40.0-255,66,11956,70,369965
14058,7.2e-05,74.125.24.0-255,7156,19112,70,369965
14059,7.5e-05,172.31.40.0-255,66,19178,70,369965
14060,0.000105,74.125.24.0-255,9089,28267,70,369965
14061,0.000108,172.31.40.0-255,66,28333,70,369965
14062,0.000112,74.125.24.0-255,2543,30876,70,369965
14063,0.000114,172.31.40.0-255,66,30942,70,369965
14064,0.00028,74.125.24.0-255,1484,32426,70,369965
14065,0.000285,172.31.40.0-255,66,32492,70,369965
14066,0.000291,74.125.24.0-255,2902,35394,70,369965
14067,0.000293,172.31.40.0-255,66,35460,70,369965
14068,0.0003,74.125.24.0-255,5738,41198,70,369965
14069,0.000303,172.31.40.0-255,66,41264,70,369965
14070,0.000307,74.125.24.0-255,2902,44166,70,369965
14071,0.00031,172.31.40.0-255,66,44232,70,369965
14072,0.000332,74.125.24.0-255,1484,45716,70,369965
14073,0.000334,172.31.40.0-255,66,45782,70,369965
14074,0.000348,74.125.24.0-255,2902,48684,70,369965
14075,0.000351,172.31.40.0-255,66,48750,70,369965
14076,0.000372,74.125.24.0-255,9633,58383,70,369965
14077,0.000375,172.31.40.0-255,66,58449,70,369965
14078,0.00038,74.125.24.0-255,2902,61351,70,369965
14079,0.000381,172.31.40.0-255,66,61417,70,369965
14080,0.000408,74.125.24.0-255,4274,65691,70,369965
14081,0.000411,172.31.40.0-255,66,65757,70,369965
14082,0.000834,74.125.24.0-255,108,65865,70,369965
14083,0.000875,74.125.24.0-255,1484,67349,70,369965
14084,0.000879,172.31.40.0-255,66,67415,70,369965
14085,0.000884,74.125.24.0-255,2902,70317,70,369965
14086,0.000886,172.31.40.0-255,66,70383,70,369965
14087,0.000902,74.125.24.0-255,5738,76121,70,369965
14088,0.000904,172.31.40.0-255,66,76187,70,369965
14089,0.000926,74.125.24.0-255,7156,83343,70,369965
14090,0.000928,172.31.40.0-255,66,83409,70,369965
14091,0.000973,74.125.24.0-255,2902,86311,70,369965
14092,0.000975,172.31.40.0-255,66,86377,70,369965
14093,0.001001,172.31.40.0-255,66,86443,70,369965
14094,0.001004,74.125.24.0-255,1484,87927,70,369965
14095,0.001007,74.125.24.0-255,766,88693,70,369965
14096,0.001009,172.31.40.0-255,66,88759,70,369965
14097,0.001846,74.125.24.0-255,1484,90243,70,369965
14098,0.001857,74.125.24.0-255,2902,93145,70,369965
14099,0.001861,172.31.40.0-255,66,93211,70,369965
14100,0.00187,74.125.24.0-255,5738,98949,70,369965
14101,0.001872,172.31.40.0-255,66,99015,70,369965
14102,0.001906,74.125.24.0-255,4320,103335,70,369965
14103,0.001908,172.31.40.0-255,66,103401,70,369965
14104,0.001933,74.125.24.0-255,8574,111975,70,369965
14105,0.001936,172.31.40.0-255,66,112041,70,369965
14106,0.001945,74.125.24.0-255,9992,122033,70,369965
14107,0.001947,172.31.40.0-255,66,122099,70,369965
14108,0.00195,74.125.24.0-255,766,122865,70,369965
14109,0.0023,74.125.24.0-255,1484,124349,70,369965
14110,0.002307,172.31.40.0-255,66,124415,70,369965
14111,0.002312,74.125.24.0-255,1484,125899,70,369965
14112,0.002328,74.125.24.0-255,1484,127383,70,369965
14113,0.00233,172.31.40.0-255,66,127449,70,369965
14114,0.002336,74.125.24.0-255,4320,131769,70,369965
14115,0.002338,172.31.40.0-255,66,131835,70,369965
14116,0.002363,74.125.24.0-255,1484,133319,70,369965
14117,0.002383,74.125.24.0-255,5738,139057,70,369965
14118,0.002386,172.31.40.0-255,66,139123,70,369965
14119,0.00239,74.125.24.0-255,2902,142025,70,369965
14120,0.002392,172.31.40.0-255,66,142091,70,369965
14121,0.002398,74.125.24.0-255,4320,146411,70,369965
14122,0.0024,172.31.40.0-255,66,146477,70,369965
14123,0.002418,74.125.24.0-255,1484,147961,70,369965
14124,0.002421,74.125.24.0-255,1484,149445,70,369965
14125,0.002423,172.31.40.0-255,66,149511,70,369965
14126,0.002426,74.125.24.0-255,1484,150995,70,369965
14127,0.002431,74.125.24.0-255,4320,155315,70,369965
14128,0.002433,172.31.40.0-255,66,155381,70,369965
14129,0.002454,74.125.24.0-255,2184,157565,70,369965
14130,0.002456,172.31.40.0-255,66,157631,70,369965
14131,0.002473,74.125.24.0-255,1484,159115,70,369965
14132,0.002487,74.125.24.0-255,5738,164853,70,369965
14133,0.002489,172.31.40.0-255,66,164919,70,369965
14134,0.002519,74.125.24.0-255,1484,166403,70,369965
14135,0.002534,74.125.24.0-255,5738,172141,70,369965
14136,0.002536,172.31.40.0-255,66,172207,70,369965
14137,0.002554,74.125.24.0-255,1484,173691,70,369965
14138,0.00256,74.125.24.0-255,5738,179429,70,369965
14139,0.002563,172.31.40.0-255,66,179495,70,369965
14140,0.002596,74.125.24.0-255,9992,189487,70,369965
14141,0.002598,172.31.40.0-255,66,189553,70,369965
14142,0.002616,74.125.24.0-255,2184,191737,70,369965
14143,0.002618,172.31.40.0-255,66,191803,70,369965
14144,0.002702,74.125.24.0-255,1484,193287,70,369965
14145,0.002714,74.125.24.0-255,1484,194771,70,369965
14146,0.002716,172.31.40.0-255,66,194837,70,369965
14147,0.002736,74.125.24.0-255,4320,199157,70,369965
14148,0.002738,172.31.40.0-255,66,199223,70,369965
14149,0.002743,74.125.24.0-255,2902,202125,70,369965
14150,0.002745,172.31.40.0-255,66,202191,70,369965
14151,0.002768,74.125.24.0-255,2902,205093,70,369965
14152,0.00277,172.31.40.0-255,66,205159,70,369965
14153,0.00279,74.125.24.0-255,2902,208061,70,369965
14154,0.002792,172.31.40.0-255,66,208127,70,369965
14155,0.002797,74.125.24.0-255,2902,211029,70,369965
14156,0.002799,172.31.40.0-255,66,211095,70,369965
14157,0.002802,74.125.24.0-255,1484,212579,70,369965
14158,0.00282,74.125.24.0-255,2902,215481,70,369965
14159,0.002822,172.31.40.0-255,66,215547,70,369965
14160,0.002831,74.125.24.0-255,8574,224121,70,369965
14161,0.002833,172.31.40.0-255,66,224187,70,369965
14162,0.002837,74.125.24.0-255,2184,226371,70,369965
14163,0.002839,172.31.40.0-255,66,226437,70,369965
14164,0.002883,74.125.24.0-255,1484,227921,70,369965
14165,0.002897,74.125.24.0-255,2902,230823,70,369965
14166,0.0029,172.31.40.0-255,66,230889,70,369965
14167,0.002903,74.125.24.0-255,1484,232373,70,369965
14168,0.002922,74.125.24.0-255,4320,236693,70,369965
14169,0.002924,172.31.40.0-255,66,236759,70,369965
14170,0.002945,74.125.24.0-255,5738,242497,70,369965
14171,0.002947,172.31.40.0-255,66,242563,70,369965
14172,0.002962,74.125.24.0-255,5738,248301,70,369965
14173,0.002964,172.31.40.0-255,66,248367,70,369965
14174,0.002971,74.125.24.0-255,7156,255523,70,369965
14175,0.002974,172.31.40.0-255,66,255589,70,369965
14176,0.003006,74.125.24.0-255,10692,266281,70,369965
14177,0.003009,172.31.40.0-255,66,266347,70,369965
14178,0.003044,74.125.24.0-255,1484,267831,70,369965
14179,0.003067,74.125.24.0-255,9992,277823,70,369965
14180,0.00307,172.31.40.0-255,66,277889,70,369965
14181,0.003075,74.125.24.0-255,4320,282209,70,369965
14182,0.003077,172.31.40.0-255,66,282275,70,369965
14183,0.003084,74.125.24.0-255,5738,288013,70,369965
14184,0.003086,172.31.40.0-255,66,288079,70,369965
14185,0.003091,74.125.24.0-255,4320,292399,70,369965
14186,0.003093,172.31.40.0-255,66,292465,70,369965
14187,0.003125,74.125.24.0-255,1484,293949,70,369965
14188,0.003149,74.125.24.0-255,3602,297551,70,369965
14189,0.003151,172.31.40.0-255,66,297617,70,369965
14190,0.003154,74.125.24.0-255,1484,299101,70,369965
14191,0.003174,74.125.24.0-255,7156,306257,70,369965
14192,0.003176,172.31.40.0-255,66,306323,70,369965
14193,0.003193,74.125.24.0-255,1484,307807,70,369965
14194,0.003221,74.125.24.0-255,8574,316381,70,369965
14195,0.003224,172.31.40.0-255,66,316447,70,369965
14196,0.003226,74.125.24.0-255,1484,317931,70,369965
14197,0.00324,74.125.24.0-255,2902,320833,70,369965
14198,0.003243,172.31.40.0-255,66,320899,70,369965
14199,0.003262,74.125.24.0-255,7856,328755,70,369965
14200,0.003265,172.31.40.0-255,66,328821,70,369965
14201,0.003268,74.125.24.0-255,1484,330305,70,369965
14202,0.00328,74.125.24.0-255,1484,331789,70,369965
14203,0.003282,172.31.40.0-255,66,331855,70,369965
14204,0.003303,74.125.24.0-255,1484,333339,70,369965
14205,0.003306,74.125.24.0-255,1484,334823,70,369965
14206,0.003309,172.31.40.0-255,66,334889,70,369965
14207,0.003327,74.125.24.0-255,2902,337791,70,369965
14208,0.003329,172.31.40.0-255,66,337857,70,369965
14209,0.003337,74.125.24.0-255,8574,346431,70,369965
14210,0.00334,172.31.40.0-255,66,346497,70,369965
14211,0.003358,74.125.24.0-255,1484,347981,70,369965
14212,0.003367,74.125.24.0-255,8574,356555,70,369965
14213,0.003369,172.31.40.0-255,66,356621,70,369965
14214,0.003406,74.125.24.0-255,1484,358105,70,369965
14215,0.003441,172.31.40.0-255,66,358171,70,369965
14216,0.003459,74.125.24.0-255,2902,361073,70,369965
14217,0.003462,172.31.40.0-255,66,361139,70,369965
14218,0.003498,172.31.40.0-255,66,361205,70,369965
14219,0.003541,74.125.24.0-255,105,361310,70,369965
14220,0.009277,172.31.40.0-255,66,361376,70,369965
14221,0.009312,172.31.40.0-255,105,361481,70,369965
14222,0.011573,74.125.24.0-255,66,361547,70,369965
14223,0.035693,172.31.40.0-255,172,361719,70,369965
14224,0.035725,172.31.40.0-255,1117,362836,70,369965
14225,0.035797,172.31.40.0-255,1514,364350,70,369965
14226,0.035799,172.31.40.0-255,1514,365864,70,369965
14227,0.0358,172.31.40.0-255,1514,367378,70,369965
14228,0.035801,172.31.40.0-255,1514,368892,70,369965
14229,0.035829,172.31.40.0-255,635,369527,70,369965
14230,0.037253,104.244.42.0-255,66,369593,70,369965
14231,0.037264,104.244.42.0-255,66,369659,70,369965
14232,0.037347,104.244.42.0-255,66,369725,70,369965
14233,0.037351,104.244.42.0-255,66,369791,70,369965
14234,0.038028,104.244.42.0-255,108,369899,70,369965
14235,0.038037,172.31.40.0-255,66,369965,70,369965
14236,0.0,74.125.24.0-255,153,153,70,337161
14237,1.4e-05,172.31.40.0-255,66,219,70,337161
14238,2.1e-05,74.125.24.0-255,1484,1703,70,337161
14239,2.5e-05,172.31.40.0-255,66,1769,70,337161
14240,3e-05,74.125.24.0-255,2902,4671,70,337161
14241,4e-05,172.31.40.0-255,66,4737,70,337161
14242,4.8e-05,74.125.24.0-255,7156,11893,70,337161
14243,5e-05,172.31.40.0-255,66,11959,70,337161
14244,5.4e-05,74.125.24.0-255,2030,13989,70,337161
14245,5.7e-05,172.31.40.0-255,66,14055,70,337161
14246,6.3e-05,74.125.24.0-255,2902,16957,70,337161
14247,6.7e-05,172.31.40.0-255,66,17023,70,337161
14248,8.4e-05,74.125.24.0-255,4320,21343,70,337161
14249,8.7e-05,172.31.40.0-255,66,21409,70,337161
14250,0.000122,74.125.24.0-255,2902,24311,70,337161
14251,0.000125,172.31.40.0-255,66,24377,70,337161
14252,0.000133,74.125.24.0-255,6797,31174,70,337161
14253,0.000135,172.31.40.0-255,66,31240,70,337161
14254,0.000209,74.125.24.0-255,1484,32724,70,337161
14255,0.000212,172.31.40.0-255,66,32790,70,337161
14256,0.000217,74.125.24.0-255,2902,35692,70,337161
14257,0.00022,172.31.40.0-255,66,35758,70,337161
14258,0.000223,74.125.24.0-255,1484,37242,70,337161
14259,0.000225,172.31.40.0-255,66,37308,70,337161
14260,0.00025,74.125.24.0-255,4320,41628,70,337161
14261,0.000252,172.31.40.0-255,66,41694,70,337161
14262,0.000265,172.31.40.0-255,66,41760,70,337161
14263,0.00027,74.125.24.0-255,4320,46080,70,337161
14264,0.000277,172.31.40.0-255,66,46146,70,337161
14265,0.000308,74.125.24.0-255,6438,52584,70,337161
14266,0.000311,172.31.40.0-255,66,52650,70,337161
14267,0.000313,74.125.24.0-255,399,53049,70,337161
14268,0.000411,74.125.24.0-255,110,53159,70,337161
14269,0.000691,74.125.24.0-255,1484,54643,70,337161
14270,0.000707,74.125.24.0-255,2902,57545,70,337161
14271,0.000716,172.31.40.0-255,66,57611,70,337161
14272,0.000727,74.125.24.0-255,5738,63349,70,337161
14273,0.000732,172.31.40.0-255,66,63415,70,337161
14274,0.000761,74.125.24.0-255,7156,70571,70,337161
14275,0.000781,74.125.24.0-255,8574,79145,70,337161
14276,0.000795,74.125.24.0-255,5738,84883,70,337161
14277,0.0008,74.125.24.0-255,2184,87067,70,337161
14278,0.000811,172.31.40.0-255,66,87133,70,337161
14279,0.00082,74.125.24.0-255,330,87463,70,337161
14280,0.001064,74.125.24.0-255,1484,88947,70,337161
14281,0.001068,172.31.40.0-255,66,89013,70,337161
14282,0.001074,74.125.24.0-255,2902,91915,70,337161
14283,0.001078,172.31.40.0-255,66,91981,70,337161
14284,0.001107,74.125.24.0-255,5738,97719,70,337161
14285,0.001113,74.125.24.0-255,5738,103457,70,337161
14286,0.001142,172.31.40.0-255,66,103523,70,337161
14287,0.001153,74.125.24.0-255,7156,110679,70,337161
14288,0.001196,74.125.24.0-255,8574,119253,70,337161
14289,0.001215,74.125.24.0-255,2184,121437,70,337161
14290,0.001223,74.125.24.0-255,9992,131429,70,337161
14291,0.001237,74.125.24.0-255,1484,132913,70,337161
14292,0.001258,74.125.24.0-255,9992,142905,70,337161
14293,0.00126,74.125.24.0-255,1484,144389,70,337161
14294,0.001288,74.125.24.0-255,10692,155081,70,337161
14295,0.001691,74.125.24.0-255,1484,156565,70,337161
14296,0.001698,74.125.24.0-255,2902,159467,70,337161
14297,0.001716,74.125.24.0-255,5738,165205,70,337161
14298,0.001744,74.125.24.0-255,9992,175197,70,337161
14299,0.001807,74.125.24.0-255,766,175963,70,337161
14300,0.001886,74.125.24.0-255,1484,177447,70,337161
14301,0.001907,74.125.24.0-255,2902,180349,70,337161
14302,0.001913,74.125.24.0-255,5738,186087,70,337161
14303,0.001918,74.125.24.0-255,4320,190407,70,337161
14304,0.001934,74.125.24.0-255,1484,191891,70,337161
14305,0.001938,74.125.24.0-255,2902,194793,70,337161
14306,0.001957,74.125.24.0-255,9992,204785,70,337161
14307,0.001979,74.125.24.0-255,5020,209805,70,337161
14308,0.002002,74.125.24.0-255,5738,215543,70,337161
14309,0.002028,74.125.24.0-255,7156,222699,70,337161
14310,0.002073,74.125.24.0-255,6438,229137,70,337161
14311,0.002188,74.125.24.0-255,1484,230621,70,337161
14312,0.002192,74.125.24.0-255,2902,233523,70,337161
14313,0.002212,74.125.24.0-255,5738,239261,70,337161
14314,0.002214,74.125.24.0-255,1484,240745,70,337161
14315,0.00224,74.125.24.0-255,8574,249319,70,337161
14316,0.002266,74.125.24.0-255,1484,250803,70,337161
14317,0.002319,74.125.24.0-255,8574,259377,70,337161
14318,0.002342,74.125.24.0-255,5738,265115,70,337161
14319,0.002344,74.125.24.0-255,1484,266599,70,337161
14320,0.002387,74.125.24.0-255,7156,273755,70,337161
14321,0.002408,74.125.24.0-255,9992,283747,70,337161
14322,0.00241,74.125.24.0-255,766,284513,70,337161
14323,0.002414,74.125.24.0-255,2902,287415,70,337161
14324,0.002436,74.125.24.0-255,2902,290317,70,337161
14325,0.002442,74.125.24.0-255,7156,297473,70,337161
14326,0.002454,74.125.24.0-255,2902,300375,70,337161
14327,0.002486,74.125.24.0-255,6438,306813,70,337161
14328,0.002526,74.125.24.0-255,4320,311133,70,337161
14329,0.002529,74.125.24.0-255,2902,314035,70,337161
14330,0.002542,74.125.24.0-255,2902,316937,70,337161
14331,0.002546,74.125.24.0-255,2902,319839,70,337161
14332,0.002572,74.125.24.0-255,8574,328413,70,337161
14333,0.005584,172.31.40.0-255,66,328479,70,337161
14334,0.007097,172.31.40.0-255,101,328580,70,337161
14335,0.008146,74.125.24.0-255,4235,332815,70,337161
14336,0.008152,172.31.40.0-255,66,332881,70,337161
14337,0.008293,172.31.40.0-255,105,332986,70,337161
14338,0.00957,74.125.24.0-255,66,333052,70,337161
14339,0.01081,74.125.24.0-255,66,333118,70,337161
14340,0.043412,172.31.40.0-255,172,333290,70,337161
14341,0.043444,172.31.40.0-255,1118,334408,70,337161
14342,0.043508,172.31.40.0-255,1514,335922,70,337161
14343,0.04351,172.31.40.0-255,1041,336963,70,337161
14344,0.044945,104.244.42.0-255,66,337029,70,337161
14345,0.044988,104.244.42.0-255,66,337095,70,337161
14346,0.045115,104.244.42.0-255,66,337161,70,337161
14347,0.0,172.217.194.0-255,297,297,70,263607
14348,2.2e-05,172.31.40.0-255,66,363,70,263607
14349,2.9e-05,172.217.194.0-255,1484,1847,70,263607
14350,3.4e-05,172.31.40.0-255,66,1913,70,263607
14351,4.9e-05,172.217.194.0-255,4320,6233,70,263607
14352,5.3e-05,172.31.40.0-255,66,6299,70,263607
14353,5.9e-05,172.217.194.0-255,5738,12037,70,263607
14354,6.2e-05,172.31.40.0-255,66,12103,70,263607
14355,8.6e-05,172.217.194.0-255,1928,14031,70,263607
14356,8.9e-05,172.31.40.0-255,66,14097,70,263607
14357,0.00018,172.217.194.0-255,1484,15581,70,263607
14358,0.000184,172.31.40.0-255,66,15647,70,263607
14359,0.000189,172.217.194.0-255,2902,18549,70,263607
14360,0.000191,172.31.40.0-255,66,18615,70,263607
14361,0.000221,172.217.194.0-255,5738,24353,70,263607
14362,0.000224,172.31.40.0-255,66,24419,70,263607
14363,0.00023,172.217.194.0-255,4320,28739,70,263607
14364,0.000232,172.31.40.0-255,66,28805,70,263607
14365,0.000262,172.217.194.0-255,2543,31348,70,263607
14366,0.000264,172.31.40.0-255,66,31414,70,263607
14367,0.000297,172.217.194.0-255,2902,34316,70,263607
14368,0.0003,172.31.40.0-255,66,34382,70,263607
14369,0.000307,172.217.194.0-255,7156,41538,70,263607
14370,0.000309,172.31.40.0-255,66,41604,70,263607
14371,0.000336,172.217.194.0-255,5738,47342,70,263607
14372,0.000338,172.31.40.0-255,66,47408,70,263607
14373,0.000355,172.217.194.0-255,1125,48533,70,263607
14374,0.000358,172.31.40.0-255,66,48599,70,263607
14375,0.000549,172.217.194.0-255,1484,50083,70,263607
14376,0.000554,172.31.40.0-255,66,50149,70,263607
14377,0.000559,172.217.194.0-255,2902,53051,70,263607
14378,0.000561,172.31.40.0-255,66,53117,70,263607
14379,0.000582,172.217.194.0-255,2902,56019,70,263607
14380,0.000588,172.31.40.0-255,66,56085,70,263607
14381,0.000595,172.217.194.0-255,5738,61823,70,263607
14382,0.000597,172.31.40.0-255,66,61889,70,263607
14383,0.000627,172.217.194.0-255,1484,63373,70,263607
14384,0.000633,172.217.194.0-255,2859,66232,70,263607
14385,0.000636,172.31.40.0-255,66,66298,70,263607
14386,0.000751,172.217.194.0-255,361,66659,70,263607
14387,0.000794,172.217.194.0-255,1484,68143,70,263607
14388,0.000798,172.31.40.0-255,66,68209,70,263607
14389,0.000805,172.217.194.0-255,4320,72529,70,263607
14390,0.000807,172.31.40.0-255,66,72595,70,263607
14391,0.000836,172.217.194.0-255,9992,82587,70,263607
14392,0.000839,172.31.40.0-255,66,82653,70,263607
14393,0.000877,172.217.194.0-255,2902,85555,70,263607
14394,0.00088,172.31.40.0-255,66,85621,70,263607
14395,0.000918,172.217.194.0-255,8574,94195,70,263607
14396,0.00092,172.31.40.0-255,66,94261,70,263607
14397,0.000925,172.217.194.0-255,2902,97163,70,263607
14398,0.000928,172.31.40.0-255,66,97229,70,263607
14399,0.000952,172.217.194.0-255,3602,100831,70,263607
14400,0.000958,172.31.40.0-255,66,100897,70,263607
14401,0.001094,172.217.194.0-255,1484,102381,70,263607
14402,0.0011,172.217.194.0-255,2902,105283,70,263607
14403,0.001103,172.31.40.0-255,66,105349,70,263607
14404,0.001136,172.217.194.0-255,5738,111087,70,263607
14405,0.00114,172.31.40.0-255,66,111153,70,263607
14406,0.001157,172.31.40.0-255,66,111219,70,263607
14407,0.001192,172.217.194.0-255,2902,114121,70,263607
14408,0.001195,172.31.40.0-255,66,114187,70,263607
14409,0.001229,172.217.194.0-255,9274,123461,70,263607
14410,0.001233,172.31.40.0-255,66,123527,70,263607
14411,0.001919,172.217.194.0-255,1484,125011,70,263607
14412,0.001927,172.217.194.0-255,2902,127913,70,263607
14413,0.00193,172.31.40.0-255,66,127979,70,263607
14414,0.001934,172.217.194.0-255,1484,129463,70,263607
14415,0.001966,172.217.194.0-255,4320,133783,70,263607
14416,0.001969,172.31.40.0-255,66,133849,70,263607
14417,0.001987,172.31.40.0-255,66,133915,70,263607
14418,0.001991,172.217.194.0-255,2902,136817,70,263607
14419,0.001993,172.31.40.0-255,66,136883,70,263607
14420,0.00203,172.217.194.0-255,7856,144739,70,263607
14421,0.002033,172.31.40.0-255,66,144805,70,263607
14422,0.004342,172.217.194.0-255,5738,150543,70,263607
14423,0.004349,172.31.40.0-255,66,150609,70,263607
14424,0.006639,172.217.194.0-255,5738,156347,70,263607
14425,0.006642,172.31.40.0-255,66,156413,70,263607
14426,0.008932,172.217.194.0-255,5738,162151,70,263607
14427,0.00894,172.31.40.0-255,66,162217,70,263607
14428,0.011231,172.217.194.0-255,5738,167955,70,263607
14429,0.011241,172.31.40.0-255,66,168021,70,263607
14430,0.013546,172.217.194.0-255,5738,173759,70,263607
14431,0.013555,172.31.40.0-255,66,173825,70,263607
14432,0.015837,172.217.194.0-255,5738,179563,70,263607
14433,0.015846,172.31.40.0-255,66,179629,70,263607
14434,0.018168,172.217.194.0-255,5738,185367,70,263607
14435,0.018179,172.31.40.0-255,66,185433,70,263607
14436,0.020455,172.217.194.0-255,1484,186917,70,263607
14437,0.020479,172.217.194.0-255,4320,191237,70,263607
14438,0.020484,172.31.40.0-255,66,191303,70,263607
14439,0.022792,172.217.194.0-255,5738,197041,70,263607
14440,0.0228,172.31.40.0-255,66,197107,70,263607
14441,0.025101,172.217.194.0-255,5738,202845,70,263607
14442,0.025108,172.31.40.0-255,66,202911,70,263607
14443,0.027395,172.217.194.0-255,4320,207231,70,263607
14444,0.0274,172.31.40.0-255,66,207297,70,263607
14445,0.027426,172.217.194.0-255,1484,208781,70,263607
14446,0.029685,172.31.40.0-255,172,208953,70,263607
14447,0.029694,172.217.194.0-255,2902,211855,70,263607
14448,0.029698,172.31.40.0-255,66,211921,70,263607
14449,0.029737,172.31.40.0-255,1113,213034,70,263607
14450,0.029838,172.31.40.0-255,1514,214548,70,263607
14451,0.02984,172.31.40.0-255,1514,216062,70,263607
14452,0.029863,172.31.40.0-255,849,216911,70,263607
14453,0.031252,104.244.42.0-255,66,216977,70,263607
14454,0.031297,104.244.42.0-255,66,217043,70,263607
14455,0.031364,104.244.42.0-255,66,217109,70,263607
14456,0.031377,104.244.42.0-255,66,217175,70,263607
14457,0.032009,172.217.194.0-255,5738,222913,70,263607
14458,0.032014,172.31.40.0-255,66,222979,70,263607
14459,0.034353,172.217.194.0-255,5738,228717,70,263607
14460,0.034359,172.31.40.0-255,66,228783,70,263607
14461,0.03665,172.217.194.0-255,5738,234521,70,263607
14462,0.036658,172.31.40.0-255,66,234587,70,263607
14463,0.039007,172.217.194.0-255,5738,240325,70,263607
14464,0.039013,172.31.40.0-255,66,240391,70,263607
14465,0.041325,172.217.194.0-255,5738,246129,70,263607
14466,0.04133,172.31.40.0-255,66,246195,70,263607
14467,0.043648,172.217.194.0-255,5738,251933,70,263607
14468,0.043655,172.31.40.0-255,66,251999,70,263607
14469,0.045974,172.217.194.0-255,5738,257737,70,263607
14470,0.04598,172.31.40.0-255,66,257803,70,263607
14471,0.048297,172.217.194.0-255,5738,263541,70,263607
14472,0.048304,172.31.40.0-255,66,263607,70,263607
14473,0.0,172.217.160.0-255,146,146,70,230214
14474,2e-05,172.31.40.0-255,66,212,70,230214
14475,2.7e-05,172.217.160.0-255,1484,1696,70,230214
14476,3.2e-05,172.31.40.0-255,66,1762,70,230214
14477,3.7e-05,172.217.160.0-255,2902,4664,70,230214
14478,4.1e-05,172.31.40.0-255,66,4730,70,230214
14479,4.9e-05,172.217.160.0-255,7156,11886,70,230214
14480,5.2e-05,172.31.40.0-255,66,11952,70,230214
14481,5.6e-05,172.217.160.0-255,1985,13937,70,230214
14482,5.9e-05,172.31.40.0-255,66,14003,70,230214
14483,9.9e-05,172.217.160.0-255,1484,15487,70,230214
14484,0.000101,172.31.40.0-255,66,15553,70,230214
14485,0.000105,172.217.160.0-255,2902,18455,70,230214
14486,0.000108,172.31.40.0-255,66,18521,70,230214
14487,0.000122,172.217.160.0-255,2902,21423,70,230214
14488,0.000125,172.31.40.0-255,66,21489,70,230214
14489,0.000147,172.217.160.0-255,1484,22973,70,230214
14490,0.000149,172.31.40.0-255,66,23039,70,230214
14491,0.000154,172.217.160.0-255,2902,25941,70,230214
14492,0.000156,172.31.40.0-255,66,26007,70,230214
14493,0.000169,172.217.160.0-255,2902,28909,70,230214
14494,0.000171,172.31.40.0-255,66,28975,70,230214
14495,0.000194,172.217.160.0-255,2543,31518,70,230214
14496,0.000197,172.31.40.0-255,66,31584,70,230214
14497,0.000355,172.217.160.0-255,1484,33068,70,230214
14498,0.000359,172.31.40.0-255,66,33134,70,230214
14499,0.000365,172.217.160.0-255,2902,36036,70,230214
14500,0.000367,172.31.40.0-255,66,36102,70,230214
14501,0.000372,172.217.160.0-255,4320,40422,70,230214
14502,0.000375,172.31.40.0-255,66,40488,70,230214
14503,0.000398,172.217.160.0-255,1484,41972,70,230214
14504,0.000401,172.31.40.0-255,66,42038,70,230214
14505,0.000408,172.217.160.0-255,6797,48835,70,230214
14506,0.000459,172.31.40.0-255,66,48901,70,230214
14507,0.000629,172.217.160.0-255,1484,50385,70,230214
14508,0.000635,172.217.160.0-255,2902,53287,70,230214
14509,0.00064,172.217.160.0-255,2902,56189,70,230214
14510,0.000656,172.31.40.0-255,66,56255,70,230214
14511,0.00066,172.217.160.0-255,2902,59157,70,230214
14512,0.000665,172.31.40.0-255,66,59223,70,230214
14513,0.000676,172.217.160.0-255,2902,62125,70,230214
14514,0.000696,172.217.160.0-255,3961,66086,70,230214
14515,0.000702,172.31.40.0-255,66,66152,70,230214
14516,0.001458,172.217.160.0-255,645,66797,70,230214
14517,0.001496,172.217.160.0-255,1484,68281,70,230214
14518,0.001501,172.31.40.0-255,66,68347,70,230214
14519,0.001509,172.217.160.0-255,4320,72667,70,230214
14520,0.001523,172.217.160.0-255,4320,76987,70,230214
14521,0.001548,172.217.160.0-255,4320,81307,70,230214
14522,0.001574,172.217.160.0-255,2543,83850,70,230214
14523,0.00159,172.217.160.0-255,2902,86752,70,230214
14524,0.001594,172.217.160.0-255,1484,88236,70,230214
14525,0.001616,172.217.160.0-255,5738,93974,70,230214
14526,0.001619,172.217.160.0-255,1484,95458,70,230214
14527,0.001633,172.217.160.0-255,5379,100837,70,230214
14528,0.006279,172.31.40.0-255,66,100903,70,230214
14529,0.00819,172.217.160.0-255,5738,106641,70,230214
14530,0.008196,172.31.40.0-255,66,106707,70,230214
14531,0.010098,172.217.160.0-255,5738,112445,70,230214
14532,0.011296,172.31.40.0-255,66,112511,70,230214
14533,0.013195,172.217.160.0-255,5738,118249,70,230214
14534,0.013203,172.31.40.0-255,66,118315,70,230214
14535,0.015102,172.217.160.0-255,5738,124053,70,230214
14536,0.015111,172.31.40.0-255,66,124119,70,230214
14537,0.017018,172.217.160.0-255,5738,129857,70,230214
14538,0.017027,172.31.40.0-255,66,129923,70,230214
14539,0.01893,172.217.160.0-255,5738,135661,70,230214
14540,0.018938,172.31.40.0-255,66,135727,70,230214
14541,0.020841,172.217.160.0-255,5738,141465,70,230214
14542,0.020848,172.31.40.0-255,66,141531,70,230214
14543,0.022743,172.217.160.0-255,4320,145851,70,230214
14544,0.022749,172.31.40.0-255,66,145917,70,230214
14545,0.022764,172.217.160.0-255,1484,147401,70,230214
14546,0.023737,172.31.40.0-255,172,147573,70,230214
14547,0.023786,172.31.40.0-255,1118,148691,70,230214
14548,0.023844,172.31.40.0-255,1514,150205,70,230214
14549,0.023846,172.31.40.0-255,1325,151530,70,230214
14550,0.024646,172.217.160.0-255,4320,155850,70,230214
14551,0.024653,172.31.40.0-255,66,155916,70,230214
14552,0.02529,104.244.42.0-255,66,155982,70,230214
14553,0.025333,104.244.42.0-255,66,156048,70,230214
14554,0.025432,104.244.42.0-255,66,156114,70,230214
14555,0.026545,172.217.160.0-255,5738,161852,70,230214
14556,0.02658,172.31.40.0-255,66,161918,70,230214
14557,0.028484,172.217.160.0-255,5738,167656,70,230214
14558,0.028491,172.31.40.0-255,66,167722,70,230214
14559,0.030397,172.217.160.0-255,5738,173460,70,230214
14560,0.030403,172.31.40.0-255,66,173526,70,230214
14561,0.032317,172.217.160.0-255,5738,179264,70,230214
14562,0.032324,172.31.40.0-255,66,179330,70,230214
14563,0.034274,172.217.160.0-255,5738,185068,70,230214
14564,0.03428,172.31.40.0-255,66,185134,70,230214
14565,0.03619,172.217.160.0-255,5738,190872,70,230214
14566,0.036197,172.31.40.0-255,66,190938,70,230214
14567,0.038107,172.217.160.0-255,5738,196676,70,230214
14568,0.038114,172.31.40.0-255,66,196742,70,230214
14569,0.04002,172.217.160.0-255,5738,202480,70,230214
14570,0.040026,172.31.40.0-255,66,202546,70,230214
14571,0.041923,172.217.160.0-255,4320,206866,70,230214
14572,0.04193,172.31.40.0-255,66,206932,70,230214
14573,0.041953,172.217.160.0-255,1484,208416,70,230214
14574,0.043833,172.217.160.0-255,4320,212736,70,230214
14575,0.04384,172.31.40.0-255,66,212802,70,230214
14576,0.045778,172.217.160.0-255,5738,218540,70,230214
14577,0.04582,172.31.40.0-255,66,218606,70,230214
14578,0.047721,172.217.160.0-255,5738,224344,70,230214
14579,0.047728,172.31.40.0-255,66,224410,70,230214
14580,0.049631,172.217.160.0-255,5738,230148,70,230214
14581,0.049637,172.31.40.0-255,66,230214,70,230214
14582,0.0,172.217.194.0-255,152,152,70,189351
14583,2.2e-05,172.31.40.0-255,66,218,70,189351
14584,2.9e-05,172.217.194.0-255,1484,1702,70,189351
14585,3.4e-05,172.31.40.0-255,66,1768,70,189351
14586,3.9e-05,172.217.194.0-255,2902,4670,70,189351
14587,4.3e-05,172.31.40.0-255,66,4736,70,189351
14588,5.8e-05,172.217.194.0-255,7156,11892,70,189351
14589,6.1e-05,172.31.40.0-255,66,11958,70,189351
14590,0.000123,172.217.194.0-255,7156,19114,70,189351
14591,0.000126,172.31.40.0-255,66,19180,70,189351
14592,0.000151,172.217.194.0-255,9152,28332,70,189351
14593,0.000154,172.31.40.0-255,66,28398,70,189351
14594,0.00031,172.217.194.0-255,2543,30941,70,189351
14595,0.000314,172.31.40.0-255,66,31007,70,189351
14596,0.000384,172.31.40.0-255,66,31073,70,189351
14597,0.000412,172.217.194.0-255,5379,36452,70,189351
14598,0.000415,172.31.40.0-255,66,36518,70,189351
14599,0.000541,172.217.194.0-255,4320,40838,70,189351
14600,0.000546,172.31.40.0-255,66,40904,70,189351
14601,0.000575,172.31.40.0-255,66,40970,70,189351
14602,0.000739,172.217.194.0-255,1484,42454,70,189351
14603,0.000745,172.31.40.0-255,66,42520,70,189351
14604,0.000755,172.217.194.0-255,1484,44004,70,189351
14605,0.000757,172.31.40.0-255,66,44070,70,189351
14606,0.000784,172.217.194.0-255,1484,45554,70,189351
14607,0.000786,172.31.40.0-255,66,45620,70,189351
14608,0.000793,172.217.194.0-255,5738,51358,70,189351
14609,0.000795,172.31.40.0-255,66,51424,70,189351
14610,0.000864,172.217.194.0-255,8574,59998,70,189351
14611,0.000867,172.31.40.0-255,66,60064,70,189351
14612,0.000898,172.217.194.0-255,4320,64384,70,189351
14613,0.000902,172.31.40.0-255,66,64450,70,189351
14614,0.001007,172.217.194.0-255,5738,70188,70,189351
14615,0.001011,172.31.40.0-255,66,70254,70,189351
14616,0.00104,172.217.194.0-255,5020,75274,70,189351
14617,0.001044,172.31.40.0-255,66,75340,70,189351
14618,0.001128,172.217.194.0-255,1484,76824,70,189351
14619,0.001145,172.217.194.0-255,2902,79726,70,189351
14620,0.001148,172.31.40.0-255,66,79792,70,189351
14621,0.001186,172.217.194.0-255,5738,85530,70,189351
14622,0.001189,172.31.40.0-255,66,85596,70,189351
14623,0.001248,172.217.194.0-255,5738,91334,70,189351
14624,0.001251,172.31.40.0-255,66,91400,70,189351
14625,0.001278,172.217.194.0-255,7156,98556,70,189351
14626,0.001281,172.31.40.0-255,66,98622,70,189351
14627,0.0014,172.217.194.0-255,7156,105778,70,189351
14628,0.001404,172.31.40.0-255,66,105844,70,189351
14629,0.00143,172.217.194.0-255,3602,109446,70,189351
14630,0.001432,172.31.40.0-255,66,109512,70,189351
14631,0.001531,172.217.194.0-255,8574,118086,70,189351
14632,0.001535,172.31.40.0-255,66,118152,70,189351
14633,0.001625,172.217.194.0-255,4320,122472,70,189351
14634,0.001628,172.31.40.0-255,66,122538,70,189351
14635,0.001678,172.31.40.0-255,66,122604,70,189351
14636,0.001689,172.217.194.0-255,2184,124788,70,189351
14637,0.001698,172.31.40.0-255,66,124854,70,189351
14638,0.001922,172.217.194.0-255,1484,126338,70,189351
14639,0.001929,172.217.194.0-255,2902,129240,70,189351
14640,0.001932,172.31.40.0-255,66,129306,70,189351
14641,0.002008,172.217.194.0-255,5738,135044,70,189351
14642,0.002012,172.31.40.0-255,66,135110,70,189351
14643,0.002042,172.217.194.0-255,8574,143684,70,189351
14644,0.002045,172.31.40.0-255,66,143750,70,189351
14645,0.00207,172.217.194.0-255,4320,148070,70,189351
14646,0.002072,172.31.40.0-255,66,148136,70,189351
14647,0.002183,172.217.194.0-255,5738,153874,70,189351
14648,0.002187,172.31.40.0-255,66,153940,70,189351
14649,0.002254,172.31.40.0-255,66,154006,70,189351
14650,0.002542,172.217.194.0-255,5738,159744,70,189351
14651,0.002547,172.31.40.0-255,66,159810,70,189351
14652,0.002616,172.31.40.0-255,66,159876,70,189351
14653,0.003107,172.217.194.0-255,5738,165614,70,189351
14654,0.003112,172.31.40.0-255,66,165680,70,189351
14655,0.003805,172.217.194.0-255,8574,174254,70,189351
14656,0.0039,172.217.194.0-255,8574,182828,70,189351
14657,0.012181,172.217.194.0-255,1100,183928,70,189351
14658,0.014413,172.31.40.0-255,66,183994,70,189351
14659,0.016196,172.31.40.0-255,105,184099,70,189351
14660,0.018487,172.217.194.0-255,66,184165,70,189351
14661,0.04927,172.31.40.0-255,196,184361,70,189351
14662,0.049299,172.31.40.0-255,1118,185479,70,189351
14663,0.049362,172.31.40.0-255,1514,186993,70,189351
14664,0.049365,172.31.40.0-255,1514,188507,70,189351
14665,0.049392,172.31.40.0-255,844,189351,70,189351
14666,0.0,74.125.130.0-255,153,153,70,273329
14667,2.2e-05,172.31.40.0-255,66,219,70,273329
14668,5.6e-05,74.125.130.0-255,1484,1703,70,273329
14669,6.2e-05,172.31.40.0-255,66,1769,70,273329
14670,6.8e-05,74.125.130.0-255,2902,4671,70,273329
14671,7.2e-05,172.31.40.0-255,66,4737,70,273329
14672,7.5e-05,74.125.130.0-255,1484,6221,70,273329
14673,7.7e-05,172.31.40.0-255,66,6287,70,273329
14674,8.3e-05,74.125.130.0-255,2902,9189,70,273329
14675,8.6e-05,172.31.40.0-255,66,9255,70,273329
14676,9.3e-05,74.125.130.0-255,6319,15574,70,273329
14677,9.6e-05,172.31.40.0-255,66,15640,70,273329
14678,0.0001,74.125.130.0-255,2902,18542,70,273329
14679,0.000103,172.31.40.0-255,66,18608,70,273329
14680,0.000139,74.125.130.0-255,4320,22928,70,273329
14681,0.000142,172.31.40.0-255,66,22994,70,273329
14682,0.000147,74.125.130.0-255,2902,25896,70,273329
14683,0.000149,172.31.40.0-255,66,25962,70,273329
14684,0.000178,74.125.130.0-255,5379,31341,70,273329
14685,0.000181,172.31.40.0-255,66,31407,70,273329
14686,0.000294,74.125.130.0-255,1484,32891,70,273329
14687,0.000298,172.31.40.0-255,66,32957,70,273329
14688,0.000302,74.125.130.0-255,1484,34441,70,273329
14689,0.000305,172.31.40.0-255,66,34507,70,273329
14690,0.00031,74.125.130.0-255,2902,37409,70,273329
14691,0.000317,172.31.40.0-255,66,37475,70,273329
14692,0.000352,74.125.130.0-255,5738,43213,70,273329
14693,0.000355,172.31.40.0-255,66,43279,70,273329
14694,0.00036,74.125.130.0-255,4320,47599,70,273329
14695,0.000362,172.31.40.0-255,66,47665,70,273329
14696,0.000392,74.125.130.0-255,1125,48790,70,273329
14697,0.000394,172.31.40.0-255,66,48856,70,273329
14698,0.000516,74.125.130.0-255,1484,50340,70,273329
14699,0.000523,74.125.130.0-255,2902,53242,70,273329
14700,0.00055,74.125.130.0-255,5738,58980,70,273329
14701,0.000555,74.125.130.0-255,4320,63300,70,273329
14702,0.000575,172.31.40.0-255,66,63366,70,273329
14703,0.000618,74.125.130.0-255,2842,66208,70,273329
14704,0.000623,172.31.40.0-255,66,66274,70,273329
14705,0.001195,74.125.130.0-255,378,66652,70,273329
14706,0.001531,74.125.130.0-255,1484,68136,70,273329
14707,0.001538,172.31.40.0-255,66,68202,70,273329
14708,0.001546,74.125.130.0-255,2902,71104,70,273329
14709,0.001552,74.125.130.0-255,5738,76842,70,273329
14710,0.001583,74.125.130.0-255,5738,82580,70,273329
14711,0.001591,74.125.130.0-255,7156,89736,70,273329
14712,0.001633,74.125.130.0-255,2902,92638,70,273329
14713,0.001656,74.125.130.0-255,7856,100494,70,273329
14714,0.001756,74.125.130.0-255,1484,101978,70,273329
14715,0.001763,74.125.130.0-255,2902,104880,70,273329
14716,0.001778,74.125.130.0-255,1484,106364,70,273329
14717,0.001793,74.125.130.0-255,4320,110684,70,273329
14718,0.001823,74.125.130.0-255,8574,119258,70,273329
14719,0.001838,74.125.130.0-255,4320,123578,70,273329
14720,0.001873,74.125.130.0-255,5738,129316,70,273329
14721,0.001893,74.125.130.0-255,5020,134336,70,273329
14722,0.001918,74.125.130.0-255,2902,137238,70,273329
14723,0.001935,74.125.130.0-255,4320,141558,70,273329
14724,0.001979,74.125.130.0-255,7156,148714,70,273329
14725,0.002024,74.125.130.0-255,4320,153034,70,273329
14726,0.002046,74.125.130.0-255,4320,157354,70,273329
14727,0.002057,74.125.130.0-255,10692,168046,70,273329
14728,0.006263,172.31.40.0-255,66,168112,70,273329
14729,0.008589,74.125.130.0-255,5738,173850,70,273329
14730,0.008596,172.31.40.0-255,66,173916,70,273329
14731,0.01093,74.125.130.0-255,5738,179654,70,273329
14732,0.010938,172.31.40.0-255,66,179720,70,273329
14733,0.013268,74.125.130.0-255,5738,185458,70,273329
14734,0.013276,172.31.40.0-255,66,185524,70,273329
14735,0.015611,74.125.130.0-255,5738,191262,70,273329
14736,0.015621,172.31.40.0-255,66,191328,70,273329
14737,0.01796,74.125.130.0-255,5738,197066,70,273329
14738,0.01797,172.31.40.0-255,66,197132,70,273329
14739,0.020307,74.125.130.0-255,5738,202870,70,273329
14740,0.020316,172.31.40.0-255,66,202936,70,273329
14741,0.02265,74.125.130.0-255,5738,208674,70,273329
14742,0.022658,172.31.40.0-255,66,208740,70,273329
14743,0.024983,74.125.130.0-255,5738,214478,70,273329
14744,0.024991,172.31.40.0-255,66,214544,70,273329
14745,0.027314,74.125.130.0-255,5738,220282,70,273329
14746,0.02732,172.31.40.0-255,66,220348,70,273329
14747,0.027458,172.31.40.0-255,176,220524,70,273329
14748,0.027481,172.31.40.0-255,1118,221642,70,273329
14749,0.027589,172.31.40.0-255,1514,223156,70,273329
14750,0.027591,172.31.40.0-255,1514,224670,70,273329
14751,0.027595,172.31.40.0-255,1514,226184,70,273329
14752,0.027596,172.31.40.0-255,275,226459,70,273329
14753,0.029022,104.244.42.0-255,66,226525,70,273329
14754,0.029031,104.244.42.0-255,66,226591,70,273329
14755,0.029161,104.244.42.0-255,66,226657,70,273329
14756,0.029167,104.244.42.0-255,66,226723,70,273329
14757,0.029706,74.125.130.0-255,5738,232461,70,273329
14758,0.029712,172.31.40.0-255,66,232527,70,273329
14759,0.030469,104.244.42.0-255,108,232635,70,273329
14760,0.030477,172.31.40.0-255,66,232701,70,273329
14761,0.032045,74.125.130.0-255,5738,238439,70,273329
14762,0.032052,172.31.40.0-255,66,238505,70,273329
14763,0.034384,74.125.130.0-255,5738,244243,70,273329
14764,0.03439,172.31.40.0-255,66,244309,70,273329
14765,0.036716,74.125.130.0-255,5738,250047,70,273329
14766,0.036722,172.31.40.0-255,66,250113,70,273329
14767,0.039063,74.125.130.0-255,5738,255851,70,273329
14768,0.03907,172.31.40.0-255,66,255917,70,273329
14769,0.041412,74.125.130.0-255,5738,261655,70,273329
14770,0.043232,172.31.40.0-255,66,261721,70,273329
14771,0.045567,74.125.130.0-255,5738,267459,70,273329
14772,0.045584,172.31.40.0-255,66,267525,70,273329
14773,0.047923,74.125.130.0-255,5738,273263,70,273329
14774,0.04794,172.31.40.0-255,66,273329,70,273329
14775,0.0,172.217.194.0-255,151,151,70,272264
14776,1.4e-05,172.31.40.0-255,66,217,70,272264
14777,2e-05,172.217.194.0-255,1484,1701,70,272264
14778,2.3e-05,172.31.40.0-255,66,1767,70,272264
14779,2.8e-05,172.217.194.0-255,2902,4669,70,272264
14780,3e-05,172.31.40.0-255,66,4735,70,272264
14781,6.3e-05,172.217.194.0-255,7156,11891,70,272264
14782,6.6e-05,172.31.40.0-255,66,11957,70,272264
14783,7e-05,172.217.194.0-255,1999,13956,70,272264
14784,7.1e-05,172.31.40.0-255,66,14022,70,272264
14785,0.000106,172.217.194.0-255,1484,15506,70,272264
14786,0.000108,172.31.40.0-255,66,15572,70,272264
14787,0.000112,172.217.194.0-255,2902,18474,70,272264
14788,0.000114,172.31.40.0-255,66,18540,70,272264
14789,0.000126,172.217.194.0-255,1484,20024,70,272264
14790,0.000127,172.31.40.0-255,66,20090,70,272264
14791,0.000141,172.217.194.0-255,4320,24410,70,272264
14792,0.000144,172.31.40.0-255,66,24476,70,272264
14793,0.000158,172.217.194.0-255,1484,25960,70,272264
14794,0.00016,172.31.40.0-255,66,26026,70,272264
14795,0.000183,172.217.194.0-255,6797,32823,70,272264
14796,0.000185,172.31.40.0-255,66,32889,70,272264
14797,0.000192,172.217.194.0-255,8574,41463,70,272264
14798,0.000194,172.31.40.0-255,66,41529,70,272264
14799,0.000215,172.217.194.0-255,4320,45849,70,272264
14800,0.000217,172.31.40.0-255,66,45915,70,272264
14801,0.000233,172.217.194.0-255,2543,48458,70,272264
14802,0.000235,172.31.40.0-255,66,48524,70,272264
14803,0.000347,172.217.194.0-255,1484,50008,70,272264
14804,0.00035,172.31.40.0-255,66,50074,70,272264
14805,0.000355,172.217.194.0-255,2902,52976,70,272264
14806,0.000357,172.31.40.0-255,66,53042,70,272264
14807,0.000375,172.217.194.0-255,5738,58780,70,272264
14808,0.000377,172.31.40.0-255,66,58846,70,272264
14809,0.000424,172.217.194.0-255,5738,64584,70,272264
14810,0.000428,172.31.40.0-255,66,64650,70,272264
14811,0.000443,172.217.194.0-255,1125,65775,70,272264
14812,0.000446,172.217.194.0-255,645,66420,70,272264
14813,0.000448,172.31.40.0-255,66,66486,70,272264
14814,0.000549,172.217.194.0-255,1484,67970,70,272264
14815,0.000556,172.217.194.0-255,2902,70872,70,272264
14816,0.000559,172.31.40.0-255,66,70938,70,272264
14817,0.000562,172.217.194.0-255,1484,72422,70,272264
14818,0.000583,172.217.194.0-255,4320,76742,70,272264
14819,0.000586,172.31.40.0-255,66,76808,70,272264
14820,0.000592,172.217.194.0-255,4320,81128,70,272264
14821,0.000594,172.31.40.0-255,66,81194,70,272264
14822,0.000629,172.217.194.0-255,8574,89768,70,272264
14823,0.000633,172.31.40.0-255,66,89834,70,272264
14824,0.000643,172.217.194.0-255,10692,100526,70,272264
14825,0.000645,172.31.40.0-255,66,100592,70,272264
14826,0.001583,172.217.194.0-255,1484,102076,70,272264
14827,0.001593,172.217.194.0-255,2902,104978,70,272264
14828,0.001598,172.31.40.0-255,66,105044,70,272264
14829,0.001605,172.217.194.0-255,5738,110782,70,272264
14830,0.001607,172.31.40.0-255,66,110848,70,272264
14831,0.001627,172.217.194.0-255,7156,118004,70,272264
14832,0.001629,172.31.40.0-255,66,118070,70,272264
14833,0.001652,172.217.194.0-255,5738,123808,70,272264
14834,0.001654,172.31.40.0-255,66,123874,70,272264
14835,0.001657,172.217.194.0-255,1484,125358,70,272264
14836,0.001692,172.217.194.0-255,9274,134632,70,272264
14837,0.001695,172.31.40.0-255,66,134698,70,272264
14838,0.003708,172.217.194.0-255,5738,140436,70,272264
14839,0.003715,172.31.40.0-255,66,140502,70,272264
14840,0.005792,172.217.194.0-255,5738,146240,70,272264
14841,0.005798,172.31.40.0-255,66,146306,70,272264
14842,0.007846,172.217.194.0-255,4320,150626,70,272264
14843,0.007851,172.31.40.0-255,66,150692,70,272264
14844,0.007866,172.217.194.0-255,1484,152176,70,272264
14845,0.009926,172.217.194.0-255,4320,156496,70,272264
14846,0.009934,172.31.40.0-255,66,156562,70,272264
14847,0.01199,172.217.194.0-255,5738,162300,70,272264
14848,0.011998,172.31.40.0-255,66,162366,70,272264
14849,0.014057,172.217.194.0-255,5738,168104,70,272264
14850,0.014064,172.31.40.0-255,66,168170,70,272264
14851,0.016091,172.217.194.0-255,5738,173908,70,272264
14852,0.016099,172.31.40.0-255,66,173974,70,272264
14853,0.018136,172.217.194.0-255,5738,179712,70,272264
14854,0.018142,172.31.40.0-255,66,179778,70,272264
14855,0.020197,172.217.194.0-255,5738,185516,70,272264
14856,0.020205,172.31.40.0-255,66,185582,70,272264
14857,0.022275,172.217.194.0-255,5738,191320,70,272264
14858,0.022283,172.31.40.0-255,66,191386,70,272264
14859,0.024293,172.217.194.0-255,5738,197124,70,272264
14860,0.0243,172.31.40.0-255,66,197190,70,272264
14861,0.02634,172.217.194.0-255,5738,202928,70,272264
14862,0.026347,172.31.40.0-255,66,202994,70,272264
14863,0.028392,172.217.194.0-255,5738,208732,70,272264
14864,0.028401,172.31.40.0-255,66,208798,70,272264
14865,0.030438,172.217.194.0-255,5738,214536,70,272264
14866,0.030444,172.31.40.0-255,66,214602,70,272264
14867,0.03177,172.31.40.0-255,172,214774,70,272264
14868,0.031797,172.31.40.0-255,1117,215891,70,272264
14869,0.031848,172.31.40.0-255,1514,217405,70,272264
14870,0.03185,172.31.40.0-255,1514,218919,70,272264
14871,0.03185,172.31.40.0-255,845,219764,70,272264
14872,0.032479,172.217.194.0-255,5738,225502,70,272264
14873,0.032485,172.31.40.0-255,66,225568,70,272264
14874,0.033293,104.244.42.0-255,66,225634,70,272264
14875,0.033332,104.244.42.0-255,66,225700,70,272264
14876,0.033379,104.244.42.0-255,66,225766,70,272264
14877,0.033383,104.244.42.0-255,66,225832,70,272264
14878,0.034513,172.217.194.0-255,5738,231570,70,272264
14879,0.034519,172.31.40.0-255,66,231636,70,272264
14880,0.036573,172.217.194.0-255,5738,237374,70,272264
14881,0.036578,172.31.40.0-255,66,237440,70,272264
14882,0.038645,172.217.194.0-255,5738,243178,70,272264
14883,0.038651,172.31.40.0-255,66,243244,70,272264
14884,0.040717,172.217.194.0-255,5738,248982,70,272264
14885,0.040725,172.31.40.0-255,66,249048,70,272264
14886,0.04277,172.217.194.0-255,5738,254786,70,272264
14887,0.042775,172.31.40.0-255,66,254852,70,272264
14888,0.044808,172.217.194.0-255,5738,260590,70,272264
14889,0.044815,172.31.40.0-255,66,260656,70,272264
14890,0.046849,172.217.194.0-255,5738,266394,70,272264
14891,0.046856,172.31.40.0-255,66,266460,70,272264
14892,0.048944,172.217.194.0-255,5738,272198,70,272264
14893,0.048952,172.31.40.0-255,66,272264,70,272264
14894,0.0,172.217.194.0-255,298,298,70,329757
14895,2.3e-05,172.31.40.0-255,66,364,70,329757
14896,2.9e-05,172.217.194.0-255,1484,1848,70,329757
14897,3.4e-05,172.31.40.0-255,66,1914,70,329757
14898,4.7e-05,172.217.194.0-255,4320,6234,70,329757
14899,5e-05,172.31.40.0-255,66,6300,70,329757
14900,5.8e-05,172.217.194.0-255,7539,13839,70,329757
14901,6.1e-05,172.31.40.0-255,66,13905,70,329757
14902,0.000105,172.217.194.0-255,8574,22479,70,329757
14903,0.000109,172.31.40.0-255,66,22545,70,329757
14904,0.000118,172.217.194.0-255,8215,30760,70,329757
14905,0.000121,172.31.40.0-255,66,30826,70,329757
14906,0.000165,172.217.194.0-255,1484,32310,70,329757
14907,0.000167,172.31.40.0-255,66,32376,70,329757
14908,0.000195,172.217.194.0-255,2902,35278,70,329757
14909,0.000197,172.31.40.0-255,66,35344,70,329757
14910,0.000204,172.217.194.0-255,5738,41082,70,329757
14911,0.000206,172.31.40.0-255,66,41148,70,329757
14912,0.000239,172.217.194.0-255,5738,46886,70,329757
14913,0.000244,172.31.40.0-255,66,46952,70,329757
14914,0.000252,172.217.194.0-255,1125,48077,70,329757
14915,0.000254,172.31.40.0-255,66,48143,70,329757
14916,0.000301,172.217.194.0-255,1484,49627,70,329757
14917,0.000304,172.31.40.0-255,66,49693,70,329757
14918,0.000309,172.217.194.0-255,2902,52595,70,329757
14919,0.000312,172.31.40.0-255,66,52661,70,329757
14920,0.000342,172.217.194.0-255,5738,58399,70,329757
14921,0.000345,172.31.40.0-255,66,58465,70,329757
14922,0.000352,172.217.194.0-255,6797,65262,70,329757
14923,0.000355,172.31.40.0-255,66,65328,70,329757
14924,0.000362,172.217.194.0-255,344,65672,70,329757
14925,0.000364,172.31.40.0-255,66,65738,70,329757
14926,0.000413,172.217.194.0-255,119,65857,70,329757
14927,0.000428,172.217.194.0-255,376,66233,70,329757
14928,0.000643,172.217.194.0-255,1484,67717,70,329757
14929,0.000648,172.31.40.0-255,66,67783,70,329757
14930,0.000654,172.217.194.0-255,2902,70685,70,329757
14931,0.000657,172.31.40.0-255,66,70751,70,329757
14932,0.000668,172.217.194.0-255,5738,76489,70,329757
14933,0.00067,172.31.40.0-255,66,76555,70,329757
14934,0.000724,172.31.40.0-255,66,76621,70,329757
14935,0.000737,172.217.194.0-255,1484,78105,70,329757
14936,0.000767,172.217.194.0-255,9274,87379,70,329757
14937,0.00077,172.31.40.0-255,66,87445,70,329757
14938,0.000967,172.217.194.0-255,1484,88929,70,329757
14939,0.000984,172.217.194.0-255,2902,91831,70,329757
14940,0.000988,172.31.40.0-255,66,91897,70,329757
14941,0.000991,172.217.194.0-255,1484,93381,70,329757
14942,0.001018,172.217.194.0-255,4320,97701,70,329757
14943,0.00102,172.31.40.0-255,66,97767,70,329757
14944,0.001032,172.31.40.0-255,66,97833,70,329757
14945,0.001047,172.217.194.0-255,1484,99317,70,329757
14946,0.00106,172.217.194.0-255,10692,110009,70,329757
14947,0.001063,172.31.40.0-255,66,110075,70,329757
14948,0.001103,172.217.194.0-255,9992,120067,70,329757
14949,0.001106,172.31.40.0-255,66,120133,70,329757
14950,0.001145,172.217.194.0-255,8574,128707,70,329757
14951,0.001147,172.31.40.0-255,66,128773,70,329757
14952,0.001174,172.217.194.0-255,2902,131675,70,329757
14953,0.001177,172.31.40.0-255,66,131741,70,329757
14954,0.001188,172.31.40.0-255,66,131807,70,329757
14955,0.001605,172.217.194.0-255,1484,133291,70,329757
14956,0.00161,172.217.194.0-255,2902,136193,70,329757
14957,0.001613,172.31.40.0-255,66,136259,70,329757
14958,0.001635,172.217.194.0-255,5738,141997,70,329757
14959,0.001637,172.31.40.0-255,66,142063,70,329757
14960,0.00164,172.217.194.0-255,1484,143547,70,329757
14961,0.001675,172.217.194.0-255,7156,150703,70,329757
14962,0.001677,172.31.40.0-255,66,150769,70,329757
14963,0.001692,172.217.194.0-255,5738,156507,70,329757
14964,0.001694,172.31.40.0-255,66,156573,70,329757
14965,0.001721,172.217.194.0-255,10692,167265,70,329757
14966,0.001724,172.31.40.0-255,66,167331,70,329757
14967,0.001732,172.217.194.0-255,9992,177323,70,329757
14968,0.001734,172.31.40.0-255,66,177389,70,329757
14969,0.00176,172.217.194.0-255,7156,184545,70,329757
14970,0.001762,172.31.40.0-255,66,184611,70,329757
14971,0.001811,172.31.40.0-255,66,184677,70,329757
14972,0.001814,172.217.194.0-255,1484,186161,70,329757
14973,0.001822,172.217.194.0-255,8574,194735,70,329757
14974,0.001823,172.31.40.0-255,66,194801,70,329757
14975,0.001854,172.217.194.0-255,7156,201957,70,329757
14976,0.001856,172.31.40.0-255,66,202023,70,329757
14977,0.001894,172.217.194.0-255,10692,212715,70,329757
14978,0.001899,172.31.40.0-255,66,212781,70,329757
14979,0.002125,172.217.194.0-255,1484,214265,70,329757
14980,0.002138,172.217.194.0-255,2902,217167,70,329757
14981,0.00214,172.31.40.0-255,66,217233,70,329757
14982,0.002153,172.217.194.0-255,1484,218717,70,329757
14983,0.002181,172.217.194.0-255,4320,223037,70,329757
14984,0.002184,172.31.40.0-255,66,223103,70,329757
14985,0.002191,172.217.194.0-255,7156,230259,70,329757
14986,0.002193,172.31.40.0-255,66,230325,70,329757
14987,0.002204,172.31.40.0-255,66,230391,70,329757
14988,0.002231,172.217.194.0-255,1484,231875,70,329757
14989,0.002235,172.217.194.0-255,2184,234059,70,329757
14990,0.002237,172.31.40.0-255,66,234125,70,329757
14991,0.00449,172.217.194.0-255,1484,235609,70,329757
14992,0.00451,172.217.194.0-255,4320,239929,70,329757
14993,0.004515,172.31.40.0-255,66,239995,70,329757
14994,0.006792,172.217.194.0-255,2902,242897,70,329757
14995,0.006795,172.31.40.0-255,66,242963,70,329757
14996,0.006821,172.217.194.0-255,2902,245865,70,329757
14997,0.006822,172.31.40.0-255,66,245931,70,329757
14998,0.009064,172.217.194.0-255,2902,248833,70,329757
14999,0.009069,172.31.40.0-255,66,248899,70,329757
15000,0.009099,172.217.194.0-255,2902,251801,70,329757
15001,0.009101,172.31.40.0-255,66,251867,70,329757
15002,0.011384,172.217.194.0-255,5738,257605,70,329757
15003,0.011402,172.31.40.0-255,66,257671,70,329757
15004,0.013697,172.217.194.0-255,5738,263409,70,329757
15005,0.013709,172.31.40.0-255,66,263475,70,329757
15006,0.016048,172.217.194.0-255,5738,269213,70,329757
15007,0.01606,172.31.40.0-255,66,269279,70,329757
15008,0.018328,172.217.194.0-255,5738,275017,70,329757
15009,0.018339,172.31.40.0-255,66,275083,70,329757
15010,0.0206,172.217.194.0-255,5738,280821,70,329757
15011,0.020607,172.31.40.0-255,66,280887,70,329757
15012,0.022928,172.217.194.0-255,5738,286625,70,329757
15013,0.022942,172.31.40.0-255,66,286691,70,329757
15014,0.025252,172.217.194.0-255,5738,292429,70,329757
15015,0.025259,172.31.40.0-255,66,292495,70,329757
15016,0.027523,172.217.194.0-255,5738,298233,70,329757
15017,0.027532,172.31.40.0-255,66,298299,70,329757
15018,0.029807,172.217.194.0-255,5738,304037,70,329757
15019,0.029815,172.31.40.0-255,66,304103,70,329757
15020,0.032103,172.217.194.0-255,5738,309841,70,329757
15021,0.03211,172.31.40.0-255,66,309907,70,329757
15022,0.0344,172.217.194.0-255,5738,315645,70,329757
15023,0.034412,172.31.40.0-255,66,315711,70,329757
15024,0.036702,172.217.194.0-255,5738,321449,70,329757
15025,0.036718,172.31.40.0-255,66,321515,70,329757
15026,0.038984,172.217.194.0-255,5738,327253,70,329757
15027,0.038993,172.31.40.0-255,66,327319,70,329757
15028,0.041262,172.217.194.0-255,2201,329520,70,329757
15029,0.041281,172.31.40.0-255,66,329586,70,329757
15030,0.041565,172.31.40.0-255,105,329691,70,329757
15031,0.043779,172.217.194.0-255,66,329757,70,329757
15032,0.0,74.125.24.0-255,153,153,70,256834
15033,1.5e-05,172.31.40.0-255,66,219,70,256834
15034,2.3e-05,74.125.24.0-255,1484,1703,70,256834
15035,2.8e-05,172.31.40.0-255,66,1769,70,256834
15036,4.2e-05,74.125.24.0-255,2902,4671,70,256834
15037,4.6e-05,172.31.40.0-255,66,4737,70,256834
15038,5.3e-05,74.125.24.0-255,7156,11893,70,256834
15039,5.6e-05,172.31.40.0-255,66,11959,70,256834
15040,6.1e-05,74.125.24.0-255,2127,14086,70,256834
15041,6.3e-05,172.31.40.0-255,66,14152,70,256834
15042,0.000107,74.125.24.0-255,1484,15636,70,256834
15043,0.00011,172.31.40.0-255,66,15702,70,256834
15044,0.000114,74.125.24.0-255,1484,17186,70,256834
15045,0.000117,172.31.40.0-255,66,17252,70,256834
15046,0.000146,74.125.24.0-255,1484,18736,70,256834
15047,0.000148,172.31.40.0-255,66,18802,70,256834
15048,0.000155,74.125.24.0-255,5738,24540,70,256834
15049,0.000157,172.31.40.0-255,66,24606,70,256834
15050,0.00017,74.125.24.0-255,6797,31403,70,256834
15051,0.000173,172.31.40.0-255,66,31469,70,256834
15052,0.000324,74.125.24.0-255,1484,32953,70,256834
15053,0.000328,172.31.40.0-255,66,33019,70,256834
15054,0.000335,74.125.24.0-255,2902,35921,70,256834
15055,0.000338,172.31.40.0-255,66,35987,70,256834
15056,0.000349,74.125.24.0-255,5738,41725,70,256834
15057,0.000352,172.31.40.0-255,66,41791,70,256834
15058,0.000356,74.125.24.0-255,2902,44693,70,256834
15059,0.000358,172.31.40.0-255,66,44759,70,256834
15060,0.000382,74.125.24.0-255,1484,46243,70,256834
15061,0.000388,172.31.40.0-255,66,46309,70,256834
15062,0.000431,172.31.40.0-255,66,46375,70,256834
15063,0.000435,74.125.24.0-255,2543,48918,70,256834
15064,0.000437,172.31.40.0-255,66,48984,70,256834
15065,0.000474,74.125.24.0-255,679,49663,70,256834
15066,0.001048,172.31.40.0-255,66,49729,70,256834
15067,0.001429,74.125.24.0-255,1484,51213,70,256834
15068,0.001441,74.125.24.0-255,2902,54115,70,256834
15069,0.001445,172.31.40.0-255,66,54181,70,256834
15070,0.001452,74.125.24.0-255,5738,59919,70,256834
15071,0.001454,172.31.40.0-255,66,59985,70,256834
15072,0.001463,74.125.24.0-255,1484,61469,70,256834
15073,0.001497,172.31.40.0-255,66,61535,70,256834
15074,0.001503,74.125.24.0-255,5738,67273,70,256834
15075,0.001505,172.31.40.0-255,66,67339,70,256834
15076,0.001535,74.125.24.0-255,5020,72359,70,256834
15077,0.001537,172.31.40.0-255,66,72425,70,256834
15078,0.001667,74.125.24.0-255,1484,73909,70,256834
15079,0.001688,74.125.24.0-255,1484,75393,70,256834
15080,0.001692,172.31.40.0-255,66,75459,70,256834
15081,0.001706,74.125.24.0-255,1484,76943,70,256834
15082,0.001717,74.125.24.0-255,5738,82681,70,256834
15083,0.001719,172.31.40.0-255,66,82747,70,256834
15084,0.001756,172.31.40.0-255,66,82813,70,256834
15085,0.001764,74.125.24.0-255,8574,91387,70,256834
15086,0.001767,172.31.40.0-255,66,91453,70,256834
15087,0.001834,74.125.24.0-255,2184,93637,70,256834
15088,0.001837,172.31.40.0-255,66,93703,70,256834
15089,0.001874,74.125.24.0-255,1484,95187,70,256834
15090,0.001893,74.125.24.0-255,2902,98089,70,256834
15091,0.001896,172.31.40.0-255,66,98155,70,256834
15092,0.001917,74.125.24.0-255,5738,103893,70,256834
15093,0.00192,172.31.40.0-255,66,103959,70,256834
15094,0.001924,74.125.24.0-255,1484,105443,70,256834
15095,0.001959,172.31.40.0-255,66,105509,70,256834
15096,0.001989,74.125.24.0-255,5738,111247,70,256834
15097,0.001991,172.31.40.0-255,66,111313,70,256834
15098,0.00201,74.125.24.0-255,5020,116333,70,256834
15099,0.002013,172.31.40.0-255,66,116399,70,256834
15100,0.002127,74.125.24.0-255,1484,117883,70,256834
15101,0.002132,74.125.24.0-255,2902,120785,70,256834
15102,0.002136,172.31.40.0-255,66,120851,70,256834
15103,0.002162,74.125.24.0-255,5738,126589,70,256834
15104,0.002165,172.31.40.0-255,66,126655,70,256834
15105,0.002167,74.125.24.0-255,1484,128139,70,256834
15106,0.002201,172.31.40.0-255,66,128205,70,256834
15107,0.002206,74.125.24.0-255,2902,131107,70,256834
15108,0.002208,172.31.40.0-255,66,131173,70,256834
15109,0.002237,74.125.24.0-255,7156,138329,70,256834
15110,0.00224,172.31.40.0-255,66,138395,70,256834
15111,0.002269,74.125.24.0-255,766,139161,70,256834
15112,0.004555,74.125.24.0-255,4320,143481,70,256834
15113,0.00456,172.31.40.0-255,66,143547,70,256834
15114,0.006881,74.125.24.0-255,5738,149285,70,256834
15115,0.006889,172.31.40.0-255,66,149351,70,256834
15116,0.008404,172.31.40.0-255,101,149452,70,256834
15117,0.009223,74.125.24.0-255,5738,155190,70,256834
15118,0.009231,172.31.40.0-255,66,155256,70,256834
15119,0.010694,74.125.24.0-255,66,155322,70,256834
15120,0.011576,74.125.24.0-255,4320,159642,70,256834
15121,0.011584,172.31.40.0-255,66,159708,70,256834
15122,0.011614,74.125.24.0-255,1484,161192,70,256834
15123,0.013907,74.125.24.0-255,4320,165512,70,256834
15124,0.013914,172.31.40.0-255,66,165578,70,256834
15125,0.016271,74.125.24.0-255,5738,171316,70,256834
15126,0.016279,172.31.40.0-255,66,171382,70,256834
15127,0.018617,74.125.24.0-255,5738,177120,70,256834
15128,0.018625,172.31.40.0-255,66,177186,70,256834
15129,0.020958,74.125.24.0-255,5738,182924,70,256834
15130,0.020966,172.31.40.0-255,66,182990,70,256834
15131,0.023296,74.125.24.0-255,5738,188728,70,256834
15132,0.023304,172.31.40.0-255,66,188794,70,256834
15133,0.025647,74.125.24.0-255,5738,194532,70,256834
15134,0.025654,172.31.40.0-255,66,194598,70,256834
15135,0.027996,74.125.24.0-255,5738,200336,70,256834
15136,0.028004,172.31.40.0-255,66,200402,70,256834
15137,0.028671,172.31.40.0-255,172,200574,70,256834
15138,0.028702,172.31.40.0-255,1113,201687,70,256834
15139,0.028763,172.31.40.0-255,1514,203201,70,256834
15140,0.028764,172.31.40.0-255,1331,204532,70,256834
15141,0.030354,74.125.24.0-255,5738,210270,70,256834
15142,0.030361,172.31.40.0-255,66,210336,70,256834
15143,0.030836,104.244.42.0-255,66,210402,70,256834
15144,0.032709,74.125.24.0-255,5738,216140,70,256834
15145,0.032715,172.31.40.0-255,66,216206,70,256834
15146,0.035104,74.125.24.0-255,5738,221944,70,256834
15147,0.035111,172.31.40.0-255,66,222010,70,256834
15148,0.037457,74.125.24.0-255,5738,227748,70,256834
15149,0.037464,172.31.40.0-255,66,227814,70,256834
15150,0.039804,74.125.24.0-255,5738,233552,70,256834
15151,0.039811,172.31.40.0-255,66,233618,70,256834
15152,0.042154,74.125.24.0-255,5738,239356,70,256834
15153,0.042161,172.31.40.0-255,66,239422,70,256834
15154,0.044481,74.125.24.0-255,5738,245160,70,256834
15155,0.044488,172.31.40.0-255,66,245226,70,256834
15156,0.046814,74.125.24.0-255,5738,250964,70,256834
15157,0.04682,172.31.40.0-255,66,251030,70,256834
15158,0.049144,74.125.24.0-255,5738,256768,70,256834
15159,0.049151,172.31.40.0-255,66,256834,70,256834
15160,0.0,172.217.194.0-255,153,153,70,322312
15161,2.1e-05,172.31.40.0-255,66,219,70,322312
15162,2.8e-05,172.217.194.0-255,1484,1703,70,322312
15163,3.3e-05,172.31.40.0-255,66,1769,70,322312
15164,7.3e-05,172.217.194.0-255,2902,4671,70,322312
15165,7.8e-05,172.31.40.0-255,66,4737,70,322312
15166,8.4e-05,172.217.194.0-255,5738,10475,70,322312
15167,8.7e-05,172.31.40.0-255,66,10541,70,322312
15168,9.6e-05,172.217.194.0-255,8574,19115,70,322312
15169,9.9e-05,172.31.40.0-255,66,19181,70,322312
15170,0.000127,172.217.194.0-255,4819,24000,70,322312
15171,0.00013,172.31.40.0-255,66,24066,70,322312
15172,0.000138,172.217.194.0-255,6797,30863,70,322312
15173,0.00014,172.31.40.0-255,66,30929,70,322312
15174,0.000185,172.217.194.0-255,1484,32413,70,322312
15175,0.000188,172.31.40.0-255,66,32479,70,322312
15176,0.000193,172.217.194.0-255,2902,35381,70,322312
15177,0.000195,172.31.40.0-255,66,35447,70,322312
15178,0.000226,172.217.194.0-255,2902,38349,70,322312
15179,0.000229,172.31.40.0-255,66,38415,70,322312
15180,0.00025,172.217.194.0-255,2902,41317,70,322312
15181,0.000252,172.31.40.0-255,66,41383,70,322312
15182,0.00026,172.217.194.0-255,6797,48180,70,322312
15183,0.000262,172.31.40.0-255,66,48246,70,322312
15184,0.000275,172.31.40.0-255,66,48312,70,322312
15185,0.000304,172.217.194.0-255,3131,51443,70,322312
15186,0.000307,172.31.40.0-255,66,51509,70,322312
15187,0.000351,172.217.194.0-255,2902,54411,70,322312
15188,0.000354,172.31.40.0-255,66,54477,70,322312
15189,0.000377,172.217.194.0-255,1484,55961,70,322312
15190,0.00038,172.31.40.0-255,66,56027,70,322312
15191,0.000387,172.217.194.0-255,5738,61765,70,322312
15192,0.000389,172.31.40.0-255,66,61831,70,322312
15193,0.000396,172.217.194.0-255,7156,68987,70,322312
15194,0.000399,172.31.40.0-255,66,69053,70,322312
15195,0.000428,172.217.194.0-255,4320,73373,70,322312
15196,0.000431,172.31.40.0-255,66,73439,70,322312
15197,0.000439,172.217.194.0-255,8574,82013,70,322312
15198,0.000441,172.31.40.0-255,66,82079,70,322312
15199,0.00047,172.217.194.0-255,3602,85681,70,322312
15200,0.000472,172.31.40.0-255,66,85747,70,322312
15201,0.001064,172.217.194.0-255,1484,87231,70,322312
15202,0.001072,172.217.194.0-255,2902,90133,70,322312
15203,0.001075,172.31.40.0-255,66,90199,70,322312
15204,0.00108,172.217.194.0-255,1484,91683,70,322312
15205,0.001111,172.217.194.0-255,4320,96003,70,322312
15206,0.001113,172.31.40.0-255,66,96069,70,322312
15207,0.001126,172.31.40.0-255,66,96135,70,322312
15208,0.001168,172.217.194.0-255,2902,99037,70,322312
15209,0.001171,172.31.40.0-255,66,99103,70,322312
15210,0.001202,172.217.194.0-255,7856,106959,70,322312
15211,0.001205,172.31.40.0-255,66,107025,70,322312
15212,0.001593,172.217.194.0-255,1484,108509,70,322312
15213,0.001599,172.217.194.0-255,2902,111411,70,322312
15214,0.001602,172.31.40.0-255,66,111477,70,322312
15215,0.001635,172.217.194.0-255,5738,117215,70,322312
15216,0.001638,172.31.40.0-255,66,117281,70,322312
15217,0.001647,172.217.194.0-255,9992,127273,70,322312
15218,0.001649,172.31.40.0-255,66,127339,70,322312
15219,0.001664,172.217.194.0-255,2902,130241,70,322312
15220,0.001666,172.31.40.0-255,66,130307,70,322312
15221,0.001689,172.217.194.0-255,4320,134627,70,322312
15222,0.001694,172.31.40.0-255,66,134693,70,322312
15223,0.001706,172.217.194.0-255,6438,141131,70,322312
15224,0.001708,172.31.40.0-255,66,141197,70,322312
15225,0.001744,172.217.194.0-255,1484,142681,70,322312
15226,0.001749,172.217.194.0-255,2902,145583,70,322312
15227,0.001751,172.31.40.0-255,66,145649,70,322312
15228,0.001773,172.217.194.0-255,2902,148551,70,322312
15229,0.001775,172.31.40.0-255,66,148617,70,322312
15230,0.001816,172.217.194.0-255,7156,155773,70,322312
15231,0.001819,172.31.40.0-255,66,155839,70,322312
15232,0.001826,172.217.194.0-255,7156,162995,70,322312
15233,0.001828,172.31.40.0-255,66,163061,70,322312
15234,0.001866,172.217.194.0-255,8574,171635,70,322312
15235,0.001871,172.217.194.0-255,3602,175237,70,322312
15236,0.001875,172.31.40.0-255,66,175303,70,322312
15237,0.001878,172.31.40.0-255,66,175369,70,322312
15238,0.001961,172.217.194.0-255,1484,176853,70,322312
15239,0.001966,172.217.194.0-255,2902,179755,70,322312
15240,0.001968,172.31.40.0-255,66,179821,70,322312
15241,0.001972,172.217.194.0-255,1484,181305,70,322312
15242,0.002003,172.217.194.0-255,4320,185625,70,322312
15243,0.002007,172.31.40.0-255,66,185691,70,322312
15244,0.002013,172.217.194.0-255,7156,192847,70,322312
15245,0.002016,172.31.40.0-255,66,192913,70,322312
15246,0.002048,172.217.194.0-255,5738,198651,70,322312
15247,0.00205,172.31.40.0-255,66,198717,70,322312
15248,0.002055,172.217.194.0-255,2902,201619,70,322312
15249,0.002058,172.31.40.0-255,66,201685,70,322312
15250,0.002121,172.217.194.0-255,7856,209541,70,322312
15251,0.002124,172.31.40.0-255,66,209607,70,322312
15252,0.002128,172.217.194.0-255,1484,211091,70,322312
15253,0.002132,172.217.194.0-255,2902,213993,70,322312
15254,0.002134,172.31.40.0-255,66,214059,70,322312
15255,0.002166,172.217.194.0-255,5738,219797,70,322312
15256,0.002169,172.31.40.0-255,66,219863,70,322312
15257,0.002182,172.217.194.0-255,8574,228437,70,322312
15258,0.002185,172.31.40.0-255,66,228503,70,322312
15259,0.002208,172.217.194.0-255,4320,232823,70,322312
15260,0.002211,172.31.40.0-255,66,232889,70,322312
15261,0.002235,172.217.194.0-255,7156,240045,70,322312
15262,0.002238,172.31.40.0-255,66,240111,70,322312
15263,0.002251,172.217.194.0-255,3602,243713,70,322312
15264,0.002258,172.31.40.0-255,66,243779,70,322312
15265,0.002262,172.217.194.0-255,2902,246681,70,322312
15266,0.002264,172.31.40.0-255,66,246747,70,322312
15267,0.002303,172.217.194.0-255,8574,255321,70,322312
15268,0.002306,172.31.40.0-255,66,255387,70,322312
15269,0.002333,172.217.194.0-255,4320,259707,70,322312
15270,0.002335,172.31.40.0-255,66,259773,70,322312
15271,0.002376,172.31.40.0-255,66,259839,70,322312
15272,0.002409,172.217.194.0-255,6438,266277,70,322312
15273,0.002413,172.31.40.0-255,66,266343,70,322312
15274,0.002443,172.217.194.0-255,9992,276335,70,322312
15275,0.002446,172.31.40.0-255,66,276401,70,322312
15276,0.002486,172.31.40.0-255,66,276467,70,322312
15277,0.002496,172.217.194.0-255,10692,287159,70,322312
15278,0.002499,172.31.40.0-255,66,287225,70,322312
15279,0.00252,172.31.40.0-255,66,287291,70,322312
15280,0.002538,172.217.194.0-255,766,288057,70,322312
15281,0.002543,172.31.40.0-255,66,288123,70,322312
15282,0.004715,172.31.40.0-255,66,288189,70,322312
15283,0.004906,172.217.194.0-255,4320,292509,70,322312
15284,0.004912,172.31.40.0-255,66,292575,70,322312
15285,0.007063,172.217.194.0-255,1484,294059,70,322312
15286,0.007281,172.217.194.0-255,4320,298379,70,322312
15287,0.007285,172.31.40.0-255,66,298445,70,322312
15288,0.009669,172.217.194.0-255,5738,304183,70,322312
15289,0.009673,172.31.40.0-255,66,304249,70,322312
15290,0.012044,172.217.194.0-255,5738,309987,70,322312
15291,0.012053,172.31.40.0-255,66,310053,70,322312
15292,0.014457,172.217.194.0-255,5738,315791,70,322312
15293,0.014467,172.31.40.0-255,66,315857,70,322312
15294,0.016839,172.217.194.0-255,793,316650,70,322312
15295,0.019903,172.31.40.0-255,66,316716,70,322312
15296,0.019943,172.31.40.0-255,105,316821,70,322312
15297,0.022297,172.217.194.0-255,66,316887,70,322312
15298,0.031666,172.31.40.0-255,172,317059,70,322312
15299,0.031708,172.31.40.0-255,1118,318177,70,322312
15300,0.031842,172.31.40.0-255,1514,319691,70,322312
15301,0.031844,172.31.40.0-255,1514,321205,70,322312
15302,0.031844,172.31.40.0-255,843,322048,70,322312
15303,0.033251,104.244.42.0-255,66,322114,70,322312
15304,0.033296,104.244.42.0-255,66,322180,70,322312
15305,0.033487,104.244.42.0-255,66,322246,70,322312
15306,0.033497,104.244.42.0-255,66,322312,70,322312
15307,0.0,172.217.194.0-255,153,153,70,311066
15308,2.3e-05,172.31.40.0-255,66,219,70,311066
15309,3e-05,172.217.194.0-255,1484,1703,70,311066
15310,3.4e-05,172.31.40.0-255,66,1769,70,311066
15311,4e-05,172.217.194.0-255,2902,4671,70,311066
15312,4.3e-05,172.31.40.0-255,66,4737,70,311066
15313,4.9e-05,172.217.194.0-255,5738,10475,70,311066
15314,5.2e-05,172.31.40.0-255,66,10541,70,311066
15315,5.5e-05,172.217.194.0-255,1484,12025,70,311066
15316,5.8e-05,172.31.40.0-255,66,12091,70,311066
15317,8.6e-05,172.217.194.0-255,2002,14093,70,311066
15318,8.9e-05,172.31.40.0-255,66,14159,70,311066
15319,9.5e-05,172.217.194.0-255,4320,18479,70,311066
15320,9.8e-05,172.31.40.0-255,66,18545,70,311066
15321,0.000107,172.217.194.0-255,9992,28537,70,311066
15322,0.00011,172.31.40.0-255,66,28603,70,311066
15323,0.000114,172.217.194.0-255,2543,31146,70,311066
15324,0.000117,172.31.40.0-255,66,31212,70,311066
15325,0.000145,172.217.194.0-255,2902,34114,70,311066
15326,0.000148,172.31.40.0-255,66,34180,70,311066
15327,0.00017,172.217.194.0-255,5738,39918,70,311066
15328,0.000172,172.31.40.0-255,66,39984,70,311066
15329,0.000219,172.217.194.0-255,8215,48199,70,311066
15330,0.000222,172.31.40.0-255,66,48265,70,311066
15331,0.000252,172.217.194.0-255,8574,56839,70,311066
15332,0.000255,172.31.40.0-255,66,56905,70,311066
15333,0.000258,172.217.194.0-255,1484,58389,70,311066
15334,0.000259,172.31.40.0-255,66,58455,70,311066
15335,0.000287,172.217.194.0-255,7143,65598,70,311066
15336,0.00029,172.31.40.0-255,66,65664,70,311066
15337,0.000339,172.217.194.0-255,363,66027,70,311066
15338,0.000342,172.31.40.0-255,66,66093,70,311066
15339,0.000529,172.217.194.0-255,1484,67577,70,311066
15340,0.000534,172.217.194.0-255,2902,70479,70,311066
15341,0.000538,172.217.194.0-255,2902,73381,70,311066
15342,0.00055,172.31.40.0-255,66,73447,70,311066
15343,0.000553,172.31.40.0-255,66,73513,70,311066
15344,0.000559,172.217.194.0-255,2902,76415,70,311066
15345,0.000561,172.31.40.0-255,66,76481,70,311066
15346,0.000566,172.217.194.0-255,2902,79383,70,311066
15347,0.000568,172.31.40.0-255,66,79449,70,311066
15348,0.00059,172.217.194.0-255,9992,89441,70,311066
15349,0.000594,172.31.40.0-255,66,89507,70,311066
15350,0.000603,172.217.194.0-255,9992,99499,70,311066
15351,0.000606,172.31.40.0-255,66,99565,70,311066
15352,0.000609,172.217.194.0-255,766,100331,70,311066
15353,0.000974,172.217.194.0-255,1484,101815,70,311066
15354,0.000978,172.31.40.0-255,66,101881,70,311066
15355,0.000983,172.217.194.0-255,2902,104783,70,311066
15356,0.000985,172.31.40.0-255,66,104849,70,311066
15357,0.001007,172.217.194.0-255,5738,110587,70,311066
15358,0.00101,172.31.40.0-255,66,110653,70,311066
15359,0.001013,172.217.194.0-255,2902,113555,70,311066
15360,0.001015,172.31.40.0-255,66,113621,70,311066
15361,0.001047,172.217.194.0-255,9992,123613,70,311066
15362,0.001049,172.31.40.0-255,66,123679,70,311066
15363,0.001058,172.217.194.0-255,8574,132253,70,311066
15364,0.001059,172.31.40.0-255,66,132319,70,311066
15365,0.00108,172.217.194.0-255,5020,137339,70,311066
15366,0.001082,172.31.40.0-255,66,137405,70,311066
15367,0.001089,172.217.194.0-255,5738,143143,70,311066
15368,0.00109,172.31.40.0-255,66,143209,70,311066
15369,0.001148,172.217.194.0-255,5738,148947,70,311066
15370,0.001152,172.31.40.0-255,66,149013,70,311066
15371,0.001167,172.217.194.0-255,7156,156169,70,311066
15372,0.00117,172.31.40.0-255,66,156235,70,311066
15373,0.001183,172.31.40.0-255,66,156301,70,311066
15374,0.001436,172.217.194.0-255,1484,157785,70,311066
15375,0.00144,172.217.194.0-255,1484,159269,70,311066
15376,0.001444,172.31.40.0-255,66,159335,70,311066
15377,0.001471,172.217.194.0-255,1484,160819,70,311066
15378,0.001478,172.217.194.0-255,5738,166557,70,311066
15379,0.001481,172.31.40.0-255,66,166623,70,311066
15380,0.001494,172.31.40.0-255,66,166689,70,311066
15381,0.001521,172.217.194.0-255,1484,168173,70,311066
15382,0.001531,172.217.194.0-255,10692,178865,70,311066
15383,0.001534,172.31.40.0-255,66,178931,70,311066
15384,0.001715,172.217.194.0-255,1484,180415,70,311066
15385,0.00172,172.217.194.0-255,1484,181899,70,311066
15386,0.001723,172.31.40.0-255,66,181965,70,311066
15387,0.001747,172.217.194.0-255,1484,183449,70,311066
15388,0.001753,172.217.194.0-255,5738,189187,70,311066
15389,0.001756,172.31.40.0-255,66,189253,70,311066
15390,0.001797,172.31.40.0-255,66,189319,70,311066
15391,0.001805,172.217.194.0-255,7156,196475,70,311066
15392,0.001807,172.31.40.0-255,66,196541,70,311066
15393,0.001829,172.217.194.0-255,2902,199443,70,311066
15394,0.001832,172.31.40.0-255,66,199509,70,311066
15395,0.001877,172.31.40.0-255,66,199575,70,311066
15396,0.001896,172.31.40.0-255,66,199641,70,311066
15397,0.001918,172.217.194.0-255,4320,203961,70,311066
15398,0.00192,172.217.194.0-255,766,204727,70,311066
15399,0.001924,172.31.40.0-255,66,204793,70,311066
15400,0.001952,172.217.194.0-255,7156,211949,70,311066
15401,0.001955,172.217.194.0-255,1484,213433,70,311066
15402,0.001959,172.31.40.0-255,66,213499,70,311066
15403,0.00198,172.217.194.0-255,7156,220655,70,311066
15404,0.001983,172.31.40.0-255,66,220721,70,311066
15405,0.001997,172.217.194.0-255,4320,225041,70,311066
15406,0.002001,172.31.40.0-255,66,225107,70,311066
15407,0.002034,172.31.40.0-255,66,225173,70,311066
15408,0.002053,172.217.194.0-255,5738,230911,70,311066
15409,0.002055,172.31.40.0-255,66,230977,70,311066
15410,0.002093,172.217.194.0-255,9274,240251,70,311066
15411,0.002096,172.31.40.0-255,66,240317,70,311066
15412,0.002111,172.31.40.0-255,66,240383,70,311066
15413,0.002114,172.217.194.0-255,1484,241867,70,311066
15414,0.002117,172.217.194.0-255,1484,243351,70,311066
15415,0.002119,172.31.40.0-255,66,243417,70,311066
15416,0.002122,172.217.194.0-255,766,244183,70,311066
15417,0.002173,172.217.194.0-255,4320,248503,70,311066
15418,0.002176,172.31.40.0-255,66,248569,70,311066
15419,0.002182,172.217.194.0-255,5738,254307,70,311066
15420,0.002184,172.217.194.0-255,1484,255791,70,311066
15421,0.00219,172.217.194.0-255,4320,260111,70,311066
15422,0.002196,172.31.40.0-255,66,260177,70,311066
15423,0.002222,172.217.194.0-255,9992,270169,70,311066
15424,0.002228,172.217.194.0-255,5738,275907,70,311066
15425,0.002232,172.217.194.0-255,2184,278091,70,311066
15426,0.002248,172.31.40.0-255,66,278157,70,311066
15427,0.002252,172.217.194.0-255,1484,279641,70,311066
15428,0.002257,172.217.194.0-255,5738,285379,70,311066
15429,0.002263,172.31.40.0-255,66,285445,70,311066
15430,0.00228,172.217.194.0-255,8574,294019,70,311066
15431,0.002296,172.31.40.0-255,66,294085,70,311066
15432,0.002302,172.217.194.0-255,5738,299823,70,311066
15433,0.002307,172.31.40.0-255,66,299889,70,311066
15434,0.00232,172.217.194.0-255,4407,304296,70,311066
15435,0.002349,172.31.40.0-255,66,304362,70,311066
15436,0.002357,172.217.194.0-255,105,304467,70,311066
15437,0.004285,172.31.40.0-255,66,304533,70,311066
15438,0.004323,172.31.40.0-255,105,304638,70,311066
15439,0.006365,172.217.194.0-255,66,304704,70,311066
15440,0.047874,172.31.40.0-255,172,304876,70,311066
15441,0.047907,172.31.40.0-255,1118,305994,70,311066
15442,0.047971,172.31.40.0-255,1514,307508,70,311066
15443,0.047973,172.31.40.0-255,1514,309022,70,311066
15444,0.047979,172.31.40.0-255,1514,310536,70,311066
15445,0.04798,172.31.40.0-255,266,310802,70,311066
15446,0.04937,104.244.42.0-255,66,310868,70,311066
15447,0.049399,104.244.42.0-255,66,310934,70,311066
15448,0.049493,104.244.42.0-255,66,311000,70,311066
15449,0.049498,104.244.42.0-255,66,311066,70,311066
15450,0.0,172.31.40.0-255,172,172,70,11342
15451,3.5e-05,172.31.40.0-255,1140,1312,70,11342
15452,0.000124,172.31.40.0-255,1514,2826,70,11342
15453,0.000126,172.31.40.0-255,1514,4340,70,11342
15454,0.000128,172.31.40.0-255,1514,5854,70,11342
15455,0.000129,172.31.40.0-255,1514,7368,70,11342
15456,0.00013,172.31.40.0-255,1514,8882,70,11342
15457,0.000163,172.31.40.0-255,1514,10396,70,11342
15458,0.000164,172.31.40.0-255,682,11078,70,11342
15459,0.001531,104.244.42.0-255,66,11144,70,11342
15460,0.001574,104.244.42.0-255,66,11210,70,11342
15461,0.001733,104.244.42.0-255,66,11276,70,11342
15462,0.00174,104.244.42.0-255,66,11342,70,11342
15463,0.0,74.125.24.0-255,146,146,70,217276
15464,2.3e-05,172.31.40.0-255,66,212,70,217276
15465,3.1e-05,74.125.24.0-255,1484,1696,70,217276
15466,3.6e-05,172.31.40.0-255,66,1762,70,217276
15467,4.3e-05,74.125.24.0-255,2902,4664,70,217276
15468,4.7e-05,172.31.40.0-255,66,4730,70,217276
15469,5e-05,74.125.24.0-255,1484,6214,70,217276
15470,5.3e-05,172.31.40.0-255,66,6280,70,217276
15471,7.8e-05,74.125.24.0-255,2902,9182,70,217276
15472,8.1e-05,172.31.40.0-255,66,9248,70,217276
15473,0.000157,74.125.24.0-255,1484,10732,70,217276
15474,0.00016,172.31.40.0-255,66,10798,70,217276
15475,0.000189,74.125.24.0-255,7746,18544,70,217276
15476,0.000192,172.31.40.0-255,66,18610,70,217276
15477,0.000313,74.125.24.0-255,4320,22930,70,217276
15478,0.000319,172.31.40.0-255,66,22996,70,217276
15479,0.000372,74.125.24.0-255,2902,25898,70,217276
15480,0.000374,172.31.40.0-255,66,25964,70,217276
15481,0.000396,74.125.24.0-255,5379,31343,70,217276
15482,0.000399,172.31.40.0-255,66,31409,70,217276
15483,0.00053,74.125.24.0-255,2902,34311,70,217276
15484,0.000534,172.31.40.0-255,66,34377,70,217276
15485,0.00057,172.31.40.0-255,66,34443,70,217276
15486,0.000783,74.125.24.0-255,2543,36986,70,217276
15487,0.000788,172.31.40.0-255,66,37052,70,217276
15488,0.000839,74.125.24.0-255,7156,44208,70,217276
15489,0.000843,172.31.40.0-255,66,44274,70,217276
15490,0.00087,74.125.24.0-255,9633,53907,70,217276
15491,0.000873,172.31.40.0-255,66,53973,70,217276
15492,0.001115,74.125.24.0-255,396,54369,70,217276
15493,0.00112,172.31.40.0-255,66,54435,70,217276
15494,0.00114,74.125.24.0-255,4320,58755,70,217276
15495,0.001188,74.125.24.0-255,6529,65284,70,217276
15496,0.001206,172.31.40.0-255,66,65350,70,217276
15497,0.001554,74.125.24.0-255,5738,71088,70,217276
15498,0.001561,172.31.40.0-255,66,71154,70,217276
15499,0.001584,74.125.24.0-255,5379,76533,70,217276
15500,0.001786,74.125.24.0-255,4320,80853,70,217276
15501,0.001806,74.125.24.0-255,8574,89427,70,217276
15502,0.001824,74.125.24.0-255,3961,93388,70,217276
15503,0.002057,74.125.24.0-255,8574,101962,70,217276
15504,0.002109,74.125.24.0-255,1484,103446,70,217276
15505,0.002592,74.125.24.0-255,3602,107048,70,217276
15506,0.005472,172.31.40.0-255,66,107114,70,217276
15507,0.007812,74.125.24.0-255,5738,112852,70,217276
15508,0.00782,172.31.40.0-255,66,112918,70,217276
15509,0.010144,74.125.24.0-255,5738,118656,70,217276
15510,0.010153,172.31.40.0-255,66,118722,70,217276
15511,0.012491,74.125.24.0-255,5738,124460,70,217276
15512,0.0125,172.31.40.0-255,66,124526,70,217276
15513,0.01482,74.125.24.0-255,5738,130264,70,217276
15514,0.014829,172.31.40.0-255,66,130330,70,217276
15515,0.017136,74.125.24.0-255,5738,136068,70,217276
15516,0.017147,172.31.40.0-255,66,136134,70,217276
15517,0.019503,74.125.24.0-255,5738,141872,70,217276
15518,0.019515,172.31.40.0-255,66,141938,70,217276
15519,0.021814,74.125.24.0-255,5738,147676,70,217276
15520,0.021823,172.31.40.0-255,66,147742,70,217276
15521,0.024146,74.125.24.0-255,5738,153480,70,217276
15522,0.024155,172.31.40.0-255,66,153546,70,217276
15523,0.026483,74.125.24.0-255,5738,159284,70,217276
15524,0.026495,172.31.40.0-255,66,159350,70,217276
15525,0.028798,74.125.24.0-255,5738,165088,70,217276
15526,0.028809,172.31.40.0-255,66,165154,70,217276
15527,0.031133,74.125.24.0-255,5738,170892,70,217276
15528,0.03114,172.31.40.0-255,66,170958,70,217276
15529,0.031818,172.31.40.0-255,172,171130,70,217276
15530,0.031849,172.31.40.0-255,1118,172248,70,217276
15531,0.031911,172.31.40.0-255,1514,173762,70,217276
15532,0.031913,172.31.40.0-255,1514,175276,70,217276
15533,0.031914,172.31.40.0-255,844,176120,70,217276
15534,0.033373,104.244.42.0-255,66,176186,70,217276
15535,0.033397,104.244.42.0-255,66,176252,70,217276
15536,0.033439,74.125.24.0-255,2902,179154,70,217276
15537,0.033446,172.31.40.0-255,66,179220,70,217276
15538,0.033471,74.125.24.0-255,2902,182122,70,217276
15539,0.03349,104.244.42.0-255,66,182188,70,217276
15540,0.033508,104.244.42.0-255,66,182254,70,217276
15541,0.03352,172.31.40.0-255,66,182320,70,217276
15542,0.035814,74.125.24.0-255,2902,185222,70,217276
15543,0.035822,172.31.40.0-255,66,185288,70,217276
15544,0.035845,74.125.24.0-255,2902,188190,70,217276
15545,0.035869,172.31.40.0-255,66,188256,70,217276
15546,0.038186,74.125.24.0-255,5738,193994,70,217276
15547,0.038242,172.31.40.0-255,66,194060,70,217276
15548,0.040556,74.125.24.0-255,5738,199798,70,217276
15549,0.040563,172.31.40.0-255,66,199864,70,217276
15550,0.042902,74.125.24.0-255,5738,205602,70,217276
15551,0.042909,172.31.40.0-255,66,205668,70,217276
15552,0.045252,74.125.24.0-255,5738,211406,70,217276
15553,0.045259,172.31.40.0-255,66,211472,70,217276
15554,0.047582,74.125.24.0-255,5738,217210,70,217276
15555,0.049734,172.31.40.0-255,66,217276,70,217276
15556,0.0,74.125.24.0-255,153,153,70,306828
15557,1.9e-05,172.31.40.0-255,66,219,70,306828
15558,2.7e-05,74.125.24.0-255,1484,1703,70,306828
15559,3.2e-05,172.31.40.0-255,66,1769,70,306828
15560,3.7e-05,74.125.24.0-255,2902,4671,70,306828
15561,4.1e-05,172.31.40.0-255,66,4737,70,306828
15562,4.9e-05,74.125.24.0-255,7156,11893,70,306828
15563,5.2e-05,172.31.40.0-255,66,11959,70,306828
15564,7.6e-05,74.125.24.0-255,2028,13987,70,306828
15565,7.9e-05,172.31.40.0-255,66,14053,70,306828
15566,0.000114,74.125.24.0-255,2902,16955,70,306828
15567,0.000117,172.31.40.0-255,66,17021,70,306828
15568,0.000123,74.125.24.0-255,4320,21341,70,306828
15569,0.000125,172.31.40.0-255,66,21407,70,306828
15570,0.000139,74.125.24.0-255,2902,24309,70,306828
15571,0.000141,172.31.40.0-255,66,24375,70,306828
15572,0.000165,74.125.24.0-255,5738,30113,70,306828
15573,0.000167,172.31.40.0-255,66,30179,70,306828
15574,0.000193,74.125.24.0-255,6797,36976,70,306828
15575,0.000196,172.31.40.0-255,66,37042,70,306828
15576,0.0002,74.125.24.0-255,2902,39944,70,306828
15577,0.000202,172.31.40.0-255,66,40010,70,306828
15578,0.000252,74.125.24.0-255,8215,48225,70,306828
15579,0.000255,172.31.40.0-255,66,48291,70,306828
15580,0.000623,74.125.24.0-255,1484,49775,70,306828
15581,0.000628,172.31.40.0-255,66,49841,70,306828
15582,0.000634,74.125.24.0-255,2902,52743,70,306828
15583,0.000637,172.31.40.0-255,66,52809,70,306828
15584,0.000641,74.125.24.0-255,1484,54293,70,306828
15585,0.000643,172.31.40.0-255,66,54359,70,306828
15586,0.000673,74.125.24.0-255,4320,58679,70,306828
15587,0.000676,172.31.40.0-255,66,58745,70,306828
15588,0.000723,74.125.24.0-255,2902,61647,70,306828
15589,0.000726,172.31.40.0-255,66,61713,70,306828
15590,0.000745,74.125.24.0-255,3961,65674,70,306828
15591,0.000769,172.31.40.0-255,66,65740,70,306828
15592,0.000785,74.125.24.0-255,5738,71478,70,306828
15593,0.000798,74.125.24.0-255,1484,72962,70,306828
15594,0.000814,74.125.24.0-255,4320,77282,70,306828
15595,0.000816,172.31.40.0-255,66,77348,70,306828
15596,0.000821,172.31.40.0-255,66,77414,70,306828
15597,0.000858,74.125.24.0-255,2902,80316,70,306828
15598,0.000866,74.125.24.0-255,8215,88531,70,306828
15599,0.000873,74.125.24.0-255,8574,97105,70,306828
15600,0.000903,74.125.24.0-255,2543,99648,70,306828
15601,0.001096,74.125.24.0-255,1484,101132,70,306828
15602,0.0011,74.125.24.0-255,1484,102616,70,306828
15603,0.001117,74.125.24.0-255,1484,104100,70,306828
15604,0.001122,74.125.24.0-255,2902,107002,70,306828
15605,0.001138,74.125.24.0-255,2902,109904,70,306828
15606,0.001162,74.125.24.0-255,6783,116687,70,306828
15607,0.001212,74.125.24.0-255,1484,118171,70,306828
15608,0.001216,74.125.24.0-255,2902,121073,70,306828
15609,0.001241,74.125.24.0-255,5738,126811,70,306828
15610,0.001263,74.125.24.0-255,9992,136803,70,306828
15611,0.00128,74.125.24.0-255,2902,139705,70,306828
15612,0.001288,74.125.24.0-255,8574,148279,70,306828
15613,0.001304,74.125.24.0-255,1484,149763,70,306828
15614,0.001307,74.125.24.0-255,766,150529,70,306828
15615,0.001819,74.125.24.0-255,1484,152013,70,306828
15616,0.001825,74.125.24.0-255,2902,154915,70,306828
15617,0.001847,74.125.24.0-255,5738,160653,70,306828
15618,0.001877,74.125.24.0-255,2902,163555,70,306828
15619,0.0019,74.125.24.0-255,9992,173547,70,306828
15620,0.001905,74.125.24.0-255,5738,179285,70,306828
15621,0.001955,74.125.24.0-255,5020,184305,70,306828
15622,0.002903,74.125.24.0-255,1484,185789,70,306828
15623,0.002922,74.125.24.0-255,2902,188691,70,306828
15624,0.00294,74.125.24.0-255,5738,194429,70,306828
15625,0.002952,74.125.24.0-255,4320,198749,70,306828
15626,0.002961,74.125.24.0-255,1484,200233,70,306828
15627,0.002977,74.125.24.0-255,4320,204553,70,306828
15628,0.002996,74.125.24.0-255,5738,210291,70,306828
15629,0.003017,74.125.24.0-255,5738,216029,70,306828
15630,0.003021,74.125.24.0-255,2184,218213,70,306828
15631,0.003176,74.125.24.0-255,1484,219697,70,306828
15632,0.003192,74.125.24.0-255,2902,222599,70,306828
15633,0.003256,74.125.24.0-255,4320,226919,70,306828
15634,0.003258,74.125.24.0-255,1484,228403,70,306828
15635,0.00326,74.125.24.0-255,1484,229887,70,306828
15636,0.003269,74.125.24.0-255,9992,239879,70,306828
15637,0.003274,74.125.24.0-255,4320,244199,70,306828
15638,0.003293,74.125.24.0-255,9274,253473,70,306828
15639,0.003299,74.125.24.0-255,1484,254957,70,306828
15640,0.003304,74.125.24.0-255,4320,259277,70,306828
15641,0.003371,74.125.24.0-255,1484,260761,70,306828
15642,0.003375,74.125.24.0-255,2902,263663,70,306828
15643,0.003417,74.125.24.0-255,9992,273655,70,306828
15644,0.003435,74.125.24.0-255,1484,275139,70,306828
15645,0.00344,74.125.24.0-255,4320,279459,70,306828
15646,0.003456,74.125.24.0-255,2184,281643,70,306828
15647,0.003465,74.125.24.0-255,1484,283127,70,306828
15648,0.003504,74.125.24.0-255,7156,290283,70,306828
15649,0.00352,74.125.24.0-255,2184,292467,70,306828
15650,0.003546,74.125.24.0-255,4320,296787,70,306828
15651,0.003607,74.125.24.0-255,7156,303943,70,306828
15652,0.003626,74.125.24.0-255,2220,306163,70,306828
15653,0.003628,74.125.24.0-255,105,306268,70,306828
15654,0.009877,172.31.40.0-255,78,306346,70,306828
15655,0.009887,172.31.40.0-255,78,306424,70,306828
15656,0.00999,172.31.40.0-255,66,306490,70,306828
15657,0.011818,172.31.40.0-255,101,306591,70,306828
15658,0.012969,172.31.40.0-255,105,306696,70,306828
15659,0.014413,74.125.24.0-255,66,306762,70,306828
15660,0.01552,74.125.24.0-255,66,306828,70,306828
15661,0.0,172.217.194.0-255,220,220,70,305340
15662,2e-05,172.31.40.0-255,66,286,70,305340
15663,2.6e-05,172.217.194.0-255,1484,1770,70,305340
15664,3.1e-05,172.31.40.0-255,66,1836,70,305340
15665,3.8e-05,172.217.194.0-255,4320,6156,70,305340
15666,4.1e-05,172.31.40.0-255,66,6222,70,305340
15667,4.7e-05,172.217.194.0-255,5738,11960,70,305340
15668,5e-05,172.31.40.0-255,66,12026,70,305340
15669,5.4e-05,172.217.194.0-255,2902,14928,70,305340
15670,5.8e-05,172.31.40.0-255,66,14994,70,305340
15671,8.1e-05,172.217.194.0-255,3205,18199,70,305340
15672,8.4e-05,172.31.40.0-255,66,18265,70,305340
15673,0.000104,172.217.194.0-255,5738,24003,70,305340
15674,0.000107,172.31.40.0-255,66,24069,70,305340
15675,0.000135,172.217.194.0-255,6797,30866,70,305340
15676,0.000137,172.31.40.0-255,66,30932,70,305340
15677,0.000154,172.217.194.0-255,1484,32416,70,305340
15678,0.000157,172.31.40.0-255,66,32482,70,305340
15679,0.000161,172.217.194.0-255,2902,35384,70,305340
15680,0.000163,172.31.40.0-255,66,35450,70,305340
15681,0.000192,172.217.194.0-255,5738,41188,70,305340
15682,0.000195,172.31.40.0-255,66,41254,70,305340
15683,0.000233,172.217.194.0-255,6797,48051,70,305340
15684,0.000236,172.31.40.0-255,66,48117,70,305340
15685,0.000242,172.217.194.0-255,7156,55273,70,305340
15686,0.000245,172.31.40.0-255,66,55339,70,305340
15687,0.000249,172.217.194.0-255,2902,58241,70,305340
15688,0.000251,172.31.40.0-255,66,58307,70,305340
15689,0.000298,172.217.194.0-255,6797,65104,70,305340
15690,0.000301,172.31.40.0-255,66,65170,70,305340
15691,0.000615,172.217.194.0-255,379,65549,70,305340
15692,0.000621,172.31.40.0-255,66,65615,70,305340
15693,0.000779,172.217.194.0-255,1484,67099,70,305340
15694,0.000795,172.217.194.0-255,2902,70001,70,305340
15695,0.000798,172.31.40.0-255,66,70067,70,305340
15696,0.000805,172.217.194.0-255,5738,75805,70,305340
15697,0.000807,172.31.40.0-255,66,75871,70,305340
15698,0.000836,172.217.194.0-255,8574,84445,70,305340
15699,0.000838,172.31.40.0-255,66,84511,70,305340
15700,0.000863,172.217.194.0-255,4320,88831,70,305340
15701,0.000866,172.31.40.0-255,66,88897,70,305340
15702,0.000879,172.31.40.0-255,66,88963,70,305340
15703,0.001078,172.217.194.0-255,1484,90447,70,305340
15704,0.001085,172.217.194.0-255,2902,93349,70,305340
15705,0.001088,172.31.40.0-255,66,93415,70,305340
15706,0.001094,172.217.194.0-255,4320,97735,70,305340
15707,0.001096,172.31.40.0-255,66,97801,70,305340
15708,0.001111,172.217.194.0-255,1484,99285,70,305340
15709,0.001124,172.217.194.0-255,4320,103605,70,305340
15710,0.001126,172.31.40.0-255,66,103671,70,305340
15711,0.001152,172.217.194.0-255,8574,112245,70,305340
15712,0.001154,172.31.40.0-255,66,112311,70,305340
15713,0.001163,172.217.194.0-255,7156,119467,70,305340
15714,0.001165,172.31.40.0-255,66,119533,70,305340
15715,0.001181,172.217.194.0-255,3602,123135,70,305340
15716,0.001183,172.31.40.0-255,66,123201,70,305340
15717,0.001357,172.217.194.0-255,1484,124685,70,305340
15718,0.001362,172.217.194.0-255,2902,127587,70,305340
15719,0.001365,172.31.40.0-255,66,127653,70,305340
15720,0.001371,172.217.194.0-255,4320,131973,70,305340
15721,0.001373,172.31.40.0-255,66,132039,70,305340
15722,0.001387,172.217.194.0-255,1484,133523,70,305340
15723,0.001399,172.217.194.0-255,1484,135007,70,305340
15724,0.001401,172.31.40.0-255,66,135073,70,305340
15725,0.001425,172.31.40.0-255,66,135139,70,305340
15726,0.001458,172.217.194.0-255,7156,142295,70,305340
15727,0.001461,172.31.40.0-255,66,142361,70,305340
15728,0.001482,172.217.194.0-255,3602,145963,70,305340
15729,0.001484,172.31.40.0-255,66,146029,70,305340
15730,0.001498,172.31.40.0-255,66,146095,70,305340
15731,0.001529,172.31.40.0-255,66,146161,70,305340
15732,0.001544,172.217.194.0-255,1484,147645,70,305340
15733,0.001561,172.217.194.0-255,2902,150547,70,305340
15734,0.001564,172.31.40.0-255,66,150613,70,305340
15735,0.00161,172.31.40.0-255,66,150679,70,305340
15736,0.00162,172.217.194.0-255,10692,161371,70,305340
15737,0.001622,172.31.40.0-255,66,161437,70,305340
15738,0.001734,172.217.194.0-255,1484,162921,70,305340
15739,0.00174,172.217.194.0-255,2902,165823,70,305340
15740,0.001743,172.31.40.0-255,66,165889,70,305340
15741,0.00175,172.217.194.0-255,5738,171627,70,305340
15742,0.001752,172.31.40.0-255,66,171693,70,305340
15743,0.001802,172.31.40.0-255,66,171759,70,305340
15744,0.001809,172.217.194.0-255,7156,178915,70,305340
15745,0.001812,172.31.40.0-255,66,178981,70,305340
15746,0.001839,172.217.194.0-255,3602,182583,70,305340
15747,0.001843,172.31.40.0-255,66,182649,70,305340
15748,0.002015,172.217.194.0-255,1484,184133,70,305340
15749,0.00202,172.217.194.0-255,2902,187035,70,305340
15750,0.002023,172.31.40.0-255,66,187101,70,305340
15751,0.002051,172.217.194.0-255,5738,192839,70,305340
15752,0.002054,172.31.40.0-255,66,192905,70,305340
15753,0.002069,172.217.194.0-255,5738,198643,70,305340
15754,0.002072,172.31.40.0-255,66,198709,70,305340
15755,0.002094,172.217.194.0-255,7156,205865,70,305340
15756,0.002096,172.31.40.0-255,66,205931,70,305340
15757,0.002106,172.217.194.0-255,10692,216623,70,305340
15758,0.002109,172.31.40.0-255,66,216689,70,305340
15759,0.002168,172.217.194.0-255,1484,218173,70,305340
15760,0.002189,172.217.194.0-255,2902,221075,70,305340
15761,0.002192,172.31.40.0-255,66,221141,70,305340
15762,0.002198,172.217.194.0-255,5738,226879,70,305340
15763,0.002201,172.31.40.0-255,66,226945,70,305340
15764,0.002239,172.31.40.0-255,66,227011,70,305340
15765,0.002247,172.217.194.0-255,8574,235585,70,305340
15766,0.00225,172.31.40.0-255,66,235651,70,305340
15767,0.002289,172.217.194.0-255,2184,237835,70,305340
15768,0.002292,172.31.40.0-255,66,237901,70,305340
15769,0.002298,172.217.194.0-255,2902,240803,70,305340
15770,0.002299,172.31.40.0-255,66,240869,70,305340
15771,0.002319,172.217.194.0-255,7156,248025,70,305340
15772,0.002322,172.31.40.0-255,66,248091,70,305340
15773,0.002345,172.217.194.0-255,5738,253829,70,305340
15774,0.002348,172.31.40.0-255,66,253895,70,305340
15775,0.002374,172.217.194.0-255,8574,262469,70,305340
15776,0.002377,172.31.40.0-255,66,262535,70,305340
15777,0.004681,172.217.194.0-255,5738,268273,70,305340
15778,0.004687,172.31.40.0-255,66,268339,70,305340
15779,0.006991,172.217.194.0-255,5738,274077,70,305340
15780,0.006999,172.31.40.0-255,66,274143,70,305340
15781,0.00933,172.217.194.0-255,5738,279881,70,305340
15782,0.009338,172.31.40.0-255,66,279947,70,305340
15783,0.011657,172.217.194.0-255,5738,285685,70,305340
15784,0.011664,172.31.40.0-255,66,285751,70,305340
15785,0.013973,172.217.194.0-255,5738,291489,70,305340
15786,0.013981,172.31.40.0-255,66,291555,70,305340
15787,0.016293,172.217.194.0-255,5738,297293,70,305340
15788,0.016301,172.31.40.0-255,66,297359,70,305340
15789,0.018598,172.217.194.0-255,859,298218,70,305340
15790,0.018974,172.31.40.0-255,66,298284,70,305340
15791,0.019016,172.31.40.0-255,105,298389,70,305340
15792,0.021297,172.217.194.0-255,66,298455,70,305340
15793,0.044252,172.31.40.0-255,172,298627,70,305340
15794,0.044286,172.31.40.0-255,1117,299744,70,305340
15795,0.044371,172.31.40.0-255,1514,301258,70,305340
15796,0.044373,172.31.40.0-255,1514,302772,70,305340
15797,0.044378,172.31.40.0-255,1514,304286,70,305340
15798,0.044379,172.31.40.0-255,790,305076,70,305340
15799,0.045802,104.244.42.0-255,66,305142,70,305340
15800,0.045887,104.244.42.0-255,66,305208,70,305340
15801,0.045946,104.244.42.0-255,66,305274,70,305340
15802,0.045952,104.244.42.0-255,66,305340,70,305340
15803,0.0,172.217.194.0-255,152,152,70,343435
15804,2.2e-05,172.31.40.0-255,66,218,70,343435
15805,2.9e-05,172.217.194.0-255,1484,1702,70,343435
15806,3.4e-05,172.31.40.0-255,66,1768,70,343435
15807,4.7e-05,172.217.194.0-255,2902,4670,70,343435
15808,5e-05,172.31.40.0-255,66,4736,70,343435
15809,5.7e-05,172.217.194.0-255,7156,11892,70,343435
15810,6.1e-05,172.31.40.0-255,66,11958,70,343435
15811,8.6e-05,172.217.194.0-255,2099,14057,70,343435
15812,8.9e-05,172.31.40.0-255,66,14123,70,343435
15813,0.000224,172.217.194.0-255,1484,15607,70,343435
15814,0.000228,172.31.40.0-255,66,15673,70,343435
15815,0.000234,172.217.194.0-255,2902,18575,70,343435
15816,0.000237,172.31.40.0-255,66,18641,70,343435
15817,0.000244,172.217.194.0-255,1484,20125,70,343435
15818,0.000246,172.31.40.0-255,66,20191,70,343435
15819,0.000282,172.217.194.0-255,5738,25929,70,343435
15820,0.000285,172.31.40.0-255,66,25995,70,343435
15821,0.000315,172.217.194.0-255,5379,31374,70,343435
15822,0.000318,172.31.40.0-255,66,31440,70,343435
15823,0.000324,172.217.194.0-255,5738,37178,70,343435
15824,0.000326,172.31.40.0-255,66,37244,70,343435
15825,0.00035,172.217.194.0-255,4320,41564,70,343435
15826,0.000352,172.31.40.0-255,66,41630,70,343435
15827,0.000394,172.217.194.0-255,8574,50204,70,343435
15828,0.000396,172.31.40.0-255,66,50270,70,343435
15829,0.000411,172.31.40.0-255,66,50336,70,343435
15830,0.000414,172.217.194.0-255,2795,53131,70,343435
15831,0.000417,172.31.40.0-255,66,53197,70,343435
15832,0.000817,172.217.194.0-255,1484,54681,70,343435
15833,0.000822,172.31.40.0-255,66,54747,70,343435
15834,0.000828,172.217.194.0-255,2902,57649,70,343435
15835,0.00083,172.31.40.0-255,66,57715,70,343435
15836,0.000851,172.217.194.0-255,5738,63453,70,343435
15837,0.000857,172.31.40.0-255,66,63519,70,343435
15838,0.000863,172.217.194.0-255,4320,67839,70,343435
15839,0.000865,172.31.40.0-255,66,67905,70,343435
15840,0.000908,172.31.40.0-255,66,67971,70,343435
15841,0.000957,172.217.194.0-255,2902,70873,70,343435
15842,0.00096,172.31.40.0-255,66,70939,70,343435
15843,0.00099,172.217.194.0-255,1484,72423,70,343435
15844,0.00101,172.217.194.0-255,3602,76025,70,343435
15845,0.001013,172.31.40.0-255,66,76091,70,343435
15846,0.00106,172.217.194.0-255,1484,77575,70,343435
15847,0.001075,172.217.194.0-255,2902,80477,70,343435
15848,0.001078,172.31.40.0-255,66,80543,70,343435
15849,0.001106,172.217.194.0-255,5738,86281,70,343435
15850,0.001109,172.31.40.0-255,66,86347,70,343435
15851,0.001113,172.217.194.0-255,2902,89249,70,343435
15852,0.001115,172.31.40.0-255,66,89315,70,343435
15853,0.001148,172.217.194.0-255,8574,97889,70,343435
15854,0.001151,172.31.40.0-255,66,97955,70,343435
15855,0.001157,172.217.194.0-255,5738,103693,70,343435
15856,0.00116,172.31.40.0-255,66,103759,70,343435
15857,0.001191,172.217.194.0-255,6438,110197,70,343435
15858,0.001194,172.31.40.0-255,66,110263,70,343435
15859,0.001851,172.217.194.0-255,1484,111747,70,343435
15860,0.001856,172.217.194.0-255,1484,113231,70,343435
15861,0.00186,172.31.40.0-255,66,113297,70,343435
15862,0.001889,172.217.194.0-255,1484,114781,70,343435
15863,0.001894,172.217.194.0-255,2902,117683,70,343435
15864,0.001897,172.31.40.0-255,66,117749,70,343435
15865,0.001905,172.217.194.0-255,7156,124905,70,343435
15866,0.001907,172.31.40.0-255,66,124971,70,343435
15867,0.001942,172.217.194.0-255,9992,134963,70,343435
15868,0.001945,172.31.40.0-255,66,135029,70,343435
15869,0.001972,172.217.194.0-255,5738,140767,70,343435
15870,0.001974,172.31.40.0-255,66,140833,70,343435
15871,0.00198,172.217.194.0-255,3602,144435,70,343435
15872,0.001982,172.31.40.0-255,66,144501,70,343435
15873,0.002112,172.217.194.0-255,1484,145985,70,343435
15874,0.002119,172.217.194.0-255,2902,148887,70,343435
15875,0.002122,172.31.40.0-255,66,148953,70,343435
15876,0.002153,172.217.194.0-255,5738,154691,70,343435
15877,0.002156,172.31.40.0-255,66,154757,70,343435
15878,0.002161,172.217.194.0-255,2902,157659,70,343435
15879,0.002163,172.31.40.0-255,66,157725,70,343435
15880,0.002217,172.217.194.0-255,9992,167717,70,343435
15881,0.00222,172.31.40.0-255,66,167783,70,343435
15882,0.00223,172.217.194.0-255,9992,177775,70,343435
15883,0.002233,172.31.40.0-255,66,177841,70,343435
15884,0.002235,172.217.194.0-255,766,178607,70,343435
15885,0.002238,172.217.194.0-255,1484,180091,70,343435
15886,0.002241,172.31.40.0-255,66,180157,70,343435
15887,0.002246,172.217.194.0-255,4320,184477,70,343435
15888,0.002249,172.31.40.0-255,66,184543,70,343435
15889,0.002284,172.217.194.0-255,9992,194535,70,343435
15890,0.002287,172.31.40.0-255,66,194601,70,343435
15891,0.002291,172.217.194.0-255,2902,197503,70,343435
15892,0.002293,172.31.40.0-255,66,197569,70,343435
15893,0.002338,172.217.194.0-255,5738,203307,70,343435
15894,0.002341,172.31.40.0-255,66,203373,70,343435
15895,0.002375,172.217.194.0-255,7156,210529,70,343435
15896,0.002378,172.31.40.0-255,66,210595,70,343435
15897,0.002382,172.217.194.0-255,2184,212779,70,343435
15898,0.002384,172.31.40.0-255,66,212845,70,343435
15899,0.002574,172.217.194.0-255,1484,214329,70,343435
15900,0.00258,172.217.194.0-255,2902,217231,70,343435
15901,0.002583,172.31.40.0-255,66,217297,70,343435
15902,0.002614,172.217.194.0-255,5738,223035,70,343435
15903,0.002616,172.31.40.0-255,66,223101,70,343435
15904,0.00263,172.217.194.0-255,7156,230257,70,343435
15905,0.002632,172.31.40.0-255,66,230323,70,343435
15906,0.00267,172.217.194.0-255,5738,236061,70,343435
15907,0.002673,172.31.40.0-255,66,236127,70,343435
15908,0.002681,172.217.194.0-255,8574,244701,70,343435
15909,0.002683,172.31.40.0-255,66,244767,70,343435
15910,0.005316,172.217.194.0-255,5738,250505,70,343435
15911,0.005329,172.31.40.0-255,66,250571,70,343435
15912,0.007997,172.217.194.0-255,5738,256309,70,343435
15913,0.008013,172.31.40.0-255,66,256375,70,343435
15914,0.010628,172.217.194.0-255,5738,262113,70,343435
15915,0.010639,172.31.40.0-255,66,262179,70,343435
15916,0.013248,172.217.194.0-255,5738,267917,70,343435
15917,0.013256,172.31.40.0-255,66,267983,70,343435
15918,0.01587,172.217.194.0-255,5738,273721,70,343435
15919,0.015877,172.31.40.0-255,66,273787,70,343435
15920,0.018488,172.217.194.0-255,5738,279525,70,343435
15921,0.018508,172.31.40.0-255,66,279591,70,343435
15922,0.021133,172.217.194.0-255,5738,285329,70,343435
15923,0.021141,172.31.40.0-255,66,285395,70,343435
15924,0.02373,172.217.194.0-255,5738,291133,70,343435
15925,0.023739,172.31.40.0-255,66,291199,70,343435
15926,0.026349,172.217.194.0-255,5738,296937,70,343435
15927,0.026357,172.31.40.0-255,66,297003,70,343435
15928,0.029008,172.217.194.0-255,5738,302741,70,343435
15929,0.029022,172.31.40.0-255,66,302807,70,343435
15930,0.031632,172.217.194.0-255,5738,308545,70,343435
15931,0.031642,172.31.40.0-255,66,308611,70,343435
15932,0.034243,172.217.194.0-255,5738,314349,70,343435
15933,0.034251,172.31.40.0-255,66,314415,70,343435
15934,0.036861,172.217.194.0-255,5738,320153,70,343435
15935,0.036874,172.31.40.0-255,66,320219,70,343435
15936,0.039487,172.217.194.0-255,5738,325957,70,343435
15937,0.0395,172.31.40.0-255,66,326023,70,343435
15938,0.042125,172.217.194.0-255,5738,331761,70,343435
15939,0.042137,172.31.40.0-255,66,331827,70,343435
15940,0.044759,172.217.194.0-255,5738,337565,70,343435
15941,0.044768,172.31.40.0-255,66,337631,70,343435
15942,0.047403,172.217.194.0-255,5738,343369,70,343435
15943,0.04742,172.31.40.0-255,66,343435,70,343435
15944,0.0,74.125.200.0-255,153,153,70,354780
15945,2.3e-05,172.31.40.0-255,66,219,70,354780
15946,3.1e-05,74.125.200.0-255,1484,1703,70,354780
15947,3.6e-05,172.31.40.0-255,66,1769,70,354780
15948,4.9e-05,74.125.200.0-255,2902,4671,70,354780
15949,5.3e-05,172.31.40.0-255,66,4737,70,354780
15950,5.6e-05,74.125.200.0-255,1484,6221,70,354780
15951,5.9e-05,172.31.40.0-255,66,6287,70,354780
15952,6.4e-05,74.125.200.0-255,2902,9189,70,354780
15953,6.7e-05,172.31.40.0-255,66,9255,70,354780
15954,7e-05,74.125.200.0-255,1484,10739,70,354780
15955,7.2e-05,172.31.40.0-255,66,10805,70,354780
15956,0.000114,74.125.200.0-255,4936,15741,70,354780
15957,0.000118,172.31.40.0-255,66,15807,70,354780
15958,0.000121,74.125.200.0-255,1484,17291,70,354780
15959,0.000123,172.31.40.0-255,66,17357,70,354780
15960,0.000137,74.125.200.0-255,9992,27349,70,354780
15961,0.00014,172.31.40.0-255,66,27415,70,354780
15962,0.000142,74.125.200.0-255,1484,28899,70,354780
15963,0.000144,172.31.40.0-255,66,28965,70,354780
15964,0.000178,74.125.200.0-255,2543,31508,70,354780
15965,0.000181,172.31.40.0-255,66,31574,70,354780
15966,0.000225,74.125.200.0-255,1484,33058,70,354780
15967,0.000227,172.31.40.0-255,66,33124,70,354780
15968,0.000231,74.125.200.0-255,1484,34608,70,354780
15969,0.000233,172.31.40.0-255,66,34674,70,354780
15970,0.000254,74.125.200.0-255,1484,36158,70,354780
15971,0.000257,172.31.40.0-255,66,36224,70,354780
15972,0.00026,74.125.200.0-255,1484,37708,70,354780
15973,0.000266,172.31.40.0-255,66,37774,70,354780
15974,0.00027,74.125.200.0-255,2902,40676,70,354780
15975,0.000272,172.31.40.0-255,66,40742,70,354780
15976,0.000307,74.125.200.0-255,5738,46480,70,354780
15977,0.000311,172.31.40.0-255,66,46546,70,354780
15978,0.00032,74.125.200.0-255,9992,56538,70,354780
15979,0.000322,172.31.40.0-255,66,56604,70,354780
15980,0.000354,74.125.200.0-255,1484,58088,70,354780
15981,0.000377,74.125.200.0-255,7856,65944,70,354780
15982,0.00038,172.31.40.0-255,66,66010,70,354780
15983,0.000383,74.125.200.0-255,443,66453,70,354780
15984,0.000519,74.125.200.0-255,1484,67937,70,354780
15985,0.000523,172.31.40.0-255,66,68003,70,354780
15986,0.00053,74.125.200.0-255,2902,70905,70,354780
15987,0.000532,172.31.40.0-255,66,70971,70,354780
15988,0.000541,74.125.200.0-255,2902,73873,70,354780
15989,0.000544,172.31.40.0-255,66,73939,70,354780
15990,0.000572,74.125.200.0-255,4320,78259,70,354780
15991,0.000575,172.31.40.0-255,66,78325,70,354780
15992,0.000587,74.125.200.0-255,8574,86899,70,354780
15993,0.000589,172.31.40.0-255,66,86965,70,354780
15994,0.000645,74.125.200.0-255,8574,95539,70,354780
15995,0.000647,172.31.40.0-255,66,95605,70,354780
15996,0.000686,74.125.200.0-255,4320,99925,70,354780
15997,0.000688,172.31.40.0-255,66,99991,70,354780
15998,0.000709,74.125.200.0-255,766,100757,70,354780
15999,0.001014,74.125.200.0-255,331,101088,70,354780
16000,0.001207,74.125.200.0-255,1484,102572,70,354780
16001,0.001211,172.31.40.0-255,66,102638,70,354780
16002,0.001216,74.125.200.0-255,1484,104122,70,354780
16003,0.001243,74.125.200.0-255,1484,105606,70,354780
16004,0.001245,172.31.40.0-255,66,105672,70,354780
16005,0.001252,74.125.200.0-255,5738,111410,70,354780
16006,0.001254,172.31.40.0-255,66,111476,70,354780
16007,0.001264,74.125.200.0-255,4320,115796,70,354780
16008,0.001266,172.31.40.0-255,66,115862,70,354780
16009,0.001306,74.125.200.0-255,2902,118764,70,354780
16010,0.001309,172.31.40.0-255,66,118830,70,354780
16011,0.001317,74.125.200.0-255,8574,127404,70,354780
16012,0.001319,172.31.40.0-255,66,127470,70,354780
16013,0.001325,74.125.200.0-255,4320,131790,70,354780
16014,0.001327,172.31.40.0-255,66,131856,70,354780
16015,0.001355,74.125.200.0-255,3602,135458,70,354780
16016,0.001358,172.31.40.0-255,66,135524,70,354780
16017,0.001545,74.125.200.0-255,1484,137008,70,354780
16018,0.001561,74.125.200.0-255,2902,139910,70,354780
16019,0.001564,172.31.40.0-255,66,139976,70,354780
16020,0.00158,74.125.200.0-255,4320,144296,70,354780
16021,0.001586,172.31.40.0-255,66,144362,70,354780
16022,0.001611,74.125.200.0-255,1484,145846,70,354780
16023,0.001617,74.125.200.0-255,4320,150166,70,354780
16024,0.001619,172.31.40.0-255,66,150232,70,354780
16025,0.00164,74.125.200.0-255,5738,155970,70,354780
16026,0.001642,172.31.40.0-255,66,156036,70,354780
16027,0.001674,74.125.200.0-255,1484,157520,70,354780
16028,0.001694,74.125.200.0-255,4320,161840,70,354780
16029,0.001698,172.31.40.0-255,66,161906,70,354780
16030,0.001709,74.125.200.0-255,5738,167644,70,354780
16031,0.001712,74.125.200.0-255,2184,169828,70,354780
16032,0.001721,172.31.40.0-255,66,169894,70,354780
16033,0.001728,172.31.40.0-255,66,169960,70,354780
16034,0.001885,74.125.200.0-255,1484,171444,70,354780
16035,0.001906,74.125.200.0-255,1484,172928,70,354780
16036,0.00191,172.31.40.0-255,66,172994,70,354780
16037,0.001937,74.125.200.0-255,1484,174478,70,354780
16038,0.001944,74.125.200.0-255,5738,180216,70,354780
16039,0.001947,172.31.40.0-255,66,180282,70,354780
16040,0.001951,74.125.200.0-255,2902,183184,70,354780
16041,0.001953,172.31.40.0-255,66,183250,70,354780
16042,0.001958,74.125.200.0-255,4320,187570,70,354780
16043,0.001959,172.31.40.0-255,66,187636,70,354780
16044,0.001972,74.125.200.0-255,8574,196210,70,354780
16045,0.001975,172.31.40.0-255,66,196276,70,354780
16046,0.00198,74.125.200.0-255,4320,200596,70,354780
16047,0.001982,172.31.40.0-255,66,200662,70,354780
16048,0.002045,74.125.200.0-255,3602,204264,70,354780
16049,0.002047,172.31.40.0-255,66,204330,70,354780
16050,0.002153,74.125.200.0-255,1484,205814,70,354780
16051,0.002159,74.125.200.0-255,2902,208716,70,354780
16052,0.002162,172.31.40.0-255,66,208782,70,354780
16053,0.002167,74.125.200.0-255,2902,211684,70,354780
16054,0.002169,172.31.40.0-255,66,211750,70,354780
16055,0.002191,74.125.200.0-255,2902,214652,70,354780
16056,0.002194,172.31.40.0-255,66,214718,70,354780
16057,0.002206,74.125.200.0-255,7156,221874,70,354780
16058,0.002208,172.31.40.0-255,66,221940,70,354780
16059,0.002236,74.125.200.0-255,1484,223424,70,354780
16060,0.002255,74.125.200.0-255,2902,226326,70,354780
16061,0.002258,172.31.40.0-255,66,226392,70,354780
16062,0.002286,74.125.200.0-255,5738,232130,70,354780
16063,0.002289,172.31.40.0-255,66,232196,70,354780
16064,0.002297,74.125.200.0-255,6438,238634,70,354780
16065,0.002299,172.31.40.0-255,66,238700,70,354780
16066,0.004631,74.125.200.0-255,5738,244438,70,354780
16067,0.004639,172.31.40.0-255,66,244504,70,354780
16068,0.006938,74.125.200.0-255,5738,250242,70,354780
16069,0.006946,172.31.40.0-255,66,250308,70,354780
16070,0.009247,74.125.200.0-255,5738,256046,70,354780
16071,0.009254,172.31.40.0-255,66,256112,70,354780
16072,0.011556,74.125.200.0-255,5738,261850,70,354780
16073,0.011574,172.31.40.0-255,66,261916,70,354780
16074,0.01388,74.125.200.0-255,5738,267654,70,354780
16075,0.013895,172.31.40.0-255,66,267720,70,354780
16076,0.016238,74.125.200.0-255,5738,273458,70,354780
16077,0.016253,172.31.40.0-255,66,273524,70,354780
16078,0.018553,74.125.200.0-255,5738,279262,70,354780
16079,0.01856,172.31.40.0-255,66,279328,70,354780
16080,0.020871,74.125.200.0-255,5738,285066,70,354780
16081,0.020881,172.31.40.0-255,66,285132,70,354780
16082,0.02318,74.125.200.0-255,5738,290870,70,354780
16083,0.023189,172.31.40.0-255,66,290936,70,354780
16084,0.025482,74.125.200.0-255,5738,296674,70,354780
16085,0.025491,172.31.40.0-255,66,296740,70,354780
16086,0.02779,74.125.200.0-255,5738,302478,70,354780
16087,0.027802,172.31.40.0-255,66,302544,70,354780
16088,0.030114,74.125.200.0-255,5738,308282,70,354780
16089,0.030122,172.31.40.0-255,66,308348,70,354780
16090,0.032433,74.125.200.0-255,5738,314086,70,354780
16091,0.032448,172.31.40.0-255,66,314152,70,354780
16092,0.034758,74.125.200.0-255,5738,319890,70,354780
16093,0.034767,172.31.40.0-255,66,319956,70,354780
16094,0.037094,74.125.200.0-255,5738,325694,70,354780
16095,0.037114,172.31.40.0-255,66,325760,70,354780
16096,0.039413,74.125.200.0-255,5738,331498,70,354780
16097,0.039431,172.31.40.0-255,66,331564,70,354780
16098,0.041728,74.125.200.0-255,5738,337302,70,354780
16099,0.041736,172.31.40.0-255,66,337368,70,354780
16100,0.044035,74.125.200.0-255,5738,343106,70,354780
16101,0.044043,172.31.40.0-255,66,343172,70,354780
16102,0.046348,74.125.200.0-255,5738,348910,70,354780
16103,0.046362,172.31.40.0-255,66,348976,70,354780
16104,0.048679,74.125.200.0-255,5738,354714,70,354780
16105,0.048687,172.31.40.0-255,66,354780,70,354780
16106,0.0,172.217.160.0-255,152,152,70,353451
16107,2.2e-05,172.31.40.0-255,66,218,70,353451
16108,3e-05,172.217.160.0-255,1484,1702,70,353451
16109,3.4e-05,172.31.40.0-255,66,1768,70,353451
16110,3.9e-05,172.217.160.0-255,2902,4670,70,353451
16111,4.3e-05,172.31.40.0-255,66,4736,70,353451
16112,5e-05,172.217.160.0-255,7156,11892,70,353451
16113,5.3e-05,172.31.40.0-255,66,11958,70,353451
16114,5.8e-05,172.217.160.0-255,2017,13975,70,353451
16115,6e-05,172.31.40.0-255,66,14041,70,353451
16116,8.1e-05,172.217.160.0-255,2902,16943,70,353451
16117,8.4e-05,172.31.40.0-255,66,17009,70,353451
16118,9.1e-05,172.217.160.0-255,7156,24165,70,353451
16119,9.3e-05,172.31.40.0-255,66,24231,70,353451
16120,9.9e-05,172.217.160.0-255,5738,29969,70,353451
16121,0.000101,172.31.40.0-255,66,30035,70,353451
16122,0.000119,172.217.160.0-255,1125,31160,70,353451
16123,0.00012,172.31.40.0-255,66,31226,70,353451
16124,0.0002,172.217.160.0-255,1484,32710,70,353451
16125,0.000203,172.31.40.0-255,66,32776,70,353451
16126,0.000207,172.217.160.0-255,1484,34260,70,353451
16127,0.000208,172.31.40.0-255,66,34326,70,353451
16128,0.000225,172.217.160.0-255,1484,35810,70,353451
16129,0.000227,172.31.40.0-255,66,35876,70,353451
16130,0.000233,172.217.160.0-255,5738,41614,70,353451
16131,0.000235,172.31.40.0-255,66,41680,70,353451
16132,0.000257,172.217.160.0-255,5738,47418,70,353451
16133,0.000259,172.31.40.0-255,66,47484,70,353451
16134,0.000274,172.217.160.0-255,1125,48609,70,353451
16135,0.000275,172.31.40.0-255,66,48675,70,353451
16136,0.000278,172.217.160.0-255,1484,50159,70,353451
16137,0.00028,172.31.40.0-255,66,50225,70,353451
16138,0.000303,172.217.160.0-255,5738,55963,70,353451
16139,0.000307,172.217.160.0-255,1484,57447,70,353451
16140,0.000343,172.217.160.0-255,8215,65662,70,353451
16141,0.000345,172.217.160.0-255,339,66001,70,353451
16142,0.000449,172.31.40.0-255,66,66067,70,353451
16143,0.000601,172.217.160.0-255,119,66186,70,353451
16144,0.000765,172.217.160.0-255,1484,67670,70,353451
16145,0.000769,172.31.40.0-255,66,67736,70,353451
16146,0.000775,172.217.160.0-255,2902,70638,70,353451
16147,0.000779,172.217.160.0-255,2902,73540,70,353451
16148,0.000795,172.217.160.0-255,2902,76442,70,353451
16149,0.000799,172.31.40.0-255,66,76508,70,353451
16150,0.000811,172.217.160.0-255,7156,83664,70,353451
16151,0.000816,172.31.40.0-255,66,83730,70,353451
16152,0.000828,172.217.160.0-255,6797,90527,70,353451
16153,0.000857,172.217.160.0-255,4320,94847,70,353451
16154,0.000863,172.31.40.0-255,66,94913,70,353451
16155,0.000873,172.217.160.0-255,5694,100607,70,353451
16156,0.000878,172.31.40.0-255,66,100673,70,353451
16157,0.000954,172.217.160.0-255,1484,102157,70,353451
16158,0.000971,172.217.160.0-255,2902,105059,70,353451
16159,0.000975,172.217.160.0-255,2902,107961,70,353451
16160,0.000979,172.31.40.0-255,66,108027,70,353451
16161,0.000985,172.31.40.0-255,66,108093,70,353451
16162,0.000995,172.217.160.0-255,2902,110995,70,353451
16163,0.001005,172.217.160.0-255,9992,120987,70,353451
16164,0.001023,172.31.40.0-255,66,121053,70,353451
16165,0.001028,172.217.160.0-255,2902,123955,70,353451
16166,0.001037,172.217.160.0-255,9992,133947,70,353451
16167,0.001047,172.31.40.0-255,66,134013,70,353451
16168,0.00105,172.217.160.0-255,766,134779,70,353451
16169,0.001177,172.217.160.0-255,1484,136263,70,353451
16170,0.001183,172.217.160.0-255,2902,139165,70,353451
16171,0.001188,172.217.160.0-255,4320,143485,70,353451
16172,0.001195,172.31.40.0-255,66,143551,70,353451
16173,0.001208,172.217.160.0-255,1484,145035,70,353451
16174,0.001218,172.217.160.0-255,8574,153609,70,353451
16175,0.001233,172.217.160.0-255,4320,157929,70,353451
16176,0.001236,172.217.160.0-255,1484,159413,70,353451
16177,0.001251,172.31.40.0-255,66,159479,70,353451
16178,0.001272,172.217.160.0-255,5738,165217,70,353451
16179,0.001286,172.217.160.0-255,3602,168819,70,353451
16180,0.001291,172.31.40.0-255,66,168885,70,353451
16181,0.001295,172.31.40.0-255,66,168951,70,353451
16182,0.001558,172.217.160.0-255,1484,170435,70,353451
16183,0.001564,172.217.160.0-255,2902,173337,70,353451
16184,0.001567,172.31.40.0-255,66,173403,70,353451
16185,0.001575,172.217.160.0-255,5738,179141,70,353451
16186,0.00159,172.217.160.0-255,4320,183461,70,353451
16187,0.001594,172.31.40.0-255,66,183527,70,353451
16188,0.001617,172.217.160.0-255,8574,192101,70,353451
16189,0.001631,172.31.40.0-255,66,192167,70,353451
16190,0.001655,172.217.160.0-255,10692,202859,70,353451
16191,0.001678,172.31.40.0-255,66,202925,70,353451
16192,0.003322,172.217.160.0-255,5738,208663,70,353451
16193,0.003328,172.31.40.0-255,66,208729,70,353451
16194,0.00496,172.217.160.0-255,5738,214467,70,353451
16195,0.007694,172.31.40.0-255,66,214533,70,353451
16196,0.009343,172.217.160.0-255,5738,220271,70,353451
16197,0.009349,172.31.40.0-255,66,220337,70,353451
16198,0.010993,172.217.160.0-255,5738,226075,70,353451
16199,0.013659,172.31.40.0-255,66,226141,70,353451
16200,0.015343,172.217.160.0-255,5738,231879,70,353451
16201,0.015352,172.31.40.0-255,66,231945,70,353451
16202,0.017017,172.217.160.0-255,5738,237683,70,353451
16203,0.017023,172.31.40.0-255,66,237749,70,353451
16204,0.018665,172.217.160.0-255,5738,243487,70,353451
16205,0.018671,172.31.40.0-255,66,243553,70,353451
16206,0.020355,172.217.160.0-255,5738,249291,70,353451
16207,0.020362,172.31.40.0-255,66,249357,70,353451
16208,0.022015,172.217.160.0-255,5738,255095,70,353451
16209,0.022021,172.31.40.0-255,66,255161,70,353451
16210,0.023669,172.217.160.0-255,5738,260899,70,353451
16211,0.023845,172.31.40.0-255,66,260965,70,353451
16212,0.025514,172.217.160.0-255,5738,266703,70,353451
16213,0.025521,172.31.40.0-255,66,266769,70,353451
16214,0.027177,172.217.160.0-255,5738,272507,70,353451
16215,0.027185,172.31.40.0-255,66,272573,70,353451
16216,0.028832,172.217.160.0-255,5738,278311,70,353451
16217,0.028839,172.31.40.0-255,66,278377,70,353451
16218,0.030498,172.217.160.0-255,5738,284115,70,353451
16219,0.030506,172.31.40.0-255,66,284181,70,353451
16220,0.032154,172.217.160.0-255,5738,289919,70,353451
16221,0.032162,172.31.40.0-255,66,289985,70,353451
16222,0.033805,172.217.160.0-255,5738,295723,70,353451
16223,0.033811,172.31.40.0-255,66,295789,70,353451
16224,0.033889,172.31.40.0-255,172,295961,70,353451
16225,0.033914,172.31.40.0-255,1118,297079,70,353451
16226,0.034027,172.31.40.0-255,1514,298593,70,353451
16227,0.03403,172.31.40.0-255,1514,300107,70,353451
16228,0.034056,172.31.40.0-255,844,300951,70,353451
16229,0.035457,104.244.42.0-255,66,301017,70,353451
16230,0.03549,172.217.160.0-255,5738,306755,70,353451
16231,0.035495,172.31.40.0-255,66,306821,70,353451
16232,0.035515,104.244.42.0-255,66,306887,70,353451
16233,0.035616,104.244.42.0-255,66,306953,70,353451
16234,0.035622,104.244.42.0-255,66,307019,70,353451
16235,0.03716,172.217.160.0-255,5738,312757,70,353451
16236,0.037165,172.31.40.0-255,66,312823,70,353451
16237,0.038834,172.217.160.0-255,5738,318561,70,353451
16238,0.038841,172.31.40.0-255,66,318627,70,353451
16239,0.040497,172.217.160.0-255,5738,324365,70,353451
16240,0.040503,172.31.40.0-255,66,324431,70,353451
16241,0.04215,172.217.160.0-255,5738,330169,70,353451
16242,0.042157,172.31.40.0-255,66,330235,70,353451
16243,0.043803,172.217.160.0-255,5738,335973,70,353451
16244,0.043809,172.31.40.0-255,66,336039,70,353451
16245,0.045465,172.217.160.0-255,5738,341777,70,353451
16246,0.045471,172.31.40.0-255,66,341843,70,353451
16247,0.047139,172.217.160.0-255,5738,347581,70,353451
16248,0.047144,172.31.40.0-255,66,347647,70,353451
16249,0.048798,172.217.160.0-255,5738,353385,70,353451
16250,0.048804,172.31.40.0-255,66,353451,70,353451
16251,0.0,172.217.194.0-255,143,143,70,263337
16252,3.2e-05,172.31.40.0-255,66,209,70,263337
16253,3.8e-05,172.217.194.0-255,1484,1693,70,263337
16254,4.2e-05,172.31.40.0-255,66,1759,70,263337
16255,4.7e-05,172.217.194.0-255,2902,4661,70,263337
16256,5.7e-05,172.31.40.0-255,66,4727,70,263337
16257,6.4e-05,172.217.194.0-255,5738,10465,70,263337
16258,6.8e-05,172.31.40.0-255,66,10531,70,263337
16259,9.8e-05,172.217.194.0-255,7811,18342,70,263337
16260,0.000101,172.31.40.0-255,66,18408,70,263337
16261,0.000133,172.217.194.0-255,8574,26982,70,263337
16262,0.000137,172.31.40.0-255,66,27048,70,263337
16263,0.000142,172.217.194.0-255,2902,29950,70,263337
16264,0.000144,172.31.40.0-255,66,30016,70,263337
16265,0.000168,172.217.194.0-255,1125,31141,70,263337
16266,0.000173,172.31.40.0-255,66,31207,70,263337
16267,0.000275,172.217.194.0-255,1484,32691,70,263337
16268,0.000278,172.31.40.0-255,66,32757,70,263337
16269,0.000309,172.217.194.0-255,2902,35659,70,263337
16270,0.000313,172.31.40.0-255,66,35725,70,263337
16271,0.00032,172.217.194.0-255,4320,40045,70,263337
16272,0.000322,172.31.40.0-255,66,40111,70,263337
16273,0.000351,172.217.194.0-255,1484,41595,70,263337
16274,0.000354,172.31.40.0-255,66,41661,70,263337
16275,0.000362,172.217.194.0-255,6797,48458,70,263337
16276,0.000364,172.31.40.0-255,66,48524,70,263337
16277,0.000388,172.217.194.0-255,4320,52844,70,263337
16278,0.000392,172.31.40.0-255,66,52910,70,263337
16279,0.000422,172.217.194.0-255,9992,62902,70,263337
16280,0.000426,172.31.40.0-255,66,62968,70,263337
16281,0.000439,172.217.194.0-255,3133,66101,70,263337
16282,0.000442,172.31.40.0-255,66,66167,70,263337
16283,0.000602,172.217.194.0-255,1484,67651,70,263337
16284,0.000616,172.217.194.0-255,2902,70553,70,263337
16285,0.000619,172.31.40.0-255,66,70619,70,263337
16286,0.000626,172.217.194.0-255,5738,76357,70,263337
16287,0.000628,172.31.40.0-255,66,76423,70,263337
16288,0.000673,172.31.40.0-255,66,76489,70,263337
16289,0.000706,172.217.194.0-255,1484,77973,70,263337
16290,0.000717,172.217.194.0-255,10692,88665,70,263337
16291,0.00072,172.31.40.0-255,66,88731,70,263337
16292,0.000811,172.217.194.0-255,1484,90215,70,263337
16293,0.000815,172.217.194.0-255,1484,91699,70,263337
16294,0.000817,172.31.40.0-255,66,91765,70,263337
16295,0.00083,172.217.194.0-255,1484,93249,70,263337
16296,0.000841,172.217.194.0-255,5738,98987,70,263337
16297,0.000843,172.31.40.0-255,66,99053,70,263337
16298,0.000846,172.217.194.0-255,1484,100537,70,263337
16299,0.000872,172.31.40.0-255,66,100603,70,263337
16300,0.000875,172.217.194.0-255,1484,102087,70,263337
16301,0.00091,172.217.194.0-255,9274,111361,70,263337
16302,0.000914,172.31.40.0-255,66,111427,70,263337
16303,0.001428,172.217.194.0-255,1484,112911,70,263337
16304,0.001438,172.217.194.0-255,2902,115813,70,263337
16305,0.001442,172.31.40.0-255,66,115879,70,263337
16306,0.001447,172.217.194.0-255,2902,118781,70,263337
16307,0.001449,172.31.40.0-255,66,118847,70,263337
16308,0.001482,172.217.194.0-255,2902,121749,70,263337
16309,0.001486,172.31.40.0-255,66,121815,70,263337
16310,0.001493,172.217.194.0-255,7156,128971,70,263337
16311,0.001495,172.31.40.0-255,66,129037,70,263337
16312,0.001541,172.217.194.0-255,8574,137611,70,263337
16313,0.001545,172.31.40.0-255,66,137677,70,263337
16314,0.001585,172.217.194.0-255,7156,144833,70,263337
16315,0.001589,172.31.40.0-255,66,144899,70,263337
16316,0.001613,172.217.194.0-255,766,145665,70,263337
16317,0.001797,172.217.194.0-255,1484,147149,70,263337
16318,0.001802,172.31.40.0-255,66,147215,70,263337
16319,0.001808,172.217.194.0-255,2902,150117,70,263337
16320,0.00181,172.31.40.0-255,66,150183,70,263337
16321,0.001852,172.217.194.0-255,4320,154503,70,263337
16322,0.001855,172.31.40.0-255,66,154569,70,263337
16323,0.001895,172.217.194.0-255,1484,156053,70,263337
16324,0.001911,172.31.40.0-255,66,156119,70,263337
16325,0.001918,172.217.194.0-255,8574,164693,70,263337
16326,0.001921,172.31.40.0-255,66,164759,70,263337
16327,0.001925,172.217.194.0-255,2184,166943,70,263337
16328,0.001928,172.31.40.0-255,66,167009,70,263337
16329,0.002002,172.217.194.0-255,1484,168493,70,263337
16330,0.00202,172.217.194.0-255,2902,171395,70,263337
16331,0.002029,172.31.40.0-255,66,171461,70,263337
16332,0.002034,172.217.194.0-255,2902,174363,70,263337
16333,0.002036,172.31.40.0-255,66,174429,70,263337
16334,0.002061,172.217.194.0-255,2902,177331,70,263337
16335,0.002063,172.31.40.0-255,66,177397,70,263337
16336,0.002076,172.31.40.0-255,66,177463,70,263337
16337,0.002083,172.217.194.0-255,7156,184619,70,263337
16338,0.002086,172.31.40.0-255,66,184685,70,263337
16339,0.002126,172.217.194.0-255,7156,191841,70,263337
16340,0.00213,172.31.40.0-255,66,191907,70,263337
16341,0.002148,172.217.194.0-255,2184,194091,70,263337
16342,0.00215,172.31.40.0-255,66,194157,70,263337
16343,0.002159,172.217.194.0-255,9992,204149,70,263337
16344,0.002161,172.31.40.0-255,66,204215,70,263337
16345,0.0022,172.31.40.0-255,66,204281,70,263337
16346,0.002231,172.31.40.0-255,66,204347,70,263337
16347,0.002254,172.217.194.0-255,3602,207949,70,263337
16348,0.002256,172.31.40.0-255,66,208015,70,263337
16349,0.002262,172.217.194.0-255,4320,212335,70,263337
16350,0.002264,172.31.40.0-255,66,212401,70,263337
16351,0.002307,172.31.40.0-255,66,212467,70,263337
16352,0.002313,172.217.194.0-255,6438,218905,70,263337
16353,0.002315,172.31.40.0-255,66,218971,70,263337
16354,0.002346,172.217.194.0-255,2902,221873,70,263337
16355,0.002348,172.31.40.0-255,66,221939,70,263337
16356,0.002353,172.217.194.0-255,4320,226259,70,263337
16357,0.002355,172.31.40.0-255,66,226325,70,263337
16358,0.002363,172.217.194.0-255,8574,234899,70,263337
16359,0.002365,172.31.40.0-255,66,234965,70,263337
16360,0.002384,172.217.194.0-255,2902,237867,70,263337
16361,0.002387,172.31.40.0-255,66,237933,70,263337
16362,0.002432,172.31.40.0-255,66,237999,70,263337
16363,0.00244,172.217.194.0-255,9992,247991,70,263337
16364,0.002442,172.31.40.0-255,66,248057,70,263337
16365,0.002495,172.217.194.0-255,7856,255913,70,263337
16366,0.002499,172.31.40.0-255,66,255979,70,263337
16367,0.002511,172.31.40.0-255,66,256045,70,263337
16368,0.002549,172.217.194.0-255,5738,261783,70,263337
16369,0.002552,172.31.40.0-255,66,261849,70,263337
16370,0.002593,172.217.194.0-255,97,261946,70,263337
16371,0.002598,172.31.40.0-255,66,262012,70,263337
16372,0.004139,172.31.40.0-255,66,262078,70,263337
16373,0.005086,172.217.194.0-255,105,262183,70,263337
16374,0.005126,172.31.40.0-255,66,262249,70,263337
16375,0.005174,172.31.40.0-255,105,262354,70,263337
16376,0.00766,172.217.194.0-255,66,262420,70,263337
16377,0.039067,172.31.40.0-255,171,262591,70,263337
16378,0.039115,172.31.40.0-255,614,263205,70,263337
16379,0.040606,104.244.42.0-255,66,263271,70,263337
16380,0.040773,104.244.42.0-255,66,263337,70,263337
16381,0.0,74.125.130.0-255,153,153,70,291230
16382,2.2e-05,172.31.40.0-255,66,219,70,291230
16383,2.9e-05,74.125.130.0-255,1484,1703,70,291230
16384,3.4e-05,172.31.40.0-255,66,1769,70,291230
16385,4.7e-05,74.125.130.0-255,2902,4671,70,291230
16386,5.1e-05,172.31.40.0-255,66,4737,70,291230
16387,5.7e-05,74.125.130.0-255,4320,9057,70,291230
16388,6e-05,172.31.40.0-255,66,9123,70,291230
16389,6.6e-05,74.125.130.0-255,4903,14026,70,291230
16390,7e-05,172.31.40.0-255,66,14092,70,291230
16391,0.000126,74.125.130.0-255,1484,15576,70,291230
16392,0.000129,172.31.40.0-255,66,15642,70,291230
16393,0.000135,74.125.130.0-255,2902,18544,70,291230
16394,0.000137,172.31.40.0-255,66,18610,70,291230
16395,0.000147,74.125.130.0-255,5738,24348,70,291230
16396,0.00015,172.31.40.0-255,66,24414,70,291230
16397,0.000153,74.125.130.0-255,1484,25898,70,291230
16398,0.000156,172.31.40.0-255,66,25964,70,291230
16399,0.000183,74.125.130.0-255,5379,31343,70,291230
16400,0.000187,172.31.40.0-255,66,31409,70,291230
16401,0.000194,74.125.130.0-255,7156,38565,70,291230
16402,0.000196,172.31.40.0-255,66,38631,70,291230
16403,0.000239,74.125.130.0-255,9633,48264,70,291230
16404,0.000243,172.31.40.0-255,66,48330,70,291230
16405,0.000269,74.125.130.0-255,1484,49814,70,291230
16406,0.000272,172.31.40.0-255,66,49880,70,291230
16407,0.000277,74.125.130.0-255,2902,52782,70,291230
16408,0.000279,172.31.40.0-255,66,52848,70,291230
16409,0.000286,74.125.130.0-255,5738,58586,70,291230
16410,0.000288,172.31.40.0-255,66,58652,70,291230
16411,0.000311,74.125.130.0-255,1484,60136,70,291230
16412,0.000313,172.31.40.0-255,66,60202,70,291230
16413,0.000336,74.125.130.0-255,4320,64522,70,291230
16414,0.000339,172.31.40.0-255,66,64588,70,291230
16415,0.00037,74.125.130.0-255,1422,66010,70,291230
16416,0.0004,74.125.130.0-255,380,66390,70,291230
16417,0.000403,172.31.40.0-255,66,66456,70,291230
16418,0.000685,74.125.130.0-255,1484,67940,70,291230
16419,0.000689,74.125.130.0-255,1484,69424,70,291230
16420,0.000696,172.31.40.0-255,66,69490,70,291230
16421,0.000706,74.125.130.0-255,1484,70974,70,291230
16422,0.000709,74.125.130.0-255,1484,72458,70,291230
16423,0.000712,172.31.40.0-255,66,72524,70,291230
16424,0.000747,74.125.130.0-255,4320,76844,70,291230
16425,0.00075,172.31.40.0-255,66,76910,70,291230
16426,0.000754,74.125.130.0-255,2902,79812,70,291230
16427,0.000756,172.31.40.0-255,66,79878,70,291230
16428,0.000762,74.125.130.0-255,3961,83839,70,291230
16429,0.000768,74.125.130.0-255,4320,88159,70,291230
16430,0.000792,74.125.130.0-255,4320,92479,70,291230
16431,0.000799,74.125.130.0-255,5738,98217,70,291230
16432,0.00086,74.125.130.0-255,1994,100211,70,291230
16433,0.000869,172.31.40.0-255,66,100277,70,291230
16434,0.001053,74.125.130.0-255,1484,101761,70,291230
16435,0.001058,74.125.130.0-255,1484,103245,70,291230
16436,0.001061,172.31.40.0-255,66,103311,70,291230
16437,0.001095,74.125.130.0-255,1484,104795,70,291230
16438,0.0011,74.125.130.0-255,2902,107697,70,291230
16439,0.001105,74.125.130.0-255,4320,112017,70,291230
16440,0.001128,74.125.130.0-255,8574,120591,70,291230
16441,0.001135,172.31.40.0-255,66,120657,70,291230
16442,0.001161,74.125.130.0-255,4320,124977,70,291230
16443,0.001183,172.31.40.0-255,66,125043,70,291230
16444,0.001205,74.125.130.0-255,5738,130781,70,291230
16445,0.001223,74.125.130.0-255,3602,134383,70,291230
16446,0.001235,172.31.40.0-255,66,134449,70,291230
16447,0.001672,74.125.130.0-255,1484,135933,70,291230
16448,0.001691,74.125.130.0-255,2902,138835,70,291230
16449,0.001695,172.31.40.0-255,66,138901,70,291230
16450,0.001699,74.125.130.0-255,2902,141803,70,291230
16451,0.001702,172.31.40.0-255,66,141869,70,291230
16452,0.00173,74.125.130.0-255,1484,143353,70,291230
16453,0.001739,74.125.130.0-255,8574,151927,70,291230
16454,0.001741,172.31.40.0-255,66,151993,70,291230
16455,0.001805,172.31.40.0-255,66,152059,70,291230
16456,0.001992,74.125.130.0-255,1484,153543,70,291230
16457,0.00201,74.125.130.0-255,2902,156445,70,291230
16458,0.002013,172.31.40.0-255,66,156511,70,291230
16459,0.002021,74.125.130.0-255,5738,162249,70,291230
16460,0.002023,172.31.40.0-255,66,162315,70,291230
16461,0.002066,172.31.40.0-255,66,162381,70,291230
16462,0.002073,74.125.130.0-255,8574,170955,70,291230
16463,0.002104,172.31.40.0-255,66,171021,70,291230
16464,0.002126,74.125.130.0-255,5738,176759,70,291230
16465,0.002143,172.31.40.0-255,66,176825,70,291230
16466,0.002169,172.31.40.0-255,66,176891,70,291230
16467,0.002224,172.31.40.0-255,66,176957,70,291230
16468,0.002236,74.125.130.0-255,1484,178441,70,291230
16469,0.002245,74.125.130.0-255,1484,179925,70,291230
16470,0.002258,74.125.130.0-255,1484,181409,70,291230
16471,0.002265,172.31.40.0-255,66,181475,70,291230
16472,0.002296,74.125.130.0-255,5738,187213,70,291230
16473,0.002331,74.125.130.0-255,1484,188697,70,291230
16474,0.002339,74.125.130.0-255,8574,197271,70,291230
16475,0.002358,74.125.130.0-255,2184,199455,70,291230
16476,0.002409,74.125.130.0-255,1484,200939,70,291230
16477,0.002422,74.125.130.0-255,2902,203841,70,291230
16478,0.002442,74.125.130.0-255,5738,209579,70,291230
16479,0.002522,74.125.130.0-255,4320,213899,70,291230
16480,0.002541,74.125.130.0-255,5738,219637,70,291230
16481,0.002557,74.125.130.0-255,1484,221121,70,291230
16482,0.002601,74.125.130.0-255,9274,230395,70,291230
16483,0.013015,74.125.130.0-255,1484,231879,70,291230
16484,0.016212,172.31.40.0-255,66,231945,70,291230
16485,0.018797,74.125.130.0-255,5738,237683,70,291230
16486,0.018807,172.31.40.0-255,66,237749,70,291230
16487,0.021384,74.125.130.0-255,5738,243487,70,291230
16488,0.021394,172.31.40.0-255,66,243553,70,291230
16489,0.023975,74.125.130.0-255,5738,249291,70,291230
16490,0.023984,172.31.40.0-255,66,249357,70,291230
16491,0.026585,74.125.130.0-255,5738,255095,70,291230
16492,0.026599,172.31.40.0-255,66,255161,70,291230
16493,0.029185,74.125.130.0-255,5738,260899,70,291230
16494,0.029202,172.31.40.0-255,66,260965,70,291230
16495,0.031781,74.125.130.0-255,5738,266703,70,291230
16496,0.031793,172.31.40.0-255,66,266769,70,291230
16497,0.034379,74.125.130.0-255,5738,272507,70,291230
16498,0.034392,172.31.40.0-255,66,272573,70,291230
16499,0.036979,74.125.130.0-255,5738,278311,70,291230
16500,0.036995,172.31.40.0-255,66,278377,70,291230
16501,0.039586,74.125.130.0-255,5738,284115,70,291230
16502,0.039605,172.31.40.0-255,66,284181,70,291230
16503,0.042181,74.125.130.0-255,5738,289919,70,291230
16504,0.042192,172.31.40.0-255,66,289985,70,291230
16505,0.044757,74.125.130.0-255,1008,290993,70,291230
16506,0.045383,172.31.40.0-255,66,291059,70,291230
16507,0.045425,172.31.40.0-255,105,291164,70,291230
16508,0.047968,74.125.130.0-255,66,291230,70,291230
16509,0.0,74.125.24.0-255,152,152,70,293752
16510,3.1e-05,172.31.40.0-255,66,218,70,293752
16511,3.9e-05,74.125.24.0-255,1484,1702,70,293752
16512,4.4e-05,172.31.40.0-255,66,1768,70,293752
16513,4.9e-05,74.125.24.0-255,2902,4670,70,293752
16514,5.4e-05,172.31.40.0-255,66,4736,70,293752
16515,5.7e-05,74.125.24.0-255,1484,6220,70,293752
16516,6.1e-05,172.31.40.0-255,66,6286,70,293752
16517,6.7e-05,74.125.24.0-255,2902,9188,70,293752
16518,7e-05,172.31.40.0-255,66,9254,70,293752
16519,7.3e-05,74.125.24.0-255,1484,10738,70,293752
16520,7.6e-05,172.31.40.0-255,66,10804,70,293752
16521,0.000106,74.125.24.0-255,3357,14161,70,293752
16522,0.000109,172.31.40.0-255,66,14227,70,293752
16523,0.000396,74.125.24.0-255,1484,15711,70,293752
16524,0.000402,172.31.40.0-255,66,15777,70,293752
16525,0.000408,74.125.24.0-255,2902,18679,70,293752
16526,0.000428,172.31.40.0-255,66,18745,70,293752
16527,0.000435,74.125.24.0-255,5738,24483,70,293752
16528,0.000438,172.31.40.0-255,66,24549,70,293752
16529,0.000465,74.125.24.0-255,1484,26033,70,293752
16530,0.000467,172.31.40.0-255,66,26099,70,293752
16531,0.000488,74.125.24.0-255,5379,31478,70,293752
16532,0.000491,172.31.40.0-255,66,31544,70,293752
16533,0.000499,74.125.24.0-255,7156,38700,70,293752
16534,0.000501,172.31.40.0-255,66,38766,70,293752
16535,0.000506,74.125.24.0-255,4320,43086,70,293752
16536,0.000508,172.31.40.0-255,66,43152,70,293752
16537,0.000548,172.31.40.0-255,66,43218,70,293752
16538,0.000556,74.125.24.0-255,8574,51792,70,293752
16539,0.000559,172.31.40.0-255,66,51858,70,293752
16540,0.000583,74.125.24.0-255,2184,54042,70,293752
16541,0.00059,172.31.40.0-255,66,54108,70,293752
16542,0.001007,74.125.24.0-255,392,54500,70,293752
16543,0.001141,172.31.40.0-255,66,54566,70,293752
16544,0.001541,74.125.24.0-255,1484,56050,70,293752
16545,0.00155,74.125.24.0-255,2902,58952,70,293752
16546,0.001575,74.125.24.0-255,4320,63272,70,293752
16547,0.001586,74.125.24.0-255,1484,64756,70,293752
16548,0.001602,74.125.24.0-255,5738,70494,70,293752
16549,0.001624,74.125.24.0-255,7156,77650,70,293752
16550,0.001632,74.125.24.0-255,7156,84806,70,293752
16551,0.001645,74.125.24.0-255,1484,86290,70,293752
16552,0.001661,74.125.24.0-255,2184,88474,70,293752
16553,0.001679,74.125.24.0-255,1484,89958,70,293752
16554,0.001695,74.125.24.0-255,1484,91442,70,293752
16555,0.0017,74.125.24.0-255,2902,94344,70,293752
16556,0.001717,74.125.24.0-255,4320,98664,70,293752
16557,0.001731,74.125.24.0-255,1484,100148,70,293752
16558,0.001735,74.125.24.0-255,1484,101632,70,293752
16559,0.00175,74.125.24.0-255,1484,103116,70,293752
16560,0.001757,74.125.24.0-255,5738,108854,70,293752
16561,0.001773,74.125.24.0-255,2902,111756,70,293752
16562,0.0018,74.125.24.0-255,2902,114658,70,293752
16563,0.001823,74.125.24.0-255,5738,120396,70,293752
16564,0.001839,74.125.24.0-255,1484,121880,70,293752
16565,0.001842,74.125.24.0-255,766,122646,70,293752
16566,0.00186,74.125.24.0-255,5738,128384,70,293752
16567,0.001886,74.125.24.0-255,7156,135540,70,293752
16568,0.001895,74.125.24.0-255,9992,145532,70,293752
16569,0.001911,74.125.24.0-255,2902,148434,70,293752
16570,0.001916,74.125.24.0-255,2902,151336,70,293752
16571,0.001935,74.125.24.0-255,5020,156356,70,293752
16572,0.001941,74.125.24.0-255,4320,160676,70,293752
16573,0.001956,74.125.24.0-255,4320,164996,70,293752
16574,0.001959,74.125.24.0-255,1484,166480,70,293752
16575,0.001983,74.125.24.0-255,9992,176472,70,293752
16576,0.002011,74.125.24.0-255,4320,180792,70,293752
16577,0.002054,74.125.24.0-255,4320,185112,70,293752
16578,0.005507,172.31.40.0-255,66,185178,70,293752
16579,0.007515,74.125.24.0-255,5738,190916,70,293752
16580,0.007521,172.31.40.0-255,66,190982,70,293752
16581,0.009544,74.125.24.0-255,5738,196720,70,293752
16582,0.012849,172.31.40.0-255,66,196786,70,293752
16583,0.014886,74.125.24.0-255,5738,202524,70,293752
16584,0.014898,172.31.40.0-255,66,202590,70,293752
16585,0.016935,74.125.24.0-255,4320,206910,70,293752
16586,0.016942,172.31.40.0-255,66,206976,70,293752
16587,0.016965,74.125.24.0-255,1484,208460,70,293752
16588,0.018965,74.125.24.0-255,4320,212780,70,293752
16589,0.018975,172.31.40.0-255,66,212846,70,293752
16590,0.02099,74.125.24.0-255,5738,218584,70,293752
16591,0.024856,172.31.40.0-255,66,218650,70,293752
16592,0.026852,74.125.24.0-255,5738,224388,70,293752
16593,0.026861,172.31.40.0-255,66,224454,70,293752
16594,0.028878,74.125.24.0-255,5738,230192,70,293752
16595,0.028887,172.31.40.0-255,66,230258,70,293752
16596,0.030918,74.125.24.0-255,5738,235996,70,293752
16597,0.030927,172.31.40.0-255,66,236062,70,293752
16598,0.032922,74.125.24.0-255,5738,241800,70,293752
16599,0.032933,172.31.40.0-255,66,241866,70,293752
16600,0.034929,74.125.24.0-255,5738,247604,70,293752
16601,0.034939,172.31.40.0-255,66,247670,70,293752
16602,0.036956,74.125.24.0-255,5738,253408,70,293752
16603,0.036973,172.31.40.0-255,66,253474,70,293752
16604,0.038987,74.125.24.0-255,5738,259212,70,293752
16605,0.038996,172.31.40.0-255,66,259278,70,293752
16606,0.041003,74.125.24.0-255,5738,265016,70,293752
16607,0.04101,172.31.40.0-255,66,265082,70,293752
16608,0.043044,74.125.24.0-255,5738,270820,70,293752
16609,0.043056,172.31.40.0-255,66,270886,70,293752
16610,0.045092,74.125.24.0-255,5738,276624,70,293752
16611,0.045107,172.31.40.0-255,66,276690,70,293752
16612,0.045538,172.31.40.0-255,200,276890,70,293752
16613,0.04557,172.31.40.0-255,1117,278007,70,293752
16614,0.045633,172.31.40.0-255,1514,279521,70,293752
16615,0.045635,172.31.40.0-255,1514,281035,70,293752
16616,0.045636,172.31.40.0-255,845,281880,70,293752
16617,0.04712,74.125.24.0-255,5738,287618,70,293752
16618,0.047133,172.31.40.0-255,66,287684,70,293752
16619,0.047144,104.244.42.0-255,66,287750,70,293752
16620,0.047156,104.244.42.0-255,66,287816,70,293752
16621,0.047159,104.244.42.0-255,66,287882,70,293752
16622,0.047174,104.244.42.0-255,66,287948,70,293752
16623,0.049154,74.125.24.0-255,5738,293686,70,293752
16624,0.049169,172.31.40.0-255,66,293752,70,293752
16625,0.0,172.217.194.0-255,153,153,70,383511
16626,1.5e-05,172.31.40.0-255,66,219,70,383511
16627,2.1e-05,172.217.194.0-255,1484,1703,70,383511
16628,2.6e-05,172.31.40.0-255,66,1769,70,383511
16629,3.1e-05,172.217.194.0-255,2902,4671,70,383511
16630,3.3e-05,172.31.40.0-255,66,4737,70,383511
16631,3.6e-05,172.217.194.0-255,1484,6221,70,383511
16632,3.9e-05,172.31.40.0-255,66,6287,70,383511
16633,6.3e-05,172.217.194.0-255,5738,12025,70,383511
16634,6.5e-05,172.31.40.0-255,66,12091,70,383511
16635,6.9e-05,172.217.194.0-255,1978,14069,70,383511
16636,7.1e-05,172.31.40.0-255,66,14135,70,383511
16637,0.000129,172.217.194.0-255,1484,15619,70,383511
16638,0.000132,172.31.40.0-255,66,15685,70,383511
16639,0.000134,172.217.194.0-255,1484,17169,70,383511
16640,0.000136,172.31.40.0-255,66,17235,70,383511
16641,0.000147,172.217.194.0-255,1484,18719,70,383511
16642,0.000149,172.31.40.0-255,66,18785,70,383511
16643,0.000152,172.217.194.0-255,1484,20269,70,383511
16644,0.000153,172.31.40.0-255,66,20335,70,383511
16645,0.000168,172.217.194.0-255,4320,24655,70,383511
16646,0.000171,172.31.40.0-255,66,24721,70,383511
16647,0.000214,172.217.194.0-255,4320,29041,70,383511
16648,0.000216,172.31.40.0-255,66,29107,70,383511
16649,0.000235,172.217.194.0-255,2543,31650,70,383511
16650,0.000237,172.31.40.0-255,66,31716,70,383511
16651,0.000246,172.217.194.0-255,1484,33200,70,383511
16652,0.000249,172.31.40.0-255,66,33266,70,383511
16653,0.000261,172.217.194.0-255,2902,36168,70,383511
16654,0.000263,172.31.40.0-255,66,36234,70,383511
16655,0.000282,172.217.194.0-255,4320,40554,70,383511
16656,0.000285,172.31.40.0-255,66,40620,70,383511
16657,0.000303,172.217.194.0-255,1484,42104,70,383511
16658,0.000329,172.217.194.0-255,1484,43588,70,383511
16659,0.000331,172.31.40.0-255,66,43654,70,383511
16660,0.000349,172.217.194.0-255,4320,47974,70,383511
16661,0.000352,172.31.40.0-255,66,48040,70,383511
16662,0.000362,172.217.194.0-255,1125,49165,70,383511
16663,0.000712,172.217.194.0-255,1484,50649,70,383511
16664,0.000716,172.31.40.0-255,66,50715,70,383511
16665,0.000721,172.217.194.0-255,2902,53617,70,383511
16666,0.000723,172.31.40.0-255,66,53683,70,383511
16667,0.000744,172.217.194.0-255,2902,56585,70,383511
16668,0.000746,172.31.40.0-255,66,56651,70,383511
16669,0.000763,172.217.194.0-255,2902,59553,70,383511
16670,0.000765,172.31.40.0-255,66,59619,70,383511
16671,0.000772,172.217.194.0-255,6797,66416,70,383511
16672,0.000774,172.31.40.0-255,66,66482,70,383511
16673,0.000928,172.217.194.0-255,1484,67966,70,383511
16674,0.000942,172.217.194.0-255,2902,70868,70,383511
16675,0.000944,172.31.40.0-255,66,70934,70,383511
16676,0.000949,172.217.194.0-255,2902,73836,70,383511
16677,0.000951,172.31.40.0-255,66,73902,70,383511
16678,0.000965,172.217.194.0-255,2902,76804,70,383511
16679,0.000967,172.31.40.0-255,66,76870,70,383511
16680,0.000969,172.217.194.0-255,1484,78354,70,383511
16681,0.000983,172.217.194.0-255,4320,82674,70,383511
16682,0.000985,172.31.40.0-255,66,82740,70,383511
16683,0.000999,172.217.194.0-255,4320,87060,70,383511
16684,0.001001,172.31.40.0-255,66,87126,70,383511
16685,0.001026,172.217.194.0-255,7156,94282,70,383511
16686,0.001028,172.31.40.0-255,66,94348,70,383511
16687,0.001049,172.217.194.0-255,5738,100086,70,383511
16688,0.001053,172.31.40.0-255,66,100152,70,383511
16689,0.001071,172.217.194.0-255,1484,101636,70,383511
16690,0.001091,172.217.194.0-255,6438,108074,70,383511
16691,0.001094,172.31.40.0-255,66,108140,70,383511
16692,0.001119,172.217.194.0-255,2902,111042,70,383511
16693,0.001121,172.31.40.0-255,66,111108,70,383511
16694,0.001142,172.217.194.0-255,5738,116846,70,383511
16695,0.001145,172.31.40.0-255,66,116912,70,383511
16696,0.001147,172.217.194.0-255,1142,118054,70,383511
16697,0.001201,172.217.194.0-255,1484,119538,70,383511
16698,0.001204,172.31.40.0-255,66,119604,70,383511
16699,0.001218,172.217.194.0-255,1484,121088,70,383511
16700,0.001228,172.217.194.0-255,1484,122572,70,383511
16701,0.00123,172.31.40.0-255,66,122638,70,383511
16702,0.001236,172.217.194.0-255,5738,128376,70,383511
16703,0.001238,172.31.40.0-255,66,128442,70,383511
16704,0.001245,172.217.194.0-255,5738,134180,70,383511
16705,0.001246,172.31.40.0-255,66,134246,70,383511
16706,0.001256,172.217.194.0-255,9992,144238,70,383511
16707,0.001259,172.31.40.0-255,66,144304,70,383511
16708,0.001278,172.217.194.0-255,2902,147206,70,383511
16709,0.00128,172.31.40.0-255,66,147272,70,383511
16710,0.001285,172.217.194.0-255,5020,152292,70,383511
16711,0.001287,172.31.40.0-255,66,152358,70,383511
16712,0.001666,172.217.194.0-255,1484,153842,70,383511
16713,0.001686,172.217.194.0-255,2902,156744,70,383511
16714,0.001689,172.31.40.0-255,66,156810,70,383511
16715,0.001695,172.217.194.0-255,5738,162548,70,383511
16716,0.001697,172.31.40.0-255,66,162614,70,383511
16717,0.00173,172.217.194.0-255,5738,168352,70,383511
16718,0.001732,172.31.40.0-255,66,168418,70,383511
16719,0.001759,172.217.194.0-255,7156,175574,70,383511
16720,0.001762,172.31.40.0-255,66,175640,70,383511
16721,0.001769,172.217.194.0-255,8574,184214,70,383511
16722,0.001771,172.31.40.0-255,66,184280,70,383511
16723,0.001796,172.217.194.0-255,2184,186464,70,383511
16724,0.001798,172.31.40.0-255,66,186530,70,383511
16725,0.002001,172.217.194.0-255,1484,188014,70,383511
16726,0.002007,172.217.194.0-255,2902,190916,70,383511
16727,0.002009,172.31.40.0-255,66,190982,70,383511
16728,0.002014,172.217.194.0-255,2902,193884,70,383511
16729,0.002016,172.31.40.0-255,66,193950,70,383511
16730,0.002031,172.217.194.0-255,2902,196852,70,383511
16731,0.002033,172.31.40.0-255,66,196918,70,383511
16732,0.002037,172.217.194.0-255,2902,199820,70,383511
16733,0.002039,172.31.40.0-255,66,199886,70,383511
16734,0.002067,172.217.194.0-255,5738,205624,70,383511
16735,0.00207,172.31.40.0-255,66,205690,70,383511
16736,0.0021,172.217.194.0-255,2902,208592,70,383511
16737,0.002102,172.31.40.0-255,66,208658,70,383511
16738,0.002129,172.31.40.0-255,66,208724,70,383511
16739,0.002348,172.217.194.0-255,1484,210208,70,383511
16740,0.002352,172.217.194.0-255,1484,211692,70,383511
16741,0.002355,172.31.40.0-255,66,211758,70,383511
16742,0.00237,172.217.194.0-255,1484,213242,70,383511
16743,0.002392,172.217.194.0-255,5738,218980,70,383511
16744,0.002394,172.31.40.0-255,66,219046,70,383511
16745,0.00242,172.31.40.0-255,66,219112,70,383511
16746,0.002441,172.217.194.0-255,1484,220596,70,383511
16747,0.002452,172.217.194.0-255,7156,227752,70,383511
16748,0.002454,172.31.40.0-255,66,227818,70,383511
16749,0.002474,172.217.194.0-255,3602,231420,70,383511
16750,0.002476,172.31.40.0-255,66,231486,70,383511
16751,0.002491,172.217.194.0-255,1484,232970,70,383511
16752,0.002512,172.217.194.0-255,9992,242962,70,383511
16753,0.002514,172.31.40.0-255,66,243028,70,383511
16754,0.002517,172.217.194.0-255,2902,245930,70,383511
16755,0.00252,172.31.40.0-255,78,246008,70,383511
16756,0.002526,172.217.194.0-255,7156,253164,70,383511
16757,0.002528,172.31.40.0-255,78,253242,70,383511
16758,0.002546,172.217.194.0-255,5738,258980,70,383511
16759,0.002548,172.31.40.0-255,66,259046,70,383511
16760,0.002551,172.217.194.0-255,1484,260530,70,383511
16761,0.002556,172.217.194.0-255,5020,265550,70,383511
16762,0.002558,172.31.40.0-255,66,265616,70,383511
16763,0.003019,172.217.194.0-255,1484,267100,70,383511
16764,0.003026,172.217.194.0-255,2902,270002,70,383511
16765,0.003031,172.31.40.0-255,66,270068,70,383511
16766,0.003034,172.217.194.0-255,1484,271552,70,383511
16767,0.003075,172.217.194.0-255,7156,278708,70,383511
16768,0.003079,172.31.40.0-255,66,278774,70,383511
16769,0.003096,172.217.194.0-255,5738,284512,70,383511
16770,0.003099,172.31.40.0-255,66,284578,70,383511
16771,0.003123,172.217.194.0-255,7156,291734,70,383511
16772,0.003126,172.31.40.0-255,66,291800,70,383511
16773,0.003143,172.217.194.0-255,4320,296120,70,383511
16774,0.003145,172.31.40.0-255,66,296186,70,383511
16775,0.003167,172.217.194.0-255,3602,299788,70,383511
16776,0.00317,172.31.40.0-255,66,299854,70,383511
16777,0.003742,172.217.194.0-255,1484,301338,70,383511
16778,0.003767,172.217.194.0-255,2902,304240,70,383511
16779,0.003772,172.31.40.0-255,66,304306,70,383511
16780,0.003779,172.217.194.0-255,5738,310044,70,383511
16781,0.003782,172.31.40.0-255,66,310110,70,383511
16782,0.003792,172.217.194.0-255,9992,320102,70,383511
16783,0.003794,172.31.40.0-255,66,320168,70,383511
16784,0.00383,172.217.194.0-255,2902,323070,70,383511
16785,0.003833,172.31.40.0-255,66,323136,70,383511
16786,0.003843,172.217.194.0-255,9992,333128,70,383511
16787,0.003846,172.31.40.0-255,66,333194,70,383511
16788,0.003848,172.217.194.0-255,766,333960,70,383511
16789,0.003993,172.217.194.0-255,1484,335444,70,383511
16790,0.003997,172.31.40.0-255,66,335510,70,383511
16791,0.004027,172.217.194.0-255,2902,338412,70,383511
16792,0.004029,172.31.40.0-255,66,338478,70,383511
16793,0.004035,172.217.194.0-255,5738,344216,70,383511
16794,0.004038,172.31.40.0-255,66,344282,70,383511
16795,0.004042,172.217.194.0-255,2902,347184,70,383511
16796,0.004045,172.31.40.0-255,66,347250,70,383511
16797,0.00405,172.217.194.0-255,2902,350152,70,383511
16798,0.004052,172.31.40.0-255,66,350218,70,383511
16799,0.004087,172.217.194.0-255,9992,360210,70,383511
16800,0.004089,172.31.40.0-255,66,360276,70,383511
16801,0.004092,172.217.194.0-255,1484,361760,70,383511
16802,0.004097,172.217.194.0-255,2902,364662,70,383511
16803,0.004099,172.31.40.0-255,66,364728,70,383511
16804,0.004114,172.217.194.0-255,3602,368330,70,383511
16805,0.004117,172.31.40.0-255,66,368396,70,383511
16806,0.00412,172.217.194.0-255,1484,369880,70,383511
16807,0.004156,172.217.194.0-255,5738,375618,70,383511
16808,0.004158,172.31.40.0-255,66,375684,70,383511
16809,0.004174,172.217.194.0-255,1993,377677,70,383511
16810,0.004177,172.31.40.0-255,66,377743,70,383511
16811,0.004181,172.217.194.0-255,105,377848,70,383511
16812,0.013182,172.31.40.0-255,66,377914,70,383511
16813,0.013229,172.31.40.0-255,105,378019,70,383511
16814,0.015515,172.217.194.0-255,66,378085,70,383511
16815,0.047333,172.31.40.0-255,172,378257,70,383511
16816,0.047371,172.31.40.0-255,1117,379374,70,383511
16817,0.04744,172.31.40.0-255,1514,380888,70,383511
16818,0.047442,172.31.40.0-255,1514,382402,70,383511
16819,0.047443,172.31.40.0-255,845,383247,70,383511
16820,0.048903,104.244.42.0-255,66,383313,70,383511
16821,0.048916,104.244.42.0-255,66,383379,70,383511
16822,0.048992,104.244.42.0-255,66,383445,70,383511
16823,0.048996,104.244.42.0-255,66,383511,70,383511
16824,0.0,74.125.24.0-255,153,153,70,271317
16825,1.9e-05,172.31.40.0-255,66,219,70,271317
16826,2.6e-05,74.125.24.0-255,1484,1703,70,271317
16827,3e-05,172.31.40.0-255,66,1769,70,271317
16828,3.5e-05,74.125.24.0-255,2902,4671,70,271317
16829,4.6e-05,172.31.40.0-255,66,4737,70,271317
16830,5.2e-05,74.125.24.0-255,4320,9057,70,271317
16831,5.5e-05,172.31.40.0-255,66,9123,70,271317
16832,8.7e-05,74.125.24.0-255,2902,12025,70,271317
16833,9e-05,172.31.40.0-255,66,12091,70,271317
16834,9.3e-05,74.125.24.0-255,1484,13575,70,271317
16835,9.5e-05,172.31.40.0-255,66,13641,70,271317
16836,0.000116,172.31.40.0-255,66,13707,70,271317
16837,0.00012,74.125.24.0-255,2543,16250,70,271317
16838,0.000123,172.31.40.0-255,66,16316,70,271317
16839,0.000127,74.125.24.0-255,2902,19218,70,271317
16840,0.00013,172.31.40.0-255,66,19284,70,271317
16841,0.000135,74.125.24.0-255,4320,23604,70,271317
16842,0.000138,172.31.40.0-255,66,23670,70,271317
16843,0.000142,74.125.24.0-255,2902,26572,70,271317
16844,0.000144,172.31.40.0-255,66,26638,70,271317
16845,0.000171,74.125.24.0-255,5738,32376,70,271317
16846,0.000178,172.31.40.0-255,66,32442,70,271317
16847,0.000181,74.125.24.0-255,1125,33567,70,271317
16848,0.000183,172.31.40.0-255,66,33633,70,271317
16849,0.000229,74.125.24.0-255,1484,35117,70,271317
16850,0.000231,172.31.40.0-255,66,35183,70,271317
16851,0.000236,74.125.24.0-255,2902,38085,70,271317
16852,0.000239,172.31.40.0-255,66,38151,70,271317
16853,0.000272,74.125.24.0-255,5738,43889,70,271317
16854,0.000275,172.31.40.0-255,66,43955,70,271317
16855,0.000304,74.125.24.0-255,7128,51083,70,271317
16856,0.000307,172.31.40.0-255,66,51149,70,271317
16857,0.000309,74.125.24.0-255,349,51498,70,271317
16858,0.000524,74.125.24.0-255,1484,52982,70,271317
16859,0.000529,172.31.40.0-255,66,53048,70,271317
16860,0.000548,74.125.24.0-255,2902,55950,70,271317
16861,0.000566,172.31.40.0-255,66,56016,70,271317
16862,0.000573,74.125.24.0-255,5738,61754,70,271317
16863,0.000575,172.31.40.0-255,66,61820,70,271317
16864,0.000609,74.125.24.0-255,6797,68617,70,271317
16865,0.000612,172.31.40.0-255,66,68683,70,271317
16866,0.000778,74.125.24.0-255,1484,70167,70,271317
16867,0.000785,74.125.24.0-255,2902,73069,70,271317
16868,0.000789,172.31.40.0-255,66,73135,70,271317
16869,0.000794,74.125.24.0-255,2902,76037,70,271317
16870,0.000796,172.31.40.0-255,66,76103,70,271317
16871,0.000814,74.125.24.0-255,2902,79005,70,271317
16872,0.000817,172.31.40.0-255,66,79071,70,271317
16873,0.000835,172.31.40.0-255,66,79137,70,271317
16874,0.000838,74.125.24.0-255,1484,80621,70,271317
16875,0.00087,74.125.24.0-255,9274,89895,70,271317
16876,0.000873,172.31.40.0-255,66,89961,70,271317
16877,0.000887,74.125.24.0-255,9992,99953,70,271317
16878,0.000889,172.31.40.0-255,66,100019,70,271317
16879,0.000914,74.125.24.0-255,1484,101503,70,271317
16880,0.000925,74.125.24.0-255,4827,106330,70,271317
16881,0.000927,172.31.40.0-255,66,106396,70,271317
16882,0.001087,74.125.24.0-255,1484,107880,70,271317
16883,0.001094,74.125.24.0-255,2902,110782,70,271317
16884,0.001098,172.31.40.0-255,66,110848,70,271317
16885,0.001104,74.125.24.0-255,4320,115168,70,271317
16886,0.001106,172.31.40.0-255,66,115234,70,271317
16887,0.001125,74.125.24.0-255,1484,116718,70,271317
16888,0.001132,74.125.24.0-255,1484,118202,70,271317
16889,0.001134,172.31.40.0-255,66,118268,70,271317
16890,0.001165,172.31.40.0-255,66,118334,70,271317
16891,0.001175,74.125.24.0-255,10692,129026,70,271317
16892,0.001179,172.31.40.0-255,66,129092,70,271317
16893,0.001605,74.125.24.0-255,1484,130576,70,271317
16894,0.001611,74.125.24.0-255,2902,133478,70,271317
16895,0.001616,172.31.40.0-255,66,133544,70,271317
16896,0.001621,74.125.24.0-255,2902,136446,70,271317
16897,0.001623,172.31.40.0-255,66,136512,70,271317
16898,0.001662,74.125.24.0-255,2902,139414,70,271317
16899,0.001665,172.31.40.0-255,66,139480,70,271317
16900,0.001693,172.31.40.0-255,66,139546,70,271317
16901,0.001702,74.125.24.0-255,8574,148120,70,271317
16902,0.001704,172.31.40.0-255,66,148186,70,271317
16903,0.001708,74.125.24.0-255,2184,150370,70,271317
16904,0.00171,172.31.40.0-255,66,150436,70,271317
16905,0.001761,74.125.24.0-255,1484,151920,70,271317
16906,0.001767,74.125.24.0-255,2902,154822,70,271317
16907,0.00177,172.31.40.0-255,66,154888,70,271317
16908,0.001776,74.125.24.0-255,4320,159208,70,271317
16909,0.001778,172.31.40.0-255,66,159274,70,271317
16910,0.001796,74.125.24.0-255,1484,160758,70,271317
16911,0.001815,172.31.40.0-255,66,160824,70,271317
16912,0.001822,74.125.24.0-255,7156,167980,70,271317
16913,0.001825,172.31.40.0-255,66,168046,70,271317
16914,0.001884,74.125.24.0-255,3602,171648,70,271317
16915,0.001887,172.31.40.0-255,66,171714,70,271317
16916,0.001907,74.125.24.0-255,4320,176034,70,271317
16917,0.001911,172.31.40.0-255,66,176100,70,271317
16918,0.001914,74.125.24.0-255,1484,177584,70,271317
16919,0.001917,74.125.24.0-255,1484,179068,70,271317
16920,0.001918,172.31.40.0-255,66,179134,70,271317
16921,0.001956,74.125.24.0-255,5738,184872,70,271317
16922,0.001959,172.31.40.0-255,66,184938,70,271317
16923,0.001985,172.31.40.0-255,66,185004,70,271317
16924,0.001991,74.125.24.0-255,5020,190024,70,271317
16925,0.001993,172.31.40.0-255,66,190090,70,271317
16926,0.002,74.125.24.0-255,5738,195828,70,271317
16927,0.002002,172.31.40.0-255,66,195894,70,271317
16928,0.002007,74.125.24.0-255,4320,200214,70,271317
16929,0.00201,172.31.40.0-255,66,200280,70,271317
16930,0.002051,74.125.24.0-255,5738,206018,70,271317
16931,0.002055,172.31.40.0-255,66,206084,70,271317
16932,0.002113,172.31.40.0-255,66,206150,70,271317
16933,0.002115,74.125.24.0-255,766,206916,70,271317
16934,0.002119,74.125.24.0-255,1484,208400,70,271317
16935,0.00212,172.31.40.0-255,66,208466,70,271317
16936,0.002126,74.125.24.0-255,4320,212786,70,271317
16937,0.002128,172.31.40.0-255,66,212852,70,271317
16938,0.002137,74.125.24.0-255,9992,222844,70,271317
16939,0.00214,172.31.40.0-255,66,222910,70,271317
16940,0.002153,172.31.40.0-255,66,222976,70,271317
16941,0.002158,74.125.24.0-255,4320,227296,70,271317
16942,0.002161,172.31.40.0-255,66,227362,70,271317
16943,0.002193,74.125.24.0-255,766,228128,70,271317
16944,0.0022,74.125.24.0-255,5738,233866,70,271317
16945,0.002205,74.125.24.0-255,4320,238186,70,271317
16946,0.00221,172.31.40.0-255,66,238252,70,271317
16947,0.002213,172.31.40.0-255,66,238318,70,271317
16948,0.002252,74.125.24.0-255,8574,246892,70,271317
16949,0.002256,172.31.40.0-255,66,246958,70,271317
16950,0.002263,74.125.24.0-255,7156,254114,70,271317
16951,0.002265,172.31.40.0-255,66,254180,70,271317
16952,0.002273,74.125.24.0-255,7856,262036,70,271317
16953,0.002275,172.31.40.0-255,66,262102,70,271317
16954,0.002279,74.125.24.0-255,1484,263586,70,271317
16955,0.002314,74.125.24.0-255,7156,270742,70,271317
16956,0.002317,172.31.40.0-255,66,270808,70,271317
16957,0.002353,172.31.40.0-255,66,270874,70,271317
16958,0.003768,172.31.40.0-255,101,270975,70,271317
16959,0.004627,74.125.24.0-255,105,271080,70,271317
16960,0.006021,74.125.24.0-255,66,271146,70,271317
16961,0.020994,172.31.40.0-255,105,271251,70,271317
16962,0.02329,74.125.24.0-255,66,271317,70,271317
16963,0.0,74.125.24.0-255,150,150,70,290783
16964,2.3e-05,172.31.40.0-255,66,216,70,290783
16965,3e-05,74.125.24.0-255,1484,1700,70,290783
16966,3.5e-05,172.31.40.0-255,66,1766,70,290783
16967,4.2e-05,74.125.24.0-255,2902,4668,70,290783
16968,5.4e-05,172.31.40.0-255,66,4734,70,290783
16969,6.2e-05,74.125.24.0-255,7156,11890,70,290783
16970,6.5e-05,172.31.40.0-255,66,11956,70,290783
16971,7.1e-05,74.125.24.0-255,4819,16775,70,290783
16972,7.4e-05,172.31.40.0-255,66,16841,70,290783
16973,8.2e-05,74.125.24.0-255,7156,23997,70,290783
16974,8.4e-05,172.31.40.0-255,66,24063,70,290783
16975,0.000109,74.125.24.0-255,6797,30860,70,290783
16976,0.000117,172.31.40.0-255,66,30926,70,290783
16977,0.00016,74.125.24.0-255,1484,32410,70,290783
16978,0.000164,172.31.40.0-255,66,32476,70,290783
16979,0.000168,74.125.24.0-255,2902,35378,70,290783
16980,0.000171,172.31.40.0-255,66,35444,70,290783
16981,0.000194,74.125.24.0-255,5738,41182,70,290783
16982,0.000196,172.31.40.0-255,66,41248,70,290783
16983,0.000203,74.125.24.0-255,6797,48045,70,290783
16984,0.000205,172.31.40.0-255,66,48111,70,290783
16985,0.00025,172.31.40.0-255,66,48177,70,290783
16986,0.000254,74.125.24.0-255,2854,51031,70,290783
16987,0.000256,172.31.40.0-255,66,51097,70,290783
16988,0.000282,74.125.24.0-255,375,51472,70,290783
16989,0.000284,172.31.40.0-255,66,51538,70,290783
16990,0.000467,74.125.24.0-255,1484,53022,70,290783
16991,0.000471,172.31.40.0-255,66,53088,70,290783
16992,0.000477,74.125.24.0-255,2902,55990,70,290783
16993,0.00048,172.31.40.0-255,66,56056,70,290783
16994,0.000511,74.125.24.0-255,5738,61794,70,290783
16995,0.000514,172.31.40.0-255,66,61860,70,290783
16996,0.00052,74.125.24.0-255,7156,69016,70,290783
16997,0.000523,172.31.40.0-255,66,69082,70,290783
16998,0.000525,74.125.24.0-255,1484,70566,70,290783
16999,0.000565,172.31.40.0-255,66,70632,70,290783
17000,0.000569,74.125.24.0-255,2184,72816,70,290783
17001,0.000571,172.31.40.0-255,66,72882,70,290783
17002,0.00062,74.125.24.0-255,1484,74366,70,290783
17003,0.000625,74.125.24.0-255,2902,77268,70,290783
17004,0.000627,172.31.40.0-255,66,77334,70,290783
17005,0.00063,74.125.24.0-255,1484,78818,70,290783
17006,0.000653,74.125.24.0-255,4320,83138,70,290783
17007,0.000656,172.31.40.0-255,66,83204,70,290783
17008,0.000662,74.125.24.0-255,7156,90360,70,290783
17009,0.000664,172.31.40.0-255,66,90426,70,290783
17010,0.000685,74.125.24.0-255,8574,99000,70,290783
17011,0.000688,172.31.40.0-255,66,99066,70,290783
17012,0.000708,74.125.24.0-255,5738,104804,70,290783
17013,0.00071,172.31.40.0-255,66,104870,70,290783
17014,0.000714,74.125.24.0-255,2184,107054,70,290783
17015,0.000716,172.31.40.0-255,66,107120,70,290783
17016,0.000719,74.125.24.0-255,2902,110022,70,290783
17017,0.000721,172.31.40.0-255,66,110088,70,290783
17018,0.000757,74.125.24.0-255,7156,117244,70,290783
17019,0.000761,172.31.40.0-255,66,117310,70,290783
17020,0.000769,74.125.24.0-255,9992,127302,70,290783
17021,0.000771,172.31.40.0-255,66,127368,70,290783
17022,0.000794,74.125.24.0-255,4320,131688,70,290783
17023,0.000797,172.31.40.0-255,66,131754,70,290783
17024,0.000818,74.125.24.0-255,9274,141028,70,290783
17025,0.000821,172.31.40.0-255,66,141094,70,290783
17026,0.000891,74.125.24.0-255,1484,142578,70,290783
17027,0.000903,74.125.24.0-255,2902,145480,70,290783
17028,0.000906,172.31.40.0-255,66,145546,70,290783
17029,0.000912,74.125.24.0-255,5738,151284,70,290783
17030,0.000914,172.31.40.0-255,66,151350,70,290783
17031,0.000933,74.125.24.0-255,2902,154252,70,290783
17032,0.000936,172.31.40.0-255,66,154318,70,290783
17033,0.000969,74.125.24.0-255,9992,164310,70,290783
17034,0.000972,172.31.40.0-255,66,164376,70,290783
17035,0.000981,74.125.24.0-255,10692,175068,70,290783
17036,0.000983,172.31.40.0-255,66,175134,70,290783
17037,0.001036,74.125.24.0-255,9992,185126,70,290783
17038,0.001039,172.31.40.0-255,66,185192,70,290783
17039,0.001049,172.31.40.0-255,66,185258,70,290783
17040,0.001089,74.125.24.0-255,7156,192414,70,290783
17041,0.001092,172.31.40.0-255,66,192480,70,290783
17042,0.001119,74.125.24.0-255,5020,197500,70,290783
17043,0.001123,172.31.40.0-255,66,197566,70,290783
17044,0.001198,74.125.24.0-255,1484,199050,70,290783
17045,0.001204,74.125.24.0-255,2902,201952,70,290783
17046,0.001207,172.31.40.0-255,66,202018,70,290783
17047,0.001213,74.125.24.0-255,5738,207756,70,290783
17048,0.001215,172.31.40.0-255,66,207822,70,290783
17049,0.001218,74.125.24.0-255,1484,209306,70,290783
17050,0.001256,172.31.40.0-255,66,209372,70,290783
17051,0.001288,74.125.24.0-255,9274,218646,70,290783
17052,0.001291,172.31.40.0-255,66,218712,70,290783
17053,0.001352,74.125.24.0-255,1484,220196,70,290783
17054,0.001358,74.125.24.0-255,2902,223098,70,290783
17055,0.001361,172.31.40.0-255,66,223164,70,290783
17056,0.001386,74.125.24.0-255,5738,228902,70,290783
17057,0.001389,172.31.40.0-255,66,228968,70,290783
17058,0.001429,74.125.24.0-255,4320,233288,70,290783
17059,0.001431,172.31.40.0-255,66,233354,70,290783
17060,0.00146,74.125.24.0-255,8574,241928,70,290783
17061,0.001463,172.31.40.0-255,66,241994,70,290783
17062,0.001471,74.125.24.0-255,10692,252686,70,290783
17063,0.001473,172.31.40.0-255,66,252752,70,290783
17064,0.00149,172.31.40.0-255,66,252818,70,290783
17065,0.00154,172.31.40.0-255,66,252884,70,290783
17066,0.001548,74.125.24.0-255,9274,262158,70,290783
17067,0.00155,172.31.40.0-255,66,262224,70,290783
17068,0.001571,172.31.40.0-255,66,262290,70,290783
17069,0.001615,172.31.40.0-255,66,262356,70,290783
17070,0.001618,74.125.24.0-255,1484,263840,70,290783
17071,0.001642,74.125.24.0-255,2902,266742,70,290783
17072,0.001645,172.31.40.0-255,66,266808,70,290783
17073,0.001647,74.125.24.0-255,1484,268292,70,290783
17074,0.001672,74.125.24.0-255,4320,272612,70,290783
17075,0.001675,172.31.40.0-255,66,272678,70,290783
17076,0.001679,74.125.24.0-255,2902,275580,70,290783
17077,0.001681,172.31.40.0-255,66,275646,70,290783
17078,0.001716,74.125.24.0-255,8574,284220,70,290783
17079,0.00172,172.31.40.0-255,66,284286,70,290783
17080,0.001737,74.125.24.0-255,4034,288320,70,290783
17081,0.00174,172.31.40.0-255,66,288386,70,290783
17082,0.001762,74.125.24.0-255,105,288491,70,290783
17083,0.007461,172.31.40.0-255,66,288557,70,290783
17084,0.007504,172.31.40.0-255,105,288662,70,290783
17085,0.010017,74.125.24.0-255,66,288728,70,290783
17086,0.035602,172.31.40.0-255,172,288900,70,290783
17087,0.035632,172.31.40.0-255,1117,290017,70,290783
17088,0.035694,172.31.40.0-255,568,290585,70,290783
17089,0.037174,104.244.42.0-255,66,290651,70,290783
17090,0.037226,104.244.42.0-255,66,290717,70,290783
17091,0.037245,104.244.42.0-255,66,290783,70,290783
17092,0.0,172.217.194.0-255,146,146,70,271322
17093,2.4e-05,172.31.40.0-255,66,212,70,271322
17094,3.2e-05,172.217.194.0-255,1484,1696,70,271322
17095,3.6e-05,172.31.40.0-255,66,1762,70,271322
17096,4.3e-05,172.217.194.0-255,2902,4664,70,271322
17097,4.7e-05,172.31.40.0-255,66,4730,70,271322
17098,6.3e-05,172.217.194.0-255,7156,11886,70,271322
17099,6.6e-05,172.31.40.0-255,66,11952,70,271322
17100,7e-05,172.217.194.0-255,2003,13955,70,271322
17101,7.3e-05,172.31.40.0-255,66,14021,70,271322
17102,0.000193,172.217.194.0-255,1484,15505,70,271322
17103,0.000197,172.31.40.0-255,66,15571,70,271322
17104,0.000203,172.217.194.0-255,2902,18473,70,271322
17105,0.000205,172.31.40.0-255,66,18539,70,271322
17106,0.000217,172.217.194.0-255,5738,24277,70,271322
17107,0.000219,172.31.40.0-255,66,24343,70,271322
17108,0.000254,172.217.194.0-255,2902,27245,70,271322
17109,0.000257,172.31.40.0-255,66,27311,70,271322
17110,0.000285,172.217.194.0-255,3961,31272,70,271322
17111,0.000288,172.31.40.0-255,66,31338,70,271322
17112,0.00036,172.217.194.0-255,1484,32822,70,271322
17113,0.000363,172.31.40.0-255,66,32888,70,271322
17114,0.000389,172.217.194.0-255,2902,35790,70,271322
17115,0.000392,172.31.40.0-255,66,35856,70,271322
17116,0.000399,172.217.194.0-255,5738,41594,70,271322
17117,0.000401,172.31.40.0-255,66,41660,70,271322
17118,0.000413,172.217.194.0-255,6797,48457,70,271322
17119,0.000415,172.31.40.0-255,66,48523,70,271322
17120,0.000463,172.31.40.0-255,66,48589,70,271322
17121,0.000468,172.217.194.0-255,2834,51423,70,271322
17122,0.00047,172.31.40.0-255,66,51489,70,271322
17123,0.000473,172.217.194.0-255,98,51587,70,271322
17124,0.00052,172.217.194.0-255,1484,53071,70,271322
17125,0.000523,172.31.40.0-255,66,53137,70,271322
17126,0.000528,172.217.194.0-255,2902,56039,70,271322
17127,0.00053,172.31.40.0-255,66,56105,70,271322
17128,0.000552,172.217.194.0-255,4320,60425,70,271322
17129,0.000558,172.31.40.0-255,66,60491,70,271322
17130,0.000575,172.217.194.0-255,2902,63393,70,271322
17131,0.000578,172.31.40.0-255,66,63459,70,271322
17132,0.000581,172.217.194.0-255,1484,64943,70,271322
17133,0.000605,172.217.194.0-255,5738,70681,70,271322
17134,0.000608,172.31.40.0-255,66,70747,70,271322
17135,0.000644,172.217.194.0-255,5379,76126,70,271322
17136,0.000647,172.31.40.0-255,66,76192,70,271322
17137,0.000655,172.217.194.0-255,9932,86124,70,271322
17138,0.000658,172.31.40.0-255,66,86190,70,271322
17139,0.000685,172.217.194.0-255,1484,87674,70,271322
17140,0.00069,172.217.194.0-255,2902,90576,70,271322
17141,0.000692,172.31.40.0-255,66,90642,70,271322
17142,0.000713,172.217.194.0-255,5738,96380,70,271322
17143,0.000716,172.31.40.0-255,66,96446,70,271322
17144,0.000721,172.217.194.0-255,4320,100766,70,271322
17145,0.000724,172.31.40.0-255,66,100832,70,271322
17146,0.000754,172.217.194.0-255,2902,103734,70,271322
17147,0.000757,172.31.40.0-255,66,103800,70,271322
17148,0.000771,172.31.40.0-255,66,103866,70,271322
17149,0.000775,172.217.194.0-255,2184,106050,70,271322
17150,0.000782,172.217.194.0-255,2902,108952,70,271322
17151,0.000822,172.31.40.0-255,66,109018,70,271322
17152,0.000824,172.31.40.0-255,66,109084,70,271322
17153,0.000873,172.217.194.0-255,7156,116240,70,271322
17154,0.000877,172.31.40.0-255,66,116306,70,271322
17155,0.000897,172.31.40.0-255,66,116372,70,271322
17156,0.000905,172.217.194.0-255,9274,125646,70,271322
17157,0.000908,172.31.40.0-255,66,125712,70,271322
17158,0.000942,172.217.194.0-255,1484,127196,70,271322
17159,0.000947,172.217.194.0-255,2902,130098,70,271322
17160,0.000949,172.31.40.0-255,66,130164,70,271322
17161,0.000957,172.217.194.0-255,5738,135902,70,271322
17162,0.00096,172.31.40.0-255,66,135968,70,271322
17163,0.000987,172.217.194.0-255,7156,143124,70,271322
17164,0.00099,172.31.40.0-255,66,143190,70,271322
17165,0.00102,172.217.194.0-255,5738,148928,70,271322
17166,0.001023,172.31.40.0-255,66,148994,70,271322
17167,0.001033,172.217.194.0-255,10692,159686,70,271322
17168,0.001035,172.31.40.0-255,66,159752,70,271322
17169,0.00136,172.217.194.0-255,1484,161236,70,271322
17170,0.001367,172.217.194.0-255,2902,164138,70,271322
17171,0.00137,172.31.40.0-255,66,164204,70,271322
17172,0.001378,172.217.194.0-255,5738,169942,70,271322
17173,0.00138,172.31.40.0-255,66,170008,70,271322
17174,0.001402,172.217.194.0-255,1484,171492,70,271322
17175,0.001439,172.31.40.0-255,66,171558,70,271322
17176,0.001446,172.217.194.0-255,7156,178714,70,271322
17177,0.001462,172.31.40.0-255,66,178780,70,271322
17178,0.001466,172.217.194.0-255,2902,181682,70,271322
17179,0.001471,172.31.40.0-255,66,181748,70,271322
17180,0.001495,172.217.194.0-255,766,182514,70,271322
17181,0.001577,172.217.194.0-255,1484,183998,70,271322
17182,0.001581,172.31.40.0-255,66,184064,70,271322
17183,0.001617,172.217.194.0-255,2902,186966,70,271322
17184,0.00162,172.31.40.0-255,66,187032,70,271322
17185,0.001627,172.217.194.0-255,5738,192770,70,271322
17186,0.00163,172.31.40.0-255,66,192836,70,271322
17187,0.00169,172.217.194.0-255,10692,203528,70,271322
17188,0.001696,172.31.40.0-255,66,203594,70,271322
17189,0.001717,172.217.194.0-255,1484,205078,70,271322
17190,0.001722,172.217.194.0-255,2902,207980,70,271322
17191,0.001744,172.217.194.0-255,4320,212300,70,271322
17192,0.001758,172.31.40.0-255,66,212366,70,271322
17193,0.001761,172.217.194.0-255,1484,213850,70,271322
17194,0.001804,172.217.194.0-255,5738,219588,70,271322
17195,0.001811,172.31.40.0-255,66,219654,70,271322
17196,0.001831,172.217.194.0-255,7156,226810,70,271322
17197,0.001841,172.217.194.0-255,10692,237502,70,271322
17198,0.001864,172.31.40.0-255,66,237568,70,271322
17199,0.001887,172.217.194.0-255,1484,239052,70,271322
17200,0.001892,172.217.194.0-255,2902,241954,70,271322
17201,0.001897,172.31.40.0-255,66,242020,70,271322
17202,0.001929,172.217.194.0-255,5738,247758,70,271322
17203,0.001936,172.217.194.0-255,5738,253496,70,271322
17204,0.001941,172.217.194.0-255,2902,256398,70,271322
17205,0.001946,172.31.40.0-255,66,256464,70,271322
17206,0.00198,172.217.194.0-255,9992,266456,70,271322
17207,0.002,172.31.40.0-255,66,266522,70,271322
17208,0.002052,172.31.40.0-255,66,266588,70,271322
17209,0.004032,172.217.194.0-255,105,266693,70,271322
17210,0.004624,172.31.40.0-255,66,266759,70,271322
17211,0.004664,172.31.40.0-255,105,266864,70,271322
17212,0.006678,172.217.194.0-255,66,266930,70,271322
17213,0.041272,172.31.40.0-255,171,267101,70,271322
17214,0.041308,172.31.40.0-255,1138,268239,70,271322
17215,0.041375,172.31.40.0-255,1514,269753,70,271322
17216,0.041396,172.31.40.0-255,1305,271058,70,271322
17217,0.042815,104.244.42.0-255,66,271124,70,271322
17218,0.042845,104.244.42.0-255,66,271190,70,271322
17219,0.042894,104.244.42.0-255,66,271256,70,271322
17220,0.042948,104.244.42.0-255,66,271322,70,271322
17221,0.0,74.125.24.0-255,153,153,70,318283
17222,1.8e-05,172.31.40.0-255,66,219,70,318283
17223,2.6e-05,74.125.24.0-255,1484,1703,70,318283
17224,3.1e-05,172.31.40.0-255,66,1769,70,318283
17225,4.3e-05,74.125.24.0-255,2902,4671,70,318283
17226,4.7e-05,172.31.40.0-255,66,4737,70,318283
17227,5.3e-05,74.125.24.0-255,4320,9057,70,318283
17228,5.7e-05,172.31.40.0-255,66,9123,70,318283
17229,8.2e-05,74.125.24.0-255,5738,14861,70,318283
17230,8.9e-05,172.31.40.0-255,66,14927,70,318283
17231,0.000116,74.125.24.0-255,3445,18372,70,318283
17232,0.000118,172.31.40.0-255,66,18438,70,318283
17233,0.000128,74.125.24.0-255,9992,28430,70,318283
17234,0.000135,172.31.40.0-255,66,28496,70,318283
17235,0.000157,74.125.24.0-255,5738,34234,70,318283
17236,0.000159,172.31.40.0-255,66,34300,70,318283
17237,0.000197,172.31.40.0-255,66,34366,70,318283
17238,0.000315,74.125.24.0-255,1484,35850,70,318283
17239,0.000319,172.31.40.0-255,66,35916,70,318283
17240,0.000326,74.125.24.0-255,2902,38818,70,318283
17241,0.000328,172.31.40.0-255,66,38884,70,318283
17242,0.000333,74.125.24.0-255,4320,43204,70,318283
17243,0.000341,172.31.40.0-255,66,43270,70,318283
17244,0.000376,74.125.24.0-255,1484,44754,70,318283
17245,0.000379,172.31.40.0-255,66,44820,70,318283
17246,0.000386,74.125.24.0-255,7103,51923,70,318283
17247,0.000389,172.31.40.0-255,66,51989,70,318283
17248,0.000396,74.125.24.0-255,348,52337,70,318283
17249,0.000399,172.31.40.0-255,66,52403,70,318283
17250,0.000517,74.125.24.0-255,1484,53887,70,318283
17251,0.000539,74.125.24.0-255,1484,55371,70,318283
17252,0.000544,172.31.40.0-255,66,55437,70,318283
17253,0.000555,74.125.24.0-255,1484,56921,70,318283
17254,0.000558,172.31.40.0-255,66,56987,70,318283
17255,0.00057,74.125.24.0-255,5738,62725,70,318283
17256,0.000572,172.31.40.0-255,66,62791,70,318283
17257,0.00058,74.125.24.0-255,8574,71365,70,318283
17258,0.000583,172.31.40.0-255,66,71431,70,318283
17259,0.000615,74.125.24.0-255,5738,77169,70,318283
17260,0.000617,172.31.40.0-255,66,77235,70,318283
17261,0.000652,74.125.24.0-255,9274,86509,70,318283
17262,0.000655,172.31.40.0-255,66,86575,70,318283
17263,0.000979,74.125.24.0-255,1484,88059,70,318283
17264,0.001001,74.125.24.0-255,2902,90961,70,318283
17265,0.001005,172.31.40.0-255,66,91027,70,318283
17266,0.001011,74.125.24.0-255,4320,95347,70,318283
17267,0.001013,172.31.40.0-255,66,95413,70,318283
17268,0.001046,74.125.24.0-255,1484,96897,70,318283
17269,0.00106,172.31.40.0-255,66,96963,70,318283
17270,0.001066,74.125.24.0-255,4320,101283,70,318283
17271,0.001068,172.31.40.0-255,66,101349,70,318283
17272,0.001102,74.125.24.0-255,6438,107787,70,318283
17273,0.001106,172.31.40.0-255,66,107853,70,318283
17274,0.001927,74.125.24.0-255,1484,109337,70,318283
17275,0.001947,74.125.24.0-255,2902,112239,70,318283
17276,0.001951,172.31.40.0-255,66,112305,70,318283
17277,0.00196,74.125.24.0-255,5738,118043,70,318283
17278,0.001962,172.31.40.0-255,66,118109,70,318283
17279,0.001973,74.125.24.0-255,7156,125265,70,318283
17280,0.001976,172.31.40.0-255,66,125331,70,318283
17281,0.001981,74.125.24.0-255,2902,128233,70,318283
17282,0.001982,172.31.40.0-255,66,128299,70,318283
17283,0.002018,74.125.24.0-255,5738,134037,70,318283
17284,0.002021,172.31.40.0-255,66,134103,70,318283
17285,0.002028,74.125.24.0-255,5738,139841,70,318283
17286,0.00203,172.31.40.0-255,66,139907,70,318283
17287,0.00206,74.125.24.0-255,9274,149181,70,318283
17288,0.002062,172.31.40.0-255,66,149247,70,318283
17289,0.002083,172.31.40.0-255,66,149313,70,318283
17290,0.002093,74.125.24.0-255,10692,160005,70,318283
17291,0.002095,172.31.40.0-255,66,160071,70,318283
17292,0.002143,74.125.24.0-255,1484,161555,70,318283
17293,0.002156,74.125.24.0-255,2902,164457,70,318283
17294,0.002159,172.31.40.0-255,66,164523,70,318283
17295,0.002164,74.125.24.0-255,2902,167425,70,318283
17296,0.002166,172.31.40.0-255,66,167491,70,318283
17297,0.002199,74.125.24.0-255,2902,170393,70,318283
17298,0.002202,172.31.40.0-255,66,170459,70,318283
17299,0.002221,172.31.40.0-255,66,170525,70,318283
17300,0.002227,74.125.24.0-255,5738,176263,70,318283
17301,0.002229,172.31.40.0-255,66,176329,70,318283
17302,0.002265,74.125.24.0-255,5020,181349,70,318283
17303,0.002268,172.31.40.0-255,66,181415,70,318283
17304,0.002287,172.31.40.0-255,66,181481,70,318283
17305,0.002294,74.125.24.0-255,4320,185801,70,318283
17306,0.002296,172.31.40.0-255,66,185867,70,318283
17307,0.002332,74.125.24.0-255,2902,188769,70,318283
17308,0.002335,172.31.40.0-255,66,188835,70,318283
17309,0.002386,172.31.40.0-255,66,188901,70,318283
17310,0.002396,74.125.24.0-255,10692,199593,70,318283
17311,0.002398,172.31.40.0-255,66,199659,70,318283
17312,0.002411,74.125.24.0-255,8574,208233,70,318283
17313,0.002414,172.31.40.0-255,66,208299,70,318283
17314,0.002416,74.125.24.0-255,1484,209783,70,318283
17315,0.002424,74.125.24.0-255,7156,216939,70,318283
17316,0.002426,172.31.40.0-255,66,217005,70,318283
17317,0.002431,74.125.24.0-255,4320,221325,70,318283
17318,0.002434,172.31.40.0-255,66,221391,70,318283
17319,0.002437,74.125.24.0-255,1484,222875,70,318283
17320,0.002441,74.125.24.0-255,766,223641,70,318283
17321,0.002443,172.31.40.0-255,66,223707,70,318283
17322,0.002445,74.125.24.0-255,1484,225191,70,318283
17323,0.002489,74.125.24.0-255,4320,229511,70,318283
17324,0.002493,172.31.40.0-255,66,229577,70,318283
17325,0.0025,74.125.24.0-255,5738,235315,70,318283
17326,0.002502,172.31.40.0-255,66,235381,70,318283
17327,0.002505,74.125.24.0-255,1484,236865,70,318283
17328,0.002518,74.125.24.0-255,8574,245439,70,318283
17329,0.002521,172.31.40.0-255,66,245505,70,318283
17330,0.002527,74.125.24.0-255,5738,251243,70,318283
17331,0.002529,172.31.40.0-255,66,251309,70,318283
17332,0.002534,74.125.24.0-255,4320,255629,70,318283
17333,0.002536,172.31.40.0-255,66,255695,70,318283
17334,0.00254,74.125.24.0-255,2184,257879,70,318283
17335,0.002542,172.31.40.0-255,66,257945,70,318283
17336,0.002783,74.125.24.0-255,1484,259429,70,318283
17337,0.002817,74.125.24.0-255,2902,262331,70,318283
17338,0.002822,172.31.40.0-255,66,262397,70,318283
17339,0.002826,74.125.24.0-255,1484,263881,70,318283
17340,0.002832,74.125.24.0-255,4320,268201,70,318283
17341,0.002835,172.31.40.0-255,66,268267,70,318283
17342,0.00285,74.125.24.0-255,1484,269751,70,318283
17343,0.002856,74.125.24.0-255,4320,274071,70,318283
17344,0.002865,172.31.40.0-255,66,274137,70,318283
17345,0.002888,74.125.24.0-255,8574,282711,70,318283
17346,0.002894,74.125.24.0-255,4320,287031,70,318283
17347,0.002896,74.125.24.0-255,1484,288515,70,318283
17348,0.002901,74.125.24.0-255,2902,291417,70,318283
17349,0.002904,74.125.24.0-255,766,292183,70,318283
17350,0.002906,74.125.24.0-255,1484,293667,70,318283
17351,0.002928,74.125.24.0-255,1484,295151,70,318283
17352,0.002948,74.125.24.0-255,5738,300889,70,318283
17353,0.002965,74.125.24.0-255,4320,305209,70,318283
17354,0.002969,74.125.24.0-255,1484,306693,70,318283
17355,0.002998,74.125.24.0-255,8574,315267,70,318283
17356,0.003001,74.125.24.0-255,1484,316751,70,318283
17357,0.003019,74.125.24.0-255,1190,317941,70,318283
17358,0.003058,74.125.24.0-255,105,318046,70,318283
17359,0.007784,172.31.40.0-255,66,318112,70,318283
17360,0.009613,172.31.40.0-255,105,318217,70,318283
17361,0.011903,74.125.24.0-255,66,318283,70,318283
17362,0.0,74.125.24.0-255,153,153,70,351090
17363,2.4e-05,172.31.40.0-255,66,219,70,351090
17364,3.2e-05,74.125.24.0-255,1484,1703,70,351090
17365,3.7e-05,172.31.40.0-255,66,1769,70,351090
17366,4.3e-05,74.125.24.0-255,2902,4671,70,351090
17367,4.7e-05,172.31.40.0-255,66,4737,70,351090
17368,5e-05,74.125.24.0-255,1484,6221,70,351090
17369,5.2e-05,172.31.40.0-255,66,6287,70,351090
17370,6e-05,74.125.24.0-255,5738,12025,70,351090
17371,6.4e-05,172.31.40.0-255,66,12091,70,351090
17372,7.2e-05,74.125.24.0-255,7156,19247,70,351090
17373,7.5e-05,172.31.40.0-255,66,19313,70,351090
17374,0.000109,74.125.24.0-255,610,19923,70,351090
17375,0.000111,172.31.40.0-255,66,19989,70,351090
17376,0.000121,74.125.24.0-255,8574,28563,70,351090
17377,0.000124,172.31.40.0-255,66,28629,70,351090
17378,0.000128,74.125.24.0-255,2543,31172,70,351090
17379,0.00013,172.31.40.0-255,66,31238,70,351090
17380,0.000259,74.125.24.0-255,1484,32722,70,351090
17381,0.000263,172.31.40.0-255,66,32788,70,351090
17382,0.000269,74.125.24.0-255,2902,35690,70,351090
17383,0.000271,172.31.40.0-255,66,35756,70,351090
17384,0.000303,74.125.24.0-255,5738,41494,70,351090
17385,0.000306,172.31.40.0-255,66,41560,70,351090
17386,0.000321,74.125.24.0-255,5738,47298,70,351090
17387,0.000324,172.31.40.0-255,66,47364,70,351090
17388,0.000341,74.125.24.0-255,8215,55579,70,351090
17389,0.000344,172.31.40.0-255,66,55645,70,351090
17390,0.000354,74.125.24.0-255,9944,65589,70,351090
17391,0.000357,172.31.40.0-255,66,65655,70,351090
17392,0.000359,74.125.24.0-255,112,65767,70,351090
17393,0.000361,172.31.40.0-255,66,65833,70,351090
17394,0.000397,74.125.24.0-255,330,66163,70,351090
17395,0.000502,74.125.24.0-255,1484,67647,70,351090
17396,0.000506,172.31.40.0-255,66,67713,70,351090
17397,0.000511,74.125.24.0-255,2902,70615,70,351090
17398,0.000513,172.31.40.0-255,66,70681,70,351090
17399,0.000539,74.125.24.0-255,2902,73583,70,351090
17400,0.000542,172.31.40.0-255,66,73649,70,351090
17401,0.000563,74.125.24.0-255,2902,76551,70,351090
17402,0.000568,74.125.24.0-255,5738,82289,70,351090
17403,0.000583,172.31.40.0-255,66,82355,70,351090
17404,0.000586,172.31.40.0-255,66,82421,70,351090
17405,0.000589,172.31.40.0-255,66,82487,70,351090
17406,0.000604,74.125.24.0-255,2543,85030,70,351090
17407,0.000606,172.31.40.0-255,66,85096,70,351090
17408,0.000612,74.125.24.0-255,3961,89057,70,351090
17409,0.000614,172.31.40.0-255,66,89123,70,351090
17410,0.000745,74.125.24.0-255,1484,90607,70,351090
17411,0.00077,74.125.24.0-255,2902,93509,70,351090
17412,0.000773,172.31.40.0-255,66,93575,70,351090
17413,0.00078,74.125.24.0-255,5738,99313,70,351090
17414,0.000783,172.31.40.0-255,66,99379,70,351090
17415,0.000788,74.125.24.0-255,2902,102281,70,351090
17416,0.00079,172.31.40.0-255,66,102347,70,351090
17417,0.000811,74.125.24.0-255,9992,112339,70,351090
17418,0.000814,172.31.40.0-255,66,112405,70,351090
17419,0.000844,74.125.24.0-255,8574,120979,70,351090
17420,0.000847,172.31.40.0-255,66,121045,70,351090
17421,0.000882,74.125.24.0-255,2184,123229,70,351090
17422,0.000886,172.31.40.0-255,66,123295,70,351090
17423,0.000913,74.125.24.0-255,9992,133287,70,351090
17424,0.000917,172.31.40.0-255,66,133353,70,351090
17425,0.000925,74.125.24.0-255,8574,141927,70,351090
17426,0.000928,172.31.40.0-255,66,141993,70,351090
17427,0.000942,74.125.24.0-255,2902,144895,70,351090
17428,0.000944,172.31.40.0-255,66,144961,70,351090
17429,0.000952,74.125.24.0-255,7156,152117,70,351090
17430,0.000954,172.31.40.0-255,66,152183,70,351090
17431,0.000975,74.125.24.0-255,5020,157203,70,351090
17432,0.000979,172.31.40.0-255,66,157269,70,351090
17433,0.001018,172.31.40.0-255,66,157335,70,351090
17434,0.001021,74.125.24.0-255,1484,158819,70,351090
17435,0.001055,172.31.40.0-255,66,158885,70,351090
17436,0.001062,74.125.24.0-255,6438,165323,70,351090
17437,0.001064,172.31.40.0-255,66,165389,70,351090
17438,0.00112,74.125.24.0-255,1484,166873,70,351090
17439,0.001137,74.125.24.0-255,2902,169775,70,351090
17440,0.00114,172.31.40.0-255,66,169841,70,351090
17441,0.001143,74.125.24.0-255,1484,171325,70,351090
17442,0.001163,74.125.24.0-255,4320,175645,70,351090
17443,0.001166,172.31.40.0-255,66,175711,70,351090
17444,0.001188,74.125.24.0-255,7156,182867,70,351090
17445,0.00119,172.31.40.0-255,66,182933,70,351090
17446,0.001197,74.125.24.0-255,5738,188671,70,351090
17447,0.001199,172.31.40.0-255,66,188737,70,351090
17448,0.001228,74.125.24.0-255,8574,197311,70,351090
17449,0.001231,172.31.40.0-255,66,197377,70,351090
17450,0.001235,74.125.24.0-255,2184,199561,70,351090
17451,0.001238,172.31.40.0-255,66,199627,70,351090
17452,0.001276,74.125.24.0-255,1484,201111,70,351090
17453,0.00129,74.125.24.0-255,1484,202595,70,351090
17454,0.001293,172.31.40.0-255,66,202661,70,351090
17455,0.001312,74.125.24.0-255,1484,204145,70,351090
17456,0.00132,74.125.24.0-255,5738,209883,70,351090
17457,0.001323,172.31.40.0-255,66,209949,70,351090
17458,0.001376,74.125.24.0-255,9992,219941,70,351090
17459,0.001378,172.31.40.0-255,66,220007,70,351090
17460,0.001394,74.125.24.0-255,2902,222909,70,351090
17461,0.001397,172.31.40.0-255,66,222975,70,351090
17462,0.001407,74.125.24.0-255,10692,233667,70,351090
17463,0.001409,172.31.40.0-255,66,233733,70,351090
17464,0.001412,74.125.24.0-255,1484,235217,70,351090
17465,0.001429,74.125.24.0-255,2902,238119,70,351090
17466,0.001432,172.31.40.0-255,66,238185,70,351090
17467,0.001438,74.125.24.0-255,5738,243923,70,351090
17468,0.00144,172.31.40.0-255,66,243989,70,351090
17469,0.001463,74.125.24.0-255,5738,249727,70,351090
17470,0.001466,172.31.40.0-255,66,249793,70,351090
17471,0.001485,74.125.24.0-255,7156,256949,70,351090
17472,0.001488,172.31.40.0-255,66,257015,70,351090
17473,0.001533,74.125.24.0-255,10692,267707,70,351090
17474,0.001536,172.31.40.0-255,66,267773,70,351090
17475,0.001946,74.125.24.0-255,1484,269257,70,351090
17476,0.001952,74.125.24.0-255,2902,272159,70,351090
17477,0.001955,172.31.40.0-255,66,272225,70,351090
17478,0.00196,74.125.24.0-255,2902,275127,70,351090
17479,0.001962,172.31.40.0-255,66,275193,70,351090
17480,0.00198,74.125.24.0-255,2902,278095,70,351090
17481,0.001983,172.31.40.0-255,66,278161,70,351090
17482,0.00199,74.125.24.0-255,7156,285317,70,351090
17483,0.001992,172.31.40.0-255,66,285383,70,351090
17484,0.002007,74.125.24.0-255,2902,288285,70,351090
17485,0.002009,172.31.40.0-255,66,288351,70,351090
17486,0.002032,172.31.40.0-255,66,288417,70,351090
17487,0.002036,74.125.24.0-255,2184,290601,70,351090
17488,0.002038,172.31.40.0-255,66,290667,70,351090
17489,0.004081,74.125.24.0-255,2902,293569,70,351090
17490,0.004094,172.31.40.0-255,66,293635,70,351090
17491,0.00411,74.125.24.0-255,2902,296537,70,351090
17492,0.004112,172.31.40.0-255,66,296603,70,351090
17493,0.006221,74.125.24.0-255,5738,302341,70,351090
17494,0.006239,172.31.40.0-255,66,302407,70,351090
17495,0.008314,74.125.24.0-255,5738,308145,70,351090
17496,0.008322,172.31.40.0-255,66,308211,70,351090
17497,0.010398,74.125.24.0-255,5738,313949,70,351090
17498,0.010403,172.31.40.0-255,66,314015,70,351090
17499,0.012479,74.125.24.0-255,5738,319753,70,351090
17500,0.012484,172.31.40.0-255,66,319819,70,351090
17501,0.013859,172.31.40.0-255,101,319920,70,351090
17502,0.014545,74.125.24.0-255,5738,325658,70,351090
17503,0.014551,172.31.40.0-255,66,325724,70,351090
17504,0.015879,74.125.24.0-255,66,325790,70,351090
17505,0.016611,74.125.24.0-255,4320,330110,70,351090
17506,0.01662,172.31.40.0-255,66,330176,70,351090
17507,0.01664,74.125.24.0-255,1484,331660,70,351090
17508,0.018691,74.125.24.0-255,4320,335980,70,351090
17509,0.018706,172.31.40.0-255,66,336046,70,351090
17510,0.020775,74.125.24.0-255,5738,341784,70,351090
17511,0.020781,172.31.40.0-255,66,341850,70,351090
17512,0.022827,74.125.24.0-255,5738,347588,70,351090
17513,0.022834,172.31.40.0-255,66,347654,70,351090
17514,0.024896,74.125.24.0-255,3199,350853,70,351090
17515,0.024902,172.31.40.0-255,66,350919,70,351090
17516,0.036579,172.31.40.0-255,105,351024,70,351090
17517,0.043609,74.125.24.0-255,66,351090,70,351090
17518,0.0,74.125.200.0-255,297,297,70,301306
17519,2.2e-05,172.31.40.0-255,66,363,70,301306
17520,3e-05,74.125.200.0-255,1484,1847,70,301306
17521,3.4e-05,172.31.40.0-255,66,1913,70,301306
17522,3.7e-05,74.125.200.0-255,1484,3397,70,301306
17523,4.8e-05,172.31.40.0-255,66,3463,70,301306
17524,5.4e-05,74.125.200.0-255,4320,7783,70,301306
17525,5.7e-05,172.31.40.0-255,66,7849,70,301306
17526,7.4e-05,74.125.200.0-255,2902,10751,70,301306
17527,7.7e-05,172.31.40.0-255,66,10817,70,301306
17528,0.000102,74.125.200.0-255,3259,14076,70,301306
17529,0.000105,172.31.40.0-255,66,14142,70,301306
17530,0.000118,74.125.200.0-255,7156,21298,70,301306
17531,0.000121,172.31.40.0-255,66,21364,70,301306
17532,0.000124,74.125.200.0-255,2902,24266,70,301306
17533,0.000126,172.31.40.0-255,66,24332,70,301306
17534,0.000156,74.125.200.0-255,1484,25816,70,301306
17535,0.000159,172.31.40.0-255,66,25882,70,301306
17536,0.000165,74.125.200.0-255,5379,31261,70,301306
17537,0.000168,172.31.40.0-255,66,31327,70,301306
17538,0.000207,74.125.200.0-255,1484,32811,70,301306
17539,0.000209,172.31.40.0-255,66,32877,70,301306
17540,0.000226,74.125.200.0-255,1484,34361,70,301306
17541,0.000229,172.31.40.0-255,66,34427,70,301306
17542,0.000233,74.125.200.0-255,2902,37329,70,301306
17543,0.000235,172.31.40.0-255,66,37395,70,301306
17544,0.000252,74.125.200.0-255,1484,38879,70,301306
17545,0.000254,172.31.40.0-255,66,38945,70,301306
17546,0.000279,74.125.200.0-255,4320,43265,70,301306
17547,0.000281,172.31.40.0-255,66,43331,70,301306
17548,0.000305,74.125.200.0-255,2902,46233,70,301306
17549,0.000307,172.31.40.0-255,66,46299,70,301306
17550,0.000338,74.125.200.0-255,2543,48842,70,301306
17551,0.000521,172.31.40.0-255,66,48908,70,301306
17552,0.000688,74.125.200.0-255,1484,50392,70,301306
17553,0.000705,74.125.200.0-255,2902,53294,70,301306
17554,0.000707,74.125.200.0-255,1484,54778,70,301306
17555,0.000711,172.31.40.0-255,66,54844,70,301306
17556,0.000749,74.125.200.0-255,2902,57746,70,301306
17557,0.000758,172.31.40.0-255,66,57812,70,301306
17558,0.000768,74.125.200.0-255,2902,60714,70,301306
17559,0.000798,172.31.40.0-255,66,60780,70,301306
17560,0.000817,74.125.200.0-255,4320,65100,70,301306
17561,0.00082,74.125.200.0-255,1125,66225,70,301306
17562,0.000837,172.31.40.0-255,66,66291,70,301306
17563,0.000876,74.125.200.0-255,1484,67775,70,301306
17564,0.000894,74.125.200.0-255,2902,70677,70,301306
17565,0.000899,172.31.40.0-255,66,70743,70,301306
17566,0.00093,74.125.200.0-255,4320,75063,70,301306
17567,0.00094,172.31.40.0-255,66,75129,70,301306
17568,0.000949,74.125.200.0-255,1484,76613,70,301306
17569,0.000951,74.125.200.0-255,1484,78097,70,301306
17570,0.000973,74.125.200.0-255,1484,79581,70,301306
17571,0.000985,74.125.200.0-255,1484,81065,70,301306
17572,0.000993,172.31.40.0-255,66,81131,70,301306
17573,0.001029,74.125.200.0-255,2543,83674,70,301306
17574,0.001046,172.31.40.0-255,66,83740,70,301306
17575,0.00124,74.125.200.0-255,1484,85224,70,301306
17576,0.001257,74.125.200.0-255,2902,88126,70,301306
17577,0.00126,172.31.40.0-255,66,88192,70,301306
17578,0.001284,74.125.200.0-255,1484,89676,70,301306
17579,0.001301,74.125.200.0-255,2902,92578,70,301306
17580,0.001312,172.31.40.0-255,66,92644,70,301306
17581,0.001322,74.125.200.0-255,4320,96964,70,301306
17582,0.001339,172.31.40.0-255,66,97030,70,301306
17583,0.001376,74.125.200.0-255,2902,99932,70,301306
17584,0.001379,172.31.40.0-255,66,99998,70,301306
17585,0.001421,74.125.200.0-255,1125,101123,70,301306
17586,0.001576,74.125.200.0-255,1484,102607,70,301306
17587,0.001581,172.31.40.0-255,66,102673,70,301306
17588,0.001586,74.125.200.0-255,2902,105575,70,301306
17589,0.001609,74.125.200.0-255,4320,109895,70,301306
17590,0.001621,74.125.200.0-255,1484,111379,70,301306
17591,0.001631,172.31.40.0-255,66,111445,70,301306
17592,0.001638,74.125.200.0-255,5738,117183,70,301306
17593,0.001642,172.31.40.0-255,66,117249,70,301306
17594,0.001672,74.125.200.0-255,5738,122987,70,301306
17595,0.001686,74.125.200.0-255,1484,124471,70,301306
17596,0.00169,74.125.200.0-255,2902,127373,70,301306
17597,0.001705,74.125.200.0-255,2902,130275,70,301306
17598,0.001715,172.31.40.0-255,66,130341,70,301306
17599,0.001719,74.125.200.0-255,2902,133243,70,301306
17600,0.001722,74.125.200.0-255,1484,134727,70,301306
17601,0.001727,172.31.40.0-255,66,134793,70,301306
17602,0.001754,74.125.200.0-255,7156,141949,70,301306
17603,0.001764,74.125.200.0-255,9992,151941,70,301306
17604,0.001782,74.125.200.0-255,5599,157540,70,301306
17605,0.001803,172.31.40.0-255,66,157606,70,301306
17606,0.002019,74.125.200.0-255,1484,159090,70,301306
17607,0.002037,74.125.200.0-255,2902,161992,70,301306
17608,0.002056,172.31.40.0-255,66,162058,70,301306
17609,0.002066,74.125.200.0-255,2902,164960,70,301306
17610,0.00207,172.31.40.0-255,66,165026,70,301306
17611,0.002098,74.125.200.0-255,2902,167928,70,301306
17612,0.002101,74.125.200.0-255,1484,169412,70,301306
17613,0.002104,74.125.200.0-255,1484,170896,70,301306
17614,0.002112,172.31.40.0-255,66,170962,70,301306
17615,0.004164,74.125.200.0-255,2902,173864,70,301306
17616,0.004172,172.31.40.0-255,66,173930,70,301306
17617,0.0042,74.125.200.0-255,2902,176832,70,301306
17618,0.006212,74.125.200.0-255,2902,179734,70,301306
17619,0.008062,172.31.40.0-255,66,179800,70,301306
17620,0.010158,74.125.200.0-255,5738,185538,70,301306
17621,0.010165,172.31.40.0-255,66,185604,70,301306
17622,0.012224,74.125.200.0-255,5738,191342,70,301306
17623,0.012231,172.31.40.0-255,66,191408,70,301306
17624,0.014307,74.125.200.0-255,5738,197146,70,301306
17625,0.014498,172.31.40.0-255,66,197212,70,301306
17626,0.016565,74.125.200.0-255,5738,202950,70,301306
17627,0.016574,172.31.40.0-255,66,203016,70,301306
17628,0.018653,74.125.200.0-255,5738,208754,70,301306
17629,0.018665,172.31.40.0-255,66,208820,70,301306
17630,0.020741,74.125.200.0-255,5738,214558,70,301306
17631,0.020749,172.31.40.0-255,66,214624,70,301306
17632,0.022809,74.125.200.0-255,5738,220362,70,301306
17633,0.022817,172.31.40.0-255,66,220428,70,301306
17634,0.024882,74.125.200.0-255,5738,226166,70,301306
17635,0.024891,172.31.40.0-255,66,226232,70,301306
17636,0.026958,74.125.200.0-255,5738,231970,70,301306
17637,0.026966,172.31.40.0-255,66,232036,70,301306
17638,0.029049,74.125.200.0-255,5738,237774,70,301306
17639,0.029055,172.31.40.0-255,66,237840,70,301306
17640,0.029655,172.31.40.0-255,172,238012,70,301306
17641,0.029692,172.31.40.0-255,1118,239130,70,301306
17642,0.029751,172.31.40.0-255,1514,240644,70,301306
17643,0.029753,172.31.40.0-255,1514,242158,70,301306
17644,0.029754,172.31.40.0-255,844,243002,70,301306
17645,0.031155,74.125.200.0-255,5738,248740,70,301306
17646,0.031161,172.31.40.0-255,66,248806,70,301306
17647,0.031205,104.244.42.0-255,66,248872,70,301306
17648,0.03121,104.244.42.0-255,66,248938,70,301306
17649,0.031303,104.244.42.0-255,66,249004,70,301306
17650,0.031308,104.244.42.0-255,66,249070,70,301306
17651,0.03323,74.125.200.0-255,5738,254808,70,301306
17652,0.033237,172.31.40.0-255,66,254874,70,301306
17653,0.035297,74.125.200.0-255,5738,260612,70,301306
17654,0.035304,172.31.40.0-255,66,260678,70,301306
17655,0.037375,74.125.200.0-255,5738,266416,70,301306
17656,0.037382,172.31.40.0-255,66,266482,70,301306
17657,0.039459,74.125.200.0-255,5738,272220,70,301306
17658,0.039466,172.31.40.0-255,66,272286,70,301306
17659,0.041529,74.125.200.0-255,5738,278024,70,301306
17660,0.041536,172.31.40.0-255,66,278090,70,301306
17661,0.043618,74.125.200.0-255,5738,283828,70,301306
17662,0.043625,172.31.40.0-255,66,283894,70,301306
17663,0.045697,74.125.200.0-255,5738,289632,70,301306
17664,0.045703,172.31.40.0-255,66,289698,70,301306
17665,0.047781,74.125.200.0-255,5738,295436,70,301306
17666,0.047788,172.31.40.0-255,66,295502,70,301306
17667,0.049851,74.125.200.0-255,5738,301240,70,301306
17668,0.049856,172.31.40.0-255,66,301306,70,301306
17669,0.0,172.217.194.0-255,153,153,70,342942
17670,2.2e-05,172.31.40.0-255,66,219,70,342942
17671,2.9e-05,172.217.194.0-255,1484,1703,70,342942
17672,3.3e-05,172.31.40.0-255,66,1769,70,342942
17673,3.9e-05,172.217.194.0-255,2902,4671,70,342942
17674,6.1e-05,172.31.40.0-255,66,4737,70,342942
17675,6.8e-05,172.217.194.0-255,5738,10475,70,342942
17676,7.1e-05,172.31.40.0-255,66,10541,70,342942
17677,7.7e-05,172.217.194.0-255,3485,14026,70,342942
17678,8e-05,172.31.40.0-255,66,14092,70,342942
17679,0.000208,172.217.194.0-255,1484,15576,70,342942
17680,0.000214,172.31.40.0-255,66,15642,70,342942
17681,0.000219,172.217.194.0-255,2902,18544,70,342942
17682,0.000222,172.31.40.0-255,66,18610,70,342942
17683,0.000266,172.217.194.0-255,5738,24348,70,342942
17684,0.000269,172.31.40.0-255,66,24414,70,342942
17685,0.000275,172.217.194.0-255,4320,28734,70,342942
17686,0.000277,172.31.40.0-255,66,28800,70,342942
17687,0.000296,172.217.194.0-255,6797,35597,70,342942
17688,0.000299,172.31.40.0-255,66,35663,70,342942
17689,0.000311,172.31.40.0-255,66,35729,70,342942
17690,0.00034,172.217.194.0-255,9992,45721,70,342942
17691,0.000342,172.31.40.0-255,66,45787,70,342942
17692,0.000359,172.217.194.0-255,4320,50107,70,342942
17693,0.000362,172.31.40.0-255,66,50173,70,342942
17694,0.000365,172.217.194.0-255,1484,51657,70,342942
17695,0.000368,172.31.40.0-255,66,51723,70,342942
17696,0.000385,172.217.194.0-255,2184,53907,70,342942
17697,0.000387,172.31.40.0-255,66,53973,70,342942
17698,0.000401,172.217.194.0-255,390,54363,70,342942
17699,0.000403,172.31.40.0-255,66,54429,70,342942
17700,0.000457,172.217.194.0-255,1484,55913,70,342942
17701,0.000477,172.217.194.0-255,4320,60233,70,342942
17702,0.000481,172.31.40.0-255,66,60299,70,342942
17703,0.000506,172.217.194.0-255,7156,67455,70,342942
17704,0.00051,172.31.40.0-255,66,67521,70,342942
17705,0.000529,172.217.194.0-255,4320,71841,70,342942
17706,0.000532,172.31.40.0-255,66,71907,70,342942
17707,0.000568,172.31.40.0-255,66,71973,70,342942
17708,0.000588,172.217.194.0-255,4320,76293,70,342942
17709,0.00059,172.31.40.0-255,66,76359,70,342942
17710,0.000606,172.217.194.0-255,1085,77444,70,342942
17711,0.001164,172.217.194.0-255,1484,78928,70,342942
17712,0.00117,172.31.40.0-255,66,78994,70,342942
17713,0.001177,172.217.194.0-255,2902,81896,70,342942
17714,0.001178,172.31.40.0-255,66,81962,70,342942
17715,0.001184,172.217.194.0-255,4320,86282,70,342942
17716,0.001186,172.31.40.0-255,66,86348,70,342942
17717,0.001215,172.217.194.0-255,1484,87832,70,342942
17718,0.001225,172.217.194.0-255,7156,94988,70,342942
17719,0.001227,172.31.40.0-255,66,95054,70,342942
17720,0.001234,172.217.194.0-255,5738,100792,70,342942
17721,0.001236,172.31.40.0-255,66,100858,70,342942
17722,0.001256,172.217.194.0-255,8574,109432,70,342942
17723,0.001258,172.31.40.0-255,66,109498,70,342942
17724,0.001262,172.217.194.0-255,2184,111682,70,342942
17725,0.001265,172.31.40.0-255,66,111748,70,342942
17726,0.001414,172.217.194.0-255,1484,113232,70,342942
17727,0.001419,172.217.194.0-255,2902,116134,70,342942
17728,0.001423,172.31.40.0-255,66,116200,70,342942
17729,0.001444,172.217.194.0-255,5738,121938,70,342942
17730,0.001446,172.31.40.0-255,66,122004,70,342942
17731,0.001451,172.217.194.0-255,2902,124906,70,342942
17732,0.001453,172.31.40.0-255,66,124972,70,342942
17733,0.001467,172.217.194.0-255,2902,127874,70,342942
17734,0.00147,172.31.40.0-255,66,127940,70,342942
17735,0.001486,172.217.194.0-255,7156,135096,70,342942
17736,0.001488,172.31.40.0-255,66,135162,70,342942
17737,0.001509,172.217.194.0-255,5738,140900,70,342942
17738,0.001512,172.31.40.0-255,66,140966,70,342942
17739,0.001531,172.217.194.0-255,5020,145986,70,342942
17740,0.001533,172.31.40.0-255,66,146052,70,342942
17741,0.001817,172.217.194.0-255,1484,147536,70,342942
17742,0.001824,172.217.194.0-255,2902,150438,70,342942
17743,0.001826,172.31.40.0-255,66,150504,70,342942
17744,0.001852,172.217.194.0-255,5738,156242,70,342942
17745,0.001855,172.31.40.0-255,66,156308,70,342942
17746,0.00186,172.217.194.0-255,4320,160628,70,342942
17747,0.001863,172.31.40.0-255,66,160694,70,342942
17748,0.001889,172.217.194.0-255,9992,170686,70,342942
17749,0.001892,172.31.40.0-255,66,170752,70,342942
17750,0.001913,172.217.194.0-255,1484,172236,70,342942
17751,0.001922,172.217.194.0-255,7856,180092,70,342942
17752,0.001925,172.31.40.0-255,66,180158,70,342942
17753,0.002069,172.217.194.0-255,1484,181642,70,342942
17754,0.002083,172.217.194.0-255,2902,184544,70,342942
17755,0.002087,172.31.40.0-255,66,184610,70,342942
17756,0.002115,172.217.194.0-255,5738,190348,70,342942
17757,0.002118,172.31.40.0-255,66,190414,70,342942
17758,0.002123,172.217.194.0-255,4320,194734,70,342942
17759,0.002125,172.31.40.0-255,66,194800,70,342942
17760,0.00213,172.217.194.0-255,2902,197702,70,342942
17761,0.002132,172.31.40.0-255,66,197768,70,342942
17762,0.002165,172.217.194.0-255,8574,206342,70,342942
17763,0.002169,172.31.40.0-255,66,206408,70,342942
17764,0.002178,172.217.194.0-255,7856,214264,70,342942
17765,0.00218,172.31.40.0-255,66,214330,70,342942
17766,0.002203,172.217.194.0-255,1484,215814,70,342942
17767,0.002222,172.217.194.0-255,7156,222970,70,342942
17768,0.002224,172.31.40.0-255,66,223036,70,342942
17769,0.00223,172.217.194.0-255,5738,228774,70,342942
17770,0.002233,172.31.40.0-255,66,228840,70,342942
17771,0.002256,172.217.194.0-255,4320,233160,70,342942
17772,0.002259,172.31.40.0-255,66,233226,70,342942
17773,0.002266,172.217.194.0-255,5738,238964,70,342942
17774,0.002294,172.217.194.0-255,9274,248238,70,342942
17775,0.0125,172.217.194.0-255,1484,249722,70,342942
17776,0.013623,172.31.40.0-255,66,249788,70,342942
17777,0.015896,172.217.194.0-255,5738,255526,70,342942
17778,0.015908,172.31.40.0-255,66,255592,70,342942
17779,0.018189,172.217.194.0-255,5738,261330,70,342942
17780,0.018198,172.31.40.0-255,66,261396,70,342942
17781,0.020481,172.217.194.0-255,5738,267134,70,342942
17782,0.020489,172.31.40.0-255,66,267200,70,342942
17783,0.022769,172.217.194.0-255,5738,272938,70,342942
17784,0.022777,172.31.40.0-255,66,273004,70,342942
17785,0.025041,172.217.194.0-255,5738,278742,70,342942
17786,0.025049,172.31.40.0-255,66,278808,70,342942
17787,0.027327,172.217.194.0-255,5738,284546,70,342942
17788,0.027337,172.31.40.0-255,66,284612,70,342942
17789,0.029643,172.217.194.0-255,5738,290350,70,342942
17790,0.02966,172.31.40.0-255,66,290416,70,342942
17791,0.031945,172.217.194.0-255,5738,296154,70,342942
17792,0.031953,172.31.40.0-255,66,296220,70,342942
17793,0.03422,172.217.194.0-255,5738,301958,70,342942
17794,0.034227,172.31.40.0-255,66,302024,70,342942
17795,0.036517,172.217.194.0-255,5738,307762,70,342942
17796,0.036525,172.31.40.0-255,66,307828,70,342942
17797,0.038801,172.217.194.0-255,5738,313566,70,342942
17798,0.038809,172.31.40.0-255,66,313632,70,342942
17799,0.041082,172.217.194.0-255,5738,319370,70,342942
17800,0.041108,172.31.40.0-255,66,319436,70,342942
17801,0.043379,172.217.194.0-255,5738,325174,70,342942
17802,0.043387,172.31.40.0-255,66,325240,70,342942
17803,0.04567,172.217.194.0-255,5738,330978,70,342942
17804,0.045685,172.31.40.0-255,66,331044,70,342942
17805,0.04796,172.217.194.0-255,5738,336782,70,342942
17806,0.047965,172.31.40.0-255,66,336848,70,342942
17807,0.049037,172.31.40.0-255,172,337020,70,342942
17808,0.049069,172.31.40.0-255,1118,338138,70,342942
17809,0.04913,172.31.40.0-255,1514,339652,70,342942
17810,0.049132,172.31.40.0-255,1514,341166,70,342942
17811,0.049133,172.31.40.0-255,1514,342680,70,342942
17812,0.049134,172.31.40.0-255,262,342942,70,342942
17813,0.0,172.217.194.0-255,152,152,70,290310
17814,1.5e-05,172.31.40.0-255,66,218,70,290310
17815,2.1e-05,172.217.194.0-255,1484,1702,70,290310
17816,2.5e-05,172.31.40.0-255,66,1768,70,290310
17817,3e-05,172.217.194.0-255,2902,4670,70,290310
17818,3.2e-05,172.31.40.0-255,66,4736,70,290310
17819,4e-05,172.217.194.0-255,7156,11892,70,290310
17820,4.4e-05,172.31.40.0-255,66,11958,70,290310
17821,4.9e-05,172.217.194.0-255,2076,14034,70,290310
17822,5.1e-05,172.31.40.0-255,66,14100,70,290310
17823,6.3e-05,172.217.194.0-255,9992,24092,70,290310
17824,6.5e-05,172.31.40.0-255,66,24158,70,290310
17825,9.4e-05,172.217.194.0-255,1484,25642,70,290310
17826,9.6e-05,172.31.40.0-255,66,25708,70,290310
17827,0.000103,172.217.194.0-255,5379,31087,70,290310
17828,0.000105,172.31.40.0-255,66,31153,70,290310
17829,0.000135,172.217.194.0-255,1484,32637,70,290310
17830,0.000137,172.31.40.0-255,66,32703,70,290310
17831,0.00014,172.217.194.0-255,1484,34187,70,290310
17832,0.000142,172.31.40.0-255,66,34253,70,290310
17833,0.000163,172.217.194.0-255,1484,35737,70,290310
17834,0.000166,172.31.40.0-255,66,35803,70,290310
17835,0.000172,172.217.194.0-255,5738,41541,70,290310
17836,0.000174,172.31.40.0-255,66,41607,70,290310
17837,0.000177,172.217.194.0-255,1484,43091,70,290310
17838,0.000179,172.31.40.0-255,66,43157,70,290310
17839,0.000226,172.31.40.0-255,66,43223,70,290310
17840,0.000235,172.217.194.0-255,9884,53107,70,290310
17841,0.000237,172.31.40.0-255,66,53173,70,290310
17842,0.000239,172.217.194.0-255,435,53608,70,290310
17843,0.000241,172.31.40.0-255,66,53674,70,290310
17844,0.000244,172.217.194.0-255,1484,55158,70,290310
17845,0.000264,172.217.194.0-255,2902,58060,70,290310
17846,0.000266,172.31.40.0-255,66,58126,70,290310
17847,0.000295,172.217.194.0-255,1484,59610,70,290310
17848,0.000303,172.217.194.0-255,9992,69602,70,290310
17849,0.000306,172.31.40.0-255,66,69668,70,290310
17850,0.000308,172.217.194.0-255,1125,70793,70,290310
17851,0.000331,172.217.194.0-255,2902,73695,70,290310
17852,0.000333,172.31.40.0-255,66,73761,70,290310
17853,0.000359,172.217.194.0-255,9992,83753,70,290310
17854,0.000361,172.31.40.0-255,66,83819,70,290310
17855,0.000366,172.217.194.0-255,3961,87780,70,290310
17856,0.000368,172.31.40.0-255,66,87846,70,290310
17857,0.000554,172.217.194.0-255,1484,89330,70,290310
17858,0.00056,172.217.194.0-255,2902,92232,70,290310
17859,0.000563,172.31.40.0-255,66,92298,70,290310
17860,0.000568,172.217.194.0-255,4320,96618,70,290310
17861,0.000571,172.31.40.0-255,66,96684,70,290310
17862,0.000585,172.217.194.0-255,1484,98168,70,290310
17863,0.000588,172.217.194.0-255,1484,99652,70,290310
17864,0.00059,172.31.40.0-255,66,99718,70,290310
17865,0.000629,172.31.40.0-255,66,99784,70,290310
17866,0.00065,172.217.194.0-255,9992,109776,70,290310
17867,0.000652,172.31.40.0-255,66,109842,70,290310
17868,0.000655,172.217.194.0-255,766,110608,70,290310
17869,0.000658,172.217.194.0-255,1484,112092,70,290310
17870,0.00066,172.31.40.0-255,66,112158,70,290310
17871,0.000665,172.217.194.0-255,4320,116478,70,290310
17872,0.000667,172.31.40.0-255,66,116544,70,290310
17873,0.000701,172.217.194.0-255,9992,126536,70,290310
17874,0.000704,172.31.40.0-255,66,126602,70,290310
17875,0.00071,172.217.194.0-255,5738,132340,70,290310
17876,0.000712,172.31.40.0-255,66,132406,70,290310
17877,0.000727,172.217.194.0-255,4320,136726,70,290310
17878,0.000729,172.31.40.0-255,66,136792,70,290310
17879,0.000763,172.217.194.0-255,7856,144648,70,290310
17880,0.000766,172.31.40.0-255,66,144714,70,290310
17881,0.000796,172.217.194.0-255,4320,149034,70,290310
17882,0.000818,172.217.194.0-255,4320,153354,70,290310
17883,0.000822,172.217.194.0-255,4320,157674,70,290310
17884,0.000891,172.217.194.0-255,6438,164112,70,290310
17885,0.001012,172.217.194.0-255,1484,165596,70,290310
17886,0.001016,172.217.194.0-255,1484,167080,70,290310
17887,0.001031,172.217.194.0-255,1484,168564,70,290310
17888,0.001037,172.217.194.0-255,5738,174302,70,290310
17889,0.001054,172.217.194.0-255,5738,180040,70,290310
17890,0.001069,172.31.40.0-255,66,180106,70,290310
17891,0.001077,172.217.194.0-255,7156,187262,70,290310
17892,0.001085,172.217.194.0-255,9992,197254,70,290310
17893,0.001094,172.31.40.0-255,66,197320,70,290310
17894,0.001116,172.217.194.0-255,5738,203058,70,290310
17895,0.001155,172.31.40.0-255,66,203124,70,290310
17896,0.001167,172.217.194.0-255,2184,205308,70,290310
17897,0.001176,172.217.194.0-255,9274,214582,70,290310
17898,0.001194,172.217.194.0-255,5738,220320,70,290310
17899,0.001236,172.31.40.0-255,66,220386,70,290310
17900,0.00124,172.31.40.0-255,66,220452,70,290310
17901,0.001263,172.217.194.0-255,2184,222636,70,290310
17902,0.001284,172.217.194.0-255,5738,228374,70,290310
17903,0.001304,172.31.40.0-255,66,228440,70,290310
17904,0.001314,172.217.194.0-255,6438,234878,70,290310
17905,0.001321,172.217.194.0-255,8574,243452,70,290310
17906,0.001325,172.31.40.0-255,66,243518,70,290310
17907,0.001335,172.217.194.0-255,5738,249256,70,290310
17908,0.001368,172.217.194.0-255,1484,250740,70,290310
17909,0.001384,172.217.194.0-255,5020,255760,70,290310
17910,0.00139,172.217.194.0-255,7156,262916,70,290310
17911,0.001399,172.217.194.0-255,9992,272908,70,290310
17912,0.001412,172.217.194.0-255,5738,278646,70,290310
17913,0.001415,172.217.194.0-255,2902,281548,70,290310
17914,0.001429,172.217.194.0-255,1372,282920,70,290310
17915,0.001431,172.217.194.0-255,97,283017,70,290310
17916,0.001433,172.31.40.0-255,66,283083,70,290310
17917,0.001454,172.217.194.0-255,105,283188,70,290310
17918,0.003845,172.31.40.0-255,66,283254,70,290310
17919,0.003877,172.31.40.0-255,105,283359,70,290310
17920,0.006102,172.217.194.0-255,66,283425,70,290310
17921,0.042783,172.31.40.0-255,172,283597,70,290310
17922,0.042811,172.31.40.0-255,1118,284715,70,290310
17923,0.042884,172.31.40.0-255,1514,286229,70,290310
17924,0.042886,172.31.40.0-255,1514,287743,70,290310
17925,0.04289,172.31.40.0-255,1514,289257,70,290310
17926,0.042891,172.31.40.0-255,789,290046,70,290310
17927,0.044313,104.244.42.0-255,66,290112,70,290310
17928,0.044345,104.244.42.0-255,66,290178,70,290310
17929,0.044418,104.244.42.0-255,66,290244,70,290310
17930,0.044466,104.244.42.0-255,66,290310,70,290310
17931,0.0,74.125.68.0-255,152,152,70,289732
17932,2.5e-05,172.31.40.0-255,66,218,70,289732
17933,3.3e-05,74.125.68.0-255,1484,1702,70,289732
17934,3.7e-05,172.31.40.0-255,66,1768,70,289732
17935,4.3e-05,74.125.68.0-255,2902,4670,70,289732
17936,4.7e-05,172.31.40.0-255,66,4736,70,289732
17937,5.5e-05,74.125.68.0-255,7156,11892,70,289732
17938,5.9e-05,172.31.40.0-255,66,11958,70,289732
17939,9.2e-05,74.125.68.0-255,7781,19739,70,289732
17940,9.6e-05,172.31.40.0-255,66,19805,70,289732
17941,0.000102,74.125.68.0-255,4320,24125,70,289732
17942,0.000104,172.31.40.0-255,66,24191,70,289732
17943,0.000122,74.125.68.0-255,2902,27093,70,289732
17944,0.000125,172.31.40.0-255,66,27159,70,289732
17945,0.000131,74.125.68.0-255,3961,31120,70,289732
17946,0.000134,172.31.40.0-255,66,31186,70,289732
17947,0.000228,74.125.68.0-255,1484,32670,70,289732
17948,0.000231,172.31.40.0-255,66,32736,70,289732
17949,0.000264,74.125.68.0-255,2902,35638,70,289732
17950,0.000268,172.31.40.0-255,66,35704,70,289732
17951,0.000274,74.125.68.0-255,5738,41442,70,289732
17952,0.000277,172.31.40.0-255,66,41508,70,289732
17953,0.0003,74.125.68.0-255,6797,48305,70,289732
17954,0.000303,172.31.40.0-255,66,48371,70,289732
17955,0.000332,74.125.68.0-255,7156,55527,70,289732
17956,0.000335,172.31.40.0-255,66,55593,70,289732
17957,0.00034,74.125.68.0-255,4320,59913,70,289732
17958,0.000343,172.31.40.0-255,66,59979,70,289732
17959,0.000359,74.125.68.0-255,4320,64299,70,289732
17960,0.000362,172.31.40.0-255,66,64365,70,289732
17961,0.000383,74.125.68.0-255,1421,65786,70,289732
17962,0.000386,172.31.40.0-255,66,65852,70,289732
17963,0.000538,74.125.68.0-255,381,66233,70,289732
17964,0.000678,74.125.68.0-255,1484,67717,70,289732
17965,0.000684,172.31.40.0-255,66,67783,70,289732
17966,0.000696,74.125.68.0-255,1484,69267,70,289732
17967,0.000701,74.125.68.0-255,2902,72169,70,289732
17968,0.000704,172.31.40.0-255,66,72235,70,289732
17969,0.000728,74.125.68.0-255,5738,77973,70,289732
17970,0.000734,172.31.40.0-255,66,78039,70,289732
17971,0.000753,74.125.68.0-255,1484,79523,70,289732
17972,0.000777,74.125.68.0-255,3961,83484,70,289732
17973,0.00078,172.31.40.0-255,66,83550,70,289732
17974,0.000787,74.125.68.0-255,5738,89288,70,289732
17975,0.000789,172.31.40.0-255,66,89354,70,289732
17976,0.000814,74.125.68.0-255,9992,99346,70,289732
17977,0.000817,172.31.40.0-255,66,99412,70,289732
17978,0.000819,74.125.68.0-255,576,99988,70,289732
17979,0.001106,74.125.68.0-255,1484,101472,70,289732
17980,0.001111,172.31.40.0-255,66,101538,70,289732
17981,0.001116,74.125.68.0-255,2902,104440,70,289732
17982,0.001119,172.31.40.0-255,66,104506,70,289732
17983,0.001144,74.125.68.0-255,5738,110244,70,289732
17984,0.001147,172.31.40.0-255,66,110310,70,289732
17985,0.00115,74.125.68.0-255,1484,111794,70,289732
17986,0.001207,74.125.68.0-255,4320,116114,70,289732
17987,0.00121,172.31.40.0-255,66,116180,70,289732
17988,0.001232,74.125.68.0-255,4320,120500,70,289732
17989,0.001234,172.31.40.0-255,66,120566,70,289732
17990,0.001241,74.125.68.0-255,5738,126304,70,289732
17991,0.001243,172.31.40.0-255,66,126370,70,289732
17992,0.001258,74.125.68.0-255,1484,127854,70,289732
17993,0.001293,74.125.68.0-255,4320,132174,70,289732
17994,0.001296,172.31.40.0-255,66,132240,70,289732
17995,0.001315,74.125.68.0-255,2184,134424,70,289732
17996,0.001318,172.31.40.0-255,66,134490,70,289732
17997,0.002014,74.125.68.0-255,1484,135974,70,289732
17998,0.002025,74.125.68.0-255,2902,138876,70,289732
17999,0.002029,172.31.40.0-255,66,138942,70,289732
18000,0.002045,74.125.68.0-255,4320,143262,70,289732
18001,0.002047,172.31.40.0-255,66,143328,70,289732
18002,0.002061,74.125.68.0-255,1484,144812,70,289732
18003,0.002068,74.125.68.0-255,4320,149132,70,289732
18004,0.00207,172.31.40.0-255,66,149198,70,289732
18005,0.002094,74.125.68.0-255,5738,154936,70,289732
18006,0.002097,172.31.40.0-255,66,155002,70,289732
18007,0.002102,74.125.68.0-255,2902,157904,70,289732
18008,0.002104,172.31.40.0-255,66,157970,70,289732
18009,0.004154,74.125.68.0-255,4320,162290,70,289732
18010,0.004163,172.31.40.0-255,66,162356,70,289732
18011,0.004178,74.125.68.0-255,1484,163840,70,289732
18012,0.006232,74.125.68.0-255,4320,168160,70,289732
18013,0.006243,172.31.40.0-255,66,168226,70,289732
18014,0.008312,74.125.68.0-255,5738,173964,70,289732
18015,0.008317,172.31.40.0-255,66,174030,70,289732
18016,0.010381,74.125.68.0-255,5738,179768,70,289732
18017,0.010389,172.31.40.0-255,66,179834,70,289732
18018,0.012461,74.125.68.0-255,5738,185572,70,289732
18019,0.01247,172.31.40.0-255,66,185638,70,289732
18020,0.014551,74.125.68.0-255,5738,191376,70,289732
18021,0.014563,172.31.40.0-255,66,191442,70,289732
18022,0.016644,74.125.68.0-255,5738,197180,70,289732
18023,0.01666,172.31.40.0-255,66,197246,70,289732
18024,0.018739,74.125.68.0-255,5738,202984,70,289732
18025,0.018751,172.31.40.0-255,66,203050,70,289732
18026,0.020822,74.125.68.0-255,5738,208788,70,289732
18027,0.020831,172.31.40.0-255,66,208854,70,289732
18028,0.022916,74.125.68.0-255,5738,214592,70,289732
18029,0.022929,172.31.40.0-255,66,214658,70,289732
18030,0.025007,74.125.68.0-255,5738,220396,70,289732
18031,0.02502,172.31.40.0-255,66,220462,70,289732
18032,0.027105,74.125.68.0-255,5738,226200,70,289732
18033,0.027115,172.31.40.0-255,66,226266,70,289732
18034,0.029188,74.125.68.0-255,5738,232004,70,289732
18035,0.029197,172.31.40.0-255,66,232070,70,289732
18036,0.031267,74.125.68.0-255,5738,237808,70,289732
18037,0.031276,172.31.40.0-255,66,237874,70,289732
18038,0.031842,172.31.40.0-255,172,238046,70,289732
18039,0.031877,172.31.40.0-255,1118,239164,70,289732
18040,0.031939,172.31.40.0-255,1514,240678,70,289732
18041,0.031941,172.31.40.0-255,1514,242192,70,289732
18042,0.031965,172.31.40.0-255,844,243036,70,289732
18043,0.033338,74.125.68.0-255,5738,248774,70,289732
18044,0.033346,172.31.40.0-255,66,248840,70,289732
18045,0.033404,104.244.42.0-255,66,248906,70,289732
18046,0.033455,104.244.42.0-255,66,248972,70,289732
18047,0.033479,104.244.42.0-255,66,249038,70,289732
18048,0.033482,104.244.42.0-255,66,249104,70,289732
18049,0.035424,74.125.68.0-255,5738,254842,70,289732
18050,0.035431,172.31.40.0-255,66,254908,70,289732
18051,0.037542,74.125.68.0-255,5738,260646,70,289732
18052,0.037562,172.31.40.0-255,66,260712,70,289732
18053,0.039652,74.125.68.0-255,5738,266450,70,289732
18054,0.039669,172.31.40.0-255,66,266516,70,289732
18055,0.041744,74.125.68.0-255,5738,272254,70,289732
18056,0.041756,172.31.40.0-255,66,272320,70,289732
18057,0.043843,74.125.68.0-255,5738,278058,70,289732
18058,0.04386,172.31.40.0-255,66,278124,70,289732
18059,0.045943,74.125.68.0-255,5738,283862,70,289732
18060,0.045957,172.31.40.0-255,66,283928,70,289732
18061,0.048049,74.125.68.0-255,5738,289666,70,289732
18062,0.048066,172.31.40.0-255,66,289732,70,289732
18063,0.0,172.31.40.0-255,66,66,70,66
18064,0.0,74.125.68.0-255,153,153,70,378610
18065,2.2e-05,172.31.40.0-255,66,219,70,378610
18066,2.9e-05,74.125.68.0-255,1484,1703,70,378610
18067,3.4e-05,172.31.40.0-255,66,1769,70,378610
18068,3.8e-05,74.125.68.0-255,1484,3253,70,378610
18069,4.1e-05,172.31.40.0-255,66,3319,70,378610
18070,4.7e-05,74.125.68.0-255,2902,6221,70,378610
18071,5e-05,172.31.40.0-255,66,6287,70,378610
18072,5.3e-05,74.125.68.0-255,1484,7771,70,378610
18073,5.5e-05,172.31.40.0-255,66,7837,70,378610
18074,7.4e-05,74.125.68.0-255,4320,12157,70,378610
18075,7.7e-05,172.31.40.0-255,66,12223,70,378610
18076,9.5e-05,74.125.68.0-255,2158,14381,70,378610
18077,9.7e-05,172.31.40.0-255,66,14447,70,378610
18078,0.000102,74.125.68.0-255,2902,17349,70,378610
18079,0.000105,172.31.40.0-255,66,17415,70,378610
18080,0.000142,74.125.68.0-255,7156,24571,70,378610
18081,0.000146,172.31.40.0-255,66,24637,70,378610
18082,0.000151,74.125.68.0-255,2902,27539,70,378610
18083,0.000153,172.31.40.0-255,66,27605,70,378610
18084,0.000181,74.125.68.0-255,1484,29089,70,378610
18085,0.000183,172.31.40.0-255,66,29155,70,378610
18086,0.000216,74.125.68.0-255,2543,31698,70,378610
18087,0.000219,172.31.40.0-255,66,31764,70,378610
18088,0.000652,74.125.68.0-255,1484,33248,70,378610
18089,0.000658,172.31.40.0-255,66,33314,70,378610
18090,0.000664,74.125.68.0-255,2902,36216,70,378610
18091,0.000666,172.31.40.0-255,66,36282,70,378610
18092,0.00067,74.125.68.0-255,1484,37766,70,378610
18093,0.000672,172.31.40.0-255,66,37832,70,378610
18094,0.000698,74.125.68.0-255,4320,42152,70,378610
18095,0.000702,172.31.40.0-255,66,42218,70,378610
18096,0.000726,74.125.68.0-255,6797,49015,70,378610
18097,0.000729,172.31.40.0-255,66,49081,70,378610
18098,0.000737,74.125.68.0-255,7156,56237,70,378610
18099,0.000739,172.31.40.0-255,66,56303,70,378610
18100,0.000772,74.125.68.0-255,8574,64877,70,378610
18101,0.000777,172.31.40.0-255,66,64943,70,378610
18102,0.000795,74.125.68.0-255,1395,66338,70,378610
18103,0.000825,74.125.68.0-255,128,66466,70,378610
18104,0.000916,74.125.68.0-255,1484,67950,70,378610
18105,0.00092,172.31.40.0-255,66,68016,70,378610
18106,0.000926,74.125.68.0-255,2902,70918,70,378610
18107,0.000928,172.31.40.0-255,66,70984,70,378610
18108,0.000931,74.125.68.0-255,1484,72468,70,378610
18109,0.000958,74.125.68.0-255,4320,76788,70,378610
18110,0.000961,172.31.40.0-255,66,76854,70,378610
18111,0.000965,74.125.68.0-255,2902,79756,70,378610
18112,0.000968,172.31.40.0-255,66,79822,70,378610
18113,0.000973,74.125.68.0-255,4320,84142,70,378610
18114,0.000976,172.31.40.0-255,66,84208,70,378610
18115,0.001008,74.125.68.0-255,4320,88528,70,378610
18116,0.001011,172.31.40.0-255,66,88594,70,378610
18117,0.001024,74.125.68.0-255,2902,91496,70,378610
18118,0.001028,172.31.40.0-255,66,91562,70,378610
18119,0.001031,74.125.68.0-255,1484,93046,70,378610
18120,0.001061,74.125.68.0-255,7156,100202,70,378610
18121,0.001064,172.31.40.0-255,66,100268,70,378610
18122,0.001067,74.125.68.0-255,766,101034,70,378610
18123,0.001326,74.125.68.0-255,1484,102518,70,378610
18124,0.001331,172.31.40.0-255,66,102584,70,378610
18125,0.001337,74.125.68.0-255,2902,105486,70,378610
18126,0.001339,172.31.40.0-255,66,105552,70,378610
18127,0.001359,74.125.68.0-255,5738,111290,70,378610
18128,0.001361,172.31.40.0-255,66,111356,70,378610
18129,0.00139,74.125.68.0-255,7156,118512,70,378610
18130,0.001394,172.31.40.0-255,66,118578,70,378610
18131,0.001435,74.125.68.0-255,9992,128570,70,378610
18132,0.001439,172.31.40.0-255,66,128636,70,378610
18133,0.001458,74.125.68.0-255,4320,132956,70,378610
18134,0.00146,172.31.40.0-255,66,133022,70,378610
18135,0.001465,74.125.68.0-255,2184,135206,70,378610
18136,0.001467,172.31.40.0-255,66,135272,70,378610
18137,0.00174,74.125.68.0-255,1484,136756,70,378610
18138,0.001744,74.125.68.0-255,1484,138240,70,378610
18139,0.001748,172.31.40.0-255,66,138306,70,378610
18140,0.001768,74.125.68.0-255,1484,139790,70,378610
18141,0.001771,74.125.68.0-255,1484,141274,70,378610
18142,0.001773,172.31.40.0-255,66,141340,70,378610
18143,0.001778,74.125.68.0-255,2902,144242,70,378610
18144,0.001779,172.31.40.0-255,66,144308,70,378610
18145,0.001784,74.125.68.0-255,2902,147210,70,378610
18146,0.001785,172.31.40.0-255,66,147276,70,378610
18147,0.001807,74.125.68.0-255,2902,150178,70,378610
18148,0.001809,172.31.40.0-255,66,150244,70,378610
18149,0.001814,74.125.68.0-255,2902,153146,70,378610
18150,0.001816,172.31.40.0-255,66,153212,70,378610
18151,0.001838,74.125.68.0-255,9992,163204,70,378610
18152,0.001841,172.31.40.0-255,66,163270,70,378610
18153,0.00186,74.125.68.0-255,1484,164754,70,378610
18154,0.001875,74.125.68.0-255,7156,171910,70,378610
18155,0.001878,172.31.40.0-255,66,171976,70,378610
18156,0.001902,74.125.68.0-255,5020,176996,70,378610
18157,0.001905,172.31.40.0-255,66,177062,70,378610
18158,0.00192,172.31.40.0-255,66,177128,70,378610
18159,0.001928,74.125.68.0-255,8574,185702,70,378610
18160,0.001931,172.31.40.0-255,66,185768,70,378610
18161,0.001969,74.125.68.0-255,3602,189370,70,378610
18162,0.001972,172.31.40.0-255,66,189436,70,378610
18163,0.001975,74.125.68.0-255,1484,190920,70,378610
18164,0.001993,74.125.68.0-255,2902,193822,70,378610
18165,0.001996,172.31.40.0-255,66,193888,70,378610
18166,0.002048,74.125.68.0-255,4320,198208,70,378610
18167,0.002051,172.31.40.0-255,66,198274,70,378610
18168,0.002076,74.125.68.0-255,5738,204012,70,378610
18169,0.002079,172.31.40.0-255,66,204078,70,378610
18170,0.002093,172.31.40.0-255,66,204144,70,378610
18171,0.002101,74.125.68.0-255,7856,212000,70,378610
18172,0.002103,172.31.40.0-255,66,212066,70,378610
18173,0.002111,74.125.68.0-255,8574,220640,70,378610
18174,0.002113,172.31.40.0-255,66,220706,70,378610
18175,0.002117,74.125.68.0-255,2902,223608,70,378610
18176,0.002119,172.31.40.0-255,66,223674,70,378610
18177,0.002149,74.125.68.0-255,2902,226576,70,378610
18178,0.002152,172.31.40.0-255,66,226642,70,378610
18179,0.002179,74.125.68.0-255,9992,236634,70,378610
18180,0.002183,172.31.40.0-255,66,236700,70,378610
18181,0.002192,74.125.68.0-255,9274,245974,70,378610
18182,0.002194,172.31.40.0-255,66,246040,70,378610
18183,0.002197,74.125.68.0-255,1484,247524,70,378610
18184,0.002216,74.125.68.0-255,8574,256098,70,378610
18185,0.002219,172.31.40.0-255,66,256164,70,378610
18186,0.002221,74.125.68.0-255,1484,257648,70,378610
18187,0.004419,74.125.68.0-255,4320,261968,70,378610
18188,0.004435,172.31.40.0-255,66,262034,70,378610
18189,0.006658,74.125.68.0-255,5738,267772,70,378610
18190,0.006674,172.31.40.0-255,66,267838,70,378610
18191,0.008871,74.125.68.0-255,5738,273576,70,378610
18192,0.008876,172.31.40.0-255,66,273642,70,378610
18193,0.011073,74.125.68.0-255,5738,279380,70,378610
18194,0.011078,172.31.40.0-255,66,279446,70,378610
18195,0.013268,74.125.68.0-255,5738,285184,70,378610
18196,0.013275,172.31.40.0-255,66,285250,70,378610
18197,0.015484,74.125.68.0-255,5738,290988,70,378610
18198,0.015492,172.31.40.0-255,66,291054,70,378610
18199,0.01769,74.125.68.0-255,5738,296792,70,378610
18200,0.017697,172.31.40.0-255,66,296858,70,378610
18201,0.019899,74.125.68.0-255,5738,302596,70,378610
18202,0.019906,172.31.40.0-255,66,302662,70,378610
18203,0.022104,74.125.68.0-255,5738,308400,70,378610
18204,0.022115,172.31.40.0-255,66,308466,70,378610
18205,0.024322,74.125.68.0-255,5738,314204,70,378610
18206,0.024331,172.31.40.0-255,66,314270,70,378610
18207,0.026535,74.125.68.0-255,5738,320008,70,378610
18208,0.026542,172.31.40.0-255,66,320074,70,378610
18209,0.028738,74.125.68.0-255,5738,325812,70,378610
18210,0.028745,172.31.40.0-255,66,325878,70,378610
18211,0.030951,74.125.68.0-255,5738,331616,70,378610
18212,0.030959,172.31.40.0-255,66,331682,70,378610
18213,0.033162,74.125.68.0-255,5738,337420,70,378610
18214,0.033169,172.31.40.0-255,66,337486,70,378610
18215,0.034085,172.31.40.0-255,172,337658,70,378610
18216,0.034118,172.31.40.0-255,1113,338771,70,378610
18217,0.034181,172.31.40.0-255,1514,340285,70,378610
18218,0.034183,172.31.40.0-255,1332,341617,70,378610
18219,0.03537,74.125.68.0-255,5738,347355,70,378610
18220,0.035378,172.31.40.0-255,66,347421,70,378610
18221,0.035582,104.244.42.0-255,66,347487,70,378610
18222,0.035598,104.244.42.0-255,66,347553,70,378610
18223,0.035677,104.244.42.0-255,66,347619,70,378610
18224,0.037576,74.125.68.0-255,5738,353357,70,378610
18225,0.037583,172.31.40.0-255,66,353423,70,378610
18226,0.03978,74.125.68.0-255,5738,359161,70,378610
18227,0.039787,172.31.40.0-255,66,359227,70,378610
18228,0.041993,74.125.68.0-255,5738,364965,70,378610
18229,0.042005,172.31.40.0-255,66,365031,70,378610
18230,0.044251,74.125.68.0-255,5738,370769,70,378610
18231,0.044258,172.31.40.0-255,66,370835,70,378610
18232,0.046519,74.125.68.0-255,5738,376573,70,378610
18233,0.046526,172.31.40.0-255,66,376639,70,378610
18234,0.048724,74.125.68.0-255,1800,378439,70,378610
18235,0.04873,172.31.40.0-255,66,378505,70,378610
18236,0.0489,172.31.40.0-255,105,378610,70,378610
18237,0.0,172.217.160.0-255,153,153,70,299508
18238,2.3e-05,172.31.40.0-255,66,219,70,299508
18239,3e-05,172.217.160.0-255,1484,1703,70,299508
18240,3.5e-05,172.31.40.0-255,66,1769,70,299508
18241,4e-05,172.217.160.0-255,2902,4671,70,299508
18242,4.4e-05,172.31.40.0-255,66,4737,70,299508
18243,5.8e-05,172.217.160.0-255,5738,10475,70,299508
18244,6e-05,172.31.40.0-255,66,10541,70,299508
18245,6.6e-05,172.217.160.0-255,3359,13900,70,299508
18246,6.8e-05,172.31.40.0-255,66,13966,70,299508
18247,0.000116,172.217.160.0-255,1484,15450,70,299508
18248,0.000119,172.31.40.0-255,66,15516,70,299508
18249,0.000145,172.217.160.0-255,2902,18418,70,299508
18250,0.000147,172.31.40.0-255,66,18484,70,299508
18251,0.000154,172.217.160.0-255,5738,24222,70,299508
18252,0.000156,172.31.40.0-255,66,24288,70,299508
18253,0.000223,172.31.40.0-255,66,24354,70,299508
18254,0.000233,172.217.160.0-255,9633,33987,70,299508
18255,0.00024,172.31.40.0-255,66,34053,70,299508
18256,0.000315,172.217.160.0-255,1484,35537,70,299508
18257,0.000319,172.31.40.0-255,66,35603,70,299508
18258,0.000324,172.217.160.0-255,2902,38505,70,299508
18259,0.000326,172.31.40.0-255,66,38571,70,299508
18260,0.000349,172.217.160.0-255,5738,44309,70,299508
18261,0.000352,172.31.40.0-255,66,44375,70,299508
18262,0.000359,172.217.160.0-255,6797,51172,70,299508
18263,0.000365,172.31.40.0-255,66,51238,70,299508
18264,0.000388,172.217.160.0-255,371,51609,70,299508
18265,0.000391,172.31.40.0-255,66,51675,70,299508
18266,0.001087,172.217.160.0-255,372,52047,70,299508
18267,0.001093,172.31.40.0-255,66,52113,70,299508
18268,0.001158,172.217.160.0-255,1484,53597,70,299508
18269,0.001165,172.217.160.0-255,2902,56499,70,299508
18270,0.001168,172.31.40.0-255,66,56565,70,299508
18271,0.001172,172.217.160.0-255,1484,58049,70,299508
18272,0.001201,172.217.160.0-255,4320,62369,70,299508
18273,0.001204,172.31.40.0-255,66,62435,70,299508
18274,0.001211,172.217.160.0-255,6797,69232,70,299508
18275,0.001213,172.31.40.0-255,66,69298,70,299508
18276,0.001267,172.217.160.0-255,7156,76454,70,299508
18277,0.001269,172.31.40.0-255,66,76520,70,299508
18278,0.001276,172.217.160.0-255,4320,80840,70,299508
18279,0.001278,172.31.40.0-255,66,80906,70,299508
18280,0.001323,172.217.160.0-255,5379,86285,70,299508
18281,0.001326,172.31.40.0-255,66,86351,70,299508
18282,0.001643,172.217.160.0-255,1484,87835,70,299508
18283,0.001649,172.217.160.0-255,1484,89319,70,299508
18284,0.001653,172.31.40.0-255,66,89385,70,299508
18285,0.001679,172.217.160.0-255,1484,90869,70,299508
18286,0.001685,172.217.160.0-255,2902,93771,70,299508
18287,0.001687,172.31.40.0-255,66,93837,70,299508
18288,0.001722,172.217.160.0-255,7156,100993,70,299508
18289,0.001724,172.31.40.0-255,66,101059,70,299508
18290,0.001732,172.217.160.0-255,7156,108215,70,299508
18291,0.001734,172.31.40.0-255,66,108281,70,299508
18292,0.001771,172.217.160.0-255,7156,115437,70,299508
18293,0.001773,172.31.40.0-255,66,115503,70,299508
18294,0.001804,172.217.160.0-255,5020,120523,70,299508
18295,0.001806,172.31.40.0-255,66,120589,70,299508
18296,0.001837,172.217.160.0-255,5738,126327,70,299508
18297,0.001839,172.31.40.0-255,66,126393,70,299508
18298,0.001847,172.217.160.0-255,7156,133549,70,299508
18299,0.001849,172.31.40.0-255,66,133615,70,299508
18300,0.001869,172.31.40.0-255,66,133681,70,299508
18301,0.001875,172.217.160.0-255,4320,138001,70,299508
18302,0.001878,172.31.40.0-255,66,138067,70,299508
18303,0.001904,172.217.160.0-255,2184,140251,70,299508
18304,0.001906,172.31.40.0-255,66,140317,70,299508
18305,0.001934,172.217.160.0-255,5738,146055,70,299508
18306,0.001937,172.31.40.0-255,66,146121,70,299508
18307,0.00197,172.217.160.0-255,5738,151859,70,299508
18308,0.001973,172.31.40.0-255,66,151925,70,299508
18309,0.001992,172.31.40.0-255,66,151991,70,299508
18310,0.001995,172.217.160.0-255,1484,153475,70,299508
18311,0.002024,172.217.160.0-255,7856,161331,70,299508
18312,0.002027,172.31.40.0-255,66,161397,70,299508
18313,0.004032,172.217.160.0-255,5738,167135,70,299508
18314,0.004039,172.31.40.0-255,66,167201,70,299508
18315,0.00602,172.217.160.0-255,4320,171521,70,299508
18316,0.006025,172.31.40.0-255,66,171587,70,299508
18317,0.006058,172.217.160.0-255,1484,173071,70,299508
18318,0.008005,172.217.160.0-255,4320,177391,70,299508
18319,0.008014,172.31.40.0-255,66,177457,70,299508
18320,0.009989,172.217.160.0-255,5738,183195,70,299508
18321,0.009996,172.31.40.0-255,66,183261,70,299508
18322,0.011976,172.217.160.0-255,5738,188999,70,299508
18323,0.011983,172.31.40.0-255,66,189065,70,299508
18324,0.013956,172.217.160.0-255,5738,194803,70,299508
18325,0.013964,172.31.40.0-255,66,194869,70,299508
18326,0.015942,172.217.160.0-255,5738,200607,70,299508
18327,0.015948,172.31.40.0-255,66,200673,70,299508
18328,0.017922,172.217.160.0-255,5738,206411,70,299508
18329,0.01793,172.31.40.0-255,66,206477,70,299508
18330,0.019908,172.217.160.0-255,5738,212215,70,299508
18331,0.019916,172.31.40.0-255,66,212281,70,299508
18332,0.021902,172.217.160.0-255,5738,218019,70,299508
18333,0.021912,172.31.40.0-255,66,218085,70,299508
18334,0.023909,172.217.160.0-255,5738,223823,70,299508
18335,0.023926,172.31.40.0-255,66,223889,70,299508
18336,0.025909,172.217.160.0-255,5738,229627,70,299508
18337,0.025921,172.31.40.0-255,66,229693,70,299508
18338,0.027912,172.217.160.0-255,5738,235431,70,299508
18339,0.027926,172.31.40.0-255,66,235497,70,299508
18340,0.029938,172.217.160.0-255,5738,241235,70,299508
18341,0.029952,172.31.40.0-255,66,241301,70,299508
18342,0.031935,172.217.160.0-255,5738,247039,70,299508
18343,0.031943,172.31.40.0-255,66,247105,70,299508
18344,0.032067,172.31.40.0-255,101,247206,70,299508
18345,0.033928,172.217.160.0-255,5738,252944,70,299508
18346,0.033935,172.31.40.0-255,66,253010,70,299508
18347,0.034032,172.217.160.0-255,66,253076,70,299508
18348,0.035926,172.217.160.0-255,5738,258814,70,299508
18349,0.035939,172.31.40.0-255,66,258880,70,299508
18350,0.037932,172.217.160.0-255,5738,264618,70,299508
18351,0.037941,172.31.40.0-255,66,264684,70,299508
18352,0.039914,172.217.160.0-255,5738,270422,70,299508
18353,0.039922,172.31.40.0-255,66,270488,70,299508
18354,0.041925,172.217.160.0-255,5738,276226,70,299508
18355,0.041941,172.31.40.0-255,66,276292,70,299508
18356,0.043919,172.217.160.0-255,5738,282030,70,299508
18357,0.043928,172.31.40.0-255,66,282096,70,299508
18358,0.04591,172.217.160.0-255,5738,287834,70,299508
18359,0.045924,172.31.40.0-255,66,287900,70,299508
18360,0.047917,172.217.160.0-255,5738,293638,70,299508
18361,0.047928,172.31.40.0-255,66,293704,70,299508
18362,0.0499,172.217.160.0-255,5738,299442,70,299508
18363,0.049907,172.31.40.0-255,66,299508,70,299508
18364,0.0,74.125.24.0-255,152,152,70,312614
18365,2.4e-05,172.31.40.0-255,66,218,70,312614
18366,3.1e-05,74.125.24.0-255,1484,1702,70,312614
18367,3.6e-05,172.31.40.0-255,66,1768,70,312614
18368,5.1e-05,74.125.24.0-255,2902,4670,70,312614
18369,5.5e-05,172.31.40.0-255,66,4736,70,312614
18370,6.1e-05,74.125.24.0-255,4320,9056,70,312614
18371,6.3e-05,172.31.40.0-255,66,9122,70,312614
18372,7.3e-05,74.125.24.0-255,9229,18351,70,312614
18373,7.5e-05,172.31.40.0-255,66,18417,70,312614
18374,8.2e-05,74.125.24.0-255,5738,24155,70,312614
18375,8.5e-05,172.31.40.0-255,66,24221,70,312614
18376,0.000135,172.31.40.0-255,66,24287,70,312614
18377,0.00014,74.125.24.0-255,2902,27189,70,312614
18378,0.000142,172.31.40.0-255,66,27255,70,312614
18379,0.000165,74.125.24.0-255,3602,30857,70,312614
18380,0.000172,172.31.40.0-255,66,30923,70,312614
18381,0.000197,74.125.24.0-255,1484,32407,70,312614
18382,0.000199,172.31.40.0-255,66,32473,70,312614
18383,0.000203,74.125.24.0-255,2902,35375,70,312614
18384,0.000205,172.31.40.0-255,66,35441,70,312614
18385,0.000209,74.125.24.0-255,1484,36925,70,312614
18386,0.000211,172.31.40.0-255,66,36991,70,312614
18387,0.000242,74.125.24.0-255,4320,41311,70,312614
18388,0.000245,172.31.40.0-255,66,41377,70,312614
18389,0.000251,74.125.24.0-255,4320,45697,70,312614
18390,0.000253,172.31.40.0-255,66,45763,70,312614
18391,0.000287,74.125.24.0-255,2874,48637,70,312614
18392,0.00029,172.31.40.0-255,66,48703,70,312614
18393,0.000333,74.125.24.0-255,1484,50187,70,312614
18394,0.000335,172.31.40.0-255,66,50253,70,312614
18395,0.000339,74.125.24.0-255,1484,51737,70,312614
18396,0.000359,74.125.24.0-255,1484,53221,70,312614
18397,0.000366,74.125.24.0-255,5738,58959,70,312614
18398,0.000404,74.125.24.0-255,4320,63279,70,312614
18399,0.000409,172.31.40.0-255,66,63345,70,312614
18400,0.000436,74.125.24.0-255,2252,65597,70,312614
18401,0.000494,74.125.24.0-255,1484,67081,70,312614
18402,0.000514,74.125.24.0-255,2902,69983,70,312614
18403,0.00052,74.125.24.0-255,2902,72885,70,312614
18404,0.000536,74.125.24.0-255,2902,75787,70,312614
18405,0.000553,74.125.24.0-255,4320,80107,70,312614
18406,0.000577,74.125.24.0-255,5738,85845,70,312614
18407,0.000585,74.125.24.0-255,7156,93001,70,312614
18408,0.000609,74.125.24.0-255,4320,97321,70,312614
18409,0.000654,74.125.24.0-255,2184,99505,70,312614
18410,0.000755,172.31.40.0-255,66,99571,70,312614
18411,0.001067,74.125.24.0-255,1484,101055,70,312614
18412,0.001074,74.125.24.0-255,2902,103957,70,312614
18413,0.001077,74.125.24.0-255,1484,105441,70,312614
18414,0.001083,172.31.40.0-255,66,105507,70,312614
18415,0.001112,74.125.24.0-255,4320,109827,70,312614
18416,0.001119,74.125.24.0-255,5738,115565,70,312614
18417,0.001136,74.125.24.0-255,5738,121303,70,312614
18418,0.001152,172.31.40.0-255,66,121369,70,312614
18419,0.001155,74.125.24.0-255,1484,122853,70,312614
18420,0.00117,74.125.24.0-255,10692,133545,70,312614
18421,0.001183,172.31.40.0-255,66,133611,70,312614
18422,0.001431,74.125.24.0-255,1484,135095,70,312614
18423,0.001437,74.125.24.0-255,2902,137997,70,312614
18424,0.00144,172.31.40.0-255,66,138063,70,312614
18425,0.001447,74.125.24.0-255,5738,143801,70,312614
18426,0.001488,74.125.24.0-255,5738,149539,70,312614
18427,0.001491,172.31.40.0-255,66,149605,70,312614
18428,0.001503,74.125.24.0-255,4320,153925,70,312614
18429,0.001517,74.125.24.0-255,766,154691,70,312614
18430,0.00152,172.31.40.0-255,66,154757,70,312614
18431,0.001642,74.125.24.0-255,1484,156241,70,312614
18432,0.001655,74.125.24.0-255,2902,159143,70,312614
18433,0.001659,74.125.24.0-255,1484,160627,70,312614
18434,0.001667,172.31.40.0-255,66,160693,70,312614
18435,0.001679,74.125.24.0-255,4320,165013,70,312614
18436,0.001689,74.125.24.0-255,5738,170751,70,312614
18437,0.001695,172.31.40.0-255,66,170817,70,312614
18438,0.001718,74.125.24.0-255,7156,177973,70,312614
18439,0.001728,172.31.40.0-255,66,178039,70,312614
18440,0.001775,74.125.24.0-255,2902,180941,70,312614
18441,0.001778,172.31.40.0-255,66,181007,70,312614
18442,0.001812,74.125.24.0-255,7856,188863,70,312614
18443,0.001829,74.125.24.0-255,5738,194601,70,312614
18444,0.001841,172.31.40.0-255,66,194667,70,312614
18445,0.001849,74.125.24.0-255,2902,197569,70,312614
18446,0.001854,172.31.40.0-255,66,197635,70,312614
18447,0.001914,172.31.40.0-255,66,197701,70,312614
18448,0.001922,74.125.24.0-255,1484,199185,70,312614
18449,0.001945,74.125.24.0-255,2902,202087,70,312614
18450,0.001952,74.125.24.0-255,5738,207825,70,312614
18451,0.001999,172.31.40.0-255,66,207891,70,312614
18452,0.00203,74.125.24.0-255,10692,218583,70,312614
18453,0.002042,172.31.40.0-255,66,218649,70,312614
18454,0.002103,74.125.24.0-255,1484,220133,70,312614
18455,0.002117,74.125.24.0-255,2902,223035,70,312614
18456,0.002137,74.125.24.0-255,5738,228773,70,312614
18457,0.002143,74.125.24.0-255,4320,233093,70,312614
18458,0.002149,172.31.40.0-255,66,233159,70,312614
18459,0.002166,74.125.24.0-255,1484,234643,70,312614
18460,0.002187,74.125.24.0-255,8574,243217,70,312614
18461,0.002192,172.31.40.0-255,66,243283,70,312614
18462,0.00222,74.125.24.0-255,1484,244767,70,312614
18463,0.002229,74.125.24.0-255,7856,252623,70,312614
18464,0.002232,74.125.24.0-255,1484,254107,70,312614
18465,0.002246,172.31.40.0-255,66,254173,70,312614
18466,0.002259,74.125.24.0-255,7156,261329,70,312614
18467,0.002268,74.125.24.0-255,4320,265649,70,312614
18468,0.002273,74.125.24.0-255,4320,269969,70,312614
18469,0.00228,172.31.40.0-255,66,270035,70,312614
18470,0.002302,74.125.24.0-255,9992,280027,70,312614
18471,0.002306,74.125.24.0-255,2902,282929,70,312614
18472,0.002311,74.125.24.0-255,3602,286531,70,312614
18473,0.002314,74.125.24.0-255,1484,288015,70,312614
18474,0.002326,172.31.40.0-255,66,288081,70,312614
18475,0.002343,74.125.24.0-255,7156,295237,70,312614
18476,0.002347,74.125.24.0-255,2902,298139,70,312614
18477,0.002382,74.125.24.0-255,1484,299623,70,312614
18478,0.002392,172.31.40.0-255,66,299689,70,312614
18479,0.004648,74.125.24.0-255,5738,305427,70,312614
18480,0.004656,172.31.40.0-255,66,305493,70,312614
18481,0.00694,74.125.24.0-255,5530,311023,70,312614
18482,0.013387,172.31.40.0-255,66,311089,70,312614
18483,0.013868,74.125.24.0-255,1276,312365,70,312614
18484,0.013876,172.31.40.0-255,78,312443,70,312614
18485,0.014615,172.31.40.0-255,105,312548,70,312614
18486,0.016865,74.125.24.0-255,66,312614,70,312614
18487,0.0,74.125.24.0-255,153,153,70,311818
18488,1.6e-05,172.31.40.0-255,66,219,70,311818
18489,2.2e-05,74.125.24.0-255,1484,1703,70,311818
18490,2.7e-05,172.31.40.0-255,66,1769,70,311818
18491,3.3e-05,74.125.24.0-255,2902,4671,70,311818
18492,3.6e-05,172.31.40.0-255,66,4737,70,311818
18493,4.1e-05,74.125.24.0-255,4320,9057,70,311818
18494,4.5e-05,172.31.40.0-255,66,9123,70,311818
18495,5.1e-05,74.125.24.0-255,4776,13899,70,311818
18496,5.4e-05,172.31.40.0-255,66,13965,70,311818
18497,8.7e-05,172.31.40.0-255,66,14031,70,311818
18498,9.4e-05,74.125.24.0-255,5379,19410,70,311818
18499,9.6e-05,172.31.40.0-255,66,19476,70,311818
18500,0.000262,74.125.24.0-255,1484,20960,70,311818
18501,0.000267,172.31.40.0-255,66,21026,70,311818
18502,0.000273,74.125.24.0-255,2902,23928,70,311818
18503,0.000275,172.31.40.0-255,66,23994,70,311818
18504,0.000299,74.125.24.0-255,5738,29732,70,311818
18505,0.000302,172.31.40.0-255,66,29798,70,311818
18506,0.00031,74.125.24.0-255,6797,36595,70,311818
18507,0.000312,172.31.40.0-255,66,36661,70,311818
18508,0.000356,172.31.40.0-255,66,36727,70,311818
18509,0.00036,74.125.24.0-255,2817,39544,70,311818
18510,0.000362,172.31.40.0-255,66,39610,70,311818
18511,0.000365,74.125.24.0-255,131,39741,70,311818
18512,0.000368,172.31.40.0-255,66,39807,70,311818
18513,0.000489,74.125.24.0-255,1484,41291,70,311818
18514,0.000493,172.31.40.0-255,66,41357,70,311818
18515,0.000499,74.125.24.0-255,2902,44259,70,311818
18516,0.000502,172.31.40.0-255,66,44325,70,311818
18517,0.000505,74.125.24.0-255,1484,45809,70,311818
18518,0.000529,74.125.24.0-255,4320,50129,70,311818
18519,0.000532,74.125.24.0-255,1484,51613,70,311818
18520,0.000547,74.125.24.0-255,7156,58769,70,311818
18521,0.000555,172.31.40.0-255,66,58835,70,311818
18522,0.000572,74.125.24.0-255,5379,64214,70,311818
18523,0.000588,172.31.40.0-255,66,64280,70,311818
18524,0.000601,74.125.24.0-255,4320,68600,70,311818
18525,0.000623,74.125.24.0-255,5379,73979,70,311818
18526,0.000626,172.31.40.0-255,66,74045,70,311818
18527,0.000631,172.31.40.0-255,66,74111,70,311818
18528,0.000703,74.125.24.0-255,1484,75595,70,311818
18529,0.000708,74.125.24.0-255,2902,78497,70,311818
18530,0.000722,74.125.24.0-255,2902,81399,70,311818
18531,0.000734,74.125.24.0-255,2902,84301,70,311818
18532,0.000742,172.31.40.0-255,66,84367,70,311818
18533,0.00075,74.125.24.0-255,1484,85851,70,311818
18534,0.000766,74.125.24.0-255,4320,90171,70,311818
18535,0.000781,74.125.24.0-255,5738,95909,70,311818
18536,0.000791,172.31.40.0-255,66,95975,70,311818
18537,0.000799,74.125.24.0-255,1484,97459,70,311818
18538,0.000803,74.125.24.0-255,2902,100361,70,311818
18539,0.000808,172.31.40.0-255,66,100427,70,311818
18540,0.000827,74.125.24.0-255,4320,104747,70,311818
18541,0.000835,172.31.40.0-255,66,104813,70,311818
18542,0.000854,74.125.24.0-255,3602,108415,70,311818
18543,0.000859,74.125.24.0-255,4320,112735,70,311818
18544,0.000868,172.31.40.0-255,66,112801,70,311818
18545,0.000877,74.125.24.0-255,1484,114285,70,311818
18546,0.000917,74.125.24.0-255,5738,120023,70,311818
18547,0.000921,172.31.40.0-255,66,120089,70,311818
18548,0.000942,74.125.24.0-255,1484,121573,70,311818
18549,0.000962,74.125.24.0-255,6438,128011,70,311818
18550,0.000971,74.125.24.0-255,9992,138003,70,311818
18551,0.000986,74.125.24.0-255,4320,142323,70,311818
18552,0.00101,74.125.24.0-255,7856,150179,70,311818
18553,0.001013,74.125.24.0-255,348,150527,70,311818
18554,0.001015,74.125.24.0-255,1484,152011,70,311818
18555,0.001034,74.125.24.0-255,4320,156331,70,311818
18556,0.001037,74.125.24.0-255,1484,157815,70,311818
18557,0.001039,172.31.40.0-255,66,157881,70,311818
18558,0.001044,172.31.40.0-255,66,157947,70,311818
18559,0.001068,74.125.24.0-255,5738,163685,70,311818
18560,0.001075,74.125.24.0-255,7156,170841,70,311818
18561,0.001091,74.125.24.0-255,1484,172325,70,311818
18562,0.001102,172.31.40.0-255,66,172391,70,311818
18563,0.001117,74.125.24.0-255,7156,179547,70,311818
18564,0.001131,172.31.40.0-255,66,179613,70,311818
18565,0.001143,74.125.24.0-255,5020,184633,70,311818
18566,0.001147,172.31.40.0-255,66,184699,70,311818
18567,0.001191,74.125.24.0-255,1484,186183,70,311818
18568,0.001196,74.125.24.0-255,2902,189085,70,311818
18569,0.001206,172.31.40.0-255,66,189151,70,311818
18570,0.001219,74.125.24.0-255,5738,194889,70,311818
18571,0.001244,74.125.24.0-255,7156,202045,70,311818
18572,0.001255,172.31.40.0-255,66,202111,70,311818
18573,0.00128,74.125.24.0-255,5738,207849,70,311818
18574,0.001287,74.125.24.0-255,5738,213587,70,311818
18575,0.001293,172.31.40.0-255,66,213653,70,311818
18576,0.001304,74.125.24.0-255,5020,218673,70,311818
18577,0.001311,172.31.40.0-255,66,218739,70,311818
18578,0.001482,74.125.24.0-255,1484,220223,70,311818
18579,0.001488,74.125.24.0-255,2902,223125,70,311818
18580,0.0015,172.31.40.0-255,66,223191,70,311818
18581,0.001512,74.125.24.0-255,5738,228929,70,311818
18582,0.001519,74.125.24.0-255,7156,236085,70,311818
18583,0.001525,172.31.40.0-255,66,236151,70,311818
18584,0.001544,74.125.24.0-255,7156,243307,70,311818
18585,0.001554,172.31.40.0-255,66,243373,70,311818
18586,0.001566,74.125.24.0-255,7156,250529,70,311818
18587,0.00157,74.125.24.0-255,3602,254131,70,311818
18588,0.00158,172.31.40.0-255,66,254197,70,311818
18589,0.001587,74.125.24.0-255,5738,259935,70,311818
18590,0.001607,74.125.24.0-255,9992,269927,70,311818
18591,0.001627,74.125.24.0-255,4320,274247,70,311818
18592,0.001674,74.125.24.0-255,8574,282821,70,311818
18593,0.001677,172.31.40.0-255,66,282887,70,311818
18594,0.001683,172.31.40.0-255,66,282953,70,311818
18595,0.001694,74.125.24.0-255,3602,286555,70,311818
18596,0.00172,74.125.24.0-255,4320,290875,70,311818
18597,0.001741,172.31.40.0-255,66,290941,70,311818
18598,0.001748,74.125.24.0-255,5020,295961,70,311818
18599,0.001755,74.125.24.0-255,7156,303117,70,311818
18600,0.001767,74.125.24.0-255,2902,306019,70,311818
18601,0.00177,172.31.40.0-255,66,306085,70,311818
18602,0.001791,172.31.40.0-255,66,306151,70,311818
18603,0.001829,74.125.24.0-255,97,306248,70,311818
18604,0.001838,172.31.40.0-255,66,306314,70,311818
18605,0.001846,74.125.24.0-255,105,306419,70,311818
18606,0.012891,172.31.40.0-255,66,306485,70,311818
18607,0.012944,172.31.40.0-255,105,306590,70,311818
18608,0.015272,74.125.24.0-255,66,306656,70,311818
18609,0.04948,172.31.40.0-255,172,306828,70,311818
18610,0.049515,172.31.40.0-255,1117,307945,70,311818
18611,0.049579,172.31.40.0-255,1514,309459,70,311818
18612,0.049581,172.31.40.0-255,1514,310973,70,311818
18613,0.049583,172.31.40.0-255,845,311818,70,311818
18614,0.0,172.217.194.0-255,153,153,70,273993
18615,1.6e-05,172.31.40.0-255,66,219,70,273993
18616,2.2e-05,172.217.194.0-255,1484,1703,70,273993
18617,2.8e-05,172.31.40.0-255,66,1769,70,273993
18618,3.3e-05,172.217.194.0-255,2902,4671,70,273993
18619,4.5e-05,172.31.40.0-255,66,4737,70,273993
18620,5.3e-05,172.217.194.0-255,7156,11893,70,273993
18621,5.6e-05,172.31.40.0-255,66,11959,70,273993
18622,6e-05,172.217.194.0-255,2020,13979,70,273993
18623,6.3e-05,172.31.40.0-255,66,14045,70,273993
18624,0.000125,172.217.194.0-255,1484,15529,70,273993
18625,0.000127,172.31.40.0-255,66,15595,70,273993
18626,0.000133,172.217.194.0-255,2902,18497,70,273993
18627,0.000135,172.31.40.0-255,66,18563,70,273993
18628,0.000157,172.217.194.0-255,5738,24301,70,273993
18629,0.000164,172.31.40.0-255,66,24367,70,273993
18630,0.000189,172.217.194.0-255,1484,25851,70,273993
18631,0.000192,172.31.40.0-255,66,25917,70,273993
18632,0.000226,172.217.194.0-255,9633,35550,70,273993
18633,0.000229,172.31.40.0-255,66,35616,70,273993
18634,0.000238,172.217.194.0-255,8574,44190,70,273993
18635,0.00024,172.31.40.0-255,66,44256,70,273993
18636,0.00026,172.217.194.0-255,1484,45740,70,273993
18637,0.000262,172.31.40.0-255,66,45806,70,273993
18638,0.000298,172.31.40.0-255,66,45872,70,273993
18639,0.0003,172.217.194.0-255,395,46267,70,273993
18640,0.000302,172.31.40.0-255,66,46333,70,273993
18641,0.000377,172.217.194.0-255,1484,47817,70,273993
18642,0.00038,172.31.40.0-255,66,47883,70,273993
18643,0.000385,172.217.194.0-255,2902,50785,70,273993
18644,0.000387,172.31.40.0-255,66,50851,70,273993
18645,0.000425,172.217.194.0-255,5738,56589,70,273993
18646,0.000428,172.31.40.0-255,66,56655,70,273993
18647,0.000435,172.217.194.0-255,7156,63811,70,273993
18648,0.000437,172.31.40.0-255,66,63877,70,273993
18649,0.000515,172.31.40.0-255,66,63943,70,273993
18650,0.000519,172.217.194.0-255,2184,66127,70,273993
18651,0.000521,172.31.40.0-255,66,66193,70,273993
18652,0.000574,172.217.194.0-255,1484,67677,70,273993
18653,0.000589,172.217.194.0-255,2902,70579,70,273993
18654,0.000592,172.31.40.0-255,66,70645,70,273993
18655,0.000597,172.217.194.0-255,2902,73547,70,273993
18656,0.0006,172.31.40.0-255,66,73613,70,273993
18657,0.000621,172.217.194.0-255,2902,76515,70,273993
18658,0.000623,172.31.40.0-255,66,76581,70,273993
18659,0.000633,172.217.194.0-255,4320,80901,70,273993
18660,0.000635,172.31.40.0-255,66,80967,70,273993
18661,0.00064,172.217.194.0-255,2902,83869,70,273993
18662,0.000643,172.31.40.0-255,66,83935,70,273993
18663,0.000684,172.217.194.0-255,8574,92509,70,273993
18664,0.000688,172.31.40.0-255,66,92575,70,273993
18665,0.000696,172.217.194.0-255,7856,100431,70,273993
18666,0.000698,172.31.40.0-255,66,100497,70,273993
18667,0.00078,172.217.194.0-255,1484,101981,70,273993
18668,0.000786,172.217.194.0-255,2902,104883,70,273993
18669,0.000789,172.31.40.0-255,66,104949,70,273993
18670,0.000818,172.217.194.0-255,5738,110687,70,273993
18671,0.00082,172.31.40.0-255,66,110753,70,273993
18672,0.000829,172.217.194.0-255,8574,119327,70,273993
18673,0.000831,172.31.40.0-255,66,119393,70,273993
18674,0.000873,172.217.194.0-255,2902,122295,70,273993
18675,0.000875,172.31.40.0-255,66,122361,70,273993
18676,0.000918,172.31.40.0-255,66,122427,70,273993
18677,0.000949,172.217.194.0-255,1484,123911,70,273993
18678,0.000974,172.217.194.0-255,2902,126813,70,273993
18679,0.000978,172.31.40.0-255,66,126879,70,273993
18680,0.000984,172.217.194.0-255,5738,132617,70,273993
18681,0.001022,172.217.194.0-255,4320,136937,70,273993
18682,0.001039,172.217.194.0-255,4320,141257,70,273993
18683,0.001049,172.31.40.0-255,66,141323,70,273993
18684,0.001082,172.217.194.0-255,9274,150597,70,273993
18685,0.001091,172.217.194.0-255,7156,157753,70,273993
18686,0.001105,172.217.194.0-255,2902,160655,70,273993
18687,0.001116,172.31.40.0-255,66,160721,70,273993
18688,0.001138,172.217.194.0-255,8574,169295,70,273993
18689,0.001154,172.31.40.0-255,66,169361,70,273993
18690,0.001191,172.217.194.0-255,9274,178635,70,273993
18691,0.001267,172.217.194.0-255,379,179014,70,273993
18692,0.001272,172.31.40.0-255,66,179080,70,273993
18693,0.001298,172.217.194.0-255,1484,180564,70,273993
18694,0.001326,172.217.194.0-255,2902,183466,70,273993
18695,0.001348,172.217.194.0-255,5738,189204,70,273993
18696,0.001355,172.31.40.0-255,66,189270,70,273993
18697,0.001368,172.217.194.0-255,8574,197844,70,273993
18698,0.001387,172.217.194.0-255,4320,202164,70,273993
18699,0.001397,172.217.194.0-255,10692,212856,70,273993
18700,0.001421,172.31.40.0-255,66,212922,70,273993
18701,0.001454,172.217.194.0-255,1484,214406,70,273993
18702,0.001459,172.217.194.0-255,2902,217308,70,273993
18703,0.001479,172.217.194.0-255,5738,223046,70,273993
18704,0.001486,172.217.194.0-255,5738,228784,70,273993
18705,0.001489,172.31.40.0-255,66,228850,70,273993
18706,0.001496,172.217.194.0-255,1484,230334,70,273993
18707,0.001502,172.31.40.0-255,66,230400,70,273993
18708,0.001547,172.217.194.0-255,10692,241092,70,273993
18709,0.001567,172.217.194.0-255,5738,246830,70,273993
18710,0.001576,172.31.40.0-255,66,246896,70,273993
18711,0.001587,172.217.194.0-255,5738,252634,70,273993
18712,0.0016,172.217.194.0-255,8574,261208,70,273993
18713,0.001614,172.31.40.0-255,66,261274,70,273993
18714,0.001619,172.217.194.0-255,2902,264176,70,273993
18715,0.001636,172.217.194.0-255,1484,265660,70,273993
18716,0.001673,172.217.194.0-255,1268,266928,70,273993
18717,0.001677,172.31.40.0-255,66,266994,70,273993
18718,0.001683,172.31.40.0-255,66,267060,70,273993
18719,0.001718,172.217.194.0-255,105,267165,70,273993
18720,0.003316,172.31.40.0-255,101,267266,70,273993
18721,0.004158,172.31.40.0-255,105,267371,70,273993
18722,0.005251,172.217.194.0-255,66,267437,70,273993
18723,0.006096,172.217.194.0-255,66,267503,70,273993
18724,0.04152,172.31.40.0-255,172,267675,70,273993
18725,0.041552,172.31.40.0-255,1117,268792,70,273993
18726,0.041634,172.31.40.0-255,1514,270306,70,273993
18727,0.041636,172.31.40.0-255,1514,271820,70,273993
18728,0.041641,172.31.40.0-255,1514,273334,70,273993
18729,0.041642,172.31.40.0-255,395,273729,70,273993
18730,0.043125,104.244.42.0-255,66,273795,70,273993
18731,0.043137,104.244.42.0-255,66,273861,70,273993
18732,0.043213,104.244.42.0-255,66,273927,70,273993
18733,0.043219,104.244.42.0-255,66,273993,70,273993
18734,0.0,74.125.130.0-255,148,148,70,333689
18735,1.5e-05,172.31.40.0-255,66,214,70,333689
18736,2.2e-05,74.125.130.0-255,1484,1698,70,333689
18737,2.7e-05,172.31.40.0-255,66,1764,70,333689
18738,3.3e-05,74.125.130.0-255,2902,4666,70,333689
18739,3.7e-05,172.31.40.0-255,66,4732,70,333689
18740,8.6e-05,74.125.130.0-255,5738,10470,70,333689
18741,8.9e-05,172.31.40.0-255,66,10536,70,333689
18742,9.4e-05,74.125.130.0-255,3456,13992,70,333689
18743,9.7e-05,172.31.40.0-255,66,14058,70,333689
18744,0.000102,74.125.130.0-255,4320,18378,70,333689
18745,0.000104,172.31.40.0-255,66,18444,70,333689
18746,0.000107,74.125.130.0-255,1484,19928,70,333689
18747,0.00011,172.31.40.0-255,66,19994,70,333689
18748,0.000133,74.125.130.0-255,5738,25732,70,333689
18749,0.000136,172.31.40.0-255,66,25798,70,333689
18750,0.000166,74.125.130.0-255,2902,28700,70,333689
18751,0.000169,172.31.40.0-255,66,28766,70,333689
18752,0.000189,74.125.130.0-255,2543,31309,70,333689
18753,0.000191,172.31.40.0-255,66,31375,70,333689
18754,0.000302,74.125.130.0-255,1484,32859,70,333689
18755,0.000307,172.31.40.0-255,66,32925,70,333689
18756,0.00031,74.125.130.0-255,1484,34409,70,333689
18757,0.000313,172.31.40.0-255,66,34475,70,333689
18758,0.000355,74.125.130.0-255,2902,37377,70,333689
18759,0.000358,172.31.40.0-255,66,37443,70,333689
18760,0.000365,74.125.130.0-255,5738,43181,70,333689
18761,0.000368,172.31.40.0-255,66,43247,70,333689
18762,0.000374,74.125.130.0-255,6797,50044,70,333689
18763,0.000377,172.31.40.0-255,66,50110,70,333689
18764,0.000401,74.125.130.0-255,5738,55848,70,333689
18765,0.000404,172.31.40.0-255,66,55914,70,333689
18766,0.000419,74.125.130.0-255,1484,57398,70,333689
18767,0.000425,74.125.130.0-255,4320,61718,70,333689
18768,0.000428,172.31.40.0-255,66,61784,70,333689
18769,0.00045,74.125.130.0-255,4251,66035,70,333689
18770,0.000452,172.31.40.0-255,66,66101,70,333689
18771,0.000455,74.125.130.0-255,364,66465,70,333689
18772,0.000522,74.125.130.0-255,1484,67949,70,333689
18773,0.000525,172.31.40.0-255,66,68015,70,333689
18774,0.000531,74.125.130.0-255,2902,70917,70,333689
18775,0.000533,172.31.40.0-255,66,70983,70,333689
18776,0.000552,74.125.130.0-255,2902,73885,70,333689
18777,0.000554,172.31.40.0-255,66,73951,70,333689
18778,0.00059,74.125.130.0-255,2902,76853,70,333689
18779,0.000594,172.31.40.0-255,66,76919,70,333689
18780,0.000601,74.125.130.0-255,6797,83716,70,333689
18781,0.000603,172.31.40.0-255,66,83782,70,333689
18782,0.000643,74.125.130.0-255,1484,85266,70,333689
18783,0.00066,74.125.130.0-255,2902,88168,70,333689
18784,0.000663,172.31.40.0-255,66,88234,70,333689
18785,0.000666,74.125.130.0-255,1484,89718,70,333689
18786,0.000684,74.125.130.0-255,2902,92620,70,333689
18787,0.000687,172.31.40.0-255,66,92686,70,333689
18788,0.000691,74.125.130.0-255,2902,95588,70,333689
18789,0.000694,172.31.40.0-255,66,95654,70,333689
18790,0.00071,74.125.130.0-255,2902,98556,70,333689
18791,0.000713,172.31.40.0-255,66,98622,70,333689
18792,0.000717,74.125.130.0-255,2543,101165,70,333689
18793,0.00072,172.31.40.0-255,66,101231,70,333689
18794,0.001014,74.125.130.0-255,1484,102715,70,333689
18795,0.001033,74.125.130.0-255,2902,105617,70,333689
18796,0.001037,172.31.40.0-255,66,105683,70,333689
18797,0.001054,74.125.130.0-255,2902,108585,70,333689
18798,0.001056,172.31.40.0-255,66,108651,70,333689
18799,0.001076,74.125.130.0-255,2902,111553,70,333689
18800,0.001079,172.31.40.0-255,66,111619,70,333689
18801,0.001084,74.125.130.0-255,5738,117357,70,333689
18802,0.001086,172.31.40.0-255,66,117423,70,333689
18803,0.001138,74.125.130.0-255,7156,124579,70,333689
18804,0.00114,172.31.40.0-255,66,124645,70,333689
18805,0.001147,74.125.130.0-255,7156,131801,70,333689
18806,0.001149,172.31.40.0-255,66,131867,70,333689
18807,0.001173,74.125.130.0-255,1484,133351,70,333689
18808,0.001191,74.125.130.0-255,2184,135535,70,333689
18809,0.001194,172.31.40.0-255,66,135601,70,333689
18810,0.00125,74.125.130.0-255,1484,137085,70,333689
18811,0.001262,74.125.130.0-255,2902,139987,70,333689
18812,0.001265,172.31.40.0-255,66,140053,70,333689
18813,0.001287,74.125.130.0-255,4320,144373,70,333689
18814,0.001292,74.125.130.0-255,5738,150111,70,333689
18815,0.001296,172.31.40.0-255,66,150177,70,333689
18816,0.001299,172.31.40.0-255,66,150243,70,333689
18817,0.001322,74.125.130.0-255,4320,154563,70,333689
18818,0.001324,172.31.40.0-255,66,154629,70,333689
18819,0.001347,74.125.130.0-255,7156,161785,70,333689
18820,0.00135,172.31.40.0-255,66,161851,70,333689
18821,0.001354,74.125.130.0-255,4320,166171,70,333689
18822,0.001356,172.31.40.0-255,66,166237,70,333689
18823,0.001382,74.125.130.0-255,1484,167721,70,333689
18824,0.001398,74.125.130.0-255,2184,169905,70,333689
18825,0.0014,172.31.40.0-255,66,169971,70,333689
18826,0.001486,74.125.130.0-255,1484,171455,70,333689
18827,0.001499,74.125.130.0-255,2902,174357,70,333689
18828,0.001501,172.31.40.0-255,66,174423,70,333689
18829,0.001535,74.125.130.0-255,5738,180161,70,333689
18830,0.001537,74.125.130.0-255,1484,181645,70,333689
18831,0.001541,172.31.40.0-255,66,181711,70,333689
18832,0.001561,74.125.130.0-255,2902,184613,70,333689
18833,0.001563,172.31.40.0-255,66,184679,70,333689
18834,0.001604,74.125.130.0-255,4320,188999,70,333689
18835,0.001607,172.31.40.0-255,66,189065,70,333689
18836,0.00163,74.125.130.0-255,1484,190549,70,333689
18837,0.001633,74.125.130.0-255,1484,192033,70,333689
18838,0.001635,172.31.40.0-255,66,192099,70,333689
18839,0.001639,74.125.130.0-255,2902,195001,70,333689
18840,0.001641,172.31.40.0-255,66,195067,70,333689
18841,0.001646,74.125.130.0-255,5738,200805,70,333689
18842,0.001648,172.31.40.0-255,66,200871,70,333689
18843,0.001652,74.125.130.0-255,3602,204473,70,333689
18844,0.001654,172.31.40.0-255,66,204539,70,333689
18845,0.003882,74.125.130.0-255,1484,206023,70,333689
18846,0.003902,74.125.130.0-255,4320,210343,70,333689
18847,0.003906,172.31.40.0-255,66,210409,70,333689
18848,0.00615,74.125.130.0-255,4320,214729,70,333689
18849,0.006153,172.31.40.0-255,66,214795,70,333689
18850,0.006168,74.125.130.0-255,1484,216279,70,333689
18851,0.008394,74.125.130.0-255,4320,220599,70,333689
18852,0.008402,172.31.40.0-255,66,220665,70,333689
18853,0.010643,74.125.130.0-255,5738,226403,70,333689
18854,0.01065,172.31.40.0-255,66,226469,70,333689
18855,0.012916,74.125.130.0-255,5738,232207,70,333689
18856,0.012923,172.31.40.0-255,66,232273,70,333689
18857,0.01516,74.125.130.0-255,5738,238011,70,333689
18858,0.015169,172.31.40.0-255,66,238077,70,333689
18859,0.017418,74.125.130.0-255,5738,243815,70,333689
18860,0.017426,172.31.40.0-255,66,243881,70,333689
18861,0.019665,74.125.130.0-255,5738,249619,70,333689
18862,0.019673,172.31.40.0-255,66,249685,70,333689
18863,0.021924,74.125.130.0-255,5738,255423,70,333689
18864,0.021932,172.31.40.0-255,66,255489,70,333689
18865,0.024264,74.125.130.0-255,5738,261227,70,333689
18866,0.024273,172.31.40.0-255,66,261293,70,333689
18867,0.026518,74.125.130.0-255,5738,267031,70,333689
18868,0.026525,172.31.40.0-255,66,267097,70,333689
18869,0.028199,172.31.40.0-255,172,267269,70,333689
18870,0.028232,172.31.40.0-255,1118,268387,70,333689
18871,0.028286,172.31.40.0-255,1514,269901,70,333689
18872,0.028288,172.31.40.0-255,1514,271415,70,333689
18873,0.028296,172.31.40.0-255,1514,272929,70,333689
18874,0.028297,172.31.40.0-255,1514,274443,70,333689
18875,0.028328,172.31.40.0-255,636,275079,70,333689
18876,0.028756,74.125.130.0-255,1484,276563,70,333689
18877,0.028779,74.125.130.0-255,4320,280883,70,333689
18878,0.028784,172.31.40.0-255,66,280949,70,333689
18879,0.029791,104.244.42.0-255,66,281015,70,333689
18880,0.029819,104.244.42.0-255,66,281081,70,333689
18881,0.029887,104.244.42.0-255,66,281147,70,333689
18882,0.029901,104.244.42.0-255,66,281213,70,333689
18883,0.030955,104.244.42.0-255,108,281321,70,333689
18884,0.030963,172.31.40.0-255,66,281387,70,333689
18885,0.031011,74.125.130.0-255,1484,282871,70,333689
18886,0.03103,74.125.130.0-255,4320,287191,70,333689
18887,0.031033,172.31.40.0-255,66,287257,70,333689
18888,0.033292,74.125.130.0-255,5738,292995,70,333689
18889,0.033299,172.31.40.0-255,66,293061,70,333689
18890,0.035563,74.125.130.0-255,5738,298799,70,333689
18891,0.035569,172.31.40.0-255,66,298865,70,333689
18892,0.037838,74.125.130.0-255,5738,304603,70,333689
18893,0.037845,172.31.40.0-255,66,304669,70,333689
18894,0.040102,74.125.130.0-255,5738,310407,70,333689
18895,0.040108,172.31.40.0-255,66,310473,70,333689
18896,0.042356,74.125.130.0-255,5738,316211,70,333689
18897,0.042363,172.31.40.0-255,66,316277,70,333689
18898,0.044609,74.125.130.0-255,5738,322015,70,333689
18899,0.044615,172.31.40.0-255,66,322081,70,333689
18900,0.046861,74.125.130.0-255,5738,327819,70,333689
18901,0.046867,172.31.40.0-255,66,327885,70,333689
18902,0.049156,74.125.130.0-255,5738,333623,70,333689
18903,0.049163,172.31.40.0-255,66,333689,70,333689
18904,0.0,74.125.200.0-255,149,149,70,293918
18905,2.6e-05,172.31.40.0-255,66,215,70,293918
18906,3.4e-05,74.125.200.0-255,1484,1699,70,293918
18907,3.9e-05,172.31.40.0-255,66,1765,70,293918
18908,5.2e-05,74.125.200.0-255,2902,4667,70,293918
18909,5.5e-05,172.31.40.0-255,66,4733,70,293918
18910,6.2e-05,74.125.200.0-255,5738,10471,70,293918
18911,6.5e-05,172.31.40.0-255,66,10537,70,293918
18912,6.9e-05,74.125.200.0-255,2902,13439,70,293918
18913,7.2e-05,172.31.40.0-255,66,13505,70,293918
18914,0.000103,74.125.200.0-255,595,14100,70,293918
18915,0.000106,172.31.40.0-255,66,14166,70,293918
18916,0.000163,74.125.200.0-255,1484,15650,70,293918
18917,0.000166,172.31.40.0-255,66,15716,70,293918
18918,0.00017,74.125.200.0-255,1484,17200,70,293918
18919,0.000171,172.31.40.0-255,66,17266,70,293918
18920,0.000175,74.125.200.0-255,1484,18750,70,293918
18921,0.000177,172.31.40.0-255,66,18816,70,293918
18922,0.000212,74.125.200.0-255,1484,20300,70,293918
18923,0.000218,172.31.40.0-255,66,20366,70,293918
18924,0.000226,74.125.200.0-255,5738,26104,70,293918
18925,0.000228,172.31.40.0-255,66,26170,70,293918
18926,0.000234,74.125.200.0-255,5379,31549,70,293918
18927,0.000236,172.31.40.0-255,66,31615,70,293918
18928,0.000371,74.125.200.0-255,1484,33099,70,293918
18929,0.000376,172.31.40.0-255,66,33165,70,293918
18930,0.00038,74.125.200.0-255,1484,34649,70,293918
18931,0.000382,172.31.40.0-255,66,34715,70,293918
18932,0.000402,74.125.200.0-255,1484,36199,70,293918
18933,0.000405,172.31.40.0-255,66,36265,70,293918
18934,0.000415,74.125.200.0-255,5738,42003,70,293918
18935,0.000418,172.31.40.0-255,66,42069,70,293918
18936,0.000454,74.125.200.0-255,6797,48866,70,293918
18937,0.00046,172.31.40.0-255,66,48932,70,293918
18938,0.000467,74.125.200.0-255,7156,56088,70,293918
18939,0.00047,172.31.40.0-255,66,56154,70,293918
18940,0.000504,74.125.200.0-255,9944,66098,70,293918
18941,0.000507,172.31.40.0-255,66,66164,70,293918
18942,0.00051,74.125.200.0-255,111,66275,70,293918
18943,0.000513,74.125.200.0-255,333,66608,70,293918
18944,0.000884,74.125.200.0-255,1484,68092,70,293918
18945,0.000889,172.31.40.0-255,66,68158,70,293918
18946,0.000895,74.125.200.0-255,2902,71060,70,293918
18947,0.000897,172.31.40.0-255,66,71126,70,293918
18948,0.000929,74.125.200.0-255,5738,76864,70,293918
18949,0.000932,172.31.40.0-255,66,76930,70,293918
18950,0.000939,74.125.200.0-255,5738,82668,70,293918
18951,0.000941,172.31.40.0-255,66,82734,70,293918
18952,0.000965,74.125.200.0-255,4320,87054,70,293918
18953,0.000968,172.31.40.0-255,66,87120,70,293918
18954,0.00098,172.31.40.0-255,66,87186,70,293918
18955,0.000988,74.125.200.0-255,2184,89370,70,293918
18956,0.00099,172.31.40.0-255,66,89436,70,293918
18957,0.001235,74.125.200.0-255,1484,90920,70,293918
18958,0.00124,74.125.200.0-255,2902,93822,70,293918
18959,0.001243,172.31.40.0-255,66,93888,70,293918
18960,0.001247,74.125.200.0-255,1484,95372,70,293918
18961,0.001276,74.125.200.0-255,4320,99692,70,293918
18962,0.001278,172.31.40.0-255,66,99758,70,293918
18963,0.001284,74.125.200.0-255,2902,102660,70,293918
18964,0.001286,172.31.40.0-255,66,102726,70,293918
18965,0.001327,74.125.200.0-255,9992,112718,70,293918
18966,0.00133,172.31.40.0-255,66,112784,70,293918
18967,0.001334,74.125.200.0-255,1484,114268,70,293918
18968,0.00136,74.125.200.0-255,9274,123542,70,293918
18969,0.001363,172.31.40.0-255,66,123608,70,293918
18970,0.001949,74.125.200.0-255,1484,125092,70,293918
18971,0.001954,74.125.200.0-255,1484,126576,70,293918
18972,0.001957,172.31.40.0-255,66,126642,70,293918
18973,0.001984,74.125.200.0-255,1484,128126,70,293918
18974,0.001991,74.125.200.0-255,5738,133864,70,293918
18975,0.001994,172.31.40.0-255,66,133930,70,293918
18976,0.002001,74.125.200.0-255,7156,141086,70,293918
18977,0.002003,172.31.40.0-255,66,141152,70,293918
18978,0.002016,74.125.200.0-255,1484,142636,70,293918
18979,0.002047,74.125.200.0-255,7156,149792,70,293918
18980,0.002049,172.31.40.0-255,66,149858,70,293918
18981,0.002055,74.125.200.0-255,4320,154178,70,293918
18982,0.002057,172.31.40.0-255,66,154244,70,293918
18983,0.002086,74.125.200.0-255,1484,155728,70,293918
18984,0.002105,74.125.200.0-255,2184,157912,70,293918
18985,0.002107,172.31.40.0-255,66,157978,70,293918
18986,0.002187,74.125.200.0-255,1484,159462,70,293918
18987,0.002192,74.125.200.0-255,2902,162364,70,293918
18988,0.002195,172.31.40.0-255,66,162430,70,293918
18989,0.00223,74.125.200.0-255,5738,168168,70,293918
18990,0.002233,172.31.40.0-255,66,168234,70,293918
18991,0.002337,172.31.40.0-255,66,168300,70,293918
18992,0.002346,74.125.200.0-255,4320,172620,70,293918
18993,0.002349,172.31.40.0-255,66,172686,70,293918
18994,0.002356,74.125.200.0-255,6438,179124,70,293918
18995,0.002358,172.31.40.0-255,66,179190,70,293918
18996,0.004693,74.125.200.0-255,5738,184928,70,293918
18997,0.004699,172.31.40.0-255,66,184994,70,293918
18998,0.007068,74.125.200.0-255,4320,189314,70,293918
18999,0.007071,172.31.40.0-255,66,189380,70,293918
19000,0.007096,74.125.200.0-255,1484,190864,70,293918
19001,0.00941,74.125.200.0-255,4320,195184,70,293918
19002,0.009417,172.31.40.0-255,66,195250,70,293918
19003,0.011764,74.125.200.0-255,5738,200988,70,293918
19004,0.011771,172.31.40.0-255,66,201054,70,293918
19005,0.014116,74.125.200.0-255,5738,206792,70,293918
19006,0.014123,172.31.40.0-255,66,206858,70,293918
19007,0.016469,74.125.200.0-255,5738,212596,70,293918
19008,0.016476,172.31.40.0-255,66,212662,70,293918
19009,0.018827,74.125.200.0-255,5738,218400,70,293918
19010,0.018835,172.31.40.0-255,66,218466,70,293918
19011,0.021175,74.125.200.0-255,5738,224204,70,293918
19012,0.021182,172.31.40.0-255,66,224270,70,293918
19013,0.023544,74.125.200.0-255,5738,230008,70,293918
19014,0.02355,172.31.40.0-255,66,230074,70,293918
19015,0.02593,74.125.200.0-255,5738,235812,70,293918
19016,0.02595,172.31.40.0-255,66,235878,70,293918
19017,0.028307,74.125.200.0-255,5738,241616,70,293918
19018,0.028319,172.31.40.0-255,66,241682,70,293918
19019,0.030701,74.125.200.0-255,5738,247420,70,293918
19020,0.030717,172.31.40.0-255,66,247486,70,293918
19021,0.03308,74.125.200.0-255,5738,253224,70,293918
19022,0.033093,172.31.40.0-255,66,253290,70,293918
19023,0.035466,74.125.200.0-255,5738,259028,70,293918
19024,0.035483,172.31.40.0-255,66,259094,70,293918
19025,0.037828,74.125.200.0-255,5738,264832,70,293918
19026,0.037835,172.31.40.0-255,66,264898,70,293918
19027,0.040192,74.125.200.0-255,5738,270636,70,293918
19028,0.040209,172.31.40.0-255,66,270702,70,293918
19029,0.042563,74.125.200.0-255,5738,276440,70,293918
19030,0.04257,172.31.40.0-255,66,276506,70,293918
19031,0.044938,74.125.200.0-255,5738,282244,70,293918
19032,0.044963,172.31.40.0-255,66,282310,70,293918
19033,0.047316,74.125.200.0-255,5738,288048,70,293918
19034,0.047324,172.31.40.0-255,66,288114,70,293918
19035,0.049692,74.125.200.0-255,5738,293852,70,293918
19036,0.049705,172.31.40.0-255,66,293918,70,293918
19037,0.0,172.217.194.0-255,152,152,70,285503
19038,1.8e-05,172.31.40.0-255,66,218,70,285503
19039,2.4e-05,172.217.194.0-255,1484,1702,70,285503
19040,2.9e-05,172.31.40.0-255,66,1768,70,285503
19041,3.4e-05,172.217.194.0-255,2902,4670,70,285503
19042,4.5e-05,172.31.40.0-255,66,4736,70,285503
19043,5.3e-05,172.217.194.0-255,7156,11892,70,285503
19044,5.6e-05,172.31.40.0-255,66,11958,70,285503
19045,9e-05,172.217.194.0-255,1983,13941,70,285503
19046,9.3e-05,172.31.40.0-255,66,14007,70,285503
19047,0.000122,172.217.194.0-255,1484,15491,70,285503
19048,0.000125,172.31.40.0-255,66,15557,70,285503
19049,0.00013,172.217.194.0-255,2902,18459,70,285503
19050,0.000132,172.31.40.0-255,66,18525,70,285503
19051,0.000135,172.217.194.0-255,1484,20009,70,285503
19052,0.000137,172.31.40.0-255,66,20075,70,285503
19053,0.000171,172.217.194.0-255,4320,24395,70,285503
19054,0.000174,172.31.40.0-255,66,24461,70,285503
19055,0.000182,172.217.194.0-255,6797,31258,70,285503
19056,0.000184,172.31.40.0-255,66,31324,70,285503
19057,0.000239,172.217.194.0-255,1484,32808,70,285503
19058,0.000241,172.31.40.0-255,66,32874,70,285503
19059,0.000246,172.217.194.0-255,2902,35776,70,285503
19060,0.000248,172.31.40.0-255,66,35842,70,285503
19061,0.000287,172.217.194.0-255,5738,41580,70,285503
19062,0.00029,172.31.40.0-255,66,41646,70,285503
19063,0.000297,172.217.194.0-255,6797,48443,70,285503
19064,0.000299,172.31.40.0-255,66,48509,70,285503
19065,0.000319,172.31.40.0-255,66,48575,70,285503
19066,0.000323,172.217.194.0-255,2543,51118,70,285503
19067,0.000325,172.31.40.0-255,66,51184,70,285503
19068,0.000365,172.217.194.0-255,678,51862,70,285503
19069,0.000545,172.217.194.0-255,1484,53346,70,285503
19070,0.00055,172.31.40.0-255,66,53412,70,285503
19071,0.000557,172.217.194.0-255,2902,56314,70,285503
19072,0.000559,172.31.40.0-255,66,56380,70,285503
19073,0.000562,172.217.194.0-255,1484,57864,70,285503
19074,0.000591,172.217.194.0-255,4320,62184,70,285503
19075,0.000604,172.217.194.0-255,9992,72176,70,285503
19076,0.00061,172.31.40.0-255,66,72242,70,285503
19077,0.000613,172.31.40.0-255,66,72308,70,285503
19078,0.000652,172.217.194.0-255,5738,78046,70,285503
19079,0.000655,172.31.40.0-255,66,78112,70,285503
19080,0.000692,172.217.194.0-255,7856,85968,70,285503
19081,0.000695,172.31.40.0-255,66,86034,70,285503
19082,0.001023,172.217.194.0-255,1484,87518,70,285503
19083,0.00103,172.217.194.0-255,2902,90420,70,285503
19084,0.001033,172.31.40.0-255,66,90486,70,285503
19085,0.001039,172.217.194.0-255,2902,93388,70,285503
19086,0.001041,172.31.40.0-255,66,93454,70,285503
19087,0.001068,172.217.194.0-255,2902,96356,70,285503
19088,0.001071,172.31.40.0-255,66,96422,70,285503
19089,0.001085,172.217.194.0-255,9992,106414,70,285503
19090,0.001088,172.31.40.0-255,66,106480,70,285503
19091,0.001094,172.217.194.0-255,4320,110800,70,285503
19092,0.001096,172.31.40.0-255,66,110866,70,285503
19093,0.001137,172.217.194.0-255,9274,120140,70,285503
19094,0.001142,172.31.40.0-255,66,120206,70,285503
19095,0.001147,172.217.194.0-255,4320,124526,70,285503
19096,0.001149,172.31.40.0-255,66,124592,70,285503
19097,0.001151,172.217.194.0-255,1484,126076,70,285503
19098,0.001178,172.217.194.0-255,4320,130396,70,285503
19099,0.00118,172.31.40.0-255,66,130462,70,285503
19100,0.001193,172.31.40.0-255,66,130528,70,285503
19101,0.0012,172.217.194.0-255,5738,136266,70,285503
19102,0.001202,172.31.40.0-255,66,136332,70,285503
19103,0.001241,172.217.194.0-255,6438,142770,70,285503
19104,0.001245,172.31.40.0-255,66,142836,70,285503
19105,0.001254,172.217.194.0-255,8574,151410,70,285503
19106,0.001256,172.31.40.0-255,66,151476,70,285503
19107,0.001283,172.217.194.0-255,4320,155796,70,285503
19108,0.001289,172.31.40.0-255,66,155862,70,285503
19109,0.001305,172.31.40.0-255,66,155928,70,285503
19110,0.001308,172.217.194.0-255,2902,158830,70,285503
19111,0.00131,172.31.40.0-255,66,158896,70,285503
19112,0.001337,172.217.194.0-255,3602,162498,70,285503
19113,0.001343,172.31.40.0-255,66,162564,70,285503
19114,0.001369,172.217.194.0-255,1484,164048,70,285503
19115,0.001372,172.217.194.0-255,1484,165532,70,285503
19116,0.00138,172.31.40.0-255,66,165598,70,285503
19117,0.001384,172.217.194.0-255,1484,167082,70,285503
19118,0.00139,172.217.194.0-255,5738,172820,70,285503
19119,0.001392,172.31.40.0-255,66,172886,70,285503
19120,0.001424,172.217.194.0-255,8574,181460,70,285503
19121,0.001427,172.31.40.0-255,66,181526,70,285503
19122,0.001453,172.217.194.0-255,4320,185846,70,285503
19123,0.001455,172.31.40.0-255,66,185912,70,285503
19124,0.001465,172.217.194.0-255,10692,196604,70,285503
19125,0.001468,172.31.40.0-255,66,196670,70,285503
19126,0.001518,172.31.40.0-255,66,196736,70,285503
19127,0.001532,172.217.194.0-255,9992,206728,70,285503
19128,0.001535,172.31.40.0-255,66,206794,70,285503
19129,0.001616,172.31.40.0-255,66,206860,70,285503
19130,0.00163,172.31.40.0-255,66,206926,70,285503
19131,0.001655,172.31.40.0-255,66,206992,70,285503
19132,0.001905,172.217.194.0-255,1484,208476,70,285503
19133,0.001911,172.217.194.0-255,2902,211378,70,285503
19134,0.001915,172.31.40.0-255,66,211444,70,285503
19135,0.001918,172.217.194.0-255,1484,212928,70,285503
19136,0.001943,172.217.194.0-255,4320,217248,70,285503
19137,0.001946,172.31.40.0-255,66,217314,70,285503
19138,0.001955,172.217.194.0-255,8574,225888,70,285503
19139,0.001957,172.31.40.0-255,66,225954,70,285503
19140,0.001976,172.217.194.0-255,4320,230274,70,285503
19141,0.001982,172.31.40.0-255,66,230340,70,285503
19142,0.001992,172.217.194.0-255,9992,240332,70,285503
19143,0.001995,172.31.40.0-255,66,240398,70,285503
19144,0.001997,172.217.194.0-255,766,241164,70,285503
19145,0.002022,172.217.194.0-255,1484,242648,70,285503
19146,0.002028,172.31.40.0-255,66,242714,70,285503
19147,0.002033,172.217.194.0-255,2902,245616,70,285503
19148,0.002035,172.31.40.0-255,66,245682,70,285503
19149,0.002056,172.217.194.0-255,1484,247166,70,285503
19150,0.00207,172.217.194.0-255,9992,257158,70,285503
19151,0.002073,172.31.40.0-255,66,257224,70,285503
19152,0.002079,172.217.194.0-255,4320,261544,70,285503
19153,0.002081,172.31.40.0-255,66,261610,70,285503
19154,0.002113,172.217.194.0-255,7156,268766,70,285503
19155,0.002117,172.31.40.0-255,66,268832,70,285503
19156,0.002136,172.31.40.0-255,66,268898,70,285503
19157,0.002148,172.31.40.0-255,66,268964,70,285503
19158,0.002182,172.217.194.0-255,4320,273284,70,285503
19159,0.002185,172.31.40.0-255,66,273350,70,285503
19160,0.002188,172.217.194.0-255,1262,274612,70,285503
19161,0.00219,172.217.194.0-255,105,274717,70,285503
19162,0.010949,172.31.40.0-255,66,274783,70,285503
19163,0.010992,172.31.40.0-255,105,274888,70,285503
19164,0.013318,172.217.194.0-255,105,274993,70,285503
19165,0.013332,172.31.40.0-255,78,275071,70,285503
19166,0.013576,172.217.194.0-255,66,275137,70,285503
19167,0.035317,172.31.40.0-255,172,275309,70,285503
19168,0.035345,172.31.40.0-255,1117,276426,70,285503
19169,0.035404,172.31.40.0-255,1514,277940,70,285503
19170,0.035406,172.31.40.0-255,1514,279454,70,285503
19171,0.035411,172.31.40.0-255,1514,280968,70,285503
19172,0.035412,172.31.40.0-255,1514,282482,70,285503
19173,0.03543,172.31.40.0-255,1514,283996,70,285503
19174,0.035435,172.31.40.0-255,1069,285065,70,285503
19175,0.036799,104.244.42.0-255,66,285131,70,285503
19176,0.036829,104.244.42.0-255,66,285197,70,285503
19177,0.036934,104.244.42.0-255,66,285263,70,285503
19178,0.03694,104.244.42.0-255,66,285329,70,285503
19179,0.046799,172.31.40.0-255,108,285437,70,285503
19180,0.048266,104.244.42.0-255,66,285503,70,285503
19181,0.0,172.217.194.0-255,153,153,70,280170
19182,1.5e-05,172.31.40.0-255,66,219,70,280170
19183,2.2e-05,172.217.194.0-255,1484,1703,70,280170
19184,2.7e-05,172.31.40.0-255,66,1769,70,280170
19185,3.9e-05,172.217.194.0-255,2902,4671,70,280170
19186,4.3e-05,172.31.40.0-255,66,4737,70,280170
19187,5.1e-05,172.217.194.0-255,7156,11893,70,280170
19188,5.4e-05,172.31.40.0-255,66,11959,70,280170
19189,6e-05,172.217.194.0-255,3421,15380,70,280170
19190,6.2e-05,172.31.40.0-255,66,15446,70,280170
19191,6.6e-05,172.217.194.0-255,1484,16930,70,280170
19192,6.8e-05,172.31.40.0-255,66,16996,70,280170
19193,0.000115,172.31.40.0-255,66,17062,70,280170
19194,0.00012,172.217.194.0-255,2543,19605,70,280170
19195,0.000122,172.31.40.0-255,66,19671,70,280170
19196,0.000155,172.217.194.0-255,1484,21155,70,280170
19197,0.000158,172.31.40.0-255,66,21221,70,280170
19198,0.000162,172.217.194.0-255,2902,24123,70,280170
19199,0.000164,172.31.40.0-255,66,24189,70,280170
19200,0.000196,172.217.194.0-255,5738,29927,70,280170
19201,0.000199,172.31.40.0-255,66,29993,70,280170
19202,0.000206,172.217.194.0-255,5738,35731,70,280170
19203,0.000208,172.31.40.0-255,66,35797,70,280170
19204,0.00023,172.217.194.0-255,3961,39758,70,280170
19205,0.000233,172.31.40.0-255,66,39824,70,280170
19206,0.000278,172.31.40.0-255,66,39890,70,280170
19207,0.000309,172.217.194.0-255,2831,42721,70,280170
19208,0.000311,172.31.40.0-255,66,42787,70,280170
19209,0.000338,172.217.194.0-255,367,43154,70,280170
19210,0.00034,172.31.40.0-255,66,43220,70,280170
19211,0.000419,172.217.194.0-255,1484,44704,70,280170
19212,0.000424,172.217.194.0-255,1484,46188,70,280170
19213,0.000427,172.31.40.0-255,66,46254,70,280170
19214,0.000445,172.217.194.0-255,1484,47738,70,280170
19215,0.000452,172.217.194.0-255,5738,53476,70,280170
19216,0.000455,172.31.40.0-255,66,53542,70,280170
19217,0.000462,172.217.194.0-255,5738,59280,70,280170
19218,0.000465,172.31.40.0-255,66,59346,70,280170
19219,0.000496,172.217.194.0-255,6797,66143,70,280170
19220,0.000499,172.31.40.0-255,66,66209,70,280170
19221,0.000504,172.217.194.0-255,2902,69111,70,280170
19222,0.000506,172.31.40.0-255,66,69177,70,280170
19223,0.000533,172.217.194.0-255,5738,74915,70,280170
19224,0.000536,172.31.40.0-255,66,74981,70,280170
19225,0.000563,172.217.194.0-255,3961,78942,70,280170
19226,0.000565,172.31.40.0-255,66,79008,70,280170
19227,0.000571,172.217.194.0-255,4320,83328,70,280170
19228,0.000573,172.31.40.0-255,66,83394,70,280170
19229,0.000618,172.217.194.0-255,8574,91968,70,280170
19230,0.000621,172.31.40.0-255,66,92034,70,280170
19231,0.000649,172.217.194.0-255,1484,93518,70,280170
19232,0.000659,172.217.194.0-255,9992,103510,70,280170
19233,0.000662,172.31.40.0-255,66,103576,70,280170
19234,0.000671,172.217.194.0-255,9274,112850,70,280170
19235,0.000673,172.31.40.0-255,66,112916,70,280170
19236,0.00068,172.217.194.0-255,7156,120072,70,280170
19237,0.000682,172.31.40.0-255,66,120138,70,280170
19238,0.000711,172.217.194.0-255,2902,123040,70,280170
19239,0.000713,172.31.40.0-255,66,123106,70,280170
19240,0.000741,172.217.194.0-255,1484,124590,70,280170
19241,0.000743,172.217.194.0-255,766,125356,70,280170
19242,0.000792,172.31.40.0-255,66,125422,70,280170
19243,0.000938,172.217.194.0-255,1484,126906,70,280170
19244,0.000945,172.217.194.0-255,2902,129808,70,280170
19245,0.000959,172.217.194.0-255,5738,135546,70,280170
19246,0.000965,172.31.40.0-255,66,135612,70,280170
19247,0.000974,172.217.194.0-255,1484,137096,70,280170
19248,0.001,172.217.194.0-255,8574,145670,70,280170
19249,0.001003,172.31.40.0-255,66,145736,70,280170
19250,0.001006,172.217.194.0-255,1484,147220,70,280170
19251,0.00104,172.217.194.0-255,9992,157212,70,280170
19252,0.001044,172.217.194.0-255,2184,159396,70,280170
19253,0.001065,172.31.40.0-255,66,159462,70,280170
19254,0.001167,172.217.194.0-255,1484,160946,70,280170
19255,0.001173,172.217.194.0-255,2902,163848,70,280170
19256,0.001197,172.217.194.0-255,5738,169586,70,280170
19257,0.001206,172.31.40.0-255,66,169652,70,280170
19258,0.00124,172.217.194.0-255,7156,176808,70,280170
19259,0.001258,172.217.194.0-255,3602,180410,70,280170
19260,0.001264,172.31.40.0-255,66,180476,70,280170
19261,0.001367,172.217.194.0-255,1484,181960,70,280170
19262,0.001372,172.217.194.0-255,2902,184862,70,280170
19263,0.001375,172.31.40.0-255,66,184928,70,280170
19264,0.001381,172.217.194.0-255,5738,190666,70,280170
19265,0.001402,172.31.40.0-255,66,190732,70,280170
19266,0.001456,172.217.194.0-255,10692,201424,70,280170
19267,0.001473,172.31.40.0-255,66,201490,70,280170
19268,0.001506,172.217.194.0-255,1484,202974,70,280170
19269,0.001523,172.217.194.0-255,2902,205876,70,280170
19270,0.001531,172.31.40.0-255,66,205942,70,280170
19271,0.001556,172.217.194.0-255,5738,211680,70,280170
19272,0.001563,172.217.194.0-255,5738,217418,70,280170
19273,0.001572,172.217.194.0-255,9992,227410,70,280170
19274,0.00159,172.31.40.0-255,66,227476,70,280170
19275,0.001595,172.217.194.0-255,2902,230378,70,280170
19276,0.001604,172.217.194.0-255,9274,239652,70,280170
19277,0.001617,172.217.194.0-255,9992,249644,70,280170
19278,0.001661,172.31.40.0-255,66,249710,70,280170
19279,0.001692,172.217.194.0-255,4320,254030,70,280170
19280,0.001712,172.31.40.0-255,66,254096,70,280170
19281,0.00176,172.31.40.0-255,66,254162,70,280170
19282,0.001804,172.217.194.0-255,1484,255646,70,280170
19283,0.00181,172.217.194.0-255,2902,258548,70,280170
19284,0.001815,172.31.40.0-255,66,258614,70,280170
19285,0.001855,172.217.194.0-255,5738,264352,70,280170
19286,0.001869,172.217.194.0-255,2902,267254,70,280170
19287,0.001891,172.217.194.0-255,9992,277246,70,280170
19288,0.001896,172.217.194.0-255,2415,279661,70,280170
19289,0.001902,172.31.40.0-255,66,279727,70,280170
19290,0.00193,172.217.194.0-255,105,279832,70,280170
19291,0.0119,172.31.40.0-255,101,279933,70,280170
19292,0.012921,172.31.40.0-255,105,280038,70,280170
19293,0.014533,172.217.194.0-255,66,280104,70,280170
19294,0.015584,172.217.194.0-255,66,280170,70,280170
19295,0.0,172.217.194.0-255,153,153,70,231631
19296,2.4e-05,172.31.40.0-255,66,219,70,231631
19297,3.1e-05,172.217.194.0-255,1484,1703,70,231631
19298,3.6e-05,172.31.40.0-255,66,1769,70,231631
19299,4.2e-05,172.217.194.0-255,2902,4671,70,231631
19300,4.5e-05,172.31.40.0-255,66,4737,70,231631
19301,6.3e-05,172.217.194.0-255,7156,11893,70,231631
19302,6.7e-05,172.31.40.0-255,66,11959,70,231631
19303,7.2e-05,172.217.194.0-255,3403,15362,70,231631
19304,7.5e-05,172.31.40.0-255,66,15428,70,231631
19305,9.1e-05,172.31.40.0-255,66,15494,70,231631
19306,9.5e-05,172.217.194.0-255,2543,18037,70,231631
19307,9.9e-05,172.31.40.0-255,66,18103,70,231631
19308,0.000163,172.217.194.0-255,1484,19587,70,231631
19309,0.000165,172.31.40.0-255,66,19653,70,231631
19310,0.00017,172.217.194.0-255,2902,22555,70,231631
19311,0.000173,172.31.40.0-255,66,22621,70,231631
19312,0.000176,172.217.194.0-255,1484,24105,70,231631
19313,0.000178,172.31.40.0-255,66,24171,70,231631
19314,0.000216,172.217.194.0-255,4320,28491,70,231631
19315,0.000219,172.31.40.0-255,66,28557,70,231631
19316,0.000228,172.217.194.0-255,4320,32877,70,231631
19317,0.000231,172.31.40.0-255,66,32943,70,231631
19318,0.000243,172.31.40.0-255,66,33009,70,231631
19319,0.000269,172.217.194.0-255,2902,35911,70,231631
19320,0.000271,172.31.40.0-255,66,35977,70,231631
19321,0.000303,172.217.194.0-255,5020,40997,70,231631
19322,0.000306,172.31.40.0-255,66,41063,70,231631
19323,0.000309,172.217.194.0-255,677,41740,70,231631
19324,0.000311,172.31.40.0-255,66,41806,70,231631
19325,0.000314,172.217.194.0-255,1484,43290,70,231631
19326,0.000325,172.217.194.0-255,4320,47610,70,231631
19327,0.000328,172.31.40.0-255,66,47676,70,231631
19328,0.000366,172.217.194.0-255,9992,57668,70,231631
19329,0.000369,172.31.40.0-255,66,57734,70,231631
19330,0.000372,172.217.194.0-255,576,58310,70,231631
19331,0.000518,172.217.194.0-255,1484,59794,70,231631
19332,0.000523,172.31.40.0-255,66,59860,70,231631
19333,0.000529,172.217.194.0-255,2902,62762,70,231631
19334,0.000532,172.31.40.0-255,66,62828,70,231631
19335,0.000536,172.217.194.0-255,2902,65730,70,231631
19336,0.000538,172.31.40.0-255,66,65796,70,231631
19337,0.000556,172.217.194.0-255,2902,68698,70,231631
19338,0.000558,172.31.40.0-255,66,68764,70,231631
19339,0.000564,172.217.194.0-255,5738,74502,70,231631
19340,0.000566,172.31.40.0-255,66,74568,70,231631
19341,0.000608,172.31.40.0-255,66,74634,70,231631
19342,0.000615,172.217.194.0-255,5020,79654,70,231631
19343,0.000617,172.31.40.0-255,66,79720,70,231631
19344,0.000913,172.217.194.0-255,1484,81204,70,231631
19345,0.000919,172.217.194.0-255,2902,84106,70,231631
19346,0.000923,172.31.40.0-255,66,84172,70,231631
19347,0.000927,172.217.194.0-255,1484,85656,70,231631
19348,0.000958,172.217.194.0-255,4320,89976,70,231631
19349,0.00096,172.31.40.0-255,66,90042,70,231631
19350,0.000975,172.31.40.0-255,66,90108,70,231631
19351,0.000987,172.217.194.0-255,9992,100100,70,231631
19352,0.000989,172.31.40.0-255,66,100166,70,231631
19353,0.000992,172.217.194.0-255,766,100932,70,231631
19354,0.001047,172.217.194.0-255,1484,102416,70,231631
19355,0.001051,172.31.40.0-255,66,102482,70,231631
19356,0.001054,172.217.194.0-255,1484,103966,70,231631
19357,0.001083,172.217.194.0-255,2902,106868,70,231631
19358,0.001086,172.31.40.0-255,66,106934,70,231631
19359,0.001092,172.217.194.0-255,5738,112672,70,231631
19360,0.001095,172.31.40.0-255,66,112738,70,231631
19361,0.001114,172.217.194.0-255,1484,114222,70,231631
19362,0.001118,172.217.194.0-255,2902,117124,70,231631
19363,0.001121,172.31.40.0-255,66,117190,70,231631
19364,0.001162,172.31.40.0-255,66,117256,70,231631
19365,0.001179,172.31.40.0-255,66,117322,70,231631
19366,0.001183,172.217.194.0-255,2902,120224,70,231631
19367,0.001186,172.31.40.0-255,66,120290,70,231631
19368,0.001227,172.31.40.0-255,66,120356,70,231631
19369,0.001235,172.217.194.0-255,7856,128212,70,231631
19370,0.001237,172.31.40.0-255,66,128278,70,231631
19371,0.001295,172.217.194.0-255,1484,129762,70,231631
19372,0.001301,172.217.194.0-255,2902,132664,70,231631
19373,0.001303,172.31.40.0-255,66,132730,70,231631
19374,0.001307,172.217.194.0-255,1484,134214,70,231631
19375,0.001329,172.217.194.0-255,4320,138534,70,231631
19376,0.001332,172.31.40.0-255,66,138600,70,231631
19377,0.001339,172.217.194.0-255,5738,144338,70,231631
19378,0.001342,172.31.40.0-255,66,144404,70,231631
19379,0.00139,172.217.194.0-255,5020,149424,70,231631
19380,0.001435,172.31.40.0-255,66,149490,70,231631
19381,0.001444,172.31.40.0-255,66,149556,70,231631
19382,0.001474,172.217.194.0-255,1484,151040,70,231631
19383,0.00148,172.217.194.0-255,2902,153942,70,231631
19384,0.001482,172.31.40.0-255,66,154008,70,231631
19385,0.001512,172.217.194.0-255,5738,159746,70,231631
19386,0.001521,172.31.40.0-255,66,159812,70,231631
19387,0.001531,172.217.194.0-255,9992,169804,70,231631
19388,0.001533,172.31.40.0-255,66,169870,70,231631
19389,0.001553,172.217.194.0-255,2902,172772,70,231631
19390,0.001556,172.31.40.0-255,66,172838,70,231631
19391,0.001566,172.217.194.0-255,5738,178576,70,231631
19392,0.001568,172.31.40.0-255,66,178642,70,231631
19393,0.001604,172.217.194.0-255,5738,184380,70,231631
19394,0.001607,172.31.40.0-255,66,184446,70,231631
19395,0.001651,172.31.40.0-255,66,184512,70,231631
19396,0.001658,172.217.194.0-255,7156,191668,70,231631
19397,0.001661,172.31.40.0-255,66,191734,70,231631
19398,0.001691,172.217.194.0-255,9992,201726,70,231631
19399,0.001694,172.31.40.0-255,66,201792,70,231631
19400,0.001731,172.217.194.0-255,3602,205394,70,231631
19401,0.001734,172.31.40.0-255,66,205460,70,231631
19402,0.001761,172.31.40.0-255,66,205526,70,231631
19403,0.001771,172.217.194.0-255,9274,214800,70,231631
19404,0.001773,172.31.40.0-255,66,214866,70,231631
19405,0.001789,172.31.40.0-255,66,214932,70,231631
19406,0.001831,172.31.40.0-255,66,214998,70,231631
19407,0.001839,172.217.194.0-255,7880,222878,70,231631
19408,0.001841,172.31.40.0-255,66,222944,70,231631
19409,0.001845,172.217.194.0-255,97,223041,70,231631
19410,0.001881,172.217.194.0-255,105,223146,70,231631
19411,0.009587,172.31.40.0-255,66,223212,70,231631
19412,0.009631,172.31.40.0-255,105,223317,70,231631
19413,0.012159,172.217.194.0-255,66,223383,70,231631
19414,0.031076,172.31.40.0-255,172,223555,70,231631
19415,0.031111,172.31.40.0-255,1118,224673,70,231631
19416,0.031178,172.31.40.0-255,1514,226187,70,231631
19417,0.03118,172.31.40.0-255,1514,227701,70,231631
19418,0.031186,172.31.40.0-255,1514,229215,70,231631
19419,0.031187,172.31.40.0-255,1514,230729,70,231631
19420,0.031205,172.31.40.0-255,638,231367,70,231631
19421,0.032618,104.244.42.0-255,66,231433,70,231631
19422,0.032655,104.244.42.0-255,66,231499,70,231631
19423,0.03272,104.244.42.0-255,66,231565,70,231631
19424,0.032741,104.244.42.0-255,66,231631,70,231631
19425,0.0,74.125.68.0-255,298,298,70,290355
19426,1.9e-05,172.31.40.0-255,66,364,70,290355
19427,5.2e-05,74.125.68.0-255,1484,1848,70,290355
19428,5.6e-05,172.31.40.0-255,66,1914,70,290355
19429,6.1e-05,74.125.68.0-255,2902,4816,70,290355
19430,6.3e-05,172.31.40.0-255,66,4882,70,290355
19431,6.6e-05,74.125.68.0-255,1484,6366,70,290355
19432,6.9e-05,172.31.40.0-255,66,6432,70,290355
19433,7.4e-05,74.125.68.0-255,2902,9334,70,290355
19434,7.6e-05,172.31.40.0-255,66,9400,70,290355
19435,0.000115,74.125.68.0-255,1484,10884,70,290355
19436,0.000117,172.31.40.0-255,66,10950,70,290355
19437,0.000129,74.125.68.0-255,3223,14173,70,290355
19438,0.000135,172.31.40.0-255,66,14239,70,290355
19439,0.000187,74.125.68.0-255,2902,17141,70,290355
19440,0.000189,172.31.40.0-255,66,17207,70,290355
19441,0.000195,74.125.68.0-255,4320,21527,70,290355
19442,0.000197,172.31.40.0-255,66,21593,70,290355
19443,0.000234,74.125.68.0-255,5738,27331,70,290355
19444,0.000236,172.31.40.0-255,66,27397,70,290355
19445,0.00027,74.125.68.0-255,1484,28881,70,290355
19446,0.000273,172.31.40.0-255,66,28947,70,290355
19447,0.000294,74.125.68.0-255,2543,31490,70,290355
19448,0.000296,172.31.40.0-255,66,31556,70,290355
19449,0.000369,74.125.68.0-255,1484,33040,70,290355
19450,0.000372,172.31.40.0-255,66,33106,70,290355
19451,0.000396,74.125.68.0-255,2902,36008,70,290355
19452,0.000399,172.31.40.0-255,66,36074,70,290355
19453,0.000424,74.125.68.0-255,5738,41812,70,290355
19454,0.000427,172.31.40.0-255,66,41878,70,290355
19455,0.000431,74.125.68.0-255,2902,44780,70,290355
19456,0.000433,172.31.40.0-255,66,44846,70,290355
19457,0.000464,74.125.68.0-255,3961,48807,70,290355
19458,0.000467,172.31.40.0-255,66,48873,70,290355
19459,0.000471,74.125.68.0-255,1484,50357,70,290355
19460,0.000477,74.125.68.0-255,2902,53259,70,290355
19461,0.000479,172.31.40.0-255,66,53325,70,290355
19462,0.000512,74.125.68.0-255,5738,59063,70,290355
19463,0.000515,172.31.40.0-255,66,59129,70,290355
19464,0.000539,74.125.68.0-255,2902,62031,70,290355
19465,0.000542,172.31.40.0-255,66,62097,70,290355
19466,0.000569,74.125.68.0-255,3961,66058,70,290355
19467,0.000572,172.31.40.0-255,66,66124,70,290355
19468,0.000605,74.125.68.0-255,646,66770,70,290355
19469,0.000809,74.125.68.0-255,1484,68254,70,290355
19470,0.000814,172.31.40.0-255,66,68320,70,290355
19471,0.00082,74.125.68.0-255,2902,71222,70,290355
19472,0.000823,172.31.40.0-255,66,71288,70,290355
19473,0.000827,74.125.68.0-255,2902,74190,70,290355
19474,0.000829,172.31.40.0-255,66,74256,70,290355
19475,0.000865,74.125.68.0-255,2902,77158,70,290355
19476,0.000869,172.31.40.0-255,66,77224,70,290355
19477,0.000876,74.125.68.0-255,7156,84380,70,290355
19478,0.000878,172.31.40.0-255,66,84446,70,290355
19479,0.000884,74.125.68.0-255,5738,90184,70,290355
19480,0.000887,172.31.40.0-255,66,90250,70,290355
19481,0.000924,74.125.68.0-255,7156,97406,70,290355
19482,0.000928,172.31.40.0-255,66,97472,70,290355
19483,0.000933,74.125.68.0-255,3602,101074,70,290355
19484,0.000935,172.31.40.0-255,66,101140,70,290355
19485,0.001828,74.125.68.0-255,1484,102624,70,290355
19486,0.001838,74.125.68.0-255,2902,105526,70,290355
19487,0.001842,172.31.40.0-255,66,105592,70,290355
19488,0.001885,74.125.68.0-255,2902,108494,70,290355
19489,0.001888,172.31.40.0-255,66,108560,70,290355
19490,0.001894,74.125.68.0-255,4320,112880,70,290355
19491,0.001896,172.31.40.0-255,66,112946,70,290355
19492,0.001905,74.125.68.0-255,8574,121520,70,290355
19493,0.001912,172.31.40.0-255,66,121586,70,290355
19494,0.001917,74.125.68.0-255,4320,125906,70,290355
19495,0.001919,172.31.40.0-255,66,125972,70,290355
19496,0.001964,74.125.68.0-255,9274,135246,70,290355
19497,0.001967,172.31.40.0-255,66,135312,70,290355
19498,0.002014,74.125.68.0-255,5738,141050,70,290355
19499,0.002018,172.31.40.0-255,66,141116,70,290355
19500,0.002052,74.125.68.0-255,7156,148272,70,290355
19501,0.002054,172.31.40.0-255,66,148338,70,290355
19502,0.00206,74.125.68.0-255,4320,152658,70,290355
19503,0.002062,172.31.40.0-255,66,152724,70,290355
19504,0.00208,74.125.68.0-255,1484,154208,70,290355
19505,0.002096,74.125.68.0-255,2902,157110,70,290355
19506,0.002099,172.31.40.0-255,66,157176,70,290355
19507,0.002128,74.125.68.0-255,1484,158660,70,290355
19508,0.004175,74.125.68.0-255,4320,162980,70,290355
19509,0.004182,172.31.40.0-255,66,163046,70,290355
19510,0.006262,74.125.68.0-255,5738,168784,70,290355
19511,0.006268,172.31.40.0-255,66,168850,70,290355
19512,0.008344,74.125.68.0-255,5738,174588,70,290355
19513,0.008351,172.31.40.0-255,66,174654,70,290355
19514,0.010437,74.125.68.0-255,5738,180392,70,290355
19515,0.010442,172.31.40.0-255,66,180458,70,290355
19516,0.012536,74.125.68.0-255,5738,186196,70,290355
19517,0.012545,172.31.40.0-255,66,186262,70,290355
19518,0.014636,74.125.68.0-255,5738,192000,70,290355
19519,0.014646,172.31.40.0-255,66,192066,70,290355
19520,0.01674,74.125.68.0-255,5738,197804,70,290355
19521,0.016749,172.31.40.0-255,66,197870,70,290355
19522,0.018826,74.125.68.0-255,5738,203608,70,290355
19523,0.018834,172.31.40.0-255,66,203674,70,290355
19524,0.020916,74.125.68.0-255,5738,209412,70,290355
19525,0.020923,172.31.40.0-255,66,209478,70,290355
19526,0.023001,74.125.68.0-255,5738,215216,70,290355
19527,0.023009,172.31.40.0-255,66,215282,70,290355
19528,0.025081,74.125.68.0-255,5738,221020,70,290355
19529,0.025089,172.31.40.0-255,66,221086,70,290355
19530,0.027188,74.125.68.0-255,5738,226824,70,290355
19531,0.027194,172.31.40.0-255,66,226890,70,290355
19532,0.02819,172.31.40.0-255,172,227062,70,290355
19533,0.028223,172.31.40.0-255,1118,228180,70,290355
19534,0.028278,172.31.40.0-255,1514,229694,70,290355
19535,0.02828,172.31.40.0-255,1514,231208,70,290355
19536,0.028281,172.31.40.0-255,843,232051,70,290355
19537,0.029287,74.125.68.0-255,5738,237789,70,290355
19538,0.029294,172.31.40.0-255,66,237855,70,290355
19539,0.029801,104.244.42.0-255,66,237921,70,290355
19540,0.029827,104.244.42.0-255,66,237987,70,290355
19541,0.029882,104.244.42.0-255,66,238053,70,290355
19542,0.029896,104.244.42.0-255,66,238119,70,290355
19543,0.031369,74.125.68.0-255,5738,243857,70,290355
19544,0.031374,172.31.40.0-255,66,243923,70,290355
19545,0.033463,74.125.68.0-255,5738,249661,70,290355
19546,0.033469,172.31.40.0-255,66,249727,70,290355
19547,0.035569,74.125.68.0-255,5738,255465,70,290355
19548,0.035575,172.31.40.0-255,66,255531,70,290355
19549,0.037671,74.125.68.0-255,5738,261269,70,290355
19550,0.03769,172.31.40.0-255,66,261335,70,290355
19551,0.039788,74.125.68.0-255,5738,267073,70,290355
19552,0.039801,172.31.40.0-255,66,267139,70,290355
19553,0.041904,74.125.68.0-255,5738,272877,70,290355
19554,0.04192,172.31.40.0-255,66,272943,70,290355
19555,0.044029,74.125.68.0-255,5738,278681,70,290355
19556,0.044045,172.31.40.0-255,66,278747,70,290355
19557,0.046145,74.125.68.0-255,5738,284485,70,290355
19558,0.046159,172.31.40.0-255,66,284551,70,290355
19559,0.048315,74.125.68.0-255,5738,290289,70,290355
19560,0.048333,172.31.40.0-255,66,290355,70,290355
19561,0.0,74.125.130.0-255,149,149,70,315442
19562,1.8e-05,172.31.40.0-255,66,215,70,315442
19563,2.5e-05,74.125.130.0-255,1484,1699,70,315442
19564,3e-05,172.31.40.0-255,66,1765,70,315442
19565,4.5e-05,74.125.130.0-255,2902,4667,70,315442
19566,4.9e-05,172.31.40.0-255,66,4733,70,315442
19567,5.2e-05,74.125.130.0-255,1484,6217,70,315442
19568,5.5e-05,172.31.40.0-255,66,6283,70,315442
19569,6e-05,74.125.130.0-255,2902,9185,70,315442
19570,6.3e-05,172.31.40.0-255,66,9251,70,315442
19571,9.5e-05,74.125.130.0-255,4320,13571,70,315442
19572,9.9e-05,172.31.40.0-255,66,13637,70,315442
19573,0.000126,74.125.130.0-255,2027,15664,70,315442
19574,0.000128,172.31.40.0-255,66,15730,70,315442
19575,0.000134,74.125.130.0-255,4320,20050,70,315442
19576,0.000136,172.31.40.0-255,66,20116,70,315442
19577,0.000142,74.125.130.0-255,5738,25854,70,315442
19578,0.000144,172.31.40.0-255,66,25920,70,315442
19579,0.000181,74.125.130.0-255,5379,31299,70,315442
19580,0.000185,172.31.40.0-255,66,31365,70,315442
19581,0.000343,74.125.130.0-255,1484,32849,70,315442
19582,0.000348,172.31.40.0-255,66,32915,70,315442
19583,0.000352,74.125.130.0-255,1484,34399,70,315442
19584,0.000354,172.31.40.0-255,66,34465,70,315442
19585,0.000387,74.125.130.0-255,2902,37367,70,315442
19586,0.00039,172.31.40.0-255,66,37433,70,315442
19587,0.000394,74.125.130.0-255,1484,38917,70,315442
19588,0.000396,172.31.40.0-255,66,38983,70,315442
19589,0.000428,74.125.130.0-255,4320,43303,70,315442
19590,0.000431,172.31.40.0-255,66,43369,70,315442
19591,0.000434,74.125.130.0-255,1484,44853,70,315442
19592,0.000436,172.31.40.0-255,66,44919,70,315442
19593,0.000441,74.125.130.0-255,2902,47821,70,315442
19594,0.000448,74.125.130.0-255,5738,53559,70,315442
19595,0.000472,74.125.130.0-255,1484,55043,70,315442
19596,0.000477,74.125.130.0-255,2902,57945,70,315442
19597,0.000491,74.125.130.0-255,1484,59429,70,315442
19598,0.000506,74.125.130.0-255,4320,63749,70,315442
19599,0.00051,74.125.130.0-255,2184,65933,70,315442
19600,0.000541,74.125.130.0-255,380,66313,70,315442
19601,0.00056,172.31.40.0-255,66,66379,70,315442
19602,0.000588,74.125.130.0-255,99,66478,70,315442
19603,0.000687,74.125.130.0-255,1484,67962,70,315442
19604,0.000701,74.125.130.0-255,2902,70864,70,315442
19605,0.000704,74.125.130.0-255,1484,72348,70,315442
19606,0.000713,172.31.40.0-255,66,72414,70,315442
19607,0.000718,74.125.130.0-255,2902,75316,70,315442
19608,0.000736,172.31.40.0-255,66,75382,70,315442
19609,0.000742,74.125.130.0-255,5738,81120,70,315442
19610,0.00078,74.125.130.0-255,8574,89694,70,315442
19611,0.000784,74.125.130.0-255,1484,91178,70,315442
19612,0.000793,172.31.40.0-255,66,91244,70,315442
19613,0.000823,74.125.130.0-255,8574,99818,70,315442
19614,0.000826,74.125.130.0-255,766,100584,70,315442
19615,0.000834,172.31.40.0-255,66,100650,70,315442
19616,0.000864,74.125.130.0-255,362,101012,70,315442
19617,0.000908,74.125.130.0-255,1484,102496,70,315442
19618,0.000916,172.31.40.0-255,66,102562,70,315442
19619,0.000933,74.125.130.0-255,2902,105464,70,315442
19620,0.000939,74.125.130.0-255,2902,108366,70,315442
19621,0.000952,74.125.130.0-255,2902,111268,70,315442
19622,0.000963,172.31.40.0-255,66,111334,70,315442
19623,0.00099,74.125.130.0-255,4320,115654,70,315442
19624,0.000997,74.125.130.0-255,5738,121392,70,315442
19625,0.001017,172.31.40.0-255,66,121458,70,315442
19626,0.001062,172.31.40.0-255,66,121524,70,315442
19627,0.001097,74.125.130.0-255,2184,123708,70,315442
19628,0.00111,172.31.40.0-255,66,123774,70,315442
19629,0.001236,74.125.130.0-255,1484,125258,70,315442
19630,0.00124,74.125.130.0-255,1484,126742,70,315442
19631,0.001249,172.31.40.0-255,66,126808,70,315442
19632,0.001257,74.125.130.0-255,1484,128292,70,315442
19633,0.001262,74.125.130.0-255,4320,132612,70,315442
19634,0.001268,172.31.40.0-255,66,132678,70,315442
19635,0.001293,74.125.130.0-255,1484,134162,70,315442
19636,0.001299,74.125.130.0-255,2902,137064,70,315442
19637,0.001305,74.125.130.0-255,4320,141384,70,315442
19638,0.001311,74.125.130.0-255,5738,147122,70,315442
19639,0.001323,74.125.130.0-255,2902,150024,70,315442
19640,0.001327,74.125.130.0-255,2902,152926,70,315442
19641,0.001341,74.125.130.0-255,4320,157246,70,315442
19642,0.001346,172.31.40.0-255,66,157312,70,315442
19643,0.001368,74.125.130.0-255,766,158078,70,315442
19644,0.001591,74.125.130.0-255,1484,159562,70,315442
19645,0.001596,172.31.40.0-255,66,159628,70,315442
19646,0.001623,74.125.130.0-255,2902,162530,70,315442
19647,0.001626,74.125.130.0-255,1484,164014,70,315442
19648,0.001641,74.125.130.0-255,2902,166916,70,315442
19649,0.001643,172.31.40.0-255,66,166982,70,315442
19650,0.001681,74.125.130.0-255,5738,172720,70,315442
19651,0.00169,172.31.40.0-255,66,172786,70,315442
19652,0.001699,74.125.130.0-255,2902,175688,70,315442
19653,0.00172,74.125.130.0-255,4320,180008,70,315442
19654,0.001725,74.125.130.0-255,2902,182910,70,315442
19655,0.001734,172.31.40.0-255,66,182976,70,315442
19656,0.001744,74.125.130.0-255,2902,185878,70,315442
19657,0.00175,74.125.130.0-255,6438,192316,70,315442
19658,0.001761,172.31.40.0-255,66,192382,70,315442
19659,0.002031,74.125.130.0-255,1484,193866,70,315442
19660,0.00205,74.125.130.0-255,1484,195350,70,315442
19661,0.002055,172.31.40.0-255,66,195416,70,315442
19662,0.00208,74.125.130.0-255,1484,196900,70,315442
19663,0.003806,74.125.130.0-255,1484,198384,70,315442
19664,0.003813,172.31.40.0-255,66,198450,70,315442
19665,0.004085,74.125.130.0-255,2902,201352,70,315442
19666,0.005851,74.125.130.0-255,2902,204254,70,315442
19667,0.005875,172.31.40.0-255,66,204320,70,315442
19668,0.007901,74.125.130.0-255,5738,210058,70,315442
19669,0.009365,172.31.40.0-255,66,210124,70,315442
19670,0.011399,74.125.130.0-255,5738,215862,70,315442
19671,0.011408,172.31.40.0-255,66,215928,70,315442
19672,0.013446,74.125.130.0-255,5738,221666,70,315442
19673,0.013915,172.31.40.0-255,66,221732,70,315442
19674,0.015944,74.125.130.0-255,5738,227470,70,315442
19675,0.015952,172.31.40.0-255,66,227536,70,315442
19676,0.017998,74.125.130.0-255,5738,233274,70,315442
19677,0.01801,172.31.40.0-255,66,233340,70,315442
19678,0.020076,74.125.130.0-255,5738,239078,70,315442
19679,0.020084,172.31.40.0-255,66,239144,70,315442
19680,0.022127,74.125.130.0-255,5738,244882,70,315442
19681,0.022133,172.31.40.0-255,66,244948,70,315442
19682,0.024183,74.125.130.0-255,5738,250686,70,315442
19683,0.025383,172.31.40.0-255,66,250752,70,315442
19684,0.027446,74.125.130.0-255,5738,256490,70,315442
19685,0.027462,172.31.40.0-255,66,256556,70,315442
19686,0.029496,74.125.130.0-255,5738,262294,70,315442
19687,0.029512,172.31.40.0-255,66,262360,70,315442
19688,0.031571,74.125.130.0-255,5738,268098,70,315442
19689,0.031587,172.31.40.0-255,66,268164,70,315442
19690,0.033628,74.125.130.0-255,5738,273902,70,315442
19691,0.033636,172.31.40.0-255,66,273968,70,315442
19692,0.035684,74.125.130.0-255,5738,279706,70,315442
19693,0.035702,172.31.40.0-255,66,279772,70,315442
19694,0.037738,74.125.130.0-255,5738,285510,70,315442
19695,0.037744,172.31.40.0-255,66,285576,70,315442
19696,0.039795,74.125.130.0-255,5738,291314,70,315442
19697,0.039809,172.31.40.0-255,66,291380,70,315442
19698,0.041863,74.125.130.0-255,5738,297118,70,315442
19699,0.042055,172.31.40.0-255,66,297184,70,315442
19700,0.043138,172.31.40.0-255,167,297351,70,315442
19701,0.043171,172.31.40.0-255,613,297964,70,315442
19702,0.044091,74.125.130.0-255,5738,303702,70,315442
19703,0.044099,172.31.40.0-255,66,303768,70,315442
19704,0.045549,104.244.42.0-255,66,303834,70,315442
19705,0.046138,74.125.130.0-255,5738,309572,70,315442
19706,0.04615,172.31.40.0-255,66,309638,70,315442
19707,0.048199,74.125.130.0-255,5738,315376,70,315442
19708,0.048215,172.31.40.0-255,66,315442,70,315442
19709,0.0,172.31.40.0-255,66,66,70,66
19710,0.0,74.125.24.0-255,151,151,70,197064
19711,2.3e-05,172.31.40.0-255,66,217,70,197064
19712,3e-05,74.125.24.0-255,1484,1701,70,197064
19713,3.4e-05,172.31.40.0-255,66,1767,70,197064
19714,4.1e-05,74.125.24.0-255,2902,4669,70,197064
19715,4.3e-05,172.31.40.0-255,66,4735,70,197064
19716,5.1e-05,74.125.24.0-255,7156,11891,70,197064
19717,5.5e-05,172.31.40.0-255,66,11957,70,197064
19718,5.9e-05,74.125.24.0-255,2163,14120,70,197064
19719,6.1e-05,172.31.40.0-255,66,14186,70,197064
19720,8.3e-05,74.125.24.0-255,2902,17088,70,197064
19721,8.6e-05,172.31.40.0-255,66,17154,70,197064
19722,0.00011,74.125.24.0-255,8574,25728,70,197064
19723,0.000113,172.31.40.0-255,66,25794,70,197064
19724,0.000118,74.125.24.0-255,4320,30114,70,197064
19725,0.00012,172.31.40.0-255,66,30180,70,197064
19726,0.000151,74.125.24.0-255,1125,31305,70,197064
19727,0.000154,172.31.40.0-255,66,31371,70,197064
19728,0.000274,74.125.24.0-255,1484,32855,70,197064
19729,0.000278,172.31.40.0-255,66,32921,70,197064
19730,0.000283,74.125.24.0-255,2902,35823,70,197064
19731,0.000285,172.31.40.0-255,66,35889,70,197064
19732,0.000306,74.125.24.0-255,5738,41627,70,197064
19733,0.000309,172.31.40.0-255,66,41693,70,197064
19734,0.000377,172.31.40.0-255,66,41759,70,197064
19735,0.000382,74.125.24.0-255,4320,46079,70,197064
19736,0.000384,172.31.40.0-255,66,46145,70,197064
19737,0.000419,74.125.24.0-255,5738,51883,70,197064
19738,0.000422,172.31.40.0-255,66,51949,70,197064
19739,0.000442,74.125.24.0-255,2816,54765,70,197064
19740,0.000444,172.31.40.0-255,66,54831,70,197064
19741,0.001556,74.125.24.0-255,381,55212,70,197064
19742,0.00239,74.125.24.0-255,1484,56696,70,197064
19743,0.002396,172.31.40.0-255,66,56762,70,197064
19744,0.002403,74.125.24.0-255,2902,59664,70,197064
19745,0.002406,172.31.40.0-255,66,59730,70,197064
19746,0.00243,74.125.24.0-255,5738,65468,70,197064
19747,0.002433,172.31.40.0-255,66,65534,70,197064
19748,0.002438,74.125.24.0-255,2902,68436,70,197064
19749,0.002439,172.31.40.0-255,66,68502,70,197064
19750,0.002459,74.125.24.0-255,2902,71404,70,197064
19751,0.002461,172.31.40.0-255,66,71470,70,197064
19752,0.002488,74.125.24.0-255,7156,78626,70,197064
19753,0.002491,172.31.40.0-255,66,78692,70,197064
19754,0.002509,74.125.24.0-255,2902,81594,70,197064
19755,0.002511,172.31.40.0-255,66,81660,70,197064
19756,0.002534,74.125.24.0-255,7856,89516,70,197064
19757,0.002536,172.31.40.0-255,66,89582,70,197064
19758,0.005104,74.125.24.0-255,4320,93902,70,197064
19759,0.005108,172.31.40.0-255,66,93968,70,197064
19760,0.005121,74.125.24.0-255,1484,95452,70,197064
19761,0.007128,172.31.40.0-255,101,95553,70,197064
19762,0.007673,74.125.24.0-255,4320,99873,70,197064
19763,0.007679,172.31.40.0-255,66,99939,70,197064
19764,0.009695,74.125.24.0-255,1484,101423,70,197064
19765,0.010253,74.125.24.0-255,4320,105743,70,197064
19766,0.010262,172.31.40.0-255,66,105809,70,197064
19767,0.012836,74.125.24.0-255,5738,111547,70,197064
19768,0.012846,172.31.40.0-255,66,111613,70,197064
19769,0.015438,74.125.24.0-255,5738,117351,70,197064
19770,0.015452,172.31.40.0-255,66,117417,70,197064
19771,0.018027,74.125.24.0-255,5738,123155,70,197064
19772,0.018036,172.31.40.0-255,66,123221,70,197064
19773,0.020432,172.31.40.0-255,172,123393,70,197064
19774,0.020462,172.31.40.0-255,1113,124506,70,197064
19775,0.020519,172.31.40.0-255,1514,126020,70,197064
19776,0.020521,172.31.40.0-255,1330,127350,70,197064
19777,0.020602,74.125.24.0-255,5738,133088,70,197064
19778,0.020607,172.31.40.0-255,66,133154,70,197064
19779,0.022603,104.244.42.0-255,66,133220,70,197064
19780,0.023164,74.125.24.0-255,5738,138958,70,197064
19781,0.02317,172.31.40.0-255,66,139024,70,197064
19782,0.025766,74.125.24.0-255,5738,144762,70,197064
19783,0.025779,172.31.40.0-255,66,144828,70,197064
19784,0.028376,74.125.24.0-255,5738,150566,70,197064
19785,0.028383,172.31.40.0-255,66,150632,70,197064
19786,0.030996,74.125.24.0-255,5738,156370,70,197064
19787,0.031004,172.31.40.0-255,66,156436,70,197064
19788,0.033582,74.125.24.0-255,5738,162174,70,197064
19789,0.033589,172.31.40.0-255,66,162240,70,197064
19790,0.036138,74.125.24.0-255,5738,167978,70,197064
19791,0.036145,172.31.40.0-255,66,168044,70,197064
19792,0.038745,74.125.24.0-255,5738,173782,70,197064
19793,0.038752,172.31.40.0-255,66,173848,70,197064
19794,0.041329,74.125.24.0-255,5738,179586,70,197064
19795,0.041335,172.31.40.0-255,66,179652,70,197064
19796,0.043887,74.125.24.0-255,5738,185390,70,197064
19797,0.043894,172.31.40.0-255,66,185456,70,197064
19798,0.046494,74.125.24.0-255,5738,191194,70,197064
19799,0.046501,172.31.40.0-255,66,191260,70,197064
19800,0.049095,74.125.24.0-255,5738,196998,70,197064
19801,0.049106,172.31.40.0-255,66,197064,70,197064
19802,0.0,74.125.24.0-255,152,152,70,306112
19803,2.3e-05,172.31.40.0-255,66,218,70,306112
19804,3e-05,74.125.24.0-255,1484,1702,70,306112
19805,3.5e-05,172.31.40.0-255,66,1768,70,306112
19806,4.8e-05,74.125.24.0-255,2902,4670,70,306112
19807,5.2e-05,172.31.40.0-255,66,4736,70,306112
19808,6.1e-05,74.125.24.0-255,7156,11892,70,306112
19809,6.4e-05,172.31.40.0-255,66,11958,70,306112
19810,6.8e-05,74.125.24.0-255,2000,13958,70,306112
19811,7.1e-05,172.31.40.0-255,66,14024,70,306112
19812,0.000533,74.125.24.0-255,1484,15508,70,306112
19813,0.000539,172.31.40.0-255,66,15574,70,306112
19814,0.000549,74.125.24.0-255,2902,18476,70,306112
19815,0.000551,172.31.40.0-255,66,18542,70,306112
19816,0.000564,74.125.24.0-255,5738,24280,70,306112
19817,0.000566,172.31.40.0-255,66,24346,70,306112
19818,0.000573,74.125.24.0-255,4320,28666,70,306112
19819,0.000575,172.31.40.0-255,66,28732,70,306112
19820,0.000634,74.125.24.0-255,2543,31275,70,306112
19821,0.000639,172.31.40.0-255,66,31341,70,306112
19822,0.000746,74.125.24.0-255,1484,32825,70,306112
19823,0.00075,172.31.40.0-255,66,32891,70,306112
19824,0.000756,74.125.24.0-255,2902,35793,70,306112
19825,0.000759,172.31.40.0-255,66,35859,70,306112
19826,0.000766,74.125.24.0-255,5738,41597,70,306112
19827,0.000773,172.31.40.0-255,66,41663,70,306112
19828,0.00078,74.125.24.0-255,6797,48460,70,306112
19829,0.000783,172.31.40.0-255,66,48526,70,306112
19830,0.000797,172.31.40.0-255,66,48592,70,306112
19831,0.000801,74.125.24.0-255,2858,51450,70,306112
19832,0.000805,172.31.40.0-255,66,51516,70,306112
19833,0.001003,74.125.24.0-255,107,51623,70,306112
19834,0.001163,74.125.24.0-255,1484,53107,70,306112
19835,0.001172,74.125.24.0-255,2902,56009,70,306112
19836,0.001176,74.125.24.0-255,1484,57493,70,306112
19837,0.001196,74.125.24.0-255,4320,61813,70,306112
19838,0.001204,74.125.24.0-255,6797,68610,70,306112
19839,0.001261,74.125.24.0-255,8574,77184,70,306112
19840,0.001284,74.125.24.0-255,5738,82922,70,306112
19841,0.001298,74.125.24.0-255,2543,85465,70,306112
19842,0.001869,74.125.24.0-255,1484,86949,70,306112
19843,0.001884,74.125.24.0-255,2902,89851,70,306112
19844,0.001888,74.125.24.0-255,1484,91335,70,306112
19845,0.001906,74.125.24.0-255,4320,95655,70,306112
19846,0.001912,74.125.24.0-255,4320,99975,70,306112
19847,0.001926,74.125.24.0-255,5738,105713,70,306112
19848,0.00194,74.125.24.0-255,5738,111451,70,306112
19849,0.001962,74.125.24.0-255,2902,114353,70,306112
19850,0.001985,74.125.24.0-255,5020,119373,70,306112
19851,0.002018,74.125.24.0-255,1484,120857,70,306112
19852,0.002032,74.125.24.0-255,2902,123759,70,306112
19853,0.002037,74.125.24.0-255,5738,129497,70,306112
19854,0.002058,74.125.24.0-255,5738,135235,70,306112
19855,0.002074,74.125.24.0-255,5738,140973,70,306112
19856,0.002157,74.125.24.0-255,1484,142457,70,306112
19857,0.002174,74.125.24.0-255,2902,145359,70,306112
19858,0.002177,74.125.24.0-255,1484,146843,70,306112
19859,0.002199,74.125.24.0-255,4320,151163,70,306112
19860,0.002205,74.125.24.0-255,5738,156901,70,306112
19861,0.002239,74.125.24.0-255,1484,158385,70,306112
19862,0.002251,74.125.24.0-255,1484,159869,70,306112
19863,0.002276,74.125.24.0-255,8574,168443,70,306112
19864,0.002292,74.125.24.0-255,1484,169927,70,306112
19865,0.002297,74.125.24.0-255,5020,174947,70,306112
19866,0.002439,74.125.24.0-255,1484,176431,70,306112
19867,0.00245,74.125.24.0-255,1484,177915,70,306112
19868,0.002464,74.125.24.0-255,1484,179399,70,306112
19869,0.00247,74.125.24.0-255,5738,185137,70,306112
19870,0.002499,74.125.24.0-255,1484,186621,70,306112
19871,0.002524,74.125.24.0-255,9992,196613,70,306112
19872,0.002538,74.125.24.0-255,1484,198097,70,306112
19873,0.002543,74.125.24.0-255,2902,200999,70,306112
19874,0.002577,74.125.24.0-255,7856,208855,70,306112
19875,0.002817,172.31.40.0-255,66,208921,70,306112
19876,0.005393,74.125.24.0-255,5738,214659,70,306112
19877,0.005398,172.31.40.0-255,66,214725,70,306112
19878,0.007976,74.125.24.0-255,5738,220463,70,306112
19879,0.007984,172.31.40.0-255,66,220529,70,306112
19880,0.010567,74.125.24.0-255,5738,226267,70,306112
19881,0.010576,172.31.40.0-255,66,226333,70,306112
19882,0.013154,74.125.24.0-255,5738,232071,70,306112
19883,0.013163,172.31.40.0-255,66,232137,70,306112
19884,0.015736,74.125.24.0-255,5738,237875,70,306112
19885,0.020427,172.31.40.0-255,66,237941,70,306112
19886,0.023005,74.125.24.0-255,5738,243679,70,306112
19887,0.02302,172.31.40.0-255,66,243745,70,306112
19888,0.02559,74.125.24.0-255,5738,249483,70,306112
19889,0.0256,172.31.40.0-255,66,249549,70,306112
19890,0.028185,74.125.24.0-255,5738,255287,70,306112
19891,0.028204,172.31.40.0-255,66,255353,70,306112
19892,0.030774,74.125.24.0-255,5738,261091,70,306112
19893,0.030784,172.31.40.0-255,66,261157,70,306112
19894,0.033378,74.125.24.0-255,5738,266895,70,306112
19895,0.033397,172.31.40.0-255,66,266961,70,306112
19896,0.035982,74.125.24.0-255,5738,272699,70,306112
19897,0.035989,172.31.40.0-255,66,272765,70,306112
19898,0.036501,172.31.40.0-255,172,272937,70,306112
19899,0.036534,172.31.40.0-255,1114,274051,70,306112
19900,0.036595,172.31.40.0-255,1514,275565,70,306112
19901,0.036597,172.31.40.0-255,1329,276894,70,306112
19902,0.038065,104.244.42.0-255,66,276960,70,306112
19903,0.038091,104.244.42.0-255,66,277026,70,306112
19904,0.038165,104.244.42.0-255,66,277092,70,306112
19905,0.038651,74.125.24.0-255,5738,282830,70,306112
19906,0.038662,172.31.40.0-255,66,282896,70,306112
19907,0.041244,74.125.24.0-255,5738,288634,70,306112
19908,0.041261,172.31.40.0-255,66,288700,70,306112
19909,0.043862,74.125.24.0-255,5738,294438,70,306112
19910,0.043881,172.31.40.0-255,66,294504,70,306112
19911,0.046482,74.125.24.0-255,5738,300242,70,306112
19912,0.046495,172.31.40.0-255,66,300308,70,306112
19913,0.049064,74.125.24.0-255,5738,306046,70,306112
19914,0.049071,172.31.40.0-255,66,306112,70,306112
19915,0.0,172.217.194.0-255,152,152,70,273834
19916,2.3e-05,172.31.40.0-255,66,218,70,273834
19917,3e-05,172.217.194.0-255,1484,1702,70,273834
19918,3.4e-05,172.31.40.0-255,66,1768,70,273834
19919,4.1e-05,172.217.194.0-255,2902,4670,70,273834
19920,4.3e-05,172.31.40.0-255,66,4736,70,273834
19921,4.9e-05,172.217.194.0-255,4320,9056,70,273834
19922,5.1e-05,172.31.40.0-255,66,9122,70,273834
19923,6.1e-05,172.217.194.0-255,9119,18241,70,273834
19924,6.3e-05,172.31.40.0-255,66,18307,70,273834
19925,7.3e-05,172.217.194.0-255,7156,25463,70,273834
19926,7.6e-05,172.31.40.0-255,66,25529,70,273834
19927,0.000101,172.217.194.0-255,5379,30908,70,273834
19928,0.000104,172.31.40.0-255,66,30974,70,273834
19929,0.000155,172.217.194.0-255,1484,32458,70,273834
19930,0.000158,172.31.40.0-255,66,32524,70,273834
19931,0.000163,172.217.194.0-255,2902,35426,70,273834
19932,0.000166,172.31.40.0-255,66,35492,70,273834
19933,0.000171,172.217.194.0-255,4320,39812,70,273834
19934,0.000173,172.31.40.0-255,66,39878,70,273834
19935,0.00019,172.217.194.0-255,1484,41362,70,273834
19936,0.000192,172.31.40.0-255,66,41428,70,273834
19937,0.000199,172.217.194.0-255,6797,48225,70,273834
19938,0.000201,172.31.40.0-255,66,48291,70,273834
19939,0.000204,172.217.194.0-255,1484,49775,70,273834
19940,0.000206,172.31.40.0-255,66,49841,70,273834
19941,0.00024,172.31.40.0-255,66,49907,70,273834
19942,0.000245,172.217.194.0-255,2831,52738,70,273834
19943,0.000247,172.31.40.0-255,66,52804,70,273834
19944,0.00025,172.217.194.0-255,100,52904,70,273834
19945,0.000252,172.31.40.0-255,66,52970,70,273834
19946,0.000277,172.217.194.0-255,363,53333,70,273834
19947,0.000597,172.217.194.0-255,1484,54817,70,273834
19948,0.000603,172.217.194.0-255,2902,57719,70,273834
19949,0.000626,172.217.194.0-255,5738,63457,70,273834
19950,0.000631,172.217.194.0-255,2902,66359,70,273834
19951,0.000644,172.31.40.0-255,66,66425,70,273834
19952,0.000651,172.217.194.0-255,5738,72163,70,273834
19953,0.000665,172.31.40.0-255,66,72229,70,273834
19954,0.000686,172.217.194.0-255,1484,73713,70,273834
19955,0.000725,172.217.194.0-255,2184,75897,70,273834
19956,0.000731,172.31.40.0-255,66,75963,70,273834
19957,0.001175,172.217.194.0-255,1484,77447,70,273834
19958,0.001181,172.217.194.0-255,2902,80349,70,273834
19959,0.001185,172.31.40.0-255,66,80415,70,273834
19960,0.00119,172.217.194.0-255,1484,81899,70,273834
19961,0.00121,172.217.194.0-255,4320,86219,70,273834
19962,0.001212,172.31.40.0-255,66,86285,70,273834
19963,0.001215,172.217.194.0-255,1484,87769,70,273834
19964,0.001252,172.31.40.0-255,66,87835,70,273834
19965,0.00127,172.217.194.0-255,10692,98527,70,273834
19966,0.001291,172.31.40.0-255,66,98593,70,273834
19967,0.001565,172.217.194.0-255,1484,100077,70,273834
19968,0.001568,172.217.194.0-255,1484,101561,70,273834
19969,0.001574,172.31.40.0-255,66,101627,70,273834
19970,0.001587,172.217.194.0-255,1484,103111,70,273834
19971,0.001594,172.217.194.0-255,5738,108849,70,273834
19972,0.001596,172.31.40.0-255,66,108915,70,273834
19973,0.0016,172.217.194.0-255,2902,111817,70,273834
19974,0.001602,172.31.40.0-255,66,111883,70,273834
19975,0.001631,172.217.194.0-255,9992,121875,70,273834
19976,0.001634,172.31.40.0-255,66,121941,70,273834
19977,0.001637,172.217.194.0-255,1484,123425,70,273834
19978,0.00166,172.217.194.0-255,4320,127745,70,273834
19979,0.001675,172.217.194.0-255,5020,132765,70,273834
19980,0.001692,172.31.40.0-255,66,132831,70,273834
19981,0.001729,172.217.194.0-255,1484,134315,70,273834
19982,0.001759,172.217.194.0-255,2902,137217,70,273834
19983,0.001792,172.217.194.0-255,1484,138701,70,273834
19984,0.001812,172.217.194.0-255,4320,143021,70,273834
19985,0.00182,172.217.194.0-255,8574,151595,70,273834
19986,0.001846,172.31.40.0-255,66,151661,70,273834
19987,0.001882,172.217.194.0-255,1484,153145,70,273834
19988,0.001887,172.217.194.0-255,2902,156047,70,273834
19989,0.001894,172.217.194.0-255,5738,161785,70,273834
19990,0.001906,172.217.194.0-255,1484,163269,70,273834
19991,0.001916,172.31.40.0-255,66,163335,70,273834
19992,0.00193,172.217.194.0-255,9992,173327,70,273834
19993,0.001935,172.31.40.0-255,66,173393,70,273834
19994,0.001969,172.217.194.0-255,4320,177713,70,273834
19995,0.001987,172.31.40.0-255,66,177779,70,273834
19996,0.001995,172.217.194.0-255,7856,185635,70,273834
19997,0.002004,172.31.40.0-255,66,185701,70,273834
19998,0.002012,172.217.194.0-255,7156,192857,70,273834
19999,0.002028,172.217.194.0-255,5738,198595,70,273834
20000,0.002039,172.217.194.0-255,5738,204333,70,273834
20001,0.002059,172.217.194.0-255,8574,212907,70,273834
20002,0.002066,172.217.194.0-255,5738,218645,70,273834
20003,0.002086,172.217.194.0-255,9274,227919,70,273834
20004,0.002092,172.217.194.0-255,5738,233657,70,273834
20005,0.00212,172.217.194.0-255,9992,243649,70,273834
20006,0.002147,172.217.194.0-255,5020,248669,70,273834
20007,0.00215,172.217.194.0-255,1484,250153,70,273834
20008,0.002163,172.217.194.0-255,4320,254473,70,273834
20009,0.002215,172.217.194.0-255,3602,258075,70,273834
20010,0.002293,172.217.194.0-255,5738,263813,70,273834
20011,0.002319,172.217.194.0-255,9679,273492,70,273834
20012,0.002322,172.217.194.0-255,105,273597,70,273834
20013,0.007716,172.31.40.0-255,66,273663,70,273834
20014,0.01583,172.31.40.0-255,105,273768,70,273834
20015,0.018181,172.217.194.0-255,66,273834,70,273834
20016,0.0,74.125.24.0-255,153,153,70,238526
20017,1.9e-05,172.31.40.0-255,66,219,70,238526
20018,2.6e-05,74.125.24.0-255,1484,1703,70,238526
20019,2.9e-05,172.31.40.0-255,66,1769,70,238526
20020,3.4e-05,74.125.24.0-255,2902,4671,70,238526
20021,4.4e-05,172.31.40.0-255,66,4737,70,238526
20022,5.1e-05,74.125.24.0-255,7156,11893,70,238526
20023,5.4e-05,172.31.40.0-255,66,11959,70,238526
20024,5.9e-05,74.125.24.0-255,2029,13988,70,238526
20025,6.2e-05,172.31.40.0-255,66,14054,70,238526
20026,6.8e-05,74.125.24.0-255,4320,18374,70,238526
20027,7e-05,172.31.40.0-255,66,18440,70,238526
20028,0.000105,74.125.24.0-255,7156,25596,70,238526
20029,0.000108,172.31.40.0-255,66,25662,70,238526
20030,0.000114,74.125.24.0-255,5379,31041,70,238526
20031,0.000116,172.31.40.0-255,66,31107,70,238526
20032,0.000281,74.125.24.0-255,1484,32591,70,238526
20033,0.000285,172.31.40.0-255,66,32657,70,238526
20034,0.00029,74.125.24.0-255,2902,35559,70,238526
20035,0.000292,172.31.40.0-255,66,35625,70,238526
20036,0.0003,74.125.24.0-255,1484,37109,70,238526
20037,0.000302,172.31.40.0-255,66,37175,70,238526
20038,0.000333,74.125.24.0-255,4320,41495,70,238526
20039,0.000336,172.31.40.0-255,66,41561,70,238526
20040,0.000352,172.31.40.0-255,66,41627,70,238526
20041,0.000376,74.125.24.0-255,5738,47365,70,238526
20042,0.000379,172.31.40.0-255,66,47431,70,238526
20043,0.000403,74.125.24.0-255,5020,52451,70,238526
20044,0.000406,172.31.40.0-255,66,52517,70,238526
20045,0.000408,74.125.24.0-255,443,52960,70,238526
20046,0.00041,172.31.40.0-255,66,53026,70,238526
20047,0.000437,74.125.24.0-255,1484,54510,70,238526
20048,0.000452,74.125.24.0-255,4320,58830,70,238526
20049,0.000455,172.31.40.0-255,66,58896,70,238526
20050,0.000458,74.125.24.0-255,2902,61798,70,238526
20051,0.00046,172.31.40.0-255,66,61864,70,238526
20052,0.000479,74.125.24.0-255,4320,66184,70,238526
20053,0.000481,172.31.40.0-255,66,66250,70,238526
20054,0.00049,74.125.24.0-255,4320,70570,70,238526
20055,0.000492,172.31.40.0-255,66,70636,70,238526
20056,0.000535,172.31.40.0-255,66,70702,70,238526
20057,0.000541,74.125.24.0-255,5020,75722,70,238526
20058,0.000543,172.31.40.0-255,66,75788,70,238526
20059,0.000688,74.125.24.0-255,1484,77272,70,238526
20060,0.000693,74.125.24.0-255,2902,80174,70,238526
20061,0.000696,172.31.40.0-255,66,80240,70,238526
20062,0.000725,74.125.24.0-255,5738,85978,70,238526
20063,0.000728,172.31.40.0-255,66,86044,70,238526
20064,0.000733,74.125.24.0-255,5738,91782,70,238526
20065,0.000735,172.31.40.0-255,66,91848,70,238526
20066,0.000758,74.125.24.0-255,7156,99004,70,238526
20067,0.00076,172.31.40.0-255,66,99070,70,238526
20068,0.00077,74.125.24.0-255,7156,106226,70,238526
20069,0.000773,172.31.40.0-255,66,106292,70,238526
20070,0.000795,74.125.24.0-255,3602,109894,70,238526
20071,0.000803,172.31.40.0-255,66,109960,70,238526
20072,0.000943,74.125.24.0-255,1484,111444,70,238526
20073,0.000947,74.125.24.0-255,1484,112928,70,238526
20074,0.00095,172.31.40.0-255,66,112994,70,238526
20075,0.000973,74.125.24.0-255,1484,114478,70,238526
20076,0.00098,74.125.24.0-255,5738,120216,70,238526
20077,0.000982,172.31.40.0-255,66,120282,70,238526
20078,0.000986,74.125.24.0-255,2902,123184,70,238526
20079,0.000988,172.31.40.0-255,66,123250,70,238526
20080,0.001007,74.125.24.0-255,2902,126152,70,238526
20081,0.001009,172.31.40.0-255,66,126218,70,238526
20082,0.001034,74.125.24.0-255,8574,134792,70,238526
20083,0.001036,172.31.40.0-255,66,134858,70,238526
20084,0.00106,74.125.24.0-255,4320,139178,70,238526
20085,0.001063,172.31.40.0-255,66,139244,70,238526
20086,0.001076,172.31.40.0-255,66,139310,70,238526
20087,0.001141,172.31.40.0-255,66,139376,70,238526
20088,0.001149,74.125.24.0-255,10692,150068,70,238526
20089,0.001151,172.31.40.0-255,66,150134,70,238526
20090,0.001229,74.125.24.0-255,331,150465,70,238526
20091,0.001282,74.125.24.0-255,1484,151949,70,238526
20092,0.001285,172.31.40.0-255,66,152015,70,238526
20093,0.00129,74.125.24.0-255,2902,154917,70,238526
20094,0.001292,172.31.40.0-255,66,154983,70,238526
20095,0.001306,74.125.24.0-255,1484,156467,70,238526
20096,0.001332,74.125.24.0-255,4320,160787,70,238526
20097,0.00134,74.125.24.0-255,9992,170779,70,238526
20098,0.001344,172.31.40.0-255,66,170845,70,238526
20099,0.001347,172.31.40.0-255,66,170911,70,238526
20100,0.001369,74.125.24.0-255,2902,173813,70,238526
20101,0.001371,172.31.40.0-255,66,173879,70,238526
20102,0.001377,74.125.24.0-255,1484,175363,70,238526
20103,0.001398,74.125.24.0-255,7156,182519,70,238526
20104,0.0014,172.31.40.0-255,66,182585,70,238526
20105,0.001425,74.125.24.0-255,2184,184769,70,238526
20106,0.001428,172.31.40.0-255,66,184835,70,238526
20107,0.001569,74.125.24.0-255,1484,186319,70,238526
20108,0.00159,74.125.24.0-255,2902,189221,70,238526
20109,0.001593,172.31.40.0-255,66,189287,70,238526
20110,0.001599,74.125.24.0-255,5738,195025,70,238526
20111,0.001601,172.31.40.0-255,66,195091,70,238526
20112,0.001643,172.31.40.0-255,66,195157,70,238526
20113,0.001653,74.125.24.0-255,10692,205849,70,238526
20114,0.001655,172.31.40.0-255,66,205915,70,238526
20115,0.001671,172.31.40.0-255,66,205981,70,238526
20116,0.001697,74.125.24.0-255,2902,208883,70,238526
20117,0.001699,172.31.40.0-255,66,208949,70,238526
20118,0.001737,172.31.40.0-255,66,209015,70,238526
20119,0.001743,74.125.24.0-255,5738,214753,70,238526
20120,0.001744,172.31.40.0-255,66,214819,70,238526
20121,0.001777,74.125.24.0-255,7156,221975,70,238526
20122,0.00178,172.31.40.0-255,66,222041,70,238526
20123,0.001793,172.31.40.0-255,66,222107,70,238526
20124,0.001804,74.125.24.0-255,7856,229963,70,238526
20125,0.001806,172.31.40.0-255,66,230029,70,238526
20126,0.001866,172.31.40.0-255,66,230095,70,238526
20127,0.001873,74.125.24.0-255,7856,237951,70,238526
20128,0.001875,172.31.40.0-255,66,238017,70,238526
20129,0.001957,172.31.40.0-255,66,238083,70,238526
20130,0.001959,74.125.24.0-255,105,238188,70,238526
20131,0.011949,172.31.40.0-255,101,238289,70,238526
20132,0.012858,172.31.40.0-255,105,238394,70,238526
20133,0.014228,74.125.24.0-255,66,238460,70,238526
20134,0.015109,74.125.24.0-255,66,238526,70,238526
20135,0.0,172.217.194.0-255,152,152,70,214739
20136,2.3e-05,172.31.40.0-255,66,218,70,214739
20137,3e-05,172.217.194.0-255,1484,1702,70,214739
20138,3.5e-05,172.31.40.0-255,66,1768,70,214739
20139,4.1e-05,172.217.194.0-255,2902,4670,70,214739
20140,4.5e-05,172.31.40.0-255,66,4736,70,214739
20141,6.6e-05,172.217.194.0-255,7156,11892,70,214739
20142,6.9e-05,172.31.40.0-255,66,11958,70,214739
20143,7.6e-05,172.217.194.0-255,4774,16732,70,214739
20144,7.9e-05,172.31.40.0-255,66,16798,70,214739
20145,9.4e-05,172.31.40.0-255,66,16864,70,214739
20146,0.000139,172.217.194.0-255,4320,21184,70,214739
20147,0.000142,172.31.40.0-255,66,21250,70,214739
20148,0.000166,172.217.194.0-255,2902,24152,70,214739
20149,0.000169,172.31.40.0-255,66,24218,70,214739
20150,0.000177,172.217.194.0-255,8574,32792,70,214739
20151,0.000179,172.31.40.0-255,66,32858,70,214739
20152,0.000183,172.217.194.0-255,2902,35760,70,214739
20153,0.000186,172.31.40.0-255,66,35826,70,214739
20154,0.000218,172.31.40.0-255,66,35892,70,214739
20155,0.001107,172.217.194.0-255,646,36538,70,214739
20156,0.001114,172.31.40.0-255,66,36604,70,214739
20157,0.001322,172.217.194.0-255,1484,38088,70,214739
20158,0.001327,172.31.40.0-255,66,38154,70,214739
20159,0.001334,172.217.194.0-255,2902,41056,70,214739
20160,0.001336,172.31.40.0-255,66,41122,70,214739
20161,0.001374,172.217.194.0-255,5738,46860,70,214739
20162,0.001377,172.31.40.0-255,66,46926,70,214739
20163,0.001385,172.217.194.0-255,8574,55500,70,214739
20164,0.001387,172.31.40.0-255,66,55566,70,214739
20165,0.00142,172.217.194.0-255,2902,58468,70,214739
20166,0.001423,172.31.40.0-255,66,58534,70,214739
20167,0.001454,172.31.40.0-255,66,58600,70,214739
20168,0.001877,172.217.194.0-255,1484,60084,70,214739
20169,0.001886,172.217.194.0-255,2902,62986,70,214739
20170,0.00189,172.31.40.0-255,66,63052,70,214739
20171,0.001897,172.217.194.0-255,4320,67372,70,214739
20172,0.0019,172.31.40.0-255,66,67438,70,214739
20173,0.001914,172.217.194.0-255,1484,68922,70,214739
20174,0.001928,172.31.40.0-255,66,68988,70,214739
20175,0.001946,172.217.194.0-255,1484,70472,70,214739
20176,0.001954,172.217.194.0-255,8574,79046,70,214739
20177,0.001956,172.31.40.0-255,66,79112,70,214739
20178,0.001992,172.217.194.0-255,2184,81296,70,214739
20179,0.001994,172.31.40.0-255,66,81362,70,214739
20180,0.004061,172.217.194.0-255,2902,84264,70,214739
20181,0.004066,172.31.40.0-255,66,84330,70,214739
20182,0.004099,172.217.194.0-255,2902,87232,70,214739
20183,0.004103,172.31.40.0-255,66,87298,70,214739
20184,0.006168,172.217.194.0-255,2902,90200,70,214739
20185,0.006175,172.31.40.0-255,66,90266,70,214739
20186,0.006198,172.217.194.0-255,2902,93168,70,214739
20187,0.006201,172.31.40.0-255,66,93234,70,214739
20188,0.008313,172.217.194.0-255,5738,98972,70,214739
20189,0.008321,172.31.40.0-255,66,99038,70,214739
20190,0.010445,172.217.194.0-255,5738,104776,70,214739
20191,0.010453,172.31.40.0-255,66,104842,70,214739
20192,0.012561,172.217.194.0-255,5738,110580,70,214739
20193,0.01257,172.31.40.0-255,66,110646,70,214739
20194,0.014701,172.217.194.0-255,5738,116384,70,214739
20195,0.01471,172.31.40.0-255,66,116450,70,214739
20196,0.016807,172.217.194.0-255,5738,122188,70,214739
20197,0.016814,172.31.40.0-255,66,122254,70,214739
20198,0.018927,172.217.194.0-255,5738,127992,70,214739
20199,0.018936,172.31.40.0-255,66,128058,70,214739
20200,0.021059,172.217.194.0-255,5738,133796,70,214739
20201,0.021067,172.31.40.0-255,66,133862,70,214739
20202,0.023187,172.217.194.0-255,5738,139600,70,214739
20203,0.023195,172.31.40.0-255,66,139666,70,214739
20204,0.025286,172.217.194.0-255,5738,145404,70,214739
20205,0.025294,172.31.40.0-255,66,145470,70,214739
20206,0.027391,172.217.194.0-255,5738,151208,70,214739
20207,0.027398,172.31.40.0-255,66,151274,70,214739
20208,0.028138,172.31.40.0-255,172,151446,70,214739
20209,0.028172,172.31.40.0-255,1117,152563,70,214739
20210,0.028232,172.31.40.0-255,1514,154077,70,214739
20211,0.028234,172.31.40.0-255,1514,155591,70,214739
20212,0.028235,172.31.40.0-255,844,156435,70,214739
20213,0.029495,172.217.194.0-255,5738,162173,70,214739
20214,0.029503,172.31.40.0-255,66,162239,70,214739
20215,0.029692,104.244.42.0-255,66,162305,70,214739
20216,0.0297,104.244.42.0-255,66,162371,70,214739
20217,0.029794,104.244.42.0-255,66,162437,70,214739
20218,0.029799,104.244.42.0-255,66,162503,70,214739
20219,0.031611,172.217.194.0-255,5738,168241,70,214739
20220,0.031618,172.31.40.0-255,66,168307,70,214739
20221,0.033721,172.217.194.0-255,5738,174045,70,214739
20222,0.033727,172.31.40.0-255,66,174111,70,214739
20223,0.035846,172.217.194.0-255,5738,179849,70,214739
20224,0.035853,172.31.40.0-255,66,179915,70,214739
20225,0.037995,172.217.194.0-255,5738,185653,70,214739
20226,0.038002,172.31.40.0-255,66,185719,70,214739
20227,0.04012,172.217.194.0-255,5738,191457,70,214739
20228,0.040127,172.31.40.0-255,66,191523,70,214739
20229,0.042229,172.217.194.0-255,5738,197261,70,214739
20230,0.042236,172.31.40.0-255,66,197327,70,214739
20231,0.044335,172.217.194.0-255,5738,203065,70,214739
20232,0.044341,172.31.40.0-255,66,203131,70,214739
20233,0.046501,172.217.194.0-255,5738,208869,70,214739
20234,0.046517,172.31.40.0-255,66,208935,70,214739
20235,0.048653,172.217.194.0-255,5738,214673,70,214739
20236,0.048669,172.31.40.0-255,66,214739,70,214739
20237,0.0,74.125.24.0-255,150,150,70,237792
20238,2.4e-05,172.31.40.0-255,66,216,70,237792
20239,3.1e-05,74.125.24.0-255,1484,1700,70,237792
20240,3.6e-05,172.31.40.0-255,66,1766,70,237792
20241,4.2e-05,74.125.24.0-255,2902,4668,70,237792
20242,4.6e-05,172.31.40.0-255,66,4734,70,237792
20243,5.5e-05,74.125.24.0-255,7156,11890,70,237792
20244,5.7e-05,172.31.40.0-255,66,11956,70,237792
20245,6.3e-05,74.125.24.0-255,2164,14120,70,237792
20246,6.6e-05,172.31.40.0-255,66,14186,70,237792
20247,0.00026,74.125.24.0-255,1484,15670,70,237792
20248,0.000265,172.31.40.0-255,66,15736,70,237792
20249,0.000271,74.125.24.0-255,2902,18638,70,237792
20250,0.000274,172.31.40.0-255,66,18704,70,237792
20251,0.000278,74.125.24.0-255,2902,21606,70,237792
20252,0.000281,172.31.40.0-255,66,21672,70,237792
20253,0.000308,74.125.24.0-255,2902,24574,70,237792
20254,0.000311,172.31.40.0-255,66,24640,70,237792
20255,0.000319,74.125.24.0-255,6797,31437,70,237792
20256,0.000321,172.31.40.0-255,66,31503,70,237792
20257,0.000679,74.125.24.0-255,1484,32987,70,237792
20258,0.000684,172.31.40.0-255,66,33053,70,237792
20259,0.00069,74.125.24.0-255,2902,35955,70,237792
20260,0.000692,172.31.40.0-255,66,36021,70,237792
20261,0.000698,74.125.24.0-255,5738,41759,70,237792
20262,0.000701,172.31.40.0-255,66,41825,70,237792
20263,0.000761,74.125.24.0-255,6797,48622,70,237792
20264,0.000765,172.31.40.0-255,66,48688,70,237792
20265,0.000802,74.125.24.0-255,2902,51590,70,237792
20266,0.000805,172.31.40.0-255,66,51656,70,237792
20267,0.00081,74.125.24.0-255,2902,54558,70,237792
20268,0.000812,172.31.40.0-255,66,54624,70,237792
20269,0.000829,74.125.24.0-255,1484,56108,70,237792
20270,0.000839,74.125.24.0-255,8574,64682,70,237792
20271,0.000842,172.31.40.0-255,66,64748,70,237792
20272,0.000845,74.125.24.0-255,1125,65873,70,237792
20273,0.001006,74.125.24.0-255,646,66519,70,237792
20274,0.001009,172.31.40.0-255,66,66585,70,237792
20275,0.00134,74.125.24.0-255,1484,68069,70,237792
20276,0.00135,74.125.24.0-255,2902,70971,70,237792
20277,0.001354,172.31.40.0-255,66,71037,70,237792
20278,0.001379,74.125.24.0-255,2902,73939,70,237792
20279,0.001381,172.31.40.0-255,66,74005,70,237792
20280,0.001389,74.125.24.0-255,7156,81161,70,237792
20281,0.001391,172.31.40.0-255,66,81227,70,237792
20282,0.001416,74.125.24.0-255,5738,86965,70,237792
20283,0.001419,172.31.40.0-255,66,87031,70,237792
20284,0.001447,74.125.24.0-255,9992,97023,70,237792
20285,0.00145,172.31.40.0-255,66,97089,70,237792
20286,0.001472,74.125.24.0-255,3602,100691,70,237792
20287,0.001475,172.31.40.0-255,66,100757,70,237792
20288,0.002431,74.125.24.0-255,1484,102241,70,237792
20289,0.002443,74.125.24.0-255,2902,105143,70,237792
20290,0.002448,172.31.40.0-255,66,105209,70,237792
20291,0.002457,74.125.24.0-255,5738,110947,70,237792
20292,0.002459,172.31.40.0-255,66,111013,70,237792
20293,0.002488,74.125.24.0-255,5738,116751,70,237792
20294,0.00249,172.31.40.0-255,66,116817,70,237792
20295,0.002511,74.125.24.0-255,5738,122555,70,237792
20296,0.002513,172.31.40.0-255,66,122621,70,237792
20297,0.00252,74.125.24.0-255,5738,128359,70,237792
20298,0.002522,172.31.40.0-255,66,128425,70,237792
20299,0.002541,74.125.24.0-255,6438,134863,70,237792
20300,0.002544,172.31.40.0-255,66,134929,70,237792
20301,0.0052,74.125.24.0-255,5738,140667,70,237792
20302,0.005208,172.31.40.0-255,66,140733,70,237792
20303,0.007878,74.125.24.0-255,5738,146471,70,237792
20304,0.007889,172.31.40.0-255,66,146537,70,237792
20305,0.010512,74.125.24.0-255,5738,152275,70,237792
20306,0.010526,172.31.40.0-255,66,152341,70,237792
20307,0.013151,74.125.24.0-255,5738,158079,70,237792
20308,0.013162,172.31.40.0-255,66,158145,70,237792
20309,0.015777,74.125.24.0-255,5738,163883,70,237792
20310,0.015786,172.31.40.0-255,66,163949,70,237792
20311,0.01845,74.125.24.0-255,5738,169687,70,237792
20312,0.018466,172.31.40.0-255,66,169753,70,237792
20313,0.021181,74.125.24.0-255,5738,175491,70,237792
20314,0.021198,172.31.40.0-255,66,175557,70,237792
20315,0.023871,74.125.24.0-255,5738,181295,70,237792
20316,0.023885,172.31.40.0-255,66,181361,70,237792
20317,0.02591,172.31.40.0-255,172,181533,70,237792
20318,0.025946,172.31.40.0-255,1113,182646,70,237792
20319,0.026021,172.31.40.0-255,1514,184160,70,237792
20320,0.026023,172.31.40.0-255,1330,185490,70,237792
20321,0.02649,74.125.24.0-255,5738,191228,70,237792
20322,0.026498,172.31.40.0-255,66,191294,70,237792
20323,0.027606,104.244.42.0-255,66,191360,70,237792
20324,0.02924,74.125.24.0-255,5738,197098,70,237792
20325,0.029247,172.31.40.0-255,66,197164,70,237792
20326,0.031859,74.125.24.0-255,5738,202902,70,237792
20327,0.031866,172.31.40.0-255,66,202968,70,237792
20328,0.034538,74.125.24.0-255,5738,208706,70,237792
20329,0.034545,172.31.40.0-255,66,208772,70,237792
20330,0.037179,74.125.24.0-255,5738,214510,70,237792
20331,0.037186,172.31.40.0-255,66,214576,70,237792
20332,0.03986,74.125.24.0-255,5738,220314,70,237792
20333,0.039867,172.31.40.0-255,66,220380,70,237792
20334,0.042561,74.125.24.0-255,5738,226118,70,237792
20335,0.042568,172.31.40.0-255,66,226184,70,237792
20336,0.045288,74.125.24.0-255,5738,231922,70,237792
20337,0.045296,172.31.40.0-255,66,231988,70,237792
20338,0.047968,74.125.24.0-255,5738,237726,70,237792
20339,0.047976,172.31.40.0-255,66,237792,70,237792
20340,0.0,216.58.221.0-255,146,146,70,246633
20341,2.7e-05,172.31.40.0-255,66,212,70,246633
20342,3.5e-05,216.58.221.0-255,1484,1696,70,246633
20343,4e-05,172.31.40.0-255,66,1762,70,246633
20344,4.5e-05,216.58.221.0-255,2902,4664,70,246633
20345,5.6e-05,172.31.40.0-255,66,4730,70,246633
20346,6.3e-05,216.58.221.0-255,5738,10468,70,246633
20347,6.5e-05,172.31.40.0-255,66,10534,70,246633
20348,7e-05,216.58.221.0-255,3535,14069,70,246633
20349,7.4e-05,172.31.40.0-255,66,14135,70,246633
20350,0.000112,216.58.221.0-255,4320,18455,70,246633
20351,0.000116,172.31.40.0-255,66,18521,70,246633
20352,0.000119,216.58.221.0-255,1484,20005,70,246633
20353,0.000121,172.31.40.0-255,66,20071,70,246633
20354,0.000145,216.58.221.0-255,5738,25809,70,246633
20355,0.000152,172.31.40.0-255,66,25875,70,246633
20356,0.000172,216.58.221.0-255,5379,31254,70,246633
20357,0.000174,172.31.40.0-255,66,31320,70,246633
20358,0.000632,216.58.221.0-255,1484,32804,70,246633
20359,0.000637,172.31.40.0-255,66,32870,70,246633
20360,0.000643,216.58.221.0-255,2902,35772,70,246633
20361,0.000645,172.31.40.0-255,66,35838,70,246633
20362,0.000648,216.58.221.0-255,1484,37322,70,246633
20363,0.00065,172.31.40.0-255,66,37388,70,246633
20364,0.000689,216.58.221.0-255,4320,41708,70,246633
20365,0.000692,172.31.40.0-255,66,41774,70,246633
20366,0.0007,216.58.221.0-255,6797,48571,70,246633
20367,0.000702,172.31.40.0-255,66,48637,70,246633
20368,0.001654,216.58.221.0-255,1484,50121,70,246633
20369,0.001661,172.31.40.0-255,66,50187,70,246633
20370,0.001671,216.58.221.0-255,2902,53089,70,246633
20371,0.001679,172.31.40.0-255,66,53155,70,246633
20372,0.001686,216.58.221.0-255,5738,58893,70,246633
20373,0.001688,172.31.40.0-255,66,58959,70,246633
20374,0.001695,216.58.221.0-255,7125,66084,70,246633
20375,0.001697,172.31.40.0-255,66,66150,70,246633
20376,0.00174,216.58.221.0-255,1484,67634,70,246633
20377,0.001746,216.58.221.0-255,2902,70536,70,246633
20378,0.001748,172.31.40.0-255,66,70602,70,246633
20379,0.001779,216.58.221.0-255,5738,76340,70,246633
20380,0.001781,172.31.40.0-255,66,76406,70,246633
20381,0.001789,216.58.221.0-255,7156,83562,70,246633
20382,0.001791,172.31.40.0-255,66,83628,70,246633
20383,0.001825,216.58.221.0-255,2902,86530,70,246633
20384,0.001829,172.31.40.0-255,66,86596,70,246633
20385,0.001842,172.31.40.0-255,66,86662,70,246633
20386,0.001851,216.58.221.0-255,2184,88846,70,246633
20387,0.001853,172.31.40.0-255,66,88912,70,246633
20388,0.001882,216.58.221.0-255,3184,92096,70,246633
20389,0.001885,172.31.40.0-255,66,92162,70,246633
20390,0.001887,216.58.221.0-255,1484,93646,70,246633
20391,0.001892,216.58.221.0-255,2902,96548,70,246633
20392,0.001895,172.31.40.0-255,66,96614,70,246633
20393,0.001905,216.58.221.0-255,5738,102352,70,246633
20394,0.001908,172.31.40.0-255,66,102418,70,246633
20395,0.001937,216.58.221.0-255,3296,105714,70,246633
20396,0.00194,172.31.40.0-255,66,105780,70,246633
20397,0.003841,216.58.221.0-255,1484,107264,70,246633
20398,0.003872,216.58.221.0-255,4320,111584,70,246633
20399,0.003875,172.31.40.0-255,66,111650,70,246633
20400,0.00582,216.58.221.0-255,5738,117388,70,246633
20401,0.005827,172.31.40.0-255,66,117454,70,246633
20402,0.00778,216.58.221.0-255,4320,121774,70,246633
20403,0.007786,172.31.40.0-255,66,121840,70,246633
20404,0.007812,216.58.221.0-255,1484,123324,70,246633
20405,0.009731,216.58.221.0-255,4320,127644,70,246633
20406,0.009739,172.31.40.0-255,66,127710,70,246633
20407,0.011693,216.58.221.0-255,5738,133448,70,246633
20408,0.011701,172.31.40.0-255,66,133514,70,246633
20409,0.013642,216.58.221.0-255,5738,139252,70,246633
20410,0.013649,172.31.40.0-255,66,139318,70,246633
20411,0.015594,216.58.221.0-255,4320,143638,70,246633
20412,0.015601,172.31.40.0-255,66,143704,70,246633
20413,0.015633,216.58.221.0-255,1484,145188,70,246633
20414,0.017564,216.58.221.0-255,4320,149508,70,246633
20415,0.017573,172.31.40.0-255,66,149574,70,246633
20416,0.019527,216.58.221.0-255,5738,155312,70,246633
20417,0.019536,172.31.40.0-255,66,155378,70,246633
20418,0.02149,216.58.221.0-255,5738,161116,70,246633
20419,0.021497,172.31.40.0-255,66,161182,70,246633
20420,0.023435,216.58.221.0-255,5738,166920,70,246633
20421,0.023441,172.31.40.0-255,66,166986,70,246633
20422,0.025383,216.58.221.0-255,5738,172724,70,246633
20423,0.02539,172.31.40.0-255,66,172790,70,246633
20424,0.026503,172.31.40.0-255,172,172962,70,246633
20425,0.026533,172.31.40.0-255,1113,174075,70,246633
20426,0.026596,172.31.40.0-255,1514,175589,70,246633
20427,0.026597,172.31.40.0-255,1330,176919,70,246633
20428,0.027333,216.58.221.0-255,5738,182657,70,246633
20429,0.02734,172.31.40.0-255,66,182723,70,246633
20430,0.028728,104.244.42.0-255,66,182789,70,246633
20431,0.029296,216.58.221.0-255,5738,188527,70,246633
20432,0.029301,172.31.40.0-255,66,188593,70,246633
20433,0.031273,216.58.221.0-255,5738,194331,70,246633
20434,0.03128,172.31.40.0-255,66,194397,70,246633
20435,0.033243,216.58.221.0-255,5738,200135,70,246633
20436,0.03325,172.31.40.0-255,66,200201,70,246633
20437,0.035203,216.58.221.0-255,5738,205939,70,246633
20438,0.03521,172.31.40.0-255,66,206005,70,246633
20439,0.037366,216.58.221.0-255,5738,211743,70,246633
20440,0.037372,172.31.40.0-255,66,211809,70,246633
20441,0.039333,216.58.221.0-255,5738,217547,70,246633
20442,0.039341,172.31.40.0-255,66,217613,70,246633
20443,0.041338,216.58.221.0-255,5738,223351,70,246633
20444,0.041345,172.31.40.0-255,66,223417,70,246633
20445,0.043295,216.58.221.0-255,5738,229155,70,246633
20446,0.043302,172.31.40.0-255,66,229221,70,246633
20447,0.04526,216.58.221.0-255,5738,234959,70,246633
20448,0.045267,172.31.40.0-255,66,235025,70,246633
20449,0.047212,216.58.221.0-255,5738,240763,70,246633
20450,0.047219,172.31.40.0-255,66,240829,70,246633
20451,0.049188,216.58.221.0-255,5738,246567,70,246633
20452,0.049194,172.31.40.0-255,66,246633,70,246633
20453,0.0,74.125.24.0-255,153,153,70,276532
20454,2.3e-05,172.31.40.0-255,66,219,70,276532
20455,3e-05,74.125.24.0-255,1484,1703,70,276532
20456,3.5e-05,172.31.40.0-255,66,1769,70,276532
20457,4.1e-05,74.125.24.0-255,2902,4671,70,276532
20458,4.5e-05,172.31.40.0-255,66,4737,70,276532
20459,6.1e-05,74.125.24.0-255,7156,11893,70,276532
20460,6.5e-05,172.31.40.0-255,66,11959,70,276532
20461,6.9e-05,74.125.24.0-255,2099,14058,70,276532
20462,7.2e-05,172.31.40.0-255,66,14124,70,276532
20463,0.000112,74.125.24.0-255,2902,17026,70,276532
20464,0.000121,172.31.40.0-255,66,17092,70,276532
20465,0.000127,74.125.24.0-255,4320,21412,70,276532
20466,0.000129,172.31.40.0-255,66,21478,70,276532
20467,0.000134,74.125.24.0-255,2902,24380,70,276532
20468,0.000136,172.31.40.0-255,66,24446,70,276532
20469,0.000167,74.125.24.0-255,5738,30184,70,276532
20470,0.000169,172.31.40.0-255,66,30250,70,276532
20471,0.000178,74.125.24.0-255,8215,38465,70,276532
20472,0.000181,172.31.40.0-255,66,38531,70,276532
20473,0.000185,74.125.24.0-255,2902,41433,70,276532
20474,0.000187,172.31.40.0-255,66,41499,70,276532
20475,0.000219,74.125.24.0-255,5738,47237,70,276532
20476,0.000221,172.31.40.0-255,66,47303,70,276532
20477,0.000224,74.125.24.0-255,1125,48428,70,276532
20478,0.000226,172.31.40.0-255,66,48494,70,276532
20479,0.001111,74.125.24.0-255,1484,49978,70,276532
20480,0.001118,172.31.40.0-255,66,50044,70,276532
20481,0.001126,74.125.24.0-255,2902,52946,70,276532
20482,0.001128,172.31.40.0-255,66,53012,70,276532
20483,0.00114,74.125.24.0-255,5738,58750,70,276532
20484,0.001143,172.31.40.0-255,66,58816,70,276532
20485,0.00118,74.125.24.0-255,7377,66193,70,276532
20486,0.001183,172.31.40.0-255,66,66259,70,276532
20487,0.001204,74.125.24.0-255,1484,67743,70,276532
20488,0.00121,74.125.24.0-255,2902,70645,70,276532
20489,0.001212,172.31.40.0-255,66,70711,70,276532
20490,0.001235,74.125.24.0-255,5738,76449,70,276532
20491,0.001237,172.31.40.0-255,66,76515,70,276532
20492,0.001244,74.125.24.0-255,5738,82253,70,276532
20493,0.001246,172.31.40.0-255,66,82319,70,276532
20494,0.00127,74.125.24.0-255,7156,89475,70,276532
20495,0.001273,172.31.40.0-255,66,89541,70,276532
20496,0.001282,74.125.24.0-255,8574,98115,70,276532
20497,0.001284,172.31.40.0-255,66,98181,70,276532
20498,0.001316,74.125.24.0-255,2184,100365,70,276532
20499,0.00132,172.31.40.0-255,66,100431,70,276532
20500,0.001681,74.125.24.0-255,1484,101915,70,276532
20501,0.001689,74.125.24.0-255,2902,104817,70,276532
20502,0.001695,172.31.40.0-255,66,104883,70,276532
20503,0.001702,74.125.24.0-255,5738,110621,70,276532
20504,0.001704,172.31.40.0-255,66,110687,70,276532
20505,0.001708,74.125.24.0-255,1484,112171,70,276532
20506,0.001739,74.125.24.0-255,9992,122163,70,276532
20507,0.001742,172.31.40.0-255,66,122229,70,276532
20508,0.001751,74.125.24.0-255,9992,132221,70,276532
20509,0.001754,172.31.40.0-255,66,132287,70,276532
20510,0.001781,74.125.24.0-255,1635,133922,70,276532
20511,0.001784,172.31.40.0-255,66,133988,70,276532
20512,0.001827,74.125.24.0-255,1484,135472,70,276532
20513,0.001832,74.125.24.0-255,2902,138374,70,276532
20514,0.001835,172.31.40.0-255,66,138440,70,276532
20515,0.001856,74.125.24.0-255,5738,144178,70,276532
20516,0.001858,172.31.40.0-255,66,144244,70,276532
20517,0.001905,172.31.40.0-255,66,144310,70,276532
20518,0.001915,74.125.24.0-255,10692,155002,70,276532
20519,0.001922,172.31.40.0-255,66,155068,70,276532
20520,0.004185,74.125.24.0-255,2902,157970,70,276532
20521,0.004189,172.31.40.0-255,66,158036,70,276532
20522,0.004209,74.125.24.0-255,2902,160938,70,276532
20523,0.004212,172.31.40.0-255,66,161004,70,276532
20524,0.006436,74.125.24.0-255,2902,163906,70,276532
20525,0.006443,172.31.40.0-255,66,163972,70,276532
20526,0.006503,74.125.24.0-255,2902,166874,70,276532
20527,0.006506,172.31.40.0-255,66,166940,70,276532
20528,0.008708,74.125.24.0-255,2902,169842,70,276532
20529,0.008715,172.31.40.0-255,66,169908,70,276532
20530,0.008758,74.125.24.0-255,2902,172810,70,276532
20531,0.008761,172.31.40.0-255,66,172876,70,276532
20532,0.010958,74.125.24.0-255,2902,175778,70,276532
20533,0.010966,172.31.40.0-255,66,175844,70,276532
20534,0.011009,74.125.24.0-255,2902,178746,70,276532
20535,0.011012,172.31.40.0-255,66,178812,70,276532
20536,0.01321,74.125.24.0-255,2902,181714,70,276532
20537,0.013217,172.31.40.0-255,66,181780,70,276532
20538,0.013251,74.125.24.0-255,2902,184682,70,276532
20539,0.013254,172.31.40.0-255,66,184748,70,276532
20540,0.015566,74.125.24.0-255,5738,190486,70,276532
20541,0.015574,172.31.40.0-255,66,190552,70,276532
20542,0.017984,74.125.24.0-255,2902,193454,70,276532
20543,0.017992,172.31.40.0-255,66,193520,70,276532
20544,0.018023,74.125.24.0-255,2902,196422,70,276532
20545,0.018026,172.31.40.0-255,66,196488,70,276532
20546,0.020289,74.125.24.0-255,2902,199390,70,276532
20547,0.020298,172.31.40.0-255,66,199456,70,276532
20548,0.020328,74.125.24.0-255,2902,202358,70,276532
20549,0.020331,172.31.40.0-255,66,202424,70,276532
20550,0.022572,74.125.24.0-255,5738,208162,70,276532
20551,0.02258,172.31.40.0-255,66,208228,70,276532
20552,0.024866,74.125.24.0-255,5738,213966,70,276532
20553,0.024874,172.31.40.0-255,66,214032,70,276532
20554,0.027123,74.125.24.0-255,2902,216934,70,276532
20555,0.02713,172.31.40.0-255,66,217000,70,276532
20556,0.027159,74.125.24.0-255,2902,219902,70,276532
20557,0.027163,172.31.40.0-255,66,219968,70,276532
20558,0.027924,172.31.40.0-255,172,220140,70,276532
20559,0.027966,172.31.40.0-255,1113,221253,70,276532
20560,0.02803,172.31.40.0-255,1514,222767,70,276532
20561,0.028032,172.31.40.0-255,1331,224098,70,276532
20562,0.02946,104.244.42.0-255,66,224164,70,276532
20563,0.02948,74.125.24.0-255,5738,229902,70,276532
20564,0.029485,172.31.40.0-255,66,229968,70,276532
20565,0.02951,104.244.42.0-255,66,230034,70,276532
20566,0.029625,104.244.42.0-255,66,230100,70,276532
20567,0.03177,74.125.24.0-255,5738,235838,70,276532
20568,0.031776,172.31.40.0-255,66,235904,70,276532
20569,0.034072,74.125.24.0-255,5738,241642,70,276532
20570,0.034079,172.31.40.0-255,66,241708,70,276532
20571,0.036403,74.125.24.0-255,5738,247446,70,276532
20572,0.036419,172.31.40.0-255,66,247512,70,276532
20573,0.03868,74.125.24.0-255,5738,253250,70,276532
20574,0.038692,172.31.40.0-255,66,253316,70,276532
20575,0.041027,74.125.24.0-255,5738,259054,70,276532
20576,0.041047,172.31.40.0-255,66,259120,70,276532
20577,0.043332,74.125.24.0-255,5738,264858,70,276532
20578,0.043348,172.31.40.0-255,66,264924,70,276532
20579,0.045641,74.125.24.0-255,5738,270662,70,276532
20580,0.045659,172.31.40.0-255,66,270728,70,276532
20581,0.047968,74.125.24.0-255,5738,276466,70,276532
20582,0.047982,172.31.40.0-255,66,276532,70,276532
20583,0.0,172.217.194.0-255,146,146,70,229692
20584,2.5e-05,172.31.40.0-255,66,212,70,229692
20585,3.2e-05,172.217.194.0-255,1484,1696,70,229692
20586,3.8e-05,172.31.40.0-255,66,1762,70,229692
20587,4.4e-05,172.217.194.0-255,2902,4664,70,229692
20588,4.8e-05,172.31.40.0-255,66,4730,70,229692
20589,5.6e-05,172.217.194.0-255,7156,11886,70,229692
20590,5.9e-05,172.31.40.0-255,66,11952,70,229692
20591,6.3e-05,172.217.194.0-255,2003,13955,70,229692
20592,6.6e-05,172.31.40.0-255,66,14021,70,229692
20593,0.000104,172.31.40.0-255,66,14087,70,229692
20594,0.00011,172.217.194.0-255,5379,19466,70,229692
20595,0.000113,172.31.40.0-255,66,19532,70,229692
20596,0.000171,172.217.194.0-255,1484,21016,70,229692
20597,0.000174,172.31.40.0-255,66,21082,70,229692
20598,0.000178,172.217.194.0-255,1484,22566,70,229692
20599,0.000179,172.31.40.0-255,66,22632,70,229692
20600,0.000192,172.217.194.0-255,1484,24116,70,229692
20601,0.000194,172.31.40.0-255,66,24182,70,229692
20602,0.000201,172.217.194.0-255,5738,29920,70,229692
20603,0.000203,172.31.40.0-255,66,29986,70,229692
20604,0.000208,172.217.194.0-255,4320,34306,70,229692
20605,0.000211,172.31.40.0-255,66,34372,70,229692
20606,0.000233,172.217.194.0-255,1484,35856,70,229692
20607,0.000235,172.31.40.0-255,66,35922,70,229692
20608,0.000245,172.217.194.0-255,9992,45914,70,229692
20609,0.000248,172.31.40.0-255,66,45980,70,229692
20610,0.000268,172.217.194.0-255,3961,49941,70,229692
20611,0.000271,172.31.40.0-255,66,50007,70,229692
20612,0.000293,172.217.194.0-255,3961,53968,70,229692
20613,0.000297,172.31.40.0-255,66,54034,70,229692
20614,0.00033,172.217.194.0-255,379,54413,70,229692
20615,0.000385,172.217.194.0-255,366,54779,70,229692
20616,0.000481,172.217.194.0-255,1484,56263,70,229692
20617,0.000485,172.31.40.0-255,66,56329,70,229692
20618,0.000491,172.217.194.0-255,2902,59231,70,229692
20619,0.000494,172.31.40.0-255,66,59297,70,229692
20620,0.0005,172.217.194.0-255,4320,63617,70,229692
20621,0.000502,172.31.40.0-255,66,63683,70,229692
20622,0.000518,172.217.194.0-255,1484,65167,70,229692
20623,0.000525,172.217.194.0-255,6797,71964,70,229692
20624,0.000528,172.31.40.0-255,66,72030,70,229692
20625,0.000587,172.217.194.0-255,5738,77768,70,229692
20626,0.000591,172.31.40.0-255,66,77834,70,229692
20627,0.000609,172.217.194.0-255,8574,86408,70,229692
20628,0.000612,172.31.40.0-255,66,86474,70,229692
20629,0.000616,172.217.194.0-255,2543,89017,70,229692
20630,0.000618,172.31.40.0-255,66,89083,70,229692
20631,0.001045,172.217.194.0-255,1484,90567,70,229692
20632,0.00105,172.217.194.0-255,2902,93469,70,229692
20633,0.001056,172.31.40.0-255,66,93535,70,229692
20634,0.001077,172.217.194.0-255,5738,99273,70,229692
20635,0.00108,172.31.40.0-255,66,99339,70,229692
20636,0.001088,172.217.194.0-255,7156,106495,70,229692
20637,0.00109,172.31.40.0-255,66,106561,70,229692
20638,0.001111,172.217.194.0-255,2902,109463,70,229692
20639,0.001113,172.31.40.0-255,66,109529,70,229692
20640,0.001126,172.31.40.0-255,66,109595,70,229692
20641,0.001131,172.217.194.0-255,2184,111779,70,229692
20642,0.001132,172.31.40.0-255,66,111845,70,229692
20643,0.001297,172.217.194.0-255,1484,113329,70,229692
20644,0.001302,172.217.194.0-255,2902,116231,70,229692
20645,0.001306,172.31.40.0-255,66,116297,70,229692
20646,0.001334,172.217.194.0-255,5738,122035,70,229692
20647,0.00134,172.217.194.0-255,5738,127773,70,229692
20648,0.001344,172.31.40.0-255,66,127839,70,229692
20649,0.001348,172.31.40.0-255,66,127905,70,229692
20650,0.001368,172.217.194.0-255,4320,132225,70,229692
20651,0.00137,172.31.40.0-255,66,132291,70,229692
20652,0.001387,172.217.194.0-255,1484,133775,70,229692
20653,0.001412,172.31.40.0-255,66,133841,70,229692
20654,0.001424,172.217.194.0-255,1484,135325,70,229692
20655,0.00144,172.217.194.0-255,1484,136809,70,229692
20656,0.001442,172.31.40.0-255,66,136875,70,229692
20657,0.001448,172.217.194.0-255,4320,141195,70,229692
20658,0.001451,172.31.40.0-255,66,141261,70,229692
20659,0.001458,172.217.194.0-255,7156,148417,70,229692
20660,0.001461,172.31.40.0-255,66,148483,70,229692
20661,0.001488,172.217.194.0-255,1484,149967,70,229692
20662,0.001502,172.31.40.0-255,66,150033,70,229692
20663,0.001522,172.217.194.0-255,6438,156471,70,229692
20664,0.001525,172.31.40.0-255,66,156537,70,229692
20665,0.001636,172.217.194.0-255,1484,158021,70,229692
20666,0.001642,172.217.194.0-255,2902,160923,70,229692
20667,0.001645,172.31.40.0-255,66,160989,70,229692
20668,0.00167,172.217.194.0-255,5738,166727,70,229692
20669,0.001673,172.31.40.0-255,66,166793,70,229692
20670,0.001686,172.217.194.0-255,2902,169695,70,229692
20671,0.001688,172.31.40.0-255,66,169761,70,229692
20672,0.001713,172.217.194.0-255,9992,179753,70,229692
20673,0.001717,172.31.40.0-255,66,179819,70,229692
20674,0.001726,172.217.194.0-255,10692,190511,70,229692
20675,0.001729,172.31.40.0-255,66,190577,70,229692
20676,0.001776,172.217.194.0-255,8574,199151,70,229692
20677,0.001779,172.31.40.0-255,66,199217,70,229692
20678,0.00182,172.31.40.0-255,66,199283,70,229692
20679,0.001829,172.217.194.0-255,9274,208557,70,229692
20680,0.001831,172.31.40.0-255,66,208623,70,229692
20681,0.001877,172.31.40.0-255,66,208689,70,229692
20682,0.001928,172.31.40.0-255,66,208755,70,229692
20683,0.001957,172.31.40.0-255,66,208821,70,229692
20684,0.001971,172.31.40.0-255,66,208887,70,229692
20685,0.001993,172.31.40.0-255,66,208953,70,229692
20686,0.002004,172.217.194.0-255,9274,218227,70,229692
20687,0.002006,172.31.40.0-255,66,218293,70,229692
20688,0.002016,172.217.194.0-255,10140,228433,70,229692
20689,0.002018,172.31.40.0-255,66,228499,70,229692
20690,0.002022,172.217.194.0-255,105,228604,70,229692
20691,0.012559,172.31.40.0-255,66,228670,70,229692
20692,0.012615,172.31.40.0-255,105,228775,70,229692
20693,0.015107,172.217.194.0-255,66,228841,70,229692
20694,0.043145,172.31.40.0-255,171,229012,70,229692
20695,0.043177,172.31.40.0-255,614,229626,70,229692
20696,0.04531,104.244.42.0-255,66,229692,70,229692
20697,0.0,74.125.24.0-255,153,153,70,333402
20698,2.2e-05,172.31.40.0-255,66,219,70,333402
20699,3e-05,74.125.24.0-255,1484,1703,70,333402
20700,3.4e-05,172.31.40.0-255,66,1769,70,333402
20701,3.9e-05,74.125.24.0-255,2902,4671,70,333402
20702,4.9e-05,172.31.40.0-255,66,4737,70,333402
20703,5.7e-05,74.125.24.0-255,7156,11893,70,333402
20704,5.9e-05,172.31.40.0-255,66,11959,70,333402
20705,6.3e-05,74.125.24.0-255,1983,13942,70,333402
20706,6.5e-05,172.31.40.0-255,66,14008,70,333402
20707,9.8e-05,74.125.24.0-255,5738,19746,70,333402
20708,0.000102,172.31.40.0-255,66,19812,70,333402
20709,0.000131,74.125.24.0-255,4320,24132,70,333402
20710,0.000134,172.31.40.0-255,66,24198,70,333402
20711,0.000141,74.125.24.0-255,6797,30995,70,333402
20712,0.000143,172.31.40.0-255,66,31061,70,333402
20713,0.000205,74.125.24.0-255,1484,32545,70,333402
20714,0.000208,172.31.40.0-255,66,32611,70,333402
20715,0.00022,74.125.24.0-255,2902,35513,70,333402
20716,0.000224,74.125.24.0-255,2902,38415,70,333402
20717,0.000231,172.31.40.0-255,66,38481,70,333402
20718,0.000238,172.31.40.0-255,66,38547,70,333402
20719,0.000244,74.125.24.0-255,2902,41449,70,333402
20720,0.000246,172.31.40.0-255,66,41515,70,333402
20721,0.000257,74.125.24.0-255,6797,48312,70,333402
20722,0.000259,172.31.40.0-255,66,48378,70,333402
20723,0.000296,74.125.24.0-255,7156,55534,70,333402
20724,0.000298,172.31.40.0-255,66,55600,70,333402
20725,0.000323,74.125.24.0-255,7156,62756,70,333402
20726,0.00033,172.31.40.0-255,66,62822,70,333402
20727,0.000335,74.125.24.0-255,2543,65365,70,333402
20728,0.000337,172.31.40.0-255,66,65431,70,333402
20729,0.000339,74.125.24.0-255,444,65875,70,333402
20730,0.000376,74.125.24.0-255,331,66206,70,333402
20731,0.000934,74.125.24.0-255,1484,67690,70,333402
20732,0.000939,172.31.40.0-255,66,67756,70,333402
20733,0.000945,74.125.24.0-255,2902,70658,70,333402
20734,0.000947,172.31.40.0-255,66,70724,70,333402
20735,0.000951,74.125.24.0-255,2902,73626,70,333402
20736,0.000953,172.31.40.0-255,66,73692,70,333402
20737,0.000975,74.125.24.0-255,2902,76594,70,333402
20738,0.000977,172.31.40.0-255,66,76660,70,333402
20739,0.000984,74.125.24.0-255,5738,82398,70,333402
20740,0.000986,172.31.40.0-255,66,82464,70,333402
20741,0.001012,74.125.24.0-255,7156,89620,70,333402
20742,0.001014,172.31.40.0-255,66,89686,70,333402
20743,0.001026,74.125.24.0-255,10692,100378,70,333402
20744,0.001027,172.31.40.0-255,66,100444,70,333402
20745,0.001467,74.125.24.0-255,1484,101928,70,333402
20746,0.001474,74.125.24.0-255,2902,104830,70,333402
20747,0.001477,172.31.40.0-255,66,104896,70,333402
20748,0.001491,74.125.24.0-255,2902,107798,70,333402
20749,0.001497,172.31.40.0-255,66,107864,70,333402
20750,0.001533,74.125.24.0-255,2902,110766,70,333402
20751,0.001536,172.31.40.0-255,66,110832,70,333402
20752,0.001545,74.125.24.0-255,9992,120824,70,333402
20753,0.001547,172.31.40.0-255,66,120890,70,333402
20754,0.001561,74.125.24.0-255,8574,129464,70,333402
20755,0.001563,172.31.40.0-255,66,129530,70,333402
20756,0.001597,74.125.24.0-255,5020,134550,70,333402
20757,0.0016,172.31.40.0-255,66,134616,70,333402
20758,0.001662,74.125.24.0-255,1484,136100,70,333402
20759,0.001667,74.125.24.0-255,2902,139002,70,333402
20760,0.00167,172.31.40.0-255,66,139068,70,333402
20761,0.001676,74.125.24.0-255,5738,144806,70,333402
20762,0.001678,172.31.40.0-255,66,144872,70,333402
20763,0.001712,172.31.40.0-255,66,144938,70,333402
20764,0.001717,74.125.24.0-255,4320,149258,70,333402
20765,0.001719,172.31.40.0-255,66,149324,70,333402
20766,0.001752,74.125.24.0-255,4320,153644,70,333402
20767,0.001755,172.31.40.0-255,66,153710,70,333402
20768,0.001761,74.125.24.0-255,5738,159448,70,333402
20769,0.001764,172.31.40.0-255,66,159514,70,333402
20770,0.001797,74.125.24.0-255,2184,161698,70,333402
20771,0.001799,172.31.40.0-255,66,161764,70,333402
20772,0.001807,74.125.24.0-255,8574,170338,70,333402
20773,0.001809,172.31.40.0-255,66,170404,70,333402
20774,0.001829,172.31.40.0-255,66,170470,70,333402
20775,0.001857,74.125.24.0-255,2902,173372,70,333402
20776,0.00186,172.31.40.0-255,66,173438,70,333402
20777,0.001863,74.125.24.0-255,766,174204,70,333402
20778,0.001917,74.125.24.0-255,1484,175688,70,333402
20779,0.00192,172.31.40.0-255,66,175754,70,333402
20780,0.001925,74.125.24.0-255,2902,178656,70,333402
20781,0.001927,172.31.40.0-255,66,178722,70,333402
20782,0.001962,74.125.24.0-255,5738,184460,70,333402
20783,0.001965,172.31.40.0-255,66,184526,70,333402
20784,0.001979,172.31.40.0-255,66,184592,70,333402
20785,0.001989,74.125.24.0-255,7156,191748,70,333402
20786,0.001993,172.31.40.0-255,66,191814,70,333402
20787,0.002023,74.125.24.0-255,3602,195416,70,333402
20788,0.002026,172.31.40.0-255,66,195482,70,333402
20789,0.003976,74.125.24.0-255,1484,196966,70,333402
20790,0.004018,74.125.24.0-255,4320,201286,70,333402
20791,0.004023,172.31.40.0-255,66,201352,70,333402
20792,0.006002,74.125.24.0-255,5738,207090,70,333402
20793,0.006004,172.31.40.0-255,66,207156,70,333402
20794,0.008016,74.125.24.0-255,5738,212894,70,333402
20795,0.008021,172.31.40.0-255,66,212960,70,333402
20796,0.010037,74.125.24.0-255,5738,218698,70,333402
20797,0.010053,172.31.40.0-255,66,218764,70,333402
20798,0.01206,74.125.24.0-255,5738,224502,70,333402
20799,0.012075,172.31.40.0-255,66,224568,70,333402
20800,0.014076,74.125.24.0-255,5738,230306,70,333402
20801,0.014093,172.31.40.0-255,66,230372,70,333402
20802,0.016206,74.125.24.0-255,5738,236110,70,333402
20803,0.016222,172.31.40.0-255,66,236176,70,333402
20804,0.018239,74.125.24.0-255,5738,241914,70,333402
20805,0.018247,172.31.40.0-255,66,241980,70,333402
20806,0.020265,74.125.24.0-255,5738,247718,70,333402
20807,0.020273,172.31.40.0-255,66,247784,70,333402
20808,0.022303,74.125.24.0-255,5738,253522,70,333402
20809,0.022311,172.31.40.0-255,66,253588,70,333402
20810,0.024328,74.125.24.0-255,5738,259326,70,333402
20811,0.024337,172.31.40.0-255,66,259392,70,333402
20812,0.026356,74.125.24.0-255,5738,265130,70,333402
20813,0.026369,172.31.40.0-255,66,265196,70,333402
20814,0.026523,172.31.40.0-255,101,265297,70,333402
20815,0.028372,74.125.24.0-255,5738,271035,70,333402
20816,0.028379,172.31.40.0-255,66,271101,70,333402
20817,0.028478,74.125.24.0-255,66,271167,70,333402
20818,0.030396,74.125.24.0-255,5738,276905,70,333402
20819,0.030409,172.31.40.0-255,66,276971,70,333402
20820,0.032427,74.125.24.0-255,5738,282709,70,333402
20821,0.032435,172.31.40.0-255,66,282775,70,333402
20822,0.034455,74.125.24.0-255,5738,288513,70,333402
20823,0.034471,172.31.40.0-255,66,288579,70,333402
20824,0.036548,74.125.24.0-255,5738,294317,70,333402
20825,0.036556,172.31.40.0-255,66,294383,70,333402
20826,0.038565,74.125.24.0-255,5738,300121,70,333402
20827,0.03858,172.31.40.0-255,66,300187,70,333402
20828,0.040567,74.125.24.0-255,5738,305925,70,333402
20829,0.040573,172.31.40.0-255,66,305991,70,333402
20830,0.042405,172.31.40.0-255,172,306163,70,333402
20831,0.042445,172.31.40.0-255,1114,307277,70,333402
20832,0.042515,172.31.40.0-255,1514,308791,70,333402
20833,0.042517,172.31.40.0-255,1329,310120,70,333402
20834,0.042593,74.125.24.0-255,5738,315858,70,333402
20835,0.042603,172.31.40.0-255,66,315924,70,333402
20836,0.044428,104.244.42.0-255,66,315990,70,333402
20837,0.044611,74.125.24.0-255,5738,321728,70,333402
20838,0.044619,172.31.40.0-255,66,321794,70,333402
20839,0.04661,74.125.24.0-255,5738,327532,70,333402
20840,0.046624,172.31.40.0-255,66,327598,70,333402
20841,0.048638,74.125.24.0-255,5738,333336,70,333402
20842,0.048653,172.31.40.0-255,66,333402,70,333402
20843,0.0,74.125.24.0-255,152,152,70,237013
20844,1.7e-05,172.31.40.0-255,66,218,70,237013
20845,2.4e-05,74.125.24.0-255,1484,1702,70,237013
20846,2.8e-05,172.31.40.0-255,66,1768,70,237013
20847,3.3e-05,74.125.24.0-255,2902,4670,70,237013
20848,3.7e-05,172.31.40.0-255,66,4736,70,237013
20849,5.3e-05,74.125.24.0-255,7156,11892,70,237013
20850,5.6e-05,172.31.40.0-255,66,11958,70,237013
20851,6e-05,74.125.24.0-255,1950,13908,70,237013
20852,6.3e-05,172.31.40.0-255,66,13974,70,237013
20853,7.3e-05,74.125.24.0-255,8574,22548,70,237013
20854,7.6e-05,172.31.40.0-255,66,22614,70,237013
20855,0.000112,74.125.24.0-255,2902,25516,70,237013
20856,0.000115,172.31.40.0-255,66,25582,70,237013
20857,0.00012,74.125.24.0-255,4320,29902,70,237013
20858,0.000123,172.31.40.0-255,66,29968,70,237013
20859,0.000172,74.125.24.0-255,9992,39960,70,237013
20860,0.000176,172.31.40.0-255,66,40026,70,237013
20861,0.000185,74.125.24.0-255,7856,47882,70,237013
20862,0.000188,172.31.40.0-255,66,47948,70,237013
20863,0.000196,74.125.24.0-255,8574,56522,70,237013
20864,0.000199,172.31.40.0-255,66,56588,70,237013
20865,0.000205,74.125.24.0-255,5738,62326,70,237013
20866,0.000207,172.31.40.0-255,66,62392,70,237013
20867,0.000235,74.125.24.0-255,3132,65524,70,237013
20868,0.000238,172.31.40.0-255,66,65590,70,237013
20869,0.000282,74.125.24.0-255,1484,67074,70,237013
20870,0.000286,172.31.40.0-255,66,67140,70,237013
20871,0.00029,74.125.24.0-255,2902,70042,70,237013
20872,0.000293,172.31.40.0-255,66,70108,70,237013
20873,0.000299,74.125.24.0-255,5738,75846,70,237013
20874,0.000302,172.31.40.0-255,66,75912,70,237013
20875,0.000306,74.125.24.0-255,2902,78814,70,237013
20876,0.000308,172.31.40.0-255,66,78880,70,237013
20877,0.000347,74.125.24.0-255,9992,88872,70,237013
20878,0.00035,172.31.40.0-255,66,88938,70,237013
20879,0.000353,74.125.24.0-255,1484,90422,70,237013
20880,0.000378,74.125.24.0-255,9274,99696,70,237013
20881,0.000381,172.31.40.0-255,66,99762,70,237013
20882,0.000505,74.125.24.0-255,1484,101246,70,237013
20883,0.000511,74.125.24.0-255,2902,104148,70,237013
20884,0.000514,172.31.40.0-255,66,104214,70,237013
20885,0.00052,74.125.24.0-255,4320,108534,70,237013
20886,0.000523,172.31.40.0-255,66,108600,70,237013
20887,0.000559,74.125.24.0-255,1484,110084,70,237013
20888,0.000573,172.31.40.0-255,66,110150,70,237013
20889,0.000576,74.125.24.0-255,1484,111634,70,237013
20890,0.000579,74.125.24.0-255,1484,113118,70,237013
20891,0.000581,172.31.40.0-255,66,113184,70,237013
20892,0.000611,74.125.24.0-255,7856,121040,70,237013
20893,0.000615,172.31.40.0-255,66,121106,70,237013
20894,0.000708,74.125.24.0-255,1484,122590,70,237013
20895,0.000713,74.125.24.0-255,2902,125492,70,237013
20896,0.000716,172.31.40.0-255,66,125558,70,237013
20897,0.000719,74.125.24.0-255,1484,127042,70,237013
20898,0.000746,74.125.24.0-255,4320,131362,70,237013
20899,0.000748,172.31.40.0-255,66,131428,70,237013
20900,0.000753,74.125.24.0-255,4320,135748,70,237013
20901,0.000756,172.31.40.0-255,66,135814,70,237013
20902,0.000793,172.31.40.0-255,66,135880,70,237013
20903,0.000822,74.125.24.0-255,4320,140200,70,237013
20904,0.000824,172.31.40.0-255,66,140266,70,237013
20905,0.000843,74.125.24.0-255,4320,144586,70,237013
20906,0.000846,172.31.40.0-255,66,144652,70,237013
20907,0.000877,74.125.24.0-255,9274,153926,70,237013
20908,0.00088,172.31.40.0-255,66,153992,70,237013
20909,0.000933,74.125.24.0-255,5738,159730,70,237013
20910,0.000935,172.31.40.0-255,66,159796,70,237013
20911,0.000975,74.125.24.0-255,5020,164816,70,237013
20912,0.000981,74.125.24.0-255,7156,171972,70,237013
20913,0.00099,74.125.24.0-255,8574,180546,70,237013
20914,0.000996,74.125.24.0-255,5738,186284,70,237013
20915,0.001002,172.31.40.0-255,66,186350,70,237013
20916,0.001005,172.31.40.0-255,66,186416,70,237013
20917,0.001007,172.31.40.0-255,66,186482,70,237013
20918,0.00101,172.31.40.0-255,66,186548,70,237013
20919,0.001015,172.31.40.0-255,66,186614,70,237013
20920,0.00104,74.125.24.0-255,766,187380,70,237013
20921,0.001043,74.125.24.0-255,1484,188864,70,237013
20922,0.001048,74.125.24.0-255,2902,191766,70,237013
20923,0.001054,74.125.24.0-255,5738,197504,70,237013
20924,0.00108,74.125.24.0-255,8574,206078,70,237013
20925,0.001128,172.31.40.0-255,66,206144,70,237013
20926,0.001216,74.125.24.0-255,5738,211882,70,237013
20927,0.001219,74.125.24.0-255,1484,213366,70,237013
20928,0.001226,172.31.40.0-255,66,213432,70,237013
20929,0.001245,74.125.24.0-255,7856,221288,70,237013
20930,0.001254,74.125.24.0-255,8574,229862,70,237013
20931,0.001259,172.31.40.0-255,66,229928,70,237013
20932,0.001289,74.125.24.0-255,1484,231412,70,237013
20933,0.001323,74.125.24.0-255,97,231509,70,237013
20934,0.001377,74.125.24.0-255,105,231614,70,237013
20935,0.001392,172.31.40.0-255,66,231680,70,237013
20936,0.016881,172.31.40.0-255,105,231785,70,237013
20937,0.019138,74.125.24.0-255,66,231851,70,237013
20938,0.049373,172.31.40.0-255,172,232023,70,237013
20939,0.049424,172.31.40.0-255,1117,233140,70,237013
20940,0.049491,172.31.40.0-255,1514,234654,70,237013
20941,0.049492,172.31.40.0-255,1514,236168,70,237013
20942,0.049493,172.31.40.0-255,845,237013,70,237013
20943,0.0,172.217.194.0-255,152,152,70,180121
20944,1.7e-05,172.31.40.0-255,66,218,70,180121
20945,2.4e-05,172.217.194.0-255,1484,1702,70,180121
20946,2.9e-05,172.31.40.0-255,66,1768,70,180121
20947,3.5e-05,172.217.194.0-255,2902,4670,70,180121
20948,4.6e-05,172.31.40.0-255,66,4736,70,180121
20949,5.5e-05,172.217.194.0-255,7156,11892,70,180121
20950,5.9e-05,172.31.40.0-255,66,11958,70,180121
20951,7.7e-05,172.217.194.0-255,4320,16278,70,180121
20952,7.9e-05,172.31.40.0-255,66,16344,70,180121
20953,0.000137,172.31.40.0-255,66,16410,70,180121
20954,0.000141,172.217.194.0-255,2543,18953,70,180121
20955,0.000144,172.31.40.0-255,66,19019,70,180121
20956,0.000148,172.217.194.0-255,2902,21921,70,180121
20957,0.00015,172.31.40.0-255,66,21987,70,180121
20958,0.000179,172.217.194.0-255,7156,29143,70,180121
20959,0.000181,172.31.40.0-255,66,29209,70,180121
20960,0.000225,172.31.40.0-255,66,29275,70,180121
20961,0.000233,172.217.194.0-255,8574,37849,70,180121
20962,0.000235,172.31.40.0-255,66,37915,70,180121
20963,0.000275,172.217.194.0-255,2866,40781,70,180121
20964,0.000277,172.31.40.0-255,66,40847,70,180121
20965,0.000381,172.217.194.0-255,1484,42331,70,180121
20966,0.000385,172.31.40.0-255,66,42397,70,180121
20967,0.00039,172.217.194.0-255,2902,45299,70,180121
20968,0.000392,172.31.40.0-255,66,45365,70,180121
20969,0.000396,172.217.194.0-255,1484,46849,70,180121
20970,0.000398,172.31.40.0-255,66,46915,70,180121
20971,0.000429,172.217.194.0-255,4320,51235,70,180121
20972,0.000436,172.31.40.0-255,66,51301,70,180121
20973,0.000449,172.31.40.0-255,66,51367,70,180121
20974,0.000461,172.31.40.0-255,66,51433,70,180121
20975,0.000464,172.217.194.0-255,1125,52558,70,180121
20976,0.001318,172.31.40.0-255,66,52624,70,180121
20977,0.002705,172.217.194.0-255,4320,56944,70,180121
20978,0.002712,172.31.40.0-255,66,57010,70,180121
20979,0.003533,172.217.194.0-255,1484,58494,70,180121
20980,0.004943,172.217.194.0-255,4320,62814,70,180121
20981,0.004946,172.31.40.0-255,66,62880,70,180121
20982,0.007193,172.217.194.0-255,5738,68618,70,180121
20983,0.0072,172.31.40.0-255,66,68684,70,180121
20984,0.009454,172.217.194.0-255,5738,74422,70,180121
20985,0.009461,172.31.40.0-255,66,74488,70,180121
20986,0.01171,172.217.194.0-255,5738,80226,70,180121
20987,0.011718,172.31.40.0-255,66,80292,70,180121
20988,0.013963,172.217.194.0-255,5738,86030,70,180121
20989,0.013971,172.31.40.0-255,66,86096,70,180121
20990,0.016255,172.217.194.0-255,5738,91834,70,180121
20991,0.016264,172.31.40.0-255,66,91900,70,180121
20992,0.0185,172.217.194.0-255,5738,97638,70,180121
20993,0.018509,172.31.40.0-255,66,97704,70,180121
20994,0.020809,172.217.194.0-255,5738,103442,70,180121
20995,0.020819,172.31.40.0-255,66,103508,70,180121
20996,0.023061,172.217.194.0-255,5738,109246,70,180121
20997,0.023068,172.31.40.0-255,66,109312,70,180121
20998,0.025312,172.217.194.0-255,5738,115050,70,180121
20999,0.025319,172.31.40.0-255,66,115116,70,180121
21000,0.027561,172.217.194.0-255,5738,120854,70,180121
21001,0.027569,172.31.40.0-255,66,120920,70,180121
21002,0.029819,172.217.194.0-255,5738,126658,70,180121
21003,0.029828,172.31.40.0-255,66,126724,70,180121
21004,0.032098,172.217.194.0-255,5738,132462,70,180121
21005,0.032108,172.31.40.0-255,66,132528,70,180121
21006,0.034339,172.217.194.0-255,5738,138266,70,180121
21007,0.034347,172.31.40.0-255,66,138332,70,180121
21008,0.036613,172.217.194.0-255,5738,144070,70,180121
21009,0.036622,172.31.40.0-255,66,144136,70,180121
21010,0.03888,172.217.194.0-255,5738,149874,70,180121
21011,0.038886,172.31.40.0-255,66,149940,70,180121
21012,0.039231,172.31.40.0-255,172,150112,70,180121
21013,0.03926,172.31.40.0-255,1118,151230,70,180121
21014,0.039378,172.31.40.0-255,1514,152744,70,180121
21015,0.03938,172.31.40.0-255,1514,154258,70,180121
21016,0.039385,172.31.40.0-255,1514,155772,70,180121
21017,0.039386,172.31.40.0-255,869,156641,70,180121
21018,0.040763,104.244.42.0-255,66,156707,70,180121
21019,0.040809,104.244.42.0-255,66,156773,70,180121
21020,0.040908,104.244.42.0-255,66,156839,70,180121
21021,0.040914,104.244.42.0-255,66,156905,70,180121
21022,0.041133,172.217.194.0-255,5738,162643,70,180121
21023,0.041139,172.31.40.0-255,66,162709,70,180121
21024,0.043394,172.217.194.0-255,5738,168447,70,180121
21025,0.043403,172.31.40.0-255,66,168513,70,180121
21026,0.045651,172.217.194.0-255,5738,174251,70,180121
21027,0.045657,172.31.40.0-255,66,174317,70,180121
21028,0.047922,172.217.194.0-255,5738,180055,70,180121
21029,0.047928,172.31.40.0-255,66,180121,70,180121
21030,0.0,172.217.194.0-255,146,146,70,272750
21031,2e-05,172.31.40.0-255,66,212,70,272750
21032,2.7e-05,172.217.194.0-255,1484,1696,70,272750
21033,3.1e-05,172.31.40.0-255,66,1762,70,272750
21034,4.4e-05,172.217.194.0-255,2902,4664,70,272750
21035,4.9e-05,172.31.40.0-255,66,4730,70,272750
21036,5.6e-05,172.217.194.0-255,7156,11886,70,272750
21037,6e-05,172.31.40.0-255,66,11952,70,272750
21038,0.000112,172.31.40.0-255,66,12018,70,272750
21039,0.000127,172.217.194.0-255,1484,13502,70,272750
21040,0.00013,172.31.40.0-255,66,13568,70,272750
21041,0.00016,172.217.194.0-255,5379,18947,70,272750
21042,0.000163,172.31.40.0-255,66,19013,70,272750
21043,0.000171,172.217.194.0-255,7156,26169,70,272750
21044,0.000173,172.31.40.0-255,66,26235,70,272750
21045,0.000177,172.217.194.0-255,2902,29137,70,272750
21046,0.000179,172.31.40.0-255,66,29203,70,272750
21047,0.000206,172.217.194.0-255,5379,34582,70,272750
21048,0.000209,172.31.40.0-255,66,34648,70,272750
21049,0.000674,172.217.194.0-255,1484,36132,70,272750
21050,0.000679,172.31.40.0-255,66,36198,70,272750
21051,0.000684,172.217.194.0-255,2902,39100,70,272750
21052,0.000686,172.31.40.0-255,66,39166,70,272750
21053,0.000693,172.217.194.0-255,5738,44904,70,272750
21054,0.000699,172.31.40.0-255,66,44970,70,272750
21055,0.000745,172.217.194.0-255,5738,50708,70,272750
21056,0.000748,172.31.40.0-255,66,50774,70,272750
21057,0.000772,172.217.194.0-255,1125,51899,70,272750
21058,0.000774,172.31.40.0-255,66,51965,70,272750
21059,0.001184,172.217.194.0-255,1484,53449,70,272750
21060,0.00119,172.31.40.0-255,66,53515,70,272750
21061,0.001199,172.217.194.0-255,2902,56417,70,272750
21062,0.001202,172.31.40.0-255,66,56483,70,272750
21063,0.001214,172.217.194.0-255,5738,62221,70,272750
21064,0.001216,172.31.40.0-255,66,62287,70,272750
21065,0.001262,172.217.194.0-255,7376,69663,70,272750
21066,0.001265,172.31.40.0-255,66,69729,70,272750
21067,0.001491,172.217.194.0-255,1484,71213,70,272750
21068,0.001499,172.217.194.0-255,2902,74115,70,272750
21069,0.001502,172.31.40.0-255,66,74181,70,272750
21070,0.001508,172.217.194.0-255,2902,77083,70,272750
21071,0.00151,172.31.40.0-255,66,77149,70,272750
21072,0.001535,172.217.194.0-255,1484,78633,70,272750
21073,0.001544,172.217.194.0-255,8574,87207,70,272750
21074,0.001553,172.31.40.0-255,66,87273,70,272750
21075,0.001588,172.31.40.0-255,66,87339,70,272750
21076,0.001607,172.217.194.0-255,4320,91659,70,272750
21077,0.001609,172.31.40.0-255,66,91725,70,272750
21078,0.001612,172.217.194.0-255,766,92491,70,272750
21079,0.001853,172.217.194.0-255,1484,93975,70,272750
21080,0.001859,172.31.40.0-255,66,94041,70,272750
21081,0.001865,172.217.194.0-255,2902,96943,70,272750
21082,0.001867,172.31.40.0-255,66,97009,70,272750
21083,0.001873,172.217.194.0-255,5738,102747,70,272750
21084,0.001875,172.31.40.0-255,66,102813,70,272750
21085,0.001922,172.31.40.0-255,66,102879,70,272750
21086,0.001931,172.217.194.0-255,9992,112871,70,272750
21087,0.001933,172.31.40.0-255,66,112937,70,272750
21088,0.00196,172.217.194.0-255,4320,117257,70,272750
21089,0.001962,172.31.40.0-255,66,117323,70,272750
21090,0.001989,172.31.40.0-255,66,117389,70,272750
21091,0.002024,172.217.194.0-255,5876,123265,70,272750
21092,0.002027,172.31.40.0-255,66,123331,70,272750
21093,0.002035,172.217.194.0-255,9274,132605,70,272750
21094,0.002037,172.31.40.0-255,66,132671,70,272750
21095,0.002192,172.217.194.0-255,1484,134155,70,272750
21096,0.002207,172.217.194.0-255,2902,137057,70,272750
21097,0.002209,172.31.40.0-255,66,137123,70,272750
21098,0.002214,172.217.194.0-255,2902,140025,70,272750
21099,0.002216,172.31.40.0-255,66,140091,70,272750
21100,0.002234,172.217.194.0-255,2902,142993,70,272750
21101,0.00224,172.31.40.0-255,66,143059,70,272750
21102,0.002246,172.217.194.0-255,7156,150215,70,272750
21103,0.002248,172.31.40.0-255,66,150281,70,272750
21104,0.002317,172.31.40.0-255,66,150347,70,272750
21105,0.002321,172.217.194.0-255,2184,152531,70,272750
21106,0.002323,172.31.40.0-255,66,152597,70,272750
21107,0.004566,172.217.194.0-255,4320,156917,70,272750
21108,0.004572,172.31.40.0-255,66,156983,70,272750
21109,0.004602,172.217.194.0-255,1484,158467,70,272750
21110,0.006835,172.217.194.0-255,4320,162787,70,272750
21111,0.006842,172.31.40.0-255,66,162853,70,272750
21112,0.009099,172.217.194.0-255,5738,168591,70,272750
21113,0.009106,172.31.40.0-255,66,168657,70,272750
21114,0.011383,172.217.194.0-255,5738,174395,70,272750
21115,0.011392,172.31.40.0-255,66,174461,70,272750
21116,0.013681,172.217.194.0-255,5738,180199,70,272750
21117,0.013689,172.31.40.0-255,66,180265,70,272750
21118,0.015954,172.217.194.0-255,5738,186003,70,272750
21119,0.015962,172.31.40.0-255,66,186069,70,272750
21120,0.018226,172.217.194.0-255,5738,191807,70,272750
21121,0.018235,172.31.40.0-255,66,191873,70,272750
21122,0.020511,172.217.194.0-255,5738,197611,70,272750
21123,0.02052,172.31.40.0-255,66,197677,70,272750
21124,0.022776,172.217.194.0-255,5738,203415,70,272750
21125,0.022787,172.31.40.0-255,66,203481,70,272750
21126,0.025057,172.217.194.0-255,5738,209219,70,272750
21127,0.025067,172.31.40.0-255,66,209285,70,272750
21128,0.027343,172.217.194.0-255,5738,215023,70,272750
21129,0.02735,172.31.40.0-255,66,215089,70,272750
21130,0.028751,172.31.40.0-255,172,215261,70,272750
21131,0.028797,172.31.40.0-255,1117,216378,70,272750
21132,0.028887,172.31.40.0-255,1514,217892,70,272750
21133,0.028889,172.31.40.0-255,1514,219406,70,272750
21134,0.028916,172.31.40.0-255,844,220250,70,272750
21135,0.029613,172.217.194.0-255,5738,225988,70,272750
21136,0.02962,172.31.40.0-255,66,226054,70,272750
21137,0.030283,104.244.42.0-255,66,226120,70,272750
21138,0.030332,104.244.42.0-255,66,226186,70,272750
21139,0.030416,104.244.42.0-255,66,226252,70,272750
21140,0.030444,104.244.42.0-255,66,226318,70,272750
21141,0.031884,172.217.194.0-255,5738,232056,70,272750
21142,0.031891,172.31.40.0-255,66,232122,70,272750
21143,0.034151,172.217.194.0-255,5738,237860,70,272750
21144,0.034158,172.31.40.0-255,66,237926,70,272750
21145,0.03642,172.217.194.0-255,5738,243664,70,272750
21146,0.036427,172.31.40.0-255,66,243730,70,272750
21147,0.038689,172.217.194.0-255,5738,249468,70,272750
21148,0.038697,172.31.40.0-255,66,249534,70,272750
21149,0.040955,172.217.194.0-255,5738,255272,70,272750
21150,0.040962,172.31.40.0-255,66,255338,70,272750
21151,0.04325,172.217.194.0-255,5738,261076,70,272750
21152,0.043257,172.31.40.0-255,66,261142,70,272750
21153,0.045531,172.217.194.0-255,5738,266880,70,272750
21154,0.045541,172.31.40.0-255,66,266946,70,272750
21155,0.047804,172.217.194.0-255,5738,272684,70,272750
21156,0.047811,172.31.40.0-255,66,272750,70,272750
21157,0.0,74.125.130.0-255,630,630,70,1131
21158,0.000215,74.125.130.0-255,97,727,70,1131
21159,0.003315,74.125.130.0-255,66,793,70,1131
21160,0.005885,172.31.40.0-255,97,890,70,1131
21161,0.006981,74.125.130.0-255,97,987,70,1131
21162,0.006989,172.31.40.0-255,78,1065,70,1131
21163,0.012306,74.125.130.0-255,66,1131,70,1131
21164,0.0,74.125.24.0-255,146,146,70,342664
21165,3e-05,172.31.40.0-255,66,212,70,342664
21166,3.6e-05,74.125.24.0-255,1484,1696,70,342664
21167,4e-05,172.31.40.0-255,66,1762,70,342664
21168,4.5e-05,74.125.24.0-255,2902,4664,70,342664
21169,5.5e-05,172.31.40.0-255,66,4730,70,342664
21170,5.9e-05,74.125.24.0-255,2902,7632,70,342664
21171,6.1e-05,172.31.40.0-255,66,7698,70,342664
21172,0.0001,74.125.24.0-255,1484,9182,70,342664
21173,0.000103,172.31.40.0-255,66,9248,70,342664
21174,0.00013,74.125.24.0-255,4977,14225,70,342664
21175,0.000134,172.31.40.0-255,66,14291,70,342664
21176,0.000161,74.125.24.0-255,2902,17193,70,342664
21177,0.000164,172.31.40.0-255,66,17259,70,342664
21178,0.000167,74.125.24.0-255,1484,18743,70,342664
21179,0.000169,172.31.40.0-255,66,18809,70,342664
21180,0.000199,74.125.24.0-255,2902,21711,70,342664
21181,0.000202,172.31.40.0-255,66,21777,70,342664
21182,0.000208,74.125.24.0-255,5738,27515,70,342664
21183,0.00021,172.31.40.0-255,66,27581,70,342664
21184,0.000243,74.125.24.0-255,2902,30483,70,342664
21185,0.000247,172.31.40.0-255,66,30549,70,342664
21186,0.000254,74.125.24.0-255,1125,31674,70,342664
21187,0.000256,172.31.40.0-255,66,31740,70,342664
21188,0.000276,74.125.24.0-255,1484,33224,70,342664
21189,0.000279,172.31.40.0-255,66,33290,70,342664
21190,0.000283,74.125.24.0-255,2902,36192,70,342664
21191,0.000287,172.31.40.0-255,66,36258,70,342664
21192,0.000288,74.125.24.0-255,5738,41996,70,342664
21193,0.000295,172.31.40.0-255,66,42062,70,342664
21194,0.000297,74.125.24.0-255,1484,43546,70,342664
21195,0.000299,172.31.40.0-255,66,43612,70,342664
21196,0.000328,74.125.24.0-255,5379,48991,70,342664
21197,0.00033,172.31.40.0-255,66,49057,70,342664
21198,0.000453,74.125.24.0-255,1484,50541,70,342664
21199,0.000456,172.31.40.0-255,66,50607,70,342664
21200,0.000461,74.125.24.0-255,2902,53509,70,342664
21201,0.000463,172.31.40.0-255,66,53575,70,342664
21202,0.000484,74.125.24.0-255,5738,59313,70,342664
21203,0.000491,172.31.40.0-255,66,59379,70,342664
21204,0.000529,74.125.24.0-255,2902,62281,70,342664
21205,0.000532,172.31.40.0-255,66,62347,70,342664
21206,0.000549,74.125.24.0-255,3961,66308,70,342664
21207,0.000551,172.31.40.0-255,66,66374,70,342664
21208,0.000573,74.125.24.0-255,7156,73530,70,342664
21209,0.000577,172.31.40.0-255,66,73596,70,342664
21210,0.000578,74.125.24.0-255,4320,77916,70,342664
21211,0.00058,172.31.40.0-255,66,77982,70,342664
21212,0.000625,74.125.24.0-255,2902,80884,70,342664
21213,0.000628,172.31.40.0-255,66,80950,70,342664
21214,0.000652,74.125.24.0-255,3125,84075,70,342664
21215,0.000655,172.31.40.0-255,66,84141,70,342664
21216,0.00086,74.125.24.0-255,1484,85625,70,342664
21217,0.000889,74.125.24.0-255,2902,88527,70,342664
21218,0.000892,172.31.40.0-255,66,88593,70,342664
21219,0.000918,74.125.24.0-255,2902,91495,70,342664
21220,0.00092,172.31.40.0-255,66,91561,70,342664
21221,0.000949,74.125.24.0-255,2902,94463,70,342664
21222,0.000951,172.31.40.0-255,66,94529,70,342664
21223,0.000975,74.125.24.0-255,1484,96013,70,342664
21224,0.000981,74.125.24.0-255,7156,103169,70,342664
21225,0.000984,74.125.24.0-255,2902,106071,70,342664
21226,0.000984,172.31.40.0-255,66,106137,70,342664
21227,0.000987,172.31.40.0-255,66,106203,70,342664
21228,0.001018,74.125.24.0-255,5738,111941,70,342664
21229,0.001021,172.31.40.0-255,66,112007,70,342664
21230,0.001028,74.125.24.0-255,5770,117777,70,342664
21231,0.001031,172.31.40.0-255,66,117843,70,342664
21232,0.00111,74.125.24.0-255,1484,119327,70,342664
21233,0.001128,74.125.24.0-255,2902,122229,70,342664
21234,0.001131,172.31.40.0-255,66,122295,70,342664
21235,0.001137,74.125.24.0-255,5738,128033,70,342664
21236,0.001153,172.31.40.0-255,66,128099,70,342664
21237,0.001156,74.125.24.0-255,1484,129583,70,342664
21238,0.001191,172.31.40.0-255,66,129649,70,342664
21239,0.001195,74.125.24.0-255,4320,133969,70,342664
21240,0.001197,172.31.40.0-255,66,134035,70,342664
21241,0.001231,74.125.24.0-255,4320,138355,70,342664
21242,0.001235,172.31.40.0-255,66,138421,70,342664
21243,0.001239,74.125.24.0-255,2318,140739,70,342664
21244,0.001242,172.31.40.0-255,66,140805,70,342664
21245,0.001445,74.125.24.0-255,1484,142289,70,342664
21246,0.001456,74.125.24.0-255,2902,145191,70,342664
21247,0.00146,172.31.40.0-255,66,145257,70,342664
21248,0.001464,74.125.24.0-255,2902,148159,70,342664
21249,0.001466,172.31.40.0-255,66,148225,70,342664
21250,0.001489,74.125.24.0-255,2902,151127,70,342664
21251,0.001492,172.31.40.0-255,66,151193,70,342664
21252,0.001504,74.125.24.0-255,9992,161185,70,342664
21253,0.001506,172.31.40.0-255,66,161251,70,342664
21254,0.00153,74.125.24.0-255,2902,164153,70,342664
21255,0.001532,172.31.40.0-255,66,164219,70,342664
21256,0.001546,74.125.24.0-255,8574,172793,70,342664
21257,0.001548,172.31.40.0-255,66,172859,70,342664
21258,0.001572,74.125.24.0-255,2184,175043,70,342664
21259,0.001575,172.31.40.0-255,66,175109,70,342664
21260,0.002381,74.125.24.0-255,1484,176593,70,342664
21261,0.00239,74.125.24.0-255,2902,179495,70,342664
21262,0.002395,172.31.40.0-255,66,179561,70,342664
21263,0.002403,74.125.24.0-255,5738,185299,70,342664
21264,0.002405,172.31.40.0-255,66,185365,70,342664
21265,0.002444,172.31.40.0-255,66,185431,70,342664
21266,0.002449,74.125.24.0-255,2902,188333,70,342664
21267,0.002451,172.31.40.0-255,66,188399,70,342664
21268,0.002486,74.125.24.0-255,5738,194137,70,342664
21269,0.002489,172.31.40.0-255,66,194203,70,342664
21270,0.002495,74.125.24.0-255,2184,196387,70,342664
21271,0.002497,172.31.40.0-255,66,196453,70,342664
21272,0.002743,74.125.24.0-255,1484,197937,70,342664
21273,0.002755,74.125.24.0-255,2902,200839,70,342664
21274,0.002758,172.31.40.0-255,66,200905,70,342664
21275,0.002763,74.125.24.0-255,4320,205225,70,342664
21276,0.002766,172.31.40.0-255,66,205291,70,342664
21277,0.002785,74.125.24.0-255,1484,206775,70,342664
21278,0.002792,74.125.24.0-255,7156,213931,70,342664
21279,0.002798,172.31.40.0-255,66,213997,70,342664
21280,0.002832,172.31.40.0-255,66,214063,70,342664
21281,0.002854,74.125.24.0-255,2902,216965,70,342664
21282,0.002856,172.31.40.0-255,66,217031,70,342664
21283,0.00286,74.125.24.0-255,2184,219215,70,342664
21284,0.002862,172.31.40.0-255,66,219281,70,342664
21285,0.003043,74.125.24.0-255,1484,220765,70,342664
21286,0.003049,74.125.24.0-255,2902,223667,70,342664
21287,0.003052,172.31.40.0-255,66,223733,70,342664
21288,0.003109,74.125.24.0-255,5738,229471,70,342664
21289,0.003113,172.31.40.0-255,66,229537,70,342664
21290,0.003119,74.125.24.0-255,7156,236693,70,342664
21291,0.003121,172.31.40.0-255,66,236759,70,342664
21292,0.003133,74.125.24.0-255,8574,245333,70,342664
21293,0.003136,172.31.40.0-255,66,245399,70,342664
21294,0.003143,74.125.24.0-255,7856,253255,70,342664
21295,0.003146,172.31.40.0-255,66,253321,70,342664
21296,0.003208,74.125.24.0-255,1484,254805,70,342664
21297,0.003222,74.125.24.0-255,2902,257707,70,342664
21298,0.003225,172.31.40.0-255,66,257773,70,342664
21299,0.003228,74.125.24.0-255,1484,259257,70,342664
21300,0.003252,74.125.24.0-255,5738,264995,70,342664
21301,0.003255,172.31.40.0-255,66,265061,70,342664
21302,0.003258,74.125.24.0-255,1484,266545,70,342664
21303,0.00326,74.125.24.0-255,1484,268029,70,342664
21304,0.003262,172.31.40.0-255,66,268095,70,342664
21305,0.003292,74.125.24.0-255,5738,273833,70,342664
21306,0.003295,172.31.40.0-255,66,273899,70,342664
21307,0.003322,74.125.24.0-255,4320,278219,70,342664
21308,0.003325,172.31.40.0-255,66,278285,70,342664
21309,0.003334,74.125.24.0-255,9274,287559,70,342664
21310,0.003336,172.31.40.0-255,66,287625,70,342664
21311,0.003398,74.125.24.0-255,1484,289109,70,342664
21312,0.003402,74.125.24.0-255,2902,292011,70,342664
21313,0.003405,172.31.40.0-255,66,292077,70,342664
21314,0.003435,74.125.24.0-255,5738,297815,70,342664
21315,0.003438,172.31.40.0-255,66,297881,70,342664
21316,0.003443,74.125.24.0-255,4320,302201,70,342664
21317,0.003445,172.31.40.0-255,66,302267,70,342664
21318,0.003486,172.31.40.0-255,66,302333,70,342664
21319,0.003489,74.125.24.0-255,2902,305235,70,342664
21320,0.003491,172.31.40.0-255,66,305301,70,342664
21321,0.003522,74.125.24.0-255,5020,310321,70,342664
21322,0.003524,172.31.40.0-255,66,310387,70,342664
21323,0.00355,74.125.24.0-255,5738,316125,70,342664
21324,0.003552,172.31.40.0-255,66,316191,70,342664
21325,0.003583,74.125.24.0-255,1484,317675,70,342664
21326,0.003586,74.125.24.0-255,1484,319159,70,342664
21327,0.003588,172.31.40.0-255,66,319225,70,342664
21328,0.003594,74.125.24.0-255,5738,324963,70,342664
21329,0.003596,172.31.40.0-255,66,325029,70,342664
21330,0.003601,74.125.24.0-255,5738,330767,70,342664
21331,0.003606,172.31.40.0-255,66,330833,70,342664
21332,0.003641,172.31.40.0-255,66,330899,70,342664
21333,0.003644,74.125.24.0-255,2184,333083,70,342664
21334,0.003646,172.31.40.0-255,66,333149,70,342664
21335,0.003648,74.125.24.0-255,1484,334633,70,342664
21336,0.003671,74.125.24.0-255,1484,336117,70,342664
21337,0.003673,172.31.40.0-255,66,336183,70,342664
21338,0.00368,74.125.24.0-255,1736,337919,70,342664
21339,0.003682,172.31.40.0-255,66,337985,70,342664
21340,0.003684,74.125.24.0-255,105,338090,70,342664
21341,0.010067,172.31.40.0-255,66,338156,70,342664
21342,0.010098,172.31.40.0-255,105,338261,70,342664
21343,0.012113,74.125.24.0-255,66,338327,70,342664
21344,0.044632,172.31.40.0-255,182,338509,70,342664
21345,0.04467,172.31.40.0-255,1119,339628,70,342664
21346,0.044721,172.31.40.0-255,1514,341142,70,342664
21347,0.044722,172.31.40.0-255,1324,342466,70,342664
21348,0.046186,104.244.42.0-255,66,342532,70,342664
21349,0.046366,104.244.42.0-255,66,342598,70,342664
21350,0.046371,104.244.42.0-255,66,342664,70,342664
21351,0.0,172.217.194.0-255,153,153,70,260947
21352,2.2e-05,172.31.40.0-255,66,219,70,260947
21353,2.9e-05,172.217.194.0-255,1484,1703,70,260947
21354,3.4e-05,172.31.40.0-255,66,1769,70,260947
21355,4e-05,172.217.194.0-255,2902,4671,70,260947
21356,5e-05,172.31.40.0-255,66,4737,70,260947
21357,5.8e-05,172.217.194.0-255,7156,11893,70,260947
21358,6e-05,172.31.40.0-255,66,11959,70,260947
21359,6.5e-05,172.217.194.0-255,2075,14034,70,260947
21360,6.8e-05,172.31.40.0-255,66,14100,70,260947
21361,0.000105,172.217.194.0-255,2902,17002,70,260947
21362,0.000109,172.31.40.0-255,66,17068,70,260947
21363,0.000116,172.217.194.0-255,7156,24224,70,260947
21364,0.000118,172.31.40.0-255,66,24290,70,260947
21365,0.000124,172.217.194.0-255,5738,30028,70,260947
21366,0.000126,172.31.40.0-255,66,30094,70,260947
21367,0.000163,172.217.194.0-255,1125,31219,70,260947
21368,0.000166,172.31.40.0-255,66,31285,70,260947
21369,0.000209,172.217.194.0-255,1484,32769,70,260947
21370,0.000212,172.31.40.0-255,66,32835,70,260947
21371,0.000232,172.217.194.0-255,2902,35737,70,260947
21372,0.000234,172.31.40.0-255,66,35803,70,260947
21373,0.000241,172.217.194.0-255,5738,41541,70,260947
21374,0.000243,172.31.40.0-255,66,41607,70,260947
21375,0.00028,172.31.40.0-255,66,41673,70,260947
21376,0.000289,172.217.194.0-255,8574,50247,70,260947
21377,0.000291,172.31.40.0-255,66,50313,70,260947
21378,0.00032,172.217.194.0-255,1125,51438,70,260947
21379,0.000322,172.217.194.0-255,646,52084,70,260947
21380,0.000326,172.31.40.0-255,66,52150,70,260947
21381,0.000329,172.31.40.0-255,66,52216,70,260947
21382,0.000478,172.217.194.0-255,1484,53700,70,260947
21383,0.000485,172.217.194.0-255,2902,56602,70,260947
21384,0.000489,172.31.40.0-255,66,56668,70,260947
21385,0.000496,172.217.194.0-255,5738,62406,70,260947
21386,0.000498,172.31.40.0-255,66,62472,70,260947
21387,0.000543,172.217.194.0-255,5738,68210,70,260947
21388,0.000547,172.31.40.0-255,66,68276,70,260947
21389,0.000574,172.217.194.0-255,576,68852,70,260947
21390,0.000582,172.217.194.0-255,7156,76008,70,260947
21391,0.000584,172.31.40.0-255,66,76074,70,260947
21392,0.000593,172.217.194.0-255,9633,85707,70,260947
21393,0.000596,172.31.40.0-255,66,85773,70,260947
21394,0.000634,172.217.194.0-255,9992,95765,70,260947
21395,0.000637,172.31.40.0-255,66,95831,70,260947
21396,0.000645,172.217.194.0-255,6797,102628,70,260947
21397,0.000648,172.31.40.0-255,66,102694,70,260947
21398,0.00082,172.217.194.0-255,1484,104178,70,260947
21399,0.000827,172.217.194.0-255,2902,107080,70,260947
21400,0.000831,172.31.40.0-255,66,107146,70,260947
21401,0.000835,172.217.194.0-255,1484,108630,70,260947
21402,0.000862,172.217.194.0-255,4320,112950,70,260947
21403,0.000865,172.31.40.0-255,66,113016,70,260947
21404,0.000898,172.217.194.0-255,6797,119813,70,260947
21405,0.000902,172.31.40.0-255,66,119879,70,260947
21406,0.000962,172.217.194.0-255,1484,121363,70,260947
21407,0.000968,172.217.194.0-255,2902,124265,70,260947
21408,0.000971,172.31.40.0-255,66,124331,70,260947
21409,0.000974,172.217.194.0-255,1484,125815,70,260947
21410,0.001004,172.217.194.0-255,4320,130135,70,260947
21411,0.001007,172.31.40.0-255,66,130201,70,260947
21412,0.001014,172.217.194.0-255,7156,137357,70,260947
21413,0.001017,172.31.40.0-255,66,137423,70,260947
21414,0.001024,172.217.194.0-255,7156,144579,70,260947
21415,0.001027,172.31.40.0-255,66,144645,70,260947
21416,0.001057,172.217.194.0-255,7156,151801,70,260947
21417,0.00106,172.31.40.0-255,66,151867,70,260947
21418,0.001075,172.31.40.0-255,66,151933,70,260947
21419,0.001131,172.31.40.0-255,66,151999,70,260947
21420,0.001157,172.217.194.0-255,4320,156319,70,260947
21421,0.00116,172.31.40.0-255,66,156385,70,260947
21422,0.001165,172.217.194.0-255,5020,161405,70,260947
21423,0.001168,172.31.40.0-255,66,161471,70,260947
21424,0.001174,172.217.194.0-255,5738,167209,70,260947
21425,0.001176,172.31.40.0-255,66,167275,70,260947
21426,0.001189,172.31.40.0-255,66,167341,70,260947
21427,0.001223,172.31.40.0-255,66,167407,70,260947
21428,0.00125,172.217.194.0-255,1484,168891,70,260947
21429,0.001254,172.217.194.0-255,2902,171793,70,260947
21430,0.001257,172.31.40.0-255,66,171859,70,260947
21431,0.00129,172.217.194.0-255,5738,177597,70,260947
21432,0.001293,172.31.40.0-255,66,177663,70,260947
21433,0.001296,172.217.194.0-255,1484,179147,70,260947
21434,0.001326,172.217.194.0-255,5379,184526,70,260947
21435,0.00133,172.31.40.0-255,66,184592,70,260947
21436,0.00137,172.217.194.0-255,1484,186076,70,260947
21437,0.001375,172.217.194.0-255,2902,188978,70,260947
21438,0.001378,172.31.40.0-255,66,189044,70,260947
21439,0.001383,172.217.194.0-255,2902,191946,70,260947
21440,0.001385,172.31.40.0-255,66,192012,70,260947
21441,0.001425,172.217.194.0-255,2902,194914,70,260947
21442,0.001429,172.31.40.0-255,66,194980,70,260947
21443,0.001438,172.217.194.0-255,8574,203554,70,260947
21444,0.00144,172.31.40.0-255,66,203620,70,260947
21445,0.001455,172.31.40.0-255,66,203686,70,260947
21446,0.001486,172.217.194.0-255,5020,208706,70,260947
21447,0.001489,172.31.40.0-255,66,208772,70,260947
21448,0.001504,172.31.40.0-255,66,208838,70,260947
21449,0.001514,172.217.194.0-255,9992,218830,70,260947
21450,0.001517,172.31.40.0-255,66,218896,70,260947
21451,0.001551,172.217.194.0-255,7856,226752,70,260947
21452,0.001555,172.31.40.0-255,66,226818,70,260947
21453,0.001569,172.31.40.0-255,66,226884,70,260947
21454,0.001606,172.217.194.0-255,1484,228368,70,260947
21455,0.001623,172.31.40.0-255,66,228434,70,260947
21456,0.001628,172.217.194.0-255,3602,232036,70,260947
21457,0.00163,172.31.40.0-255,66,232102,70,260947
21458,0.001635,172.217.194.0-255,4320,236422,70,260947
21459,0.001638,172.31.40.0-255,66,236488,70,260947
21460,0.001648,172.217.194.0-255,9992,246480,70,260947
21461,0.00165,172.31.40.0-255,66,246546,70,260947
21462,0.001658,172.217.194.0-255,8215,254761,70,260947
21463,0.001661,172.31.40.0-255,66,254827,70,260947
21464,0.001745,172.217.194.0-255,97,254924,70,260947
21465,0.001747,172.217.194.0-255,105,255029,70,260947
21466,0.001752,172.31.40.0-255,66,255095,70,260947
21467,0.012787,172.31.40.0-255,66,255161,70,260947
21468,0.012833,172.31.40.0-255,105,255266,70,260947
21469,0.013048,172.217.194.0-255,105,255371,70,260947
21470,0.013057,172.31.40.0-255,78,255449,70,260947
21471,0.015375,172.217.194.0-255,66,255515,70,260947
21472,0.03565,172.31.40.0-255,176,255691,70,260947
21473,0.035686,172.31.40.0-255,1118,256809,70,260947
21474,0.035748,172.31.40.0-255,1514,258323,70,260947
21475,0.03575,172.31.40.0-255,1514,259837,70,260947
21476,0.03578,172.31.40.0-255,846,260683,70,260947
21477,0.037183,104.244.42.0-255,66,260749,70,260947
21478,0.037195,104.244.42.0-255,66,260815,70,260947
21479,0.037271,104.244.42.0-255,66,260881,70,260947
21480,0.037275,104.244.42.0-255,66,260947,70,260947
21481,0.0,74.125.200.0-255,147,147,70,320133
21482,1.7e-05,172.31.40.0-255,66,213,70,320133
21483,2.4e-05,74.125.200.0-255,1484,1697,70,320133
21484,3e-05,172.31.40.0-255,66,1763,70,320133
21485,3.6e-05,74.125.200.0-255,2902,4665,70,320133
21486,4.8e-05,172.31.40.0-255,66,4731,70,320133
21487,5.6e-05,74.125.200.0-255,7156,11887,70,320133
21488,5.9e-05,172.31.40.0-255,66,11953,70,320133
21489,0.000114,74.125.200.0-255,6362,18315,70,320133
21490,0.000118,172.31.40.0-255,66,18381,70,320133
21491,0.000142,74.125.200.0-255,1484,19865,70,320133
21492,0.000144,172.31.40.0-255,66,19931,70,320133
21493,0.000173,74.125.200.0-255,5738,25669,70,320133
21494,0.000175,172.31.40.0-255,66,25735,70,320133
21495,0.000178,74.125.200.0-255,1484,27219,70,320133
21496,0.00018,172.31.40.0-255,66,27285,70,320133
21497,0.000223,172.31.40.0-255,66,27351,70,320133
21498,0.000231,74.125.200.0-255,7856,35207,70,320133
21499,0.000233,172.31.40.0-255,66,35273,70,320133
21500,0.000278,74.125.200.0-255,1484,36757,70,320133
21501,0.000281,172.31.40.0-255,66,36823,70,320133
21502,0.000307,74.125.200.0-255,1484,38307,70,320133
21503,0.000309,172.31.40.0-255,66,38373,70,320133
21504,0.000314,74.125.200.0-255,2902,41275,70,320133
21505,0.000316,172.31.40.0-255,66,41341,70,320133
21506,0.000322,74.125.200.0-255,5738,47079,70,320133
21507,0.000324,172.31.40.0-255,66,47145,70,320133
21508,0.000364,74.125.200.0-255,5723,52868,70,320133
21509,0.000367,172.31.40.0-255,66,52934,70,320133
21510,0.00052,74.125.200.0-255,1484,54418,70,320133
21511,0.000526,172.31.40.0-255,66,54484,70,320133
21512,0.000536,74.125.200.0-255,2902,57386,70,320133
21513,0.000539,172.31.40.0-255,66,57452,70,320133
21514,0.000547,74.125.200.0-255,2902,60354,70,320133
21515,0.000549,172.31.40.0-255,66,60420,70,320133
21516,0.000587,74.125.200.0-255,4320,64740,70,320133
21517,0.000591,172.31.40.0-255,66,64806,70,320133
21518,0.000599,74.125.200.0-255,8574,73380,70,320133
21519,0.000602,172.31.40.0-255,66,73446,70,320133
21520,0.00061,74.125.200.0-255,2902,76348,70,320133
21521,0.000613,172.31.40.0-255,66,76414,70,320133
21522,0.000653,74.125.200.0-255,5738,82152,70,320133
21523,0.000656,172.31.40.0-255,66,82218,70,320133
21524,0.000687,74.125.200.0-255,5020,87238,70,320133
21525,0.000691,172.31.40.0-255,66,87304,70,320133
21526,0.000699,74.125.200.0-255,7156,94460,70,320133
21527,0.000701,172.31.40.0-255,66,94526,70,320133
21528,0.000726,74.125.200.0-255,4320,98846,70,320133
21529,0.000729,172.31.40.0-255,66,98912,70,320133
21530,0.000737,74.125.200.0-255,7156,106068,70,320133
21531,0.000739,172.31.40.0-255,66,106134,70,320133
21532,0.000769,74.125.200.0-255,5738,111872,70,320133
21533,0.000772,172.31.40.0-255,66,111938,70,320133
21534,0.000781,74.125.200.0-255,9274,121212,70,320133
21535,0.000783,172.31.40.0-255,66,121278,70,320133
21536,0.000797,74.125.200.0-255,9992,131270,70,320133
21537,0.000799,172.31.40.0-255,66,131336,70,320133
21538,0.000805,74.125.200.0-255,5738,137074,70,320133
21539,0.000807,172.31.40.0-255,66,137140,70,320133
21540,0.000849,74.125.200.0-255,5738,142878,70,320133
21541,0.000851,172.31.40.0-255,66,142944,70,320133
21542,0.000883,74.125.200.0-255,1484,144428,70,320133
21543,0.000895,74.125.200.0-255,10692,155120,70,320133
21544,0.000897,172.31.40.0-255,66,155186,70,320133
21545,0.0009,74.125.200.0-255,342,155528,70,320133
21546,0.001248,74.125.200.0-255,1484,157012,70,320133
21547,0.001254,172.31.40.0-255,66,157078,70,320133
21548,0.001263,74.125.200.0-255,2902,159980,70,320133
21549,0.001265,172.31.40.0-255,66,160046,70,320133
21550,0.001296,74.125.200.0-255,5738,165784,70,320133
21551,0.001299,172.31.40.0-255,66,165850,70,320133
21552,0.001303,74.125.200.0-255,2902,168752,70,320133
21553,0.001305,172.31.40.0-255,66,168818,70,320133
21554,0.001342,74.125.200.0-255,9992,178810,70,320133
21555,0.001345,172.31.40.0-255,66,178876,70,320133
21556,0.001349,74.125.200.0-255,2902,181778,70,320133
21557,0.001351,172.31.40.0-255,66,181844,70,320133
21558,0.001356,74.125.200.0-255,4320,186164,70,320133
21559,0.001362,172.31.40.0-255,66,186230,70,320133
21560,0.00139,74.125.200.0-255,3602,189832,70,320133
21561,0.001404,172.31.40.0-255,66,189898,70,320133
21562,0.001542,74.125.200.0-255,1484,191382,70,320133
21563,0.001546,74.125.200.0-255,1484,192866,70,320133
21564,0.00155,172.31.40.0-255,66,192932,70,320133
21565,0.001574,74.125.200.0-255,1484,194416,70,320133
21566,0.00158,74.125.200.0-255,5738,200154,70,320133
21567,0.001582,172.31.40.0-255,66,200220,70,320133
21568,0.001587,74.125.200.0-255,4320,204540,70,320133
21569,0.001589,172.31.40.0-255,66,204606,70,320133
21570,0.001644,74.125.200.0-255,5738,210344,70,320133
21571,0.001647,172.31.40.0-255,66,210410,70,320133
21572,0.001666,172.31.40.0-255,66,210476,70,320133
21573,0.001701,172.31.40.0-255,66,210542,70,320133
21574,0.001706,74.125.200.0-255,4320,214862,70,320133
21575,0.001708,172.31.40.0-255,66,214928,70,320133
21576,0.001746,74.125.200.0-255,7156,222084,70,320133
21577,0.001749,172.31.40.0-255,66,222150,70,320133
21578,0.001789,172.31.40.0-255,66,222216,70,320133
21579,0.001792,74.125.200.0-255,766,222982,70,320133
21580,0.001821,74.125.200.0-255,9992,232974,70,320133
21581,0.001824,172.31.40.0-255,66,233040,70,320133
21582,0.00186,74.125.200.0-255,7156,240196,70,320133
21583,0.001863,172.31.40.0-255,66,240262,70,320133
21584,0.001875,74.125.200.0-255,1484,241746,70,320133
21585,0.001887,74.125.200.0-255,8574,250320,70,320133
21586,0.00189,172.31.40.0-255,66,250386,70,320133
21587,0.001914,74.125.200.0-255,1484,251870,70,320133
21588,0.00192,74.125.200.0-255,5020,256890,70,320133
21589,0.001923,172.31.40.0-255,66,256956,70,320133
21590,0.001948,74.125.200.0-255,5738,262694,70,320133
21591,0.001951,172.31.40.0-255,66,262760,70,320133
21592,0.001956,74.125.200.0-255,4320,267080,70,320133
21593,0.001959,172.31.40.0-255,66,267146,70,320133
21594,0.001963,74.125.200.0-255,2902,270048,70,320133
21595,0.001969,172.31.40.0-255,66,270114,70,320133
21596,0.002001,74.125.200.0-255,2902,273016,70,320133
21597,0.002004,172.31.40.0-255,66,273082,70,320133
21598,0.002021,172.31.40.0-255,66,273148,70,320133
21599,0.002025,74.125.200.0-255,4320,277468,70,320133
21600,0.002028,172.31.40.0-255,66,277534,70,320133
21601,0.00212,74.125.200.0-255,4320,281854,70,320133
21602,0.002123,172.31.40.0-255,66,281920,70,320133
21603,0.002163,172.31.40.0-255,66,281986,70,320133
21604,0.002183,172.31.40.0-255,66,282052,70,320133
21605,0.002187,74.125.200.0-255,2184,284236,70,320133
21606,0.002189,172.31.40.0-255,66,284302,70,320133
21607,0.004467,74.125.200.0-255,5738,290040,70,320133
21608,0.004475,172.31.40.0-255,66,290106,70,320133
21609,0.006818,74.125.200.0-255,2902,293008,70,320133
21610,0.006821,172.31.40.0-255,66,293074,70,320133
21611,0.006847,74.125.200.0-255,2902,295976,70,320133
21612,0.006849,172.31.40.0-255,66,296042,70,320133
21613,0.009123,74.125.200.0-255,2902,298944,70,320133
21614,0.009132,172.31.40.0-255,66,299010,70,320133
21615,0.009164,74.125.200.0-255,2902,301912,70,320133
21616,0.009167,172.31.40.0-255,66,301978,70,320133
21617,0.011459,74.125.200.0-255,5738,307716,70,320133
21618,0.011472,172.31.40.0-255,66,307782,70,320133
21619,0.013798,74.125.200.0-255,3868,311650,70,320133
21620,0.013817,172.31.40.0-255,66,311716,70,320133
21621,0.019455,172.31.40.0-255,105,311821,70,320133
21622,0.021733,74.125.200.0-255,66,311887,70,320133
21623,0.045662,172.31.40.0-255,172,312059,70,320133
21624,0.0457,172.31.40.0-255,1118,313177,70,320133
21625,0.045768,172.31.40.0-255,1514,314691,70,320133
21626,0.04577,172.31.40.0-255,1514,316205,70,320133
21627,0.045775,172.31.40.0-255,1514,317719,70,320133
21628,0.045776,172.31.40.0-255,1514,319233,70,320133
21629,0.045796,172.31.40.0-255,636,319869,70,320133
21630,0.047208,104.244.42.0-255,66,319935,70,320133
21631,0.04724,104.244.42.0-255,66,320001,70,320133
21632,0.047312,104.244.42.0-255,66,320067,70,320133
21633,0.047326,104.244.42.0-255,66,320133,70,320133
21634,0.0,172.217.194.0-255,153,153,70,321637
21635,2.4e-05,172.31.40.0-255,66,219,70,321637
21636,3.1e-05,172.217.194.0-255,1484,1703,70,321637
21637,3.6e-05,172.31.40.0-255,66,1769,70,321637
21638,4.2e-05,172.217.194.0-255,2902,4671,70,321637
21639,4.5e-05,172.31.40.0-255,66,4737,70,321637
21640,5.3e-05,172.217.194.0-255,7156,11893,70,321637
21641,5.6e-05,172.31.40.0-255,66,11959,70,321637
21642,5.9e-05,172.217.194.0-255,1484,13443,70,321637
21643,6.2e-05,172.31.40.0-255,66,13509,70,321637
21644,8.9e-05,172.217.194.0-255,3439,16948,70,321637
21645,9.2e-05,172.31.40.0-255,66,17014,70,321637
21646,9.9e-05,172.217.194.0-255,5738,22752,70,321637
21647,0.000101,172.31.40.0-255,66,22818,70,321637
21648,0.000134,172.217.194.0-255,8215,31033,70,321637
21649,0.000137,172.31.40.0-255,66,31099,70,321637
21650,0.000156,172.217.194.0-255,1484,32583,70,321637
21651,0.000158,172.31.40.0-255,66,32649,70,321637
21652,0.000183,172.217.194.0-255,7156,39805,70,321637
21653,0.000186,172.31.40.0-255,66,39871,70,321637
21654,0.000193,172.217.194.0-255,5738,45609,70,321637
21655,0.000195,172.31.40.0-255,66,45675,70,321637
21656,0.000211,172.217.194.0-255,3961,49636,70,321637
21657,0.000214,172.31.40.0-255,66,49702,70,321637
21658,0.000221,172.217.194.0-255,7156,56858,70,321637
21659,0.000224,172.31.40.0-255,66,56924,70,321637
21660,0.000253,172.217.194.0-255,8490,65414,70,321637
21661,0.000269,172.31.40.0-255,66,65480,70,321637
21662,0.000272,172.217.194.0-255,118,65598,70,321637
21663,0.000275,172.31.40.0-255,66,65664,70,321637
21664,0.000304,172.217.194.0-255,381,66045,70,321637
21665,0.000308,172.31.40.0-255,66,66111,70,321637
21666,0.000633,172.217.194.0-255,1484,67595,70,321637
21667,0.000641,172.217.194.0-255,2902,70497,70,321637
21668,0.000646,172.31.40.0-255,66,70563,70,321637
21669,0.000652,172.217.194.0-255,4320,74883,70,321637
21670,0.000655,172.31.40.0-255,66,74949,70,321637
21671,0.000668,172.217.194.0-255,1484,76433,70,321637
21672,0.000677,172.217.194.0-255,8574,85007,70,321637
21673,0.000679,172.31.40.0-255,66,85073,70,321637
21674,0.000736,172.31.40.0-255,66,85139,70,321637
21675,0.000753,172.217.194.0-255,2184,87323,70,321637
21676,0.000755,172.31.40.0-255,66,87389,70,321637
21677,0.000974,172.217.194.0-255,1484,88873,70,321637
21678,0.00098,172.217.194.0-255,2902,91775,70,321637
21679,0.000983,172.31.40.0-255,66,91841,70,321637
21680,0.001006,172.217.194.0-255,5738,97579,70,321637
21681,0.001009,172.31.40.0-255,66,97645,70,321637
21682,0.001013,172.217.194.0-255,2902,100547,70,321637
21683,0.001015,172.31.40.0-255,66,100613,70,321637
21684,0.001039,172.217.194.0-255,9992,110605,70,321637
21685,0.001041,172.31.40.0-255,66,110671,70,321637
21686,0.001051,172.217.194.0-255,9992,120663,70,321637
21687,0.001053,172.31.40.0-255,66,120729,70,321637
21688,0.001068,172.217.194.0-255,766,121495,70,321637
21689,0.001201,172.217.194.0-255,1484,122979,70,321637
21690,0.001205,172.31.40.0-255,66,123045,70,321637
21691,0.001211,172.217.194.0-255,2902,125947,70,321637
21692,0.001213,172.31.40.0-255,66,126013,70,321637
21693,0.001216,172.217.194.0-255,1484,127497,70,321637
21694,0.001241,172.217.194.0-255,4320,131817,70,321637
21695,0.001244,172.31.40.0-255,66,131883,70,321637
21696,0.001251,172.217.194.0-255,5738,137621,70,321637
21697,0.001254,172.31.40.0-255,66,137687,70,321637
21698,0.001258,172.217.194.0-255,2902,140589,70,321637
21699,0.00126,172.31.40.0-255,66,140655,70,321637
21700,0.001305,172.217.194.0-255,9992,150647,70,321637
21701,0.001309,172.31.40.0-255,66,150713,70,321637
21702,0.001315,172.217.194.0-255,5020,155733,70,321637
21703,0.001318,172.31.40.0-255,66,155799,70,321637
21704,0.001381,172.217.194.0-255,1484,157283,70,321637
21705,0.001386,172.217.194.0-255,2902,160185,70,321637
21706,0.001389,172.31.40.0-255,66,160251,70,321637
21707,0.001397,172.217.194.0-255,5738,165989,70,321637
21708,0.001399,172.31.40.0-255,66,166055,70,321637
21709,0.001439,172.31.40.0-255,66,166121,70,321637
21710,0.001449,172.217.194.0-255,8574,174695,70,321637
21711,0.001451,172.31.40.0-255,66,174761,70,321637
21712,0.001474,172.217.194.0-255,2184,176945,70,321637
21713,0.001476,172.31.40.0-255,66,177011,70,321637
21714,0.003501,172.217.194.0-255,2902,179913,70,321637
21715,0.003509,172.31.40.0-255,66,179979,70,321637
21716,0.003549,172.217.194.0-255,2902,182881,70,321637
21717,0.003552,172.31.40.0-255,66,182947,70,321637
21718,0.005536,172.217.194.0-255,2902,185849,70,321637
21719,0.00554,172.31.40.0-255,66,185915,70,321637
21720,0.005583,172.217.194.0-255,2902,188817,70,321637
21721,0.005586,172.31.40.0-255,66,188883,70,321637
21722,0.00756,172.217.194.0-255,2902,191785,70,321637
21723,0.007567,172.31.40.0-255,66,191851,70,321637
21724,0.007602,172.217.194.0-255,2902,194753,70,321637
21725,0.007605,172.31.40.0-255,66,194819,70,321637
21726,0.009595,172.217.194.0-255,2902,197721,70,321637
21727,0.009602,172.31.40.0-255,66,197787,70,321637
21728,0.009627,172.217.194.0-255,2902,200689,70,321637
21729,0.009631,172.31.40.0-255,66,200755,70,321637
21730,0.011631,172.217.194.0-255,2902,203657,70,321637
21731,0.011641,172.31.40.0-255,66,203723,70,321637
21732,0.011665,172.217.194.0-255,2902,206625,70,321637
21733,0.011668,172.31.40.0-255,66,206691,70,321637
21734,0.013699,172.217.194.0-255,5738,212429,70,321637
21735,0.013707,172.31.40.0-255,66,212495,70,321637
21736,0.015753,172.217.194.0-255,5738,218233,70,321637
21737,0.015761,172.31.40.0-255,66,218299,70,321637
21738,0.017813,172.217.194.0-255,5738,224037,70,321637
21739,0.017821,172.31.40.0-255,66,224103,70,321637
21740,0.019845,172.217.194.0-255,5738,229841,70,321637
21741,0.019852,172.31.40.0-255,66,229907,70,321637
21742,0.021885,172.217.194.0-255,5738,235645,70,321637
21743,0.021894,172.31.40.0-255,66,235711,70,321637
21744,0.023941,172.217.194.0-255,5738,241449,70,321637
21745,0.02395,172.31.40.0-255,66,241515,70,321637
21746,0.025981,172.217.194.0-255,5738,247253,70,321637
21747,0.025988,172.31.40.0-255,66,247319,70,321637
21748,0.028016,172.217.194.0-255,5738,253057,70,321637
21749,0.028023,172.31.40.0-255,66,253123,70,321637
21750,0.028101,172.31.40.0-255,172,253295,70,321637
21751,0.028139,172.31.40.0-255,1117,254412,70,321637
21752,0.02828,172.31.40.0-255,1514,255926,70,321637
21753,0.028282,172.31.40.0-255,1514,257440,70,321637
21754,0.028287,172.31.40.0-255,1514,258954,70,321637
21755,0.028288,172.31.40.0-255,1514,260468,70,321637
21756,0.028309,172.31.40.0-255,1514,261982,70,321637
21757,0.028315,172.31.40.0-255,1069,263051,70,321637
21758,0.029577,104.244.42.0-255,66,263117,70,321637
21759,0.02962,104.244.42.0-255,66,263183,70,321637
21760,0.029806,104.244.42.0-255,66,263249,70,321637
21761,0.029814,104.244.42.0-255,66,263315,70,321637
21762,0.030061,172.217.194.0-255,5738,269053,70,321637
21763,0.030067,172.31.40.0-255,66,269119,70,321637
21764,0.030349,104.244.42.0-255,108,269227,70,321637
21765,0.030359,172.31.40.0-255,66,269293,70,321637
21766,0.032125,172.217.194.0-255,5738,275031,70,321637
21767,0.032132,172.31.40.0-255,66,275097,70,321637
21768,0.034193,172.217.194.0-255,5738,280835,70,321637
21769,0.034201,172.31.40.0-255,66,280901,70,321637
21770,0.036305,172.217.194.0-255,5738,286639,70,321637
21771,0.036315,172.31.40.0-255,66,286705,70,321637
21772,0.038366,172.217.194.0-255,5738,292443,70,321637
21773,0.038377,172.31.40.0-255,66,292509,70,321637
21774,0.040422,172.217.194.0-255,5738,298247,70,321637
21775,0.040433,172.31.40.0-255,66,298313,70,321637
21776,0.042413,172.31.40.0-255,108,298421,70,321637
21777,0.042485,172.217.194.0-255,5738,304159,70,321637
21778,0.042491,172.31.40.0-255,66,304225,70,321637
21779,0.044532,172.217.194.0-255,5738,309963,70,321637
21780,0.044541,172.31.40.0-255,66,310029,70,321637
21781,0.046573,172.217.194.0-255,5738,315767,70,321637
21782,0.046581,172.31.40.0-255,66,315833,70,321637
21783,0.048623,172.217.194.0-255,5738,321571,70,321637
21784,0.048628,172.31.40.0-255,66,321637,70,321637
21785,0.0,172.217.194.0-255,153,153,70,305622
21786,2.5e-05,172.31.40.0-255,66,219,70,305622
21787,3.3e-05,172.217.194.0-255,1484,1703,70,305622
21788,3.7e-05,172.31.40.0-255,66,1769,70,305622
21789,5.3e-05,172.217.194.0-255,2902,4671,70,305622
21790,5.8e-05,172.31.40.0-255,66,4737,70,305622
21791,6.4e-05,172.217.194.0-255,4320,9057,70,305622
21792,7.7e-05,172.31.40.0-255,66,9123,70,305622
21793,8.9e-05,172.217.194.0-255,4981,14104,70,305622
21794,9.2e-05,172.31.40.0-255,66,14170,70,305622
21795,0.000122,172.217.194.0-255,5738,19908,70,305622
21796,0.000125,172.31.40.0-255,66,19974,70,305622
21797,0.000133,172.217.194.0-255,7156,27130,70,305622
21798,0.000136,172.31.40.0-255,66,27196,70,305622
21799,0.000188,172.217.194.0-255,9633,36829,70,305622
21800,0.000192,172.31.40.0-255,66,36895,70,305622
21801,0.000202,172.217.194.0-255,9992,46887,70,305622
21802,0.000204,172.31.40.0-255,66,46953,70,305622
21803,0.000242,172.217.194.0-255,1125,48078,70,305622
21804,0.000245,172.31.40.0-255,66,48144,70,305622
21805,0.000269,172.217.194.0-255,1484,49628,70,305622
21806,0.000272,172.31.40.0-255,66,49694,70,305622
21807,0.000277,172.217.194.0-255,2902,52596,70,305622
21808,0.000279,172.31.40.0-255,66,52662,70,305622
21809,0.000306,172.217.194.0-255,1484,54146,70,305622
21810,0.000308,172.31.40.0-255,66,54212,70,305622
21811,0.000318,172.217.194.0-255,9992,64204,70,305622
21812,0.000324,172.31.40.0-255,66,64270,70,305622
21813,0.000327,172.217.194.0-255,1125,65395,70,305622
21814,0.00033,172.31.40.0-255,66,65461,70,305622
21815,0.000354,172.217.194.0-255,647,66108,70,305622
21816,0.000358,172.31.40.0-255,66,66174,70,305622
21817,0.000479,172.217.194.0-255,1484,67658,70,305622
21818,0.000486,172.217.194.0-255,2902,70560,70,305622
21819,0.000489,172.31.40.0-255,66,70626,70,305622
21820,0.000519,172.217.194.0-255,5738,76364,70,305622
21821,0.000522,172.31.40.0-255,66,76430,70,305622
21822,0.00053,172.217.194.0-255,6797,83227,70,305622
21823,0.000532,172.31.40.0-255,66,83293,70,305622
21824,0.00059,172.217.194.0-255,4320,87613,70,305622
21825,0.000593,172.31.40.0-255,66,87679,70,305622
21826,0.000626,172.217.194.0-255,9992,97671,70,305622
21827,0.000629,172.31.40.0-255,66,97737,70,305622
21828,0.000632,172.217.194.0-255,1484,99221,70,305622
21829,0.000634,172.217.194.0-255,1125,100346,70,305622
21830,0.000636,172.31.40.0-255,66,100412,70,305622
21831,0.00144,172.217.194.0-255,1484,101896,70,305622
21832,0.001446,172.217.194.0-255,2902,104798,70,305622
21833,0.00145,172.31.40.0-255,66,104864,70,305622
21834,0.001471,172.217.194.0-255,4320,109184,70,305622
21835,0.001473,172.31.40.0-255,66,109250,70,305622
21836,0.001499,172.217.194.0-255,1484,110734,70,305622
21837,0.001513,172.31.40.0-255,66,110800,70,305622
21838,0.00155,172.217.194.0-255,8574,119374,70,305622
21839,0.001553,172.31.40.0-255,66,119440,70,305622
21840,0.001583,172.217.194.0-255,5020,124460,70,305622
21841,0.001586,172.31.40.0-255,66,124526,70,305622
21842,0.001603,172.31.40.0-255,66,124592,70,305622
21843,0.001606,172.217.194.0-255,1484,126076,70,305622
21844,0.001651,172.31.40.0-255,66,126142,70,305622
21845,0.001654,172.217.194.0-255,1484,127626,70,305622
21846,0.001658,172.217.194.0-255,2902,130528,70,305622
21847,0.00166,172.31.40.0-255,66,130594,70,305622
21848,0.001671,172.217.194.0-255,5738,136332,70,305622
21849,0.001673,172.31.40.0-255,66,136398,70,305622
21850,0.001741,172.31.40.0-255,66,136464,70,305622
21851,0.00175,172.217.194.0-255,9992,146456,70,305622
21852,0.001756,172.31.40.0-255,66,146522,70,305622
21853,0.001759,172.217.194.0-255,766,147288,70,305622
21854,0.001942,172.217.194.0-255,1484,148772,70,305622
21855,0.001948,172.31.40.0-255,66,148838,70,305622
21856,0.001953,172.217.194.0-255,2902,151740,70,305622
21857,0.001955,172.31.40.0-255,66,151806,70,305622
21858,0.00196,172.217.194.0-255,4320,156126,70,305622
21859,0.001967,172.31.40.0-255,66,156192,70,305622
21860,0.001999,172.217.194.0-255,1484,157676,70,305622
21861,0.002021,172.217.194.0-255,10692,168368,70,305622
21862,0.002027,172.31.40.0-255,66,168434,70,305622
21863,0.002029,172.31.40.0-255,66,168500,70,305622
21864,0.002053,172.217.194.0-255,2902,171402,70,305622
21865,0.002056,172.31.40.0-255,66,171468,70,305622
21866,0.002131,172.31.40.0-255,66,171534,70,305622
21867,0.002139,172.217.194.0-255,7856,179390,70,305622
21868,0.002142,172.31.40.0-255,66,179456,70,305622
21869,0.002195,172.217.194.0-255,1484,180940,70,305622
21870,0.0022,172.217.194.0-255,2902,183842,70,305622
21871,0.002203,172.31.40.0-255,66,183908,70,305622
21872,0.002209,172.217.194.0-255,4320,188228,70,305622
21873,0.002212,172.31.40.0-255,66,188294,70,305622
21874,0.002239,172.217.194.0-255,1484,189778,70,305622
21875,0.002248,172.217.194.0-255,9992,199770,70,305622
21876,0.002251,172.31.40.0-255,66,199836,70,305622
21877,0.002279,172.217.194.0-255,5738,205574,70,305622
21878,0.002282,172.31.40.0-255,66,205640,70,305622
21879,0.002317,172.217.194.0-255,7856,213496,70,305622
21880,0.00232,172.31.40.0-255,66,213562,70,305622
21881,0.002453,172.217.194.0-255,1484,215046,70,305622
21882,0.002458,172.217.194.0-255,2902,217948,70,305622
21883,0.002462,172.31.40.0-255,66,218014,70,305622
21884,0.002466,172.217.194.0-255,1484,219498,70,305622
21885,0.002494,172.217.194.0-255,4320,223818,70,305622
21886,0.002497,172.31.40.0-255,66,223884,70,305622
21887,0.002504,172.217.194.0-255,7156,231040,70,305622
21888,0.002506,172.31.40.0-255,66,231106,70,305622
21889,0.004991,172.217.194.0-255,5738,236844,70,305622
21890,0.005013,172.31.40.0-255,66,236910,70,305622
21891,0.007526,172.217.194.0-255,5738,242648,70,305622
21892,0.007544,172.31.40.0-255,66,242714,70,305622
21893,0.008958,172.31.40.0-255,101,242815,70,305622
21894,0.010024,172.217.194.0-255,5738,248553,70,305622
21895,0.010037,172.31.40.0-255,66,248619,70,305622
21896,0.011412,172.217.194.0-255,66,248685,70,305622
21897,0.012524,172.217.194.0-255,5738,254423,70,305622
21898,0.012538,172.31.40.0-255,66,254489,70,305622
21899,0.015017,172.217.194.0-255,5738,260227,70,305622
21900,0.015035,172.31.40.0-255,66,260293,70,305622
21901,0.017478,172.217.194.0-255,5738,266031,70,305622
21902,0.017482,172.31.40.0-255,66,266097,70,305622
21903,0.019986,172.217.194.0-255,5738,271835,70,305622
21904,0.020006,172.31.40.0-255,66,271901,70,305622
21905,0.022495,172.217.194.0-255,5738,277639,70,305622
21906,0.022509,172.31.40.0-255,66,277705,70,305622
21907,0.024984,172.217.194.0-255,5738,283443,70,305622
21908,0.024998,172.31.40.0-255,66,283509,70,305622
21909,0.027511,172.217.194.0-255,5738,289247,70,305622
21910,0.02753,172.31.40.0-255,66,289313,70,305622
21911,0.029988,172.217.194.0-255,5738,295051,70,305622
21912,0.030004,172.31.40.0-255,66,295117,70,305622
21913,0.032459,172.217.194.0-255,5738,300855,70,305622
21914,0.032475,172.31.40.0-255,66,300921,70,305622
21915,0.034955,172.217.194.0-255,4464,305385,70,305622
21916,0.034975,172.31.40.0-255,66,305451,70,305622
21917,0.035286,172.31.40.0-255,105,305556,70,305622
21918,0.041904,172.217.194.0-255,66,305622,70,305622
21919,0.0,172.217.194.0-255,152,152,70,388103
21920,2.4e-05,172.31.40.0-255,66,218,70,388103
21921,3.2e-05,172.217.194.0-255,1484,1702,70,388103
21922,3.7e-05,172.31.40.0-255,66,1768,70,388103
21923,4.4e-05,172.217.194.0-255,2902,4670,70,388103
21924,4.7e-05,172.31.40.0-255,66,4736,70,388103
21925,5.6e-05,172.217.194.0-255,7156,11892,70,388103
21926,5.9e-05,172.31.40.0-255,66,11958,70,388103
21927,9e-05,172.217.194.0-255,1983,13941,70,388103
21928,9.3e-05,172.31.40.0-255,66,14007,70,388103
21929,9.7e-05,172.217.194.0-255,2902,16909,70,388103
21930,0.0001,172.31.40.0-255,66,16975,70,388103
21931,0.000108,172.217.194.0-255,7156,24131,70,388103
21932,0.00011,172.31.40.0-255,66,24197,70,388103
21933,0.000113,172.217.194.0-255,1484,25681,70,388103
21934,0.000115,172.31.40.0-255,66,25747,70,388103
21935,0.000145,172.217.194.0-255,2902,28649,70,388103
21936,0.000147,172.31.40.0-255,66,28715,70,388103
21937,0.00019,172.217.194.0-255,2543,31258,70,388103
21938,0.000194,172.31.40.0-255,66,31324,70,388103
21939,0.000238,172.217.194.0-255,1484,32808,70,388103
21940,0.00024,172.31.40.0-255,66,32874,70,388103
21941,0.000262,172.217.194.0-255,2902,35776,70,388103
21942,0.000265,172.31.40.0-255,66,35842,70,388103
21943,0.000271,172.217.194.0-255,5738,41580,70,388103
21944,0.000274,172.31.40.0-255,66,41646,70,388103
21945,0.000293,172.217.194.0-255,6797,48443,70,388103
21946,0.000295,172.31.40.0-255,66,48509,70,388103
21947,0.00032,172.217.194.0-255,7156,55665,70,388103
21948,0.000322,172.31.40.0-255,66,55731,70,388103
21949,0.000354,172.217.194.0-255,7156,62887,70,388103
21950,0.000357,172.31.40.0-255,66,62953,70,388103
21951,0.000361,172.217.194.0-255,2543,65496,70,388103
21952,0.000363,172.31.40.0-255,66,65562,70,388103
21953,0.000374,172.217.194.0-255,647,66209,70,388103
21954,0.000456,172.217.194.0-255,1484,67693,70,388103
21955,0.000459,172.31.40.0-255,66,67759,70,388103
21956,0.000465,172.217.194.0-255,2902,70661,70,388103
21957,0.000467,172.31.40.0-255,66,70727,70,388103
21958,0.000472,172.217.194.0-255,2902,73629,70,388103
21959,0.000474,172.31.40.0-255,66,73695,70,388103
21960,0.000497,172.217.194.0-255,2902,76597,70,388103
21961,0.0005,172.31.40.0-255,66,76663,70,388103
21962,0.000508,172.217.194.0-255,6797,83460,70,388103
21963,0.00051,172.31.40.0-255,66,83526,70,388103
21964,0.000514,172.217.194.0-255,2902,86428,70,388103
21965,0.000516,172.31.40.0-255,66,86494,70,388103
21966,0.000534,172.217.194.0-255,4320,90814,70,388103
21967,0.000536,172.31.40.0-255,66,90880,70,388103
21968,0.000539,172.217.194.0-255,1484,92364,70,388103
21969,0.000584,172.217.194.0-255,7665,100029,70,388103
21970,0.000588,172.31.40.0-255,66,100095,70,388103
21971,0.000771,172.217.194.0-255,1484,101579,70,388103
21972,0.00079,172.217.194.0-255,2902,104481,70,388103
21973,0.000793,172.31.40.0-255,66,104547,70,388103
21974,0.000801,172.217.194.0-255,5738,110285,70,388103
21975,0.000804,172.31.40.0-255,66,110351,70,388103
21976,0.000828,172.217.194.0-255,4320,114671,70,388103
21977,0.000831,172.31.40.0-255,66,114737,70,388103
21978,0.000857,172.217.194.0-255,8574,123311,70,388103
21979,0.00086,172.31.40.0-255,66,123377,70,388103
21980,0.000867,172.217.194.0-255,7156,130533,70,388103
21981,0.00087,172.31.40.0-255,66,130599,70,388103
21982,0.000927,172.217.194.0-255,3602,134201,70,388103
21983,0.00093,172.31.40.0-255,66,134267,70,388103
21984,0.001005,172.217.194.0-255,1484,135751,70,388103
21985,0.001011,172.217.194.0-255,2902,138653,70,388103
21986,0.001014,172.31.40.0-255,66,138719,70,388103
21987,0.001036,172.217.194.0-255,5738,144457,70,388103
21988,0.001039,172.31.40.0-255,66,144523,70,388103
21989,0.001044,172.217.194.0-255,4320,148843,70,388103
21990,0.001047,172.31.40.0-255,66,148909,70,388103
21991,0.001059,172.217.194.0-255,2902,151811,70,388103
21992,0.001063,172.31.40.0-255,66,151877,70,388103
21993,0.001093,172.217.194.0-255,8574,160451,70,388103
21994,0.001096,172.31.40.0-255,66,160517,70,388103
21995,0.001116,172.217.194.0-255,5738,166255,70,388103
21996,0.001119,172.31.40.0-255,66,166321,70,388103
21997,0.001124,172.217.194.0-255,2184,168505,70,388103
21998,0.001126,172.31.40.0-255,66,168571,70,388103
21999,0.001158,172.217.194.0-255,7156,175727,70,388103
22000,0.001162,172.31.40.0-255,66,175793,70,388103
22001,0.001186,172.217.194.0-255,1484,177277,70,388103
22002,0.001196,172.217.194.0-255,9992,187269,70,388103
22003,0.001199,172.31.40.0-255,66,187335,70,388103
22004,0.001204,172.217.194.0-255,4320,191655,70,388103
22005,0.001207,172.31.40.0-255,66,191721,70,388103
22006,0.001225,172.217.194.0-255,8574,200295,70,388103
22007,0.001228,172.31.40.0-255,66,200361,70,388103
22008,0.001256,172.217.194.0-255,2184,202545,70,388103
22009,0.00126,172.217.194.0-255,2902,205447,70,388103
22010,0.001263,172.31.40.0-255,66,205513,70,388103
22011,0.001267,172.31.40.0-255,66,205579,70,388103
22012,0.001285,172.217.194.0-255,2902,208481,70,388103
22013,0.001288,172.31.40.0-255,66,208547,70,388103
22014,0.001308,172.217.194.0-255,4320,212867,70,388103
22015,0.001311,172.31.40.0-255,66,212933,70,388103
22016,0.00132,172.217.194.0-255,9992,222925,70,388103
22017,0.001323,172.31.40.0-255,66,222991,70,388103
22018,0.001335,172.217.194.0-255,2902,225893,70,388103
22019,0.001338,172.31.40.0-255,66,225959,70,388103
22020,0.001356,172.217.194.0-255,4320,230279,70,388103
22021,0.001359,172.31.40.0-255,66,230345,70,388103
22022,0.001384,172.217.194.0-255,7856,238201,70,388103
22023,0.001387,172.31.40.0-255,66,238267,70,388103
22024,0.0014,172.31.40.0-255,66,238333,70,388103
22025,0.001417,172.217.194.0-255,1484,239817,70,388103
22026,0.001432,172.217.194.0-255,9992,249809,70,388103
22027,0.001435,172.31.40.0-255,66,249875,70,388103
22028,0.001455,172.217.194.0-255,2902,252777,70,388103
22029,0.001458,172.31.40.0-255,66,252843,70,388103
22030,0.001465,172.217.194.0-255,6438,259281,70,388103
22031,0.001467,172.31.40.0-255,66,259347,70,388103
22032,0.001571,172.217.194.0-255,1484,260831,70,388103
22033,0.00159,172.217.194.0-255,2902,263733,70,388103
22034,0.001593,172.31.40.0-255,66,263799,70,388103
22035,0.001622,172.217.194.0-255,5738,269537,70,388103
22036,0.001625,172.31.40.0-255,66,269603,70,388103
22037,0.001628,172.217.194.0-255,1484,271087,70,388103
22038,0.001653,172.217.194.0-255,5738,276825,70,388103
22039,0.001656,172.31.40.0-255,66,276891,70,388103
22040,0.001662,172.217.194.0-255,5738,282629,70,388103
22041,0.001665,172.31.40.0-255,66,282695,70,388103
22042,0.001683,172.217.194.0-255,8574,291269,70,388103
22043,0.001686,172.31.40.0-255,66,291335,70,388103
22044,0.00169,172.217.194.0-255,2184,293519,70,388103
22045,0.001692,172.31.40.0-255,66,293585,70,388103
22046,0.002205,172.217.194.0-255,1484,295069,70,388103
22047,0.002223,172.217.194.0-255,2902,297971,70,388103
22048,0.002226,172.31.40.0-255,66,298037,70,388103
22049,0.002232,172.217.194.0-255,4320,302357,70,388103
22050,0.002234,172.31.40.0-255,66,302423,70,388103
22051,0.002291,172.217.194.0-255,8574,310997,70,388103
22052,0.002293,172.31.40.0-255,66,311063,70,388103
22053,0.002303,172.217.194.0-255,9992,321055,70,388103
22054,0.002305,172.31.40.0-255,66,321121,70,388103
22055,0.002313,172.217.194.0-255,6438,327559,70,388103
22056,0.002315,172.31.40.0-255,66,327625,70,388103
22057,0.002323,172.217.194.0-255,5738,333363,70,388103
22058,0.002325,172.31.40.0-255,66,333429,70,388103
22059,0.002344,172.217.194.0-255,1484,334913,70,388103
22060,0.004603,172.217.194.0-255,4320,339233,70,388103
22061,0.004609,172.31.40.0-255,66,339299,70,388103
22062,0.006892,172.217.194.0-255,5738,345037,70,388103
22063,0.0069,172.31.40.0-255,66,345103,70,388103
22064,0.009192,172.217.194.0-255,5738,350841,70,388103
22065,0.009201,172.31.40.0-255,66,350907,70,388103
22066,0.011517,172.217.194.0-255,5738,356645,70,388103
22067,0.011535,172.31.40.0-255,66,356711,70,388103
22068,0.013825,172.217.194.0-255,5738,362449,70,388103
22069,0.013841,172.31.40.0-255,66,362515,70,388103
22070,0.016151,172.217.194.0-255,5738,368253,70,388103
22071,0.016168,172.31.40.0-255,66,368319,70,388103
22072,0.018541,172.217.194.0-255,5738,374057,70,388103
22073,0.018551,172.31.40.0-255,66,374123,70,388103
22074,0.020872,172.217.194.0-255,5738,379861,70,388103
22075,0.020884,172.31.40.0-255,66,379927,70,388103
22076,0.023174,172.217.194.0-255,3744,383671,70,388103
22077,0.023187,172.31.40.0-255,66,383737,70,388103
22078,0.025864,172.31.40.0-255,105,383842,70,388103
22079,0.028121,172.217.194.0-255,66,383908,70,388103
22080,0.044435,172.31.40.0-255,172,384080,70,388103
22081,0.044473,172.31.40.0-255,1114,385194,70,388103
22082,0.044543,172.31.40.0-255,1514,386708,70,388103
22083,0.044545,172.31.40.0-255,1329,388037,70,388103
22084,0.046691,104.244.42.0-255,66,388103,70,388103
22085,0.0,172.217.194.0-255,153,153,70,309075
22086,1.6e-05,172.31.40.0-255,66,219,70,309075
22087,2.2e-05,172.217.194.0-255,1484,1703,70,309075
22088,2.6e-05,172.31.40.0-255,66,1769,70,309075
22089,3.3e-05,172.217.194.0-255,2902,4671,70,309075
22090,4.4e-05,172.31.40.0-255,66,4737,70,309075
22091,5.2e-05,172.217.194.0-255,7156,11893,70,309075
22092,5.5e-05,172.31.40.0-255,66,11959,70,309075
22093,6e-05,172.217.194.0-255,2002,13961,70,309075
22094,6.3e-05,172.31.40.0-255,66,14027,70,309075
22095,0.000102,172.217.194.0-255,2902,16929,70,309075
22096,0.000106,172.31.40.0-255,66,16995,70,309075
22097,0.000133,172.217.194.0-255,2902,19897,70,309075
22098,0.000135,172.31.40.0-255,66,19963,70,309075
22099,0.000144,172.217.194.0-255,7156,27119,70,309075
22100,0.000146,172.31.40.0-255,66,27185,70,309075
22101,0.000197,172.31.40.0-255,66,27251,70,309075
22102,0.000222,172.217.194.0-255,2543,29794,70,309075
22103,0.000224,172.31.40.0-255,66,29860,70,309075
22104,0.000232,172.217.194.0-255,6797,36657,70,309075
22105,0.000234,172.31.40.0-255,66,36723,70,309075
22106,0.000245,172.217.194.0-255,7156,43879,70,309075
22107,0.000247,172.31.40.0-255,66,43945,70,309075
22108,0.000278,172.217.194.0-255,2902,46847,70,309075
22109,0.000281,172.31.40.0-255,66,46913,70,309075
22110,0.000308,172.217.194.0-255,5960,52873,70,309075
22111,0.000311,172.31.40.0-255,66,52939,70,309075
22112,0.000386,172.217.194.0-255,1484,54423,70,309075
22113,0.00039,172.31.40.0-255,66,54489,70,309075
22114,0.000395,172.217.194.0-255,2902,57391,70,309075
22115,0.000398,172.31.40.0-255,66,57457,70,309075
22116,0.000421,172.217.194.0-255,5738,63195,70,309075
22117,0.000429,172.217.194.0-255,4320,67515,70,309075
22118,0.000449,172.217.194.0-255,5738,73253,70,309075
22119,0.000464,172.217.194.0-255,5738,78991,70,309075
22120,0.000489,172.217.194.0-255,7306,86297,70,309075
22121,0.000505,172.217.194.0-255,4320,90617,70,309075
22122,0.000556,172.217.194.0-255,4320,94937,70,309075
22123,0.000565,172.217.194.0-255,8215,103152,70,309075
22124,0.000766,172.31.40.0-255,66,103218,70,309075
22125,0.000837,172.217.194.0-255,1484,104702,70,309075
22126,0.000845,172.217.194.0-255,2902,107604,70,309075
22127,0.00085,172.217.194.0-255,4320,111924,70,309075
22128,0.000861,172.31.40.0-255,66,111990,70,309075
22129,0.000864,172.217.194.0-255,1484,113474,70,309075
22130,0.000905,172.31.40.0-255,66,113540,70,309075
22131,0.000933,172.217.194.0-255,5738,119278,70,309075
22132,0.000954,172.217.194.0-255,5020,124298,70,309075
22133,0.000957,172.31.40.0-255,66,124364,70,309075
22134,0.000962,172.31.40.0-255,66,124430,70,309075
22135,0.001146,172.217.194.0-255,1484,125914,70,309075
22136,0.001167,172.217.194.0-255,2902,128816,70,309075
22137,0.001174,172.31.40.0-255,66,128882,70,309075
22138,0.001183,172.217.194.0-255,4320,133202,70,309075
22139,0.001212,172.217.194.0-255,8574,141776,70,309075
22140,0.001274,172.217.194.0-255,1484,143260,70,309075
22141,0.00128,172.31.40.0-255,66,143326,70,309075
22142,0.00129,172.217.194.0-255,2902,146228,70,309075
22143,0.001294,172.31.40.0-255,66,146294,70,309075
22144,0.001322,172.217.194.0-255,5738,152032,70,309075
22145,0.001328,172.217.194.0-255,5738,157770,70,309075
22146,0.001343,172.217.194.0-255,7156,164926,70,309075
22147,0.001365,172.217.194.0-255,1484,166410,70,309075
22148,0.001368,172.31.40.0-255,66,166476,70,309075
22149,0.001378,172.217.194.0-255,2902,169378,70,309075
22150,0.001383,172.31.40.0-255,66,169444,70,309075
22151,0.001403,172.217.194.0-255,5738,175182,70,309075
22152,0.001434,172.31.40.0-255,66,175248,70,309075
22153,0.001444,172.217.194.0-255,4320,179568,70,309075
22154,0.001449,172.31.40.0-255,66,179634,70,309075
22155,0.00148,172.217.194.0-255,5020,184654,70,309075
22156,0.001489,172.217.194.0-255,9992,194646,70,309075
22157,0.001493,172.217.194.0-255,2902,197548,70,309075
22158,0.001502,172.31.40.0-255,66,197614,70,309075
22159,0.001544,172.217.194.0-255,2902,200516,70,309075
22160,0.001552,172.217.194.0-255,1484,202000,70,309075
22161,0.001564,172.217.194.0-255,2902,204902,70,309075
22162,0.001567,172.217.194.0-255,1484,206386,70,309075
22163,0.001588,172.217.194.0-255,7156,213542,70,309075
22164,0.001594,172.217.194.0-255,5738,219280,70,309075
22165,0.0016,172.31.40.0-255,66,219346,70,309075
22166,0.00162,172.217.194.0-255,9992,229338,70,309075
22167,0.001639,172.217.194.0-255,2184,231522,70,309075
22168,0.001656,172.31.40.0-255,66,231588,70,309075
22169,0.001665,172.217.194.0-255,2902,234490,70,309075
22170,0.001676,172.31.40.0-255,66,234556,70,309075
22171,0.001688,172.217.194.0-255,7156,241712,70,309075
22172,0.001737,172.217.194.0-255,1484,243196,70,309075
22173,0.001741,172.31.40.0-255,66,243262,70,309075
22174,0.001752,172.217.194.0-255,5738,249000,70,309075
22175,0.001776,172.217.194.0-255,3602,252602,70,309075
22176,0.00179,172.217.194.0-255,1484,254086,70,309075
22177,0.001803,172.217.194.0-255,4320,258406,70,309075
22178,0.001817,172.217.194.0-255,2902,261308,70,309075
22179,0.00182,172.31.40.0-255,66,261374,70,309075
22180,0.001825,172.31.40.0-255,66,261440,70,309075
22181,0.00185,172.217.194.0-255,2902,264342,70,309075
22182,0.001857,172.217.194.0-255,7156,271498,70,309075
22183,0.001863,172.217.194.0-255,5738,277236,70,309075
22184,0.001888,172.217.194.0-255,9274,286510,70,309075
22185,0.001933,172.217.194.0-255,9992,296502,70,309075
22186,0.001937,172.31.40.0-255,66,296568,70,309075
22187,0.001944,172.31.40.0-255,66,296634,70,309075
22188,0.001962,172.217.194.0-255,5738,302372,70,309075
22189,0.001987,172.217.194.0-255,105,302477,70,309075
22190,0.002017,172.31.40.0-255,66,302543,70,309075
22191,0.016788,172.31.40.0-255,105,302648,70,309075
22192,0.01947,172.217.194.0-255,66,302714,70,309075
22193,0.046125,172.31.40.0-255,172,302886,70,309075
22194,0.046153,172.31.40.0-255,1118,304004,70,309075
22195,0.046217,172.31.40.0-255,1514,305518,70,309075
22196,0.046219,172.31.40.0-255,1514,307032,70,309075
22197,0.04622,172.31.40.0-255,1514,308546,70,309075
22198,0.046244,172.31.40.0-255,265,308811,70,309075
22199,0.047747,104.244.42.0-255,66,308877,70,309075
22200,0.047758,104.244.42.0-255,66,308943,70,309075
22201,0.047869,104.244.42.0-255,66,309009,70,309075
22202,0.047873,104.244.42.0-255,66,309075,70,309075
22203,0.0,172.217.194.0-255,153,153,70,177449
22204,2.2e-05,172.31.40.0-255,66,219,70,177449
22205,2.9e-05,172.217.194.0-255,1484,1703,70,177449
22206,3.3e-05,172.31.40.0-255,66,1769,70,177449
22207,3.9e-05,172.217.194.0-255,2902,4671,70,177449
22208,5e-05,172.31.40.0-255,66,4737,70,177449
22209,5.8e-05,172.217.194.0-255,7156,11893,70,177449
22210,6.2e-05,172.31.40.0-255,66,11959,70,177449
22211,6.5e-05,172.217.194.0-255,1962,13921,70,177449
22212,6.8e-05,172.31.40.0-255,66,13987,70,177449
22213,0.000753,172.217.194.0-255,1484,15471,70,177449
22214,0.000759,172.31.40.0-255,66,15537,70,177449
22215,0.000767,172.217.194.0-255,2902,18439,70,177449
22216,0.00077,172.31.40.0-255,66,18505,70,177449
22217,0.00078,172.217.194.0-255,5738,24243,70,177449
22218,0.000782,172.31.40.0-255,66,24309,70,177449
22219,0.00081,172.217.194.0-255,2902,27211,70,177449
22220,0.000812,172.31.40.0-255,66,27277,70,177449
22221,0.000846,172.31.40.0-255,66,27343,70,177449
22222,0.000855,172.217.194.0-255,9633,36976,70,177449
22223,0.000857,172.31.40.0-255,66,37042,70,177449
22224,0.002436,172.217.194.0-255,1484,38526,70,177449
22225,0.002441,172.31.40.0-255,66,38592,70,177449
22226,0.002447,172.217.194.0-255,2902,41494,70,177449
22227,0.002449,172.31.40.0-255,66,41560,70,177449
22228,0.002469,172.217.194.0-255,5738,47298,70,177449
22229,0.002471,172.31.40.0-255,66,47364,70,177449
22230,0.002497,172.217.194.0-255,6797,54161,70,177449
22231,0.002499,172.31.40.0-255,66,54227,70,177449
22232,0.002586,172.217.194.0-255,1484,55711,70,177449
22233,0.002589,172.31.40.0-255,66,55777,70,177449
22234,0.002593,172.217.194.0-255,2902,58679,70,177449
22235,0.002595,172.31.40.0-255,66,58745,70,177449
22236,0.002621,172.217.194.0-255,5738,64483,70,177449
22237,0.002624,172.31.40.0-255,66,64549,70,177449
22238,0.002653,172.217.194.0-255,7378,71927,70,177449
22239,0.002655,172.31.40.0-255,66,71993,70,177449
22240,0.002697,172.217.194.0-255,1484,73477,70,177449
22241,0.005307,172.217.194.0-255,4320,77797,70,177449
22242,0.005315,172.31.40.0-255,66,77863,70,177449
22243,0.007987,172.217.194.0-255,5738,83601,70,177449
22244,0.007995,172.31.40.0-255,66,83667,70,177449
22245,0.010652,172.217.194.0-255,5738,89405,70,177449
22246,0.010661,172.31.40.0-255,66,89471,70,177449
22247,0.013347,172.217.194.0-255,5738,95209,70,177449
22248,0.01336,172.31.40.0-255,66,95275,70,177449
22249,0.016014,172.217.194.0-255,5738,101013,70,177449
22250,0.016027,172.31.40.0-255,66,101079,70,177449
22251,0.018671,172.217.194.0-255,5738,106817,70,177449
22252,0.018679,172.31.40.0-255,66,106883,70,177449
22253,0.021375,172.217.194.0-255,5738,112621,70,177449
22254,0.021383,172.31.40.0-255,66,112687,70,177449
22255,0.022695,172.31.40.0-255,172,112859,70,177449
22256,0.022725,172.31.40.0-255,1117,113976,70,177449
22257,0.022789,172.31.40.0-255,1514,115490,70,177449
22258,0.022791,172.31.40.0-255,1514,117004,70,177449
22259,0.022792,172.31.40.0-255,845,117849,70,177449
22260,0.024032,172.217.194.0-255,2902,120751,70,177449
22261,0.024038,172.31.40.0-255,66,120817,70,177449
22262,0.024065,172.217.194.0-255,2902,123719,70,177449
22263,0.024068,172.31.40.0-255,66,123785,70,177449
22264,0.024256,104.244.42.0-255,66,123851,70,177449
22265,0.024298,104.244.42.0-255,66,123917,70,177449
22266,0.024349,104.244.42.0-255,66,123983,70,177449
22267,0.024353,104.244.42.0-255,66,124049,70,177449
22268,0.025454,104.244.42.0-255,108,124157,70,177449
22269,0.025463,172.31.40.0-255,66,124223,70,177449
22270,0.026668,172.217.194.0-255,2902,127125,70,177449
22271,0.026673,172.31.40.0-255,66,127191,70,177449
22272,0.026701,172.217.194.0-255,1484,128675,70,177449
22273,0.026715,172.217.194.0-255,1484,130159,70,177449
22274,0.026718,172.31.40.0-255,66,130225,70,177449
22275,0.029339,172.217.194.0-255,2902,133127,70,177449
22276,0.029345,172.31.40.0-255,66,133193,70,177449
22277,0.029385,172.217.194.0-255,2902,136095,70,177449
22278,0.029388,172.31.40.0-255,66,136161,70,177449
22279,0.031994,172.217.194.0-255,2902,139063,70,177449
22280,0.032,172.31.40.0-255,66,139129,70,177449
22281,0.032048,172.217.194.0-255,2902,142031,70,177449
22282,0.032051,172.31.40.0-255,66,142097,70,177449
22283,0.034672,172.217.194.0-255,2902,144999,70,177449
22284,0.034683,172.31.40.0-255,66,145065,70,177449
22285,0.034715,172.217.194.0-255,2902,147967,70,177449
22286,0.034718,172.31.40.0-255,66,148033,70,177449
22287,0.037324,172.217.194.0-255,2902,150935,70,177449
22288,0.037331,172.31.40.0-255,66,151001,70,177449
22289,0.03736,172.217.194.0-255,2902,153903,70,177449
22290,0.037363,172.31.40.0-255,66,153969,70,177449
22291,0.039969,172.217.194.0-255,2902,156871,70,177449
22292,0.039977,172.31.40.0-255,66,156937,70,177449
22293,0.040015,172.217.194.0-255,2902,159839,70,177449
22294,0.040017,172.31.40.0-255,66,159905,70,177449
22295,0.042615,172.217.194.0-255,2902,162807,70,177449
22296,0.042622,172.31.40.0-255,66,162873,70,177449
22297,0.042642,172.217.194.0-255,2902,165775,70,177449
22298,0.042645,172.31.40.0-255,66,165841,70,177449
22299,0.045295,172.217.194.0-255,5738,171579,70,177449
22300,0.045301,172.31.40.0-255,66,171645,70,177449
22301,0.047961,172.217.194.0-255,5738,177383,70,177449
22302,0.047968,172.31.40.0-255,66,177449,70,177449
22303,0.0,172.217.194.0-255,153,153,70,281429
22304,2e-05,172.31.40.0-255,66,219,70,281429
22305,2.7e-05,172.217.194.0-255,1484,1703,70,281429
22306,3.1e-05,172.31.40.0-255,66,1769,70,281429
22307,3.6e-05,172.217.194.0-255,2902,4671,70,281429
22308,3.9e-05,172.31.40.0-255,66,4737,70,281429
22309,4.6e-05,172.217.194.0-255,5738,10475,70,281429
22310,4.9e-05,172.31.40.0-255,66,10541,70,281429
22311,6.7e-05,172.217.194.0-255,1484,12025,70,281429
22312,7e-05,172.31.40.0-255,66,12091,70,281429
22313,7.4e-05,172.217.194.0-255,2001,14092,70,281429
22314,7.6e-05,172.31.40.0-255,66,14158,70,281429
22315,0.000272,172.217.194.0-255,1484,15642,70,281429
22316,0.000278,172.31.40.0-255,66,15708,70,281429
22317,0.000284,172.217.194.0-255,2902,18610,70,281429
22318,0.000286,172.31.40.0-255,66,18676,70,281429
22319,0.000289,172.217.194.0-255,1484,20160,70,281429
22320,0.000291,172.31.40.0-255,66,20226,70,281429
22321,0.00032,172.217.194.0-255,4320,24546,70,281429
22322,0.000323,172.31.40.0-255,66,24612,70,281429
22323,0.000329,172.217.194.0-255,4320,28932,70,281429
22324,0.000331,172.31.40.0-255,66,28998,70,281429
22325,0.000374,172.31.40.0-255,66,29064,70,281429
22326,0.000384,172.217.194.0-255,9992,39056,70,281429
22327,0.000387,172.31.40.0-255,66,39122,70,281429
22328,0.00044,172.31.40.0-255,66,39188,70,281429
22329,0.000443,172.217.194.0-255,409,39597,70,281429
22330,0.000445,172.31.40.0-255,66,39663,70,281429
22331,0.000528,172.217.194.0-255,1484,41147,70,281429
22332,0.000532,172.31.40.0-255,66,41213,70,281429
22333,0.000545,172.217.194.0-255,1484,42697,70,281429
22334,0.000556,172.217.194.0-255,1484,44181,70,281429
22335,0.000559,172.31.40.0-255,66,44247,70,281429
22336,0.000564,172.217.194.0-255,4320,48567,70,281429
22337,0.000567,172.31.40.0-255,66,48633,70,281429
22338,0.00058,172.217.194.0-255,1484,50117,70,281429
22339,0.000586,172.217.194.0-255,4320,54437,70,281429
22340,0.000588,172.31.40.0-255,66,54503,70,281429
22341,0.000605,172.217.194.0-255,2902,57405,70,281429
22342,0.000609,172.31.40.0-255,66,57471,70,281429
22343,0.000648,172.217.194.0-255,3602,61073,70,281429
22344,0.000652,172.31.40.0-255,66,61139,70,281429
22345,0.000655,172.31.40.0-255,66,61205,70,281429
22346,0.000685,172.217.194.0-255,1484,62689,70,281429
22347,0.000707,172.217.194.0-255,2902,65591,70,281429
22348,0.00071,172.31.40.0-255,66,65657,70,281429
22349,0.000741,172.217.194.0-255,1484,67141,70,281429
22350,0.000766,172.217.194.0-255,4320,71461,70,281429
22351,0.000769,172.31.40.0-255,66,71527,70,281429
22352,0.000779,172.217.194.0-255,9992,81519,70,281429
22353,0.000781,172.31.40.0-255,66,81585,70,281429
22354,0.000795,172.31.40.0-255,66,81651,70,281429
22355,0.000814,172.217.194.0-255,1484,83135,70,281429
22356,0.000834,172.217.194.0-255,2902,86037,70,281429
22357,0.000837,172.31.40.0-255,66,86103,70,281429
22358,0.000844,172.217.194.0-255,5738,91841,70,281429
22359,0.000846,172.31.40.0-255,66,91907,70,281429
22360,0.00089,172.31.40.0-255,66,91973,70,281429
22361,0.000899,172.217.194.0-255,9992,101965,70,281429
22362,0.000901,172.31.40.0-255,66,102031,70,281429
22363,0.000917,172.217.194.0-255,766,102797,70,281429
22364,0.000921,172.217.194.0-255,1484,104281,70,281429
22365,0.000923,172.31.40.0-255,66,104347,70,281429
22366,0.000948,172.217.194.0-255,2902,107249,70,281429
22367,0.000951,172.31.40.0-255,66,107315,70,281429
22368,0.000958,172.217.194.0-255,5738,113053,70,281429
22369,0.00096,172.31.40.0-255,66,113119,70,281429
22370,0.000968,172.217.194.0-255,8574,121693,70,281429
22371,0.000972,172.31.40.0-255,66,121759,70,281429
22372,0.000998,172.217.194.0-255,4320,126079,70,281429
22373,0.001002,172.31.40.0-255,66,126145,70,281429
22374,0.001013,172.217.194.0-255,9992,136137,70,281429
22375,0.001016,172.31.40.0-255,66,136203,70,281429
22376,0.001019,172.217.194.0-255,1064,137267,70,281429
22377,0.001054,172.217.194.0-255,1484,138751,70,281429
22378,0.001057,172.31.40.0-255,66,138817,70,281429
22379,0.001081,172.217.194.0-255,4320,143137,70,281429
22380,0.001084,172.31.40.0-255,66,143203,70,281429
22381,0.001088,172.217.194.0-255,2902,146105,70,281429
22382,0.00109,172.31.40.0-255,66,146171,70,281429
22383,0.001109,172.217.194.0-255,2902,149073,70,281429
22384,0.001112,172.31.40.0-255,66,149139,70,281429
22385,0.001124,172.31.40.0-255,66,149205,70,281429
22386,0.001158,172.217.194.0-255,10692,159897,70,281429
22387,0.001162,172.31.40.0-255,66,159963,70,281429
22388,0.001214,172.217.194.0-255,1484,161447,70,281429
22389,0.001219,172.217.194.0-255,2902,164349,70,281429
22390,0.001222,172.31.40.0-255,66,164415,70,281429
22391,0.001226,172.217.194.0-255,1484,165899,70,281429
22392,0.001247,172.217.194.0-255,4320,170219,70,281429
22393,0.00125,172.31.40.0-255,66,170285,70,281429
22394,0.001265,172.217.194.0-255,2902,173187,70,281429
22395,0.001269,172.31.40.0-255,66,173253,70,281429
22396,0.001296,172.217.194.0-255,9992,183245,70,281429
22397,0.001299,172.31.40.0-255,66,183311,70,281429
22398,0.001308,172.217.194.0-255,10692,194003,70,281429
22399,0.001311,172.31.40.0-255,66,194069,70,281429
22400,0.001424,172.217.194.0-255,1484,195553,70,281429
22401,0.001438,172.217.194.0-255,2902,198455,70,281429
22402,0.001441,172.31.40.0-255,66,198521,70,281429
22403,0.001448,172.217.194.0-255,5738,204259,70,281429
22404,0.001449,172.31.40.0-255,66,204325,70,281429
22405,0.00147,172.217.194.0-255,7156,211481,70,281429
22406,0.001472,172.31.40.0-255,66,211547,70,281429
22407,0.001488,172.217.194.0-255,5738,217285,70,281429
22408,0.001491,172.31.40.0-255,66,217351,70,281429
22409,0.0015,172.217.194.0-255,9992,227343,70,281429
22410,0.001503,172.31.40.0-255,66,227409,70,281429
22411,0.001556,172.217.194.0-255,766,228175,70,281429
22412,0.001698,172.217.194.0-255,1484,229659,70,281429
22413,0.001702,172.31.40.0-255,66,229725,70,281429
22414,0.001707,172.217.194.0-255,2902,232627,70,281429
22415,0.00171,172.31.40.0-255,66,232693,70,281429
22416,0.001715,172.217.194.0-255,4320,237013,70,281429
22417,0.001717,172.31.40.0-255,66,237079,70,281429
22418,0.001733,172.217.194.0-255,1484,238563,70,281429
22419,0.001739,172.217.194.0-255,4320,242883,70,281429
22420,0.001742,172.31.40.0-255,66,242949,70,281429
22421,0.001771,172.217.194.0-255,7156,250105,70,281429
22422,0.001774,172.31.40.0-255,66,250171,70,281429
22423,0.001789,172.217.194.0-255,5738,255909,70,281429
22424,0.001792,172.31.40.0-255,66,255975,70,281429
22425,0.001827,172.217.194.0-255,6438,262413,70,281429
22426,0.001846,172.217.194.0-255,9992,272405,70,281429
22427,0.001851,172.31.40.0-255,66,272471,70,281429
22428,0.001854,172.31.40.0-255,66,272537,70,281429
22429,0.001857,172.31.40.0-255,66,272603,70,281429
22430,0.001946,172.31.40.0-255,66,272669,70,281429
22431,0.001955,172.217.194.0-255,105,272774,70,281429
22432,0.004218,172.31.40.0-255,66,272840,70,281429
22433,0.004255,172.31.40.0-255,105,272945,70,281429
22434,0.006316,172.217.194.0-255,66,273011,70,281429
22435,0.029389,172.31.40.0-255,172,273183,70,281429
22436,0.029427,172.31.40.0-255,1117,274300,70,281429
22437,0.029494,172.31.40.0-255,1514,275814,70,281429
22438,0.029496,172.31.40.0-255,1514,277328,70,281429
22439,0.029498,172.31.40.0-255,1514,278842,70,281429
22440,0.02953,172.31.40.0-255,1514,280356,70,281429
22441,0.029531,172.31.40.0-255,635,280991,70,281429
22442,0.030948,104.244.42.0-255,66,281057,70,281429
22443,0.030979,104.244.42.0-255,66,281123,70,281429
22444,0.031035,104.244.42.0-255,66,281189,70,281429
22445,0.031089,104.244.42.0-255,66,281255,70,281429
22446,0.03231,104.244.42.0-255,108,281363,70,281429
22447,0.032321,172.31.40.0-255,66,281429,70,281429
22448,0.0,172.217.194.0-255,153,153,70,295459
22449,2e-05,172.31.40.0-255,66,219,70,295459
22450,2.8e-05,172.217.194.0-255,1484,1703,70,295459
22451,3.3e-05,172.31.40.0-255,66,1769,70,295459
22452,4.7e-05,172.217.194.0-255,2902,4671,70,295459
22453,5.1e-05,172.31.40.0-255,66,4737,70,295459
22454,5.9e-05,172.217.194.0-255,7156,11893,70,295459
22455,6.2e-05,172.31.40.0-255,66,11959,70,295459
22456,7e-05,172.217.194.0-255,7156,19115,70,295459
22457,7.3e-05,172.31.40.0-255,66,19181,70,295459
22458,0.0001,172.217.194.0-255,4901,24082,70,295459
22459,0.000103,172.31.40.0-255,66,24148,70,295459
22460,0.00011,172.217.194.0-255,6797,30945,70,295459
22461,0.000113,172.31.40.0-255,66,31011,70,295459
22462,0.000148,172.217.194.0-255,5738,36749,70,295459
22463,0.000151,172.31.40.0-255,66,36815,70,295459
22464,0.000158,172.217.194.0-255,7156,43971,70,295459
22465,0.00016,172.31.40.0-255,66,44037,70,295459
22466,0.000169,172.217.194.0-255,8574,52611,70,295459
22467,0.000172,172.31.40.0-255,66,52677,70,295459
22468,0.000202,172.217.194.0-255,5738,58415,70,295459
22469,0.000204,172.31.40.0-255,66,58481,70,295459
22470,0.000212,172.217.194.0-255,6711,65192,70,295459
22471,0.000215,172.31.40.0-255,66,65258,70,295459
22472,0.000217,172.217.194.0-255,117,65375,70,295459
22473,0.000219,172.31.40.0-255,66,65441,70,295459
22474,0.000282,172.217.194.0-255,1484,66925,70,295459
22475,0.000285,172.31.40.0-255,66,66991,70,295459
22476,0.000291,172.217.194.0-255,2902,69893,70,295459
22477,0.000293,172.31.40.0-255,66,69959,70,295459
22478,0.000305,172.217.194.0-255,5738,75697,70,295459
22479,0.000308,172.31.40.0-255,66,75763,70,295459
22480,0.000357,172.31.40.0-255,66,75829,70,295459
22481,0.000365,172.217.194.0-255,7156,82985,70,295459
22482,0.000367,172.31.40.0-255,66,83051,70,295459
22483,0.000397,172.217.194.0-255,3340,86391,70,295459
22484,0.0004,172.31.40.0-255,66,86457,70,295459
22485,0.000405,172.217.194.0-255,4320,90777,70,295459
22486,0.000408,172.31.40.0-255,66,90843,70,295459
22487,0.000412,172.217.194.0-255,2902,93745,70,295459
22488,0.000414,172.31.40.0-255,66,93811,70,295459
22489,0.000445,172.217.194.0-255,7156,100967,70,295459
22490,0.000449,172.31.40.0-255,66,101033,70,295459
22491,0.000465,172.31.40.0-255,66,101099,70,295459
22492,0.000519,172.217.194.0-255,3602,104701,70,295459
22493,0.000521,172.31.40.0-255,66,104767,70,295459
22494,0.000691,172.217.194.0-255,1484,106251,70,295459
22495,0.000698,172.217.194.0-255,2902,109153,70,295459
22496,0.000702,172.31.40.0-255,66,109219,70,295459
22497,0.000708,172.217.194.0-255,4320,113539,70,295459
22498,0.00071,172.31.40.0-255,66,113605,70,295459
22499,0.000743,172.217.194.0-255,1484,115089,70,295459
22500,0.000758,172.31.40.0-255,66,115155,70,295459
22501,0.000767,172.217.194.0-255,8574,123729,70,295459
22502,0.000769,172.31.40.0-255,66,123795,70,295459
22503,0.000794,172.217.194.0-255,2184,125979,70,295459
22504,0.000797,172.31.40.0-255,66,126045,70,295459
22505,0.000826,172.217.194.0-255,2902,128947,70,295459
22506,0.000829,172.31.40.0-255,66,129013,70,295459
22507,0.000832,172.217.194.0-255,1484,130497,70,295459
22508,0.000857,172.217.194.0-255,4320,134817,70,295459
22509,0.00086,172.31.40.0-255,66,134883,70,295459
22510,0.000869,172.217.194.0-255,8574,143457,70,295459
22511,0.000871,172.31.40.0-255,66,143523,70,295459
22512,0.000893,172.217.194.0-255,1484,145007,70,295459
22513,0.000919,172.31.40.0-255,66,145073,70,295459
22514,0.000949,172.217.194.0-255,3602,148675,70,295459
22515,0.000953,172.31.40.0-255,66,148741,70,295459
22516,0.000998,172.217.194.0-255,1484,150225,70,295459
22517,0.001004,172.217.194.0-255,2902,153127,70,295459
22518,0.001006,172.31.40.0-255,66,153193,70,295459
22519,0.001009,172.217.194.0-255,1484,154677,70,295459
22520,0.001036,172.217.194.0-255,4320,158997,70,295459
22521,0.001039,172.31.40.0-255,66,159063,70,295459
22522,0.001047,172.217.194.0-255,7156,166219,70,295459
22523,0.001049,172.31.40.0-255,66,166285,70,295459
22524,0.001081,172.217.194.0-255,5738,172023,70,295459
22525,0.001083,172.31.40.0-255,66,172089,70,295459
22526,0.001092,172.217.194.0-255,8574,180663,70,295459
22527,0.001094,172.31.40.0-255,66,180729,70,295459
22528,0.00113,172.217.194.0-255,5020,185749,70,295459
22529,0.001133,172.31.40.0-255,66,185815,70,295459
22530,0.001139,172.217.194.0-255,5738,191553,70,295459
22531,0.001141,172.31.40.0-255,66,191619,70,295459
22532,0.00116,172.31.40.0-255,66,191685,70,295459
22533,0.001172,172.31.40.0-255,66,191751,70,295459
22534,0.001197,172.217.194.0-255,766,192517,70,295459
22535,0.0012,172.217.194.0-255,1484,194001,70,295459
22536,0.001202,172.31.40.0-255,66,194067,70,295459
22537,0.001207,172.217.194.0-255,2902,196969,70,295459
22538,0.00121,172.31.40.0-255,66,197035,70,295459
22539,0.001244,172.217.194.0-255,5738,202773,70,295459
22540,0.001247,172.31.40.0-255,66,202839,70,295459
22541,0.001252,172.217.194.0-255,2902,205741,70,295459
22542,0.001254,172.31.40.0-255,66,205807,70,295459
22543,0.00129,172.217.194.0-255,9992,215799,70,295459
22544,0.001294,172.31.40.0-255,66,215865,70,295459
22545,0.001302,172.217.194.0-255,8574,224439,70,295459
22546,0.001304,172.31.40.0-255,66,224505,70,295459
22547,0.001337,172.217.194.0-255,2184,226689,70,295459
22548,0.00134,172.31.40.0-255,66,226755,70,295459
22549,0.001358,172.217.194.0-255,1484,228239,70,295459
22550,0.001362,172.217.194.0-255,2902,231141,70,295459
22551,0.001365,172.31.40.0-255,66,231207,70,295459
22552,0.001369,172.217.194.0-255,2902,234109,70,295459
22553,0.001371,172.31.40.0-255,66,234175,70,295459
22554,0.001402,172.217.194.0-255,2902,237077,70,295459
22555,0.001404,172.31.40.0-255,66,237143,70,295459
22556,0.001419,172.31.40.0-255,66,237209,70,295459
22557,0.001465,172.217.194.0-255,4320,241529,70,295459
22558,0.00147,172.31.40.0-255,66,241595,70,295459
22559,0.00149,172.217.194.0-255,6438,248033,70,295459
22560,0.001492,172.31.40.0-255,66,248099,70,295459
22561,0.001764,172.217.194.0-255,1484,249583,70,295459
22562,0.001771,172.217.194.0-255,2902,252485,70,295459
22563,0.001774,172.31.40.0-255,66,252551,70,295459
22564,0.001812,172.217.194.0-255,5738,258289,70,295459
22565,0.001815,172.31.40.0-255,66,258355,70,295459
22566,0.001826,172.217.194.0-255,9992,268347,70,295459
22567,0.001828,172.31.40.0-255,66,268413,70,295459
22568,0.001861,172.217.194.0-255,7156,275569,70,295459
22569,0.001864,172.31.40.0-255,66,275635,70,295459
22570,0.001905,172.217.194.0-255,6438,282073,70,295459
22571,0.001908,172.31.40.0-255,66,282139,70,295459
22572,0.001927,172.31.40.0-255,66,282205,70,295459
22573,0.001935,172.217.194.0-255,7397,289602,70,295459
22574,0.001938,172.31.40.0-255,66,289668,70,295459
22575,0.00194,172.217.194.0-255,97,289765,70,295459
22576,0.001968,172.217.194.0-255,105,289870,70,295459
22577,0.004353,172.31.40.0-255,66,289936,70,295459
22578,0.004387,172.31.40.0-255,105,290041,70,295459
22579,0.006681,172.217.194.0-255,66,290107,70,295459
22580,0.046811,172.31.40.0-255,172,290279,70,295459
22581,0.04685,172.31.40.0-255,1114,291393,70,295459
22582,0.046918,172.31.40.0-255,1514,292907,70,295459
22583,0.04692,172.31.40.0-255,1514,294421,70,295459
22584,0.046921,172.31.40.0-255,972,295393,70,295459
22585,0.049007,104.244.42.0-255,66,295459,70,295459
22586,0.0,74.125.130.0-255,155,155,70,287071
22587,2.2e-05,172.31.40.0-255,66,221,70,287071
22588,2.9e-05,74.125.130.0-255,1484,1705,70,287071
22589,3.4e-05,172.31.40.0-255,66,1771,70,287071
22590,3.7e-05,74.125.130.0-255,1484,3255,70,287071
22591,3.9e-05,172.31.40.0-255,66,3321,70,287071
22592,6.7e-05,74.125.130.0-255,2902,6223,70,287071
22593,7e-05,172.31.40.0-255,66,6289,70,287071
22594,9.7e-05,74.125.130.0-255,5738,12027,70,287071
22595,9.9e-05,172.31.40.0-255,66,12093,70,287071
22596,0.000103,74.125.130.0-255,2010,14103,70,287071
22597,0.000105,172.31.40.0-255,66,14169,70,287071
22598,0.000139,74.125.130.0-255,2902,17071,70,287071
22599,0.000142,172.31.40.0-255,66,17137,70,287071
22600,0.000169,74.125.130.0-255,7156,24293,70,287071
22601,0.000172,172.31.40.0-255,66,24359,70,287071
22602,0.000177,74.125.130.0-255,4320,28679,70,287071
22603,0.000178,172.31.40.0-255,66,28745,70,287071
22604,0.000206,74.125.130.0-255,8574,37319,70,287071
22605,0.000209,172.31.40.0-255,66,37385,70,287071
22606,0.000232,74.125.130.0-255,7156,44541,70,287071
22607,0.000235,172.31.40.0-255,66,44607,70,287071
22608,0.000253,74.125.130.0-255,3602,48209,70,287071
22609,0.000255,172.31.40.0-255,66,48275,70,287071
22610,0.000418,74.125.130.0-255,1484,49759,70,287071
22611,0.000422,172.31.40.0-255,66,49825,70,287071
22612,0.000426,74.125.130.0-255,1484,51309,70,287071
22613,0.000428,172.31.40.0-255,66,51375,70,287071
22614,0.000443,74.125.130.0-255,1484,52859,70,287071
22615,0.000446,172.31.40.0-255,66,52925,70,287071
22616,0.000453,74.125.130.0-255,5738,58663,70,287071
22617,0.000455,172.31.40.0-255,66,58729,70,287071
22618,0.00046,74.125.130.0-255,2902,61631,70,287071
22619,0.000463,172.31.40.0-255,66,61697,70,287071
22620,0.000494,74.125.130.0-255,3961,65658,70,287071
22621,0.000497,172.31.40.0-255,66,65724,70,287071
22622,0.0005,74.125.130.0-255,646,66370,70,287071
22623,0.000666,74.125.130.0-255,1484,67854,70,287071
22624,0.00067,172.31.40.0-255,66,67920,70,287071
22625,0.000675,74.125.130.0-255,1484,69404,70,287071
22626,0.000689,74.125.130.0-255,1484,70888,70,287071
22627,0.000691,172.31.40.0-255,66,70954,70,287071
22628,0.000698,74.125.130.0-255,4320,75274,70,287071
22629,0.0007,172.31.40.0-255,66,75340,70,287071
22630,0.000711,74.125.130.0-255,1484,76824,70,287071
22631,0.000717,74.125.130.0-255,4320,81144,70,287071
22632,0.000719,172.31.40.0-255,66,81210,70,287071
22633,0.000723,74.125.130.0-255,2902,84112,70,287071
22634,0.000725,172.31.40.0-255,66,84178,70,287071
22635,0.000746,74.125.130.0-255,2902,87080,70,287071
22636,0.000749,172.31.40.0-255,66,87146,70,287071
22637,0.000755,74.125.130.0-255,4320,91466,70,287071
22638,0.000757,172.31.40.0-255,66,91532,70,287071
22639,0.000779,74.125.130.0-255,7156,98688,70,287071
22640,0.000782,172.31.40.0-255,66,98754,70,287071
22641,0.000786,74.125.130.0-255,2184,100938,70,287071
22642,0.000788,172.31.40.0-255,66,101004,70,287071
22643,0.001393,74.125.130.0-255,1484,102488,70,287071
22644,0.00141,74.125.130.0-255,2902,105390,70,287071
22645,0.001414,172.31.40.0-255,66,105456,70,287071
22646,0.001418,74.125.130.0-255,1484,106940,70,287071
22647,0.001434,74.125.130.0-255,4320,111260,70,287071
22648,0.001437,172.31.40.0-255,66,111326,70,287071
22649,0.00144,74.125.130.0-255,1484,112810,70,287071
22650,0.001468,74.125.130.0-255,5738,118548,70,287071
22651,0.001471,172.31.40.0-255,66,118614,70,287071
22652,0.001476,74.125.130.0-255,2902,121516,70,287071
22653,0.001478,172.31.40.0-255,66,121582,70,287071
22654,0.001491,74.125.130.0-255,2902,124484,70,287071
22655,0.001493,172.31.40.0-255,66,124550,70,287071
22656,0.001501,74.125.130.0-255,7156,131706,70,287071
22657,0.001503,172.31.40.0-255,66,131772,70,287071
22658,0.001528,74.125.130.0-255,2902,134674,70,287071
22659,0.00153,172.31.40.0-255,66,134740,70,287071
22660,0.001542,74.125.130.0-255,766,135506,70,287071
22661,0.001833,172.31.40.0-255,66,135572,70,287071
22662,0.001948,74.125.130.0-255,1484,137056,70,287071
22663,0.001981,74.125.130.0-255,2902,139958,70,287071
22664,0.001985,172.31.40.0-255,66,140024,70,287071
22665,0.00202,74.125.130.0-255,4320,144344,70,287071
22666,0.002023,172.31.40.0-255,66,144410,70,287071
22667,0.002026,74.125.130.0-255,1484,145894,70,287071
22668,0.002047,74.125.130.0-255,4320,150214,70,287071
22669,0.00205,172.31.40.0-255,66,150280,70,287071
22670,0.002053,74.125.130.0-255,1484,151764,70,287071
22671,0.002073,74.125.130.0-255,5738,157502,70,287071
22672,0.002076,172.31.40.0-255,66,157568,70,287071
22673,0.00208,74.125.130.0-255,1484,159052,70,287071
22674,0.002105,74.125.130.0-255,4320,163372,70,287071
22675,0.002108,172.31.40.0-255,66,163438,70,287071
22676,0.00214,74.125.130.0-255,2902,166340,70,287071
22677,0.002143,172.31.40.0-255,66,166406,70,287071
22678,0.002167,74.125.130.0-255,3602,170008,70,287071
22679,0.002169,172.31.40.0-255,66,170074,70,287071
22680,0.004381,74.125.130.0-255,1484,171558,70,287071
22681,0.004399,74.125.130.0-255,4320,175878,70,287071
22682,0.004404,172.31.40.0-255,66,175944,70,287071
22683,0.006655,74.125.130.0-255,5738,181682,70,287071
22684,0.006658,172.31.40.0-255,66,181748,70,287071
22685,0.008915,74.125.130.0-255,5738,187486,70,287071
22686,0.008922,172.31.40.0-255,66,187552,70,287071
22687,0.011187,74.125.130.0-255,5738,193290,70,287071
22688,0.011194,172.31.40.0-255,66,193356,70,287071
22689,0.013467,74.125.130.0-255,5738,199094,70,287071
22690,0.013476,172.31.40.0-255,66,199160,70,287071
22691,0.015734,74.125.130.0-255,5738,204898,70,287071
22692,0.015741,172.31.40.0-255,66,204964,70,287071
22693,0.018001,74.125.130.0-255,5738,210702,70,287071
22694,0.018009,172.31.40.0-255,66,210768,70,287071
22695,0.020271,74.125.130.0-255,5738,216506,70,287071
22696,0.020279,172.31.40.0-255,66,216572,70,287071
22697,0.02254,74.125.130.0-255,5738,222310,70,287071
22698,0.022551,172.31.40.0-255,66,222376,70,287071
22699,0.02482,74.125.130.0-255,5738,228114,70,287071
22700,0.02483,172.31.40.0-255,66,228180,70,287071
22701,0.025268,172.31.40.0-255,172,228352,70,287071
22702,0.025302,172.31.40.0-255,613,228965,70,287071
22703,0.027127,74.125.130.0-255,5738,234703,70,287071
22704,0.027134,172.31.40.0-255,66,234769,70,287071
22705,0.027447,104.244.42.0-255,66,234835,70,287071
22706,0.029402,74.125.130.0-255,5738,240573,70,287071
22707,0.029408,172.31.40.0-255,66,240639,70,287071
22708,0.031666,74.125.130.0-255,5738,246377,70,287071
22709,0.031672,172.31.40.0-255,66,246443,70,287071
22710,0.033946,74.125.130.0-255,5738,252181,70,287071
22711,0.033953,172.31.40.0-255,66,252247,70,287071
22712,0.036237,74.125.130.0-255,5738,257985,70,287071
22713,0.036277,172.31.40.0-255,66,258051,70,287071
22714,0.038575,74.125.130.0-255,5738,263789,70,287071
22715,0.038591,172.31.40.0-255,66,263855,70,287071
22716,0.040857,74.125.130.0-255,5738,269593,70,287071
22717,0.040873,172.31.40.0-255,66,269659,70,287071
22718,0.043148,74.125.130.0-255,5738,275397,70,287071
22719,0.043163,172.31.40.0-255,66,275463,70,287071
22720,0.045422,74.125.130.0-255,5738,281201,70,287071
22721,0.045443,172.31.40.0-255,66,281267,70,287071
22722,0.047757,74.125.130.0-255,5738,287005,70,287071
22723,0.047774,172.31.40.0-255,66,287071,70,287071
22724,0.0,172.217.194.0-255,147,147,70,194407
22725,3.5e-05,172.31.40.0-255,66,213,70,194407
22726,4.2e-05,172.217.194.0-255,1484,1697,70,194407
22727,4.7e-05,172.31.40.0-255,66,1763,70,194407
22728,5.2e-05,172.217.194.0-255,2902,4665,70,194407
22729,5.4e-05,172.31.40.0-255,66,4731,70,194407
22730,6.9e-05,172.217.194.0-255,7156,11887,70,194407
22731,7.1e-05,172.31.40.0-255,66,11953,70,194407
22732,7.5e-05,172.217.194.0-255,1981,13934,70,194407
22733,7.8e-05,172.31.40.0-255,66,14000,70,194407
22734,0.0001,172.217.194.0-255,1484,15484,70,194407
22735,0.000103,172.31.40.0-255,66,15550,70,194407
22736,0.000134,172.217.194.0-255,9992,25542,70,194407
22737,0.000137,172.31.40.0-255,66,25608,70,194407
22738,0.000144,172.217.194.0-255,5738,31346,70,194407
22739,0.000146,172.31.40.0-255,66,31412,70,194407
22740,0.00019,172.217.194.0-255,9992,41404,70,194407
22741,0.000193,172.31.40.0-255,66,41470,70,194407
22742,0.000226,172.217.194.0-255,6438,47908,70,194407
22743,0.000231,172.31.40.0-255,66,47974,70,194407
22744,0.000896,172.217.194.0-255,1484,49458,70,194407
22745,0.000901,172.31.40.0-255,66,49524,70,194407
22746,0.000913,172.217.194.0-255,2902,52426,70,194407
22747,0.000922,172.31.40.0-255,66,52492,70,194407
22748,0.000927,172.217.194.0-255,2902,55394,70,194407
22749,0.000929,172.31.40.0-255,66,55460,70,194407
22750,0.000957,172.217.194.0-255,2902,58362,70,194407
22751,0.00096,172.31.40.0-255,66,58428,70,194407
22752,0.000973,172.217.194.0-255,5738,64166,70,194407
22753,0.000975,172.31.40.0-255,66,64232,70,194407
22754,0.001009,172.217.194.0-255,1714,65946,70,194407
22755,0.001012,172.31.40.0-255,66,66012,70,194407
22756,0.002223,172.217.194.0-255,1484,67496,70,194407
22757,0.002233,172.217.194.0-255,2902,70398,70,194407
22758,0.002237,172.31.40.0-255,66,70464,70,194407
22759,0.002245,172.217.194.0-255,5738,76202,70,194407
22760,0.002247,172.31.40.0-255,66,76268,70,194407
22761,0.002283,172.31.40.0-255,66,76334,70,194407
22762,0.00232,172.217.194.0-255,10692,87026,70,194407
22763,0.002323,172.31.40.0-255,66,87092,70,194407
22764,0.004858,172.217.194.0-255,5738,92830,70,194407
22765,0.004864,172.31.40.0-255,66,92896,70,194407
22766,0.00742,172.217.194.0-255,5738,98634,70,194407
22767,0.007427,172.31.40.0-255,66,98700,70,194407
22768,0.009932,172.217.194.0-255,5738,104438,70,194407
22769,0.009941,172.31.40.0-255,66,104504,70,194407
22770,0.012475,172.217.194.0-255,5738,110242,70,194407
22771,0.012483,172.31.40.0-255,66,110308,70,194407
22772,0.015027,172.217.194.0-255,5738,116046,70,194407
22773,0.015037,172.31.40.0-255,66,116112,70,194407
22774,0.017594,172.217.194.0-255,5738,121850,70,194407
22775,0.017602,172.31.40.0-255,66,121916,70,194407
22776,0.02015,172.217.194.0-255,4320,126236,70,194407
22777,0.020158,172.31.40.0-255,66,126302,70,194407
22778,0.020187,172.217.194.0-255,1484,127786,70,194407
22779,0.020481,172.31.40.0-255,172,127958,70,194407
22780,0.020629,172.31.40.0-255,1114,129072,70,194407
22781,0.020708,172.31.40.0-255,1514,130586,70,194407
22782,0.02071,172.31.40.0-255,1329,131915,70,194407
22783,0.022672,172.217.194.0-255,4320,136235,70,194407
22784,0.022677,172.31.40.0-255,66,136301,70,194407
22785,0.023001,104.244.42.0-255,66,136367,70,194407
22786,0.025197,172.217.194.0-255,5738,142105,70,194407
22787,0.025206,172.31.40.0-255,66,142171,70,194407
22788,0.027796,172.217.194.0-255,5738,147909,70,194407
22789,0.027805,172.31.40.0-255,66,147975,70,194407
22790,0.030342,172.217.194.0-255,5738,153713,70,194407
22791,0.030348,172.31.40.0-255,66,153779,70,194407
22792,0.032894,172.217.194.0-255,5738,159517,70,194407
22793,0.0329,172.31.40.0-255,66,159583,70,194407
22794,0.035421,172.217.194.0-255,5738,165321,70,194407
22795,0.035427,172.31.40.0-255,66,165387,70,194407
22796,0.037964,172.217.194.0-255,5738,171125,70,194407
22797,0.037971,172.31.40.0-255,66,171191,70,194407
22798,0.040499,172.217.194.0-255,5738,176929,70,194407
22799,0.040506,172.31.40.0-255,66,176995,70,194407
22800,0.043013,172.217.194.0-255,5738,182733,70,194407
22801,0.043021,172.31.40.0-255,66,182799,70,194407
22802,0.045561,172.217.194.0-255,5738,188537,70,194407
22803,0.045566,172.31.40.0-255,66,188603,70,194407
22804,0.04808,172.217.194.0-255,5738,194341,70,194407
22805,0.048086,172.31.40.0-255,66,194407,70,194407
22806,0.0,74.125.24.0-255,153,153,70,289842
22807,2.2e-05,172.31.40.0-255,66,219,70,289842
22808,3e-05,74.125.24.0-255,1484,1703,70,289842
22809,3.5e-05,172.31.40.0-255,66,1769,70,289842
22810,4.8e-05,74.125.24.0-255,2902,4671,70,289842
22811,5.2e-05,172.31.40.0-255,66,4737,70,289842
22812,7.1e-05,74.125.24.0-255,1484,6221,70,289842
22813,7.4e-05,172.31.40.0-255,66,6287,70,289842
22814,9.8e-05,74.125.24.0-255,7705,13992,70,289842
22815,0.000106,172.31.40.0-255,66,14058,70,289842
22816,0.000181,74.125.24.0-255,1484,15542,70,289842
22817,0.000184,172.31.40.0-255,66,15608,70,289842
22818,0.00019,74.125.24.0-255,2902,18510,70,289842
22819,0.000192,172.31.40.0-255,66,18576,70,289842
22820,0.000199,74.125.24.0-255,5738,24314,70,289842
22821,0.000207,172.31.40.0-255,66,24380,70,289842
22822,0.000255,74.125.24.0-255,6797,31177,70,289842
22823,0.000258,172.31.40.0-255,66,31243,70,289842
22824,0.000266,74.125.24.0-255,7156,38399,70,289842
22825,0.000269,172.31.40.0-255,66,38465,70,289842
22826,0.000312,74.125.24.0-255,9633,48098,70,289842
22827,0.000315,172.31.40.0-255,66,48164,70,289842
22828,0.000677,74.125.24.0-255,1484,49648,70,289842
22829,0.000682,172.31.40.0-255,66,49714,70,289842
22830,0.000689,74.125.24.0-255,2902,52616,70,289842
22831,0.000691,172.31.40.0-255,66,52682,70,289842
22832,0.000725,74.125.24.0-255,5738,58420,70,289842
22833,0.000728,172.31.40.0-255,66,58486,70,289842
22834,0.000741,74.125.24.0-255,1484,59970,70,289842
22835,0.000748,172.31.40.0-255,66,60036,70,289842
22836,0.000767,74.125.24.0-255,5958,65994,70,289842
22837,0.000789,172.31.40.0-255,66,66060,70,289842
22838,0.000869,74.125.24.0-255,1484,67544,70,289842
22839,0.000872,172.31.40.0-255,66,67610,70,289842
22840,0.000878,74.125.24.0-255,2902,70512,70,289842
22841,0.00088,172.31.40.0-255,66,70578,70,289842
22842,0.000883,74.125.24.0-255,1484,72062,70,289842
22843,0.00089,172.31.40.0-255,66,72128,70,289842
22844,0.00092,74.125.24.0-255,5738,77866,70,289842
22845,0.000923,172.31.40.0-255,66,77932,70,289842
22846,0.000949,74.125.24.0-255,4320,82252,70,289842
22847,0.000953,172.31.40.0-255,66,82318,70,289842
22848,0.000968,74.125.24.0-255,5738,88056,70,289842
22849,0.000974,172.31.40.0-255,66,88122,70,289842
22850,0.001012,172.31.40.0-255,66,88188,70,289842
22851,0.001015,74.125.24.0-255,766,88954,70,289842
22852,0.001017,172.31.40.0-255,66,89020,70,289842
22853,0.001195,74.125.24.0-255,1484,90504,70,289842
22854,0.001199,172.31.40.0-255,66,90570,70,289842
22855,0.001229,74.125.24.0-255,2902,93472,70,289842
22856,0.001232,172.31.40.0-255,66,93538,70,289842
22857,0.001239,74.125.24.0-255,5738,99276,70,289842
22858,0.001242,172.31.40.0-255,66,99342,70,289842
22859,0.001277,172.31.40.0-255,66,99408,70,289842
22860,0.001303,74.125.24.0-255,7156,106564,70,289842
22861,0.00134,74.125.24.0-255,4320,110884,70,289842
22862,0.001345,172.31.40.0-255,66,110950,70,289842
22863,0.001355,74.125.24.0-255,4320,115270,70,289842
22864,0.00136,172.31.40.0-255,66,115336,70,289842
22865,0.001379,74.125.24.0-255,4320,119656,70,289842
22866,0.001384,74.125.24.0-255,4320,123976,70,289842
22867,0.001439,172.31.40.0-255,66,124042,70,289842
22868,0.001451,74.125.24.0-255,4320,128362,70,289842
22869,0.001495,172.31.40.0-255,66,128428,70,289842
22870,0.001557,172.31.40.0-255,66,128494,70,289842
22871,0.001563,74.125.24.0-255,5738,134232,70,289842
22872,0.001569,172.31.40.0-255,66,134298,70,289842
22873,0.001613,74.125.24.0-255,766,135064,70,289842
22874,0.001632,74.125.24.0-255,7156,142220,70,289842
22875,0.001637,172.31.40.0-255,66,142286,70,289842
22876,0.001647,74.125.24.0-255,4320,146606,70,289842
22877,0.001703,74.125.24.0-255,5738,152344,70,289842
22878,0.001727,74.125.24.0-255,7156,159500,70,289842
22879,0.001735,74.125.24.0-255,7156,166656,70,289842
22880,0.001739,74.125.24.0-255,2184,168840,70,289842
22881,0.001758,172.31.40.0-255,66,168906,70,289842
22882,0.002392,74.125.24.0-255,1484,170390,70,289842
22883,0.002397,74.125.24.0-255,1484,171874,70,289842
22884,0.002401,172.31.40.0-255,66,171940,70,289842
22885,0.002428,74.125.24.0-255,1484,173424,70,289842
22886,0.002434,74.125.24.0-255,2902,176326,70,289842
22887,0.002444,172.31.40.0-255,66,176392,70,289842
22888,0.002453,74.125.24.0-255,2902,179294,70,289842
22889,0.002459,74.125.24.0-255,5738,185032,70,289842
22890,0.002468,172.31.40.0-255,66,185098,70,289842
22891,0.002476,74.125.24.0-255,1484,186582,70,289842
22892,0.002479,74.125.24.0-255,1484,188066,70,289842
22893,0.002507,74.125.24.0-255,4320,192386,70,289842
22894,0.002527,74.125.24.0-255,10692,203078,70,289842
22895,0.002531,172.31.40.0-255,66,203144,70,289842
22896,0.002595,74.125.24.0-255,1484,204628,70,289842
22897,0.0026,74.125.24.0-255,2902,207530,70,289842
22898,0.002605,172.31.40.0-255,66,207596,70,289842
22899,0.002614,74.125.24.0-255,2902,210498,70,289842
22900,0.002619,172.31.40.0-255,66,210564,70,289842
22901,0.002634,74.125.24.0-255,1484,212048,70,289842
22902,0.002637,74.125.24.0-255,1484,213532,70,289842
22903,0.002644,74.125.24.0-255,7156,220688,70,289842
22904,0.002681,74.125.24.0-255,1484,222172,70,289842
22905,0.002684,74.125.24.0-255,2184,224356,70,289842
22906,0.002698,172.31.40.0-255,66,224422,70,289842
22907,0.002791,74.125.24.0-255,1484,225906,70,289842
22908,0.002817,74.125.24.0-255,2902,228808,70,289842
22909,0.002829,74.125.24.0-255,1484,230292,70,289842
22910,0.002844,74.125.24.0-255,4320,234612,70,289842
22911,0.002847,172.31.40.0-255,66,234678,70,289842
22912,0.002852,172.31.40.0-255,66,234744,70,289842
22913,0.00289,74.125.24.0-255,5738,240482,70,289842
22914,0.002901,74.125.24.0-255,9992,250474,70,289842
22915,0.002926,74.125.24.0-255,2902,253376,70,289842
22916,0.002932,74.125.24.0-255,5020,258396,70,289842
22917,0.002935,172.31.40.0-255,66,258462,70,289842
22918,0.002946,172.31.40.0-255,66,258528,70,289842
22919,0.00296,74.125.24.0-255,1484,260012,70,289842
22920,0.002969,74.125.24.0-255,2902,262914,70,289842
22921,0.002972,74.125.24.0-255,1484,264398,70,289842
22922,0.00299,74.125.24.0-255,4320,268718,70,289842
22923,0.002993,74.125.24.0-255,1484,270202,70,289842
22924,0.003002,74.125.24.0-255,1484,271686,70,289842
22925,0.003008,172.31.40.0-255,66,271752,70,289842
22926,0.00302,74.125.24.0-255,7156,278908,70,289842
22927,0.003023,74.125.24.0-255,2902,281810,70,289842
22928,0.003047,74.125.24.0-255,2036,283846,70,289842
22929,0.003049,74.125.24.0-255,97,283943,70,289842
22930,0.003052,172.31.40.0-255,66,284009,70,289842
22931,0.003079,172.31.40.0-255,66,284075,70,289842
22932,0.003086,74.125.24.0-255,105,284180,70,289842
22933,0.004716,172.31.40.0-255,66,284246,70,289842
22934,0.004753,172.31.40.0-255,105,284351,70,289842
22935,0.007055,74.125.24.0-255,66,284417,70,289842
22936,0.03525,172.31.40.0-255,171,284588,70,289842
22937,0.035276,172.31.40.0-255,1141,285729,70,289842
22938,0.035332,172.31.40.0-255,1514,287243,70,289842
22939,0.035334,172.31.40.0-255,1514,288757,70,289842
22940,0.035361,172.31.40.0-255,821,289578,70,289842
22941,0.036788,104.244.42.0-255,66,289644,70,289842
22942,0.036877,104.244.42.0-255,66,289710,70,289842
22943,0.036898,104.244.42.0-255,66,289776,70,289842
22944,0.036964,104.244.42.0-255,66,289842,70,289842
22945,0.0,172.217.26.0-255,153,153,70,266959
22946,1.5e-05,172.31.40.0-255,66,219,70,266959
22947,3.3e-05,172.217.26.0-255,1484,1703,70,266959
22948,4.3e-05,172.31.40.0-255,66,1769,70,266959
22949,4.9e-05,172.217.26.0-255,2902,4671,70,266959
22950,5.1e-05,172.31.40.0-255,66,4737,70,266959
22951,5.5e-05,172.217.26.0-255,1484,6221,70,266959
22952,5.8e-05,172.31.40.0-255,66,6287,70,266959
22953,9.6e-05,172.217.26.0-255,2902,9189,70,266959
22954,9.9e-05,172.31.40.0-255,66,9255,70,266959
22955,0.000106,172.217.26.0-255,4903,14158,70,266959
22956,0.000108,172.31.40.0-255,66,14224,70,266959
22957,0.000185,172.217.26.0-255,1484,15708,70,266959
22958,0.000188,172.31.40.0-255,66,15774,70,266959
22959,0.000193,172.217.26.0-255,2902,18676,70,266959
22960,0.000194,172.31.40.0-255,66,18742,70,266959
22961,0.0002,172.217.26.0-255,4320,23062,70,266959
22962,0.000207,172.31.40.0-255,66,23128,70,266959
22963,0.000236,172.217.26.0-255,1484,24612,70,266959
22964,0.000238,172.31.40.0-255,66,24678,70,266959
22965,0.000246,172.217.26.0-255,6797,31475,70,266959
22966,0.000248,172.31.40.0-255,66,31541,70,266959
22967,0.000286,172.217.26.0-255,1484,33025,70,266959
22968,0.000289,172.31.40.0-255,66,33091,70,266959
22969,0.000294,172.217.26.0-255,2902,35993,70,266959
22970,0.000296,172.31.40.0-255,66,36059,70,266959
22971,0.000301,172.217.26.0-255,4320,40379,70,266959
22972,0.000308,172.31.40.0-255,66,40445,70,266959
22973,0.000339,172.217.26.0-255,1484,41929,70,266959
22974,0.000342,172.31.40.0-255,66,41995,70,266959
22975,0.000349,172.217.26.0-255,6797,48792,70,266959
22976,0.000352,172.31.40.0-255,66,48858,70,266959
22977,0.000385,172.217.26.0-255,1484,50342,70,266959
22978,0.000393,172.217.26.0-255,1484,51826,70,266959
22979,0.000395,172.31.40.0-255,66,51892,70,266959
22980,0.000422,172.217.26.0-255,1484,53376,70,266959
22981,0.000428,172.217.26.0-255,5738,59114,70,266959
22982,0.000431,172.31.40.0-255,66,59180,70,266959
22983,0.000436,172.217.26.0-255,4320,63500,70,266959
22984,0.000438,172.31.40.0-255,66,63566,70,266959
22985,0.000466,172.217.26.0-255,2833,66399,70,266959
22986,0.000468,172.31.40.0-255,66,66465,70,266959
22987,0.001154,172.217.26.0-255,135,66600,70,266959
22988,0.001348,172.217.26.0-255,1484,68084,70,266959
22989,0.001354,172.31.40.0-255,66,68150,70,266959
22990,0.001361,172.217.26.0-255,2902,71052,70,266959
22991,0.001363,172.31.40.0-255,66,71118,70,266959
22992,0.001393,172.217.26.0-255,4320,75438,70,266959
22993,0.001396,172.31.40.0-255,66,75504,70,266959
22994,0.001402,172.217.26.0-255,5738,81242,70,266959
22995,0.001404,172.31.40.0-255,66,81308,70,266959
22996,0.001456,172.31.40.0-255,66,81374,70,266959
22997,0.001463,172.217.26.0-255,5738,87112,70,266959
22998,0.001465,172.31.40.0-255,66,87178,70,266959
22999,0.001468,172.217.26.0-255,1125,88303,70,266959
23000,0.001855,172.217.26.0-255,1484,89787,70,266959
23001,0.001862,172.31.40.0-255,66,89853,70,266959
23002,0.001869,172.217.26.0-255,2902,92755,70,266959
23003,0.001871,172.31.40.0-255,66,92821,70,266959
23004,0.001883,172.217.26.0-255,5738,98559,70,266959
23005,0.001885,172.31.40.0-255,66,98625,70,266959
23006,0.001891,172.217.26.0-255,4320,102945,70,266959
23007,0.001894,172.31.40.0-255,66,103011,70,266959
23008,0.001937,172.217.26.0-255,8574,111585,70,266959
23009,0.001939,172.31.40.0-255,66,111651,70,266959
23010,0.001946,172.217.26.0-255,4320,115971,70,266959
23011,0.001948,172.31.40.0-255,66,116037,70,266959
23012,0.003819,172.217.26.0-255,2902,118939,70,266959
23013,0.003826,172.31.40.0-255,66,119005,70,266959
23014,0.003857,172.217.26.0-255,2902,121907,70,266959
23015,0.003861,172.31.40.0-255,66,121973,70,266959
23016,0.005717,172.217.26.0-255,2902,124875,70,266959
23017,0.005723,172.31.40.0-255,66,124941,70,266959
23018,0.005749,172.217.26.0-255,2902,127843,70,266959
23019,0.005751,172.31.40.0-255,66,127909,70,266959
23020,0.007601,172.217.26.0-255,2902,130811,70,266959
23021,0.007607,172.31.40.0-255,66,130877,70,266959
23022,0.007633,172.217.26.0-255,2902,133779,70,266959
23023,0.007636,172.31.40.0-255,66,133845,70,266959
23024,0.00954,172.217.26.0-255,5738,139583,70,266959
23025,0.009547,172.31.40.0-255,66,139649,70,266959
23026,0.011436,172.217.26.0-255,5738,145387,70,266959
23027,0.011443,172.31.40.0-255,66,145453,70,266959
23028,0.013339,172.217.26.0-255,5738,151191,70,266959
23029,0.013347,172.31.40.0-255,66,151257,70,266959
23030,0.015249,172.217.26.0-255,5738,156995,70,266959
23031,0.015258,172.31.40.0-255,66,157061,70,266959
23032,0.017152,172.217.26.0-255,5738,162799,70,266959
23033,0.017159,172.31.40.0-255,66,162865,70,266959
23034,0.019049,172.217.26.0-255,5738,168603,70,266959
23035,0.019054,172.31.40.0-255,66,168669,70,266959
23036,0.020959,172.217.26.0-255,5738,174407,70,266959
23037,0.020965,172.31.40.0-255,66,174473,70,266959
23038,0.022859,172.217.26.0-255,5738,180211,70,266959
23039,0.022866,172.31.40.0-255,66,180277,70,266959
23040,0.024762,172.217.26.0-255,5738,186015,70,266959
23041,0.02477,172.31.40.0-255,66,186081,70,266959
23042,0.026664,172.217.26.0-255,5738,191819,70,266959
23043,0.02667,172.31.40.0-255,66,191885,70,266959
23044,0.027798,172.31.40.0-255,172,192057,70,266959
23045,0.02783,172.31.40.0-255,1118,193175,70,266959
23046,0.027874,172.31.40.0-255,1514,194689,70,266959
23047,0.027876,172.31.40.0-255,1514,196203,70,266959
23048,0.027898,172.31.40.0-255,844,197047,70,266959
23049,0.02856,172.217.26.0-255,5738,202785,70,266959
23050,0.028566,172.31.40.0-255,66,202851,70,266959
23051,0.029322,104.244.42.0-255,66,202917,70,266959
23052,0.029341,104.244.42.0-255,66,202983,70,266959
23053,0.029449,104.244.42.0-255,66,203049,70,266959
23054,0.029452,104.244.42.0-255,66,203115,70,266959
23055,0.030465,172.217.26.0-255,5738,208853,70,266959
23056,0.030472,172.31.40.0-255,66,208919,70,266959
23057,0.032385,172.217.26.0-255,5738,214657,70,266959
23058,0.032392,172.31.40.0-255,66,214723,70,266959
23059,0.034292,172.217.26.0-255,5738,220461,70,266959
23060,0.034302,172.31.40.0-255,66,220527,70,266959
23061,0.036206,172.217.26.0-255,5738,226265,70,266959
23062,0.036212,172.31.40.0-255,66,226331,70,266959
23063,0.038119,172.217.26.0-255,5738,232069,70,266959
23064,0.038126,172.31.40.0-255,66,232135,70,266959
23065,0.040033,172.217.26.0-255,5738,237873,70,266959
23066,0.040041,172.31.40.0-255,66,237939,70,266959
23067,0.041953,172.217.26.0-255,5738,243677,70,266959
23068,0.041959,172.31.40.0-255,66,243743,70,266959
23069,0.043848,172.217.26.0-255,5738,249481,70,266959
23070,0.043854,172.31.40.0-255,66,249547,70,266959
23071,0.045754,172.217.26.0-255,5738,255285,70,266959
23072,0.04576,172.31.40.0-255,66,255351,70,266959
23073,0.047656,172.217.26.0-255,5738,261089,70,266959
23074,0.047663,172.31.40.0-255,66,261155,70,266959
23075,0.049558,172.217.26.0-255,5738,266893,70,266959
23076,0.049565,172.31.40.0-255,66,266959,70,266959
23077,0.0,74.125.24.0-255,153,153,70,230015
23078,2e-05,172.31.40.0-255,66,219,70,230015
23079,2.7e-05,74.125.24.0-255,1484,1703,70,230015
23080,3.1e-05,172.31.40.0-255,66,1769,70,230015
23081,3.7e-05,74.125.24.0-255,2902,4671,70,230015
23082,4.8e-05,172.31.40.0-255,66,4737,70,230015
23083,5.6e-05,74.125.24.0-255,7156,11893,70,230015
23084,5.9e-05,172.31.40.0-255,66,11959,70,230015
23085,6.7e-05,74.125.24.0-255,6273,18232,70,230015
23086,7e-05,172.31.40.0-255,66,18298,70,230015
23087,0.000105,74.125.24.0-255,1484,19782,70,230015
23088,0.000109,172.31.40.0-255,66,19848,70,230015
23089,0.00015,172.31.40.0-255,66,19914,70,230015
23090,0.000181,74.125.24.0-255,1484,21398,70,230015
23091,0.000183,172.31.40.0-255,66,21464,70,230015
23092,0.000187,74.125.24.0-255,1484,22948,70,230015
23093,0.000189,172.31.40.0-255,66,23014,70,230015
23094,0.000209,74.125.24.0-255,1484,24498,70,230015
23095,0.000211,172.31.40.0-255,66,24564,70,230015
23096,0.000222,74.125.24.0-255,5738,30302,70,230015
23097,0.000225,172.31.40.0-255,66,30368,70,230015
23098,0.000227,74.125.24.0-255,1484,31852,70,230015
23099,0.000229,172.31.40.0-255,66,31918,70,230015
23100,0.000278,172.31.40.0-255,66,31984,70,230015
23101,0.000288,74.125.24.0-255,9633,41617,70,230015
23102,0.00029,172.31.40.0-255,66,41683,70,230015
23103,0.000641,74.125.24.0-255,645,42328,70,230015
23104,0.000647,172.31.40.0-255,66,42394,70,230015
23105,0.001737,74.125.24.0-255,1484,43878,70,230015
23106,0.001744,172.31.40.0-255,66,43944,70,230015
23107,0.001754,74.125.24.0-255,2902,46846,70,230015
23108,0.001757,172.31.40.0-255,66,46912,70,230015
23109,0.00177,74.125.24.0-255,5738,52650,70,230015
23110,0.001773,172.31.40.0-255,66,52716,70,230015
23111,0.001828,74.125.24.0-255,9633,62349,70,230015
23112,0.001954,74.125.24.0-255,1484,63833,70,230015
23113,0.00197,74.125.24.0-255,2902,66735,70,230015
23114,0.001991,74.125.24.0-255,5738,72473,70,230015
23115,0.002015,74.125.24.0-255,2902,75375,70,230015
23116,0.002029,74.125.24.0-255,7156,82531,70,230015
23117,0.002034,74.125.24.0-255,4320,86851,70,230015
23118,0.00205,74.125.24.0-255,7156,94007,70,230015
23119,0.002055,74.125.24.0-255,2184,96191,70,230015
23120,0.002352,74.125.24.0-255,1484,97675,70,230015
23121,0.002355,74.125.24.0-255,1484,99159,70,230015
23122,0.002368,74.125.24.0-255,1484,100643,70,230015
23123,0.002371,74.125.24.0-255,1484,102127,70,230015
23124,0.00239,74.125.24.0-255,4320,106447,70,230015
23125,0.002396,74.125.24.0-255,5738,112185,70,230015
23126,0.00242,74.125.24.0-255,7156,119341,70,230015
23127,0.00243,74.125.24.0-255,10692,130033,70,230015
23128,0.006592,172.31.40.0-255,66,130099,70,230015
23129,0.009207,74.125.24.0-255,5738,135837,70,230015
23130,0.009213,172.31.40.0-255,66,135903,70,230015
23131,0.011831,74.125.24.0-255,5738,141641,70,230015
23132,0.01184,172.31.40.0-255,66,141707,70,230015
23133,0.014469,74.125.24.0-255,5738,147445,70,230015
23134,0.014477,172.31.40.0-255,66,147511,70,230015
23135,0.017075,74.125.24.0-255,5738,153249,70,230015
23136,0.017083,172.31.40.0-255,66,153315,70,230015
23137,0.019684,74.125.24.0-255,5738,159053,70,230015
23138,0.019694,172.31.40.0-255,66,159119,70,230015
23139,0.022343,74.125.24.0-255,5738,164857,70,230015
23140,0.02235,172.31.40.0-255,66,164923,70,230015
23141,0.024932,74.125.24.0-255,5738,170661,70,230015
23142,0.024938,172.31.40.0-255,66,170727,70,230015
23143,0.027548,74.125.24.0-255,5738,176465,70,230015
23144,0.027557,172.31.40.0-255,66,176531,70,230015
23145,0.030161,74.125.24.0-255,5738,182269,70,230015
23146,0.030171,172.31.40.0-255,66,182335,70,230015
23147,0.032765,74.125.24.0-255,5738,188073,70,230015
23148,0.032774,172.31.40.0-255,66,188139,70,230015
23149,0.035394,74.125.24.0-255,5738,193877,70,230015
23150,0.035405,172.31.40.0-255,66,193943,70,230015
23151,0.038017,74.125.24.0-255,5738,199681,70,230015
23152,0.038026,172.31.40.0-255,66,199747,70,230015
23153,0.038167,172.31.40.0-255,101,199848,70,230015
23154,0.040674,74.125.24.0-255,5738,205586,70,230015
23155,0.040687,172.31.40.0-255,66,205652,70,230015
23156,0.040738,74.125.24.0-255,66,205718,70,230015
23157,0.04328,74.125.24.0-255,5738,211456,70,230015
23158,0.043288,172.31.40.0-255,66,211522,70,230015
23159,0.044037,172.31.40.0-255,172,211694,70,230015
23160,0.04407,172.31.40.0-255,1117,212811,70,230015
23161,0.044138,172.31.40.0-255,1514,214325,70,230015
23162,0.04414,172.31.40.0-255,1514,215839,70,230015
23163,0.044149,172.31.40.0-255,1514,217353,70,230015
23164,0.04415,172.31.40.0-255,790,218143,70,230015
23165,0.045601,104.244.42.0-255,66,218209,70,230015
23166,0.045609,104.244.42.0-255,66,218275,70,230015
23167,0.045671,104.244.42.0-255,66,218341,70,230015
23168,0.04573,104.244.42.0-255,66,218407,70,230015
23169,0.045871,74.125.24.0-255,5738,224145,70,230015
23170,0.045878,172.31.40.0-255,66,224211,70,230015
23171,0.048487,74.125.24.0-255,5738,229949,70,230015
23172,0.048494,172.31.40.0-255,66,230015,70,230015
23173,0.0,172.217.194.0-255,153,153,70,283809
23174,1.9e-05,172.31.40.0-255,66,219,70,283809
23175,2.7e-05,172.217.194.0-255,1484,1703,70,283809
23176,3.2e-05,172.31.40.0-255,66,1769,70,283809
23177,3.8e-05,172.217.194.0-255,2902,4671,70,283809
23178,4.9e-05,172.31.40.0-255,66,4737,70,283809
23179,5.7e-05,172.217.194.0-255,7156,11893,70,283809
23180,6.1e-05,172.31.40.0-255,66,11959,70,283809
23181,6.8e-05,172.217.194.0-255,7156,19115,70,283809
23182,7.1e-05,172.31.40.0-255,66,19181,70,283809
23183,0.000112,172.217.194.0-255,9192,28373,70,283809
23184,0.000115,172.31.40.0-255,66,28439,70,283809
23185,0.00012,172.217.194.0-255,2543,30982,70,283809
23186,0.000122,172.31.40.0-255,66,31048,70,283809
23187,0.000148,172.217.194.0-255,1484,32532,70,283809
23188,0.00015,172.31.40.0-255,66,32598,70,283809
23189,0.000154,172.217.194.0-255,2902,35500,70,283809
23190,0.000156,172.31.40.0-255,66,35566,70,283809
23191,0.000163,172.217.194.0-255,5738,41304,70,283809
23192,0.000166,172.31.40.0-255,66,41370,70,283809
23193,0.00021,172.217.194.0-255,9633,51003,70,283809
23194,0.000213,172.31.40.0-255,66,51069,70,283809
23195,0.000221,172.217.194.0-255,9992,61061,70,283809
23196,0.000224,172.31.40.0-255,66,61127,70,283809
23197,0.000234,172.217.194.0-255,4250,65377,70,283809
23198,0.000236,172.31.40.0-255,66,65443,70,283809
23199,0.000278,172.217.194.0-255,3202,68645,70,283809
23200,0.000281,172.31.40.0-255,66,68711,70,283809
23201,0.000286,172.217.194.0-255,4320,73031,70,283809
23202,0.000289,172.31.40.0-255,66,73097,70,283809
23203,0.000347,172.217.194.0-255,9633,82730,70,283809
23204,0.00035,172.31.40.0-255,66,82796,70,283809
23205,0.000353,172.217.194.0-255,1484,84280,70,283809
23206,0.000358,172.217.194.0-255,2902,87182,70,283809
23207,0.000363,172.217.194.0-255,5738,92920,70,283809
23208,0.000384,172.217.194.0-255,5738,98658,70,283809
23209,0.00039,172.31.40.0-255,66,98724,70,283809
23210,0.000401,172.217.194.0-255,3412,102136,70,283809
23211,0.000413,172.31.40.0-255,66,102202,70,283809
23212,0.000454,172.217.194.0-255,1484,103686,70,283809
23213,0.000489,172.217.194.0-255,5738,109424,70,283809
23214,0.000511,172.217.194.0-255,5787,115211,70,283809
23215,0.000674,172.31.40.0-255,66,115277,70,283809
23216,0.000855,172.217.194.0-255,1484,116761,70,283809
23217,0.000861,172.217.194.0-255,2902,119663,70,283809
23218,0.00087,172.217.194.0-255,1484,121147,70,283809
23219,0.000886,172.217.194.0-255,4320,125467,70,283809
23220,0.000893,172.217.194.0-255,7156,132623,70,283809
23221,0.000919,172.217.194.0-255,9992,142615,70,283809
23222,0.000934,172.217.194.0-255,4320,146935,70,283809
23223,0.000938,172.217.194.0-255,2184,149119,70,283809
23224,0.00094,172.31.40.0-255,66,149185,70,283809
23225,0.000951,172.31.40.0-255,66,149251,70,283809
23226,0.001022,172.217.194.0-255,1484,150735,70,283809
23227,0.001036,172.217.194.0-255,2902,153637,70,283809
23228,0.001047,172.31.40.0-255,66,153703,70,283809
23229,0.001058,172.217.194.0-255,5738,159441,70,283809
23230,0.001063,172.31.40.0-255,66,159507,70,283809
23231,0.001109,172.217.194.0-255,10692,170199,70,283809
23232,0.001123,172.31.40.0-255,66,170265,70,283809
23233,0.00121,172.217.194.0-255,1484,171749,70,283809
23234,0.00123,172.217.194.0-255,2902,174651,70,283809
23235,0.001237,172.217.194.0-255,5738,180389,70,283809
23236,0.001243,172.217.194.0-255,5738,186127,70,283809
23237,0.001268,172.31.40.0-255,66,186193,70,283809
23238,0.001289,172.217.194.0-255,2902,189095,70,283809
23239,0.001296,172.31.40.0-255,66,189161,70,283809
23240,0.001304,172.217.194.0-255,2184,191345,70,283809
23241,0.001328,172.31.40.0-255,66,191411,70,283809
23242,0.001637,172.217.194.0-255,1484,192895,70,283809
23243,0.001642,172.217.194.0-255,2902,195797,70,283809
23244,0.001647,172.217.194.0-255,2902,198699,70,283809
23245,0.001663,172.217.194.0-255,2902,201601,70,283809
23246,0.001667,172.31.40.0-255,66,201667,70,283809
23247,0.001672,172.31.40.0-255,66,201733,70,283809
23248,0.00174,172.217.194.0-255,10692,212425,70,283809
23249,0.001781,172.217.194.0-255,1484,213909,70,283809
23250,0.0018,172.217.194.0-255,9992,223901,70,283809
23251,0.00181,172.217.194.0-255,9992,233893,70,283809
23252,0.00182,172.31.40.0-255,66,233959,70,283809
23253,0.001863,172.31.40.0-255,66,234025,70,283809
23254,0.001867,172.217.194.0-255,2902,236927,70,283809
23255,0.001909,172.217.194.0-255,766,237693,70,283809
23256,0.001912,172.217.194.0-255,1484,239177,70,283809
23257,0.001926,172.31.40.0-255,66,239243,70,283809
23258,0.001953,172.217.194.0-255,4320,243563,70,283809
23259,0.001963,172.217.194.0-255,9992,253555,70,283809
23260,0.001972,172.217.194.0-255,9992,263547,70,283809
23261,0.001996,172.31.40.0-255,66,263613,70,283809
23262,0.002028,172.217.194.0-255,7856,271469,70,283809
23263,0.002035,172.31.40.0-255,66,271535,70,283809
23264,0.002071,172.217.194.0-255,1484,273019,70,283809
23265,0.002093,172.217.194.0-255,2902,275921,70,283809
23266,0.0021,172.217.194.0-255,5738,281659,70,283809
23267,0.002105,172.31.40.0-255,66,281725,70,283809
23268,0.002146,172.217.194.0-255,1676,283401,70,283809
23269,0.002158,172.31.40.0-255,66,283467,70,283809
23270,0.00218,172.217.194.0-255,105,283572,70,283809
23271,0.018945,172.31.40.0-255,66,283638,70,283809
23272,0.019003,172.31.40.0-255,105,283743,70,283809
23273,0.021238,172.217.194.0-255,66,283809,70,283809
23274,0.0,74.125.68.0-255,153,153,70,390141
23275,2.2e-05,172.31.40.0-255,66,219,70,390141
23276,2.9e-05,74.125.68.0-255,1484,1703,70,390141
23277,3.5e-05,172.31.40.0-255,66,1769,70,390141
23278,4e-05,74.125.68.0-255,2902,4671,70,390141
23279,4.3e-05,172.31.40.0-255,66,4737,70,390141
23280,7.1e-05,74.125.68.0-255,7156,11893,70,390141
23281,7.4e-05,172.31.40.0-255,66,11959,70,390141
23282,7.8e-05,74.125.68.0-255,2090,14049,70,390141
23283,8.1e-05,172.31.40.0-255,66,14115,70,390141
23284,0.000203,74.125.68.0-255,1484,15599,70,390141
23285,0.000207,172.31.40.0-255,66,15665,70,390141
23286,0.00021,74.125.68.0-255,1484,17149,70,390141
23287,0.000213,172.31.40.0-255,66,17215,70,390141
23288,0.000217,74.125.68.0-255,2902,20117,70,390141
23289,0.000219,172.31.40.0-255,66,20183,70,390141
23290,0.000237,74.125.68.0-255,1484,21667,70,390141
23291,0.00024,172.31.40.0-255,66,21733,70,390141
23292,0.000265,74.125.68.0-255,4320,26053,70,390141
23293,0.000268,172.31.40.0-255,66,26119,70,390141
23294,0.000274,74.125.68.0-255,5379,31498,70,390141
23295,0.000276,172.31.40.0-255,66,31564,70,390141
23296,0.000304,74.125.68.0-255,5738,37302,70,390141
23297,0.000307,172.31.40.0-255,66,37368,70,390141
23298,0.000351,74.125.68.0-255,4320,41688,70,390141
23299,0.000353,172.31.40.0-255,66,41754,70,390141
23300,0.000375,74.125.68.0-255,4320,46074,70,390141
23301,0.000377,172.31.40.0-255,66,46140,70,390141
23302,0.000386,74.125.68.0-255,9992,56132,70,390141
23303,0.000389,172.31.40.0-255,66,56198,70,390141
23304,0.000395,74.125.68.0-255,7156,63354,70,390141
23305,0.000398,172.31.40.0-255,66,63420,70,390141
23306,0.000422,74.125.68.0-255,2184,65604,70,390141
23307,0.000424,172.31.40.0-255,66,65670,70,390141
23308,0.000439,74.125.68.0-255,444,66114,70,390141
23309,0.000579,74.125.68.0-255,1484,67598,70,390141
23310,0.000582,172.31.40.0-255,66,67664,70,390141
23311,0.000588,74.125.68.0-255,2902,70566,70,390141
23312,0.000591,172.31.40.0-255,66,70632,70,390141
23313,0.000618,74.125.68.0-255,5738,76370,70,390141
23314,0.000621,172.31.40.0-255,66,76436,70,390141
23315,0.000643,74.125.68.0-255,5738,82174,70,390141
23316,0.000646,172.31.40.0-255,66,82240,70,390141
23317,0.000652,74.125.68.0-255,5738,87978,70,390141
23318,0.000655,172.31.40.0-255,66,88044,70,390141
23319,0.000671,74.125.68.0-255,1484,89528,70,390141
23320,0.000675,74.125.68.0-255,1484,91012,70,390141
23321,0.000677,172.31.40.0-255,66,91078,70,390141
23322,0.000708,74.125.68.0-255,9274,100352,70,390141
23323,0.000711,172.31.40.0-255,66,100418,70,390141
23324,0.000727,74.125.68.0-255,330,100748,70,390141
23325,0.000757,74.125.68.0-255,1484,102232,70,390141
23326,0.00076,172.31.40.0-255,66,102298,70,390141
23327,0.000764,74.125.68.0-255,1484,103782,70,390141
23328,0.000779,74.125.68.0-255,1484,105266,70,390141
23329,0.000781,172.31.40.0-255,66,105332,70,390141
23330,0.000797,74.125.68.0-255,4320,109652,70,390141
23331,0.0008,172.31.40.0-255,66,109718,70,390141
23332,0.00082,74.125.68.0-255,1484,111202,70,390141
23333,0.00083,74.125.68.0-255,9992,121194,70,390141
23334,0.000833,172.31.40.0-255,66,121260,70,390141
23335,0.000856,74.125.68.0-255,8574,129834,70,390141
23336,0.000859,172.31.40.0-255,66,129900,70,390141
23337,0.000882,74.125.68.0-255,2902,132802,70,390141
23338,0.000884,172.31.40.0-255,66,132868,70,390141
23339,0.000888,74.125.68.0-255,2184,135052,70,390141
23340,0.000891,172.31.40.0-255,66,135118,70,390141
23341,0.000956,74.125.68.0-255,1484,136602,70,390141
23342,0.000976,74.125.68.0-255,2902,139504,70,390141
23343,0.000979,172.31.40.0-255,66,139570,70,390141
23344,0.000984,74.125.68.0-255,4320,143890,70,390141
23345,0.000987,172.31.40.0-255,66,143956,70,390141
23346,0.001026,74.125.68.0-255,8574,152530,70,390141
23347,0.001029,172.31.40.0-255,66,152596,70,390141
23348,0.001036,74.125.68.0-255,5738,158334,70,390141
23349,0.001038,172.31.40.0-255,66,158400,70,390141
23350,0.001045,74.125.68.0-255,5738,164138,70,390141
23351,0.001047,172.31.40.0-255,66,164204,70,390141
23352,0.001068,74.125.68.0-255,1484,165688,70,390141
23353,0.001074,74.125.68.0-255,3602,169290,70,390141
23354,0.001077,172.31.40.0-255,66,169356,70,390141
23355,0.001248,74.125.68.0-255,1484,170840,70,390141
23356,0.001254,74.125.68.0-255,1484,172324,70,390141
23357,0.001258,172.31.40.0-255,66,172390,70,390141
23358,0.001278,74.125.68.0-255,1484,173874,70,390141
23359,0.001283,74.125.68.0-255,2902,176776,70,390141
23360,0.001286,172.31.40.0-255,66,176842,70,390141
23361,0.001292,74.125.68.0-255,4320,181162,70,390141
23362,0.001294,172.31.40.0-255,66,181228,70,390141
23363,0.001322,74.125.68.0-255,8574,189802,70,390141
23364,0.001325,172.31.40.0-255,66,189868,70,390141
23365,0.001328,74.125.68.0-255,1484,191352,70,390141
23366,0.001332,74.125.68.0-255,2902,194254,70,390141
23367,0.001335,172.31.40.0-255,66,194320,70,390141
23368,0.001364,74.125.68.0-255,5738,200058,70,390141
23369,0.001367,172.31.40.0-255,66,200124,70,390141
23370,0.001373,74.125.68.0-255,3602,203726,70,390141
23371,0.001375,172.31.40.0-255,66,203792,70,390141
23372,0.001533,74.125.68.0-255,1484,205276,70,390141
23373,0.00154,74.125.68.0-255,2902,208178,70,390141
23374,0.001543,172.31.40.0-255,66,208244,70,390141
23375,0.001547,74.125.68.0-255,1484,209728,70,390141
23376,0.001565,74.125.68.0-255,2902,212630,70,390141
23377,0.001568,172.31.40.0-255,66,212696,70,390141
23378,0.001581,74.125.68.0-255,1484,214180,70,390141
23379,0.001587,74.125.68.0-255,5738,219918,70,390141
23380,0.00159,172.31.40.0-255,66,219984,70,390141
23381,0.001593,74.125.68.0-255,1484,221468,70,390141
23382,0.001616,74.125.68.0-255,5738,227206,70,390141
23383,0.00162,172.31.40.0-255,66,227272,70,390141
23384,0.00166,74.125.68.0-255,1484,228756,70,390141
23385,0.001677,74.125.68.0-255,9274,238030,70,390141
23386,0.001681,172.31.40.0-255,66,238096,70,390141
23387,0.001692,74.125.68.0-255,1484,239580,70,390141
23388,0.001707,74.125.68.0-255,2902,242482,70,390141
23389,0.00171,172.31.40.0-255,66,242548,70,390141
23390,0.001713,74.125.68.0-255,1484,244032,70,390141
23391,0.001735,74.125.68.0-255,4320,248352,70,390141
23392,0.001737,172.31.40.0-255,66,248418,70,390141
23393,0.001741,74.125.68.0-255,2902,251320,70,390141
23394,0.001744,172.31.40.0-255,66,251386,70,390141
23395,0.001771,74.125.68.0-255,9992,261378,70,390141
23396,0.001774,172.31.40.0-255,66,261444,70,390141
23397,0.001811,74.125.68.0-255,9992,271436,70,390141
23398,0.001815,172.31.40.0-255,66,271502,70,390141
23399,0.001835,74.125.68.0-255,7156,278658,70,390141
23400,0.001837,172.31.40.0-255,66,278724,70,390141
23401,0.001855,74.125.68.0-255,3602,282326,70,390141
23402,0.001858,172.31.40.0-255,66,282392,70,390141
23403,0.001865,74.125.68.0-255,5738,288130,70,390141
23404,0.001867,172.31.40.0-255,66,288196,70,390141
23405,0.001892,74.125.68.0-255,5738,293934,70,390141
23406,0.001895,172.31.40.0-255,66,294000,70,390141
23407,0.001923,172.31.40.0-255,66,294066,70,390141
23408,0.001926,74.125.68.0-255,1484,295550,70,390141
23409,0.001931,74.125.68.0-255,2902,298452,70,390141
23410,0.001933,172.31.40.0-255,66,298518,70,390141
23411,0.001936,74.125.68.0-255,1484,300002,70,390141
23412,0.00196,74.125.68.0-255,4320,304322,70,390141
23413,0.001963,172.31.40.0-255,66,304388,70,390141
23414,0.00197,74.125.68.0-255,5738,310126,70,390141
23415,0.001972,172.31.40.0-255,66,310192,70,390141
23416,0.001979,74.125.68.0-255,7156,317348,70,390141
23417,0.001982,172.31.40.0-255,66,317414,70,390141
23418,0.002005,74.125.68.0-255,1484,318898,70,390141
23419,0.002034,74.125.68.0-255,9274,328172,70,390141
23420,0.002038,172.31.40.0-255,66,328238,70,390141
23421,0.004575,74.125.68.0-255,5738,333976,70,390141
23422,0.004582,172.31.40.0-255,66,334042,70,390141
23423,0.007122,74.125.68.0-255,5738,339780,70,390141
23424,0.007132,172.31.40.0-255,66,339846,70,390141
23425,0.009676,74.125.68.0-255,5738,345584,70,390141
23426,0.009685,172.31.40.0-255,66,345650,70,390141
23427,0.012242,74.125.68.0-255,5738,351388,70,390141
23428,0.012258,172.31.40.0-255,66,351454,70,390141
23429,0.014818,74.125.68.0-255,5738,357192,70,390141
23430,0.014834,172.31.40.0-255,66,357258,70,390141
23431,0.017392,74.125.68.0-255,5738,362996,70,390141
23432,0.017407,172.31.40.0-255,66,363062,70,390141
23433,0.019964,74.125.68.0-255,5738,368800,70,390141
23434,0.019975,172.31.40.0-255,66,368866,70,390141
23435,0.02252,74.125.68.0-255,5738,374604,70,390141
23436,0.02253,172.31.40.0-255,66,374670,70,390141
23437,0.025097,74.125.68.0-255,5738,380408,70,390141
23438,0.025113,172.31.40.0-255,66,380474,70,390141
23439,0.027664,74.125.68.0-255,5738,386212,70,390141
23440,0.027675,172.31.40.0-255,66,386278,70,390141
23441,0.030216,74.125.68.0-255,3626,389904,70,390141
23442,0.030226,172.31.40.0-255,66,389970,70,390141
23443,0.030856,172.31.40.0-255,105,390075,70,390141
23444,0.033375,74.125.68.0-255,66,390141,70,390141
23445,0.0,74.125.24.0-255,217,217,70,243153
23446,2.3e-05,172.31.40.0-255,66,283,70,243153
23447,3.1e-05,74.125.24.0-255,1484,1767,70,243153
23448,3.6e-05,172.31.40.0-255,66,1833,70,243153
23449,5e-05,74.125.24.0-255,2902,4735,70,243153
23450,5.3e-05,172.31.40.0-255,66,4801,70,243153
23451,6e-05,74.125.24.0-255,5738,10539,70,243153
23452,6.5e-05,172.31.40.0-255,66,10605,70,243153
23453,0.000107,74.125.24.0-255,3357,13962,70,243153
23454,0.00011,172.31.40.0-255,66,14028,70,243153
23455,0.000116,74.125.24.0-255,4320,18348,70,243153
23456,0.00012,172.31.40.0-255,66,18414,70,243153
23457,0.000129,74.125.24.0-255,9992,28406,70,243153
23458,0.000131,172.31.40.0-255,66,28472,70,243153
23459,0.000136,74.125.24.0-255,2543,31015,70,243153
23460,0.000138,172.31.40.0-255,66,31081,70,243153
23461,0.000377,74.125.24.0-255,1484,32565,70,243153
23462,0.000382,172.31.40.0-255,66,32631,70,243153
23463,0.000387,74.125.24.0-255,2902,35533,70,243153
23464,0.000389,172.31.40.0-255,66,35599,70,243153
23465,0.000416,74.125.24.0-255,5738,41337,70,243153
23466,0.000419,172.31.40.0-255,66,41403,70,243153
23467,0.000445,74.125.24.0-255,8574,49977,70,243153
23468,0.000447,172.31.40.0-255,66,50043,70,243153
23469,0.000474,74.125.24.0-255,1125,51168,70,243153
23470,0.000477,172.31.40.0-255,66,51234,70,243153
23471,0.000486,74.125.24.0-255,9992,61226,70,243153
23472,0.000488,172.31.40.0-255,66,61292,70,243153
23473,0.000492,74.125.24.0-255,3961,65253,70,243153
23474,0.000494,172.31.40.0-255,66,65319,70,243153
23475,0.000543,74.125.24.0-255,395,65714,70,243153
23476,0.000546,172.31.40.0-255,66,65780,70,243153
23477,0.000709,74.125.24.0-255,347,66127,70,243153
23478,0.001042,172.31.40.0-255,66,66193,70,243153
23479,0.001159,74.125.24.0-255,1484,67677,70,243153
23480,0.001167,74.125.24.0-255,2902,70579,70,243153
23481,0.001171,172.31.40.0-255,66,70645,70,243153
23482,0.001192,74.125.24.0-255,5738,76383,70,243153
23483,0.001194,172.31.40.0-255,66,76449,70,243153
23484,0.001197,74.125.24.0-255,1484,77933,70,243153
23485,0.001208,74.125.24.0-255,4320,82253,70,243153
23486,0.001211,172.31.40.0-255,66,82319,70,243153
23487,0.001243,74.125.24.0-255,4320,86639,70,243153
23488,0.001245,172.31.40.0-255,66,86705,70,243153
23489,0.001252,74.125.24.0-255,4320,91025,70,243153
23490,0.001254,172.31.40.0-255,66,91091,70,243153
23491,0.001294,74.125.24.0-255,9274,100365,70,243153
23492,0.001297,172.31.40.0-255,66,100431,70,243153
23493,0.001322,74.125.24.0-255,1484,101915,70,243153
23494,0.001326,74.125.24.0-255,2902,104817,70,243153
23495,0.001329,172.31.40.0-255,66,104883,70,243153
23496,0.001336,74.125.24.0-255,5738,110621,70,243153
23497,0.001338,172.31.40.0-255,66,110687,70,243153
23498,0.001341,74.125.24.0-255,1484,112171,70,243153
23499,0.001367,74.125.24.0-255,4320,116491,70,243153
23500,0.00137,172.31.40.0-255,66,116557,70,243153
23501,0.001379,74.125.24.0-255,8574,125131,70,243153
23502,0.001384,172.31.40.0-255,66,125197,70,243153
23503,0.001408,74.125.24.0-255,4320,129517,70,243153
23504,0.001415,74.125.24.0-255,5020,134537,70,243153
23505,0.001477,172.31.40.0-255,66,134603,70,243153
23506,0.004118,74.125.24.0-255,5738,140341,70,243153
23507,0.004126,172.31.40.0-255,66,140407,70,243153
23508,0.006749,74.125.24.0-255,5738,146145,70,243153
23509,0.006757,172.31.40.0-255,66,146211,70,243153
23510,0.009408,74.125.24.0-255,4320,150531,70,243153
23511,0.009416,172.31.40.0-255,66,150597,70,243153
23512,0.009443,74.125.24.0-255,1484,152081,70,243153
23513,0.012049,74.125.24.0-255,4320,156401,70,243153
23514,0.012057,172.31.40.0-255,66,156467,70,243153
23515,0.014683,74.125.24.0-255,5738,162205,70,243153
23516,0.014693,172.31.40.0-255,66,162271,70,243153
23517,0.017328,74.125.24.0-255,5738,168009,70,243153
23518,0.017336,172.31.40.0-255,66,168075,70,243153
23519,0.019991,74.125.24.0-255,5738,173813,70,243153
23520,0.020001,172.31.40.0-255,66,173879,70,243153
23521,0.022659,74.125.24.0-255,5738,179617,70,243153
23522,0.022669,172.31.40.0-255,66,179683,70,243153
23523,0.025298,74.125.24.0-255,5738,185421,70,243153
23524,0.02531,172.31.40.0-255,66,185487,70,243153
23525,0.027937,74.125.24.0-255,5738,191225,70,243153
23526,0.027948,172.31.40.0-255,66,191291,70,243153
23527,0.030588,74.125.24.0-255,5738,197029,70,243153
23528,0.030596,172.31.40.0-255,66,197095,70,243153
23529,0.031469,172.31.40.0-255,176,197271,70,243153
23530,0.031501,172.31.40.0-255,1119,198390,70,243153
23531,0.031563,172.31.40.0-255,1514,199904,70,243153
23532,0.031565,172.31.40.0-255,1514,201418,70,243153
23533,0.031566,172.31.40.0-255,843,202261,70,243153
23534,0.033025,104.244.42.0-255,66,202327,70,243153
23535,0.033065,104.244.42.0-255,66,202393,70,243153
23536,0.033125,104.244.42.0-255,66,202459,70,243153
23537,0.033142,104.244.42.0-255,66,202525,70,243153
23538,0.033216,74.125.24.0-255,5738,208263,70,243153
23539,0.033222,172.31.40.0-255,66,208329,70,243153
23540,0.035858,74.125.24.0-255,5738,214067,70,243153
23541,0.035867,172.31.40.0-255,66,214133,70,243153
23542,0.038509,74.125.24.0-255,5738,219871,70,243153
23543,0.038517,172.31.40.0-255,66,219937,70,243153
23544,0.041196,74.125.24.0-255,5738,225675,70,243153
23545,0.04121,172.31.40.0-255,66,225741,70,243153
23546,0.043861,74.125.24.0-255,5738,231479,70,243153
23547,0.043872,172.31.40.0-255,66,231545,70,243153
23548,0.046516,74.125.24.0-255,5738,237283,70,243153
23549,0.046526,172.31.40.0-255,66,237349,70,243153
23550,0.049158,74.125.24.0-255,5738,243087,70,243153
23551,0.049166,172.31.40.0-255,66,243153,70,243153
23552,0.0,74.125.24.0-255,153,153,70,344662
23553,2.3e-05,172.31.40.0-255,66,219,70,344662
23554,3e-05,74.125.24.0-255,1484,1703,70,344662
23555,3.5e-05,172.31.40.0-255,66,1769,70,344662
23556,4e-05,74.125.24.0-255,2902,4671,70,344662
23557,5.1e-05,172.31.40.0-255,66,4737,70,344662
23558,5.9e-05,74.125.24.0-255,7156,11893,70,344662
23559,6.3e-05,172.31.40.0-255,66,11959,70,344662
23560,6.7e-05,74.125.24.0-255,1934,13893,70,344662
23561,7e-05,172.31.40.0-255,66,13959,70,344662
23562,0.000129,74.125.24.0-255,1484,15443,70,344662
23563,0.000132,172.31.40.0-255,66,15509,70,344662
23564,0.000135,74.125.24.0-255,1484,16993,70,344662
23565,0.000138,172.31.40.0-255,66,17059,70,344662
23566,0.000167,74.125.24.0-255,1484,18543,70,344662
23567,0.000169,172.31.40.0-255,66,18609,70,344662
23568,0.00018,74.125.24.0-255,5738,24347,70,344662
23569,0.000183,172.31.40.0-255,66,24413,70,344662
23570,0.000212,74.125.24.0-255,6797,31210,70,344662
23571,0.000219,172.31.40.0-255,66,31276,70,344662
23572,0.000297,74.125.24.0-255,1484,32760,70,344662
23573,0.0003,172.31.40.0-255,66,32826,70,344662
23574,0.000304,74.125.24.0-255,1484,34310,70,344662
23575,0.000306,172.31.40.0-255,66,34376,70,344662
23576,0.000341,74.125.24.0-255,1484,35860,70,344662
23577,0.000344,172.31.40.0-255,66,35926,70,344662
23578,0.000351,74.125.24.0-255,5738,41664,70,344662
23579,0.000353,172.31.40.0-255,66,41730,70,344662
23580,0.000394,74.125.24.0-255,6797,48527,70,344662
23581,0.000397,172.31.40.0-255,66,48593,70,344662
23582,0.000738,74.125.24.0-255,1484,50077,70,344662
23583,0.000742,172.31.40.0-255,66,50143,70,344662
23584,0.000748,74.125.24.0-255,2902,53045,70,344662
23585,0.000761,74.125.24.0-255,5738,58783,70,344662
23586,0.000778,74.125.24.0-255,4320,63103,70,344662
23587,0.000789,74.125.24.0-255,2543,65646,70,344662
23588,0.000825,74.125.24.0-255,1484,67130,70,344662
23589,0.000843,74.125.24.0-255,2902,70032,70,344662
23590,0.00085,74.125.24.0-255,5738,75770,70,344662
23591,0.000879,74.125.24.0-255,6797,82567,70,344662
23592,0.000983,74.125.24.0-255,1484,84051,70,344662
23593,0.001015,74.125.24.0-255,2902,86953,70,344662
23594,0.001019,74.125.24.0-255,2902,89855,70,344662
23595,0.001045,172.31.40.0-255,66,89921,70,344662
23596,0.001056,74.125.24.0-255,2902,92823,70,344662
23597,0.001068,74.125.24.0-255,6797,99620,70,344662
23598,0.001075,172.31.40.0-255,66,99686,70,344662
23599,0.001131,74.125.24.0-255,1484,101170,70,344662
23600,0.001146,74.125.24.0-255,1484,102654,70,344662
23601,0.001166,74.125.24.0-255,1484,104138,70,344662
23602,0.001172,74.125.24.0-255,5738,109876,70,344662
23603,0.001179,74.125.24.0-255,5738,115614,70,344662
23604,0.001203,74.125.24.0-255,1484,117098,70,344662
23605,0.001221,74.125.24.0-255,2184,119282,70,344662
23606,0.001257,74.125.24.0-255,647,119929,70,344662
23607,0.001371,172.31.40.0-255,66,119995,70,344662
23608,0.001452,74.125.24.0-255,1484,121479,70,344662
23609,0.001459,74.125.24.0-255,2902,124381,70,344662
23610,0.001474,172.31.40.0-255,66,124447,70,344662
23611,0.001482,74.125.24.0-255,5738,130185,70,344662
23612,0.001488,172.31.40.0-255,66,130251,70,344662
23613,0.001526,74.125.24.0-255,1484,131735,70,344662
23614,0.001552,74.125.24.0-255,9274,141009,70,344662
23615,0.00156,172.31.40.0-255,66,141075,70,344662
23616,0.002299,74.125.24.0-255,1484,142559,70,344662
23617,0.002315,74.125.24.0-255,1484,144043,70,344662
23618,0.00232,172.31.40.0-255,66,144109,70,344662
23619,0.002357,74.125.24.0-255,1484,145593,70,344662
23620,0.002361,74.125.24.0-255,1484,147077,70,344662
23621,0.002373,172.31.40.0-255,66,147143,70,344662
23622,0.002386,74.125.24.0-255,2902,150045,70,344662
23623,0.002393,74.125.24.0-255,5738,155783,70,344662
23624,0.002404,74.125.24.0-255,7156,162939,70,344662
23625,0.002407,74.125.24.0-255,1484,164423,70,344662
23626,0.002457,74.125.24.0-255,7156,171579,70,344662
23627,0.002476,74.125.24.0-255,3602,175181,70,344662
23628,0.002481,172.31.40.0-255,66,175247,70,344662
23629,0.002545,74.125.24.0-255,1484,176731,70,344662
23630,0.002563,74.125.24.0-255,2902,179633,70,344662
23631,0.002566,172.31.40.0-255,66,179699,70,344662
23632,0.002573,74.125.24.0-255,4320,184019,70,344662
23633,0.002602,74.125.24.0-255,7156,191175,70,344662
23634,0.002616,74.125.24.0-255,1484,192659,70,344662
23635,0.00262,74.125.24.0-255,2902,195561,70,344662
23636,0.002648,172.31.40.0-255,66,195627,70,344662
23637,0.002657,172.31.40.0-255,66,195693,70,344662
23638,0.002679,74.125.24.0-255,7156,202849,70,344662
23639,0.002714,74.125.24.0-255,7856,210705,70,344662
23640,0.002726,74.125.24.0-255,5738,216443,70,344662
23641,0.002734,74.125.24.0-255,8574,225017,70,344662
23642,0.00274,74.125.24.0-255,6438,231455,70,344662
23643,0.002745,172.31.40.0-255,66,231521,70,344662
23644,0.002817,74.125.24.0-255,1484,233005,70,344662
23645,0.00284,74.125.24.0-255,2902,235907,70,344662
23646,0.002847,74.125.24.0-255,5738,241645,70,344662
23647,0.002861,172.31.40.0-255,66,241711,70,344662
23648,0.002873,74.125.24.0-255,5738,247449,70,344662
23649,0.002884,172.31.40.0-255,66,247515,70,344662
23650,0.002901,74.125.24.0-255,7156,254671,70,344662
23651,0.002907,74.125.24.0-255,4320,258991,70,344662
23652,0.002927,74.125.24.0-255,1484,260475,70,344662
23653,0.002933,172.31.40.0-255,66,260541,70,344662
23654,0.002941,74.125.24.0-255,1484,262025,70,344662
23655,0.002982,74.125.24.0-255,3602,265627,70,344662
23656,0.002998,172.31.40.0-255,66,265693,70,344662
23657,0.00305,74.125.24.0-255,1484,267177,70,344662
23658,0.003057,74.125.24.0-255,2902,270079,70,344662
23659,0.003067,172.31.40.0-255,66,270145,70,344662
23660,0.003095,74.125.24.0-255,5738,275883,70,344662
23661,0.003104,74.125.24.0-255,7156,283039,70,344662
23662,0.003126,74.125.24.0-255,4320,287359,70,344662
23663,0.003147,74.125.24.0-255,9992,297351,70,344662
23664,0.003153,74.125.24.0-255,3602,300953,70,344662
23665,0.003158,172.31.40.0-255,66,301019,70,344662
23666,0.003186,74.125.24.0-255,2902,303921,70,344662
23667,0.003197,172.31.40.0-255,66,303987,70,344662
23668,0.003203,74.125.24.0-255,4320,308307,70,344662
23669,0.003209,172.31.40.0-255,66,308373,70,344662
23670,0.003252,74.125.24.0-255,5738,314111,70,344662
23671,0.00326,74.125.24.0-255,7856,321967,70,344662
23672,0.003263,74.125.24.0-255,1484,323451,70,344662
23673,0.003278,172.31.40.0-255,66,323517,70,344662
23674,0.003297,74.125.24.0-255,7156,330673,70,344662
23675,0.00334,74.125.24.0-255,4320,334993,70,344662
23676,0.003366,74.125.24.0-255,9327,344320,70,344662
23677,0.00337,74.125.24.0-255,105,344425,70,344662
23678,0.003376,172.31.40.0-255,66,344491,70,344662
23679,0.015537,172.31.40.0-255,105,344596,70,344662
23680,0.017486,74.125.24.0-255,66,344662,70,344662
23681,0.0,74.125.24.0-255,153,153,70,229307
23682,2.2e-05,172.31.40.0-255,66,219,70,229307
23683,3e-05,74.125.24.0-255,1484,1703,70,229307
23684,3.4e-05,172.31.40.0-255,66,1769,70,229307
23685,3.9e-05,74.125.24.0-255,2902,4671,70,229307
23686,5.1e-05,172.31.40.0-255,66,4737,70,229307
23687,5.8e-05,74.125.24.0-255,7156,11893,70,229307
23688,6.1e-05,172.31.40.0-255,66,11959,70,229307
23689,6.5e-05,74.125.24.0-255,2035,13994,70,229307
23690,6.7e-05,172.31.40.0-255,66,14060,70,229307
23691,0.000946,74.125.24.0-255,1484,15544,70,229307
23692,0.000954,172.31.40.0-255,66,15610,70,229307
23693,0.000962,74.125.24.0-255,2902,18512,70,229307
23694,0.000964,172.31.40.0-255,66,18578,70,229307
23695,0.000977,74.125.24.0-255,5738,24316,70,229307
23696,0.000979,172.31.40.0-255,66,24382,70,229307
23697,0.001019,74.125.24.0-255,6797,31179,70,229307
23698,0.001023,172.31.40.0-255,66,31245,70,229307
23699,0.001107,74.125.24.0-255,1484,32729,70,229307
23700,0.001111,172.31.40.0-255,66,32795,70,229307
23701,0.001117,74.125.24.0-255,2902,35697,70,229307
23702,0.001118,172.31.40.0-255,66,35763,70,229307
23703,0.001125,74.125.24.0-255,5738,41501,70,229307
23704,0.001132,172.31.40.0-255,66,41567,70,229307
23705,0.001166,74.125.24.0-255,8215,49782,70,229307
23706,0.00117,172.31.40.0-255,66,49848,70,229307
23707,0.001177,74.125.24.0-255,7156,57004,70,229307
23708,0.00118,172.31.40.0-255,66,57070,70,229307
23709,0.001205,74.125.24.0-255,1484,58554,70,229307
23710,0.001208,172.31.40.0-255,66,58620,70,229307
23711,0.001216,74.125.24.0-255,7071,65691,70,229307
23712,0.001218,172.31.40.0-255,66,65757,70,229307
23713,0.001364,74.125.24.0-255,135,65892,70,229307
23714,0.001526,74.125.24.0-255,1484,67376,70,229307
23715,0.00153,172.31.40.0-255,66,67442,70,229307
23716,0.001536,74.125.24.0-255,2902,70344,70,229307
23717,0.001538,172.31.40.0-255,66,70410,70,229307
23718,0.001543,74.125.24.0-255,4320,74730,70,229307
23719,0.001546,172.31.40.0-255,66,74796,70,229307
23720,0.001583,74.125.24.0-255,1484,76280,70,229307
23721,0.00159,74.125.24.0-255,4320,80600,70,229307
23722,0.001592,172.31.40.0-255,66,80666,70,229307
23723,0.00161,172.31.40.0-255,66,80732,70,229307
23724,0.001639,74.125.24.0-255,6797,87529,70,229307
23725,0.001642,172.31.40.0-255,66,87595,70,229307
23726,0.002168,74.125.24.0-255,1484,89079,70,229307
23727,0.002184,74.125.24.0-255,2902,91981,70,229307
23728,0.002187,172.31.40.0-255,66,92047,70,229307
23729,0.002191,74.125.24.0-255,1484,93531,70,229307
23730,0.002214,74.125.24.0-255,4320,97851,70,229307
23731,0.002217,172.31.40.0-255,66,97917,70,229307
23732,0.002227,74.125.24.0-255,9992,107909,70,229307
23733,0.002229,172.31.40.0-255,66,107975,70,229307
23734,0.002247,172.31.40.0-255,66,108041,70,229307
23735,0.002251,74.125.24.0-255,2184,110225,70,229307
23736,0.002254,172.31.40.0-255,66,110291,70,229307
23737,0.004534,74.125.24.0-255,5738,116029,70,229307
23738,0.004541,172.31.40.0-255,66,116095,70,229307
23739,0.00685,74.125.24.0-255,5738,121833,70,229307
23740,0.006858,172.31.40.0-255,66,121899,70,229307
23741,0.009164,74.125.24.0-255,5738,127637,70,229307
23742,0.009174,172.31.40.0-255,66,127703,70,229307
23743,0.011463,74.125.24.0-255,5738,133441,70,229307
23744,0.011471,172.31.40.0-255,66,133507,70,229307
23745,0.013745,74.125.24.0-255,5738,139245,70,229307
23746,0.013752,172.31.40.0-255,66,139311,70,229307
23747,0.016031,74.125.24.0-255,5738,145049,70,229307
23748,0.016038,172.31.40.0-255,66,145115,70,229307
23749,0.018332,74.125.24.0-255,5738,150853,70,229307
23750,0.018338,172.31.40.0-255,66,150919,70,229307
23751,0.020605,74.125.24.0-255,5738,156657,70,229307
23752,0.020615,172.31.40.0-255,66,156723,70,229307
23753,0.022034,172.31.40.0-255,172,156895,70,229307
23754,0.022067,172.31.40.0-255,1114,158009,70,229307
23755,0.022134,172.31.40.0-255,1514,159523,70,229307
23756,0.022136,172.31.40.0-255,70,159593,70,229307
23757,0.022898,74.125.24.0-255,5738,165331,70,229307
23758,0.022908,172.31.40.0-255,66,165397,70,229307
23759,0.024282,104.244.42.0-255,66,165463,70,229307
23760,0.025172,74.125.24.0-255,5738,171201,70,229307
23761,0.025179,172.31.40.0-255,66,171267,70,229307
23762,0.027468,74.125.24.0-255,5738,177005,70,229307
23763,0.027476,172.31.40.0-255,66,177071,70,229307
23764,0.029752,74.125.24.0-255,5738,182809,70,229307
23765,0.029759,172.31.40.0-255,66,182875,70,229307
23766,0.032033,74.125.24.0-255,5738,188613,70,229307
23767,0.03204,172.31.40.0-255,66,188679,70,229307
23768,0.034338,74.125.24.0-255,5738,194417,70,229307
23769,0.034346,172.31.40.0-255,66,194483,70,229307
23770,0.036676,74.125.24.0-255,5738,200221,70,229307
23771,0.036686,172.31.40.0-255,66,200287,70,229307
23772,0.038978,74.125.24.0-255,5738,206025,70,229307
23773,0.038985,172.31.40.0-255,66,206091,70,229307
23774,0.041291,74.125.24.0-255,5738,211829,70,229307
23775,0.041299,172.31.40.0-255,66,211895,70,229307
23776,0.043613,74.125.24.0-255,5738,217633,70,229307
23777,0.043618,172.31.40.0-255,66,217699,70,229307
23778,0.04589,74.125.24.0-255,5738,223437,70,229307
23779,0.045895,172.31.40.0-255,66,223503,70,229307
23780,0.048178,74.125.24.0-255,5738,229241,70,229307
23781,0.04819,172.31.40.0-255,66,229307,70,229307
23782,0.0,74.125.24.0-255,153,153,70,160012
23783,3.3e-05,172.31.40.0-255,66,219,70,160012
23784,4.1e-05,74.125.24.0-255,1484,1703,70,160012
23785,4.7e-05,172.31.40.0-255,66,1769,70,160012
23786,6.2e-05,74.125.24.0-255,2902,4671,70,160012
23787,6.5e-05,172.31.40.0-255,66,4737,70,160012
23788,7.3e-05,74.125.24.0-255,7156,11893,70,160012
23789,7.6e-05,172.31.40.0-255,66,11959,70,160012
23790,7.9e-05,74.125.24.0-255,1930,13889,70,160012
23791,8.1e-05,172.31.40.0-255,66,13955,70,160012
23792,0.001097,74.125.24.0-255,1484,15439,70,160012
23793,0.001103,172.31.40.0-255,66,15505,70,160012
23794,0.001113,74.125.24.0-255,2902,18407,70,160012
23795,0.001115,172.31.40.0-255,66,18473,70,160012
23796,0.001126,74.125.24.0-255,5738,24211,70,160012
23797,0.001128,172.31.40.0-255,66,24277,70,160012
23798,0.001165,74.125.24.0-255,8215,32492,70,160012
23799,0.001168,172.31.40.0-255,66,32558,70,160012
23800,0.001175,74.125.24.0-255,8574,41132,70,160012
23801,0.001177,172.31.40.0-255,66,41198,70,160012
23802,0.001187,74.125.24.0-255,5738,46936,70,160012
23803,0.00119,172.31.40.0-255,66,47002,70,160012
23804,0.001232,172.31.40.0-255,66,47068,70,160012
23805,0.001238,74.125.24.0-255,5020,52088,70,160012
23806,0.00124,172.31.40.0-255,66,52154,70,160012
23807,0.002338,74.125.24.0-255,401,52555,70,160012
23808,0.002341,172.31.40.0-255,66,52621,70,160012
23809,0.003848,74.125.24.0-255,4320,56941,70,160012
23810,0.003854,172.31.40.0-255,66,57007,70,160012
23811,0.004914,74.125.24.0-255,1484,58491,70,160012
23812,0.004921,172.31.40.0-255,66,58557,70,160012
23813,0.006461,74.125.24.0-255,4320,62877,70,160012
23814,0.006469,172.31.40.0-255,66,62943,70,160012
23815,0.007557,74.125.24.0-255,1484,64427,70,160012
23816,0.009057,74.125.24.0-255,4320,68747,70,160012
23817,0.009069,172.31.40.0-255,66,68813,70,160012
23818,0.011682,74.125.24.0-255,5738,74551,70,160012
23819,0.011696,172.31.40.0-255,66,74617,70,160012
23820,0.014323,74.125.24.0-255,5738,80355,70,160012
23821,0.014332,172.31.40.0-255,66,80421,70,160012
23822,0.016914,74.125.24.0-255,5738,86159,70,160012
23823,0.016923,172.31.40.0-255,66,86225,70,160012
23824,0.018344,172.31.40.0-255,172,86397,70,160012
23825,0.018374,172.31.40.0-255,1117,87514,70,160012
23826,0.018414,172.31.40.0-255,1514,89028,70,160012
23827,0.018416,172.31.40.0-255,1514,90542,70,160012
23828,0.018417,172.31.40.0-255,844,91386,70,160012
23829,0.019505,74.125.24.0-255,5738,97124,70,160012
23830,0.019512,172.31.40.0-255,66,97190,70,160012
23831,0.019881,104.244.42.0-255,66,97256,70,160012
23832,0.019927,104.244.42.0-255,66,97322,70,160012
23833,0.019969,104.244.42.0-255,66,97388,70,160012
23834,0.019973,104.244.42.0-255,66,97454,70,160012
23835,0.02214,74.125.24.0-255,5738,103192,70,160012
23836,0.022149,172.31.40.0-255,66,103258,70,160012
23837,0.024752,74.125.24.0-255,5738,108996,70,160012
23838,0.02476,172.31.40.0-255,66,109062,70,160012
23839,0.027376,74.125.24.0-255,5738,114800,70,160012
23840,0.027381,172.31.40.0-255,66,114866,70,160012
23841,0.029991,74.125.24.0-255,4320,119186,70,160012
23842,0.029997,172.31.40.0-255,66,119252,70,160012
23843,0.030028,74.125.24.0-255,1484,120736,70,160012
23844,0.032614,74.125.24.0-255,4320,125056,70,160012
23845,0.03262,172.31.40.0-255,66,125122,70,160012
23846,0.035236,74.125.24.0-255,5738,130860,70,160012
23847,0.035242,172.31.40.0-255,66,130926,70,160012
23848,0.037865,74.125.24.0-255,5738,136664,70,160012
23849,0.037872,172.31.40.0-255,66,136730,70,160012
23850,0.04048,74.125.24.0-255,5738,142468,70,160012
23851,0.04049,172.31.40.0-255,66,142534,70,160012
23852,0.043088,74.125.24.0-255,5738,148272,70,160012
23853,0.043094,172.31.40.0-255,66,148338,70,160012
23854,0.045712,74.125.24.0-255,5738,154076,70,160012
23855,0.045717,172.31.40.0-255,66,154142,70,160012
23856,0.04832,74.125.24.0-255,4320,158462,70,160012
23857,0.048326,172.31.40.0-255,66,158528,70,160012
23858,0.048359,74.125.24.0-255,1484,160012,70,160012
23859,0.0,74.125.68.0-255,152,152,70,404345
23860,1.8e-05,172.31.40.0-255,66,218,70,404345
23861,2.5e-05,74.125.68.0-255,1484,1702,70,404345
23862,2.9e-05,172.31.40.0-255,66,1768,70,404345
23863,3.5e-05,74.125.68.0-255,2902,4670,70,404345
23864,3.8e-05,172.31.40.0-255,66,4736,70,404345
23865,4.3e-05,74.125.68.0-255,4320,9056,70,404345
23866,4.5e-05,172.31.40.0-255,66,9122,70,404345
23867,6.4e-05,74.125.68.0-255,1484,10606,70,404345
23868,6.7e-05,172.31.40.0-255,66,10672,70,404345
23869,9.7e-05,74.125.68.0-255,3518,14190,70,404345
23870,0.0001,172.31.40.0-255,66,14256,70,404345
23871,0.000106,74.125.68.0-255,5738,19994,70,404345
23872,0.000107,172.31.40.0-255,66,20060,70,404345
23873,0.00013,74.125.68.0-255,5738,25798,70,404345
23874,0.000132,172.31.40.0-255,66,25864,70,404345
23875,0.00015,74.125.68.0-255,5379,31243,70,404345
23876,0.000153,172.31.40.0-255,66,31309,70,404345
23877,0.000278,74.125.68.0-255,1484,32793,70,404345
23878,0.000282,172.31.40.0-255,66,32859,70,404345
23879,0.000285,74.125.68.0-255,1484,34343,70,404345
23880,0.000287,172.31.40.0-255,66,34409,70,404345
23881,0.000301,74.125.68.0-255,1484,35893,70,404345
23882,0.000302,172.31.40.0-255,66,35959,70,404345
23883,0.000317,74.125.68.0-255,5738,41697,70,404345
23884,0.000319,172.31.40.0-255,66,41763,70,404345
23885,0.000323,74.125.68.0-255,2902,44665,70,404345
23886,0.000325,172.31.40.0-255,66,44731,70,404345
23887,0.000338,74.125.68.0-255,2902,47633,70,404345
23888,0.00034,172.31.40.0-255,66,47699,70,404345
23889,0.000381,74.125.68.0-255,6797,54496,70,404345
23890,0.000384,172.31.40.0-255,66,54562,70,404345
23891,0.000392,74.125.68.0-255,9992,64554,70,404345
23892,0.000394,172.31.40.0-255,66,64620,70,404345
23893,0.000427,74.125.68.0-255,1429,66049,70,404345
23894,0.000452,74.125.68.0-255,115,66164,70,404345
23895,0.000503,74.125.68.0-255,1484,67648,70,404345
23896,0.000506,172.31.40.0-255,66,67714,70,404345
23897,0.000539,74.125.68.0-255,2902,70616,70,404345
23898,0.000542,172.31.40.0-255,66,70682,70,404345
23899,0.000566,74.125.68.0-255,4320,75002,70,404345
23900,0.000569,172.31.40.0-255,66,75068,70,404345
23901,0.000584,74.125.68.0-255,2902,77970,70,404345
23902,0.000587,172.31.40.0-255,66,78036,70,404345
23903,0.000614,74.125.68.0-255,5738,83774,70,404345
23904,0.000617,172.31.40.0-255,66,83840,70,404345
23905,0.000631,74.125.68.0-255,4320,88160,70,404345
23906,0.000633,172.31.40.0-255,66,88226,70,404345
23907,0.000653,74.125.68.0-255,5738,93964,70,404345
23908,0.000657,74.125.68.0-255,4320,98284,70,404345
23909,0.00066,172.31.40.0-255,66,98350,70,404345
23910,0.000666,172.31.40.0-255,66,98416,70,404345
23911,0.000705,74.125.68.0-255,2450,100866,70,404345
23912,0.000708,172.31.40.0-255,66,100932,70,404345
23913,0.000818,74.125.68.0-255,1484,102416,70,404345
23914,0.000835,74.125.68.0-255,2902,105318,70,404345
23915,0.000838,172.31.40.0-255,66,105384,70,404345
23916,0.000865,74.125.68.0-255,5738,111122,70,404345
23917,0.000867,172.31.40.0-255,66,111188,70,404345
23918,0.000895,74.125.68.0-255,4320,115508,70,404345
23919,0.000898,172.31.40.0-255,66,115574,70,404345
23920,0.000917,74.125.68.0-255,1484,117058,70,404345
23921,0.000921,74.125.68.0-255,2902,119960,70,404345
23922,0.000923,172.31.40.0-255,66,120026,70,404345
23923,0.000947,74.125.68.0-255,4320,124346,70,404345
23924,0.000949,172.31.40.0-255,66,124412,70,404345
23925,0.000953,74.125.68.0-255,2902,127314,70,404345
23926,0.000955,172.31.40.0-255,66,127380,70,404345
23927,0.000968,74.125.68.0-255,2902,130282,70,404345
23928,0.000971,172.31.40.0-255,66,130348,70,404345
23929,0.000988,74.125.68.0-255,1484,131832,70,404345
23930,0.000992,74.125.68.0-255,2902,134734,70,404345
23931,0.000994,172.31.40.0-255,66,134800,70,404345
23932,0.001024,74.125.68.0-255,766,135566,70,404345
23933,0.001642,172.31.40.0-255,66,135632,70,404345
23934,0.001957,74.125.68.0-255,1484,137116,70,404345
23935,0.001966,74.125.68.0-255,2902,140018,70,404345
23936,0.00197,172.31.40.0-255,66,140084,70,404345
23937,0.001992,74.125.68.0-255,5738,145822,70,404345
23938,0.001994,172.31.40.0-255,66,145888,70,404345
23939,0.001997,74.125.68.0-255,1484,147372,70,404345
23940,0.002013,74.125.68.0-255,2902,150274,70,404345
23941,0.002015,172.31.40.0-255,66,150340,70,404345
23942,0.00203,74.125.68.0-255,2902,153242,70,404345
23943,0.002032,172.31.40.0-255,66,153308,70,404345
23944,0.002035,74.125.68.0-255,1484,154792,70,404345
23945,0.002062,74.125.68.0-255,7156,161948,70,404345
23946,0.002064,172.31.40.0-255,66,162014,70,404345
23947,0.002069,74.125.68.0-255,4320,166334,70,404345
23948,0.002071,172.31.40.0-255,66,166400,70,404345
23949,0.002081,74.125.68.0-255,1484,167884,70,404345
23950,0.002098,74.125.68.0-255,2184,170068,70,404345
23951,0.0021,172.31.40.0-255,66,170134,70,404345
23952,0.002195,74.125.68.0-255,1484,171618,70,404345
23953,0.00221,74.125.68.0-255,2902,174520,70,404345
23954,0.002213,172.31.40.0-255,66,174586,70,404345
23955,0.002225,74.125.68.0-255,1484,176070,70,404345
23956,0.002246,74.125.68.0-255,4320,180390,70,404345
23957,0.002248,172.31.40.0-255,66,180456,70,404345
23958,0.002264,74.125.68.0-255,8574,189030,70,404345
23959,0.002266,172.31.40.0-255,66,189096,70,404345
23960,0.002286,74.125.68.0-255,4320,193416,70,404345
23961,0.002288,172.31.40.0-255,66,193482,70,404345
23962,0.002318,74.125.68.0-255,5738,199220,70,404345
23963,0.00232,172.31.40.0-255,66,199286,70,404345
23964,0.002325,74.125.68.0-255,4320,203606,70,404345
23965,0.002327,172.31.40.0-255,66,203672,70,404345
23966,0.002329,74.125.68.0-255,766,204438,70,404345
23967,0.002345,74.125.68.0-255,1484,205922,70,404345
23968,0.002347,172.31.40.0-255,66,205988,70,404345
23969,0.00235,74.125.68.0-255,1484,207472,70,404345
23970,0.002371,74.125.68.0-255,2902,210374,70,404345
23971,0.002373,172.31.40.0-255,66,210440,70,404345
23972,0.002399,74.125.68.0-255,5738,216178,70,404345
23973,0.002401,172.31.40.0-255,66,216244,70,404345
23974,0.002405,74.125.68.0-255,2902,219146,70,404345
23975,0.002407,172.31.40.0-255,66,219212,70,404345
23976,0.002426,74.125.68.0-255,1484,220696,70,404345
23977,0.002458,74.125.68.0-255,1484,222180,70,404345
23978,0.002461,172.31.40.0-255,66,222246,70,404345
23979,0.002464,74.125.68.0-255,1484,223730,70,404345
23980,0.002484,74.125.68.0-255,1484,225214,70,404345
23981,0.002486,172.31.40.0-255,66,225280,70,404345
23982,0.002494,74.125.68.0-255,5738,231018,70,404345
23983,0.002496,172.31.40.0-255,66,231084,70,404345
23984,0.002532,74.125.68.0-255,2902,233986,70,404345
23985,0.002534,172.31.40.0-255,66,234052,70,404345
23986,0.002559,74.125.68.0-255,1484,235536,70,404345
23987,0.002565,74.125.68.0-255,3602,239138,70,404345
23988,0.002568,172.31.40.0-255,66,239204,70,404345
23989,0.002593,74.125.68.0-255,1484,240688,70,404345
23990,0.002607,74.125.68.0-255,1484,242172,70,404345
23991,0.00261,172.31.40.0-255,66,242238,70,404345
23992,0.002624,74.125.68.0-255,2902,245140,70,404345
23993,0.002626,172.31.40.0-255,66,245206,70,404345
23994,0.002629,74.125.68.0-255,1484,246690,70,404345
23995,0.00265,74.125.68.0-255,1484,248174,70,404345
23996,0.002653,172.31.40.0-255,66,248240,70,404345
23997,0.002663,74.125.68.0-255,2902,251142,70,404345
23998,0.002665,172.31.40.0-255,66,251208,70,404345
23999,0.002689,74.125.68.0-255,5738,256946,70,404345
24000,0.002692,172.31.40.0-255,66,257012,70,404345
24001,0.002711,74.125.68.0-255,1484,258496,70,404345
24002,0.002716,74.125.68.0-255,4320,262816,70,404345
24003,0.002719,172.31.40.0-255,66,262882,70,404345
24004,0.002722,74.125.68.0-255,1484,264366,70,404345
24005,0.002739,74.125.68.0-255,2902,267268,70,404345
24006,0.002742,172.31.40.0-255,66,267334,70,404345
24007,0.002748,74.125.68.0-255,4320,271654,70,404345
24008,0.00275,172.31.40.0-255,66,271720,70,404345
24009,0.002771,74.125.68.0-255,1484,273204,70,404345
24010,0.002774,74.125.68.0-255,766,273970,70,404345
24011,0.002776,172.31.40.0-255,66,274036,70,404345
24012,0.002815,74.125.68.0-255,1484,275520,70,404345
24013,0.002826,74.125.68.0-255,1484,277004,70,404345
24014,0.002829,172.31.40.0-255,66,277070,70,404345
24015,0.002854,74.125.68.0-255,1484,278554,70,404345
24016,0.00286,74.125.68.0-255,5738,284292,70,404345
24017,0.002864,172.31.40.0-255,66,284358,70,404345
24018,0.002868,74.125.68.0-255,2902,287260,70,404345
24019,0.00287,172.31.40.0-255,66,287326,70,404345
24020,0.002873,74.125.68.0-255,1484,288810,70,404345
24021,0.002887,74.125.68.0-255,1484,290294,70,404345
24022,0.002889,172.31.40.0-255,66,290360,70,404345
24023,0.002908,74.125.68.0-255,2902,293262,70,404345
24024,0.002911,172.31.40.0-255,66,293328,70,404345
24025,0.002918,74.125.68.0-255,7156,300484,70,404345
24026,0.002921,172.31.40.0-255,66,300550,70,404345
24027,0.002923,74.125.68.0-255,1484,302034,70,404345
24028,0.002949,74.125.68.0-255,5738,307772,70,404345
24029,0.002953,172.31.40.0-255,66,307838,70,404345
24030,0.00297,74.125.68.0-255,766,308604,70,404345
24031,0.002977,74.125.68.0-255,5738,314342,70,404345
24032,0.00298,172.31.40.0-255,66,314408,70,404345
24033,0.002983,74.125.68.0-255,1484,315892,70,404345
24034,0.002986,74.125.68.0-255,1484,317376,70,404345
24035,0.002988,172.31.40.0-255,66,317442,70,404345
24036,0.003007,74.125.68.0-255,1484,318926,70,404345
24037,0.003022,74.125.68.0-255,1484,320410,70,404345
24038,0.003026,172.31.40.0-255,66,320476,70,404345
24039,0.003031,74.125.68.0-255,2902,323378,70,404345
24040,0.003033,172.31.40.0-255,66,323444,70,404345
24041,0.003051,74.125.68.0-255,1484,324928,70,404345
24042,0.003057,74.125.68.0-255,4320,329248,70,404345
24043,0.003059,172.31.40.0-255,66,329314,70,404345
24044,0.003086,74.125.68.0-255,2902,332216,70,404345
24045,0.003089,172.31.40.0-255,66,332282,70,404345
24046,0.003094,74.125.68.0-255,4320,336602,70,404345
24047,0.003097,172.31.40.0-255,66,336668,70,404345
24048,0.00314,74.125.68.0-255,1484,338152,70,404345
24049,0.003155,74.125.68.0-255,5738,343890,70,404345
24050,0.003157,172.31.40.0-255,66,343956,70,404345
24051,0.003184,74.125.68.0-255,766,344722,70,404345
24052,0.003194,74.125.68.0-255,8574,353296,70,404345
24053,0.003196,172.31.40.0-255,66,353362,70,404345
24054,0.003199,74.125.68.0-255,1484,354846,70,404345
24055,0.003206,74.125.68.0-255,5738,360584,70,404345
24056,0.003209,172.31.40.0-255,66,360650,70,404345
24057,0.003217,74.125.68.0-255,7156,367806,70,404345
24058,0.003232,74.125.68.0-255,2902,370708,70,404345
24059,0.003251,74.125.68.0-255,2902,373610,70,404345
24060,0.003254,74.125.68.0-255,1484,375094,70,404345
24061,0.003258,74.125.68.0-255,2184,377278,70,404345
24062,0.00326,74.125.68.0-255,1484,378762,70,404345
24063,0.003276,74.125.68.0-255,2902,381664,70,404345
24064,0.003279,74.125.68.0-255,1484,383148,70,404345
24065,0.003296,74.125.68.0-255,2902,386050,70,404345
24066,0.003328,74.125.68.0-255,5738,391788,70,404345
24067,0.003346,74.125.68.0-255,6692,398480,70,404345
24068,0.003349,74.125.68.0-255,97,398577,70,404345
24069,0.003438,74.125.68.0-255,105,398682,70,404345
24070,0.007538,172.31.40.0-255,66,398748,70,404345
24071,0.015278,172.31.40.0-255,105,398853,70,404345
24072,0.017586,74.125.68.0-255,66,398919,70,404345
24073,0.045657,172.31.40.0-255,172,399091,70,404345
24074,0.045694,172.31.40.0-255,1119,400210,70,404345
24075,0.045762,172.31.40.0-255,1514,401724,70,404345
24076,0.045784,172.31.40.0-255,1514,403238,70,404345
24077,0.045785,172.31.40.0-255,843,404081,70,404345
24078,0.047201,104.244.42.0-255,66,404147,70,404345
24079,0.047223,104.244.42.0-255,66,404213,70,404345
24080,0.047323,104.244.42.0-255,66,404279,70,404345
24081,0.047329,104.244.42.0-255,66,404345,70,404345
24082,0.0,74.125.130.0-255,297,297,70,239239
24083,1.4e-05,172.31.40.0-255,66,363,70,239239
24084,4.7e-05,74.125.130.0-255,1484,1847,70,239239
24085,5.1e-05,172.31.40.0-255,66,1913,70,239239
24086,5.6e-05,74.125.130.0-255,2902,4815,70,239239
24087,6e-05,172.31.40.0-255,66,4881,70,239239
24088,9.2e-05,74.125.130.0-255,4320,9201,70,239239
24089,9.5e-05,172.31.40.0-255,66,9267,70,239239
24090,0.000117,74.125.130.0-255,4662,13929,70,239239
24091,0.00012,172.31.40.0-255,66,13995,70,239239
24092,0.000281,74.125.130.0-255,1484,15479,70,239239
24093,0.000286,172.31.40.0-255,66,15545,70,239239
24094,0.000306,74.125.130.0-255,2902,18447,70,239239
24095,0.000309,172.31.40.0-255,66,18513,70,239239
24096,0.000312,74.125.130.0-255,1484,19997,70,239239
24097,0.000315,172.31.40.0-255,66,20063,70,239239
24098,0.000337,74.125.130.0-255,2902,22965,70,239239
24099,0.000345,172.31.40.0-255,66,23031,70,239239
24100,0.000378,74.125.130.0-255,5738,28769,70,239239
24101,0.000381,172.31.40.0-255,66,28835,70,239239
24102,0.00041,74.125.130.0-255,6797,35632,70,239239
24103,0.000413,172.31.40.0-255,66,35698,70,239239
24104,0.000439,74.125.130.0-255,1484,37182,70,239239
24105,0.000442,172.31.40.0-255,66,37248,70,239239
24106,0.000447,74.125.130.0-255,2902,40150,70,239239
24107,0.000449,172.31.40.0-255,66,40216,70,239239
24108,0.000468,74.125.130.0-255,1484,41700,70,239239
24109,0.00047,172.31.40.0-255,66,41766,70,239239
24110,0.00048,74.125.130.0-255,2902,44668,70,239239
24111,0.000482,172.31.40.0-255,66,44734,70,239239
24112,0.000517,74.125.130.0-255,5738,50472,70,239239
24113,0.00052,172.31.40.0-255,66,50538,70,239239
24114,0.000524,74.125.130.0-255,2902,53440,70,239239
24115,0.000528,172.31.40.0-255,66,53506,70,239239
24116,0.000533,74.125.130.0-255,4320,57826,70,239239
24117,0.000536,172.31.40.0-255,66,57892,70,239239
24118,0.000567,74.125.130.0-255,4320,62212,70,239239
24119,0.000571,172.31.40.0-255,66,62278,70,239239
24120,0.000583,74.125.130.0-255,3602,65880,70,239239
24121,0.00059,172.31.40.0-255,66,65946,70,239239
24122,0.000593,74.125.130.0-255,398,66344,70,239239
24123,0.000873,74.125.130.0-255,1484,67828,70,239239
24124,0.000879,172.31.40.0-255,66,67894,70,239239
24125,0.000885,74.125.130.0-255,2902,70796,70,239239
24126,0.000888,172.31.40.0-255,66,70862,70,239239
24127,0.000891,74.125.130.0-255,1484,72346,70,239239
24128,0.000914,74.125.130.0-255,4320,76666,70,239239
24129,0.000917,172.31.40.0-255,66,76732,70,239239
24130,0.000922,74.125.130.0-255,4320,81052,70,239239
24131,0.000925,172.31.40.0-255,66,81118,70,239239
24132,0.000956,74.125.130.0-255,5738,86856,70,239239
24133,0.000959,172.31.40.0-255,66,86922,70,239239
24134,0.000997,74.125.130.0-255,2902,89824,70,239239
24135,0.000999,172.31.40.0-255,66,89890,70,239239
24136,0.001029,74.125.130.0-255,8574,98464,70,239239
24137,0.001031,172.31.40.0-255,66,98530,70,239239
24138,0.001036,74.125.130.0-255,2184,100714,70,239239
24139,0.001038,172.31.40.0-255,66,100780,70,239239
24140,0.003101,74.125.130.0-255,5738,106518,70,239239
24141,0.003108,172.31.40.0-255,66,106584,70,239239
24142,0.004913,172.31.40.0-255,101,106685,70,239239
24143,0.005168,74.125.130.0-255,4320,111005,70,239239
24144,0.005174,172.31.40.0-255,66,111071,70,239239
24145,0.005188,74.125.130.0-255,1484,112555,70,239239
24146,0.006925,74.125.130.0-255,66,112621,70,239239
24147,0.007229,74.125.130.0-255,1484,114105,70,239239
24148,0.007232,172.31.40.0-255,66,114171,70,239239
24149,0.007265,74.125.130.0-255,2902,117073,70,239239
24150,0.007268,172.31.40.0-255,66,117139,70,239239
24151,0.009297,74.125.130.0-255,2902,120041,70,239239
24152,0.009304,172.31.40.0-255,66,120107,70,239239
24153,0.009337,74.125.130.0-255,2902,123009,70,239239
24154,0.00934,172.31.40.0-255,66,123075,70,239239
24155,0.011369,74.125.130.0-255,2902,125977,70,239239
24156,0.011377,172.31.40.0-255,66,126043,70,239239
24157,0.011406,74.125.130.0-255,2902,128945,70,239239
24158,0.011409,172.31.40.0-255,66,129011,70,239239
24159,0.013424,74.125.130.0-255,2902,131913,70,239239
24160,0.013431,172.31.40.0-255,66,131979,70,239239
24161,0.013462,74.125.130.0-255,2902,134881,70,239239
24162,0.013465,172.31.40.0-255,66,134947,70,239239
24163,0.015484,74.125.130.0-255,2902,137849,70,239239
24164,0.015492,172.31.40.0-255,66,137915,70,239239
24165,0.015523,74.125.130.0-255,2902,140817,70,239239
24166,0.015525,172.31.40.0-255,66,140883,70,239239
24167,0.017568,74.125.130.0-255,5738,146621,70,239239
24168,0.017576,172.31.40.0-255,66,146687,70,239239
24169,0.01964,74.125.130.0-255,5738,152425,70,239239
24170,0.019649,172.31.40.0-255,66,152491,70,239239
24171,0.021702,74.125.130.0-255,5738,158229,70,239239
24172,0.02171,172.31.40.0-255,66,158295,70,239239
24173,0.023764,74.125.130.0-255,5738,164033,70,239239
24174,0.023771,172.31.40.0-255,66,164099,70,239239
24175,0.025812,74.125.130.0-255,1484,165583,70,239239
24176,0.025828,74.125.130.0-255,4320,169903,70,239239
24177,0.025833,172.31.40.0-255,66,169969,70,239239
24178,0.025858,172.31.40.0-255,172,170141,70,239239
24179,0.025881,172.31.40.0-255,1118,171259,70,239239
24180,0.025983,172.31.40.0-255,1514,172773,70,239239
24181,0.025985,172.31.40.0-255,1514,174287,70,239239
24182,0.026008,172.31.40.0-255,844,175131,70,239239
24183,0.027385,104.244.42.0-255,66,175197,70,239239
24184,0.027426,104.244.42.0-255,66,175263,70,239239
24185,0.027555,104.244.42.0-255,66,175329,70,239239
24186,0.027573,104.244.42.0-255,66,175395,70,239239
24187,0.027913,74.125.130.0-255,5738,181133,70,239239
24188,0.027919,172.31.40.0-255,66,181199,70,239239
24189,0.029984,74.125.130.0-255,5738,186937,70,239239
24190,0.02999,172.31.40.0-255,66,187003,70,239239
24191,0.032052,74.125.130.0-255,5738,192741,70,239239
24192,0.032058,172.31.40.0-255,66,192807,70,239239
24193,0.034123,74.125.130.0-255,5738,198545,70,239239
24194,0.034129,172.31.40.0-255,66,198611,70,239239
24195,0.036192,74.125.130.0-255,5738,204349,70,239239
24196,0.036198,172.31.40.0-255,66,204415,70,239239
24197,0.038261,74.125.130.0-255,5738,210153,70,239239
24198,0.038268,172.31.40.0-255,66,210219,70,239239
24199,0.04033,74.125.130.0-255,5738,215957,70,239239
24200,0.040337,172.31.40.0-255,66,216023,70,239239
24201,0.042401,74.125.130.0-255,5738,221761,70,239239
24202,0.042408,172.31.40.0-255,66,221827,70,239239
24203,0.044476,74.125.130.0-255,5738,227565,70,239239
24204,0.044483,172.31.40.0-255,66,227631,70,239239
24205,0.046552,74.125.130.0-255,5738,233369,70,239239
24206,0.046559,172.31.40.0-255,66,233435,70,239239
24207,0.048621,74.125.130.0-255,5738,239173,70,239239
24208,0.048628,172.31.40.0-255,66,239239,70,239239
24209,0.0,172.217.194.0-255,152,152,70,295700
24210,1.6e-05,172.31.40.0-255,66,218,70,295700
24211,2.3e-05,172.217.194.0-255,1484,1702,70,295700
24212,2.8e-05,172.31.40.0-255,66,1768,70,295700
24213,3.5e-05,172.217.194.0-255,2902,4670,70,295700
24214,3.8e-05,172.31.40.0-255,66,4736,70,295700
24215,4.6e-05,172.217.194.0-255,7156,11892,70,295700
24216,4.8e-05,172.31.40.0-255,66,11958,70,295700
24217,5.5e-05,172.217.194.0-255,4320,16278,70,295700
24218,5.7e-05,172.31.40.0-255,66,16344,70,295700
24219,9e-05,172.31.40.0-255,66,16410,70,295700
24220,9.5e-05,172.217.194.0-255,2543,18953,70,295700
24221,9.7e-05,172.31.40.0-255,66,19019,70,295700
24222,0.000125,172.217.194.0-255,4320,23339,70,295700
24223,0.000128,172.31.40.0-255,66,23405,70,295700
24224,0.000134,172.217.194.0-255,5738,29143,70,295700
24225,0.000136,172.31.40.0-255,66,29209,70,295700
24226,0.000172,172.217.194.0-255,6797,36006,70,295700
24227,0.000175,172.31.40.0-255,66,36072,70,295700
24228,0.000568,172.217.194.0-255,1484,37556,70,295700
24229,0.000574,172.217.194.0-255,2902,40458,70,295700
24230,0.000579,172.31.40.0-255,66,40524,70,295700
24231,0.000583,172.31.40.0-255,66,40590,70,295700
24232,0.000598,172.217.194.0-255,5738,46328,70,295700
24233,0.0006,172.31.40.0-255,66,46394,70,295700
24234,0.000627,172.217.194.0-255,2902,49296,70,295700
24235,0.000629,172.31.40.0-255,66,49362,70,295700
24236,0.000654,172.217.194.0-255,4541,53903,70,295700
24237,0.000656,172.31.40.0-255,66,53969,70,295700
24238,0.001068,172.217.194.0-255,1484,55453,70,295700
24239,0.001073,172.31.40.0-255,66,55519,70,295700
24240,0.001082,172.217.194.0-255,2902,58421,70,295700
24241,0.001084,172.31.40.0-255,66,58487,70,295700
24242,0.001091,172.217.194.0-255,5738,64225,70,295700
24243,0.001093,172.31.40.0-255,66,64291,70,295700
24244,0.001099,172.217.194.0-255,5738,70029,70,295700
24245,0.001101,172.31.40.0-255,66,70095,70,295700
24246,0.001171,172.31.40.0-255,66,70161,70,295700
24247,0.001177,172.217.194.0-255,5020,75181,70,295700
24248,0.00118,172.31.40.0-255,66,75247,70,295700
24249,0.001579,172.217.194.0-255,1484,76731,70,295700
24250,0.001589,172.217.194.0-255,2902,79633,70,295700
24251,0.001593,172.31.40.0-255,66,79699,70,295700
24252,0.001621,172.217.194.0-255,4320,84019,70,295700
24253,0.001623,172.31.40.0-255,66,84085,70,295700
24254,0.001643,172.217.194.0-255,1484,85569,70,295700
24255,0.001653,172.217.194.0-255,9992,95561,70,295700
24256,0.001655,172.31.40.0-255,66,95627,70,295700
24257,0.001663,172.217.194.0-255,8574,104201,70,295700
24258,0.001667,172.31.40.0-255,66,104267,70,295700
24259,0.001686,172.217.194.0-255,5020,109287,70,295700
24260,0.001689,172.31.40.0-255,66,109353,70,295700
24261,0.002086,172.217.194.0-255,1484,110837,70,295700
24262,0.002094,172.217.194.0-255,2902,113739,70,295700
24263,0.0021,172.31.40.0-255,66,113805,70,295700
24264,0.002107,172.217.194.0-255,5738,119543,70,295700
24265,0.002109,172.31.40.0-255,66,119609,70,295700
24266,0.002124,172.217.194.0-255,5738,125347,70,295700
24267,0.002127,172.31.40.0-255,66,125413,70,295700
24268,0.002133,172.217.194.0-255,4320,129733,70,295700
24269,0.002135,172.31.40.0-255,66,129799,70,295700
24270,0.002165,172.217.194.0-255,8574,138373,70,295700
24271,0.002168,172.31.40.0-255,66,138439,70,295700
24272,0.002174,172.217.194.0-255,5020,143459,70,295700
24273,0.002176,172.31.40.0-255,66,143525,70,295700
24274,0.002214,172.217.194.0-255,1484,145009,70,295700
24275,0.002227,172.217.194.0-255,2902,147911,70,295700
24276,0.002229,172.31.40.0-255,66,147977,70,295700
24277,0.002234,172.217.194.0-255,1484,149461,70,295700
24278,0.002252,172.217.194.0-255,4320,153781,70,295700
24279,0.002255,172.31.40.0-255,66,153847,70,295700
24280,0.00226,172.217.194.0-255,4320,158167,70,295700
24281,0.002263,172.31.40.0-255,66,158233,70,295700
24282,0.002285,172.217.194.0-255,8574,166807,70,295700
24283,0.002288,172.31.40.0-255,66,166873,70,295700
24284,0.002295,172.217.194.0-255,7156,174029,70,295700
24285,0.002297,172.31.40.0-255,66,174095,70,295700
24286,0.002323,172.217.194.0-255,3602,177697,70,295700
24287,0.002326,172.31.40.0-255,66,177763,70,295700
24288,0.004613,172.217.194.0-255,5738,183501,70,295700
24289,0.004616,172.31.40.0-255,66,183567,70,295700
24290,0.00691,172.217.194.0-255,5738,189305,70,295700
24291,0.006916,172.31.40.0-255,66,189371,70,295700
24292,0.009216,172.217.194.0-255,5738,195109,70,295700
24293,0.009224,172.31.40.0-255,66,195175,70,295700
24294,0.011527,172.217.194.0-255,5738,200913,70,295700
24295,0.011534,172.31.40.0-255,66,200979,70,295700
24296,0.013836,172.217.194.0-255,5738,206717,70,295700
24297,0.013843,172.31.40.0-255,66,206783,70,295700
24298,0.016165,172.217.194.0-255,5738,212521,70,295700
24299,0.016175,172.31.40.0-255,66,212587,70,295700
24300,0.01847,172.217.194.0-255,5738,218325,70,295700
24301,0.018494,172.31.40.0-255,66,218391,70,295700
24302,0.020778,172.217.194.0-255,5738,224129,70,295700
24303,0.020786,172.31.40.0-255,66,224195,70,295700
24304,0.023079,172.217.194.0-255,5738,229933,70,295700
24305,0.023084,172.31.40.0-255,66,229999,70,295700
24306,0.025432,172.217.194.0-255,5738,235737,70,295700
24307,0.02545,172.31.40.0-255,66,235803,70,295700
24308,0.027762,172.217.194.0-255,5738,241541,70,295700
24309,0.027775,172.31.40.0-255,66,241607,70,295700
24310,0.03008,172.217.194.0-255,5738,247345,70,295700
24311,0.030098,172.31.40.0-255,66,247411,70,295700
24312,0.032416,172.217.194.0-255,5738,253149,70,295700
24313,0.03243,172.31.40.0-255,66,253215,70,295700
24314,0.034733,172.217.194.0-255,5738,258953,70,295700
24315,0.034745,172.31.40.0-255,66,259019,70,295700
24316,0.037016,172.217.194.0-255,5738,264757,70,295700
24317,0.037022,172.31.40.0-255,66,264823,70,295700
24318,0.039371,172.217.194.0-255,5738,270561,70,295700
24319,0.03938,172.31.40.0-255,66,270627,70,295700
24320,0.041678,172.217.194.0-255,5738,276365,70,295700
24321,0.041695,172.31.40.0-255,66,276431,70,295700
24322,0.043994,172.217.194.0-255,5738,282169,70,295700
24323,0.044006,172.31.40.0-255,66,282235,70,295700
24324,0.046307,172.217.194.0-255,5738,287973,70,295700
24325,0.046324,172.31.40.0-255,66,288039,70,295700
24326,0.048617,172.217.194.0-255,5738,293777,70,295700
24327,0.048625,172.31.40.0-255,66,293843,70,295700
24328,0.049162,172.31.40.0-255,172,294015,70,295700
24329,0.049195,172.31.40.0-255,1118,295133,70,295700
24330,0.049246,172.31.40.0-255,567,295700,70,295700
24331,0.0,172.217.24.0-255,154,154,70,371456
24332,2.4e-05,172.31.40.0-255,66,220,70,371456
24333,3.2e-05,172.217.24.0-255,1484,1704,70,371456
24334,3.6e-05,172.31.40.0-255,66,1770,70,371456
24335,4.2e-05,172.217.24.0-255,2902,4672,70,371456
24336,4.6e-05,172.31.40.0-255,66,4738,70,371456
24337,5.4e-05,172.217.24.0-255,7156,11894,70,371456
24338,6.6e-05,172.31.40.0-255,66,11960,70,371456
24339,7e-05,172.217.24.0-255,2030,13990,70,371456
24340,7.3e-05,172.31.40.0-255,66,14056,70,371456
24341,0.000113,172.217.24.0-255,1484,15540,70,371456
24342,0.000116,172.31.40.0-255,66,15606,70,371456
24343,0.000121,172.217.24.0-255,2902,18508,70,371456
24344,0.000129,172.31.40.0-255,66,18574,70,371456
24345,0.000136,172.217.24.0-255,5738,24312,70,371456
24346,0.000139,172.31.40.0-255,66,24378,70,371456
24347,0.000175,172.217.24.0-255,6797,31175,70,371456
24348,0.000178,172.31.40.0-255,66,31241,70,371456
24349,0.000258,172.217.24.0-255,1484,32725,70,371456
24350,0.00026,172.31.40.0-255,66,32791,70,371456
24351,0.000265,172.217.24.0-255,2902,35693,70,371456
24352,0.000267,172.31.40.0-255,66,35759,70,371456
24353,0.000314,172.217.24.0-255,5738,41497,70,371456
24354,0.000318,172.31.40.0-255,66,41563,70,371456
24355,0.000322,172.217.24.0-255,2902,44465,70,371456
24356,0.000324,172.31.40.0-255,66,44531,70,371456
24357,0.000342,172.31.40.0-255,66,44597,70,371456
24358,0.00035,172.217.24.0-255,7156,51753,70,371456
24359,0.000352,172.31.40.0-255,66,51819,70,371456
24360,0.000381,172.217.24.0-255,2543,54362,70,371456
24361,0.000384,172.31.40.0-255,66,54428,70,371456
24362,0.000387,172.217.24.0-255,356,54784,70,371456
24363,0.001016,172.217.24.0-255,386,55170,70,371456
24364,0.001208,172.217.24.0-255,1484,56654,70,371456
24365,0.001214,172.31.40.0-255,66,56720,70,371456
24366,0.001222,172.217.24.0-255,2902,59622,70,371456
24367,0.001225,172.31.40.0-255,66,59688,70,371456
24368,0.001231,172.217.24.0-255,4320,64008,70,371456
24369,0.001239,172.31.40.0-255,66,64074,70,371456
24370,0.001283,172.217.24.0-255,1484,65558,70,371456
24371,0.001296,172.217.24.0-255,6797,72355,70,371456
24372,0.001299,172.31.40.0-255,66,72421,70,371456
24373,0.001306,172.217.24.0-255,5738,78159,70,371456
24374,0.001308,172.31.40.0-255,66,78225,70,371456
24375,0.001343,172.217.24.0-255,1484,79709,70,371456
24376,0.001351,172.217.24.0-255,8574,88283,70,371456
24377,0.001353,172.31.40.0-255,66,88349,70,371456
24378,0.001378,172.217.24.0-255,1125,89474,70,371456
24379,0.001543,172.217.24.0-255,1484,90958,70,371456
24380,0.001547,172.31.40.0-255,66,91024,70,371456
24381,0.001552,172.217.24.0-255,2902,93926,70,371456
24382,0.001554,172.31.40.0-255,66,93992,70,371456
24383,0.001558,172.217.24.0-255,2902,96894,70,371456
24384,0.00156,172.31.40.0-255,66,96960,70,371456
24385,0.00157,172.217.24.0-255,4320,101280,70,371456
24386,0.001571,172.31.40.0-255,66,101346,70,371456
24387,0.001574,172.217.24.0-255,1484,102830,70,371456
24388,0.00161,172.217.24.0-255,7156,109986,70,371456
24389,0.001613,172.31.40.0-255,66,110052,70,371456
24390,0.001621,172.217.24.0-255,8574,118626,70,371456
24391,0.001623,172.31.40.0-255,66,118692,70,371456
24392,0.001651,172.217.24.0-255,2902,121594,70,371456
24393,0.001653,172.31.40.0-255,66,121660,70,371456
24394,0.001685,172.217.24.0-255,2184,123844,70,371456
24395,0.001687,172.31.40.0-255,66,123910,70,371456
24396,0.001727,172.217.24.0-255,1484,125394,70,371456
24397,0.001732,172.217.24.0-255,2902,128296,70,371456
24398,0.001734,172.31.40.0-255,66,128362,70,371456
24399,0.001762,172.217.24.0-255,5738,134100,70,371456
24400,0.001765,172.31.40.0-255,66,134166,70,371456
24401,0.00177,172.217.24.0-255,5738,139904,70,371456
24402,0.001772,172.31.40.0-255,66,139970,70,371456
24403,0.001783,172.217.24.0-255,7156,147126,70,371456
24404,0.001785,172.31.40.0-255,66,147192,70,371456
24405,0.001829,172.31.40.0-255,66,147258,70,371456
24406,0.001835,172.217.24.0-255,5738,152996,70,371456
24407,0.001837,172.31.40.0-255,66,153062,70,371456
24408,0.001865,172.217.24.0-255,5738,158800,70,371456
24409,0.001868,172.31.40.0-255,66,158866,70,371456
24410,0.001872,172.217.24.0-255,2902,161768,70,371456
24411,0.001875,172.31.40.0-255,66,161834,70,371456
24412,0.001881,172.217.24.0-255,7156,168990,70,371456
24413,0.001883,172.31.40.0-255,66,169056,70,371456
24414,0.001891,172.217.24.0-255,7856,176912,70,371456
24415,0.001893,172.31.40.0-255,66,176978,70,371456
24416,0.00201,172.217.24.0-255,1484,178462,70,371456
24417,0.002015,172.217.24.0-255,2902,181364,70,371456
24418,0.002018,172.31.40.0-255,66,181430,70,371456
24419,0.002021,172.217.24.0-255,1484,182914,70,371456
24420,0.002049,172.217.24.0-255,2902,185816,70,371456
24421,0.002052,172.31.40.0-255,66,185882,70,371456
24422,0.002057,172.217.24.0-255,4320,190202,70,371456
24423,0.002059,172.31.40.0-255,66,190268,70,371456
24424,0.00207,172.217.24.0-255,7156,197424,70,371456
24425,0.002072,172.31.40.0-255,66,197490,70,371456
24426,0.002077,172.217.24.0-255,4320,201810,70,371456
24427,0.002079,172.31.40.0-255,66,201876,70,371456
24428,0.002112,172.217.24.0-255,5738,207614,70,371456
24429,0.002115,172.31.40.0-255,66,207680,70,371456
24430,0.00212,172.217.24.0-255,3602,211282,70,371456
24431,0.002122,172.31.40.0-255,66,211348,70,371456
24432,0.00229,172.217.24.0-255,1484,212832,70,371456
24433,0.002318,172.217.24.0-255,1484,214316,70,371456
24434,0.002322,172.31.40.0-255,66,214382,70,371456
24435,0.002326,172.217.24.0-255,1484,215866,70,371456
24436,0.002346,172.217.24.0-255,1484,217350,70,371456
24437,0.002348,172.31.40.0-255,66,217416,70,371456
24438,0.002355,172.217.24.0-255,5738,223154,70,371456
24439,0.002356,172.31.40.0-255,66,223220,70,371456
24440,0.002416,172.217.24.0-255,9992,233212,70,371456
24441,0.00242,172.31.40.0-255,66,233278,70,371456
24442,0.002437,172.31.40.0-255,66,233344,70,371456
24443,0.002462,172.217.24.0-255,766,234110,70,371456
24444,0.002596,172.217.24.0-255,1484,235594,70,371456
24445,0.002601,172.31.40.0-255,66,235660,70,371456
24446,0.002607,172.217.24.0-255,2902,238562,70,371456
24447,0.002609,172.31.40.0-255,66,238628,70,371456
24448,0.002612,172.217.24.0-255,1484,240112,70,371456
24449,0.002635,172.217.24.0-255,4320,244432,70,371456
24450,0.002639,172.31.40.0-255,66,244498,70,371456
24451,0.002649,172.217.24.0-255,4320,248818,70,371456
24452,0.002651,172.31.40.0-255,66,248884,70,371456
24453,0.002657,172.217.24.0-255,5738,254622,70,371456
24454,0.00266,172.31.40.0-255,66,254688,70,371456
24455,0.002663,172.217.24.0-255,1484,256172,70,371456
24456,0.002704,172.217.24.0-255,1484,257656,70,371456
24457,0.002708,172.217.24.0-255,2902,260558,70,371456
24458,0.002713,172.31.40.0-255,66,260624,70,371456
24459,0.002717,172.31.40.0-255,66,260690,70,371456
24460,0.002743,172.217.24.0-255,5738,266428,70,371456
24461,0.002747,172.31.40.0-255,66,266494,70,371456
24462,0.002796,172.217.24.0-255,2184,268678,70,371456
24463,0.002801,172.31.40.0-255,66,268744,70,371456
24464,0.002891,172.217.24.0-255,1484,270228,70,371456
24465,0.002895,172.217.24.0-255,1484,271712,70,371456
24466,0.002897,172.31.40.0-255,66,271778,70,371456
24467,0.00292,172.217.24.0-255,1484,273262,70,371456
24468,0.002925,172.217.24.0-255,5738,279000,70,371456
24469,0.002927,172.31.40.0-255,66,279066,70,371456
24470,0.002931,172.217.24.0-255,2902,281968,70,371456
24471,0.002933,172.31.40.0-255,66,282034,70,371456
24472,0.002963,172.217.24.0-255,1484,283518,70,371456
24473,0.002969,172.217.24.0-255,5738,289256,70,371456
24474,0.002971,172.31.40.0-255,66,289322,70,371456
24475,0.00299,172.217.24.0-255,5738,295060,70,371456
24476,0.002993,172.31.40.0-255,66,295126,70,371456
24477,0.003016,172.217.24.0-255,5738,300864,70,371456
24478,0.003018,172.31.40.0-255,66,300930,70,371456
24479,0.003042,172.217.24.0-255,2184,303114,70,371456
24480,0.003046,172.31.40.0-255,66,303180,70,371456
24481,0.003626,172.217.24.0-255,1484,304664,70,371456
24482,0.003638,172.217.24.0-255,1484,306148,70,371456
24483,0.003641,172.31.40.0-255,66,306214,70,371456
24484,0.003645,172.217.24.0-255,2902,309116,70,371456
24485,0.003647,172.31.40.0-255,66,309182,70,371456
24486,0.00365,172.217.24.0-255,1484,310666,70,371456
24487,0.003677,172.217.24.0-255,1484,312150,70,371456
24488,0.003679,172.31.40.0-255,66,312216,70,371456
24489,0.003685,172.217.24.0-255,5738,317954,70,371456
24490,0.003687,172.31.40.0-255,66,318020,70,371456
24491,0.003721,172.217.24.0-255,1484,319504,70,371456
24492,0.003726,172.217.24.0-255,4320,323824,70,371456
24493,0.003728,172.31.40.0-255,66,323890,70,371456
24494,0.003733,172.217.24.0-255,5738,329628,70,371456
24495,0.003734,172.31.40.0-255,66,329694,70,371456
24496,0.003741,172.217.24.0-255,7156,336850,70,371456
24497,0.003742,172.31.40.0-255,66,336916,70,371456
24498,0.003748,172.217.24.0-255,766,337682,70,371456
24499,0.003797,172.217.24.0-255,1484,339166,70,371456
24500,0.0038,172.31.40.0-255,66,339232,70,371456
24501,0.003804,172.217.24.0-255,4320,343552,70,371456
24502,0.003806,172.31.40.0-255,66,343618,70,371456
24503,0.003808,172.217.24.0-255,1484,345102,70,371456
24504,0.003812,172.217.24.0-255,2902,348004,70,371456
24505,0.003813,172.31.40.0-255,66,348070,70,371456
24506,0.003815,172.217.24.0-255,1484,349554,70,371456
24507,0.003848,172.217.24.0-255,8574,358128,70,371456
24508,0.003851,172.31.40.0-255,66,358194,70,371456
24509,0.003856,172.217.24.0-255,4320,362514,70,371456
24510,0.003858,172.31.40.0-255,66,362580,70,371456
24511,0.003917,172.217.24.0-255,3042,365622,70,371456
24512,0.003921,172.31.40.0-255,66,365688,70,371456
24513,0.003946,172.217.24.0-255,105,365793,70,371456
24514,0.004776,172.31.40.0-255,66,365859,70,371456
24515,0.004811,172.31.40.0-255,105,365964,70,371456
24516,0.006713,172.217.24.0-255,66,366030,70,371456
24517,0.02253,172.31.40.0-255,172,366202,70,371456
24518,0.022565,172.31.40.0-255,1118,367320,70,371456
24519,0.022627,172.31.40.0-255,1514,368834,70,371456
24520,0.022629,172.31.40.0-255,1514,370348,70,371456
24521,0.022631,172.31.40.0-255,844,371192,70,371456
24522,0.024102,104.244.42.0-255,66,371258,70,371456
24523,0.024139,104.244.42.0-255,66,371324,70,371456
24524,0.02425,104.244.42.0-255,66,371390,70,371456
24525,0.024271,104.244.42.0-255,66,371456,70,371456
24526,0.0,74.125.130.0-255,153,153,70,337098
24527,2.3e-05,172.31.40.0-255,66,219,70,337098
24528,3e-05,74.125.130.0-255,1484,1703,70,337098
24529,3.5e-05,172.31.40.0-255,66,1769,70,337098
24530,4.1e-05,74.125.130.0-255,2902,4671,70,337098
24531,4.4e-05,172.31.40.0-255,66,4737,70,337098
24532,4.7e-05,74.125.130.0-255,1484,6221,70,337098
24533,4.9e-05,172.31.40.0-255,66,6287,70,337098
24534,5.4e-05,74.125.130.0-255,2902,9189,70,337098
24535,5.8e-05,172.31.40.0-255,66,9255,70,337098
24536,8.2e-05,74.125.130.0-255,6282,15537,70,337098
24537,8.4e-05,172.31.40.0-255,66,15603,70,337098
24538,9e-05,74.125.130.0-255,4320,19923,70,337098
24539,9.3e-05,172.31.40.0-255,66,19989,70,337098
24540,0.000146,74.125.130.0-255,4320,24309,70,337098
24541,0.000149,172.31.40.0-255,66,24375,70,337098
24542,0.000171,74.125.130.0-255,6797,31172,70,337098
24543,0.000173,172.31.40.0-255,66,31238,70,337098
24544,0.000294,74.125.130.0-255,1484,32722,70,337098
24545,0.000298,172.31.40.0-255,66,32788,70,337098
24546,0.000302,74.125.130.0-255,1484,34272,70,337098
24547,0.000304,172.31.40.0-255,66,34338,70,337098
24548,0.000319,74.125.130.0-255,1484,35822,70,337098
24549,0.000322,172.31.40.0-255,66,35888,70,337098
24550,0.000326,74.125.130.0-255,2902,38790,70,337098
24551,0.000328,172.31.40.0-255,66,38856,70,337098
24552,0.000351,74.125.130.0-255,2902,41758,70,337098
24553,0.000353,172.31.40.0-255,66,41824,70,337098
24554,0.000358,74.125.130.0-255,2902,44726,70,337098
24555,0.00036,172.31.40.0-255,66,44792,70,337098
24556,0.000365,74.125.130.0-255,3961,48753,70,337098
24557,0.000368,172.31.40.0-255,66,48819,70,337098
24558,0.000401,74.125.130.0-255,2902,51721,70,337098
24559,0.000404,172.31.40.0-255,66,51787,70,337098
24560,0.000409,74.125.130.0-255,2902,54689,70,337098
24561,0.000411,172.31.40.0-255,66,54755,70,337098
24562,0.000423,74.125.130.0-255,1484,56239,70,337098
24563,0.000441,74.125.130.0-255,7156,63395,70,337098
24564,0.000443,172.31.40.0-255,66,63461,70,337098
24565,0.000461,74.125.130.0-255,1484,64945,70,337098
24566,0.000464,74.125.130.0-255,1415,66360,70,337098
24567,0.000466,172.31.40.0-255,66,66426,70,337098
24568,0.000478,74.125.130.0-255,99,66525,70,337098
24569,0.000571,74.125.130.0-255,1484,68009,70,337098
24570,0.000576,172.31.40.0-255,66,68075,70,337098
24571,0.000591,74.125.130.0-255,2902,70977,70,337098
24572,0.000594,172.31.40.0-255,66,71043,70,337098
24573,0.0006,74.125.130.0-255,5738,76781,70,337098
24574,0.000603,172.31.40.0-255,66,76847,70,337098
24575,0.000609,74.125.130.0-255,5738,82585,70,337098
24576,0.000611,172.31.40.0-255,66,82651,70,337098
24577,0.000614,74.125.130.0-255,1484,84135,70,337098
24578,0.000636,74.125.130.0-255,5738,89873,70,337098
24579,0.000638,172.31.40.0-255,66,89939,70,337098
24580,0.000664,74.125.130.0-255,4320,94259,70,337098
24581,0.000667,172.31.40.0-255,66,94325,70,337098
24582,0.000682,74.125.130.0-255,6735,101060,70,337098
24583,0.000685,172.31.40.0-255,66,101126,70,337098
24584,0.000903,74.125.130.0-255,1484,102610,70,337098
24585,0.000923,74.125.130.0-255,2902,105512,70,337098
24586,0.000926,172.31.40.0-255,66,105578,70,337098
24587,0.000932,74.125.130.0-255,4320,109898,70,337098
24588,0.000934,172.31.40.0-255,66,109964,70,337098
24589,0.000949,74.125.130.0-255,1484,111448,70,337098
24590,0.000958,74.125.130.0-255,8574,120022,70,337098
24591,0.000961,172.31.40.0-255,66,120088,70,337098
24592,0.000989,74.125.130.0-255,4320,124408,70,337098
24593,0.000991,172.31.40.0-255,66,124474,70,337098
24594,0.001001,74.125.130.0-255,9992,134466,70,337098
24595,0.001004,172.31.40.0-255,66,134532,70,337098
24596,0.001007,74.125.130.0-255,766,135298,70,337098
24597,0.001083,74.125.130.0-255,1484,136782,70,337098
24598,0.001086,172.31.40.0-255,66,136848,70,337098
24599,0.001091,74.125.130.0-255,2902,139750,70,337098
24600,0.001093,172.31.40.0-255,66,139816,70,337098
24601,0.001106,74.125.130.0-255,1484,141300,70,337098
24602,0.00113,74.125.130.0-255,4320,145620,70,337098
24603,0.001133,172.31.40.0-255,66,145686,70,337098
24604,0.001139,74.125.130.0-255,5738,151424,70,337098
24605,0.001141,172.31.40.0-255,66,151490,70,337098
24606,0.001148,74.125.130.0-255,7156,158646,70,337098
24607,0.001151,172.31.40.0-255,66,158712,70,337098
24608,0.001187,74.125.130.0-255,10692,169404,70,337098
24609,0.00119,172.31.40.0-255,66,169470,70,337098
24610,0.001243,74.125.130.0-255,1484,170954,70,337098
24611,0.001248,74.125.130.0-255,2902,173856,70,337098
24612,0.001251,172.31.40.0-255,66,173922,70,337098
24613,0.001267,74.125.130.0-255,1484,175406,70,337098
24614,0.001288,74.125.130.0-255,4320,179726,70,337098
24615,0.001293,74.125.130.0-255,4320,184046,70,337098
24616,0.001298,172.31.40.0-255,66,184112,70,337098
24617,0.0013,172.31.40.0-255,66,184178,70,337098
24618,0.001313,74.125.130.0-255,2902,187080,70,337098
24619,0.001315,172.31.40.0-255,66,187146,70,337098
24620,0.001318,74.125.130.0-255,1484,188630,70,337098
24621,0.001357,172.31.40.0-255,66,188696,70,337098
24622,0.001361,74.125.130.0-255,2184,190880,70,337098
24623,0.001362,172.31.40.0-255,66,190946,70,337098
24624,0.001414,74.125.130.0-255,1484,192430,70,337098
24625,0.001417,74.125.130.0-255,1484,193914,70,337098
24626,0.00142,172.31.40.0-255,66,193980,70,337098
24627,0.001441,74.125.130.0-255,1484,195464,70,337098
24628,0.001448,74.125.130.0-255,5738,201202,70,337098
24629,0.00145,172.31.40.0-255,66,201268,70,337098
24630,0.001492,74.125.130.0-255,1484,202752,70,337098
24631,0.001523,172.31.40.0-255,66,202818,70,337098
24632,0.001532,74.125.130.0-255,8574,211392,70,337098
24633,0.001534,172.31.40.0-255,66,211458,70,337098
24634,0.001538,74.125.130.0-255,2184,213642,70,337098
24635,0.001541,172.31.40.0-255,66,213708,70,337098
24636,0.00159,74.125.130.0-255,1484,215192,70,337098
24637,0.001607,74.125.130.0-255,2902,218094,70,337098
24638,0.001611,74.125.130.0-255,2902,220996,70,337098
24639,0.001616,172.31.40.0-255,66,221062,70,337098
24640,0.001619,172.31.40.0-255,66,221128,70,337098
24641,0.001636,74.125.130.0-255,2902,224030,70,337098
24642,0.001639,172.31.40.0-255,66,224096,70,337098
24643,0.001651,74.125.130.0-255,5738,229834,70,337098
24644,0.001654,172.31.40.0-255,66,229900,70,337098
24645,0.001661,74.125.130.0-255,7156,237056,70,337098
24646,0.001664,172.31.40.0-255,66,237122,70,337098
24647,0.001702,172.31.40.0-255,66,237188,70,337098
24648,0.001715,74.125.130.0-255,766,237954,70,337098
24649,0.00172,74.125.130.0-255,4320,242274,70,337098
24650,0.001725,172.31.40.0-255,66,242340,70,337098
24651,0.001742,172.31.40.0-255,66,242406,70,337098
24652,0.001752,74.125.130.0-255,8574,250980,70,337098
24653,0.001755,172.31.40.0-255,66,251046,70,337098
24654,0.00178,74.125.130.0-255,1484,252530,70,337098
24655,0.001794,74.125.130.0-255,3602,256132,70,337098
24656,0.001797,172.31.40.0-255,66,256198,70,337098
24657,0.001877,74.125.130.0-255,1484,257682,70,337098
24658,0.001893,74.125.130.0-255,2902,260584,70,337098
24659,0.001896,172.31.40.0-255,66,260650,70,337098
24660,0.001921,74.125.130.0-255,5738,266388,70,337098
24661,0.001941,172.31.40.0-255,66,266454,70,337098
24662,0.001951,74.125.130.0-255,8574,275028,70,337098
24663,0.001954,172.31.40.0-255,66,275094,70,337098
24664,0.001957,74.125.130.0-255,1484,276578,70,337098
24665,0.001978,74.125.130.0-255,8574,285152,70,337098
24666,0.001981,172.31.40.0-255,66,285218,70,337098
24667,0.001985,74.125.130.0-255,1484,286702,70,337098
24668,0.001987,74.125.130.0-255,1484,288186,70,337098
24669,0.001989,172.31.40.0-255,66,288252,70,337098
24670,0.002011,74.125.130.0-255,2184,290436,70,337098
24671,0.002014,172.31.40.0-255,66,290502,70,337098
24672,0.002081,74.125.130.0-255,1484,291986,70,337098
24673,0.002107,74.125.130.0-255,2902,294888,70,337098
24674,0.002111,172.31.40.0-255,66,294954,70,337098
24675,0.002117,74.125.130.0-255,5738,300692,70,337098
24676,0.002119,172.31.40.0-255,66,300758,70,337098
24677,0.002127,74.125.130.0-255,7156,307914,70,337098
24678,0.002153,74.125.130.0-255,5738,313652,70,337098
24679,0.002165,74.125.130.0-255,10692,324344,70,337098
24680,0.002197,74.125.130.0-255,1484,325828,70,337098
24681,0.002249,74.125.130.0-255,5288,331116,70,337098
24682,0.002252,74.125.130.0-255,97,331213,70,337098
24683,0.002253,74.125.130.0-255,105,331318,70,337098
24684,0.010291,74.125.130.0-255,105,331423,70,337098
24685,0.010315,172.31.40.0-255,78,331501,70,337098
24686,0.013489,172.31.40.0-255,105,331606,70,337098
24687,0.015393,74.125.130.0-255,66,331672,70,337098
24688,0.048253,172.31.40.0-255,172,331844,70,337098
24689,0.048283,172.31.40.0-255,1118,332962,70,337098
24690,0.048349,172.31.40.0-255,1514,334476,70,337098
24691,0.048351,172.31.40.0-255,1514,335990,70,337098
24692,0.048377,172.31.40.0-255,844,336834,70,337098
24693,0.049779,104.244.42.0-255,66,336900,70,337098
24694,0.049871,104.244.42.0-255,66,336966,70,337098
24695,0.049964,104.244.42.0-255,66,337032,70,337098
24696,0.049969,104.244.42.0-255,66,337098,70,337098
24697,0.0,74.125.68.0-255,301,301,70,364138
24698,2e-05,172.31.40.0-255,66,367,70,364138
24699,2.7e-05,74.125.68.0-255,1484,1851,70,364138
24700,3.1e-05,172.31.40.0-255,66,1917,70,364138
24701,3.7e-05,74.125.68.0-255,2902,4819,70,364138
24702,4e-05,172.31.40.0-255,66,4885,70,364138
24703,5.3e-05,74.125.68.0-255,4320,9205,70,364138
24704,5.7e-05,172.31.40.0-255,66,9271,70,364138
24705,9.4e-05,74.125.68.0-255,6124,15395,70,364138
24706,9.9e-05,172.31.40.0-255,66,15461,70,364138
24707,0.000106,74.125.68.0-255,7156,22617,70,364138
24708,0.000109,172.31.40.0-255,66,22683,70,364138
24709,0.000151,74.125.68.0-255,8215,30898,70,364138
24710,0.000154,172.31.40.0-255,66,30964,70,364138
24711,0.000299,74.125.68.0-255,1484,32448,70,364138
24712,0.000303,172.31.40.0-255,66,32514,70,364138
24713,0.000309,74.125.68.0-255,2902,35416,70,364138
24714,0.000311,172.31.40.0-255,66,35482,70,364138
24715,0.000345,74.125.68.0-255,4320,39802,70,364138
24716,0.000347,172.31.40.0-255,66,39868,70,364138
24717,0.000354,74.125.68.0-255,5738,45606,70,364138
24718,0.000356,172.31.40.0-255,66,45672,70,364138
24719,0.000417,74.125.68.0-255,9992,55664,70,364138
24720,0.00042,172.31.40.0-255,66,55730,70,364138
24721,0.00043,74.125.68.0-255,1484,57214,70,364138
24722,0.000436,172.31.40.0-255,66,57280,70,364138
24723,0.000442,74.125.68.0-255,4320,61600,70,364138
24724,0.000445,172.31.40.0-255,66,61666,70,364138
24725,0.00045,74.125.68.0-255,3964,65630,70,364138
24726,0.000453,172.31.40.0-255,66,65696,70,364138
24727,0.000596,74.125.68.0-255,1484,67180,70,364138
24728,0.0006,172.31.40.0-255,66,67246,70,364138
24729,0.000606,74.125.68.0-255,2902,70148,70,364138
24730,0.000608,172.31.40.0-255,66,70214,70,364138
24731,0.000642,74.125.68.0-255,5738,75952,70,364138
24732,0.000645,172.31.40.0-255,66,76018,70,364138
24733,0.000651,74.125.68.0-255,5738,81756,70,364138
24734,0.000653,172.31.40.0-255,66,81822,70,364138
24735,0.00067,74.125.68.0-255,2902,84724,70,364138
24736,0.000672,172.31.40.0-255,66,84790,70,364138
24737,0.000679,74.125.68.0-255,7156,91946,70,364138
24738,0.000681,172.31.40.0-255,66,92012,70,364138
24739,0.000697,74.125.68.0-255,2902,94914,70,364138
24740,0.000705,74.125.68.0-255,5020,99934,70,364138
24741,0.000709,172.31.40.0-255,66,100000,70,364138
24742,0.000714,172.31.40.0-255,66,100066,70,364138
24743,0.00112,74.125.68.0-255,1484,101550,70,364138
24744,0.001127,74.125.68.0-255,2902,104452,70,364138
24745,0.001131,172.31.40.0-255,66,104518,70,364138
24746,0.001135,74.125.68.0-255,1484,106002,70,364138
24747,0.001158,74.125.68.0-255,1484,107486,70,364138
24748,0.00116,172.31.40.0-255,66,107552,70,364138
24749,0.001166,74.125.68.0-255,4320,111872,70,364138
24750,0.001168,172.31.40.0-255,66,111938,70,364138
24751,0.001203,74.125.68.0-255,8574,120512,70,364138
24752,0.001205,172.31.40.0-255,66,120578,70,364138
24753,0.001211,74.125.68.0-255,5738,126316,70,364138
24754,0.001213,172.31.40.0-255,66,126382,70,364138
24755,0.001219,74.125.68.0-255,5738,132120,70,364138
24756,0.001221,172.31.40.0-255,66,132186,70,364138
24757,0.001246,74.125.68.0-255,1484,133670,70,364138
24758,0.001248,74.125.68.0-255,766,134436,70,364138
24759,0.00125,172.31.40.0-255,66,134502,70,364138
24760,0.001421,74.125.68.0-255,1484,135986,70,364138
24761,0.001426,74.125.68.0-255,1484,137470,70,364138
24762,0.001429,172.31.40.0-255,66,137536,70,364138
24763,0.001441,74.125.68.0-255,1484,139020,70,364138
24764,0.001465,74.125.68.0-255,4320,143340,70,364138
24765,0.001468,172.31.40.0-255,66,143406,70,364138
24766,0.001473,74.125.68.0-255,5738,149144,70,364138
24767,0.001475,172.31.40.0-255,66,149210,70,364138
24768,0.001507,74.125.68.0-255,2902,152112,70,364138
24769,0.001509,172.31.40.0-255,66,152178,70,364138
24770,0.001526,74.125.68.0-255,7156,159334,70,364138
24771,0.001529,172.31.40.0-255,66,159400,70,364138
24772,0.001542,74.125.68.0-255,1484,160884,70,364138
24773,0.00155,74.125.68.0-255,4320,165204,70,364138
24774,0.001552,172.31.40.0-255,66,165270,70,364138
24775,0.001556,74.125.68.0-255,3602,168872,70,364138
24776,0.001558,172.31.40.0-255,66,168938,70,364138
24777,0.001837,74.125.68.0-255,1484,170422,70,364138
24778,0.001843,74.125.68.0-255,1484,171906,70,364138
24779,0.001846,172.31.40.0-255,66,171972,70,364138
24780,0.00187,74.125.68.0-255,1484,173456,70,364138
24781,0.001875,74.125.68.0-255,4320,177776,70,364138
24782,0.001878,172.31.40.0-255,66,177842,70,364138
24783,0.001914,74.125.68.0-255,7156,184998,70,364138
24784,0.001917,172.31.40.0-255,66,185064,70,364138
24785,0.001946,74.125.68.0-255,1484,186548,70,364138
24786,0.001952,74.125.68.0-255,5738,192286,70,364138
24787,0.001955,172.31.40.0-255,66,192352,70,364138
24788,0.001961,74.125.68.0-255,7156,199508,70,364138
24789,0.001963,172.31.40.0-255,66,199574,70,364138
24790,0.001968,74.125.68.0-255,5020,204594,70,364138
24791,0.00197,172.31.40.0-255,66,204660,70,364138
24792,0.001974,74.125.68.0-255,2902,207562,70,364138
24793,0.001976,172.31.40.0-255,66,207628,70,364138
24794,0.002003,74.125.68.0-255,2902,210530,70,364138
24795,0.002006,172.31.40.0-255,66,210596,70,364138
24796,0.002008,74.125.68.0-255,1484,212080,70,364138
24797,0.002023,74.125.68.0-255,5738,217818,70,364138
24798,0.002029,172.31.40.0-255,66,217884,70,364138
24799,0.00206,74.125.68.0-255,5738,223622,70,364138
24800,0.002063,172.31.40.0-255,66,223688,70,364138
24801,0.002074,172.31.40.0-255,66,223754,70,364138
24802,0.002098,74.125.68.0-255,2184,225938,70,364138
24803,0.002099,172.31.40.0-255,66,226004,70,364138
24804,0.002154,74.125.68.0-255,1484,227488,70,364138
24805,0.002168,74.125.68.0-255,2902,230390,70,364138
24806,0.00217,172.31.40.0-255,66,230456,70,364138
24807,0.002221,74.125.68.0-255,5738,236194,70,364138
24808,0.002224,172.31.40.0-255,66,236260,70,364138
24809,0.002235,74.125.68.0-255,7156,243416,70,364138
24810,0.002249,74.125.68.0-255,8574,251990,70,364138
24811,0.002272,74.125.68.0-255,7856,259846,70,364138
24812,0.009262,172.31.40.0-255,66,259912,70,364138
24813,0.011576,74.125.68.0-255,5738,265650,70,364138
24814,0.011587,172.31.40.0-255,66,265716,70,364138
24815,0.01388,74.125.68.0-255,5738,271454,70,364138
24816,0.013891,172.31.40.0-255,66,271520,70,364138
24817,0.016179,74.125.68.0-255,2902,274422,70,364138
24818,0.016188,172.31.40.0-255,66,274488,70,364138
24819,0.016214,74.125.68.0-255,2902,277390,70,364138
24820,0.016216,172.31.40.0-255,66,277456,70,364138
24821,0.018488,74.125.68.0-255,5738,283194,70,364138
24822,0.018496,172.31.40.0-255,66,283260,70,364138
24823,0.02083,74.125.68.0-255,5738,288998,70,364138
24824,0.020837,172.31.40.0-255,66,289064,70,364138
24825,0.023126,74.125.68.0-255,5738,294802,70,364138
24826,0.023134,172.31.40.0-255,66,294868,70,364138
24827,0.025432,74.125.68.0-255,5738,300606,70,364138
24828,0.025439,172.31.40.0-255,66,300672,70,364138
24829,0.027641,172.31.40.0-255,172,300844,70,364138
24830,0.02767,172.31.40.0-255,1118,301962,70,364138
24831,0.027736,172.31.40.0-255,1514,303476,70,364138
24832,0.027737,172.31.40.0-255,1514,304990,70,364138
24833,0.027739,172.31.40.0-255,844,305834,70,364138
24834,0.027747,74.125.68.0-255,5738,311572,70,364138
24835,0.027751,172.31.40.0-255,66,311638,70,364138
24836,0.029159,104.244.42.0-255,66,311704,70,364138
24837,0.029199,104.244.42.0-255,66,311770,70,364138
24838,0.029303,104.244.42.0-255,66,311836,70,364138
24839,0.029308,104.244.42.0-255,66,311902,70,364138
24840,0.030043,74.125.68.0-255,5738,317640,70,364138
24841,0.030051,172.31.40.0-255,66,317706,70,364138
24842,0.032339,74.125.68.0-255,5738,323444,70,364138
24843,0.032347,172.31.40.0-255,66,323510,70,364138
24844,0.034635,74.125.68.0-255,5738,329248,70,364138
24845,0.034643,172.31.40.0-255,66,329314,70,364138
24846,0.036941,74.125.68.0-255,5738,335052,70,364138
24847,0.036947,172.31.40.0-255,66,335118,70,364138
24848,0.039242,74.125.68.0-255,5738,340856,70,364138
24849,0.039248,172.31.40.0-255,66,340922,70,364138
24850,0.041548,74.125.68.0-255,5738,346660,70,364138
24851,0.041557,172.31.40.0-255,66,346726,70,364138
24852,0.043843,74.125.68.0-255,5738,352464,70,364138
24853,0.043849,172.31.40.0-255,66,352530,70,364138
24854,0.046129,74.125.68.0-255,5738,358268,70,364138
24855,0.046136,172.31.40.0-255,66,358334,70,364138
24856,0.048426,74.125.68.0-255,5738,364072,70,364138
24857,0.048433,172.31.40.0-255,66,364138,70,364138
24858,0.0,172.217.26.0-255,153,153,70,261138
24859,2.6e-05,172.31.40.0-255,66,219,70,261138
24860,3.4e-05,172.217.26.0-255,1484,1703,70,261138
24861,3.9e-05,172.31.40.0-255,66,1769,70,261138
24862,5.2e-05,172.217.26.0-255,2902,4671,70,261138
24863,5.6e-05,172.31.40.0-255,66,4737,70,261138
24864,6.2e-05,172.217.26.0-255,5738,10475,70,261138
24865,6.5e-05,172.31.40.0-255,66,10541,70,261138
24866,7e-05,172.217.26.0-255,3419,13960,70,261138
24867,7.3e-05,172.31.40.0-255,66,14026,70,261138
24868,7.8e-05,172.217.26.0-255,4320,18346,70,261138
24869,8.1e-05,172.31.40.0-255,66,18412,70,261138
24870,0.000131,172.217.26.0-255,9992,28404,70,261138
24871,0.000134,172.31.40.0-255,66,28470,70,261138
24872,0.000139,172.217.26.0-255,2543,31013,70,261138
24873,0.000141,172.31.40.0-255,66,31079,70,261138
24874,0.000179,172.217.26.0-255,1484,32563,70,261138
24875,0.000182,172.31.40.0-255,66,32629,70,261138
24876,0.000187,172.217.26.0-255,2902,35531,70,261138
24877,0.00019,172.31.40.0-255,66,35597,70,261138
24878,0.000192,172.217.26.0-255,1484,37081,70,261138
24879,0.000194,172.31.40.0-255,66,37147,70,261138
24880,0.000228,172.217.26.0-255,4320,41467,70,261138
24881,0.000231,172.31.40.0-255,66,41533,70,261138
24882,0.000238,172.217.26.0-255,6797,48330,70,261138
24883,0.00024,172.31.40.0-255,66,48396,70,261138
24884,0.000561,172.217.26.0-255,1484,49880,70,261138
24885,0.000567,172.31.40.0-255,66,49946,70,261138
24886,0.000573,172.217.26.0-255,2902,52848,70,261138
24887,0.000575,172.31.40.0-255,66,52914,70,261138
24888,0.000578,172.217.26.0-255,1484,54398,70,261138
24889,0.00058,172.31.40.0-255,66,54464,70,261138
24890,0.000624,172.217.26.0-255,4320,58784,70,261138
24891,0.000627,172.31.40.0-255,66,58850,70,261138
24892,0.000635,172.217.26.0-255,6797,65647,70,261138
24893,0.000637,172.31.40.0-255,66,65713,70,261138
24894,0.000644,172.217.26.0-255,397,66110,70,261138
24895,0.001053,172.217.26.0-255,1484,67594,70,261138
24896,0.001058,172.31.40.0-255,66,67660,70,261138
24897,0.001064,172.217.26.0-255,2902,70562,70,261138
24898,0.001066,172.31.40.0-255,66,70628,70,261138
24899,0.001099,172.217.26.0-255,1484,72112,70,261138
24900,0.001134,172.217.26.0-255,1484,73596,70,261138
24901,0.001138,172.31.40.0-255,66,73662,70,261138
24902,0.001162,172.217.26.0-255,1484,75146,70,261138
24903,0.001169,172.217.26.0-255,5738,80884,70,261138
24904,0.001171,172.31.40.0-255,66,80950,70,261138
24905,0.001195,172.217.26.0-255,4320,85270,70,261138
24906,0.001198,172.31.40.0-255,66,85336,70,261138
24907,0.00122,172.217.26.0-255,2543,87879,70,261138
24908,0.001223,172.31.40.0-255,66,87945,70,261138
24909,0.001227,172.217.26.0-255,2902,90847,70,261138
24910,0.001229,172.31.40.0-255,66,90913,70,261138
24911,0.001235,172.217.26.0-255,4320,95233,70,261138
24912,0.001238,172.31.40.0-255,66,95299,70,261138
24913,0.001268,172.217.26.0-255,5079,100378,70,261138
24914,0.00127,172.31.40.0-255,66,100444,70,261138
24915,0.001325,172.217.26.0-255,1484,101928,70,261138
24916,0.001332,172.217.26.0-255,2902,104830,70,261138
24917,0.001334,172.31.40.0-255,66,104896,70,261138
24918,0.001366,172.217.26.0-255,5738,110634,70,261138
24919,0.001369,172.31.40.0-255,66,110700,70,261138
24920,0.001375,172.217.26.0-255,2902,113602,70,261138
24921,0.001377,172.31.40.0-255,66,113668,70,261138
24922,0.001426,172.217.26.0-255,3847,117515,70,261138
24923,0.001436,172.31.40.0-255,66,117581,70,261138
24924,0.00332,172.217.26.0-255,1484,119065,70,261138
24925,0.003359,172.217.26.0-255,4320,123385,70,261138
24926,0.003365,172.31.40.0-255,66,123451,70,261138
24927,0.005309,172.217.26.0-255,5738,129189,70,261138
24928,0.005314,172.31.40.0-255,66,129255,70,261138
24929,0.007251,172.217.26.0-255,5738,134993,70,261138
24930,0.007255,172.31.40.0-255,66,135059,70,261138
24931,0.009204,172.217.26.0-255,5738,140797,70,261138
24932,0.009215,172.31.40.0-255,66,140863,70,261138
24933,0.011165,172.217.26.0-255,5738,146601,70,261138
24934,0.011178,172.31.40.0-255,66,146667,70,261138
24935,0.013129,172.217.26.0-255,5738,152405,70,261138
24936,0.013145,172.31.40.0-255,66,152471,70,261138
24937,0.015097,172.217.26.0-255,5738,158209,70,261138
24938,0.015112,172.31.40.0-255,66,158275,70,261138
24939,0.017064,172.217.26.0-255,5738,164013,70,261138
24940,0.01708,172.31.40.0-255,66,164079,70,261138
24941,0.019035,172.217.26.0-255,5738,169817,70,261138
24942,0.019051,172.31.40.0-255,66,169883,70,261138
24943,0.02101,172.217.26.0-255,5738,175621,70,261138
24944,0.021022,172.31.40.0-255,66,175687,70,261138
24945,0.022977,172.217.26.0-255,5738,181425,70,261138
24946,0.022991,172.31.40.0-255,66,181491,70,261138
24947,0.024938,172.217.26.0-255,5738,187229,70,261138
24948,0.024945,172.31.40.0-255,66,187295,70,261138
24949,0.026112,172.31.40.0-255,172,187467,70,261138
24950,0.02615,172.31.40.0-255,1114,188581,70,261138
24951,0.026216,172.31.40.0-255,1514,190095,70,261138
24952,0.026218,172.31.40.0-255,1329,191424,70,261138
24953,0.026891,172.217.26.0-255,5738,197162,70,261138
24954,0.026901,172.31.40.0-255,66,197228,70,261138
24955,0.028301,104.244.42.0-255,66,197294,70,261138
24956,0.028841,172.217.26.0-255,5738,203032,70,261138
24957,0.028849,172.31.40.0-255,66,203098,70,261138
24958,0.030787,172.217.26.0-255,5738,208836,70,261138
24959,0.030793,172.31.40.0-255,66,208902,70,261138
24960,0.03274,172.217.26.0-255,5738,214640,70,261138
24961,0.032755,172.31.40.0-255,66,214706,70,261138
24962,0.034704,172.217.26.0-255,5738,220444,70,261138
24963,0.034718,172.31.40.0-255,66,220510,70,261138
24964,0.036663,172.217.26.0-255,5738,226248,70,261138
24965,0.036671,172.31.40.0-255,66,226314,70,261138
24966,0.038621,172.217.26.0-255,5738,232052,70,261138
24967,0.03863,172.31.40.0-255,66,232118,70,261138
24968,0.040573,172.217.26.0-255,5738,237856,70,261138
24969,0.040581,172.31.40.0-255,66,237922,70,261138
24970,0.042513,172.217.26.0-255,5738,243660,70,261138
24971,0.042523,172.31.40.0-255,66,243726,70,261138
24972,0.044477,172.217.26.0-255,5738,249464,70,261138
24973,0.044485,172.31.40.0-255,66,249530,70,261138
24974,0.046486,172.217.26.0-255,5738,255268,70,261138
24975,0.046493,172.31.40.0-255,66,255334,70,261138
24976,0.048453,172.217.26.0-255,5738,261072,70,261138
24977,0.048472,172.31.40.0-255,66,261138,70,261138
24978,0.0,74.125.24.0-255,153,153,70,351766
24979,2.4e-05,172.31.40.0-255,66,219,70,351766
24980,3e-05,74.125.24.0-255,1484,1703,70,351766
24981,3.6e-05,172.31.40.0-255,66,1769,70,351766
24982,4.1e-05,74.125.24.0-255,2902,4671,70,351766
24983,4.5e-05,172.31.40.0-255,66,4737,70,351766
24984,5.3e-05,74.125.24.0-255,7156,11893,70,351766
24985,5.6e-05,172.31.40.0-255,66,11959,70,351766
24986,8.9e-05,74.125.24.0-255,7828,19787,70,351766
24987,9.2e-05,172.31.40.0-255,66,19853,70,351766
24988,9.7e-05,74.125.24.0-255,2902,22755,70,351766
24989,9.9e-05,172.31.40.0-255,66,22821,70,351766
24990,0.000146,74.125.24.0-255,8215,31036,70,351766
24991,0.000149,172.31.40.0-255,66,31102,70,351766
24992,0.000223,74.125.24.0-255,1484,32586,70,351766
24993,0.000227,172.31.40.0-255,66,32652,70,351766
24994,0.000232,74.125.24.0-255,2902,35554,70,351766
24995,0.000234,172.31.40.0-255,66,35620,70,351766
24996,0.000251,74.125.24.0-255,5738,41358,70,351766
24997,0.000254,172.31.40.0-255,66,41424,70,351766
24998,0.000278,74.125.24.0-255,4320,45744,70,351766
24999,0.000281,172.31.40.0-255,66,45810,70,351766
25000,0.000305,74.125.24.0-255,9633,55443,70,351766
25001,0.000308,172.31.40.0-255,66,55509,70,351766
25002,0.000357,74.125.24.0-255,2902,58411,70,351766
25003,0.00036,172.31.40.0-255,66,58477,70,351766
25004,0.000383,74.125.24.0-255,6797,65274,70,351766
25005,0.000386,172.31.40.0-255,66,65340,70,351766
25006,0.000405,74.125.24.0-255,361,65701,70,351766
25007,0.000407,172.31.40.0-255,66,65767,70,351766
25008,0.000578,74.125.24.0-255,382,66149,70,351766
25009,0.000583,172.31.40.0-255,66,66215,70,351766
25010,0.000701,74.125.24.0-255,1484,67699,70,351766
25011,0.000707,74.125.24.0-255,1484,69183,70,351766
25012,0.00071,172.31.40.0-255,66,69249,70,351766
25013,0.000724,74.125.24.0-255,1484,70733,70,351766
25014,0.000732,74.125.24.0-255,5738,76471,70,351766
25015,0.000734,172.31.40.0-255,66,76537,70,351766
25016,0.000751,74.125.24.0-255,1484,78021,70,351766
25017,0.000765,74.125.24.0-255,2902,80923,70,351766
25018,0.000769,172.31.40.0-255,66,80989,70,351766
25019,0.000789,74.125.24.0-255,2543,83532,70,351766
25020,0.000792,172.31.40.0-255,66,83598,70,351766
25021,0.000811,74.125.24.0-255,2902,86500,70,351766
25022,0.000814,172.31.40.0-255,66,86566,70,351766
25023,0.000826,74.125.24.0-255,1484,88050,70,351766
25024,0.000846,74.125.24.0-255,5738,93788,70,351766
25025,0.000849,172.31.40.0-255,66,93854,70,351766
25026,0.000869,74.125.24.0-255,2902,96756,70,351766
25027,0.000872,172.31.40.0-255,66,96822,70,351766
25028,0.000893,74.125.24.0-255,3961,100783,70,351766
25029,0.000896,172.31.40.0-255,66,100849,70,351766
25030,0.000957,74.125.24.0-255,1484,102333,70,351766
25031,0.000963,74.125.24.0-255,2902,105235,70,351766
25032,0.000966,172.31.40.0-255,66,105301,70,351766
25033,0.000987,74.125.24.0-255,5738,111039,70,351766
25034,0.00099,172.31.40.0-255,66,111105,70,351766
25035,0.001012,74.125.24.0-255,2902,114007,70,351766
25036,0.001015,172.31.40.0-255,66,114073,70,351766
25037,0.001037,74.125.24.0-255,5738,119811,70,351766
25038,0.001042,172.31.40.0-255,66,119877,70,351766
25039,0.001057,74.125.24.0-255,2902,122779,70,351766
25040,0.00106,172.31.40.0-255,66,122845,70,351766
25041,0.001085,172.31.40.0-255,66,122911,70,351766
25042,0.001191,74.125.24.0-255,1484,124395,70,351766
25043,0.001195,74.125.24.0-255,1484,125879,70,351766
25044,0.001198,172.31.40.0-255,66,125945,70,351766
25045,0.001228,74.125.24.0-255,1484,127429,70,351766
25046,0.001235,74.125.24.0-255,5738,133167,70,351766
25047,0.001238,172.31.40.0-255,66,133233,70,351766
25048,0.001244,74.125.24.0-255,5738,138971,70,351766
25049,0.001246,172.31.40.0-255,66,139037,70,351766
25050,0.001264,74.125.24.0-255,7156,146193,70,351766
25051,0.001266,172.31.40.0-255,66,146259,70,351766
25052,0.001325,74.125.24.0-255,4320,150579,70,351766
25053,0.001328,172.31.40.0-255,66,150645,70,351766
25054,0.001349,74.125.24.0-255,5738,156383,70,351766
25055,0.001353,172.31.40.0-255,66,156449,70,351766
25056,0.001367,74.125.24.0-255,766,157215,70,351766
25057,0.001561,74.125.24.0-255,1484,158699,70,351766
25058,0.001566,172.31.40.0-255,66,158765,70,351766
25059,0.001571,74.125.24.0-255,2902,161667,70,351766
25060,0.001573,172.31.40.0-255,66,161733,70,351766
25061,0.001601,74.125.24.0-255,5738,167471,70,351766
25062,0.001604,172.31.40.0-255,66,167537,70,351766
25063,0.00166,74.125.24.0-255,7156,174693,70,351766
25064,0.001662,172.31.40.0-255,66,174759,70,351766
25065,0.001677,172.31.40.0-255,66,174825,70,351766
25066,0.001743,74.125.24.0-255,2184,177009,70,351766
25067,0.001747,172.31.40.0-255,66,177075,70,351766
25068,0.001774,74.125.24.0-255,2902,179977,70,351766
25069,0.001776,172.31.40.0-255,66,180043,70,351766
25070,0.001795,74.125.24.0-255,2902,182945,70,351766
25071,0.001798,172.31.40.0-255,66,183011,70,351766
25072,0.001822,74.125.24.0-255,4320,187331,70,351766
25073,0.00183,74.125.24.0-255,8574,195905,70,351766
25074,0.001834,172.31.40.0-255,66,195971,70,351766
25075,0.001841,172.31.40.0-255,66,196037,70,351766
25076,0.001869,74.125.24.0-255,1484,197521,70,351766
25077,0.001894,172.31.40.0-255,66,197587,70,351766
25078,0.001909,74.125.24.0-255,2184,199771,70,351766
25079,0.001911,172.31.40.0-255,66,199837,70,351766
25080,0.001977,74.125.24.0-255,1484,201321,70,351766
25081,0.001982,74.125.24.0-255,1484,202805,70,351766
25082,0.001985,172.31.40.0-255,66,202871,70,351766
25083,0.002003,74.125.24.0-255,1484,204355,70,351766
25084,0.00201,74.125.24.0-255,5738,210093,70,351766
25085,0.002014,172.31.40.0-255,66,210159,70,351766
25086,0.002032,74.125.24.0-255,1484,211643,70,351766
25087,0.00206,74.125.24.0-255,9992,221635,70,351766
25088,0.002069,172.31.40.0-255,66,221701,70,351766
25089,0.002073,74.125.24.0-255,1484,223185,70,351766
25090,0.002107,74.125.24.0-255,2902,226087,70,351766
25091,0.002124,74.125.24.0-255,2902,228989,70,351766
25092,0.002141,74.125.24.0-255,2902,231891,70,351766
25093,0.002158,74.125.24.0-255,2184,234075,70,351766
25094,0.002177,74.125.24.0-255,1484,235559,70,351766
25095,0.002193,74.125.24.0-255,7156,242715,70,351766
25096,0.002205,74.125.24.0-255,4320,247035,70,351766
25097,0.002246,74.125.24.0-255,4320,251355,70,351766
25098,0.002294,74.125.24.0-255,1484,252839,70,351766
25099,0.010744,172.31.40.0-255,66,252905,70,351766
25100,0.010754,172.31.40.0-255,66,252971,70,351766
25101,0.010758,172.31.40.0-255,66,253037,70,351766
25102,0.010774,172.31.40.0-255,66,253103,70,351766
25103,0.010779,172.31.40.0-255,66,253169,70,351766
25104,0.010782,172.31.40.0-255,66,253235,70,351766
25105,0.010785,172.31.40.0-255,66,253301,70,351766
25106,0.010789,172.31.40.0-255,66,253367,70,351766
25107,0.011821,74.125.24.0-255,1484,254851,70,351766
25108,0.012998,74.125.24.0-255,4320,259171,70,351766
25109,0.013005,172.31.40.0-255,66,259237,70,351766
25110,0.015231,74.125.24.0-255,5738,264975,70,351766
25111,0.01524,172.31.40.0-255,66,265041,70,351766
25112,0.017454,74.125.24.0-255,5738,270779,70,351766
25113,0.017463,172.31.40.0-255,66,270845,70,351766
25114,0.01969,74.125.24.0-255,5738,276583,70,351766
25115,0.019698,172.31.40.0-255,66,276649,70,351766
25116,0.020212,172.31.40.0-255,101,276750,70,351766
25117,0.021924,74.125.24.0-255,5738,282488,70,351766
25118,0.021931,172.31.40.0-255,66,282554,70,351766
25119,0.022406,74.125.24.0-255,66,282620,70,351766
25120,0.024139,74.125.24.0-255,5738,288358,70,351766
25121,0.024146,172.31.40.0-255,66,288424,70,351766
25122,0.026446,74.125.24.0-255,5738,294162,70,351766
25123,0.026454,172.31.40.0-255,66,294228,70,351766
25124,0.02868,74.125.24.0-255,5738,299966,70,351766
25125,0.028687,172.31.40.0-255,66,300032,70,351766
25126,0.030875,74.125.24.0-255,5738,305770,70,351766
25127,0.030883,172.31.40.0-255,66,305836,70,351766
25128,0.033123,74.125.24.0-255,5738,311574,70,351766
25129,0.03313,172.31.40.0-255,66,311640,70,351766
25130,0.034098,172.31.40.0-255,172,311812,70,351766
25131,0.034134,172.31.40.0-255,1113,312925,70,351766
25132,0.034198,172.31.40.0-255,1514,314439,70,351766
25133,0.0342,172.31.40.0-255,1331,315770,70,351766
25134,0.035367,74.125.24.0-255,5738,321508,70,351766
25135,0.035374,172.31.40.0-255,66,321574,70,351766
25136,0.035775,104.244.42.0-255,66,321640,70,351766
25137,0.037588,74.125.24.0-255,5738,327378,70,351766
25138,0.037594,172.31.40.0-255,66,327444,70,351766
25139,0.039805,74.125.24.0-255,5738,333182,70,351766
25140,0.039811,172.31.40.0-255,66,333248,70,351766
25141,0.04204,74.125.24.0-255,5738,338986,70,351766
25142,0.042047,172.31.40.0-255,66,339052,70,351766
25143,0.044261,74.125.24.0-255,5738,344790,70,351766
25144,0.044268,172.31.40.0-255,66,344856,70,351766
25145,0.046497,74.125.24.0-255,5738,350594,70,351766
25146,0.046505,172.31.40.0-255,66,350660,70,351766
25147,0.048712,74.125.24.0-255,1001,351661,70,351766
25148,0.04885,172.31.40.0-255,105,351766,70,351766
25149,0.0,172.217.194.0-255,217,217,70,270333
25150,2.4e-05,172.31.40.0-255,66,283,70,270333
25151,3.2e-05,172.217.194.0-255,1484,1767,70,270333
25152,3.6e-05,172.31.40.0-255,66,1833,70,270333
25153,4.4e-05,172.217.194.0-255,4320,6153,70,270333
25154,5.5e-05,172.31.40.0-255,66,6219,70,270333
25155,6.4e-05,172.217.194.0-255,8876,15095,70,270333
25156,6.7e-05,172.31.40.0-255,66,15161,70,270333
25157,7.4e-05,172.217.194.0-255,5738,20899,70,270333
25158,7.7e-05,172.31.40.0-255,66,20965,70,270333
25159,0.000128,172.217.194.0-255,8574,29539,70,270333
25160,0.000132,172.31.40.0-255,66,29605,70,270333
25161,0.000136,172.217.194.0-255,1125,30730,70,270333
25162,0.000138,172.31.40.0-255,66,30796,70,270333
25163,0.000429,172.217.194.0-255,1484,32280,70,270333
25164,0.000435,172.31.40.0-255,66,32346,70,270333
25165,0.000442,172.217.194.0-255,2902,35248,70,270333
25166,0.000444,172.31.40.0-255,66,35314,70,270333
25167,0.000455,172.217.194.0-255,5738,41052,70,270333
25168,0.000458,172.31.40.0-255,66,41118,70,270333
25169,0.000521,172.31.40.0-255,66,41184,70,270333
25170,0.000532,172.217.194.0-255,9924,51108,70,270333
25171,0.000539,172.31.40.0-255,66,51174,70,270333
25172,0.000542,172.217.194.0-255,363,51537,70,270333
25173,0.000544,172.31.40.0-255,66,51603,70,270333
25174,0.000694,172.217.194.0-255,1484,53087,70,270333
25175,0.000699,172.31.40.0-255,66,53153,70,270333
25176,0.000705,172.217.194.0-255,2902,56055,70,270333
25177,0.000707,172.31.40.0-255,66,56121,70,270333
25178,0.000711,172.217.194.0-255,2902,59023,70,270333
25179,0.000714,172.31.40.0-255,66,59089,70,270333
25180,0.000749,172.217.194.0-255,2902,61991,70,270333
25181,0.000765,172.31.40.0-255,66,62057,70,270333
25182,0.000767,172.31.40.0-255,66,62123,70,270333
25183,0.000793,172.217.194.0-255,10692,72815,70,270333
25184,0.000796,172.31.40.0-255,66,72881,70,270333
25185,0.000883,172.217.194.0-255,1484,74365,70,270333
25186,0.0009,172.217.194.0-255,2902,77267,70,270333
25187,0.000903,172.31.40.0-255,66,77333,70,270333
25188,0.000906,172.217.194.0-255,1484,78817,70,270333
25189,0.000937,172.217.194.0-255,4320,83137,70,270333
25190,0.000942,172.217.194.0-255,4320,87457,70,270333
25191,0.000949,172.217.194.0-255,7156,94613,70,270333
25192,0.000954,172.31.40.0-255,66,94679,70,270333
25193,0.000957,172.31.40.0-255,66,94745,70,270333
25194,0.000965,172.31.40.0-255,66,94811,70,270333
25195,0.000975,172.217.194.0-255,4320,99131,70,270333
25196,0.000978,172.31.40.0-255,66,99197,70,270333
25197,0.000984,172.217.194.0-255,5738,104935,70,270333
25198,0.000989,172.31.40.0-255,66,105001,70,270333
25199,0.001015,172.217.194.0-255,2184,107185,70,270333
25200,0.001022,172.31.40.0-255,66,107251,70,270333
25201,0.001076,172.217.194.0-255,1484,108735,70,270333
25202,0.001092,172.217.194.0-255,1484,110219,70,270333
25203,0.001095,172.31.40.0-255,66,110285,70,270333
25204,0.001108,172.217.194.0-255,1484,111769,70,270333
25205,0.00114,172.217.194.0-255,5738,117507,70,270333
25206,0.001144,172.31.40.0-255,66,117573,70,270333
25207,0.00115,172.217.194.0-255,5738,123311,70,270333
25208,0.001153,172.31.40.0-255,66,123377,70,270333
25209,0.001166,172.31.40.0-255,66,123443,70,270333
25210,0.001173,172.217.194.0-255,5020,128463,70,270333
25211,0.001175,172.31.40.0-255,66,128529,70,270333
25212,0.001218,172.217.194.0-255,1484,130013,70,270333
25213,0.001234,172.217.194.0-255,2902,132915,70,270333
25214,0.001237,172.31.40.0-255,66,132981,70,270333
25215,0.001244,172.217.194.0-255,5738,138719,70,270333
25216,0.001246,172.31.40.0-255,66,138785,70,270333
25217,0.001262,172.217.194.0-255,1484,140269,70,270333
25218,0.001295,172.217.194.0-255,9992,150261,70,270333
25219,0.001298,172.31.40.0-255,66,150327,70,270333
25220,0.001304,172.217.194.0-255,5738,156065,70,270333
25221,0.001307,172.31.40.0-255,66,156131,70,270333
25222,0.001333,172.217.194.0-255,1484,157615,70,270333
25223,0.001353,172.217.194.0-255,5020,162635,70,270333
25224,0.001356,172.31.40.0-255,66,162701,70,270333
25225,0.001359,172.217.194.0-255,1484,164185,70,270333
25226,0.001386,172.217.194.0-255,5738,169923,70,270333
25227,0.001389,172.31.40.0-255,66,169989,70,270333
25228,0.001396,172.217.194.0-255,5738,175727,70,270333
25229,0.001398,172.31.40.0-255,66,175793,70,270333
25230,0.001433,172.31.40.0-255,66,175859,70,270333
25231,0.001441,172.217.194.0-255,7856,183715,70,270333
25232,0.001443,172.31.40.0-255,66,183781,70,270333
25233,0.001495,172.217.194.0-255,2902,186683,70,270333
25234,0.001498,172.31.40.0-255,66,186749,70,270333
25235,0.001541,172.31.40.0-255,66,186815,70,270333
25236,0.001571,172.217.194.0-255,5738,192553,70,270333
25237,0.001573,172.31.40.0-255,66,192619,70,270333
25238,0.001576,172.217.194.0-255,1484,194103,70,270333
25239,0.001581,172.217.194.0-255,4320,198423,70,270333
25240,0.001584,172.31.40.0-255,66,198489,70,270333
25241,0.001615,172.217.194.0-255,2184,200673,70,270333
25242,0.001618,172.31.40.0-255,66,200739,70,270333
25243,0.001673,172.217.194.0-255,1484,202223,70,270333
25244,0.001679,172.217.194.0-255,2902,205125,70,270333
25245,0.001682,172.31.40.0-255,66,205191,70,270333
25246,0.001715,172.217.194.0-255,5738,210929,70,270333
25247,0.001718,172.31.40.0-255,66,210995,70,270333
25248,0.001725,172.217.194.0-255,7156,218151,70,270333
25249,0.001728,172.31.40.0-255,66,218217,70,270333
25250,0.001759,172.217.194.0-255,5738,223955,70,270333
25251,0.001762,172.31.40.0-255,66,224021,70,270333
25252,0.001769,172.217.194.0-255,7156,231177,70,270333
25253,0.001771,172.31.40.0-255,66,231243,70,270333
25254,0.00179,172.217.194.0-255,3602,234845,70,270333
25255,0.001793,172.31.40.0-255,66,234911,70,270333
25256,0.001799,172.217.194.0-255,4320,239231,70,270333
25257,0.001801,172.31.40.0-255,66,239297,70,270333
25258,0.001808,172.217.194.0-255,7156,246453,70,270333
25259,0.001811,172.31.40.0-255,66,246519,70,270333
25260,0.001849,172.217.194.0-255,2902,249421,70,270333
25261,0.001852,172.31.40.0-255,66,249487,70,270333
25262,0.001865,172.31.40.0-255,66,249553,70,270333
25263,0.001953,172.217.194.0-255,8574,258127,70,270333
25264,0.00199,172.217.194.0-255,6438,264565,70,270333
25265,0.002009,172.217.194.0-255,105,264670,70,270333
25266,0.00542,172.31.40.0-255,66,264736,70,270333
25267,0.008252,172.31.40.0-255,105,264841,70,270333
25268,0.010612,172.217.194.0-255,66,264907,70,270333
25269,0.029779,172.31.40.0-255,172,265079,70,270333
25270,0.029813,172.31.40.0-255,1118,266197,70,270333
25271,0.029879,172.31.40.0-255,1514,267711,70,270333
25272,0.0299,172.31.40.0-255,1514,269225,70,270333
25273,0.029903,172.31.40.0-255,844,270069,70,270333
25274,0.031368,104.244.42.0-255,66,270135,70,270333
25275,0.031378,104.244.42.0-255,66,270201,70,270333
25276,0.031452,104.244.42.0-255,66,270267,70,270333
25277,0.031456,104.244.42.0-255,66,270333,70,270333
25278,0.0,172.217.194.0-255,297,297,70,295744
25279,1.5e-05,172.31.40.0-255,66,363,70,295744
25280,5e-05,172.217.194.0-255,1484,1847,70,295744
25281,5.4e-05,172.31.40.0-255,66,1913,70,295744
25282,6e-05,172.217.194.0-255,2902,4815,70,295744
25283,6.3e-05,172.31.40.0-255,66,4881,70,295744
25284,6.9e-05,172.217.194.0-255,5738,10619,70,295744
25285,7.1e-05,172.31.40.0-255,66,10685,70,295744
25286,7.6e-05,172.217.194.0-255,3349,14034,70,295744
25287,7.9e-05,172.31.40.0-255,66,14100,70,295744
25288,0.000291,172.217.194.0-255,1484,15584,70,295744
25289,0.000297,172.31.40.0-255,66,15650,70,295744
25290,0.000302,172.217.194.0-255,2902,18552,70,295744
25291,0.000305,172.31.40.0-255,66,18618,70,295744
25292,0.00031,172.217.194.0-255,4320,22938,70,295744
25293,0.000313,172.31.40.0-255,66,23004,70,295744
25294,0.000327,172.217.194.0-255,1484,24488,70,295744
25295,0.00033,172.31.40.0-255,66,24554,70,295744
25296,0.000337,172.217.194.0-255,6797,31351,70,295744
25297,0.00034,172.31.40.0-255,66,31417,70,295744
25298,0.000564,172.217.194.0-255,1484,32901,70,295744
25299,0.000569,172.31.40.0-255,66,32967,70,295744
25300,0.000574,172.217.194.0-255,2902,35869,70,295744
25301,0.000577,172.31.40.0-255,66,35935,70,295744
25302,0.000582,172.217.194.0-255,4320,40255,70,295744
25303,0.000584,172.31.40.0-255,66,40321,70,295744
25304,0.000601,172.217.194.0-255,1484,41805,70,295744
25305,0.000603,172.31.40.0-255,66,41871,70,295744
25306,0.000622,172.217.194.0-255,2902,44773,70,295744
25307,0.000624,172.31.40.0-255,66,44839,70,295744
25308,0.000641,172.217.194.0-255,3961,48800,70,295744
25309,0.000643,172.31.40.0-255,66,48866,70,295744
25310,0.000659,172.217.194.0-255,4320,53186,70,295744
25311,0.000662,172.31.40.0-255,66,53252,70,295744
25312,0.000684,172.217.194.0-255,2902,56154,70,295744
25313,0.000686,172.31.40.0-255,66,56220,70,295744
25314,0.000692,172.217.194.0-255,5738,61958,70,295744
25315,0.000694,172.31.40.0-255,66,62024,70,295744
25316,0.000736,172.217.194.0-255,4237,66261,70,295744
25317,0.000739,172.31.40.0-255,66,66327,70,295744
25318,0.000743,172.217.194.0-255,120,66447,70,295744
25319,0.000984,172.217.194.0-255,379,66826,70,295744
25320,0.001095,172.31.40.0-255,66,66892,70,295744
25321,0.001339,172.217.194.0-255,1484,68376,70,295744
25322,0.00136,172.217.194.0-255,2902,71278,70,295744
25323,0.001364,172.31.40.0-255,66,71344,70,295744
25324,0.001373,172.217.194.0-255,5738,77082,70,295744
25325,0.001375,172.31.40.0-255,66,77148,70,295744
25326,0.001389,172.217.194.0-255,4320,81468,70,295744
25327,0.001392,172.31.40.0-255,66,81534,70,295744
25328,0.001411,172.217.194.0-255,7156,88690,70,295744
25329,0.001414,172.31.40.0-255,66,88756,70,295744
25330,0.001459,172.217.194.0-255,1484,90240,70,295744
25331,0.001484,172.217.194.0-255,10692,100932,70,295744
25332,0.001487,172.31.40.0-255,66,100998,70,295744
25333,0.001673,172.217.194.0-255,1484,102482,70,295744
25334,0.001681,172.217.194.0-255,2902,105384,70,295744
25335,0.001685,172.31.40.0-255,66,105450,70,295744
25336,0.00169,172.217.194.0-255,2902,108352,70,295744
25337,0.001692,172.31.40.0-255,66,108418,70,295744
25338,0.001709,172.217.194.0-255,2902,111320,70,295744
25339,0.001712,172.31.40.0-255,66,111386,70,295744
25340,0.001716,172.217.194.0-255,2902,114288,70,295744
25341,0.001718,172.31.40.0-255,66,114354,70,295744
25342,0.001749,172.217.194.0-255,9992,124346,70,295744
25343,0.001751,172.31.40.0-255,66,124412,70,295744
25344,0.001762,172.217.194.0-255,10692,135104,70,295744
25345,0.001765,172.31.40.0-255,66,135170,70,295744
25346,0.001918,172.217.194.0-255,1484,136654,70,295744
25347,0.001941,172.217.194.0-255,2902,139556,70,295744
25348,0.001946,172.31.40.0-255,66,139622,70,295744
25349,0.001951,172.217.194.0-255,2902,142524,70,295744
25350,0.001953,172.31.40.0-255,66,142590,70,295744
25351,0.001968,172.217.194.0-255,2902,145492,70,295744
25352,0.00197,172.31.40.0-255,66,145558,70,295744
25353,0.00199,172.217.194.0-255,2902,148460,70,295744
25354,0.001993,172.31.40.0-255,66,148526,70,295744
25355,0.00203,172.217.194.0-255,9992,158518,70,295744
25356,0.002033,172.31.40.0-255,66,158584,70,295744
25357,0.002071,172.217.194.0-255,10692,169276,70,295744
25358,0.002075,172.31.40.0-255,66,169342,70,295744
25359,0.00231,172.217.194.0-255,1484,170826,70,295744
25360,0.002319,172.217.194.0-255,2902,173728,70,295744
25361,0.002323,172.31.40.0-255,66,173794,70,295744
25362,0.002346,172.217.194.0-255,5738,179532,70,295744
25363,0.002349,172.31.40.0-255,66,179598,70,295744
25364,0.004653,172.217.194.0-255,5738,185336,70,295744
25365,0.00466,172.31.40.0-255,66,185402,70,295744
25366,0.006963,172.217.194.0-255,5738,191140,70,295744
25367,0.00697,172.31.40.0-255,66,191206,70,295744
25368,0.009284,172.217.194.0-255,5738,196944,70,295744
25369,0.009289,172.31.40.0-255,66,197010,70,295744
25370,0.011625,172.217.194.0-255,5738,202748,70,295744
25371,0.011632,172.31.40.0-255,66,202814,70,295744
25372,0.013934,172.217.194.0-255,5738,208552,70,295744
25373,0.013941,172.31.40.0-255,66,208618,70,295744
25374,0.016256,172.217.194.0-255,5738,214356,70,295744
25375,0.016266,172.31.40.0-255,66,214422,70,295744
25376,0.018552,172.217.194.0-255,5738,220160,70,295744
25377,0.01856,172.31.40.0-255,66,220226,70,295744
25378,0.020877,172.217.194.0-255,5738,225964,70,295744
25379,0.020885,172.31.40.0-255,66,226030,70,295744
25380,0.023192,172.217.194.0-255,5738,231768,70,295744
25381,0.023201,172.31.40.0-255,66,231834,70,295744
25382,0.025522,172.217.194.0-255,5738,237572,70,295744
25383,0.025531,172.31.40.0-255,66,237638,70,295744
25384,0.027818,172.217.194.0-255,5738,243376,70,295744
25385,0.027825,172.31.40.0-255,66,243442,70,295744
25386,0.03014,172.217.194.0-255,5738,249180,70,295744
25387,0.030148,172.31.40.0-255,66,249246,70,295744
25388,0.032456,172.217.194.0-255,5738,254984,70,295744
25389,0.032472,172.31.40.0-255,66,255050,70,295744
25390,0.034776,172.217.194.0-255,5738,260788,70,295744
25391,0.034794,172.31.40.0-255,66,260854,70,295744
25392,0.037135,172.217.194.0-255,5738,266592,70,295744
25393,0.037151,172.31.40.0-255,66,266658,70,295744
25394,0.039505,172.217.194.0-255,5738,272396,70,295744
25395,0.03953,172.31.40.0-255,66,272462,70,295744
25396,0.041906,172.217.194.0-255,5738,278200,70,295744
25397,0.041923,172.31.40.0-255,66,278266,70,295744
25398,0.044272,172.217.194.0-255,5738,284004,70,295744
25399,0.04428,172.31.40.0-255,66,284070,70,295744
25400,0.046586,172.217.194.0-255,5738,289808,70,295744
25401,0.046599,172.31.40.0-255,66,289874,70,295744
25402,0.048971,172.217.194.0-255,1484,291358,70,295744
25403,0.048998,172.217.194.0-255,4320,295678,70,295744
25404,0.049003,172.31.40.0-255,66,295744,70,295744
25405,0.0,104.244.42.0-255,66,66,70,66
25406,0.0,74.125.24.0-255,152,152,70,339015
25407,2.2e-05,172.31.40.0-255,66,218,70,339015
25408,3e-05,74.125.24.0-255,1484,1702,70,339015
25409,3.5e-05,172.31.40.0-255,66,1768,70,339015
25410,4.1e-05,74.125.24.0-255,2902,4670,70,339015
25411,5.2e-05,172.31.40.0-255,66,4736,70,339015
25412,6e-05,74.125.24.0-255,7156,11892,70,339015
25413,6.3e-05,172.31.40.0-255,66,11958,70,339015
25414,6.8e-05,74.125.24.0-255,2090,14048,70,339015
25415,7e-05,172.31.40.0-255,66,14114,70,339015
25416,9.8e-05,74.125.24.0-255,4320,18434,70,339015
25417,0.000102,172.31.40.0-255,66,18500,70,339015
25418,0.000131,74.125.24.0-255,2902,21402,70,339015
25419,0.000133,172.31.40.0-255,66,21468,70,339015
25420,0.000142,74.125.24.0-255,8574,30042,70,339015
25421,0.000145,172.31.40.0-255,66,30108,70,339015
25422,0.000153,74.125.24.0-255,1125,31233,70,339015
25423,0.000155,172.31.40.0-255,66,31299,70,339015
25424,0.000211,74.125.24.0-255,1484,32783,70,339015
25425,0.000214,172.31.40.0-255,66,32849,70,339015
25426,0.000219,74.125.24.0-255,2902,35751,70,339015
25427,0.000222,172.31.40.0-255,66,35817,70,339015
25428,0.000227,74.125.24.0-255,4320,40137,70,339015
25429,0.000235,172.31.40.0-255,66,40203,70,339015
25430,0.000272,74.125.24.0-255,1484,41687,70,339015
25431,0.000275,172.31.40.0-255,66,41753,70,339015
25432,0.000294,172.31.40.0-255,66,41819,70,339015
25433,0.000325,74.125.24.0-255,1484,43303,70,339015
25434,0.000327,172.31.40.0-255,66,43369,70,339015
25435,0.00036,74.125.24.0-255,9633,53002,70,339015
25436,0.000363,172.31.40.0-255,66,53068,70,339015
25437,0.000366,74.125.24.0-255,414,53482,70,339015
25438,0.000426,74.125.24.0-255,330,53812,70,339015
25439,0.000722,74.125.24.0-255,1484,55296,70,339015
25440,0.00073,74.125.24.0-255,2902,58198,70,339015
25441,0.000756,74.125.24.0-255,5738,63936,70,339015
25442,0.000761,74.125.24.0-255,2902,66838,70,339015
25443,0.00077,74.125.24.0-255,1484,68322,70,339015
25444,0.000785,74.125.24.0-255,5738,74060,70,339015
25445,0.000816,74.125.24.0-255,5738,79798,70,339015
25446,0.000825,74.125.24.0-255,7856,87654,70,339015
25447,0.00087,172.31.40.0-255,66,87720,70,339015
25448,0.001786,74.125.24.0-255,1484,89204,70,339015
25449,0.001794,74.125.24.0-255,2902,92106,70,339015
25450,0.001798,172.31.40.0-255,66,92172,70,339015
25451,0.001802,74.125.24.0-255,1484,93656,70,339015
25452,0.001827,74.125.24.0-255,4320,97976,70,339015
25453,0.001829,172.31.40.0-255,66,98042,70,339015
25454,0.001894,172.31.40.0-255,66,98108,70,339015
25455,0.001924,74.125.24.0-255,1484,99592,70,339015
25456,0.001931,74.125.24.0-255,5738,105330,70,339015
25457,0.001933,172.31.40.0-255,66,105396,70,339015
25458,0.001939,74.125.24.0-255,5020,110416,70,339015
25459,0.001941,172.31.40.0-255,66,110482,70,339015
25460,0.001975,74.125.24.0-255,1484,111966,70,339015
25461,0.001989,74.125.24.0-255,2902,114868,70,339015
25462,0.001992,172.31.40.0-255,66,114934,70,339015
25463,0.001997,74.125.24.0-255,2902,117836,70,339015
25464,0.001998,172.31.40.0-255,66,117902,70,339015
25465,0.002017,74.125.24.0-255,2902,120804,70,339015
25466,0.002019,172.31.40.0-255,66,120870,70,339015
25467,0.002026,74.125.24.0-255,7156,128026,70,339015
25468,0.002028,172.31.40.0-255,66,128092,70,339015
25469,0.002087,74.125.24.0-255,2902,130994,70,339015
25470,0.002091,74.125.24.0-255,2184,133178,70,339015
25471,0.002108,74.125.24.0-255,2902,136080,70,339015
25472,0.002136,74.125.24.0-255,8574,144654,70,339015
25473,0.002145,74.125.24.0-255,7156,151810,70,339015
25474,0.002168,74.125.24.0-255,5738,157548,70,339015
25475,0.002175,74.125.24.0-255,5738,163286,70,339015
25476,0.002192,74.125.24.0-255,3602,166888,70,339015
25477,0.002431,74.125.24.0-255,1484,168372,70,339015
25478,0.002442,74.125.24.0-255,2902,171274,70,339015
25479,0.002449,74.125.24.0-255,5738,177012,70,339015
25480,0.002455,74.125.24.0-255,4320,181332,70,339015
25481,0.002481,74.125.24.0-255,8574,189906,70,339015
25482,0.002491,74.125.24.0-255,9992,199898,70,339015
25483,0.00252,74.125.24.0-255,3602,203500,70,339015
25484,0.002579,74.125.24.0-255,4320,207820,70,339015
25485,0.00259,74.125.24.0-255,9992,217812,70,339015
25486,0.002593,74.125.24.0-255,1484,219296,70,339015
25487,0.002623,74.125.24.0-255,7156,226452,70,339015
25488,0.002647,74.125.24.0-255,8574,235026,70,339015
25489,0.002672,74.125.24.0-255,10692,245718,70,339015
25490,0.010596,172.31.40.0-255,66,245784,70,339015
25491,0.01205,74.125.24.0-255,1484,247268,70,339015
25492,0.013196,74.125.24.0-255,4320,251588,70,339015
25493,0.01321,172.31.40.0-255,66,251654,70,339015
25494,0.015828,74.125.24.0-255,5738,257392,70,339015
25495,0.015844,172.31.40.0-255,66,257458,70,339015
25496,0.018463,74.125.24.0-255,2902,260360,70,339015
25497,0.018471,172.31.40.0-255,66,260426,70,339015
25498,0.018501,74.125.24.0-255,2902,263328,70,339015
25499,0.018504,172.31.40.0-255,66,263394,70,339015
25500,0.02103,74.125.24.0-255,2902,266296,70,339015
25501,0.021039,172.31.40.0-255,66,266362,70,339015
25502,0.021071,74.125.24.0-255,2902,269264,70,339015
25503,0.021074,172.31.40.0-255,66,269330,70,339015
25504,0.023613,74.125.24.0-255,2902,272232,70,339015
25505,0.023622,172.31.40.0-255,66,272298,70,339015
25506,0.023655,74.125.24.0-255,2902,275200,70,339015
25507,0.023659,172.31.40.0-255,66,275266,70,339015
25508,0.026211,74.125.24.0-255,2902,278168,70,339015
25509,0.026225,172.31.40.0-255,66,278234,70,339015
25510,0.026263,74.125.24.0-255,2902,281136,70,339015
25511,0.026266,172.31.40.0-255,66,281202,70,339015
25512,0.028807,74.125.24.0-255,2902,284104,70,339015
25513,0.028818,172.31.40.0-255,66,284170,70,339015
25514,0.028851,74.125.24.0-255,2902,287072,70,339015
25515,0.028854,172.31.40.0-255,66,287138,70,339015
25516,0.031423,74.125.24.0-255,5738,292876,70,339015
25517,0.031433,172.31.40.0-255,66,292942,70,339015
25518,0.034017,74.125.24.0-255,5738,298680,70,339015
25519,0.034033,172.31.40.0-255,66,298746,70,339015
25520,0.036595,74.125.24.0-255,5738,304484,70,339015
25521,0.036603,172.31.40.0-255,66,304550,70,339015
25522,0.039241,74.125.24.0-255,5738,310288,70,339015
25523,0.039262,172.31.40.0-255,66,310354,70,339015
25524,0.041856,74.125.24.0-255,5738,316092,70,339015
25525,0.041874,172.31.40.0-255,66,316158,70,339015
25526,0.044475,74.125.24.0-255,5738,321896,70,339015
25527,0.044491,172.31.40.0-255,66,321962,70,339015
25528,0.047061,74.125.24.0-255,5738,327700,70,339015
25529,0.047068,172.31.40.0-255,66,327766,70,339015
25530,0.04747,172.31.40.0-255,192,327958,70,339015
25531,0.047495,172.31.40.0-255,961,328919,70,339015
25532,0.047551,172.31.40.0-255,1514,330433,70,339015
25533,0.047553,172.31.40.0-255,1514,331947,70,339015
25534,0.047576,172.31.40.0-255,1000,332947,70,339015
25535,0.048997,104.244.42.0-255,66,333013,70,339015
25536,0.049032,104.244.42.0-255,66,333079,70,339015
25537,0.049137,104.244.42.0-255,66,333145,70,339015
25538,0.049142,104.244.42.0-255,66,333211,70,339015
25539,0.049631,74.125.24.0-255,5738,338949,70,339015
25540,0.049642,172.31.40.0-255,66,339015,70,339015
25541,0.0,74.125.24.0-255,152,152,70,283753
25542,1.7e-05,172.31.40.0-255,66,218,70,283753
25543,2.4e-05,74.125.24.0-255,1484,1702,70,283753
25544,2.8e-05,172.31.40.0-255,66,1768,70,283753
25545,3.4e-05,74.125.24.0-255,2902,4670,70,283753
25546,3.7e-05,172.31.40.0-255,66,4736,70,283753
25547,5.2e-05,74.125.24.0-255,7156,11892,70,283753
25548,5.6e-05,172.31.40.0-255,66,11958,70,283753
25549,8.6e-05,74.125.24.0-255,2038,13996,70,283753
25550,9e-05,172.31.40.0-255,66,14062,70,283753
25551,0.000119,74.125.24.0-255,2902,16964,70,283753
25552,0.000122,172.31.40.0-255,66,17030,70,283753
25553,0.000128,74.125.24.0-255,4320,21350,70,283753
25554,0.00013,172.31.40.0-255,66,21416,70,283753
25555,0.000161,74.125.24.0-255,2902,24318,70,283753
25556,0.000163,172.31.40.0-255,66,24384,70,283753
25557,0.00017,74.125.24.0-255,6797,31181,70,283753
25558,0.000173,172.31.40.0-255,66,31247,70,283753
25559,0.000216,74.125.24.0-255,1484,32731,70,283753
25560,0.000219,172.31.40.0-255,66,32797,70,283753
25561,0.000224,74.125.24.0-255,2902,35699,70,283753
25562,0.000226,172.31.40.0-255,66,35765,70,283753
25563,0.000229,74.125.24.0-255,1484,37249,70,283753
25564,0.000231,172.31.40.0-255,66,37315,70,283753
25565,0.000262,74.125.24.0-255,4320,41635,70,283753
25566,0.000265,172.31.40.0-255,66,41701,70,283753
25567,0.000291,74.125.24.0-255,6797,48498,70,283753
25568,0.000294,172.31.40.0-255,66,48564,70,283753
25569,0.000333,74.125.24.0-255,7156,55720,70,283753
25570,0.000335,172.31.40.0-255,66,55786,70,283753
25571,0.000361,74.125.24.0-255,9633,65419,70,283753
25572,0.000364,172.31.40.0-255,66,65485,70,283753
25573,0.000367,74.125.24.0-255,362,65847,70,283753
25574,0.000393,74.125.24.0-255,380,66227,70,283753
25575,0.000502,74.125.24.0-255,1484,67711,70,283753
25576,0.000507,172.31.40.0-255,66,67777,70,283753
25577,0.000513,74.125.24.0-255,2902,70679,70,283753
25578,0.000515,172.31.40.0-255,66,70745,70,283753
25579,0.00055,74.125.24.0-255,5738,76483,70,283753
25580,0.000553,172.31.40.0-255,66,76549,70,283753
25581,0.000559,74.125.24.0-255,5738,82287,70,283753
25582,0.000561,172.31.40.0-255,66,82353,70,283753
25583,0.000583,74.125.24.0-255,1125,83478,70,283753
25584,0.000612,74.125.24.0-255,1484,84962,70,283753
25585,0.000615,172.31.40.0-255,66,85028,70,283753
25586,0.00062,74.125.24.0-255,4320,89348,70,283753
25587,0.000622,172.31.40.0-255,66,89414,70,283753
25588,0.000648,74.125.24.0-255,7156,96570,70,283753
25589,0.000654,172.31.40.0-255,66,96636,70,283753
25590,0.000677,74.125.24.0-255,2902,99538,70,283753
25591,0.00068,172.31.40.0-255,66,99604,70,283753
25592,0.000683,74.125.24.0-255,1125,100729,70,283753
25593,0.001454,74.125.24.0-255,1484,102213,70,283753
25594,0.001459,172.31.40.0-255,66,102279,70,283753
25595,0.001465,74.125.24.0-255,2902,105181,70,283753
25596,0.001468,172.31.40.0-255,66,105247,70,283753
25597,0.001471,74.125.24.0-255,1484,106731,70,283753
25598,0.001501,74.125.24.0-255,5738,112469,70,283753
25599,0.001503,172.31.40.0-255,66,112535,70,283753
25600,0.001548,172.31.40.0-255,66,112601,70,283753
25601,0.001574,74.125.24.0-255,2902,115503,70,283753
25602,0.001577,172.31.40.0-255,66,115569,70,283753
25603,0.001609,74.125.24.0-255,6438,122007,70,283753
25604,0.001612,172.31.40.0-255,66,122073,70,283753
25605,0.00175,74.125.24.0-255,1484,123557,70,283753
25606,0.001765,74.125.24.0-255,2902,126459,70,283753
25607,0.001768,172.31.40.0-255,66,126525,70,283753
25608,0.001772,74.125.24.0-255,2902,129427,70,283753
25609,0.001774,172.31.40.0-255,66,129493,70,283753
25610,0.001795,74.125.24.0-255,2902,132395,70,283753
25611,0.001797,172.31.40.0-255,66,132461,70,283753
25612,0.0018,74.125.24.0-255,1484,133945,70,283753
25613,0.001842,172.31.40.0-255,66,134011,70,283753
25614,0.001852,74.125.24.0-255,10692,144703,70,283753
25615,0.001853,172.31.40.0-255,66,144769,70,283753
25616,0.002064,74.125.24.0-255,1484,146253,70,283753
25617,0.003946,74.125.24.0-255,4320,150573,70,283753
25618,0.003954,172.31.40.0-255,66,150639,70,283753
25619,0.005998,74.125.24.0-255,5738,156377,70,283753
25620,0.006001,172.31.40.0-255,66,156443,70,283753
25621,0.008124,74.125.24.0-255,5738,162181,70,283753
25622,0.00813,172.31.40.0-255,66,162247,70,283753
25623,0.010213,74.125.24.0-255,5738,167985,70,283753
25624,0.010219,172.31.40.0-255,66,168051,70,283753
25625,0.01228,74.125.24.0-255,5738,173789,70,283753
25626,0.012288,172.31.40.0-255,66,173855,70,283753
25627,0.014363,74.125.24.0-255,5738,179593,70,283753
25628,0.01437,172.31.40.0-255,66,179659,70,283753
25629,0.016488,74.125.24.0-255,5738,185397,70,283753
25630,0.016496,172.31.40.0-255,66,185463,70,283753
25631,0.018537,74.125.24.0-255,5738,191201,70,283753
25632,0.018548,172.31.40.0-255,66,191267,70,283753
25633,0.020703,74.125.24.0-255,5738,197005,70,283753
25634,0.020711,172.31.40.0-255,66,197071,70,283753
25635,0.022766,74.125.24.0-255,5738,202809,70,283753
25636,0.022774,172.31.40.0-255,66,202875,70,283753
25637,0.024854,74.125.24.0-255,5738,208613,70,283753
25638,0.024862,172.31.40.0-255,66,208679,70,283753
25639,0.026608,172.31.40.0-255,172,208851,70,283753
25640,0.026638,172.31.40.0-255,1117,209968,70,283753
25641,0.026698,172.31.40.0-255,1514,211482,70,283753
25642,0.0267,172.31.40.0-255,1514,212996,70,283753
25643,0.026725,172.31.40.0-255,845,213841,70,283753
25644,0.02689,74.125.24.0-255,5738,219579,70,283753
25645,0.026896,172.31.40.0-255,66,219645,70,283753
25646,0.028164,104.244.42.0-255,66,219711,70,283753
25647,0.028173,104.244.42.0-255,66,219777,70,283753
25648,0.028241,104.244.42.0-255,66,219843,70,283753
25649,0.028248,104.244.42.0-255,66,219909,70,283753
25650,0.028975,74.125.24.0-255,5738,225647,70,283753
25651,0.028981,172.31.40.0-255,66,225713,70,283753
25652,0.031086,74.125.24.0-255,5738,231451,70,283753
25653,0.031093,172.31.40.0-255,66,231517,70,283753
25654,0.033201,74.125.24.0-255,5738,237255,70,283753
25655,0.033208,172.31.40.0-255,66,237321,70,283753
25656,0.035243,74.125.24.0-255,5738,243059,70,283753
25657,0.03525,172.31.40.0-255,66,243125,70,283753
25658,0.037329,74.125.24.0-255,5738,248863,70,283753
25659,0.037336,172.31.40.0-255,66,248929,70,283753
25660,0.03942,74.125.24.0-255,5738,254667,70,283753
25661,0.039429,172.31.40.0-255,66,254733,70,283753
25662,0.041499,74.125.24.0-255,5738,260471,70,283753
25663,0.041506,172.31.40.0-255,66,260537,70,283753
25664,0.043561,74.125.24.0-255,5738,266275,70,283753
25665,0.043567,172.31.40.0-255,66,266341,70,283753
25666,0.045617,74.125.24.0-255,5738,272079,70,283753
25667,0.045624,172.31.40.0-255,66,272145,70,283753
25668,0.047702,74.125.24.0-255,5738,277883,70,283753
25669,0.047709,172.31.40.0-255,66,277949,70,283753
25670,0.049802,74.125.24.0-255,5738,283687,70,283753
25671,0.049809,172.31.40.0-255,66,283753,70,283753
25672,0.0,74.125.24.0-255,298,298,70,298351
25673,2.1e-05,172.31.40.0-255,66,364,70,298351
25674,2.7e-05,74.125.24.0-255,1484,1848,70,298351
25675,3.2e-05,172.31.40.0-255,66,1914,70,298351
25676,3.9e-05,74.125.24.0-255,4320,6234,70,298351
25677,4.9e-05,172.31.40.0-255,66,6300,70,298351
25678,8e-05,74.125.24.0-255,7466,13766,70,298351
25679,8.3e-05,172.31.40.0-255,66,13832,70,298351
25680,0.000323,74.125.24.0-255,1484,15316,70,298351
25681,0.000328,172.31.40.0-255,66,15382,70,298351
25682,0.000334,74.125.24.0-255,2902,18284,70,298351
25683,0.000336,172.31.40.0-255,66,18350,70,298351
25684,0.000339,74.125.24.0-255,1484,19834,70,298351
25685,0.000345,172.31.40.0-255,66,19900,70,298351
25686,0.00038,74.125.24.0-255,4320,24220,70,298351
25687,0.000383,172.31.40.0-255,66,24286,70,298351
25688,0.00039,74.125.24.0-255,6797,31083,70,298351
25689,0.000392,172.31.40.0-255,66,31149,70,298351
25690,0.000624,74.125.24.0-255,1484,32633,70,298351
25691,0.000627,172.31.40.0-255,66,32699,70,298351
25692,0.000632,74.125.24.0-255,2902,35601,70,298351
25693,0.000634,172.31.40.0-255,66,35667,70,298351
25694,0.000658,74.125.24.0-255,5738,41405,70,298351
25695,0.000664,172.31.40.0-255,66,41471,70,298351
25696,0.000693,74.125.24.0-255,6797,48268,70,298351
25697,0.000695,172.31.40.0-255,66,48334,70,298351
25698,0.000724,74.125.24.0-255,7156,55490,70,298351
25699,0.000726,172.31.40.0-255,66,55556,70,298351
25700,0.000732,74.125.24.0-255,5738,61294,70,298351
25701,0.000734,172.31.40.0-255,66,61360,70,298351
25702,0.000753,74.125.24.0-255,3961,65321,70,298351
25703,0.000759,172.31.40.0-255,66,65387,70,298351
25704,0.001623,74.125.24.0-255,646,66033,70,298351
25705,0.001864,74.125.24.0-255,1484,67517,70,298351
25706,0.001869,172.31.40.0-255,66,67583,70,298351
25707,0.001875,74.125.24.0-255,2902,70485,70,298351
25708,0.001877,172.31.40.0-255,66,70551,70,298351
25709,0.00188,74.125.24.0-255,1484,72035,70,298351
25710,0.001911,74.125.24.0-255,4320,76355,70,298351
25711,0.001913,172.31.40.0-255,66,76421,70,298351
25712,0.001917,74.125.24.0-255,2902,79323,70,298351
25713,0.001919,172.31.40.0-255,66,79389,70,298351
25714,0.001927,74.125.24.0-255,9992,89381,70,298351
25715,0.001932,172.31.40.0-255,66,89447,70,298351
25716,0.001966,74.125.24.0-255,10692,100139,70,298351
25717,0.001968,172.31.40.0-255,66,100205,70,298351
25718,0.002694,74.125.24.0-255,1484,101689,70,298351
25719,0.002707,74.125.24.0-255,2902,104591,70,298351
25720,0.00271,172.31.40.0-255,66,104657,70,298351
25721,0.002732,74.125.24.0-255,5738,110395,70,298351
25722,0.002735,172.31.40.0-255,66,110461,70,298351
25723,0.002739,74.125.24.0-255,2902,113363,70,298351
25724,0.002741,172.31.40.0-255,66,113429,70,298351
25725,0.002774,74.125.24.0-255,8574,122003,70,298351
25726,0.002777,172.31.40.0-255,66,122069,70,298351
25727,0.002791,172.31.40.0-255,66,122135,70,298351
25728,0.002795,74.125.24.0-255,2902,125037,70,298351
25729,0.002801,74.125.24.0-255,4320,129357,70,298351
25730,0.002833,172.31.40.0-255,66,129423,70,298351
25731,0.00284,172.31.40.0-255,66,129489,70,298351
25732,0.002847,74.125.24.0-255,8574,138063,70,298351
25733,0.002854,172.31.40.0-255,66,138129,70,298351
25734,0.002872,172.31.40.0-255,66,138195,70,298351
25735,0.002905,74.125.24.0-255,1484,139679,70,298351
25736,0.002927,74.125.24.0-255,2902,142581,70,298351
25737,0.00293,172.31.40.0-255,66,142647,70,298351
25738,0.002933,74.125.24.0-255,1484,144131,70,298351
25739,0.002959,74.125.24.0-255,8574,152705,70,298351
25740,0.002961,172.31.40.0-255,66,152771,70,298351
25741,0.002964,74.125.24.0-255,1484,154255,70,298351
25742,0.003003,172.31.40.0-255,66,154321,70,298351
25743,0.003009,74.125.24.0-255,3602,157923,70,298351
25744,0.003011,172.31.40.0-255,66,157989,70,298351
25745,0.003044,74.125.24.0-255,2902,160891,70,298351
25746,0.003046,172.31.40.0-255,66,160957,70,298351
25747,0.003078,74.125.24.0-255,4320,165277,70,298351
25748,0.00308,172.31.40.0-255,66,165343,70,298351
25749,0.003089,74.125.24.0-255,8574,173917,70,298351
25750,0.003092,172.31.40.0-255,66,173983,70,298351
25751,0.00311,172.31.40.0-255,66,174049,70,298351
25752,0.003135,74.125.24.0-255,5738,179787,70,298351
25753,0.003138,172.31.40.0-255,66,179853,70,298351
25754,0.00314,74.125.24.0-255,766,180619,70,298351
25755,0.003226,74.125.24.0-255,1484,182103,70,298351
25756,0.003228,172.31.40.0-255,66,182169,70,298351
25757,0.003256,74.125.24.0-255,2902,185071,70,298351
25758,0.003259,172.31.40.0-255,66,185137,70,298351
25759,0.003266,74.125.24.0-255,5738,190875,70,298351
25760,0.003269,172.31.40.0-255,66,190941,70,298351
25761,0.003275,74.125.24.0-255,5738,196679,70,298351
25762,0.003278,172.31.40.0-255,66,196745,70,298351
25763,0.003322,74.125.24.0-255,7156,203901,70,298351
25764,0.003325,172.31.40.0-255,66,203967,70,298351
25765,0.003328,74.125.24.0-255,1484,205451,70,298351
25766,0.003338,74.125.24.0-255,8574,214025,70,298351
25767,0.00334,172.31.40.0-255,66,214091,70,298351
25768,0.003343,74.125.24.0-255,766,214857,70,298351
25769,0.003648,74.125.24.0-255,1484,216341,70,298351
25770,0.003653,172.31.40.0-255,66,216407,70,298351
25771,0.003659,74.125.24.0-255,2902,219309,70,298351
25772,0.003662,172.31.40.0-255,66,219375,70,298351
25773,0.003665,74.125.24.0-255,1484,220859,70,298351
25774,0.003691,74.125.24.0-255,4320,225179,70,298351
25775,0.003694,172.31.40.0-255,66,225245,70,298351
25776,0.003705,74.125.24.0-255,9992,235237,70,298351
25777,0.003707,172.31.40.0-255,66,235303,70,298351
25778,0.00374,74.125.24.0-255,2902,238205,70,298351
25779,0.003744,172.31.40.0-255,66,238271,70,298351
25780,0.003753,74.125.24.0-255,8574,246845,70,298351
25781,0.003756,172.31.40.0-255,66,246911,70,298351
25782,0.003791,172.31.40.0-255,66,246977,70,298351
25783,0.003827,74.125.24.0-255,10692,257669,70,298351
25784,0.003831,172.31.40.0-255,66,257735,70,298351
25785,0.003875,74.125.24.0-255,9992,267727,70,298351
25786,0.003878,172.31.40.0-255,66,267793,70,298351
25787,0.00391,74.125.24.0-255,2184,269977,70,298351
25788,0.003913,172.31.40.0-255,66,270043,70,298351
25789,0.003929,172.31.40.0-255,66,270109,70,298351
25790,0.003946,172.31.40.0-255,66,270175,70,298351
25791,0.003955,74.125.24.0-255,7856,278031,70,298351
25792,0.003958,172.31.40.0-255,66,278097,70,298351
25793,0.003967,74.125.24.0-255,8574,286671,70,298351
25794,0.00397,172.31.40.0-255,66,286737,70,298351
25795,0.003985,172.31.40.0-255,66,286803,70,298351
25796,0.004033,74.125.24.0-255,5714,292517,70,298351
25797,0.004036,172.31.40.0-255,66,292583,70,298351
25798,0.004039,74.125.24.0-255,105,292688,70,298351
25799,0.00728,172.31.40.0-255,66,292754,70,298351
25800,0.007318,172.31.40.0-255,105,292859,70,298351
25801,0.009905,74.125.24.0-255,66,292925,70,298351
25802,0.034275,172.31.40.0-255,172,293097,70,298351
25803,0.034309,172.31.40.0-255,1118,294215,70,298351
25804,0.034372,172.31.40.0-255,1514,295729,70,298351
25805,0.034374,172.31.40.0-255,1514,297243,70,298351
25806,0.034399,172.31.40.0-255,844,298087,70,298351
25807,0.035841,104.244.42.0-255,66,298153,70,298351
25808,0.035866,104.244.42.0-255,66,298219,70,298351
25809,0.035918,104.244.42.0-255,66,298285,70,298351
25810,0.035936,104.244.42.0-255,66,298351,70,298351
25811,0.0,74.125.200.0-255,156,156,70,286404
25812,2.5e-05,172.31.40.0-255,66,222,70,286404
25813,5.2e-05,74.125.200.0-255,1484,1706,70,286404
25814,5.6e-05,172.31.40.0-255,66,1772,70,286404
25815,6.2e-05,74.125.200.0-255,2902,4674,70,286404
25816,6.5e-05,172.31.40.0-255,66,4740,70,286404
25817,6.9e-05,74.125.200.0-255,1484,6224,70,286404
25818,7.1e-05,172.31.40.0-255,66,6290,70,286404
25819,9.4e-05,74.125.200.0-255,4320,10610,70,286404
25820,9.7e-05,172.31.40.0-255,66,10676,70,286404
25821,0.000101,74.125.200.0-255,2902,13578,70,286404
25822,0.000103,172.31.40.0-255,66,13644,70,286404
25823,0.000125,74.125.200.0-255,2902,16546,70,286404
25824,0.000128,172.31.40.0-255,66,16612,70,286404
25825,0.000156,74.125.200.0-255,7827,24439,70,286404
25826,0.000158,172.31.40.0-255,66,24505,70,286404
25827,0.000163,74.125.200.0-255,4320,28825,70,286404
25828,0.000165,172.31.40.0-255,66,28891,70,286404
25829,0.000198,74.125.200.0-255,1484,30375,70,286404
25830,0.0002,172.31.40.0-255,66,30441,70,286404
25831,0.000232,172.31.40.0-255,66,30507,70,286404
25832,0.000239,74.125.200.0-255,5020,35527,70,286404
25833,0.000241,172.31.40.0-255,66,35593,70,286404
25834,0.000302,74.125.200.0-255,4320,39913,70,286404
25835,0.000305,172.31.40.0-255,66,39979,70,286404
25836,0.000312,74.125.200.0-255,5738,45717,70,286404
25837,0.000315,172.31.40.0-255,66,45783,70,286404
25838,0.000335,74.125.200.0-255,1484,47267,70,286404
25839,0.000337,172.31.40.0-255,66,47333,70,286404
25840,0.000361,74.125.200.0-255,5672,53005,70,286404
25841,0.000364,172.31.40.0-255,66,53071,70,286404
25842,0.000383,74.125.200.0-255,383,53454,70,286404
25843,0.001025,74.125.200.0-255,1484,54938,70,286404
25844,0.00103,172.31.40.0-255,66,55004,70,286404
25845,0.001034,74.125.200.0-255,1484,56488,70,286404
25846,0.001051,74.125.200.0-255,1484,57972,70,286404
25847,0.001053,172.31.40.0-255,66,58038,70,286404
25848,0.001056,74.125.200.0-255,1484,59522,70,286404
25849,0.001074,74.125.200.0-255,2902,62424,70,286404
25850,0.001076,172.31.40.0-255,66,62490,70,286404
25851,0.001108,74.125.200.0-255,2902,65392,70,286404
25852,0.001111,172.31.40.0-255,66,65458,70,286404
25853,0.001134,74.125.200.0-255,5738,71196,70,286404
25854,0.001137,172.31.40.0-255,66,71262,70,286404
25855,0.001144,74.125.200.0-255,8574,79836,70,286404
25856,0.001147,172.31.40.0-255,66,79902,70,286404
25857,0.00116,74.125.200.0-255,1484,81386,70,286404
25858,0.001232,74.125.200.0-255,2902,84288,70,286404
25859,0.001235,172.31.40.0-255,66,84354,70,286404
25860,0.001255,74.125.200.0-255,3602,87956,70,286404
25861,0.001257,172.31.40.0-255,66,88022,70,286404
25862,0.001837,74.125.200.0-255,1484,89506,70,286404
25863,0.001848,74.125.200.0-255,2902,92408,70,286404
25864,0.001852,172.31.40.0-255,66,92474,70,286404
25865,0.001857,74.125.200.0-255,1484,93958,70,286404
25866,0.001861,74.125.200.0-255,2902,96860,70,286404
25867,0.001863,172.31.40.0-255,66,96926,70,286404
25868,0.001889,74.125.200.0-255,5738,102664,70,286404
25869,0.001891,172.31.40.0-255,66,102730,70,286404
25870,0.001912,74.125.200.0-255,1484,104214,70,286404
25871,0.001938,172.31.40.0-255,66,104280,70,286404
25872,0.001971,74.125.200.0-255,6438,110718,70,286404
25873,0.001974,172.31.40.0-255,66,110784,70,286404
25874,0.002004,74.125.200.0-255,1484,112268,70,286404
25875,0.002014,74.125.200.0-255,1484,113752,70,286404
25876,0.002017,172.31.40.0-255,66,113818,70,286404
25877,0.002035,74.125.200.0-255,1484,115302,70,286404
25878,0.002039,74.125.200.0-255,2902,118204,70,286404
25879,0.002041,172.31.40.0-255,66,118270,70,286404
25880,0.002059,74.125.200.0-255,2902,121172,70,286404
25881,0.002062,172.31.40.0-255,66,121238,70,286404
25882,0.002067,74.125.200.0-255,2902,124140,70,286404
25883,0.002069,172.31.40.0-255,66,124206,70,286404
25884,0.00209,74.125.200.0-255,8574,132780,70,286404
25885,0.002093,172.31.40.0-255,66,132846,70,286404
25886,0.00211,74.125.200.0-255,1484,134330,70,286404
25887,0.002123,74.125.200.0-255,2902,137232,70,286404
25888,0.002125,172.31.40.0-255,66,137298,70,286404
25889,0.002151,74.125.200.0-255,7156,144454,70,286404
25890,0.002153,172.31.40.0-255,66,144520,70,286404
25891,0.002171,74.125.200.0-255,766,145286,70,286404
25892,0.002267,74.125.200.0-255,1484,146770,70,286404
25893,0.002271,172.31.40.0-255,66,146836,70,286404
25894,0.002287,74.125.200.0-255,2902,149738,70,286404
25895,0.00229,172.31.40.0-255,66,149804,70,286404
25896,0.002323,74.125.200.0-255,5738,155542,70,286404
25897,0.002326,172.31.40.0-255,66,155608,70,286404
25898,0.002328,74.125.200.0-255,1484,157092,70,286404
25899,0.002332,74.125.200.0-255,1484,158576,70,286404
25900,0.002334,172.31.40.0-255,66,158642,70,286404
25901,0.002352,74.125.200.0-255,1484,160126,70,286404
25902,0.002358,74.125.200.0-255,5738,165864,70,286404
25903,0.002361,172.31.40.0-255,66,165930,70,286404
25904,0.002382,74.125.200.0-255,1484,167414,70,286404
25905,0.004706,74.125.200.0-255,4320,171734,70,286404
25906,0.00471,172.31.40.0-255,66,171800,70,286404
25907,0.00707,74.125.200.0-255,5738,177538,70,286404
25908,0.007078,172.31.40.0-255,66,177604,70,286404
25909,0.009427,74.125.200.0-255,5738,183342,70,286404
25910,0.009434,172.31.40.0-255,66,183408,70,286404
25911,0.011818,74.125.200.0-255,5738,189146,70,286404
25912,0.011826,172.31.40.0-255,66,189212,70,286404
25913,0.014179,74.125.200.0-255,5738,194950,70,286404
25914,0.014187,172.31.40.0-255,66,195016,70,286404
25915,0.016553,74.125.200.0-255,5738,200754,70,286404
25916,0.016559,172.31.40.0-255,66,200820,70,286404
25917,0.018901,74.125.200.0-255,2902,203722,70,286404
25918,0.018908,172.31.40.0-255,66,203788,70,286404
25919,0.018935,74.125.200.0-255,2902,206690,70,286404
25920,0.018938,172.31.40.0-255,66,206756,70,286404
25921,0.021284,74.125.200.0-255,5738,212494,70,286404
25922,0.021291,172.31.40.0-255,66,212560,70,286404
25923,0.02364,74.125.200.0-255,5738,218298,70,286404
25924,0.023647,172.31.40.0-255,66,218364,70,286404
25925,0.023757,172.31.40.0-255,172,218536,70,286404
25926,0.023787,172.31.40.0-255,1113,219649,70,286404
25927,0.023847,172.31.40.0-255,1514,221163,70,286404
25928,0.023849,172.31.40.0-255,1331,222494,70,286404
25929,0.025952,104.244.42.0-255,66,222560,70,286404
25930,0.025996,74.125.200.0-255,5738,228298,70,286404
25931,0.026001,172.31.40.0-255,66,228364,70,286404
25932,0.028369,74.125.200.0-255,5738,234102,70,286404
25933,0.028387,172.31.40.0-255,66,234168,70,286404
25934,0.030765,74.125.200.0-255,5738,239906,70,286404
25935,0.03078,172.31.40.0-255,66,239972,70,286404
25936,0.033143,74.125.200.0-255,5738,245710,70,286404
25937,0.033156,172.31.40.0-255,66,245776,70,286404
25938,0.035521,74.125.200.0-255,5738,251514,70,286404
25939,0.03553,172.31.40.0-255,66,251580,70,286404
25940,0.037887,74.125.200.0-255,5738,257318,70,286404
25941,0.037895,172.31.40.0-255,66,257384,70,286404
25942,0.040238,74.125.200.0-255,5738,263122,70,286404
25943,0.040248,172.31.40.0-255,66,263188,70,286404
25944,0.042603,74.125.200.0-255,5738,268926,70,286404
25945,0.042609,172.31.40.0-255,66,268992,70,286404
25946,0.044975,74.125.200.0-255,5738,274730,70,286404
25947,0.044982,172.31.40.0-255,66,274796,70,286404
25948,0.04733,74.125.200.0-255,5738,280534,70,286404
25949,0.047336,172.31.40.0-255,66,280600,70,286404
25950,0.049693,74.125.200.0-255,5738,286338,70,286404
25951,0.049698,172.31.40.0-255,66,286404,70,286404
25952,0.0,74.125.130.0-255,153,153,70,169309
25953,2.6e-05,172.31.40.0-255,66,219,70,169309
25954,3.4e-05,74.125.130.0-255,1484,1703,70,169309
25955,3.8e-05,172.31.40.0-255,66,1769,70,169309
25956,4.3e-05,74.125.130.0-255,2902,4671,70,169309
25957,4.7e-05,172.31.40.0-255,66,4737,70,169309
25958,7.7e-05,74.125.130.0-255,5738,10475,70,169309
25959,8e-05,172.31.40.0-255,66,10541,70,169309
25960,8.3e-05,74.125.130.0-255,1484,12025,70,169309
25961,8.5e-05,172.31.40.0-255,66,12091,70,169309
25962,0.000126,74.125.130.0-255,2137,14228,70,169309
25963,0.000129,172.31.40.0-255,66,14294,70,169309
25964,0.002202,74.125.130.0-255,1484,15778,70,169309
25965,0.002213,172.31.40.0-255,66,15844,70,169309
25966,0.002221,74.125.130.0-255,2902,18746,70,169309
25967,0.002224,172.31.40.0-255,66,18812,70,169309
25968,0.002232,74.125.130.0-255,5738,24550,70,169309
25969,0.002234,172.31.40.0-255,66,24616,70,169309
25970,0.002256,74.125.130.0-255,2902,27518,70,169309
25971,0.002258,172.31.40.0-255,66,27584,70,169309
25972,0.002277,74.125.130.0-255,2902,30486,70,169309
25973,0.00228,172.31.40.0-255,66,30552,70,169309
25974,0.002299,74.125.130.0-255,6797,37349,70,169309
25975,0.002301,172.31.40.0-255,66,37415,70,169309
25976,0.002322,74.125.130.0-255,7156,44571,70,169309
25977,0.002325,172.31.40.0-255,66,44637,70,169309
25978,0.002347,74.125.130.0-255,2902,47539,70,169309
25979,0.002349,172.31.40.0-255,66,47605,70,169309
25980,0.00463,74.125.130.0-255,1484,49089,70,169309
25981,0.004639,172.31.40.0-255,66,49155,70,169309
25982,0.004663,74.125.130.0-255,4320,53475,70,169309
25983,0.004667,172.31.40.0-255,66,53541,70,169309
25984,0.006961,74.125.130.0-255,1484,55025,70,169309
25985,0.006996,74.125.130.0-255,4320,59345,70,169309
25986,0.007004,172.31.40.0-255,66,59411,70,169309
25987,0.009328,74.125.130.0-255,5738,65149,70,169309
25988,0.009342,172.31.40.0-255,66,65215,70,169309
25989,0.011693,74.125.130.0-255,5738,70953,70,169309
25990,0.01171,172.31.40.0-255,66,71019,70,169309
25991,0.014048,74.125.130.0-255,5738,76757,70,169309
25992,0.014065,172.31.40.0-255,66,76823,70,169309
25993,0.016423,74.125.130.0-255,5738,82561,70,169309
25994,0.016433,172.31.40.0-255,66,82627,70,169309
25995,0.018773,74.125.130.0-255,5738,88365,70,169309
25996,0.018789,172.31.40.0-255,66,88431,70,169309
25997,0.021121,74.125.130.0-255,5738,94169,70,169309
25998,0.021137,172.31.40.0-255,66,94235,70,169309
25999,0.023475,74.125.130.0-255,5738,99973,70,169309
26000,0.023492,172.31.40.0-255,66,100039,70,169309
26001,0.025823,74.125.130.0-255,5738,105777,70,169309
26002,0.025839,172.31.40.0-255,66,105843,70,169309
26003,0.028181,74.125.130.0-255,5738,111581,70,169309
26004,0.02819,172.31.40.0-255,66,111647,70,169309
26005,0.029559,172.31.40.0-255,172,111819,70,169309
26006,0.029587,172.31.40.0-255,1119,112938,70,169309
26007,0.029647,172.31.40.0-255,1514,114452,70,169309
26008,0.029648,172.31.40.0-255,1514,115966,70,169309
26009,0.02965,172.31.40.0-255,843,116809,70,169309
26010,0.030512,74.125.130.0-255,5738,122547,70,169309
26011,0.030535,172.31.40.0-255,66,122613,70,169309
26012,0.031144,104.244.42.0-255,66,122679,70,169309
26013,0.031153,104.244.42.0-255,66,122745,70,169309
26014,0.031262,104.244.42.0-255,66,122811,70,169309
26015,0.031268,104.244.42.0-255,66,122877,70,169309
26016,0.032878,74.125.130.0-255,5738,128615,70,169309
26017,0.032887,172.31.40.0-255,66,128681,70,169309
26018,0.035202,74.125.130.0-255,5738,134419,70,169309
26019,0.035209,172.31.40.0-255,66,134485,70,169309
26020,0.037534,74.125.130.0-255,5738,140223,70,169309
26021,0.037543,172.31.40.0-255,66,140289,70,169309
26022,0.039864,74.125.130.0-255,5738,146027,70,169309
26023,0.039875,172.31.40.0-255,66,146093,70,169309
26024,0.04221,74.125.130.0-255,5738,151831,70,169309
26025,0.042222,172.31.40.0-255,66,151897,70,169309
26026,0.044616,74.125.130.0-255,5738,157635,70,169309
26027,0.044628,172.31.40.0-255,66,157701,70,169309
26028,0.046952,74.125.130.0-255,5738,163439,70,169309
26029,0.04696,172.31.40.0-255,66,163505,70,169309
26030,0.049322,74.125.130.0-255,5738,169243,70,169309
26031,0.04933,172.31.40.0-255,66,169309,70,169309
26032,0.0,172.217.194.0-255,153,153,70,275370
26033,2.2e-05,172.31.40.0-255,66,219,70,275370
26034,3e-05,172.217.194.0-255,1484,1703,70,275370
26035,3.6e-05,172.31.40.0-255,66,1769,70,275370
26036,4.1e-05,172.217.194.0-255,2902,4671,70,275370
26037,5.3e-05,172.31.40.0-255,66,4737,70,275370
26038,6.1e-05,172.217.194.0-255,7156,11893,70,275370
26039,6.4e-05,172.31.40.0-255,66,11959,70,275370
26040,6.7e-05,172.217.194.0-255,1484,13443,70,275370
26041,6.9e-05,172.31.40.0-255,66,13509,70,275370
26042,8e-05,172.217.194.0-255,10627,24136,70,275370
26043,8.3e-05,172.31.40.0-255,66,24202,70,275370
26044,8.8e-05,172.217.194.0-255,4320,28522,70,275370
26045,9e-05,172.31.40.0-255,66,28588,70,275370
26046,0.000114,172.217.194.0-255,2543,31131,70,275370
26047,0.000122,172.31.40.0-255,66,31197,70,275370
26048,0.000152,172.217.194.0-255,1484,32681,70,275370
26049,0.000154,172.31.40.0-255,66,32747,70,275370
26050,0.00016,172.217.194.0-255,2902,35649,70,275370
26051,0.000162,172.31.40.0-255,66,35715,70,275370
26052,0.000192,172.217.194.0-255,5738,41453,70,275370
26053,0.000195,172.31.40.0-255,66,41519,70,275370
26054,0.000203,172.217.194.0-255,6797,48316,70,275370
26055,0.000205,172.31.40.0-255,66,48382,70,275370
26056,0.000249,172.31.40.0-255,66,48448,70,275370
26057,0.000254,172.217.194.0-255,2852,51300,70,275370
26058,0.000256,172.31.40.0-255,66,51366,70,275370
26059,0.000412,172.217.194.0-255,367,51733,70,275370
26060,0.000416,172.31.40.0-255,66,51799,70,275370
26061,0.00063,172.217.194.0-255,1484,53283,70,275370
26062,0.000636,172.31.40.0-255,66,53349,70,275370
26063,0.000642,172.217.194.0-255,2902,56251,70,275370
26064,0.000644,172.31.40.0-255,66,56317,70,275370
26065,0.000656,172.217.194.0-255,5738,62055,70,275370
26066,0.000658,172.31.40.0-255,66,62121,70,275370
26067,0.000685,172.217.194.0-255,8574,70695,70,275370
26068,0.000688,172.31.40.0-255,66,70761,70,275370
26069,0.000718,172.217.194.0-255,5379,76140,70,275370
26070,0.000722,172.31.40.0-255,66,76206,70,275370
26071,0.000732,172.217.194.0-255,9633,85839,70,275370
26072,0.000734,172.31.40.0-255,66,85905,70,275370
26073,0.000968,172.217.194.0-255,1484,87389,70,275370
26074,0.000975,172.217.194.0-255,2902,90291,70,275370
26075,0.000978,172.31.40.0-255,66,90357,70,275370
26076,0.000984,172.217.194.0-255,2902,93259,70,275370
26077,0.000986,172.31.40.0-255,66,93325,70,275370
26078,0.001007,172.217.194.0-255,2902,96227,70,275370
26079,0.00101,172.31.40.0-255,66,96293,70,275370
26080,0.001048,172.217.194.0-255,8574,104867,70,275370
26081,0.00105,172.31.40.0-255,66,104933,70,275370
26082,0.001088,172.217.194.0-255,4320,109253,70,275370
26083,0.001091,172.31.40.0-255,66,109319,70,275370
26084,0.001103,172.217.194.0-255,10692,120011,70,275370
26085,0.001106,172.31.40.0-255,66,120077,70,275370
26086,0.001121,172.217.194.0-255,1484,121561,70,275370
26087,0.00113,172.217.194.0-255,1484,123045,70,275370
26088,0.001132,172.31.40.0-255,66,123111,70,275370
26089,0.001164,172.217.194.0-255,1484,124595,70,275370
26090,0.001171,172.217.194.0-255,5738,130333,70,275370
26091,0.001174,172.31.40.0-255,66,130399,70,275370
26092,0.001181,172.217.194.0-255,5738,136137,70,275370
26093,0.001183,172.31.40.0-255,66,136203,70,275370
26094,0.00119,172.217.194.0-255,7156,143359,70,275370
26095,0.001193,172.31.40.0-255,66,143425,70,275370
26096,0.001216,172.217.194.0-255,1484,144909,70,275370
26097,0.001242,172.217.194.0-255,7156,152065,70,275370
26098,0.001245,172.31.40.0-255,66,152131,70,275370
26099,0.001269,172.217.194.0-255,2184,154315,70,275370
26100,0.001272,172.31.40.0-255,66,154381,70,275370
26101,0.001455,172.217.194.0-255,1484,155865,70,275370
26102,0.001461,172.217.194.0-255,2902,158767,70,275370
26103,0.001464,172.31.40.0-255,66,158833,70,275370
26104,0.001468,172.217.194.0-255,1484,160317,70,275370
26105,0.001496,172.217.194.0-255,4320,164637,70,275370
26106,0.001499,172.31.40.0-255,66,164703,70,275370
26107,0.001505,172.217.194.0-255,5738,170441,70,275370
26108,0.001507,172.31.40.0-255,66,170507,70,275370
26109,0.00153,172.217.194.0-255,7156,177663,70,275370
26110,0.001533,172.31.40.0-255,66,177729,70,275370
26111,0.001542,172.217.194.0-255,9992,187721,70,275370
26112,0.001545,172.31.40.0-255,66,187787,70,275370
26113,0.001548,172.217.194.0-255,766,188553,70,275370
26114,0.001872,172.217.194.0-255,1484,190037,70,275370
26115,0.001877,172.31.40.0-255,66,190103,70,275370
26116,0.001883,172.217.194.0-255,2902,193005,70,275370
26117,0.001885,172.31.40.0-255,66,193071,70,275370
26118,0.00192,172.217.194.0-255,5738,198809,70,275370
26119,0.001923,172.31.40.0-255,66,198875,70,275370
26120,0.001936,172.31.40.0-255,66,198941,70,275370
26121,0.001939,172.217.194.0-255,1484,200425,70,275370
26122,0.001977,172.217.194.0-255,5738,206163,70,275370
26123,0.00198,172.31.40.0-255,66,206229,70,275370
26124,0.002007,172.217.194.0-255,3602,209831,70,275370
26125,0.002009,172.31.40.0-255,66,209897,70,275370
26126,0.002117,172.217.194.0-255,1484,211381,70,275370
26127,0.002123,172.217.194.0-255,2902,214283,70,275370
26128,0.002126,172.31.40.0-255,66,214349,70,275370
26129,0.002131,172.217.194.0-255,2902,217251,70,275370
26130,0.002133,172.31.40.0-255,66,217317,70,275370
26131,0.002154,172.217.194.0-255,2902,220219,70,275370
26132,0.002157,172.31.40.0-255,66,220285,70,275370
26133,0.002181,172.31.40.0-255,66,220351,70,275370
26134,0.002198,172.217.194.0-255,8574,228925,70,275370
26135,0.002201,172.31.40.0-255,66,228991,70,275370
26136,0.002277,172.31.40.0-255,66,229057,70,275370
26137,0.002304,172.217.194.0-255,9274,238331,70,275370
26138,0.002306,172.31.40.0-255,66,238397,70,275370
26139,0.00232,172.31.40.0-255,66,238463,70,275370
26140,0.002389,172.31.40.0-255,66,238529,70,275370
26141,0.002404,172.31.40.0-255,66,238595,70,275370
26142,0.002411,172.217.194.0-255,6438,245033,70,275370
26143,0.002413,172.31.40.0-255,66,245099,70,275370
26144,0.002434,172.31.40.0-255,66,245165,70,275370
26145,0.00246,172.217.194.0-255,1484,246649,70,275370
26146,0.002468,172.217.194.0-255,7856,254505,70,275370
26147,0.002471,172.31.40.0-255,66,254571,70,275370
26148,0.002479,172.217.194.0-255,7156,261727,70,275370
26149,0.002481,172.31.40.0-255,66,261793,70,275370
26150,0.002517,172.31.40.0-255,66,261859,70,275370
26151,0.002554,172.217.194.0-255,8907,270766,70,275370
26152,0.002557,172.31.40.0-255,66,270832,70,275370
26153,0.002561,172.217.194.0-255,105,270937,70,275370
26154,0.014062,172.31.40.0-255,66,271003,70,275370
26155,0.014113,172.31.40.0-255,105,271108,70,275370
26156,0.016616,172.217.194.0-255,66,271174,70,275370
26157,0.034071,172.31.40.0-255,172,271346,70,275370
26158,0.034107,172.31.40.0-255,1113,272459,70,275370
26159,0.034169,172.31.40.0-255,1514,273973,70,275370
26160,0.034171,172.31.40.0-255,1331,275304,70,275370
26161,0.035745,104.244.42.0-255,66,275370,70,275370
26162,0.0,74.125.130.0-255,153,153,70,276352
26163,2.4e-05,172.31.40.0-255,66,219,70,276352
26164,3.1e-05,74.125.130.0-255,1484,1703,70,276352
26165,3.6e-05,172.31.40.0-255,66,1769,70,276352
26166,4.2e-05,74.125.130.0-255,2902,4671,70,276352
26167,4.6e-05,172.31.40.0-255,66,4737,70,276352
26168,5.3e-05,74.125.130.0-255,5738,10475,70,276352
26169,5.7e-05,172.31.40.0-255,66,10541,70,276352
26170,8.3e-05,74.125.130.0-255,3445,13986,70,276352
26171,8.6e-05,172.31.40.0-255,66,14052,70,276352
26172,9.2e-05,74.125.130.0-255,4320,18372,70,276352
26173,9.5e-05,172.31.40.0-255,66,18438,70,276352
26174,0.000126,74.125.130.0-255,8574,27012,70,276352
26175,0.000129,172.31.40.0-255,66,27078,70,276352
26176,0.000145,74.125.130.0-255,1484,28562,70,276352
26177,0.000148,172.31.40.0-255,66,28628,70,276352
26178,0.000157,74.125.130.0-255,8574,37202,70,276352
26179,0.00016,172.31.40.0-255,66,37268,70,276352
26180,0.000183,74.125.130.0-255,2902,40170,70,276352
26181,0.000185,172.31.40.0-255,66,40236,70,276352
26182,0.000192,74.125.130.0-255,5738,45974,70,276352
26183,0.000194,172.31.40.0-255,66,46040,70,276352
26184,0.000217,74.125.130.0-255,2184,48224,70,276352
26185,0.00022,172.31.40.0-255,66,48290,70,276352
26186,0.000305,74.125.130.0-255,1484,49774,70,276352
26187,0.000309,172.31.40.0-255,66,49840,70,276352
26188,0.000315,74.125.130.0-255,2902,52742,70,276352
26189,0.000317,172.31.40.0-255,66,52808,70,276352
26190,0.000328,74.125.130.0-255,1484,54292,70,276352
26191,0.00033,172.31.40.0-255,66,54358,70,276352
26192,0.000348,74.125.130.0-255,2902,57260,70,276352
26193,0.000351,172.31.40.0-255,66,57326,70,276352
26194,0.000383,74.125.130.0-255,8505,65831,70,276352
26195,0.000386,172.31.40.0-255,66,65897,70,276352
26196,0.000423,74.125.130.0-255,364,66261,70,276352
26197,0.000484,74.125.130.0-255,1484,67745,70,276352
26198,0.000487,172.31.40.0-255,66,67811,70,276352
26199,0.00052,74.125.130.0-255,2902,70713,70,276352
26200,0.000523,172.31.40.0-255,66,70779,70,276352
26201,0.000535,74.125.130.0-255,1484,72263,70,276352
26202,0.00054,74.125.130.0-255,2902,75165,70,276352
26203,0.000543,172.31.40.0-255,66,75231,70,276352
26204,0.000566,74.125.130.0-255,5738,80969,70,276352
26205,0.000568,172.31.40.0-255,66,81035,70,276352
26206,0.000595,74.125.130.0-255,8574,89609,70,276352
26207,0.000598,172.31.40.0-255,66,89675,70,276352
26208,0.000601,74.125.130.0-255,1484,91159,70,276352
26209,0.000625,74.125.130.0-255,8574,99733,70,276352
26210,0.000628,172.31.40.0-255,66,99799,70,276352
26211,0.00063,74.125.130.0-255,766,100565,70,276352
26212,0.001109,74.125.130.0-255,1484,102049,70,276352
26213,0.001114,172.31.40.0-255,66,102115,70,276352
26214,0.001121,74.125.130.0-255,2902,105017,70,276352
26215,0.001123,172.31.40.0-255,66,105083,70,276352
26216,0.001144,74.125.130.0-255,2902,107985,70,276352
26217,0.001146,172.31.40.0-255,66,108051,70,276352
26218,0.001152,74.125.130.0-255,4320,112371,70,276352
26219,0.001154,172.31.40.0-255,66,112437,70,276352
26220,0.001192,74.125.130.0-255,8574,121011,70,276352
26221,0.001195,172.31.40.0-255,66,121077,70,276352
26222,0.0012,74.125.130.0-255,4320,125397,70,276352
26223,0.001202,172.31.40.0-255,66,125463,70,276352
26224,0.001209,74.125.130.0-255,5738,131201,70,276352
26225,0.001211,172.31.40.0-255,66,131267,70,276352
26226,0.001237,74.125.130.0-255,3602,134869,70,276352
26227,0.001241,172.31.40.0-255,66,134935,70,276352
26228,0.003198,74.125.130.0-255,1484,136419,70,276352
26229,0.003224,74.125.130.0-255,4320,140739,70,276352
26230,0.00323,172.31.40.0-255,66,140805,70,276352
26231,0.005235,74.125.130.0-255,5738,146543,70,276352
26232,0.005241,172.31.40.0-255,66,146609,70,276352
26233,0.007242,74.125.130.0-255,5738,152347,70,276352
26234,0.007251,172.31.40.0-255,66,152413,70,276352
26235,0.009259,74.125.130.0-255,5738,158151,70,276352
26236,0.009268,172.31.40.0-255,66,158217,70,276352
26237,0.011287,74.125.130.0-255,5738,163955,70,276352
26238,0.011298,172.31.40.0-255,66,164021,70,276352
26239,0.013306,74.125.130.0-255,5738,169759,70,276352
26240,0.013316,172.31.40.0-255,66,169825,70,276352
26241,0.015334,74.125.130.0-255,5738,175563,70,276352
26242,0.015345,172.31.40.0-255,66,175629,70,276352
26243,0.017371,74.125.130.0-255,5738,181367,70,276352
26244,0.017385,172.31.40.0-255,66,181433,70,276352
26245,0.019405,74.125.130.0-255,5738,187171,70,276352
26246,0.019419,172.31.40.0-255,66,187237,70,276352
26247,0.021443,74.125.130.0-255,5738,192975,70,276352
26248,0.021456,172.31.40.0-255,66,193041,70,276352
26249,0.023471,74.125.130.0-255,5738,198779,70,276352
26250,0.023481,172.31.40.0-255,66,198845,70,276352
26251,0.025493,74.125.130.0-255,5738,204583,70,276352
26252,0.025503,172.31.40.0-255,66,204649,70,276352
26253,0.027536,74.125.130.0-255,5738,210387,70,276352
26254,0.027551,172.31.40.0-255,66,210453,70,276352
26255,0.029576,74.125.130.0-255,5738,216191,70,276352
26256,0.029588,172.31.40.0-255,66,216257,70,276352
26257,0.031608,74.125.130.0-255,5738,221995,70,276352
26258,0.03162,172.31.40.0-255,66,222061,70,276352
26259,0.033641,74.125.130.0-255,5738,227799,70,276352
26260,0.03365,172.31.40.0-255,66,227865,70,276352
26261,0.035662,74.125.130.0-255,5738,233603,70,276352
26262,0.035672,172.31.40.0-255,66,233669,70,276352
26263,0.037687,74.125.130.0-255,5738,239407,70,276352
26264,0.037698,172.31.40.0-255,66,239473,70,276352
26265,0.039715,74.125.130.0-255,5738,245211,70,276352
26266,0.039724,172.31.40.0-255,66,245277,70,276352
26267,0.041779,74.125.130.0-255,5738,251015,70,276352
26268,0.041792,172.31.40.0-255,66,251081,70,276352
26269,0.043824,74.125.130.0-255,5738,256819,70,276352
26270,0.043833,172.31.40.0-255,66,256885,70,276352
26271,0.045854,74.125.130.0-255,5738,262623,70,276352
26272,0.045876,172.31.40.0-255,66,262689,70,276352
26273,0.047256,172.31.40.0-255,172,262861,70,276352
26274,0.047295,172.31.40.0-255,1118,263979,70,276352
26275,0.047371,172.31.40.0-255,567,264546,70,276352
26276,0.047886,74.125.130.0-255,5738,270284,70,276352
26277,0.047895,172.31.40.0-255,66,270350,70,276352
26278,0.04878,104.244.42.0-255,66,270416,70,276352
26279,0.048829,104.244.42.0-255,66,270482,70,276352
26280,0.048905,104.244.42.0-255,66,270548,70,276352
26281,0.049916,74.125.130.0-255,5738,276286,70,276352
26282,0.049926,172.31.40.0-255,66,276352,70,276352
26283,0.0,74.125.24.0-255,146,146,70,299022
26284,2.3e-05,172.31.40.0-255,66,212,70,299022
26285,3.1e-05,74.125.24.0-255,1484,1696,70,299022
26286,3.5e-05,172.31.40.0-255,66,1762,70,299022
26287,4.1e-05,74.125.24.0-255,2902,4664,70,299022
26288,4.4e-05,172.31.40.0-255,66,4730,70,299022
26289,5e-05,74.125.24.0-255,4320,9050,70,299022
26290,5.4e-05,172.31.40.0-255,66,9116,70,299022
26291,9.3e-05,74.125.24.0-255,4957,14073,70,299022
26292,9.7e-05,172.31.40.0-255,66,14139,70,299022
26293,0.000115,74.125.24.0-255,2902,17041,70,299022
26294,0.000118,172.31.40.0-255,66,17107,70,299022
26295,0.000141,74.125.24.0-255,2902,20009,70,299022
26296,0.000143,172.31.40.0-255,66,20075,70,299022
26297,0.000149,74.125.24.0-255,5738,25813,70,299022
26298,0.000152,172.31.40.0-255,66,25879,70,299022
26299,0.000181,74.125.24.0-255,5379,31258,70,299022
26300,0.000184,172.31.40.0-255,66,31324,70,299022
26301,0.000293,74.125.24.0-255,1484,32808,70,299022
26302,0.000297,172.31.40.0-255,66,32874,70,299022
26303,0.000313,74.125.24.0-255,2902,35776,70,299022
26304,0.000316,172.31.40.0-255,66,35842,70,299022
26305,0.000323,74.125.24.0-255,4320,40162,70,299022
26306,0.000325,172.31.40.0-255,66,40228,70,299022
26307,0.000346,74.125.24.0-255,1484,41712,70,299022
26308,0.000348,172.31.40.0-255,66,41778,70,299022
26309,0.000356,74.125.24.0-255,6797,48575,70,299022
26310,0.000358,172.31.40.0-255,66,48641,70,299022
26311,0.000361,74.125.24.0-255,1484,50125,70,299022
26312,0.000363,172.31.40.0-255,66,50191,70,299022
26313,0.000402,172.31.40.0-255,66,50257,70,299022
26314,0.000407,74.125.24.0-255,2543,52800,70,299022
26315,0.000426,74.125.24.0-255,647,53447,70,299022
26316,0.000526,172.31.40.0-255,66,53513,70,299022
26317,0.00078,74.125.24.0-255,1484,54997,70,299022
26318,0.0008,74.125.24.0-255,2902,57899,70,299022
26319,0.000805,74.125.24.0-255,4320,62219,70,299022
26320,0.000811,172.31.40.0-255,66,62285,70,299022
26321,0.000825,74.125.24.0-255,1484,63769,70,299022
26322,0.000866,74.125.24.0-255,4320,68089,70,299022
26323,0.000873,172.31.40.0-255,66,68155,70,299022
26324,0.00089,74.125.24.0-255,8574,76729,70,299022
26325,0.000896,74.125.24.0-255,4320,81049,70,299022
26326,0.000913,74.125.24.0-255,4320,85369,70,299022
26327,0.000928,74.125.24.0-255,1634,87003,70,299022
26328,0.000935,172.31.40.0-255,66,87069,70,299022
26329,0.00119,74.125.24.0-255,1484,88553,70,299022
26330,0.001194,74.125.24.0-255,1484,90037,70,299022
26331,0.001197,172.31.40.0-255,66,90103,70,299022
26332,0.00122,74.125.24.0-255,1484,91587,70,299022
26333,0.001227,74.125.24.0-255,5738,97325,70,299022
26334,0.001241,172.31.40.0-255,66,97391,70,299022
26335,0.001246,74.125.24.0-255,4320,101711,70,299022
26336,0.001253,172.31.40.0-255,66,101777,70,299022
26337,0.001272,74.125.24.0-255,5738,107515,70,299022
26338,0.0013,74.125.24.0-255,2184,109699,70,299022
26339,0.001304,172.31.40.0-255,66,109765,70,299022
26340,0.001809,74.125.24.0-255,1484,111249,70,299022
26341,0.001829,74.125.24.0-255,2902,114151,70,299022
26342,0.001834,172.31.40.0-255,66,114217,70,299022
26343,0.001843,74.125.24.0-255,2902,117119,70,299022
26344,0.00185,172.31.40.0-255,66,117185,70,299022
26345,0.001863,74.125.24.0-255,7156,124341,70,299022
26346,0.001881,74.125.24.0-255,2902,127243,70,299022
26347,0.001887,172.31.40.0-255,66,127309,70,299022
26348,0.00192,74.125.24.0-255,3602,130911,70,299022
26349,0.001926,172.31.40.0-255,66,130977,70,299022
26350,0.001944,74.125.24.0-255,1484,132461,70,299022
26351,0.001973,74.125.24.0-255,2902,135363,70,299022
26352,0.00198,74.125.24.0-255,5738,141101,70,299022
26353,0.002003,74.125.24.0-255,5738,146839,70,299022
26354,0.00201,172.31.40.0-255,66,146905,70,299022
26355,0.002028,74.125.24.0-255,4320,151225,70,299022
26356,0.002042,172.31.40.0-255,66,151291,70,299022
26357,0.002075,172.31.40.0-255,66,151357,70,299022
26358,0.002257,74.125.24.0-255,1484,152841,70,299022
26359,0.002264,74.125.24.0-255,2902,155743,70,299022
26360,0.002274,172.31.40.0-255,66,155809,70,299022
26361,0.002287,74.125.24.0-255,5738,161547,70,299022
26362,0.002292,74.125.24.0-255,1484,163031,70,299022
26363,0.002295,172.31.40.0-255,66,163097,70,299022
26364,0.002321,74.125.24.0-255,7156,170253,70,299022
26365,0.002326,172.31.40.0-255,66,170319,70,299022
26366,0.002355,74.125.24.0-255,5738,176057,70,299022
26367,0.00237,172.31.40.0-255,66,176123,70,299022
26368,0.002385,74.125.24.0-255,9274,185397,70,299022
26369,0.00239,172.31.40.0-255,66,185463,70,299022
26370,0.002402,74.125.24.0-255,7156,192619,70,299022
26371,0.002415,74.125.24.0-255,4320,196939,70,299022
26372,0.002435,74.125.24.0-255,4320,201259,70,299022
26373,0.002445,74.125.24.0-255,2902,204161,70,299022
26374,0.002478,74.125.24.0-255,766,204927,70,299022
26375,0.002582,74.125.24.0-255,1484,206411,70,299022
26376,0.0026,74.125.24.0-255,2902,209313,70,299022
26377,0.002605,74.125.24.0-255,2902,212215,70,299022
26378,0.002624,74.125.24.0-255,7156,219371,70,299022
26379,0.002652,74.125.24.0-255,8574,227945,70,299022
26380,0.012053,172.31.40.0-255,66,228011,70,299022
26381,0.013705,74.125.24.0-255,1484,229495,70,299022
26382,0.013716,172.31.40.0-255,66,229561,70,299022
26383,0.014653,74.125.24.0-255,4320,233881,70,299022
26384,0.016312,74.125.24.0-255,1484,235365,70,299022
26385,0.017318,172.31.40.0-255,66,235431,70,299022
26386,0.019909,74.125.24.0-255,5738,241169,70,299022
26387,0.020678,172.31.40.0-255,66,241235,70,299022
26388,0.023275,74.125.24.0-255,5738,246973,70,299022
26389,0.023301,172.31.40.0-255,66,247039,70,299022
26390,0.025924,74.125.24.0-255,5738,252777,70,299022
26391,0.029586,172.31.40.0-255,66,252843,70,299022
26392,0.032201,74.125.24.0-255,5738,258581,70,299022
26393,0.032216,172.31.40.0-255,66,258647,70,299022
26394,0.034807,74.125.24.0-255,5738,264385,70,299022
26395,0.034823,172.31.40.0-255,66,264451,70,299022
26396,0.037443,74.125.24.0-255,5738,270189,70,299022
26397,0.037451,172.31.40.0-255,66,270255,70,299022
26398,0.040083,74.125.24.0-255,5738,275993,70,299022
26399,0.040101,172.31.40.0-255,66,276059,70,299022
26400,0.042746,74.125.24.0-255,5738,281797,70,299022
26401,0.042764,172.31.40.0-255,66,281863,70,299022
26402,0.045356,74.125.24.0-255,5738,287601,70,299022
26403,0.045365,172.31.40.0-255,66,287667,70,299022
26404,0.047021,172.31.40.0-255,172,287839,70,299022
26405,0.047051,172.31.40.0-255,1119,288958,70,299022
26406,0.047111,172.31.40.0-255,1514,290472,70,299022
26407,0.047112,172.31.40.0-255,1514,291986,70,299022
26408,0.047113,172.31.40.0-255,968,292954,70,299022
26409,0.047975,74.125.24.0-255,5738,298692,70,299022
26410,0.047983,172.31.40.0-255,66,298758,70,299022
26411,0.048565,104.244.42.0-255,66,298824,70,299022
26412,0.048602,104.244.42.0-255,66,298890,70,299022
26413,0.048662,104.244.42.0-255,66,298956,70,299022
26414,0.048666,104.244.42.0-255,66,299022,70,299022
26415,0.0,74.125.24.0-255,153,153,70,246421
26416,1.6e-05,172.31.40.0-255,66,219,70,246421
26417,2.3e-05,74.125.24.0-255,1484,1703,70,246421
26418,2.8e-05,172.31.40.0-255,66,1769,70,246421
26419,3.3e-05,74.125.24.0-255,2902,4671,70,246421
26420,3.6e-05,172.31.40.0-255,66,4737,70,246421
26421,5.2e-05,74.125.24.0-255,7156,11893,70,246421
26422,5.5e-05,172.31.40.0-255,66,11959,70,246421
26423,6e-05,74.125.24.0-255,2902,14861,70,246421
26424,6.3e-05,172.31.40.0-255,66,14927,70,246421
26425,0.000101,74.125.24.0-255,4930,19857,70,246421
26426,0.000104,172.31.40.0-255,66,19923,70,246421
26427,0.000111,74.125.24.0-255,7156,27079,70,246421
26428,0.000113,172.31.40.0-255,66,27145,70,246421
26429,0.000147,74.125.24.0-255,3961,31106,70,246421
26430,0.000149,172.31.40.0-255,66,31172,70,246421
26431,0.000235,74.125.24.0-255,1484,32656,70,246421
26432,0.00024,172.31.40.0-255,66,32722,70,246421
26433,0.000244,74.125.24.0-255,1484,34206,70,246421
26434,0.000245,172.31.40.0-255,66,34272,70,246421
26435,0.000264,74.125.24.0-255,1484,35756,70,246421
26436,0.000267,172.31.40.0-255,66,35822,70,246421
26437,0.000279,74.125.24.0-255,5738,41560,70,246421
26438,0.000282,172.31.40.0-255,66,41626,70,246421
26439,0.000325,172.31.40.0-255,66,41692,70,246421
26440,0.000333,74.125.24.0-255,8574,50266,70,246421
26441,0.000335,172.31.40.0-255,66,50332,70,246421
26442,0.000367,74.125.24.0-255,1433,51765,70,246421
26443,0.00037,172.31.40.0-255,66,51831,70,246421
26444,0.000457,74.125.24.0-255,111,51942,70,246421
26445,0.00046,172.31.40.0-255,66,52008,70,246421
26446,0.000486,74.125.24.0-255,333,52341,70,246421
26447,0.000935,74.125.24.0-255,1484,53825,70,246421
26448,0.000942,74.125.24.0-255,2902,56727,70,246421
26449,0.000947,172.31.40.0-255,66,56793,70,246421
26450,0.000954,172.31.40.0-255,66,56859,70,246421
26451,0.000993,74.125.24.0-255,5738,62597,70,246421
26452,0.001005,74.125.24.0-255,7156,69753,70,246421
26453,0.001014,74.125.24.0-255,8574,78327,70,246421
26454,0.001035,74.125.24.0-255,5738,84065,70,246421
26455,0.001039,74.125.24.0-255,2184,86249,70,246421
26456,0.00131,74.125.24.0-255,1484,87733,70,246421
26457,0.001318,74.125.24.0-255,2902,90635,70,246421
26458,0.001334,74.125.24.0-255,2902,93537,70,246421
26459,0.001353,74.125.24.0-255,2902,96439,70,246421
26460,0.001358,74.125.24.0-255,4320,100759,70,246421
26461,0.001384,74.125.24.0-255,8574,109333,70,246421
26462,0.001391,74.125.24.0-255,7156,116489,70,246421
26463,0.00142,74.125.24.0-255,3602,120091,70,246421
26464,0.003323,172.31.40.0-255,66,120157,70,246421
26465,0.005417,74.125.24.0-255,5738,125895,70,246421
26466,0.005424,172.31.40.0-255,66,125961,70,246421
26467,0.007519,74.125.24.0-255,5738,131699,70,246421
26468,0.007525,172.31.40.0-255,66,131765,70,246421
26469,0.009628,74.125.24.0-255,5738,137503,70,246421
26470,0.009637,172.31.40.0-255,66,137569,70,246421
26471,0.011734,74.125.24.0-255,5738,143307,70,246421
26472,0.011742,172.31.40.0-255,66,143373,70,246421
26473,0.013854,74.125.24.0-255,5738,149111,70,246421
26474,0.013862,172.31.40.0-255,66,149177,70,246421
26475,0.015953,74.125.24.0-255,5738,154915,70,246421
26476,0.015964,172.31.40.0-255,66,154981,70,246421
26477,0.01806,74.125.24.0-255,5738,160719,70,246421
26478,0.018069,172.31.40.0-255,66,160785,70,246421
26479,0.020229,74.125.24.0-255,5738,166523,70,246421
26480,0.020237,172.31.40.0-255,66,166589,70,246421
26481,0.02233,74.125.24.0-255,5738,172327,70,246421
26482,0.022339,172.31.40.0-255,66,172393,70,246421
26483,0.024435,74.125.24.0-255,1484,173877,70,246421
26484,0.024456,74.125.24.0-255,4320,178197,70,246421
26485,0.024459,172.31.40.0-255,66,178263,70,246421
26486,0.025151,172.31.40.0-255,172,178435,70,246421
26487,0.025179,172.31.40.0-255,1118,179553,70,246421
26488,0.025233,172.31.40.0-255,1514,181067,70,246421
26489,0.025235,172.31.40.0-255,1514,182581,70,246421
26490,0.025236,172.31.40.0-255,844,183425,70,246421
26491,0.026544,74.125.24.0-255,5738,189163,70,246421
26492,0.02655,172.31.40.0-255,66,189229,70,246421
26493,0.026699,104.244.42.0-255,66,189295,70,246421
26494,0.026738,104.244.42.0-255,66,189361,70,246421
26495,0.026789,104.244.42.0-255,66,189427,70,246421
26496,0.026793,104.244.42.0-255,66,189493,70,246421
26497,0.028445,104.244.42.0-255,108,189601,70,246421
26498,0.028455,172.31.40.0-255,66,189667,70,246421
26499,0.028633,74.125.24.0-255,5738,195405,70,246421
26500,0.028638,172.31.40.0-255,66,195471,70,246421
26501,0.030732,74.125.24.0-255,5738,201209,70,246421
26502,0.030739,172.31.40.0-255,66,201275,70,246421
26503,0.032866,74.125.24.0-255,5738,207013,70,246421
26504,0.032873,172.31.40.0-255,66,207079,70,246421
26505,0.034977,74.125.24.0-255,5738,212817,70,246421
26506,0.034984,172.31.40.0-255,66,212883,70,246421
26507,0.037124,74.125.24.0-255,5738,218621,70,246421
26508,0.03713,172.31.40.0-255,66,218687,70,246421
26509,0.039271,74.125.24.0-255,5738,224425,70,246421
26510,0.039278,172.31.40.0-255,66,224491,70,246421
26511,0.041363,74.125.24.0-255,5738,230229,70,246421
26512,0.041369,172.31.40.0-255,66,230295,70,246421
26513,0.043454,74.125.24.0-255,5738,236033,70,246421
26514,0.04346,172.31.40.0-255,66,236099,70,246421
26515,0.045566,74.125.24.0-255,4320,240419,70,246421
26516,0.045572,172.31.40.0-255,66,240485,70,246421
26517,0.045597,74.125.24.0-255,1484,241969,70,246421
26518,0.047652,74.125.24.0-255,2902,244871,70,246421
26519,0.047685,74.125.24.0-255,1484,246355,70,246421
26520,0.049491,172.31.40.0-255,66,246421,70,246421
26521,0.0,172.217.194.0-255,153,153,70,210576
26522,2.4e-05,172.31.40.0-255,66,219,70,210576
26523,3.1e-05,172.217.194.0-255,1484,1703,70,210576
26524,3.6e-05,172.31.40.0-255,66,1769,70,210576
26525,4.1e-05,172.217.194.0-255,2902,4671,70,210576
26526,4.4e-05,172.31.40.0-255,66,4737,70,210576
26527,5.2e-05,172.217.194.0-255,7156,11893,70,210576
26528,5.6e-05,172.31.40.0-255,66,11959,70,210576
26529,6e-05,172.217.194.0-255,2144,14103,70,210576
26530,6.4e-05,172.31.40.0-255,66,14169,70,210576
26531,9.6e-05,172.217.194.0-255,1484,15653,70,210576
26532,9.9e-05,172.31.40.0-255,66,15719,70,210576
26533,0.000104,172.217.194.0-255,2902,18621,70,210576
26534,0.000107,172.31.40.0-255,66,18687,70,210576
26535,0.000132,172.217.194.0-255,4320,23007,70,210576
26536,0.000135,172.31.40.0-255,66,23073,70,210576
26537,0.000153,172.217.194.0-255,1484,24557,70,210576
26538,0.000155,172.31.40.0-255,66,24623,70,210576
26539,0.000162,172.217.194.0-255,6797,31420,70,210576
26540,0.000165,172.31.40.0-255,66,31486,70,210576
26541,0.000489,172.217.194.0-255,1484,32970,70,210576
26542,0.000495,172.31.40.0-255,66,33036,70,210576
26543,0.000501,172.217.194.0-255,2902,35938,70,210576
26544,0.000504,172.31.40.0-255,66,36004,70,210576
26545,0.000507,172.217.194.0-255,1484,37488,70,210576
26546,0.00051,172.31.40.0-255,66,37554,70,210576
26547,0.00053,172.217.194.0-255,4320,41874,70,210576
26548,0.000532,172.31.40.0-255,66,41940,70,210576
26549,0.000551,172.217.194.0-255,8574,50514,70,210576
26550,0.000554,172.31.40.0-255,66,50580,70,210576
26551,0.000587,172.217.194.0-255,5379,55959,70,210576
26552,0.000591,172.31.40.0-255,66,56025,70,210576
26553,0.0006,172.217.194.0-255,9633,65658,70,210576
26554,0.000638,172.31.40.0-255,66,65724,70,210576
26555,0.001522,172.217.194.0-255,647,66371,70,210576
26556,0.001547,172.217.194.0-255,1484,67855,70,210576
26557,0.001552,172.31.40.0-255,66,67921,70,210576
26558,0.001561,172.217.194.0-255,4320,72241,70,210576
26559,0.001587,172.217.194.0-255,4320,76561,70,210576
26560,0.001606,172.217.194.0-255,5738,82299,70,210576
26561,0.001609,172.217.194.0-255,1484,83783,70,210576
26562,0.001639,172.217.194.0-255,1484,85267,70,210576
26563,0.00168,172.217.194.0-255,2184,87451,70,210576
26564,0.006818,172.31.40.0-255,66,87517,70,210576
26565,0.008854,172.217.194.0-255,5738,93255,70,210576
26566,0.008862,172.31.40.0-255,66,93321,70,210576
26567,0.010865,172.217.194.0-255,5738,99059,70,210576
26568,0.011417,172.31.40.0-255,66,99125,70,210576
26569,0.013434,172.217.194.0-255,5738,104863,70,210576
26570,0.013443,172.31.40.0-255,66,104929,70,210576
26571,0.015477,172.217.194.0-255,5738,110667,70,210576
26572,0.015487,172.31.40.0-255,66,110733,70,210576
26573,0.017535,172.217.194.0-255,5738,116471,70,210576
26574,0.017542,172.31.40.0-255,66,116537,70,210576
26575,0.019575,172.217.194.0-255,5738,122275,70,210576
26576,0.019583,172.31.40.0-255,66,122341,70,210576
26577,0.021596,172.217.194.0-255,5738,128079,70,210576
26578,0.021604,172.31.40.0-255,66,128145,70,210576
26579,0.023636,172.217.194.0-255,5738,133883,70,210576
26580,0.023643,172.31.40.0-255,66,133949,70,210576
26581,0.02565,172.217.194.0-255,5738,139687,70,210576
26582,0.025658,172.31.40.0-255,66,139753,70,210576
26583,0.027683,172.217.194.0-255,5738,145491,70,210576
26584,0.02769,172.31.40.0-255,66,145557,70,210576
26585,0.029753,172.217.194.0-255,5738,151295,70,210576
26586,0.029765,172.31.40.0-255,66,151361,70,210576
26587,0.031802,172.217.194.0-255,5738,157099,70,210576
26588,0.031812,172.31.40.0-255,66,157165,70,210576
26589,0.033837,172.217.194.0-255,5738,162903,70,210576
26590,0.033844,172.31.40.0-255,66,162969,70,210576
26591,0.035878,172.217.194.0-255,5738,168707,70,210576
26592,0.035886,172.31.40.0-255,66,168773,70,210576
26593,0.037927,172.217.194.0-255,5738,174511,70,210576
26594,0.037935,172.31.40.0-255,66,174577,70,210576
26595,0.039969,172.217.194.0-255,5738,180315,70,210576
26596,0.039979,172.31.40.0-255,66,180381,70,210576
26597,0.040916,172.31.40.0-255,172,180553,70,210576
26598,0.040953,172.31.40.0-255,1118,181671,70,210576
26599,0.041021,172.31.40.0-255,1514,183185,70,210576
26600,0.041023,172.31.40.0-255,1514,184699,70,210576
26601,0.041027,172.31.40.0-255,1514,186213,70,210576
26602,0.041028,172.31.40.0-255,883,187096,70,210576
26603,0.041981,172.217.194.0-255,5738,192834,70,210576
26604,0.041988,172.31.40.0-255,66,192900,70,210576
26605,0.042469,104.244.42.0-255,66,192966,70,210576
26606,0.042518,104.244.42.0-255,66,193032,70,210576
26607,0.042601,104.244.42.0-255,66,193098,70,210576
26608,0.042607,104.244.42.0-255,66,193164,70,210576
26609,0.043998,172.217.194.0-255,5738,198902,70,210576
26610,0.044006,172.31.40.0-255,66,198968,70,210576
26611,0.046059,172.217.194.0-255,5738,204706,70,210576
26612,0.046067,172.31.40.0-255,66,204772,70,210576
26613,0.048071,172.217.194.0-255,5738,210510,70,210576
26614,0.048078,172.31.40.0-255,66,210576,70,210576
26615,0.0,74.125.24.0-255,153,153,70,330311
26616,2.1e-05,172.31.40.0-255,66,219,70,330311
26617,2.8e-05,74.125.24.0-255,1484,1703,70,330311
26618,3.3e-05,172.31.40.0-255,66,1769,70,330311
26619,3.9e-05,74.125.24.0-255,2902,4671,70,330311
26620,4.3e-05,172.31.40.0-255,66,4737,70,330311
26621,4.9e-05,74.125.24.0-255,5738,10475,70,330311
26622,5.2e-05,172.31.40.0-255,66,10541,70,330311
26623,7.6e-05,74.125.24.0-255,8574,19115,70,330311
26624,7.9e-05,172.31.40.0-255,66,19181,70,330311
26625,0.000108,74.125.24.0-255,4973,24154,70,330311
26626,0.00011,172.31.40.0-255,66,24220,70,330311
26627,0.000117,74.125.24.0-255,6797,31017,70,330311
26628,0.000119,172.31.40.0-255,66,31083,70,330311
26629,0.000207,74.125.24.0-255,1484,32567,70,330311
26630,0.00021,172.31.40.0-255,66,32633,70,330311
26631,0.000223,74.125.24.0-255,2902,35535,70,330311
26632,0.000225,172.31.40.0-255,66,35601,70,330311
26633,0.000228,74.125.24.0-255,1484,37085,70,330311
26634,0.00023,172.31.40.0-255,66,37151,70,330311
26635,0.000257,74.125.24.0-255,4320,41471,70,330311
26636,0.00026,172.31.40.0-255,66,41537,70,330311
26637,0.000278,74.125.24.0-255,7156,48693,70,330311
26638,0.00028,172.31.40.0-255,66,48759,70,330311
26639,0.000301,74.125.24.0-255,3961,52720,70,330311
26640,0.000303,172.31.40.0-255,66,52786,70,330311
26641,0.000308,74.125.24.0-255,4320,57106,70,330311
26642,0.00031,172.31.40.0-255,66,57172,70,330311
26643,0.000357,74.125.24.0-255,4320,61492,70,330311
26644,0.00036,172.31.40.0-255,66,61558,70,330311
26645,0.000382,74.125.24.0-255,4232,65790,70,330311
26646,0.000385,172.31.40.0-255,66,65856,70,330311
26647,0.000387,74.125.24.0-255,416,66272,70,330311
26648,0.000539,74.125.24.0-255,1484,67756,70,330311
26649,0.00055,172.31.40.0-255,66,67822,70,330311
26650,0.000562,74.125.24.0-255,2902,70724,70,330311
26651,0.000569,74.125.24.0-255,5738,76462,70,330311
26652,0.000574,172.31.40.0-255,66,76528,70,330311
26653,0.000596,74.125.24.0-255,5738,82266,70,330311
26654,0.000614,74.125.24.0-255,4320,86586,70,330311
26655,0.000649,74.125.24.0-255,9992,96578,70,330311
26656,0.000659,172.31.40.0-255,66,96644,70,330311
26657,0.000666,74.125.24.0-255,1484,98128,70,330311
26658,0.00067,74.125.24.0-255,2184,100312,70,330311
26659,0.000676,172.31.40.0-255,66,100378,70,330311
26660,0.000746,74.125.24.0-255,1484,101862,70,330311
26661,0.000764,74.125.24.0-255,1484,103346,70,330311
26662,0.000771,172.31.40.0-255,66,103412,70,330311
26663,0.000784,74.125.24.0-255,1484,104896,70,330311
26664,0.000791,74.125.24.0-255,5738,110634,70,330311
26665,0.000807,74.125.24.0-255,5738,116372,70,330311
26666,0.000815,172.31.40.0-255,66,116438,70,330311
26667,0.00084,74.125.24.0-255,7156,123594,70,330311
26668,0.000849,74.125.24.0-255,8574,132168,70,330311
26669,0.000862,172.31.40.0-255,66,132234,70,330311
26670,0.000867,74.125.24.0-255,2184,134418,70,330311
26671,0.000872,172.31.40.0-255,66,134484,70,330311
26672,0.001044,74.125.24.0-255,1484,135968,70,330311
26673,0.00105,74.125.24.0-255,2902,138870,70,330311
26674,0.001067,74.125.24.0-255,5738,144608,70,330311
26675,0.001074,172.31.40.0-255,66,144674,70,330311
26676,0.001092,74.125.24.0-255,9992,154666,70,330311
26677,0.001112,172.31.40.0-255,66,154732,70,330311
26678,0.001127,74.125.24.0-255,5738,160470,70,330311
26679,0.001143,172.31.40.0-255,66,160536,70,330311
26680,0.00116,74.125.24.0-255,7856,168392,70,330311
26681,0.001176,74.125.24.0-255,1484,169876,70,330311
26682,0.001179,74.125.24.0-255,1484,171360,70,330311
26683,0.001191,172.31.40.0-255,66,171426,70,330311
26684,0.001194,74.125.24.0-255,1484,172910,70,330311
26685,0.001209,74.125.24.0-255,5738,178648,70,330311
26686,0.00123,74.125.24.0-255,8574,187222,70,330311
26687,0.001239,172.31.40.0-255,66,187288,70,330311
26688,0.001259,74.125.24.0-255,9992,197280,70,330311
26689,0.001282,74.125.24.0-255,5020,202300,70,330311
26690,0.001287,172.31.40.0-255,66,202366,70,330311
26691,0.00137,74.125.24.0-255,1484,203850,70,330311
26692,0.001374,74.125.24.0-255,1484,205334,70,330311
26693,0.00138,172.31.40.0-255,66,205400,70,330311
26694,0.001401,74.125.24.0-255,1484,206884,70,330311
26695,0.001408,74.125.24.0-255,5738,212622,70,330311
26696,0.001412,172.31.40.0-255,66,212688,70,330311
26697,0.001446,74.125.24.0-255,9992,222680,70,330311
26698,0.001468,74.125.24.0-255,2184,224864,70,330311
26699,0.00148,172.31.40.0-255,66,224930,70,330311
26700,0.00157,74.125.24.0-255,1484,226414,70,330311
26701,0.001575,74.125.24.0-255,1484,227898,70,330311
26702,0.001592,74.125.24.0-255,1484,229382,70,330311
26703,0.001598,74.125.24.0-255,4320,233702,70,330311
26704,0.00161,172.31.40.0-255,66,233768,70,330311
26705,0.001619,74.125.24.0-255,1484,235252,70,330311
26706,0.001625,74.125.24.0-255,4320,239572,70,330311
26707,0.001647,74.125.24.0-255,7156,246728,70,330311
26708,0.001651,74.125.24.0-255,1484,248212,70,330311
26709,0.00167,172.31.40.0-255,66,248278,70,330311
26710,0.001681,74.125.24.0-255,10692,258970,70,330311
26711,0.001692,172.31.40.0-255,66,259036,70,330311
26712,0.00173,74.125.24.0-255,1484,260520,70,330311
26713,0.001744,74.125.24.0-255,2902,263422,70,330311
26714,0.001771,74.125.24.0-255,5738,269160,70,330311
26715,0.001813,74.125.24.0-255,1484,270644,70,330311
26716,0.001829,74.125.24.0-255,5738,276382,70,330311
26717,0.001844,74.125.24.0-255,2184,278566,70,330311
26718,0.001855,172.31.40.0-255,66,278632,70,330311
26719,0.001867,74.125.24.0-255,7156,285788,70,330311
26720,0.001883,74.125.24.0-255,9992,295780,70,330311
26721,0.001888,172.31.40.0-255,66,295846,70,330311
26722,0.001902,74.125.24.0-255,1484,297330,70,330311
26723,0.00191,74.125.24.0-255,8574,305904,70,330311
26724,0.00193,172.31.40.0-255,66,305970,70,330311
26725,0.001935,74.125.24.0-255,2902,308872,70,330311
26726,0.00194,172.31.40.0-255,66,308938,70,330311
26727,0.00199,74.125.24.0-255,7156,316094,70,330311
26728,0.002009,74.125.24.0-255,9992,326086,70,330311
26729,0.00202,172.31.40.0-255,66,326152,70,330311
26730,0.002047,74.125.24.0-255,2184,328336,70,330311
26731,0.002068,74.125.24.0-255,1633,329969,70,330311
26732,0.002081,74.125.24.0-255,105,330074,70,330311
26733,0.002093,172.31.40.0-255,66,330140,70,330311
26734,0.004523,172.31.40.0-255,105,330245,70,330311
26735,0.00676,74.125.24.0-255,66,330311,70,330311
26736,0.0,216.58.203.0-255,153,153,70,266452
26737,2.3e-05,172.31.40.0-255,66,219,70,266452
26738,3e-05,216.58.203.0-255,1484,1703,70,266452
26739,3.4e-05,172.31.40.0-255,66,1769,70,266452
26740,3.9e-05,216.58.203.0-255,2902,4671,70,266452
26741,4.2e-05,172.31.40.0-255,66,4737,70,266452
26742,5e-05,216.58.203.0-255,7156,11893,70,266452
26743,5.3e-05,172.31.40.0-255,66,11959,70,266452
26744,7.1e-05,216.58.203.0-255,2069,14028,70,266452
26745,7.4e-05,172.31.40.0-255,66,14094,70,266452
26746,0.0001,216.58.203.0-255,2902,16996,70,266452
26747,0.000103,172.31.40.0-255,66,17062,70,266452
26748,0.00011,216.58.203.0-255,7156,24218,70,266452
26749,0.000112,172.31.40.0-255,66,24284,70,266452
26750,0.000123,216.58.203.0-255,1484,25768,70,266452
26751,0.000125,172.31.40.0-255,66,25834,70,266452
26752,0.000147,216.58.203.0-255,5379,31213,70,266452
26753,0.00015,172.31.40.0-255,66,31279,70,266452
26754,0.000239,216.58.203.0-255,1484,32763,70,266452
26755,0.000243,172.31.40.0-255,66,32829,70,266452
26756,0.000249,216.58.203.0-255,2902,35731,70,266452
26757,0.000251,172.31.40.0-255,66,35797,70,266452
26758,0.000258,216.58.203.0-255,5738,41535,70,266452
26759,0.00026,172.31.40.0-255,66,41601,70,266452
26760,0.000294,216.58.203.0-255,6797,48398,70,266452
26761,0.000297,172.31.40.0-255,66,48464,70,266452
26762,0.000329,216.58.203.0-255,1484,49948,70,266452
26763,0.000331,172.31.40.0-255,66,50014,70,266452
26764,0.000336,216.58.203.0-255,2902,52916,70,266452
26765,0.000338,172.31.40.0-255,66,52982,70,266452
26766,0.000341,216.58.203.0-255,1484,54466,70,266452
26767,0.000343,172.31.40.0-255,66,54532,70,266452
26768,0.000369,216.58.203.0-255,4320,58852,70,266452
26769,0.000371,172.31.40.0-255,66,58918,70,266452
26770,0.000376,216.58.203.0-255,2902,61820,70,266452
26771,0.000377,172.31.40.0-255,66,61886,70,266452
26772,0.000395,216.58.203.0-255,3961,65847,70,266452
26773,0.000397,172.31.40.0-255,66,65913,70,266452
26774,0.000414,216.58.203.0-255,361,66274,70,266452
26775,0.000979,216.58.203.0-255,385,66659,70,266452
26776,0.001056,172.31.40.0-255,66,66725,70,266452
26777,0.001192,216.58.203.0-255,1484,68209,70,266452
26778,0.001201,216.58.203.0-255,2902,71111,70,266452
26779,0.001205,172.31.40.0-255,66,71177,70,266452
26780,0.001212,216.58.203.0-255,5738,76915,70,266452
26781,0.001214,172.31.40.0-255,66,76981,70,266452
26782,0.001242,216.58.203.0-255,8574,85555,70,266452
26783,0.001244,172.31.40.0-255,66,85621,70,266452
26784,0.00126,216.58.203.0-255,3961,89582,70,266452
26785,0.001263,172.31.40.0-255,66,89648,70,266452
26786,0.001315,172.31.40.0-255,66,89714,70,266452
26787,0.002953,216.58.203.0-255,5738,95452,70,266452
26788,0.002966,172.31.40.0-255,66,95518,70,266452
26789,0.00459,216.58.203.0-255,5738,101256,70,266452
26790,0.004594,172.31.40.0-255,66,101322,70,266452
26791,0.006218,216.58.203.0-255,5738,107060,70,266452
26792,0.006225,172.31.40.0-255,66,107126,70,266452
26793,0.007857,216.58.203.0-255,5738,112864,70,266452
26794,0.007863,172.31.40.0-255,66,112930,70,266452
26795,0.009494,216.58.203.0-255,5738,118668,70,266452
26796,0.009501,172.31.40.0-255,66,118734,70,266452
26797,0.011126,216.58.203.0-255,5738,124472,70,266452
26798,0.011133,172.31.40.0-255,66,124538,70,266452
26799,0.01277,216.58.203.0-255,5738,130276,70,266452
26800,0.01278,172.31.40.0-255,66,130342,70,266452
26801,0.014428,216.58.203.0-255,5738,136080,70,266452
26802,0.014446,172.31.40.0-255,66,136146,70,266452
26803,0.016086,216.58.203.0-255,5738,141884,70,266452
26804,0.016101,172.31.40.0-255,66,141950,70,266452
26805,0.017736,216.58.203.0-255,5738,147688,70,266452
26806,0.017743,172.31.40.0-255,66,147754,70,266452
26807,0.019378,216.58.203.0-255,5738,153492,70,266452
26808,0.01939,172.31.40.0-255,66,153558,70,266452
26809,0.021061,216.58.203.0-255,5738,159296,70,266452
26810,0.02107,172.31.40.0-255,66,159362,70,266452
26811,0.022701,216.58.203.0-255,5738,165100,70,266452
26812,0.022707,172.31.40.0-255,66,165166,70,266452
26813,0.024331,216.58.203.0-255,5738,170904,70,266452
26814,0.024338,172.31.40.0-255,66,170970,70,266452
26815,0.025973,216.58.203.0-255,5738,176708,70,266452
26816,0.02598,172.31.40.0-255,66,176774,70,266452
26817,0.027612,216.58.203.0-255,5738,182512,70,266452
26818,0.027619,172.31.40.0-255,66,182578,70,266452
26819,0.02884,172.31.40.0-255,172,182750,70,266452
26820,0.028869,172.31.40.0-255,1118,183868,70,266452
26821,0.028922,172.31.40.0-255,1514,185382,70,266452
26822,0.028923,172.31.40.0-255,1514,186896,70,266452
26823,0.028927,172.31.40.0-255,1514,188410,70,266452
26824,0.028928,172.31.40.0-255,1514,189924,70,266452
26825,0.02895,172.31.40.0-255,638,190562,70,266452
26826,0.02925,216.58.203.0-255,5738,196300,70,266452
26827,0.029256,172.31.40.0-255,66,196366,70,266452
26828,0.030364,104.244.42.0-255,66,196432,70,266452
26829,0.030416,104.244.42.0-255,66,196498,70,266452
26830,0.030461,104.244.42.0-255,66,196564,70,266452
26831,0.030472,104.244.42.0-255,66,196630,70,266452
26832,0.03088,216.58.203.0-255,5738,202368,70,266452
26833,0.030884,172.31.40.0-255,66,202434,70,266452
26834,0.031158,104.244.42.0-255,108,202542,70,266452
26835,0.031166,172.31.40.0-255,66,202608,70,266452
26836,0.032514,216.58.203.0-255,5738,208346,70,266452
26837,0.03252,172.31.40.0-255,66,208412,70,266452
26838,0.034157,216.58.203.0-255,5738,214150,70,266452
26839,0.034163,172.31.40.0-255,66,214216,70,266452
26840,0.035808,216.58.203.0-255,5738,219954,70,266452
26841,0.035816,172.31.40.0-255,66,220020,70,266452
26842,0.037453,216.58.203.0-255,5738,225758,70,266452
26843,0.037465,172.31.40.0-255,66,225824,70,266452
26844,0.039095,216.58.203.0-255,5738,231562,70,266452
26845,0.039103,172.31.40.0-255,66,231628,70,266452
26846,0.040735,216.58.203.0-255,5738,237366,70,266452
26847,0.040745,172.31.40.0-255,66,237432,70,266452
26848,0.042386,216.58.203.0-255,5738,243170,70,266452
26849,0.042391,172.31.40.0-255,66,243236,70,266452
26850,0.04405,216.58.203.0-255,5738,248974,70,266452
26851,0.044062,172.31.40.0-255,66,249040,70,266452
26852,0.045708,216.58.203.0-255,5738,254778,70,266452
26853,0.045719,172.31.40.0-255,66,254844,70,266452
26854,0.047366,216.58.203.0-255,5738,260582,70,266452
26855,0.047377,172.31.40.0-255,66,260648,70,266452
26856,0.049016,216.58.203.0-255,5738,266386,70,266452
26857,0.049025,172.31.40.0-255,66,266452,70,266452
26858,0.0,172.217.194.0-255,296,296,70,151323
26859,1.5e-05,172.31.40.0-255,66,362,70,151323
26860,2.3e-05,172.217.194.0-255,1484,1846,70,151323
26861,2.7e-05,172.31.40.0-255,66,1912,70,151323
26862,6.2e-05,172.217.194.0-255,2902,4814,70,151323
26863,6.6e-05,172.31.40.0-255,66,4880,70,151323
26864,9.6e-05,172.217.194.0-255,2902,7782,70,151323
26865,9.9e-05,172.31.40.0-255,66,7848,70,151323
26866,0.000103,172.217.194.0-255,1484,9332,70,151323
26867,0.000105,172.31.40.0-255,66,9398,70,151323
26868,0.000126,172.217.194.0-255,2902,12300,70,151323
26869,0.000128,172.31.40.0-255,66,12366,70,151323
26870,0.000143,172.217.194.0-255,1779,14145,70,151323
26871,0.000146,172.31.40.0-255,66,14211,70,151323
26872,0.000168,172.217.194.0-255,2902,17113,70,151323
26873,0.000171,172.31.40.0-255,66,17179,70,151323
26874,0.000208,172.217.194.0-255,7156,24335,70,151323
26875,0.000212,172.31.40.0-255,66,24401,70,151323
26876,0.000219,172.217.194.0-255,7156,31557,70,151323
26877,0.000221,172.31.40.0-255,66,31623,70,151323
26878,0.000243,172.217.194.0-255,1484,33107,70,151323
26879,0.000247,172.31.40.0-255,66,33173,70,151323
26880,0.000256,172.217.194.0-255,9992,43165,70,151323
26881,0.000259,172.31.40.0-255,66,43231,70,151323
26882,0.000276,172.217.194.0-255,5020,48251,70,151323
26883,0.000279,172.31.40.0-255,66,48317,70,151323
26884,0.005676,172.217.194.0-255,1484,49801,70,151323
26885,0.005684,172.31.40.0-255,66,49867,70,151323
26886,0.005692,172.217.194.0-255,2902,52769,70,151323
26887,0.005694,172.31.40.0-255,66,52835,70,151323
26888,0.005698,172.217.194.0-255,1484,54319,70,151323
26889,0.0057,172.31.40.0-255,66,54385,70,151323
26890,0.008363,172.217.194.0-255,4320,58705,70,151323
26891,0.00837,172.31.40.0-255,66,58771,70,151323
26892,0.008387,172.217.194.0-255,1484,60255,70,151323
26893,0.011067,172.217.194.0-255,4320,64575,70,151323
26894,0.011075,172.31.40.0-255,66,64641,70,151323
26895,0.013729,172.217.194.0-255,5738,70379,70,151323
26896,0.013741,172.31.40.0-255,66,70445,70,151323
26897,0.016391,172.217.194.0-255,5738,76183,70,151323
26898,0.016401,172.31.40.0-255,66,76249,70,151323
26899,0.019104,172.217.194.0-255,5738,81987,70,151323
26900,0.019112,172.31.40.0-255,66,82053,70,151323
26901,0.021778,172.217.194.0-255,5738,87791,70,151323
26902,0.021785,172.31.40.0-255,66,87857,70,151323
26903,0.024487,172.217.194.0-255,5738,93595,70,151323
26904,0.024496,172.31.40.0-255,66,93661,70,151323
26905,0.024655,172.31.40.0-255,172,93833,70,151323
26906,0.024685,172.31.40.0-255,1117,94950,70,151323
26907,0.024799,172.31.40.0-255,1514,96464,70,151323
26908,0.024801,172.31.40.0-255,1514,97978,70,151323
26909,0.024802,172.31.40.0-255,845,98823,70,151323
26910,0.026194,104.244.42.0-255,66,98889,70,151323
26911,0.026235,104.244.42.0-255,66,98955,70,151323
26912,0.026378,104.244.42.0-255,66,99021,70,151323
26913,0.026383,104.244.42.0-255,66,99087,70,151323
26914,0.027132,172.217.194.0-255,5738,104825,70,151323
26915,0.027138,172.31.40.0-255,66,104891,70,151323
26916,0.029784,172.217.194.0-255,5738,110629,70,151323
26917,0.029797,172.31.40.0-255,66,110695,70,151323
26918,0.032451,172.217.194.0-255,5738,116433,70,151323
26919,0.032458,172.31.40.0-255,66,116499,70,151323
26920,0.035101,172.217.194.0-255,5738,122237,70,151323
26921,0.035106,172.31.40.0-255,66,122303,70,151323
26922,0.03776,172.217.194.0-255,5738,128041,70,151323
26923,0.037766,172.31.40.0-255,66,128107,70,151323
26924,0.040435,172.217.194.0-255,5738,133845,70,151323
26925,0.040441,172.31.40.0-255,66,133911,70,151323
26926,0.04311,172.217.194.0-255,5738,139649,70,151323
26927,0.043116,172.31.40.0-255,66,139715,70,151323
26928,0.045846,172.217.194.0-255,5738,145453,70,151323
26929,0.045853,172.31.40.0-255,66,145519,70,151323
26930,0.048485,172.217.194.0-255,5738,151257,70,151323
26931,0.048494,172.31.40.0-255,66,151323,70,151323
26932,0.0,172.217.194.0-255,153,153,70,347708
26933,2.3e-05,172.31.40.0-255,66,219,70,347708
26934,3.1e-05,172.217.194.0-255,1484,1703,70,347708
26935,3.6e-05,172.31.40.0-255,66,1769,70,347708
26936,5e-05,172.217.194.0-255,2902,4671,70,347708
26937,5.3e-05,172.31.40.0-255,66,4737,70,347708
26938,6.2e-05,172.217.194.0-255,7156,11893,70,347708
26939,6.5e-05,172.31.40.0-255,66,11959,70,347708
26940,6.9e-05,172.217.194.0-255,1999,13958,70,347708
26941,7.2e-05,172.31.40.0-255,66,14024,70,347708
26942,0.000107,172.217.194.0-255,9992,24016,70,347708
26943,0.00011,172.31.40.0-255,66,24082,70,347708
26944,0.000137,172.217.194.0-255,1484,25566,70,347708
26945,0.00014,172.31.40.0-255,66,25632,70,347708
26946,0.000147,172.217.194.0-255,5379,31011,70,347708
26947,0.000149,172.31.40.0-255,66,31077,70,347708
26948,0.00021,172.217.194.0-255,1484,32561,70,347708
26949,0.000212,172.31.40.0-255,66,32627,70,347708
26950,0.000218,172.217.194.0-255,2902,35529,70,347708
26951,0.00022,172.31.40.0-255,66,35595,70,347708
26952,0.000227,172.217.194.0-255,5738,41333,70,347708
26953,0.000234,172.31.40.0-255,66,41399,70,347708
26954,0.000262,172.217.194.0-255,1484,42883,70,347708
26955,0.000264,172.31.40.0-255,66,42949,70,347708
26956,0.000295,172.31.40.0-255,66,43015,70,347708
26957,0.00033,172.217.194.0-255,9922,52937,70,347708
26958,0.000333,172.31.40.0-255,66,53003,70,347708
26959,0.000452,172.217.194.0-255,365,53368,70,347708
26960,0.000455,172.31.40.0-255,66,53434,70,347708
26961,0.000712,172.217.194.0-255,1484,54918,70,347708
26962,0.000717,172.31.40.0-255,66,54984,70,347708
26963,0.000723,172.217.194.0-255,2902,57886,70,347708
26964,0.000726,172.31.40.0-255,66,57952,70,347708
26965,0.000733,172.217.194.0-255,5738,63690,70,347708
26966,0.00074,172.31.40.0-255,66,63756,70,347708
26967,0.000772,172.217.194.0-255,7156,70912,70,347708
26968,0.000775,172.31.40.0-255,66,70978,70,347708
26969,0.000795,172.217.194.0-255,5738,76716,70,347708
26970,0.000797,172.31.40.0-255,66,76782,70,347708
26971,0.000807,172.217.194.0-255,10692,87474,70,347708
26972,0.000809,172.31.40.0-255,66,87540,70,347708
26973,0.001277,172.217.194.0-255,1484,89024,70,347708
26974,0.001285,172.217.194.0-255,2902,91926,70,347708
26975,0.001288,172.31.40.0-255,66,91992,70,347708
26976,0.001295,172.217.194.0-255,5738,97730,70,347708
26977,0.001297,172.31.40.0-255,66,97796,70,347708
26978,0.001336,172.217.194.0-255,2902,100698,70,347708
26979,0.001339,172.31.40.0-255,66,100764,70,347708
26980,0.001342,172.31.40.0-255,66,100830,70,347708
26981,0.00137,172.217.194.0-255,5738,106568,70,347708
26982,0.001373,172.31.40.0-255,66,106634,70,347708
26983,0.001377,172.217.194.0-255,2184,108818,70,347708
26984,0.001378,172.31.40.0-255,66,108884,70,347708
26985,0.001406,172.217.194.0-255,2902,111786,70,347708
26986,0.001408,172.31.40.0-255,66,111852,70,347708
26987,0.001414,172.217.194.0-255,7156,119008,70,347708
26988,0.001416,172.31.40.0-255,66,119074,70,347708
26989,0.001434,172.217.194.0-255,5738,124812,70,347708
26990,0.001437,172.31.40.0-255,66,124878,70,347708
26991,0.001465,172.217.194.0-255,9992,134870,70,347708
26992,0.001471,172.31.40.0-255,66,134936,70,347708
26993,0.001474,172.217.194.0-255,1484,136420,70,347708
26994,0.001513,172.31.40.0-255,66,136486,70,347708
26995,0.001559,172.217.194.0-255,9992,146478,70,347708
26996,0.001562,172.31.40.0-255,66,146544,70,347708
26997,0.001589,172.217.194.0-255,7156,153700,70,347708
26998,0.001591,172.31.40.0-255,66,153766,70,347708
26999,0.001598,172.217.194.0-255,6438,160204,70,347708
27000,0.0016,172.31.40.0-255,66,160270,70,347708
27001,0.00188,172.217.194.0-255,1484,161754,70,347708
27002,0.001893,172.217.194.0-255,2902,164656,70,347708
27003,0.001896,172.31.40.0-255,66,164722,70,347708
27004,0.0019,172.217.194.0-255,1484,166206,70,347708
27005,0.001926,172.217.194.0-255,4320,170526,70,347708
27006,0.001929,172.31.40.0-255,66,170592,70,347708
27007,0.001938,172.217.194.0-255,9992,180584,70,347708
27008,0.001939,172.31.40.0-255,66,180650,70,347708
27009,0.001968,172.217.194.0-255,2902,183552,70,347708
27010,0.001971,172.31.40.0-255,66,183618,70,347708
27011,0.00198,172.217.194.0-255,10692,194310,70,347708
27012,0.001981,172.31.40.0-255,66,194376,70,347708
27013,0.002025,172.217.194.0-255,1484,195860,70,347708
27014,0.002037,172.217.194.0-255,2902,198762,70,347708
27015,0.002039,172.31.40.0-255,66,198828,70,347708
27016,0.002064,172.217.194.0-255,5738,204566,70,347708
27017,0.002066,172.31.40.0-255,66,204632,70,347708
27018,0.002093,172.217.194.0-255,4320,208952,70,347708
27019,0.002095,172.31.40.0-255,66,209018,70,347708
27020,0.002132,172.217.194.0-255,8574,217592,70,347708
27021,0.002136,172.31.40.0-255,66,217658,70,347708
27022,0.002141,172.217.194.0-255,4320,221978,70,347708
27023,0.002144,172.31.40.0-255,66,222044,70,347708
27024,0.002174,172.217.194.0-255,9992,232036,70,347708
27025,0.002177,172.31.40.0-255,66,232102,70,347708
27026,0.002204,172.217.194.0-255,6438,238540,70,347708
27027,0.002207,172.31.40.0-255,66,238606,70,347708
27028,0.002227,172.31.40.0-255,66,238672,70,347708
27029,0.002251,172.217.194.0-255,2902,241574,70,347708
27030,0.002253,172.31.40.0-255,66,241640,70,347708
27031,0.002261,172.217.194.0-255,6438,248078,70,347708
27032,0.002263,172.31.40.0-255,66,248144,70,347708
27033,0.002273,172.217.194.0-255,5738,253882,70,347708
27034,0.002276,172.31.40.0-255,66,253948,70,347708
27035,0.002286,172.217.194.0-255,1484,255432,70,347708
27036,0.002316,172.217.194.0-255,8574,264006,70,347708
27037,0.002319,172.31.40.0-255,66,264072,70,347708
27038,0.002322,172.217.194.0-255,1484,265556,70,347708
27039,0.002354,172.217.194.0-255,9992,275548,70,347708
27040,0.002358,172.31.40.0-255,66,275614,70,347708
27041,0.004671,172.217.194.0-255,5738,281352,70,347708
27042,0.004679,172.31.40.0-255,66,281418,70,347708
27043,0.006943,172.217.194.0-255,5738,287156,70,347708
27044,0.006949,172.31.40.0-255,66,287222,70,347708
27045,0.009244,172.217.194.0-255,5738,292960,70,347708
27046,0.00925,172.31.40.0-255,66,293026,70,347708
27047,0.011561,172.217.194.0-255,5738,298764,70,347708
27048,0.011568,172.31.40.0-255,66,298830,70,347708
27049,0.013866,172.217.194.0-255,5738,304568,70,347708
27050,0.013874,172.31.40.0-255,66,304634,70,347708
27051,0.016182,172.217.194.0-255,5738,310372,70,347708
27052,0.01619,172.31.40.0-255,66,310438,70,347708
27053,0.018511,172.217.194.0-255,5738,316176,70,347708
27054,0.018522,172.31.40.0-255,66,316242,70,347708
27055,0.020814,172.217.194.0-255,5738,321980,70,347708
27056,0.020822,172.31.40.0-255,66,322046,70,347708
27057,0.023132,172.217.194.0-255,5738,327784,70,347708
27058,0.023141,172.31.40.0-255,66,327850,70,347708
27059,0.025441,172.217.194.0-255,5738,333588,70,347708
27060,0.025449,172.31.40.0-255,66,333654,70,347708
27061,0.027726,172.217.194.0-255,5738,339392,70,347708
27062,0.027733,172.31.40.0-255,66,339458,70,347708
27063,0.030017,172.217.194.0-255,2413,341871,70,347708
27064,0.030026,172.31.40.0-255,66,341937,70,347708
27065,0.030214,172.31.40.0-255,105,342042,70,347708
27066,0.032489,172.217.194.0-255,66,342108,70,347708
27067,0.036997,172.31.40.0-255,172,342280,70,347708
27068,0.037022,172.31.40.0-255,1117,343397,70,347708
27069,0.037087,172.31.40.0-255,1514,344911,70,347708
27070,0.037089,172.31.40.0-255,1514,346425,70,347708
27071,0.037114,172.31.40.0-255,845,347270,70,347708
27072,0.038593,104.244.42.0-255,66,347336,70,347708
27073,0.038645,104.244.42.0-255,66,347402,70,347708
27074,0.038696,104.244.42.0-255,66,347468,70,347708
27075,0.038709,104.244.42.0-255,66,347534,70,347708
27076,0.039457,104.244.42.0-255,108,347642,70,347708
27077,0.039468,172.31.40.0-255,66,347708,70,347708
27078,0.0,172.217.194.0-255,153,153,70,278716
27079,1.4e-05,172.31.40.0-255,66,219,70,278716
27080,2.8e-05,172.217.194.0-255,1484,1703,70,278716
27081,3.2e-05,172.31.40.0-255,66,1769,70,278716
27082,3.8e-05,172.217.194.0-255,2902,4671,70,278716
27083,4.1e-05,172.31.40.0-255,66,4737,70,278716
27084,4.5e-05,172.217.194.0-255,2902,7639,70,278716
27085,4.8e-05,172.31.40.0-255,66,7705,70,278716
27086,9.9e-05,172.217.194.0-255,4320,12025,70,278716
27087,0.000104,172.31.40.0-255,66,12091,70,278716
27088,0.000121,172.217.194.0-255,2142,14233,70,278716
27089,0.000123,172.31.40.0-255,66,14299,70,278716
27090,0.000196,172.217.194.0-255,1484,15783,70,278716
27091,0.000199,172.31.40.0-255,66,15849,70,278716
27092,0.000205,172.217.194.0-255,2902,18751,70,278716
27093,0.000208,172.31.40.0-255,66,18817,70,278716
27094,0.000212,172.217.194.0-255,2902,21719,70,278716
27095,0.000214,172.31.40.0-255,66,21785,70,278716
27096,0.000233,172.217.194.0-255,2902,24687,70,278716
27097,0.000236,172.31.40.0-255,66,24753,70,278716
27098,0.00025,172.217.194.0-255,5738,30491,70,278716
27099,0.000252,172.31.40.0-255,66,30557,70,278716
27100,0.000263,172.217.194.0-255,1125,31682,70,278716
27101,0.000265,172.31.40.0-255,66,31748,70,278716
27102,0.000291,172.217.194.0-255,4320,36068,70,278716
27103,0.000295,172.31.40.0-255,66,36134,70,278716
27104,0.000314,172.217.194.0-255,2902,39036,70,278716
27105,0.000316,172.31.40.0-255,66,39102,70,278716
27106,0.000323,172.217.194.0-255,5738,44840,70,278716
27107,0.000325,172.31.40.0-255,66,44906,70,278716
27108,0.000347,172.217.194.0-255,2902,47808,70,278716
27109,0.00035,172.31.40.0-255,66,47874,70,278716
27110,0.000369,172.217.194.0-255,1125,48999,70,278716
27111,0.001302,172.31.40.0-255,66,49065,70,278716
27112,0.002007,172.217.194.0-255,1484,50549,70,278716
27113,0.002019,172.217.194.0-255,2902,53451,70,278716
27114,0.002023,172.31.40.0-255,66,53517,70,278716
27115,0.00203,172.217.194.0-255,5738,59255,70,278716
27116,0.002032,172.31.40.0-255,66,59321,70,278716
27117,0.002037,172.217.194.0-255,4320,63641,70,278716
27118,0.002039,172.31.40.0-255,66,63707,70,278716
27119,0.002079,172.217.194.0-255,2543,66250,70,278716
27120,0.002082,172.31.40.0-255,66,66316,70,278716
27121,0.002193,172.217.194.0-255,1484,67800,70,278716
27122,0.002197,172.217.194.0-255,2902,70702,70,278716
27123,0.002199,172.31.40.0-255,66,70768,70,278716
27124,0.00222,172.217.194.0-255,5738,76506,70,278716
27125,0.002221,172.31.40.0-255,66,76572,70,278716
27126,0.002245,172.217.194.0-255,8215,84787,70,278716
27127,0.002247,172.31.40.0-255,66,84853,70,278716
27128,0.002254,172.217.194.0-255,5738,90591,70,278716
27129,0.002256,172.31.40.0-255,66,90657,70,278716
27130,0.002268,172.217.194.0-255,2902,93559,70,278716
27131,0.00227,172.31.40.0-255,66,93625,70,278716
27132,0.002311,172.217.194.0-255,6797,100422,70,278716
27133,0.002314,172.31.40.0-255,66,100488,70,278716
27134,0.002718,172.217.194.0-255,1484,101972,70,278716
27135,0.002735,172.217.194.0-255,2902,104874,70,278716
27136,0.002738,172.31.40.0-255,66,104940,70,278716
27137,0.00275,172.217.194.0-255,2902,107842,70,278716
27138,0.002752,172.31.40.0-255,66,107908,70,278716
27139,0.002774,172.217.194.0-255,2902,110810,70,278716
27140,0.002777,172.31.40.0-255,66,110876,70,278716
27141,0.002789,172.31.40.0-255,66,110942,70,278716
27142,0.002795,172.217.194.0-255,7156,118098,70,278716
27143,0.002798,172.31.40.0-255,66,118164,70,278716
27144,0.002816,172.217.194.0-255,3602,121766,70,278716
27145,0.002818,172.31.40.0-255,66,121832,70,278716
27146,0.002829,172.217.194.0-255,2902,124734,70,278716
27147,0.002831,172.31.40.0-255,66,124800,70,278716
27148,0.002841,172.217.194.0-255,1484,126284,70,278716
27149,0.002848,172.217.194.0-255,5738,132022,70,278716
27150,0.00285,172.31.40.0-255,66,132088,70,278716
27151,0.002853,172.217.194.0-255,1484,133572,70,278716
27152,0.002882,172.217.194.0-255,2902,136474,70,278716
27153,0.002884,172.31.40.0-255,66,136540,70,278716
27154,0.002913,172.31.40.0-255,66,136606,70,278716
27155,0.00292,172.217.194.0-255,7856,144462,70,278716
27156,0.002923,172.31.40.0-255,66,144528,70,278716
27157,0.002927,172.217.194.0-255,4320,148848,70,278716
27158,0.002929,172.31.40.0-255,66,148914,70,278716
27159,0.002991,172.31.40.0-255,66,148980,70,278716
27160,0.003011,172.217.194.0-255,1484,150464,70,278716
27161,0.003018,172.217.194.0-255,7856,158320,70,278716
27162,0.003021,172.31.40.0-255,66,158386,70,278716
27163,0.00323,172.217.194.0-255,646,159032,70,278716
27164,0.003268,172.217.194.0-255,1484,160516,70,278716
27165,0.00327,172.31.40.0-255,66,160582,70,278716
27166,0.003282,172.217.194.0-255,2902,163484,70,278716
27167,0.003284,172.31.40.0-255,66,163550,70,278716
27168,0.003305,172.217.194.0-255,1484,165034,70,278716
27169,0.003311,172.217.194.0-255,7156,172190,70,278716
27170,0.003314,172.31.40.0-255,66,172256,70,278716
27171,0.003332,172.217.194.0-255,2902,175158,70,278716
27172,0.003334,172.31.40.0-255,66,175224,70,278716
27173,0.003341,172.217.194.0-255,8574,183798,70,278716
27174,0.003344,172.31.40.0-255,66,183864,70,278716
27175,0.003362,172.217.194.0-255,7156,191020,70,278716
27176,0.003365,172.31.40.0-255,66,191086,70,278716
27177,0.003368,172.217.194.0-255,2184,193270,70,278716
27178,0.00337,172.31.40.0-255,66,193336,70,278716
27179,0.003493,172.217.194.0-255,1484,194820,70,278716
27180,0.003511,172.217.194.0-255,2902,197722,70,278716
27181,0.003514,172.31.40.0-255,66,197788,70,278716
27182,0.003519,172.217.194.0-255,5738,203526,70,278716
27183,0.003521,172.31.40.0-255,66,203592,70,278716
27184,0.003541,172.217.194.0-255,2902,206494,70,278716
27185,0.003543,172.31.40.0-255,66,206560,70,278716
27186,0.003585,172.217.194.0-255,9992,216552,70,278716
27187,0.003588,172.31.40.0-255,66,216618,70,278716
27188,0.003597,172.217.194.0-255,10692,227310,70,278716
27189,0.003599,172.31.40.0-255,66,227376,70,278716
27190,0.003634,172.217.194.0-255,1484,228860,70,278716
27191,0.003668,172.217.194.0-255,2902,231762,70,278716
27192,0.003671,172.31.40.0-255,66,231828,70,278716
27193,0.003678,172.217.194.0-255,5738,237566,70,278716
27194,0.003681,172.31.40.0-255,66,237632,70,278716
27195,0.003716,172.217.194.0-255,4320,241952,70,278716
27196,0.00372,172.31.40.0-255,66,242018,70,278716
27197,0.003746,172.217.194.0-255,8574,250592,70,278716
27198,0.003749,172.31.40.0-255,66,250658,70,278716
27199,0.003755,172.217.194.0-255,4320,254978,70,278716
27200,0.003757,172.31.40.0-255,66,255044,70,278716
27201,0.003791,172.217.194.0-255,9274,264318,70,278716
27202,0.003796,172.31.40.0-255,66,264384,70,278716
27203,0.003809,172.31.40.0-255,66,264450,70,278716
27204,0.003841,172.217.194.0-255,2902,267352,70,278716
27205,0.003844,172.31.40.0-255,66,267418,70,278716
27206,0.003888,172.31.40.0-255,66,267484,70,278716
27207,0.003962,172.31.40.0-255,66,267550,70,278716
27208,0.00401,172.217.194.0-255,10692,278242,70,278716
27209,0.004016,172.31.40.0-255,66,278308,70,278716
27210,0.004043,172.31.40.0-255,66,278374,70,278716
27211,0.004047,172.217.194.0-255,105,278479,70,278716
27212,0.015393,172.31.40.0-255,66,278545,70,278716
27213,0.015421,172.31.40.0-255,105,278650,70,278716
27214,0.018059,172.217.194.0-255,66,278716,70,278716
27215,0.0,74.125.24.0-255,153,153,70,179748
27216,2.2e-05,172.31.40.0-255,66,219,70,179748
27217,3e-05,74.125.24.0-255,1484,1703,70,179748
27218,3.3e-05,172.31.40.0-255,66,1769,70,179748
27219,4e-05,74.125.24.0-255,2902,4671,70,179748
27220,5.1e-05,172.31.40.0-255,66,4737,70,179748
27221,8.1e-05,74.125.24.0-255,7156,11893,70,179748
27222,8.4e-05,172.31.40.0-255,66,11959,70,179748
27223,0.000211,74.125.24.0-255,2902,14861,70,179748
27224,0.000215,172.31.40.0-255,66,14927,70,179748
27225,0.000253,74.125.24.0-255,9153,24080,70,179748
27226,0.000256,172.31.40.0-255,66,24146,70,179748
27227,0.000443,74.125.24.0-255,5738,29884,70,179748
27228,0.000449,172.31.40.0-255,66,29950,70,179748
27229,0.000496,172.31.40.0-255,66,30016,70,179748
27230,0.000852,74.125.24.0-255,2184,32200,70,179748
27231,0.000857,172.31.40.0-255,66,32266,70,179748
27232,0.000891,74.125.24.0-255,2902,35168,70,179748
27233,0.000894,172.31.40.0-255,66,35234,70,179748
27234,0.000938,172.31.40.0-255,66,35300,70,179748
27235,0.001247,74.125.24.0-255,7156,42456,70,179748
27236,0.001252,172.31.40.0-255,66,42522,70,179748
27237,0.001305,172.31.40.0-255,66,42588,70,179748
27238,0.00186,74.125.24.0-255,4320,46908,70,179748
27239,0.001866,172.31.40.0-255,66,46974,70,179748
27240,0.001908,172.31.40.0-255,66,47040,70,179748
27241,0.001939,74.125.24.0-255,10692,57732,70,179748
27242,0.001941,172.31.40.0-255,66,57798,70,179748
27243,0.002534,74.125.24.0-255,9992,67790,70,179748
27244,0.003138,74.125.24.0-255,7156,74946,70,179748
27245,0.004447,172.31.40.0-255,66,75012,70,179748
27246,0.006771,74.125.24.0-255,5738,80750,70,179748
27247,0.006775,172.31.40.0-255,66,80816,70,179748
27248,0.009113,74.125.24.0-255,5738,86554,70,179748
27249,0.00912,172.31.40.0-255,66,86620,70,179748
27250,0.011456,74.125.24.0-255,5738,92358,70,179748
27251,0.011464,172.31.40.0-255,66,92424,70,179748
27252,0.013807,74.125.24.0-255,5738,98162,70,179748
27253,0.013815,172.31.40.0-255,66,98228,70,179748
27254,0.016203,74.125.24.0-255,5738,103966,70,179748
27255,0.016212,172.31.40.0-255,66,104032,70,179748
27256,0.018563,74.125.24.0-255,2902,106934,70,179748
27257,0.018571,172.31.40.0-255,66,107000,70,179748
27258,0.018605,74.125.24.0-255,2902,109902,70,179748
27259,0.01863,172.31.40.0-255,66,109968,70,179748
27260,0.020975,74.125.24.0-255,2902,112870,70,179748
27261,0.020983,172.31.40.0-255,66,112936,70,179748
27262,0.021015,74.125.24.0-255,2902,115838,70,179748
27263,0.021042,172.31.40.0-255,66,115904,70,179748
27264,0.023358,74.125.24.0-255,5738,121642,70,179748
27265,0.025709,172.31.40.0-255,66,121708,70,179748
27266,0.028198,74.125.24.0-255,5738,127446,70,179748
27267,0.028215,172.31.40.0-255,66,127512,70,179748
27268,0.030584,74.125.24.0-255,5738,133250,70,179748
27269,0.030594,172.31.40.0-255,66,133316,70,179748
27270,0.032921,74.125.24.0-255,5738,139054,70,179748
27271,0.032937,172.31.40.0-255,66,139120,70,179748
27272,0.035297,74.125.24.0-255,5738,144858,70,179748
27273,0.035305,172.31.40.0-255,66,144924,70,179748
27274,0.037652,74.125.24.0-255,5738,150662,70,179748
27275,0.037661,172.31.40.0-255,66,150728,70,179748
27276,0.040031,74.125.24.0-255,5738,156466,70,179748
27277,0.040049,172.31.40.0-255,66,156532,70,179748
27278,0.042412,74.125.24.0-255,5738,162270,70,179748
27279,0.042421,172.31.40.0-255,66,162336,70,179748
27280,0.044718,74.125.24.0-255,5738,168074,70,179748
27281,0.044726,172.31.40.0-255,66,168140,70,179748
27282,0.04711,74.125.24.0-255,5738,173878,70,179748
27283,0.047129,172.31.40.0-255,66,173944,70,179748
27284,0.049489,74.125.24.0-255,5738,179682,70,179748
27285,0.049497,172.31.40.0-255,66,179748,70,179748
27286,0.0,74.125.68.0-255,153,153,70,306975
27287,2e-05,172.31.40.0-255,66,219,70,306975
27288,2.7e-05,74.125.68.0-255,1484,1703,70,306975
27289,3.2e-05,172.31.40.0-255,66,1769,70,306975
27290,3.7e-05,74.125.68.0-255,2902,4671,70,306975
27291,4.8e-05,172.31.40.0-255,66,4737,70,306975
27292,5.5e-05,74.125.68.0-255,7156,11893,70,306975
27293,5.8e-05,172.31.40.0-255,66,11959,70,306975
27294,9.1e-05,74.125.68.0-255,2001,13960,70,306975
27295,9.4e-05,172.31.40.0-255,66,14026,70,306975
27296,9.9e-05,74.125.68.0-255,2902,16928,70,306975
27297,0.000101,172.31.40.0-255,66,16994,70,306975
27298,0.000123,74.125.68.0-255,4320,21314,70,306975
27299,0.000126,172.31.40.0-255,66,21380,70,306975
27300,0.00015,74.125.68.0-255,2902,24282,70,306975
27301,0.000152,172.31.40.0-255,66,24348,70,306975
27302,0.000156,74.125.68.0-255,2902,27250,70,306975
27303,0.000159,172.31.40.0-255,66,27316,70,306975
27304,0.000201,74.125.68.0-255,3961,31277,70,306975
27305,0.000203,172.31.40.0-255,66,31343,70,306975
27306,0.000256,74.125.68.0-255,1484,32827,70,306975
27307,0.000259,172.31.40.0-255,66,32893,70,306975
27308,0.000263,74.125.68.0-255,2902,35795,70,306975
27309,0.000265,172.31.40.0-255,66,35861,70,306975
27310,0.000303,74.125.68.0-255,5738,41599,70,306975
27311,0.000306,172.31.40.0-255,66,41665,70,306975
27312,0.000314,74.125.68.0-255,6797,48462,70,306975
27313,0.000316,172.31.40.0-255,66,48528,70,306975
27314,0.000368,74.125.68.0-255,9992,58520,70,306975
27315,0.000371,172.31.40.0-255,66,58586,70,306975
27316,0.000397,74.125.68.0-255,6797,65383,70,306975
27317,0.0004,172.31.40.0-255,66,65449,70,306975
27318,0.000432,74.125.68.0-255,400,65849,70,306975
27319,0.000466,74.125.68.0-255,110,65959,70,306975
27320,0.000483,74.125.68.0-255,330,66289,70,306975
27321,0.000823,74.125.68.0-255,1484,67773,70,306975
27322,0.00083,172.31.40.0-255,66,67839,70,306975
27323,0.000837,74.125.68.0-255,2902,70741,70,306975
27324,0.00084,172.31.40.0-255,66,70807,70,306975
27325,0.000876,74.125.68.0-255,5738,76545,70,306975
27326,0.00088,172.31.40.0-255,66,76611,70,306975
27327,0.000889,74.125.68.0-255,8574,85185,70,306975
27328,0.000891,172.31.40.0-255,66,85251,70,306975
27329,0.000897,74.125.68.0-255,4320,89571,70,306975
27330,0.000899,172.31.40.0-255,66,89637,70,306975
27331,0.000932,74.125.68.0-255,5738,95375,70,306975
27332,0.000938,74.125.68.0-255,5020,100395,70,306975
27333,0.000948,172.31.40.0-255,66,100461,70,306975
27334,0.000951,172.31.40.0-255,66,100527,70,306975
27335,0.001111,74.125.68.0-255,1484,102011,70,306975
27336,0.001127,74.125.68.0-255,2902,104913,70,306975
27337,0.00113,172.31.40.0-255,66,104979,70,306975
27338,0.001134,74.125.68.0-255,1484,106463,70,306975
27339,0.001159,74.125.68.0-255,2902,109365,70,306975
27340,0.001161,172.31.40.0-255,66,109431,70,306975
27341,0.001167,74.125.68.0-255,4320,113751,70,306975
27342,0.001169,172.31.40.0-255,66,113817,70,306975
27343,0.001201,74.125.68.0-255,4320,118137,70,306975
27344,0.001203,172.31.40.0-255,66,118203,70,306975
27345,0.001211,74.125.68.0-255,7156,125359,70,306975
27346,0.001213,172.31.40.0-255,66,125425,70,306975
27347,0.001216,74.125.68.0-255,1484,126909,70,306975
27348,0.001249,74.125.68.0-255,7156,134065,70,306975
27349,0.001252,172.31.40.0-255,66,134131,70,306975
27350,0.001255,74.125.68.0-255,766,134897,70,306975
27351,0.001372,74.125.68.0-255,1484,136381,70,306975
27352,0.001376,172.31.40.0-255,66,136447,70,306975
27353,0.001381,74.125.68.0-255,2902,139349,70,306975
27354,0.001384,172.31.40.0-255,66,139415,70,306975
27355,0.001426,74.125.68.0-255,4320,143735,70,306975
27356,0.00143,172.31.40.0-255,66,143801,70,306975
27357,0.001435,74.125.68.0-255,2902,146703,70,306975
27358,0.001436,172.31.40.0-255,66,146769,70,306975
27359,0.00147,74.125.68.0-255,5738,152507,70,306975
27360,0.001475,74.125.68.0-255,4320,156827,70,306975
27361,0.001479,172.31.40.0-255,66,156893,70,306975
27362,0.001482,172.31.40.0-255,66,156959,70,306975
27363,0.001514,74.125.68.0-255,9992,166951,70,306975
27364,0.001517,172.31.40.0-255,66,167017,70,306975
27365,0.00154,74.125.68.0-255,2184,169201,70,306975
27366,0.001543,172.31.40.0-255,66,169267,70,306975
27367,0.003569,74.125.68.0-255,2902,172169,70,306975
27368,0.003574,172.31.40.0-255,66,172235,70,306975
27369,0.003601,74.125.68.0-255,2902,175137,70,306975
27370,0.003603,172.31.40.0-255,66,175203,70,306975
27371,0.005634,74.125.68.0-255,2902,178105,70,306975
27372,0.005637,172.31.40.0-255,66,178171,70,306975
27373,0.005665,74.125.68.0-255,2902,181073,70,306975
27374,0.005667,172.31.40.0-255,66,181139,70,306975
27375,0.007713,74.125.68.0-255,2902,184041,70,306975
27376,0.00772,172.31.40.0-255,66,184107,70,306975
27377,0.007731,74.125.68.0-255,2902,187009,70,306975
27378,0.007737,172.31.40.0-255,66,187075,70,306975
27379,0.009785,74.125.68.0-255,2902,189977,70,306975
27380,0.009792,172.31.40.0-255,66,190043,70,306975
27381,0.009821,74.125.68.0-255,2902,192945,70,306975
27382,0.009824,172.31.40.0-255,66,193011,70,306975
27383,0.011861,74.125.68.0-255,2902,195913,70,306975
27384,0.011868,172.31.40.0-255,66,195979,70,306975
27385,0.0119,74.125.68.0-255,2902,198881,70,306975
27386,0.011902,172.31.40.0-255,66,198947,70,306975
27387,0.013939,74.125.68.0-255,2902,201849,70,306975
27388,0.013948,172.31.40.0-255,66,201915,70,306975
27389,0.013973,74.125.68.0-255,2902,204817,70,306975
27390,0.013976,172.31.40.0-255,66,204883,70,306975
27391,0.016015,74.125.68.0-255,5738,210621,70,306975
27392,0.016023,172.31.40.0-255,66,210687,70,306975
27393,0.018092,74.125.68.0-255,5738,216425,70,306975
27394,0.0181,172.31.40.0-255,66,216491,70,306975
27395,0.020167,74.125.68.0-255,5738,222229,70,306975
27396,0.020174,172.31.40.0-255,66,222295,70,306975
27397,0.022239,74.125.68.0-255,5738,228033,70,306975
27398,0.022246,172.31.40.0-255,66,228099,70,306975
27399,0.024347,74.125.68.0-255,4320,232419,70,306975
27400,0.024353,172.31.40.0-255,66,232485,70,306975
27401,0.024384,74.125.68.0-255,1484,233969,70,306975
27402,0.026418,74.125.68.0-255,4320,238289,70,306975
27403,0.026426,172.31.40.0-255,66,238355,70,306975
27404,0.028489,74.125.68.0-255,5738,244093,70,306975
27405,0.028497,172.31.40.0-255,66,244159,70,306975
27406,0.030561,74.125.68.0-255,5738,249897,70,306975
27407,0.030569,172.31.40.0-255,66,249963,70,306975
27408,0.032381,172.31.40.0-255,172,250135,70,306975
27409,0.032431,172.31.40.0-255,1117,251252,70,306975
27410,0.032495,172.31.40.0-255,1514,252766,70,306975
27411,0.032496,172.31.40.0-255,1514,254280,70,306975
27412,0.032498,172.31.40.0-255,845,255125,70,306975
27413,0.032632,74.125.68.0-255,4320,259445,70,306975
27414,0.032638,172.31.40.0-255,66,259511,70,306975
27415,0.032664,74.125.68.0-255,1484,260995,70,306975
27416,0.033925,104.244.42.0-255,66,261061,70,306975
27417,0.03402,104.244.42.0-255,66,261127,70,306975
27418,0.03407,104.244.42.0-255,66,261193,70,306975
27419,0.034074,104.244.42.0-255,66,261259,70,306975
27420,0.034694,74.125.68.0-255,4320,265579,70,306975
27421,0.0347,172.31.40.0-255,66,265645,70,306975
27422,0.034728,104.244.42.0-255,108,265753,70,306975
27423,0.034732,172.31.40.0-255,66,265819,70,306975
27424,0.036775,74.125.68.0-255,5738,271557,70,306975
27425,0.036782,172.31.40.0-255,66,271623,70,306975
27426,0.038875,74.125.68.0-255,5738,277361,70,306975
27427,0.038883,172.31.40.0-255,66,277427,70,306975
27428,0.040957,74.125.68.0-255,5738,283165,70,306975
27429,0.040963,172.31.40.0-255,66,283231,70,306975
27430,0.043024,74.125.68.0-255,2902,286133,70,306975
27431,0.04303,172.31.40.0-255,66,286199,70,306975
27432,0.043057,74.125.68.0-255,2902,289101,70,306975
27433,0.04306,172.31.40.0-255,66,289167,70,306975
27434,0.0451,74.125.68.0-255,2902,292069,70,306975
27435,0.045105,172.31.40.0-255,66,292135,70,306975
27436,0.045137,74.125.68.0-255,2902,295037,70,306975
27437,0.045139,172.31.40.0-255,66,295103,70,306975
27438,0.047171,74.125.68.0-255,2902,298005,70,306975
27439,0.047176,172.31.40.0-255,66,298071,70,306975
27440,0.047207,74.125.68.0-255,2902,300973,70,306975
27441,0.04721,172.31.40.0-255,66,301039,70,306975
27442,0.049242,74.125.68.0-255,2902,303941,70,306975
27443,0.049249,172.31.40.0-255,66,304007,70,306975
27444,0.049276,74.125.68.0-255,2902,306909,70,306975
27445,0.049279,172.31.40.0-255,66,306975,70,306975
27446,0.0,74.125.200.0-255,153,153,70,349558
27447,2.2e-05,172.31.40.0-255,66,219,70,349558
27448,2.9e-05,74.125.200.0-255,1484,1703,70,349558
27449,3.4e-05,172.31.40.0-255,66,1769,70,349558
27450,3.9e-05,74.125.200.0-255,2902,4671,70,349558
27451,5e-05,172.31.40.0-255,66,4737,70,349558
27452,5.8e-05,74.125.200.0-255,5738,10475,70,349558
27453,6.2e-05,172.31.40.0-255,66,10541,70,349558
27454,0.000107,74.125.200.0-255,9224,19765,70,349558
27455,0.00011,172.31.40.0-255,66,19831,70,349558
27456,0.00012,74.125.200.0-255,9992,29823,70,349558
27457,0.000122,172.31.40.0-255,66,29889,70,349558
27458,0.000125,74.125.200.0-255,1125,31014,70,349558
27459,0.000127,172.31.40.0-255,66,31080,70,349558
27460,0.000217,74.125.200.0-255,1484,32564,70,349558
27461,0.00022,172.31.40.0-255,66,32630,70,349558
27462,0.000224,74.125.200.0-255,1484,34114,70,349558
27463,0.000226,172.31.40.0-255,66,34180,70,349558
27464,0.00025,74.125.200.0-255,1484,35664,70,349558
27465,0.000257,172.31.40.0-255,66,35730,70,349558
27466,0.000264,74.125.200.0-255,5738,41468,70,349558
27467,0.000266,172.31.40.0-255,66,41534,70,349558
27468,0.000307,74.125.200.0-255,6797,48331,70,349558
27469,0.00031,172.31.40.0-255,66,48397,70,349558
27470,0.000318,74.125.200.0-255,7156,55553,70,349558
27471,0.00032,172.31.40.0-255,66,55619,70,349558
27472,0.000325,74.125.200.0-255,2902,58521,70,349558
27473,0.000327,172.31.40.0-255,66,58587,70,349558
27474,0.00036,74.125.200.0-255,7071,65658,70,349558
27475,0.000362,172.31.40.0-255,66,65724,70,349558
27476,0.000365,74.125.200.0-255,413,66137,70,349558
27477,0.000368,172.31.40.0-255,66,66203,70,349558
27478,0.00054,74.125.200.0-255,1484,67687,70,349558
27479,0.000547,74.125.200.0-255,2902,70589,70,349558
27480,0.000551,172.31.40.0-255,66,70655,70,349558
27481,0.000557,74.125.200.0-255,4320,74975,70,349558
27482,0.00056,172.31.40.0-255,66,75041,70,349558
27483,0.000587,74.125.200.0-255,1484,76525,70,349558
27484,0.000592,74.125.200.0-255,4320,80845,70,349558
27485,0.000595,172.31.40.0-255,66,80911,70,349558
27486,0.000601,74.125.200.0-255,5738,86649,70,349558
27487,0.000603,172.31.40.0-255,66,86715,70,349558
27488,0.00065,172.31.40.0-255,66,86781,70,349558
27489,0.000654,74.125.200.0-255,2184,88965,70,349558
27490,0.000656,172.31.40.0-255,66,89031,70,349558
27491,0.001035,74.125.200.0-255,1484,90515,70,349558
27492,0.001042,74.125.200.0-255,2902,93417,70,349558
27493,0.001045,172.31.40.0-255,66,93483,70,349558
27494,0.001077,74.125.200.0-255,5738,99221,70,349558
27495,0.001081,74.125.200.0-255,2902,102123,70,349558
27496,0.001087,172.31.40.0-255,66,102189,70,349558
27497,0.00109,172.31.40.0-255,66,102255,70,349558
27498,0.001109,74.125.200.0-255,7156,109411,70,349558
27499,0.001111,172.31.40.0-255,66,109477,70,349558
27500,0.001126,74.125.200.0-255,4320,113797,70,349558
27501,0.001128,172.31.40.0-255,66,113863,70,349558
27502,0.001163,74.125.200.0-255,7156,121019,70,349558
27503,0.001165,172.31.40.0-255,66,121085,70,349558
27504,0.001191,74.125.200.0-255,2184,123269,70,349558
27505,0.001194,172.31.40.0-255,66,123335,70,349558
27506,0.0013,74.125.200.0-255,1484,124819,70,349558
27507,0.001306,74.125.200.0-255,2902,127721,70,349558
27508,0.001309,172.31.40.0-255,66,127787,70,349558
27509,0.001351,74.125.200.0-255,5738,133525,70,349558
27510,0.001354,172.31.40.0-255,66,133591,70,349558
27511,0.001361,74.125.200.0-255,5738,139329,70,349558
27512,0.00138,74.125.200.0-255,1484,140813,70,349558
27513,0.001383,74.125.200.0-255,1484,142297,70,349558
27514,0.001387,172.31.40.0-255,66,142363,70,349558
27515,0.001406,74.125.200.0-255,8574,150937,70,349558
27516,0.001444,172.31.40.0-255,66,151003,70,349558
27517,0.001464,74.125.200.0-255,6438,157441,70,349558
27518,0.001482,172.31.40.0-255,66,157507,70,349558
27519,0.001615,74.125.200.0-255,1484,158991,70,349558
27520,0.001631,74.125.200.0-255,2902,161893,70,349558
27521,0.001634,172.31.40.0-255,66,161959,70,349558
27522,0.001638,74.125.200.0-255,1484,163443,70,349558
27523,0.001662,74.125.200.0-255,2902,166345,70,349558
27524,0.001668,74.125.200.0-255,5738,172083,70,349558
27525,0.001689,172.31.40.0-255,66,172149,70,349558
27526,0.001697,74.125.200.0-255,7156,179305,70,349558
27527,0.001702,172.31.40.0-255,66,179371,70,349558
27528,0.00173,74.125.200.0-255,5738,185109,70,349558
27529,0.001736,74.125.200.0-255,2902,188011,70,349558
27530,0.001757,74.125.200.0-255,3602,191613,70,349558
27531,0.001765,172.31.40.0-255,66,191679,70,349558
27532,0.001944,74.125.200.0-255,1484,193163,70,349558
27533,0.001965,74.125.200.0-255,2902,196065,70,349558
27534,0.001969,172.31.40.0-255,66,196131,70,349558
27535,0.001975,74.125.200.0-255,2902,199033,70,349558
27536,0.001981,172.31.40.0-255,66,199099,70,349558
27537,0.002,74.125.200.0-255,2902,202001,70,349558
27538,0.002006,74.125.200.0-255,4320,206321,70,349558
27539,0.00202,74.125.200.0-255,5738,212059,70,349558
27540,0.002055,74.125.200.0-255,4320,216379,70,349558
27541,0.002063,172.31.40.0-255,66,216445,70,349558
27542,0.002095,74.125.200.0-255,7156,223601,70,349558
27543,0.002099,74.125.200.0-255,2184,225785,70,349558
27544,0.002104,74.125.200.0-255,4320,230105,70,349558
27545,0.002111,172.31.40.0-255,66,230171,70,349558
27546,0.002141,74.125.200.0-255,7156,237327,70,349558
27547,0.002163,74.125.200.0-255,4320,241647,70,349558
27548,0.002191,74.125.200.0-255,4320,245967,70,349558
27549,0.002204,74.125.200.0-255,766,246733,70,349558
27550,0.012085,74.125.200.0-255,1484,248217,70,349558
27551,0.012177,172.31.40.0-255,66,248283,70,349558
27552,0.014456,74.125.200.0-255,5738,254021,70,349558
27553,0.014462,172.31.40.0-255,66,254087,70,349558
27554,0.016741,74.125.200.0-255,5738,259825,70,349558
27555,0.016747,172.31.40.0-255,66,259891,70,349558
27556,0.019033,74.125.200.0-255,5738,265629,70,349558
27557,0.019044,172.31.40.0-255,66,265695,70,349558
27558,0.021312,74.125.200.0-255,5738,271433,70,349558
27559,0.02132,172.31.40.0-255,66,271499,70,349558
27560,0.023606,74.125.200.0-255,5738,277237,70,349558
27561,0.023618,172.31.40.0-255,66,277303,70,349558
27562,0.02589,74.125.200.0-255,5738,283041,70,349558
27563,0.025898,172.31.40.0-255,66,283107,70,349558
27564,0.027427,172.31.40.0-255,101,283208,70,349558
27565,0.028196,74.125.200.0-255,5738,288946,70,349558
27566,0.028202,172.31.40.0-255,66,289012,70,349558
27567,0.029662,74.125.200.0-255,66,289078,70,349558
27568,0.030466,74.125.200.0-255,5738,294816,70,349558
27569,0.030477,172.31.40.0-255,66,294882,70,349558
27570,0.032763,74.125.200.0-255,5738,300620,70,349558
27571,0.03277,172.31.40.0-255,66,300686,70,349558
27572,0.035044,74.125.200.0-255,5738,306424,70,349558
27573,0.035051,172.31.40.0-255,66,306490,70,349558
27574,0.037334,74.125.200.0-255,5738,312228,70,349558
27575,0.037351,172.31.40.0-255,66,312294,70,349558
27576,0.039647,74.125.200.0-255,5738,318032,70,349558
27577,0.039658,172.31.40.0-255,66,318098,70,349558
27578,0.041988,74.125.200.0-255,5738,323836,70,349558
27579,0.042004,172.31.40.0-255,66,323902,70,349558
27580,0.044283,74.125.200.0-255,5738,329640,70,349558
27581,0.04429,172.31.40.0-255,66,329706,70,349558
27582,0.046567,74.125.200.0-255,5738,335444,70,349558
27583,0.046575,172.31.40.0-255,66,335510,70,349558
27584,0.047602,172.31.40.0-255,172,335682,70,349558
27585,0.047634,172.31.40.0-255,1119,336801,70,349558
27586,0.047726,172.31.40.0-255,1514,338315,70,349558
27587,0.047728,172.31.40.0-255,1514,339829,70,349558
27588,0.047732,172.31.40.0-255,1514,341343,70,349558
27589,0.047733,172.31.40.0-255,1514,342857,70,349558
27590,0.047754,172.31.40.0-255,633,343490,70,349558
27591,0.048852,74.125.200.0-255,5738,349228,70,349558
27592,0.048864,172.31.40.0-255,66,349294,70,349558
27593,0.049134,104.244.42.0-255,66,349360,70,349558
27594,0.049239,104.244.42.0-255,66,349426,70,349558
27595,0.049288,104.244.42.0-255,66,349492,70,349558
27596,0.049294,104.244.42.0-255,66,349558,70,349558
27597,0.0,74.125.24.0-255,152,152,70,312394
27598,2.4e-05,172.31.40.0-255,66,218,70,312394
27599,3.2e-05,74.125.24.0-255,1484,1702,70,312394
27600,3.6e-05,172.31.40.0-255,66,1768,70,312394
27601,4.3e-05,74.125.24.0-255,2902,4670,70,312394
27602,4.7e-05,172.31.40.0-255,66,4736,70,312394
27603,5.3e-05,74.125.24.0-255,4320,9056,70,312394
27604,5.6e-05,172.31.40.0-255,66,9122,70,312394
27605,8.2e-05,74.125.24.0-255,2902,12024,70,312394
27606,8.5e-05,172.31.40.0-255,66,12090,70,312394
27607,8.9e-05,74.125.24.0-255,2038,14128,70,312394
27608,9.2e-05,172.31.40.0-255,66,14194,70,312394
27609,0.00012,74.125.24.0-255,2902,17096,70,312394
27610,0.000123,172.31.40.0-255,66,17162,70,312394
27611,0.000129,74.125.24.0-255,4320,21482,70,312394
27612,0.000132,172.31.40.0-255,66,21548,70,312394
27613,0.000147,74.125.24.0-255,2902,24450,70,312394
27614,0.00015,172.31.40.0-255,66,24516,70,312394
27615,0.000169,74.125.24.0-255,5738,30254,70,312394
27616,0.000171,172.31.40.0-255,66,30320,70,312394
27617,0.000179,74.125.24.0-255,7156,37476,70,312394
27618,0.000181,172.31.40.0-255,66,37542,70,312394
27619,0.000223,74.125.24.0-255,2902,40444,70,312394
27620,0.000227,172.31.40.0-255,66,40510,70,312394
27621,0.000241,74.125.24.0-255,7856,48366,70,312394
27622,0.000244,172.31.40.0-255,66,48432,70,312394
27623,0.000289,74.125.24.0-255,1484,49916,70,312394
27624,0.000292,172.31.40.0-255,66,49982,70,312394
27625,0.000296,74.125.24.0-255,2902,52884,70,312394
27626,0.000298,172.31.40.0-255,66,52950,70,312394
27627,0.00032,74.125.24.0-255,4320,57270,70,312394
27628,0.000323,172.31.40.0-255,66,57336,70,312394
27629,0.000336,74.125.24.0-255,1484,58820,70,312394
27630,0.000374,74.125.24.0-255,4320,63140,70,312394
27631,0.000378,172.31.40.0-255,66,63206,70,312394
27632,0.000393,74.125.24.0-255,2543,65749,70,312394
27633,0.000396,172.31.40.0-255,66,65815,70,312394
27634,0.000541,74.125.24.0-255,1484,67299,70,312394
27635,0.000548,74.125.24.0-255,2902,70201,70,312394
27636,0.000552,172.31.40.0-255,66,70267,70,312394
27637,0.000559,74.125.24.0-255,5738,76005,70,312394
27638,0.000561,172.31.40.0-255,66,76071,70,312394
27639,0.000612,74.125.24.0-255,8795,84866,70,312394
27640,0.000617,172.31.40.0-255,66,84932,70,312394
27641,0.000622,74.125.24.0-255,2902,87834,70,312394
27642,0.000624,172.31.40.0-255,66,87900,70,312394
27643,0.000645,74.125.24.0-255,7156,95056,70,312394
27644,0.000647,172.31.40.0-255,66,95122,70,312394
27645,0.000653,74.125.24.0-255,5379,100501,70,312394
27646,0.000656,172.31.40.0-255,66,100567,70,312394
27647,0.000735,74.125.24.0-255,1484,102051,70,312394
27648,0.000755,74.125.24.0-255,2902,104953,70,312394
27649,0.000758,172.31.40.0-255,66,105019,70,312394
27650,0.000765,74.125.24.0-255,5738,110757,70,312394
27651,0.000767,172.31.40.0-255,66,110823,70,312394
27652,0.000821,172.31.40.0-255,66,110889,70,312394
27653,0.000831,74.125.24.0-255,10692,121581,70,312394
27654,0.000835,172.31.40.0-255,66,121647,70,312394
27655,0.001013,74.125.24.0-255,1484,123131,70,312394
27656,0.001028,74.125.24.0-255,2902,126033,70,312394
27657,0.001031,172.31.40.0-255,66,126099,70,312394
27658,0.001039,74.125.24.0-255,5738,131837,70,312394
27659,0.001041,172.31.40.0-255,66,131903,70,312394
27660,0.001069,74.125.24.0-255,7156,139059,70,312394
27661,0.001072,172.31.40.0-255,66,139125,70,312394
27662,0.001092,74.125.24.0-255,5738,144863,70,312394
27663,0.001095,172.31.40.0-255,66,144929,70,312394
27664,0.001126,74.125.24.0-255,8574,153503,70,312394
27665,0.001129,172.31.40.0-255,66,153569,70,312394
27666,0.001133,74.125.24.0-255,2184,155753,70,312394
27667,0.001136,172.31.40.0-255,66,155819,70,312394
27668,0.001594,74.125.24.0-255,1484,157303,70,312394
27669,0.001601,74.125.24.0-255,2902,160205,70,312394
27670,0.001604,172.31.40.0-255,66,160271,70,312394
27671,0.001608,74.125.24.0-255,1484,161755,70,312394
27672,0.001628,74.125.24.0-255,4320,166075,70,312394
27673,0.001631,172.31.40.0-255,66,166141,70,312394
27674,0.001664,74.125.24.0-255,7156,173297,70,312394
27675,0.001667,172.31.40.0-255,66,173363,70,312394
27676,0.001671,74.125.24.0-255,2902,176265,70,312394
27677,0.001673,172.31.40.0-255,66,176331,70,312394
27678,0.001692,74.125.24.0-255,5738,182069,70,312394
27679,0.001695,172.31.40.0-255,66,182135,70,312394
27680,0.001706,74.125.24.0-255,1484,183619,70,312394
27681,0.001732,74.125.24.0-255,6438,190057,70,312394
27682,0.001735,172.31.40.0-255,66,190123,70,312394
27683,0.00181,74.125.24.0-255,1484,191607,70,312394
27684,0.001827,74.125.24.0-255,2902,194509,70,312394
27685,0.00183,172.31.40.0-255,66,194575,70,312394
27686,0.001837,74.125.24.0-255,5738,200313,70,312394
27687,0.001839,172.31.40.0-255,66,200379,70,312394
27688,0.001853,74.125.24.0-255,2902,203281,70,312394
27689,0.001855,172.31.40.0-255,66,203347,70,312394
27690,0.001878,74.125.24.0-255,9992,213339,70,312394
27691,0.00188,172.31.40.0-255,66,213405,70,312394
27692,0.001885,74.125.24.0-255,2902,216307,70,312394
27693,0.001886,172.31.40.0-255,66,216373,70,312394
27694,0.00191,74.125.24.0-255,5738,222111,70,312394
27695,0.001913,172.31.40.0-255,66,222177,70,312394
27696,0.001958,172.31.40.0-255,66,222243,70,312394
27697,0.001988,74.125.24.0-255,6438,228681,70,312394
27698,0.001991,172.31.40.0-255,66,228747,70,312394
27699,0.002005,172.31.40.0-255,66,228813,70,312394
27700,0.002012,74.125.24.0-255,7156,235969,70,312394
27701,0.002015,172.31.40.0-255,66,236035,70,312394
27702,0.002057,172.31.40.0-255,66,236101,70,312394
27703,0.002084,74.125.24.0-255,7156,243257,70,312394
27704,0.002087,172.31.40.0-255,66,243323,70,312394
27705,0.002116,172.31.40.0-255,66,243389,70,312394
27706,0.002126,74.125.24.0-255,10692,254081,70,312394
27707,0.002135,74.125.24.0-255,9992,264073,70,312394
27708,0.002194,172.31.40.0-255,66,264139,70,312394
27709,0.004268,74.125.24.0-255,5738,269877,70,312394
27710,0.004275,172.31.40.0-255,66,269943,70,312394
27711,0.00639,74.125.24.0-255,5738,275681,70,312394
27712,0.006409,172.31.40.0-255,66,275747,70,312394
27713,0.008508,74.125.24.0-255,5738,281485,70,312394
27714,0.008512,172.31.40.0-255,66,281551,70,312394
27715,0.010616,74.125.24.0-255,5738,287289,70,312394
27716,0.010626,172.31.40.0-255,66,287355,70,312394
27717,0.012702,74.125.24.0-255,5738,293093,70,312394
27718,0.012713,172.31.40.0-255,66,293159,70,312394
27719,0.014824,74.125.24.0-255,5738,298897,70,312394
27720,0.014843,172.31.40.0-255,66,298963,70,312394
27721,0.016958,74.125.24.0-255,5738,304701,70,312394
27722,0.016976,172.31.40.0-255,66,304767,70,312394
27723,0.01909,74.125.24.0-255,1964,306731,70,312394
27724,0.019104,172.31.40.0-255,66,306797,70,312394
27725,0.019288,172.31.40.0-255,105,306902,70,312394
27726,0.021342,74.125.24.0-255,66,306968,70,312394
27727,0.033382,172.31.40.0-255,172,307140,70,312394
27728,0.033416,172.31.40.0-255,1117,308257,70,312394
27729,0.033485,172.31.40.0-255,1514,309771,70,312394
27730,0.033487,172.31.40.0-255,1514,311285,70,312394
27731,0.033512,172.31.40.0-255,845,312130,70,312394
27732,0.03495,104.244.42.0-255,66,312196,70,312394
27733,0.035039,104.244.42.0-255,66,312262,70,312394
27734,0.035093,104.244.42.0-255,66,312328,70,312394
27735,0.035106,104.244.42.0-255,66,312394,70,312394
27736,0.0,74.125.68.0-255,150,150,70,393333
27737,2.3e-05,172.31.40.0-255,66,216,70,393333
27738,3e-05,74.125.68.0-255,1484,1700,70,393333
27739,3.5e-05,172.31.40.0-255,66,1766,70,393333
27740,4e-05,74.125.68.0-255,2902,4668,70,393333
27741,4.3e-05,172.31.40.0-255,66,4734,70,393333
27742,5.1e-05,74.125.68.0-255,5738,10472,70,393333
27743,5.3e-05,172.31.40.0-255,66,10538,70,393333
27744,5.8e-05,74.125.68.0-255,3582,14120,70,393333
27745,6.2e-05,172.31.40.0-255,66,14186,70,393333
27746,0.000106,74.125.68.0-255,1484,15670,70,393333
27747,0.000109,172.31.40.0-255,66,15736,70,393333
27748,0.000114,74.125.68.0-255,2902,18638,70,393333
27749,0.000117,172.31.40.0-255,66,18704,70,393333
27750,0.000147,74.125.68.0-255,5738,24442,70,393333
27751,0.00015,172.31.40.0-255,66,24508,70,393333
27752,0.000155,74.125.68.0-255,4320,28828,70,393333
27753,0.000157,172.31.40.0-255,66,28894,70,393333
27754,0.000184,74.125.68.0-255,2543,31437,70,393333
27755,0.000187,172.31.40.0-255,66,31503,70,393333
27756,0.000308,74.125.68.0-255,1484,32987,70,393333
27757,0.000313,172.31.40.0-255,66,33053,70,393333
27758,0.000318,74.125.68.0-255,2902,35955,70,393333
27759,0.00032,172.31.40.0-255,66,36021,70,393333
27760,0.000355,74.125.68.0-255,5738,41759,70,393333
27761,0.000358,172.31.40.0-255,66,41825,70,393333
27762,0.000366,74.125.68.0-255,6797,48622,70,393333
27763,0.000369,172.31.40.0-255,66,48688,70,393333
27764,0.000419,74.125.68.0-255,1484,50172,70,393333
27765,0.000422,172.31.40.0-255,66,50238,70,393333
27766,0.000427,74.125.68.0-255,2902,53140,70,393333
27767,0.000429,172.31.40.0-255,66,53206,70,393333
27768,0.00044,74.125.68.0-255,1484,54690,70,393333
27769,0.00046,74.125.68.0-255,4320,59010,70,393333
27770,0.000463,172.31.40.0-255,66,59076,70,393333
27771,0.000466,74.125.68.0-255,1484,60560,70,393333
27772,0.000509,74.125.68.0-255,5379,65939,70,393333
27773,0.000513,172.31.40.0-255,66,66005,70,393333
27774,0.000862,74.125.68.0-255,645,66650,70,393333
27775,0.001054,172.31.40.0-255,66,66716,70,393333
27776,0.001168,74.125.68.0-255,1484,68200,70,393333
27777,0.001175,74.125.68.0-255,1484,69684,70,393333
27778,0.001178,172.31.40.0-255,66,69750,70,393333
27779,0.001197,74.125.68.0-255,1484,71234,70,393333
27780,0.001205,74.125.68.0-255,5738,76972,70,393333
27781,0.001207,172.31.40.0-255,66,77038,70,393333
27782,0.001212,74.125.68.0-255,2902,79940,70,393333
27783,0.001214,172.31.40.0-255,66,80006,70,393333
27784,0.001226,74.125.68.0-255,1484,81490,70,393333
27785,0.001232,74.125.68.0-255,5738,87228,70,393333
27786,0.001234,172.31.40.0-255,66,87294,70,393333
27787,0.001263,74.125.68.0-255,8574,95868,70,393333
27788,0.001265,172.31.40.0-255,66,95934,70,393333
27789,0.001285,74.125.68.0-255,2902,98836,70,393333
27790,0.001288,172.31.40.0-255,66,98902,70,393333
27791,0.001292,74.125.68.0-255,2184,101086,70,393333
27792,0.001294,172.31.40.0-255,66,101152,70,393333
27793,0.00153,74.125.68.0-255,1484,102636,70,393333
27794,0.001551,74.125.68.0-255,2902,105538,70,393333
27795,0.001555,172.31.40.0-255,66,105604,70,393333
27796,0.001604,74.125.68.0-255,5738,111342,70,393333
27797,0.001606,172.31.40.0-255,66,111408,70,393333
27798,0.001614,74.125.68.0-255,7156,118564,70,393333
27799,0.001616,172.31.40.0-255,66,118630,70,393333
27800,0.00162,74.125.68.0-255,2902,121532,70,393333
27801,0.001622,172.31.40.0-255,66,121598,70,393333
27802,0.001663,172.31.40.0-255,66,121664,70,393333
27803,0.001668,74.125.68.0-255,2184,123848,70,393333
27804,0.001669,172.31.40.0-255,66,123914,70,393333
27805,0.001697,74.125.68.0-255,2902,126816,70,393333
27806,0.0017,172.31.40.0-255,66,126882,70,393333
27807,0.001723,74.125.68.0-255,7156,134038,70,393333
27808,0.001726,172.31.40.0-255,66,134104,70,393333
27809,0.001746,74.125.68.0-255,7156,141260,70,393333
27810,0.001749,172.31.40.0-255,66,141326,70,393333
27811,0.001767,74.125.68.0-255,1484,142810,70,393333
27812,0.001772,74.125.68.0-255,2902,145712,70,393333
27813,0.001775,172.31.40.0-255,66,145778,70,393333
27814,0.001798,74.125.68.0-255,8574,154352,70,393333
27815,0.001801,172.31.40.0-255,66,154418,70,393333
27816,0.001825,74.125.68.0-255,3602,158020,70,393333
27817,0.001828,172.31.40.0-255,66,158086,70,393333
27818,0.001859,74.125.68.0-255,4320,162406,70,393333
27819,0.001863,172.31.40.0-255,66,162472,70,393333
27820,0.001886,74.125.68.0-255,5738,168210,70,393333
27821,0.001888,172.31.40.0-255,66,168276,70,393333
27822,0.001896,74.125.68.0-255,7156,175432,70,393333
27823,0.001898,172.31.40.0-255,66,175498,70,393333
27824,0.00194,74.125.68.0-255,7156,182654,70,393333
27825,0.001943,172.31.40.0-255,66,182720,70,393333
27826,0.001965,74.125.68.0-255,5738,188458,70,393333
27827,0.001968,172.31.40.0-255,66,188524,70,393333
27828,0.001971,74.125.68.0-255,1484,190008,70,393333
27829,0.001997,74.125.68.0-255,2184,192192,70,393333
27830,0.002,172.31.40.0-255,66,192258,70,393333
27831,0.002046,74.125.68.0-255,1484,193742,70,393333
27832,0.002061,74.125.68.0-255,2902,196644,70,393333
27833,0.002065,172.31.40.0-255,66,196710,70,393333
27834,0.002085,74.125.68.0-255,2902,199612,70,393333
27835,0.002088,172.31.40.0-255,66,199678,70,393333
27836,0.002094,74.125.68.0-255,4320,203998,70,393333
27837,0.002097,172.31.40.0-255,66,204064,70,393333
27838,0.002127,74.125.68.0-255,8574,212638,70,393333
27839,0.00213,74.125.68.0-255,1484,214122,70,393333
27840,0.002152,74.125.68.0-255,4320,218442,70,393333
27841,0.002157,74.125.68.0-255,2902,221344,70,393333
27842,0.002179,74.125.68.0-255,4320,225664,70,393333
27843,0.002181,74.125.68.0-255,766,226430,70,393333
27844,0.00226,74.125.68.0-255,1484,227914,70,393333
27845,0.002266,74.125.68.0-255,2902,230816,70,393333
27846,0.002288,74.125.68.0-255,1484,232300,70,393333
27847,0.002293,74.125.68.0-255,2902,235202,70,393333
27848,0.002305,74.125.68.0-255,1484,236686,70,393333
27849,0.002325,74.125.68.0-255,4320,241006,70,393333
27850,0.002332,74.125.68.0-255,5738,246744,70,393333
27851,0.002351,74.125.68.0-255,4320,251064,70,393333
27852,0.002382,74.125.68.0-255,7156,258220,70,393333
27853,0.002396,74.125.68.0-255,3602,261822,70,393333
27854,0.002408,74.125.68.0-255,2902,264724,70,393333
27855,0.002429,74.125.68.0-255,8574,273298,70,393333
27856,0.002434,74.125.68.0-255,2902,276200,70,393333
27857,0.002452,74.125.68.0-255,7156,283356,70,393333
27858,0.002494,74.125.68.0-255,1484,284840,70,393333
27859,0.002515,74.125.68.0-255,9274,294114,70,393333
27860,0.002519,74.125.68.0-255,2902,297016,70,393333
27861,0.002524,74.125.68.0-255,4320,301336,70,393333
27862,0.002532,74.125.68.0-255,8574,309910,70,393333
27863,0.002535,74.125.68.0-255,1484,311394,70,393333
27864,0.002549,74.125.68.0-255,2902,314296,70,393333
27865,0.002554,74.125.68.0-255,2902,317198,70,393333
27866,0.012445,172.31.40.0-255,66,317264,70,393333
27867,0.014533,74.125.68.0-255,1484,318748,70,393333
27868,0.015009,74.125.68.0-255,4320,323068,70,393333
27869,0.015017,172.31.40.0-255,66,323134,70,393333
27870,0.017556,74.125.68.0-255,5738,328872,70,393333
27871,0.017563,172.31.40.0-255,66,328938,70,393333
27872,0.020109,74.125.68.0-255,5738,334676,70,393333
27873,0.020121,172.31.40.0-255,66,334742,70,393333
27874,0.022656,74.125.68.0-255,5738,340480,70,393333
27875,0.022664,172.31.40.0-255,66,340546,70,393333
27876,0.025208,74.125.68.0-255,5738,346284,70,393333
27877,0.025217,172.31.40.0-255,66,346350,70,393333
27878,0.027751,74.125.68.0-255,5738,352088,70,393333
27879,0.027758,172.31.40.0-255,66,352154,70,393333
27880,0.030301,74.125.68.0-255,2902,355056,70,393333
27881,0.030308,172.31.40.0-255,66,355122,70,393333
27882,0.03033,74.125.68.0-255,2902,358024,70,393333
27883,0.030333,172.31.40.0-255,66,358090,70,393333
27884,0.032848,74.125.68.0-255,5738,363828,70,393333
27885,0.032855,172.31.40.0-255,66,363894,70,393333
27886,0.034466,172.31.40.0-255,172,364066,70,393333
27887,0.034499,172.31.40.0-255,1113,365179,70,393333
27888,0.034558,172.31.40.0-255,1514,366693,70,393333
27889,0.03456,172.31.40.0-255,1330,368023,70,393333
27890,0.0354,74.125.68.0-255,5738,373761,70,393333
27891,0.035409,172.31.40.0-255,66,373827,70,393333
27892,0.036726,104.244.42.0-255,66,373893,70,393333
27893,0.037935,74.125.68.0-255,5738,379631,70,393333
27894,0.037942,172.31.40.0-255,66,379697,70,393333
27895,0.040482,74.125.68.0-255,5738,385435,70,393333
27896,0.040492,172.31.40.0-255,66,385501,70,393333
27897,0.043041,74.125.68.0-255,5738,391239,70,393333
27898,0.043048,172.31.40.0-255,66,391305,70,393333
27899,0.045591,74.125.68.0-255,1791,393096,70,393333
27900,0.045598,172.31.40.0-255,66,393162,70,393333
27901,0.045762,172.31.40.0-255,105,393267,70,393333
27902,0.048267,74.125.68.0-255,66,393333,70,393333
27903,0.0,172.217.194.0-255,143,143,70,265135
27904,2.3e-05,172.31.40.0-255,66,209,70,265135
27905,3.1e-05,172.217.194.0-255,1484,1693,70,265135
27906,3.5e-05,172.31.40.0-255,66,1759,70,265135
27907,4.1e-05,172.217.194.0-255,2902,4661,70,265135
27908,4.5e-05,172.31.40.0-255,66,4727,70,265135
27909,5.9e-05,172.217.194.0-255,7156,11883,70,265135
27910,6.4e-05,172.31.40.0-255,66,11949,70,265135
27911,6.8e-05,172.217.194.0-255,2075,14024,70,265135
27912,7e-05,172.31.40.0-255,66,14090,70,265135
27913,0.000112,172.217.194.0-255,8574,22664,70,265135
27914,0.000116,172.31.40.0-255,66,22730,70,265135
27915,0.000126,172.217.194.0-255,1484,24214,70,265135
27916,0.000133,172.31.40.0-255,66,24280,70,265135
27917,0.000137,172.217.194.0-255,1484,25764,70,265135
27918,0.000139,172.31.40.0-255,66,25830,70,265135
27919,0.000161,172.217.194.0-255,5379,31209,70,265135
27920,0.000164,172.31.40.0-255,66,31275,70,265135
27921,0.000224,172.217.194.0-255,1484,32759,70,265135
27922,0.000227,172.31.40.0-255,66,32825,70,265135
27923,0.000245,172.217.194.0-255,2902,35727,70,265135
27924,0.000247,172.31.40.0-255,66,35793,70,265135
27925,0.000282,172.217.194.0-255,5738,41531,70,265135
27926,0.000284,172.31.40.0-255,66,41597,70,265135
27927,0.00031,172.217.194.0-255,2902,44499,70,265135
27928,0.000312,172.31.40.0-255,66,44565,70,265135
27929,0.000351,172.31.40.0-255,66,44631,70,265135
27930,0.000359,172.217.194.0-255,7156,51787,70,265135
27931,0.000361,172.31.40.0-255,66,51853,70,265135
27932,0.000391,172.217.194.0-255,2814,54667,70,265135
27933,0.000394,172.31.40.0-255,66,54733,70,265135
27934,0.000397,172.217.194.0-255,117,54850,70,265135
27935,0.000674,172.217.194.0-255,385,55235,70,265135
27936,0.000923,172.217.194.0-255,1484,56719,70,265135
27937,0.000928,172.31.40.0-255,66,56785,70,265135
27938,0.000934,172.217.194.0-255,2902,59687,70,265135
27939,0.000941,172.217.194.0-255,5738,65425,70,265135
27940,0.000954,172.31.40.0-255,66,65491,70,265135
27941,0.000971,172.217.194.0-255,7156,72647,70,265135
27942,0.000985,172.217.194.0-255,1484,74131,70,265135
27943,0.001004,172.31.40.0-255,66,74197,70,265135
27944,0.001016,172.217.194.0-255,4320,78517,70,265135
27945,0.001047,172.217.194.0-255,10692,89209,70,265135
27946,0.001051,172.31.40.0-255,66,89275,70,265135
27947,0.001061,172.31.40.0-255,66,89341,70,265135
27948,0.00134,172.217.194.0-255,1484,90825,70,265135
27949,0.001346,172.217.194.0-255,2902,93727,70,265135
27950,0.001349,172.31.40.0-255,66,93793,70,265135
27951,0.001353,172.217.194.0-255,1484,95277,70,265135
27952,0.001384,172.217.194.0-255,4320,99597,70,265135
27953,0.001425,172.217.194.0-255,10692,110289,70,265135
27954,0.001431,172.31.40.0-255,66,110355,70,265135
27955,0.002039,172.217.194.0-255,1484,111839,70,265135
27956,0.002046,172.217.194.0-255,2902,114741,70,265135
27957,0.002051,172.31.40.0-255,66,114807,70,265135
27958,0.002059,172.217.194.0-255,5738,120545,70,265135
27959,0.002085,172.217.194.0-255,4320,124865,70,265135
27960,0.002103,172.217.194.0-255,5738,130603,70,265135
27961,0.002117,172.217.194.0-255,5738,136341,70,265135
27962,0.00212,172.217.194.0-255,1484,137825,70,265135
27963,0.002135,172.217.194.0-255,5738,143563,70,265135
27964,0.006631,172.31.40.0-255,66,143629,70,265135
27965,0.008734,172.217.194.0-255,5738,149367,70,265135
27966,0.00874,172.31.40.0-255,66,149433,70,265135
27967,0.010851,172.217.194.0-255,5738,155171,70,265135
27968,0.010861,172.31.40.0-255,66,155237,70,265135
27969,0.012936,172.217.194.0-255,5738,160975,70,265135
27970,0.012943,172.31.40.0-255,66,161041,70,265135
27971,0.015029,172.217.194.0-255,5738,166779,70,265135
27972,0.015039,172.31.40.0-255,66,166845,70,265135
27973,0.017105,172.217.194.0-255,5738,172583,70,265135
27974,0.017114,172.31.40.0-255,66,172649,70,265135
27975,0.019193,172.217.194.0-255,5738,178387,70,265135
27976,0.019201,172.31.40.0-255,66,178453,70,265135
27977,0.021291,172.217.194.0-255,5738,184191,70,265135
27978,0.021299,172.31.40.0-255,66,184257,70,265135
27979,0.023445,172.217.194.0-255,5738,189995,70,265135
27980,0.023453,172.31.40.0-255,66,190061,70,265135
27981,0.025531,172.217.194.0-255,5738,195799,70,265135
27982,0.025539,172.31.40.0-255,66,195865,70,265135
27983,0.027601,172.217.194.0-255,5738,201603,70,265135
27984,0.027609,172.31.40.0-255,66,201669,70,265135
27985,0.029696,172.217.194.0-255,5738,207407,70,265135
27986,0.029707,172.31.40.0-255,66,207473,70,265135
27987,0.03117,172.31.40.0-255,172,207645,70,265135
27988,0.031202,172.31.40.0-255,1118,208763,70,265135
27989,0.031259,172.31.40.0-255,1514,210277,70,265135
27990,0.03126,172.31.40.0-255,1514,211791,70,265135
27991,0.031285,172.31.40.0-255,844,212635,70,265135
27992,0.031777,172.217.194.0-255,5738,218373,70,265135
27993,0.031784,172.31.40.0-255,66,218439,70,265135
27994,0.032717,104.244.42.0-255,66,218505,70,265135
27995,0.032765,104.244.42.0-255,66,218571,70,265135
27996,0.032821,104.244.42.0-255,66,218637,70,265135
27997,0.032841,104.244.42.0-255,66,218703,70,265135
27998,0.03387,172.217.194.0-255,5738,224441,70,265135
27999,0.033875,172.31.40.0-255,66,224507,70,265135
28000,0.035953,172.217.194.0-255,5738,230245,70,265135
28001,0.03596,172.31.40.0-255,66,230311,70,265135
28002,0.038042,172.217.194.0-255,5738,236049,70,265135
28003,0.038048,172.31.40.0-255,66,236115,70,265135
28004,0.040117,172.217.194.0-255,5738,241853,70,265135
28005,0.040125,172.31.40.0-255,66,241919,70,265135
28006,0.042207,172.217.194.0-255,5738,247657,70,265135
28007,0.042217,172.31.40.0-255,66,247723,70,265135
28008,0.044314,172.217.194.0-255,5738,253461,70,265135
28009,0.04432,172.31.40.0-255,66,253527,70,265135
28010,0.046391,172.217.194.0-255,5738,259265,70,265135
28011,0.046399,172.31.40.0-255,66,259331,70,265135
28012,0.04848,172.217.194.0-255,5738,265069,70,265135
28013,0.048487,172.31.40.0-255,66,265135,70,265135
28014,0.0,172.217.194.0-255,153,153,70,365143
28015,2.2e-05,172.31.40.0-255,66,219,70,365143
28016,3e-05,172.217.194.0-255,1484,1703,70,365143
28017,3.4e-05,172.31.40.0-255,66,1769,70,365143
28018,3.9e-05,172.217.194.0-255,2902,4671,70,365143
28019,4.4e-05,172.31.40.0-255,66,4737,70,365143
28020,5.2e-05,172.217.194.0-255,7156,11893,70,365143
28021,5.6e-05,172.31.40.0-255,66,11959,70,365143
28022,6.1e-05,172.217.194.0-255,1984,13943,70,365143
28023,6.3e-05,172.31.40.0-255,66,14009,70,365143
28024,0.000105,172.217.194.0-255,1484,15493,70,365143
28025,0.000107,172.31.40.0-255,66,15559,70,365143
28026,0.000135,172.217.194.0-255,9992,25551,70,365143
28027,0.000138,172.31.40.0-255,66,25617,70,365143
28028,0.000156,172.217.194.0-255,7156,32773,70,365143
28029,0.000159,172.31.40.0-255,66,32839,70,365143
28030,0.000186,172.217.194.0-255,5738,38577,70,365143
28031,0.000189,172.31.40.0-255,66,38643,70,365143
28032,0.000195,172.217.194.0-255,4320,42963,70,365143
28033,0.000197,172.31.40.0-255,66,43029,70,365143
28034,0.000247,172.217.194.0-255,6438,49467,70,365143
28035,0.00025,172.31.40.0-255,66,49533,70,365143
28036,0.000257,172.217.194.0-255,7156,56689,70,365143
28037,0.000259,172.31.40.0-255,66,56755,70,365143
28038,0.000283,172.217.194.0-255,8215,64970,70,365143
28039,0.000285,172.31.40.0-255,66,65036,70,365143
28040,0.000304,172.217.194.0-255,378,65414,70,365143
28041,0.000306,172.31.40.0-255,66,65480,70,365143
28042,0.000337,172.217.194.0-255,365,65845,70,365143
28043,0.00034,172.31.40.0-255,66,65911,70,365143
28044,0.000384,172.217.194.0-255,1484,67395,70,365143
28045,0.000388,172.31.40.0-255,66,67461,70,365143
28046,0.000401,172.217.194.0-255,4320,71781,70,365143
28047,0.000404,172.31.40.0-255,66,71847,70,365143
28048,0.000438,172.217.194.0-255,8574,80421,70,365143
28049,0.000441,172.31.40.0-255,66,80487,70,365143
28050,0.00045,172.217.194.0-255,9992,90479,70,365143
28051,0.000453,172.31.40.0-255,66,90545,70,365143
28052,0.000481,172.217.194.0-255,7156,97701,70,365143
28053,0.000483,172.31.40.0-255,66,97767,70,365143
28054,0.000502,172.217.194.0-255,2184,99951,70,365143
28055,0.000504,172.31.40.0-255,66,100017,70,365143
28056,0.001143,172.217.194.0-255,1484,101501,70,365143
28057,0.001151,172.217.194.0-255,2902,104403,70,365143
28058,0.001155,172.31.40.0-255,66,104469,70,365143
28059,0.001162,172.217.194.0-255,5738,110207,70,365143
28060,0.001164,172.31.40.0-255,66,110273,70,365143
28061,0.001169,172.217.194.0-255,2902,113175,70,365143
28062,0.001171,172.31.40.0-255,66,113241,70,365143
28063,0.001207,172.217.194.0-255,9992,123233,70,365143
28064,0.00121,172.31.40.0-255,66,123299,70,365143
28065,0.00122,172.217.194.0-255,9992,133291,70,365143
28066,0.001222,172.31.40.0-255,66,133357,70,365143
28067,0.001225,172.217.194.0-255,766,134123,70,365143
28068,0.001457,172.217.194.0-255,1484,135607,70,365143
28069,0.001461,172.31.40.0-255,66,135673,70,365143
28070,0.001466,172.217.194.0-255,2902,138575,70,365143
28071,0.001468,172.31.40.0-255,66,138641,70,365143
28072,0.001499,172.217.194.0-255,5738,144379,70,365143
28073,0.001502,172.31.40.0-255,66,144445,70,365143
28074,0.001507,172.217.194.0-255,4320,148765,70,365143
28075,0.001509,172.31.40.0-255,66,148831,70,365143
28076,0.001544,172.31.40.0-255,66,148897,70,365143
28077,0.001568,172.217.194.0-255,7856,156753,70,365143
28078,0.00157,172.31.40.0-255,66,156819,70,365143
28079,0.001906,172.217.194.0-255,1484,158303,70,365143
28080,0.00191,172.217.194.0-255,1484,159787,70,365143
28081,0.001913,172.31.40.0-255,66,159853,70,365143
28082,0.001936,172.217.194.0-255,1484,161337,70,365143
28083,0.001942,172.217.194.0-255,5738,167075,70,365143
28084,0.001944,172.31.40.0-255,66,167141,70,365143
28085,0.001947,172.217.194.0-255,1484,168625,70,365143
28086,0.001973,172.217.194.0-255,8574,177199,70,365143
28087,0.001981,172.31.40.0-255,66,177265,70,365143
28088,0.001985,172.217.194.0-255,1484,178749,70,365143
28089,0.002005,172.217.194.0-255,9992,188741,70,365143
28090,0.002007,172.31.40.0-255,66,188807,70,365143
28091,0.002011,172.217.194.0-255,2184,190991,70,365143
28092,0.002013,172.31.40.0-255,66,191057,70,365143
28093,0.002145,172.217.194.0-255,1484,192541,70,365143
28094,0.002151,172.217.194.0-255,2902,195443,70,365143
28095,0.002154,172.31.40.0-255,66,195509,70,365143
28096,0.002176,172.217.194.0-255,5738,201247,70,365143
28097,0.002178,172.31.40.0-255,66,201313,70,365143
28098,0.002198,172.217.194.0-255,4320,205633,70,365143
28099,0.0022,172.31.40.0-255,66,205699,70,365143
28100,0.00222,172.217.194.0-255,8574,214273,70,365143
28101,0.002222,172.31.40.0-255,66,214339,70,365143
28102,0.002231,172.217.194.0-255,8574,222913,70,365143
28103,0.002233,172.31.40.0-255,66,222979,70,365143
28104,0.002278,172.217.194.0-255,2184,225163,70,365143
28105,0.00228,172.31.40.0-255,66,225229,70,365143
28106,0.002284,172.217.194.0-255,1484,226713,70,365143
28107,0.002299,172.217.194.0-255,1484,228197,70,365143
28108,0.002301,172.31.40.0-255,66,228263,70,365143
28109,0.002309,172.217.194.0-255,7156,235419,70,365143
28110,0.002311,172.31.40.0-255,66,235485,70,365143
28111,0.002316,172.217.194.0-255,4320,239805,70,365143
28112,0.002318,172.31.40.0-255,66,239871,70,365143
28113,0.002344,172.217.194.0-255,2902,242773,70,365143
28114,0.002362,172.31.40.0-255,66,242839,70,365143
28115,0.002378,172.217.194.0-255,1484,244323,70,365143
28116,0.00238,172.217.194.0-255,766,245089,70,365143
28117,0.002453,172.217.194.0-255,1484,246573,70,365143
28118,0.002468,172.217.194.0-255,2902,249475,70,365143
28119,0.002488,172.217.194.0-255,4320,253795,70,365143
28120,0.0025,172.217.194.0-255,1484,255279,70,365143
28121,0.002526,172.217.194.0-255,5738,261017,70,365143
28122,0.00255,172.217.194.0-255,7156,268173,70,365143
28123,0.002571,172.217.194.0-255,4320,272493,70,365143
28124,0.002594,172.217.194.0-255,6438,278931,70,365143
28125,0.012196,172.31.40.0-255,66,278997,70,365143
28126,0.012206,172.31.40.0-255,66,279063,70,365143
28127,0.012209,172.31.40.0-255,66,279129,70,365143
28128,0.012228,172.31.40.0-255,66,279195,70,365143
28129,0.012232,172.31.40.0-255,66,279261,70,365143
28130,0.012236,172.31.40.0-255,66,279327,70,365143
28131,0.012239,172.31.40.0-255,66,279393,70,365143
28132,0.012242,172.31.40.0-255,66,279459,70,365143
28133,0.012584,172.217.194.0-255,1484,280943,70,365143
28134,0.013375,172.31.40.0-255,101,281044,70,365143
28135,0.014798,172.217.194.0-255,4320,285364,70,365143
28136,0.014803,172.31.40.0-255,66,285430,70,365143
28137,0.015937,172.217.194.0-255,1484,286914,70,365143
28138,0.01735,172.217.194.0-255,4320,291234,70,365143
28139,0.017364,172.31.40.0-255,66,291300,70,365143
28140,0.019922,172.217.194.0-255,5738,297038,70,365143
28141,0.019938,172.31.40.0-255,66,297104,70,365143
28142,0.022484,172.217.194.0-255,5738,302842,70,365143
28143,0.022492,172.31.40.0-255,66,302908,70,365143
28144,0.025038,172.217.194.0-255,5738,308646,70,365143
28145,0.025046,172.31.40.0-255,66,308712,70,365143
28146,0.027588,172.217.194.0-255,5738,314450,70,365143
28147,0.027596,172.31.40.0-255,66,314516,70,365143
28148,0.030169,172.217.194.0-255,5738,320254,70,365143
28149,0.030176,172.31.40.0-255,66,320320,70,365143
28150,0.032759,172.217.194.0-255,5738,326058,70,365143
28151,0.032766,172.31.40.0-255,66,326124,70,365143
28152,0.035315,172.217.194.0-255,5738,331862,70,365143
28153,0.035333,172.31.40.0-255,66,331928,70,365143
28154,0.0379,172.217.194.0-255,5738,337666,70,365143
28155,0.03791,172.31.40.0-255,66,337732,70,365143
28156,0.040472,172.217.194.0-255,5738,343470,70,365143
28157,0.040491,172.31.40.0-255,66,343536,70,365143
28158,0.042918,172.31.40.0-255,172,343708,70,365143
28159,0.042947,172.31.40.0-255,1114,344822,70,365143
28160,0.04301,172.31.40.0-255,1514,346336,70,365143
28161,0.043012,172.31.40.0-255,1329,347665,70,365143
28162,0.043058,172.217.194.0-255,5738,353403,70,365143
28163,0.043062,172.31.40.0-255,66,353469,70,365143
28164,0.045,104.244.42.0-255,66,353535,70,365143
28165,0.045604,172.217.194.0-255,5738,359273,70,365143
28166,0.045615,172.31.40.0-255,66,359339,70,365143
28167,0.048183,172.217.194.0-255,5738,365077,70,365143
28168,0.048191,172.31.40.0-255,66,365143,70,365143
28169,0.0,74.125.200.0-255,297,297,70,248732
28170,2.1e-05,172.31.40.0-255,66,363,70,248732
28171,2.8e-05,74.125.200.0-255,1484,1847,70,248732
28172,3.2e-05,172.31.40.0-255,66,1913,70,248732
28173,3.7e-05,74.125.200.0-255,2902,4815,70,248732
28174,4.9e-05,172.31.40.0-255,66,4881,70,248732
28175,5.6e-05,74.125.200.0-255,5738,10619,70,248732
28176,6e-05,172.31.40.0-255,66,10685,70,248732
28177,6.6e-05,74.125.200.0-255,3321,14006,70,248732
28178,6.9e-05,172.31.40.0-255,66,14072,70,248732
28179,0.000117,74.125.200.0-255,4320,18392,70,248732
28180,0.00012,172.31.40.0-255,66,18458,70,248732
28181,0.000149,74.125.200.0-255,5738,24196,70,248732
28182,0.000151,172.31.40.0-255,66,24262,70,248732
28183,0.00018,74.125.200.0-255,4320,28582,70,248732
28184,0.000184,172.31.40.0-255,66,28648,70,248732
28185,0.000217,74.125.200.0-255,2543,31191,70,248732
28186,0.000221,172.31.40.0-255,66,31257,70,248732
28187,0.00064,74.125.200.0-255,1484,32741,70,248732
28188,0.000645,172.31.40.0-255,66,32807,70,248732
28189,0.000652,74.125.200.0-255,2902,35709,70,248732
28190,0.000654,172.31.40.0-255,66,35775,70,248732
28191,0.000657,74.125.200.0-255,1484,37259,70,248732
28192,0.000664,172.31.40.0-255,66,37325,70,248732
28193,0.000669,74.125.200.0-255,2902,40227,70,248732
28194,0.000671,172.31.40.0-255,66,40293,70,248732
28195,0.000677,74.125.200.0-255,4320,44613,70,248732
28196,0.000679,172.31.40.0-255,66,44679,70,248732
28197,0.000705,74.125.200.0-255,1484,46163,70,248732
28198,0.000707,172.31.40.0-255,66,46229,70,248732
28199,0.000714,74.125.200.0-255,3961,50190,70,248732
28200,0.000721,172.31.40.0-255,66,50256,70,248732
28201,0.000727,74.125.200.0-255,4320,54576,70,248732
28202,0.000729,172.31.40.0-255,66,54642,70,248732
28203,0.000756,74.125.200.0-255,4320,58962,70,248732
28204,0.000758,172.31.40.0-255,66,59028,70,248732
28205,0.000792,74.125.200.0-255,5738,64766,70,248732
28206,0.000795,172.31.40.0-255,66,64832,70,248732
28207,0.000814,74.125.200.0-255,1470,66302,70,248732
28208,0.000954,74.125.200.0-255,1484,67786,70,248732
28209,0.000958,172.31.40.0-255,66,67852,70,248732
28210,0.000963,74.125.200.0-255,2902,70754,70,248732
28211,0.000966,172.31.40.0-255,66,70820,70,248732
28212,0.001,74.125.200.0-255,5738,76558,70,248732
28213,0.001003,172.31.40.0-255,66,76624,70,248732
28214,0.001008,74.125.200.0-255,2902,79526,70,248732
28215,0.00101,172.31.40.0-255,66,79592,70,248732
28216,0.001038,74.125.200.0-255,5379,84971,70,248732
28217,0.001041,172.31.40.0-255,66,85037,70,248732
28218,0.00105,74.125.200.0-255,8574,93611,70,248732
28219,0.001053,172.31.40.0-255,66,93677,70,248732
28220,0.00109,74.125.200.0-255,7041,100718,70,248732
28221,0.001093,172.31.40.0-255,66,100784,70,248732
28222,0.001491,74.125.200.0-255,1484,102268,70,248732
28223,0.001506,74.125.200.0-255,2902,105170,70,248732
28224,0.001509,172.31.40.0-255,66,105236,70,248732
28225,0.00153,74.125.200.0-255,5738,110974,70,248732
28226,0.001533,172.31.40.0-255,66,111040,70,248732
28227,0.001537,74.125.200.0-255,2902,113942,70,248732
28228,0.001539,172.31.40.0-255,66,114008,70,248732
28229,0.001545,74.125.200.0-255,4320,118328,70,248732
28230,0.001547,172.31.40.0-255,66,118394,70,248732
28231,0.001583,74.125.200.0-255,7156,125550,70,248732
28232,0.001586,172.31.40.0-255,66,125616,70,248732
28233,0.001613,74.125.200.0-255,1484,127100,70,248732
28234,0.001621,74.125.200.0-255,7156,134256,70,248732
28235,0.001623,172.31.40.0-255,66,134322,70,248732
28236,0.001642,74.125.200.0-255,766,135088,70,248732
28237,0.001851,172.31.40.0-255,66,135154,70,248732
28238,0.00416,74.125.200.0-255,4320,139474,70,248732
28239,0.004168,172.31.40.0-255,66,139540,70,248732
28240,0.004386,74.125.200.0-255,1484,141024,70,248732
28241,0.006694,74.125.200.0-255,4320,145344,70,248732
28242,0.006702,172.31.40.0-255,66,145410,70,248732
28243,0.009256,74.125.200.0-255,5738,151148,70,248732
28244,0.009262,172.31.40.0-255,66,151214,70,248732
28245,0.0118,74.125.200.0-255,5738,156952,70,248732
28246,0.01181,172.31.40.0-255,66,157018,70,248732
28247,0.014359,74.125.200.0-255,5738,162756,70,248732
28248,0.014373,172.31.40.0-255,66,162822,70,248732
28249,0.016903,74.125.200.0-255,5738,168560,70,248732
28250,0.016913,172.31.40.0-255,66,168626,70,248732
28251,0.019481,74.125.200.0-255,5738,174364,70,248732
28252,0.019491,172.31.40.0-255,66,174430,70,248732
28253,0.022061,74.125.200.0-255,5738,180168,70,248732
28254,0.022068,172.31.40.0-255,66,180234,70,248732
28255,0.024594,74.125.200.0-255,5738,185972,70,248732
28256,0.024604,172.31.40.0-255,66,186038,70,248732
28257,0.027144,74.125.200.0-255,5738,191776,70,248732
28258,0.027154,172.31.40.0-255,66,191842,70,248732
28259,0.029696,74.125.200.0-255,5738,197580,70,248732
28260,0.029704,172.31.40.0-255,66,197646,70,248732
28261,0.030804,172.31.40.0-255,172,197818,70,248732
28262,0.030846,172.31.40.0-255,1119,198937,70,248732
28263,0.030915,172.31.40.0-255,1514,200451,70,248732
28264,0.030917,172.31.40.0-255,1514,201965,70,248732
28265,0.030923,172.31.40.0-255,1514,203479,70,248732
28266,0.030925,172.31.40.0-255,1514,204993,70,248732
28267,0.030948,172.31.40.0-255,1514,206507,70,248732
28268,0.030949,172.31.40.0-255,1159,207666,70,248732
28269,0.032242,74.125.200.0-255,5738,213404,70,248732
28270,0.03225,172.31.40.0-255,66,213470,70,248732
28271,0.032381,104.244.42.0-255,66,213536,70,248732
28272,0.032421,104.244.42.0-255,66,213602,70,248732
28273,0.032485,104.244.42.0-255,66,213668,70,248732
28274,0.032528,104.244.42.0-255,66,213734,70,248732
28275,0.033061,104.244.42.0-255,108,213842,70,248732
28276,0.033068,172.31.40.0-255,66,213908,70,248732
28277,0.0348,74.125.200.0-255,5738,219646,70,248732
28278,0.034808,172.31.40.0-255,66,219712,70,248732
28279,0.03734,74.125.200.0-255,5738,225450,70,248732
28280,0.037349,172.31.40.0-255,66,225516,70,248732
28281,0.039883,74.125.200.0-255,5738,231254,70,248732
28282,0.039893,172.31.40.0-255,66,231320,70,248732
28283,0.042426,74.125.200.0-255,5738,237058,70,248732
28284,0.042438,172.31.40.0-255,66,237124,70,248732
28285,0.044976,74.125.200.0-255,5738,242862,70,248732
28286,0.044985,172.31.40.0-255,66,242928,70,248732
28287,0.047525,74.125.200.0-255,5738,248666,70,248732
28288,0.047538,172.31.40.0-255,66,248732,70,248732
28289,0.0,74.125.130.0-255,296,296,70,275142
28290,2.6e-05,172.31.40.0-255,66,362,70,275142
28291,3.3e-05,74.125.130.0-255,1484,1846,70,275142
28292,3.8e-05,172.31.40.0-255,66,1912,70,275142
28293,5.4e-05,74.125.130.0-255,4320,6232,70,275142
28294,5.8e-05,172.31.40.0-255,66,6298,70,275142
28295,6.5e-05,74.125.130.0-255,5738,12036,70,275142
28296,6.8e-05,172.31.40.0-255,66,12102,70,275142
28297,0.000105,74.125.130.0-255,6216,18318,70,275142
28298,0.000108,172.31.40.0-255,66,18384,70,275142
28299,0.000113,74.125.130.0-255,2902,21286,70,275142
28300,0.000115,172.31.40.0-255,66,21352,70,275142
28301,0.000162,74.125.130.0-255,5738,27090,70,275142
28302,0.000165,172.31.40.0-255,66,27156,70,275142
28303,0.000193,74.125.130.0-255,3961,31117,70,275142
28304,0.000195,172.31.40.0-255,66,31183,70,275142
28305,0.000302,74.125.130.0-255,1484,32667,70,275142
28306,0.000306,172.31.40.0-255,66,32733,70,275142
28307,0.000333,74.125.130.0-255,2902,35635,70,275142
28308,0.000335,172.31.40.0-255,66,35701,70,275142
28309,0.000359,74.125.130.0-255,1484,37185,70,275142
28310,0.000362,172.31.40.0-255,66,37251,70,275142
28311,0.000366,74.125.130.0-255,2902,40153,70,275142
28312,0.000368,172.31.40.0-255,66,40219,70,275142
28313,0.000398,74.125.130.0-255,5738,45957,70,275142
28314,0.000401,172.31.40.0-255,66,46023,70,275142
28315,0.000406,74.125.130.0-255,2902,48925,70,275142
28316,0.000408,172.31.40.0-255,66,48991,70,275142
28317,0.000413,74.125.130.0-255,4320,53311,70,275142
28318,0.000415,172.31.40.0-255,66,53377,70,275142
28319,0.000447,74.125.130.0-255,8574,61951,70,275142
28320,0.00045,172.31.40.0-255,66,62017,70,275142
28321,0.000454,74.125.130.0-255,2902,64919,70,275142
28322,0.000456,172.31.40.0-255,66,64985,70,275142
28323,0.000477,74.125.130.0-255,766,65751,70,275142
28324,0.000528,74.125.130.0-255,398,66149,70,275142
28325,0.000656,74.125.130.0-255,1484,67633,70,275142
28326,0.00066,172.31.40.0-255,66,67699,70,275142
28327,0.000708,74.125.130.0-255,2902,70601,70,275142
28328,0.000712,172.31.40.0-255,66,70667,70,275142
28329,0.000718,74.125.130.0-255,5738,76405,70,275142
28330,0.00072,172.31.40.0-255,66,76471,70,275142
28331,0.000729,74.125.130.0-255,2902,79373,70,275142
28332,0.000731,172.31.40.0-255,66,79439,70,275142
28333,0.000736,74.125.130.0-255,4250,83689,70,275142
28334,0.000738,172.31.40.0-255,66,83755,70,275142
28335,0.000768,74.125.130.0-255,5738,89493,70,275142
28336,0.000771,172.31.40.0-255,66,89559,70,275142
28337,0.000776,74.125.130.0-255,4320,93879,70,275142
28338,0.000779,172.31.40.0-255,66,93945,70,275142
28339,0.000805,74.125.130.0-255,2902,96847,70,275142
28340,0.000808,172.31.40.0-255,66,96913,70,275142
28341,0.000831,74.125.130.0-255,2902,99815,70,275142
28342,0.000834,172.31.40.0-255,66,99881,70,275142
28343,0.000837,74.125.130.0-255,1125,101006,70,275142
28344,0.001957,74.125.130.0-255,1484,102490,70,275142
28345,0.001969,172.31.40.0-255,66,102556,70,275142
28346,0.001998,74.125.130.0-255,1484,104040,70,275142
28347,0.002004,74.125.130.0-255,2902,106942,70,275142
28348,0.002006,172.31.40.0-255,66,107008,70,275142
28349,0.00203,74.125.130.0-255,1484,108492,70,275142
28350,0.002035,74.125.130.0-255,2902,111394,70,275142
28351,0.002038,172.31.40.0-255,66,111460,70,275142
28352,0.002041,74.125.130.0-255,1484,112944,70,275142
28353,0.002063,74.125.130.0-255,4320,117264,70,275142
28354,0.002066,172.31.40.0-255,66,117330,70,275142
28355,0.002071,74.125.130.0-255,2902,120232,70,275142
28356,0.002073,172.31.40.0-255,66,120298,70,275142
28357,0.002077,74.125.130.0-255,1484,121782,70,275142
28358,0.002103,74.125.130.0-255,2902,124684,70,275142
28359,0.002105,172.31.40.0-255,66,124750,70,275142
28360,0.002114,74.125.130.0-255,8574,133324,70,275142
28361,0.002116,172.31.40.0-255,66,133390,70,275142
28362,0.00212,74.125.130.0-255,2184,135574,70,275142
28363,0.002123,172.31.40.0-255,66,135640,70,275142
28364,0.002213,74.125.130.0-255,1484,137124,70,275142
28365,0.002231,74.125.130.0-255,2902,140026,70,275142
28366,0.002235,172.31.40.0-255,66,140092,70,275142
28367,0.002239,74.125.130.0-255,1484,141576,70,275142
28368,0.002265,74.125.130.0-255,4320,145896,70,275142
28369,0.002267,172.31.40.0-255,66,145962,70,275142
28370,0.002273,74.125.130.0-255,4320,150282,70,275142
28371,0.002275,172.31.40.0-255,66,150348,70,275142
28372,0.002278,74.125.130.0-255,1484,151832,70,275142
28373,0.002308,74.125.130.0-255,2902,154734,70,275142
28374,0.002311,172.31.40.0-255,66,154800,70,275142
28375,0.004532,74.125.130.0-255,1484,156284,70,275142
28376,0.004564,74.125.130.0-255,4320,160604,70,275142
28377,0.004576,172.31.40.0-255,66,160670,70,275142
28378,0.006862,74.125.130.0-255,5738,166408,70,275142
28379,0.006877,172.31.40.0-255,66,166474,70,275142
28380,0.009132,74.125.130.0-255,5738,172212,70,275142
28381,0.00914,172.31.40.0-255,66,172278,70,275142
28382,0.011411,74.125.130.0-255,5738,178016,70,275142
28383,0.011428,172.31.40.0-255,66,178082,70,275142
28384,0.013702,74.125.130.0-255,5738,183820,70,275142
28385,0.013718,172.31.40.0-255,66,183886,70,275142
28386,0.015999,74.125.130.0-255,5738,189624,70,275142
28387,0.016014,172.31.40.0-255,66,189690,70,275142
28388,0.018298,74.125.130.0-255,5738,195428,70,275142
28389,0.018314,172.31.40.0-255,66,195494,70,275142
28390,0.020599,74.125.130.0-255,5738,201232,70,275142
28391,0.020613,172.31.40.0-255,66,201298,70,275142
28392,0.022889,74.125.130.0-255,5738,207036,70,275142
28393,0.0229,172.31.40.0-255,66,207102,70,275142
28394,0.025165,74.125.130.0-255,5738,212840,70,275142
28395,0.025177,172.31.40.0-255,66,212906,70,275142
28396,0.027436,74.125.130.0-255,5738,218644,70,275142
28397,0.027444,172.31.40.0-255,66,218710,70,275142
28398,0.028619,172.31.40.0-255,172,218882,70,275142
28399,0.028654,172.31.40.0-255,1113,219995,70,275142
28400,0.028726,172.31.40.0-255,1514,221509,70,275142
28401,0.028728,172.31.40.0-255,1331,222840,70,275142
28402,0.029709,74.125.130.0-255,5738,228578,70,275142
28403,0.029717,172.31.40.0-255,66,228644,70,275142
28404,0.030284,104.244.42.0-255,66,228710,70,275142
28405,0.031977,74.125.130.0-255,5738,234448,70,275142
28406,0.031984,172.31.40.0-255,66,234514,70,275142
28407,0.034251,74.125.130.0-255,5738,240252,70,275142
28408,0.034258,172.31.40.0-255,66,240318,70,275142
28409,0.036525,74.125.130.0-255,5738,246056,70,275142
28410,0.036532,172.31.40.0-255,66,246122,70,275142
28411,0.038802,74.125.130.0-255,5738,251860,70,275142
28412,0.038809,172.31.40.0-255,66,251926,70,275142
28413,0.041111,74.125.130.0-255,5738,257664,70,275142
28414,0.041122,172.31.40.0-255,66,257730,70,275142
28415,0.043394,74.125.130.0-255,5738,263468,70,275142
28416,0.043404,172.31.40.0-255,66,263534,70,275142
28417,0.045668,74.125.130.0-255,5738,269272,70,275142
28418,0.045676,172.31.40.0-255,66,269338,70,275142
28419,0.047953,74.125.130.0-255,5738,275076,70,275142
28420,0.047959,172.31.40.0-255,66,275142,70,275142
28421,0.0,172.253.118.0-255,162,162,70,240879
28422,2.4e-05,172.31.40.0-255,66,228,70,240879
28423,3.1e-05,172.253.118.0-255,1484,1712,70,240879
28424,3.5e-05,172.31.40.0-255,66,1778,70,240879
28425,4.1e-05,172.253.118.0-255,2902,4680,70,240879
28426,4.4e-05,172.31.40.0-255,66,4746,70,240879
28427,5.7e-05,172.253.118.0-255,5738,10484,70,240879
28428,6e-05,172.31.40.0-255,66,10550,70,240879
28429,7.5e-05,172.253.118.0-255,1484,12034,70,240879
28430,7.7e-05,172.31.40.0-255,66,12100,70,240879
28431,9.9e-05,172.253.118.0-255,4856,16956,70,240879
28432,0.000107,172.31.40.0-255,66,17022,70,240879
28433,0.000122,172.31.40.0-255,66,17088,70,240879
28434,0.000466,172.253.118.0-255,1484,18572,70,240879
28435,0.000474,172.31.40.0-255,66,18638,70,240879
28436,0.000497,172.253.118.0-255,2902,21540,70,240879
28437,0.000499,172.31.40.0-255,66,21606,70,240879
28438,0.000506,172.253.118.0-255,5738,27344,70,240879
28439,0.000509,172.31.40.0-255,66,27410,70,240879
28440,0.000514,172.253.118.0-255,4320,31730,70,240879
28441,0.000516,172.31.40.0-255,66,31796,70,240879
28442,0.000575,172.31.40.0-255,66,31862,70,240879
28443,0.000612,172.253.118.0-255,4320,36182,70,240879
28444,0.000615,172.31.40.0-255,66,36248,70,240879
28445,0.000644,172.253.118.0-255,2817,39065,70,240879
28446,0.000647,172.31.40.0-255,66,39131,70,240879
28447,0.000819,172.253.118.0-255,380,39511,70,240879
28448,0.000823,172.31.40.0-255,66,39577,70,240879
28449,0.00096,172.253.118.0-255,1484,41061,70,240879
28450,0.000964,172.31.40.0-255,66,41127,70,240879
28451,0.000969,172.253.118.0-255,2902,44029,70,240879
28452,0.000971,172.31.40.0-255,66,44095,70,240879
28453,0.001021,172.253.118.0-255,5738,49833,70,240879
28454,0.001025,172.31.40.0-255,66,49899,70,240879
28455,0.001029,172.253.118.0-255,1484,51383,70,240879
28456,0.001063,172.253.118.0-255,5379,56762,70,240879
28457,0.001066,172.31.40.0-255,66,56828,70,240879
28458,0.001101,172.253.118.0-255,5738,62566,70,240879
28459,0.001104,172.31.40.0-255,66,62632,70,240879
28460,0.001111,172.253.118.0-255,7156,69788,70,240879
28461,0.001113,172.31.40.0-255,66,69854,70,240879
28462,0.001135,172.253.118.0-255,3961,73815,70,240879
28463,0.001142,172.31.40.0-255,66,73881,70,240879
28464,0.00176,172.253.118.0-255,1484,75365,70,240879
28465,0.001771,172.253.118.0-255,2902,78267,70,240879
28466,0.001775,172.31.40.0-255,66,78333,70,240879
28467,0.001783,172.253.118.0-255,5738,84071,70,240879
28468,0.001785,172.31.40.0-255,66,84137,70,240879
28469,0.001824,172.253.118.0-255,5738,89875,70,240879
28470,0.001827,172.31.40.0-255,66,89941,70,240879
28471,0.001846,172.31.40.0-255,66,90007,70,240879
28472,0.001852,172.253.118.0-255,5020,95027,70,240879
28473,0.001854,172.31.40.0-255,66,95093,70,240879
28474,0.003847,172.253.118.0-255,5738,100831,70,240879
28475,0.003853,172.31.40.0-255,66,100897,70,240879
28476,0.005825,172.253.118.0-255,5738,106635,70,240879
28477,0.005829,172.31.40.0-255,66,106701,70,240879
28478,0.007814,172.253.118.0-255,5738,112439,70,240879
28479,0.007821,172.31.40.0-255,66,112505,70,240879
28480,0.009809,172.253.118.0-255,5738,118243,70,240879
28481,0.00982,172.31.40.0-255,66,118309,70,240879
28482,0.011808,172.253.118.0-255,5738,124047,70,240879
28483,0.01182,172.31.40.0-255,66,124113,70,240879
28484,0.013798,172.253.118.0-255,5738,129851,70,240879
28485,0.013807,172.31.40.0-255,66,129917,70,240879
28486,0.015798,172.253.118.0-255,5738,135655,70,240879
28487,0.015813,172.31.40.0-255,66,135721,70,240879
28488,0.01781,172.253.118.0-255,5738,141459,70,240879
28489,0.01782,172.31.40.0-255,66,141525,70,240879
28490,0.019813,172.253.118.0-255,5738,147263,70,240879
28491,0.019821,172.31.40.0-255,66,147329,70,240879
28492,0.02179,172.253.118.0-255,5738,153067,70,240879
28493,0.021795,172.31.40.0-255,66,153133,70,240879
28494,0.023811,172.253.118.0-255,5738,158871,70,240879
28495,0.023819,172.31.40.0-255,66,158937,70,240879
28496,0.025791,172.253.118.0-255,5738,164675,70,240879
28497,0.025804,172.31.40.0-255,66,164741,70,240879
28498,0.027782,172.253.118.0-255,5738,170479,70,240879
28499,0.027793,172.31.40.0-255,66,170545,70,240879
28500,0.029792,172.253.118.0-255,5738,176283,70,240879
28501,0.029805,172.31.40.0-255,66,176349,70,240879
28502,0.031781,172.253.118.0-255,5738,182087,70,240879
28503,0.031789,172.31.40.0-255,66,182153,70,240879
28504,0.0338,172.253.118.0-255,5738,187891,70,240879
28505,0.033811,172.31.40.0-255,66,187957,70,240879
28506,0.035798,172.253.118.0-255,5738,193695,70,240879
28507,0.035808,172.31.40.0-255,66,193761,70,240879
28508,0.0378,172.253.118.0-255,5738,199499,70,240879
28509,0.037812,172.31.40.0-255,66,199565,70,240879
28510,0.039806,172.253.118.0-255,5738,205303,70,240879
28511,0.039818,172.31.40.0-255,66,205369,70,240879
28512,0.041683,172.31.40.0-255,172,205541,70,240879
28513,0.041714,172.31.40.0-255,1117,206658,70,240879
28514,0.041777,172.31.40.0-255,1514,208172,70,240879
28515,0.041779,172.31.40.0-255,1514,209686,70,240879
28516,0.041798,172.253.118.0-255,5738,215424,70,240879
28517,0.041803,172.31.40.0-255,66,215490,70,240879
28518,0.041808,172.31.40.0-255,1514,217004,70,240879
28519,0.041809,172.31.40.0-255,395,217399,70,240879
28520,0.043222,104.244.42.0-255,66,217465,70,240879
28521,0.043277,104.244.42.0-255,66,217531,70,240879
28522,0.043392,104.244.42.0-255,66,217597,70,240879
28523,0.043398,104.244.42.0-255,66,217663,70,240879
28524,0.043804,172.253.118.0-255,5738,223401,70,240879
28525,0.04381,172.31.40.0-255,66,223467,70,240879
28526,0.045781,172.253.118.0-255,5738,229205,70,240879
28527,0.045789,172.31.40.0-255,66,229271,70,240879
28528,0.047777,172.253.118.0-255,5738,235009,70,240879
28529,0.047785,172.31.40.0-255,66,235075,70,240879
28530,0.049758,172.253.118.0-255,5738,240813,70,240879
28531,0.049765,172.31.40.0-255,66,240879,70,240879
28532,0.0,172.217.194.0-255,153,153,70,241925
28533,2.2e-05,172.31.40.0-255,66,219,70,241925
28534,3e-05,172.217.194.0-255,1484,1703,70,241925
28535,3.4e-05,172.31.40.0-255,66,1769,70,241925
28536,4e-05,172.217.194.0-255,2902,4671,70,241925
28537,5.2e-05,172.31.40.0-255,66,4737,70,241925
28538,5.5e-05,172.217.194.0-255,1484,6221,70,241925
28539,5.8e-05,172.31.40.0-255,66,6287,70,241925
28540,9.3e-05,172.217.194.0-255,5738,12025,70,241925
28541,9.7e-05,172.31.40.0-255,66,12091,70,241925
28542,0.000101,172.217.194.0-255,2022,14113,70,241925
28543,0.000103,172.31.40.0-255,66,14179,70,241925
28544,0.000202,172.217.194.0-255,1484,15663,70,241925
28545,0.000207,172.31.40.0-255,66,15729,70,241925
28546,0.000212,172.217.194.0-255,2902,18631,70,241925
28547,0.000214,172.31.40.0-255,66,18697,70,241925
28548,0.000244,172.217.194.0-255,5738,24435,70,241925
28549,0.000247,172.31.40.0-255,66,24501,70,241925
28550,0.000255,172.217.194.0-255,6797,31298,70,241925
28551,0.000257,172.31.40.0-255,66,31364,70,241925
28552,0.00028,172.217.194.0-255,9992,41356,70,241925
28553,0.000283,172.31.40.0-255,66,41422,70,241925
28554,0.000304,172.217.194.0-255,4320,45742,70,241925
28555,0.000307,172.31.40.0-255,66,45808,70,241925
28556,0.000311,172.217.194.0-255,2543,48351,70,241925
28557,0.000313,172.31.40.0-255,66,48417,70,241925
28558,0.000591,172.217.194.0-255,1484,49901,70,241925
28559,0.000598,172.31.40.0-255,66,49967,70,241925
28560,0.000604,172.217.194.0-255,2902,52869,70,241925
28561,0.000607,172.31.40.0-255,66,52935,70,241925
28562,0.000657,172.217.194.0-255,5738,58673,70,241925
28563,0.00066,172.31.40.0-255,66,58739,70,241925
28564,0.000678,172.31.40.0-255,66,58805,70,241925
28565,0.000693,172.31.40.0-255,66,58871,70,241925
28566,0.000706,172.31.40.0-255,66,58937,70,241925
28567,0.000736,172.217.194.0-255,2902,61839,70,241925
28568,0.000738,172.31.40.0-255,66,61905,70,241925
28569,0.000743,172.217.194.0-255,2543,64448,70,241925
28570,0.000745,172.31.40.0-255,66,64514,70,241925
28571,0.001141,172.217.194.0-255,1484,65998,70,241925
28572,0.001149,172.217.194.0-255,2902,68900,70,241925
28573,0.001152,172.31.40.0-255,66,68966,70,241925
28574,0.001175,172.217.194.0-255,5738,74704,70,241925
28575,0.001178,172.31.40.0-255,66,74770,70,241925
28576,0.001213,172.31.40.0-255,66,74836,70,241925
28577,0.001244,172.217.194.0-255,1484,76320,70,241925
28578,0.001255,172.217.194.0-255,10692,87012,70,241925
28579,0.001257,172.31.40.0-255,66,87078,70,241925
28580,0.001797,172.217.194.0-255,1484,88562,70,241925
28581,0.001806,172.217.194.0-255,2902,91464,70,241925
28582,0.001811,172.31.40.0-255,66,91530,70,241925
28583,0.001818,172.217.194.0-255,5738,97268,70,241925
28584,0.00182,172.31.40.0-255,66,97334,70,241925
28585,0.001855,172.217.194.0-255,8574,105908,70,241925
28586,0.001857,172.31.40.0-255,66,105974,70,241925
28587,0.001898,172.217.194.0-255,5738,111712,70,241925
28588,0.001902,172.31.40.0-255,66,111778,70,241925
28589,0.001935,172.217.194.0-255,9274,121052,70,241925
28590,0.001938,172.31.40.0-255,66,121118,70,241925
28591,0.004338,172.217.194.0-255,5738,126856,70,241925
28592,0.004345,172.31.40.0-255,66,126922,70,241925
28593,0.00676,172.217.194.0-255,5738,132660,70,241925
28594,0.006767,172.31.40.0-255,66,132726,70,241925
28595,0.009125,172.217.194.0-255,5738,138464,70,241925
28596,0.009132,172.31.40.0-255,66,138530,70,241925
28597,0.011541,172.217.194.0-255,5738,144268,70,241925
28598,0.01155,172.31.40.0-255,66,144334,70,241925
28599,0.013975,172.217.194.0-255,5738,150072,70,241925
28600,0.013985,172.31.40.0-255,66,150138,70,241925
28601,0.016384,172.217.194.0-255,5738,155876,70,241925
28602,0.016392,172.31.40.0-255,66,155942,70,241925
28603,0.018778,172.217.194.0-255,5738,161680,70,241925
28604,0.018787,172.31.40.0-255,66,161746,70,241925
28605,0.021209,172.217.194.0-255,5738,167484,70,241925
28606,0.021219,172.31.40.0-255,66,167550,70,241925
28607,0.023621,172.217.194.0-255,5738,173288,70,241925
28608,0.02363,172.31.40.0-255,66,173354,70,241925
28609,0.024829,172.31.40.0-255,172,173526,70,241925
28610,0.024858,172.31.40.0-255,1117,174643,70,241925
28611,0.024921,172.31.40.0-255,1514,176157,70,241925
28612,0.024924,172.31.40.0-255,1514,177671,70,241925
28613,0.02493,172.31.40.0-255,1514,179185,70,241925
28614,0.024931,172.31.40.0-255,1514,180699,70,241925
28615,0.024949,172.31.40.0-255,1514,182213,70,241925
28616,0.024951,172.31.40.0-255,1067,183280,70,241925
28617,0.026039,172.217.194.0-255,5738,189018,70,241925
28618,0.026046,172.31.40.0-255,66,189084,70,241925
28619,0.026386,104.244.42.0-255,66,189150,70,241925
28620,0.026394,104.244.42.0-255,66,189216,70,241925
28621,0.026495,104.244.42.0-255,66,189282,70,241925
28622,0.026502,104.244.42.0-255,66,189348,70,241925
28623,0.028464,172.217.194.0-255,5738,195086,70,241925
28624,0.028474,172.31.40.0-255,66,195152,70,241925
28625,0.030933,172.217.194.0-255,5738,200890,70,241925
28626,0.030942,172.31.40.0-255,66,200956,70,241925
28627,0.033332,172.217.194.0-255,5738,206694,70,241925
28628,0.03334,172.31.40.0-255,66,206760,70,241925
28629,0.035754,172.217.194.0-255,5738,212498,70,241925
28630,0.035767,172.31.40.0-255,66,212564,70,241925
28631,0.038215,172.217.194.0-255,5738,218302,70,241925
28632,0.038223,172.31.40.0-255,66,218368,70,241925
28633,0.040624,172.217.194.0-255,5738,224106,70,241925
28634,0.040638,172.31.40.0-255,66,224172,70,241925
28635,0.043037,172.217.194.0-255,5738,229910,70,241925
28636,0.043048,172.31.40.0-255,66,229976,70,241925
28637,0.045446,172.217.194.0-255,5738,235714,70,241925
28638,0.045454,172.31.40.0-255,66,235780,70,241925
28639,0.04558,172.31.40.0-255,101,235881,70,241925
28640,0.047251,172.31.40.0-255,108,235989,70,241925
28641,0.047856,172.217.194.0-255,5738,241727,70,241925
28642,0.047865,172.31.40.0-255,66,241793,70,241925
28643,0.047937,172.217.194.0-255,66,241859,70,241925
28644,0.048801,104.244.42.0-255,66,241925,70,241925
28645,0.0,172.217.194.0-255,153,153,70,284837
28646,2.2e-05,172.31.40.0-255,66,219,70,284837
28647,2.8e-05,172.217.194.0-255,1484,1703,70,284837
28648,3.2e-05,172.31.40.0-255,66,1769,70,284837
28649,3.7e-05,172.217.194.0-255,2902,4671,70,284837
28650,3.9e-05,172.31.40.0-255,66,4737,70,284837
28651,4.5e-05,172.217.194.0-255,7156,11893,70,284837
28652,4.8e-05,172.31.40.0-255,66,11959,70,284837
28653,7e-05,172.217.194.0-255,2077,14036,70,284837
28654,7.2e-05,172.31.40.0-255,66,14102,70,284837
28655,9.9e-05,172.217.194.0-255,2902,17004,70,284837
28656,0.000102,172.31.40.0-255,66,17070,70,284837
28657,0.000127,172.217.194.0-255,7156,24226,70,284837
28658,0.00013,172.31.40.0-255,66,24292,70,284837
28659,0.000133,172.217.194.0-255,1484,25776,70,284837
28660,0.000134,172.31.40.0-255,66,25842,70,284837
28661,0.000168,172.217.194.0-255,5738,31580,70,284837
28662,0.000171,172.31.40.0-255,66,31646,70,284837
28663,0.000189,172.217.194.0-255,9633,41279,70,284837
28664,0.000191,172.31.40.0-255,66,41345,70,284837
28665,0.000198,172.217.194.0-255,6797,48142,70,284837
28666,0.0002,172.31.40.0-255,66,48208,70,284837
28667,0.000233,172.217.194.0-255,4320,52528,70,284837
28668,0.000235,172.31.40.0-255,66,52594,70,284837
28669,0.000265,172.31.40.0-255,66,52660,70,284837
28670,0.000267,172.217.194.0-255,121,52781,70,284837
28671,0.000269,172.31.40.0-255,66,52847,70,284837
28672,0.000271,172.217.194.0-255,381,53228,70,284837
28673,0.000273,172.31.40.0-255,66,53294,70,284837
28674,0.000619,172.217.194.0-255,1484,54778,70,284837
28675,0.000625,172.31.40.0-255,66,54844,70,284837
28676,0.000631,172.217.194.0-255,2902,57746,70,284837
28677,0.000634,172.31.40.0-255,66,57812,70,284837
28678,0.000641,172.217.194.0-255,5738,63550,70,284837
28679,0.000643,172.31.40.0-255,66,63616,70,284837
28680,0.000701,172.31.40.0-255,66,63682,70,284837
28681,0.00071,172.217.194.0-255,9992,73674,70,284837
28682,0.000712,172.31.40.0-255,66,73740,70,284837
28683,0.00073,172.217.194.0-255,766,74506,70,284837
28684,0.001138,172.217.194.0-255,1484,75990,70,284837
28685,0.001143,172.31.40.0-255,66,76056,70,284837
28686,0.001149,172.217.194.0-255,2902,78958,70,284837
28687,0.001151,172.31.40.0-255,66,79024,70,284837
28688,0.001157,172.217.194.0-255,4320,83344,70,284837
28689,0.001159,172.31.40.0-255,66,83410,70,284837
28690,0.001181,172.217.194.0-255,1484,84894,70,284837
28691,0.001187,172.217.194.0-255,5738,90632,70,284837
28692,0.00119,172.31.40.0-255,66,90698,70,284837
28693,0.001219,172.217.194.0-255,7156,97854,70,284837
28694,0.001222,172.31.40.0-255,66,97920,70,284837
28695,0.00123,172.217.194.0-255,8574,106494,70,284837
28696,0.001231,172.31.40.0-255,66,106560,70,284837
28697,0.001236,172.217.194.0-255,2184,108744,70,284837
28698,0.001238,172.31.40.0-255,66,108810,70,284837
28699,0.001334,172.217.194.0-255,1484,110294,70,284837
28700,0.00134,172.217.194.0-255,2902,113196,70,284837
28701,0.001343,172.31.40.0-255,66,113262,70,284837
28702,0.001348,172.217.194.0-255,2902,116164,70,284837
28703,0.00135,172.31.40.0-255,66,116230,70,284837
28704,0.001365,172.217.194.0-255,2902,119132,70,284837
28705,0.001367,172.31.40.0-255,66,119198,70,284837
28706,0.001415,172.31.40.0-255,66,119264,70,284837
28707,0.001421,172.217.194.0-255,7156,126420,70,284837
28708,0.001423,172.31.40.0-255,66,126486,70,284837
28709,0.00145,172.217.194.0-255,1484,127970,70,284837
28710,0.001464,172.217.194.0-255,2184,130154,70,284837
28711,0.001466,172.31.40.0-255,66,130220,70,284837
28712,0.001575,172.217.194.0-255,1484,131704,70,284837
28713,0.001592,172.217.194.0-255,2902,134606,70,284837
28714,0.001595,172.31.40.0-255,66,134672,70,284837
28715,0.001606,172.217.194.0-255,1484,136156,70,284837
28716,0.001621,172.217.194.0-255,4320,140476,70,284837
28717,0.001623,172.31.40.0-255,66,140542,70,284837
28718,0.001641,172.217.194.0-255,9992,150534,70,284837
28719,0.001643,172.31.40.0-255,66,150600,70,284837
28720,0.00166,172.217.194.0-255,2902,153502,70,284837
28721,0.001664,172.31.40.0-255,66,153568,70,284837
28722,0.001672,172.217.194.0-255,9992,163560,70,284837
28723,0.001675,172.31.40.0-255,66,163626,70,284837
28724,0.001677,172.217.194.0-255,766,164392,70,284837
28725,0.001901,172.217.194.0-255,1484,165876,70,284837
28726,0.001906,172.217.194.0-255,2902,168778,70,284837
28727,0.00191,172.31.40.0-255,66,168844,70,284837
28728,0.001914,172.31.40.0-255,66,168910,70,284837
28729,0.001942,172.217.194.0-255,5738,174648,70,284837
28730,0.001945,172.31.40.0-255,66,174714,70,284837
28731,0.001977,172.31.40.0-255,66,174780,70,284837
28732,0.00198,172.217.194.0-255,1484,176264,70,284837
28733,0.002001,172.217.194.0-255,2902,179166,70,284837
28734,0.002004,172.31.40.0-255,66,179232,70,284837
28735,0.002026,172.31.40.0-255,66,179298,70,284837
28736,0.002054,172.217.194.0-255,9274,188572,70,284837
28737,0.002058,172.31.40.0-255,66,188638,70,284837
28738,0.002077,172.31.40.0-255,66,188704,70,284837
28739,0.002114,172.217.194.0-255,7156,195860,70,284837
28740,0.002117,172.31.40.0-255,66,195926,70,284837
28741,0.00215,172.217.194.0-255,7856,203782,70,284837
28742,0.002154,172.31.40.0-255,66,203848,70,284837
28743,0.002169,172.31.40.0-255,66,203914,70,284837
28744,0.002176,172.217.194.0-255,7856,211770,70,284837
28745,0.002179,172.31.40.0-255,66,211836,70,284837
28746,0.002188,172.217.194.0-255,9992,221828,70,284837
28747,0.00219,172.31.40.0-255,66,221894,70,284837
28748,0.002226,172.31.40.0-255,66,221960,70,284837
28749,0.002235,172.217.194.0-255,9992,231952,70,284837
28750,0.002237,172.31.40.0-255,66,232018,70,284837
28751,0.002267,172.217.194.0-255,6438,238456,70,284837
28752,0.00227,172.31.40.0-255,66,238522,70,284837
28753,0.002287,172.31.40.0-255,66,238588,70,284837
28754,0.002295,172.217.194.0-255,8574,247162,70,284837
28755,0.002313,172.31.40.0-255,66,247228,70,284837
28756,0.002328,172.217.194.0-255,7156,254384,70,284837
28757,0.00235,172.217.194.0-255,5020,259404,70,284837
28758,0.002355,172.217.194.0-255,4320,263724,70,284837
28759,0.002357,172.31.40.0-255,66,263790,70,284837
28760,0.002363,172.31.40.0-255,66,263856,70,284837
28761,0.003279,172.31.40.0-255,101,263957,70,284837
28762,0.004646,172.217.194.0-255,5738,269695,70,284837
28763,0.004652,172.31.40.0-255,66,269761,70,284837
28764,0.00555,172.217.194.0-255,66,269827,70,284837
28765,0.006942,172.217.194.0-255,5738,275565,70,284837
28766,0.006947,172.31.40.0-255,66,275631,70,284837
28767,0.009242,172.217.194.0-255,3367,278998,70,284837
28768,0.009248,172.31.40.0-255,66,279064,70,284837
28769,0.010153,172.31.40.0-255,105,279169,70,284837
28770,0.016799,172.217.194.0-255,66,279235,70,284837
28771,0.034279,172.31.40.0-255,172,279407,70,284837
28772,0.034315,172.31.40.0-255,1118,280525,70,284837
28773,0.034377,172.31.40.0-255,1514,282039,70,284837
28774,0.034379,172.31.40.0-255,1514,283553,70,284837
28775,0.03438,172.31.40.0-255,846,284399,70,284837
28776,0.035772,104.244.42.0-255,66,284465,70,284837
28777,0.035803,104.244.42.0-255,66,284531,70,284837
28778,0.03588,104.244.42.0-255,66,284597,70,284837
28779,0.035894,104.244.42.0-255,66,284663,70,284837
28780,0.036468,104.244.42.0-255,108,284771,70,284837
28781,0.036476,172.31.40.0-255,66,284837,70,284837
28782,0.0,172.217.194.0-255,153,153,70,235800
28783,2e-05,172.31.40.0-255,66,219,70,235800
28784,2.7e-05,172.217.194.0-255,1484,1703,70,235800
28785,3e-05,172.31.40.0-255,66,1769,70,235800
28786,3.6e-05,172.217.194.0-255,2902,4671,70,235800
28787,3.9e-05,172.31.40.0-255,66,4737,70,235800
28788,4.3e-05,172.217.194.0-255,2902,7639,70,235800
28789,4.5e-05,172.31.40.0-255,66,7705,70,235800
28790,6.7e-05,172.217.194.0-255,2902,10607,70,235800
28791,7e-05,172.31.40.0-255,66,10673,70,235800
28792,7.5e-05,172.217.194.0-255,3486,14159,70,235800
28793,7.7e-05,172.31.40.0-255,66,14225,70,235800
28794,8.2e-05,172.217.194.0-255,4320,18545,70,235800
28795,8.4e-05,172.31.40.0-255,66,18611,70,235800
28796,0.000125,172.217.194.0-255,9992,28603,70,235800
28797,0.000128,172.31.40.0-255,66,28669,70,235800
28798,0.000132,172.217.194.0-255,2543,31212,70,235800
28799,0.000134,172.31.40.0-255,66,31278,70,235800
28800,0.000808,172.217.194.0-255,1484,32762,70,235800
28801,0.000815,172.31.40.0-255,66,32828,70,235800
28802,0.000824,172.217.194.0-255,2902,35730,70,235800
28803,0.000827,172.31.40.0-255,66,35796,70,235800
28804,0.000833,172.217.194.0-255,2902,38698,70,235800
28805,0.000835,172.31.40.0-255,66,38764,70,235800
28806,0.00084,172.217.194.0-255,2902,41666,70,235800
28807,0.000842,172.31.40.0-255,66,41732,70,235800
28808,0.000864,172.217.194.0-255,4320,46052,70,235800
28809,0.000867,172.31.40.0-255,66,46118,70,235800
28810,0.000888,172.217.194.0-255,7156,53274,70,235800
28811,0.000891,172.31.40.0-255,66,53340,70,235800
28812,0.000912,172.217.194.0-255,9633,62973,70,235800
28813,0.000914,172.31.40.0-255,66,63039,70,235800
28814,0.000935,172.217.194.0-255,2796,65835,70,235800
28815,0.000937,172.31.40.0-255,66,65901,70,235800
28816,0.001279,172.217.194.0-255,114,66015,70,235800
28817,0.001376,172.217.194.0-255,1484,67499,70,235800
28818,0.001384,172.31.40.0-255,66,67565,70,235800
28819,0.001391,172.217.194.0-255,2902,70467,70,235800
28820,0.001393,172.31.40.0-255,66,70533,70,235800
28821,0.001398,172.217.194.0-255,2902,73435,70,235800
28822,0.0014,172.31.40.0-255,66,73501,70,235800
28823,0.001415,172.217.194.0-255,2902,76403,70,235800
28824,0.001418,172.31.40.0-255,66,76469,70,235800
28825,0.001448,172.217.194.0-255,6797,83266,70,235800
28826,0.001452,172.31.40.0-255,66,83332,70,235800
28827,0.001505,172.217.194.0-255,7156,90488,70,235800
28828,0.001508,172.31.40.0-255,66,90554,70,235800
28829,0.001517,172.217.194.0-255,9633,100187,70,235800
28830,0.001519,172.31.40.0-255,66,100253,70,235800
28831,0.003523,172.217.194.0-255,5738,105991,70,235800
28832,0.003528,172.31.40.0-255,66,106057,70,235800
28833,0.005579,172.217.194.0-255,5738,111795,70,235800
28834,0.005587,172.31.40.0-255,66,111861,70,235800
28835,0.00762,172.217.194.0-255,5738,117599,70,235800
28836,0.007627,172.31.40.0-255,66,117665,70,235800
28837,0.009664,172.217.194.0-255,5738,123403,70,235800
28838,0.00967,172.31.40.0-255,66,123469,70,235800
28839,0.011692,172.217.194.0-255,5738,129207,70,235800
28840,0.0117,172.31.40.0-255,66,129273,70,235800
28841,0.013696,172.217.194.0-255,5738,135011,70,235800
28842,0.013703,172.31.40.0-255,66,135077,70,235800
28843,0.015719,172.217.194.0-255,5738,140815,70,235800
28844,0.015727,172.31.40.0-255,66,140881,70,235800
28845,0.017725,172.217.194.0-255,5738,146619,70,235800
28846,0.017732,172.31.40.0-255,66,146685,70,235800
28847,0.019756,172.217.194.0-255,5738,152423,70,235800
28848,0.019765,172.31.40.0-255,66,152489,70,235800
28849,0.021777,172.217.194.0-255,5738,158227,70,235800
28850,0.021784,172.31.40.0-255,66,158293,70,235800
28851,0.023817,172.217.194.0-255,5738,164031,70,235800
28852,0.023824,172.31.40.0-255,66,164097,70,235800
28853,0.025883,172.217.194.0-255,5738,169835,70,235800
28854,0.025891,172.31.40.0-255,66,169901,70,235800
28855,0.027907,172.217.194.0-255,5738,175639,70,235800
28856,0.027916,172.31.40.0-255,66,175705,70,235800
28857,0.029937,172.217.194.0-255,5738,181443,70,235800
28858,0.029944,172.31.40.0-255,66,181509,70,235800
28859,0.030701,172.31.40.0-255,172,181681,70,235800
28860,0.030733,172.31.40.0-255,1118,182799,70,235800
28861,0.030785,172.31.40.0-255,567,183366,70,235800
28862,0.031966,172.217.194.0-255,5738,189104,70,235800
28863,0.031973,172.31.40.0-255,66,189170,70,235800
28864,0.032269,104.244.42.0-255,66,189236,70,235800
28865,0.032294,104.244.42.0-255,66,189302,70,235800
28866,0.03235,104.244.42.0-255,66,189368,70,235800
28867,0.034028,172.217.194.0-255,5738,195106,70,235800
28868,0.034035,172.31.40.0-255,66,195172,70,235800
28869,0.036047,172.217.194.0-255,5738,200910,70,235800
28870,0.036053,172.31.40.0-255,66,200976,70,235800
28871,0.038074,172.217.194.0-255,5738,206714,70,235800
28872,0.038081,172.31.40.0-255,66,206780,70,235800
28873,0.04011,172.217.194.0-255,5738,212518,70,235800
28874,0.040116,172.31.40.0-255,66,212584,70,235800
28875,0.042198,172.217.194.0-255,5738,218322,70,235800
28876,0.042208,172.31.40.0-255,66,218388,70,235800
28877,0.044211,172.217.194.0-255,5738,224126,70,235800
28878,0.044217,172.31.40.0-255,66,224192,70,235800
28879,0.046241,172.217.194.0-255,5738,229930,70,235800
28880,0.046247,172.31.40.0-255,66,229996,70,235800
28881,0.048296,172.217.194.0-255,5738,235734,70,235800
28882,0.048303,172.31.40.0-255,66,235800,70,235800
28883,0.0,172.217.194.0-255,153,153,70,296982
28884,2e-05,172.31.40.0-255,66,219,70,296982
28885,2.7e-05,172.217.194.0-255,1484,1703,70,296982
28886,3.1e-05,172.31.40.0-255,66,1769,70,296982
28887,3.6e-05,172.217.194.0-255,2902,4671,70,296982
28888,3.9e-05,172.31.40.0-255,66,4737,70,296982
28889,4.4e-05,172.217.194.0-255,4320,9057,70,296982
28890,4.7e-05,172.31.40.0-255,66,9123,70,296982
28891,0.000102,172.217.194.0-255,4829,13952,70,296982
28892,0.000105,172.31.40.0-255,66,14018,70,296982
28893,0.00021,172.217.194.0-255,1484,15502,70,296982
28894,0.000213,172.31.40.0-255,66,15568,70,296982
28895,0.000218,172.217.194.0-255,2902,18470,70,296982
28896,0.00022,172.31.40.0-255,66,18536,70,296982
28897,0.000232,172.217.194.0-255,1484,20020,70,296982
28898,0.000233,172.31.40.0-255,66,20086,70,296982
28899,0.000249,172.217.194.0-255,4320,24406,70,296982
28900,0.000251,172.31.40.0-255,66,24472,70,296982
28901,0.000265,172.217.194.0-255,2902,27374,70,296982
28902,0.000267,172.31.40.0-255,66,27440,70,296982
28903,0.000292,172.217.194.0-255,3961,31401,70,296982
28904,0.000295,172.31.40.0-255,66,31467,70,296982
28905,0.0003,172.217.194.0-255,5738,37205,70,296982
28906,0.000302,172.31.40.0-255,66,37271,70,296982
28907,0.000312,172.217.194.0-255,1484,38755,70,296982
28908,0.000314,172.31.40.0-255,66,38821,70,296982
28909,0.000322,172.217.194.0-255,7156,45977,70,296982
28910,0.000324,172.31.40.0-255,66,46043,70,296982
28911,0.000338,172.217.194.0-255,1484,47527,70,296982
28912,0.00034,172.31.40.0-255,66,47593,70,296982
28913,0.000357,172.217.194.0-255,4320,51913,70,296982
28914,0.000359,172.31.40.0-255,66,51979,70,296982
28915,0.000393,172.217.194.0-255,9992,61971,70,296982
28916,0.000396,172.31.40.0-255,66,62037,70,296982
28917,0.000401,172.217.194.0-255,3602,65639,70,296982
28918,0.000403,172.31.40.0-255,66,65705,70,296982
28919,0.00044,172.217.194.0-255,380,66085,70,296982
28920,0.000513,172.217.194.0-255,363,66448,70,296982
28921,0.00072,172.217.194.0-255,1484,67932,70,296982
28922,0.000724,172.31.40.0-255,66,67998,70,296982
28923,0.00073,172.217.194.0-255,2902,70900,70,296982
28924,0.000732,172.31.40.0-255,66,70966,70,296982
28925,0.000749,172.217.194.0-255,5738,76704,70,296982
28926,0.000751,172.31.40.0-255,66,76770,70,296982
28927,0.000786,172.217.194.0-255,9992,86762,70,296982
28928,0.000789,172.31.40.0-255,66,86828,70,296982
28929,0.000822,172.217.194.0-255,8574,95402,70,296982
28930,0.000825,172.31.40.0-255,66,95468,70,296982
28931,0.000846,172.217.194.0-255,5020,100488,70,296982
28932,0.000849,172.31.40.0-255,66,100554,70,296982
28933,0.001488,172.217.194.0-255,1484,102038,70,296982
28934,0.001513,172.217.194.0-255,2902,104940,70,296982
28935,0.001518,172.31.40.0-255,66,105006,70,296982
28936,0.001526,172.217.194.0-255,5738,110744,70,296982
28937,0.001528,172.31.40.0-255,66,110810,70,296982
28938,0.001534,172.217.194.0-255,4320,115130,70,296982
28939,0.001535,172.31.40.0-255,66,115196,70,296982
28940,0.001575,172.31.40.0-255,66,115262,70,296982
28941,0.001581,172.217.194.0-255,2902,118164,70,296982
28942,0.001583,172.31.40.0-255,66,118230,70,296982
28943,0.001602,172.217.194.0-255,5020,123250,70,296982
28944,0.001604,172.31.40.0-255,66,123316,70,296982
28945,0.002176,172.217.194.0-255,1484,124800,70,296982
28946,0.002185,172.217.194.0-255,2902,127702,70,296982
28947,0.002189,172.31.40.0-255,66,127768,70,296982
28948,0.002215,172.217.194.0-255,5738,133506,70,296982
28949,0.002217,172.31.40.0-255,66,133572,70,296982
28950,0.00222,172.217.194.0-255,1484,135056,70,296982
28951,0.002237,172.217.194.0-255,7156,142212,70,296982
28952,0.002239,172.31.40.0-255,66,142278,70,296982
28953,0.002277,172.217.194.0-255,2902,145180,70,296982
28954,0.002279,172.31.40.0-255,66,145246,70,296982
28955,0.002306,172.31.40.0-255,66,145312,70,296982
28956,0.002309,172.217.194.0-255,1484,146796,70,296982
28957,0.002323,172.217.194.0-255,4320,151116,70,296982
28958,0.002325,172.31.40.0-255,66,151182,70,296982
28959,0.002344,172.217.194.0-255,9992,161174,70,296982
28960,0.002346,172.31.40.0-255,66,161240,70,296982
28961,0.002355,172.217.194.0-255,9992,171232,70,296982
28962,0.002358,172.31.40.0-255,66,171298,70,296982
28963,0.002376,172.217.194.0-255,4320,175618,70,296982
28964,0.002378,172.31.40.0-255,66,175684,70,296982
28965,0.002401,172.217.194.0-255,3602,179286,70,296982
28966,0.002403,172.31.40.0-255,66,179352,70,296982
28967,0.002638,172.217.194.0-255,1484,180836,70,296982
28968,0.002658,172.217.194.0-255,2902,183738,70,296982
28969,0.00266,172.31.40.0-255,66,183804,70,296982
28970,0.002665,172.217.194.0-255,2902,186706,70,296982
28971,0.002667,172.31.40.0-255,66,186772,70,296982
28972,0.002682,172.217.194.0-255,2902,189674,70,296982
28973,0.002685,172.31.40.0-255,66,189740,70,296982
28974,0.00269,172.217.194.0-255,2902,192642,70,296982
28975,0.002692,172.31.40.0-255,66,192708,70,296982
28976,0.002719,172.217.194.0-255,2902,195610,70,296982
28977,0.002721,172.31.40.0-255,66,195676,70,296982
28978,0.002755,172.31.40.0-255,66,195742,70,296982
28979,0.002762,172.217.194.0-255,6438,202180,70,296982
28980,0.002764,172.31.40.0-255,66,202246,70,296982
28981,0.002974,172.217.194.0-255,1484,203730,70,296982
28982,0.002986,172.217.194.0-255,2902,206632,70,296982
28983,0.002989,172.31.40.0-255,66,206698,70,296982
28984,0.003014,172.217.194.0-255,5738,212436,70,296982
28985,0.003017,172.31.40.0-255,66,212502,70,296982
28986,0.003074,172.31.40.0-255,66,212568,70,296982
28987,0.003079,172.217.194.0-255,4320,216888,70,296982
28988,0.003082,172.31.40.0-255,66,216954,70,296982
28989,0.003105,172.217.194.0-255,2902,219856,70,296982
28990,0.003107,172.31.40.0-255,66,219922,70,296982
28991,0.003141,172.31.40.0-255,66,219988,70,296982
28992,0.003158,172.31.40.0-255,66,220054,70,296982
28993,0.003163,172.217.194.0-255,3602,223656,70,296982
28994,0.003166,172.31.40.0-255,66,223722,70,296982
28995,0.003278,172.217.194.0-255,1484,225206,70,296982
28996,0.003293,172.217.194.0-255,1484,226690,70,296982
28997,0.003295,172.31.40.0-255,66,226756,70,296982
28998,0.00331,172.217.194.0-255,4320,231076,70,296982
28999,0.003313,172.31.40.0-255,66,231142,70,296982
29000,0.003344,172.217.194.0-255,7156,238298,70,296982
29001,0.003347,172.31.40.0-255,66,238364,70,296982
29002,0.003369,172.217.194.0-255,2902,241266,70,296982
29003,0.00337,172.31.40.0-255,66,241332,70,296982
29004,0.003376,172.217.194.0-255,4320,245652,70,296982
29005,0.003378,172.31.40.0-255,66,245718,70,296982
29006,0.003382,172.217.194.0-255,2902,248620,70,296982
29007,0.003384,172.31.40.0-255,66,248686,70,296982
29008,0.003389,172.217.194.0-255,4320,253006,70,296982
29009,0.003392,172.31.40.0-255,66,253072,70,296982
29010,0.003396,172.217.194.0-255,2902,255974,70,296982
29011,0.003398,172.31.40.0-255,66,256040,70,296982
29012,0.003411,172.217.194.0-255,2184,258224,70,296982
29013,0.003413,172.31.40.0-255,66,258290,70,296982
29014,0.003507,172.217.194.0-255,1484,259774,70,296982
29015,0.003512,172.217.194.0-255,2902,262676,70,296982
29016,0.003515,172.31.40.0-255,66,262742,70,296982
29017,0.003533,172.217.194.0-255,5738,268480,70,296982
29018,0.003536,172.31.40.0-255,66,268546,70,296982
29019,0.003573,172.217.194.0-255,7156,275702,70,296982
29020,0.00359,172.217.194.0-255,1484,277186,70,296982
29021,0.003622,172.217.194.0-255,9992,287178,70,296982
29022,0.003661,172.217.194.0-255,3869,291047,70,296982
29023,0.00368,172.217.194.0-255,105,291152,70,296982
29024,0.0078,172.31.40.0-255,66,291218,70,296982
29025,0.009066,172.31.40.0-255,101,291319,70,296982
29026,0.010007,172.31.40.0-255,105,291424,70,296982
29027,0.011577,172.217.194.0-255,66,291490,70,296982
29028,0.012543,172.217.194.0-255,66,291556,70,296982
29029,0.029086,172.31.40.0-255,172,291728,70,296982
29030,0.029113,172.31.40.0-255,1118,292846,70,296982
29031,0.029169,172.31.40.0-255,1514,294360,70,296982
29032,0.02917,172.31.40.0-255,1514,295874,70,296982
29033,0.029172,172.31.40.0-255,844,296718,70,296982
29034,0.030673,104.244.42.0-255,66,296784,70,296982
29035,0.030843,104.244.42.0-255,66,296850,70,296982
29036,0.030877,104.244.42.0-255,66,296916,70,296982
29037,0.030883,104.244.42.0-255,66,296982,70,296982
29038,0.0,74.125.130.0-255,150,150,70,240510
29039,1.8e-05,172.31.40.0-255,66,216,70,240510
29040,2.4e-05,74.125.130.0-255,1484,1700,70,240510
29041,2.8e-05,172.31.40.0-255,66,1766,70,240510
29042,5.1e-05,74.125.130.0-255,1484,3250,70,240510
29043,5.3e-05,172.31.40.0-255,66,3316,70,240510
29044,6.6e-05,74.125.130.0-255,1484,4800,70,240510
29045,6.9e-05,172.31.40.0-255,66,4866,70,240510
29046,7.2e-05,74.125.130.0-255,1484,6350,70,240510
29047,7.5e-05,172.31.40.0-255,66,6416,70,240510
29048,9.3e-05,74.125.130.0-255,2902,9318,70,240510
29049,9.6e-05,172.31.40.0-255,66,9384,70,240510
29050,0.000122,74.125.130.0-255,1484,10868,70,240510
29051,0.000124,172.31.40.0-255,66,10934,70,240510
29052,0.000227,74.125.130.0-255,1484,12418,70,240510
29053,0.000231,172.31.40.0-255,66,12484,70,240510
29054,0.000252,74.125.130.0-255,2001,14485,70,240510
29055,0.000255,172.31.40.0-255,66,14551,70,240510
29056,0.000306,74.125.130.0-255,1484,16035,70,240510
29057,0.000308,172.31.40.0-255,66,16101,70,240510
29058,0.000321,74.125.130.0-255,1484,17585,70,240510
29059,0.000323,172.31.40.0-255,66,17651,70,240510
29060,0.000336,74.125.130.0-255,1484,19135,70,240510
29061,0.000338,172.31.40.0-255,66,19201,70,240510
29062,0.000382,74.125.130.0-255,5738,24939,70,240510
29063,0.000386,172.31.40.0-255,66,25005,70,240510
29064,0.000414,74.125.130.0-255,7156,32161,70,240510
29065,0.000417,172.31.40.0-255,66,32227,70,240510
29066,0.000422,74.125.130.0-255,5738,37965,70,240510
29067,0.000424,172.31.40.0-255,66,38031,70,240510
29068,0.000435,74.125.130.0-255,1484,39515,70,240510
29069,0.000437,172.31.40.0-255,66,39581,70,240510
29070,0.000453,74.125.130.0-255,5738,45319,70,240510
29071,0.000455,172.31.40.0-255,66,45385,70,240510
29072,0.000479,74.125.130.0-255,3602,48987,70,240510
29073,0.000482,172.31.40.0-255,66,49053,70,240510
29074,0.000723,74.125.130.0-255,1484,50537,70,240510
29075,0.000729,74.125.130.0-255,2902,53439,70,240510
29076,0.000732,172.31.40.0-255,66,53505,70,240510
29077,0.000751,74.125.130.0-255,4320,57825,70,240510
29078,0.000753,172.31.40.0-255,66,57891,70,240510
29079,0.000767,74.125.130.0-255,1484,59375,70,240510
29080,0.000795,74.125.130.0-255,1484,60859,70,240510
29081,0.000797,172.31.40.0-255,66,60925,70,240510
29082,0.000827,74.125.130.0-255,2902,63827,70,240510
29083,0.00083,172.31.40.0-255,66,63893,70,240510
29084,0.000834,74.125.130.0-255,2832,66725,70,240510
29085,0.000836,172.31.40.0-255,66,66791,70,240510
29086,0.000855,74.125.130.0-255,365,67156,70,240510
29087,0.000973,172.31.40.0-255,66,67222,70,240510
29088,0.001784,74.125.130.0-255,1484,68706,70,240510
29089,0.001793,74.125.130.0-255,2902,71608,70,240510
29090,0.001797,172.31.40.0-255,66,71674,70,240510
29091,0.001822,74.125.130.0-255,5738,77412,70,240510
29092,0.001824,172.31.40.0-255,66,77478,70,240510
29093,0.001827,74.125.130.0-255,1484,78962,70,240510
29094,0.001851,74.125.130.0-255,5738,84700,70,240510
29095,0.001853,172.31.40.0-255,66,84766,70,240510
29096,0.001885,74.125.130.0-255,5738,90504,70,240510
29097,0.001886,172.31.40.0-255,66,90570,70,240510
29098,0.001904,74.125.130.0-255,2902,93472,70,240510
29099,0.001906,172.31.40.0-255,66,93538,70,240510
29100,0.001956,74.125.130.0-255,1484,95022,70,240510
29101,0.001971,74.125.130.0-255,6438,101460,70,240510
29102,0.001973,172.31.40.0-255,66,101526,70,240510
29103,0.003997,74.125.130.0-255,2902,104428,70,240510
29104,0.004001,172.31.40.0-255,66,104494,70,240510
29105,0.004014,74.125.130.0-255,2902,107396,70,240510
29106,0.004015,172.31.40.0-255,66,107462,70,240510
29107,0.006032,74.125.130.0-255,5738,113200,70,240510
29108,0.006038,172.31.40.0-255,66,113266,70,240510
29109,0.008063,74.125.130.0-255,5738,119004,70,240510
29110,0.008069,172.31.40.0-255,66,119070,70,240510
29111,0.01011,74.125.130.0-255,5738,124808,70,240510
29112,0.010118,172.31.40.0-255,66,124874,70,240510
29113,0.01215,74.125.130.0-255,5738,130612,70,240510
29114,0.012158,172.31.40.0-255,66,130678,70,240510
29115,0.014196,74.125.130.0-255,5738,136416,70,240510
29116,0.014202,172.31.40.0-255,66,136482,70,240510
29117,0.016227,74.125.130.0-255,5738,142220,70,240510
29118,0.016236,172.31.40.0-255,66,142286,70,240510
29119,0.01826,74.125.130.0-255,5738,148024,70,240510
29120,0.018268,172.31.40.0-255,66,148090,70,240510
29121,0.020309,74.125.130.0-255,5738,153828,70,240510
29122,0.020316,172.31.40.0-255,66,153894,70,240510
29123,0.022353,74.125.130.0-255,5738,159632,70,240510
29124,0.022359,172.31.40.0-255,66,159698,70,240510
29125,0.024389,74.125.130.0-255,5738,165436,70,240510
29126,0.024396,172.31.40.0-255,66,165502,70,240510
29127,0.025312,172.31.40.0-255,172,165674,70,240510
29128,0.025347,172.31.40.0-255,1117,166791,70,240510
29129,0.025415,172.31.40.0-255,1514,168305,70,240510
29130,0.025417,172.31.40.0-255,1514,169819,70,240510
29131,0.025418,172.31.40.0-255,845,170664,70,240510
29132,0.026426,74.125.130.0-255,5738,176402,70,240510
29133,0.026433,172.31.40.0-255,66,176468,70,240510
29134,0.026891,104.244.42.0-255,66,176534,70,240510
29135,0.026944,104.244.42.0-255,66,176600,70,240510
29136,0.026986,104.244.42.0-255,66,176666,70,240510
29137,0.028482,74.125.130.0-255,5738,182404,70,240510
29138,0.028489,172.31.40.0-255,66,182470,70,240510
29139,0.030519,74.125.130.0-255,5738,188208,70,240510
29140,0.030526,172.31.40.0-255,66,188274,70,240510
29141,0.032558,74.125.130.0-255,5738,194012,70,240510
29142,0.032563,172.31.40.0-255,66,194078,70,240510
29143,0.034603,74.125.130.0-255,5738,199816,70,240510
29144,0.034609,172.31.40.0-255,66,199882,70,240510
29145,0.036642,74.125.130.0-255,5738,205620,70,240510
29146,0.036648,172.31.40.0-255,66,205686,70,240510
29147,0.038708,74.125.130.0-255,5738,211424,70,240510
29148,0.038716,172.31.40.0-255,66,211490,70,240510
29149,0.040757,74.125.130.0-255,5738,217228,70,240510
29150,0.040764,172.31.40.0-255,66,217294,70,240510
29151,0.042802,74.125.130.0-255,5738,223032,70,240510
29152,0.042808,172.31.40.0-255,66,223098,70,240510
29153,0.04486,74.125.130.0-255,5738,228836,70,240510
29154,0.044866,172.31.40.0-255,66,228902,70,240510
29155,0.046885,74.125.130.0-255,5738,234640,70,240510
29156,0.046892,172.31.40.0-255,66,234706,70,240510
29157,0.048944,74.125.130.0-255,5738,240444,70,240510
29158,0.048951,172.31.40.0-255,66,240510,70,240510
29159,0.0,172.217.194.0-255,152,152,70,300797
29160,2.1e-05,172.31.40.0-255,66,218,70,300797
29161,2.8e-05,172.217.194.0-255,1484,1702,70,300797
29162,3.3e-05,172.31.40.0-255,66,1768,70,300797
29163,3.9e-05,172.217.194.0-255,2902,4670,70,300797
29164,4.2e-05,172.31.40.0-255,66,4736,70,300797
29165,4.9e-05,172.217.194.0-255,5738,10474,70,300797
29166,5.2e-05,172.31.40.0-255,66,10540,70,300797
29167,7.7e-05,172.217.194.0-255,2902,13442,70,300797
29168,7.9e-05,172.31.40.0-255,66,13508,70,300797
29169,9.9e-05,172.217.194.0-255,651,14159,70,300797
29170,0.000101,172.31.40.0-255,66,14225,70,300797
29171,0.000107,172.217.194.0-255,4320,18545,70,300797
29172,0.00011,172.31.40.0-255,66,18611,70,300797
29173,0.000115,172.217.194.0-255,4320,22931,70,300797
29174,0.000117,172.31.40.0-255,66,22997,70,300797
29175,0.000138,172.217.194.0-255,5738,28735,70,300797
29176,0.00014,172.31.40.0-255,66,28801,70,300797
29177,0.000144,172.217.194.0-255,2543,31344,70,300797
29178,0.000146,172.31.40.0-255,66,31410,70,300797
29179,0.000197,172.217.194.0-255,1484,32894,70,300797
29180,0.000202,172.217.194.0-255,2902,35796,70,300797
29181,0.000205,172.31.40.0-255,66,35862,70,300797
29182,0.000209,172.31.40.0-255,66,35928,70,300797
29183,0.000234,172.217.194.0-255,5738,41666,70,300797
29184,0.000237,172.31.40.0-255,66,41732,70,300797
29185,0.000244,172.217.194.0-255,6797,48529,70,300797
29186,0.000247,172.31.40.0-255,66,48595,70,300797
29187,0.000286,172.31.40.0-255,66,48661,70,300797
29188,0.00029,172.217.194.0-255,2543,51204,70,300797
29189,0.000293,172.31.40.0-255,66,51270,70,300797
29190,0.000314,172.217.194.0-255,646,51916,70,300797
29191,0.000552,172.217.194.0-255,1484,53400,70,300797
29192,0.000557,172.31.40.0-255,66,53466,70,300797
29193,0.000561,172.217.194.0-255,2902,56368,70,300797
29194,0.000564,172.31.40.0-255,66,56434,70,300797
29195,0.000566,172.217.194.0-255,1484,57918,70,300797
29196,0.000586,172.217.194.0-255,4320,62238,70,300797
29197,0.000588,172.31.40.0-255,66,62304,70,300797
29198,0.000592,172.217.194.0-255,2902,65206,70,300797
29199,0.000594,172.31.40.0-255,66,65272,70,300797
29200,0.000627,172.217.194.0-255,9992,75264,70,300797
29201,0.00063,172.31.40.0-255,66,75330,70,300797
29202,0.000644,172.217.194.0-255,7156,82486,70,300797
29203,0.000647,172.31.40.0-255,66,82552,70,300797
29204,0.000669,172.217.194.0-255,3602,86154,70,300797
29205,0.000672,172.31.40.0-255,66,86220,70,300797
29206,0.000761,172.217.194.0-255,1484,87704,70,300797
29207,0.000776,172.217.194.0-255,2902,90606,70,300797
29208,0.000778,172.31.40.0-255,66,90672,70,300797
29209,0.000783,172.217.194.0-255,2902,93574,70,300797
29210,0.000784,172.31.40.0-255,66,93640,70,300797
29211,0.000799,172.217.194.0-255,2902,96542,70,300797
29212,0.000801,172.31.40.0-255,66,96608,70,300797
29213,0.000804,172.217.194.0-255,1484,98092,70,300797
29214,0.000814,172.217.194.0-255,1484,99576,70,300797
29215,0.000817,172.31.40.0-255,66,99642,70,300797
29216,0.000827,172.217.194.0-255,2902,102544,70,300797
29217,0.000829,172.31.40.0-255,66,102610,70,300797
29218,0.000848,172.217.194.0-255,8574,111184,70,300797
29219,0.00085,172.31.40.0-255,66,111250,70,300797
29220,0.000856,172.217.194.0-255,5738,116988,70,300797
29221,0.000859,172.31.40.0-255,66,117054,70,300797
29222,0.000873,172.217.194.0-255,3602,120656,70,300797
29223,0.000875,172.31.40.0-255,66,120722,70,300797
29224,0.000935,172.217.194.0-255,1484,122206,70,300797
29225,0.000949,172.217.194.0-255,2902,125108,70,300797
29226,0.000952,172.31.40.0-255,66,125174,70,300797
29227,0.000981,172.217.194.0-255,1484,126658,70,300797
29228,0.001005,172.217.194.0-255,4320,130978,70,300797
29229,0.001008,172.31.40.0-255,66,131044,70,300797
29230,0.00102,172.31.40.0-255,66,131110,70,300797
29231,0.001026,172.217.194.0-255,7156,138266,70,300797
29232,0.001028,172.31.40.0-255,66,138332,70,300797
29233,0.001077,172.31.40.0-255,66,138398,70,300797
29234,0.001108,172.217.194.0-255,8574,146972,70,300797
29235,0.00111,172.31.40.0-255,66,147038,70,300797
29236,0.00114,172.217.194.0-255,5738,152776,70,300797
29237,0.001143,172.31.40.0-255,66,152842,70,300797
29238,0.001152,172.217.194.0-255,9274,162116,70,300797
29239,0.001154,172.31.40.0-255,66,162182,70,300797
29240,0.001204,172.217.194.0-255,1484,163666,70,300797
29241,0.001209,172.217.194.0-255,2902,166568,70,300797
29242,0.001212,172.31.40.0-255,66,166634,70,300797
29243,0.001217,172.217.194.0-255,5738,172372,70,300797
29244,0.001219,172.31.40.0-255,66,172438,70,300797
29245,0.001239,172.217.194.0-255,5738,178176,70,300797
29246,0.001242,172.31.40.0-255,66,178242,70,300797
29247,0.001281,172.217.194.0-255,7156,185398,70,300797
29248,0.001284,172.31.40.0-255,66,185464,70,300797
29249,0.001292,172.217.194.0-255,8574,194038,70,300797
29250,0.001293,172.31.40.0-255,66,194104,70,300797
29251,0.001311,172.217.194.0-255,7156,201260,70,300797
29252,0.001313,172.31.40.0-255,66,201326,70,300797
29253,0.001333,172.217.194.0-255,7856,209182,70,300797
29254,0.001336,172.31.40.0-255,66,209248,70,300797
29255,0.001347,172.217.194.0-255,8574,217822,70,300797
29256,0.001349,172.31.40.0-255,66,217888,70,300797
29257,0.001375,172.217.194.0-255,7156,225044,70,300797
29258,0.001378,172.31.40.0-255,66,225110,70,300797
29259,0.001385,172.217.194.0-255,7856,232966,70,300797
29260,0.001387,172.31.40.0-255,66,233032,70,300797
29261,0.001432,172.31.40.0-255,66,233098,70,300797
29262,0.001441,172.217.194.0-255,4320,237418,70,300797
29263,0.001446,172.217.194.0-255,5020,242438,70,300797
29264,0.001451,172.31.40.0-255,66,242504,70,300797
29265,0.001474,172.217.194.0-255,7156,249660,70,300797
29266,0.00148,172.31.40.0-255,66,249726,70,300797
29267,0.001494,172.217.194.0-255,5738,255464,70,300797
29268,0.001548,172.217.194.0-255,1484,256948,70,300797
29269,0.001554,172.217.194.0-255,6438,263386,70,300797
29270,0.001556,172.31.40.0-255,66,263452,70,300797
29271,0.001568,172.217.194.0-255,4320,267772,70,300797
29272,0.001569,172.217.194.0-255,1484,269256,70,300797
29273,0.001571,172.31.40.0-255,66,269322,70,300797
29274,0.001585,172.217.194.0-255,4320,273642,70,300797
29275,0.001595,172.31.40.0-255,66,273708,70,300797
29276,0.00163,172.217.194.0-255,5738,279446,70,300797
29277,0.001638,172.31.40.0-255,66,279512,70,300797
29278,0.001649,172.217.194.0-255,6438,285950,70,300797
29279,0.001662,172.217.194.0-255,2902,288852,70,300797
29280,0.00167,172.31.40.0-255,66,288918,70,300797
29281,0.001704,172.217.194.0-255,4320,293238,70,300797
29282,0.001718,172.217.194.0-255,2022,295260,70,300797
29283,0.001721,172.217.194.0-255,105,295365,70,300797
29284,0.009819,172.31.40.0-255,66,295431,70,300797
29285,0.010823,172.217.194.0-255,105,295536,70,300797
29286,0.010834,172.31.40.0-255,78,295614,70,300797
29287,0.015153,172.31.40.0-255,105,295719,70,300797
29288,0.017374,172.217.194.0-255,66,295785,70,300797
29289,0.044951,172.31.40.0-255,171,295956,70,300797
29290,0.044984,172.31.40.0-255,1142,297098,70,300797
29291,0.045039,172.31.40.0-255,1514,298612,70,300797
29292,0.04504,172.31.40.0-255,1514,300126,70,300797
29293,0.045042,172.31.40.0-255,407,300533,70,300797
29294,0.04653,104.244.42.0-255,66,300599,70,300797
29295,0.046576,104.244.42.0-255,66,300665,70,300797
29296,0.046622,104.244.42.0-255,66,300731,70,300797
29297,0.046634,104.244.42.0-255,66,300797,70,300797
29298,0.0,74.125.24.0-255,152,152,70,314399
29299,4.3e-05,172.31.40.0-255,66,218,70,314399
29300,4.9e-05,74.125.24.0-255,1484,1702,70,314399
29301,5.4e-05,172.31.40.0-255,66,1768,70,314399
29302,6.8e-05,74.125.24.0-255,2902,4670,70,314399
29303,7.1e-05,172.31.40.0-255,66,4736,70,314399
29304,7.8e-05,74.125.24.0-255,7156,11892,70,314399
29305,8e-05,172.31.40.0-255,66,11958,70,314399
29306,8.5e-05,74.125.24.0-255,2017,13975,70,314399
29307,8.8e-05,172.31.40.0-255,66,14041,70,314399
29308,9.1e-05,74.125.24.0-255,1484,15525,70,314399
29309,9.3e-05,172.31.40.0-255,66,15591,70,314399
29310,0.000117,74.125.24.0-255,2902,18493,70,314399
29311,0.000125,172.31.40.0-255,66,18559,70,314399
29312,0.000131,74.125.24.0-255,5738,24297,70,314399
29313,0.000133,172.31.40.0-255,66,24363,70,314399
29314,0.00017,74.125.24.0-255,6797,31160,70,314399
29315,0.000173,172.31.40.0-255,66,31226,70,314399
29316,0.000231,74.125.24.0-255,1484,32710,70,314399
29317,0.000235,172.31.40.0-255,66,32776,70,314399
29318,0.00024,74.125.24.0-255,2902,35678,70,314399
29319,0.000243,172.31.40.0-255,66,35744,70,314399
29320,0.000247,74.125.24.0-255,2902,38646,70,314399
29321,0.000254,172.31.40.0-255,66,38712,70,314399
29322,0.000278,74.125.24.0-255,1484,40196,70,314399
29323,0.00028,172.31.40.0-255,66,40262,70,314399
29324,0.000294,74.125.24.0-255,8574,48836,70,314399
29325,0.000297,172.31.40.0-255,66,48902,70,314399
29326,0.000332,74.125.24.0-255,1125,50027,70,314399
29327,0.000336,172.31.40.0-255,66,50093,70,314399
29328,0.000358,172.31.40.0-255,66,50159,70,314399
29329,0.000361,74.125.24.0-255,127,50286,70,314399
29330,0.00047,74.125.24.0-255,1484,51770,70,314399
29331,0.000475,172.31.40.0-255,66,51836,70,314399
29332,0.000479,74.125.24.0-255,2902,54738,70,314399
29333,0.000483,172.31.40.0-255,66,54804,70,314399
29334,0.000498,74.125.24.0-255,5738,60542,70,314399
29335,0.000501,172.31.40.0-255,66,60608,70,314399
29336,0.000507,74.125.24.0-255,4320,64928,70,314399
29337,0.000509,172.31.40.0-255,66,64994,70,314399
29338,0.000555,74.125.24.0-255,2244,67238,70,314399
29339,0.000559,172.31.40.0-255,66,67304,70,314399
29340,0.000825,74.125.24.0-255,1484,68788,70,314399
29341,0.00083,74.125.24.0-255,1484,70272,70,314399
29342,0.000833,172.31.40.0-255,66,70338,70,314399
29343,0.000858,74.125.24.0-255,1484,71822,70,314399
29344,0.000865,74.125.24.0-255,5738,77560,70,314399
29345,0.000868,172.31.40.0-255,66,77626,70,314399
29346,0.000916,74.125.24.0-255,6797,84423,70,314399
29347,0.000921,172.31.40.0-255,66,84489,70,314399
29348,0.001007,74.125.24.0-255,1484,85973,70,314399
29349,0.001013,74.125.24.0-255,2902,88875,70,314399
29350,0.001017,172.31.40.0-255,66,88941,70,314399
29351,0.001048,74.125.24.0-255,5738,94679,70,314399
29352,0.001052,172.31.40.0-255,66,94745,70,314399
29353,0.001057,74.125.24.0-255,4320,99065,70,314399
29354,0.00106,172.31.40.0-255,66,99131,70,314399
29355,0.001066,74.125.24.0-255,5738,104869,70,314399
29356,0.001075,172.31.40.0-255,66,104935,70,314399
29357,0.00111,74.125.24.0-255,5738,110673,70,314399
29358,0.001114,172.31.40.0-255,66,110739,70,314399
29359,0.001122,74.125.24.0-255,7856,118595,70,314399
29360,0.001125,172.31.40.0-255,66,118661,70,314399
29361,0.001448,74.125.24.0-255,1484,120145,70,314399
29362,0.001458,74.125.24.0-255,2902,123047,70,314399
29363,0.001462,172.31.40.0-255,66,123113,70,314399
29364,0.001469,74.125.24.0-255,5738,128851,70,314399
29365,0.001471,172.31.40.0-255,66,128917,70,314399
29366,0.001511,172.31.40.0-255,66,128983,70,314399
29367,0.001519,74.125.24.0-255,8574,137557,70,314399
29368,0.001521,172.31.40.0-255,66,137623,70,314399
29369,0.001555,74.125.24.0-255,2184,139807,70,314399
29370,0.001559,172.31.40.0-255,66,139873,70,314399
29371,0.001586,74.125.24.0-255,2902,142775,70,314399
29372,0.001589,172.31.40.0-255,66,142841,70,314399
29373,0.001597,74.125.24.0-255,7156,149997,70,314399
29374,0.001599,172.31.40.0-255,66,150063,70,314399
29375,0.001604,74.125.24.0-255,2902,152965,70,314399
29376,0.001613,172.31.40.0-255,66,153031,70,314399
29377,0.001649,74.125.24.0-255,7156,160187,70,314399
29378,0.001653,172.31.40.0-255,66,160253,70,314399
29379,0.001662,74.125.24.0-255,9992,170245,70,314399
29380,0.001664,172.31.40.0-255,66,170311,70,314399
29381,0.001709,74.125.24.0-255,9274,179585,70,314399
29382,0.001714,172.31.40.0-255,66,179651,70,314399
29383,0.001732,172.31.40.0-255,66,179717,70,314399
29384,0.001745,172.31.40.0-255,66,179783,70,314399
29385,0.001812,74.125.24.0-255,1484,181267,70,314399
29386,0.00183,74.125.24.0-255,2902,184169,70,314399
29387,0.001833,172.31.40.0-255,66,184235,70,314399
29388,0.00184,74.125.24.0-255,5738,189973,70,314399
29389,0.001842,172.31.40.0-255,66,190039,70,314399
29390,0.001871,74.125.24.0-255,5738,195777,70,314399
29391,0.001873,172.31.40.0-255,66,195843,70,314399
29392,0.001907,74.125.24.0-255,7156,202999,70,314399
29393,0.001911,172.31.40.0-255,66,203065,70,314399
29394,0.001918,74.125.24.0-255,7156,210221,70,314399
29395,0.00192,172.31.40.0-255,66,210287,70,314399
29396,0.001931,74.125.24.0-255,3602,213889,70,314399
29397,0.001934,172.31.40.0-255,66,213955,70,314399
29398,0.001966,74.125.24.0-255,4320,218275,70,314399
29399,0.001969,172.31.40.0-255,66,218341,70,314399
29400,0.001979,74.125.24.0-255,8574,226915,70,314399
29401,0.001981,172.31.40.0-255,66,226981,70,314399
29402,0.002003,74.125.24.0-255,1484,228465,70,314399
29403,0.002009,74.125.24.0-255,5738,234203,70,314399
29404,0.002011,172.31.40.0-255,66,234269,70,314399
29405,0.002035,74.125.24.0-255,2902,237171,70,314399
29406,0.002037,172.31.40.0-255,66,237237,70,314399
29407,0.002066,74.125.24.0-255,10692,247929,70,314399
29408,0.002068,172.31.40.0-255,66,247995,70,314399
29409,0.002145,74.125.24.0-255,1484,249479,70,314399
29410,0.002158,74.125.24.0-255,2902,252381,70,314399
29411,0.00216,172.31.40.0-255,66,252447,70,314399
29412,0.002187,74.125.24.0-255,5738,258185,70,314399
29413,0.002189,172.31.40.0-255,66,258251,70,314399
29414,0.002194,74.125.24.0-255,5738,263989,70,314399
29415,0.002196,172.31.40.0-255,66,264055,70,314399
29416,0.002229,172.31.40.0-255,66,264121,70,314399
29417,0.00225,74.125.24.0-255,1484,265605,70,314399
29418,0.002255,74.125.24.0-255,5020,270625,70,314399
29419,0.002257,172.31.40.0-255,66,270691,70,314399
29420,0.002289,74.125.24.0-255,1484,272175,70,314399
29421,0.0023,74.125.24.0-255,2902,275077,70,314399
29422,0.002302,172.31.40.0-255,66,275143,70,314399
29423,0.002305,74.125.24.0-255,1484,276627,70,314399
29424,0.002327,74.125.24.0-255,4320,280947,70,314399
29425,0.002329,172.31.40.0-255,66,281013,70,314399
29426,0.002331,74.125.24.0-255,1484,282497,70,314399
29427,0.002361,172.31.40.0-255,66,282563,70,314399
29428,0.002364,74.125.24.0-255,1484,284047,70,314399
29429,0.002366,74.125.24.0-255,1484,285531,70,314399
29430,0.002368,172.31.40.0-255,66,285597,70,314399
29431,0.002401,74.125.24.0-255,5738,291335,70,314399
29432,0.002403,172.31.40.0-255,66,291401,70,314399
29433,0.002431,74.125.24.0-255,9274,300675,70,314399
29434,0.002433,172.31.40.0-255,66,300741,70,314399
29435,0.002435,74.125.24.0-255,1484,302225,70,314399
29436,0.002439,74.125.24.0-255,4320,306545,70,314399
29437,0.00247,74.125.24.0-255,991,307536,70,314399
29438,0.002472,74.125.24.0-255,97,307633,70,314399
29439,0.00249,74.125.24.0-255,105,307738,70,314399
29440,0.004433,172.31.40.0-255,66,307804,70,314399
29441,0.006124,172.31.40.0-255,105,307909,70,314399
29442,0.008367,74.125.24.0-255,66,307975,70,314399
29443,0.035376,172.31.40.0-255,172,308147,70,314399
29444,0.035407,172.31.40.0-255,1117,309264,70,314399
29445,0.03547,172.31.40.0-255,1514,310778,70,314399
29446,0.035472,172.31.40.0-255,1514,312292,70,314399
29447,0.035477,172.31.40.0-255,1514,313806,70,314399
29448,0.035478,172.31.40.0-255,395,314201,70,314399
29449,0.036905,104.244.42.0-255,66,314267,70,314399
29450,0.037025,104.244.42.0-255,66,314333,70,314399
29451,0.037032,104.244.42.0-255,66,314399,70,314399
29452,0.0,74.125.130.0-255,152,152,70,297381
29453,1.9e-05,172.31.40.0-255,66,218,70,297381
29454,2.6e-05,74.125.130.0-255,1484,1702,70,297381
29455,3.1e-05,172.31.40.0-255,66,1768,70,297381
29456,3.4e-05,74.125.130.0-255,1484,3252,70,297381
29457,4.4e-05,172.31.40.0-255,66,3318,70,297381
29458,5e-05,74.125.130.0-255,2902,6220,70,297381
29459,5.3e-05,172.31.40.0-255,66,6286,70,297381
29460,7.8e-05,74.125.130.0-255,5738,12024,70,297381
29461,8.6e-05,172.31.40.0-255,66,12090,70,297381
29462,0.000129,74.125.130.0-255,2140,14230,70,297381
29463,0.000131,172.31.40.0-255,66,14296,70,297381
29464,0.000158,74.125.130.0-255,1484,15780,70,297381
29465,0.00016,172.31.40.0-255,66,15846,70,297381
29466,0.000171,74.125.130.0-255,1484,17330,70,297381
29467,0.000177,172.31.40.0-255,66,17396,70,297381
29468,0.000205,74.125.130.0-255,2902,20298,70,297381
29469,0.000208,172.31.40.0-255,66,20364,70,297381
29470,0.000213,74.125.130.0-255,4320,24684,70,297381
29471,0.000215,172.31.40.0-255,66,24750,70,297381
29472,0.000231,74.125.130.0-255,2902,27652,70,297381
29473,0.000233,172.31.40.0-255,66,27718,70,297381
29474,0.000262,74.125.130.0-255,3961,31679,70,297381
29475,0.000264,172.31.40.0-255,66,31745,70,297381
29476,0.000387,74.125.130.0-255,1484,33229,70,297381
29477,0.000391,172.31.40.0-255,66,33295,70,297381
29478,0.000397,74.125.130.0-255,2902,36197,70,297381
29479,0.000399,172.31.40.0-255,66,36263,70,297381
29480,0.000425,74.125.130.0-255,5738,42001,70,297381
29481,0.000431,172.31.40.0-255,66,42067,70,297381
29482,0.000435,74.125.130.0-255,2902,44969,70,297381
29483,0.000438,172.31.40.0-255,66,45035,70,297381
29484,0.000441,74.125.130.0-255,1484,46519,70,297381
29485,0.000471,74.125.130.0-255,2543,49062,70,297381
29486,0.000474,172.31.40.0-255,66,49128,70,297381
29487,0.000501,74.125.130.0-255,5738,54866,70,297381
29488,0.000504,172.31.40.0-255,66,54932,70,297381
29489,0.000534,74.125.130.0-255,7156,62088,70,297381
29490,0.000537,172.31.40.0-255,66,62154,70,297381
29491,0.000542,74.125.130.0-255,3961,66115,70,297381
29492,0.000544,172.31.40.0-255,66,66181,70,297381
29493,0.001029,74.125.130.0-255,648,66829,70,297381
29494,0.001145,172.31.40.0-255,66,66895,70,297381
29495,0.001352,74.125.130.0-255,1484,68379,70,297381
29496,0.001361,74.125.130.0-255,2902,71281,70,297381
29497,0.001365,172.31.40.0-255,66,71347,70,297381
29498,0.001386,74.125.130.0-255,5738,77085,70,297381
29499,0.001389,172.31.40.0-255,66,77151,70,297381
29500,0.001394,74.125.130.0-255,2902,80053,70,297381
29501,0.001396,172.31.40.0-255,66,80119,70,297381
29502,0.001401,74.125.130.0-255,4320,84439,70,297381
29503,0.001403,172.31.40.0-255,66,84505,70,297381
29504,0.001452,74.125.130.0-255,8574,93079,70,297381
29505,0.001455,172.31.40.0-255,66,93145,70,297381
29506,0.001462,74.125.130.0-255,5738,98883,70,297381
29507,0.001464,172.31.40.0-255,66,98949,70,297381
29508,0.001501,74.125.130.0-255,2184,101133,70,297381
29509,0.001505,172.31.40.0-255,66,101199,70,297381
29510,0.001542,74.125.130.0-255,1484,102683,70,297381
29511,0.001556,74.125.130.0-255,2902,105585,70,297381
29512,0.001558,172.31.40.0-255,66,105651,70,297381
29513,0.001585,74.125.130.0-255,1484,107135,70,297381
29514,0.001608,74.125.130.0-255,4320,111455,70,297381
29515,0.00161,172.31.40.0-255,66,111521,70,297381
29516,0.001629,74.125.130.0-255,7156,118677,70,297381
29517,0.001631,172.31.40.0-255,66,118743,70,297381
29518,0.001662,74.125.130.0-255,5738,124481,70,297381
29519,0.001664,172.31.40.0-255,66,124547,70,297381
29520,0.001671,74.125.130.0-255,7156,131703,70,297381
29521,0.001673,172.31.40.0-255,66,131769,70,297381
29522,0.001714,74.125.130.0-255,1484,133253,70,297381
29523,0.001763,74.125.130.0-255,1484,134737,70,297381
29524,0.001767,172.31.40.0-255,66,134803,70,297381
29525,0.00177,74.125.130.0-255,766,135569,70,297381
29526,0.0018,74.125.130.0-255,1484,137053,70,297381
29527,0.001803,172.31.40.0-255,66,137119,70,297381
29528,0.00185,74.125.130.0-255,1484,138603,70,297381
29529,0.001869,74.125.130.0-255,2902,141505,70,297381
29530,0.001871,172.31.40.0-255,66,141571,70,297381
29531,0.00189,74.125.130.0-255,5738,147309,70,297381
29532,0.001892,172.31.40.0-255,66,147375,70,297381
29533,0.001896,74.125.130.0-255,2902,150277,70,297381
29534,0.001897,172.31.40.0-255,66,150343,70,297381
29535,0.001939,74.125.130.0-255,4320,154663,70,297381
29536,0.001942,172.31.40.0-255,66,154729,70,297381
29537,0.001945,74.125.130.0-255,1484,156213,70,297381
29538,0.001966,74.125.130.0-255,4320,160533,70,297381
29539,0.001968,172.31.40.0-255,66,160599,70,297381
29540,0.001985,74.125.130.0-255,2902,163501,70,297381
29541,0.001987,172.31.40.0-255,66,163567,70,297381
29542,0.002011,74.125.130.0-255,6438,170005,70,297381
29543,0.002014,172.31.40.0-255,66,170071,70,297381
29544,0.004242,74.125.130.0-255,5738,175809,70,297381
29545,0.004249,172.31.40.0-255,66,175875,70,297381
29546,0.006477,74.125.130.0-255,5738,181613,70,297381
29547,0.006483,172.31.40.0-255,66,181679,70,297381
29548,0.008724,74.125.130.0-255,5738,187417,70,297381
29549,0.008731,172.31.40.0-255,66,187483,70,297381
29550,0.010954,74.125.130.0-255,5738,193221,70,297381
29551,0.010963,172.31.40.0-255,66,193287,70,297381
29552,0.013188,74.125.130.0-255,5738,199025,70,297381
29553,0.013196,172.31.40.0-255,66,199091,70,297381
29554,0.015417,74.125.130.0-255,5738,204829,70,297381
29555,0.015425,172.31.40.0-255,66,204895,70,297381
29556,0.017649,74.125.130.0-255,5738,210633,70,297381
29557,0.017655,172.31.40.0-255,66,210699,70,297381
29558,0.019883,74.125.130.0-255,5738,216437,70,297381
29559,0.01991,172.31.40.0-255,66,216503,70,297381
29560,0.022132,74.125.130.0-255,5738,222241,70,297381
29561,0.022142,172.31.40.0-255,66,222307,70,297381
29562,0.024373,74.125.130.0-255,5738,228045,70,297381
29563,0.024382,172.31.40.0-255,66,228111,70,297381
29564,0.02661,74.125.130.0-255,5738,233849,70,297381
29565,0.026618,172.31.40.0-255,66,233915,70,297381
29566,0.028841,74.125.130.0-255,5738,239653,70,297381
29567,0.02885,172.31.40.0-255,66,239719,70,297381
29568,0.031089,74.125.130.0-255,5738,245457,70,297381
29569,0.031098,172.31.40.0-255,66,245523,70,297381
29570,0.033325,74.125.130.0-255,5738,251261,70,297381
29571,0.033332,172.31.40.0-255,66,251327,70,297381
29572,0.035084,172.31.40.0-255,172,251499,70,297381
29573,0.035118,172.31.40.0-255,1119,252618,70,297381
29574,0.035188,172.31.40.0-255,1514,254132,70,297381
29575,0.035215,172.31.40.0-255,1514,255646,70,297381
29576,0.035219,172.31.40.0-255,843,256489,70,297381
29577,0.035552,74.125.130.0-255,5738,262227,70,297381
29578,0.035558,172.31.40.0-255,66,262293,70,297381
29579,0.036633,104.244.42.0-255,66,262359,70,297381
29580,0.036678,104.244.42.0-255,66,262425,70,297381
29581,0.036763,104.244.42.0-255,66,262491,70,297381
29582,0.036768,104.244.42.0-255,66,262557,70,297381
29583,0.037788,74.125.130.0-255,5738,268295,70,297381
29584,0.037798,172.31.40.0-255,66,268361,70,297381
29585,0.040076,74.125.130.0-255,5738,274099,70,297381
29586,0.040095,172.31.40.0-255,66,274165,70,297381
29587,0.042329,74.125.130.0-255,5738,279903,70,297381
29588,0.042344,172.31.40.0-255,66,279969,70,297381
29589,0.044583,74.125.130.0-255,5738,285707,70,297381
29590,0.044595,172.31.40.0-255,66,285773,70,297381
29591,0.046864,74.125.130.0-255,5738,291511,70,297381
29592,0.046882,172.31.40.0-255,66,291577,70,297381
29593,0.049138,74.125.130.0-255,5738,297315,70,297381
29594,0.049149,172.31.40.0-255,66,297381,70,297381
29595,0.0,74.125.24.0-255,150,150,70,293167
29596,1.8e-05,172.31.40.0-255,66,216,70,293167
29597,2.5e-05,74.125.24.0-255,1484,1700,70,293167
29598,2.9e-05,172.31.40.0-255,66,1766,70,293167
29599,3.5e-05,74.125.24.0-255,2902,4668,70,293167
29600,3.8e-05,172.31.40.0-255,66,4734,70,293167
29601,6.8e-05,74.125.24.0-255,4320,9054,70,293167
29602,7.1e-05,172.31.40.0-255,66,9120,70,293167
29603,8.8e-05,74.125.24.0-255,4835,13955,70,293167
29604,9.1e-05,172.31.40.0-255,66,14021,70,293167
29605,0.000313,74.125.24.0-255,1484,15505,70,293167
29606,0.000318,172.31.40.0-255,66,15571,70,293167
29607,0.000335,74.125.24.0-255,2902,18473,70,293167
29608,0.000337,172.31.40.0-255,66,18539,70,293167
29609,0.000361,74.125.24.0-255,4320,22859,70,293167
29610,0.000365,172.31.40.0-255,66,22925,70,293167
29611,0.000401,74.125.24.0-255,7156,30081,70,293167
29612,0.000405,172.31.40.0-255,66,30147,70,293167
29613,0.000425,74.125.24.0-255,1125,31272,70,293167
29614,0.000427,172.31.40.0-255,66,31338,70,293167
29615,0.000531,74.125.24.0-255,1484,32822,70,293167
29616,0.000535,172.31.40.0-255,66,32888,70,293167
29617,0.000547,74.125.24.0-255,1484,34372,70,293167
29618,0.000549,172.31.40.0-255,66,34438,70,293167
29619,0.000555,74.125.24.0-255,2902,37340,70,293167
29620,0.000558,172.31.40.0-255,66,37406,70,293167
29621,0.000589,74.125.24.0-255,5738,43144,70,293167
29622,0.000592,172.31.40.0-255,66,43210,70,293167
29623,0.00062,74.125.24.0-255,1484,44694,70,293167
29624,0.000623,172.31.40.0-255,66,44760,70,293167
29625,0.000643,74.125.24.0-255,2902,47662,70,293167
29626,0.000646,172.31.40.0-255,66,47728,70,293167
29627,0.000665,74.125.24.0-255,2902,50630,70,293167
29628,0.000668,172.31.40.0-255,66,50696,70,293167
29629,0.000691,74.125.24.0-255,3961,54657,70,293167
29630,0.000694,172.31.40.0-255,66,54723,70,293167
29631,0.000699,74.125.24.0-255,4320,59043,70,293167
29632,0.000701,172.31.40.0-255,66,59109,70,293167
29633,0.00072,74.125.24.0-255,6797,65906,70,293167
29634,0.000723,172.31.40.0-255,66,65972,70,293167
29635,0.00074,74.125.24.0-255,401,66373,70,293167
29636,0.000777,74.125.24.0-255,109,66482,70,293167
29637,0.000792,74.125.24.0-255,329,66811,70,293167
29638,0.000998,74.125.24.0-255,1484,68295,70,293167
29639,0.001003,172.31.40.0-255,66,68361,70,293167
29640,0.001009,74.125.24.0-255,2902,71263,70,293167
29641,0.001011,172.31.40.0-255,66,71329,70,293167
29642,0.001016,74.125.24.0-255,2902,74231,70,293167
29643,0.001018,172.31.40.0-255,66,74297,70,293167
29644,0.001038,74.125.24.0-255,2902,77199,70,293167
29645,0.00104,172.31.40.0-255,66,77265,70,293167
29646,0.001047,74.125.24.0-255,4320,81585,70,293167
29647,0.001049,172.31.40.0-255,66,81651,70,293167
29648,0.001075,74.125.24.0-255,8574,90225,70,293167
29649,0.001077,172.31.40.0-255,66,90291,70,293167
29650,0.001084,74.125.24.0-255,7156,97447,70,293167
29651,0.001085,172.31.40.0-255,66,97513,70,293167
29652,0.001108,74.125.24.0-255,3602,101115,70,293167
29653,0.00111,172.31.40.0-255,66,101181,70,293167
29654,0.001956,74.125.24.0-255,1484,102665,70,293167
29655,0.001968,74.125.24.0-255,2902,105567,70,293167
29656,0.001973,172.31.40.0-255,66,105633,70,293167
29657,0.002002,74.125.24.0-255,2902,108535,70,293167
29658,0.002005,172.31.40.0-255,66,108601,70,293167
29659,0.002025,74.125.24.0-255,2902,111503,70,293167
29660,0.002028,172.31.40.0-255,66,111569,70,293167
29661,0.002038,74.125.24.0-255,9992,121561,70,293167
29662,0.00204,172.31.40.0-255,66,121627,70,293167
29663,0.002043,74.125.24.0-255,1484,123111,70,293167
29664,0.002064,74.125.24.0-255,7156,130267,70,293167
29665,0.002066,172.31.40.0-255,66,130333,70,293167
29666,0.002085,74.125.24.0-255,2902,133235,70,293167
29667,0.002088,172.31.40.0-255,66,133301,70,293167
29668,0.002092,74.125.24.0-255,2184,135485,70,293167
29669,0.002094,172.31.40.0-255,66,135551,70,293167
29670,0.002191,74.125.24.0-255,1484,137035,70,293167
29671,0.0022,74.125.24.0-255,2902,139937,70,293167
29672,0.002203,172.31.40.0-255,66,140003,70,293167
29673,0.00221,74.125.24.0-255,5738,145741,70,293167
29674,0.002212,172.31.40.0-255,66,145807,70,293167
29675,0.002218,74.125.24.0-255,4320,150127,70,293167
29676,0.00222,172.31.40.0-255,66,150193,70,293167
29677,0.002275,172.31.40.0-255,66,150259,70,293167
29678,0.002285,74.125.24.0-255,7856,158115,70,293167
29679,0.002287,172.31.40.0-255,66,158181,70,293167
29680,0.002292,74.125.24.0-255,2902,161083,70,293167
29681,0.002295,172.31.40.0-255,66,161149,70,293167
29682,0.002314,74.125.24.0-255,5738,166887,70,293167
29683,0.002317,172.31.40.0-255,66,166953,70,293167
29684,0.002351,172.31.40.0-255,66,167019,70,293167
29685,0.002354,74.125.24.0-255,1484,168503,70,293167
29686,0.00465,74.125.24.0-255,1484,169987,70,293167
29687,0.004654,172.31.40.0-255,66,170053,70,293167
29688,0.00467,74.125.24.0-255,2902,172955,70,293167
29689,0.004673,172.31.40.0-255,66,173021,70,293167
29690,0.006964,74.125.24.0-255,2902,175923,70,293167
29691,0.006969,172.31.40.0-255,66,175989,70,293167
29692,0.007008,74.125.24.0-255,2902,178891,70,293167
29693,0.007011,172.31.40.0-255,66,178957,70,293167
29694,0.009297,74.125.24.0-255,2902,181859,70,293167
29695,0.009307,172.31.40.0-255,66,181925,70,293167
29696,0.009332,74.125.24.0-255,2902,184827,70,293167
29697,0.009335,172.31.40.0-255,66,184893,70,293167
29698,0.01162,74.125.24.0-255,2902,187795,70,293167
29699,0.011628,172.31.40.0-255,66,187861,70,293167
29700,0.011655,74.125.24.0-255,2902,190763,70,293167
29701,0.011657,172.31.40.0-255,66,190829,70,293167
29702,0.013935,74.125.24.0-255,2902,193731,70,293167
29703,0.013945,172.31.40.0-255,66,193797,70,293167
29704,0.013976,74.125.24.0-255,2902,196699,70,293167
29705,0.013979,172.31.40.0-255,66,196765,70,293167
29706,0.016242,74.125.24.0-255,2902,199667,70,293167
29707,0.01625,172.31.40.0-255,66,199733,70,293167
29708,0.016315,74.125.24.0-255,2902,202635,70,293167
29709,0.016319,172.31.40.0-255,66,202701,70,293167
29710,0.018583,74.125.24.0-255,2902,205603,70,293167
29711,0.01859,172.31.40.0-255,66,205669,70,293167
29712,0.018624,74.125.24.0-255,2902,208571,70,293167
29713,0.018628,172.31.40.0-255,66,208637,70,293167
29714,0.020923,74.125.24.0-255,2902,211539,70,293167
29715,0.02093,172.31.40.0-255,66,211605,70,293167
29716,0.020952,74.125.24.0-255,2902,214507,70,293167
29717,0.020955,172.31.40.0-255,66,214573,70,293167
29718,0.023246,74.125.24.0-255,2902,217475,70,293167
29719,0.023253,172.31.40.0-255,66,217541,70,293167
29720,0.023278,74.125.24.0-255,2902,220443,70,293167
29721,0.023281,172.31.40.0-255,66,220509,70,293167
29722,0.025623,74.125.24.0-255,2902,223411,70,293167
29723,0.02563,172.31.40.0-255,66,223477,70,293167
29724,0.025666,74.125.24.0-255,2902,226379,70,293167
29725,0.02567,172.31.40.0-255,66,226445,70,293167
29726,0.027969,74.125.24.0-255,2902,229347,70,293167
29727,0.027976,172.31.40.0-255,66,229413,70,293167
29728,0.027998,74.125.24.0-255,2902,232315,70,293167
29729,0.028001,172.31.40.0-255,66,232381,70,293167
29730,0.030293,74.125.24.0-255,2902,235283,70,293167
29731,0.0303,172.31.40.0-255,66,235349,70,293167
29732,0.030332,74.125.24.0-255,2902,238251,70,293167
29733,0.030334,172.31.40.0-255,66,238317,70,293167
29734,0.030374,172.31.40.0-255,172,238489,70,293167
29735,0.030397,172.31.40.0-255,1117,239606,70,293167
29736,0.030496,172.31.40.0-255,1514,241120,70,293167
29737,0.030497,172.31.40.0-255,1514,242634,70,293167
29738,0.030498,172.31.40.0-255,1514,244148,70,293167
29739,0.030499,172.31.40.0-255,1514,245662,70,293167
29740,0.030528,172.31.40.0-255,635,246297,70,293167
29741,0.031919,104.244.42.0-255,66,246363,70,293167
29742,0.031954,104.244.42.0-255,66,246429,70,293167
29743,0.032082,104.244.42.0-255,66,246495,70,293167
29744,0.032103,104.244.42.0-255,66,246561,70,293167
29745,0.032617,104.244.42.0-255,108,246669,70,293167
29746,0.032625,172.31.40.0-255,66,246735,70,293167
29747,0.032646,74.125.24.0-255,5738,252473,70,293167
29748,0.032649,172.31.40.0-255,66,252539,70,293167
29749,0.034959,74.125.24.0-255,5738,258277,70,293167
29750,0.034964,172.31.40.0-255,66,258343,70,293167
29751,0.03728,74.125.24.0-255,5738,264081,70,293167
29752,0.037285,172.31.40.0-255,66,264147,70,293167
29753,0.039602,74.125.24.0-255,5738,269885,70,293167
29754,0.03961,172.31.40.0-255,66,269951,70,293167
29755,0.041996,74.125.24.0-255,5738,275689,70,293167
29756,0.042004,172.31.40.0-255,66,275755,70,293167
29757,0.044326,74.125.24.0-255,5738,281493,70,293167
29758,0.044333,172.31.40.0-255,66,281559,70,293167
29759,0.046645,74.125.24.0-255,5738,287297,70,293167
29760,0.046651,172.31.40.0-255,66,287363,70,293167
29761,0.049,74.125.24.0-255,5738,293101,70,293167
29762,0.049007,172.31.40.0-255,66,293167,70,293167
29763,0.0,74.125.68.0-255,146,146,70,287566
29764,1.6e-05,172.31.40.0-255,66,212,70,287566
29765,2.2e-05,74.125.68.0-255,1484,1696,70,287566
29766,2.7e-05,172.31.40.0-255,66,1762,70,287566
29767,3.2e-05,74.125.68.0-255,2902,4664,70,287566
29768,3.5e-05,172.31.40.0-255,66,4730,70,287566
29769,6.6e-05,74.125.68.0-255,5738,10468,70,287566
29770,6.8e-05,172.31.40.0-255,66,10534,70,287566
29771,7.2e-05,74.125.68.0-255,1484,12018,70,287566
29772,7.4e-05,172.31.40.0-255,66,12084,70,287566
29773,7.9e-05,74.125.68.0-255,2127,14211,70,287566
29774,8.1e-05,172.31.40.0-255,66,14277,70,287566
29775,0.000145,74.125.68.0-255,1484,15761,70,287566
29776,0.000148,172.31.40.0-255,66,15827,70,287566
29777,0.00017,74.125.68.0-255,2902,18729,70,287566
29778,0.000173,172.31.40.0-255,66,18795,70,287566
29779,0.000175,74.125.68.0-255,1484,20279,70,287566
29780,0.000177,172.31.40.0-255,66,20345,70,287566
29781,0.000182,74.125.68.0-255,2902,23247,70,287566
29782,0.000184,172.31.40.0-255,66,23313,70,287566
29783,0.000212,74.125.68.0-255,5738,29051,70,287566
29784,0.000215,172.31.40.0-255,66,29117,70,287566
29785,0.000219,74.125.68.0-255,2543,31660,70,287566
29786,0.000221,172.31.40.0-255,66,31726,70,287566
29787,0.000313,74.125.68.0-255,1484,33210,70,287566
29788,0.000316,172.31.40.0-255,66,33276,70,287566
29789,0.000321,74.125.68.0-255,1484,34760,70,287566
29790,0.000323,172.31.40.0-255,66,34826,70,287566
29791,0.000326,74.125.68.0-255,1484,36310,70,287566
29792,0.000328,172.31.40.0-255,66,36376,70,287566
29793,0.000352,74.125.68.0-255,1484,37860,70,287566
29794,0.000354,172.31.40.0-255,66,37926,70,287566
29795,0.000361,74.125.68.0-255,5738,43664,70,287566
29796,0.000363,172.31.40.0-255,66,43730,70,287566
29797,0.00039,74.125.68.0-255,5379,49109,70,287566
29798,0.000393,172.31.40.0-255,66,49175,70,287566
29799,0.0004,74.125.68.0-255,5738,54913,70,287566
29800,0.000402,172.31.40.0-255,66,54979,70,287566
29801,0.000418,74.125.68.0-255,1484,56463,70,287566
29802,0.000438,74.125.68.0-255,9944,66407,70,287566
29803,0.00044,172.31.40.0-255,66,66473,70,287566
29804,0.000443,74.125.68.0-255,114,66587,70,287566
29805,0.000459,74.125.68.0-255,328,66915,70,287566
29806,0.000787,74.125.68.0-255,1484,68399,70,287566
29807,0.000792,172.31.40.0-255,66,68465,70,287566
29808,0.000798,74.125.68.0-255,2902,71367,70,287566
29809,0.0008,172.31.40.0-255,66,71433,70,287566
29810,0.000828,74.125.68.0-255,1484,72917,70,287566
29811,0.000852,74.125.68.0-255,4320,77237,70,287566
29812,0.000855,172.31.40.0-255,66,77303,70,287566
29813,0.00086,74.125.68.0-255,4320,81623,70,287566
29814,0.000862,172.31.40.0-255,66,81689,70,287566
29815,0.000868,74.125.68.0-255,5738,87427,70,287566
29816,0.000871,172.31.40.0-255,66,87493,70,287566
29817,0.00088,74.125.68.0-255,8574,96067,70,287566
29818,0.000883,172.31.40.0-255,66,96133,70,287566
29819,0.000906,74.125.68.0-255,2902,99035,70,287566
29820,0.00091,74.125.68.0-255,2184,101219,70,287566
29821,0.000914,172.31.40.0-255,66,101285,70,287566
29822,0.000917,172.31.40.0-255,66,101351,70,287566
29823,0.001923,74.125.68.0-255,1484,102835,70,287566
29824,0.001936,74.125.68.0-255,2902,105737,70,287566
29825,0.00194,172.31.40.0-255,66,105803,70,287566
29826,0.001949,74.125.68.0-255,5738,111541,70,287566
29827,0.001951,172.31.40.0-255,66,111607,70,287566
29828,0.00198,74.125.68.0-255,7156,118763,70,287566
29829,0.001982,172.31.40.0-255,66,118829,70,287566
29830,0.002002,74.125.68.0-255,5738,124567,70,287566
29831,0.002004,172.31.40.0-255,66,124633,70,287566
29832,0.002021,74.125.68.0-255,7156,131789,70,287566
29833,0.002024,172.31.40.0-255,66,131855,70,287566
29834,0.002048,74.125.68.0-255,3602,135457,70,287566
29835,0.002051,172.31.40.0-255,66,135523,70,287566
29836,0.00214,74.125.68.0-255,1484,137007,70,287566
29837,0.002155,74.125.68.0-255,2902,139909,70,287566
29838,0.002158,172.31.40.0-255,66,139975,70,287566
29839,0.002175,74.125.68.0-255,5738,145713,70,287566
29840,0.002177,172.31.40.0-255,66,145779,70,287566
29841,0.002197,74.125.68.0-255,1484,147263,70,287566
29842,0.002232,172.31.40.0-255,66,147329,70,287566
29843,0.00225,74.125.68.0-255,5738,153067,70,287566
29844,0.002253,172.31.40.0-255,66,153133,70,287566
29845,0.002276,74.125.68.0-255,7856,160989,70,287566
29846,0.002278,172.31.40.0-255,66,161055,70,287566
29847,0.002281,74.125.68.0-255,1484,162539,70,287566
29848,0.004525,74.125.68.0-255,4320,166859,70,287566
29849,0.004531,172.31.40.0-255,66,166925,70,287566
29850,0.005634,172.31.40.0-255,101,167026,70,287566
29851,0.006781,74.125.68.0-255,5738,172764,70,287566
29852,0.006786,172.31.40.0-255,66,172830,70,287566
29853,0.007848,74.125.68.0-255,66,172896,70,287566
29854,0.009038,74.125.68.0-255,5738,178634,70,287566
29855,0.009044,172.31.40.0-255,66,178700,70,287566
29856,0.011301,74.125.68.0-255,5738,184438,70,287566
29857,0.011309,172.31.40.0-255,66,184504,70,287566
29858,0.013569,74.125.68.0-255,5738,190242,70,287566
29859,0.013577,172.31.40.0-255,66,190308,70,287566
29860,0.01584,74.125.68.0-255,5738,196046,70,287566
29861,0.015848,172.31.40.0-255,66,196112,70,287566
29862,0.018095,74.125.68.0-255,5738,201850,70,287566
29863,0.018102,172.31.40.0-255,66,201916,70,287566
29864,0.020361,74.125.68.0-255,5738,207654,70,287566
29865,0.020368,172.31.40.0-255,66,207720,70,287566
29866,0.022615,74.125.68.0-255,5738,213458,70,287566
29867,0.022622,172.31.40.0-255,66,213524,70,287566
29868,0.024876,74.125.68.0-255,5738,219262,70,287566
29869,0.024882,172.31.40.0-255,66,219328,70,287566
29870,0.026936,172.31.40.0-255,172,219500,70,287566
29871,0.02697,172.31.40.0-255,1113,220613,70,287566
29872,0.02703,172.31.40.0-255,1514,222127,70,287566
29873,0.027032,172.31.40.0-255,1331,223458,70,287566
29874,0.027165,74.125.68.0-255,5738,229196,70,287566
29875,0.027172,172.31.40.0-255,66,229262,70,287566
29876,0.028412,104.244.42.0-255,66,229328,70,287566
29877,0.028443,104.244.42.0-255,66,229394,70,287566
29878,0.02851,104.244.42.0-255,66,229460,70,287566
29879,0.029408,74.125.68.0-255,1484,230944,70,287566
29880,0.029429,74.125.68.0-255,4320,235264,70,287566
29881,0.029434,172.31.40.0-255,66,235330,70,287566
29882,0.031685,74.125.68.0-255,5738,241068,70,287566
29883,0.031691,172.31.40.0-255,66,241134,70,287566
29884,0.033943,74.125.68.0-255,5738,246872,70,287566
29885,0.033952,172.31.40.0-255,66,246938,70,287566
29886,0.03625,74.125.68.0-255,5738,252676,70,287566
29887,0.03626,172.31.40.0-255,66,252742,70,287566
29888,0.038509,74.125.68.0-255,5738,258480,70,287566
29889,0.038514,172.31.40.0-255,66,258546,70,287566
29890,0.040781,74.125.68.0-255,5738,264284,70,287566
29891,0.040787,172.31.40.0-255,66,264350,70,287566
29892,0.043063,74.125.68.0-255,5738,270088,70,287566
29893,0.043071,172.31.40.0-255,66,270154,70,287566
29894,0.045334,74.125.68.0-255,5738,275892,70,287566
29895,0.04534,172.31.40.0-255,66,275958,70,287566
29896,0.047591,74.125.68.0-255,5738,281696,70,287566
29897,0.047598,172.31.40.0-255,66,281762,70,287566
29898,0.049854,74.125.68.0-255,5738,287500,70,287566
29899,0.04986,172.31.40.0-255,66,287566,70,287566
29900,0.0,172.217.160.0-255,153,153,70,213486
29901,2.7e-05,172.31.40.0-255,66,219,70,213486
29902,3.4e-05,172.217.160.0-255,1484,1703,70,213486
29903,3.8e-05,172.31.40.0-255,66,1769,70,213486
29904,4.4e-05,172.217.160.0-255,2902,4671,70,213486
29905,5.5e-05,172.31.40.0-255,66,4737,70,213486
29906,8.9e-05,172.217.160.0-255,7156,11893,70,213486
29907,9.2e-05,172.31.40.0-255,66,11959,70,213486
29908,0.000224,172.217.160.0-255,2139,14098,70,213486
29909,0.000228,172.31.40.0-255,66,14164,70,213486
29910,0.000266,172.217.160.0-255,2902,17066,70,213486
29911,0.00027,172.31.40.0-255,66,17132,70,213486
29912,0.000312,172.217.160.0-255,2902,20034,70,213486
29913,0.000315,172.31.40.0-255,66,20100,70,213486
29914,0.000333,172.217.160.0-255,1484,21584,70,213486
29915,0.000336,172.31.40.0-255,66,21650,70,213486
29916,0.000397,172.217.160.0-255,2902,24552,70,213486
29917,0.000402,172.31.40.0-255,66,24618,70,213486
29918,0.000432,172.217.160.0-255,5738,30356,70,213486
29919,0.000436,172.31.40.0-255,66,30422,70,213486
29920,0.000557,172.217.160.0-255,1125,31547,70,213486
29921,0.000561,172.31.40.0-255,66,31613,70,213486
29922,0.00059,172.217.160.0-255,1484,33097,70,213486
29923,0.000593,172.31.40.0-255,66,33163,70,213486
29924,0.000624,172.217.160.0-255,1484,34647,70,213486
29925,0.000628,172.31.40.0-255,66,34713,70,213486
29926,0.000658,172.217.160.0-255,2902,37615,70,213486
29927,0.000662,172.31.40.0-255,66,37681,70,213486
29928,0.000711,172.217.160.0-255,2902,40583,70,213486
29929,0.000717,172.31.40.0-255,66,40649,70,213486
29930,0.000745,172.217.160.0-255,7156,47805,70,213486
29931,0.000749,172.31.40.0-255,66,47871,70,213486
29932,0.000873,172.217.160.0-255,1125,48996,70,213486
29933,0.000907,172.217.160.0-255,4320,53316,70,213486
29934,0.00093,172.217.160.0-255,8574,61890,70,213486
29935,0.001156,172.217.160.0-255,4229,66119,70,213486
29936,0.001296,172.217.160.0-255,125,66244,70,213486
29937,0.001718,172.217.160.0-255,1484,67728,70,213486
29938,0.001721,172.217.160.0-255,1484,69212,70,213486
29939,0.001737,172.217.160.0-255,1484,70696,70,213486
29940,0.001773,172.217.160.0-255,2902,73598,70,213486
29941,0.001785,172.217.160.0-255,2902,76500,70,213486
29942,0.001887,172.217.160.0-255,2902,79402,70,213486
29943,0.001903,172.217.160.0-255,3961,83363,70,213486
29944,0.002056,172.31.40.0-255,66,83429,70,213486
29945,0.003994,172.217.160.0-255,5738,89167,70,213486
29946,0.004,172.31.40.0-255,66,89233,70,213486
29947,0.005933,172.217.160.0-255,5738,94971,70,213486
29948,0.006139,172.31.40.0-255,66,95037,70,213486
29949,0.008079,172.217.160.0-255,5738,100775,70,213486
29950,0.008085,172.31.40.0-255,66,100841,70,213486
29951,0.010034,172.217.160.0-255,5738,106579,70,213486
29952,0.013858,172.31.40.0-255,66,106645,70,213486
29953,0.015801,172.217.160.0-255,5738,112383,70,213486
29954,0.015811,172.31.40.0-255,66,112449,70,213486
29955,0.017745,172.217.160.0-255,5738,118187,70,213486
29956,0.017753,172.31.40.0-255,66,118253,70,213486
29957,0.019692,172.217.160.0-255,5738,123991,70,213486
29958,0.0197,172.31.40.0-255,66,124057,70,213486
29959,0.021633,172.217.160.0-255,5738,129795,70,213486
29960,0.02164,172.31.40.0-255,66,129861,70,213486
29961,0.02225,172.31.40.0-255,171,130032,70,213486
29962,0.022278,172.31.40.0-255,614,130646,70,213486
29963,0.023583,172.217.160.0-255,5738,136384,70,213486
29964,0.023588,172.31.40.0-255,66,136450,70,213486
29965,0.023826,104.244.42.0-255,66,136516,70,213486
29966,0.023833,104.244.42.0-255,66,136582,70,213486
29967,0.025516,172.217.160.0-255,5738,142320,70,213486
29968,0.025521,172.31.40.0-255,66,142386,70,213486
29969,0.02745,172.217.160.0-255,5738,148124,70,213486
29970,0.027455,172.31.40.0-255,66,148190,70,213486
29971,0.029383,172.217.160.0-255,2902,151092,70,213486
29972,0.029389,172.31.40.0-255,66,151158,70,213486
29973,0.029424,172.217.160.0-255,2902,154060,70,213486
29974,0.02944,172.31.40.0-255,66,154126,70,213486
29975,0.031319,172.217.160.0-255,2902,157028,70,213486
29976,0.031326,172.31.40.0-255,66,157094,70,213486
29977,0.03137,172.217.160.0-255,2902,159996,70,213486
29978,0.031377,172.31.40.0-255,66,160062,70,213486
29979,0.033279,172.217.160.0-255,2902,162964,70,213486
29980,0.033285,172.31.40.0-255,66,163030,70,213486
29981,0.033326,172.217.160.0-255,2902,165932,70,213486
29982,0.033334,172.31.40.0-255,66,165998,70,213486
29983,0.035212,172.217.160.0-255,2902,168900,70,213486
29984,0.035217,172.31.40.0-255,66,168966,70,213486
29985,0.035281,172.217.160.0-255,2902,171868,70,213486
29986,0.035291,172.31.40.0-255,66,171934,70,213486
29987,0.037143,172.217.160.0-255,2902,174836,70,213486
29988,0.037148,172.31.40.0-255,66,174902,70,213486
29989,0.037209,172.217.160.0-255,2902,177804,70,213486
29990,0.037224,172.31.40.0-255,66,177870,70,213486
29991,0.039078,172.217.160.0-255,2902,180772,70,213486
29992,0.039084,172.31.40.0-255,66,180838,70,213486
29993,0.039155,172.217.160.0-255,2902,183740,70,213486
29994,0.039168,172.31.40.0-255,66,183806,70,213486
29995,0.041012,172.217.160.0-255,2902,186708,70,213486
29996,0.041017,172.31.40.0-255,66,186774,70,213486
29997,0.041088,172.217.160.0-255,2902,189676,70,213486
29998,0.041096,172.31.40.0-255,66,189742,70,213486
29999,0.04296,172.217.160.0-255,2902,192644,70,213486
30000,0.042965,172.31.40.0-255,66,192710,70,213486
30001,0.043031,172.217.160.0-255,2902,195612,70,213486
30002,0.04305,172.31.40.0-255,66,195678,70,213486
30003,0.044896,172.217.160.0-255,2902,198580,70,213486
30004,0.044901,172.31.40.0-255,66,198646,70,213486
30005,0.044975,172.217.160.0-255,2902,201548,70,213486
30006,0.044986,172.31.40.0-255,66,201614,70,213486
30007,0.046826,172.217.160.0-255,2902,204516,70,213486
30008,0.046832,172.31.40.0-255,66,204582,70,213486
30009,0.046926,172.217.160.0-255,2902,207484,70,213486
30010,0.04693,172.31.40.0-255,66,207550,70,213486
30011,0.048759,172.217.160.0-255,2902,210452,70,213486
30012,0.048765,172.31.40.0-255,66,210518,70,213486
30013,0.048859,172.217.160.0-255,2902,213420,70,213486
30014,0.048864,172.31.40.0-255,66,213486,70,213486
30015,0.0,172.217.160.0-255,153,153,70,232933
30016,2.2e-05,172.31.40.0-255,66,219,70,232933
30017,2.9e-05,172.217.160.0-255,1484,1703,70,232933
30018,3.3e-05,172.31.40.0-255,66,1769,70,232933
30019,3.9e-05,172.217.160.0-255,2902,4671,70,232933
30020,5e-05,172.31.40.0-255,66,4737,70,232933
30021,5.7e-05,172.217.160.0-255,7156,11893,70,232933
30022,6e-05,172.31.40.0-255,66,11959,70,232933
30023,0.000111,172.217.160.0-255,2013,13972,70,232933
30024,0.000113,172.31.40.0-255,66,14038,70,232933
30025,0.000294,172.217.160.0-255,1484,15522,70,232933
30026,0.000297,172.31.40.0-255,66,15588,70,232933
30027,0.000301,172.217.160.0-255,1484,17072,70,232933
30028,0.000304,172.31.40.0-255,66,17138,70,232933
30029,0.000335,172.217.160.0-255,1484,18622,70,232933
30030,0.000338,172.31.40.0-255,66,18688,70,232933
30031,0.000345,172.217.160.0-255,5738,24426,70,232933
30032,0.000347,172.31.40.0-255,66,24492,70,232933
30033,0.000356,172.217.160.0-255,2902,27394,70,232933
30034,0.000359,172.31.40.0-255,66,27460,70,232933
30035,0.000381,172.217.160.0-255,3961,31421,70,232933
30036,0.000384,172.31.40.0-255,66,31487,70,232933
30037,0.000418,172.217.160.0-255,4320,35807,70,232933
30038,0.00042,172.31.40.0-255,66,35873,70,232933
30039,0.000445,172.217.160.0-255,2902,38775,70,232933
30040,0.000448,172.31.40.0-255,66,38841,70,232933
30041,0.000472,172.217.160.0-255,4320,43161,70,232933
30042,0.000475,172.31.40.0-255,66,43227,70,232933
30043,0.000501,172.217.160.0-255,5379,48606,70,232933
30044,0.000504,172.31.40.0-255,66,48672,70,232933
30045,0.000547,172.217.160.0-255,5738,54410,70,232933
30046,0.00055,172.31.40.0-255,66,54476,70,232933
30047,0.000602,172.217.160.0-255,4320,58796,70,232933
30048,0.000605,172.31.40.0-255,66,58862,70,232933
30049,0.000629,172.217.160.0-255,2902,61764,70,232933
30050,0.000631,172.31.40.0-255,66,61830,70,232933
30051,0.000683,172.217.160.0-255,4270,66100,70,232933
30052,0.000685,172.31.40.0-255,66,66166,70,232933
30053,0.001569,172.217.160.0-255,370,66536,70,232933
30054,0.002334,172.217.160.0-255,4320,70856,70,232933
30055,0.002341,172.31.40.0-255,66,70922,70,232933
30056,0.003987,172.217.160.0-255,5738,76660,70,232933
30057,0.00399,172.31.40.0-255,66,76726,70,232933
30058,0.005626,172.217.160.0-255,5738,82464,70,232933
30059,0.005631,172.31.40.0-255,66,82530,70,232933
30060,0.007285,172.217.160.0-255,5738,88268,70,232933
30061,0.007291,172.31.40.0-255,66,88334,70,232933
30062,0.008931,172.217.160.0-255,5738,94072,70,232933
30063,0.008938,172.31.40.0-255,66,94138,70,232933
30064,0.010589,172.217.160.0-255,5738,99876,70,232933
30065,0.010597,172.31.40.0-255,66,99942,70,232933
30066,0.012248,172.217.160.0-255,5738,105680,70,232933
30067,0.012256,172.31.40.0-255,66,105746,70,232933
30068,0.013902,172.217.160.0-255,4320,110066,70,232933
30069,0.013909,172.31.40.0-255,66,110132,70,232933
30070,0.013927,172.217.160.0-255,1484,111616,70,232933
30071,0.015551,172.217.160.0-255,4320,115936,70,232933
30072,0.015559,172.31.40.0-255,66,116002,70,232933
30073,0.017224,172.217.160.0-255,5738,121740,70,232933
30074,0.017235,172.31.40.0-255,66,121806,70,232933
30075,0.018887,172.217.160.0-255,5738,127544,70,232933
30076,0.018895,172.31.40.0-255,66,127610,70,232933
30077,0.020538,172.217.160.0-255,5738,133348,70,232933
30078,0.020545,172.31.40.0-255,66,133414,70,232933
30079,0.02218,172.217.160.0-255,5738,139152,70,232933
30080,0.022185,172.31.40.0-255,66,139218,70,232933
30081,0.023139,172.31.40.0-255,171,139389,70,232933
30082,0.023167,172.31.40.0-255,614,140003,70,232933
30083,0.023834,172.217.160.0-255,5738,145741,70,232933
30084,0.023841,172.31.40.0-255,66,145807,70,232933
30085,0.025269,104.244.42.0-255,66,145873,70,232933
30086,0.025484,172.217.160.0-255,5738,151611,70,232933
30087,0.025489,172.31.40.0-255,66,151677,70,232933
30088,0.027128,172.217.160.0-255,5738,157415,70,232933
30089,0.027134,172.31.40.0-255,66,157481,70,232933
30090,0.028778,172.217.160.0-255,5738,163219,70,232933
30091,0.028784,172.31.40.0-255,66,163285,70,232933
30092,0.030429,172.217.160.0-255,5738,169023,70,232933
30093,0.030437,172.31.40.0-255,66,169089,70,232933
30094,0.032086,172.217.160.0-255,5738,174827,70,232933
30095,0.032093,172.31.40.0-255,66,174893,70,232933
30096,0.03374,172.217.160.0-255,5738,180631,70,232933
30097,0.033749,172.31.40.0-255,66,180697,70,232933
30098,0.035395,172.217.160.0-255,5738,186435,70,232933
30099,0.035402,172.31.40.0-255,66,186501,70,232933
30100,0.037047,172.217.160.0-255,5738,192239,70,232933
30101,0.037052,172.31.40.0-255,66,192305,70,232933
30102,0.0387,172.217.160.0-255,5738,198043,70,232933
30103,0.038707,172.31.40.0-255,66,198109,70,232933
30104,0.040355,172.217.160.0-255,5738,203847,70,232933
30105,0.040361,172.31.40.0-255,66,203913,70,232933
30106,0.042017,172.217.160.0-255,5738,209651,70,232933
30107,0.042023,172.31.40.0-255,66,209717,70,232933
30108,0.043669,172.217.160.0-255,5738,215455,70,232933
30109,0.043675,172.31.40.0-255,66,215521,70,232933
30110,0.045322,172.217.160.0-255,5738,221259,70,232933
30111,0.045328,172.31.40.0-255,66,221325,70,232933
30112,0.046973,172.217.160.0-255,5738,227063,70,232933
30113,0.04698,172.31.40.0-255,66,227129,70,232933
30114,0.048631,172.217.160.0-255,5738,232867,70,232933
30115,0.048637,172.31.40.0-255,66,232933,70,232933
30116,0.0,74.125.68.0-255,152,152,70,340472
30117,2.2e-05,172.31.40.0-255,66,218,70,340472
30118,2.9e-05,74.125.68.0-255,1484,1702,70,340472
30119,3.3e-05,172.31.40.0-255,66,1768,70,340472
30120,3.7e-05,74.125.68.0-255,1484,3252,70,340472
30121,3.9e-05,172.31.40.0-255,66,3318,70,340472
30122,4.6e-05,74.125.68.0-255,2902,6220,70,340472
30123,4.8e-05,172.31.40.0-255,66,6286,70,340472
30124,5.6e-05,74.125.68.0-255,5738,12024,70,340472
30125,6e-05,172.31.40.0-255,66,12090,70,340472
30126,0.000101,74.125.68.0-255,2047,14137,70,340472
30127,0.000104,172.31.40.0-255,66,14203,70,340472
30128,0.000108,74.125.68.0-255,2902,17105,70,340472
30129,0.000111,172.31.40.0-255,66,17171,70,340472
30130,0.000118,74.125.68.0-255,7156,24327,70,340472
30131,0.000121,172.31.40.0-255,66,24393,70,340472
30132,0.000125,74.125.68.0-255,2902,27295,70,340472
30133,0.000126,172.31.40.0-255,66,27361,70,340472
30134,0.000129,74.125.68.0-255,1484,28845,70,340472
30135,0.000131,172.31.40.0-255,66,28911,70,340472
30136,0.000145,74.125.68.0-255,2902,31813,70,340472
30137,0.000148,172.31.40.0-255,66,31879,70,340472
30138,0.000167,74.125.68.0-255,8574,40453,70,340472
30139,0.00017,172.31.40.0-255,66,40519,70,340472
30140,0.000175,74.125.68.0-255,5738,46257,70,340472
30141,0.000177,172.31.40.0-255,66,46323,70,340472
30142,0.000196,74.125.68.0-255,1484,47807,70,340472
30143,0.000198,172.31.40.0-255,66,47873,70,340472
30144,0.000208,74.125.68.0-255,766,48639,70,340472
30145,0.00021,172.31.40.0-255,66,48705,70,340472
30146,0.000241,74.125.68.0-255,1484,50189,70,340472
30147,0.000243,172.31.40.0-255,66,50255,70,340472
30148,0.000254,74.125.68.0-255,2902,53157,70,340472
30149,0.000257,172.31.40.0-255,66,53223,70,340472
30150,0.000272,74.125.68.0-255,1484,54707,70,340472
30151,0.000278,74.125.68.0-255,4320,59027,70,340472
30152,0.00028,172.31.40.0-255,66,59093,70,340472
30153,0.000299,74.125.68.0-255,2902,61995,70,340472
30154,0.0003,172.31.40.0-255,66,62061,70,340472
30155,0.000314,74.125.68.0-255,2902,64963,70,340472
30156,0.000316,172.31.40.0-255,66,65029,70,340472
30157,0.000319,74.125.68.0-255,1434,66463,70,340472
30158,0.000427,74.125.68.0-255,1484,67947,70,340472
30159,0.000431,172.31.40.0-255,66,68013,70,340472
30160,0.000452,74.125.68.0-255,2902,70915,70,340472
30161,0.000455,172.31.40.0-255,66,70981,70,340472
30162,0.000458,74.125.68.0-255,2902,73883,70,340472
30163,0.00046,172.31.40.0-255,66,73949,70,340472
30164,0.000476,74.125.68.0-255,2902,76851,70,340472
30165,0.000478,172.31.40.0-255,66,76917,70,340472
30166,0.000485,74.125.68.0-255,6797,83714,70,340472
30167,0.000487,172.31.40.0-255,66,83780,70,340472
30168,0.000519,74.125.68.0-255,7156,90936,70,340472
30169,0.000522,172.31.40.0-255,66,91002,70,340472
30170,0.000525,74.125.68.0-255,2902,93904,70,340472
30171,0.000527,172.31.40.0-255,66,93970,70,340472
30172,0.00054,74.125.68.0-255,2902,96872,70,340472
30173,0.000542,172.31.40.0-255,66,96938,70,340472
30174,0.000581,74.125.68.0-255,4221,101159,70,340472
30175,0.000584,172.31.40.0-255,66,101225,70,340472
30176,0.000648,74.125.68.0-255,1484,102709,70,340472
30177,0.000659,74.125.68.0-255,2902,105611,70,340472
30178,0.000662,172.31.40.0-255,66,105677,70,340472
30179,0.00069,74.125.68.0-255,4320,109997,70,340472
30180,0.000693,172.31.40.0-255,66,110063,70,340472
30181,0.000713,74.125.68.0-255,1484,111547,70,340472
30182,0.00072,74.125.68.0-255,7156,118703,70,340472
30183,0.000722,172.31.40.0-255,66,118769,70,340472
30184,0.000725,74.125.68.0-255,1484,120253,70,340472
30185,0.000752,172.31.40.0-255,66,120319,70,340472
30186,0.00079,74.125.68.0-255,2184,122503,70,340472
30187,0.000793,172.31.40.0-255,66,122569,70,340472
30188,0.000818,172.31.40.0-255,101,122670,70,340472
30189,0.001003,74.125.68.0-255,1484,124154,70,340472
30190,0.00102,74.125.68.0-255,2902,127056,70,340472
30191,0.001023,172.31.40.0-255,66,127122,70,340472
30192,0.001043,74.125.68.0-255,5738,132860,70,340472
30193,0.001046,172.31.40.0-255,66,132926,70,340472
30194,0.001053,74.125.68.0-255,5738,138664,70,340472
30195,0.001055,172.31.40.0-255,66,138730,70,340472
30196,0.001077,74.125.68.0-255,1484,140214,70,340472
30197,0.001112,172.31.40.0-255,66,140280,70,340472
30198,0.00113,74.125.68.0-255,1484,141764,70,340472
30199,0.001145,74.125.68.0-255,2184,143948,70,340472
30200,0.001148,172.31.40.0-255,66,144014,70,340472
30201,0.001216,74.125.68.0-255,1484,145498,70,340472
30202,0.001227,74.125.68.0-255,1484,146982,70,340472
30203,0.00123,172.31.40.0-255,66,147048,70,340472
30204,0.001253,74.125.68.0-255,2902,149950,70,340472
30205,0.001256,172.31.40.0-255,66,150016,70,340472
30206,0.001262,74.125.68.0-255,5738,155754,70,340472
30207,0.001264,172.31.40.0-255,66,155820,70,340472
30208,0.001292,74.125.68.0-255,5738,161558,70,340472
30209,0.001294,172.31.40.0-255,66,161624,70,340472
30210,0.001316,74.125.68.0-255,4320,165944,70,340472
30211,0.00132,172.31.40.0-255,66,166010,70,340472
30212,0.001334,172.31.40.0-255,66,166076,70,340472
30213,0.001336,74.125.68.0-255,766,166842,70,340472
30214,0.00143,74.125.68.0-255,1484,168326,70,340472
30215,0.001434,172.31.40.0-255,66,168392,70,340472
30216,0.001452,74.125.68.0-255,2902,171294,70,340472
30217,0.001455,172.31.40.0-255,66,171360,70,340472
30218,0.00146,74.125.68.0-255,2902,174262,70,340472
30219,0.001462,172.31.40.0-255,66,174328,70,340472
30220,0.001481,74.125.68.0-255,2902,177230,70,340472
30221,0.001485,172.31.40.0-255,66,177296,70,340472
30222,0.001492,74.125.68.0-255,7156,184452,70,340472
30223,0.001495,172.31.40.0-255,66,184518,70,340472
30224,0.001517,74.125.68.0-255,1484,186002,70,340472
30225,0.001527,74.125.68.0-255,9992,195994,70,340472
30226,0.00153,172.31.40.0-255,66,196060,70,340472
30227,0.001536,74.125.68.0-255,4320,200380,70,340472
30228,0.001538,172.31.40.0-255,66,200446,70,340472
30229,0.001568,74.125.68.0-255,766,201212,70,340472
30230,0.00173,74.125.68.0-255,1484,202696,70,340472
30231,0.001735,172.31.40.0-255,66,202762,70,340472
30232,0.001753,74.125.68.0-255,2902,205664,70,340472
30233,0.001755,172.31.40.0-255,66,205730,70,340472
30234,0.001759,74.125.68.0-255,1484,207214,70,340472
30235,0.001776,74.125.68.0-255,4320,211534,70,340472
30236,0.001779,172.31.40.0-255,66,211600,70,340472
30237,0.001791,74.125.68.0-255,1484,213084,70,340472
30238,0.001818,74.125.68.0-255,7156,220240,70,340472
30239,0.001821,172.31.40.0-255,66,220306,70,340472
30240,0.001824,74.125.68.0-255,1484,221790,70,340472
30241,0.001846,74.125.68.0-255,8574,230364,70,340472
30242,0.001849,172.31.40.0-255,66,230430,70,340472
30243,0.001853,74.125.68.0-255,2902,233332,70,340472
30244,0.001856,172.31.40.0-255,66,233398,70,340472
30245,0.001924,172.31.40.0-255,66,233464,70,340472
30246,0.001947,74.125.68.0-255,3602,237066,70,340472
30247,0.001949,172.31.40.0-255,66,237132,70,340472
30248,0.001962,172.31.40.0-255,66,237198,70,340472
30249,0.001975,74.125.68.0-255,2902,240100,70,340472
30250,0.001977,172.31.40.0-255,66,240166,70,340472
30251,0.002002,74.125.68.0-255,5738,245904,70,340472
30252,0.002004,172.31.40.0-255,66,245970,70,340472
30253,0.002022,74.125.68.0-255,766,246736,70,340472
30254,0.002064,74.125.68.0-255,1484,248220,70,340472
30255,0.002068,172.31.40.0-255,66,248286,70,340472
30256,0.002073,74.125.68.0-255,2902,251188,70,340472
30257,0.002077,172.31.40.0-255,66,251254,70,340472
30258,0.002104,74.125.68.0-255,2902,254156,70,340472
30259,0.002107,172.31.40.0-255,66,254222,70,340472
30260,0.002112,74.125.68.0-255,4320,258542,70,340472
30261,0.002115,172.31.40.0-255,66,258608,70,340472
30262,0.002134,74.125.68.0-255,8574,267182,70,340472
30263,0.002137,172.31.40.0-255,66,267248,70,340472
30264,0.002142,74.125.68.0-255,4320,271568,70,340472
30265,0.002145,172.31.40.0-255,66,271634,70,340472
30266,0.002169,74.125.68.0-255,1484,273118,70,340472
30267,0.002178,74.125.68.0-255,7156,280274,70,340472
30268,0.002181,172.31.40.0-255,66,280340,70,340472
30269,0.002195,74.125.68.0-255,2184,282524,70,340472
30270,0.002198,172.31.40.0-255,66,282590,70,340472
30271,0.002202,74.125.68.0-255,2902,285492,70,340472
30272,0.002205,172.31.40.0-255,66,285558,70,340472
30273,0.002226,74.125.68.0-255,7156,292714,70,340472
30274,0.00223,172.31.40.0-255,66,292780,70,340472
30275,0.002251,74.125.68.0-255,5738,298518,70,340472
30276,0.002254,172.31.40.0-255,66,298584,70,340472
30277,0.00226,74.125.68.0-255,4320,302904,70,340472
30278,0.002263,172.31.40.0-255,66,302970,70,340472
30279,0.002279,74.125.68.0-255,2902,305872,70,340472
30280,0.002283,172.31.40.0-255,66,305938,70,340472
30281,0.002294,74.125.68.0-255,1484,307422,70,340472
30282,0.002312,74.125.68.0-255,7856,315278,70,340472
30283,0.002315,172.31.40.0-255,66,315344,70,340472
30284,0.003056,74.125.68.0-255,66,315410,70,340472
30285,0.004597,74.125.68.0-255,5738,321148,70,340472
30286,0.004603,172.31.40.0-255,66,321214,70,340472
30287,0.006937,74.125.68.0-255,5738,326952,70,340472
30288,0.006953,172.31.40.0-255,66,327018,70,340472
30289,0.009255,74.125.68.0-255,5738,332756,70,340472
30290,0.00927,172.31.40.0-255,66,332822,70,340472
30291,0.011551,74.125.68.0-255,5738,338560,70,340472
30292,0.01156,172.31.40.0-255,66,338626,70,340472
30293,0.013823,74.125.68.0-255,890,339516,70,340472
30294,0.014095,172.31.40.0-255,105,339621,70,340472
30295,0.022174,74.125.68.0-255,66,339687,70,340472
30296,0.0495,172.31.40.0-255,172,339859,70,340472
30297,0.049534,172.31.40.0-255,613,340472,70,340472
30298,0.0,172.253.118.0-255,153,153,70,267983
30299,2.2e-05,172.31.40.0-255,66,219,70,267983
30300,2.9e-05,172.253.118.0-255,1484,1703,70,267983
30301,3.3e-05,172.31.40.0-255,66,1769,70,267983
30302,4e-05,172.253.118.0-255,2902,4671,70,267983
30303,4.4e-05,172.31.40.0-255,66,4737,70,267983
30304,7.5e-05,172.253.118.0-255,7156,11893,70,267983
30305,7.8e-05,172.31.40.0-255,66,11959,70,267983
30306,0.000109,172.253.118.0-255,2110,14069,70,267983
30307,0.000112,172.31.40.0-255,66,14135,70,267983
30308,0.000155,172.253.118.0-255,9992,24127,70,267983
30309,0.000159,172.31.40.0-255,66,24193,70,267983
30310,0.00017,172.253.118.0-255,1484,25677,70,267983
30311,0.000173,172.31.40.0-255,66,25743,70,267983
30312,0.000289,172.253.118.0-255,4320,30063,70,267983
30313,0.000295,172.31.40.0-255,66,30129,70,267983
30314,0.000314,172.253.118.0-255,1125,31254,70,267983
30315,0.000317,172.31.40.0-255,66,31320,70,267983
30316,0.000354,172.253.118.0-255,1484,32804,70,267983
30317,0.000357,172.31.40.0-255,66,32870,70,267983
30318,0.000376,172.253.118.0-255,4320,37190,70,267983
30319,0.000379,172.31.40.0-255,66,37256,70,267983
30320,0.000434,172.31.40.0-255,66,37322,70,267983
30321,0.00058,172.253.118.0-255,7156,44478,70,267983
30322,0.000586,172.31.40.0-255,66,44544,70,267983
30323,0.000612,172.253.118.0-255,8526,53070,70,267983
30324,0.000616,172.31.40.0-255,66,53136,70,267983
30325,0.000808,172.253.118.0-255,112,53248,70,267983
30326,0.000813,172.31.40.0-255,66,53314,70,267983
30327,0.001412,172.253.118.0-255,1484,54798,70,267983
30328,0.001419,172.31.40.0-255,66,54864,70,267983
30329,0.001429,172.253.118.0-255,2902,57766,70,267983
30330,0.001432,172.31.40.0-255,66,57832,70,267983
30331,0.001437,172.253.118.0-255,2902,60734,70,267983
30332,0.00144,172.31.40.0-255,66,60800,70,267983
30333,0.001465,172.253.118.0-255,2902,63702,70,267983
30334,0.001468,172.31.40.0-255,66,63768,70,267983
30335,0.001505,172.253.118.0-255,4320,68088,70,267983
30336,0.001507,172.31.40.0-255,66,68154,70,267983
30337,0.00159,172.253.118.0-255,2902,71056,70,267983
30338,0.001594,172.31.40.0-255,66,71122,70,267983
30339,0.001623,172.253.118.0-255,9633,80755,70,267983
30340,0.001626,172.31.40.0-255,66,80821,70,267983
30341,0.001726,172.253.118.0-255,6797,87618,70,267983
30342,0.001731,172.31.40.0-255,66,87684,70,267983
30343,0.002018,172.253.118.0-255,1484,89168,70,267983
30344,0.002026,172.253.118.0-255,2902,92070,70,267983
30345,0.002029,172.31.40.0-255,66,92136,70,267983
30346,0.002056,172.253.118.0-255,1484,93620,70,267983
30347,0.002078,172.253.118.0-255,4320,97940,70,267983
30348,0.00208,172.31.40.0-255,66,98006,70,267983
30349,0.002128,172.253.118.0-255,4320,102326,70,267983
30350,0.00213,172.31.40.0-255,66,102392,70,267983
30351,0.002155,172.253.118.0-255,8574,110966,70,267983
30352,0.002157,172.31.40.0-255,66,111032,70,267983
30353,0.002296,172.253.118.0-255,2902,113934,70,267983
30354,0.002299,172.31.40.0-255,66,114000,70,267983
30355,0.002323,172.253.118.0-255,7856,121856,70,267983
30356,0.002325,172.31.40.0-255,66,121922,70,267983
30357,0.002495,172.253.118.0-255,1484,123406,70,267983
30358,0.002509,172.253.118.0-255,2902,126308,70,267983
30359,0.002512,172.31.40.0-255,66,126374,70,267983
30360,0.002535,172.253.118.0-255,5738,132112,70,267983
30361,0.002538,172.31.40.0-255,66,132178,70,267983
30362,0.002605,172.253.118.0-255,2902,135080,70,267983
30363,0.002607,172.31.40.0-255,66,135146,70,267983
30364,0.002629,172.253.118.0-255,9992,145138,70,267983
30365,0.002632,172.31.40.0-255,66,145204,70,267983
30366,0.002766,172.253.118.0-255,2902,148106,70,267983
30367,0.002769,172.31.40.0-255,66,148172,70,267983
30368,0.002787,172.253.118.0-255,2902,151074,70,267983
30369,0.002789,172.31.40.0-255,66,151140,70,267983
30370,0.002841,172.253.118.0-255,2902,154042,70,267983
30371,0.002843,172.31.40.0-255,66,154108,70,267983
30372,0.002861,172.253.118.0-255,2184,156292,70,267983
30373,0.002863,172.31.40.0-255,66,156358,70,267983
30374,0.005424,172.253.118.0-255,5738,162096,70,267983
30375,0.005428,172.31.40.0-255,66,162162,70,267983
30376,0.008016,172.253.118.0-255,5738,167900,70,267983
30377,0.008023,172.31.40.0-255,66,167966,70,267983
30378,0.010598,172.253.118.0-255,5738,173704,70,267983
30379,0.010607,172.31.40.0-255,66,173770,70,267983
30380,0.013192,172.253.118.0-255,5738,179508,70,267983
30381,0.013203,172.31.40.0-255,66,179574,70,267983
30382,0.015781,172.253.118.0-255,5738,185312,70,267983
30383,0.015791,172.31.40.0-255,66,185378,70,267983
30384,0.018394,172.253.118.0-255,5738,191116,70,267983
30385,0.018403,172.31.40.0-255,66,191182,70,267983
30386,0.020994,172.253.118.0-255,5738,196920,70,267983
30387,0.021008,172.31.40.0-255,66,196986,70,267983
30388,0.023586,172.253.118.0-255,5738,202724,70,267983
30389,0.023594,172.31.40.0-255,66,202790,70,267983
30390,0.026204,172.253.118.0-255,5738,208528,70,267983
30391,0.026212,172.31.40.0-255,66,208594,70,267983
30392,0.028804,172.253.118.0-255,5738,214332,70,267983
30393,0.028813,172.31.40.0-255,66,214398,70,267983
30394,0.031387,172.253.118.0-255,5738,220136,70,267983
30395,0.031396,172.31.40.0-255,66,220202,70,267983
30396,0.033979,172.253.118.0-255,5738,225940,70,267983
30397,0.033989,172.31.40.0-255,66,226006,70,267983
30398,0.036578,172.253.118.0-255,5738,231744,70,267983
30399,0.03659,172.31.40.0-255,66,231810,70,267983
30400,0.039174,172.253.118.0-255,5738,237548,70,267983
30401,0.039184,172.31.40.0-255,66,237614,70,267983
30402,0.039795,172.31.40.0-255,172,237786,70,267983
30403,0.039828,172.31.40.0-255,1118,238904,70,267983
30404,0.039904,172.31.40.0-255,1514,240418,70,267983
30405,0.039906,172.31.40.0-255,1514,241932,70,267983
30406,0.039907,172.31.40.0-255,1514,243446,70,267983
30407,0.039908,172.31.40.0-255,883,244329,70,267983
30408,0.041351,104.244.42.0-255,66,244395,70,267983
30409,0.041397,104.244.42.0-255,66,244461,70,267983
30410,0.041498,104.244.42.0-255,66,244527,70,267983
30411,0.041502,104.244.42.0-255,66,244593,70,267983
30412,0.04177,172.253.118.0-255,5738,250331,70,267983
30413,0.041782,172.31.40.0-255,66,250397,70,267983
30414,0.042128,104.244.42.0-255,108,250505,70,267983
30415,0.042134,172.31.40.0-255,66,250571,70,267983
30416,0.044403,172.253.118.0-255,5738,256309,70,267983
30417,0.044415,172.31.40.0-255,66,256375,70,267983
30418,0.047018,172.253.118.0-255,5738,262113,70,267983
30419,0.047034,172.31.40.0-255,66,262179,70,267983
30420,0.04964,172.253.118.0-255,5738,267917,70,267983
30421,0.049659,172.31.40.0-255,66,267983,70,267983
30422,0.0,74.125.68.0-255,153,153,70,370851
30423,2.3e-05,172.31.40.0-255,66,219,70,370851
30424,3.1e-05,74.125.68.0-255,1484,1703,70,370851
30425,3.6e-05,172.31.40.0-255,66,1769,70,370851
30426,4.2e-05,74.125.68.0-255,2902,4671,70,370851
30427,4.5e-05,172.31.40.0-255,66,4737,70,370851
30428,4.8e-05,74.125.68.0-255,1484,6221,70,370851
30429,5.1e-05,172.31.40.0-255,66,6287,70,370851
30430,5.8e-05,74.125.68.0-255,2902,9189,70,370851
30431,6.2e-05,172.31.40.0-255,66,9255,70,370851
30432,8.9e-05,74.125.68.0-255,1484,10739,70,370851
30433,9.2e-05,172.31.40.0-255,66,10805,70,370851
30434,0.000114,74.125.68.0-255,3456,14261,70,370851
30435,0.000116,172.31.40.0-255,66,14327,70,370851
30436,0.000274,74.125.68.0-255,1484,15811,70,370851
30437,0.000278,172.31.40.0-255,66,15877,70,370851
30438,0.000285,74.125.68.0-255,2902,18779,70,370851
30439,0.000287,172.31.40.0-255,66,18845,70,370851
30440,0.000292,74.125.68.0-255,2902,21747,70,370851
30441,0.000294,172.31.40.0-255,66,21813,70,370851
30442,0.0003,74.125.68.0-255,4320,26133,70,370851
30443,0.000302,172.31.40.0-255,66,26199,70,370851
30444,0.000309,74.125.68.0-255,5379,31578,70,370851
30445,0.000311,172.31.40.0-255,66,31644,70,370851
30446,0.000317,74.125.68.0-255,5738,37382,70,370851
30447,0.00032,172.31.40.0-255,66,37448,70,370851
30448,0.000356,74.125.68.0-255,4320,41768,70,370851
30449,0.000359,172.31.40.0-255,66,41834,70,370851
30450,0.000381,74.125.68.0-255,4320,46154,70,370851
30451,0.000384,172.31.40.0-255,66,46220,70,370851
30452,0.000388,74.125.68.0-255,2543,48763,70,370851
30453,0.000391,172.31.40.0-255,66,48829,70,370851
30454,0.0005,74.125.68.0-255,1484,50313,70,370851
30455,0.000505,74.125.68.0-255,1484,51797,70,370851
30456,0.000508,172.31.40.0-255,66,51863,70,370851
30457,0.000528,74.125.68.0-255,1484,53347,70,370851
30458,0.000536,74.125.68.0-255,5738,59085,70,370851
30459,0.000539,172.31.40.0-255,66,59151,70,370851
30460,0.000544,74.125.68.0-255,2902,62053,70,370851
30461,0.000545,172.31.40.0-255,66,62119,70,370851
30462,0.000561,74.125.68.0-255,3961,66080,70,370851
30463,0.000564,172.31.40.0-255,66,66146,70,370851
30464,0.000923,74.125.68.0-255,1484,67630,70,370851
30465,0.000949,74.125.68.0-255,2902,70532,70,370851
30466,0.000953,172.31.40.0-255,66,70598,70,370851
30467,0.000957,74.125.68.0-255,1484,72082,70,370851
30468,0.000961,74.125.68.0-255,2902,74984,70,370851
30469,0.000963,172.31.40.0-255,66,75050,70,370851
30470,0.00098,74.125.68.0-255,5738,80788,70,370851
30471,0.000983,172.31.40.0-255,66,80854,70,370851
30472,0.001016,74.125.68.0-255,5958,86812,70,370851
30473,0.00102,172.31.40.0-255,66,86878,70,370851
30474,0.001028,74.125.68.0-255,5738,92616,70,370851
30475,0.00103,172.31.40.0-255,66,92682,70,370851
30476,0.001049,74.125.68.0-255,1484,94166,70,370851
30477,0.001074,74.125.68.0-255,6797,100963,70,370851
30478,0.001077,172.31.40.0-255,66,101029,70,370851
30479,0.001284,74.125.68.0-255,1484,102513,70,370851
30480,0.001289,74.125.68.0-255,1484,103997,70,370851
30481,0.001292,172.31.40.0-255,66,104063,70,370851
30482,0.001313,74.125.68.0-255,1484,105547,70,370851
30483,0.001316,74.125.68.0-255,1484,107031,70,370851
30484,0.001319,74.125.68.0-255,2902,109933,70,370851
30485,0.001324,172.31.40.0-255,66,109999,70,370851
30486,0.001332,172.31.40.0-255,66,110065,70,370851
30487,0.001346,74.125.68.0-255,2902,112967,70,370851
30488,0.001348,172.31.40.0-255,66,113033,70,370851
30489,0.001365,74.125.68.0-255,2902,115935,70,370851
30490,0.001367,172.31.40.0-255,66,116001,70,370851
30491,0.001375,74.125.68.0-255,7156,123157,70,370851
30492,0.001377,172.31.40.0-255,66,123223,70,370851
30493,0.001412,74.125.68.0-255,1484,124707,70,370851
30494,0.001429,74.125.68.0-255,7156,131863,70,370851
30495,0.001431,172.31.40.0-255,66,131929,70,370851
30496,0.001437,74.125.68.0-255,3602,135531,70,370851
30497,0.001439,172.31.40.0-255,66,135597,70,370851
30498,0.001666,74.125.68.0-255,1484,137081,70,370851
30499,0.001679,74.125.68.0-255,1484,138565,70,370851
30500,0.001682,172.31.40.0-255,66,138631,70,370851
30501,0.001699,74.125.68.0-255,1484,140115,70,370851
30502,0.001714,74.125.68.0-255,1484,141599,70,370851
30503,0.001717,172.31.40.0-255,66,141665,70,370851
30504,0.00173,74.125.68.0-255,2902,144567,70,370851
30505,0.001733,172.31.40.0-255,66,144633,70,370851
30506,0.001738,74.125.68.0-255,2902,147535,70,370851
30507,0.00174,172.31.40.0-255,66,147601,70,370851
30508,0.001772,74.125.68.0-255,5738,153339,70,370851
30509,0.001775,172.31.40.0-255,66,153405,70,370851
30510,0.001782,74.125.68.0-255,5738,159143,70,370851
30511,0.001784,172.31.40.0-255,66,159209,70,370851
30512,0.001793,74.125.68.0-255,7156,166365,70,370851
30513,0.001795,172.31.40.0-255,66,166431,70,370851
30514,0.001809,74.125.68.0-255,1484,167915,70,370851
30515,0.001821,74.125.68.0-255,2184,170099,70,370851
30516,0.001824,172.31.40.0-255,66,170165,70,370851
30517,0.001864,74.125.68.0-255,1484,171649,70,370851
30518,0.001867,74.125.68.0-255,1484,173133,70,370851
30519,0.00187,172.31.40.0-255,66,173199,70,370851
30520,0.001888,74.125.68.0-255,1484,174683,70,370851
30521,0.001892,74.125.68.0-255,2902,177585,70,370851
30522,0.001896,172.31.40.0-255,66,177651,70,370851
30523,0.001913,74.125.68.0-255,2902,180553,70,370851
30524,0.001915,172.31.40.0-255,66,180619,70,370851
30525,0.001918,74.125.68.0-255,1484,182103,70,370851
30526,0.001944,74.125.68.0-255,4320,186423,70,370851
30527,0.001947,172.31.40.0-255,66,186489,70,370851
30528,0.001973,74.125.68.0-255,4320,190809,70,370851
30529,0.001976,172.31.40.0-255,66,190875,70,370851
30530,0.001989,172.31.40.0-255,66,190941,70,370851
30531,0.001993,74.125.68.0-255,2184,193125,70,370851
30532,0.001995,172.31.40.0-255,66,193191,70,370851
30533,0.001998,74.125.68.0-255,1484,194675,70,370851
30534,0.002023,74.125.68.0-255,2902,197577,70,370851
30535,0.002026,172.31.40.0-255,66,197643,70,370851
30536,0.002033,74.125.68.0-255,5738,203381,70,370851
30537,0.002036,172.31.40.0-255,66,203447,70,370851
30538,0.002039,74.125.68.0-255,1484,204931,70,370851
30539,0.002067,74.125.68.0-255,2902,207833,70,370851
30540,0.00207,172.31.40.0-255,66,207899,70,370851
30541,0.002082,172.31.40.0-255,66,207965,70,370851
30542,0.002106,74.125.68.0-255,7856,215821,70,370851
30543,0.002109,172.31.40.0-255,66,215887,70,370851
30544,0.002211,74.125.68.0-255,1484,217371,70,370851
30545,0.002226,74.125.68.0-255,2902,220273,70,370851
30546,0.00223,172.31.40.0-255,66,220339,70,370851
30547,0.002235,74.125.68.0-255,2902,223241,70,370851
30548,0.002237,172.31.40.0-255,66,223307,70,370851
30549,0.002252,74.125.68.0-255,2902,226209,70,370851
30550,0.002254,172.31.40.0-255,66,226275,70,370851
30551,0.002267,74.125.68.0-255,7156,233431,70,370851
30552,0.002269,172.31.40.0-255,66,233497,70,370851
30553,0.002348,172.31.40.0-255,66,233563,70,370851
30554,0.002353,74.125.68.0-255,2184,235747,70,370851
30555,0.002354,172.31.40.0-255,66,235813,70,370851
30556,0.00239,74.125.68.0-255,2902,238715,70,370851
30557,0.002393,172.31.40.0-255,66,238781,70,370851
30558,0.00241,74.125.68.0-255,1484,240265,70,370851
30559,0.002413,74.125.68.0-255,1484,241749,70,370851
30560,0.002416,172.31.40.0-255,66,241815,70,370851
30561,0.002419,74.125.68.0-255,1484,243299,70,370851
30562,0.002448,74.125.68.0-255,4320,247619,70,370851
30563,0.00245,172.31.40.0-255,66,247685,70,370851
30564,0.002454,74.125.68.0-255,1484,249169,70,370851
30565,0.002456,74.125.68.0-255,1484,250653,70,370851
30566,0.002458,172.31.40.0-255,66,250719,70,370851
30567,0.002462,74.125.68.0-255,2902,253621,70,370851
30568,0.002465,172.31.40.0-255,66,253687,70,370851
30569,0.002489,74.125.68.0-255,5738,259425,70,370851
30570,0.002492,172.31.40.0-255,66,259491,70,370851
30571,0.0025,74.125.68.0-255,7156,266647,70,370851
30572,0.002502,172.31.40.0-255,66,266713,70,370851
30573,0.002504,74.125.68.0-255,1484,268197,70,370851
30574,0.002507,74.125.68.0-255,1484,269681,70,370851
30575,0.002509,172.31.40.0-255,66,269747,70,370851
30576,0.002534,74.125.68.0-255,1484,271231,70,370851
30577,0.002554,74.125.68.0-255,3602,274833,70,370851
30578,0.002557,172.31.40.0-255,66,274899,70,370851
30579,0.002562,74.125.68.0-255,4320,279219,70,370851
30580,0.002565,172.31.40.0-255,66,279285,70,370851
30581,0.00257,74.125.68.0-255,4320,283605,70,370851
30582,0.002572,172.31.40.0-255,66,283671,70,370851
30583,0.00259,74.125.68.0-255,1484,285155,70,370851
30584,0.002593,74.125.68.0-255,1484,286639,70,370851
30585,0.002595,172.31.40.0-255,66,286705,70,370851
30586,0.002603,74.125.68.0-255,5738,292443,70,370851
30587,0.002605,172.31.40.0-255,66,292509,70,370851
30588,0.002623,74.125.68.0-255,2902,295411,70,370851
30589,0.002626,172.31.40.0-255,66,295477,70,370851
30590,0.002633,74.125.68.0-255,5738,301215,70,370851
30591,0.002635,172.31.40.0-255,66,301281,70,370851
30592,0.002663,74.125.68.0-255,3602,304883,70,370851
30593,0.002666,172.31.40.0-255,66,304949,70,370851
30594,0.00272,74.125.68.0-255,1484,306433,70,370851
30595,0.002724,74.125.68.0-255,1484,307917,70,370851
30596,0.002726,172.31.40.0-255,66,307983,70,370851
30597,0.002753,74.125.68.0-255,4320,312303,70,370851
30598,0.002756,172.31.40.0-255,66,312369,70,370851
30599,0.002758,74.125.68.0-255,1484,313853,70,370851
30600,0.002783,74.125.68.0-255,5738,319591,70,370851
30601,0.002786,172.31.40.0-255,66,319657,70,370851
30602,0.002804,74.125.68.0-255,1484,321141,70,370851
30603,0.002812,74.125.68.0-255,7156,328297,70,370851
30604,0.002815,172.31.40.0-255,66,328363,70,370851
30605,0.002819,74.125.68.0-255,2902,331265,70,370851
30606,0.002821,172.31.40.0-255,66,331331,70,370851
30607,0.00284,74.125.68.0-255,1484,332815,70,370851
30608,0.002867,74.125.68.0-255,6438,339253,70,370851
30609,0.00287,172.31.40.0-255,66,339319,70,370851
30610,0.002878,74.125.68.0-255,5738,345057,70,370851
30611,0.002882,172.31.40.0-255,66,345123,70,370851
30612,0.002895,74.125.68.0-255,2902,348025,70,370851
30613,0.002898,172.31.40.0-255,66,348091,70,370851
30614,0.002902,74.125.68.0-255,1484,349575,70,370851
30615,0.002907,74.125.68.0-255,4320,353895,70,370851
30616,0.002909,172.31.40.0-255,66,353961,70,370851
30617,0.002923,74.125.68.0-255,1484,355445,70,370851
30618,0.002926,74.125.68.0-255,1484,356929,70,370851
30619,0.002928,172.31.40.0-255,66,356995,70,370851
30620,0.002935,74.125.68.0-255,4320,361315,70,370851
30621,0.002937,172.31.40.0-255,66,361381,70,370851
30622,0.002954,74.125.68.0-255,3636,365017,70,370851
30623,0.002956,172.31.40.0-255,66,365083,70,370851
30624,0.002995,74.125.68.0-255,105,365188,70,370851
30625,0.006651,172.31.40.0-255,66,365254,70,370851
30626,0.00669,172.31.40.0-255,105,365359,70,370851
30627,0.009036,74.125.68.0-255,66,365425,70,370851
30628,0.033772,172.31.40.0-255,172,365597,70,370851
30629,0.033805,172.31.40.0-255,1118,366715,70,370851
30630,0.03386,172.31.40.0-255,1514,368229,70,370851
30631,0.033862,172.31.40.0-255,1514,369743,70,370851
30632,0.033886,172.31.40.0-255,844,370587,70,370851
30633,0.035338,104.244.42.0-255,66,370653,70,370851
30634,0.035368,104.244.42.0-255,66,370719,70,370851
30635,0.035394,104.244.42.0-255,66,370785,70,370851
30636,0.035446,104.244.42.0-255,66,370851,70,370851
30637,0.0,74.125.130.0-255,297,297,70,342049
30638,2.4e-05,172.31.40.0-255,66,363,70,342049
30639,3.1e-05,74.125.130.0-255,1484,1847,70,342049
30640,3.6e-05,172.31.40.0-255,66,1913,70,342049
30641,4.3e-05,74.125.130.0-255,4320,6233,70,342049
30642,5.3e-05,172.31.40.0-255,66,6299,70,342049
30643,5.8e-05,74.125.130.0-255,2902,9201,70,342049
30644,6.2e-05,172.31.40.0-255,66,9267,70,342049
30645,6.8e-05,74.125.130.0-255,4320,13587,70,342049
30646,7.1e-05,172.31.40.0-255,66,13653,70,342049
30647,7.4e-05,74.125.130.0-255,414,14067,70,342049
30648,7.7e-05,172.31.40.0-255,66,14133,70,342049
30649,0.000186,74.125.130.0-255,1484,15617,70,342049
30650,0.00019,172.31.40.0-255,66,15683,70,342049
30651,0.000196,74.125.130.0-255,2902,18585,70,342049
30652,0.000198,172.31.40.0-255,66,18651,70,342049
30653,0.000204,74.125.130.0-255,4320,22971,70,342049
30654,0.00021,172.31.40.0-255,66,23037,70,342049
30655,0.000236,74.125.130.0-255,1484,24521,70,342049
30656,0.000239,172.31.40.0-255,66,24587,70,342049
30657,0.000249,74.125.130.0-255,6797,31384,70,342049
30658,0.000252,172.31.40.0-255,66,31450,70,342049
30659,0.000263,74.125.130.0-255,7156,38606,70,342049
30660,0.000265,172.31.40.0-255,66,38672,70,342049
30661,0.000306,74.125.130.0-255,2902,41574,70,342049
30662,0.000309,172.31.40.0-255,66,41640,70,342049
30663,0.000339,74.125.130.0-255,6797,48437,70,342049
30664,0.000342,172.31.40.0-255,66,48503,70,342049
30665,0.000673,74.125.130.0-255,1484,49987,70,342049
30666,0.000678,172.31.40.0-255,66,50053,70,342049
30667,0.000684,74.125.130.0-255,2902,52955,70,342049
30668,0.000686,172.31.40.0-255,66,53021,70,342049
30669,0.00069,74.125.130.0-255,1484,54505,70,342049
30670,0.000729,74.125.130.0-255,2902,57407,70,342049
30671,0.000733,172.31.40.0-255,66,57473,70,342049
30672,0.00074,74.125.130.0-255,5738,63211,70,342049
30673,0.000742,172.31.40.0-255,66,63277,70,342049
30674,0.00076,74.125.130.0-255,2543,65820,70,342049
30675,0.000767,172.31.40.0-255,66,65886,70,342049
30676,0.00077,74.125.130.0-255,1484,67370,70,342049
30677,0.000793,74.125.130.0-255,1484,68854,70,342049
30678,0.000796,172.31.40.0-255,66,68920,70,342049
30679,0.000805,74.125.130.0-255,7156,76076,70,342049
30680,0.000807,172.31.40.0-255,66,76142,70,342049
30681,0.00086,74.125.130.0-255,7089,83231,70,342049
30682,0.000865,172.31.40.0-255,66,83297,70,342049
30683,0.000873,74.125.130.0-255,7156,90453,70,342049
30684,0.000875,172.31.40.0-255,66,90519,70,342049
30685,0.000884,74.125.130.0-255,4320,94839,70,342049
30686,0.000887,172.31.40.0-255,66,94905,70,342049
30687,0.000894,74.125.130.0-255,5654,100559,70,342049
30688,0.000897,172.31.40.0-255,66,100625,70,342049
30689,0.001189,74.125.130.0-255,1484,102109,70,342049
30690,0.001196,74.125.130.0-255,2902,105011,70,342049
30691,0.0012,172.31.40.0-255,66,105077,70,342049
30692,0.001207,74.125.130.0-255,4320,109397,70,342049
30693,0.001209,172.31.40.0-255,66,109463,70,342049
30694,0.001236,74.125.130.0-255,8574,118037,70,342049
30695,0.001242,172.31.40.0-255,66,118103,70,342049
30696,0.001248,74.125.130.0-255,4320,122423,70,342049
30697,0.00125,172.31.40.0-255,66,122489,70,342049
30698,0.001278,74.125.130.0-255,2902,125391,70,342049
30699,0.001281,172.31.40.0-255,66,125457,70,342049
30700,0.001294,74.125.130.0-255,8574,134031,70,342049
30701,0.001296,172.31.40.0-255,66,134097,70,342049
30702,0.001299,74.125.130.0-255,766,134863,70,342049
30703,0.001713,74.125.130.0-255,1484,136347,70,342049
30704,0.001719,172.31.40.0-255,66,136413,70,342049
30705,0.001728,74.125.130.0-255,2902,139315,70,342049
30706,0.00173,172.31.40.0-255,66,139381,70,342049
30707,0.001733,74.125.130.0-255,1484,140865,70,342049
30708,0.001769,74.125.130.0-255,4320,145185,70,342049
30709,0.001772,172.31.40.0-255,66,145251,70,342049
30710,0.001778,74.125.130.0-255,7156,152407,70,342049
30711,0.00178,172.31.40.0-255,66,152473,70,342049
30712,0.001791,74.125.130.0-255,8574,161047,70,342049
30713,0.001793,172.31.40.0-255,66,161113,70,342049
30714,0.001834,74.125.130.0-255,7856,168969,70,342049
30715,0.001837,172.31.40.0-255,66,169035,70,342049
30716,0.001879,74.125.130.0-255,1484,170519,70,342049
30717,0.001924,74.125.130.0-255,2902,173421,70,342049
30718,0.001927,172.31.40.0-255,66,173487,70,342049
30719,0.001933,74.125.130.0-255,4320,177807,70,342049
30720,0.001934,172.31.40.0-255,66,177873,70,342049
30721,0.001945,74.125.130.0-255,5738,183611,70,342049
30722,0.001947,172.31.40.0-255,66,183677,70,342049
30723,0.00195,74.125.130.0-255,1484,185161,70,342049
30724,0.001988,74.125.130.0-255,9992,195153,70,342049
30725,0.001991,172.31.40.0-255,66,195219,70,342049
30726,0.001997,74.125.130.0-255,5738,200957,70,342049
30727,0.001999,172.31.40.0-255,66,201023,70,342049
30728,0.002018,74.125.130.0-255,2184,203207,70,342049
30729,0.00202,172.31.40.0-255,66,203273,70,342049
30730,0.002379,74.125.130.0-255,1484,204757,70,342049
30731,0.002385,74.125.130.0-255,2902,207659,70,342049
30732,0.002389,172.31.40.0-255,66,207725,70,342049
30733,0.00242,74.125.130.0-255,5738,213463,70,342049
30734,0.002423,172.31.40.0-255,66,213529,70,342049
30735,0.002431,74.125.130.0-255,7156,220685,70,342049
30736,0.002434,172.31.40.0-255,66,220751,70,342049
30737,0.002446,74.125.130.0-255,8574,229325,70,342049
30738,0.002449,172.31.40.0-255,66,229391,70,342049
30739,0.002476,74.125.130.0-255,4320,233711,70,342049
30740,0.00248,172.31.40.0-255,66,233777,70,342049
30741,0.002508,74.125.130.0-255,3602,237379,70,342049
30742,0.002512,172.31.40.0-255,66,237445,70,342049
30743,0.005043,74.125.130.0-255,1484,238929,70,342049
30744,0.00507,74.125.130.0-255,4320,243249,70,342049
30745,0.005077,172.31.40.0-255,66,243315,70,342049
30746,0.007646,74.125.130.0-255,5738,249053,70,342049
30747,0.007658,172.31.40.0-255,66,249119,70,342049
30748,0.010226,74.125.130.0-255,5738,254857,70,342049
30749,0.010231,172.31.40.0-255,66,254923,70,342049
30750,0.012817,74.125.130.0-255,5738,260661,70,342049
30751,0.012837,172.31.40.0-255,66,260727,70,342049
30752,0.015414,74.125.130.0-255,5738,266465,70,342049
30753,0.015431,172.31.40.0-255,66,266531,70,342049
30754,0.018007,74.125.130.0-255,5738,272269,70,342049
30755,0.018026,172.31.40.0-255,66,272335,70,342049
30756,0.020603,74.125.130.0-255,5738,278073,70,342049
30757,0.02062,172.31.40.0-255,66,278139,70,342049
30758,0.023202,74.125.130.0-255,5738,283877,70,342049
30759,0.02322,172.31.40.0-255,66,283943,70,342049
30760,0.025813,74.125.130.0-255,5738,289681,70,342049
30761,0.025834,172.31.40.0-255,66,289747,70,342049
30762,0.028411,74.125.130.0-255,5738,295485,70,342049
30763,0.028425,172.31.40.0-255,66,295551,70,342049
30764,0.030995,74.125.130.0-255,5738,301289,70,342049
30765,0.031004,172.31.40.0-255,66,301355,70,342049
30766,0.033595,74.125.130.0-255,5738,307093,70,342049
30767,0.033613,172.31.40.0-255,66,307159,70,342049
30768,0.03619,74.125.130.0-255,5738,312897,70,342049
30769,0.036199,172.31.40.0-255,66,312963,70,342049
30770,0.038779,74.125.130.0-255,5738,318701,70,342049
30771,0.038789,172.31.40.0-255,66,318767,70,342049
30772,0.041378,74.125.130.0-255,5738,324505,70,342049
30773,0.041398,172.31.40.0-255,66,324571,70,342049
30774,0.04396,74.125.130.0-255,5738,330309,70,342049
30775,0.043973,172.31.40.0-255,66,330375,70,342049
30776,0.046541,74.125.130.0-255,5738,336113,70,342049
30777,0.046549,172.31.40.0-255,66,336179,70,342049
30778,0.049115,74.125.130.0-255,4320,340499,70,342049
30779,0.049122,172.31.40.0-255,66,340565,70,342049
30780,0.04915,74.125.130.0-255,1484,342049,70,342049
30781,0.0,74.125.24.0-255,152,152,70,264271
30782,2.5e-05,172.31.40.0-255,66,218,70,264271
30783,3.3e-05,74.125.24.0-255,1484,1702,70,264271
30784,3.8e-05,172.31.40.0-255,66,1768,70,264271
30785,4.3e-05,74.125.24.0-255,2902,4670,70,264271
30786,4.6e-05,172.31.40.0-255,66,4736,70,264271
30787,5.4e-05,74.125.24.0-255,7156,11892,70,264271
30788,5.8e-05,172.31.40.0-255,66,11958,70,264271
30789,6.2e-05,74.125.24.0-255,2119,14077,70,264271
30790,6.5e-05,172.31.40.0-255,66,14143,70,264271
30791,0.000142,74.125.24.0-255,1484,15627,70,264271
30792,0.000144,172.31.40.0-255,66,15693,70,264271
30793,0.00015,74.125.24.0-255,2902,18595,70,264271
30794,0.000152,172.31.40.0-255,66,18661,70,264271
30795,0.000187,74.125.24.0-255,4320,22981,70,264271
30796,0.00019,172.31.40.0-255,66,23047,70,264271
30797,0.000207,74.125.24.0-255,1484,24531,70,264271
30798,0.00021,172.31.40.0-255,66,24597,70,264271
30799,0.000213,74.125.24.0-255,1484,26081,70,264271
30800,0.000215,172.31.40.0-255,66,26147,70,264271
30801,0.000237,74.125.24.0-255,5379,31526,70,264271
30802,0.00024,172.31.40.0-255,66,31592,70,264271
30803,0.000258,74.125.24.0-255,4320,35912,70,264271
30804,0.00026,172.31.40.0-255,66,35978,70,264271
30805,0.000282,74.125.24.0-255,2902,38880,70,264271
30806,0.000284,172.31.40.0-255,66,38946,70,264271
30807,0.00029,74.125.24.0-255,5738,44684,70,264271
30808,0.000293,172.31.40.0-255,66,44750,70,264271
30809,0.000326,74.125.24.0-255,3961,48711,70,264271
30810,0.000328,172.31.40.0-255,66,48777,70,264271
30811,0.000349,74.125.24.0-255,4320,53097,70,264271
30812,0.000352,172.31.40.0-255,66,53163,70,264271
30813,0.00038,74.125.24.0-255,9992,63155,70,264271
30814,0.000383,172.31.40.0-255,66,63221,70,264271
30815,0.000387,74.125.24.0-255,2543,65764,70,264271
30816,0.000389,172.31.40.0-255,66,65830,70,264271
30817,0.000481,74.125.24.0-255,646,66476,70,264271
30818,0.000769,74.125.24.0-255,1484,67960,70,264271
30819,0.000774,172.31.40.0-255,66,68026,70,264271
30820,0.00078,74.125.24.0-255,2902,70928,70,264271
30821,0.000782,172.31.40.0-255,66,70994,70,264271
30822,0.000789,74.125.24.0-255,5738,76732,70,264271
30823,0.000791,172.31.40.0-255,66,76798,70,264271
30824,0.000845,74.125.24.0-255,6797,83595,70,264271
30825,0.000849,172.31.40.0-255,66,83661,70,264271
30826,0.000994,74.125.24.0-255,1484,85145,70,264271
30827,0.001,74.125.24.0-255,1484,86629,70,264271
30828,0.001002,172.31.40.0-255,66,86695,70,264271
30829,0.001021,74.125.24.0-255,1484,88179,70,264271
30830,0.001028,74.125.24.0-255,5738,93917,70,264271
30831,0.00103,172.31.40.0-255,66,93983,70,264271
30832,0.001037,74.125.24.0-255,5738,99721,70,264271
30833,0.001039,172.31.40.0-255,66,99787,70,264271
30834,0.00105,74.125.24.0-255,1125,100912,70,264271
30835,0.001365,74.125.24.0-255,1484,102396,70,264271
30836,0.00137,172.31.40.0-255,66,102462,70,264271
30837,0.001376,74.125.24.0-255,2902,105364,70,264271
30838,0.001378,172.31.40.0-255,66,105430,70,264271
30839,0.001385,74.125.24.0-255,5738,111168,70,264271
30840,0.001387,172.31.40.0-255,66,111234,70,264271
30841,0.00143,74.125.24.0-255,5738,116972,70,264271
30842,0.001436,172.31.40.0-255,66,117038,70,264271
30843,0.001439,172.31.40.0-255,66,117104,70,264271
30844,0.001447,74.125.24.0-255,1484,118588,70,264271
30845,0.00146,74.125.24.0-255,1484,120072,70,264271
30846,0.001463,172.31.40.0-255,66,120138,70,264271
30847,0.001481,74.125.24.0-255,2184,122322,70,264271
30848,0.001484,172.31.40.0-255,66,122388,70,264271
30849,0.0017,74.125.24.0-255,1484,123872,70,264271
30850,0.001717,74.125.24.0-255,2902,126774,70,264271
30851,0.001721,172.31.40.0-255,66,126840,70,264271
30852,0.001724,74.125.24.0-255,1484,128324,70,264271
30853,0.001738,74.125.24.0-255,1484,129808,70,264271
30854,0.001741,172.31.40.0-255,66,129874,70,264271
30855,0.001744,74.125.24.0-255,1484,131358,70,264271
30856,0.001762,74.125.24.0-255,4320,135678,70,264271
30857,0.001764,172.31.40.0-255,66,135744,70,264271
30858,0.001782,74.125.24.0-255,1484,137228,70,264271
30859,0.001826,172.31.40.0-255,66,137294,70,264271
30860,0.001841,74.125.24.0-255,4320,141614,70,264271
30861,0.001846,74.125.24.0-255,3602,145216,70,264271
30862,0.001855,172.31.40.0-255,66,145282,70,264271
30863,0.001858,172.31.40.0-255,66,145348,70,264271
30864,0.004157,74.125.24.0-255,4320,149668,70,264271
30865,0.004163,172.31.40.0-255,66,149734,70,264271
30866,0.004181,74.125.24.0-255,1484,151218,70,264271
30867,0.006456,74.125.24.0-255,4320,155538,70,264271
30868,0.00646,172.31.40.0-255,66,155604,70,264271
30869,0.008769,74.125.24.0-255,5738,161342,70,264271
30870,0.008776,172.31.40.0-255,66,161408,70,264271
30871,0.011099,74.125.24.0-255,5738,167146,70,264271
30872,0.011108,172.31.40.0-255,66,167212,70,264271
30873,0.0134,74.125.24.0-255,5738,172950,70,264271
30874,0.013413,172.31.40.0-255,66,173016,70,264271
30875,0.015704,74.125.24.0-255,5738,178754,70,264271
30876,0.015716,172.31.40.0-255,66,178820,70,264271
30877,0.018017,74.125.24.0-255,5738,184558,70,264271
30878,0.018024,172.31.40.0-255,66,184624,70,264271
30879,0.020319,74.125.24.0-255,5738,190362,70,264271
30880,0.020327,172.31.40.0-255,66,190428,70,264271
30881,0.022641,74.125.24.0-255,5738,196166,70,264271
30882,0.022648,172.31.40.0-255,66,196232,70,264271
30883,0.024959,74.125.24.0-255,5738,201970,70,264271
30884,0.024968,172.31.40.0-255,66,202036,70,264271
30885,0.027259,74.125.24.0-255,5738,207774,70,264271
30886,0.027267,172.31.40.0-255,66,207840,70,264271
30887,0.029562,74.125.24.0-255,5738,213578,70,264271
30888,0.029569,172.31.40.0-255,66,213644,70,264271
30889,0.031857,74.125.24.0-255,5738,219382,70,264271
30890,0.031865,172.31.40.0-255,66,219448,70,264271
30891,0.033442,172.31.40.0-255,172,219620,70,264271
30892,0.033476,172.31.40.0-255,1113,220733,70,264271
30893,0.033537,172.31.40.0-255,1514,222247,70,264271
30894,0.033539,172.31.40.0-255,1330,223577,70,264271
30895,0.034168,74.125.24.0-255,5738,229315,70,264271
30896,0.034175,172.31.40.0-255,66,229381,70,264271
30897,0.035679,104.244.42.0-255,66,229447,70,264271
30898,0.036458,74.125.24.0-255,5738,235185,70,264271
30899,0.036469,172.31.40.0-255,66,235251,70,264271
30900,0.038811,74.125.24.0-255,5738,240989,70,264271
30901,0.038825,172.31.40.0-255,66,241055,70,264271
30902,0.04112,74.125.24.0-255,5738,246793,70,264271
30903,0.04113,172.31.40.0-255,66,246859,70,264271
30904,0.043445,74.125.24.0-255,5738,252597,70,264271
30905,0.043456,172.31.40.0-255,66,252663,70,264271
30906,0.04578,74.125.24.0-255,5738,258401,70,264271
30907,0.045787,172.31.40.0-255,66,258467,70,264271
30908,0.048072,74.125.24.0-255,5738,264205,70,264271
30909,0.048079,172.31.40.0-255,66,264271,70,264271
30910,0.0,74.125.68.0-255,153,153,70,391016
30911,2.4e-05,172.31.40.0-255,66,219,70,391016
30912,3.2e-05,74.125.68.0-255,1484,1703,70,391016
30913,3.7e-05,172.31.40.0-255,66,1769,70,391016
30914,4.3e-05,74.125.68.0-255,2902,4671,70,391016
30915,5.5e-05,172.31.40.0-255,66,4737,70,391016
30916,6.4e-05,74.125.68.0-255,7156,11893,70,391016
30917,6.8e-05,172.31.40.0-255,66,11959,70,391016
30918,7.2e-05,74.125.68.0-255,2133,14092,70,391016
30919,7.5e-05,172.31.40.0-255,66,14158,70,391016
30920,0.000181,74.125.68.0-255,1484,15642,70,391016
30921,0.000184,172.31.40.0-255,66,15708,70,391016
30922,0.00019,74.125.68.0-255,2902,18610,70,391016
30923,0.000193,172.31.40.0-255,66,18676,70,391016
30924,0.000218,74.125.68.0-255,1484,20160,70,391016
30925,0.000221,172.31.40.0-255,66,20226,70,391016
30926,0.000226,74.125.68.0-255,2902,23128,70,391016
30927,0.000228,172.31.40.0-255,66,23194,70,391016
30928,0.000231,74.125.68.0-255,1484,24678,70,391016
30929,0.000237,172.31.40.0-255,66,24744,70,391016
30930,0.000264,74.125.68.0-255,4320,29064,70,391016
30931,0.000267,172.31.40.0-255,66,29130,70,391016
30932,0.000271,74.125.68.0-255,2543,31673,70,391016
30933,0.000274,172.31.40.0-255,66,31739,70,391016
30934,0.000279,74.125.68.0-255,2902,34641,70,391016
30935,0.000281,172.31.40.0-255,66,34707,70,391016
30936,0.000314,74.125.68.0-255,4320,39027,70,391016
30937,0.000317,172.31.40.0-255,66,39093,70,391016
30938,0.000321,74.125.68.0-255,1484,40577,70,391016
30939,0.000322,172.31.40.0-255,66,40643,70,391016
30940,0.000349,74.125.68.0-255,4320,44963,70,391016
30941,0.000352,172.31.40.0-255,66,45029,70,391016
30942,0.000371,74.125.68.0-255,5738,50767,70,391016
30943,0.000412,74.125.68.0-255,3602,54369,70,391016
30944,0.000446,74.125.68.0-255,708,55077,70,391016
30945,0.000569,172.31.40.0-255,66,55143,70,391016
30946,0.00061,74.125.68.0-255,1484,56627,70,391016
30947,0.000617,74.125.68.0-255,2902,59529,70,391016
30948,0.000622,172.31.40.0-255,66,59595,70,391016
30949,0.000629,74.125.68.0-255,1484,61079,70,391016
30950,0.000656,74.125.68.0-255,4320,65399,70,391016
30951,0.000675,74.125.68.0-255,4320,69719,70,391016
30952,0.000679,172.31.40.0-255,66,69785,70,391016
30953,0.000687,74.125.68.0-255,2902,72687,70,391016
30954,0.000693,172.31.40.0-255,66,72753,70,391016
30955,0.00071,74.125.68.0-255,5738,78491,70,391016
30956,0.000747,74.125.68.0-255,10692,89183,70,391016
30957,0.000765,172.31.40.0-255,66,89249,70,391016
30958,0.000995,74.125.68.0-255,1484,90733,70,391016
30959,0.001003,74.125.68.0-255,2902,93635,70,391016
30960,0.001042,172.31.40.0-255,66,93701,70,391016
30961,0.001054,74.125.68.0-255,2902,96603,70,391016
30962,0.001063,74.125.68.0-255,4320,100923,70,391016
30963,0.001072,74.125.68.0-255,8574,109497,70,391016
30964,0.001078,74.125.68.0-255,5738,115235,70,391016
30965,0.001084,172.31.40.0-255,66,115301,70,391016
30966,0.001113,74.125.68.0-255,7156,122457,70,391016
30967,0.001116,74.125.68.0-255,766,123223,70,391016
30968,0.001132,172.31.40.0-255,66,123289,70,391016
30969,0.001249,74.125.68.0-255,1484,124773,70,391016
30970,0.001266,74.125.68.0-255,2902,127675,70,391016
30971,0.001275,172.31.40.0-255,66,127741,70,391016
30972,0.001287,74.125.68.0-255,5738,133479,70,391016
30973,0.00129,74.125.68.0-255,1484,134963,70,391016
30974,0.00131,172.31.40.0-255,66,135029,70,391016
30975,0.001321,74.125.68.0-255,5738,140767,70,391016
30976,0.001335,74.125.68.0-255,8574,149341,70,391016
30977,0.001342,172.31.40.0-255,66,149407,70,391016
30978,0.001361,74.125.68.0-255,7156,156563,70,391016
30979,0.001379,74.125.68.0-255,766,157329,70,391016
30980,0.001385,172.31.40.0-255,66,157395,70,391016
30981,0.00142,74.125.68.0-255,1484,158879,70,391016
30982,0.001438,74.125.68.0-255,2902,161781,70,391016
30983,0.001451,74.125.68.0-255,1484,163265,70,391016
30984,0.001454,74.125.68.0-255,1484,164749,70,391016
30985,0.001456,74.125.68.0-255,1484,166233,70,391016
30986,0.001464,172.31.40.0-255,66,166299,70,391016
30987,0.001473,74.125.68.0-255,1484,167783,70,391016
30988,0.001484,74.125.68.0-255,5738,173521,70,391016
30989,0.001491,172.31.40.0-255,66,173587,70,391016
30990,0.001502,74.125.68.0-255,1484,175071,70,391016
30991,0.001526,74.125.68.0-255,8574,183645,70,391016
30992,0.001546,172.31.40.0-255,66,183711,70,391016
30993,0.001564,74.125.68.0-255,5738,189449,70,391016
30994,0.00158,74.125.68.0-255,2184,191633,70,391016
30995,0.001593,172.31.40.0-255,66,191699,70,391016
30996,0.001622,74.125.68.0-255,1484,193183,70,391016
30997,0.001627,74.125.68.0-255,2902,196085,70,391016
30998,0.001642,74.125.68.0-255,1484,197569,70,391016
30999,0.001645,172.31.40.0-255,66,197635,70,391016
31000,0.001673,74.125.68.0-255,4320,201955,70,391016
31001,0.001677,74.125.68.0-255,2902,204857,70,391016
31002,0.00168,74.125.68.0-255,1484,206341,70,391016
31003,0.001704,74.125.68.0-255,8574,214915,70,391016
31004,0.001709,74.125.68.0-255,2902,217817,70,391016
31005,0.001714,172.31.40.0-255,66,217883,70,391016
31006,0.001734,74.125.68.0-255,7156,225039,70,391016
31007,0.001744,74.125.68.0-255,766,225805,70,391016
31008,0.001755,172.31.40.0-255,66,225871,70,391016
31009,0.001856,74.125.68.0-255,1484,227355,70,391016
31010,0.00186,74.125.68.0-255,1484,228839,70,391016
31011,0.001871,74.125.68.0-255,1484,230323,70,391016
31012,0.001874,74.125.68.0-255,1484,231807,70,391016
31013,0.001878,172.31.40.0-255,66,231873,70,391016
31014,0.001883,172.31.40.0-255,66,231939,70,391016
31015,0.001898,74.125.68.0-255,4320,236259,70,391016
31016,0.001939,74.125.68.0-255,8574,244833,70,391016
31017,0.001949,74.125.68.0-255,9992,254825,70,391016
31018,0.001951,74.125.68.0-255,1484,256309,70,391016
31019,0.001966,74.125.68.0-255,3602,259911,70,391016
31020,0.001969,172.31.40.0-255,66,259977,70,391016
31021,0.001977,172.31.40.0-255,66,260043,70,391016
31022,0.002052,74.125.68.0-255,1484,261527,70,391016
31023,0.002066,74.125.68.0-255,2902,264429,70,391016
31024,0.002073,172.31.40.0-255,66,264495,70,391016
31025,0.002085,74.125.68.0-255,5738,270233,70,391016
31026,0.002103,172.31.40.0-255,66,270299,70,391016
31027,0.002112,74.125.68.0-255,4320,274619,70,391016
31028,0.002136,74.125.68.0-255,5738,280357,70,391016
31029,0.002178,74.125.68.0-255,4320,284677,70,391016
31030,0.002195,74.125.68.0-255,7156,291833,70,391016
31031,0.002199,74.125.68.0-255,2184,294017,70,391016
31032,0.002203,74.125.68.0-255,2902,296919,70,391016
31033,0.00221,74.125.68.0-255,7156,304075,70,391016
31034,0.002218,74.125.68.0-255,7156,311231,70,391016
31035,0.002232,74.125.68.0-255,2902,314133,70,391016
31036,0.002247,74.125.68.0-255,5738,319871,70,391016
31037,0.002253,172.31.40.0-255,66,319937,70,391016
31038,0.002262,74.125.68.0-255,2902,322839,70,391016
31039,0.002267,172.31.40.0-255,66,322905,70,391016
31040,0.002282,74.125.68.0-255,5020,327925,70,391016
31041,0.002289,74.125.68.0-255,1484,329409,70,391016
31042,0.002313,172.31.40.0-255,66,329475,70,391016
31043,0.004569,74.125.68.0-255,5738,335213,70,391016
31044,0.004578,172.31.40.0-255,66,335279,70,391016
31045,0.006853,74.125.68.0-255,5738,341017,70,391016
31046,0.009036,172.31.40.0-255,66,341083,70,391016
31047,0.011309,74.125.68.0-255,5738,346821,70,391016
31048,0.01132,172.31.40.0-255,66,346887,70,391016
31049,0.013602,74.125.68.0-255,5738,352625,70,391016
31050,0.013623,172.31.40.0-255,66,352691,70,391016
31051,0.015904,74.125.68.0-255,5738,358429,70,391016
31052,0.015915,172.31.40.0-255,66,358495,70,391016
31053,0.018188,74.125.68.0-255,5738,364233,70,391016
31054,0.019577,172.31.40.0-255,66,364299,70,391016
31055,0.021893,74.125.68.0-255,5738,370037,70,391016
31056,0.02191,172.31.40.0-255,66,370103,70,391016
31057,0.024198,74.125.68.0-255,5738,375841,70,391016
31058,0.02421,172.31.40.0-255,66,375907,70,391016
31059,0.026514,74.125.68.0-255,5738,381645,70,391016
31060,0.026525,172.31.40.0-255,66,381711,70,391016
31061,0.028807,74.125.68.0-255,3642,385353,70,391016
31062,0.028843,172.31.40.0-255,66,385419,70,391016
31063,0.029206,172.31.40.0-255,105,385524,70,391016
31064,0.03144,74.125.68.0-255,66,385590,70,391016
31065,0.045871,172.31.40.0-255,172,385762,70,391016
31066,0.045911,172.31.40.0-255,1119,386881,70,391016
31067,0.045979,172.31.40.0-255,1514,388395,70,391016
31068,0.04598,172.31.40.0-255,1514,389909,70,391016
31069,0.046004,172.31.40.0-255,843,390752,70,391016
31070,0.047438,104.244.42.0-255,66,390818,70,391016
31071,0.047483,104.244.42.0-255,66,390884,70,391016
31072,0.047552,104.244.42.0-255,66,390950,70,391016
31073,0.047557,104.244.42.0-255,66,391016,70,391016
31074,0.0,172.217.194.0-255,152,152,70,248700
31075,1.6e-05,172.31.40.0-255,66,218,70,248700
31076,2.2e-05,172.217.194.0-255,1484,1702,70,248700
31077,2.6e-05,172.31.40.0-255,66,1768,70,248700
31078,3.1e-05,172.217.194.0-255,2902,4670,70,248700
31079,3.3e-05,172.31.40.0-255,66,4736,70,248700
31080,3.8e-05,172.217.194.0-255,2902,7638,70,248700
31081,4.1e-05,172.31.40.0-255,66,7704,70,248700
31082,6e-05,172.217.194.0-255,4320,12024,70,248700
31083,6.3e-05,172.31.40.0-255,66,12090,70,248700
31084,7.2e-05,172.217.194.0-255,1484,13574,70,248700
31085,7.4e-05,172.31.40.0-255,66,13640,70,248700
31086,8.8e-05,172.217.194.0-255,580,14220,70,248700
31087,9e-05,172.31.40.0-255,66,14286,70,248700
31088,0.000227,172.217.194.0-255,1484,15770,70,248700
31089,0.000231,172.31.40.0-255,66,15836,70,248700
31090,0.000235,172.217.194.0-255,1484,17320,70,248700
31091,0.000237,172.31.40.0-255,66,17386,70,248700
31092,0.000251,172.217.194.0-255,1484,18870,70,248700
31093,0.000253,172.31.40.0-255,66,18936,70,248700
31094,0.000259,172.217.194.0-255,5738,24674,70,248700
31095,0.000261,172.31.40.0-255,66,24740,70,248700
31096,0.000264,172.217.194.0-255,1484,26224,70,248700
31097,0.000267,172.31.40.0-255,66,26290,70,248700
31098,0.00029,172.217.194.0-255,5379,31669,70,248700
31099,0.000293,172.31.40.0-255,66,31735,70,248700
31100,0.000338,172.217.194.0-255,1484,33219,70,248700
31101,0.000341,172.31.40.0-255,66,33285,70,248700
31102,0.000346,172.217.194.0-255,2902,36187,70,248700
31103,0.000348,172.31.40.0-255,66,36253,70,248700
31104,0.00036,172.217.194.0-255,1484,37737,70,248700
31105,0.000363,172.31.40.0-255,66,37803,70,248700
31106,0.000385,172.217.194.0-255,4320,42123,70,248700
31107,0.000388,172.31.40.0-255,66,42189,70,248700
31108,0.000437,172.31.40.0-255,66,42255,70,248700
31109,0.000444,172.217.194.0-255,5738,47993,70,248700
31110,0.000446,172.31.40.0-255,66,48059,70,248700
31111,0.000484,172.217.194.0-255,4275,52334,70,248700
31112,0.000487,172.31.40.0-255,66,52400,70,248700
31113,0.00079,172.217.194.0-255,363,52763,70,248700
31114,0.001033,172.31.40.0-255,66,52829,70,248700
31115,0.001075,172.217.194.0-255,1484,54313,70,248700
31116,0.001092,172.217.194.0-255,2902,57215,70,248700
31117,0.001095,172.31.40.0-255,66,57281,70,248700
31118,0.001112,172.217.194.0-255,5738,63019,70,248700
31119,0.001114,172.31.40.0-255,66,63085,70,248700
31120,0.001165,172.217.194.0-255,9992,73077,70,248700
31121,0.001167,172.31.40.0-255,66,73143,70,248700
31122,0.00118,172.31.40.0-255,66,73209,70,248700
31123,0.001203,172.217.194.0-255,2184,75393,70,248700
31124,0.001206,172.31.40.0-255,66,75459,70,248700
31125,0.001379,172.217.194.0-255,1484,76943,70,248700
31126,0.001399,172.217.194.0-255,2902,79845,70,248700
31127,0.001402,172.31.40.0-255,66,79911,70,248700
31128,0.001409,172.217.194.0-255,5738,85649,70,248700
31129,0.00141,172.31.40.0-255,66,85715,70,248700
31130,0.001449,172.31.40.0-255,66,85781,70,248700
31131,0.001468,172.217.194.0-255,1484,87265,70,248700
31132,0.001478,172.217.194.0-255,9992,97257,70,248700
31133,0.00148,172.217.194.0-255,766,98023,70,248700
31134,0.001483,172.31.40.0-255,66,98089,70,248700
31135,0.001493,172.217.194.0-255,1484,99573,70,248700
31136,0.001496,172.31.40.0-255,66,99639,70,248700
31137,0.001511,172.217.194.0-255,4320,103959,70,248700
31138,0.001513,172.31.40.0-255,66,104025,70,248700
31139,0.001546,172.217.194.0-255,9992,114017,70,248700
31140,0.001549,172.31.40.0-255,66,114083,70,248700
31141,0.001556,172.217.194.0-255,7156,121239,70,248700
31142,0.001559,172.31.40.0-255,66,121305,70,248700
31143,0.0016,172.217.194.0-255,7156,128461,70,248700
31144,0.001605,172.31.40.0-255,66,128527,70,248700
31145,0.001617,172.217.194.0-255,3602,132129,70,248700
31146,0.00162,172.31.40.0-255,66,132195,70,248700
31147,0.001656,172.217.194.0-255,1484,133679,70,248700
31148,0.001661,172.217.194.0-255,2902,136581,70,248700
31149,0.001664,172.31.40.0-255,66,136647,70,248700
31150,0.001687,172.217.194.0-255,5738,142385,70,248700
31151,0.00169,172.31.40.0-255,66,142451,70,248700
31152,0.001694,172.217.194.0-255,2902,145353,70,248700
31153,0.001696,172.31.40.0-255,66,145419,70,248700
31154,0.001716,172.217.194.0-255,7156,152575,70,248700
31155,0.001719,172.31.40.0-255,66,152641,70,248700
31156,0.00177,172.31.40.0-255,66,152707,70,248700
31157,0.001841,172.217.194.0-255,1484,154191,70,248700
31158,0.001858,172.217.194.0-255,2902,157093,70,248700
31159,0.001861,172.31.40.0-255,66,157159,70,248700
31160,0.001868,172.217.194.0-255,5738,162897,70,248700
31161,0.001871,172.31.40.0-255,66,162963,70,248700
31162,0.00191,172.217.194.0-255,5738,168701,70,248700
31163,0.001913,172.31.40.0-255,66,168767,70,248700
31164,0.001922,172.31.40.0-255,66,168833,70,248700
31165,0.001926,172.217.194.0-255,2902,171735,70,248700
31166,0.001929,172.31.40.0-255,66,171801,70,248700
31167,0.001951,172.217.194.0-255,2184,173985,70,248700
31168,0.001953,172.31.40.0-255,66,174051,70,248700
31169,0.002029,172.217.194.0-255,1484,175535,70,248700
31170,0.002035,172.217.194.0-255,2902,178437,70,248700
31171,0.002037,172.31.40.0-255,66,178503,70,248700
31172,0.002044,172.217.194.0-255,5738,184241,70,248700
31173,0.002046,172.31.40.0-255,66,184307,70,248700
31174,0.002051,172.217.194.0-255,4320,188627,70,248700
31175,0.002053,172.31.40.0-255,66,188693,70,248700
31176,0.002084,172.217.194.0-255,7156,195849,70,248700
31177,0.002086,172.31.40.0-255,66,195915,70,248700
31178,0.00215,172.217.194.0-255,8574,204489,70,248700
31179,0.002153,172.31.40.0-255,66,204555,70,248700
31180,0.002182,172.217.194.0-255,10692,215247,70,248700
31181,0.002185,172.31.40.0-255,66,215313,70,248700
31182,0.002203,172.31.40.0-255,66,215379,70,248700
31183,0.00221,172.217.194.0-255,6438,221817,70,248700
31184,0.002212,172.31.40.0-255,66,221883,70,248700
31185,0.002217,172.217.194.0-255,4320,226203,70,248700
31186,0.002219,172.31.40.0-255,66,226269,70,248700
31187,0.002262,172.31.40.0-255,66,226335,70,248700
31188,0.002278,172.31.40.0-255,66,226401,70,248700
31189,0.002281,172.217.194.0-255,766,227167,70,248700
31190,0.002297,172.217.194.0-255,2902,230069,70,248700
31191,0.002299,172.31.40.0-255,66,230135,70,248700
31192,0.002343,172.31.40.0-255,66,230201,70,248700
31193,0.002356,172.31.40.0-255,66,230267,70,248700
31194,0.002361,172.217.194.0-255,4320,234587,70,248700
31195,0.002364,172.31.40.0-255,66,234653,70,248700
31196,0.002401,172.31.40.0-255,66,234719,70,248700
31197,0.004721,172.217.194.0-255,5738,240457,70,248700
31198,0.004728,172.31.40.0-255,66,240523,70,248700
31199,0.007055,172.217.194.0-255,2514,243037,70,248700
31200,0.00706,172.31.40.0-255,66,243103,70,248700
31201,0.010482,172.31.40.0-255,105,243208,70,248700
31202,0.012796,172.217.194.0-255,66,243274,70,248700
31203,0.029274,172.31.40.0-255,172,243446,70,248700
31204,0.029308,172.31.40.0-255,1117,244563,70,248700
31205,0.029371,172.31.40.0-255,1514,246077,70,248700
31206,0.029373,172.31.40.0-255,1514,247591,70,248700
31207,0.029374,172.31.40.0-255,845,248436,70,248700
31208,0.030877,104.244.42.0-255,66,248502,70,248700
31209,0.030921,104.244.42.0-255,66,248568,70,248700
31210,0.030964,104.244.42.0-255,66,248634,70,248700
31211,0.030968,104.244.42.0-255,66,248700,70,248700
31212,0.0,172.217.194.0-255,153,153,70,243920
31213,1.9e-05,172.31.40.0-255,66,219,70,243920
31214,2.7e-05,172.217.194.0-255,1484,1703,70,243920
31215,3.2e-05,172.31.40.0-255,66,1769,70,243920
31216,3.8e-05,172.217.194.0-255,2902,4671,70,243920
31217,4.2e-05,172.31.40.0-255,66,4737,70,243920
31218,7.8e-05,172.217.194.0-255,7156,11893,70,243920
31219,8.2e-05,172.31.40.0-255,66,11959,70,243920
31220,0.000194,172.217.194.0-255,5738,17697,70,243920
31221,0.000199,172.31.40.0-255,66,17763,70,243920
31222,0.000221,172.217.194.0-255,6220,23983,70,243920
31223,0.000224,172.31.40.0-255,66,24049,70,243920
31224,0.000429,172.217.194.0-255,6797,30846,70,243920
31225,0.000435,172.31.40.0-255,66,30912,70,243920
31226,0.000544,172.217.194.0-255,4320,35232,70,243920
31227,0.00055,172.31.40.0-255,66,35298,70,243920
31228,0.000568,172.217.194.0-255,2902,38200,70,243920
31229,0.000571,172.31.40.0-255,66,38266,70,243920
31230,0.000683,172.217.194.0-255,5738,44004,70,243920
31231,0.000687,172.31.40.0-255,66,44070,70,243920
31232,0.000731,172.217.194.0-255,9633,53703,70,243920
31233,0.000735,172.31.40.0-255,66,53769,70,243920
31234,0.000985,172.217.194.0-255,9992,63761,70,243920
31235,0.000991,172.31.40.0-255,66,63827,70,243920
31236,0.001005,172.217.194.0-255,1401,65228,70,243920
31237,0.001007,172.31.40.0-255,66,65294,70,243920
31238,0.001166,172.217.194.0-255,119,65413,70,243920
31239,0.001172,172.31.40.0-255,66,65479,70,243920
31240,0.001261,172.217.194.0-255,381,65860,70,243920
31241,0.001266,172.31.40.0-255,66,65926,70,243920
31242,0.001378,172.217.194.0-255,1484,67410,70,243920
31243,0.001383,172.31.40.0-255,66,67476,70,243920
31244,0.001389,172.217.194.0-255,2902,70378,70,243920
31245,0.001392,172.31.40.0-255,66,70444,70,243920
31246,0.001438,172.217.194.0-255,2902,73346,70,243920
31247,0.001441,172.31.40.0-255,66,73412,70,243920
31248,0.001459,172.217.194.0-255,2902,76314,70,243920
31249,0.001462,172.31.40.0-255,66,76380,70,243920
31250,0.001569,172.31.40.0-255,66,76446,70,243920
31251,0.001789,172.217.194.0-255,2902,79348,70,243920
31252,0.001793,172.31.40.0-255,66,79414,70,243920
31253,0.001817,172.217.194.0-255,7856,87270,70,243920
31254,0.001819,172.31.40.0-255,66,87336,70,243920
31255,0.002143,172.217.194.0-255,1484,88820,70,243920
31256,0.002164,172.217.194.0-255,2902,91722,70,243920
31257,0.002167,172.31.40.0-255,66,91788,70,243920
31258,0.002218,172.217.194.0-255,5738,97526,70,243920
31259,0.002221,172.31.40.0-255,66,97592,70,243920
31260,0.002319,172.217.194.0-255,4320,101912,70,243920
31261,0.002322,172.31.40.0-255,66,101978,70,243920
31262,0.002347,172.217.194.0-255,8574,110552,70,243920
31263,0.00235,172.31.40.0-255,66,110618,70,243920
31264,0.002555,172.217.194.0-255,5738,116356,70,243920
31265,0.002569,172.217.194.0-255,5020,121376,70,243920
31266,0.002762,172.217.194.0-255,5738,127114,70,243920
31267,0.003106,172.31.40.0-255,66,127180,70,243920
31268,0.005377,172.217.194.0-255,5738,132918,70,243920
31269,0.005384,172.31.40.0-255,66,132984,70,243920
31270,0.007653,172.217.194.0-255,5738,138722,70,243920
31271,0.00766,172.31.40.0-255,66,138788,70,243920
31272,0.00995,172.217.194.0-255,5738,144526,70,243920
31273,0.009959,172.31.40.0-255,66,144592,70,243920
31274,0.012233,172.217.194.0-255,5738,150330,70,243920
31275,0.012241,172.31.40.0-255,66,150396,70,243920
31276,0.014527,172.217.194.0-255,5738,156134,70,243920
31277,0.014534,172.31.40.0-255,66,156200,70,243920
31278,0.016817,172.217.194.0-255,5738,161938,70,243920
31279,0.016824,172.31.40.0-255,66,162004,70,243920
31280,0.019095,172.217.194.0-255,5738,167742,70,243920
31281,0.019102,172.31.40.0-255,66,167808,70,243920
31282,0.021414,172.217.194.0-255,5738,173546,70,243920
31283,0.021421,172.31.40.0-255,66,173612,70,243920
31284,0.023697,172.217.194.0-255,5738,179350,70,243920
31285,0.023705,172.31.40.0-255,66,179416,70,243920
31286,0.02599,172.217.194.0-255,5738,185154,70,243920
31287,0.025997,172.31.40.0-255,66,185220,70,243920
31288,0.028269,172.217.194.0-255,5738,190958,70,243920
31289,0.028277,172.31.40.0-255,66,191024,70,243920
31290,0.030551,172.217.194.0-255,2902,193926,70,243920
31291,0.030558,172.31.40.0-255,66,193992,70,243920
31292,0.03058,172.217.194.0-255,2902,196894,70,243920
31293,0.030583,172.31.40.0-255,66,196960,70,243920
31294,0.032835,172.217.194.0-255,2902,199862,70,243920
31295,0.032842,172.31.40.0-255,66,199928,70,243920
31296,0.032864,172.217.194.0-255,2902,202830,70,243920
31297,0.032866,172.31.40.0-255,66,202896,70,243920
31298,0.035102,172.217.194.0-255,2902,205798,70,243920
31299,0.035108,172.31.40.0-255,66,205864,70,243920
31300,0.035133,172.217.194.0-255,2902,208766,70,243920
31301,0.035135,172.31.40.0-255,66,208832,70,243920
31302,0.037404,172.217.194.0-255,2902,211734,70,243920
31303,0.037412,172.31.40.0-255,66,211800,70,243920
31304,0.037435,172.217.194.0-255,2902,214702,70,243920
31305,0.037437,172.31.40.0-255,66,214768,70,243920
31306,0.039704,172.217.194.0-255,2902,217670,70,243920
31307,0.039712,172.31.40.0-255,66,217736,70,243920
31308,0.039731,172.217.194.0-255,2902,220638,70,243920
31309,0.039734,172.31.40.0-255,66,220704,70,243920
31310,0.042001,172.217.194.0-255,5738,226442,70,243920
31311,0.04201,172.31.40.0-255,66,226508,70,243920
31312,0.044337,172.217.194.0-255,5738,232246,70,243920
31313,0.044355,172.31.40.0-255,66,232312,70,243920
31314,0.046643,172.217.194.0-255,5738,238050,70,243920
31315,0.046658,172.31.40.0-255,66,238116,70,243920
31316,0.048946,172.217.194.0-255,5738,243854,70,243920
31317,0.048963,172.31.40.0-255,66,243920,70,243920
31318,0.0,74.125.24.0-255,298,298,70,310917
31319,1.6e-05,172.31.40.0-255,66,364,70,310917
31320,2.2e-05,74.125.24.0-255,1484,1848,70,310917
31321,2.6e-05,172.31.40.0-255,66,1914,70,310917
31322,2.9e-05,74.125.24.0-255,1484,3398,70,310917
31323,3.1e-05,172.31.40.0-255,66,3464,70,310917
31324,6e-05,74.125.24.0-255,2902,6366,70,310917
31325,6.7e-05,172.31.40.0-255,66,6432,70,310917
31326,7.4e-05,74.125.24.0-255,5738,12170,70,310917
31327,7.7e-05,172.31.40.0-255,66,12236,70,310917
31328,0.000113,74.125.24.0-255,1805,14041,70,310917
31329,0.000115,172.31.40.0-255,66,14107,70,310917
31330,0.000147,74.125.24.0-255,1484,15591,70,310917
31331,0.00015,172.31.40.0-255,66,15657,70,310917
31332,0.000154,74.125.24.0-255,2902,18559,70,310917
31333,0.000156,172.31.40.0-255,66,18625,70,310917
31334,0.000159,74.125.24.0-255,1484,20109,70,310917
31335,0.000162,172.31.40.0-255,66,20175,70,310917
31336,0.000197,74.125.24.0-255,4320,24495,70,310917
31337,0.0002,172.31.40.0-255,66,24561,70,310917
31338,0.000206,74.125.24.0-255,5738,30299,70,310917
31339,0.000208,172.31.40.0-255,66,30365,70,310917
31340,0.000241,74.125.24.0-255,1125,31490,70,310917
31341,0.000244,172.31.40.0-255,66,31556,70,310917
31342,0.000493,74.125.24.0-255,1484,33040,70,310917
31343,0.000498,172.31.40.0-255,66,33106,70,310917
31344,0.000504,74.125.24.0-255,2902,36008,70,310917
31345,0.000506,172.31.40.0-255,66,36074,70,310917
31346,0.000534,74.125.24.0-255,5738,41812,70,310917
31347,0.000537,172.31.40.0-255,66,41878,70,310917
31348,0.000569,74.125.24.0-255,6797,48675,70,310917
31349,0.000572,172.31.40.0-255,66,48741,70,310917
31350,0.000603,74.125.24.0-255,7156,55897,70,310917
31351,0.000605,172.31.40.0-255,66,55963,70,310917
31352,0.000636,74.125.24.0-255,8574,64537,70,310917
31353,0.000638,172.31.40.0-255,66,64603,70,310917
31354,0.000641,74.125.24.0-255,1125,65728,70,310917
31355,0.000688,74.125.24.0-255,412,66140,70,310917
31356,0.000765,74.125.24.0-255,332,66472,70,310917
31357,0.00077,172.31.40.0-255,66,66538,70,310917
31358,0.001025,74.125.24.0-255,1484,68022,70,310917
31359,0.001032,74.125.24.0-255,2902,70924,70,310917
31360,0.001035,172.31.40.0-255,66,70990,70,310917
31361,0.001069,74.125.24.0-255,5738,76728,70,310917
31362,0.001072,172.31.40.0-255,66,76794,70,310917
31363,0.001081,74.125.24.0-255,9992,86786,70,310917
31364,0.001083,172.31.40.0-255,66,86852,70,310917
31365,0.001116,74.125.24.0-255,2902,89754,70,310917
31366,0.001119,172.31.40.0-255,66,89820,70,310917
31367,0.001127,74.125.24.0-255,7156,96976,70,310917
31368,0.001129,172.31.40.0-255,66,97042,70,310917
31369,0.001139,74.125.24.0-255,3602,100644,70,310917
31370,0.001141,172.31.40.0-255,66,100710,70,310917
31371,0.001169,74.125.24.0-255,4320,105030,70,310917
31372,0.001172,172.31.40.0-255,66,105096,70,310917
31373,0.001196,74.125.24.0-255,1484,106580,70,310917
31374,0.001201,74.125.24.0-255,2902,109482,70,310917
31375,0.001216,172.31.40.0-255,66,109548,70,310917
31376,0.001224,74.125.24.0-255,5738,115286,70,310917
31377,0.001226,172.31.40.0-255,66,115352,70,310917
31378,0.001234,74.125.24.0-255,1484,116836,70,310917
31379,0.001259,74.125.24.0-255,2902,119738,70,310917
31380,0.001263,74.125.24.0-255,2902,122640,70,310917
31381,0.001266,172.31.40.0-255,66,122706,70,310917
31382,0.001269,172.31.40.0-255,66,122772,70,310917
31383,0.001309,74.125.24.0-255,8574,131346,70,310917
31384,0.001312,172.31.40.0-255,66,131412,70,310917
31385,0.001317,74.125.24.0-255,3602,135014,70,310917
31386,0.001319,172.31.40.0-255,66,135080,70,310917
31387,0.001324,74.125.24.0-255,4320,139400,70,310917
31388,0.001326,172.31.40.0-255,66,139466,70,310917
31389,0.001331,74.125.24.0-255,4320,143786,70,310917
31390,0.001334,172.31.40.0-255,66,143852,70,310917
31391,0.001371,74.125.24.0-255,2902,146754,70,310917
31392,0.001375,172.31.40.0-255,66,146820,70,310917
31393,0.001388,172.31.40.0-255,66,146886,70,310917
31394,0.001401,74.125.24.0-255,9274,156160,70,310917
31395,0.001404,172.31.40.0-255,66,156226,70,310917
31396,0.001763,74.125.24.0-255,1484,157710,70,310917
31397,0.001779,74.125.24.0-255,2902,160612,70,310917
31398,0.001783,172.31.40.0-255,66,160678,70,310917
31399,0.001821,74.125.24.0-255,5738,166416,70,310917
31400,0.001824,172.31.40.0-255,66,166482,70,310917
31401,0.00183,74.125.24.0-255,4320,170802,70,310917
31402,0.001831,172.31.40.0-255,66,170868,70,310917
31403,0.001873,172.31.40.0-255,66,170934,70,310917
31404,0.001878,74.125.24.0-255,4320,175254,70,310917
31405,0.00188,172.31.40.0-255,66,175320,70,310917
31406,0.001937,74.125.24.0-255,3602,178922,70,310917
31407,0.00194,172.31.40.0-255,66,178988,70,310917
31408,0.00231,74.125.24.0-255,1484,180472,70,310917
31409,0.002328,74.125.24.0-255,2902,183374,70,310917
31410,0.002332,172.31.40.0-255,66,183440,70,310917
31411,0.00236,74.125.24.0-255,5738,189178,70,310917
31412,0.002365,172.31.40.0-255,66,189244,70,310917
31413,0.004698,74.125.24.0-255,5738,194982,70,310917
31414,0.004705,172.31.40.0-255,66,195048,70,310917
31415,0.007023,74.125.24.0-255,5738,200786,70,310917
31416,0.007027,172.31.40.0-255,66,200852,70,310917
31417,0.009364,74.125.24.0-255,5738,206590,70,310917
31418,0.009372,172.31.40.0-255,66,206656,70,310917
31419,0.011735,74.125.24.0-255,5738,212394,70,310917
31420,0.011745,172.31.40.0-255,66,212460,70,310917
31421,0.014087,74.125.24.0-255,5738,218198,70,310917
31422,0.014097,172.31.40.0-255,66,218264,70,310917
31423,0.016458,74.125.24.0-255,5738,224002,70,310917
31424,0.01647,172.31.40.0-255,66,224068,70,310917
31425,0.018816,74.125.24.0-255,5738,229806,70,310917
31426,0.018825,172.31.40.0-255,66,229872,70,310917
31427,0.02115,74.125.24.0-255,5738,235610,70,310917
31428,0.021169,172.31.40.0-255,66,235676,70,310917
31429,0.023512,74.125.24.0-255,5738,241414,70,310917
31430,0.023533,172.31.40.0-255,66,241480,70,310917
31431,0.025885,74.125.24.0-255,5738,247218,70,310917
31432,0.025901,172.31.40.0-255,66,247284,70,310917
31433,0.028242,74.125.24.0-255,5738,253022,70,310917
31434,0.028251,172.31.40.0-255,66,253088,70,310917
31435,0.028339,172.31.40.0-255,101,253189,70,310917
31436,0.030635,74.125.24.0-255,5738,258927,70,310917
31437,0.030651,172.31.40.0-255,66,258993,70,310917
31438,0.030664,74.125.24.0-255,66,259059,70,310917
31439,0.03299,74.125.24.0-255,5738,264797,70,310917
31440,0.032999,172.31.40.0-255,66,264863,70,310917
31441,0.03531,74.125.24.0-255,5738,270601,70,310917
31442,0.035316,172.31.40.0-255,66,270667,70,310917
31443,0.035657,172.31.40.0-255,172,270839,70,310917
31444,0.035687,172.31.40.0-255,1118,271957,70,310917
31445,0.035733,172.31.40.0-255,1514,273471,70,310917
31446,0.035734,172.31.40.0-255,1514,274985,70,310917
31447,0.035756,172.31.40.0-255,844,275829,70,310917
31448,0.037228,104.244.42.0-255,66,275895,70,310917
31449,0.037243,104.244.42.0-255,66,275961,70,310917
31450,0.037301,104.244.42.0-255,66,276027,70,310917
31451,0.037305,104.244.42.0-255,66,276093,70,310917
31452,0.037678,74.125.24.0-255,5738,281831,70,310917
31453,0.037688,172.31.40.0-255,66,281897,70,310917
31454,0.040043,74.125.24.0-255,5738,287635,70,310917
31455,0.040056,172.31.40.0-255,66,287701,70,310917
31456,0.042414,74.125.24.0-255,5738,293439,70,310917
31457,0.042433,172.31.40.0-255,66,293505,70,310917
31458,0.044776,74.125.24.0-255,5738,299243,70,310917
31459,0.044791,172.31.40.0-255,66,299309,70,310917
31460,0.047115,74.125.24.0-255,5738,305047,70,310917
31461,0.047132,172.31.40.0-255,66,305113,70,310917
31462,0.04948,74.125.24.0-255,5738,310851,70,310917
31463,0.049496,172.31.40.0-255,66,310917,70,310917
31464,0.0,74.125.200.0-255,152,152,70,231052
31465,1.6e-05,172.31.40.0-255,66,218,70,231052
31466,2.3e-05,74.125.200.0-255,1484,1702,70,231052
31467,2.7e-05,172.31.40.0-255,66,1768,70,231052
31468,3.3e-05,74.125.200.0-255,2902,4670,70,231052
31469,3.7e-05,172.31.40.0-255,66,4736,70,231052
31470,5.9e-05,74.125.200.0-255,2902,7638,70,231052
31471,6.2e-05,172.31.40.0-255,66,7704,70,231052
31472,8.1e-05,74.125.200.0-255,2902,10606,70,231052
31473,8.3e-05,172.31.40.0-255,66,10672,70,231052
31474,0.000169,74.125.200.0-255,1484,12156,70,231052
31475,0.000172,172.31.40.0-255,66,12222,70,231052
31476,0.000191,74.125.200.0-255,2042,14264,70,231052
31477,0.000194,172.31.40.0-255,66,14330,70,231052
31478,0.000245,74.125.200.0-255,4320,18650,70,231052
31479,0.000249,172.31.40.0-255,66,18716,70,231052
31480,0.000291,74.125.200.0-255,5738,24454,70,231052
31481,0.000294,172.31.40.0-255,66,24520,70,231052
31482,0.000394,74.125.200.0-255,5738,30258,70,231052
31483,0.0004,172.31.40.0-255,66,30324,70,231052
31484,0.000478,74.125.200.0-255,1125,31449,70,231052
31485,0.000482,172.31.40.0-255,66,31515,70,231052
31486,0.000501,74.125.200.0-255,1484,32999,70,231052
31487,0.000503,172.31.40.0-255,66,33065,70,231052
31488,0.000522,74.125.200.0-255,5738,38803,70,231052
31489,0.000525,172.31.40.0-255,66,38869,70,231052
31490,0.00054,74.125.200.0-255,1484,40353,70,231052
31491,0.000543,172.31.40.0-255,66,40419,70,231052
31492,0.00065,74.125.200.0-255,4320,44739,70,231052
31493,0.000654,172.31.40.0-255,66,44805,70,231052
31494,0.000734,74.125.200.0-255,7156,51961,70,231052
31495,0.000738,172.31.40.0-255,66,52027,70,231052
31496,0.000767,74.125.200.0-255,9633,61660,70,231052
31497,0.000771,172.31.40.0-255,66,61726,70,231052
31498,0.001015,74.125.200.0-255,4233,65959,70,231052
31499,0.001019,172.31.40.0-255,66,66025,70,231052
31500,0.001062,74.125.200.0-255,383,66408,70,231052
31501,0.00109,74.125.200.0-255,4320,70728,70,231052
31502,0.001094,172.31.40.0-255,66,70794,70,231052
31503,0.001129,172.31.40.0-255,66,70860,70,231052
31504,0.001505,74.125.200.0-255,5738,76598,70,231052
31505,0.001509,172.31.40.0-255,66,76664,70,231052
31506,0.001527,74.125.200.0-255,3961,80625,70,231052
31507,0.001529,172.31.40.0-255,66,80691,70,231052
31508,0.001663,74.125.200.0-255,5738,86429,70,231052
31509,0.001667,172.31.40.0-255,66,86495,70,231052
31510,0.001688,74.125.200.0-255,8574,95069,70,231052
31511,0.00169,172.31.40.0-255,66,95135,70,231052
31512,0.00173,172.31.40.0-255,66,95201,70,231052
31513,0.00223,74.125.200.0-255,1484,96685,70,231052
31514,0.00225,74.125.200.0-255,1484,98169,70,231052
31515,0.002253,172.31.40.0-255,66,98235,70,231052
31516,0.002272,74.125.200.0-255,1484,99719,70,231052
31517,0.002306,74.125.200.0-255,1484,101203,70,231052
31518,0.002308,172.31.40.0-255,66,101269,70,231052
31519,0.002326,74.125.200.0-255,4320,105589,70,231052
31520,0.002328,172.31.40.0-255,66,105655,70,231052
31521,0.002402,74.125.200.0-255,1484,107139,70,231052
31522,0.00242,74.125.200.0-255,2902,110041,70,231052
31523,0.002422,172.31.40.0-255,66,110107,70,231052
31524,0.004572,74.125.200.0-255,1484,111591,70,231052
31525,0.004663,74.125.200.0-255,1484,113075,70,231052
31526,0.004665,172.31.40.0-255,66,113141,70,231052
31527,0.004678,74.125.200.0-255,2902,116043,70,231052
31528,0.004679,172.31.40.0-255,66,116109,70,231052
31529,0.006933,74.125.200.0-255,2902,119011,70,231052
31530,0.00694,172.31.40.0-255,66,119077,70,231052
31531,0.007024,74.125.200.0-255,2902,121979,70,231052
31532,0.007028,172.31.40.0-255,66,122045,70,231052
31533,0.009213,74.125.200.0-255,2902,124947,70,231052
31534,0.009221,172.31.40.0-255,66,125013,70,231052
31535,0.009288,74.125.200.0-255,2902,127915,70,231052
31536,0.009292,172.31.40.0-255,66,127981,70,231052
31537,0.011499,74.125.200.0-255,2902,130883,70,231052
31538,0.011507,172.31.40.0-255,66,130949,70,231052
31539,0.011542,74.125.200.0-255,1484,132433,70,231052
31540,0.011562,74.125.200.0-255,1484,133917,70,231052
31541,0.011564,172.31.40.0-255,66,133983,70,231052
31542,0.01378,74.125.200.0-255,2902,136885,70,231052
31543,0.013791,172.31.40.0-255,66,136951,70,231052
31544,0.013814,74.125.200.0-255,2902,139853,70,231052
31545,0.013817,172.31.40.0-255,66,139919,70,231052
31546,0.016081,74.125.200.0-255,4320,144239,70,231052
31547,0.016089,172.31.40.0-255,66,144305,70,231052
31548,0.016114,74.125.200.0-255,1484,145789,70,231052
31549,0.018366,74.125.200.0-255,4320,150109,70,231052
31550,0.018374,172.31.40.0-255,66,150175,70,231052
31551,0.020642,74.125.200.0-255,5738,155913,70,231052
31552,0.02065,172.31.40.0-255,66,155979,70,231052
31553,0.022929,74.125.200.0-255,5738,161717,70,231052
31554,0.022938,172.31.40.0-255,66,161783,70,231052
31555,0.025208,74.125.200.0-255,5738,167521,70,231052
31556,0.025215,172.31.40.0-255,66,167587,70,231052
31557,0.026201,172.31.40.0-255,171,167758,70,231052
31558,0.02623,172.31.40.0-255,1142,168900,70,231052
31559,0.026291,172.31.40.0-255,1514,170414,70,231052
31560,0.026293,172.31.40.0-255,1514,171928,70,231052
31561,0.026294,172.31.40.0-255,820,172748,70,231052
31562,0.02754,74.125.200.0-255,5738,178486,70,231052
31563,0.027547,172.31.40.0-255,66,178552,70,231052
31564,0.02775,104.244.42.0-255,66,178618,70,231052
31565,0.027809,104.244.42.0-255,66,178684,70,231052
31566,0.027843,104.244.42.0-255,66,178750,70,231052
31567,0.027847,104.244.42.0-255,66,178816,70,231052
31568,0.029821,74.125.200.0-255,5738,184554,70,231052
31569,0.029828,172.31.40.0-255,66,184620,70,231052
31570,0.032119,74.125.200.0-255,5738,190358,70,231052
31571,0.032126,172.31.40.0-255,66,190424,70,231052
31572,0.034418,74.125.200.0-255,5738,196162,70,231052
31573,0.034425,172.31.40.0-255,66,196228,70,231052
31574,0.036701,74.125.200.0-255,5738,201966,70,231052
31575,0.036708,172.31.40.0-255,66,202032,70,231052
31576,0.03899,74.125.200.0-255,5738,207770,70,231052
31577,0.038997,172.31.40.0-255,66,207836,70,231052
31578,0.041285,74.125.200.0-255,5738,213574,70,231052
31579,0.041292,172.31.40.0-255,66,213640,70,231052
31580,0.043581,74.125.200.0-255,5738,219378,70,231052
31581,0.043597,172.31.40.0-255,66,219444,70,231052
31582,0.045905,74.125.200.0-255,5738,225182,70,231052
31583,0.04592,172.31.40.0-255,66,225248,70,231052
31584,0.048236,74.125.200.0-255,5738,230986,70,231052
31585,0.048252,172.31.40.0-255,66,231052,70,231052
31586,0.0,172.31.40.0-255,180,180,70,366814
31587,3.5e-05,172.31.40.0-255,281,461,70,366814
31588,0.001529,104.244.42.0-255,66,527,70,366814
31589,0.001541,104.244.42.0-255,66,593,70,366814
31590,0.041196,74.125.68.0-255,153,746,70,366814
31591,0.041223,172.31.40.0-255,66,812,70,366814
31592,0.041229,74.125.68.0-255,1484,2296,70,366814
31593,0.041234,172.31.40.0-255,66,2362,70,366814
31594,0.041241,74.125.68.0-255,2902,5264,70,366814
31595,0.041244,172.31.40.0-255,66,5330,70,366814
31596,0.041247,74.125.68.0-255,1484,6814,70,366814
31597,0.04125,172.31.40.0-255,66,6880,70,366814
31598,0.041254,74.125.68.0-255,2902,9782,70,366814
31599,0.041271,172.31.40.0-255,66,9848,70,366814
31600,0.04129,74.125.68.0-255,4866,14714,70,366814
31601,0.041294,172.31.40.0-255,66,14780,70,366814
31602,0.041482,74.125.68.0-255,1484,16264,70,366814
31603,0.041487,172.31.40.0-255,66,16330,70,366814
31604,0.041493,74.125.68.0-255,2902,19232,70,366814
31605,0.041495,172.31.40.0-255,66,19298,70,366814
31606,0.041498,74.125.68.0-255,1484,20782,70,366814
31607,0.041501,172.31.40.0-255,66,20848,70,366814
31608,0.041527,74.125.68.0-255,2902,23750,70,366814
31609,0.04153,172.31.40.0-255,66,23816,70,366814
31610,0.041538,74.125.68.0-255,5738,29554,70,366814
31611,0.04154,172.31.40.0-255,66,29620,70,366814
31612,0.041562,74.125.68.0-255,2543,32163,70,366814
31613,0.041565,172.31.40.0-255,66,32229,70,366814
31614,0.04166,74.125.68.0-255,1484,33713,70,366814
31615,0.041665,172.31.40.0-255,66,33779,70,366814
31616,0.041682,74.125.68.0-255,1484,35263,70,366814
31617,0.041685,172.31.40.0-255,66,35329,70,366814
31618,0.041698,74.125.68.0-255,1484,36813,70,366814
31619,0.0417,172.31.40.0-255,66,36879,70,366814
31620,0.041704,74.125.68.0-255,1484,38363,70,366814
31621,0.041706,172.31.40.0-255,66,38429,70,366814
31622,0.041733,74.125.68.0-255,4320,42749,70,366814
31623,0.041738,172.31.40.0-255,66,42815,70,366814
31624,0.041765,74.125.68.0-255,6797,49612,70,366814
31625,0.041768,172.31.40.0-255,66,49678,70,366814
31626,0.041776,74.125.68.0-255,7156,56834,70,366814
31627,0.041778,172.31.40.0-255,66,56900,70,366814
31628,0.04178,74.125.68.0-255,1484,58384,70,366814
31629,0.041805,74.125.68.0-255,8524,66908,70,366814
31630,0.041808,172.31.40.0-255,66,66974,70,366814
31631,0.041812,74.125.68.0-255,111,67085,70,366814
31632,0.041857,74.125.68.0-255,332,67417,70,366814
31633,0.042285,74.125.68.0-255,1484,68901,70,366814
31634,0.042293,172.31.40.0-255,66,68967,70,366814
31635,0.042297,74.125.68.0-255,1484,70451,70,366814
31636,0.042301,74.125.68.0-255,2902,73353,70,366814
31637,0.042303,172.31.40.0-255,66,73419,70,366814
31638,0.042308,74.125.68.0-255,2902,76321,70,366814
31639,0.042309,172.31.40.0-255,66,76387,70,366814
31640,0.042331,74.125.68.0-255,2902,79289,70,366814
31641,0.042334,172.31.40.0-255,66,79355,70,366814
31642,0.04234,74.125.68.0-255,5738,85093,70,366814
31643,0.042342,172.31.40.0-255,66,85159,70,366814
31644,0.042347,74.125.68.0-255,2902,88061,70,366814
31645,0.042349,172.31.40.0-255,66,88127,70,366814
31646,0.042374,74.125.68.0-255,4320,92447,70,366814
31647,0.042376,172.31.40.0-255,66,92513,70,366814
31648,0.042385,74.125.68.0-255,9274,101787,70,366814
31649,0.042387,172.31.40.0-255,66,101853,70,366814
31650,0.043483,74.125.68.0-255,1484,103337,70,366814
31651,0.043492,74.125.68.0-255,2902,106239,70,366814
31652,0.043496,172.31.40.0-255,66,106305,70,366814
31653,0.043519,74.125.68.0-255,5738,112043,70,366814
31654,0.04352,172.31.40.0-255,66,112109,70,366814
31655,0.043539,74.125.68.0-255,8574,120683,70,366814
31656,0.043541,172.31.40.0-255,66,120749,70,366814
31657,0.043568,74.125.68.0-255,7156,127905,70,366814
31658,0.04357,172.31.40.0-255,66,127971,70,366814
31659,0.043588,74.125.68.0-255,2902,130873,70,366814
31660,0.043589,172.31.40.0-255,66,130939,70,366814
31661,0.043595,74.125.68.0-255,5020,135959,70,366814
31662,0.043596,172.31.40.0-255,66,136025,70,366814
31663,0.044082,74.125.68.0-255,1484,137509,70,366814
31664,0.0441,74.125.68.0-255,2902,140411,70,366814
31665,0.044102,172.31.40.0-255,66,140477,70,366814
31666,0.044105,74.125.68.0-255,1484,141961,70,366814
31667,0.044125,74.125.68.0-255,4320,146281,70,366814
31668,0.044127,172.31.40.0-255,66,146347,70,366814
31669,0.044153,74.125.68.0-255,9992,156339,70,366814
31670,0.044155,172.31.40.0-255,66,156405,70,366814
31671,0.044183,172.31.40.0-255,66,156471,70,366814
31672,0.044187,74.125.68.0-255,2184,158655,70,366814
31673,0.044189,172.31.40.0-255,66,158721,70,366814
31674,0.044255,74.125.68.0-255,1484,160205,70,366814
31675,0.044269,74.125.68.0-255,2902,163107,70,366814
31676,0.044272,172.31.40.0-255,66,163173,70,366814
31677,0.044293,74.125.68.0-255,2902,166075,70,366814
31678,0.044295,172.31.40.0-255,66,166141,70,366814
31679,0.044298,74.125.68.0-255,1484,167625,70,366814
31680,0.0443,74.125.68.0-255,1484,169109,70,366814
31681,0.044302,172.31.40.0-255,66,169175,70,366814
31682,0.044322,74.125.68.0-255,2902,172077,70,366814
31683,0.044324,172.31.40.0-255,66,172143,70,366814
31684,0.044346,74.125.68.0-255,4320,176463,70,366814
31685,0.044348,172.31.40.0-255,66,176529,70,366814
31686,0.044351,74.125.68.0-255,1484,178013,70,366814
31687,0.044355,74.125.68.0-255,2902,180915,70,366814
31688,0.044357,172.31.40.0-255,66,180981,70,366814
31689,0.044359,74.125.68.0-255,1484,182465,70,366814
31690,0.044379,74.125.68.0-255,4320,186785,70,366814
31691,0.044381,172.31.40.0-255,66,186851,70,366814
31692,0.044387,74.125.68.0-255,5738,192589,70,366814
31693,0.044402,172.31.40.0-255,66,192655,70,366814
31694,0.044422,74.125.68.0-255,766,193421,70,366814
31695,0.044573,74.125.68.0-255,1484,194905,70,366814
31696,0.044577,172.31.40.0-255,66,194971,70,366814
31697,0.044582,74.125.68.0-255,2902,197873,70,366814
31698,0.044585,172.31.40.0-255,66,197939,70,366814
31699,0.044598,74.125.68.0-255,2902,200841,70,366814
31700,0.0446,172.31.40.0-255,66,200907,70,366814
31701,0.044605,74.125.68.0-255,4320,205227,70,366814
31702,0.044607,172.31.40.0-255,66,205293,70,366814
31703,0.044645,74.125.68.0-255,8574,213867,70,366814
31704,0.044648,172.31.40.0-255,66,213933,70,366814
31705,0.044652,74.125.68.0-255,2902,216835,70,366814
31706,0.044654,172.31.40.0-255,66,216901,70,366814
31707,0.044669,74.125.68.0-255,2902,219803,70,366814
31708,0.044672,172.31.40.0-255,66,219869,70,366814
31709,0.044674,74.125.68.0-255,1484,221353,70,366814
31710,0.044698,74.125.68.0-255,5738,227091,70,366814
31711,0.044701,172.31.40.0-255,66,227157,70,366814
31712,0.044704,74.125.68.0-255,766,227923,70,366814
31713,0.044981,74.125.68.0-255,1484,229407,70,366814
31714,0.044986,172.31.40.0-255,66,229473,70,366814
31715,0.044991,74.125.68.0-255,2902,232375,70,366814
31716,0.044993,172.31.40.0-255,66,232441,70,366814
31717,0.044996,74.125.68.0-255,1484,233925,70,366814
31718,0.045017,74.125.68.0-255,1484,235409,70,366814
31719,0.04502,172.31.40.0-255,66,235475,70,366814
31720,0.045031,74.125.68.0-255,4320,239795,70,366814
31721,0.045033,172.31.40.0-255,66,239861,70,366814
31722,0.045037,74.125.68.0-255,2902,242763,70,366814
31723,0.045039,172.31.40.0-255,66,242829,70,366814
31724,0.045062,74.125.68.0-255,5738,248567,70,366814
31725,0.045065,172.31.40.0-255,66,248633,70,366814
31726,0.045071,74.125.68.0-255,5738,254371,70,366814
31727,0.045073,172.31.40.0-255,66,254437,70,366814
31728,0.04508,74.125.68.0-255,7156,261593,70,366814
31729,0.045083,172.31.40.0-255,66,261659,70,366814
31730,0.045103,74.125.68.0-255,1484,263143,70,366814
31731,0.045126,74.125.68.0-255,5020,268163,70,366814
31732,0.045129,172.31.40.0-255,66,268229,70,366814
31733,0.045136,74.125.68.0-255,7156,275385,70,366814
31734,0.045138,172.31.40.0-255,66,275451,70,366814
31735,0.045177,172.31.40.0-255,66,275517,70,366814
31736,0.045197,74.125.68.0-255,2902,278419,70,366814
31737,0.0452,172.31.40.0-255,66,278485,70,366814
31738,0.045205,74.125.68.0-255,2902,281387,70,366814
31739,0.045207,172.31.40.0-255,66,281453,70,366814
31740,0.045224,74.125.68.0-255,3602,285055,70,366814
31741,0.045227,172.31.40.0-255,66,285121,70,366814
31742,0.045312,74.125.68.0-255,1484,286605,70,366814
31743,0.045326,74.125.68.0-255,2902,289507,70,366814
31744,0.045329,172.31.40.0-255,66,289573,70,366814
31745,0.04535,74.125.68.0-255,4320,293893,70,366814
31746,0.045354,172.31.40.0-255,66,293959,70,366814
31747,0.045375,74.125.68.0-255,1484,295443,70,366814
31748,0.045379,74.125.68.0-255,2902,298345,70,366814
31749,0.045383,74.125.68.0-255,4320,302665,70,366814
31750,0.045421,172.31.40.0-255,66,302731,70,366814
31751,0.045429,172.31.40.0-255,66,302797,70,366814
31752,0.045437,74.125.68.0-255,8574,311371,70,366814
31753,0.04544,172.31.40.0-255,66,311437,70,366814
31754,0.045446,74.125.68.0-255,5738,317175,70,366814
31755,0.045449,172.31.40.0-255,66,317241,70,366814
31756,0.045456,74.125.68.0-255,6438,323679,70,366814
31757,0.045458,172.31.40.0-255,66,323745,70,366814
31758,0.045461,74.125.68.0-255,1484,325229,70,366814
31759,0.045483,74.125.68.0-255,1484,326713,70,366814
31760,0.045486,172.31.40.0-255,66,326779,70,366814
31761,0.045494,74.125.68.0-255,5738,332517,70,366814
31762,0.045496,172.31.40.0-255,66,332583,70,366814
31763,0.045517,74.125.68.0-255,5738,338321,70,366814
31764,0.04552,172.31.40.0-255,66,338387,70,366814
31765,0.045527,74.125.68.0-255,7156,345543,70,366814
31766,0.045529,172.31.40.0-255,66,345609,70,366814
31767,0.045547,74.125.68.0-255,2902,348511,70,366814
31768,0.045549,172.31.40.0-255,66,348577,70,366814
31769,0.045556,74.125.68.0-255,7156,355733,70,366814
31770,0.045558,172.31.40.0-255,66,355799,70,366814
31771,0.045582,74.125.68.0-255,3602,359401,70,366814
31772,0.045584,172.31.40.0-255,66,359467,70,366814
31773,0.045588,74.125.68.0-255,2902,362369,70,366814
31774,0.04559,172.31.40.0-255,66,362435,70,366814
31775,0.045611,74.125.68.0-255,2902,365337,70,366814
31776,0.045614,172.31.40.0-255,66,365403,70,366814
31777,0.045644,74.125.68.0-255,1003,366406,70,366814
31778,0.045648,172.31.40.0-255,66,366472,70,366814
31779,0.045671,74.125.68.0-255,105,366577,70,366814
31780,0.047236,172.31.40.0-255,66,366643,70,366814
31781,0.047273,172.31.40.0-255,105,366748,70,366814
31782,0.049773,74.125.68.0-255,66,366814,70,366814
31783,0.0,74.125.24.0-255,298,298,70,197666
31784,2.2e-05,172.31.40.0-255,66,364,70,197666
31785,2.8e-05,74.125.24.0-255,1484,1848,70,197666
31786,3.2e-05,172.31.40.0-255,66,1914,70,197666
31787,4.5e-05,74.125.24.0-255,4320,6234,70,197666
31788,4.9e-05,172.31.40.0-255,66,6300,70,197666
31789,5.5e-05,74.125.24.0-255,5738,12038,70,197666
31790,5.8e-05,172.31.40.0-255,66,12104,70,197666
31791,7.8e-05,74.125.24.0-255,1868,13972,70,197666
31792,8.1e-05,172.31.40.0-255,66,14038,70,197666
31793,0.00013,74.125.24.0-255,5738,19776,70,197666
31794,0.000132,172.31.40.0-255,66,19842,70,197666
31795,0.000157,74.125.24.0-255,2902,22744,70,197666
31796,0.000158,172.31.40.0-255,66,22810,70,197666
31797,0.000223,74.125.24.0-255,1484,24294,70,197666
31798,0.000226,172.31.40.0-255,66,24360,70,197666
31799,0.000257,74.125.24.0-255,8574,32934,70,197666
31800,0.000259,172.31.40.0-255,66,33000,70,197666
31801,0.000342,74.125.24.0-255,4320,37320,70,197666
31802,0.000345,172.31.40.0-255,66,37386,70,197666
31803,0.000379,172.31.40.0-255,66,37452,70,197666
31804,0.000574,74.125.24.0-255,9992,47444,70,197666
31805,0.000578,172.31.40.0-255,66,47510,70,197666
31806,0.000683,74.125.24.0-255,1464,48974,70,197666
31807,0.000686,172.31.40.0-255,66,49040,70,197666
31808,0.000712,74.125.24.0-255,9992,59032,70,197666
31809,0.000714,172.31.40.0-255,66,59098,70,197666
31810,0.000784,172.31.40.0-255,66,59164,70,197666
31811,0.001109,74.125.24.0-255,8574,67738,70,197666
31812,0.001113,172.31.40.0-255,66,67804,70,197666
31813,0.001141,74.125.24.0-255,5379,73183,70,197666
31814,0.001145,172.31.40.0-255,66,73249,70,197666
31815,0.001264,74.125.24.0-255,8574,81823,70,197666
31816,0.00127,172.31.40.0-255,66,81889,70,197666
31817,0.001315,74.125.24.0-255,7156,89045,70,197666
31818,0.001319,172.31.40.0-255,66,89111,70,197666
31819,0.001447,74.125.24.0-255,7156,96267,70,197666
31820,0.001451,172.31.40.0-255,66,96333,70,197666
31821,0.001502,172.31.40.0-255,66,96399,70,197666
31822,0.001809,74.125.24.0-255,7156,103555,70,197666
31823,0.001812,172.31.40.0-255,66,103621,70,197666
31824,0.001859,172.31.40.0-255,66,103687,70,197666
31825,0.002069,74.125.24.0-255,5738,109425,70,197666
31826,0.002073,172.31.40.0-255,66,109491,70,197666
31827,0.002119,172.31.40.0-255,66,109557,70,197666
31828,0.002165,172.31.40.0-255,66,109623,70,197666
31829,0.002785,172.31.40.0-255,66,109689,70,197666
31830,0.002838,172.31.40.0-255,66,109755,70,197666
31831,0.002866,74.125.24.0-255,8574,118329,70,197666
31832,0.002868,172.31.40.0-255,66,118395,70,197666
31833,0.004926,74.125.24.0-255,5738,124133,70,197666
31834,0.004933,172.31.40.0-255,66,124199,70,197666
31835,0.006981,74.125.24.0-255,5738,129937,70,197666
31836,0.006996,172.31.40.0-255,66,130003,70,197666
31837,0.009051,74.125.24.0-255,5738,135741,70,197666
31838,0.009064,172.31.40.0-255,66,135807,70,197666
31839,0.01113,74.125.24.0-255,5738,141545,70,197666
31840,0.011145,172.31.40.0-255,66,141611,70,197666
31841,0.013196,74.125.24.0-255,5738,147349,70,197666
31842,0.01321,172.31.40.0-255,66,147415,70,197666
31843,0.015275,74.125.24.0-255,5738,153153,70,197666
31844,0.015282,172.31.40.0-255,66,153219,70,197666
31845,0.017311,74.125.24.0-255,4320,157539,70,197666
31846,0.017317,172.31.40.0-255,66,157605,70,197666
31847,0.017339,74.125.24.0-255,1484,159089,70,197666
31848,0.019361,74.125.24.0-255,4320,163409,70,197666
31849,0.019369,172.31.40.0-255,66,163475,70,197666
31850,0.021412,74.125.24.0-255,5738,169213,70,197666
31851,0.021425,172.31.40.0-255,66,169279,70,197666
31852,0.023499,74.125.24.0-255,5738,175017,70,197666
31853,0.023512,172.31.40.0-255,66,175083,70,197666
31854,0.025536,74.125.24.0-255,5738,180821,70,197666
31855,0.025543,172.31.40.0-255,66,180887,70,197666
31856,0.027581,74.125.24.0-255,5738,186625,70,197666
31857,0.027588,172.31.40.0-255,66,186691,70,197666
31858,0.029643,74.125.24.0-255,5738,192429,70,197666
31859,0.029657,172.31.40.0-255,66,192495,70,197666
31860,0.031716,74.125.24.0-255,4934,197429,70,197666
31861,0.031722,172.31.40.0-255,66,197495,70,197666
31862,0.031881,172.31.40.0-255,105,197600,70,197666
31863,0.033885,74.125.24.0-255,66,197666,70,197666
31864,0.0,74.125.24.0-255,146,146,70,269580
31865,2.3e-05,172.31.40.0-255,66,212,70,269580
31866,3e-05,74.125.24.0-255,1484,1696,70,269580
31867,3.4e-05,172.31.40.0-255,66,1762,70,269580
31868,4e-05,74.125.24.0-255,2902,4664,70,269580
31869,4.3e-05,172.31.40.0-255,66,4730,70,269580
31870,4.8e-05,74.125.24.0-255,4320,9050,70,269580
31871,5.2e-05,172.31.40.0-255,66,9116,70,269580
31872,6.2e-05,74.125.24.0-255,9127,18243,70,269580
31873,6.6e-05,172.31.40.0-255,66,18309,70,269580
31874,7.4e-05,74.125.24.0-255,7156,25465,70,269580
31875,7.7e-05,172.31.40.0-255,66,25531,70,269580
31876,0.000102,74.125.24.0-255,5379,30910,70,269580
31877,0.000105,172.31.40.0-255,66,30976,70,269580
31878,0.000163,74.125.24.0-255,1484,32460,70,269580
31879,0.000166,172.31.40.0-255,66,32526,70,269580
31880,0.000171,74.125.24.0-255,2902,35428,70,269580
31881,0.000174,172.31.40.0-255,66,35494,70,269580
31882,0.000191,74.125.24.0-255,5738,41232,70,269580
31883,0.000194,172.31.40.0-255,66,41298,70,269580
31884,0.000235,172.31.40.0-255,66,41364,70,269580
31885,0.000244,74.125.24.0-255,8574,49938,70,269580
31886,0.000246,172.31.40.0-255,66,50004,70,269580
31887,0.000294,74.125.24.0-255,1465,51469,70,269580
31888,0.000297,172.31.40.0-255,66,51535,70,269580
31889,0.000357,74.125.24.0-255,1484,53019,70,269580
31890,0.000361,172.31.40.0-255,66,53085,70,269580
31891,0.000367,74.125.24.0-255,2902,55987,70,269580
31892,0.00037,172.31.40.0-255,66,56053,70,269580
31893,0.000377,74.125.24.0-255,5738,61791,70,269580
31894,0.000379,172.31.40.0-255,66,61857,70,269580
31895,0.000407,74.125.24.0-255,7156,69013,70,269580
31896,0.000426,74.125.24.0-255,6797,75810,70,269580
31897,0.000459,74.125.24.0-255,4320,80130,70,269580
31898,0.000476,74.125.24.0-255,5639,85769,70,269580
31899,0.000528,74.125.24.0-255,2902,88671,70,269580
31900,0.000548,74.125.24.0-255,7156,95827,70,269580
31901,0.000585,74.125.24.0-255,4320,100147,70,269580
31902,0.000611,74.125.24.0-255,7856,108003,70,269580
31903,0.000621,172.31.40.0-255,66,108069,70,269580
31904,0.000655,74.125.24.0-255,5738,113807,70,269580
31905,0.000678,172.31.40.0-255,66,113873,70,269580
31906,0.000689,74.125.24.0-255,4320,118193,70,269580
31907,0.000694,172.31.40.0-255,66,118259,70,269580
31908,0.000712,74.125.24.0-255,10692,128951,70,269580
31909,0.000736,172.31.40.0-255,66,129017,70,269580
31910,0.00077,74.125.24.0-255,1484,130501,70,269580
31911,0.000789,74.125.24.0-255,2902,133403,70,269580
31912,0.000796,74.125.24.0-255,5738,139141,70,269580
31913,0.0008,172.31.40.0-255,66,139207,70,269580
31914,0.000835,172.31.40.0-255,66,139273,70,269580
31915,0.00085,74.125.24.0-255,10692,149965,70,269580
31916,0.000855,172.31.40.0-255,66,150031,70,269580
31917,0.000904,74.125.24.0-255,1484,151515,70,269580
31918,0.000914,172.31.40.0-255,66,151581,70,269580
31919,0.000953,74.125.24.0-255,2902,154483,70,269580
31920,0.000957,172.31.40.0-255,66,154549,70,269580
31921,0.000973,74.125.24.0-255,6438,160987,70,269580
31922,0.000994,172.31.40.0-255,66,161053,70,269580
31923,0.001008,74.125.24.0-255,1484,162537,70,269580
31924,0.001026,74.125.24.0-255,2902,165439,70,269580
31925,0.001031,74.125.24.0-255,4320,169759,70,269580
31926,0.001043,74.125.24.0-255,1484,171243,70,269580
31927,0.001103,74.125.24.0-255,4320,175563,70,269580
31928,0.001108,172.31.40.0-255,66,175629,70,269580
31929,0.001117,74.125.24.0-255,2902,178531,70,269580
31930,0.001136,74.125.24.0-255,2184,180715,70,269580
31931,0.00115,172.31.40.0-255,66,180781,70,269580
31932,0.001168,74.125.24.0-255,1484,182265,70,269580
31933,0.001172,74.125.24.0-255,1484,183749,70,269580
31934,0.001186,74.125.24.0-255,1484,185233,70,269580
31935,0.001194,74.125.24.0-255,5738,190971,70,269580
31936,0.001204,74.125.24.0-255,1484,192455,70,269580
31937,0.001209,172.31.40.0-255,66,192521,70,269580
31938,0.00124,74.125.24.0-255,1484,194005,70,269580
31939,0.001251,172.31.40.0-255,66,194071,70,269580
31940,0.001265,74.125.24.0-255,9274,203345,70,269580
31941,0.001282,172.31.40.0-255,66,203411,70,269580
31942,0.001314,74.125.24.0-255,1484,204895,70,269580
31943,0.001319,74.125.24.0-255,2902,207797,70,269580
31944,0.001325,74.125.24.0-255,5738,213535,70,269580
31945,0.001333,172.31.40.0-255,66,213601,70,269580
31946,0.001371,172.31.40.0-255,66,213667,70,269580
31947,0.001406,74.125.24.0-255,7156,220823,70,269580
31948,0.001426,74.125.24.0-255,3602,224425,70,269580
31949,0.001431,74.125.24.0-255,4320,228745,70,269580
31950,0.001435,172.31.40.0-255,66,228811,70,269580
31951,0.001441,172.31.40.0-255,66,228877,70,269580
31952,0.001463,74.125.24.0-255,7156,236033,70,269580
31953,0.00147,74.125.24.0-255,5738,241771,70,269580
31954,0.001482,172.31.40.0-255,66,241837,70,269580
31955,0.001516,172.31.40.0-255,66,241903,70,269580
31956,0.00154,74.125.24.0-255,7856,249759,70,269580
31957,0.00155,74.125.24.0-255,9992,259751,70,269580
31958,0.001552,74.125.24.0-255,1484,261235,70,269580
31959,0.001559,172.31.40.0-255,66,261301,70,269580
31960,0.001581,74.125.24.0-255,7020,268321,70,269580
31961,0.001593,172.31.40.0-255,66,268387,70,269580
31962,0.001596,74.125.24.0-255,105,268492,70,269580
31963,0.012796,172.31.40.0-255,66,268558,70,269580
31964,0.01285,172.31.40.0-255,105,268663,70,269580
31965,0.015148,74.125.24.0-255,66,268729,70,269580
31966,0.041784,172.31.40.0-255,172,268901,70,269580
31967,0.041815,172.31.40.0-255,613,269514,70,269580
31968,0.044019,104.244.42.0-255,66,269580,70,269580
31969,0.0,74.125.130.0-255,296,296,70,317604
31970,1.5e-05,172.31.40.0-255,66,362,70,317604
31971,2.2e-05,74.125.130.0-255,1484,1846,70,317604
31972,2.6e-05,172.31.40.0-255,66,1912,70,317604
31973,5.3e-05,74.125.130.0-255,2902,4814,70,317604
31974,5.6e-05,172.31.40.0-255,66,4880,70,317604
31975,7.9e-05,74.125.130.0-255,1484,6364,70,317604
31976,8.1e-05,172.31.40.0-255,66,6430,70,317604
31977,8.8e-05,74.125.130.0-255,5738,12168,70,317604
31978,9.1e-05,172.31.40.0-255,66,12234,70,317604
31979,9.5e-05,74.125.130.0-255,1865,14099,70,317604
31980,9.7e-05,172.31.40.0-255,66,14165,70,317604
31981,0.000123,74.125.130.0-255,2902,17067,70,317604
31982,0.000126,172.31.40.0-255,66,17133,70,317604
31983,0.00014,74.125.130.0-255,4320,21453,70,317604
31984,0.000143,172.31.40.0-255,66,21519,70,317604
31985,0.000156,74.125.130.0-255,2902,24421,70,317604
31986,0.000158,172.31.40.0-255,66,24487,70,317604
31987,0.000163,74.125.130.0-255,4320,28807,70,317604
31988,0.000166,172.31.40.0-255,66,28873,70,317604
31989,0.00017,74.125.130.0-255,2902,31775,70,317604
31990,0.000172,172.31.40.0-255,66,31841,70,317604
31991,0.000192,74.125.130.0-255,2902,34743,70,317604
31992,0.000194,172.31.40.0-255,66,34809,70,317604
31993,0.000215,74.125.130.0-255,5738,40547,70,317604
31994,0.000218,172.31.40.0-255,66,40613,70,317604
31995,0.000232,74.125.130.0-255,2902,43515,70,317604
31996,0.000235,172.31.40.0-255,66,43581,70,317604
31997,0.00026,74.125.130.0-255,2902,46483,70,317604
31998,0.000263,172.31.40.0-255,66,46549,70,317604
31999,0.000276,74.125.130.0-255,2184,48733,70,317604
32000,0.000279,172.31.40.0-255,66,48799,70,317604
32001,0.000685,74.125.130.0-255,1484,50283,70,317604
32002,0.000691,74.125.130.0-255,1484,51767,70,317604
32003,0.000695,172.31.40.0-255,66,51833,70,317604
32004,0.000713,74.125.130.0-255,1484,53317,70,317604
32005,0.000718,74.125.130.0-255,2902,56219,70,317604
32006,0.00072,172.31.40.0-255,66,56285,70,317604
32007,0.000748,74.125.130.0-255,4320,60605,70,317604
32008,0.000751,172.31.40.0-255,66,60671,70,317604
32009,0.000755,74.125.130.0-255,1484,62155,70,317604
32010,0.00078,74.125.130.0-255,2902,65057,70,317604
32011,0.000783,172.31.40.0-255,66,65123,70,317604
32012,0.000812,74.125.130.0-255,2543,67666,70,317604
32013,0.000815,172.31.40.0-255,66,67732,70,317604
32014,0.000833,74.125.130.0-255,1484,69216,70,317604
32015,0.000846,74.125.130.0-255,1484,70700,70,317604
32016,0.000848,172.31.40.0-255,66,70766,70,317604
32017,0.000873,74.125.130.0-255,5738,76504,70,317604
32018,0.000876,172.31.40.0-255,66,76570,70,317604
32019,0.000881,74.125.130.0-255,2902,79472,70,317604
32020,0.000883,172.31.40.0-255,66,79538,70,317604
32021,0.000903,74.125.130.0-255,4320,83858,70,317604
32022,0.000906,172.31.40.0-255,66,83924,70,317604
32023,0.000909,74.125.130.0-255,287,84211,70,317604
32024,0.001061,74.125.130.0-255,1484,85695,70,317604
32025,0.001065,172.31.40.0-255,66,85761,70,317604
32026,0.001082,74.125.130.0-255,2902,88663,70,317604
32027,0.001084,172.31.40.0-255,66,88729,70,317604
32028,0.001099,74.125.130.0-255,1484,90213,70,317604
32029,0.001115,74.125.130.0-255,4320,94533,70,317604
32030,0.001117,172.31.40.0-255,66,94599,70,317604
32031,0.00112,74.125.130.0-255,1484,96083,70,317604
32032,0.001137,74.125.130.0-255,2902,98985,70,317604
32033,0.00114,172.31.40.0-255,66,99051,70,317604
32034,0.001169,74.125.130.0-255,2543,101594,70,317604
32035,0.001172,172.31.40.0-255,66,101660,70,317604
32036,0.001316,74.125.130.0-255,1484,103144,70,317604
32037,0.00133,74.125.130.0-255,2902,106046,70,317604
32038,0.001334,172.31.40.0-255,66,106112,70,317604
32039,0.001356,74.125.130.0-255,5738,111850,70,317604
32040,0.001359,172.31.40.0-255,66,111916,70,317604
32041,0.001377,74.125.130.0-255,4320,116236,70,317604
32042,0.001381,172.31.40.0-255,66,116302,70,317604
32043,0.001412,74.125.130.0-255,4320,120622,70,317604
32044,0.001414,172.31.40.0-255,66,120688,70,317604
32045,0.001424,74.125.130.0-255,9992,130680,70,317604
32046,0.001426,172.31.40.0-255,66,130746,70,317604
32047,0.001432,74.125.130.0-255,5020,135766,70,317604
32048,0.001435,172.31.40.0-255,66,135832,70,317604
32049,0.001451,74.125.130.0-255,1484,137316,70,317604
32050,0.001466,74.125.130.0-255,4320,141636,70,317604
32051,0.001468,172.31.40.0-255,66,141702,70,317604
32052,0.001471,74.125.130.0-255,1484,143186,70,317604
32053,0.001487,74.125.130.0-255,2902,146088,70,317604
32054,0.001489,172.31.40.0-255,66,146154,70,317604
32055,0.001503,74.125.130.0-255,2902,149056,70,317604
32056,0.001506,172.31.40.0-255,66,149122,70,317604
32057,0.001525,74.125.130.0-255,2902,152024,70,317604
32058,0.001527,172.31.40.0-255,66,152090,70,317604
32059,0.001535,74.125.130.0-255,7156,159246,70,317604
32060,0.001537,172.31.40.0-255,66,159312,70,317604
32061,0.001563,74.125.130.0-255,8574,167886,70,317604
32062,0.001566,172.31.40.0-255,66,167952,70,317604
32063,0.00157,74.125.130.0-255,1635,169587,70,317604
32064,0.001572,172.31.40.0-255,66,169653,70,317604
32065,0.001926,74.125.130.0-255,1484,171137,70,317604
32066,0.002004,74.125.130.0-255,1484,172621,70,317604
32067,0.002008,172.31.40.0-255,66,172687,70,317604
32068,0.002037,74.125.130.0-255,1484,174171,70,317604
32069,0.002063,74.125.130.0-255,2902,177073,70,317604
32070,0.002066,172.31.40.0-255,66,177139,70,317604
32071,0.00209,74.125.130.0-255,4320,181459,70,317604
32072,0.002092,172.31.40.0-255,66,181525,70,317604
32073,0.002104,74.125.130.0-255,1484,183009,70,317604
32074,0.002164,74.125.130.0-255,5738,188747,70,317604
32075,0.002167,172.31.40.0-255,66,188813,70,317604
32076,0.002186,74.125.130.0-255,1484,190297,70,317604
32077,0.002195,74.125.130.0-255,8574,198871,70,317604
32078,0.002198,172.31.40.0-255,66,198937,70,317604
32079,0.002204,74.125.130.0-255,5020,203957,70,317604
32080,0.002207,172.31.40.0-255,66,204023,70,317604
32081,0.004728,74.125.130.0-255,5738,209761,70,317604
32082,0.004736,172.31.40.0-255,66,209827,70,317604
32083,0.00725,74.125.130.0-255,5738,215565,70,317604
32084,0.007256,172.31.40.0-255,66,215631,70,317604
32085,0.009778,74.125.130.0-255,5738,221369,70,317604
32086,0.009785,172.31.40.0-255,66,221435,70,317604
32087,0.012315,74.125.130.0-255,5738,227173,70,317604
32088,0.012323,172.31.40.0-255,66,227239,70,317604
32089,0.014854,74.125.130.0-255,5738,232977,70,317604
32090,0.014863,172.31.40.0-255,66,233043,70,317604
32091,0.017383,74.125.130.0-255,5738,238781,70,317604
32092,0.017392,172.31.40.0-255,66,238847,70,317604
32093,0.019913,74.125.130.0-255,5738,244585,70,317604
32094,0.019921,172.31.40.0-255,66,244651,70,317604
32095,0.022449,74.125.130.0-255,5738,250389,70,317604
32096,0.022459,172.31.40.0-255,66,250455,70,317604
32097,0.024993,74.125.130.0-255,5738,256193,70,317604
32098,0.025006,172.31.40.0-255,66,256259,70,317604
32099,0.027553,74.125.130.0-255,5738,261997,70,317604
32100,0.027572,172.31.40.0-255,66,262063,70,317604
32101,0.030102,74.125.130.0-255,5738,267801,70,317604
32102,0.030119,172.31.40.0-255,66,267867,70,317604
32103,0.032655,74.125.130.0-255,5738,273605,70,317604
32104,0.032674,172.31.40.0-255,66,273671,70,317604
32105,0.035215,74.125.130.0-255,5738,279409,70,317604
32106,0.035233,172.31.40.0-255,66,279475,70,317604
32107,0.037748,74.125.130.0-255,5738,285213,70,317604
32108,0.037755,172.31.40.0-255,66,285279,70,317604
32109,0.037846,172.31.40.0-255,172,285451,70,317604
32110,0.037874,172.31.40.0-255,1118,286569,70,317604
32111,0.037991,172.31.40.0-255,1514,288083,70,317604
32112,0.037993,172.31.40.0-255,1514,289597,70,317604
32113,0.037998,172.31.40.0-255,1514,291111,70,317604
32114,0.038,172.31.40.0-255,1514,292625,70,317604
32115,0.038026,172.31.40.0-255,1499,294124,70,317604
32116,0.039428,104.244.42.0-255,66,294190,70,317604
32117,0.039437,104.244.42.0-255,66,294256,70,317604
32118,0.039594,104.244.42.0-255,66,294322,70,317604
32119,0.039637,104.244.42.0-255,66,294388,70,317604
32120,0.04027,74.125.130.0-255,5738,300126,70,317604
32121,0.040281,172.31.40.0-255,66,300192,70,317604
32122,0.042805,74.125.130.0-255,5738,305930,70,317604
32123,0.042813,172.31.40.0-255,66,305996,70,317604
32124,0.045334,74.125.130.0-255,5738,311734,70,317604
32125,0.045341,172.31.40.0-255,66,311800,70,317604
32126,0.047864,74.125.130.0-255,5738,317538,70,317604
32127,0.047871,172.31.40.0-255,66,317604,70,317604
32128,0.0,172.217.194.0-255,152,152,70,335771
32129,1.7e-05,172.31.40.0-255,66,218,70,335771
32130,2.5e-05,172.217.194.0-255,1484,1702,70,335771
32131,2.9e-05,172.31.40.0-255,66,1768,70,335771
32132,3.5e-05,172.217.194.0-255,2902,4670,70,335771
32133,4.8e-05,172.31.40.0-255,66,4736,70,335771
32134,5.6e-05,172.217.194.0-255,7156,11892,70,335771
32135,5.9e-05,172.31.40.0-255,66,11958,70,335771
32136,6.3e-05,172.217.194.0-255,1988,13946,70,335771
32137,6.7e-05,172.31.40.0-255,66,14012,70,335771
32138,0.000173,172.217.194.0-255,1484,15496,70,335771
32139,0.000177,172.31.40.0-255,66,15562,70,335771
32140,0.000183,172.217.194.0-255,2902,18464,70,335771
32141,0.000185,172.31.40.0-255,66,18530,70,335771
32142,0.000192,172.217.194.0-255,4320,22850,70,335771
32143,0.000198,172.31.40.0-255,66,22916,70,335771
32144,0.000234,172.217.194.0-255,1484,24400,70,335771
32145,0.000236,172.31.40.0-255,66,24466,70,335771
32146,0.000244,172.217.194.0-255,6797,31263,70,335771
32147,0.000246,172.31.40.0-255,66,31329,70,335771
32148,0.000253,172.217.194.0-255,7156,38485,70,335771
32149,0.000255,172.31.40.0-255,66,38551,70,335771
32150,0.000282,172.217.194.0-255,7156,45707,70,335771
32151,0.000285,172.31.40.0-255,66,45773,70,335771
32152,0.000296,172.31.40.0-255,66,45839,70,335771
32153,0.000323,172.217.194.0-255,8149,53988,70,335771
32154,0.000325,172.31.40.0-255,66,54054,70,335771
32155,0.000341,172.217.194.0-255,386,54440,70,335771
32156,0.000343,172.31.40.0-255,66,54506,70,335771
32157,0.00045,172.217.194.0-255,1484,55990,70,335771
32158,0.000454,172.31.40.0-255,66,56056,70,335771
32159,0.000459,172.217.194.0-255,2902,58958,70,335771
32160,0.00046,172.31.40.0-255,66,59024,70,335771
32161,0.000478,172.217.194.0-255,5738,64762,70,335771
32162,0.000481,172.31.40.0-255,66,64828,70,335771
32163,0.000541,172.217.194.0-255,6246,71074,70,335771
32164,0.000544,172.31.40.0-255,66,71140,70,335771
32165,0.00055,172.217.194.0-255,7156,78296,70,335771
32166,0.000552,172.31.40.0-255,66,78362,70,335771
32167,0.000589,172.217.194.0-255,9633,87995,70,335771
32168,0.000592,172.31.40.0-255,66,88061,70,335771
32169,0.000756,172.217.194.0-255,1484,89545,70,335771
32170,0.000771,172.217.194.0-255,2902,92447,70,335771
32171,0.000774,172.31.40.0-255,66,92513,70,335771
32172,0.000778,172.217.194.0-255,1484,93997,70,335771
32173,0.000802,172.217.194.0-255,4320,98317,70,335771
32174,0.000806,172.217.194.0-255,4320,102637,70,335771
32175,0.000814,172.31.40.0-255,66,102703,70,335771
32176,0.000817,172.31.40.0-255,66,102769,70,335771
32177,0.000824,172.217.194.0-255,7156,109925,70,335771
32178,0.000826,172.31.40.0-255,66,109991,70,335771
32179,0.000886,172.31.40.0-255,66,110057,70,335771
32180,0.001106,172.217.194.0-255,1484,111541,70,335771
32181,0.00112,172.217.194.0-255,2902,114443,70,335771
32182,0.001123,172.31.40.0-255,66,114509,70,335771
32183,0.001126,172.217.194.0-255,1484,115993,70,335771
32184,0.001146,172.217.194.0-255,4320,120313,70,335771
32185,0.001151,172.31.40.0-255,66,120379,70,335771
32186,0.001159,172.217.194.0-255,2902,123281,70,335771
32187,0.00116,172.31.40.0-255,66,123347,70,335771
32188,0.001196,172.217.194.0-255,9992,133339,70,335771
32189,0.001198,172.31.40.0-255,66,133405,70,335771
32190,0.001226,172.217.194.0-255,10692,144097,70,335771
32191,0.001228,172.31.40.0-255,66,144163,70,335771
32192,0.001261,172.217.194.0-255,2902,147065,70,335771
32193,0.001263,172.31.40.0-255,66,147131,70,335771
32194,0.001281,172.217.194.0-255,7156,154287,70,335771
32195,0.001284,172.31.40.0-255,66,154353,70,335771
32196,0.001291,172.217.194.0-255,7156,161509,70,335771
32197,0.001293,172.31.40.0-255,66,161575,70,335771
32198,0.001312,172.217.194.0-255,4320,165895,70,335771
32199,0.001314,172.31.40.0-255,66,165961,70,335771
32200,0.00133,172.31.40.0-255,66,166027,70,335771
32201,0.001511,172.217.194.0-255,1484,167511,70,335771
32202,0.001524,172.217.194.0-255,2902,170413,70,335771
32203,0.001527,172.31.40.0-255,66,170479,70,335771
32204,0.001557,172.217.194.0-255,5738,176217,70,335771
32205,0.001559,172.31.40.0-255,66,176283,70,335771
32206,0.001566,172.217.194.0-255,7156,183439,70,335771
32207,0.001568,172.31.40.0-255,66,183505,70,335771
32208,0.001591,172.217.194.0-255,5738,189243,70,335771
32209,0.001599,172.31.40.0-255,66,189309,70,335771
32210,0.001629,172.217.194.0-255,10692,200001,70,335771
32211,0.00165,172.31.40.0-255,66,200067,70,335771
32212,0.001814,172.217.194.0-255,1484,201551,70,335771
32213,0.001818,172.217.194.0-255,2902,204453,70,335771
32214,0.001823,172.31.40.0-255,66,204519,70,335771
32215,0.001832,172.217.194.0-255,2902,207421,70,335771
32216,0.001837,172.31.40.0-255,66,207487,70,335771
32217,0.001852,172.217.194.0-255,2902,210389,70,335771
32218,0.001854,172.31.40.0-255,66,210455,70,335771
32219,0.001859,172.217.194.0-255,4320,214775,70,335771
32220,0.001861,172.31.40.0-255,66,214841,70,335771
32221,0.001904,172.217.194.0-255,8574,223415,70,335771
32222,0.001907,172.31.40.0-255,66,223481,70,335771
32223,0.001915,172.217.194.0-255,8574,232055,70,335771
32224,0.001917,172.31.40.0-255,66,232121,70,335771
32225,0.001925,172.217.194.0-255,3602,235723,70,335771
32226,0.001927,172.31.40.0-255,66,235789,70,335771
32227,0.001932,172.217.194.0-255,4320,240109,70,335771
32228,0.001934,172.31.40.0-255,66,240175,70,335771
32229,0.001993,172.217.194.0-255,9992,250167,70,335771
32230,0.002026,172.217.194.0-255,3602,253769,70,335771
32231,0.002045,172.31.40.0-255,66,253835,70,335771
32232,0.002098,172.217.194.0-255,1484,255319,70,335771
32233,0.002114,172.217.194.0-255,2902,258221,70,335771
32234,0.002129,172.31.40.0-255,66,258287,70,335771
32235,0.002135,172.217.194.0-255,4320,262607,70,335771
32236,0.002139,172.31.40.0-255,66,262673,70,335771
32237,0.002152,172.217.194.0-255,1484,264157,70,335771
32238,0.002156,172.217.194.0-255,2902,267059,70,335771
32239,0.002182,172.217.194.0-255,9992,277051,70,335771
32240,0.002191,172.217.194.0-255,9992,287043,70,335771
32241,0.002196,172.31.40.0-255,66,287109,70,335771
32242,0.002218,172.217.194.0-255,766,287875,70,335771
32243,0.002251,172.217.194.0-255,1484,289359,70,335771
32244,0.002267,172.217.194.0-255,4320,293679,70,335771
32245,0.002272,172.31.40.0-255,66,293745,70,335771
32246,0.002279,172.217.194.0-255,1484,295229,70,335771
32247,0.0023,172.217.194.0-255,7156,302385,70,335771
32248,0.002314,172.31.40.0-255,66,302451,70,335771
32249,0.002337,172.217.194.0-255,1484,303935,70,335771
32250,0.00234,172.31.40.0-255,78,304013,70,335771
32251,0.00237,172.31.40.0-255,66,304079,70,335771
32252,0.00469,172.217.194.0-255,5738,309817,70,335771
32253,0.004702,172.31.40.0-255,66,309883,70,335771
32254,0.007079,172.217.194.0-255,5738,315621,70,335771
32255,0.007094,172.31.40.0-255,66,315687,70,335771
32256,0.009414,172.217.194.0-255,5738,321425,70,335771
32257,0.009423,172.31.40.0-255,66,321491,70,335771
32258,0.01177,172.217.194.0-255,5738,327229,70,335771
32259,0.011778,172.31.40.0-255,66,327295,70,335771
32260,0.014107,172.217.194.0-255,5738,333033,70,335771
32261,0.014123,172.31.40.0-255,66,333099,70,335771
32262,0.016467,172.217.194.0-255,2435,335534,70,335771
32263,0.016484,172.31.40.0-255,66,335600,70,335771
32264,0.01904,172.31.40.0-255,105,335705,70,335771
32265,0.021341,172.217.194.0-255,66,335771,70,335771
32266,0.0,172.217.27.0-255,152,152,70,273482
32267,2.3e-05,172.31.40.0-255,66,218,70,273482
32268,3e-05,172.217.27.0-255,1484,1702,70,273482
32269,3.5e-05,172.31.40.0-255,66,1768,70,273482
32270,4e-05,172.217.27.0-255,2902,4670,70,273482
32271,5.1e-05,172.31.40.0-255,66,4736,70,273482
32272,5.8e-05,172.217.27.0-255,7156,11892,70,273482
32273,6.1e-05,172.31.40.0-255,66,11958,70,273482
32274,6.6e-05,172.217.27.0-255,2039,13997,70,273482
32275,6.8e-05,172.31.40.0-255,66,14063,70,273482
32276,8.9e-05,172.217.27.0-255,1484,15547,70,273482
32277,9.2e-05,172.31.40.0-255,66,15613,70,273482
32278,0.000126,172.217.27.0-255,2902,18515,70,273482
32279,0.000129,172.31.40.0-255,66,18581,70,273482
32280,0.000135,172.217.27.0-255,5738,24319,70,273482
32281,0.000138,172.31.40.0-255,66,24385,70,273482
32282,0.000141,172.217.27.0-255,1484,25869,70,273482
32283,0.000143,172.31.40.0-255,66,25935,70,273482
32284,0.000177,172.217.27.0-255,5379,31314,70,273482
32285,0.00018,172.31.40.0-255,66,31380,70,273482
32286,0.000204,172.217.27.0-255,1484,32864,70,273482
32287,0.000206,172.31.40.0-255,66,32930,70,273482
32288,0.000211,172.217.27.0-255,2902,35832,70,273482
32289,0.000213,172.31.40.0-255,66,35898,70,273482
32290,0.000246,172.217.27.0-255,5738,41636,70,273482
32291,0.000249,172.31.40.0-255,66,41702,70,273482
32292,0.000256,172.217.27.0-255,6797,48499,70,273482
32293,0.000258,172.31.40.0-255,66,48565,70,273482
32294,0.000306,172.217.27.0-255,1484,50049,70,273482
32295,0.000308,172.31.40.0-255,66,50115,70,273482
32296,0.000312,172.217.27.0-255,1484,51599,70,273482
32297,0.000314,172.31.40.0-255,66,51665,70,273482
32298,0.000331,172.217.27.0-255,1484,53149,70,273482
32299,0.000334,172.217.27.0-255,1484,54633,70,273482
32300,0.000336,172.31.40.0-255,66,54699,70,273482
32301,0.000362,172.217.27.0-255,4320,59019,70,273482
32302,0.000365,172.31.40.0-255,66,59085,70,273482
32303,0.000372,172.217.27.0-255,6797,65882,70,273482
32304,0.000375,172.31.40.0-255,66,65948,70,273482
32305,0.00043,172.217.27.0-255,357,66305,70,273482
32306,0.000649,172.217.27.0-255,140,66445,70,273482
32307,0.000776,172.217.27.0-255,1484,67929,70,273482
32308,0.000782,172.31.40.0-255,66,67995,70,273482
32309,0.000787,172.217.27.0-255,2902,70897,70,273482
32310,0.000789,172.31.40.0-255,66,70963,70,273482
32311,0.000836,172.217.27.0-255,5738,76701,70,273482
32312,0.000838,172.31.40.0-255,66,76767,70,273482
32313,0.000845,172.217.27.0-255,6797,83564,70,273482
32314,0.000847,172.31.40.0-255,66,83630,70,273482
32315,0.000874,172.217.27.0-255,1484,85114,70,273482
32316,0.000878,172.217.27.0-255,2902,88016,70,273482
32317,0.00088,172.217.27.0-255,1484,89500,70,273482
32318,0.000885,172.31.40.0-255,66,89566,70,273482
32319,0.000902,172.217.27.0-255,4320,93886,70,273482
32320,0.000904,172.31.40.0-255,66,93952,70,273482
32321,0.000911,172.217.27.0-255,7075,101027,70,273482
32322,0.000913,172.31.40.0-255,66,101093,70,273482
32323,0.002551,172.217.27.0-255,5738,106831,70,273482
32324,0.002559,172.31.40.0-255,66,106897,70,273482
32325,0.004201,172.217.27.0-255,5738,112635,70,273482
32326,0.004205,172.31.40.0-255,66,112701,70,273482
32327,0.005841,172.217.27.0-255,4320,117021,70,273482
32328,0.005844,172.31.40.0-255,66,117087,70,273482
32329,0.00587,172.217.27.0-255,1484,118571,70,273482
32330,0.007489,172.217.27.0-255,4320,122891,70,273482
32331,0.007496,172.31.40.0-255,66,122957,70,273482
32332,0.009145,172.217.27.0-255,5738,128695,70,273482
32333,0.009152,172.31.40.0-255,66,128761,70,273482
32334,0.010798,172.217.27.0-255,5738,134499,70,273482
32335,0.010805,172.31.40.0-255,66,134565,70,273482
32336,0.012441,172.217.27.0-255,5738,140303,70,273482
32337,0.012447,172.31.40.0-255,66,140369,70,273482
32338,0.014091,172.217.27.0-255,5738,146107,70,273482
32339,0.014098,172.31.40.0-255,66,146173,70,273482
32340,0.015783,172.217.27.0-255,5738,151911,70,273482
32341,0.015791,172.31.40.0-255,66,151977,70,273482
32342,0.01745,172.217.27.0-255,5738,157715,70,273482
32343,0.017458,172.31.40.0-255,66,157781,70,273482
32344,0.019099,172.217.27.0-255,5738,163519,70,273482
32345,0.019106,172.31.40.0-255,66,163585,70,273482
32346,0.020747,172.217.27.0-255,5738,169323,70,273482
32347,0.020755,172.31.40.0-255,66,169389,70,273482
32348,0.02239,172.217.27.0-255,5738,175127,70,273482
32349,0.022394,172.31.40.0-255,66,175193,70,273482
32350,0.023165,172.31.40.0-255,172,175365,70,273482
32351,0.023194,172.31.40.0-255,1118,176483,70,273482
32352,0.023241,172.31.40.0-255,1514,177997,70,273482
32353,0.023242,172.31.40.0-255,1514,179511,70,273482
32354,0.023265,172.31.40.0-255,843,180354,70,273482
32355,0.024032,172.217.27.0-255,5738,186092,70,273482
32356,0.024038,172.31.40.0-255,66,186158,70,273482
32357,0.024669,104.244.42.0-255,66,186224,70,273482
32358,0.024735,104.244.42.0-255,66,186290,70,273482
32359,0.024793,104.244.42.0-255,66,186356,70,273482
32360,0.024798,104.244.42.0-255,66,186422,70,273482
32361,0.025686,172.217.27.0-255,5738,192160,70,273482
32362,0.025692,172.31.40.0-255,66,192226,70,273482
32363,0.027339,172.217.27.0-255,5738,197964,70,273482
32364,0.027346,172.31.40.0-255,66,198030,70,273482
32365,0.029,172.217.27.0-255,5738,203768,70,273482
32366,0.029007,172.31.40.0-255,66,203834,70,273482
32367,0.030646,172.217.27.0-255,5738,209572,70,273482
32368,0.030653,172.31.40.0-255,66,209638,70,273482
32369,0.032314,172.217.27.0-255,5738,215376,70,273482
32370,0.032319,172.31.40.0-255,66,215442,70,273482
32371,0.033964,172.217.27.0-255,5738,221180,70,273482
32372,0.03397,172.31.40.0-255,66,221246,70,273482
32373,0.035617,172.217.27.0-255,5738,226984,70,273482
32374,0.035621,172.31.40.0-255,66,227050,70,273482
32375,0.037271,172.217.27.0-255,5738,232788,70,273482
32376,0.037276,172.31.40.0-255,66,232854,70,273482
32377,0.038934,172.217.27.0-255,5738,238592,70,273482
32378,0.038939,172.31.40.0-255,66,238658,70,273482
32379,0.040594,172.217.27.0-255,5738,244396,70,273482
32380,0.040601,172.31.40.0-255,66,244462,70,273482
32381,0.042239,172.217.27.0-255,5738,250200,70,273482
32382,0.042247,172.31.40.0-255,66,250266,70,273482
32383,0.043925,172.217.27.0-255,5738,256004,70,273482
32384,0.04393,172.31.40.0-255,66,256070,70,273482
32385,0.045579,172.217.27.0-255,5738,261808,70,273482
32386,0.045597,172.31.40.0-255,66,261874,70,273482
32387,0.04724,172.217.27.0-255,5738,267612,70,273482
32388,0.047251,172.31.40.0-255,66,267678,70,273482
32389,0.048896,172.217.27.0-255,5738,273416,70,273482
32390,0.048906,172.31.40.0-255,66,273482,70,273482
32391,0.0,172.217.194.0-255,153,153,70,324056
32392,1.8e-05,172.31.40.0-255,66,219,70,324056
32393,2.4e-05,172.217.194.0-255,1484,1703,70,324056
32394,2.9e-05,172.31.40.0-255,66,1769,70,324056
32395,3.4e-05,172.217.194.0-255,2902,4671,70,324056
32396,4.5e-05,172.31.40.0-255,66,4737,70,324056
32397,5.1e-05,172.217.194.0-255,5738,10475,70,324056
32398,5.4e-05,172.31.40.0-255,66,10541,70,324056
32399,9.4e-05,172.217.194.0-255,3491,14032,70,324056
32400,9.8e-05,172.31.40.0-255,66,14098,70,324056
32401,0.000174,172.217.194.0-255,1484,15582,70,324056
32402,0.000178,172.31.40.0-255,66,15648,70,324056
32403,0.000183,172.217.194.0-255,2902,18550,70,324056
32404,0.000185,172.31.40.0-255,66,18616,70,324056
32405,0.000216,172.217.194.0-255,5738,24354,70,324056
32406,0.000219,172.31.40.0-255,66,24420,70,324056
32407,0.000222,172.217.194.0-255,1484,25904,70,324056
32408,0.000224,172.31.40.0-255,66,25970,70,324056
32409,0.000267,172.217.194.0-255,5379,31349,70,324056
32410,0.000271,172.31.40.0-255,66,31415,70,324056
32411,0.000328,172.217.194.0-255,1484,32899,70,324056
32412,0.000331,172.31.40.0-255,66,32965,70,324056
32413,0.000336,172.217.194.0-255,2902,35867,70,324056
32414,0.000338,172.31.40.0-255,66,35933,70,324056
32415,0.000341,172.217.194.0-255,1484,37417,70,324056
32416,0.000344,172.31.40.0-255,66,37483,70,324056
32417,0.000381,172.217.194.0-255,4320,41803,70,324056
32418,0.000384,172.31.40.0-255,66,41869,70,324056
32419,0.000389,172.217.194.0-255,4320,46189,70,324056
32420,0.000391,172.31.40.0-255,66,46255,70,324056
32421,0.000426,172.31.40.0-255,66,46321,70,324056
32422,0.000433,172.217.194.0-255,7049,53370,70,324056
32423,0.000435,172.31.40.0-255,66,53436,70,324056
32424,0.000465,172.217.194.0-255,434,53870,70,324056
32425,0.000824,172.217.194.0-255,1484,55354,70,324056
32426,0.00083,172.31.40.0-255,66,55420,70,324056
32427,0.000836,172.217.194.0-255,2902,58322,70,324056
32428,0.000838,172.31.40.0-255,66,58388,70,324056
32429,0.000849,172.217.194.0-255,5738,64126,70,324056
32430,0.000852,172.31.40.0-255,66,64192,70,324056
32431,0.000926,172.31.40.0-255,66,64258,70,324056
32432,0.000933,172.217.194.0-255,5738,69996,70,324056
32433,0.000935,172.31.40.0-255,66,70062,70,324056
32434,0.000941,172.217.194.0-255,5020,75082,70,324056
32435,0.000944,172.31.40.0-255,66,75148,70,324056
32436,0.001343,172.217.194.0-255,1484,76632,70,324056
32437,0.001349,172.217.194.0-255,2902,79534,70,324056
32438,0.001353,172.31.40.0-255,66,79600,70,324056
32439,0.001359,172.217.194.0-255,4320,83920,70,324056
32440,0.001361,172.31.40.0-255,66,83986,70,324056
32441,0.001387,172.217.194.0-255,1484,85470,70,324056
32442,0.001401,172.31.40.0-255,66,85536,70,324056
32443,0.00144,172.217.194.0-255,5738,91274,70,324056
32444,0.001443,172.31.40.0-255,66,91340,70,324056
32445,0.001471,172.217.194.0-255,5020,96360,70,324056
32446,0.001474,172.31.40.0-255,66,96426,70,324056
32447,0.001492,172.217.194.0-255,1484,97910,70,324056
32448,0.001497,172.217.194.0-255,2902,100812,70,324056
32449,0.001499,172.31.40.0-255,66,100878,70,324056
32450,0.001518,172.217.194.0-255,2902,103780,70,324056
32451,0.001522,172.31.40.0-255,66,103846,70,324056
32452,0.001549,172.217.194.0-255,2902,106748,70,324056
32453,0.001551,172.31.40.0-255,66,106814,70,324056
32454,0.001564,172.31.40.0-255,66,106880,70,324056
32455,0.001569,172.217.194.0-255,5738,112618,70,324056
32456,0.001571,172.31.40.0-255,66,112684,70,324056
32457,0.001599,172.217.194.0-255,4320,117004,70,324056
32458,0.001602,172.31.40.0-255,66,117070,70,324056
32459,0.001605,172.217.194.0-255,766,117836,70,324056
32460,0.001663,172.217.194.0-255,1484,119320,70,324056
32461,0.001666,172.31.40.0-255,66,119386,70,324056
32462,0.001698,172.217.194.0-255,2902,122288,70,324056
32463,0.001701,172.31.40.0-255,66,122354,70,324056
32464,0.001709,172.217.194.0-255,5738,128092,70,324056
32465,0.001711,172.31.40.0-255,66,128158,70,324056
32466,0.001718,172.217.194.0-255,7156,135314,70,324056
32467,0.001721,172.31.40.0-255,66,135380,70,324056
32468,0.001725,172.217.194.0-255,4320,139700,70,324056
32469,0.001728,172.31.40.0-255,66,139766,70,324056
32470,0.001769,172.217.194.0-255,9992,149758,70,324056
32471,0.001773,172.31.40.0-255,66,149824,70,324056
32472,0.001777,172.217.194.0-255,2184,152008,70,324056
32473,0.001779,172.31.40.0-255,66,152074,70,324056
32474,0.001793,172.217.194.0-255,1484,153558,70,324056
32475,0.001803,172.217.194.0-255,2902,156460,70,324056
32476,0.001805,172.31.40.0-255,66,156526,70,324056
32477,0.001831,172.217.194.0-255,5738,162264,70,324056
32478,0.001833,172.31.40.0-255,66,162330,70,324056
32479,0.001871,172.31.40.0-255,66,162396,70,324056
32480,0.001878,172.217.194.0-255,8574,170970,70,324056
32481,0.00188,172.31.40.0-255,66,171036,70,324056
32482,0.001912,172.217.194.0-255,4320,175356,70,324056
32483,0.001914,172.31.40.0-255,66,175422,70,324056
32484,0.001947,172.217.194.0-255,3602,179024,70,324056
32485,0.00195,172.31.40.0-255,66,179090,70,324056
32486,0.001957,172.217.194.0-255,8574,187664,70,324056
32487,0.001959,172.31.40.0-255,66,187730,70,324056
32488,0.002009,172.31.40.0-255,66,187796,70,324056
32489,0.002036,172.217.194.0-255,1484,189280,70,324056
32490,0.002038,172.217.194.0-255,766,190046,70,324056
32491,0.00204,172.31.40.0-255,66,190112,70,324056
32492,0.002092,172.217.194.0-255,1484,191596,70,324056
32493,0.002096,172.217.194.0-255,1484,193080,70,324056
32494,0.002098,172.31.40.0-255,66,193146,70,324056
32495,0.002124,172.217.194.0-255,1484,194630,70,324056
32496,0.00213,172.217.194.0-255,5738,200368,70,324056
32497,0.002132,172.31.40.0-255,66,200434,70,324056
32498,0.002139,172.217.194.0-255,7156,207590,70,324056
32499,0.002141,172.31.40.0-255,66,207656,70,324056
32500,0.002151,172.217.194.0-255,8574,216230,70,324056
32501,0.002153,172.31.40.0-255,66,216296,70,324056
32502,0.002175,172.217.194.0-255,2902,219198,70,324056
32503,0.002178,172.31.40.0-255,66,219264,70,324056
32504,0.002204,172.217.194.0-255,5020,224284,70,324056
32505,0.002207,172.31.40.0-255,66,224350,70,324056
32506,0.00447,172.217.194.0-255,5738,230088,70,324056
32507,0.004478,172.31.40.0-255,66,230154,70,324056
32508,0.006689,172.217.194.0-255,5738,235892,70,324056
32509,0.006695,172.31.40.0-255,66,235958,70,324056
32510,0.008898,172.217.194.0-255,5738,241696,70,324056
32511,0.008903,172.31.40.0-255,66,241762,70,324056
32512,0.011098,172.217.194.0-255,5738,247500,70,324056
32513,0.011104,172.31.40.0-255,66,247566,70,324056
32514,0.013351,172.217.194.0-255,5738,253304,70,324056
32515,0.013359,172.31.40.0-255,66,253370,70,324056
32516,0.015588,172.217.194.0-255,5738,259108,70,324056
32517,0.015597,172.31.40.0-255,66,259174,70,324056
32518,0.017814,172.217.194.0-255,5738,264912,70,324056
32519,0.017823,172.31.40.0-255,66,264978,70,324056
32520,0.020069,172.217.194.0-255,5738,270716,70,324056
32521,0.020078,172.31.40.0-255,66,270782,70,324056
32522,0.022348,172.217.194.0-255,5738,276520,70,324056
32523,0.022355,172.31.40.0-255,66,276586,70,324056
32524,0.024573,172.217.194.0-255,5738,282324,70,324056
32525,0.02458,172.31.40.0-255,66,282390,70,324056
32526,0.026813,172.217.194.0-255,5738,288128,70,324056
32527,0.026821,172.31.40.0-255,66,288194,70,324056
32528,0.029086,172.217.194.0-255,5738,293932,70,324056
32529,0.029095,172.31.40.0-255,66,293998,70,324056
32530,0.031339,172.217.194.0-255,5738,299736,70,324056
32531,0.031347,172.31.40.0-255,66,299802,70,324056
32532,0.031504,172.31.40.0-255,172,299974,70,324056
32533,0.031533,172.31.40.0-255,1118,301092,70,324056
32534,0.031592,172.31.40.0-255,1514,302606,70,324056
32535,0.031594,172.31.40.0-255,1514,304120,70,324056
32536,0.031595,172.31.40.0-255,844,304964,70,324056
32537,0.03309,104.244.42.0-255,66,305030,70,324056
32538,0.033283,104.244.42.0-255,66,305096,70,324056
32539,0.033308,104.244.42.0-255,66,305162,70,324056
32540,0.033319,104.244.42.0-255,66,305228,70,324056
32541,0.033588,172.217.194.0-255,5738,310966,70,324056
32542,0.033594,172.31.40.0-255,66,311032,70,324056
32543,0.034839,104.244.42.0-255,108,311140,70,324056
32544,0.034847,172.31.40.0-255,66,311206,70,324056
32545,0.035828,172.217.194.0-255,5738,316944,70,324056
32546,0.035832,172.31.40.0-255,66,317010,70,324056
32547,0.038088,172.217.194.0-255,5738,322748,70,324056
32548,0.038095,172.31.40.0-255,66,322814,70,324056
32549,0.040345,172.217.194.0-255,1005,323819,70,324056
32550,0.040466,172.31.40.0-255,66,323885,70,324056
32551,0.0405,172.31.40.0-255,105,323990,70,324056
32552,0.042704,172.217.194.0-255,66,324056,70,324056
32553,0.0,172.217.194.0-255,153,153,70,301780
32554,1.5e-05,172.31.40.0-255,66,219,70,301780
32555,2.2e-05,172.217.194.0-255,1484,1703,70,301780
32556,2.6e-05,172.31.40.0-255,66,1769,70,301780
32557,3.3e-05,172.217.194.0-255,2902,4671,70,301780
32558,3.6e-05,172.31.40.0-255,66,4737,70,301780
32559,4.3e-05,172.217.194.0-255,7156,11893,70,301780
32560,4.8e-05,172.31.40.0-255,66,11959,70,301780
32561,6.2e-05,172.31.40.0-255,66,12025,70,301780
32562,7.6e-05,172.31.40.0-255,66,12091,70,301780
32563,8.5e-05,172.217.194.0-255,7856,19947,70,301780
32564,8.7e-05,172.31.40.0-255,66,20013,70,301780
32565,0.000118,172.217.194.0-255,1484,21497,70,301780
32566,0.00012,172.31.40.0-255,66,21563,70,301780
32567,0.000143,172.217.194.0-255,2902,24465,70,301780
32568,0.000146,172.31.40.0-255,66,24531,70,301780
32569,0.000153,172.217.194.0-255,5738,30269,70,301780
32570,0.000156,172.31.40.0-255,66,30335,70,301780
32571,0.000186,172.217.194.0-255,7119,37454,70,301780
32572,0.000189,172.31.40.0-255,66,37520,70,301780
32573,0.000256,172.217.194.0-255,1484,39004,70,301780
32574,0.000259,172.31.40.0-255,66,39070,70,301780
32575,0.000263,172.217.194.0-255,2902,41972,70,301780
32576,0.000266,172.31.40.0-255,66,42038,70,301780
32577,0.000287,172.217.194.0-255,5738,47776,70,301780
32578,0.00029,172.31.40.0-255,66,47842,70,301780
32579,0.000293,172.217.194.0-255,1484,49326,70,301780
32580,0.000295,172.31.40.0-255,66,49392,70,301780
32581,0.000321,172.31.40.0-255,66,49458,70,301780
32582,0.00033,172.217.194.0-255,8574,58032,70,301780
32583,0.000373,172.217.194.0-255,2902,60934,70,301780
32584,0.000387,172.217.194.0-255,7156,68090,70,301780
32585,0.000403,172.217.194.0-255,5738,73828,70,301780
32586,0.000423,172.217.194.0-255,3602,77430,70,301780
32587,0.000428,172.217.194.0-255,4320,81750,70,301780
32588,0.000593,172.31.40.0-255,66,81816,70,301780
32589,0.001109,172.217.194.0-255,1484,83300,70,301780
32590,0.001126,172.217.194.0-255,2902,86202,70,301780
32591,0.001129,172.31.40.0-255,66,86268,70,301780
32592,0.001159,172.217.194.0-255,4320,90588,70,301780
32593,0.001181,172.217.194.0-255,1484,92072,70,301780
32594,0.00119,172.217.194.0-255,9992,102064,70,301780
32595,0.00121,172.217.194.0-255,2902,104966,70,301780
32596,0.001215,172.217.194.0-255,5738,110704,70,301780
32597,0.001247,172.217.194.0-255,5020,115724,70,301780
32598,0.001344,172.217.194.0-255,1484,117208,70,301780
32599,0.001374,172.217.194.0-255,2902,120110,70,301780
32600,0.001377,172.217.194.0-255,1484,121594,70,301780
32601,0.001399,172.217.194.0-255,4320,125914,70,301780
32602,0.001405,172.217.194.0-255,5738,131652,70,301780
32603,0.001437,172.217.194.0-255,1484,133136,70,301780
32604,0.00146,172.217.194.0-255,3602,136738,70,301780
32605,0.001511,172.217.194.0-255,1484,138222,70,301780
32606,0.001524,172.217.194.0-255,2902,141124,70,301780
32607,0.001546,172.217.194.0-255,5738,146862,70,301780
32608,0.001552,172.217.194.0-255,4320,151182,70,301780
32609,0.001564,172.217.194.0-255,4320,155502,70,301780
32610,0.001578,172.217.194.0-255,7156,162658,70,301780
32611,0.001605,172.217.194.0-255,5738,168396,70,301780
32612,0.001618,172.217.194.0-255,2184,170580,70,301780
32613,0.002146,172.217.194.0-255,1484,172064,70,301780
32614,0.002154,172.217.194.0-255,2902,174966,70,301780
32615,0.002173,172.217.194.0-255,5738,180704,70,301780
32616,0.002176,172.217.194.0-255,1484,182188,70,301780
32617,0.002225,172.217.194.0-255,10692,192880,70,301780
32618,0.004904,172.31.40.0-255,66,192946,70,301780
32619,0.007215,172.217.194.0-255,5738,198684,70,301780
32620,0.009177,172.31.40.0-255,66,198750,70,301780
32621,0.011511,172.217.194.0-255,5738,204488,70,301780
32622,0.011518,172.31.40.0-255,66,204554,70,301780
32623,0.013824,172.217.194.0-255,5738,210292,70,301780
32624,0.013831,172.31.40.0-255,66,210358,70,301780
32625,0.016119,172.217.194.0-255,5738,216096,70,301780
32626,0.016128,172.31.40.0-255,66,216162,70,301780
32627,0.01841,172.217.194.0-255,5738,221900,70,301780
32628,0.018418,172.31.40.0-255,66,221966,70,301780
32629,0.020708,172.217.194.0-255,5738,227704,70,301780
32630,0.020717,172.31.40.0-255,66,227770,70,301780
32631,0.022987,172.217.194.0-255,5738,233508,70,301780
32632,0.022995,172.31.40.0-255,66,233574,70,301780
32633,0.02526,172.217.194.0-255,5738,239312,70,301780
32634,0.025267,172.31.40.0-255,66,239378,70,301780
32635,0.027548,172.217.194.0-255,5738,245116,70,301780
32636,0.027555,172.31.40.0-255,66,245182,70,301780
32637,0.029817,172.217.194.0-255,5738,250920,70,301780
32638,0.029824,172.31.40.0-255,66,250986,70,301780
32639,0.032128,172.217.194.0-255,5738,256724,70,301780
32640,0.032136,172.31.40.0-255,66,256790,70,301780
32641,0.032212,172.31.40.0-255,171,256961,70,301780
32642,0.03224,172.31.40.0-255,1137,258098,70,301780
32643,0.032297,172.31.40.0-255,1514,259612,70,301780
32644,0.032299,172.31.40.0-255,1307,260919,70,301780
32645,0.03442,172.217.194.0-255,5738,266657,70,301780
32646,0.034427,172.31.40.0-255,66,266723,70,301780
32647,0.034555,172.31.40.0-255,101,266824,70,301780
32648,0.034819,104.244.42.0-255,66,266890,70,301780
32649,0.036695,172.217.194.0-255,5738,272628,70,301780
32650,0.036701,172.31.40.0-255,66,272694,70,301780
32651,0.036756,172.217.194.0-255,66,272760,70,301780
32652,0.038985,172.217.194.0-255,5738,278498,70,301780
32653,0.038991,172.31.40.0-255,66,278564,70,301780
32654,0.04127,172.217.194.0-255,5738,284302,70,301780
32655,0.041276,172.31.40.0-255,66,284368,70,301780
32656,0.043554,172.217.194.0-255,5738,290106,70,301780
32657,0.043561,172.31.40.0-255,66,290172,70,301780
32658,0.045847,172.217.194.0-255,5738,295910,70,301780
32659,0.045856,172.31.40.0-255,66,295976,70,301780
32660,0.048166,172.217.194.0-255,5738,301714,70,301780
32661,0.048173,172.31.40.0-255,66,301780,70,301780
32662,0.0,172.217.194.0-255,152,152,70,324829
32663,2.2e-05,172.31.40.0-255,66,218,70,324829
32664,2.9e-05,172.217.194.0-255,1484,1702,70,324829
32665,3.4e-05,172.31.40.0-255,66,1768,70,324829
32666,4.6e-05,172.217.194.0-255,2902,4670,70,324829
32667,5e-05,172.31.40.0-255,66,4736,70,324829
32668,5.8e-05,172.217.194.0-255,7156,11892,70,324829
32669,6.3e-05,172.31.40.0-255,66,11958,70,324829
32670,6.7e-05,172.217.194.0-255,2067,14025,70,324829
32671,7e-05,172.31.40.0-255,66,14091,70,324829
32672,7.5e-05,172.217.194.0-255,2902,16993,70,324829
32673,7.8e-05,172.31.40.0-255,66,17059,70,324829
32674,8.1e-05,172.217.194.0-255,1484,18543,70,324829
32675,8.3e-05,172.31.40.0-255,66,18609,70,324829
32676,0.000111,172.217.194.0-255,5738,24347,70,324829
32677,0.000119,172.31.40.0-255,66,24413,70,324829
32678,0.000126,172.217.194.0-255,6797,31210,70,324829
32679,0.000129,172.31.40.0-255,66,31276,70,324829
32680,0.000226,172.217.194.0-255,1484,32760,70,324829
32681,0.000229,172.31.40.0-255,66,32826,70,324829
32682,0.000253,172.217.194.0-255,2902,35728,70,324829
32683,0.000255,172.31.40.0-255,66,35794,70,324829
32684,0.000262,172.217.194.0-255,4320,40114,70,324829
32685,0.000264,172.31.40.0-255,66,40180,70,324829
32686,0.000317,172.217.194.0-255,2902,43082,70,324829
32687,0.00032,172.31.40.0-255,66,43148,70,324829
32688,0.000344,172.217.194.0-255,5379,48527,70,324829
32689,0.000347,172.31.40.0-255,66,48593,70,324829
32690,0.000353,172.217.194.0-255,5738,54331,70,324829
32691,0.000355,172.31.40.0-255,66,54397,70,324829
32692,0.000394,172.217.194.0-255,2902,57299,70,324829
32693,0.000396,172.31.40.0-255,66,57365,70,324829
32694,0.000406,172.217.194.0-255,8215,65580,70,324829
32695,0.000408,172.31.40.0-255,66,65646,70,324829
32696,0.000528,172.217.194.0-255,645,66291,70,324829
32697,0.000687,172.217.194.0-255,1484,67775,70,324829
32698,0.000692,172.31.40.0-255,66,67841,70,324829
32699,0.000698,172.217.194.0-255,2902,70743,70,324829
32700,0.0007,172.31.40.0-255,66,70809,70,324829
32701,0.000724,172.217.194.0-255,4320,75129,70,324829
32702,0.000727,172.31.40.0-255,66,75195,70,324829
32703,0.000748,172.217.194.0-255,1484,76679,70,324829
32704,0.000773,172.217.194.0-255,6797,83476,70,324829
32705,0.000776,172.31.40.0-255,66,83542,70,324829
32706,0.000811,172.217.194.0-255,7156,90698,70,324829
32707,0.000814,172.31.40.0-255,66,90764,70,324829
32708,0.000821,172.217.194.0-255,5738,96502,70,324829
32709,0.000823,172.31.40.0-255,66,96568,70,324829
32710,0.000845,172.217.194.0-255,3961,100529,70,324829
32711,0.000847,172.31.40.0-255,66,100595,70,324829
32712,0.00118,172.217.194.0-255,1484,102079,70,324829
32713,0.001186,172.217.194.0-255,2902,104981,70,324829
32714,0.001189,172.31.40.0-255,66,105047,70,324829
32715,0.001221,172.217.194.0-255,5738,110785,70,324829
32716,0.001223,172.31.40.0-255,66,110851,70,324829
32717,0.001232,172.217.194.0-255,8574,119425,70,324829
32718,0.001234,172.31.40.0-255,66,119491,70,324829
32719,0.001278,172.217.194.0-255,5738,125229,70,324829
32720,0.001281,172.31.40.0-255,66,125295,70,324829
32721,0.001315,172.217.194.0-255,8726,134021,70,324829
32722,0.001318,172.31.40.0-255,66,134087,70,324829
32723,0.00135,172.217.194.0-255,1484,135571,70,324829
32724,0.001354,172.217.194.0-255,2902,138473,70,324829
32725,0.001357,172.31.40.0-255,66,138539,70,324829
32726,0.001363,172.217.194.0-255,4320,142859,70,324829
32727,0.001365,172.31.40.0-255,66,142925,70,324829
32728,0.001385,172.217.194.0-255,1484,144409,70,324829
32729,0.001398,172.217.194.0-255,7156,151565,70,324829
32730,0.0014,172.31.40.0-255,66,151631,70,324829
32731,0.001454,172.31.40.0-255,66,151697,70,324829
32732,0.001483,172.217.194.0-255,3602,155299,70,324829
32733,0.001486,172.31.40.0-255,66,155365,70,324829
32734,0.001488,172.217.194.0-255,1484,156849,70,324829
32735,0.001504,172.217.194.0-255,2902,159751,70,324829
32736,0.001507,172.31.40.0-255,66,159817,70,324829
32737,0.001517,172.217.194.0-255,5738,165555,70,324829
32738,0.00152,172.31.40.0-255,66,165621,70,324829
32739,0.001524,172.217.194.0-255,1484,167105,70,324829
32740,0.001557,172.217.194.0-255,8574,175679,70,324829
32741,0.00156,172.31.40.0-255,66,175745,70,324829
32742,0.001582,172.217.194.0-255,1484,177229,70,324829
32743,0.001598,172.217.194.0-255,5738,182967,70,324829
32744,0.001601,172.31.40.0-255,66,183033,70,324829
32745,0.001629,172.217.194.0-255,6438,189471,70,324829
32746,0.001631,172.31.40.0-255,66,189537,70,324829
32747,0.001721,172.217.194.0-255,1484,191021,70,324829
32748,0.001725,172.217.194.0-255,1484,192505,70,324829
32749,0.001728,172.31.40.0-255,66,192571,70,324829
32750,0.001748,172.217.194.0-255,1484,194055,70,324829
32751,0.001755,172.217.194.0-255,5738,199793,70,324829
32752,0.001757,172.31.40.0-255,66,199859,70,324829
32753,0.001762,172.217.194.0-255,2902,202761,70,324829
32754,0.001764,172.31.40.0-255,66,202827,70,324829
32755,0.001806,172.217.194.0-255,9992,212819,70,324829
32756,0.001809,172.31.40.0-255,66,212885,70,324829
32757,0.001818,172.217.194.0-255,10692,223577,70,324829
32758,0.001826,172.31.40.0-255,66,223643,70,324829
32759,0.001829,172.217.194.0-255,1484,225127,70,324829
32760,0.001851,172.217.194.0-255,1484,226611,70,324829
32761,0.001854,172.31.40.0-255,66,226677,70,324829
32762,0.00186,172.217.194.0-255,4320,230997,70,324829
32763,0.001862,172.31.40.0-255,66,231063,70,324829
32764,0.001895,172.217.194.0-255,7156,238219,70,324829
32765,0.001898,172.31.40.0-255,66,238285,70,324829
32766,0.001926,172.217.194.0-255,1484,239769,70,324829
32767,0.001951,172.31.40.0-255,66,239835,70,324829
32768,0.001981,172.217.194.0-255,766,240601,70,324829
32769,0.001989,172.217.194.0-255,7156,247757,70,324829
32770,0.001992,172.31.40.0-255,66,247823,70,324829
32771,0.002001,172.217.194.0-255,8574,256397,70,324829
32772,0.002003,172.31.40.0-255,66,256463,70,324829
32773,0.002025,172.31.40.0-255,66,256529,70,324829
32774,0.002027,172.217.194.0-255,766,257295,70,324829
32775,0.002105,172.217.194.0-255,1484,258779,70,324829
32776,0.002108,172.31.40.0-255,66,258845,70,324829
32777,0.002113,172.217.194.0-255,2902,261747,70,324829
32778,0.002115,172.31.40.0-255,66,261813,70,324829
32779,0.002122,172.217.194.0-255,5738,267551,70,324829
32780,0.002124,172.31.40.0-255,66,267617,70,324829
32781,0.002142,172.31.40.0-255,66,267683,70,324829
32782,0.002152,172.217.194.0-255,10692,278375,70,324829
32783,0.002158,172.31.40.0-255,66,278441,70,324829
32784,0.002335,172.217.194.0-255,1484,279925,70,324829
32785,0.002342,172.217.194.0-255,2902,282827,70,324829
32786,0.002345,172.31.40.0-255,66,282893,70,324829
32787,0.002353,172.217.194.0-255,5738,288631,70,324829
32788,0.002355,172.31.40.0-255,66,288697,70,324829
32789,0.002367,172.217.194.0-255,7156,295853,70,324829
32790,0.002369,172.31.40.0-255,66,295919,70,324829
32791,0.00241,172.31.40.0-255,66,295985,70,324829
32792,0.002414,172.217.194.0-255,2184,298169,70,324829
32793,0.002416,172.31.40.0-255,66,298235,70,324829
32794,0.002453,172.217.194.0-255,8574,306809,70,324829
32795,0.002456,172.31.40.0-255,66,306875,70,324829
32796,0.002498,172.217.194.0-255,9992,316867,70,324829
32797,0.002501,172.31.40.0-255,66,316933,70,324829
32798,0.00251,172.217.194.0-255,7274,324207,70,324829
32799,0.002512,172.31.40.0-255,66,324273,70,324829
32800,0.002518,172.217.194.0-255,97,324370,70,324829
32801,0.002545,172.217.194.0-255,105,324475,70,324829
32802,0.013422,172.217.194.0-255,105,324580,70,324829
32803,0.013441,172.31.40.0-255,78,324658,70,324829
32804,0.01894,172.31.40.0-255,105,324763,70,324829
32805,0.021574,172.217.194.0-255,66,324829,70,324829
32806,0.0,74.125.24.0-255,153,153,70,315898
32807,2.1e-05,172.31.40.0-255,66,219,70,315898
32808,2.8e-05,74.125.24.0-255,1484,1703,70,315898
32809,3.1e-05,172.31.40.0-255,66,1769,70,315898
32810,3.7e-05,74.125.24.0-255,2902,4671,70,315898
32811,4e-05,172.31.40.0-255,66,4737,70,315898
32812,4.7e-05,74.125.24.0-255,7156,11893,70,315898
32813,4.9e-05,172.31.40.0-255,66,11959,70,315898
32814,5.3e-05,74.125.24.0-255,1966,13925,70,315898
32815,5.5e-05,172.31.40.0-255,66,13991,70,315898
32816,0.000142,74.125.24.0-255,1484,15475,70,315898
32817,0.000144,172.31.40.0-255,66,15541,70,315898
32818,0.000148,74.125.24.0-255,1484,17025,70,315898
32819,0.00015,172.31.40.0-255,66,17091,70,315898
32820,0.00017,74.125.24.0-255,1484,18575,70,315898
32821,0.000172,172.31.40.0-255,66,18641,70,315898
32822,0.000178,74.125.24.0-255,5738,24379,70,315898
32823,0.00018,172.31.40.0-255,66,24445,70,315898
32824,0.000214,172.31.40.0-255,66,24511,70,315898
32825,0.000222,74.125.24.0-255,8574,33085,70,315898
32826,0.000224,172.31.40.0-255,66,33151,70,315898
32827,0.000241,74.125.24.0-255,4320,37471,70,315898
32828,0.000243,172.31.40.0-255,66,37537,70,315898
32829,0.00026,74.125.24.0-255,4320,41857,70,315898
32830,0.000262,172.31.40.0-255,66,41923,70,315898
32831,0.000286,74.125.24.0-255,9569,51492,70,315898
32832,0.000288,172.31.40.0-255,66,51558,70,315898
32833,0.0003,74.125.24.0-255,131,51689,70,315898
32834,0.000302,172.31.40.0-255,66,51755,70,315898
32835,0.000443,74.125.24.0-255,1484,53239,70,315898
32836,0.000455,172.31.40.0-255,66,53305,70,315898
32837,0.000461,74.125.24.0-255,2902,56207,70,315898
32838,0.000468,74.125.24.0-255,5738,61945,70,315898
32839,0.000481,74.125.24.0-255,4320,66265,70,315898
32840,0.000495,172.31.40.0-255,66,66331,70,315898
32841,0.000502,74.125.24.0-255,8574,74905,70,315898
32842,0.000507,172.31.40.0-255,66,74971,70,315898
32843,0.000529,74.125.24.0-255,5738,80709,70,315898
32844,0.000535,172.31.40.0-255,66,80775,70,315898
32845,0.000554,74.125.24.0-255,5304,86079,70,315898
32846,0.000564,74.125.24.0-255,1484,87563,70,315898
32847,0.000574,74.125.24.0-255,1484,89047,70,315898
32848,0.000584,172.31.40.0-255,66,89113,70,315898
32849,0.000587,74.125.24.0-255,1484,90597,70,315898
32850,0.000594,74.125.24.0-255,5738,96335,70,315898
32851,0.0006,172.31.40.0-255,66,96401,70,315898
32852,0.000614,74.125.24.0-255,5738,102139,70,315898
32853,0.000636,74.125.24.0-255,7156,109295,70,315898
32854,0.000638,74.125.24.0-255,1484,110779,70,315898
32855,0.000668,172.31.40.0-255,66,110845,70,315898
32856,0.000674,172.31.40.0-255,66,110911,70,315898
32857,0.000702,74.125.24.0-255,9274,120185,70,315898
32858,0.000708,172.31.40.0-255,66,120251,70,315898
32859,0.00104,74.125.24.0-255,1484,121735,70,315898
32860,0.001045,74.125.24.0-255,2902,124637,70,315898
32861,0.001068,172.31.40.0-255,66,124703,70,315898
32862,0.00108,74.125.24.0-255,5738,130441,70,315898
32863,0.001085,74.125.24.0-255,2902,133343,70,315898
32864,0.001092,74.125.24.0-255,8574,141917,70,315898
32865,0.001098,172.31.40.0-255,66,141983,70,315898
32866,0.001107,74.125.24.0-255,1484,143467,70,315898
32867,0.001121,74.125.24.0-255,2902,146369,70,315898
32868,0.001139,74.125.24.0-255,7856,154225,70,315898
32869,0.001145,172.31.40.0-255,66,154291,70,315898
32870,0.001176,74.125.24.0-255,4320,158611,70,315898
32871,0.001183,74.125.24.0-255,5738,164349,70,315898
32872,0.001189,172.31.40.0-255,66,164415,70,315898
32873,0.001201,74.125.24.0-255,5738,170153,70,315898
32874,0.001222,74.125.24.0-255,5738,175891,70,315898
32875,0.001228,74.125.24.0-255,4320,180211,70,315898
32876,0.00125,74.125.24.0-255,7856,188067,70,315898
32877,0.001253,172.31.40.0-255,66,188133,70,315898
32878,0.001258,172.31.40.0-255,66,188199,70,315898
32879,0.001275,74.125.24.0-255,4320,192519,70,315898
32880,0.00128,74.125.24.0-255,2902,195421,70,315898
32881,0.001289,172.31.40.0-255,66,195487,70,315898
32882,0.0013,74.125.24.0-255,2902,198389,70,315898
32883,0.001323,74.125.24.0-255,1484,199873,70,315898
32884,0.001337,172.31.40.0-255,66,199939,70,315898
32885,0.001349,74.125.24.0-255,10692,210631,70,315898
32886,0.001354,172.31.40.0-255,66,210697,70,315898
32887,0.001383,74.125.24.0-255,1484,212181,70,315898
32888,0.001389,74.125.24.0-255,2902,215083,70,315898
32889,0.001402,74.125.24.0-255,4320,219403,70,315898
32890,0.001412,74.125.24.0-255,1484,220887,70,315898
32891,0.001415,172.31.40.0-255,66,220953,70,315898
32892,0.00143,74.125.24.0-255,4320,225273,70,315898
32893,0.001441,172.31.40.0-255,66,225339,70,315898
32894,0.001463,74.125.24.0-255,8574,233913,70,315898
32895,0.001466,74.125.24.0-255,1484,235397,70,315898
32896,0.001496,74.125.24.0-255,9274,244671,70,315898
32897,0.00151,172.31.40.0-255,66,244737,70,315898
32898,0.001537,74.125.24.0-255,1484,246221,70,315898
32899,0.001541,74.125.24.0-255,2902,249123,70,315898
32900,0.001566,74.125.24.0-255,5738,254861,70,315898
32901,0.00157,172.31.40.0-255,66,254927,70,315898
32902,0.001585,74.125.24.0-255,9992,264919,70,315898
32903,0.00159,172.31.40.0-255,66,264985,70,315898
32904,0.001601,74.125.24.0-255,2902,267887,70,315898
32905,0.001603,74.125.24.0-255,1484,269371,70,315898
32906,0.001634,74.125.24.0-255,7156,276527,70,315898
32907,0.001638,172.31.40.0-255,66,276593,70,315898
32908,0.001653,74.125.24.0-255,2184,278777,70,315898
32909,0.001703,74.125.24.0-255,4320,283097,70,315898
32910,0.001722,74.125.24.0-255,5738,288835,70,315898
32911,0.001762,172.31.40.0-255,66,288901,70,315898
32912,0.00179,172.31.40.0-255,66,288967,70,315898
32913,0.001807,74.125.24.0-255,9992,298959,70,315898
32914,0.001838,74.125.24.0-255,4320,303279,70,315898
32915,0.001842,172.31.40.0-255,66,303345,70,315898
32916,0.00185,172.31.40.0-255,66,303411,70,315898
32917,0.001869,74.125.24.0-255,6717,310128,70,315898
32918,0.001872,74.125.24.0-255,105,310233,70,315898
32919,0.001904,172.31.40.0-255,66,310299,70,315898
32920,0.016515,172.31.40.0-255,105,310404,70,315898
32921,0.018735,74.125.24.0-255,66,310470,70,315898
32922,0.048372,172.31.40.0-255,172,310642,70,315898
32923,0.048409,172.31.40.0-255,1117,311759,70,315898
32924,0.048466,172.31.40.0-255,1514,313273,70,315898
32925,0.048468,172.31.40.0-255,1514,314787,70,315898
32926,0.04847,172.31.40.0-255,847,315634,70,315898
32927,0.049897,104.244.42.0-255,66,315700,70,315898
32928,0.049911,104.244.42.0-255,66,315766,70,315898
32929,0.049992,104.244.42.0-255,66,315832,70,315898
32930,0.049996,104.244.42.0-255,66,315898,70,315898
32931,0.0,74.125.68.0-255,153,153,70,283356
32932,2.4e-05,172.31.40.0-255,66,219,70,283356
32933,3.1e-05,74.125.68.0-255,1484,1703,70,283356
32934,3.5e-05,172.31.40.0-255,66,1769,70,283356
32935,4.1e-05,74.125.68.0-255,2902,4671,70,283356
32936,5.2e-05,172.31.40.0-255,66,4737,70,283356
32937,5.9e-05,74.125.68.0-255,5738,10475,70,283356
32938,6.2e-05,172.31.40.0-255,66,10541,70,283356
32939,6.9e-05,74.125.68.0-255,5738,16279,70,283356
32940,7.2e-05,172.31.40.0-255,66,16345,70,283356
32941,9.8e-05,74.125.68.0-255,649,16994,70,283356
32942,0.000102,172.31.40.0-255,66,17060,70,283356
32943,0.000106,74.125.68.0-255,1484,18544,70,283356
32944,0.000108,172.31.40.0-255,66,18610,70,283356
32945,0.000142,74.125.68.0-255,5738,24348,70,283356
32946,0.000145,172.31.40.0-255,66,24414,70,283356
32947,0.000151,74.125.68.0-255,5738,30152,70,283356
32948,0.000154,172.31.40.0-255,66,30218,70,283356
32949,0.000157,74.125.68.0-255,1125,31343,70,283356
32950,0.000158,172.31.40.0-255,66,31409,70,283356
32951,0.000256,74.125.68.0-255,1484,32893,70,283356
32952,0.00026,172.31.40.0-255,66,32959,70,283356
32953,0.000279,74.125.68.0-255,2902,35861,70,283356
32954,0.000281,172.31.40.0-255,66,35927,70,283356
32955,0.000287,74.125.68.0-255,4320,40247,70,283356
32956,0.000289,172.31.40.0-255,66,40313,70,283356
32957,0.000316,74.125.68.0-255,1484,41797,70,283356
32958,0.000318,172.31.40.0-255,66,41863,70,283356
32959,0.000329,74.125.68.0-255,9992,51855,70,283356
32960,0.000332,172.31.40.0-255,66,51921,70,283356
32961,0.000361,74.125.68.0-255,8574,60495,70,283356
32962,0.000364,172.31.40.0-255,66,60561,70,283356
32963,0.000388,74.125.68.0-255,2902,63463,70,283356
32964,0.00039,172.31.40.0-255,66,63529,70,283356
32965,0.000395,74.125.68.0-255,2184,65713,70,283356
32966,0.000397,172.31.40.0-255,66,65779,70,283356
32967,0.000434,74.125.68.0-255,361,66140,70,283356
32968,0.000484,74.125.68.0-255,132,66272,70,283356
32969,0.000543,74.125.68.0-255,1484,67756,70,283356
32970,0.000547,172.31.40.0-255,66,67822,70,283356
32971,0.000567,74.125.68.0-255,2902,70724,70,283356
32972,0.000569,172.31.40.0-255,66,70790,70,283356
32973,0.000603,74.125.68.0-255,1484,72274,70,283356
32974,0.000622,74.125.68.0-255,2902,75176,70,283356
32975,0.000625,172.31.40.0-255,66,75242,70,283356
32976,0.000638,74.125.68.0-255,1484,76726,70,283356
32977,0.000661,74.125.68.0-255,2902,79628,70,283356
32978,0.000664,172.31.40.0-255,66,79694,70,283356
32979,0.00067,74.125.68.0-255,4320,84014,70,283356
32980,0.000672,172.31.40.0-255,66,84080,70,283356
32981,0.000702,74.125.68.0-255,4219,88299,70,283356
32982,0.000705,172.31.40.0-255,66,88365,70,283356
32983,0.000711,74.125.68.0-255,4320,92685,70,283356
32984,0.000714,172.31.40.0-255,66,92751,70,283356
32985,0.00072,74.125.68.0-255,5738,98489,70,283356
32986,0.000722,172.31.40.0-255,66,98555,70,283356
32987,0.000751,74.125.68.0-255,2543,101098,70,283356
32988,0.000754,172.31.40.0-255,66,101164,70,283356
32989,0.001684,74.125.68.0-255,1484,102648,70,283356
32990,0.001692,74.125.68.0-255,1484,104132,70,283356
32991,0.001696,172.31.40.0-255,66,104198,70,283356
32992,0.001727,74.125.68.0-255,2902,107100,70,283356
32993,0.00173,172.31.40.0-255,66,107166,70,283356
32994,0.001738,74.125.68.0-255,5738,112904,70,283356
32995,0.00174,172.31.40.0-255,66,112970,70,283356
32996,0.00178,74.125.68.0-255,9992,122962,70,283356
32997,0.001784,172.31.40.0-255,66,123028,70,283356
32998,0.001798,172.31.40.0-255,66,123094,70,283356
32999,0.001801,74.125.68.0-255,766,123860,70,283356
33000,0.00195,74.125.68.0-255,1484,125344,70,283356
33001,0.001955,172.31.40.0-255,66,125410,70,283356
33002,0.001961,74.125.68.0-255,2902,128312,70,283356
33003,0.001964,172.31.40.0-255,66,128378,70,283356
33004,0.002005,74.125.68.0-255,5738,134116,70,283356
33005,0.002007,172.31.40.0-255,66,134182,70,283356
33006,0.002017,74.125.68.0-255,8574,142756,70,283356
33007,0.002019,172.31.40.0-255,66,142822,70,283356
33008,0.002023,74.125.68.0-255,2902,145724,70,283356
33009,0.002025,172.31.40.0-255,66,145790,70,283356
33010,0.004041,74.125.68.0-255,5738,151528,70,283356
33011,0.004048,172.31.40.0-255,66,151594,70,283356
33012,0.006039,74.125.68.0-255,4320,155914,70,283356
33013,0.006045,172.31.40.0-255,66,155980,70,283356
33014,0.00607,74.125.68.0-255,1484,157464,70,283356
33015,0.008033,74.125.68.0-255,4320,161784,70,283356
33016,0.00804,172.31.40.0-255,66,161850,70,283356
33017,0.010041,74.125.68.0-255,5738,167588,70,283356
33018,0.010048,172.31.40.0-255,66,167654,70,283356
33019,0.012116,74.125.68.0-255,5738,173392,70,283356
33020,0.012124,172.31.40.0-255,66,173458,70,283356
33021,0.014128,74.125.68.0-255,5738,179196,70,283356
33022,0.014136,172.31.40.0-255,66,179262,70,283356
33023,0.016142,74.125.68.0-255,5738,185000,70,283356
33024,0.016151,172.31.40.0-255,66,185066,70,283356
33025,0.018158,74.125.68.0-255,5738,190804,70,283356
33026,0.018165,172.31.40.0-255,66,190870,70,283356
33027,0.020187,74.125.68.0-255,5738,196608,70,283356
33028,0.020198,172.31.40.0-255,66,196674,70,283356
33029,0.022191,74.125.68.0-255,5738,202412,70,283356
33030,0.022199,172.31.40.0-255,66,202478,70,283356
33031,0.024205,74.125.68.0-255,5738,208216,70,283356
33032,0.024213,172.31.40.0-255,66,208282,70,283356
33033,0.026207,74.125.68.0-255,5738,214020,70,283356
33034,0.026215,172.31.40.0-255,66,214086,70,283356
33035,0.028223,74.125.68.0-255,5738,219824,70,283356
33036,0.02823,172.31.40.0-255,66,219890,70,283356
33037,0.028688,172.31.40.0-255,172,220062,70,283356
33038,0.02872,172.31.40.0-255,1118,221180,70,283356
33039,0.028776,172.31.40.0-255,1514,222694,70,283356
33040,0.028778,172.31.40.0-255,1514,224208,70,283356
33041,0.028779,172.31.40.0-255,844,225052,70,283356
33042,0.030246,74.125.68.0-255,5738,230790,70,283356
33043,0.030252,172.31.40.0-255,66,230856,70,283356
33044,0.030259,104.244.42.0-255,66,230922,70,283356
33045,0.030284,104.244.42.0-255,66,230988,70,283356
33046,0.030327,104.244.42.0-255,66,231054,70,283356
33047,0.030331,104.244.42.0-255,66,231120,70,283356
33048,0.032295,74.125.68.0-255,5738,236858,70,283356
33049,0.032302,172.31.40.0-255,66,236924,70,283356
33050,0.034305,74.125.68.0-255,5738,242662,70,283356
33051,0.034312,172.31.40.0-255,66,242728,70,283356
33052,0.036326,74.125.68.0-255,5738,248466,70,283356
33053,0.036333,172.31.40.0-255,66,248532,70,283356
33054,0.038326,74.125.68.0-255,5738,254270,70,283356
33055,0.038333,172.31.40.0-255,66,254336,70,283356
33056,0.040349,74.125.68.0-255,5738,260074,70,283356
33057,0.040355,172.31.40.0-255,66,260140,70,283356
33058,0.042355,74.125.68.0-255,5738,265878,70,283356
33059,0.042362,172.31.40.0-255,66,265944,70,283356
33060,0.044381,74.125.68.0-255,5738,271682,70,283356
33061,0.044388,172.31.40.0-255,66,271748,70,283356
33062,0.046416,74.125.68.0-255,5738,277486,70,283356
33063,0.046425,172.31.40.0-255,66,277552,70,283356
33064,0.048428,74.125.68.0-255,5738,283290,70,283356
33065,0.048435,172.31.40.0-255,66,283356,70,283356
33066,0.0,74.125.200.0-255,146,146,70,280265
33067,2.4e-05,172.31.40.0-255,66,212,70,280265
33068,3.3e-05,74.125.200.0-255,1484,1696,70,280265
33069,3.8e-05,172.31.40.0-255,66,1762,70,280265
33070,4.3e-05,74.125.200.0-255,2902,4664,70,280265
33071,5.4e-05,172.31.40.0-255,66,4730,70,280265
33072,6.1e-05,74.125.200.0-255,5738,10468,70,280265
33073,6.5e-05,172.31.40.0-255,66,10534,70,280265
33074,7e-05,74.125.200.0-255,3519,14053,70,280265
33075,7.3e-05,172.31.40.0-255,66,14119,70,280265
33076,7.8e-05,74.125.200.0-255,2902,17021,70,280265
33077,8.1e-05,172.31.40.0-255,66,17087,70,280265
33078,0.000112,74.125.200.0-255,1484,18571,70,280265
33079,0.000116,172.31.40.0-255,66,18637,70,280265
33080,0.00013,74.125.200.0-255,9992,28629,70,280265
33081,0.000133,172.31.40.0-255,66,28695,70,280265
33082,0.000137,74.125.200.0-255,2543,31238,70,280265
33083,0.00014,172.31.40.0-255,66,31304,70,280265
33084,0.00018,74.125.200.0-255,1484,32788,70,280265
33085,0.000182,172.31.40.0-255,66,32854,70,280265
33086,0.000209,74.125.200.0-255,2902,35756,70,280265
33087,0.000211,172.31.40.0-255,66,35822,70,280265
33088,0.000218,74.125.200.0-255,5738,41560,70,280265
33089,0.00022,172.31.40.0-255,66,41626,70,280265
33090,0.000225,74.125.200.0-255,2902,44528,70,280265
33091,0.000227,172.31.40.0-255,66,44594,70,280265
33092,0.000232,74.125.200.0-255,3961,48555,70,280265
33093,0.000239,172.31.40.0-255,66,48621,70,280265
33094,0.000384,74.125.200.0-255,1484,50105,70,280265
33095,0.000388,172.31.40.0-255,66,50171,70,280265
33096,0.000393,74.125.200.0-255,2902,53073,70,280265
33097,0.000396,172.31.40.0-255,66,53139,70,280265
33098,0.000429,74.125.200.0-255,5738,58877,70,280265
33099,0.000432,172.31.40.0-255,66,58943,70,280265
33100,0.00046,74.125.200.0-255,6797,65740,70,280265
33101,0.000463,172.31.40.0-255,66,65806,70,280265
33102,0.000466,74.125.200.0-255,410,66216,70,280265
33103,0.000577,74.125.200.0-255,333,66549,70,280265
33104,0.000803,74.125.200.0-255,1484,68033,70,280265
33105,0.000808,172.31.40.0-255,66,68099,70,280265
33106,0.000813,74.125.200.0-255,2902,71001,70,280265
33107,0.000815,172.31.40.0-255,66,71067,70,280265
33108,0.000848,74.125.200.0-255,4320,75387,70,280265
33109,0.00085,172.31.40.0-255,66,75453,70,280265
33110,0.000855,74.125.200.0-255,2902,78355,70,280265
33111,0.000857,172.31.40.0-255,66,78421,70,280265
33112,0.000882,74.125.200.0-255,5738,84159,70,280265
33113,0.000885,172.31.40.0-255,66,84225,70,280265
33114,0.00089,74.125.200.0-255,4320,88545,70,280265
33115,0.000892,172.31.40.0-255,66,88611,70,280265
33116,0.000924,74.125.200.0-255,5738,94349,70,280265
33117,0.000928,172.31.40.0-255,66,94415,70,280265
33118,0.000949,74.125.200.0-255,6438,100853,70,280265
33119,0.000952,172.31.40.0-255,66,100919,70,280265
33120,0.001366,74.125.200.0-255,1484,102403,70,280265
33121,0.001371,74.125.200.0-255,1484,103887,70,280265
33122,0.001375,172.31.40.0-255,66,103953,70,280265
33123,0.001401,74.125.200.0-255,1484,105437,70,280265
33124,0.001408,74.125.200.0-255,5738,111175,70,280265
33125,0.001411,172.31.40.0-255,66,111241,70,280265
33126,0.001414,74.125.200.0-255,1484,112725,70,280265
33127,0.001448,172.31.40.0-255,66,112791,70,280265
33128,0.001454,74.125.200.0-255,5738,118529,70,280265
33129,0.001456,172.31.40.0-255,66,118595,70,280265
33130,0.0015,74.125.200.0-255,5020,123615,70,280265
33131,0.001503,172.31.40.0-255,66,123681,70,280265
33132,0.002012,74.125.200.0-255,1484,125165,70,280265
33133,0.002019,74.125.200.0-255,1484,126649,70,280265
33134,0.002023,172.31.40.0-255,66,126715,70,280265
33135,0.002051,74.125.200.0-255,1484,128199,70,280265
33136,0.002056,74.125.200.0-255,2902,131101,70,280265
33137,0.002059,172.31.40.0-255,66,131167,70,280265
33138,0.002064,74.125.200.0-255,4320,135487,70,280265
33139,0.002066,172.31.40.0-255,66,135553,70,280265
33140,0.002069,74.125.200.0-255,1484,137037,70,280265
33141,0.002102,74.125.200.0-255,7156,144193,70,280265
33142,0.002104,172.31.40.0-255,66,144259,70,280265
33143,0.00211,74.125.200.0-255,4320,148579,70,280265
33144,0.002112,172.31.40.0-255,66,148645,70,280265
33145,0.002144,74.125.200.0-255,7156,155801,70,280265
33146,0.002146,172.31.40.0-255,66,155867,70,280265
33147,0.002163,74.125.200.0-255,2184,158051,70,280265
33148,0.002166,172.31.40.0-255,66,158117,70,280265
33149,0.004351,74.125.200.0-255,5738,163855,70,280265
33150,0.004359,172.31.40.0-255,66,163921,70,280265
33151,0.006556,74.125.200.0-255,5738,169659,70,280265
33152,0.006563,172.31.40.0-255,66,169725,70,280265
33153,0.008769,74.125.200.0-255,5738,175463,70,280265
33154,0.008777,172.31.40.0-255,66,175529,70,280265
33155,0.010999,74.125.200.0-255,5738,181267,70,280265
33156,0.011009,172.31.40.0-255,66,181333,70,280265
33157,0.013219,74.125.200.0-255,2902,184235,70,280265
33158,0.013228,172.31.40.0-255,66,184301,70,280265
33159,0.013253,74.125.200.0-255,2902,187203,70,280265
33160,0.013256,172.31.40.0-255,66,187269,70,280265
33161,0.015424,74.125.200.0-255,2902,190171,70,280265
33162,0.015432,172.31.40.0-255,66,190237,70,280265
33163,0.015463,74.125.200.0-255,2902,193139,70,280265
33164,0.015467,172.31.40.0-255,66,193205,70,280265
33165,0.017702,74.125.200.0-255,5738,198943,70,280265
33166,0.01772,172.31.40.0-255,66,199009,70,280265
33167,0.019933,74.125.200.0-255,5738,204747,70,280265
33168,0.019946,172.31.40.0-255,66,204813,70,280265
33169,0.022189,74.125.200.0-255,5738,210551,70,280265
33170,0.022205,172.31.40.0-255,66,210617,70,280265
33171,0.024424,74.125.200.0-255,5738,216355,70,280265
33172,0.02444,172.31.40.0-255,66,216421,70,280265
33173,0.026695,74.125.200.0-255,5738,222159,70,280265
33174,0.026713,172.31.40.0-255,66,222225,70,280265
33175,0.028936,74.125.200.0-255,5738,227963,70,280265
33176,0.028956,172.31.40.0-255,66,228029,70,280265
33177,0.031172,74.125.200.0-255,5738,233767,70,280265
33178,0.031184,172.31.40.0-255,66,233833,70,280265
33179,0.033398,74.125.200.0-255,5738,239571,70,280265
33180,0.033415,172.31.40.0-255,66,239637,70,280265
33181,0.035656,74.125.200.0-255,5738,245375,70,280265
33182,0.035671,172.31.40.0-255,66,245441,70,280265
33183,0.037887,74.125.200.0-255,5738,251179,70,280265
33184,0.037907,172.31.40.0-255,66,251245,70,280265
33185,0.04016,74.125.200.0-255,5738,256983,70,280265
33186,0.040181,172.31.40.0-255,66,257049,70,280265
33187,0.042401,74.125.200.0-255,5738,262787,70,280265
33188,0.042418,172.31.40.0-255,66,262853,70,280265
33189,0.044638,74.125.200.0-255,5738,268591,70,280265
33190,0.044658,172.31.40.0-255,66,268657,70,280265
33191,0.046882,74.125.200.0-255,5738,274395,70,280265
33192,0.0469,172.31.40.0-255,66,274461,70,280265
33193,0.04912,74.125.200.0-255,5738,280199,70,280265
33194,0.049139,172.31.40.0-255,66,280265,70,280265
33195,0.0,74.125.24.0-255,146,146,70,330481
33196,1.5e-05,172.31.40.0-255,66,212,70,330481
33197,2.2e-05,74.125.24.0-255,1484,1696,70,330481
33198,2.8e-05,172.31.40.0-255,66,1762,70,330481
33199,3.3e-05,74.125.24.0-255,2902,4664,70,330481
33200,3.6e-05,172.31.40.0-255,66,4730,70,330481
33201,4.2e-05,74.125.24.0-255,4320,9050,70,330481
33202,4.5e-05,172.31.40.0-255,66,9116,70,330481
33203,7.9e-05,74.125.24.0-255,4818,13934,70,330481
33204,8.2e-05,172.31.40.0-255,66,14000,70,330481
33205,0.000311,74.125.24.0-255,1484,15484,70,330481
33206,0.000316,172.31.40.0-255,66,15550,70,330481
33207,0.000322,74.125.24.0-255,2902,18452,70,330481
33208,0.000324,172.31.40.0-255,66,18518,70,330481
33209,0.00033,74.125.24.0-255,4320,22838,70,330481
33210,0.000333,172.31.40.0-255,66,22904,70,330481
33211,0.00035,74.125.24.0-255,1484,24388,70,330481
33212,0.000354,172.31.40.0-255,66,24454,70,330481
33213,0.000386,74.125.24.0-255,2902,27356,70,330481
33214,0.000389,172.31.40.0-255,66,27422,70,330481
33215,0.000411,74.125.24.0-255,3961,31383,70,330481
33216,0.000413,74.125.24.0-255,1484,32867,70,330481
33217,0.000417,172.31.40.0-255,66,32933,70,330481
33218,0.00042,172.31.40.0-255,66,32999,70,330481
33219,0.000441,74.125.24.0-255,5738,38737,70,330481
33220,0.000444,172.31.40.0-255,66,38803,70,330481
33221,0.00045,74.125.24.0-255,5738,44541,70,330481
33222,0.000453,172.31.40.0-255,66,44607,70,330481
33223,0.0005,74.125.24.0-255,3961,48568,70,330481
33224,0.000503,172.31.40.0-255,66,48634,70,330481
33225,0.001198,74.125.24.0-255,1484,50118,70,330481
33226,0.001204,172.31.40.0-255,66,50184,70,330481
33227,0.001211,74.125.24.0-255,2902,53086,70,330481
33228,0.001213,172.31.40.0-255,66,53152,70,330481
33229,0.001243,74.125.24.0-255,5738,58890,70,330481
33230,0.001245,172.31.40.0-255,66,58956,70,330481
33231,0.001251,74.125.24.0-255,5738,64694,70,330481
33232,0.001253,172.31.40.0-255,66,64760,70,330481
33233,0.001284,74.125.24.0-255,6797,71557,70,330481
33234,0.001287,172.31.40.0-255,66,71623,70,330481
33235,0.001307,74.125.24.0-255,5738,77361,70,330481
33236,0.001309,172.31.40.0-255,66,77427,70,330481
33237,0.001326,74.125.24.0-255,8574,86001,70,330481
33238,0.001328,172.31.40.0-255,66,86067,70,330481
33239,0.001336,74.125.24.0-255,8574,94641,70,330481
33240,0.001338,172.31.40.0-255,66,94707,70,330481
33241,0.001361,74.125.24.0-255,4320,99027,70,330481
33242,0.001363,172.31.40.0-255,66,99093,70,330481
33243,0.001375,74.125.24.0-255,1346,100439,70,330481
33244,0.001378,172.31.40.0-255,66,100505,70,330481
33245,0.001459,74.125.24.0-255,1484,101989,70,330481
33246,0.001463,172.31.40.0-255,66,102055,70,330481
33247,0.00147,74.125.24.0-255,2902,104957,70,330481
33248,0.001472,172.31.40.0-255,66,105023,70,330481
33249,0.001477,74.125.24.0-255,4320,109343,70,330481
33250,0.001479,172.31.40.0-255,66,109409,70,330481
33251,0.001508,74.125.24.0-255,1484,110893,70,330481
33252,0.00151,172.31.40.0-255,66,110959,70,330481
33253,0.001523,172.31.40.0-255,66,111025,70,330481
33254,0.001527,74.125.24.0-255,4320,115345,70,330481
33255,0.001529,172.31.40.0-255,66,115411,70,330481
33256,0.001557,74.125.24.0-255,6438,121849,70,330481
33257,0.001603,74.125.24.0-255,1484,123333,70,330481
33258,0.001606,74.125.24.0-255,1484,124817,70,330481
33259,0.001622,74.125.24.0-255,1484,126301,70,330481
33260,0.001628,74.125.24.0-255,5738,132039,70,330481
33261,0.001689,74.125.24.0-255,10692,142731,70,330481
33262,0.001742,74.125.24.0-255,9992,152723,70,330481
33263,0.001795,74.125.24.0-255,766,153489,70,330481
33264,0.001828,74.125.24.0-255,4320,157809,70,330481
33265,0.001834,74.125.24.0-255,4320,162129,70,330481
33266,0.001851,74.125.24.0-255,1484,163613,70,330481
33267,0.001861,74.125.24.0-255,9992,173605,70,330481
33268,0.001873,74.125.24.0-255,1484,175089,70,330481
33269,0.001878,74.125.24.0-255,2902,177991,70,330481
33270,0.001909,74.125.24.0-255,9274,187265,70,330481
33271,0.001959,74.125.24.0-255,1484,188749,70,330481
33272,0.001963,74.125.24.0-255,2902,191651,70,330481
33273,0.00197,74.125.24.0-255,5738,197389,70,330481
33274,0.001998,74.125.24.0-255,8574,205963,70,330481
33275,0.002048,74.125.24.0-255,5738,211701,70,330481
33276,0.002068,74.125.24.0-255,9274,220975,70,330481
33277,0.002097,74.125.24.0-255,4320,225295,70,330481
33278,0.002105,74.125.24.0-255,8574,233869,70,330481
33279,0.00213,74.125.24.0-255,7156,241025,70,330481
33280,0.002148,74.125.24.0-255,2184,243209,70,330481
33281,0.002162,74.125.24.0-255,2902,246111,70,330481
33282,0.002189,74.125.24.0-255,7156,253267,70,330481
33283,0.002194,74.125.24.0-255,2902,256169,70,330481
33284,0.002229,74.125.24.0-255,2902,259071,70,330481
33285,0.002236,74.125.24.0-255,6438,265509,70,330481
33286,0.00227,74.125.24.0-255,1484,266993,70,330481
33287,0.002284,74.125.24.0-255,2902,269895,70,330481
33288,0.002288,74.125.24.0-255,2902,272797,70,330481
33289,0.002302,74.125.24.0-255,2902,275699,70,330481
33290,0.002317,74.125.24.0-255,2902,278601,70,330481
33291,0.002336,74.125.24.0-255,9992,288593,70,330481
33292,0.002343,74.125.24.0-255,5738,294331,70,330481
33293,0.002361,74.125.24.0-255,5020,299351,70,330481
33294,0.002396,74.125.24.0-255,7156,306507,70,330481
33295,0.002401,74.125.24.0-255,2902,309409,70,330481
33296,0.002417,74.125.24.0-255,5738,315147,70,330481
33297,0.002419,74.125.24.0-255,1484,316631,70,330481
33298,0.00245,74.125.24.0-255,8080,324711,70,330481
33299,0.00247,74.125.24.0-255,105,324816,70,330481
33300,0.003996,172.31.40.0-255,66,324882,70,330481
33301,0.006491,172.31.40.0-255,105,324987,70,330481
33302,0.008509,74.125.24.0-255,66,325053,70,330481
33303,0.030631,172.31.40.0-255,172,325225,70,330481
33304,0.030658,172.31.40.0-255,1118,326343,70,330481
33305,0.030719,172.31.40.0-255,1514,327857,70,330481
33306,0.03072,172.31.40.0-255,1514,329371,70,330481
33307,0.030744,172.31.40.0-255,846,330217,70,330481
33308,0.032123,104.244.42.0-255,66,330283,70,330481
33309,0.032155,104.244.42.0-255,66,330349,70,330481
33310,0.032228,104.244.42.0-255,66,330415,70,330481
33311,0.032247,104.244.42.0-255,66,330481,70,330481
33312,0.0,172.217.194.0-255,146,146,70,316819
33313,2.3e-05,172.31.40.0-255,66,212,70,316819
33314,3e-05,172.217.194.0-255,1484,1696,70,316819
33315,3.4e-05,172.31.40.0-255,66,1762,70,316819
33316,4e-05,172.217.194.0-255,2902,4664,70,316819
33317,5.2e-05,172.31.40.0-255,66,4730,70,316819
33318,6e-05,172.217.194.0-255,7156,11886,70,316819
33319,6.3e-05,172.31.40.0-255,66,11952,70,316819
33320,7.3e-05,172.217.194.0-255,9241,21193,70,316819
33321,7.6e-05,172.31.40.0-255,66,21259,70,316819
33322,0.000145,172.217.194.0-255,9633,30892,70,316819
33323,0.000149,172.31.40.0-255,66,30958,70,316819
33324,0.000174,172.217.194.0-255,1484,32442,70,316819
33325,0.000177,172.31.40.0-255,66,32508,70,316819
33326,0.000182,172.217.194.0-255,2902,35410,70,316819
33327,0.000184,172.31.40.0-255,66,35476,70,316819
33328,0.000215,172.217.194.0-255,5738,41214,70,316819
33329,0.000219,172.31.40.0-255,66,41280,70,316819
33330,0.000228,172.217.194.0-255,9992,51272,70,316819
33331,0.000231,172.31.40.0-255,66,51338,70,316819
33332,0.000277,172.31.40.0-255,66,51404,70,316819
33333,0.000298,172.217.194.0-255,2516,53920,70,316819
33334,0.000301,172.31.40.0-255,66,53986,70,316819
33335,0.000325,172.217.194.0-255,1484,55470,70,316819
33336,0.000327,172.31.40.0-255,66,55536,70,316819
33337,0.00033,172.217.194.0-255,1484,57020,70,316819
33338,0.000332,172.31.40.0-255,66,57086,70,316819
33339,0.000362,172.217.194.0-255,1484,58570,70,316819
33340,0.000369,172.217.194.0-255,5738,64308,70,316819
33341,0.000374,172.217.194.0-255,5738,70046,70,316819
33342,0.000384,172.31.40.0-255,66,70112,70,316819
33343,0.000387,172.31.40.0-255,66,70178,70,316819
33344,0.000389,172.31.40.0-255,66,70244,70,316819
33345,0.000409,172.31.40.0-255,66,70310,70,316819
33346,0.000419,172.217.194.0-255,1484,71794,70,316819
33347,0.000422,172.31.40.0-255,66,71860,70,316819
33348,0.000439,172.217.194.0-255,4750,76610,70,316819
33349,0.000441,172.31.40.0-255,66,76676,70,316819
33350,0.000504,172.217.194.0-255,1484,78160,70,316819
33351,0.000509,172.217.194.0-255,1484,79644,70,316819
33352,0.000512,172.31.40.0-255,66,79710,70,316819
33353,0.000535,172.217.194.0-255,1484,81194,70,316819
33354,0.000542,172.217.194.0-255,5738,86932,70,316819
33355,0.000545,172.31.40.0-255,66,86998,70,316819
33356,0.000569,172.217.194.0-255,4320,91318,70,316819
33357,0.000572,172.31.40.0-255,66,91384,70,316819
33358,0.000596,172.217.194.0-255,2529,93913,70,316819
33359,0.000598,172.31.40.0-255,66,93979,70,316819
33360,0.000649,172.217.194.0-255,1484,95463,70,316819
33361,0.000652,172.217.194.0-255,1484,96947,70,316819
33362,0.000655,172.31.40.0-255,66,97013,70,316819
33363,0.000667,172.217.194.0-255,1484,98497,70,316819
33364,0.000677,172.217.194.0-255,5738,104235,70,316819
33365,0.00068,172.31.40.0-255,66,104301,70,316819
33366,0.000718,172.217.194.0-255,4320,108621,70,316819
33367,0.000721,172.31.40.0-255,66,108687,70,316819
33368,0.000744,172.217.194.0-255,1533,110220,70,316819
33369,0.000747,172.31.40.0-255,66,110286,70,316819
33370,0.00078,172.217.194.0-255,7156,117442,70,316819
33371,0.000784,172.31.40.0-255,66,117508,70,316819
33372,0.00081,172.217.194.0-255,5738,123246,70,316819
33373,0.000813,172.31.40.0-255,66,123312,70,316819
33374,0.000837,172.217.194.0-255,2902,126214,70,316819
33375,0.000839,172.31.40.0-255,66,126280,70,316819
33376,0.000843,172.217.194.0-255,1125,127405,70,316819
33377,0.000847,172.217.194.0-255,1484,128889,70,316819
33378,0.000849,172.31.40.0-255,66,128955,70,316819
33379,0.000854,172.217.194.0-255,4320,133275,70,316819
33380,0.000857,172.31.40.0-255,66,133341,70,316819
33381,0.000896,172.217.194.0-255,9992,143333,70,316819
33382,0.000899,172.31.40.0-255,66,143399,70,316819
33383,0.000902,172.217.194.0-255,1125,144524,70,316819
33384,0.000966,172.217.194.0-255,1484,146008,70,316819
33385,0.00097,172.31.40.0-255,66,146074,70,316819
33386,0.000975,172.217.194.0-255,2902,148976,70,316819
33387,0.000978,172.31.40.0-255,66,149042,70,316819
33388,0.000984,172.217.194.0-255,5738,154780,70,316819
33389,0.000992,172.31.40.0-255,66,154846,70,316819
33390,0.001039,172.217.194.0-255,6797,161643,70,316819
33391,0.001043,172.31.40.0-255,66,161709,70,316819
33392,0.001127,172.217.194.0-255,1484,163193,70,316819
33393,0.001131,172.217.194.0-255,1484,164677,70,316819
33394,0.001134,172.31.40.0-255,66,164743,70,316819
33395,0.001154,172.217.194.0-255,1484,166227,70,316819
33396,0.001159,172.217.194.0-255,5738,171965,70,316819
33397,0.001165,172.31.40.0-255,66,172031,70,316819
33398,0.001203,172.31.40.0-255,66,172097,70,316819
33399,0.001249,172.217.194.0-255,2902,174999,70,316819
33400,0.001252,172.31.40.0-255,66,175065,70,316819
33401,0.001282,172.217.194.0-255,5738,180803,70,316819
33402,0.001285,172.31.40.0-255,66,180869,70,316819
33403,0.001289,172.217.194.0-255,2184,183053,70,316819
33404,0.001292,172.31.40.0-255,66,183119,70,316819
33405,0.001441,172.217.194.0-255,1484,184603,70,316819
33406,0.001448,172.217.194.0-255,2902,187505,70,316819
33407,0.001452,172.31.40.0-255,66,187571,70,316819
33408,0.001485,172.217.194.0-255,5738,193309,70,316819
33409,0.001488,172.31.40.0-255,66,193375,70,316819
33410,0.001495,172.217.194.0-255,7156,200531,70,316819
33411,0.001498,172.31.40.0-255,66,200597,70,316819
33412,0.00152,172.217.194.0-255,2902,203499,70,316819
33413,0.001523,172.31.40.0-255,66,203565,70,316819
33414,0.001561,172.31.40.0-255,66,203631,70,316819
33415,0.001569,172.217.194.0-255,2184,205815,70,316819
33416,0.001572,172.31.40.0-255,66,205881,70,316819
33417,0.00162,172.217.194.0-255,1484,207365,70,316819
33418,0.001625,172.217.194.0-255,2902,210267,70,316819
33419,0.001629,172.31.40.0-255,66,210333,70,316819
33420,0.001656,172.217.194.0-255,5738,216071,70,316819
33421,0.001659,172.31.40.0-255,66,216137,70,316819
33422,0.001697,172.31.40.0-255,66,216203,70,316819
33423,0.0017,172.217.194.0-255,1484,217687,70,316819
33424,0.001724,172.217.194.0-255,2902,220589,70,316819
33425,0.00173,172.31.40.0-255,66,220655,70,316819
33426,0.001743,172.217.194.0-255,4320,224975,70,316819
33427,0.001764,172.217.194.0-255,2184,227159,70,316819
33428,0.001773,172.31.40.0-255,66,227225,70,316819
33429,0.001845,172.217.194.0-255,1484,228709,70,316819
33430,0.001862,172.217.194.0-255,2902,231611,70,316819
33431,0.001864,172.217.194.0-255,1484,233095,70,316819
33432,0.001869,172.31.40.0-255,66,233161,70,316819
33433,0.001896,172.217.194.0-255,4320,237481,70,316819
33434,0.001898,172.31.40.0-255,66,237547,70,316819
33435,0.001907,172.217.194.0-255,9992,247539,70,316819
33436,0.00193,172.217.194.0-255,4320,251859,70,316819
33437,0.001943,172.31.40.0-255,66,251925,70,316819
33438,0.00195,172.217.194.0-255,7156,259081,70,316819
33439,0.001955,172.31.40.0-255,66,259147,70,316819
33440,0.001983,172.217.194.0-255,2184,261331,70,316819
33441,0.001995,172.31.40.0-255,66,261397,70,316819
33442,0.002011,172.217.194.0-255,1484,262881,70,316819
33443,0.002025,172.217.194.0-255,2902,265783,70,316819
33444,0.002031,172.217.194.0-255,4320,270103,70,316819
33445,0.002046,172.217.194.0-255,1484,271587,70,316819
33446,0.002052,172.217.194.0-255,5738,277325,70,316819
33447,0.002066,172.217.194.0-255,4320,281645,70,316819
33448,0.002069,172.31.40.0-255,66,281711,70,316819
33449,0.00208,172.217.194.0-255,5738,287449,70,316819
33450,0.002084,172.31.40.0-255,66,287515,70,316819
33451,0.002103,172.217.194.0-255,2902,290417,70,316819
33452,0.002146,172.31.40.0-255,66,290483,70,316819
33453,0.002174,172.217.194.0-255,7156,297639,70,316819
33454,0.002184,172.31.40.0-255,66,297705,70,316819
33455,0.002211,172.217.194.0-255,7156,304861,70,316819
33456,0.002236,172.217.194.0-255,7156,312017,70,316819
33457,0.002244,172.31.40.0-255,66,312083,70,316819
33458,0.00232,172.31.40.0-255,66,312149,70,316819
33459,0.004509,172.217.194.0-255,105,312254,70,316819
33460,0.004976,172.31.40.0-255,66,312320,70,316819
33461,0.005013,172.31.40.0-255,105,312425,70,316819
33462,0.007169,172.217.194.0-255,66,312491,70,316819
33463,0.03347,172.31.40.0-255,172,312663,70,316819
33464,0.033505,172.31.40.0-255,1113,313776,70,316819
33465,0.033568,172.31.40.0-255,1514,315290,70,316819
33466,0.03357,172.31.40.0-255,1331,316621,70,316819
33467,0.035036,104.244.42.0-255,66,316687,70,316819
33468,0.035109,104.244.42.0-255,66,316753,70,316819
33469,0.035129,104.244.42.0-255,66,316819,70,316819
33470,0.0,74.125.24.0-255,152,152,70,323784
33471,2.3e-05,172.31.40.0-255,66,218,70,323784
33472,3e-05,74.125.24.0-255,1484,1702,70,323784
33473,3.4e-05,172.31.40.0-255,66,1768,70,323784
33474,3.9e-05,74.125.24.0-255,2902,4670,70,323784
33475,5.1e-05,172.31.40.0-255,66,4736,70,323784
33476,5.9e-05,74.125.24.0-255,7156,11892,70,323784
33477,6.3e-05,172.31.40.0-255,66,11958,70,323784
33478,7e-05,74.125.24.0-255,4822,16780,70,323784
33479,7.4e-05,172.31.40.0-255,66,16846,70,323784
33480,8.9e-05,172.31.40.0-255,66,16912,70,323784
33481,0.000165,74.125.24.0-255,1484,18396,70,323784
33482,0.000168,172.31.40.0-255,66,18462,70,323784
33483,0.000174,74.125.24.0-255,2902,21364,70,323784
33484,0.000176,172.31.40.0-255,66,21430,70,323784
33485,0.000204,74.125.24.0-255,5738,27168,70,323784
33486,0.000207,172.31.40.0-255,66,27234,70,323784
33487,0.000236,74.125.24.0-255,6797,34031,70,323784
33488,0.000239,172.31.40.0-255,66,34097,70,323784
33489,0.001056,74.125.24.0-255,1484,35581,70,323784
33490,0.001063,172.31.40.0-255,66,35647,70,323784
33491,0.001072,74.125.24.0-255,2902,38549,70,323784
33492,0.001074,172.31.40.0-255,66,38615,70,323784
33493,0.001086,74.125.24.0-255,5738,44353,70,323784
33494,0.001089,172.31.40.0-255,66,44419,70,323784
33495,0.001093,74.125.24.0-255,2902,47321,70,323784
33496,0.001095,172.31.40.0-255,66,47387,70,323784
33497,0.001123,74.125.24.0-255,7156,54543,70,323784
33498,0.001126,172.31.40.0-255,66,54609,70,323784
33499,0.001167,74.125.24.0-255,3961,58570,70,323784
33500,0.001171,172.31.40.0-255,66,58636,70,323784
33501,0.001179,74.125.24.0-255,7156,65792,70,323784
33502,0.001184,74.125.24.0-255,2543,68335,70,323784
33503,0.001213,74.125.24.0-255,2902,71237,70,323784
33504,0.00122,74.125.24.0-255,5738,76975,70,323784
33505,0.001239,74.125.24.0-255,1484,78459,70,323784
33506,0.001244,74.125.24.0-255,4320,82779,70,323784
33507,0.001291,74.125.24.0-255,2543,85322,70,323784
33508,0.00134,74.125.24.0-255,1484,86806,70,323784
33509,0.001345,74.125.24.0-255,2902,89708,70,323784
33510,0.001399,74.125.24.0-255,5738,95446,70,323784
33511,0.001407,74.125.24.0-255,6797,102243,70,323784
33512,0.001435,74.125.24.0-255,1484,103727,70,323784
33513,0.001449,74.125.24.0-255,2902,106629,70,323784
33514,0.001451,74.125.24.0-255,1484,108113,70,323784
33515,0.001473,74.125.24.0-255,4320,112433,70,323784
33516,0.00149,74.125.24.0-255,5738,118171,70,323784
33517,0.001505,74.125.24.0-255,7156,125327,70,323784
33518,0.001508,74.125.24.0-255,1484,126811,70,323784
33519,0.001526,74.125.24.0-255,5738,132549,70,323784
33520,0.001539,74.125.24.0-255,3602,136151,70,323784
33521,0.002052,74.125.24.0-255,1484,137635,70,323784
33522,0.00206,74.125.24.0-255,2902,140537,70,323784
33523,0.002063,74.125.24.0-255,1484,142021,70,323784
33524,0.002084,74.125.24.0-255,4320,146341,70,323784
33525,0.002087,74.125.24.0-255,1484,147825,70,323784
33526,0.002125,74.125.24.0-255,7156,154981,70,323784
33527,0.00215,74.125.24.0-255,3602,158583,70,323784
33528,0.002203,74.125.24.0-255,1484,160067,70,323784
33529,0.002206,74.125.24.0-255,1484,161551,70,323784
33530,0.002219,74.125.24.0-255,1484,163035,70,323784
33531,0.002224,74.125.24.0-255,2902,165937,70,323784
33532,0.00224,74.125.24.0-255,2902,168839,70,323784
33533,0.002246,74.125.24.0-255,4320,173159,70,323784
33534,0.002275,74.125.24.0-255,8574,181733,70,323784
33535,0.002283,74.125.24.0-255,7156,188889,70,323784
33536,0.002311,74.125.24.0-255,3602,192491,70,323784
33537,0.002335,74.125.24.0-255,4320,196811,70,323784
33538,0.002357,74.125.24.0-255,4320,201131,70,323784
33539,0.002378,74.125.24.0-255,5738,206869,70,323784
33540,0.002382,74.125.24.0-255,2902,209771,70,323784
33541,0.002387,74.125.24.0-255,2902,212673,70,323784
33542,0.002404,74.125.24.0-255,8574,221247,70,323784
33543,0.002417,74.125.24.0-255,2902,224149,70,323784
33544,0.002421,74.125.24.0-255,2184,226333,70,323784
33545,0.003256,172.31.40.0-255,66,226399,70,323784
33546,0.005656,74.125.24.0-255,5738,232137,70,323784
33547,0.005662,172.31.40.0-255,66,232203,70,323784
33548,0.00809,74.125.24.0-255,5738,237941,70,323784
33549,0.010126,172.31.40.0-255,66,238007,70,323784
33550,0.012515,74.125.24.0-255,5738,243745,70,323784
33551,0.012527,172.31.40.0-255,66,243811,70,323784
33552,0.014899,74.125.24.0-255,5738,249549,70,323784
33553,0.014907,172.31.40.0-255,66,249615,70,323784
33554,0.0173,74.125.24.0-255,5738,255353,70,323784
33555,0.018129,172.31.40.0-255,66,255419,70,323784
33556,0.020546,74.125.24.0-255,5738,261157,70,323784
33557,0.020558,172.31.40.0-255,66,261223,70,323784
33558,0.022923,74.125.24.0-255,5738,266961,70,323784
33559,0.026117,172.31.40.0-255,66,267027,70,323784
33560,0.028506,74.125.24.0-255,5738,272765,70,323784
33561,0.028519,172.31.40.0-255,66,272831,70,323784
33562,0.030921,74.125.24.0-255,5738,278569,70,323784
33563,0.030931,172.31.40.0-255,66,278635,70,323784
33564,0.033358,74.125.24.0-255,5738,284373,70,323784
33565,0.033376,172.31.40.0-255,66,284439,70,323784
33566,0.035756,74.125.24.0-255,5738,290177,70,323784
33567,0.035764,172.31.40.0-255,66,290243,70,323784
33568,0.038174,74.125.24.0-255,5738,295981,70,323784
33569,0.038191,172.31.40.0-255,66,296047,70,323784
33570,0.040594,74.125.24.0-255,5738,301785,70,323784
33571,0.040612,172.31.40.0-255,66,301851,70,323784
33572,0.043053,74.125.24.0-255,5738,307589,70,323784
33573,0.04306,172.31.40.0-255,66,307655,70,323784
33574,0.043216,172.31.40.0-255,192,307847,70,323784
33575,0.043246,172.31.40.0-255,1114,308961,70,323784
33576,0.043363,172.31.40.0-255,1514,310475,70,323784
33577,0.043365,172.31.40.0-255,1329,311804,70,323784
33578,0.044755,104.244.42.0-255,66,311870,70,323784
33579,0.044796,104.244.42.0-255,66,311936,70,323784
33580,0.04491,104.244.42.0-255,66,312002,70,323784
33581,0.045439,74.125.24.0-255,5738,317740,70,323784
33582,0.04545,172.31.40.0-255,66,317806,70,323784
33583,0.045583,104.244.42.0-255,108,317914,70,323784
33584,0.045588,172.31.40.0-255,66,317980,70,323784
33585,0.047827,74.125.24.0-255,5738,323718,70,323784
33586,0.047843,172.31.40.0-255,66,323784,70,323784
33587,0.0,216.58.221.0-255,151,151,70,287959
33588,2.1e-05,172.31.40.0-255,66,217,70,287959
33589,2.9e-05,216.58.221.0-255,1484,1701,70,287959
33590,3.4e-05,172.31.40.0-255,66,1767,70,287959
33591,4.7e-05,216.58.221.0-255,2902,4669,70,287959
33592,5.1e-05,172.31.40.0-255,66,4735,70,287959
33593,5.9e-05,216.58.221.0-255,7156,11891,70,287959
33594,6.2e-05,172.31.40.0-255,66,11957,70,287959
33595,0.000114,172.31.40.0-255,66,12023,70,287959
33596,0.00012,216.58.221.0-255,3961,15984,70,287959
33597,0.000122,172.31.40.0-255,66,16050,70,287959
33598,0.000201,216.58.221.0-255,1484,17534,70,287959
33599,0.000204,172.31.40.0-255,66,17600,70,287959
33600,0.000209,216.58.221.0-255,2902,20502,70,287959
33601,0.000211,172.31.40.0-255,66,20568,70,287959
33602,0.000216,216.58.221.0-255,4320,24888,70,287959
33603,0.000223,172.31.40.0-255,66,24954,70,287959
33604,0.000229,216.58.221.0-255,4320,29274,70,287959
33605,0.000232,172.31.40.0-255,66,29340,70,287959
33606,0.000266,216.58.221.0-255,1484,30824,70,287959
33607,0.000269,172.31.40.0-255,66,30890,70,287959
33608,0.000284,172.31.40.0-255,66,30956,70,287959
33609,0.000295,216.58.221.0-255,7856,38812,70,287959
33610,0.000297,172.31.40.0-255,66,38878,70,287959
33611,0.0003,216.58.221.0-255,357,39235,70,287959
33612,0.000302,172.31.40.0-255,66,39301,70,287959
33613,0.000967,216.58.221.0-255,136,39437,70,287959
33614,0.000973,172.31.40.0-255,66,39503,70,287959
33615,0.001161,216.58.221.0-255,1484,40987,70,287959
33616,0.001167,172.31.40.0-255,66,41053,70,287959
33617,0.001175,216.58.221.0-255,2902,43955,70,287959
33618,0.001177,172.31.40.0-255,66,44021,70,287959
33619,0.001191,216.58.221.0-255,5738,49759,70,287959
33620,0.001193,172.31.40.0-255,66,49825,70,287959
33621,0.001202,216.58.221.0-255,8574,58399,70,287959
33622,0.001204,172.31.40.0-255,66,58465,70,287959
33623,0.001228,216.58.221.0-255,1484,59949,70,287959
33624,0.001248,172.31.40.0-255,66,60015,70,287959
33625,0.001253,216.58.221.0-255,2184,62199,70,287959
33626,0.001255,172.31.40.0-255,66,62265,70,287959
33627,0.001299,216.58.221.0-255,1484,63749,70,287959
33628,0.001305,216.58.221.0-255,2902,66651,70,287959
33629,0.001308,172.31.40.0-255,66,66717,70,287959
33630,0.001341,216.58.221.0-255,5738,72455,70,287959
33631,0.001344,172.31.40.0-255,66,72521,70,287959
33632,0.00138,172.31.40.0-255,66,72587,70,287959
33633,0.001415,216.58.221.0-255,10692,83279,70,287959
33634,0.001418,172.31.40.0-255,66,83345,70,287959
33635,0.001454,172.31.40.0-255,66,83411,70,287959
33636,0.001464,216.58.221.0-255,9992,93403,70,287959
33637,0.001467,172.31.40.0-255,66,93469,70,287959
33638,0.001506,216.58.221.0-255,7156,100625,70,287959
33639,0.001509,172.31.40.0-255,66,100691,70,287959
33640,0.001539,216.58.221.0-255,4320,105011,70,287959
33641,0.001542,172.31.40.0-255,66,105077,70,287959
33642,0.001545,216.58.221.0-255,766,105843,70,287959
33643,0.001587,216.58.221.0-255,1484,107327,70,287959
33644,0.001591,172.31.40.0-255,66,107393,70,287959
33645,0.001596,216.58.221.0-255,2902,110295,70,287959
33646,0.001599,172.31.40.0-255,66,110361,70,287959
33647,0.001627,216.58.221.0-255,2902,113263,70,287959
33648,0.001629,172.31.40.0-255,66,113329,70,287959
33649,0.001635,216.58.221.0-255,4320,117649,70,287959
33650,0.001638,172.31.40.0-255,66,117715,70,287959
33651,0.001643,216.58.221.0-255,4320,122035,70,287959
33652,0.001645,172.31.40.0-255,66,122101,70,287959
33653,0.001686,216.58.221.0-255,1484,123585,70,287959
33654,0.001706,172.31.40.0-255,66,123651,70,287959
33655,0.001712,216.58.221.0-255,5020,128671,70,287959
33656,0.001715,172.31.40.0-255,66,128737,70,287959
33657,0.001766,216.58.221.0-255,1484,130221,70,287959
33658,0.001782,216.58.221.0-255,1484,131705,70,287959
33659,0.001785,172.31.40.0-255,66,131771,70,287959
33660,0.00183,216.58.221.0-255,1484,133255,70,287959
33661,0.001838,216.58.221.0-255,5738,138993,70,287959
33662,0.001841,172.31.40.0-255,66,139059,70,287959
33663,0.00186,172.31.40.0-255,66,139125,70,287959
33664,0.001868,216.58.221.0-255,8574,147699,70,287959
33665,0.001871,172.31.40.0-255,66,147765,70,287959
33666,0.001875,216.58.221.0-255,2184,149949,70,287959
33667,0.001877,172.31.40.0-255,66,150015,70,287959
33668,0.003808,216.58.221.0-255,5738,155753,70,287959
33669,0.003817,172.31.40.0-255,66,155819,70,287959
33670,0.005759,216.58.221.0-255,4320,160139,70,287959
33671,0.005763,172.31.40.0-255,66,160205,70,287959
33672,0.005785,216.58.221.0-255,1484,161689,70,287959
33673,0.007701,216.58.221.0-255,4320,166009,70,287959
33674,0.007708,172.31.40.0-255,66,166075,70,287959
33675,0.009651,216.58.221.0-255,5738,171813,70,287959
33676,0.009658,172.31.40.0-255,66,171879,70,287959
33677,0.011622,216.58.221.0-255,5738,177617,70,287959
33678,0.011639,172.31.40.0-255,66,177683,70,287959
33679,0.013599,216.58.221.0-255,5738,183421,70,287959
33680,0.013612,172.31.40.0-255,66,183487,70,287959
33681,0.015568,216.58.221.0-255,5738,189225,70,287959
33682,0.015581,172.31.40.0-255,66,189291,70,287959
33683,0.017536,216.58.221.0-255,5738,195029,70,287959
33684,0.017547,172.31.40.0-255,66,195095,70,287959
33685,0.019486,216.58.221.0-255,5738,200833,70,287959
33686,0.019495,172.31.40.0-255,66,200899,70,287959
33687,0.021439,216.58.221.0-255,5738,206637,70,287959
33688,0.021447,172.31.40.0-255,66,206703,70,287959
33689,0.023402,216.58.221.0-255,5738,212441,70,287959
33690,0.02341,172.31.40.0-255,66,212507,70,287959
33691,0.025344,216.58.221.0-255,5738,218245,70,287959
33692,0.025352,172.31.40.0-255,66,218311,70,287959
33693,0.027297,216.58.221.0-255,5738,224049,70,287959
33694,0.027305,172.31.40.0-255,66,224115,70,287959
33695,0.029245,216.58.221.0-255,5738,229853,70,287959
33696,0.029254,172.31.40.0-255,66,229919,70,287959
33697,0.031205,216.58.221.0-255,5738,235657,70,287959
33698,0.031218,172.31.40.0-255,66,235723,70,287959
33699,0.033163,216.58.221.0-255,5738,241461,70,287959
33700,0.033171,172.31.40.0-255,66,241527,70,287959
33701,0.035131,216.58.221.0-255,5738,247265,70,287959
33702,0.035152,172.31.40.0-255,66,247331,70,287959
33703,0.037111,216.58.221.0-255,5738,253069,70,287959
33704,0.037124,172.31.40.0-255,66,253135,70,287959
33705,0.039066,216.58.221.0-255,5738,258873,70,287959
33706,0.039075,172.31.40.0-255,66,258939,70,287959
33707,0.041065,216.58.221.0-255,5738,264677,70,287959
33708,0.041074,172.31.40.0-255,66,264743,70,287959
33709,0.043024,216.58.221.0-255,5738,270481,70,287959
33710,0.043045,172.31.40.0-255,66,270547,70,287959
33711,0.04501,216.58.221.0-255,5738,276285,70,287959
33712,0.045029,172.31.40.0-255,66,276351,70,287959
33713,0.046975,216.58.221.0-255,5738,282089,70,287959
33714,0.046987,172.31.40.0-255,66,282155,70,287959
33715,0.048956,216.58.221.0-255,5738,287893,70,287959
33716,0.048975,172.31.40.0-255,66,287959,70,287959
33717,0.0,74.125.200.0-255,190,190,70,290506
33718,3e-05,172.31.40.0-255,66,256,70,290506
33719,3.7e-05,74.125.200.0-255,1484,1740,70,290506
33720,4.2e-05,172.31.40.0-255,66,1806,70,290506
33721,4.7e-05,74.125.200.0-255,2902,4708,70,290506
33722,5e-05,172.31.40.0-255,66,4774,70,290506
33723,5.4e-05,74.125.200.0-255,2902,7676,70,290506
33724,5.7e-05,172.31.40.0-255,66,7742,70,290506
33725,8.2e-05,74.125.200.0-255,4320,12062,70,290506
33726,8.5e-05,172.31.40.0-255,66,12128,70,290506
33727,0.000116,74.125.200.0-255,2116,14244,70,290506
33728,0.000119,172.31.40.0-255,66,14310,70,290506
33729,0.000137,74.125.200.0-255,2902,17212,70,290506
33730,0.000139,172.31.40.0-255,66,17278,70,290506
33731,0.000154,74.125.200.0-255,1484,18762,70,290506
33732,0.000156,172.31.40.0-255,66,18828,70,290506
33733,0.000169,74.125.200.0-255,2902,21730,70,290506
33734,0.000171,172.31.40.0-255,66,21796,70,290506
33735,0.000188,74.125.200.0-255,5738,27534,70,290506
33736,0.000191,172.31.40.0-255,66,27600,70,290506
33737,0.000217,74.125.200.0-255,3961,31561,70,290506
33738,0.00022,172.31.40.0-255,66,31627,70,290506
33739,0.000754,74.125.200.0-255,1484,33111,70,290506
33740,0.00076,172.31.40.0-255,66,33177,70,290506
33741,0.000768,74.125.200.0-255,2902,36079,70,290506
33742,0.000771,172.31.40.0-255,66,36145,70,290506
33743,0.000774,74.125.200.0-255,1484,37629,70,290506
33744,0.000776,172.31.40.0-255,66,37695,70,290506
33745,0.000781,74.125.200.0-255,2902,40597,70,290506
33746,0.000783,172.31.40.0-255,66,40663,70,290506
33747,0.000787,74.125.200.0-255,2902,43565,70,290506
33748,0.000789,172.31.40.0-255,66,43631,70,290506
33749,0.00081,74.125.200.0-255,2902,46533,70,290506
33750,0.000812,172.31.40.0-255,66,46599,70,290506
33751,0.000832,74.125.200.0-255,6797,53396,70,290506
33752,0.000835,172.31.40.0-255,66,53462,70,290506
33753,0.000859,74.125.200.0-255,7156,60618,70,290506
33754,0.000863,172.31.40.0-255,66,60684,70,290506
33755,0.000866,74.125.200.0-255,1484,62168,70,290506
33756,0.000881,74.125.200.0-255,1484,63652,70,290506
33757,0.000883,172.31.40.0-255,66,63718,70,290506
33758,0.000921,74.125.200.0-255,2856,66574,70,290506
33759,0.000925,172.31.40.0-255,66,66640,70,290506
33760,0.000943,74.125.200.0-255,110,66750,70,290506
33761,0.001083,74.125.200.0-255,1484,68234,70,290506
33762,0.001088,172.31.40.0-255,66,68300,70,290506
33763,0.001107,74.125.200.0-255,2902,71202,70,290506
33764,0.00111,172.31.40.0-255,66,71268,70,290506
33765,0.001129,74.125.200.0-255,1484,72752,70,290506
33766,0.001148,74.125.200.0-255,2902,75654,70,290506
33767,0.001151,172.31.40.0-255,66,75720,70,290506
33768,0.00117,74.125.200.0-255,5738,81458,70,290506
33769,0.001173,172.31.40.0-255,66,81524,70,290506
33770,0.001176,74.125.200.0-255,1484,83008,70,290506
33771,0.001191,74.125.200.0-255,2902,85910,70,290506
33772,0.001194,172.31.40.0-255,66,85976,70,290506
33773,0.001229,74.125.200.0-255,5738,91714,70,290506
33774,0.001232,172.31.40.0-255,66,91780,70,290506
33775,0.001235,74.125.200.0-255,1484,93264,70,290506
33776,0.00124,74.125.200.0-255,2902,96166,70,290506
33777,0.001242,172.31.40.0-255,66,96232,70,290506
33778,0.001294,74.125.200.0-255,5020,101252,70,290506
33779,0.001297,172.31.40.0-255,66,101318,70,290506
33780,0.001487,74.125.200.0-255,1484,102802,70,290506
33781,0.001495,74.125.200.0-255,2902,105704,70,290506
33782,0.001498,172.31.40.0-255,66,105770,70,290506
33783,0.001522,74.125.200.0-255,5738,111508,70,290506
33784,0.001526,172.31.40.0-255,66,111574,70,290506
33785,0.001532,74.125.200.0-255,5738,117312,70,290506
33786,0.001535,172.31.40.0-255,66,117378,70,290506
33787,0.001537,74.125.200.0-255,1484,118862,70,290506
33788,0.001562,74.125.200.0-255,5738,124600,70,290506
33789,0.001565,172.31.40.0-255,66,124666,70,290506
33790,0.001605,74.125.200.0-255,10692,135358,70,290506
33791,0.001608,172.31.40.0-255,66,135424,70,290506
33792,0.001657,74.125.200.0-255,4320,139744,70,290506
33793,0.001681,74.125.200.0-255,1484,141228,70,290506
33794,0.001711,74.125.200.0-255,766,141994,70,290506
33795,0.001981,74.125.200.0-255,1484,143478,70,290506
33796,0.001988,74.125.200.0-255,2902,146380,70,290506
33797,0.001992,74.125.200.0-255,1484,147864,70,290506
33798,0.002013,74.125.200.0-255,2902,150766,70,290506
33799,0.002019,74.125.200.0-255,5738,156504,70,290506
33800,0.002045,74.125.200.0-255,2902,159406,70,290506
33801,0.002064,74.125.200.0-255,5738,165144,70,290506
33802,0.002069,74.125.200.0-255,2902,168046,70,290506
33803,0.002088,74.125.200.0-255,7156,175202,70,290506
33804,0.00209,74.125.200.0-255,766,175968,70,290506
33805,0.00661,172.31.40.0-255,66,176034,70,290506
33806,0.008853,74.125.200.0-255,5738,181772,70,290506
33807,0.008861,172.31.40.0-255,66,181838,70,290506
33808,0.011102,74.125.200.0-255,5738,187576,70,290506
33809,0.011112,172.31.40.0-255,66,187642,70,290506
33810,0.01335,74.125.200.0-255,5738,193380,70,290506
33811,0.013358,172.31.40.0-255,66,193446,70,290506
33812,0.015602,74.125.200.0-255,5738,199184,70,290506
33813,0.015609,172.31.40.0-255,66,199250,70,290506
33814,0.017845,74.125.200.0-255,5738,204988,70,290506
33815,0.017852,172.31.40.0-255,66,205054,70,290506
33816,0.020095,74.125.200.0-255,5738,210792,70,290506
33817,0.020104,172.31.40.0-255,66,210858,70,290506
33818,0.022342,74.125.200.0-255,5738,216596,70,290506
33819,0.022351,172.31.40.0-255,66,216662,70,290506
33820,0.024594,74.125.200.0-255,5738,222400,70,290506
33821,0.024602,172.31.40.0-255,66,222466,70,290506
33822,0.026159,172.31.40.0-255,172,222638,70,290506
33823,0.026195,172.31.40.0-255,1113,223751,70,290506
33824,0.026257,172.31.40.0-255,1514,225265,70,290506
33825,0.026263,172.31.40.0-255,1331,226596,70,290506
33826,0.02684,74.125.200.0-255,5738,232334,70,290506
33827,0.026848,172.31.40.0-255,66,232400,70,290506
33828,0.027913,104.244.42.0-255,66,232466,70,290506
33829,0.02909,74.125.200.0-255,5738,238204,70,290506
33830,0.029102,172.31.40.0-255,66,238270,70,290506
33831,0.031361,74.125.200.0-255,5738,244008,70,290506
33832,0.031372,172.31.40.0-255,66,244074,70,290506
33833,0.033629,74.125.200.0-255,5738,249812,70,290506
33834,0.033637,172.31.40.0-255,66,249878,70,290506
33835,0.035921,74.125.200.0-255,5738,255616,70,290506
33836,0.035928,172.31.40.0-255,66,255682,70,290506
33837,0.038177,74.125.200.0-255,5738,261420,70,290506
33838,0.038183,172.31.40.0-255,66,261486,70,290506
33839,0.04044,74.125.200.0-255,5738,267224,70,290506
33840,0.040447,172.31.40.0-255,66,267290,70,290506
33841,0.042692,74.125.200.0-255,5738,273028,70,290506
33842,0.042703,172.31.40.0-255,66,273094,70,290506
33843,0.044938,74.125.200.0-255,5738,278832,70,290506
33844,0.044945,172.31.40.0-255,66,278898,70,290506
33845,0.047194,74.125.200.0-255,5738,284636,70,290506
33846,0.047201,172.31.40.0-255,66,284702,70,290506
33847,0.049451,74.125.200.0-255,5738,290440,70,290506
33848,0.049457,172.31.40.0-255,66,290506,70,290506
33849,0.0,216.58.203.0-255,292,292,70,331232
33850,3.4e-05,172.31.40.0-255,66,358,70,331232
33851,4e-05,216.58.203.0-255,1484,1842,70,331232
33852,4.3e-05,172.31.40.0-255,66,1908,70,331232
33853,4.9e-05,216.58.203.0-255,4320,6228,70,331232
33854,5.2e-05,172.31.40.0-255,66,6294,70,331232
33855,5.9e-05,216.58.203.0-255,7156,13450,70,331232
33856,6.1e-05,172.31.40.0-255,66,13516,70,331232
33857,8.9e-05,216.58.203.0-255,2077,15593,70,331232
33858,9.2e-05,172.31.40.0-255,66,15659,70,331232
33859,0.000101,216.58.203.0-255,7156,22815,70,331232
33860,0.000103,172.31.40.0-255,66,22881,70,331232
33861,0.000107,216.58.203.0-255,2902,25783,70,331232
33862,0.000109,172.31.40.0-255,66,25849,70,331232
33863,0.000135,216.58.203.0-255,4320,30169,70,331232
33864,0.000139,172.31.40.0-255,66,30235,70,331232
33865,0.000142,216.58.203.0-255,1125,31360,70,331232
33866,0.000144,172.31.40.0-255,66,31426,70,331232
33867,0.00026,216.58.203.0-255,1484,32910,70,331232
33868,0.000266,172.31.40.0-255,66,32976,70,331232
33869,0.00027,216.58.203.0-255,2902,35878,70,331232
33870,0.000272,172.31.40.0-255,66,35944,70,331232
33871,0.000277,216.58.203.0-255,4320,40264,70,331232
33872,0.00028,172.31.40.0-255,66,40330,70,331232
33873,0.000304,216.58.203.0-255,7156,47486,70,331232
33874,0.000308,172.31.40.0-255,66,47552,70,331232
33875,0.000331,216.58.203.0-255,2543,50095,70,331232
33876,0.000334,172.31.40.0-255,66,50161,70,331232
33877,0.000347,172.31.40.0-255,66,50227,70,331232
33878,0.00037,216.58.203.0-255,1484,51711,70,331232
33879,0.000374,172.31.40.0-255,66,51777,70,331232
33880,0.000378,216.58.203.0-255,2811,54588,70,331232
33881,0.00038,172.31.40.0-255,66,54654,70,331232
33882,0.001051,216.58.203.0-255,134,54788,70,331232
33883,0.001086,216.58.203.0-255,1484,56272,70,331232
33884,0.001091,172.31.40.0-255,66,56338,70,331232
33885,0.001097,216.58.203.0-255,2902,59240,70,331232
33886,0.0011,172.31.40.0-255,66,59306,70,331232
33887,0.001104,216.58.203.0-255,2902,62208,70,331232
33888,0.001106,172.31.40.0-255,66,62274,70,331232
33889,0.001132,216.58.203.0-255,2902,65176,70,331232
33890,0.001135,172.31.40.0-255,66,65242,70,331232
33891,0.001149,172.31.40.0-255,66,65308,70,331232
33892,0.001199,216.58.203.0-255,4320,69628,70,331232
33893,0.001203,172.31.40.0-255,66,69694,70,331232
33894,0.001231,216.58.203.0-255,6438,76132,70,331232
33895,0.001234,172.31.40.0-255,66,76198,70,331232
33896,0.001642,216.58.203.0-255,1484,77682,70,331232
33897,0.001648,216.58.203.0-255,2902,80584,70,331232
33898,0.001651,172.31.40.0-255,66,80650,70,331232
33899,0.001657,216.58.203.0-255,4320,84970,70,331232
33900,0.001658,172.31.40.0-255,66,85036,70,331232
33901,0.001674,216.58.203.0-255,1484,86520,70,331232
33902,0.001679,216.58.203.0-255,5738,92258,70,331232
33903,0.001681,172.31.40.0-255,66,92324,70,331232
33904,0.001705,216.58.203.0-255,7156,99480,70,331232
33905,0.001707,172.31.40.0-255,66,99546,70,331232
33906,0.00171,216.58.203.0-255,1484,101030,70,331232
33907,0.001712,216.58.203.0-255,1484,102514,70,331232
33908,0.001713,172.31.40.0-255,66,102580,70,331232
33909,0.001744,216.58.203.0-255,7856,110436,70,331232
33910,0.001746,172.31.40.0-255,66,110502,70,331232
33911,0.001786,216.58.203.0-255,1484,111986,70,331232
33912,0.001798,216.58.203.0-255,2902,114888,70,331232
33913,0.001801,172.31.40.0-255,66,114954,70,331232
33914,0.001823,216.58.203.0-255,5738,120692,70,331232
33915,0.001825,172.31.40.0-255,66,120758,70,331232
33916,0.00183,216.58.203.0-255,5738,126496,70,331232
33917,0.001832,172.31.40.0-255,66,126562,70,331232
33918,0.001851,216.58.203.0-255,7156,133718,70,331232
33919,0.001853,172.31.40.0-255,66,133784,70,331232
33920,0.001888,216.58.203.0-255,7156,140940,70,331232
33921,0.001889,172.31.40.0-255,66,141006,70,331232
33922,0.001909,216.58.203.0-255,1484,142490,70,331232
33923,0.001917,216.58.203.0-255,9274,151764,70,331232
33924,0.001919,172.31.40.0-255,66,151830,70,331232
33925,0.001931,172.31.40.0-255,66,151896,70,331232
33926,0.001938,216.58.203.0-255,8574,160470,70,331232
33927,0.00194,172.31.40.0-255,66,160536,70,331232
33928,0.001942,216.58.203.0-255,1484,162020,70,331232
33929,0.001962,216.58.203.0-255,2184,164204,70,331232
33930,0.001966,172.31.40.0-255,66,164270,70,331232
33931,0.00202,216.58.203.0-255,1484,165754,70,331232
33932,0.00206,216.58.203.0-255,1484,167238,70,331232
33933,0.002062,172.31.40.0-255,66,167304,70,331232
33934,0.002075,216.58.203.0-255,1484,168788,70,331232
33935,0.002079,216.58.203.0-255,4320,173108,70,331232
33936,0.002081,172.31.40.0-255,66,173174,70,331232
33937,0.002097,216.58.203.0-255,2902,176076,70,331232
33938,0.002099,172.31.40.0-255,66,176142,70,331232
33939,0.002117,216.58.203.0-255,5738,181880,70,331232
33940,0.002119,172.31.40.0-255,66,181946,70,331232
33941,0.002126,216.58.203.0-255,9992,191938,70,331232
33942,0.002128,172.31.40.0-255,66,192004,70,331232
33943,0.002159,216.58.203.0-255,6438,198442,70,331232
33944,0.002162,172.31.40.0-255,66,198508,70,331232
33945,0.0023,216.58.203.0-255,1484,199992,70,331232
33946,0.002305,216.58.203.0-255,2902,202894,70,331232
33947,0.002307,172.31.40.0-255,66,202960,70,331232
33948,0.00231,216.58.203.0-255,1484,204444,70,331232
33949,0.00233,216.58.203.0-255,4320,208764,70,331232
33950,0.002332,172.31.40.0-255,66,208830,70,331232
33951,0.002335,216.58.203.0-255,1484,210314,70,331232
33952,0.002375,172.31.40.0-255,66,210380,70,331232
33953,0.002381,216.58.203.0-255,7156,217536,70,331232
33954,0.002382,172.31.40.0-255,66,217602,70,331232
33955,0.002404,216.58.203.0-255,3602,221204,70,331232
33956,0.002406,172.31.40.0-255,66,221270,70,331232
33957,0.002508,216.58.203.0-255,1484,222754,70,331232
33958,0.00252,216.58.203.0-255,2902,225656,70,331232
33959,0.002522,172.31.40.0-255,66,225722,70,331232
33960,0.002527,216.58.203.0-255,2902,228624,70,331232
33961,0.002528,172.31.40.0-255,66,228690,70,331232
33962,0.002546,216.58.203.0-255,2902,231592,70,331232
33963,0.002548,172.31.40.0-255,66,231658,70,331232
33964,0.00255,216.58.203.0-255,1484,233142,70,331232
33965,0.002582,172.31.40.0-255,66,233208,70,331232
33966,0.002587,216.58.203.0-255,7156,240364,70,331232
33967,0.002589,172.31.40.0-255,66,240430,70,331232
33968,0.002622,216.58.203.0-255,3602,244032,70,331232
33969,0.002624,172.31.40.0-255,66,244098,70,331232
33970,0.002651,216.58.203.0-255,4320,248418,70,331232
33971,0.002653,172.31.40.0-255,66,248484,70,331232
33972,0.002655,216.58.203.0-255,1484,249968,70,331232
33973,0.002675,216.58.203.0-255,4320,254288,70,331232
33974,0.002678,172.31.40.0-255,66,254354,70,331232
33975,0.002682,216.58.203.0-255,4320,258674,70,331232
33976,0.002684,172.31.40.0-255,66,258740,70,331232
33977,0.002699,216.58.203.0-255,2902,261642,70,331232
33978,0.002701,172.31.40.0-255,66,261708,70,331232
33979,0.00274,172.31.40.0-255,66,261774,70,331232
33980,0.002743,216.58.203.0-255,2184,263958,70,331232
33981,0.002745,172.31.40.0-255,66,264024,70,331232
33982,0.002748,216.58.203.0-255,2902,266926,70,331232
33983,0.00275,172.31.40.0-255,66,266992,70,331232
33984,0.002753,216.58.203.0-255,2902,269894,70,331232
33985,0.002755,172.31.40.0-255,66,269960,70,331232
33986,0.002785,216.58.203.0-255,4320,274280,70,331232
33987,0.002788,172.31.40.0-255,66,274346,70,331232
33988,0.002793,216.58.203.0-255,7156,281502,70,331232
33989,0.002795,172.31.40.0-255,66,281568,70,331232
33990,0.002801,216.58.203.0-255,7156,288724,70,331232
33991,0.002803,172.31.40.0-255,66,288790,70,331232
33992,0.002853,216.58.203.0-255,9274,298064,70,331232
33993,0.002855,172.31.40.0-255,66,298130,70,331232
33994,0.002861,216.58.203.0-255,7156,305286,70,331232
33995,0.002863,172.31.40.0-255,66,305352,70,331232
33996,0.002894,216.58.203.0-255,2902,308254,70,331232
33997,0.002896,172.31.40.0-255,66,308320,70,331232
33998,0.0029,216.58.203.0-255,4320,312640,70,331232
33999,0.002902,172.31.40.0-255,66,312706,70,331232
34000,0.002905,216.58.203.0-255,2902,315608,70,331232
34001,0.002906,172.31.40.0-255,66,315674,70,331232
34002,0.002938,216.58.203.0-255,5738,321412,70,331232
34003,0.00294,172.31.40.0-255,66,321478,70,331232
34004,0.002944,216.58.203.0-255,2461,323939,70,331232
34005,0.002945,172.31.40.0-255,66,324005,70,331232
34006,0.002988,216.58.203.0-255,105,324110,70,331232
34007,0.004377,172.31.40.0-255,66,324176,70,331232
34008,0.004407,172.31.40.0-255,105,324281,70,331232
34009,0.00602,216.58.203.0-255,66,324347,70,331232
34010,0.035544,172.31.40.0-255,172,324519,70,331232
34011,0.035578,172.31.40.0-255,1118,325637,70,331232
34012,0.035657,172.31.40.0-255,1514,327151,70,331232
34013,0.035659,172.31.40.0-255,1514,328665,70,331232
34014,0.035663,172.31.40.0-255,1514,330179,70,331232
34015,0.035664,172.31.40.0-255,789,330968,70,331232
34016,0.037147,104.244.42.0-255,66,331034,70,331232
34017,0.03718,104.244.42.0-255,66,331100,70,331232
34018,0.037229,104.244.42.0-255,66,331166,70,331232
34019,0.037234,104.244.42.0-255,66,331232,70,331232
34020,0.0,172.253.118.0-255,150,150,70,317490
34021,2.3e-05,172.31.40.0-255,66,216,70,317490
34022,3.1e-05,172.253.118.0-255,1484,1700,70,317490
34023,3.6e-05,172.31.40.0-255,66,1766,70,317490
34024,4.9e-05,172.253.118.0-255,2902,4668,70,317490
34025,5.2e-05,172.31.40.0-255,66,4734,70,317490
34026,6e-05,172.253.118.0-255,7156,11890,70,317490
34027,6.4e-05,172.31.40.0-255,66,11956,70,317490
34028,6.8e-05,172.253.118.0-255,2902,14858,70,317490
34029,7.2e-05,172.31.40.0-255,66,14924,70,317490
34030,0.000115,172.253.118.0-255,7706,22630,70,317490
34031,0.000119,172.31.40.0-255,66,22696,70,317490
34032,0.000128,172.253.118.0-255,8215,30911,70,317490
34033,0.00013,172.31.40.0-255,66,30977,70,317490
34034,0.000191,172.253.118.0-255,1484,32461,70,317490
34035,0.000194,172.31.40.0-255,66,32527,70,317490
34036,0.00022,172.253.118.0-255,2902,35429,70,317490
34037,0.000223,172.31.40.0-255,66,35495,70,317490
34038,0.000229,172.253.118.0-255,2902,38397,70,317490
34039,0.000231,172.31.40.0-255,66,38463,70,317490
34040,0.000268,172.253.118.0-255,2902,41365,70,317490
34041,0.000271,172.31.40.0-255,66,41431,70,317490
34042,0.000278,172.253.118.0-255,7156,48587,70,317490
34043,0.000281,172.31.40.0-255,66,48653,70,317490
34044,0.000299,172.253.118.0-255,2184,50837,70,317490
34045,0.000303,172.253.118.0-255,364,51201,70,317490
34046,0.000308,172.31.40.0-255,66,51267,70,317490
34047,0.000322,172.31.40.0-255,66,51333,70,317490
34048,0.000323,172.31.40.0-255,66,51399,70,317490
34049,0.000348,172.253.118.0-255,132,51531,70,317490
34050,0.00035,172.31.40.0-255,66,51597,70,317490
34051,0.00052,172.253.118.0-255,1484,53081,70,317490
34052,0.000544,172.253.118.0-255,2902,55983,70,317490
34053,0.000548,172.31.40.0-255,66,56049,70,317490
34054,0.000555,172.253.118.0-255,5738,61787,70,317490
34055,0.000557,172.31.40.0-255,66,61853,70,317490
34056,0.000563,172.253.118.0-255,5738,67591,70,317490
34057,0.000565,172.31.40.0-255,66,67657,70,317490
34058,0.000608,172.253.118.0-255,7156,74813,70,317490
34059,0.000611,172.31.40.0-255,66,74879,70,317490
34060,0.000623,172.31.40.0-255,66,74945,70,317490
34061,0.000752,172.253.118.0-255,1484,76429,70,317490
34062,0.000758,172.253.118.0-255,2902,79331,70,317490
34063,0.000761,172.31.40.0-255,66,79397,70,317490
34064,0.000788,172.253.118.0-255,5738,85135,70,317490
34065,0.000793,172.31.40.0-255,66,85201,70,317490
34066,0.000802,172.253.118.0-255,1484,86685,70,317490
34067,0.000825,172.253.118.0-255,8574,95259,70,317490
34068,0.000829,172.31.40.0-255,66,95325,70,317490
34069,0.000863,172.253.118.0-255,2902,98227,70,317490
34070,0.000865,172.31.40.0-255,66,98293,70,317490
34071,0.000875,172.253.118.0-255,8574,106867,70,317490
34072,0.000877,172.31.40.0-255,66,106933,70,317490
34073,0.000901,172.253.118.0-255,2184,109117,70,317490
34074,0.000904,172.31.40.0-255,66,109183,70,317490
34075,0.001113,172.253.118.0-255,1484,110667,70,317490
34076,0.001131,172.253.118.0-255,1484,112151,70,317490
34077,0.001134,172.31.40.0-255,66,112217,70,317490
34078,0.00115,172.253.118.0-255,1484,113701,70,317490
34079,0.001192,172.253.118.0-255,4320,118021,70,317490
34080,0.001195,172.31.40.0-255,66,118087,70,317490
34081,0.001211,172.253.118.0-255,1484,119571,70,317490
34082,0.001229,172.253.118.0-255,1484,121055,70,317490
34083,0.001231,172.31.40.0-255,66,121121,70,317490
34084,0.001268,172.253.118.0-255,9992,131113,70,317490
34085,0.001271,172.253.118.0-255,766,131879,70,317490
34086,0.001275,172.31.40.0-255,66,131945,70,317490
34087,0.001279,172.31.40.0-255,66,132011,70,317490
34088,0.001855,172.253.118.0-255,1484,133495,70,317490
34089,0.001863,172.31.40.0-255,66,133561,70,317490
34090,0.001878,172.253.118.0-255,2902,136463,70,317490
34091,0.001884,172.31.40.0-255,66,136529,70,317490
34092,0.001892,172.253.118.0-255,5738,142267,70,317490
34093,0.001894,172.31.40.0-255,66,142333,70,317490
34094,0.0019,172.253.118.0-255,5738,148071,70,317490
34095,0.001902,172.31.40.0-255,66,148137,70,317490
34096,0.001949,172.31.40.0-255,66,148203,70,317490
34097,0.001959,172.253.118.0-255,1484,149687,70,317490
34098,0.00197,172.253.118.0-255,5020,154707,70,317490
34099,0.001972,172.31.40.0-255,66,154773,70,317490
34100,0.002039,172.253.118.0-255,1484,156257,70,317490
34101,0.002054,172.253.118.0-255,2902,159159,70,317490
34102,0.002057,172.31.40.0-255,66,159225,70,317490
34103,0.002061,172.253.118.0-255,1484,160709,70,317490
34104,0.00209,172.253.118.0-255,4320,165029,70,317490
34105,0.002093,172.31.40.0-255,66,165095,70,317490
34106,0.002098,172.253.118.0-255,4320,169415,70,317490
34107,0.0021,172.31.40.0-255,66,169481,70,317490
34108,0.002112,172.253.118.0-255,7156,176637,70,317490
34109,0.002115,172.31.40.0-255,66,176703,70,317490
34110,0.002146,172.253.118.0-255,4320,181023,70,317490
34111,0.002148,172.31.40.0-255,66,181089,70,317490
34112,0.002153,172.253.118.0-255,4320,185409,70,317490
34113,0.002155,172.31.40.0-255,66,185475,70,317490
34114,0.004273,172.253.118.0-255,5738,191213,70,317490
34115,0.004281,172.31.40.0-255,66,191279,70,317490
34116,0.006403,172.253.118.0-255,5738,197017,70,317490
34117,0.006409,172.31.40.0-255,66,197083,70,317490
34118,0.008479,172.253.118.0-255,5738,202821,70,317490
34119,0.008485,172.31.40.0-255,66,202887,70,317490
34120,0.010566,172.253.118.0-255,5738,208625,70,317490
34121,0.010576,172.31.40.0-255,66,208691,70,317490
34122,0.012665,172.253.118.0-255,5738,214429,70,317490
34123,0.012678,172.31.40.0-255,66,214495,70,317490
34124,0.01476,172.253.118.0-255,5738,220233,70,317490
34125,0.014769,172.31.40.0-255,66,220299,70,317490
34126,0.01689,172.253.118.0-255,5738,226037,70,317490
34127,0.016908,172.31.40.0-255,66,226103,70,317490
34128,0.019,172.253.118.0-255,5738,231841,70,317490
34129,0.019021,172.31.40.0-255,66,231907,70,317490
34130,0.021113,172.253.118.0-255,5738,237645,70,317490
34131,0.021129,172.31.40.0-255,66,237711,70,317490
34132,0.02321,172.253.118.0-255,5738,243449,70,317490
34133,0.023225,172.31.40.0-255,66,243515,70,317490
34134,0.025314,172.253.118.0-255,5738,249253,70,317490
34135,0.025323,172.31.40.0-255,66,249319,70,317490
34136,0.027386,172.253.118.0-255,5738,255057,70,317490
34137,0.027393,172.31.40.0-255,66,255123,70,317490
34138,0.029472,172.253.118.0-255,5738,260861,70,317490
34139,0.029479,172.31.40.0-255,66,260927,70,317490
34140,0.031554,172.253.118.0-255,5738,266665,70,317490
34141,0.031563,172.31.40.0-255,66,266731,70,317490
34142,0.033655,172.253.118.0-255,5738,272469,70,317490
34143,0.033672,172.31.40.0-255,66,272535,70,317490
34144,0.035754,172.253.118.0-255,5738,278273,70,317490
34145,0.035761,172.31.40.0-255,66,278339,70,317490
34146,0.037898,172.253.118.0-255,5738,284077,70,317490
34147,0.037913,172.31.40.0-255,66,284143,70,317490
34148,0.039961,172.253.118.0-255,5738,289881,70,317490
34149,0.039973,172.31.40.0-255,66,289947,70,317490
34150,0.042076,172.253.118.0-255,5738,295685,70,317490
34151,0.042091,172.31.40.0-255,66,295751,70,317490
34152,0.044214,172.253.118.0-255,5738,301489,70,317490
34153,0.044221,172.31.40.0-255,66,301555,70,317490
34154,0.045284,172.31.40.0-255,172,301727,70,317490
34155,0.045307,172.31.40.0-255,1114,302841,70,317490
34156,0.045362,172.31.40.0-255,1514,304355,70,317490
34157,0.045364,172.31.40.0-255,1329,305684,70,317490
34158,0.046293,172.253.118.0-255,5738,311422,70,317490
34159,0.046301,172.31.40.0-255,66,311488,70,317490
34160,0.046858,104.244.42.0-255,66,311554,70,317490
34161,0.046867,104.244.42.0-255,66,311620,70,317490
34162,0.046951,104.244.42.0-255,66,311686,70,317490
34163,0.048638,172.253.118.0-255,5738,317424,70,317490
34164,0.048655,172.31.40.0-255,66,317490,70,317490
34165,0.0,172.217.194.0-255,153,153,70,316879
34166,1.9e-05,172.31.40.0-255,66,219,70,316879
34167,2.7e-05,172.217.194.0-255,1484,1703,70,316879
34168,3.1e-05,172.31.40.0-255,66,1769,70,316879
34169,4.5e-05,172.217.194.0-255,2902,4671,70,316879
34170,4.8e-05,172.31.40.0-255,66,4737,70,316879
34171,5.2e-05,172.217.194.0-255,2902,7639,70,316879
34172,5.5e-05,172.31.40.0-255,66,7705,70,316879
34173,8.9e-05,172.217.194.0-255,6373,14078,70,316879
34174,9.3e-05,172.31.40.0-255,66,14144,70,316879
34175,0.000231,172.217.194.0-255,1484,15628,70,316879
34176,0.000236,172.31.40.0-255,66,15694,70,316879
34177,0.000241,172.217.194.0-255,2902,18596,70,316879
34178,0.000244,172.31.40.0-255,66,18662,70,316879
34179,0.000274,172.217.194.0-255,5738,24400,70,316879
34180,0.000277,172.31.40.0-255,66,24466,70,316879
34181,0.000282,172.217.194.0-255,4320,28786,70,316879
34182,0.000285,172.31.40.0-255,66,28852,70,316879
34183,0.000303,172.217.194.0-255,2543,31395,70,316879
34184,0.000305,172.31.40.0-255,66,31461,70,316879
34185,0.000317,172.217.194.0-255,7156,38617,70,316879
34186,0.00032,172.31.40.0-255,66,38683,70,316879
34187,0.000323,172.217.194.0-255,1484,40167,70,316879
34188,0.000325,172.31.40.0-255,66,40233,70,316879
34189,0.00037,172.31.40.0-255,66,40299,70,316879
34190,0.000381,172.217.194.0-255,10692,50991,70,316879
34191,0.000383,172.31.40.0-255,66,51057,70,316879
34192,0.000424,172.217.194.0-255,376,51433,70,316879
34193,0.000427,172.31.40.0-255,66,51499,70,316879
34194,0.00046,172.217.194.0-255,98,51597,70,316879
34195,0.000463,172.31.40.0-255,66,51663,70,316879
34196,0.000575,172.217.194.0-255,1484,53147,70,316879
34197,0.000582,172.217.194.0-255,2902,56049,70,316879
34198,0.000585,172.31.40.0-255,66,56115,70,316879
34199,0.000613,172.217.194.0-255,5738,61853,70,316879
34200,0.000616,172.31.40.0-255,66,61919,70,316879
34201,0.00062,172.217.194.0-255,1484,63403,70,316879
34202,0.000628,172.217.194.0-255,8574,71977,70,316879
34203,0.000635,172.31.40.0-255,66,72043,70,316879
34204,0.000647,172.217.194.0-255,2902,74945,70,316879
34205,0.000649,172.31.40.0-255,66,75011,70,316879
34206,0.000682,172.217.194.0-255,8574,83585,70,316879
34207,0.000685,172.31.40.0-255,66,83651,70,316879
34208,0.00069,172.217.194.0-255,2184,85835,70,316879
34209,0.000692,172.31.40.0-255,66,85901,70,316879
34210,0.001005,172.217.194.0-255,1484,87385,70,316879
34211,0.001012,172.217.194.0-255,2902,90287,70,316879
34212,0.001015,172.31.40.0-255,66,90353,70,316879
34213,0.001022,172.217.194.0-255,5738,96091,70,316879
34214,0.001024,172.31.40.0-255,66,96157,70,316879
34215,0.001083,172.31.40.0-255,66,96223,70,316879
34216,0.001092,172.217.194.0-255,9992,106215,70,316879
34217,0.001095,172.31.40.0-255,66,106281,70,316879
34218,0.001098,172.217.194.0-255,766,107047,70,316879
34219,0.001223,172.217.194.0-255,1484,108531,70,316879
34220,0.001227,172.31.40.0-255,66,108597,70,316879
34221,0.001256,172.217.194.0-255,2902,111499,70,316879
34222,0.001259,172.31.40.0-255,66,111565,70,316879
34223,0.001262,172.217.194.0-255,1484,113049,70,316879
34224,0.001289,172.217.194.0-255,5738,118787,70,316879
34225,0.001293,172.31.40.0-255,66,118853,70,316879
34226,0.001335,172.31.40.0-255,66,118919,70,316879
34227,0.001344,172.217.194.0-255,9274,128193,70,316879
34228,0.001351,172.31.40.0-255,66,128259,70,316879
34229,0.001526,172.217.194.0-255,1484,129743,70,316879
34230,0.001532,172.217.194.0-255,2902,132645,70,316879
34231,0.001535,172.31.40.0-255,66,132711,70,316879
34232,0.001568,172.217.194.0-255,5738,138449,70,316879
34233,0.001571,172.31.40.0-255,66,138515,70,316879
34234,0.001579,172.217.194.0-255,7156,145671,70,316879
34235,0.001582,172.31.40.0-255,66,145737,70,316879
34236,0.001622,172.217.194.0-255,5738,151475,70,316879
34237,0.001624,172.31.40.0-255,66,151541,70,316879
34238,0.001628,172.217.194.0-255,1484,153025,70,316879
34239,0.001637,172.217.194.0-255,9274,162299,70,316879
34240,0.001639,172.31.40.0-255,66,162365,70,316879
34241,0.002036,172.217.194.0-255,1484,163849,70,316879
34242,0.002043,172.217.194.0-255,2902,166751,70,316879
34243,0.002046,172.31.40.0-255,66,166817,70,316879
34244,0.002051,172.217.194.0-255,2902,169719,70,316879
34245,0.002053,172.31.40.0-255,66,169785,70,316879
34246,0.002071,172.217.194.0-255,2902,172687,70,316879
34247,0.002084,172.31.40.0-255,66,172753,70,316879
34248,0.002093,172.217.194.0-255,8574,181327,70,316879
34249,0.002095,172.31.40.0-255,66,181393,70,316879
34250,0.002124,172.217.194.0-255,4320,185713,70,316879
34251,0.002126,172.31.40.0-255,66,185779,70,316879
34252,0.00213,172.217.194.0-255,1484,187263,70,316879
34253,0.002167,172.217.194.0-255,9274,196537,70,316879
34254,0.00217,172.31.40.0-255,66,196603,70,316879
34255,0.004513,172.217.194.0-255,5738,202341,70,316879
34256,0.00452,172.31.40.0-255,66,202407,70,316879
34257,0.006853,172.217.194.0-255,5738,208145,70,316879
34258,0.006857,172.31.40.0-255,66,208211,70,316879
34259,0.009205,172.217.194.0-255,5738,213949,70,316879
34260,0.009211,172.31.40.0-255,66,214015,70,316879
34261,0.011549,172.217.194.0-255,5738,219753,70,316879
34262,0.01156,172.31.40.0-255,66,219819,70,316879
34263,0.013902,172.217.194.0-255,5738,225557,70,316879
34264,0.013914,172.31.40.0-255,66,225623,70,316879
34265,0.01627,172.217.194.0-255,5738,231361,70,316879
34266,0.016278,172.31.40.0-255,66,231427,70,316879
34267,0.01862,172.217.194.0-255,5738,237165,70,316879
34268,0.018628,172.31.40.0-255,66,237231,70,316879
34269,0.020975,172.217.194.0-255,5738,242969,70,316879
34270,0.020983,172.31.40.0-255,66,243035,70,316879
34271,0.023321,172.217.194.0-255,5738,248773,70,316879
34272,0.023328,172.31.40.0-255,66,248839,70,316879
34273,0.025708,172.217.194.0-255,5738,254577,70,316879
34274,0.025717,172.31.40.0-255,66,254643,70,316879
34275,0.028073,172.217.194.0-255,5738,260381,70,316879
34276,0.028079,172.31.40.0-255,66,260447,70,316879
34277,0.030023,172.31.40.0-255,172,260619,70,316879
34278,0.030048,172.31.40.0-255,1113,261732,70,316879
34279,0.030099,172.31.40.0-255,1514,263246,70,316879
34280,0.030101,172.31.40.0-255,1331,264577,70,316879
34281,0.030406,172.217.194.0-255,5738,270315,70,316879
34282,0.030412,172.31.40.0-255,66,270381,70,316879
34283,0.031654,104.244.42.0-255,66,270447,70,316879
34284,0.032751,172.217.194.0-255,5738,276185,70,316879
34285,0.032756,172.31.40.0-255,66,276251,70,316879
34286,0.035109,172.217.194.0-255,5738,281989,70,316879
34287,0.035118,172.31.40.0-255,66,282055,70,316879
34288,0.037492,172.217.194.0-255,5738,287793,70,316879
34289,0.037505,172.31.40.0-255,66,287859,70,316879
34290,0.039848,172.217.194.0-255,5738,293597,70,316879
34291,0.039858,172.31.40.0-255,66,293663,70,316879
34292,0.042229,172.217.194.0-255,5738,299401,70,316879
34293,0.042235,172.31.40.0-255,66,299467,70,316879
34294,0.044581,172.217.194.0-255,5738,305205,70,316879
34295,0.044588,172.31.40.0-255,66,305271,70,316879
34296,0.046931,172.217.194.0-255,5738,311009,70,316879
34297,0.046937,172.31.40.0-255,66,311075,70,316879
34298,0.049273,172.217.194.0-255,5738,316813,70,316879
34299,0.049279,172.31.40.0-255,66,316879,70,316879
34300,0.0,74.125.24.0-255,152,152,70,246974
34301,2e-05,172.31.40.0-255,66,218,70,246974
34302,2.7e-05,74.125.24.0-255,1484,1702,70,246974
34303,3e-05,172.31.40.0-255,66,1768,70,246974
34304,3.5e-05,74.125.24.0-255,2902,4670,70,246974
34305,3.9e-05,172.31.40.0-255,66,4736,70,246974
34306,4.3e-05,74.125.24.0-255,2902,7638,70,246974
34307,4.5e-05,172.31.40.0-255,66,7704,70,246974
34308,7.3e-05,74.125.24.0-255,4320,12024,70,246974
34309,7.6e-05,172.31.40.0-255,66,12090,70,246974
34310,7.9e-05,74.125.24.0-255,2077,14167,70,246974
34311,8.1e-05,172.31.40.0-255,66,14233,70,246974
34312,0.000125,74.125.24.0-255,8574,22807,70,246974
34313,0.000127,172.31.40.0-255,66,22873,70,246974
34314,0.000163,74.125.24.0-255,2902,25775,70,246974
34315,0.000165,172.31.40.0-255,66,25841,70,246974
34316,0.000184,74.125.24.0-255,5379,31220,70,246974
34317,0.000186,172.31.40.0-255,66,31286,70,246974
34318,0.000368,74.125.24.0-255,1484,32770,70,246974
34319,0.000373,172.31.40.0-255,66,32836,70,246974
34320,0.000379,74.125.24.0-255,2902,35738,70,246974
34321,0.000381,172.31.40.0-255,66,35804,70,246974
34322,0.000387,74.125.24.0-255,5738,41542,70,246974
34323,0.000389,172.31.40.0-255,66,41608,70,246974
34324,0.000415,74.125.24.0-255,4320,45928,70,246974
34325,0.000418,172.31.40.0-255,66,45994,70,246974
34326,0.00044,74.125.24.0-255,5379,51373,70,246974
34327,0.000442,172.31.40.0-255,66,51439,70,246974
34328,0.000451,74.125.24.0-255,9992,61431,70,246974
34329,0.000453,172.31.40.0-255,66,61497,70,246974
34330,0.000481,74.125.24.0-255,4298,65795,70,246974
34331,0.000484,172.31.40.0-255,66,65861,70,246974
34332,0.000503,74.125.24.0-255,349,66210,70,246974
34333,0.000682,74.125.24.0-255,1484,67694,70,246974
34334,0.000687,172.31.40.0-255,66,67760,70,246974
34335,0.000693,74.125.24.0-255,2902,70662,70,246974
34336,0.000695,172.31.40.0-255,66,70728,70,246974
34337,0.000701,74.125.24.0-255,4320,75048,70,246974
34338,0.000703,172.31.40.0-255,66,75114,70,246974
34339,0.000731,74.125.24.0-255,1484,76598,70,246974
34340,0.000737,74.125.24.0-255,4320,80918,70,246974
34341,0.000739,172.31.40.0-255,66,80984,70,246974
34342,0.000746,74.125.24.0-255,5738,86722,70,246974
34343,0.000748,172.31.40.0-255,66,86788,70,246974
34344,0.000767,74.125.24.0-255,5738,92526,70,246974
34345,0.000769,172.31.40.0-255,66,92592,70,246974
34346,0.000776,74.125.24.0-255,7156,99748,70,246974
34347,0.000779,172.31.40.0-255,66,99814,70,246974
34348,0.000797,74.125.24.0-255,766,100580,70,246974
34349,0.001237,74.125.24.0-255,1484,102064,70,246974
34350,0.001241,172.31.40.0-255,66,102130,70,246974
34351,0.001247,74.125.24.0-255,2902,105032,70,246974
34352,0.001249,172.31.40.0-255,66,105098,70,246974
34353,0.001282,74.125.24.0-255,5738,110836,70,246974
34354,0.001286,172.31.40.0-255,66,110902,70,246974
34355,0.001311,74.125.24.0-255,7156,118058,70,246974
34356,0.001314,172.31.40.0-255,66,118124,70,246974
34357,0.001321,74.125.24.0-255,7156,125280,70,246974
34358,0.001323,172.31.40.0-255,66,125346,70,246974
34359,0.001349,74.125.24.0-255,7156,132502,70,246974
34360,0.001351,172.31.40.0-255,66,132568,70,246974
34361,0.001356,74.125.24.0-255,2184,134752,70,246974
34362,0.001358,172.31.40.0-255,66,134818,70,246974
34363,0.001406,172.31.40.0-255,66,134884,70,246974
34364,0.001421,172.31.40.0-255,66,134950,70,246974
34365,0.001455,74.125.24.0-255,4320,139270,70,246974
34366,0.001459,172.31.40.0-255,66,139336,70,246974
34367,0.001531,172.31.40.0-255,66,139402,70,246974
34368,0.001554,74.125.24.0-255,9274,148676,70,246974
34369,0.001557,172.31.40.0-255,66,148742,70,246974
34370,0.001583,172.31.40.0-255,66,148808,70,246974
34371,0.001596,172.31.40.0-255,66,148874,70,246974
34372,0.001611,172.31.40.0-255,66,148940,70,246974
34373,0.001629,172.31.40.0-255,66,149006,70,246974
34374,0.001658,74.125.24.0-255,9274,158280,70,246974
34375,0.00166,172.31.40.0-255,66,158346,70,246974
34376,0.001707,74.125.24.0-255,1484,159830,70,246974
34377,0.001808,74.125.24.0-255,2902,162732,70,246974
34378,0.001812,172.31.40.0-255,66,162798,70,246974
34379,0.001819,74.125.24.0-255,5738,168536,70,246974
34380,0.001821,172.31.40.0-255,66,168602,70,246974
34381,0.001831,74.125.24.0-255,9992,178594,70,246974
34382,0.001833,172.31.40.0-255,66,178660,70,246974
34383,0.001849,172.31.40.0-255,66,178726,70,246974
34384,0.001922,74.125.24.0-255,1484,180210,70,246974
34385,0.001925,74.125.24.0-255,1484,181694,70,246974
34386,0.001948,172.31.40.0-255,66,181760,70,246974
34387,0.001953,74.125.24.0-255,1484,183244,70,246974
34388,0.001959,74.125.24.0-255,5738,188982,70,246974
34389,0.001961,172.31.40.0-255,66,189048,70,246974
34390,0.001965,74.125.24.0-255,2902,191950,70,246974
34391,0.001967,172.31.40.0-255,66,192016,70,246974
34392,0.00199,74.125.24.0-255,9992,202008,70,246974
34393,0.001992,172.31.40.0-255,66,202074,70,246974
34394,0.001997,74.125.24.0-255,2902,204976,70,246974
34395,0.001999,172.31.40.0-255,66,205042,70,246974
34396,0.002029,74.125.24.0-255,7856,212898,70,246974
34397,0.002032,172.31.40.0-255,66,212964,70,246974
34398,0.002194,74.125.24.0-255,1484,214448,70,246974
34399,0.002197,74.125.24.0-255,1484,215932,70,246974
34400,0.002209,172.31.40.0-255,66,215998,70,246974
34401,0.002213,74.125.24.0-255,1484,217482,70,246974
34402,0.00222,74.125.24.0-255,5738,223220,70,246974
34403,0.002222,172.31.40.0-255,66,223286,70,246974
34404,0.002259,172.31.40.0-255,66,223352,70,246974
34405,0.002298,74.125.24.0-255,7156,230508,70,246974
34406,0.002301,172.31.40.0-255,66,230574,70,246974
34407,0.002316,74.125.24.0-255,3602,234176,70,246974
34408,0.002318,172.31.40.0-255,66,234242,70,246974
34409,0.002337,172.31.40.0-255,66,234308,70,246974
34410,0.002362,74.125.24.0-255,5276,239584,70,246974
34411,0.002365,172.31.40.0-255,66,239650,70,246974
34412,0.002368,74.125.24.0-255,97,239747,70,246974
34413,0.002371,74.125.24.0-255,105,239852,70,246974
34414,0.010558,172.31.40.0-255,66,239918,70,246974
34415,0.010637,172.31.40.0-255,105,240023,70,246974
34416,0.013199,74.125.24.0-255,66,240089,70,246974
34417,0.045485,172.31.40.0-255,172,240261,70,246974
34418,0.04552,172.31.40.0-255,1118,241379,70,246974
34419,0.045598,172.31.40.0-255,1514,242893,70,246974
34420,0.0456,172.31.40.0-255,1514,244407,70,246974
34421,0.045605,172.31.40.0-255,1514,245921,70,246974
34422,0.045606,172.31.40.0-255,789,246710,70,246974
34423,0.04702,104.244.42.0-255,66,246776,70,246974
34424,0.047031,104.244.42.0-255,66,246842,70,246974
34425,0.047135,104.244.42.0-255,66,246908,70,246974
34426,0.047153,104.244.42.0-255,66,246974,70,246974
34427,0.0,74.125.24.0-255,152,152,70,349930
34428,1.3e-05,172.31.40.0-255,66,218,70,349930
34429,2.9e-05,74.125.24.0-255,1484,1702,70,349930
34430,3.7e-05,172.31.40.0-255,66,1768,70,349930
34431,4.2e-05,74.125.24.0-255,2902,4670,70,349930
34432,4.6e-05,172.31.40.0-255,66,4736,70,349930
34433,4.8e-05,74.125.24.0-255,1484,6220,70,349930
34434,5.1e-05,172.31.40.0-255,66,6286,70,349930
34435,5.5e-05,74.125.24.0-255,2902,9188,70,349930
34436,5.8e-05,172.31.40.0-255,66,9254,70,349930
34437,8.8e-05,74.125.24.0-255,2902,12156,70,349930
34438,8.9e-05,172.31.40.0-255,66,12222,70,349930
34439,0.000111,74.125.24.0-255,2022,14244,70,349930
34440,0.000113,172.31.40.0-255,66,14310,70,349930
34441,0.000137,74.125.24.0-255,2902,17212,70,349930
34442,0.000139,172.31.40.0-255,66,17278,70,349930
34443,0.000167,74.125.24.0-255,4320,21598,70,349930
34444,0.000169,172.31.40.0-255,66,21664,70,349930
34445,0.000189,74.125.24.0-255,1484,23148,70,349930
34446,0.000192,172.31.40.0-255,66,23214,70,349930
34447,0.000219,74.125.24.0-255,7156,30370,70,349930
34448,0.000221,172.31.40.0-255,66,30436,70,349930
34449,0.000224,74.125.24.0-255,1125,31561,70,349930
34450,0.000226,172.31.40.0-255,66,31627,70,349930
34451,0.000251,74.125.24.0-255,1484,33111,70,349930
34452,0.000253,172.31.40.0-255,66,33177,70,349930
34453,0.000278,74.125.24.0-255,4320,37497,70,349930
34454,0.00028,172.31.40.0-255,66,37563,70,349930
34455,0.000286,74.125.24.0-255,4320,41883,70,349930
34456,0.000288,172.31.40.0-255,66,41949,70,349930
34457,0.000293,74.125.24.0-255,5738,47687,70,349930
34458,0.000297,74.125.24.0-255,1125,48812,70,349930
34459,0.0003,172.31.40.0-255,66,48878,70,349930
34460,0.000762,172.31.40.0-255,66,48944,70,349930
34461,0.000991,74.125.24.0-255,1484,50428,70,349930
34462,0.001012,74.125.24.0-255,2902,53330,70,349930
34463,0.001016,172.31.40.0-255,66,53396,70,349930
34464,0.001022,74.125.24.0-255,4320,57716,70,349930
34465,0.001024,172.31.40.0-255,66,57782,70,349930
34466,0.001042,74.125.24.0-255,1484,59266,70,349930
34467,0.001048,74.125.24.0-255,4320,63586,70,349930
34468,0.001049,172.31.40.0-255,66,63652,70,349930
34469,0.001081,74.125.24.0-255,7156,70808,70,349930
34470,0.001083,172.31.40.0-255,66,70874,70,349930
34471,0.001103,74.125.24.0-255,5379,76253,70,349930
34472,0.001104,172.31.40.0-255,66,76319,70,349930
34473,0.00111,74.125.24.0-255,5738,82057,70,349930
34474,0.001111,172.31.40.0-255,66,82123,70,349930
34475,0.00117,74.125.24.0-255,4320,86443,70,349930
34476,0.001173,172.31.40.0-255,66,86509,70,349930
34477,0.0012,74.125.24.0-255,2543,89052,70,349930
34478,0.001202,172.31.40.0-255,66,89118,70,349930
34479,0.001208,74.125.24.0-255,7156,96274,70,349930
34480,0.001277,74.125.24.0-255,3961,100235,70,349930
34481,0.001338,74.125.24.0-255,646,100881,70,349930
34482,0.001537,74.125.24.0-255,1484,102365,70,349930
34483,0.001543,74.125.24.0-255,1484,103849,70,349930
34484,0.001557,74.125.24.0-255,1484,105333,70,349930
34485,0.001564,74.125.24.0-255,5738,111071,70,349930
34486,0.001593,74.125.24.0-255,1484,112555,70,349930
34487,0.001608,74.125.24.0-255,5738,118293,70,349930
34488,0.001632,74.125.24.0-255,5738,124031,70,349930
34489,0.001636,74.125.24.0-255,2902,126933,70,349930
34490,0.001664,74.125.24.0-255,2902,129835,70,349930
34491,0.001684,74.125.24.0-255,5020,134855,70,349930
34492,0.002041,74.125.24.0-255,1484,136339,70,349930
34493,0.002044,74.125.24.0-255,1484,137823,70,349930
34494,0.002056,74.125.24.0-255,1484,139307,70,349930
34495,0.002062,74.125.24.0-255,4320,143627,70,349930
34496,0.002076,74.125.24.0-255,1484,145111,70,349930
34497,0.002136,74.125.24.0-255,4320,149431,70,349930
34498,0.002149,74.125.24.0-255,2902,152333,70,349930
34499,0.002167,74.125.24.0-255,3602,155935,70,349930
34500,0.002246,74.125.24.0-255,1484,157419,70,349930
34501,0.00226,74.125.24.0-255,2902,160321,70,349930
34502,0.002288,74.125.24.0-255,5738,166059,70,349930
34503,0.002306,74.125.24.0-255,2902,168961,70,349930
34504,0.002332,74.125.24.0-255,7156,176117,70,349930
34505,0.00234,74.125.24.0-255,7156,183273,70,349930
34506,0.002353,74.125.24.0-255,4320,187593,70,349930
34507,0.002357,74.125.24.0-255,2184,189777,70,349930
34508,0.00283,74.125.24.0-255,1484,191261,70,349930
34509,0.002844,74.125.24.0-255,2902,194163,70,349930
34510,0.002855,74.125.24.0-255,1484,195647,70,349930
34511,0.002874,74.125.24.0-255,2902,198549,70,349930
34512,0.002887,74.125.24.0-255,2902,201451,70,349930
34513,0.002919,74.125.24.0-255,2902,204353,70,349930
34514,0.002945,74.125.24.0-255,9992,214345,70,349930
34515,0.00295,74.125.24.0-255,5738,220083,70,349930
34516,0.002961,74.125.24.0-255,2902,222985,70,349930
34517,0.002988,74.125.24.0-255,766,223751,70,349930
34518,0.003133,74.125.24.0-255,1484,225235,70,349930
34519,0.003151,74.125.24.0-255,2902,228137,70,349930
34520,0.003154,74.125.24.0-255,2902,231039,70,349930
34521,0.003165,74.125.24.0-255,2902,233941,70,349930
34522,0.003191,74.125.24.0-255,2902,236843,70,349930
34523,0.003217,74.125.24.0-255,9992,246835,70,349930
34524,0.003222,74.125.24.0-255,5738,252573,70,349930
34525,0.003235,74.125.24.0-255,2902,255475,70,349930
34526,0.003295,74.125.24.0-255,4320,259795,70,349930
34527,0.003324,74.125.24.0-255,9992,269787,70,349930
34528,0.003352,74.125.24.0-255,6438,276225,70,349930
34529,0.003377,74.125.24.0-255,2902,279127,70,349930
34530,0.00343,74.125.24.0-255,4320,283447,70,349930
34531,0.003451,74.125.24.0-255,5738,289185,70,349930
34532,0.003474,74.125.24.0-255,4320,293505,70,349930
34533,0.00348,74.125.24.0-255,5738,299243,70,349930
34534,0.003516,74.125.24.0-255,5738,304981,70,349930
34535,0.003539,74.125.24.0-255,7856,312837,70,349930
34536,0.003547,74.125.24.0-255,8574,321411,70,349930
34537,0.00355,74.125.24.0-255,2902,324313,70,349930
34538,0.003581,74.125.24.0-255,9992,334305,70,349930
34539,0.003594,74.125.24.0-255,2902,337207,70,349930
34540,0.003611,74.125.24.0-255,2902,340109,70,349930
34541,0.003642,74.125.24.0-255,1235,341344,70,349930
34542,0.003644,74.125.24.0-255,105,341449,70,349930
34543,0.004462,172.31.40.0-255,66,341515,70,349930
34544,0.00708,172.31.40.0-255,105,341620,70,349930
34545,0.009344,74.125.24.0-255,66,341686,70,349930
34546,0.029234,172.31.40.0-255,172,341858,70,349930
34547,0.029263,172.31.40.0-255,1118,342976,70,349930
34548,0.02932,172.31.40.0-255,1514,344490,70,349930
34549,0.029321,172.31.40.0-255,1514,346004,70,349930
34550,0.029325,172.31.40.0-255,1514,347518,70,349930
34551,0.029326,172.31.40.0-255,1514,349032,70,349930
34552,0.029347,172.31.40.0-255,634,349666,70,349930
34553,0.030807,104.244.42.0-255,66,349732,70,349930
34554,0.030839,104.244.42.0-255,66,349798,70,349930
34555,0.030869,104.244.42.0-255,66,349864,70,349930
34556,0.03088,104.244.42.0-255,66,349930,70,349930
34557,0.0,172.217.194.0-255,152,152,70,294882
34558,2.2e-05,172.31.40.0-255,66,218,70,294882
34559,2.8e-05,172.217.194.0-255,1484,1702,70,294882
34560,3.4e-05,172.31.40.0-255,66,1768,70,294882
34561,4e-05,172.217.194.0-255,2902,4670,70,294882
34562,4.4e-05,172.31.40.0-255,66,4736,70,294882
34563,5.2e-05,172.217.194.0-255,7156,11892,70,294882
34564,5.5e-05,172.31.40.0-255,66,11958,70,294882
34565,5.9e-05,172.217.194.0-255,2107,14065,70,294882
34566,6.1e-05,172.31.40.0-255,66,14131,70,294882
34567,8.3e-05,172.217.194.0-255,2902,17033,70,294882
34568,8.5e-05,172.31.40.0-255,66,17099,70,294882
34569,0.000108,172.217.194.0-255,1484,18583,70,294882
34570,0.000111,172.31.40.0-255,66,18649,70,294882
34571,0.000131,172.217.194.0-255,5738,24387,70,294882
34572,0.000134,172.31.40.0-255,66,24453,70,294882
34573,0.000136,172.217.194.0-255,1484,25937,70,294882
34574,0.000138,172.31.40.0-255,66,26003,70,294882
34575,0.000163,172.217.194.0-255,4320,30323,70,294882
34576,0.000166,172.31.40.0-255,66,30389,70,294882
34577,0.000194,172.31.40.0-255,66,30455,70,294882
34578,0.000201,172.217.194.0-255,6797,37252,70,294882
34579,0.000204,172.31.40.0-255,66,37318,70,294882
34580,0.000268,172.217.194.0-255,1484,38802,70,294882
34581,0.000271,172.31.40.0-255,66,38868,70,294882
34582,0.000274,172.217.194.0-255,1484,40352,70,294882
34583,0.000276,172.31.40.0-255,66,40418,70,294882
34584,0.000299,172.217.194.0-255,1484,41902,70,294882
34585,0.000301,172.31.40.0-255,66,41968,70,294882
34586,0.000308,172.217.194.0-255,5738,47706,70,294882
34587,0.00031,172.31.40.0-255,66,47772,70,294882
34588,0.000313,172.217.194.0-255,1484,49256,70,294882
34589,0.000343,172.217.194.0-255,2902,52158,70,294882
34590,0.000346,172.31.40.0-255,66,52224,70,294882
34591,0.000365,172.217.194.0-255,2857,55081,70,294882
34592,0.000367,172.31.40.0-255,66,55147,70,294882
34593,0.000382,172.217.194.0-255,363,55510,70,294882
34594,0.000614,172.217.194.0-255,1484,56994,70,294882
34595,0.000619,172.31.40.0-255,66,57060,70,294882
34596,0.000624,172.217.194.0-255,2902,59962,70,294882
34597,0.000627,172.31.40.0-255,66,60028,70,294882
34598,0.00064,172.217.194.0-255,2902,62930,70,294882
34599,0.000642,172.31.40.0-255,66,62996,70,294882
34600,0.000666,172.217.194.0-255,2902,65898,70,294882
34601,0.000669,172.31.40.0-255,66,65964,70,294882
34602,0.000672,172.217.194.0-255,1484,67448,70,294882
34603,0.00068,172.217.194.0-255,5738,73186,70,294882
34604,0.000682,172.31.40.0-255,66,73252,70,294882
34605,0.000706,172.217.194.0-255,7156,80408,70,294882
34606,0.000708,172.31.40.0-255,66,80474,70,294882
34607,0.000717,172.217.194.0-255,9274,89748,70,294882
34608,0.000735,172.31.40.0-255,66,89814,70,294882
34609,0.000738,172.217.194.0-255,1484,91298,70,294882
34610,0.000773,172.217.194.0-255,8574,99872,70,294882
34611,0.000777,172.31.40.0-255,66,99938,70,294882
34612,0.000797,172.217.194.0-255,8574,108512,70,294882
34613,0.0008,172.31.40.0-255,66,108578,70,294882
34614,0.000856,172.217.194.0-255,2902,111480,70,294882
34615,0.000859,172.31.40.0-255,66,111546,70,294882
34616,0.000896,172.31.40.0-255,66,111612,70,294882
34617,0.000913,172.31.40.0-255,66,111678,70,294882
34618,0.000926,172.31.40.0-255,66,111744,70,294882
34619,0.000932,172.217.194.0-255,4320,116064,70,294882
34620,0.000934,172.31.40.0-255,66,116130,70,294882
34621,0.000976,172.31.40.0-255,66,116196,70,294882
34622,0.000986,172.217.194.0-255,10692,126888,70,294882
34623,0.000989,172.31.40.0-255,66,126954,70,294882
34624,0.001934,172.217.194.0-255,1484,128438,70,294882
34625,0.001942,172.217.194.0-255,2902,131340,70,294882
34626,0.001946,172.31.40.0-255,66,131406,70,294882
34627,0.001981,172.217.194.0-255,4320,135726,70,294882
34628,0.001984,172.31.40.0-255,66,135792,70,294882
34629,0.002004,172.217.194.0-255,1484,137276,70,294882
34630,0.002009,172.217.194.0-255,4320,141596,70,294882
34631,0.002018,172.31.40.0-255,66,141662,70,294882
34632,0.002027,172.217.194.0-255,7156,148818,70,294882
34633,0.002029,172.31.40.0-255,66,148884,70,294882
34634,0.002043,172.217.194.0-255,4320,153204,70,294882
34635,0.002045,172.31.40.0-255,66,153270,70,294882
34636,0.00205,172.217.194.0-255,4320,157590,70,294882
34637,0.002052,172.31.40.0-255,66,157656,70,294882
34638,0.002065,172.217.194.0-255,3602,161258,70,294882
34639,0.002068,172.31.40.0-255,66,161324,70,294882
34640,0.004164,172.217.194.0-255,5738,167062,70,294882
34641,0.004171,172.31.40.0-255,66,167128,70,294882
34642,0.006207,172.217.194.0-255,5738,172866,70,294882
34643,0.006214,172.31.40.0-255,66,172932,70,294882
34644,0.008232,172.217.194.0-255,1484,174416,70,294882
34645,0.008251,172.217.194.0-255,4320,178736,70,294882
34646,0.008253,172.31.40.0-255,66,178802,70,294882
34647,0.010263,172.217.194.0-255,5738,184540,70,294882
34648,0.01028,172.31.40.0-255,66,184606,70,294882
34649,0.012297,172.217.194.0-255,5738,190344,70,294882
34650,0.01231,172.31.40.0-255,66,190410,70,294882
34651,0.014342,172.217.194.0-255,5738,196148,70,294882
34652,0.014355,172.31.40.0-255,66,196214,70,294882
34653,0.016389,172.217.194.0-255,5738,201952,70,294882
34654,0.016407,172.31.40.0-255,66,202018,70,294882
34655,0.018412,172.217.194.0-255,5738,207756,70,294882
34656,0.018421,172.31.40.0-255,66,207822,70,294882
34657,0.020477,172.217.194.0-255,5738,213560,70,294882
34658,0.020489,172.31.40.0-255,66,213626,70,294882
34659,0.022469,172.217.194.0-255,5738,219364,70,294882
34660,0.022477,172.31.40.0-255,66,219430,70,294882
34661,0.024471,172.217.194.0-255,5738,225168,70,294882
34662,0.024481,172.31.40.0-255,66,225234,70,294882
34663,0.026563,172.217.194.0-255,5738,230972,70,294882
34664,0.026574,172.31.40.0-255,66,231038,70,294882
34665,0.028688,172.217.194.0-255,5738,236776,70,294882
34666,0.028706,172.31.40.0-255,66,236842,70,294882
34667,0.030749,172.217.194.0-255,5738,242580,70,294882
34668,0.030758,172.31.40.0-255,66,242646,70,294882
34669,0.032819,172.217.194.0-255,5738,248384,70,294882
34670,0.032826,172.31.40.0-255,66,248450,70,294882
34671,0.034828,172.217.194.0-255,5738,254188,70,294882
34672,0.034847,172.31.40.0-255,66,254254,70,294882
34673,0.036831,172.217.194.0-255,5738,259992,70,294882
34674,0.03684,172.31.40.0-255,66,260058,70,294882
34675,0.038886,172.217.194.0-255,5738,265796,70,294882
34676,0.038896,172.31.40.0-255,66,265862,70,294882
34677,0.04089,172.217.194.0-255,5738,271600,70,294882
34678,0.040906,172.31.40.0-255,66,271666,70,294882
34679,0.042903,172.217.194.0-255,5738,277404,70,294882
34680,0.042911,172.31.40.0-255,66,277470,70,294882
34681,0.044966,172.217.194.0-255,5738,283208,70,294882
34682,0.04498,172.31.40.0-255,66,283274,70,294882
34683,0.047056,172.217.194.0-255,5738,289012,70,294882
34684,0.047094,172.31.40.0-255,66,289078,70,294882
34685,0.049126,172.217.194.0-255,5738,294816,70,294882
34686,0.049134,172.31.40.0-255,66,294882,70,294882
34687,0.0,172.253.118.0-255,152,152,70,244120
34688,3.2e-05,172.31.40.0-255,66,218,70,244120
34689,3.8e-05,172.253.118.0-255,1484,1702,70,244120
34690,4.2e-05,172.31.40.0-255,66,1768,70,244120
34691,5.5e-05,172.253.118.0-255,2902,4670,70,244120
34692,5.8e-05,172.31.40.0-255,66,4736,70,244120
34693,6.3e-05,172.253.118.0-255,4320,9056,70,244120
34694,6.5e-05,172.31.40.0-255,66,9122,70,244120
34695,7.8e-05,172.31.40.0-255,66,9188,70,244120
34696,8.1e-05,172.253.118.0-255,2902,12090,70,244120
34697,8.3e-05,172.31.40.0-255,66,12156,70,244120
34698,0.00012,172.253.118.0-255,6797,18953,70,244120
34699,0.000123,172.31.40.0-255,66,19019,70,244120
34700,0.000231,172.253.118.0-255,1484,20503,70,244120
34701,0.000235,172.31.40.0-255,66,20569,70,244120
34702,0.000238,172.253.118.0-255,1484,22053,70,244120
34703,0.000241,172.31.40.0-255,66,22119,70,244120
34704,0.000263,172.253.118.0-255,1484,23603,70,244120
34705,0.000266,172.31.40.0-255,66,23669,70,244120
34706,0.000272,172.253.118.0-255,5738,29407,70,244120
34707,0.000276,172.31.40.0-255,66,29473,70,244120
34708,0.000283,172.253.118.0-255,8215,37688,70,244120
34709,0.000285,172.31.40.0-255,66,37754,70,244120
34710,0.000293,172.253.118.0-255,8574,46328,70,244120
34711,0.000296,172.31.40.0-255,66,46394,70,244120
34712,0.000303,172.253.118.0-255,7073,53467,70,244120
34713,0.000306,172.31.40.0-255,66,53533,70,244120
34714,0.000308,172.253.118.0-255,128,53661,70,244120
34715,0.000313,172.31.40.0-255,66,53727,70,244120
34716,0.000409,172.253.118.0-255,1484,55211,70,244120
34717,0.000414,172.31.40.0-255,66,55277,70,244120
34718,0.000418,172.253.118.0-255,1484,56761,70,244120
34719,0.000444,172.253.118.0-255,1484,58245,70,244120
34720,0.000446,172.31.40.0-255,66,58311,70,244120
34721,0.000452,172.253.118.0-255,5738,64049,70,244120
34722,0.000454,172.31.40.0-255,66,64115,70,244120
34723,0.000485,172.31.40.0-255,66,64181,70,244120
34724,0.000523,172.253.118.0-255,7156,71337,70,244120
34725,0.000527,172.31.40.0-255,66,71403,70,244120
34726,0.000551,172.253.118.0-255,2543,73946,70,244120
34727,0.000555,172.31.40.0-255,66,74012,70,244120
34728,0.000558,172.253.118.0-255,348,74360,70,244120
34729,0.001018,172.31.40.0-255,66,74426,70,244120
34730,0.00119,172.253.118.0-255,1484,75910,70,244120
34731,0.001201,172.253.118.0-255,2902,78812,70,244120
34732,0.001205,172.31.40.0-255,66,78878,70,244120
34733,0.001209,172.253.118.0-255,1484,80362,70,244120
34734,0.001236,172.253.118.0-255,4320,84682,70,244120
34735,0.00124,172.31.40.0-255,66,84748,70,244120
34736,0.001245,172.253.118.0-255,2902,87650,70,244120
34737,0.001248,172.31.40.0-255,66,87716,70,244120
34738,0.00128,172.253.118.0-255,8574,96290,70,244120
34739,0.001283,172.31.40.0-255,66,96356,70,244120
34740,0.001296,172.31.40.0-255,66,96422,70,244120
34741,0.002087,172.253.118.0-255,1484,97906,70,244120
34742,0.002097,172.253.118.0-255,2902,100808,70,244120
34743,0.002101,172.31.40.0-255,66,100874,70,244120
34744,0.002108,172.253.118.0-255,5738,106612,70,244120
34745,0.00211,172.31.40.0-255,66,106678,70,244120
34746,0.00215,172.31.40.0-255,66,106744,70,244120
34747,0.002159,172.253.118.0-255,9992,116736,70,244120
34748,0.002161,172.31.40.0-255,66,116802,70,244120
34749,0.00219,172.253.118.0-255,766,117568,70,244120
34750,0.002431,172.31.40.0-255,66,117634,70,244120
34751,0.004394,172.253.118.0-255,4320,121954,70,244120
34752,0.004399,172.31.40.0-255,66,122020,70,244120
34753,0.004656,172.253.118.0-255,1484,123504,70,244120
34754,0.006636,172.253.118.0-255,4320,127824,70,244120
34755,0.006642,172.31.40.0-255,66,127890,70,244120
34756,0.008894,172.253.118.0-255,5738,133628,70,244120
34757,0.008901,172.31.40.0-255,66,133694,70,244120
34758,0.011152,172.253.118.0-255,5738,139432,70,244120
34759,0.01116,172.31.40.0-255,66,139498,70,244120
34760,0.013403,172.253.118.0-255,5738,145236,70,244120
34761,0.013411,172.31.40.0-255,66,145302,70,244120
34762,0.015668,172.253.118.0-255,5738,151040,70,244120
34763,0.015676,172.31.40.0-255,66,151106,70,244120
34764,0.017952,172.253.118.0-255,5738,156844,70,244120
34765,0.017964,172.31.40.0-255,66,156910,70,244120
34766,0.020229,172.253.118.0-255,5738,162648,70,244120
34767,0.020242,172.31.40.0-255,66,162714,70,244120
34768,0.022521,172.253.118.0-255,5738,168452,70,244120
34769,0.022531,172.31.40.0-255,66,168518,70,244120
34770,0.024781,172.253.118.0-255,5738,174256,70,244120
34771,0.02479,172.31.40.0-255,66,174322,70,244120
34772,0.02703,172.253.118.0-255,5738,180060,70,244120
34773,0.027038,172.31.40.0-255,66,180126,70,244120
34774,0.02746,172.31.40.0-255,172,180298,70,244120
34775,0.027494,172.31.40.0-255,1118,181416,70,244120
34776,0.027554,172.31.40.0-255,1514,182930,70,244120
34777,0.027556,172.31.40.0-255,1514,184444,70,244120
34778,0.027557,172.31.40.0-255,844,185288,70,244120
34779,0.029021,104.244.42.0-255,66,185354,70,244120
34780,0.02905,104.244.42.0-255,66,185420,70,244120
34781,0.02911,104.244.42.0-255,66,185486,70,244120
34782,0.029112,104.244.42.0-255,66,185552,70,244120
34783,0.029255,172.253.118.0-255,2902,188454,70,244120
34784,0.029259,172.31.40.0-255,66,188520,70,244120
34785,0.029297,172.253.118.0-255,2902,191422,70,244120
34786,0.0293,172.31.40.0-255,66,191488,70,244120
34787,0.031487,172.253.118.0-255,2902,194390,70,244120
34788,0.031492,172.31.40.0-255,66,194456,70,244120
34789,0.031535,172.253.118.0-255,2902,197358,70,244120
34790,0.031541,172.31.40.0-255,66,197424,70,244120
34791,0.033728,172.253.118.0-255,2902,200326,70,244120
34792,0.033733,172.31.40.0-255,66,200392,70,244120
34793,0.033777,172.253.118.0-255,2902,203294,70,244120
34794,0.03378,172.31.40.0-255,66,203360,70,244120
34795,0.035994,172.253.118.0-255,2902,206262,70,244120
34796,0.036015,172.31.40.0-255,66,206328,70,244120
34797,0.036069,172.253.118.0-255,2902,209230,70,244120
34798,0.036074,172.31.40.0-255,66,209296,70,244120
34799,0.038279,172.253.118.0-255,5738,215034,70,244120
34800,0.038296,172.31.40.0-255,66,215100,70,244120
34801,0.040547,172.253.118.0-255,5738,220838,70,244120
34802,0.040565,172.31.40.0-255,66,220904,70,244120
34803,0.042822,172.253.118.0-255,5738,226642,70,244120
34804,0.042842,172.31.40.0-255,66,226708,70,244120
34805,0.045109,172.253.118.0-255,5738,232446,70,244120
34806,0.04513,172.31.40.0-255,66,232512,70,244120
34807,0.047459,172.253.118.0-255,5738,238250,70,244120
34808,0.047479,172.31.40.0-255,66,238316,70,244120
34809,0.049726,172.253.118.0-255,5738,244054,70,244120
34810,0.049741,172.31.40.0-255,66,244120,70,244120
34811,0.0,172.217.194.0-255,296,296,70,278602
34812,2.3e-05,172.31.40.0-255,66,362,70,278602
34813,3e-05,172.217.194.0-255,1484,1846,70,278602
34814,3.5e-05,172.31.40.0-255,66,1912,70,278602
34815,5.1e-05,172.217.194.0-255,4320,6232,70,278602
34816,5.4e-05,172.31.40.0-255,66,6298,70,278602
34817,6.3e-05,172.217.194.0-255,7611,13909,70,278602
34818,6.6e-05,172.31.40.0-255,66,13975,70,278602
34819,9.7e-05,172.217.194.0-255,1484,15459,70,278602
34820,0.0001,172.31.40.0-255,66,15525,70,278602
34821,0.000106,172.217.194.0-255,2902,18427,70,278602
34822,0.000108,172.31.40.0-255,66,18493,70,278602
34823,0.000115,172.217.194.0-255,5738,24231,70,278602
34824,0.000117,172.31.40.0-255,66,24297,70,278602
34825,0.000145,172.217.194.0-255,1484,25781,70,278602
34826,0.000148,172.31.40.0-255,66,25847,70,278602
34827,0.00019,172.31.40.0-255,66,25913,70,278602
34828,0.000193,172.217.194.0-255,1484,27397,70,278602
34829,0.000195,172.31.40.0-255,66,27463,70,278602
34830,0.000209,172.217.194.0-255,8215,35678,70,278602
34831,0.000211,172.31.40.0-255,66,35744,70,278602
34832,0.000418,172.217.194.0-255,1484,37228,70,278602
34833,0.000423,172.31.40.0-255,66,37294,70,278602
34834,0.00043,172.217.194.0-255,2902,40196,70,278602
34835,0.000433,172.31.40.0-255,66,40262,70,278602
34836,0.000445,172.217.194.0-255,5738,46000,70,278602
34837,0.000448,172.31.40.0-255,66,46066,70,278602
34838,0.000455,172.217.194.0-255,6797,52863,70,278602
34839,0.000458,172.31.40.0-255,66,52929,70,278602
34840,0.000477,172.217.194.0-255,9992,62921,70,278602
34841,0.000479,172.31.40.0-255,66,62987,70,278602
34842,0.000504,172.217.194.0-255,4320,67307,70,278602
34843,0.000507,172.31.40.0-255,66,67373,70,278602
34844,0.000516,172.217.194.0-255,3124,70497,70,278602
34845,0.000518,172.31.40.0-255,66,70563,70,278602
34846,0.000567,172.217.194.0-255,4320,74883,70,278602
34847,0.000571,172.31.40.0-255,66,74949,70,278602
34848,0.000578,172.217.194.0-255,7156,82105,70,278602
34849,0.00058,172.31.40.0-255,66,82171,70,278602
34850,0.000613,172.217.194.0-255,4829,87000,70,278602
34851,0.000616,172.31.40.0-255,66,87066,70,278602
34852,0.000797,172.217.194.0-255,1484,88550,70,278602
34853,0.000804,172.217.194.0-255,2902,91452,70,278602
34854,0.000807,172.31.40.0-255,66,91518,70,278602
34855,0.000844,172.217.194.0-255,1484,93002,70,278602
34856,0.000869,172.217.194.0-255,4320,97322,70,278602
34857,0.000872,172.31.40.0-255,66,97388,70,278602
34858,0.000879,172.217.194.0-255,6783,104171,70,278602
34859,0.000882,172.31.40.0-255,66,104237,70,278602
34860,0.00132,172.217.194.0-255,1484,105721,70,278602
34861,0.001324,172.217.194.0-255,1484,107205,70,278602
34862,0.001327,172.31.40.0-255,66,107271,70,278602
34863,0.001351,172.217.194.0-255,1484,108755,70,278602
34864,0.001355,172.217.194.0-255,4320,113075,70,278602
34865,0.001358,172.31.40.0-255,66,113141,70,278602
34866,0.001384,172.217.194.0-255,8574,121715,70,278602
34867,0.001387,172.31.40.0-255,66,121781,70,278602
34868,0.001425,172.31.40.0-255,66,121847,70,278602
34869,0.001446,172.217.194.0-255,2184,124031,70,278602
34870,0.001448,172.31.40.0-255,66,124097,70,278602
34871,0.001709,172.217.194.0-255,1484,125581,70,278602
34872,0.001715,172.217.194.0-255,2902,128483,70,278602
34873,0.001717,172.31.40.0-255,66,128549,70,278602
34874,0.001745,172.217.194.0-255,5738,134287,70,278602
34875,0.001748,172.31.40.0-255,66,134353,70,278602
34876,0.001779,172.31.40.0-255,66,134419,70,278602
34877,0.001781,172.217.194.0-255,1484,135903,70,278602
34878,0.001818,172.217.194.0-255,9274,145177,70,278602
34879,0.001822,172.31.40.0-255,66,145243,70,278602
34880,0.001852,172.217.194.0-255,7156,152399,70,278602
34881,0.001854,172.31.40.0-255,66,152465,70,278602
34882,0.001881,172.217.194.0-255,2902,155367,70,278602
34883,0.001883,172.31.40.0-255,66,155433,70,278602
34884,0.001889,172.217.194.0-255,7156,162589,70,278602
34885,0.001891,172.31.40.0-255,66,162655,70,278602
34886,0.001927,172.217.194.0-255,8574,171229,70,278602
34887,0.001929,172.31.40.0-255,66,171295,70,278602
34888,0.001958,172.217.194.0-255,7856,179151,70,278602
34889,0.001961,172.31.40.0-255,66,179217,70,278602
34890,0.001992,172.31.40.0-255,66,179283,70,278602
34891,0.002003,172.217.194.0-255,7156,186439,70,278602
34892,0.002009,172.31.40.0-255,66,186505,70,278602
34893,0.002028,172.217.194.0-255,5738,192243,70,278602
34894,0.00203,172.31.40.0-255,66,192309,70,278602
34895,0.002038,172.217.194.0-255,9274,201583,70,278602
34896,0.00204,172.31.40.0-255,66,201649,70,278602
34897,0.002077,172.217.194.0-255,5738,207387,70,278602
34898,0.00208,172.31.40.0-255,66,207453,70,278602
34899,0.002087,172.217.194.0-255,7156,214609,70,278602
34900,0.002088,172.31.40.0-255,66,214675,70,278602
34901,0.002132,172.31.40.0-255,66,214741,70,278602
34902,0.002137,172.217.194.0-255,6438,221179,70,278602
34903,0.00214,172.31.40.0-255,66,221245,70,278602
34904,0.002196,172.217.194.0-255,1484,222729,70,278602
34905,0.002223,172.31.40.0-255,66,222795,70,278602
34906,0.002228,172.217.194.0-255,7156,229951,70,278602
34907,0.00223,172.31.40.0-255,66,230017,70,278602
34908,0.002261,172.217.194.0-255,6438,236455,70,278602
34909,0.002264,172.31.40.0-255,66,236521,70,278602
34910,0.00228,172.31.40.0-255,66,236587,70,278602
34911,0.002294,172.31.40.0-255,66,236653,70,278602
34912,0.002313,172.217.194.0-255,2184,238837,70,278602
34913,0.002315,172.31.40.0-255,66,238903,70,278602
34914,0.002318,172.217.194.0-255,1484,240387,70,278602
34915,0.002322,172.217.194.0-255,2902,243289,70,278602
34916,0.002323,172.31.40.0-255,66,243355,70,278602
34917,0.002329,172.217.194.0-255,1484,244839,70,278602
34918,0.004607,172.217.194.0-255,4320,249159,70,278602
34919,0.004614,172.31.40.0-255,66,249225,70,278602
34920,0.00691,172.217.194.0-255,5738,254963,70,278602
34921,0.006925,172.31.40.0-255,66,255029,70,278602
34922,0.009255,172.217.194.0-255,5738,260767,70,278602
34923,0.009275,172.31.40.0-255,66,260833,70,278602
34924,0.011587,172.217.194.0-255,5738,266571,70,278602
34925,0.011594,172.31.40.0-255,66,266637,70,278602
34926,0.01394,172.217.194.0-255,5738,272375,70,278602
34927,0.013948,172.31.40.0-255,66,272441,70,278602
34928,0.016262,172.217.194.0-255,5738,278179,70,278602
34929,0.016279,172.31.40.0-255,66,278245,70,278602
34930,0.018566,172.217.194.0-255,120,278365,70,278602
34931,0.019038,172.31.40.0-255,66,278431,70,278602
34932,0.01908,172.31.40.0-255,105,278536,70,278602
34933,0.021388,172.217.194.0-255,66,278602,70,278602
34934,0.0,172.217.194.0-255,146,146,70,264769
34935,2.4e-05,172.31.40.0-255,66,212,70,264769
34936,3.2e-05,172.217.194.0-255,1484,1696,70,264769
34937,3.7e-05,172.31.40.0-255,66,1762,70,264769
34938,4.2e-05,172.217.194.0-255,2902,4664,70,264769
34939,4.5e-05,172.31.40.0-255,66,4730,70,264769
34940,5.3e-05,172.217.194.0-255,7156,11886,70,264769
34941,5.7e-05,172.31.40.0-255,66,11952,70,264769
34942,6e-05,172.217.194.0-255,1484,13436,70,264769
34943,6.3e-05,172.31.40.0-255,66,13502,70,264769
34944,6.6e-05,172.217.194.0-255,492,13994,70,264769
34945,6.8e-05,172.31.40.0-255,66,14060,70,264769
34946,0.000113,172.217.194.0-255,1484,15544,70,264769
34947,0.000115,172.31.40.0-255,66,15610,70,264769
34948,0.000121,172.217.194.0-255,4320,19930,70,264769
34949,0.000124,172.31.40.0-255,66,19996,70,264769
34950,0.000153,172.217.194.0-255,7156,27152,70,264769
34951,0.000156,172.31.40.0-255,66,27218,70,264769
34952,0.0002,172.217.194.0-255,7156,34374,70,264769
34953,0.000203,172.31.40.0-255,66,34440,70,264769
34954,0.000226,172.217.194.0-255,6797,41237,70,264769
34955,0.000229,172.31.40.0-255,66,41303,70,264769
34956,0.000235,172.217.194.0-255,6797,48100,70,264769
34957,0.000238,172.31.40.0-255,66,48166,70,264769
34958,0.000241,172.217.194.0-255,2902,51068,70,264769
34959,0.000243,172.31.40.0-255,66,51134,70,264769
34960,0.00028,172.31.40.0-255,66,51200,70,264769
34961,0.000329,172.217.194.0-255,2854,54054,70,264769
34962,0.000332,172.31.40.0-255,66,54120,70,264769
34963,0.000475,172.217.194.0-255,367,54487,70,264769
34964,0.000479,172.31.40.0-255,66,54553,70,264769
34965,0.000629,172.217.194.0-255,1484,56037,70,264769
34966,0.000635,172.217.194.0-255,1484,57521,70,264769
34967,0.000638,172.31.40.0-255,66,57587,70,264769
34968,0.000659,172.217.194.0-255,1484,59071,70,264769
34969,0.000666,172.217.194.0-255,5738,64809,70,264769
34970,0.000669,172.31.40.0-255,66,64875,70,264769
34971,0.000676,172.217.194.0-255,7156,72031,70,264769
34972,0.000679,172.31.40.0-255,66,72097,70,264769
34973,0.000706,172.217.194.0-255,6797,78894,70,264769
34974,0.000708,172.31.40.0-255,66,78960,70,264769
34975,0.000718,172.217.194.0-255,9633,88593,70,264769
34976,0.00072,172.31.40.0-255,66,88659,70,264769
34977,0.001136,172.217.194.0-255,1484,90143,70,264769
34978,0.001143,172.217.194.0-255,2902,93045,70,264769
34979,0.001146,172.31.40.0-255,66,93111,70,264769
34980,0.001153,172.217.194.0-255,5738,98849,70,264769
34981,0.001155,172.31.40.0-255,66,98915,70,264769
34982,0.001174,172.217.194.0-255,4320,103235,70,264769
34983,0.001177,172.31.40.0-255,66,103301,70,264769
34984,0.001194,172.217.194.0-255,8574,111875,70,264769
34985,0.001196,172.31.40.0-255,66,111941,70,264769
34986,0.001219,172.217.194.0-255,8574,120515,70,264769
34987,0.001222,172.31.40.0-255,66,120581,70,264769
34988,0.001242,172.217.194.0-255,2184,122765,70,264769
34989,0.001245,172.31.40.0-255,66,122831,70,264769
34990,0.001289,172.217.194.0-255,1484,124315,70,264769
34991,0.001307,172.217.194.0-255,2902,127217,70,264769
34992,0.00131,172.31.40.0-255,66,127283,70,264769
34993,0.001317,172.217.194.0-255,5738,133021,70,264769
34994,0.001319,172.31.40.0-255,66,133087,70,264769
34995,0.001336,172.217.194.0-255,5738,138825,70,264769
34996,0.001339,172.31.40.0-255,66,138891,70,264769
34997,0.001373,172.217.194.0-255,7156,146047,70,264769
34998,0.001376,172.31.40.0-255,66,146113,70,264769
34999,0.001386,172.217.194.0-255,10692,156805,70,264769
35000,0.001388,172.31.40.0-255,66,156871,70,264769
35001,0.001462,172.217.194.0-255,1484,158355,70,264769
35002,0.001468,172.217.194.0-255,2902,161257,70,264769
35003,0.00147,172.31.40.0-255,66,161323,70,264769
35004,0.001474,172.217.194.0-255,1484,162807,70,264769
35005,0.00149,172.217.194.0-255,4320,167127,70,264769
35006,0.001492,172.31.40.0-255,66,167193,70,264769
35007,0.001497,172.217.194.0-255,4320,171513,70,264769
35008,0.001499,172.31.40.0-255,66,171579,70,264769
35009,0.001528,172.217.194.0-255,8574,180153,70,264769
35010,0.00153,172.31.40.0-255,66,180219,70,264769
35011,0.00154,172.217.194.0-255,9992,190211,70,264769
35012,0.001543,172.31.40.0-255,66,190277,70,264769
35013,0.001545,172.217.194.0-255,766,191043,70,264769
35014,0.001676,172.217.194.0-255,1484,192527,70,264769
35015,0.001681,172.31.40.0-255,66,192593,70,264769
35016,0.001686,172.217.194.0-255,2902,195495,70,264769
35017,0.001688,172.31.40.0-255,66,195561,70,264769
35018,0.001694,172.217.194.0-255,5738,201299,70,264769
35019,0.001697,172.31.40.0-255,66,201365,70,264769
35020,0.001742,172.31.40.0-255,66,201431,70,264769
35021,0.00175,172.217.194.0-255,9992,211423,70,264769
35022,0.001752,172.31.40.0-255,66,211489,70,264769
35023,0.00183,172.31.40.0-255,66,211555,70,264769
35024,0.001839,172.217.194.0-255,9274,220829,70,264769
35025,0.001841,172.31.40.0-255,66,220895,70,264769
35026,0.001844,172.217.194.0-255,1484,222379,70,264769
35027,0.001882,172.31.40.0-255,66,222445,70,264769
35028,0.001911,172.31.40.0-255,66,222511,70,264769
35029,0.001917,172.217.194.0-255,5738,228249,70,264769
35030,0.001919,172.31.40.0-255,66,228315,70,264769
35031,0.001926,172.217.194.0-255,7156,235471,70,264769
35032,0.001929,172.31.40.0-255,66,235537,70,264769
35033,0.001933,172.217.194.0-255,2902,238439,70,264769
35034,0.001936,172.31.40.0-255,66,238505,70,264769
35035,0.001966,172.31.40.0-255,66,238571,70,264769
35036,0.001974,172.217.194.0-255,7856,246427,70,264769
35037,0.001976,172.31.40.0-255,66,246493,70,264769
35038,0.001998,172.217.194.0-255,2902,249395,70,264769
35039,0.002,172.31.40.0-255,66,249461,70,264769
35040,0.002039,172.31.40.0-255,66,249527,70,264769
35041,0.002048,172.217.194.0-255,7856,257383,70,264769
35042,0.00205,172.31.40.0-255,66,257449,70,264769
35043,0.002071,172.217.194.0-255,1484,258933,70,264769
35044,0.002125,172.31.40.0-255,66,258999,70,264769
35045,0.002128,172.217.194.0-255,105,259104,70,264769
35046,0.015908,172.31.40.0-255,66,259170,70,264769
35047,0.01596,172.31.40.0-255,105,259275,70,264769
35048,0.018306,172.217.194.0-255,66,259341,70,264769
35049,0.047941,172.31.40.0-255,172,259513,70,264769
35050,0.047973,172.31.40.0-255,1117,260630,70,264769
35051,0.048033,172.31.40.0-255,1514,262144,70,264769
35052,0.048035,172.31.40.0-255,1514,263658,70,264769
35053,0.048036,172.31.40.0-255,847,264505,70,264769
35054,0.049464,104.244.42.0-255,66,264571,70,264769
35055,0.049512,104.244.42.0-255,66,264637,70,264769
35056,0.049562,104.244.42.0-255,66,264703,70,264769
35057,0.049567,104.244.42.0-255,66,264769,70,264769
35058,0.0,74.125.24.0-255,153,153,70,298001
35059,2.3e-05,172.31.40.0-255,66,219,70,298001
35060,3e-05,74.125.24.0-255,1484,1703,70,298001
35061,3.5e-05,172.31.40.0-255,66,1769,70,298001
35062,4.1e-05,74.125.24.0-255,2902,4671,70,298001
35063,4.5e-05,172.31.40.0-255,66,4737,70,298001
35064,4.9e-05,74.125.24.0-255,2902,7639,70,298001
35065,5.3e-05,172.31.40.0-255,66,7705,70,298001
35066,8.5e-05,74.125.24.0-255,6355,14060,70,298001
35067,8.8e-05,172.31.40.0-255,66,14126,70,298001
35068,0.000112,74.125.24.0-255,5738,19864,70,298001
35069,0.000115,172.31.40.0-255,66,19930,70,298001
35070,0.000133,74.125.24.0-255,1484,21414,70,298001
35071,0.000135,172.31.40.0-255,66,21480,70,298001
35072,0.000145,74.125.24.0-255,9633,31113,70,298001
35073,0.000147,172.31.40.0-255,66,31179,70,298001
35074,0.000337,74.125.24.0-255,1484,32663,70,298001
35075,0.000342,172.31.40.0-255,66,32729,70,298001
35076,0.000369,74.125.24.0-255,2902,35631,70,298001
35077,0.000373,172.31.40.0-255,66,35697,70,298001
35078,0.000379,74.125.24.0-255,5738,41435,70,298001
35079,0.000382,172.31.40.0-255,66,41501,70,298001
35080,0.0004,74.125.24.0-255,5738,47239,70,298001
35081,0.000402,172.31.40.0-255,66,47305,70,298001
35082,0.000424,74.125.24.0-255,1125,48430,70,298001
35083,0.000426,172.31.40.0-255,66,48496,70,298001
35084,0.000622,74.125.24.0-255,1484,49980,70,298001
35085,0.000626,172.31.40.0-255,66,50046,70,298001
35086,0.000641,74.125.24.0-255,2902,52948,70,298001
35087,0.000643,172.31.40.0-255,66,53014,70,298001
35088,0.000647,74.125.24.0-255,2902,55916,70,298001
35089,0.00065,172.31.40.0-255,66,55982,70,298001
35090,0.000663,74.125.24.0-255,2902,58884,70,298001
35091,0.000671,172.31.40.0-255,66,58950,70,298001
35092,0.000697,74.125.24.0-255,1484,60434,70,298001
35093,0.000719,74.125.24.0-255,5960,66394,70,298001
35094,0.000722,172.31.40.0-255,66,66460,70,298001
35095,0.000792,74.125.24.0-255,1484,67944,70,298001
35096,0.000796,74.125.24.0-255,1484,69428,70,298001
35097,0.000799,172.31.40.0-255,66,69494,70,298001
35098,0.000813,74.125.24.0-255,1484,70978,70,298001
35099,0.000821,74.125.24.0-255,5738,76716,70,298001
35100,0.000823,172.31.40.0-255,66,76782,70,298001
35101,0.000853,74.125.24.0-255,6797,83579,70,298001
35102,0.000856,172.31.40.0-255,66,83645,70,298001
35103,0.001018,74.125.24.0-255,1484,85129,70,298001
35104,0.001025,74.125.24.0-255,2902,88031,70,298001
35105,0.001028,172.31.40.0-255,66,88097,70,298001
35106,0.001051,74.125.24.0-255,5738,93835,70,298001
35107,0.001054,172.31.40.0-255,66,93901,70,298001
35108,0.001092,74.125.24.0-255,4320,98221,70,298001
35109,0.001095,172.31.40.0-255,66,98287,70,298001
35110,0.001112,74.125.24.0-255,2543,100830,70,298001
35111,0.001114,172.31.40.0-255,66,100896,70,298001
35112,0.001496,74.125.24.0-255,1484,102380,70,298001
35113,0.001504,74.125.24.0-255,2902,105282,70,298001
35114,0.001508,172.31.40.0-255,66,105348,70,298001
35115,0.001516,74.125.24.0-255,5738,111086,70,298001
35116,0.001518,172.31.40.0-255,66,111152,70,298001
35117,0.001569,74.125.24.0-255,8574,119726,70,298001
35118,0.001572,172.31.40.0-255,66,119792,70,298001
35119,0.00159,74.125.24.0-255,4320,124112,70,298001
35120,0.001592,172.31.40.0-255,66,124178,70,298001
35121,0.0016,74.125.24.0-255,8574,132752,70,298001
35122,0.001602,172.31.40.0-255,66,132818,70,298001
35123,0.001607,74.125.24.0-255,2184,135002,70,298001
35124,0.001609,172.31.40.0-255,66,135068,70,298001
35125,0.002299,74.125.24.0-255,1484,136552,70,298001
35126,0.002307,74.125.24.0-255,2902,139454,70,298001
35127,0.002312,172.31.40.0-255,66,139520,70,298001
35128,0.00232,74.125.24.0-255,5738,145258,70,298001
35129,0.002322,172.31.40.0-255,66,145324,70,298001
35130,0.002345,74.125.24.0-255,9992,155316,70,298001
35131,0.002347,172.31.40.0-255,66,155382,70,298001
35132,0.002367,74.125.24.0-255,2902,158284,70,298001
35133,0.002369,172.31.40.0-255,66,158350,70,298001
35134,0.00238,74.125.24.0-255,10692,169042,70,298001
35135,0.002382,172.31.40.0-255,66,169108,70,298001
35136,0.002398,74.125.24.0-255,2902,172010,70,298001
35137,0.002401,172.31.40.0-255,66,172076,70,298001
35138,0.002432,74.125.24.0-255,8574,180650,70,298001
35139,0.002435,172.31.40.0-255,66,180716,70,298001
35140,0.002442,74.125.24.0-255,7156,187872,70,298001
35141,0.002444,172.31.40.0-255,66,187938,70,298001
35142,0.002459,74.125.24.0-255,1484,189422,70,298001
35143,0.002471,74.125.24.0-255,2902,192324,70,298001
35144,0.002493,74.125.24.0-255,10692,203016,70,298001
35145,0.007371,172.31.40.0-255,66,203082,70,298001
35146,0.009963,74.125.24.0-255,5738,208820,70,298001
35147,0.009971,172.31.40.0-255,66,208886,70,298001
35148,0.012584,74.125.24.0-255,5738,214624,70,298001
35149,0.012593,172.31.40.0-255,66,214690,70,298001
35150,0.015185,74.125.24.0-255,5738,220428,70,298001
35151,0.015197,172.31.40.0-255,66,220494,70,298001
35152,0.017818,74.125.24.0-255,5738,226232,70,298001
35153,0.017826,172.31.40.0-255,66,226298,70,298001
35154,0.020434,74.125.24.0-255,5738,232036,70,298001
35155,0.020443,172.31.40.0-255,66,232102,70,298001
35156,0.023066,74.125.24.0-255,5738,237840,70,298001
35157,0.023074,172.31.40.0-255,66,237906,70,298001
35158,0.025708,74.125.24.0-255,5738,243644,70,298001
35159,0.025717,172.31.40.0-255,66,243710,70,298001
35160,0.028339,74.125.24.0-255,5738,249448,70,298001
35161,0.028348,172.31.40.0-255,66,249514,70,298001
35162,0.030974,74.125.24.0-255,5738,255252,70,298001
35163,0.030983,172.31.40.0-255,66,255318,70,298001
35164,0.033616,74.125.24.0-255,5738,261056,70,298001
35165,0.033635,172.31.40.0-255,66,261122,70,298001
35166,0.036234,74.125.24.0-255,5738,266860,70,298001
35167,0.036249,172.31.40.0-255,66,266926,70,298001
35168,0.038869,74.125.24.0-255,5738,272664,70,298001
35169,0.038887,172.31.40.0-255,66,272730,70,298001
35170,0.041486,74.125.24.0-255,5738,278468,70,298001
35171,0.041496,172.31.40.0-255,66,278534,70,298001
35172,0.042194,172.31.40.0-255,172,278706,70,298001
35173,0.042226,172.31.40.0-255,1119,279825,70,298001
35174,0.042276,172.31.40.0-255,566,280391,70,298001
35175,0.04375,104.244.42.0-255,66,280457,70,298001
35176,0.043794,104.244.42.0-255,66,280523,70,298001
35177,0.043796,104.244.42.0-255,66,280589,70,298001
35178,0.044088,74.125.24.0-255,5738,286327,70,298001
35179,0.044095,172.31.40.0-255,66,286393,70,298001
35180,0.046742,74.125.24.0-255,5738,292131,70,298001
35181,0.04676,172.31.40.0-255,66,292197,70,298001
35182,0.049393,74.125.24.0-255,5738,297935,70,298001
35183,0.049409,172.31.40.0-255,66,298001,70,298001
35184,0.0,74.125.24.0-255,152,152,70,237248
35185,2.3e-05,172.31.40.0-255,66,218,70,237248
35186,3e-05,74.125.24.0-255,1484,1702,70,237248
35187,3.4e-05,172.31.40.0-255,66,1768,70,237248
35188,4e-05,74.125.24.0-255,2902,4670,70,237248
35189,4.3e-05,172.31.40.0-255,66,4736,70,237248
35190,5e-05,74.125.24.0-255,5738,10474,70,237248
35191,5.3e-05,172.31.40.0-255,66,10540,70,237248
35192,6.1e-05,74.125.24.0-255,8574,19114,70,237248
35193,6.4e-05,172.31.40.0-255,66,19180,70,237248
35194,8.5e-05,74.125.24.0-255,2038,21218,70,237248
35195,8.8e-05,172.31.40.0-255,66,21284,70,237248
35196,9.7e-05,74.125.24.0-255,9633,30917,70,237248
35197,9.9e-05,172.31.40.0-255,66,30983,70,237248
35198,0.000143,74.125.24.0-255,1484,32467,70,237248
35199,0.000146,172.31.40.0-255,66,32533,70,237248
35200,0.000162,74.125.24.0-255,2902,35435,70,237248
35201,0.000164,172.31.40.0-255,66,35501,70,237248
35202,0.00019,74.125.24.0-255,5738,41239,70,237248
35203,0.000193,172.31.40.0-255,66,41305,70,237248
35204,0.000199,74.125.24.0-255,7156,48461,70,237248
35205,0.000202,172.31.40.0-255,66,48527,70,237248
35206,0.000247,172.31.40.0-255,66,48593,70,237248
35207,0.00025,74.125.24.0-255,2517,51110,70,237248
35208,0.000253,172.31.40.0-255,66,51176,70,237248
35209,0.000283,74.125.24.0-255,375,51551,70,237248
35210,0.000285,172.31.40.0-255,66,51617,70,237248
35211,0.000478,74.125.24.0-255,1484,53101,70,237248
35212,0.000484,172.31.40.0-255,66,53167,70,237248
35213,0.00049,74.125.24.0-255,2902,56069,70,237248
35214,0.000492,172.31.40.0-255,66,56135,70,237248
35215,0.000498,74.125.24.0-255,5738,61873,70,237248
35216,0.000501,172.31.40.0-255,66,61939,70,237248
35217,0.000546,172.31.40.0-255,66,62005,70,237248
35218,0.000552,74.125.24.0-255,5738,67743,70,237248
35219,0.000554,172.31.40.0-255,66,67809,70,237248
35220,0.000571,74.125.24.0-255,5020,72829,70,237248
35221,0.000573,172.31.40.0-255,66,72895,70,237248
35222,0.00093,74.125.24.0-255,1484,74379,70,237248
35223,0.000937,74.125.24.0-255,2902,77281,70,237248
35224,0.00094,172.31.40.0-255,66,77347,70,237248
35225,0.00096,74.125.24.0-255,2902,80249,70,237248
35226,0.000962,172.31.40.0-255,66,80315,70,237248
35227,0.000966,74.125.24.0-255,2902,83217,70,237248
35228,0.000968,172.31.40.0-255,66,83283,70,237248
35229,0.000983,74.125.24.0-255,4320,87603,70,237248
35230,0.000985,172.31.40.0-255,66,87669,70,237248
35231,0.001001,74.125.24.0-255,2902,90571,70,237248
35232,0.001004,172.31.40.0-255,66,90637,70,237248
35233,0.001038,172.31.40.0-255,66,90703,70,237248
35234,0.001043,74.125.24.0-255,3602,94305,70,237248
35235,0.001046,172.31.40.0-255,66,94371,70,237248
35236,0.001473,74.125.24.0-255,1484,95855,70,237248
35237,0.001479,74.125.24.0-255,2902,98757,70,237248
35238,0.001482,172.31.40.0-255,66,98823,70,237248
35239,0.001485,74.125.24.0-255,1484,100307,70,237248
35240,0.001507,74.125.24.0-255,4320,104627,70,237248
35241,0.001509,172.31.40.0-255,66,104693,70,237248
35242,0.001516,74.125.24.0-255,5738,110431,70,237248
35243,0.001517,172.31.40.0-255,66,110497,70,237248
35244,0.001536,74.125.24.0-255,7156,117653,70,237248
35245,0.001539,172.31.40.0-255,66,117719,70,237248
35246,0.001545,74.125.24.0-255,5738,123457,70,237248
35247,0.001547,172.31.40.0-255,66,123523,70,237248
35248,0.001621,74.125.24.0-255,5020,128543,70,237248
35249,0.001625,172.31.40.0-255,66,128609,70,237248
35250,0.001631,74.125.24.0-255,5738,134347,70,237248
35251,0.001633,172.31.40.0-255,66,134413,70,237248
35252,0.001636,74.125.24.0-255,1484,135897,70,237248
35253,0.001656,74.125.24.0-255,5738,141635,70,237248
35254,0.001659,172.31.40.0-255,66,141701,70,237248
35255,0.001695,172.31.40.0-255,66,141767,70,237248
35256,0.001701,74.125.24.0-255,6438,148205,70,237248
35257,0.001703,172.31.40.0-255,66,148271,70,237248
35258,0.001812,74.125.24.0-255,1484,149755,70,237248
35259,0.001818,74.125.24.0-255,2902,152657,70,237248
35260,0.001822,172.31.40.0-255,66,152723,70,237248
35261,0.001846,74.125.24.0-255,5738,158461,70,237248
35262,0.001849,172.31.40.0-255,66,158527,70,237248
35263,0.001877,74.125.24.0-255,9992,168519,70,237248
35264,0.00188,172.31.40.0-255,66,168585,70,237248
35265,0.001904,74.125.24.0-255,2902,171487,70,237248
35266,0.001906,172.31.40.0-255,66,171553,70,237248
35267,0.001913,74.125.24.0-255,7156,178709,70,237248
35268,0.001915,172.31.40.0-255,66,178775,70,237248
35269,0.001962,74.125.24.0-255,3602,182377,70,237248
35270,0.001965,172.31.40.0-255,66,182443,70,237248
35271,0.001992,74.125.24.0-255,1484,183927,70,237248
35272,0.001997,74.125.24.0-255,2902,186829,70,237248
35273,0.002001,172.31.40.0-255,66,186895,70,237248
35274,0.002024,74.125.24.0-255,5738,192633,70,237248
35275,0.002027,172.31.40.0-255,66,192699,70,237248
35276,0.002064,172.31.40.0-255,66,192765,70,237248
35277,0.002086,74.125.24.0-255,1484,194249,70,237248
35278,0.002101,74.125.24.0-255,5738,199987,70,237248
35279,0.002104,172.31.40.0-255,66,200053,70,237248
35280,0.002121,74.125.24.0-255,3602,203655,70,237248
35281,0.002125,172.31.40.0-255,66,203721,70,237248
35282,0.002137,172.31.40.0-255,66,203787,70,237248
35283,0.00214,74.125.24.0-255,2902,206689,70,237248
35284,0.002143,172.31.40.0-255,66,206755,70,237248
35285,0.002177,172.31.40.0-255,66,206821,70,237248
35286,0.002212,74.125.24.0-255,9992,216813,70,237248
35287,0.002216,172.31.40.0-255,66,216879,70,237248
35288,0.002253,172.31.40.0-255,66,216945,70,237248
35289,0.002256,74.125.24.0-255,1484,218429,70,237248
35290,0.00228,172.31.40.0-255,66,218495,70,237248
35291,0.002328,172.31.40.0-255,66,218561,70,237248
35292,0.002349,172.31.40.0-255,66,218627,70,237248
35293,0.002373,74.125.24.0-255,5020,223647,70,237248
35294,0.002376,172.31.40.0-255,66,223713,70,237248
35295,0.002384,74.125.24.0-255,7701,231414,70,237248
35296,0.002388,172.31.40.0-255,66,231480,70,237248
35297,0.002391,74.125.24.0-255,105,231585,70,237248
35298,0.007221,172.31.40.0-255,66,231651,70,237248
35299,0.007254,172.31.40.0-255,105,231756,70,237248
35300,0.009755,74.125.24.0-255,66,231822,70,237248
35301,0.028739,172.31.40.0-255,172,231994,70,237248
35302,0.028775,172.31.40.0-255,1118,233112,70,237248
35303,0.028836,172.31.40.0-255,1514,234626,70,237248
35304,0.028837,172.31.40.0-255,1514,236140,70,237248
35305,0.028838,172.31.40.0-255,844,236984,70,237248
35306,0.030252,104.244.42.0-255,66,237050,70,237248
35307,0.030275,104.244.42.0-255,66,237116,70,237248
35308,0.030394,104.244.42.0-255,66,237182,70,237248
35309,0.030399,104.244.42.0-255,66,237248,70,237248
35310,0.0,172.217.194.0-255,153,153,70,261400
35311,2.2e-05,172.31.40.0-255,66,219,70,261400
35312,3e-05,172.217.194.0-255,1484,1703,70,261400
35313,3.5e-05,172.31.40.0-255,66,1769,70,261400
35314,4.1e-05,172.217.194.0-255,2902,4671,70,261400
35315,5.3e-05,172.31.40.0-255,66,4737,70,261400
35316,6.1e-05,172.217.194.0-255,7156,11893,70,261400
35317,6.5e-05,172.31.40.0-255,66,11959,70,261400
35318,6.9e-05,172.217.194.0-255,2022,13981,70,261400
35319,7.1e-05,172.31.40.0-255,66,14047,70,261400
35320,0.000792,172.217.194.0-255,1484,15531,70,261400
35321,0.000801,172.31.40.0-255,66,15597,70,261400
35322,0.00081,172.217.194.0-255,2902,18499,70,261400
35323,0.000812,172.31.40.0-255,66,18565,70,261400
35324,0.000825,172.217.194.0-255,5738,24303,70,261400
35325,0.000827,172.31.40.0-255,66,24369,70,261400
35326,0.000876,172.31.40.0-255,66,24435,70,261400
35327,0.000884,172.217.194.0-255,7156,31591,70,261400
35328,0.000886,172.31.40.0-255,66,31657,70,261400
35329,0.000953,172.217.194.0-255,7156,38813,70,261400
35330,0.000957,172.31.40.0-255,66,38879,70,261400
35331,0.000997,172.31.40.0-255,66,38945,70,261400
35332,0.000999,172.217.194.0-255,435,39380,70,261400
35333,0.001001,172.31.40.0-255,66,39446,70,261400
35334,0.001254,172.217.194.0-255,1484,40930,70,261400
35335,0.001261,172.31.40.0-255,66,40996,70,261400
35336,0.001267,172.217.194.0-255,2902,43898,70,261400
35337,0.00127,172.31.40.0-255,66,43964,70,261400
35338,0.001303,172.217.194.0-255,5738,49702,70,261400
35339,0.001306,172.31.40.0-255,66,49768,70,261400
35340,0.001324,172.31.40.0-255,66,49834,70,261400
35341,0.001333,172.217.194.0-255,8574,58408,70,261400
35342,0.001336,172.31.40.0-255,66,58474,70,261400
35343,0.001359,172.217.194.0-255,2184,60658,70,261400
35344,0.001362,172.31.40.0-255,66,60724,70,261400
35345,0.001433,172.217.194.0-255,1484,62208,70,261400
35346,0.001459,172.217.194.0-255,2902,65110,70,261400
35347,0.001462,172.31.40.0-255,66,65176,70,261400
35348,0.001464,172.217.194.0-255,1484,66660,70,261400
35349,0.001494,172.217.194.0-255,4320,70980,70,261400
35350,0.001497,172.31.40.0-255,66,71046,70,261400
35351,0.001506,172.217.194.0-255,9992,81038,70,261400
35352,0.001509,172.31.40.0-255,66,81104,70,261400
35353,0.001558,172.31.40.0-255,66,81170,70,261400
35354,0.001564,172.217.194.0-255,5738,86908,70,261400
35355,0.001567,172.31.40.0-255,66,86974,70,261400
35356,0.001603,172.217.194.0-255,8574,95548,70,261400
35357,0.001606,172.31.40.0-255,66,95614,70,261400
35358,0.001615,172.217.194.0-255,9992,105606,70,261400
35359,0.001618,172.31.40.0-255,66,105672,70,261400
35360,0.001644,172.217.194.0-255,5738,111410,70,261400
35361,0.001647,172.31.40.0-255,66,111476,70,261400
35362,0.001685,172.31.40.0-255,66,111542,70,261400
35363,0.001702,172.31.40.0-255,66,111608,70,261400
35364,0.001709,172.217.194.0-255,6438,118046,70,261400
35365,0.001712,172.31.40.0-255,66,118112,70,261400
35366,0.002142,172.217.194.0-255,1484,119596,70,261400
35367,0.002158,172.217.194.0-255,2902,122498,70,261400
35368,0.002161,172.31.40.0-255,66,122564,70,261400
35369,0.002211,172.217.194.0-255,4320,126884,70,261400
35370,0.002214,172.31.40.0-255,66,126950,70,261400
35371,0.002235,172.217.194.0-255,1484,128434,70,261400
35372,0.00225,172.31.40.0-255,66,128500,70,261400
35373,0.002253,172.217.194.0-255,1484,129984,70,261400
35374,0.002259,172.217.194.0-255,4320,134304,70,261400
35375,0.002261,172.31.40.0-255,66,134370,70,261400
35376,0.002298,172.217.194.0-255,5020,139390,70,261400
35377,0.002301,172.31.40.0-255,66,139456,70,261400
35378,0.004642,172.217.194.0-255,5738,145194,70,261400
35379,0.004649,172.31.40.0-255,66,145260,70,261400
35380,0.006982,172.217.194.0-255,5738,150998,70,261400
35381,0.006989,172.31.40.0-255,66,151064,70,261400
35382,0.009361,172.217.194.0-255,5738,156802,70,261400
35383,0.00937,172.31.40.0-255,66,156868,70,261400
35384,0.011738,172.217.194.0-255,5738,162606,70,261400
35385,0.011746,172.31.40.0-255,66,162672,70,261400
35386,0.014095,172.217.194.0-255,5738,168410,70,261400
35387,0.014103,172.31.40.0-255,66,168476,70,261400
35388,0.016449,172.217.194.0-255,5738,174214,70,261400
35389,0.016459,172.31.40.0-255,66,174280,70,261400
35390,0.018794,172.217.194.0-255,5738,180018,70,261400
35391,0.018803,172.31.40.0-255,66,180084,70,261400
35392,0.021161,172.217.194.0-255,5738,185822,70,261400
35393,0.021169,172.31.40.0-255,66,185888,70,261400
35394,0.023517,172.217.194.0-255,5738,191626,70,261400
35395,0.023526,172.31.40.0-255,66,191692,70,261400
35396,0.025896,172.217.194.0-255,5738,197430,70,261400
35397,0.025906,172.31.40.0-255,66,197496,70,261400
35398,0.028247,172.217.194.0-255,2902,200398,70,261400
35399,0.028253,172.31.40.0-255,66,200464,70,261400
35400,0.028282,172.217.194.0-255,2902,203366,70,261400
35401,0.028286,172.31.40.0-255,66,203432,70,261400
35402,0.029097,172.31.40.0-255,172,203604,70,261400
35403,0.029144,172.31.40.0-255,1117,204721,70,261400
35404,0.029208,172.31.40.0-255,1514,206235,70,261400
35405,0.02921,172.31.40.0-255,1514,207749,70,261400
35406,0.029211,172.31.40.0-255,845,208594,70,261400
35407,0.030586,172.217.194.0-255,2902,211496,70,261400
35408,0.030593,172.31.40.0-255,66,211562,70,261400
35409,0.03062,172.217.194.0-255,2902,214464,70,261400
35410,0.030623,172.31.40.0-255,66,214530,70,261400
35411,0.030644,104.244.42.0-255,66,214596,70,261400
35412,0.030678,104.244.42.0-255,66,214662,70,261400
35413,0.030775,104.244.42.0-255,66,214728,70,261400
35414,0.03078,104.244.42.0-255,66,214794,70,261400
35415,0.031491,104.244.42.0-255,108,214902,70,261400
35416,0.0315,172.31.40.0-255,66,214968,70,261400
35417,0.03296,172.217.194.0-255,5738,220706,70,261400
35418,0.032967,172.31.40.0-255,66,220772,70,261400
35419,0.035297,172.217.194.0-255,5738,226510,70,261400
35420,0.035303,172.31.40.0-255,66,226576,70,261400
35421,0.037653,172.217.194.0-255,5738,232314,70,261400
35422,0.037661,172.31.40.0-255,66,232380,70,261400
35423,0.040047,172.217.194.0-255,5738,238118,70,261400
35424,0.040057,172.31.40.0-255,66,238184,70,261400
35425,0.042393,172.217.194.0-255,5738,243922,70,261400
35426,0.042399,172.31.40.0-255,66,243988,70,261400
35427,0.044733,172.217.194.0-255,5738,249726,70,261400
35428,0.044739,172.31.40.0-255,66,249792,70,261400
35429,0.047093,172.217.194.0-255,5738,255530,70,261400
35430,0.0471,172.31.40.0-255,66,255596,70,261400
35431,0.049479,172.217.194.0-255,5738,261334,70,261400
35432,0.049486,172.31.40.0-255,66,261400,70,261400
35433,0.0,74.125.68.0-255,153,153,70,397258
35434,2.2e-05,172.31.40.0-255,66,219,70,397258
35435,2.9e-05,74.125.68.0-255,1484,1703,70,397258
35436,3.4e-05,172.31.40.0-255,66,1769,70,397258
35437,4.9e-05,74.125.68.0-255,2902,4671,70,397258
35438,5.2e-05,172.31.40.0-255,66,4737,70,397258
35439,8.9e-05,74.125.68.0-255,5738,10475,70,397258
35440,9.2e-05,172.31.40.0-255,66,10541,70,397258
35441,0.000126,74.125.68.0-255,3546,14087,70,397258
35442,0.000129,172.31.40.0-255,66,14153,70,397258
35443,0.000226,74.125.68.0-255,1484,15637,70,397258
35444,0.00023,172.31.40.0-255,66,15703,70,397258
35445,0.000236,74.125.68.0-255,2902,18605,70,397258
35446,0.000238,172.31.40.0-255,66,18671,70,397258
35447,0.000241,74.125.68.0-255,1484,20155,70,397258
35448,0.000243,172.31.40.0-255,66,20221,70,397258
35449,0.00027,74.125.68.0-255,2902,23123,70,397258
35450,0.000278,172.31.40.0-255,66,23189,70,397258
35451,0.000297,74.125.68.0-255,2902,26091,70,397258
35452,0.0003,172.31.40.0-255,66,26157,70,397258
35453,0.000329,74.125.68.0-255,2902,29059,70,397258
35454,0.000332,172.31.40.0-255,66,29125,70,397258
35455,0.000337,74.125.68.0-255,2543,31668,70,397258
35456,0.000339,172.31.40.0-255,66,31734,70,397258
35457,0.000373,74.125.68.0-255,9992,41726,70,397258
35458,0.000376,172.31.40.0-255,66,41792,70,397258
35459,0.000419,74.125.68.0-255,4320,46112,70,397258
35460,0.000422,172.31.40.0-255,66,46178,70,397258
35461,0.000448,74.125.68.0-255,2543,48721,70,397258
35462,0.000451,172.31.40.0-255,66,48787,70,397258
35463,0.000478,74.125.68.0-255,4320,53107,70,397258
35464,0.000481,172.31.40.0-255,66,53173,70,397258
35465,0.000487,74.125.68.0-255,5738,58911,70,397258
35466,0.000512,74.125.68.0-255,4320,63231,70,397258
35467,0.000531,74.125.68.0-255,2543,65774,70,397258
35468,0.000552,74.125.68.0-255,646,66420,70,397258
35469,0.000785,172.31.40.0-255,66,66486,70,397258
35470,0.000842,74.125.68.0-255,1484,67970,70,397258
35471,0.000849,74.125.68.0-255,2902,70872,70,397258
35472,0.000864,172.31.40.0-255,66,70938,70,397258
35473,0.000868,74.125.68.0-255,2902,73840,70,397258
35474,0.000873,172.31.40.0-255,66,73906,70,397258
35475,0.0009,74.125.68.0-255,4320,78226,70,397258
35476,0.000904,74.125.68.0-255,1484,79710,70,397258
35477,0.000921,74.125.68.0-255,7156,86866,70,397258
35478,0.000931,172.31.40.0-255,66,86932,70,397258
35479,0.000945,74.125.68.0-255,5738,92670,70,397258
35480,0.00097,74.125.68.0-255,4320,96990,70,397258
35481,0.000975,74.125.68.0-255,3602,100592,70,397258
35482,0.000993,172.31.40.0-255,66,100658,70,397258
35483,0.001347,74.125.68.0-255,1484,102142,70,397258
35484,0.00137,74.125.68.0-255,2902,105044,70,397258
35485,0.001374,172.31.40.0-255,66,105110,70,397258
35486,0.001379,74.125.68.0-255,2902,108012,70,397258
35487,0.001403,74.125.68.0-255,1484,109496,70,397258
35488,0.001411,74.125.68.0-255,8574,118070,70,397258
35489,0.001415,74.125.68.0-255,2902,120972,70,397258
35490,0.001421,172.31.40.0-255,66,121038,70,397258
35491,0.00145,74.125.68.0-255,4320,125358,70,397258
35492,0.001454,74.125.68.0-255,2902,128260,70,397258
35493,0.00147,74.125.68.0-255,4320,132580,70,397258
35494,0.001475,172.31.40.0-255,66,132646,70,397258
35495,0.001509,74.125.68.0-255,7307,139953,70,397258
35496,0.001514,74.125.68.0-255,2902,142855,70,397258
35497,0.00153,74.125.68.0-255,4320,147175,70,397258
35498,0.001534,172.31.40.0-255,66,147241,70,397258
35499,0.001546,74.125.68.0-255,2902,150143,70,397258
35500,0.001568,74.125.68.0-255,5738,155881,70,397258
35501,0.001572,74.125.68.0-255,2902,158783,70,397258
35502,0.001627,74.125.68.0-255,9274,168057,70,397258
35503,0.001631,172.31.40.0-255,66,168123,70,397258
35504,0.001641,172.31.40.0-255,66,168189,70,397258
35505,0.001666,74.125.68.0-255,1484,169673,70,397258
35506,0.001681,74.125.68.0-255,2902,172575,70,397258
35507,0.001688,172.31.40.0-255,66,172641,70,397258
35508,0.001697,74.125.68.0-255,1484,174125,70,397258
35509,0.001719,74.125.68.0-255,4320,178445,70,397258
35510,0.001723,74.125.68.0-255,2902,181347,70,397258
35511,0.001732,172.31.40.0-255,66,181413,70,397258
35512,0.00179,74.125.68.0-255,3961,185374,70,397258
35513,0.001795,74.125.68.0-255,1484,186858,70,397258
35514,0.001815,74.125.68.0-255,2902,189760,70,397258
35515,0.001825,74.125.68.0-255,9992,199752,70,397258
35516,0.00183,74.125.68.0-255,4320,204072,70,397258
35517,0.001845,172.31.40.0-255,66,204138,70,397258
35518,0.001879,74.125.68.0-255,5738,209876,70,397258
35519,0.001899,74.125.68.0-255,9274,219150,70,397258
35520,0.001904,172.31.40.0-255,66,219216,70,397258
35521,0.001928,74.125.68.0-255,1484,220700,70,397258
35522,0.001933,74.125.68.0-255,2902,223602,70,397258
35523,0.001951,172.31.40.0-255,66,223668,70,397258
35524,0.001963,74.125.68.0-255,5738,229406,70,397258
35525,0.001984,74.125.68.0-255,2902,232308,70,397258
35526,0.001995,172.31.40.0-255,66,232374,70,397258
35527,0.002006,74.125.68.0-255,5738,238112,70,397258
35528,0.002013,74.125.68.0-255,7156,245268,70,397258
35529,0.002028,172.31.40.0-255,66,245334,70,397258
35530,0.002037,74.125.68.0-255,2902,248236,70,397258
35531,0.002046,74.125.68.0-255,5020,253256,70,397258
35532,0.00207,172.31.40.0-255,66,253322,70,397258
35533,0.002095,74.125.68.0-255,1484,254806,70,397258
35534,0.002114,74.125.68.0-255,2902,257708,70,397258
35535,0.002118,74.125.68.0-255,1484,259192,70,397258
35536,0.002127,172.31.40.0-255,66,259258,70,397258
35537,0.002136,74.125.68.0-255,2902,262160,70,397258
35538,0.002147,74.125.68.0-255,5738,267898,70,397258
35539,0.002152,172.31.40.0-255,66,267964,70,397258
35540,0.002159,74.125.68.0-255,1484,269448,70,397258
35541,0.002191,74.125.68.0-255,9992,279440,70,397258
35542,0.002196,74.125.68.0-255,4320,283760,70,397258
35543,0.002211,172.31.40.0-255,66,283826,70,397258
35544,0.002239,74.125.68.0-255,3602,287428,70,397258
35545,0.00225,172.31.40.0-255,66,287494,70,397258
35546,0.002294,74.125.68.0-255,1484,288978,70,397258
35547,0.002298,74.125.68.0-255,1484,290462,70,397258
35548,0.00231,172.31.40.0-255,66,290528,70,397258
35549,0.00232,74.125.68.0-255,1484,292012,70,397258
35550,0.00233,74.125.68.0-255,5738,297750,70,397258
35551,0.002334,74.125.68.0-255,2902,300652,70,397258
35552,0.002339,74.125.68.0-255,2902,303554,70,397258
35553,0.002355,74.125.68.0-255,1484,305038,70,397258
35554,0.002364,172.31.40.0-255,66,305104,70,397258
35555,0.002394,74.125.68.0-255,8574,313678,70,397258
35556,0.002401,74.125.68.0-255,5738,319416,70,397258
35557,0.002412,172.31.40.0-255,66,319482,70,397258
35558,0.002436,74.125.68.0-255,2184,321666,70,397258
35559,0.002454,172.31.40.0-255,66,321732,70,397258
35560,0.00248,74.125.68.0-255,1484,323216,70,397258
35561,0.002495,74.125.68.0-255,1484,324700,70,397258
35562,0.002511,172.31.40.0-255,66,324766,70,397258
35563,0.002514,74.125.68.0-255,1484,326250,70,397258
35564,0.002518,74.125.68.0-255,2902,329152,70,397258
35565,0.002528,74.125.68.0-255,4320,333472,70,397258
35566,0.002535,172.31.40.0-255,66,333538,70,397258
35567,0.002543,74.125.68.0-255,1484,335022,70,397258
35568,0.002558,74.125.68.0-255,9992,345014,70,397258
35569,0.00261,74.125.68.0-255,10692,355706,70,397258
35570,0.002613,74.125.68.0-255,1484,357190,70,397258
35571,0.002632,74.125.68.0-255,2902,360092,70,397258
35572,0.002634,74.125.68.0-255,1484,361576,70,397258
35573,0.002639,172.31.40.0-255,66,361642,70,397258
35574,0.005242,74.125.68.0-255,5738,367380,70,397258
35575,0.005252,172.31.40.0-255,66,367446,70,397258
35576,0.007862,74.125.68.0-255,5738,373184,70,397258
35577,0.007879,172.31.40.0-255,66,373250,70,397258
35578,0.010487,74.125.68.0-255,5738,378988,70,397258
35579,0.010506,172.31.40.0-255,66,379054,70,397258
35580,0.013103,74.125.68.0-255,5738,384792,70,397258
35581,0.013113,172.31.40.0-255,66,384858,70,397258
35582,0.015743,74.125.68.0-255,5738,390596,70,397258
35583,0.015764,172.31.40.0-255,66,390662,70,397258
35584,0.018369,74.125.68.0-255,5738,396400,70,397258
35585,0.018388,172.31.40.0-255,66,396466,70,397258
35586,0.020954,74.125.68.0-255,555,397021,70,397258
35587,0.021494,172.31.40.0-255,66,397087,70,397258
35588,0.021537,172.31.40.0-255,105,397192,70,397258
35589,0.024117,74.125.68.0-255,66,397258,70,397258
35590,0.0,172.217.194.0-255,297,297,70,227135
35591,2.4e-05,172.31.40.0-255,66,363,70,227135
35592,3.1e-05,172.217.194.0-255,1484,1847,70,227135
35593,3.5e-05,172.31.40.0-255,66,1913,70,227135
35594,5e-05,172.217.194.0-255,4320,6233,70,227135
35595,5.3e-05,172.31.40.0-255,66,6299,70,227135
35596,5.9e-05,172.217.194.0-255,4320,10619,70,227135
35597,6.1e-05,172.31.40.0-255,66,10685,70,227135
35598,7.2e-05,172.217.194.0-255,10220,20905,70,227135
35599,7.5e-05,172.31.40.0-255,66,20971,70,227135
35600,8.1e-05,172.217.194.0-255,5738,26709,70,227135
35601,8.4e-05,172.31.40.0-255,66,26775,70,227135
35602,0.000108,172.217.194.0-255,3961,30736,70,227135
35603,0.000116,172.31.40.0-255,66,30802,70,227135
35604,0.000205,172.217.194.0-255,1484,32286,70,227135
35605,0.000208,172.31.40.0-255,66,32352,70,227135
35606,0.000212,172.217.194.0-255,1484,33836,70,227135
35607,0.000215,172.31.40.0-255,66,33902,70,227135
35608,0.000237,172.217.194.0-255,1484,35386,70,227135
35609,0.000239,172.31.40.0-255,66,35452,70,227135
35610,0.000243,172.217.194.0-255,1484,36936,70,227135
35611,0.000245,172.31.40.0-255,66,37002,70,227135
35612,0.000253,172.217.194.0-255,2902,39904,70,227135
35613,0.000256,172.31.40.0-255,66,39970,70,227135
35614,0.000263,172.217.194.0-255,5738,45708,70,227135
35615,0.000265,172.31.40.0-255,66,45774,70,227135
35616,0.000294,172.217.194.0-255,6797,52571,70,227135
35617,0.000297,172.31.40.0-255,66,52637,70,227135
35618,0.000304,172.217.194.0-255,7156,59793,70,227135
35619,0.000306,172.31.40.0-255,66,59859,70,227135
35620,0.000338,172.217.194.0-255,5379,65238,70,227135
35621,0.000341,172.31.40.0-255,66,65304,70,227135
35622,0.000389,172.217.194.0-255,6319,71623,70,227135
35623,0.000392,172.31.40.0-255,66,71689,70,227135
35624,0.000399,172.217.194.0-255,5738,77427,70,227135
35625,0.000401,172.31.40.0-255,66,77493,70,227135
35626,0.000446,172.217.194.0-255,5738,83231,70,227135
35627,0.000449,172.31.40.0-255,66,83297,70,227135
35628,0.000492,172.217.194.0-255,8215,91512,70,227135
35629,0.000495,172.31.40.0-255,66,91578,70,227135
35630,0.000503,172.217.194.0-255,8215,99793,70,227135
35631,0.000505,172.31.40.0-255,66,99859,70,227135
35632,0.00079,172.217.194.0-255,1484,101343,70,227135
35633,0.000814,172.217.194.0-255,2902,104245,70,227135
35634,0.000817,172.31.40.0-255,66,104311,70,227135
35635,0.000825,172.217.194.0-255,5738,110049,70,227135
35636,0.000861,172.217.194.0-255,7156,117205,70,227135
35637,0.000867,172.31.40.0-255,66,117271,70,227135
35638,0.000876,172.217.194.0-255,3602,120873,70,227135
35639,0.000886,172.31.40.0-255,66,120939,70,227135
35640,0.000903,172.217.194.0-255,1484,122423,70,227135
35641,0.000908,172.217.194.0-255,2902,125325,70,227135
35642,0.000961,172.217.194.0-255,5738,131063,70,227135
35643,0.000984,172.217.194.0-255,10692,141755,70,227135
35644,0.001,172.31.40.0-255,66,141821,70,227135
35645,0.001167,172.217.194.0-255,1484,143305,70,227135
35646,0.001185,172.217.194.0-255,2902,146207,70,227135
35647,0.001188,172.31.40.0-255,66,146273,70,227135
35648,0.001195,172.217.194.0-255,5738,152011,70,227135
35649,0.001228,172.31.40.0-255,66,152077,70,227135
35650,0.001237,172.217.194.0-255,1484,153561,70,227135
35651,0.001262,172.217.194.0-255,2902,156463,70,227135
35652,0.001273,172.31.40.0-255,66,156529,70,227135
35653,0.001286,172.217.194.0-255,7856,164385,70,227135
35654,0.001296,172.31.40.0-255,66,164451,70,227135
35655,0.001412,172.217.194.0-255,1484,165935,70,227135
35656,0.001417,172.217.194.0-255,1484,167419,70,227135
35657,0.00142,172.31.40.0-255,66,167485,70,227135
35658,0.001444,172.217.194.0-255,1484,168969,70,227135
35659,0.001451,172.217.194.0-255,5738,174707,70,227135
35660,0.001464,172.31.40.0-255,66,174773,70,227135
35661,0.001482,172.217.194.0-255,9992,184765,70,227135
35662,0.001496,172.217.194.0-255,9992,194757,70,227135
35663,0.001503,172.31.40.0-255,66,194823,70,227135
35664,0.00151,172.217.194.0-255,1484,196307,70,227135
35665,0.001517,172.217.194.0-255,5738,202045,70,227135
35666,0.001541,172.217.194.0-255,5020,207065,70,227135
35667,0.001584,172.217.194.0-255,5738,212803,70,227135
35668,0.001588,172.31.40.0-255,66,212869,70,227135
35669,0.001593,172.31.40.0-255,66,212935,70,227135
35670,0.001609,172.217.194.0-255,7856,220791,70,227135
35671,0.001635,172.217.194.0-255,2902,223693,70,227135
35672,0.00164,172.217.194.0-255,2902,226595,70,227135
35673,0.001655,172.31.40.0-255,66,226661,70,227135
35674,0.001677,172.31.40.0-255,66,226727,70,227135
35675,0.001783,172.31.40.0-255,66,226793,70,227135
35676,0.001859,172.217.194.0-255,105,226898,70,227135
35677,0.001876,172.31.40.0-255,66,226964,70,227135
35678,0.023668,172.31.40.0-255,105,227069,70,227135
35679,0.025949,172.217.194.0-255,66,227135,70,227135
35680,0.0,172.217.194.0-255,152,152,70,275225
35681,2.4e-05,172.31.40.0-255,66,218,70,275225
35682,3.2e-05,172.217.194.0-255,1484,1702,70,275225
35683,3.7e-05,172.31.40.0-255,66,1768,70,275225
35684,5e-05,172.217.194.0-255,2902,4670,70,275225
35685,5.5e-05,172.31.40.0-255,66,4736,70,275225
35686,5.9e-05,172.217.194.0-255,2902,7638,70,275225
35687,6.3e-05,172.31.40.0-255,66,7704,70,275225
35688,0.000103,172.217.194.0-255,6318,14022,70,275225
35689,0.000106,172.31.40.0-255,66,14088,70,275225
35690,0.00013,172.217.194.0-255,1484,15572,70,275225
35691,0.000132,172.31.40.0-255,66,15638,70,275225
35692,0.000138,172.217.194.0-255,2902,18540,70,275225
35693,0.00014,172.31.40.0-255,66,18606,70,275225
35694,0.00017,172.217.194.0-255,5738,24344,70,275225
35695,0.000174,172.31.40.0-255,66,24410,70,275225
35696,0.000206,172.217.194.0-255,4320,28730,70,275225
35697,0.000208,172.31.40.0-255,66,28796,70,275225
35698,0.00022,172.217.194.0-255,2543,31339,70,275225
35699,0.000222,172.31.40.0-255,66,31405,70,275225
35700,0.000313,172.217.194.0-255,1484,32889,70,275225
35701,0.000316,172.31.40.0-255,66,32955,70,275225
35702,0.000347,172.217.194.0-255,2902,35857,70,275225
35703,0.00035,172.31.40.0-255,66,35923,70,275225
35704,0.000356,172.217.194.0-255,5738,41661,70,275225
35705,0.000358,172.31.40.0-255,66,41727,70,275225
35706,0.000379,172.217.194.0-255,4320,46047,70,275225
35707,0.000382,172.31.40.0-255,66,46113,70,275225
35708,0.000415,172.217.194.0-255,5379,51492,70,275225
35709,0.000418,172.31.40.0-255,66,51558,70,275225
35710,0.000428,172.217.194.0-255,9992,61550,70,275225
35711,0.00043,172.31.40.0-255,66,61616,70,275225
35712,0.000435,172.217.194.0-255,4241,65857,70,275225
35713,0.000437,172.31.40.0-255,66,65923,70,275225
35714,0.000483,172.217.194.0-255,398,66321,70,275225
35715,0.000517,172.217.194.0-255,1484,67805,70,275225
35716,0.000519,172.31.40.0-255,66,67871,70,275225
35717,0.000523,172.217.194.0-255,1484,69355,70,275225
35718,0.000549,172.217.194.0-255,4320,73675,70,275225
35719,0.000552,172.31.40.0-255,66,73741,70,275225
35720,0.000587,172.31.40.0-255,66,73807,70,275225
35721,0.000597,172.217.194.0-255,9992,83799,70,275225
35722,0.000599,172.31.40.0-255,66,83865,70,275225
35723,0.000623,172.217.194.0-255,1484,85349,70,275225
35724,0.000647,172.217.194.0-255,3961,89310,70,275225
35725,0.00065,172.31.40.0-255,66,89376,70,275225
35726,0.001002,172.217.194.0-255,1484,90860,70,275225
35727,0.001009,172.217.194.0-255,2902,93762,70,275225
35728,0.001013,172.31.40.0-255,66,93828,70,275225
35729,0.00102,172.217.194.0-255,5738,99566,70,275225
35730,0.001022,172.31.40.0-255,66,99632,70,275225
35731,0.001025,172.217.194.0-255,1484,101116,70,275225
35732,0.00105,172.217.194.0-255,4320,105436,70,275225
35733,0.001056,172.31.40.0-255,66,105502,70,275225
35734,0.001064,172.217.194.0-255,5738,111240,70,275225
35735,0.001066,172.31.40.0-255,66,111306,70,275225
35736,0.001122,172.217.194.0-255,7156,118462,70,275225
35737,0.001127,172.31.40.0-255,66,118528,70,275225
35738,0.001136,172.217.194.0-255,5020,123548,70,275225
35739,0.001139,172.31.40.0-255,66,123614,70,275225
35740,0.001141,172.217.194.0-255,1484,125098,70,275225
35741,0.001175,172.217.194.0-255,2902,128000,70,275225
35742,0.001179,172.31.40.0-255,66,128066,70,275225
35743,0.001185,172.217.194.0-255,5738,133804,70,275225
35744,0.001188,172.31.40.0-255,66,133870,70,275225
35745,0.001208,172.217.194.0-255,9992,143862,70,275225
35746,0.001215,172.31.40.0-255,66,143928,70,275225
35747,0.001297,172.217.194.0-255,9274,153202,70,275225
35748,0.001307,172.217.194.0-255,9274,162476,70,275225
35749,0.001327,172.31.40.0-255,66,162542,70,275225
35750,0.001481,172.217.194.0-255,1484,164026,70,275225
35751,0.001487,172.217.194.0-255,2902,166928,70,275225
35752,0.001491,172.217.194.0-255,2902,169830,70,275225
35753,0.001495,172.31.40.0-255,66,169896,70,275225
35754,0.001513,172.217.194.0-255,2902,172798,70,275225
35755,0.001577,172.31.40.0-255,66,172864,70,275225
35756,0.00158,172.217.194.0-255,1484,174348,70,275225
35757,0.001594,172.217.194.0-255,10692,185040,70,275225
35758,0.001601,172.31.40.0-255,66,185106,70,275225
35759,0.001624,172.217.194.0-255,1484,186590,70,275225
35760,0.001629,172.217.194.0-255,2902,189492,70,275225
35761,0.001649,172.217.194.0-255,4320,193812,70,275225
35762,0.001659,172.217.194.0-255,1484,195296,70,275225
35763,0.001661,172.217.194.0-255,1484,196780,70,275225
35764,0.001663,172.31.40.0-255,66,196846,70,275225
35765,0.001675,172.217.194.0-255,5738,202584,70,275225
35766,0.001678,172.31.40.0-255,66,202650,70,275225
35767,0.001707,172.217.194.0-255,4320,206970,70,275225
35768,0.001714,172.217.194.0-255,7156,214126,70,275225
35769,0.001729,172.217.194.0-255,5738,219864,70,275225
35770,0.001738,172.31.40.0-255,66,219930,70,275225
35771,0.001744,172.217.194.0-255,6438,226368,70,275225
35772,0.001749,172.217.194.0-255,5738,232106,70,275225
35773,0.001769,172.217.194.0-255,7156,239262,70,275225
35774,0.001773,172.31.40.0-255,66,239328,70,275225
35775,0.001781,172.217.194.0-255,4320,243648,70,275225
35776,0.001794,172.31.40.0-255,66,243714,70,275225
35777,0.001856,172.31.40.0-255,66,243780,70,275225
35778,0.001866,172.217.194.0-255,5020,248800,70,275225
35779,0.001873,172.217.194.0-255,4320,253120,70,275225
35780,0.001879,172.31.40.0-255,66,253186,70,275225
35781,0.001909,172.217.194.0-255,8574,261760,70,275225
35782,0.001923,172.217.194.0-255,2902,264662,70,275225
35783,0.001928,172.31.40.0-255,66,264728,70,275225
35784,0.001956,172.217.194.0-255,9992,274720,70,275225
35785,0.001963,172.31.40.0-255,66,274786,70,275225
35786,0.002011,172.217.194.0-255,97,274883,70,275225
35787,0.002013,172.217.194.0-255,105,274988,70,275225
35788,0.00202,172.31.40.0-255,66,275054,70,275225
35789,0.017209,172.31.40.0-255,105,275159,70,275225
35790,0.0195,172.217.194.0-255,66,275225,70,275225
35791,0.0,172.217.194.0-255,146,146,70,306992
35792,3.2e-05,172.31.40.0-255,66,212,70,306992
35793,3.9e-05,172.217.194.0-255,1484,1696,70,306992
35794,4.3e-05,172.31.40.0-255,66,1762,70,306992
35795,4.7e-05,172.217.194.0-255,2902,4664,70,306992
35796,5e-05,172.31.40.0-255,66,4730,70,306992
35797,5.8e-05,172.217.194.0-255,7156,11886,70,306992
35798,6e-05,172.31.40.0-255,66,11952,70,306992
35799,6.4e-05,172.217.194.0-255,2021,13973,70,306992
35800,6.6e-05,172.31.40.0-255,66,14039,70,306992
35801,0.000123,172.217.194.0-255,4320,18359,70,306992
35802,0.000127,172.31.40.0-255,66,18425,70,306992
35803,0.000139,172.217.194.0-255,1484,19909,70,306992
35804,0.000141,172.31.40.0-255,66,19975,70,306992
35805,0.000161,172.217.194.0-255,4320,24295,70,306992
35806,0.000164,172.31.40.0-255,66,24361,70,306992
35807,0.000174,172.217.194.0-255,8574,32935,70,306992
35808,0.000176,172.31.40.0-255,66,33001,70,306992
35809,0.000187,172.217.194.0-255,2543,35544,70,306992
35810,0.000189,172.31.40.0-255,66,35610,70,306992
35811,0.000199,172.217.194.0-255,8574,44184,70,306992
35812,0.000201,172.31.40.0-255,66,44250,70,306992
35813,0.000226,172.217.194.0-255,2902,47152,70,306992
35814,0.000229,172.31.40.0-255,66,47218,70,306992
35815,0.000231,172.217.194.0-255,1125,48343,70,306992
35816,0.000233,172.31.40.0-255,66,48409,70,306992
35817,0.000249,172.217.194.0-255,1484,49893,70,306992
35818,0.000252,172.31.40.0-255,66,49959,70,306992
35819,0.000257,172.217.194.0-255,4320,54279,70,306992
35820,0.00026,172.31.40.0-255,66,54345,70,306992
35821,0.000265,172.217.194.0-255,5738,60083,70,306992
35822,0.000268,172.31.40.0-255,66,60149,70,306992
35823,0.000296,172.217.194.0-255,2902,63051,70,306992
35824,0.000299,172.31.40.0-255,66,63117,70,306992
35825,0.000312,172.217.194.0-255,3154,66271,70,306992
35826,0.000314,172.31.40.0-255,66,66337,70,306992
35827,0.000855,172.217.194.0-255,1484,67821,70,306992
35828,0.000862,172.217.194.0-255,2902,70723,70,306992
35829,0.000865,172.31.40.0-255,66,70789,70,306992
35830,0.000874,172.217.194.0-255,5738,76527,70,306992
35831,0.000876,172.31.40.0-255,66,76593,70,306992
35832,0.000882,172.217.194.0-255,2902,79495,70,306992
35833,0.000884,172.31.40.0-255,66,79561,70,306992
35834,0.000908,172.217.194.0-255,4320,83881,70,306992
35835,0.000912,172.31.40.0-255,66,83947,70,306992
35836,0.000919,172.217.194.0-255,7156,91103,70,306992
35837,0.000921,172.31.40.0-255,66,91169,70,306992
35838,0.000939,172.217.194.0-255,7156,98325,70,306992
35839,0.000942,172.31.40.0-255,66,98391,70,306992
35840,0.000946,172.217.194.0-255,2184,100575,70,306992
35841,0.00095,172.31.40.0-255,66,100641,70,306992
35842,0.00168,172.217.194.0-255,1484,102125,70,306992
35843,0.001692,172.217.194.0-255,2902,105027,70,306992
35844,0.001697,172.31.40.0-255,66,105093,70,306992
35845,0.001704,172.217.194.0-255,2902,107995,70,306992
35846,0.001705,172.31.40.0-255,66,108061,70,306992
35847,0.00172,172.217.194.0-255,2902,110963,70,306992
35848,0.001723,172.31.40.0-255,66,111029,70,306992
35849,0.001731,172.217.194.0-255,7156,118185,70,306992
35850,0.001733,172.31.40.0-255,66,118251,70,306992
35851,0.001738,172.217.194.0-255,2902,121153,70,306992
35852,0.001739,172.31.40.0-255,66,121219,70,306992
35853,0.001766,172.31.40.0-255,66,121285,70,306992
35854,0.00177,172.217.194.0-255,2184,123469,70,306992
35855,0.001771,172.31.40.0-255,66,123535,70,306992
35856,0.001858,172.217.194.0-255,1484,125019,70,306992
35857,0.001863,172.217.194.0-255,2902,127921,70,306992
35858,0.001867,172.31.40.0-255,66,127987,70,306992
35859,0.001892,172.217.194.0-255,5738,133725,70,306992
35860,0.001895,172.31.40.0-255,66,133791,70,306992
35861,0.001898,172.217.194.0-255,1484,135275,70,306992
35862,0.001932,172.31.40.0-255,66,135341,70,306992
35863,0.001935,172.217.194.0-255,1484,136825,70,306992
35864,0.001974,172.217.194.0-255,5738,142563,70,306992
35865,0.001977,172.31.40.0-255,66,142629,70,306992
35866,0.001994,172.217.194.0-255,3602,146231,70,306992
35867,0.001996,172.31.40.0-255,66,146297,70,306992
35868,0.002068,172.217.194.0-255,1484,147781,70,306992
35869,0.002073,172.217.194.0-255,2902,150683,70,306992
35870,0.002075,172.31.40.0-255,66,150749,70,306992
35871,0.002099,172.217.194.0-255,5738,156487,70,306992
35872,0.002101,172.31.40.0-255,66,156553,70,306992
35873,0.002104,172.217.194.0-255,1484,158037,70,306992
35874,0.00213,172.31.40.0-255,66,158103,70,306992
35875,0.002137,172.217.194.0-255,8574,166677,70,306992
35876,0.002139,172.31.40.0-255,66,166743,70,306992
35877,0.002167,172.217.194.0-255,2184,168927,70,306992
35878,0.002169,172.31.40.0-255,66,168993,70,306992
35879,0.002173,172.217.194.0-255,2902,171895,70,306992
35880,0.002175,172.31.40.0-255,66,171961,70,306992
35881,0.00223,172.217.194.0-255,7156,179117,70,306992
35882,0.002232,172.31.40.0-255,66,179183,70,306992
35883,0.002246,172.31.40.0-255,66,179249,70,306992
35884,0.002253,172.217.194.0-255,7856,187105,70,306992
35885,0.002255,172.31.40.0-255,66,187171,70,306992
35886,0.002282,172.217.194.0-255,1484,188655,70,306992
35887,0.002338,172.31.40.0-255,66,188721,70,306992
35888,0.002352,172.217.194.0-255,2902,191623,70,306992
35889,0.002383,172.217.194.0-255,9992,201615,70,306992
35890,0.002401,172.217.194.0-255,5738,207353,70,306992
35891,0.00331,172.31.40.0-255,66,207419,70,306992
35892,0.005625,172.217.194.0-255,5738,213157,70,306992
35893,0.005631,172.31.40.0-255,66,213223,70,306992
35894,0.007961,172.217.194.0-255,5738,218961,70,306992
35895,0.007965,172.31.40.0-255,66,219027,70,306992
35896,0.010274,172.217.194.0-255,4320,223347,70,306992
35897,0.010279,172.31.40.0-255,66,223413,70,306992
35898,0.010309,172.217.194.0-255,1484,224897,70,306992
35899,0.012605,172.217.194.0-255,4320,229217,70,306992
35900,0.012611,172.31.40.0-255,66,229283,70,306992
35901,0.014946,172.217.194.0-255,5738,235021,70,306992
35902,0.014952,172.31.40.0-255,66,235087,70,306992
35903,0.017275,172.217.194.0-255,5738,240825,70,306992
35904,0.017281,172.31.40.0-255,66,240891,70,306992
35905,0.019622,172.217.194.0-255,5738,246629,70,306992
35906,0.019629,172.31.40.0-255,66,246695,70,306992
35907,0.021969,172.217.194.0-255,5738,252433,70,306992
35908,0.021978,172.31.40.0-255,66,252499,70,306992
35909,0.024298,172.217.194.0-255,5738,258237,70,306992
35910,0.024312,172.31.40.0-255,66,258303,70,306992
35911,0.026665,172.217.194.0-255,5738,264041,70,306992
35912,0.026672,172.31.40.0-255,66,264107,70,306992
35913,0.02774,172.31.40.0-255,172,264279,70,306992
35914,0.02777,172.31.40.0-255,1118,265397,70,306992
35915,0.027812,172.31.40.0-255,1514,266911,70,306992
35916,0.027813,172.31.40.0-255,1514,268425,70,306992
35917,0.027814,172.31.40.0-255,844,269269,70,306992
35918,0.029001,172.217.194.0-255,5738,275007,70,306992
35919,0.029007,172.31.40.0-255,66,275073,70,306992
35920,0.029262,104.244.42.0-255,66,275139,70,306992
35921,0.029448,104.244.42.0-255,66,275205,70,306992
35922,0.029454,104.244.42.0-255,66,275271,70,306992
35923,0.029457,104.244.42.0-255,66,275337,70,306992
35924,0.031317,172.217.194.0-255,5738,281075,70,306992
35925,0.031321,172.31.40.0-255,66,281141,70,306992
35926,0.033638,172.217.194.0-255,4320,285461,70,306992
35927,0.033642,172.31.40.0-255,66,285527,70,306992
35928,0.033672,172.217.194.0-255,1484,287011,70,306992
35929,0.035972,172.217.194.0-255,4320,291331,70,306992
35930,0.035978,172.31.40.0-255,66,291397,70,306992
35931,0.038307,172.217.194.0-255,5738,297135,70,306992
35932,0.038311,172.31.40.0-255,66,297201,70,306992
35933,0.040603,172.217.194.0-255,5738,302939,70,306992
35934,0.040608,172.31.40.0-255,66,303005,70,306992
35935,0.042922,172.217.194.0-255,3750,306755,70,306992
35936,0.042926,172.31.40.0-255,66,306821,70,306992
35937,0.043082,172.31.40.0-255,105,306926,70,306992
35938,0.045359,172.217.194.0-255,66,306992,70,306992
35939,0.0,172.217.194.0-255,150,150,70,200635
35940,2.3e-05,172.31.40.0-255,66,216,70,200635
35941,3.1e-05,172.217.194.0-255,1484,1700,70,200635
35942,3.6e-05,172.31.40.0-255,66,1766,70,200635
35943,4.9e-05,172.217.194.0-255,2902,4668,70,200635
35944,5.3e-05,172.31.40.0-255,66,4734,70,200635
35945,6.1e-05,172.217.194.0-255,7156,11890,70,200635
35946,6.4e-05,172.31.40.0-255,66,11956,70,200635
35947,6.8e-05,172.217.194.0-255,2016,13972,70,200635
35948,7.2e-05,172.31.40.0-255,66,14038,70,200635
35949,0.000696,172.217.194.0-255,1484,15522,70,200635
35950,0.000703,172.31.40.0-255,66,15588,70,200635
35951,0.000712,172.217.194.0-255,2902,18490,70,200635
35952,0.000714,172.31.40.0-255,66,18556,70,200635
35953,0.000727,172.217.194.0-255,5738,24294,70,200635
35954,0.000729,172.31.40.0-255,66,24360,70,200635
35955,0.000734,172.217.194.0-255,2902,27262,70,200635
35956,0.000736,172.31.40.0-255,66,27328,70,200635
35957,0.000767,172.217.194.0-255,3961,31289,70,200635
35958,0.000771,172.31.40.0-255,66,31355,70,200635
35959,0.000964,172.217.194.0-255,1484,32839,70,200635
35960,0.00097,172.31.40.0-255,66,32905,70,200635
35961,0.000977,172.217.194.0-255,2902,35807,70,200635
35962,0.000979,172.31.40.0-255,66,35873,70,200635
35963,0.000989,172.217.194.0-255,2902,38775,70,200635
35964,0.000992,172.31.40.0-255,66,38841,70,200635
35965,0.001019,172.217.194.0-255,2902,41743,70,200635
35966,0.001022,172.31.40.0-255,66,41809,70,200635
35967,0.001027,172.217.194.0-255,2902,44711,70,200635
35968,0.001028,172.31.40.0-255,66,44777,70,200635
35969,0.001042,172.31.40.0-255,66,44843,70,200635
35970,0.001078,172.217.194.0-255,9911,54754,70,200635
35971,0.001081,172.31.40.0-255,66,54820,70,200635
35972,0.001479,172.217.194.0-255,376,55196,70,200635
35973,0.001775,172.217.194.0-255,1484,56680,70,200635
35974,0.00178,172.31.40.0-255,66,56746,70,200635
35975,0.001786,172.217.194.0-255,2902,59648,70,200635
35976,0.00179,172.31.40.0-255,66,59714,70,200635
35977,0.001793,172.217.194.0-255,1484,61198,70,200635
35978,0.00182,172.217.194.0-255,4320,65518,70,200635
35979,0.001823,172.31.40.0-255,66,65584,70,200635
35980,0.001835,172.217.194.0-255,7156,72740,70,200635
35981,0.001837,172.31.40.0-255,66,72806,70,200635
35982,0.001844,172.217.194.0-255,5738,78544,70,200635
35983,0.001847,172.31.40.0-255,66,78610,70,200635
35984,0.001879,172.217.194.0-255,8574,87184,70,200635
35985,0.001882,172.31.40.0-255,66,87250,70,200635
35986,0.001886,172.217.194.0-255,2184,89434,70,200635
35987,0.001888,172.31.40.0-255,66,89500,70,200635
35988,0.004435,172.217.194.0-255,5738,95238,70,200635
35989,0.004442,172.31.40.0-255,66,95304,70,200635
35990,0.006999,172.217.194.0-255,5738,101042,70,200635
35991,0.007007,172.31.40.0-255,66,101108,70,200635
35992,0.00955,172.217.194.0-255,5738,106846,70,200635
35993,0.009557,172.31.40.0-255,66,106912,70,200635
35994,0.012152,172.217.194.0-255,5738,112650,70,200635
35995,0.01216,172.31.40.0-255,66,112716,70,200635
35996,0.014722,172.217.194.0-255,5738,118454,70,200635
35997,0.014732,172.31.40.0-255,66,118520,70,200635
35998,0.017281,172.217.194.0-255,5738,124258,70,200635
35999,0.01729,172.31.40.0-255,66,124324,70,200635
36000,0.019835,172.217.194.0-255,5738,130062,70,200635
36001,0.019846,172.31.40.0-255,66,130128,70,200635
36002,0.022418,172.217.194.0-255,5738,135866,70,200635
36003,0.022427,172.31.40.0-255,66,135932,70,200635
36004,0.024967,172.217.194.0-255,5738,141670,70,200635
36005,0.024975,172.31.40.0-255,66,141736,70,200635
36006,0.027523,172.217.194.0-255,5738,147474,70,200635
36007,0.02753,172.31.40.0-255,66,147540,70,200635
36008,0.030106,172.217.194.0-255,5738,153278,70,200635
36009,0.030114,172.31.40.0-255,66,153344,70,200635
36010,0.032648,172.217.194.0-255,5738,159082,70,200635
36011,0.032658,172.31.40.0-255,66,159148,70,200635
36012,0.0352,172.217.194.0-255,5738,164886,70,200635
36013,0.035208,172.31.40.0-255,66,164952,70,200635
36014,0.037759,172.217.194.0-255,5738,170690,70,200635
36015,0.037767,172.31.40.0-255,66,170756,70,200635
36016,0.038544,172.31.40.0-255,172,170928,70,200635
36017,0.038569,172.31.40.0-255,1117,172045,70,200635
36018,0.038629,172.31.40.0-255,1514,173559,70,200635
36019,0.03863,172.31.40.0-255,1514,175073,70,200635
36020,0.038631,172.31.40.0-255,1514,176587,70,200635
36021,0.038632,172.31.40.0-255,394,176981,70,200635
36022,0.040107,104.244.42.0-255,66,177047,70,200635
36023,0.040136,104.244.42.0-255,66,177113,70,200635
36024,0.040233,104.244.42.0-255,66,177179,70,200635
36025,0.040247,104.244.42.0-255,66,177245,70,200635
36026,0.040327,172.217.194.0-255,5738,182983,70,200635
36027,0.040332,172.31.40.0-255,66,183049,70,200635
36028,0.041,104.244.42.0-255,108,183157,70,200635
36029,0.041009,172.31.40.0-255,66,183223,70,200635
36030,0.042872,172.217.194.0-255,5738,188961,70,200635
36031,0.04288,172.31.40.0-255,66,189027,70,200635
36032,0.045439,172.217.194.0-255,5738,194765,70,200635
36033,0.045445,172.31.40.0-255,66,194831,70,200635
36034,0.048009,172.217.194.0-255,5738,200569,70,200635
36035,0.048015,172.31.40.0-255,66,200635,70,200635
36036,0.0,74.125.68.0-255,298,298,70,253216
36037,2.3e-05,172.31.40.0-255,66,364,70,253216
36038,2.9e-05,74.125.68.0-255,1484,1848,70,253216
36039,3.3e-05,172.31.40.0-255,66,1914,70,253216
36040,4e-05,74.125.68.0-255,4320,6234,70,253216
36041,4.3e-05,172.31.40.0-255,66,6300,70,253216
36042,4.8e-05,74.125.68.0-255,4320,10620,70,253216
36043,5.1e-05,172.31.40.0-255,66,10686,70,253216
36044,7e-05,74.125.68.0-255,1484,12170,70,253216
36045,7.3e-05,172.31.40.0-255,66,12236,70,253216
36046,0.000104,74.125.68.0-255,1776,14012,70,253216
36047,0.000106,172.31.40.0-255,66,14078,70,253216
36048,0.00011,74.125.68.0-255,2902,16980,70,253216
36049,0.000113,172.31.40.0-255,66,17046,70,253216
36050,0.000153,74.125.68.0-255,7156,24202,70,253216
36051,0.000156,172.31.40.0-255,66,24268,70,253216
36052,0.000194,74.125.68.0-255,2902,27170,70,253216
36053,0.000196,172.31.40.0-255,66,27236,70,253216
36054,0.000214,74.125.68.0-255,3961,31197,70,253216
36055,0.000216,172.31.40.0-255,66,31263,70,253216
36056,0.000406,74.125.68.0-255,1484,32747,70,253216
36057,0.00041,172.31.40.0-255,66,32813,70,253216
36058,0.000416,74.125.68.0-255,2902,35715,70,253216
36059,0.000419,172.31.40.0-255,66,35781,70,253216
36060,0.000421,74.125.68.0-255,1484,37265,70,253216
36061,0.000423,172.31.40.0-255,66,37331,70,253216
36062,0.000457,74.125.68.0-255,4320,41651,70,253216
36063,0.00046,172.31.40.0-255,66,41717,70,253216
36064,0.000464,74.125.68.0-255,2902,44619,70,253216
36065,0.000466,172.31.40.0-255,66,44685,70,253216
36066,0.00047,74.125.68.0-255,3961,48646,70,253216
36067,0.000473,172.31.40.0-255,66,48712,70,253216
36068,0.000499,74.125.68.0-255,8574,57286,70,253216
36069,0.000505,74.125.68.0-255,2902,60188,70,253216
36070,0.000522,172.31.40.0-255,66,60254,70,253216
36071,0.000542,74.125.68.0-255,1484,61738,70,253216
36072,0.000563,74.125.68.0-255,3961,65699,70,253216
36073,0.000576,172.31.40.0-255,66,65765,70,253216
36074,0.000629,74.125.68.0-255,399,66164,70,253216
36075,0.000759,74.125.68.0-255,344,66508,70,253216
36076,0.001079,172.31.40.0-255,66,66574,70,253216
36077,0.001396,74.125.68.0-255,1484,68058,70,253216
36078,0.001406,74.125.68.0-255,2902,70960,70,253216
36079,0.001428,74.125.68.0-255,4320,75280,70,253216
36080,0.001445,74.125.68.0-255,4320,79600,70,253216
36081,0.001464,74.125.68.0-255,4320,83920,70,253216
36082,0.001466,74.125.68.0-255,1484,85404,70,253216
36083,0.001497,74.125.68.0-255,4320,89724,70,253216
36084,0.001504,74.125.68.0-255,7156,96880,70,253216
36085,0.001515,74.125.68.0-255,1484,98364,70,253216
36086,0.00153,74.125.68.0-255,2184,100548,70,253216
36087,0.00183,74.125.68.0-255,1484,102032,70,253216
36088,0.001838,74.125.68.0-255,2902,104934,70,253216
36089,0.001863,74.125.68.0-255,5738,110672,70,253216
36090,0.001867,74.125.68.0-255,2902,113574,70,253216
36091,0.001893,74.125.68.0-255,4320,117894,70,253216
36092,0.001937,74.125.68.0-255,4320,122214,70,253216
36093,0.001964,74.125.68.0-255,4320,126534,70,253216
36094,0.00197,74.125.68.0-255,4320,130854,70,253216
36095,0.001996,74.125.68.0-255,3602,134456,70,253216
36096,0.00488,172.31.40.0-255,66,134522,70,253216
36097,0.007177,74.125.68.0-255,5738,140260,70,253216
36098,0.007183,172.31.40.0-255,66,140326,70,253216
36099,0.009462,74.125.68.0-255,5738,146064,70,253216
36100,0.009469,172.31.40.0-255,66,146130,70,253216
36101,0.011753,74.125.68.0-255,5738,151868,70,253216
36102,0.012311,172.31.40.0-255,66,151934,70,253216
36103,0.014596,74.125.68.0-255,5738,157672,70,253216
36104,0.014604,172.31.40.0-255,66,157738,70,253216
36105,0.016908,74.125.68.0-255,5738,163476,70,253216
36106,0.016916,172.31.40.0-255,66,163542,70,253216
36107,0.019193,74.125.68.0-255,5738,169280,70,253216
36108,0.019198,172.31.40.0-255,66,169346,70,253216
36109,0.021501,74.125.68.0-255,5738,175084,70,253216
36110,0.021508,172.31.40.0-255,66,175150,70,253216
36111,0.023797,74.125.68.0-255,5738,180888,70,253216
36112,0.023806,172.31.40.0-255,66,180954,70,253216
36113,0.026092,74.125.68.0-255,5738,186692,70,253216
36114,0.026101,172.31.40.0-255,66,186758,70,253216
36115,0.028383,74.125.68.0-255,5738,192496,70,253216
36116,0.028391,172.31.40.0-255,66,192562,70,253216
36117,0.030676,74.125.68.0-255,5738,198300,70,253216
36118,0.030683,172.31.40.0-255,66,198366,70,253216
36119,0.031197,172.31.40.0-255,172,198538,70,253216
36120,0.03123,172.31.40.0-255,1117,199655,70,253216
36121,0.031305,172.31.40.0-255,1514,201169,70,253216
36122,0.031307,172.31.40.0-255,1514,202683,70,253216
36123,0.031313,172.31.40.0-255,1514,204197,70,253216
36124,0.031314,172.31.40.0-255,1514,205711,70,253216
36125,0.031332,172.31.40.0-255,635,206346,70,253216
36126,0.032812,104.244.42.0-255,66,206412,70,253216
36127,0.03282,104.244.42.0-255,66,206478,70,253216
36128,0.032899,104.244.42.0-255,66,206544,70,253216
36129,0.032903,104.244.42.0-255,66,206610,70,253216
36130,0.032947,74.125.68.0-255,5738,212348,70,253216
36131,0.032953,172.31.40.0-255,66,212414,70,253216
36132,0.034551,104.244.42.0-255,108,212522,70,253216
36133,0.034559,172.31.40.0-255,66,212588,70,253216
36134,0.035231,74.125.68.0-255,5738,218326,70,253216
36135,0.035234,172.31.40.0-255,66,218392,70,253216
36136,0.037522,74.125.68.0-255,5738,224130,70,253216
36137,0.037531,172.31.40.0-255,66,224196,70,253216
36138,0.039821,74.125.68.0-255,5738,229934,70,253216
36139,0.039828,172.31.40.0-255,66,230000,70,253216
36140,0.042118,74.125.68.0-255,5738,235738,70,253216
36141,0.042128,172.31.40.0-255,66,235804,70,253216
36142,0.044417,74.125.68.0-255,5738,241542,70,253216
36143,0.044429,172.31.40.0-255,66,241608,70,253216
36144,0.046743,74.125.68.0-255,5738,247346,70,253216
36145,0.046753,172.31.40.0-255,66,247412,70,253216
36146,0.049064,74.125.68.0-255,5738,253150,70,253216
36147,0.04908,172.31.40.0-255,66,253216,70,253216
36148,0.0,172.217.194.0-255,152,152,70,271807
36149,1.6e-05,172.31.40.0-255,66,218,70,271807
36150,2.3e-05,172.217.194.0-255,1484,1702,70,271807
36151,2.8e-05,172.31.40.0-255,66,1768,70,271807
36152,3.5e-05,172.217.194.0-255,2902,4670,70,271807
36153,3.8e-05,172.31.40.0-255,66,4736,70,271807
36154,4.5e-05,172.217.194.0-255,7156,11892,70,271807
36155,4.7e-05,172.31.40.0-255,66,11958,70,271807
36156,8.1e-05,172.217.194.0-255,10541,22499,70,271807
36157,8.4e-05,172.31.40.0-255,66,22565,70,271807
36158,0.000114,172.217.194.0-255,5738,28303,70,271807
36159,0.000116,172.31.40.0-255,66,28369,70,271807
36160,0.000137,172.217.194.0-255,2543,30912,70,271807
36161,0.00014,172.31.40.0-255,66,30978,70,271807
36162,0.000343,172.217.194.0-255,1484,32462,70,271807
36163,0.000348,172.31.40.0-255,66,32528,70,271807
36164,0.000355,172.217.194.0-255,2902,35430,70,271807
36165,0.000357,172.31.40.0-255,66,35496,70,271807
36166,0.000364,172.217.194.0-255,5738,41234,70,271807
36167,0.000367,172.31.40.0-255,66,41300,70,271807
36168,0.000405,172.31.40.0-255,66,41366,70,271807
36169,0.000424,172.217.194.0-255,2902,44268,70,271807
36170,0.000426,172.31.40.0-255,66,44334,70,271807
36171,0.000435,172.31.40.0-255,101,44435,70,271807
36172,0.000456,172.217.194.0-255,7856,52291,70,271807
36173,0.00046,172.31.40.0-255,66,52357,70,271807
36174,0.000463,172.217.194.0-255,410,52767,70,271807
36175,0.000484,172.217.194.0-255,1484,54251,70,271807
36176,0.000488,172.31.40.0-255,66,54317,70,271807
36177,0.00051,172.217.194.0-255,4320,58637,70,271807
36178,0.000513,172.31.40.0-255,66,58703,70,271807
36179,0.000518,172.217.194.0-255,4320,63023,70,271807
36180,0.000522,172.31.40.0-255,66,63089,70,271807
36181,0.000525,172.217.194.0-255,1484,64573,70,271807
36182,0.000558,172.217.194.0-255,8574,73147,70,271807
36183,0.000561,172.31.40.0-255,66,73213,70,271807
36184,0.00058,172.217.194.0-255,5738,78951,70,271807
36185,0.000583,172.31.40.0-255,66,79017,70,271807
36186,0.000608,172.217.194.0-255,7856,86873,70,271807
36187,0.000612,172.31.40.0-255,66,86939,70,271807
36188,0.000615,172.217.194.0-255,1484,88423,70,271807
36189,0.000643,172.31.40.0-255,66,88489,70,271807
36190,0.000648,172.217.194.0-255,2902,91391,70,271807
36191,0.00065,172.31.40.0-255,66,91457,70,271807
36192,0.000666,172.217.194.0-255,5738,97195,70,271807
36193,0.000669,172.31.40.0-255,66,97261,70,271807
36194,0.000688,172.217.194.0-255,7156,104417,70,271807
36195,0.000691,172.31.40.0-255,66,104483,70,271807
36196,0.000696,172.217.194.0-255,2902,107385,70,271807
36197,0.000698,172.31.40.0-255,66,107451,70,271807
36198,0.000701,172.217.194.0-255,484,107935,70,271807
36199,0.000893,172.217.194.0-255,1484,109419,70,271807
36200,0.000897,172.31.40.0-255,66,109485,70,271807
36201,0.000902,172.217.194.0-255,2902,112387,70,271807
36202,0.000904,172.31.40.0-255,66,112453,70,271807
36203,0.000918,172.217.194.0-255,1484,113937,70,271807
36204,0.000939,172.217.194.0-255,2902,116839,70,271807
36205,0.000942,172.31.40.0-255,66,116905,70,271807
36206,0.000946,172.217.194.0-255,1484,118389,70,271807
36207,0.000961,172.217.194.0-255,4320,122709,70,271807
36208,0.000963,172.31.40.0-255,66,122775,70,271807
36209,0.000982,172.217.194.0-255,5738,128513,70,271807
36210,0.000984,172.31.40.0-255,66,128579,70,271807
36211,0.000999,172.217.194.0-255,5738,134317,70,271807
36212,0.001003,172.31.40.0-255,66,134383,70,271807
36213,0.001035,172.217.194.0-255,7856,142239,70,271807
36214,0.001039,172.31.40.0-255,66,142305,70,271807
36215,0.001102,172.217.194.0-255,8574,150879,70,271807
36216,0.001105,172.31.40.0-255,66,150945,70,271807
36217,0.001112,172.217.194.0-255,7156,158101,70,271807
36218,0.001115,172.31.40.0-255,66,158167,70,271807
36219,0.001129,172.31.40.0-255,66,158233,70,271807
36220,0.001158,172.217.194.0-255,4320,162553,70,271807
36221,0.001162,172.31.40.0-255,66,162619,70,271807
36222,0.00117,172.217.194.0-255,7856,170475,70,271807
36223,0.001172,172.31.40.0-255,66,170541,70,271807
36224,0.001178,172.217.194.0-255,5738,176279,70,271807
36225,0.001181,172.31.40.0-255,66,176345,70,271807
36226,0.00123,172.31.40.0-255,66,176411,70,271807
36227,0.001791,172.217.194.0-255,1484,177895,70,271807
36228,0.001798,172.217.194.0-255,2902,180797,70,271807
36229,0.001802,172.31.40.0-255,66,180863,70,271807
36230,0.001825,172.217.194.0-255,5738,186601,70,271807
36231,0.001828,172.31.40.0-255,66,186667,70,271807
36232,0.001864,172.31.40.0-255,66,186733,70,271807
36233,0.001874,172.217.194.0-255,9992,196725,70,271807
36234,0.001876,172.31.40.0-255,66,196791,70,271807
36235,0.001898,172.217.194.0-255,766,197557,70,271807
36236,0.00197,172.217.194.0-255,1484,199041,70,271807
36237,0.001974,172.31.40.0-255,66,199107,70,271807
36238,0.00198,172.217.194.0-255,2902,202009,70,271807
36239,0.001982,172.31.40.0-255,66,202075,70,271807
36240,0.001992,172.217.194.0-255,1484,203559,70,271807
36241,0.002009,172.217.194.0-255,4320,207879,70,271807
36242,0.002012,172.31.40.0-255,66,207945,70,271807
36243,0.002018,172.217.194.0-255,5738,213683,70,271807
36244,0.002021,172.31.40.0-255,66,213749,70,271807
36245,0.002026,172.217.194.0-255,4320,218069,70,271807
36246,0.002028,172.31.40.0-255,66,218135,70,271807
36247,0.002059,172.217.194.0-255,8574,226709,70,271807
36248,0.002062,172.31.40.0-255,66,226775,70,271807
36249,0.002072,172.217.194.0-255,9992,236767,70,271807
36250,0.002075,172.31.40.0-255,66,236833,70,271807
36251,0.002106,172.217.194.0-255,5020,241853,70,271807
36252,0.002109,172.31.40.0-255,66,241919,70,271807
36253,0.002124,172.31.40.0-255,66,241985,70,271807
36254,0.002131,172.217.194.0-255,7156,249141,70,271807
36255,0.002134,172.31.40.0-255,66,249207,70,271807
36256,0.002149,172.217.194.0-255,2184,251391,70,271807
36257,0.002151,172.31.40.0-255,66,251457,70,271807
36258,0.002156,172.217.194.0-255,4320,255777,70,271807
36259,0.002159,172.31.40.0-255,66,255843,70,271807
36260,0.002206,172.31.40.0-255,66,255909,70,271807
36261,0.002212,172.217.194.0-255,5020,260929,70,271807
36262,0.002215,172.31.40.0-255,66,260995,70,271807
36263,0.002288,172.31.40.0-255,66,261061,70,271807
36264,0.002294,172.217.194.0-255,4912,265973,70,271807
36265,0.002296,172.31.40.0-255,66,266039,70,271807
36266,0.002299,172.217.194.0-255,105,266144,70,271807
36267,0.002939,172.217.194.0-255,66,266210,70,271807
36268,0.008297,172.31.40.0-255,105,266315,70,271807
36269,0.010814,172.217.194.0-255,66,266381,70,271807
36270,0.035218,172.31.40.0-255,172,266553,70,271807
36271,0.035259,172.31.40.0-255,1118,267671,70,271807
36272,0.035324,172.31.40.0-255,1514,269185,70,271807
36273,0.035326,172.31.40.0-255,1514,270699,70,271807
36274,0.035351,172.31.40.0-255,844,271543,70,271807
36275,0.036766,104.244.42.0-255,66,271609,70,271807
36276,0.036806,104.244.42.0-255,66,271675,70,271807
36277,0.036906,104.244.42.0-255,66,271741,70,271807
36278,0.036921,104.244.42.0-255,66,271807,70,271807
36279,0.0,172.217.194.0-255,153,153,70,209569
36280,2.1e-05,172.31.40.0-255,66,219,70,209569
36281,2.9e-05,172.217.194.0-255,1484,1703,70,209569
36282,3.3e-05,172.31.40.0-255,66,1769,70,209569
36283,3.8e-05,172.217.194.0-255,2902,4671,70,209569
36284,4.2e-05,172.31.40.0-255,66,4737,70,209569
36285,8.6e-05,172.217.194.0-255,4320,9057,70,209569
36286,8.9e-05,172.31.40.0-255,66,9123,70,209569
36287,0.000106,172.217.194.0-255,1484,10607,70,209569
36288,0.000109,172.31.40.0-255,66,10673,70,209569
36289,0.00022,172.217.194.0-255,3518,14191,70,209569
36290,0.000225,172.31.40.0-255,66,14257,70,209569
36291,0.000304,172.217.194.0-255,4320,18577,70,209569
36292,0.000308,172.31.40.0-255,66,18643,70,209569
36293,0.000417,172.217.194.0-255,9992,28635,70,209569
36294,0.000422,172.31.40.0-255,66,28701,70,209569
36295,0.000636,172.217.194.0-255,5738,34439,70,209569
36296,0.000642,172.31.40.0-255,66,34505,70,209569
36297,0.000669,172.31.40.0-255,66,34571,70,209569
36298,0.001028,172.217.194.0-255,2543,37114,70,209569
36299,0.001034,172.31.40.0-255,66,37180,70,209569
36300,0.001385,172.217.194.0-255,1484,38664,70,209569
36301,0.001391,172.31.40.0-255,66,38730,70,209569
36302,0.001398,172.217.194.0-255,2902,41632,70,209569
36303,0.001401,172.31.40.0-255,66,41698,70,209569
36304,0.001453,172.217.194.0-255,4320,46018,70,209569
36305,0.001456,172.31.40.0-255,66,46084,70,209569
36306,0.001475,172.217.194.0-255,1484,47568,70,209569
36307,0.001477,172.31.40.0-255,66,47634,70,209569
36308,0.001589,172.217.194.0-255,5738,53372,70,209569
36309,0.001592,172.31.40.0-255,66,53438,70,209569
36310,0.00161,172.217.194.0-255,1125,54563,70,209569
36311,0.001612,172.31.40.0-255,66,54629,70,209569
36312,0.001751,172.217.194.0-255,4320,58949,70,209569
36313,0.001756,172.31.40.0-255,66,59015,70,209569
36314,0.001775,172.217.194.0-255,2902,61917,70,209569
36315,0.001778,172.31.40.0-255,66,61983,70,209569
36316,0.001944,172.217.194.0-255,5738,67721,70,209569
36317,0.00195,172.31.40.0-255,66,67787,70,209569
36318,0.001973,172.217.194.0-255,9633,77420,70,209569
36319,0.001976,172.31.40.0-255,66,77486,70,209569
36320,0.002274,172.217.194.0-255,5738,83224,70,209569
36321,0.00228,172.31.40.0-255,66,83290,70,209569
36322,0.002302,172.217.194.0-255,5379,88669,70,209569
36323,0.00255,172.217.194.0-255,5396,94065,70,209569
36324,0.002924,172.217.194.0-255,7156,101221,70,209569
36325,0.003083,172.217.194.0-255,9992,111213,70,209569
36326,0.003966,172.31.40.0-255,66,111279,70,209569
36327,0.006532,172.217.194.0-255,5738,117017,70,209569
36328,0.008943,172.31.40.0-255,66,117083,70,209569
36329,0.011523,172.217.194.0-255,5738,122821,70,209569
36330,0.01153,172.31.40.0-255,66,122887,70,209569
36331,0.014122,172.217.194.0-255,5738,128625,70,209569
36332,0.014131,172.31.40.0-255,66,128691,70,209569
36333,0.01673,172.217.194.0-255,5738,134429,70,209569
36334,0.016739,172.31.40.0-255,66,134495,70,209569
36335,0.019324,172.217.194.0-255,5738,140233,70,209569
36336,0.020486,172.31.40.0-255,66,140299,70,209569
36337,0.023061,172.217.194.0-255,5738,146037,70,209569
36338,0.023072,172.31.40.0-255,66,146103,70,209569
36339,0.025649,172.217.194.0-255,5738,151841,70,209569
36340,0.025657,172.31.40.0-255,66,151907,70,209569
36341,0.028248,172.217.194.0-255,5738,157645,70,209569
36342,0.028256,172.31.40.0-255,66,157711,70,209569
36343,0.030832,172.217.194.0-255,5738,163449,70,209569
36344,0.03084,172.31.40.0-255,66,163515,70,209569
36345,0.031292,172.31.40.0-255,172,163687,70,209569
36346,0.031323,172.31.40.0-255,1119,164806,70,209569
36347,0.031386,172.31.40.0-255,1514,166320,70,209569
36348,0.031388,172.31.40.0-255,1514,167834,70,209569
36349,0.031389,172.31.40.0-255,843,168677,70,209569
36350,0.032839,104.244.42.0-255,66,168743,70,209569
36351,0.03287,104.244.42.0-255,66,168809,70,209569
36352,0.032958,104.244.42.0-255,66,168875,70,209569
36353,0.03298,104.244.42.0-255,66,168941,70,209569
36354,0.03341,172.217.194.0-255,5738,174679,70,209569
36355,0.033416,172.31.40.0-255,66,174745,70,209569
36356,0.035999,172.217.194.0-255,5738,180483,70,209569
36357,0.036006,172.31.40.0-255,66,180549,70,209569
36358,0.038597,172.217.194.0-255,5738,186287,70,209569
36359,0.038604,172.31.40.0-255,66,186353,70,209569
36360,0.041189,172.217.194.0-255,5738,192091,70,209569
36361,0.041197,172.31.40.0-255,66,192157,70,209569
36362,0.043787,172.217.194.0-255,5738,197895,70,209569
36363,0.043795,172.31.40.0-255,66,197961,70,209569
36364,0.046392,172.217.194.0-255,5738,203699,70,209569
36365,0.046397,172.31.40.0-255,66,203765,70,209569
36366,0.048979,172.217.194.0-255,5738,209503,70,209569
36367,0.048986,172.31.40.0-255,66,209569,70,209569
36368,0.0,74.125.68.0-255,153,153,70,306516
36369,2.5e-05,172.31.40.0-255,66,219,70,306516
36370,3.3e-05,74.125.68.0-255,1484,1703,70,306516
36371,3.7e-05,172.31.40.0-255,66,1769,70,306516
36372,4.3e-05,74.125.68.0-255,2902,4671,70,306516
36373,4.6e-05,172.31.40.0-255,66,4737,70,306516
36374,5.4e-05,74.125.68.0-255,7156,11893,70,306516
36375,5.7e-05,172.31.40.0-255,66,11959,70,306516
36376,8.9e-05,74.125.68.0-255,2147,14106,70,306516
36377,9.2e-05,172.31.40.0-255,66,14172,70,306516
36378,9.7e-05,74.125.68.0-255,2902,17074,70,306516
36379,9.9e-05,172.31.40.0-255,66,17140,70,306516
36380,0.00014,74.125.68.0-255,5738,22878,70,306516
36381,0.000143,172.31.40.0-255,66,22944,70,306516
36382,0.000161,74.125.68.0-255,1484,24428,70,306516
36383,0.000163,172.31.40.0-255,66,24494,70,306516
36384,0.000194,74.125.68.0-255,4320,28814,70,306516
36385,0.000197,172.31.40.0-255,66,28880,70,306516
36386,0.000216,74.125.68.0-255,2543,31423,70,306516
36387,0.000219,172.31.40.0-255,66,31489,70,306516
36388,0.000549,74.125.68.0-255,1484,32973,70,306516
36389,0.000556,172.31.40.0-255,66,33039,70,306516
36390,0.000575,74.125.68.0-255,2902,35941,70,306516
36391,0.000578,172.31.40.0-255,66,36007,70,306516
36392,0.000616,74.125.68.0-255,5738,41745,70,306516
36393,0.000619,172.31.40.0-255,66,41811,70,306516
36394,0.000624,74.125.68.0-255,2902,44713,70,306516
36395,0.000626,172.31.40.0-255,66,44779,70,306516
36396,0.000631,74.125.68.0-255,4320,49099,70,306516
36397,0.000633,172.31.40.0-255,66,49165,70,306516
36398,0.000656,74.125.68.0-255,8574,57739,70,306516
36399,0.000661,74.125.68.0-255,4320,62059,70,306516
36400,0.000666,172.31.40.0-255,66,62125,70,306516
36401,0.0007,172.31.40.0-255,66,62191,70,306516
36402,0.000709,74.125.68.0-255,3602,65793,70,306516
36403,0.000735,172.31.40.0-255,66,65859,70,306516
36404,0.00078,74.125.68.0-255,394,66253,70,306516
36405,0.000828,74.125.68.0-255,1484,67737,70,306516
36406,0.000831,74.125.68.0-255,1484,69221,70,306516
36407,0.000842,172.31.40.0-255,66,69287,70,306516
36408,0.000846,74.125.68.0-255,1484,70771,70,306516
36409,0.000861,74.125.68.0-255,1484,72255,70,306516
36410,0.000874,172.31.40.0-255,66,72321,70,306516
36411,0.000894,74.125.68.0-255,4320,76641,70,306516
36412,0.000904,172.31.40.0-255,66,76707,70,306516
36413,0.000915,74.125.68.0-255,4320,81027,70,306516
36414,0.000919,172.31.40.0-255,66,81093,70,306516
36415,0.000931,74.125.68.0-255,4320,85413,70,306516
36416,0.00095,172.31.40.0-255,66,85479,70,306516
36417,0.00096,74.125.68.0-255,4320,89799,70,306516
36418,0.000965,172.31.40.0-255,66,89865,70,306516
36419,0.000985,74.125.68.0-255,5738,95603,70,306516
36420,0.000991,74.125.68.0-255,5020,100623,70,306516
36421,0.001009,172.31.40.0-255,66,100689,70,306516
36422,0.001029,74.125.68.0-255,349,101038,70,306516
36423,0.00153,172.31.40.0-255,66,101104,70,306516
36424,0.001652,74.125.68.0-255,1484,102588,70,306516
36425,0.00166,74.125.68.0-255,2902,105490,70,306516
36426,0.001667,74.125.68.0-255,5738,111228,70,306516
36427,0.001672,74.125.68.0-255,4320,115548,70,306516
36428,0.001714,74.125.68.0-255,5738,121286,70,306516
36429,0.001716,74.125.68.0-255,1484,122770,70,306516
36430,0.001721,74.125.68.0-255,2902,125672,70,306516
36431,0.001724,74.125.68.0-255,1484,127156,70,306516
36432,0.001735,74.125.68.0-255,1484,128640,70,306516
36433,0.00176,74.125.68.0-255,4320,132960,70,306516
36434,0.001772,74.125.68.0-255,2184,135144,70,306516
36435,0.002098,74.125.68.0-255,1484,136628,70,306516
36436,0.002117,74.125.68.0-255,2902,139530,70,306516
36437,0.002148,74.125.68.0-255,5738,145268,70,306516
36438,0.002151,74.125.68.0-255,1484,146752,70,306516
36439,0.002155,74.125.68.0-255,2902,149654,70,306516
36440,0.002162,74.125.68.0-255,5738,155392,70,306516
36441,0.002183,74.125.68.0-255,2902,158294,70,306516
36442,0.002204,74.125.68.0-255,5738,164032,70,306516
36443,0.002219,74.125.68.0-255,1484,165516,70,306516
36444,0.002239,74.125.68.0-255,7856,173372,70,306516
36445,0.002243,74.125.68.0-255,2902,176274,70,306516
36446,0.002258,74.125.68.0-255,1484,177758,70,306516
36447,0.002294,74.125.68.0-255,4320,182078,70,306516
36448,0.002336,74.125.68.0-255,5738,187816,70,306516
36449,0.002341,74.125.68.0-255,4320,192136,70,306516
36450,0.002367,74.125.68.0-255,3602,195738,70,306516
36451,0.002375,74.125.68.0-255,8574,204312,70,306516
36452,0.002395,74.125.68.0-255,2902,207214,70,306516
36453,0.002412,74.125.68.0-255,5738,212952,70,306516
36454,0.002428,74.125.68.0-255,1484,214436,70,306516
36455,0.002444,74.125.68.0-255,5738,220174,70,306516
36456,0.002462,74.125.68.0-255,5020,225194,70,306516
36457,0.00823,172.31.40.0-255,66,225260,70,306516
36458,0.010759,74.125.68.0-255,5738,230998,70,306516
36459,0.010776,172.31.40.0-255,66,231064,70,306516
36460,0.013275,74.125.68.0-255,5738,236802,70,306516
36461,0.013284,172.31.40.0-255,66,236868,70,306516
36462,0.015801,74.125.68.0-255,5738,242606,70,306516
36463,0.01985,172.31.40.0-255,66,242672,70,306516
36464,0.022371,74.125.68.0-255,5738,248410,70,306516
36465,0.02239,172.31.40.0-255,66,248476,70,306516
36466,0.024915,74.125.68.0-255,5738,254214,70,306516
36467,0.024926,172.31.40.0-255,66,254280,70,306516
36468,0.027435,74.125.68.0-255,5738,260018,70,306516
36469,0.027453,172.31.40.0-255,66,260084,70,306516
36470,0.02997,74.125.68.0-255,5738,265822,70,306516
36471,0.029981,172.31.40.0-255,66,265888,70,306516
36472,0.032465,74.125.68.0-255,5738,271626,70,306516
36473,0.032474,172.31.40.0-255,66,271692,70,306516
36474,0.034972,74.125.68.0-255,5738,277430,70,306516
36475,0.034979,172.31.40.0-255,66,277496,70,306516
36476,0.037486,74.125.68.0-255,5738,283234,70,306516
36477,0.037501,172.31.40.0-255,66,283300,70,306516
36478,0.040034,74.125.68.0-255,5738,289038,70,306516
36479,0.040042,172.31.40.0-255,66,289104,70,306516
36480,0.042559,74.125.68.0-255,5738,294842,70,306516
36481,0.042576,172.31.40.0-255,66,294908,70,306516
36482,0.045066,74.125.68.0-255,5738,300646,70,306516
36483,0.045073,172.31.40.0-255,66,300712,70,306516
36484,0.047586,74.125.68.0-255,5738,306450,70,306516
36485,0.047594,172.31.40.0-255,66,306516,70,306516
36486,0.0,74.125.24.0-255,297,297,70,243454
36487,2.5e-05,172.31.40.0-255,66,363,70,243454
36488,3.1e-05,74.125.24.0-255,1484,1847,70,243454
36489,3.5e-05,172.31.40.0-255,66,1913,70,243454
36490,4.3e-05,74.125.24.0-255,4320,6233,70,243454
36491,4.7e-05,172.31.40.0-255,66,6299,70,243454
36492,6.3e-05,74.125.24.0-255,7156,13455,70,243454
36493,6.7e-05,172.31.40.0-255,66,13521,70,243454
36494,8.6e-05,74.125.24.0-255,5738,19259,70,243454
36495,9.4e-05,172.31.40.0-255,66,19325,70,243454
36496,0.000124,74.125.24.0-255,10376,29701,70,243454
36497,0.000127,172.31.40.0-255,66,29767,70,243454
36498,0.00013,74.125.24.0-255,1125,30892,70,243454
36499,0.000132,172.31.40.0-255,66,30958,70,243454
36500,0.000187,74.125.24.0-255,1484,32442,70,243454
36501,0.00019,172.31.40.0-255,66,32508,70,243454
36502,0.000194,74.125.24.0-255,1484,33992,70,243454
36503,0.000196,172.31.40.0-255,66,34058,70,243454
36504,0.00022,74.125.24.0-255,1484,35542,70,243454
36505,0.000222,172.31.40.0-255,66,35608,70,243454
36506,0.000233,74.125.24.0-255,5738,41346,70,243454
36507,0.000235,172.31.40.0-255,66,41412,70,243454
36508,0.000254,74.125.24.0-255,9992,51404,70,243454
36509,0.000256,172.31.40.0-255,66,51470,70,243454
36510,0.000286,74.125.24.0-255,3961,55431,70,243454
36511,0.000289,172.31.40.0-255,66,55497,70,243454
36512,0.000311,74.125.24.0-255,7156,62653,70,243454
36513,0.000328,74.125.24.0-255,2815,65468,70,243454
36514,0.000331,74.125.24.0-255,133,65601,70,243454
36515,0.000362,172.31.40.0-255,66,65667,70,243454
36516,0.000365,172.31.40.0-255,66,65733,70,243454
36517,0.000368,172.31.40.0-255,66,65799,70,243454
36518,0.000425,74.125.24.0-255,1484,67283,70,243454
36519,0.000432,74.125.24.0-255,2902,70185,70,243454
36520,0.000449,74.125.24.0-255,5738,75923,70,243454
36521,0.000481,74.125.24.0-255,8574,84497,70,243454
36522,0.000498,74.125.24.0-255,5379,89876,70,243454
36523,0.000503,74.125.24.0-255,4320,94196,70,243454
36524,0.000521,74.125.24.0-255,5379,99575,70,243454
36525,0.000524,74.125.24.0-255,347,99922,70,243454
36526,0.000694,74.125.24.0-255,1484,101406,70,243454
36527,0.0007,74.125.24.0-255,2902,104308,70,243454
36528,0.000713,74.125.24.0-255,1484,105792,70,243454
36529,0.000717,172.31.40.0-255,66,105858,70,243454
36530,0.00073,74.125.24.0-255,4320,110178,70,243454
36531,0.000735,74.125.24.0-255,2902,113080,70,243454
36532,0.000764,74.125.24.0-255,9992,123072,70,243454
36533,0.000771,74.125.24.0-255,7156,130228,70,243454
36534,0.000793,172.31.40.0-255,66,130294,70,243454
36535,0.00082,74.125.24.0-255,3602,133896,70,243454
36536,0.000839,172.31.40.0-255,66,133962,70,243454
36537,0.002342,74.125.24.0-255,1484,135446,70,243454
36538,0.002353,74.125.24.0-255,2902,138348,70,243454
36539,0.002358,172.31.40.0-255,66,138414,70,243454
36540,0.002366,74.125.24.0-255,5738,144152,70,243454
36541,0.00237,74.125.24.0-255,1484,145636,70,243454
36542,0.002392,74.125.24.0-255,2902,148538,70,243454
36543,0.0024,74.125.24.0-255,8574,157112,70,243454
36544,0.002415,74.125.24.0-255,2902,160014,70,243454
36545,0.002438,74.125.24.0-255,7856,167870,70,243454
36546,0.011917,172.31.40.0-255,66,167936,70,243454
36547,0.01391,74.125.24.0-255,1484,169420,70,243454
36548,0.014523,74.125.24.0-255,4320,173740,70,243454
36549,0.014532,172.31.40.0-255,66,173806,70,243454
36550,0.01714,74.125.24.0-255,5738,179544,70,243454
36551,0.019333,172.31.40.0-255,66,179610,70,243454
36552,0.021972,74.125.24.0-255,5738,185348,70,243454
36553,0.021988,172.31.40.0-255,66,185414,70,243454
36554,0.024619,74.125.24.0-255,5738,191152,70,243454
36555,0.024634,172.31.40.0-255,66,191218,70,243454
36556,0.02724,74.125.24.0-255,5738,196956,70,243454
36557,0.02725,172.31.40.0-255,66,197022,70,243454
36558,0.029855,74.125.24.0-255,5738,202760,70,243454
36559,0.029868,172.31.40.0-255,66,202826,70,243454
36560,0.032493,74.125.24.0-255,5738,208564,70,243454
36561,0.032512,172.31.40.0-255,66,208630,70,243454
36562,0.035132,74.125.24.0-255,5738,214368,70,243454
36563,0.03515,172.31.40.0-255,66,214434,70,243454
36564,0.037794,74.125.24.0-255,5738,220172,70,243454
36565,0.037804,172.31.40.0-255,66,220238,70,243454
36566,0.040419,74.125.24.0-255,5738,225976,70,243454
36567,0.040436,172.31.40.0-255,66,226042,70,243454
36568,0.043076,74.125.24.0-255,5738,231780,70,243454
36569,0.043095,172.31.40.0-255,66,231846,70,243454
36570,0.045719,74.125.24.0-255,5738,237584,70,243454
36571,0.045729,172.31.40.0-255,66,237650,70,243454
36572,0.048353,74.125.24.0-255,5738,243388,70,243454
36573,0.048369,172.31.40.0-255,66,243454,70,243454
36574,0.0,74.125.68.0-255,146,146,70,335971
36575,1.6e-05,172.31.40.0-255,66,212,70,335971
36576,5.2e-05,74.125.68.0-255,1484,1696,70,335971
36577,5.7e-05,172.31.40.0-255,66,1762,70,335971
36578,6.2e-05,74.125.68.0-255,2902,4664,70,335971
36579,6.6e-05,172.31.40.0-255,66,4730,70,335971
36580,7.3e-05,74.125.68.0-255,5738,10468,70,335971
36581,8.2e-05,172.31.40.0-255,66,10534,70,335971
36582,0.000106,74.125.68.0-255,1484,12018,70,335971
36583,0.000109,172.31.40.0-255,66,12084,70,335971
36584,0.000112,74.125.68.0-255,1484,13568,70,335971
36585,0.000119,172.31.40.0-255,66,13634,70,335971
36586,0.000142,74.125.68.0-255,651,14285,70,335971
36587,0.000144,172.31.40.0-255,66,14351,70,335971
36588,0.000229,74.125.68.0-255,1484,15835,70,335971
36589,0.000234,172.31.40.0-255,66,15901,70,335971
36590,0.000238,74.125.68.0-255,1484,17385,70,335971
36591,0.00024,172.31.40.0-255,66,17451,70,335971
36592,0.000265,74.125.68.0-255,1484,18935,70,335971
36593,0.000267,172.31.40.0-255,66,19001,70,335971
36594,0.000278,74.125.68.0-255,5738,24739,70,335971
36595,0.000281,172.31.40.0-255,66,24805,70,335971
36596,0.00032,74.125.68.0-255,6797,31602,70,335971
36597,0.000323,172.31.40.0-255,66,31668,70,335971
36598,0.000365,74.125.68.0-255,1484,33152,70,335971
36599,0.000368,172.31.40.0-255,66,33218,70,335971
36600,0.000373,74.125.68.0-255,2902,36120,70,335971
36601,0.000375,172.31.40.0-255,66,36186,70,335971
36602,0.000409,74.125.68.0-255,5738,41924,70,335971
36603,0.000412,172.31.40.0-255,66,41990,70,335971
36604,0.000416,74.125.68.0-255,2902,44892,70,335971
36605,0.000418,172.31.40.0-255,66,44958,70,335971
36606,0.000441,74.125.68.0-255,3961,48919,70,335971
36607,0.000523,172.31.40.0-255,66,48985,70,335971
36608,0.000694,74.125.68.0-255,1484,50469,70,335971
36609,0.00071,74.125.68.0-255,2902,53371,70,335971
36610,0.000713,172.31.40.0-255,66,53437,70,335971
36611,0.000738,74.125.68.0-255,1484,54921,70,335971
36612,0.000743,74.125.68.0-255,2902,57823,70,335971
36613,0.000757,172.31.40.0-255,66,57889,70,335971
36614,0.000768,74.125.68.0-255,4320,62209,70,335971
36615,0.000782,74.125.68.0-255,1484,63693,70,335971
36616,0.000785,74.125.68.0-255,1484,65177,70,335971
36617,0.000795,172.31.40.0-255,66,65243,70,335971
36618,0.000821,74.125.68.0-255,1125,66368,70,335971
36619,0.000906,74.125.68.0-255,1484,67852,70,335971
36620,0.000912,172.31.40.0-255,66,67918,70,335971
36621,0.000933,74.125.68.0-255,2902,70820,70,335971
36622,0.000939,172.31.40.0-255,66,70886,70,335971
36623,0.000946,74.125.68.0-255,1484,72370,70,335971
36624,0.000968,74.125.68.0-255,2902,75272,70,335971
36625,0.000975,172.31.40.0-255,66,75338,70,335971
36626,0.000983,74.125.68.0-255,2902,78240,70,335971
36627,0.000987,172.31.40.0-255,66,78306,70,335971
36628,0.001006,74.125.68.0-255,2902,81208,70,335971
36629,0.001022,172.31.40.0-255,66,81274,70,335971
36630,0.001031,74.125.68.0-255,1484,82758,70,335971
36631,0.00105,74.125.68.0-255,5379,88137,70,335971
36632,0.00108,172.31.40.0-255,66,88203,70,335971
36633,0.001099,74.125.68.0-255,7156,95359,70,335971
36634,0.001103,74.125.68.0-255,1484,96843,70,335971
36635,0.001106,74.125.68.0-255,2902,99745,70,335971
36636,0.001119,172.31.40.0-255,66,99811,70,335971
36637,0.001132,74.125.68.0-255,1705,101516,70,335971
36638,0.001143,172.31.40.0-255,66,101582,70,335971
36639,0.001272,74.125.68.0-255,1484,103066,70,335971
36640,0.001289,74.125.68.0-255,2902,105968,70,335971
36641,0.001297,172.31.40.0-255,66,106034,70,335971
36642,0.001316,74.125.68.0-255,5738,111772,70,335971
36643,0.001324,172.31.40.0-255,66,111838,70,335971
36644,0.001337,74.125.68.0-255,2902,114740,70,335971
36645,0.001358,74.125.68.0-255,9992,124732,70,335971
36646,0.001378,172.31.40.0-255,66,124798,70,335971
36647,0.001387,74.125.68.0-255,1484,126282,70,335971
36648,0.001419,74.125.68.0-255,8725,135007,70,335971
36649,0.001424,172.31.40.0-255,66,135073,70,335971
36650,0.001448,74.125.68.0-255,2902,137975,70,335971
36651,0.001453,74.125.68.0-255,4320,142295,70,335971
36652,0.001468,74.125.68.0-255,2902,145197,70,335971
36653,0.001476,172.31.40.0-255,66,145263,70,335971
36654,0.001485,74.125.68.0-255,5738,151001,70,335971
36655,0.001488,74.125.68.0-255,2902,153903,70,335971
36656,0.001498,172.31.40.0-255,66,153969,70,335971
36657,0.001508,74.125.68.0-255,2902,156871,70,335971
36658,0.001511,74.125.68.0-255,1484,158355,70,335971
36659,0.00154,74.125.68.0-255,5738,164093,70,335971
36660,0.001545,74.125.68.0-255,2902,166995,70,335971
36661,0.001561,74.125.68.0-255,2184,169179,70,335971
36662,0.002175,74.125.68.0-255,1484,170663,70,335971
36663,0.002183,74.125.68.0-255,2902,173565,70,335971
36664,0.002202,74.125.68.0-255,2902,176467,70,335971
36665,0.002212,74.125.68.0-255,1484,177951,70,335971
36666,0.002228,74.125.68.0-255,2902,180853,70,335971
36667,0.002242,74.125.68.0-255,1484,182337,70,335971
36668,0.002256,74.125.68.0-255,5738,188075,70,335971
36669,0.002267,74.125.68.0-255,1484,189559,70,335971
36670,0.002272,74.125.68.0-255,2902,192461,70,335971
36671,0.002305,74.125.68.0-255,1484,193945,70,335971
36672,0.002333,74.125.68.0-255,9274,203219,70,335971
36673,0.002458,74.125.68.0-255,1484,204703,70,335971
36674,0.002479,74.125.68.0-255,2902,207605,70,335971
36675,0.002498,74.125.68.0-255,1484,209089,70,335971
36676,0.002516,74.125.68.0-255,2902,211991,70,335971
36677,0.002519,74.125.68.0-255,1484,213475,70,335971
36678,0.00254,74.125.68.0-255,4320,217795,70,335971
36679,0.002561,74.125.68.0-255,5738,223533,70,335971
36680,0.002575,74.125.68.0-255,2902,226435,70,335971
36681,0.002601,74.125.68.0-255,4320,230755,70,335971
36682,0.002618,74.125.68.0-255,4320,235075,70,335971
36683,0.002621,74.125.68.0-255,1484,236559,70,335971
36684,0.005665,172.31.40.0-255,66,236625,70,335971
36685,0.008264,74.125.68.0-255,5738,242363,70,335971
36686,0.008271,172.31.40.0-255,66,242429,70,335971
36687,0.010902,74.125.68.0-255,5738,248167,70,335971
36688,0.010911,172.31.40.0-255,66,248233,70,335971
36689,0.013572,74.125.68.0-255,5738,253971,70,335971
36690,0.014161,172.31.40.0-255,66,254037,70,335971
36691,0.016759,74.125.68.0-255,5738,259775,70,335971
36692,0.016772,172.31.40.0-255,66,259841,70,335971
36693,0.01936,74.125.68.0-255,5738,265579,70,335971
36694,0.019367,172.31.40.0-255,66,265645,70,335971
36695,0.021993,74.125.68.0-255,5738,271383,70,335971
36696,0.022,172.31.40.0-255,66,271449,70,335971
36697,0.024585,74.125.68.0-255,5738,277187,70,335971
36698,0.024593,172.31.40.0-255,66,277253,70,335971
36699,0.027186,74.125.68.0-255,5738,282991,70,335971
36700,0.027194,172.31.40.0-255,66,283057,70,335971
36701,0.029781,74.125.68.0-255,2902,285959,70,335971
36702,0.029788,172.31.40.0-255,66,286025,70,335971
36703,0.029817,74.125.68.0-255,2902,288927,70,335971
36704,0.029958,172.31.40.0-255,172,289099,70,335971
36705,0.029986,172.31.40.0-255,1118,290217,70,335971
36706,0.030046,172.31.40.0-255,1514,291731,70,335971
36707,0.030048,172.31.40.0-255,1514,293245,70,335971
36708,0.030073,172.31.40.0-255,844,294089,70,335971
36709,0.030092,172.31.40.0-255,66,294155,70,335971
36710,0.031506,104.244.42.0-255,66,294221,70,335971
36711,0.031544,104.244.42.0-255,66,294287,70,335971
36712,0.031609,104.244.42.0-255,66,294353,70,335971
36713,0.031614,104.244.42.0-255,66,294419,70,335971
36714,0.032369,74.125.68.0-255,2902,297321,70,335971
36715,0.032377,172.31.40.0-255,66,297387,70,335971
36716,0.032682,74.125.68.0-255,2902,300289,70,335971
36717,0.032688,172.31.40.0-255,66,300355,70,335971
36718,0.034966,74.125.68.0-255,2902,303257,70,335971
36719,0.034973,172.31.40.0-255,66,303323,70,335971
36720,0.035276,74.125.68.0-255,2902,306225,70,335971
36721,0.035282,172.31.40.0-255,66,306291,70,335971
36722,0.037574,74.125.68.0-255,2902,309193,70,335971
36723,0.037581,172.31.40.0-255,66,309259,70,335971
36724,0.03786,74.125.68.0-255,2902,312161,70,335971
36725,0.037865,172.31.40.0-255,66,312227,70,335971
36726,0.040175,74.125.68.0-255,2902,315129,70,335971
36727,0.040182,172.31.40.0-255,66,315195,70,335971
36728,0.040453,74.125.68.0-255,2902,318097,70,335971
36729,0.040459,172.31.40.0-255,66,318163,70,335971
36730,0.042777,74.125.68.0-255,2902,321065,70,335971
36731,0.042784,172.31.40.0-255,66,321131,70,335971
36732,0.043051,74.125.68.0-255,2902,324033,70,335971
36733,0.043058,172.31.40.0-255,66,324099,70,335971
36734,0.045397,74.125.68.0-255,2902,327001,70,335971
36735,0.045403,172.31.40.0-255,66,327067,70,335971
36736,0.045636,74.125.68.0-255,2902,329969,70,335971
36737,0.045642,172.31.40.0-255,66,330035,70,335971
36738,0.04799,74.125.68.0-255,2902,332937,70,335971
36739,0.047997,172.31.40.0-255,66,333003,70,335971
36740,0.048252,74.125.68.0-255,2902,335905,70,335971
36741,0.04829,172.31.40.0-255,66,335971,70,335971
36742,0.0,74.125.24.0-255,152,152,70,358290
36743,2.1e-05,172.31.40.0-255,66,218,70,358290
36744,2.7e-05,74.125.24.0-255,1484,1702,70,358290
36745,3.2e-05,172.31.40.0-255,66,1768,70,358290
36746,3.7e-05,74.125.24.0-255,2902,4670,70,358290
36747,4.1e-05,172.31.40.0-255,66,4736,70,358290
36748,4.7e-05,74.125.24.0-255,5738,10474,70,358290
36749,5e-05,172.31.40.0-255,66,10540,70,358290
36750,5.5e-05,74.125.24.0-255,3485,14025,70,358290
36751,5.9e-05,172.31.40.0-255,66,14091,70,358290
36752,0.000126,74.125.24.0-255,1484,15575,70,358290
36753,0.00013,172.31.40.0-255,66,15641,70,358290
36754,0.000144,74.125.24.0-255,2902,18543,70,358290
36755,0.000146,172.31.40.0-255,66,18609,70,358290
36756,0.000152,74.125.24.0-255,4320,22929,70,358290
36757,0.000154,172.31.40.0-255,66,22995,70,358290
36758,0.00017,74.125.24.0-255,1484,24479,70,358290
36759,0.000173,172.31.40.0-255,66,24545,70,358290
36760,0.000204,74.125.24.0-255,8574,33119,70,358290
36761,0.000206,172.31.40.0-255,66,33185,70,358290
36762,0.000223,74.125.24.0-255,5379,38564,70,358290
36763,0.000226,172.31.40.0-255,66,38630,70,358290
36764,0.00026,74.125.24.0-255,4320,42950,70,358290
36765,0.000262,172.31.40.0-255,66,43016,70,358290
36766,0.000282,74.125.24.0-255,5379,48395,70,358290
36767,0.000285,172.31.40.0-255,66,48461,70,358290
36768,0.000311,74.125.24.0-255,2902,51363,70,358290
36769,0.000313,172.31.40.0-255,66,51429,70,358290
36770,0.000341,74.125.24.0-255,7156,58585,70,358290
36771,0.000344,172.31.40.0-255,66,58651,70,358290
36772,0.000371,74.125.24.0-255,7068,65719,70,358290
36773,0.000374,172.31.40.0-255,66,65785,70,358290
36774,0.000431,74.125.24.0-255,134,65919,70,358290
36775,0.00051,74.125.24.0-255,1484,67403,70,358290
36776,0.000514,172.31.40.0-255,66,67469,70,358290
36777,0.000519,74.125.24.0-255,2902,70371,70,358290
36778,0.000522,172.31.40.0-255,66,70437,70,358290
36779,0.000528,74.125.24.0-255,4320,74757,70,358290
36780,0.00053,172.31.40.0-255,66,74823,70,358290
36781,0.000549,74.125.24.0-255,1484,76307,70,358290
36782,0.000557,74.125.24.0-255,6797,83104,70,358290
36783,0.00056,172.31.40.0-255,66,83170,70,358290
36784,0.000666,74.125.24.0-255,1484,84654,70,358290
36785,0.000672,74.125.24.0-255,2902,87556,70,358290
36786,0.000675,172.31.40.0-255,66,87622,70,358290
36787,0.000678,74.125.24.0-255,1484,89106,70,358290
36788,0.000697,74.125.24.0-255,4320,93426,70,358290
36789,0.000699,172.31.40.0-255,66,93492,70,358290
36790,0.000704,74.125.24.0-255,2902,96394,70,358290
36791,0.000706,172.31.40.0-255,66,96460,70,358290
36792,0.000728,74.125.24.0-255,3961,100421,70,358290
36793,0.000731,172.31.40.0-255,66,100487,70,358290
36794,0.000761,74.125.24.0-255,4320,104807,70,358290
36795,0.000764,172.31.40.0-255,66,104873,70,358290
36796,0.000789,74.125.24.0-255,7156,112029,70,358290
36797,0.000793,172.31.40.0-255,66,112095,70,358290
36798,0.000827,74.125.24.0-255,4320,116415,70,358290
36799,0.000829,172.31.40.0-255,66,116481,70,358290
36800,0.000851,74.125.24.0-255,8574,125055,70,358290
36801,0.000854,172.31.40.0-255,66,125121,70,358290
36802,0.000863,74.125.24.0-255,9274,134395,70,358290
36803,0.000865,172.31.40.0-255,66,134461,70,358290
36804,0.001021,74.125.24.0-255,1484,135945,70,358290
36805,0.001025,74.125.24.0-255,1484,137429,70,358290
36806,0.00103,172.31.40.0-255,66,137495,70,358290
36807,0.001039,74.125.24.0-255,1484,138979,70,358290
36808,0.001042,74.125.24.0-255,1484,140463,70,358290
36809,0.001044,172.31.40.0-255,66,140529,70,358290
36810,0.001074,74.125.24.0-255,4320,144849,70,358290
36811,0.001077,172.31.40.0-255,66,144915,70,358290
36812,0.001081,74.125.24.0-255,2902,147817,70,358290
36813,0.001083,172.31.40.0-255,66,147883,70,358290
36814,0.001129,74.125.24.0-255,4320,152203,70,358290
36815,0.001132,172.31.40.0-255,66,152269,70,358290
36816,0.001156,74.125.24.0-255,4320,156589,70,358290
36817,0.001159,172.31.40.0-255,66,156655,70,358290
36818,0.001167,74.125.24.0-255,7156,163811,70,358290
36819,0.001169,172.31.40.0-255,66,163877,70,358290
36820,0.001207,74.125.24.0-255,5738,169615,70,358290
36821,0.001209,172.31.40.0-255,66,169681,70,358290
36822,0.00123,74.125.24.0-255,2184,171865,70,358290
36823,0.001233,172.31.40.0-255,66,171931,70,358290
36824,0.001238,74.125.24.0-255,4320,176251,70,358290
36825,0.00124,172.31.40.0-255,66,176317,70,358290
36826,0.001254,74.125.24.0-255,2902,179219,70,358290
36827,0.001256,172.31.40.0-255,66,179285,70,358290
36828,0.001279,172.31.40.0-255,66,179351,70,358290
36829,0.001326,74.125.24.0-255,4320,183671,70,358290
36830,0.001331,172.31.40.0-255,66,183737,70,358290
36831,0.001342,74.125.24.0-255,4320,188057,70,358290
36832,0.001344,172.31.40.0-255,66,188123,70,358290
36833,0.001357,74.125.24.0-255,3602,191725,70,358290
36834,0.001361,172.31.40.0-255,66,191791,70,358290
36835,0.001619,74.125.24.0-255,1484,193275,70,358290
36836,0.001623,74.125.24.0-255,1484,194759,70,358290
36837,0.001626,172.31.40.0-255,66,194825,70,358290
36838,0.001643,74.125.24.0-255,1484,196309,70,358290
36839,0.001657,74.125.24.0-255,2902,199211,70,358290
36840,0.001659,172.31.40.0-255,66,199277,70,358290
36841,0.001681,74.125.24.0-255,2902,202179,70,358290
36842,0.001683,172.31.40.0-255,66,202245,70,358290
36843,0.00169,74.125.24.0-255,7156,209401,70,358290
36844,0.001692,172.31.40.0-255,66,209467,70,358290
36845,0.00171,74.125.24.0-255,5738,215205,70,358290
36846,0.001713,172.31.40.0-255,66,215271,70,358290
36847,0.001721,74.125.24.0-255,8574,223845,70,358290
36848,0.001722,172.31.40.0-255,66,223911,70,358290
36849,0.001745,74.125.24.0-255,2184,226095,70,358290
36850,0.001748,172.31.40.0-255,66,226161,70,358290
36851,0.001777,74.125.24.0-255,2902,229063,70,358290
36852,0.001779,172.31.40.0-255,66,229129,70,358290
36853,0.001783,74.125.24.0-255,2902,232031,70,358290
36854,0.001785,172.31.40.0-255,66,232097,70,358290
36855,0.001798,74.125.24.0-255,1484,233581,70,358290
36856,0.001803,74.125.24.0-255,2902,236483,70,358290
36857,0.001804,172.31.40.0-255,66,236549,70,358290
36858,0.001825,74.125.24.0-255,5738,242287,70,358290
36859,0.001828,172.31.40.0-255,66,242353,70,358290
36860,0.001832,74.125.24.0-255,2902,245255,70,358290
36861,0.001834,172.31.40.0-255,66,245321,70,358290
36862,0.001855,172.31.40.0-255,66,245387,70,358290
36863,0.001867,74.125.24.0-255,3602,248989,70,358290
36864,0.00187,172.31.40.0-255,66,249055,70,358290
36865,0.001874,74.125.24.0-255,4320,253375,70,358290
36866,0.001876,172.31.40.0-255,66,253441,70,358290
36867,0.001961,172.31.40.0-255,66,253507,70,358290
36868,0.001964,172.31.40.0-255,66,253573,70,358290
36869,0.001969,74.125.24.0-255,3602,257175,70,358290
36870,0.001971,172.31.40.0-255,66,257241,70,358290
36871,0.001986,74.125.24.0-255,1484,258725,70,358290
36872,0.002009,74.125.24.0-255,2902,261627,70,358290
36873,0.002012,172.31.40.0-255,66,261693,70,358290
36874,0.002017,74.125.24.0-255,4320,266013,70,358290
36875,0.002019,172.31.40.0-255,66,266079,70,358290
36876,0.002031,74.125.24.0-255,1484,267563,70,358290
36877,0.002035,74.125.24.0-255,2902,270465,70,358290
36878,0.002037,172.31.40.0-255,66,270531,70,358290
36879,0.002054,74.125.24.0-255,5738,276269,70,358290
36880,0.002057,172.31.40.0-255,66,276335,70,358290
36881,0.00208,74.125.24.0-255,1484,277819,70,358290
36882,0.002093,74.125.24.0-255,4320,282139,70,358290
36883,0.002095,172.31.40.0-255,66,282205,70,358290
36884,0.002107,74.125.24.0-255,4320,286525,70,358290
36885,0.002109,172.31.40.0-255,66,286591,70,358290
36886,0.002147,74.125.24.0-255,5020,291611,70,358290
36887,0.00215,172.31.40.0-255,66,291677,70,358290
36888,0.004448,74.125.24.0-255,5738,297415,70,358290
36889,0.004454,172.31.40.0-255,66,297481,70,358290
36890,0.006759,74.125.24.0-255,5738,303219,70,358290
36891,0.006764,172.31.40.0-255,66,303285,70,358290
36892,0.009056,74.125.24.0-255,5738,309023,70,358290
36893,0.009073,172.31.40.0-255,66,309089,70,358290
36894,0.011411,74.125.24.0-255,5738,314827,70,358290
36895,0.011425,172.31.40.0-255,66,314893,70,358290
36896,0.013725,74.125.24.0-255,5738,320631,70,358290
36897,0.013735,172.31.40.0-255,66,320697,70,358290
36898,0.016048,74.125.24.0-255,5738,326435,70,358290
36899,0.016056,172.31.40.0-255,66,326501,70,358290
36900,0.018354,74.125.24.0-255,5738,332239,70,358290
36901,0.01836,172.31.40.0-255,66,332305,70,358290
36902,0.020676,74.125.24.0-255,5738,338043,70,358290
36903,0.020684,172.31.40.0-255,66,338109,70,358290
36904,0.023016,74.125.24.0-255,5738,343847,70,358290
36905,0.023027,172.31.40.0-255,66,343913,70,358290
36906,0.025329,74.125.24.0-255,5738,349651,70,358290
36907,0.025341,172.31.40.0-255,66,349717,70,358290
36908,0.027669,74.125.24.0-255,1975,351692,70,358290
36909,0.027683,172.31.40.0-255,66,351758,70,358290
36910,0.028326,172.31.40.0-255,105,351863,70,358290
36911,0.030597,74.125.24.0-255,66,351929,70,358290
36912,0.044892,172.31.40.0-255,172,352101,70,358290
36913,0.044924,172.31.40.0-255,1118,353219,70,358290
36914,0.044987,172.31.40.0-255,1514,354733,70,358290
36915,0.044989,172.31.40.0-255,1514,356247,70,358290
36916,0.044991,172.31.40.0-255,1514,357761,70,358290
36917,0.044992,172.31.40.0-255,265,358026,70,358290
36918,0.046432,104.244.42.0-255,66,358092,70,358290
36919,0.046445,104.244.42.0-255,66,358158,70,358290
36920,0.046509,104.244.42.0-255,66,358224,70,358290
36921,0.046537,104.244.42.0-255,66,358290,70,358290
36922,0.0,74.125.68.0-255,153,153,70,409259
36923,2.3e-05,172.31.40.0-255,66,219,70,409259
36924,3e-05,74.125.68.0-255,1484,1703,70,409259
36925,3.4e-05,172.31.40.0-255,66,1769,70,409259
36926,4e-05,74.125.68.0-255,2902,4671,70,409259
36927,4.3e-05,172.31.40.0-255,66,4737,70,409259
36928,5.2e-05,74.125.68.0-255,5738,10475,70,409259
36929,5.6e-05,172.31.40.0-255,66,10541,70,409259
36930,6.1e-05,74.125.68.0-255,3457,13998,70,409259
36931,6.4e-05,172.31.40.0-255,66,14064,70,409259
36932,7e-05,74.125.68.0-255,4320,18384,70,409259
36933,7.3e-05,172.31.40.0-255,66,18450,70,409259
36934,0.000102,74.125.68.0-255,9992,28442,70,409259
36935,0.000105,172.31.40.0-255,66,28508,70,409259
36936,0.000109,74.125.68.0-255,2543,31051,70,409259
36937,0.000112,172.31.40.0-255,66,31117,70,409259
36938,0.000264,74.125.68.0-255,1484,32601,70,409259
36939,0.000269,172.31.40.0-255,66,32667,70,409259
36940,0.000274,74.125.68.0-255,2902,35569,70,409259
36941,0.000276,172.31.40.0-255,66,35635,70,409259
36942,0.000291,74.125.68.0-255,5738,41373,70,409259
36943,0.000294,172.31.40.0-255,66,41439,70,409259
36944,0.000297,74.125.68.0-255,1484,42923,70,409259
36945,0.000298,172.31.40.0-255,66,42989,70,409259
36946,0.000322,74.125.68.0-255,2902,45891,70,409259
36947,0.000324,172.31.40.0-255,66,45957,70,409259
36948,0.00035,74.125.68.0-255,3961,49918,70,409259
36949,0.000353,172.31.40.0-255,66,49984,70,409259
36950,0.00037,74.125.68.0-255,4320,54304,70,409259
36951,0.000373,172.31.40.0-255,66,54370,70,409259
36952,0.000402,74.125.68.0-255,4320,58690,70,409259
36953,0.000406,172.31.40.0-255,66,58756,70,409259
36954,0.000421,74.125.68.0-255,4320,63076,70,409259
36955,0.000424,172.31.40.0-255,66,63142,70,409259
36956,0.000471,74.125.68.0-255,2814,65956,70,409259
36957,0.000474,172.31.40.0-255,66,66022,70,409259
36958,0.000494,74.125.68.0-255,133,66155,70,409259
36959,0.000637,74.125.68.0-255,1484,67639,70,409259
36960,0.000642,172.31.40.0-255,66,67705,70,409259
36961,0.000647,74.125.68.0-255,2902,70607,70,409259
36962,0.00065,172.31.40.0-255,66,70673,70,409259
36963,0.000679,74.125.68.0-255,1484,72157,70,409259
36964,0.000699,74.125.68.0-255,4320,76477,70,409259
36965,0.000703,172.31.40.0-255,66,76543,70,409259
36966,0.000708,74.125.68.0-255,4320,80863,70,409259
36967,0.00071,172.31.40.0-255,66,80929,70,409259
36968,0.000742,74.125.68.0-255,5738,86667,70,409259
36969,0.000746,172.31.40.0-255,66,86733,70,409259
36970,0.000749,74.125.68.0-255,1484,88217,70,409259
36971,0.000764,74.125.68.0-255,4320,92537,70,409259
36972,0.000767,172.31.40.0-255,66,92603,70,409259
36973,0.00077,74.125.68.0-255,1484,94087,70,409259
36974,0.000787,74.125.68.0-255,5738,99825,70,409259
36975,0.00079,172.31.40.0-255,66,99891,70,409259
36976,0.000807,74.125.68.0-255,2184,102075,70,409259
36977,0.000809,172.31.40.0-255,66,102141,70,409259
36978,0.000836,74.125.68.0-255,2902,105043,70,409259
36979,0.000839,172.31.40.0-255,66,105109,70,409259
36980,0.000861,74.125.68.0-255,4320,109429,70,409259
36981,0.000866,172.31.40.0-255,66,109495,70,409259
36982,0.000875,74.125.68.0-255,2902,112397,70,409259
36983,0.000877,172.31.40.0-255,66,112463,70,409259
36984,0.000913,74.125.68.0-255,2902,115365,70,409259
36985,0.000916,172.31.40.0-255,66,115431,70,409259
36986,0.000935,74.125.68.0-255,2245,117676,70,409259
36987,0.00094,172.31.40.0-255,66,117742,70,409259
36988,0.000994,74.125.68.0-255,1484,119226,70,409259
36989,0.001021,74.125.68.0-255,1484,120710,70,409259
36990,0.001024,172.31.40.0-255,66,120776,70,409259
36991,0.001045,74.125.68.0-255,1484,122260,70,409259
36992,0.00105,74.125.68.0-255,4320,126580,70,409259
36993,0.001053,172.31.40.0-255,66,126646,70,409259
36994,0.00107,74.125.68.0-255,1484,128130,70,409259
36995,0.001094,74.125.68.0-255,5738,133868,70,409259
36996,0.001097,172.31.40.0-255,66,133934,70,409259
36997,0.001102,74.125.68.0-255,2902,136836,70,409259
36998,0.001104,172.31.40.0-255,66,136902,70,409259
36999,0.001125,74.125.68.0-255,5738,142640,70,409259
37000,0.001128,172.31.40.0-255,66,142706,70,409259
37001,0.001132,74.125.68.0-255,2902,145608,70,409259
37002,0.001134,172.31.40.0-255,66,145674,70,409259
37003,0.00114,74.125.68.0-255,4320,149994,70,409259
37004,0.001142,172.31.40.0-255,66,150060,70,409259
37005,0.001162,74.125.68.0-255,2184,152244,70,409259
37006,0.001165,172.31.40.0-255,66,152310,70,409259
37007,0.001344,74.125.68.0-255,1484,153794,70,409259
37008,0.001363,74.125.68.0-255,1484,155278,70,409259
37009,0.001367,172.31.40.0-255,66,155344,70,409259
37010,0.001373,74.125.68.0-255,2902,158246,70,409259
37011,0.001375,172.31.40.0-255,66,158312,70,409259
37012,0.001398,74.125.68.0-255,2902,161214,70,409259
37013,0.001401,172.31.40.0-255,66,161280,70,409259
37014,0.001414,74.125.68.0-255,2902,164182,70,409259
37015,0.001416,172.31.40.0-255,66,164248,70,409259
37016,0.001419,74.125.68.0-255,1484,165732,70,409259
37017,0.001423,74.125.68.0-255,2902,168634,70,409259
37018,0.001425,172.31.40.0-255,66,168700,70,409259
37019,0.001441,74.125.68.0-255,2902,171602,70,409259
37020,0.001443,172.31.40.0-255,66,171668,70,409259
37021,0.001457,74.125.68.0-255,2902,174570,70,409259
37022,0.001459,172.31.40.0-255,66,174636,70,409259
37023,0.001463,74.125.68.0-255,2902,177538,70,409259
37024,0.001465,172.31.40.0-255,66,177604,70,409259
37025,0.001491,74.125.68.0-255,2902,180506,70,409259
37026,0.001495,172.31.40.0-255,66,180572,70,409259
37027,0.001502,74.125.68.0-255,6438,187010,70,409259
37028,0.001504,172.31.40.0-255,66,187076,70,409259
37029,0.001563,74.125.68.0-255,1484,188560,70,409259
37030,0.001567,74.125.68.0-255,1484,190044,70,409259
37031,0.00157,172.31.40.0-255,66,190110,70,409259
37032,0.001585,74.125.68.0-255,1484,191594,70,409259
37033,0.00159,74.125.68.0-255,2902,194496,70,409259
37034,0.001592,172.31.40.0-255,66,194562,70,409259
37035,0.001612,74.125.68.0-255,2902,197464,70,409259
37036,0.001615,172.31.40.0-255,66,197530,70,409259
37037,0.00162,74.125.68.0-255,4320,201850,70,409259
37038,0.001623,172.31.40.0-255,66,201916,70,409259
37039,0.001638,74.125.68.0-255,2902,204818,70,409259
37040,0.00164,172.31.40.0-255,66,204884,70,409259
37041,0.001648,74.125.68.0-255,8574,213458,70,409259
37042,0.00165,172.31.40.0-255,66,213524,70,409259
37043,0.001665,74.125.68.0-255,2902,216426,70,409259
37044,0.001668,172.31.40.0-255,66,216492,70,409259
37045,0.001692,74.125.68.0-255,5020,221512,70,409259
37046,0.001695,172.31.40.0-255,66,221578,70,409259
37047,0.001716,74.125.68.0-255,1484,223062,70,409259
37048,0.001736,74.125.68.0-255,2902,225964,70,409259
37049,0.001739,172.31.40.0-255,66,226030,70,409259
37050,0.001745,74.125.68.0-255,4320,230350,70,409259
37051,0.001747,172.31.40.0-255,66,230416,70,409259
37052,0.001762,74.125.68.0-255,1484,231900,70,409259
37053,0.00177,74.125.68.0-255,7156,239056,70,409259
37054,0.001773,172.31.40.0-255,66,239122,70,409259
37055,0.001794,74.125.68.0-255,8574,247696,70,409259
37056,0.001798,172.31.40.0-255,66,247762,70,409259
37057,0.001861,74.125.68.0-255,7856,255618,70,409259
37058,0.001864,172.31.40.0-255,66,255684,70,409259
37059,0.001867,74.125.68.0-255,1484,257168,70,409259
37060,0.001884,74.125.68.0-255,2902,260070,70,409259
37061,0.001886,172.31.40.0-255,66,260136,70,409259
37062,0.001911,74.125.68.0-255,5738,265874,70,409259
37063,0.001914,172.31.40.0-255,66,265940,70,409259
37064,0.001917,74.125.68.0-255,1484,267424,70,409259
37065,0.001931,74.125.68.0-255,4320,271744,70,409259
37066,0.001934,172.31.40.0-255,66,271810,70,409259
37067,0.001939,74.125.68.0-255,2902,274712,70,409259
37068,0.001941,172.31.40.0-255,66,274778,70,409259
37069,0.001974,74.125.68.0-255,4320,279098,70,409259
37070,0.001977,172.31.40.0-255,66,279164,70,409259
37071,0.001987,74.125.68.0-255,10692,289856,70,409259
37072,0.00199,172.31.40.0-255,66,289922,70,409259
37073,0.002137,74.125.68.0-255,1484,291406,70,409259
37074,0.00215,74.125.68.0-255,2902,294308,70,409259
37075,0.002154,172.31.40.0-255,66,294374,70,409259
37076,0.002175,74.125.68.0-255,5738,300112,70,409259
37077,0.002178,172.31.40.0-255,66,300178,70,409259
37078,0.002183,74.125.68.0-255,2902,303080,70,409259
37079,0.002185,172.31.40.0-255,66,303146,70,409259
37080,0.00219,74.125.68.0-255,2902,306048,70,409259
37081,0.002192,172.31.40.0-255,66,306114,70,409259
37082,0.002208,74.125.68.0-255,1484,307598,70,409259
37083,0.002212,74.125.68.0-255,1484,309082,70,409259
37084,0.002214,172.31.40.0-255,66,309148,70,409259
37085,0.002245,74.125.68.0-255,7156,316304,70,409259
37086,0.002248,172.31.40.0-255,66,316370,70,409259
37087,0.002253,74.125.68.0-255,4320,320690,70,409259
37088,0.002255,172.31.40.0-255,66,320756,70,409259
37089,0.002283,74.125.68.0-255,1484,322240,70,409259
37090,0.002301,74.125.68.0-255,2184,324424,70,409259
37091,0.002304,172.31.40.0-255,66,324490,70,409259
37092,0.004512,74.125.68.0-255,1484,325974,70,409259
37093,0.004596,74.125.68.0-255,2902,328876,70,409259
37094,0.004602,172.31.40.0-255,66,328942,70,409259
37095,0.004618,74.125.68.0-255,1484,330426,70,409259
37096,0.006885,74.125.68.0-255,4320,334746,70,409259
37097,0.006894,172.31.40.0-255,66,334812,70,409259
37098,0.009164,74.125.68.0-255,5738,340550,70,409259
37099,0.009168,172.31.40.0-255,66,340616,70,409259
37100,0.011447,74.125.68.0-255,5738,346354,70,409259
37101,0.011453,172.31.40.0-255,66,346420,70,409259
37102,0.013735,74.125.68.0-255,5738,352158,70,409259
37103,0.013745,172.31.40.0-255,66,352224,70,409259
37104,0.016031,74.125.68.0-255,5738,357962,70,409259
37105,0.016041,172.31.40.0-255,66,358028,70,409259
37106,0.018329,74.125.68.0-255,5738,363766,70,409259
37107,0.018338,172.31.40.0-255,66,363832,70,409259
37108,0.020613,74.125.68.0-255,5738,369570,70,409259
37109,0.020622,172.31.40.0-255,66,369636,70,409259
37110,0.022909,74.125.68.0-255,5738,375374,70,409259
37111,0.022919,172.31.40.0-255,66,375440,70,409259
37112,0.025208,74.125.68.0-255,5738,381178,70,409259
37113,0.025216,172.31.40.0-255,66,381244,70,409259
37114,0.027493,74.125.68.0-255,5738,386982,70,409259
37115,0.027501,172.31.40.0-255,66,387048,70,409259
37116,0.029783,74.125.68.0-255,5738,392786,70,409259
37117,0.029791,172.31.40.0-255,66,392852,70,409259
37118,0.032104,74.125.68.0-255,5738,398590,70,409259
37119,0.032111,172.31.40.0-255,66,398656,70,409259
37120,0.034383,74.125.68.0-255,3482,402138,70,409259
37121,0.034391,172.31.40.0-255,66,402204,70,409259
37122,0.034588,172.31.40.0-255,105,402309,70,409259
37123,0.036826,74.125.68.0-255,66,402375,70,409259
37124,0.047511,172.31.40.0-255,172,402547,70,409259
37125,0.047542,172.31.40.0-255,1117,403664,70,409259
37126,0.047621,172.31.40.0-255,1514,405178,70,409259
37127,0.047623,172.31.40.0-255,1514,406692,70,409259
37128,0.047627,172.31.40.0-255,1514,408206,70,409259
37129,0.047629,172.31.40.0-255,789,408995,70,409259
37130,0.049048,104.244.42.0-255,66,409061,70,409259
37131,0.049094,104.244.42.0-255,66,409127,70,409259
37132,0.049225,104.244.42.0-255,66,409193,70,409259
37133,0.049232,104.244.42.0-255,66,409259,70,409259
37134,0.0,172.217.194.0-255,146,146,70,275327
37135,2.3e-05,172.31.40.0-255,66,212,70,275327
37136,3.1e-05,172.217.194.0-255,1484,1696,70,275327
37137,3.5e-05,172.31.40.0-255,66,1762,70,275327
37138,4.1e-05,172.217.194.0-255,2902,4664,70,275327
37139,5.4e-05,172.31.40.0-255,66,4730,70,275327
37140,6.3e-05,172.217.194.0-255,7156,11886,70,275327
37141,6.7e-05,172.31.40.0-255,66,11952,70,275327
37142,7.5e-05,172.217.194.0-255,7811,19763,70,275327
37143,7.9e-05,172.31.40.0-255,66,19829,70,275327
37144,8.7e-05,172.217.194.0-255,8574,28403,70,275327
37145,9e-05,172.31.40.0-255,66,28469,70,275327
37146,0.000123,172.217.194.0-255,2543,31012,70,275327
37147,0.000126,172.31.40.0-255,66,31078,70,275327
37148,0.000604,172.217.194.0-255,1484,32562,70,275327
37149,0.00061,172.31.40.0-255,66,32628,70,275327
37150,0.000641,172.217.194.0-255,2902,35530,70,275327
37151,0.000647,172.217.194.0-255,5738,41268,70,275327
37152,0.000649,172.217.194.0-255,1484,42752,70,275327
37153,0.000654,172.31.40.0-255,66,42818,70,275327
37154,0.000662,172.31.40.0-255,66,42884,70,275327
37155,0.000665,172.31.40.0-255,66,42950,70,275327
37156,0.000678,172.31.40.0-255,66,43016,70,275327
37157,0.000689,172.217.194.0-255,5738,48754,70,275327
37158,0.000692,172.31.40.0-255,66,48820,70,275327
37159,0.000727,172.217.194.0-255,5020,53840,70,275327
37160,0.000731,172.31.40.0-255,66,53906,70,275327
37161,0.000839,172.217.194.0-255,340,54246,70,275327
37162,0.000843,172.31.40.0-255,66,54312,70,275327
37163,0.00089,172.217.194.0-255,120,54432,70,275327
37164,0.000894,172.31.40.0-255,66,54498,70,275327
37165,0.001003,172.217.194.0-255,1484,55982,70,275327
37166,0.00101,172.217.194.0-255,2902,58884,70,275327
37167,0.001013,172.31.40.0-255,66,58950,70,275327
37168,0.001045,172.217.194.0-255,5738,64688,70,275327
37169,0.001048,172.31.40.0-255,66,64754,70,275327
37170,0.001056,172.217.194.0-255,7156,71910,70,275327
37171,0.001058,172.31.40.0-255,66,71976,70,275327
37172,0.001104,172.217.194.0-255,5738,77714,70,275327
37173,0.001107,172.31.40.0-255,66,77780,70,275327
37174,0.001117,172.217.194.0-255,10692,88472,70,275327
37175,0.00112,172.31.40.0-255,66,88538,70,275327
37176,0.00118,172.31.40.0-255,66,88604,70,275327
37177,0.001197,172.31.40.0-255,66,88670,70,275327
37178,0.001236,172.217.194.0-255,10692,99362,70,275327
37179,0.00124,172.31.40.0-255,66,99428,70,275327
37180,0.001255,172.31.40.0-255,66,99494,70,275327
37181,0.001295,172.217.194.0-255,4320,103814,70,275327
37182,0.001298,172.31.40.0-255,66,103880,70,275327
37183,0.00135,172.31.40.0-255,66,103946,70,275327
37184,0.001355,172.217.194.0-255,3336,107282,70,275327
37185,0.001357,172.31.40.0-255,66,107348,70,275327
37186,0.001376,172.217.194.0-255,1484,108832,70,275327
37187,0.001415,172.217.194.0-255,2902,111734,70,275327
37188,0.001418,172.31.40.0-255,66,111800,70,275327
37189,0.001424,172.217.194.0-255,5738,117538,70,275327
37190,0.001426,172.31.40.0-255,66,117604,70,275327
37191,0.001431,172.217.194.0-255,2902,120506,70,275327
37192,0.001433,172.31.40.0-255,66,120572,70,275327
37193,0.001463,172.217.194.0-255,9992,130564,70,275327
37194,0.001465,172.31.40.0-255,66,130630,70,275327
37195,0.001476,172.217.194.0-255,10692,141322,70,275327
37196,0.001479,172.31.40.0-255,66,141388,70,275327
37197,0.001516,172.217.194.0-255,1484,142872,70,275327
37198,0.001519,172.217.194.0-255,1484,144356,70,275327
37199,0.001522,172.31.40.0-255,66,144422,70,275327
37200,0.001552,172.217.194.0-255,1484,145906,70,275327
37201,0.00156,172.217.194.0-255,5738,151644,70,275327
37202,0.001562,172.31.40.0-255,66,151710,70,275327
37203,0.001586,172.31.40.0-255,66,151776,70,275327
37204,0.001589,172.217.194.0-255,1484,153260,70,275327
37205,0.001625,172.217.194.0-255,9274,162534,70,275327
37206,0.001628,172.31.40.0-255,66,162600,70,275327
37207,0.001659,172.217.194.0-255,4320,166920,70,275327
37208,0.001662,172.31.40.0-255,66,166986,70,275327
37209,0.001668,172.217.194.0-255,5738,172724,70,275327
37210,0.001671,172.31.40.0-255,66,172790,70,275327
37211,0.001681,172.217.194.0-255,8574,181364,70,275327
37212,0.001683,172.31.40.0-255,66,181430,70,275327
37213,0.001726,172.217.194.0-255,2902,184332,70,275327
37214,0.001729,172.31.40.0-255,66,184398,70,275327
37215,0.001743,172.31.40.0-255,66,184464,70,275327
37216,0.00228,172.217.194.0-255,1484,185948,70,275327
37217,0.002285,172.217.194.0-255,2902,188850,70,275327
37218,0.002289,172.31.40.0-255,66,188916,70,275327
37219,0.002317,172.217.194.0-255,4320,193236,70,275327
37220,0.00232,172.31.40.0-255,66,193302,70,275327
37221,0.002341,172.217.194.0-255,1484,194786,70,275327
37222,0.002344,172.217.194.0-255,1484,196270,70,275327
37223,0.002346,172.31.40.0-255,66,196336,70,275327
37224,0.002354,172.217.194.0-255,8574,204910,70,275327
37225,0.002356,172.31.40.0-255,66,204976,70,275327
37226,0.002361,172.217.194.0-255,4320,209296,70,275327
37227,0.002363,172.31.40.0-255,66,209362,70,275327
37228,0.002399,172.217.194.0-255,9274,218636,70,275327
37229,0.002402,172.31.40.0-255,66,218702,70,275327
37230,0.002474,172.217.194.0-255,1484,220186,70,275327
37231,0.00248,172.217.194.0-255,2902,223088,70,275327
37232,0.002482,172.31.40.0-255,66,223154,70,275327
37233,0.002509,172.217.194.0-255,5738,228892,70,275327
37234,0.002512,172.31.40.0-255,66,228958,70,275327
37235,0.002516,172.217.194.0-255,2902,231860,70,275327
37236,0.002518,172.31.40.0-255,66,231926,70,275327
37237,0.002537,172.217.194.0-255,1484,233410,70,275327
37238,0.002573,172.217.194.0-255,7156,240566,70,275327
37239,0.002576,172.31.40.0-255,66,240632,70,275327
37240,0.002603,172.217.194.0-255,4320,244952,70,275327
37241,0.002605,172.31.40.0-255,66,245018,70,275327
37242,0.002614,172.217.194.0-255,7856,252874,70,275327
37243,0.002616,172.31.40.0-255,66,252940,70,275327
37244,0.002619,172.217.194.0-255,1484,254424,70,275327
37245,0.002648,172.217.194.0-255,2902,257326,70,275327
37246,0.002651,172.31.40.0-255,66,257392,70,275327
37247,0.002657,172.217.194.0-255,4320,261712,70,275327
37248,0.002658,172.31.40.0-255,66,261778,70,275327
37249,0.00268,172.217.194.0-255,1484,263262,70,275327
37250,0.002686,172.217.194.0-255,4320,267582,70,275327
37251,0.002688,172.31.40.0-255,66,267648,70,275327
37252,0.005343,172.217.194.0-255,5738,273386,70,275327
37253,0.005355,172.31.40.0-255,66,273452,70,275327
37254,0.008004,172.217.194.0-255,1638,275090,70,275327
37255,0.008012,172.31.40.0-255,66,275156,70,275327
37256,0.01522,172.31.40.0-255,105,275261,70,275327
37257,0.017827,172.217.194.0-255,66,275327,70,275327
37258,0.0,172.217.194.0-255,152,152,70,286932
37259,2.4e-05,172.31.40.0-255,66,218,70,286932
37260,3.1e-05,172.217.194.0-255,1484,1702,70,286932
37261,3.6e-05,172.31.40.0-255,66,1768,70,286932
37262,4.2e-05,172.217.194.0-255,2902,4670,70,286932
37263,4.6e-05,172.31.40.0-255,66,4736,70,286932
37264,5.3e-05,172.217.194.0-255,7156,11892,70,286932
37265,5.6e-05,172.31.40.0-255,66,11958,70,286932
37266,7.4e-05,172.31.40.0-255,66,12024,70,286932
37267,9.5e-05,172.217.194.0-255,2543,14567,70,286932
37268,9.8e-05,172.31.40.0-255,66,14633,70,286932
37269,0.000244,172.217.194.0-255,1484,16117,70,286932
37270,0.000249,172.31.40.0-255,66,16183,70,286932
37271,0.000254,172.217.194.0-255,2902,19085,70,286932
37272,0.000257,172.31.40.0-255,66,19151,70,286932
37273,0.000261,172.217.194.0-255,1484,20635,70,286932
37274,0.000263,172.31.40.0-255,66,20701,70,286932
37275,0.000295,172.217.194.0-255,4320,25021,70,286932
37276,0.000298,172.31.40.0-255,66,25087,70,286932
37277,0.000305,172.217.194.0-255,5738,30825,70,286932
37278,0.000307,172.31.40.0-255,66,30891,70,286932
37279,0.000326,172.217.194.0-255,8215,39106,70,286932
37280,0.000328,172.31.40.0-255,66,39172,70,286932
37281,0.000344,172.217.194.0-255,1484,40656,70,286932
37282,0.000346,172.31.40.0-255,66,40722,70,286932
37283,0.000378,172.217.194.0-255,8504,49226,70,286932
37284,0.000381,172.31.40.0-255,66,49292,70,286932
37285,0.00042,172.217.194.0-255,98,49390,70,286932
37286,0.000423,172.31.40.0-255,66,49456,70,286932
37287,0.000498,172.217.194.0-255,1484,50940,70,286932
37288,0.000501,172.31.40.0-255,66,51006,70,286932
37289,0.000507,172.217.194.0-255,2902,53908,70,286932
37290,0.000509,172.31.40.0-255,66,53974,70,286932
37291,0.000537,172.217.194.0-255,5738,59712,70,286932
37292,0.000541,172.31.40.0-255,66,59778,70,286932
37293,0.000545,172.217.194.0-255,2902,62680,70,286932
37294,0.000548,172.31.40.0-255,66,62746,70,286932
37295,0.000569,172.217.194.0-255,9992,72738,70,286932
37296,0.000572,172.31.40.0-255,66,72804,70,286932
37297,0.000581,172.217.194.0-255,9992,82796,70,286932
37298,0.000584,172.31.40.0-255,66,82862,70,286932
37299,0.000586,172.217.194.0-255,766,83628,70,286932
37300,0.000604,172.217.194.0-255,1484,85112,70,286932
37301,0.000607,172.31.40.0-255,66,85178,70,286932
37302,0.000638,172.217.194.0-255,4320,89498,70,286932
37303,0.000641,172.31.40.0-255,66,89564,70,286932
37304,0.000647,172.217.194.0-255,5738,95302,70,286932
37305,0.00065,172.31.40.0-255,66,95368,70,286932
37306,0.000666,172.217.194.0-255,4320,99688,70,286932
37307,0.000668,172.31.40.0-255,66,99754,70,286932
37308,0.000678,172.217.194.0-255,9992,109746,70,286932
37309,0.00068,172.31.40.0-255,66,109812,70,286932
37310,0.000713,172.217.194.0-255,2902,112714,70,286932
37311,0.000716,172.31.40.0-255,66,112780,70,286932
37312,0.000737,172.217.194.0-255,5020,117800,70,286932
37313,0.00074,172.31.40.0-255,66,117866,70,286932
37314,0.00077,172.217.194.0-255,5738,123604,70,286932
37315,0.000773,172.31.40.0-255,66,123670,70,286932
37316,0.000793,172.217.194.0-255,2902,126572,70,286932
37317,0.000797,172.217.194.0-255,2902,129474,70,286932
37318,0.000801,172.31.40.0-255,66,129540,70,286932
37319,0.000804,172.31.40.0-255,66,129606,70,286932
37320,0.000826,172.217.194.0-255,7156,136762,70,286932
37321,0.000829,172.31.40.0-255,66,136828,70,286932
37322,0.000836,172.217.194.0-255,7156,143984,70,286932
37323,0.000845,172.31.40.0-255,66,144050,70,286932
37324,0.000887,172.217.194.0-255,8155,152205,70,286932
37325,0.000891,172.31.40.0-255,66,152271,70,286932
37326,0.001155,172.217.194.0-255,1484,153755,70,286932
37327,0.001161,172.217.194.0-255,2902,156657,70,286932
37328,0.001164,172.31.40.0-255,66,156723,70,286932
37329,0.001169,172.217.194.0-255,2902,159625,70,286932
37330,0.001171,172.31.40.0-255,66,159691,70,286932
37331,0.001186,172.217.194.0-255,2902,162593,70,286932
37332,0.001188,172.31.40.0-255,66,162659,70,286932
37333,0.001194,172.217.194.0-255,5738,168397,70,286932
37334,0.001196,172.31.40.0-255,66,168463,70,286932
37335,0.001217,172.217.194.0-255,7156,175619,70,286932
37336,0.001224,172.217.194.0-255,4320,179939,70,286932
37337,0.001232,172.31.40.0-255,66,180005,70,286932
37338,0.001244,172.217.194.0-255,6438,186443,70,286932
37339,0.001249,172.31.40.0-255,66,186509,70,286932
37340,0.00174,172.217.194.0-255,1484,187993,70,286932
37341,0.001745,172.217.194.0-255,2902,190895,70,286932
37342,0.001752,172.31.40.0-255,66,190961,70,286932
37343,0.001773,172.217.194.0-255,5738,196699,70,286932
37344,0.001776,172.31.40.0-255,66,196765,70,286932
37345,0.001788,172.217.194.0-255,1484,198249,70,286932
37346,0.001826,172.31.40.0-255,66,198315,70,286932
37347,0.001832,172.217.194.0-255,5738,204053,70,286932
37348,0.001835,172.31.40.0-255,66,204119,70,286932
37349,0.001859,172.217.194.0-255,1484,205603,70,286932
37350,0.001875,172.217.194.0-255,3602,209205,70,286932
37351,0.001878,172.31.40.0-255,66,209271,70,286932
37352,0.001913,172.217.194.0-255,1484,210755,70,286932
37353,0.001932,172.217.194.0-255,2902,213657,70,286932
37354,0.001935,172.31.40.0-255,66,213723,70,286932
37355,0.001941,172.217.194.0-255,4320,218043,70,286932
37356,0.001943,172.31.40.0-255,66,218109,70,286932
37357,0.001958,172.217.194.0-255,1484,219593,70,286932
37358,0.001963,172.217.194.0-255,2902,222495,70,286932
37359,0.001966,172.31.40.0-255,66,222561,70,286932
37360,0.001997,172.217.194.0-255,7156,229717,70,286932
37361,0.002017,172.217.194.0-255,8574,238291,70,286932
37362,0.002033,172.217.194.0-255,8574,246865,70,286932
37363,0.002038,172.31.40.0-255,66,246931,70,286932
37364,0.002058,172.217.194.0-255,766,247697,70,286932
37365,0.002072,172.217.194.0-255,1484,249181,70,286932
37366,0.002077,172.31.40.0-255,66,249247,70,286932
37367,0.002118,172.217.194.0-255,5738,254985,70,286932
37368,0.002125,172.31.40.0-255,66,255051,70,286932
37369,0.002157,172.217.194.0-255,10692,265743,70,286932
37370,0.002199,172.217.194.0-255,7156,272899,70,286932
37371,0.002205,172.31.40.0-255,66,272965,70,286932
37372,0.002217,172.217.194.0-255,4320,277285,70,286932
37373,0.002287,172.31.40.0-255,66,277351,70,286932
37374,0.00232,172.217.194.0-255,4320,281671,70,286932
37375,0.002335,172.217.194.0-255,4002,285673,70,286932
37376,0.002338,172.217.194.0-255,105,285778,70,286932
37377,0.002361,172.31.40.0-255,66,285844,70,286932
37378,0.00451,172.31.40.0-255,105,285949,70,286932
37379,0.006815,172.217.194.0-255,66,286015,70,286932
37380,0.042997,172.31.40.0-255,172,286187,70,286932
37381,0.043846,172.31.40.0-255,613,286800,70,286932
37382,0.044591,104.244.42.0-255,66,286866,70,286932
37383,0.045383,104.244.42.0-255,66,286932,70,286932
37384,0.0,74.125.200.0-255,290,290,70,374010
37385,1.4e-05,172.31.40.0-255,66,356,70,374010
37386,1.8e-05,74.125.200.0-255,1484,1840,70,374010
37387,2.3e-05,172.31.40.0-255,66,1906,70,374010
37388,5.8e-05,74.125.200.0-255,4320,6226,70,374010
37389,6.1e-05,172.31.40.0-255,66,6292,70,374010
37390,6.6e-05,74.125.200.0-255,2902,9194,70,374010
37391,6.8e-05,172.31.40.0-255,66,9260,70,374010
37392,7.4e-05,74.125.200.0-255,4320,13580,70,374010
37393,7.7e-05,172.31.40.0-255,66,13646,70,374010
37394,0.000128,74.125.200.0-255,8941,22587,70,374010
37395,0.000131,172.31.40.0-255,66,22653,70,374010
37396,0.000134,74.125.200.0-255,1484,24137,70,374010
37397,0.000136,172.31.40.0-255,66,24203,70,374010
37398,0.000167,74.125.200.0-255,4320,28523,70,374010
37399,0.00017,172.31.40.0-255,66,28589,70,374010
37400,0.000174,74.125.200.0-255,2543,31132,70,374010
37401,0.000176,172.31.40.0-255,66,31198,70,374010
37402,0.000235,74.125.200.0-255,1484,32682,70,374010
37403,0.000238,172.31.40.0-255,66,32748,70,374010
37404,0.000244,74.125.200.0-255,2902,35650,70,374010
37405,0.000246,172.31.40.0-255,66,35716,70,374010
37406,0.000268,74.125.200.0-255,5738,41454,70,374010
37407,0.000271,172.31.40.0-255,66,41520,70,374010
37408,0.000276,74.125.200.0-255,2902,44422,70,374010
37409,0.000278,172.31.40.0-255,66,44488,70,374010
37410,0.0003,74.125.200.0-255,2902,47390,70,374010
37411,0.000303,172.31.40.0-255,66,47456,70,374010
37412,0.00034,74.125.200.0-255,7156,54612,70,374010
37413,0.000342,172.31.40.0-255,66,54678,70,374010
37414,0.000365,74.125.200.0-255,10692,65370,70,374010
37415,0.000368,172.31.40.0-255,66,65436,70,374010
37416,0.000714,74.125.200.0-255,358,65794,70,374010
37417,0.00072,172.31.40.0-255,66,65860,70,374010
37418,0.000748,74.125.200.0-255,138,65998,70,374010
37419,0.00075,172.31.40.0-255,66,66064,70,374010
37420,0.001388,74.125.200.0-255,1484,67548,70,374010
37421,0.001394,172.31.40.0-255,66,67614,70,374010
37422,0.001403,74.125.200.0-255,2902,70516,70,374010
37423,0.001406,172.31.40.0-255,66,70582,70,374010
37424,0.001418,74.125.200.0-255,5738,76320,70,374010
37425,0.00142,172.31.40.0-255,66,76386,70,374010
37426,0.001456,172.31.40.0-255,66,76452,70,374010
37427,0.001492,172.31.40.0-255,66,76518,70,374010
37428,0.001495,74.125.200.0-255,1484,78002,70,374010
37429,0.001497,172.31.40.0-255,66,78068,70,374010
37430,0.001502,74.125.200.0-255,2902,80970,70,374010
37431,0.001504,172.31.40.0-255,66,81036,70,374010
37432,0.00153,74.125.200.0-255,5738,86774,70,374010
37433,0.001533,172.31.40.0-255,66,86840,70,374010
37434,0.001537,74.125.200.0-255,2902,89742,70,374010
37435,0.001539,172.31.40.0-255,66,89808,70,374010
37436,0.00157,74.125.200.0-255,2902,92710,70,374010
37437,0.001572,172.31.40.0-255,66,92776,70,374010
37438,0.001581,74.125.200.0-255,7156,99932,70,374010
37439,0.001582,172.31.40.0-255,66,99998,70,374010
37440,0.001607,74.125.200.0-255,4320,104318,70,374010
37441,0.00161,172.31.40.0-255,66,104384,70,374010
37442,0.001641,74.125.200.0-255,5738,110122,70,374010
37443,0.001643,172.31.40.0-255,66,110188,70,374010
37444,0.001646,74.125.200.0-255,766,110954,70,374010
37445,0.001648,172.31.40.0-255,66,111020,70,374010
37446,0.001668,74.125.200.0-255,1484,112504,70,374010
37447,0.00167,172.31.40.0-255,66,112570,70,374010
37448,0.001689,74.125.200.0-255,4320,116890,70,374010
37449,0.001698,172.31.40.0-255,66,116956,70,374010
37450,0.001729,74.125.200.0-255,5738,122694,70,374010
37451,0.001732,172.31.40.0-255,66,122760,70,374010
37452,0.001771,74.125.200.0-255,2902,125662,70,374010
37453,0.001773,172.31.40.0-255,66,125728,70,374010
37454,0.001803,74.125.200.0-255,8574,134302,70,374010
37455,0.001806,172.31.40.0-255,66,134368,70,374010
37456,0.001811,74.125.200.0-255,2902,137270,70,374010
37457,0.001812,172.31.40.0-255,66,137336,70,374010
37458,0.001822,74.125.200.0-255,7856,145192,70,374010
37459,0.001824,172.31.40.0-255,66,145258,70,374010
37460,0.001875,74.125.200.0-255,345,145603,70,374010
37461,0.001878,172.31.40.0-255,66,145669,70,374010
37462,0.001918,74.125.200.0-255,1484,147153,70,374010
37463,0.001922,172.31.40.0-255,66,147219,70,374010
37464,0.001925,74.125.200.0-255,1484,148703,70,374010
37465,0.001957,74.125.200.0-255,2902,151605,70,374010
37466,0.001963,74.125.200.0-255,4320,155925,70,374010
37467,0.001969,74.125.200.0-255,5738,161663,70,374010
37468,0.001982,74.125.200.0-255,2902,164565,70,374010
37469,0.002002,74.125.200.0-255,8574,173139,70,374010
37470,0.002007,74.125.200.0-255,2902,176041,70,374010
37471,0.002035,74.125.200.0-255,3602,179643,70,374010
37472,0.002174,74.125.200.0-255,1484,181127,70,374010
37473,0.002191,74.125.200.0-255,2902,184029,70,374010
37474,0.002202,74.125.200.0-255,1484,185513,70,374010
37475,0.002205,74.125.200.0-255,1484,186997,70,374010
37476,0.002239,74.125.200.0-255,2902,189899,70,374010
37477,0.002258,74.125.200.0-255,1484,191383,70,374010
37478,0.002261,74.125.200.0-255,1484,192867,70,374010
37479,0.002289,74.125.200.0-255,2902,195769,70,374010
37480,0.002311,74.125.200.0-255,7156,202925,70,374010
37481,0.002314,74.125.200.0-255,1484,204409,70,374010
37482,0.002351,74.125.200.0-255,5738,210147,70,374010
37483,0.002354,74.125.200.0-255,1484,211631,70,374010
37484,0.002358,74.125.200.0-255,2184,213815,70,374010
37485,0.002527,74.125.200.0-255,1484,215299,70,374010
37486,0.002532,74.125.200.0-255,1484,216783,70,374010
37487,0.002548,74.125.200.0-255,1484,218267,70,374010
37488,0.002552,74.125.200.0-255,2902,221169,70,374010
37489,0.002565,74.125.200.0-255,1484,222653,70,374010
37490,0.00258,74.125.200.0-255,2902,225555,70,374010
37491,0.002601,74.125.200.0-255,4320,229875,70,374010
37492,0.002618,74.125.200.0-255,4320,234195,70,374010
37493,0.002621,74.125.200.0-255,1484,235679,70,374010
37494,0.002643,74.125.200.0-255,1484,237163,70,374010
37495,0.002668,74.125.200.0-255,9992,247155,70,374010
37496,0.002671,74.125.200.0-255,766,247921,70,374010
37497,0.002689,74.125.200.0-255,2902,250823,70,374010
37498,0.002707,74.125.200.0-255,2902,253725,70,374010
37499,0.00271,74.125.200.0-255,1484,255209,70,374010
37500,0.002744,74.125.200.0-255,5738,260947,70,374010
37501,0.002773,74.125.200.0-255,4320,265267,70,374010
37502,0.00278,74.125.200.0-255,5738,271005,70,374010
37503,0.002811,74.125.200.0-255,4320,275325,70,374010
37504,0.002829,74.125.200.0-255,6438,281763,70,374010
37505,0.002953,74.125.200.0-255,1484,283247,70,374010
37506,0.002959,74.125.200.0-255,1484,284731,70,374010
37507,0.002978,74.125.200.0-255,2902,287633,70,374010
37508,0.003003,74.125.200.0-255,5738,293371,70,374010
37509,0.003025,74.125.200.0-255,5738,299109,70,374010
37510,0.003042,74.125.200.0-255,7156,306265,70,374010
37511,0.003097,74.125.200.0-255,1484,307749,70,374010
37512,0.003114,74.125.200.0-255,7856,315605,70,374010
37513,0.003121,74.125.200.0-255,5738,321343,70,374010
37514,0.003145,74.125.200.0-255,7156,328499,70,374010
37515,0.003166,74.125.200.0-255,1484,329983,70,374010
37516,0.003189,74.125.200.0-255,9992,339975,70,374010
37517,0.003219,74.125.200.0-255,4320,344295,70,374010
37518,0.003241,74.125.200.0-255,7856,352151,70,374010
37519,0.003257,74.125.200.0-255,4320,356471,70,374010
37520,0.003286,74.125.200.0-255,8574,365045,70,374010
37521,0.003293,74.125.200.0-255,5738,370783,70,374010
37522,0.003321,74.125.200.0-255,2100,372883,70,374010
37523,0.003356,74.125.200.0-255,105,372988,70,374010
37524,0.008722,172.31.40.0-255,66,373054,70,374010
37525,0.011353,172.31.40.0-255,105,373159,70,374010
37526,0.013318,74.125.200.0-255,66,373225,70,374010
37527,0.048417,172.31.40.0-255,172,373397,70,374010
37528,0.048456,172.31.40.0-255,613,374010,70,374010
37529,0.0,74.125.24.0-255,146,146,70,243542
37530,2.1e-05,172.31.40.0-255,66,212,70,243542
37531,2.8e-05,74.125.24.0-255,1484,1696,70,243542
37532,3.3e-05,172.31.40.0-255,66,1762,70,243542
37533,3.9e-05,74.125.24.0-255,2902,4664,70,243542
37534,5.2e-05,172.31.40.0-255,66,4730,70,243542
37535,6e-05,74.125.24.0-255,7156,11886,70,243542
37536,6.3e-05,172.31.40.0-255,66,11952,70,243542
37537,6.7e-05,74.125.24.0-255,1976,13928,70,243542
37538,7.1e-05,172.31.40.0-255,66,13994,70,243542
37539,0.000152,74.125.24.0-255,1484,15478,70,243542
37540,0.000156,172.31.40.0-255,66,15544,70,243542
37541,0.000159,74.125.24.0-255,1484,17028,70,243542
37542,0.000162,172.31.40.0-255,66,17094,70,243542
37543,0.000196,74.125.24.0-255,1484,18578,70,243542
37544,0.000198,172.31.40.0-255,66,18644,70,243542
37545,0.000206,74.125.24.0-255,5738,24382,70,243542
37546,0.000208,172.31.40.0-255,66,24448,70,243542
37547,0.000233,74.125.24.0-255,7156,31604,70,243542
37548,0.000235,172.31.40.0-255,66,31670,70,243542
37549,0.000264,74.125.24.0-255,5379,37049,70,243542
37550,0.000267,172.31.40.0-255,66,37115,70,243542
37551,0.000271,74.125.24.0-255,2902,40017,70,243542
37552,0.000273,172.31.40.0-255,66,40083,70,243542
37553,0.000305,74.125.24.0-255,8215,48298,70,243542
37554,0.000308,172.31.40.0-255,66,48364,70,243542
37555,0.000706,74.125.24.0-255,1484,49848,70,243542
37556,0.000711,172.31.40.0-255,66,49914,70,243542
37557,0.000717,74.125.24.0-255,2902,52816,70,243542
37558,0.00072,172.31.40.0-255,66,52882,70,243542
37559,0.000748,74.125.24.0-255,5738,58620,70,243542
37560,0.000751,172.31.40.0-255,66,58686,70,243542
37561,0.000793,74.125.24.0-255,5738,64424,70,243542
37562,0.000795,172.31.40.0-255,66,64490,70,243542
37563,0.000813,74.125.24.0-255,1706,66196,70,243542
37564,0.000816,172.31.40.0-255,66,66262,70,243542
37565,0.000858,74.125.24.0-255,5738,72000,70,243542
37566,0.000861,172.31.40.0-255,66,72066,70,243542
37567,0.000892,74.125.24.0-255,2902,74968,70,243542
37568,0.000894,172.31.40.0-255,66,75034,70,243542
37569,0.000902,74.125.24.0-255,8215,83249,70,243542
37570,0.000904,172.31.40.0-255,66,83315,70,243542
37571,0.001161,74.125.24.0-255,1484,84799,70,243542
37572,0.001165,172.31.40.0-255,66,84865,70,243542
37573,0.001171,74.125.24.0-255,2902,87767,70,243542
37574,0.001197,74.125.24.0-255,5738,93505,70,243542
37575,0.001204,74.125.24.0-255,6797,100302,70,243542
37576,0.001208,172.31.40.0-255,66,100368,70,243542
37577,0.001254,172.31.40.0-255,66,100434,70,243542
37578,0.001258,74.125.24.0-255,2902,103336,70,243542
37579,0.001262,74.125.24.0-255,1878,105214,70,243542
37580,0.001272,172.31.40.0-255,66,105280,70,243542
37581,0.002023,74.125.24.0-255,762,106042,70,243542
37582,0.003287,74.125.24.0-255,4320,110362,70,243542
37583,0.003293,172.31.40.0-255,66,110428,70,243542
37584,0.005294,74.125.24.0-255,5738,116166,70,243542
37585,0.005298,172.31.40.0-255,66,116232,70,243542
37586,0.007308,74.125.24.0-255,5738,121970,70,243542
37587,0.007313,172.31.40.0-255,66,122036,70,243542
37588,0.009343,74.125.24.0-255,5738,127774,70,243542
37589,0.009349,172.31.40.0-255,66,127840,70,243542
37590,0.011372,74.125.24.0-255,5738,133578,70,243542
37591,0.011579,172.31.40.0-255,66,133644,70,243542
37592,0.013604,74.125.24.0-255,5738,139382,70,243542
37593,0.013615,172.31.40.0-255,66,139448,70,243542
37594,0.015683,74.125.24.0-255,5738,145186,70,243542
37595,0.01569,172.31.40.0-255,66,145252,70,243542
37596,0.017714,74.125.24.0-255,5738,150990,70,243542
37597,0.01772,172.31.40.0-255,66,151056,70,243542
37598,0.019729,74.125.24.0-255,5738,156794,70,243542
37599,0.019735,172.31.40.0-255,66,156860,70,243542
37600,0.021751,74.125.24.0-255,5738,162598,70,243542
37601,0.021758,172.31.40.0-255,66,162664,70,243542
37602,0.023761,74.125.24.0-255,5738,168402,70,243542
37603,0.023768,172.31.40.0-255,66,168468,70,243542
37604,0.024706,172.31.40.0-255,172,168640,70,243542
37605,0.024735,172.31.40.0-255,1117,169757,70,243542
37606,0.024799,172.31.40.0-255,1514,171271,70,243542
37607,0.0248,172.31.40.0-255,1514,172785,70,243542
37608,0.024801,172.31.40.0-255,845,173630,70,243542
37609,0.025789,74.125.24.0-255,5738,179368,70,243542
37610,0.025795,172.31.40.0-255,66,179434,70,243542
37611,0.026265,104.244.42.0-255,66,179500,70,243542
37612,0.026316,104.244.42.0-255,66,179566,70,243542
37613,0.02636,104.244.42.0-255,66,179632,70,243542
37614,0.026365,104.244.42.0-255,66,179698,70,243542
37615,0.027845,74.125.24.0-255,5738,185436,70,243542
37616,0.027851,172.31.40.0-255,66,185502,70,243542
37617,0.029907,74.125.24.0-255,5738,191240,70,243542
37618,0.029914,172.31.40.0-255,66,191306,70,243542
37619,0.031928,74.125.24.0-255,5738,197044,70,243542
37620,0.031935,172.31.40.0-255,66,197110,70,243542
37621,0.033954,74.125.24.0-255,5738,202848,70,243542
37622,0.033965,172.31.40.0-255,66,202914,70,243542
37623,0.035989,74.125.24.0-255,5738,208652,70,243542
37624,0.035996,172.31.40.0-255,66,208718,70,243542
37625,0.038025,74.125.24.0-255,5738,214456,70,243542
37626,0.03803,172.31.40.0-255,66,214522,70,243542
37627,0.040077,74.125.24.0-255,5738,220260,70,243542
37628,0.040083,172.31.40.0-255,66,220326,70,243542
37629,0.042122,74.125.24.0-255,5738,226064,70,243542
37630,0.042129,172.31.40.0-255,66,226130,70,243542
37631,0.044153,74.125.24.0-255,5738,231868,70,243542
37632,0.044159,172.31.40.0-255,66,231934,70,243542
37633,0.046183,74.125.24.0-255,5738,237672,70,243542
37634,0.04619,172.31.40.0-255,66,237738,70,243542
37635,0.048226,74.125.24.0-255,5738,243476,70,243542
37636,0.048234,172.31.40.0-255,66,243542,70,243542
37637,0.0,74.125.200.0-255,154,154,70,328578
37638,1.5e-05,172.31.40.0-255,66,220,70,328578
37639,2.3e-05,74.125.200.0-255,1484,1704,70,328578
37640,2.7e-05,172.31.40.0-255,66,1770,70,328578
37641,3.2e-05,74.125.200.0-255,2902,4672,70,328578
37642,3.5e-05,172.31.40.0-255,66,4738,70,328578
37643,5.7e-05,74.125.200.0-255,5738,10476,70,328578
37644,6e-05,172.31.40.0-255,66,10542,70,328578
37645,6.3e-05,74.125.200.0-255,1484,12026,70,328578
37646,6.5e-05,172.31.40.0-255,66,12092,70,328578
37647,7e-05,74.125.200.0-255,2065,14157,70,328578
37648,7.3e-05,172.31.40.0-255,66,14223,70,328578
37649,0.000123,74.125.200.0-255,4320,18543,70,328578
37650,0.000126,172.31.40.0-255,66,18609,70,328578
37651,0.000147,74.125.200.0-255,5738,24347,70,328578
37652,0.00015,172.31.40.0-255,66,24413,70,328578
37653,0.000178,74.125.200.0-255,1484,25897,70,328578
37654,0.00018,172.31.40.0-255,66,25963,70,328578
37655,0.000197,74.125.200.0-255,2902,28865,70,328578
37656,0.0002,172.31.40.0-255,66,28931,70,328578
37657,0.000236,74.125.200.0-255,2543,31474,70,328578
37658,0.000238,172.31.40.0-255,66,31540,70,328578
37659,0.000314,74.125.200.0-255,1484,33024,70,328578
37660,0.000318,172.31.40.0-255,66,33090,70,328578
37661,0.00033,74.125.200.0-255,1484,34574,70,328578
37662,0.000332,172.31.40.0-255,66,34640,70,328578
37663,0.000347,74.125.200.0-255,1484,36124,70,328578
37664,0.00035,172.31.40.0-255,66,36190,70,328578
37665,0.000353,74.125.200.0-255,1484,37674,70,328578
37666,0.000355,172.31.40.0-255,66,37740,70,328578
37667,0.00038,74.125.200.0-255,4320,42060,70,328578
37668,0.000383,172.31.40.0-255,66,42126,70,328578
37669,0.000387,74.125.200.0-255,2902,45028,70,328578
37670,0.000389,172.31.40.0-255,66,45094,70,328578
37671,0.000394,74.125.200.0-255,4320,49414,70,328578
37672,0.000396,172.31.40.0-255,66,49480,70,328578
37673,0.000445,74.125.200.0-255,5738,55218,70,328578
37674,0.000448,172.31.40.0-255,66,55284,70,328578
37675,0.000455,74.125.200.0-255,7156,62440,70,328578
37676,0.000458,172.31.40.0-255,66,62506,70,328578
37677,0.000485,74.125.200.0-255,3602,66108,70,328578
37678,0.000488,172.31.40.0-255,66,66174,70,328578
37679,0.000502,74.125.200.0-255,357,66531,70,328578
37680,0.000513,74.125.200.0-255,385,66916,70,328578
37681,0.000574,74.125.200.0-255,1484,68400,70,328578
37682,0.000592,172.31.40.0-255,66,68466,70,328578
37683,0.000598,74.125.200.0-255,2902,71368,70,328578
37684,0.0006,172.31.40.0-255,66,71434,70,328578
37685,0.000604,74.125.200.0-255,2902,74336,70,328578
37686,0.000608,172.31.40.0-255,66,74402,70,328578
37687,0.000639,74.125.200.0-255,2902,77304,70,328578
37688,0.000642,172.31.40.0-255,66,77370,70,328578
37689,0.000649,74.125.200.0-255,5738,83108,70,328578
37690,0.000651,172.31.40.0-255,66,83174,70,328578
37691,0.000654,74.125.200.0-255,577,83751,70,328578
37692,0.00078,74.125.200.0-255,1484,85235,70,328578
37693,0.000784,172.31.40.0-255,66,85301,70,328578
37694,0.000806,74.125.200.0-255,2902,88203,70,328578
37695,0.000812,74.125.200.0-255,5738,93941,70,328578
37696,0.000816,172.31.40.0-255,66,94007,70,328578
37697,0.000819,172.31.40.0-255,66,94073,70,328578
37698,0.00083,74.125.200.0-255,4320,98393,70,328578
37699,0.000832,172.31.40.0-255,66,98459,70,328578
37700,0.000837,74.125.200.0-255,4320,102779,70,328578
37701,0.00084,172.31.40.0-255,66,102845,70,328578
37702,0.000863,74.125.200.0-255,1484,104329,70,328578
37703,0.000869,74.125.200.0-255,4320,108649,70,328578
37704,0.000872,172.31.40.0-255,66,108715,70,328578
37705,0.000897,74.125.200.0-255,7156,115871,70,328578
37706,0.0009,172.31.40.0-255,66,115937,70,328578
37707,0.000904,74.125.200.0-255,2184,118121,70,328578
37708,0.000906,172.31.40.0-255,66,118187,70,328578
37709,0.001164,74.125.200.0-255,1484,119671,70,328578
37710,0.00117,74.125.200.0-255,2902,122573,70,328578
37711,0.001173,172.31.40.0-255,66,122639,70,328578
37712,0.001178,74.125.200.0-255,2902,125541,70,328578
37713,0.00118,172.31.40.0-255,66,125607,70,328578
37714,0.001196,74.125.200.0-255,4320,129927,70,328578
37715,0.001198,172.31.40.0-255,66,129993,70,328578
37716,0.00121,74.125.200.0-255,1484,131477,70,328578
37717,0.001232,74.125.200.0-255,7156,138633,70,328578
37718,0.001235,172.31.40.0-255,66,138699,70,328578
37719,0.00124,74.125.200.0-255,4320,143019,70,328578
37720,0.001243,172.31.40.0-255,66,143085,70,328578
37721,0.001258,74.125.200.0-255,2902,145987,70,328578
37722,0.001261,172.31.40.0-255,66,146053,70,328578
37723,0.001306,74.125.200.0-255,4320,150373,70,328578
37724,0.001309,172.31.40.0-255,66,150439,70,328578
37725,0.001326,74.125.200.0-255,2184,152623,70,328578
37726,0.001329,172.31.40.0-255,66,152689,70,328578
37727,0.001354,74.125.200.0-255,1484,154173,70,328578
37728,0.001376,74.125.200.0-255,2902,157075,70,328578
37729,0.001379,172.31.40.0-255,66,157141,70,328578
37730,0.001382,74.125.200.0-255,1484,158625,70,328578
37731,0.001395,74.125.200.0-255,4320,162945,70,328578
37732,0.001398,172.31.40.0-255,66,163011,70,328578
37733,0.001424,74.125.200.0-255,7156,170167,70,328578
37734,0.001427,172.31.40.0-255,66,170233,70,328578
37735,0.001445,74.125.200.0-255,1484,171717,70,328578
37736,0.001449,74.125.200.0-255,2902,174619,70,328578
37737,0.001454,172.31.40.0-255,66,174685,70,328578
37738,0.001475,74.125.200.0-255,5738,180423,70,328578
37739,0.001478,172.31.40.0-255,66,180489,70,328578
37740,0.001496,74.125.200.0-255,6438,186927,70,328578
37741,0.001499,172.31.40.0-255,66,186993,70,328578
37742,0.00164,74.125.200.0-255,1484,188477,70,328578
37743,0.001656,74.125.200.0-255,2902,191379,70,328578
37744,0.001659,172.31.40.0-255,66,191445,70,328578
37745,0.001685,74.125.200.0-255,5738,197183,70,328578
37746,0.001688,172.31.40.0-255,66,197249,70,328578
37747,0.001694,74.125.200.0-255,5738,202987,70,328578
37748,0.001696,172.31.40.0-255,66,203053,70,328578
37749,0.00173,74.125.200.0-255,7156,210209,70,328578
37750,0.001734,172.31.40.0-255,66,210275,70,328578
37751,0.001754,74.125.200.0-255,2902,213177,70,328578
37752,0.001756,172.31.40.0-255,66,213243,70,328578
37753,0.001771,74.125.200.0-255,4320,217563,70,328578
37754,0.001774,172.31.40.0-255,66,217629,70,328578
37755,0.001801,74.125.200.0-255,3602,221231,70,328578
37756,0.001803,172.31.40.0-255,66,221297,70,328578
37757,0.001833,74.125.200.0-255,1484,222781,70,328578
37758,0.001853,74.125.200.0-255,2902,225683,70,328578
37759,0.001857,172.31.40.0-255,66,225749,70,328578
37760,0.001883,74.125.200.0-255,5738,231487,70,328578
37761,0.001886,172.31.40.0-255,66,231553,70,328578
37762,0.001948,172.31.40.0-255,66,231619,70,328578
37763,0.001962,74.125.200.0-255,9992,241611,70,328578
37764,0.001965,172.31.40.0-255,66,241677,70,328578
37765,0.001981,74.125.200.0-255,3602,245279,70,328578
37766,0.001983,172.31.40.0-255,66,245345,70,328578
37767,0.001989,74.125.200.0-255,4320,249665,70,328578
37768,0.001991,172.31.40.0-255,66,249731,70,328578
37769,0.00202,74.125.200.0-255,7156,256887,70,328578
37770,0.002023,172.31.40.0-255,66,256953,70,328578
37771,0.00205,172.31.40.0-255,66,257019,70,328578
37772,0.002092,172.31.40.0-255,66,257085,70,328578
37773,0.002105,172.31.40.0-255,66,257151,70,328578
37774,0.002128,74.125.200.0-255,1484,258635,70,328578
37775,0.002136,74.125.200.0-255,5738,264373,70,328578
37776,0.002139,172.31.40.0-255,66,264439,70,328578
37777,0.002147,74.125.200.0-255,7156,271595,70,328578
37778,0.002149,172.31.40.0-255,66,271661,70,328578
37779,0.002169,74.125.200.0-255,3602,275263,70,328578
37780,0.002172,172.31.40.0-255,66,275329,70,328578
37781,0.002192,74.125.200.0-255,4320,279649,70,328578
37782,0.002195,172.31.40.0-255,66,279715,70,328578
37783,0.002223,74.125.200.0-255,5738,285453,70,328578
37784,0.002226,172.31.40.0-255,66,285519,70,328578
37785,0.002248,74.125.200.0-255,7156,292675,70,328578
37786,0.00225,172.31.40.0-255,66,292741,70,328578
37787,0.002271,74.125.200.0-255,1484,294225,70,328578
37788,0.002302,172.31.40.0-255,66,294291,70,328578
37789,0.002311,74.125.200.0-255,8574,302865,70,328578
37790,0.002314,172.31.40.0-255,66,302931,70,328578
37791,0.002343,74.125.200.0-255,5020,307951,70,328578
37792,0.002347,172.31.40.0-255,66,308017,70,328578
37793,0.002352,74.125.200.0-255,4320,312337,70,328578
37794,0.002354,172.31.40.0-255,66,312403,70,328578
37795,0.00237,74.125.200.0-255,4320,316723,70,328578
37796,0.002373,172.31.40.0-255,66,316789,70,328578
37797,0.00242,74.125.200.0-255,2902,319691,70,328578
37798,0.002433,172.31.40.0-255,66,319757,70,328578
37799,0.002456,74.125.200.0-255,8479,328236,70,328578
37800,0.002461,74.125.200.0-255,105,328341,70,328578
37801,0.002468,172.31.40.0-255,66,328407,70,328578
37802,0.012913,172.31.40.0-255,105,328512,70,328578
37803,0.015464,74.125.200.0-255,66,328578,70,328578
37804,0.0,74.125.24.0-255,152,152,70,285987
37805,2.6e-05,172.31.40.0-255,66,218,70,285987
37806,3.5e-05,74.125.24.0-255,1484,1702,70,285987
37807,4e-05,172.31.40.0-255,66,1768,70,285987
37808,5.7e-05,74.125.24.0-255,2902,4670,70,285987
37809,6.1e-05,172.31.40.0-255,66,4736,70,285987
37810,7e-05,74.125.24.0-255,7156,11892,70,285987
37811,7.3e-05,172.31.40.0-255,66,11958,70,285987
37812,9.5e-05,74.125.24.0-255,3390,15348,70,285987
37813,0.000102,172.31.40.0-255,66,15414,70,285987
37814,0.000108,74.125.24.0-255,4320,19734,70,285987
37815,0.00011,172.31.40.0-255,66,19800,70,285987
37816,0.000131,74.125.24.0-255,2902,22702,70,285987
37817,0.000138,172.31.40.0-255,66,22768,70,285987
37818,0.000168,74.125.24.0-255,7156,29924,70,285987
37819,0.000172,172.31.40.0-255,66,29990,70,285987
37820,0.000174,74.125.24.0-255,1125,31115,70,285987
37821,0.000176,172.31.40.0-255,66,31181,70,285987
37822,0.000272,74.125.24.0-255,1484,32665,70,285987
37823,0.000275,172.31.40.0-255,66,32731,70,285987
37824,0.000281,74.125.24.0-255,2902,35633,70,285987
37825,0.000283,172.31.40.0-255,66,35699,70,285987
37826,0.000322,74.125.24.0-255,5738,41437,70,285987
37827,0.000325,172.31.40.0-255,66,41503,70,285987
37828,0.00033,74.125.24.0-255,2902,44405,70,285987
37829,0.000332,172.31.40.0-255,66,44471,70,285987
37830,0.000372,172.31.40.0-255,66,44537,70,285987
37831,0.000377,74.125.24.0-255,2902,47439,70,285987
37832,0.000379,172.31.40.0-255,66,47505,70,285987
37833,0.000402,74.125.24.0-255,4320,51825,70,285987
37834,0.000408,172.31.40.0-255,66,51891,70,285987
37835,0.000422,74.125.24.0-255,2823,54714,70,285987
37836,0.000429,172.31.40.0-255,66,54780,70,285987
37837,0.000432,74.125.24.0-255,129,54909,70,285987
37838,0.000546,74.125.24.0-255,1484,56393,70,285987
37839,0.00055,172.31.40.0-255,66,56459,70,285987
37840,0.000556,74.125.24.0-255,2902,59361,70,285987
37841,0.000559,172.31.40.0-255,66,59427,70,285987
37842,0.000589,74.125.24.0-255,5738,65165,70,285987
37843,0.000592,172.31.40.0-255,66,65231,70,285987
37844,0.000617,74.125.24.0-255,2902,68133,70,285987
37845,0.00062,172.31.40.0-255,66,68199,70,285987
37846,0.000672,172.31.40.0-255,66,68265,70,285987
37847,0.000677,74.125.24.0-255,5738,74003,70,285987
37848,0.00068,172.31.40.0-255,66,74069,70,285987
37849,0.000684,74.125.24.0-255,2902,76971,70,285987
37850,0.000691,172.31.40.0-255,66,77037,70,285987
37851,0.00072,74.125.24.0-255,822,77859,70,285987
37852,0.000727,74.125.24.0-255,4320,82179,70,285987
37853,0.00073,172.31.40.0-255,66,82245,70,285987
37854,0.000735,74.125.24.0-255,4320,86565,70,285987
37855,0.000737,172.31.40.0-255,66,86631,70,285987
37856,0.000787,74.125.24.0-255,5738,92369,70,285987
37857,0.000791,172.31.40.0-255,66,92435,70,285987
37858,0.000821,74.125.24.0-255,2543,94978,70,285987
37859,0.000823,172.31.40.0-255,66,95044,70,285987
37860,0.000869,74.125.24.0-255,1484,96528,70,285987
37861,0.000883,74.125.24.0-255,2902,99430,70,285987
37862,0.000887,172.31.40.0-255,66,99496,70,285987
37863,0.000891,74.125.24.0-255,2902,102398,70,285987
37864,0.000893,172.31.40.0-255,66,102464,70,285987
37865,0.000915,74.125.24.0-255,2902,105366,70,285987
37866,0.000934,172.31.40.0-255,66,105432,70,285987
37867,0.000964,74.125.24.0-255,7156,112588,70,285987
37868,0.000985,74.125.24.0-255,3602,116190,70,285987
37869,0.000988,172.31.40.0-255,66,116256,70,285987
37870,0.00102,172.31.40.0-255,66,116322,70,285987
37871,0.001038,74.125.24.0-255,4320,120642,70,285987
37872,0.001057,172.31.40.0-255,66,120708,70,285987
37873,0.001076,74.125.24.0-255,5738,126446,70,285987
37874,0.001151,74.125.24.0-255,1484,127930,70,285987
37875,0.001166,172.31.40.0-255,66,127996,70,285987
37876,0.00118,74.125.24.0-255,2902,130898,70,285987
37877,0.001203,172.31.40.0-255,66,130964,70,285987
37878,0.001234,74.125.24.0-255,5738,136702,70,285987
37879,0.00125,172.31.40.0-255,66,136768,70,285987
37880,0.001297,74.125.24.0-255,10692,147460,70,285987
37881,0.001323,172.31.40.0-255,66,147526,70,285987
37882,0.001658,74.125.24.0-255,1484,149010,70,285987
37883,0.001674,74.125.24.0-255,2902,151912,70,285987
37884,0.001677,172.31.40.0-255,66,151978,70,285987
37885,0.001681,74.125.24.0-255,1484,153462,70,285987
37886,0.001708,74.125.24.0-255,4320,157782,70,285987
37887,0.001711,74.125.24.0-255,1484,159266,70,285987
37888,0.001717,172.31.40.0-255,66,159332,70,285987
37889,0.001724,74.125.24.0-255,1484,160816,70,285987
37890,0.001755,74.125.24.0-255,9992,170808,70,285987
37891,0.001758,74.125.24.0-255,1484,172292,70,285987
37892,0.001771,172.31.40.0-255,66,172358,70,285987
37893,0.001789,74.125.24.0-255,8574,180932,70,285987
37894,0.001795,172.31.40.0-255,66,180998,70,285987
37895,0.001815,74.125.24.0-255,1484,182482,70,285987
37896,0.001831,74.125.24.0-255,6438,188920,70,285987
37897,0.001845,172.31.40.0-255,66,188986,70,285987
37898,0.001855,74.125.24.0-255,4320,193306,70,285987
37899,0.001874,74.125.24.0-255,4320,197626,70,285987
37900,0.001907,74.125.24.0-255,5738,203364,70,285987
37901,0.001914,172.31.40.0-255,66,203430,70,285987
37902,0.001927,74.125.24.0-255,7856,211286,70,285987
37903,0.001931,172.31.40.0-255,66,211352,70,285987
37904,0.001985,74.125.24.0-255,7156,218508,70,285987
37905,0.002003,172.31.40.0-255,66,218574,70,285987
37906,0.002039,74.125.24.0-255,3602,222176,70,285987
37907,0.002054,172.31.40.0-255,66,222242,70,285987
37908,0.002094,74.125.24.0-255,1484,223726,70,285987
37909,0.002098,74.125.24.0-255,1484,225210,70,285987
37910,0.002102,172.31.40.0-255,66,225276,70,285987
37911,0.002127,74.125.24.0-255,1484,226760,70,285987
37912,0.002134,74.125.24.0-255,5738,232498,70,285987
37913,0.002162,74.125.24.0-255,5738,238236,70,285987
37914,0.002168,172.31.40.0-255,66,238302,70,285987
37915,0.002184,74.125.24.0-255,7156,245458,70,285987
37916,0.002231,172.31.40.0-255,66,245524,70,285987
37917,0.002253,74.125.24.0-255,10692,256216,70,285987
37918,0.002259,172.31.40.0-255,66,256282,70,285987
37919,0.002286,74.125.24.0-255,1484,257766,70,285987
37920,0.00229,74.125.24.0-255,2902,260668,70,285987
37921,0.002313,74.125.24.0-255,5738,266406,70,285987
37922,0.002317,172.31.40.0-255,66,266472,70,285987
37923,0.002322,172.31.40.0-255,66,266538,70,285987
37924,0.002367,74.125.24.0-255,9992,276530,70,285987
37925,0.002393,172.31.40.0-255,66,276596,70,285987
37926,0.004675,74.125.24.0-255,5738,282334,70,285987
37927,0.004682,172.31.40.0-255,66,282400,70,285987
37928,0.007066,74.125.24.0-255,3350,285750,70,285987
37929,0.007083,172.31.40.0-255,66,285816,70,285987
37930,0.017658,172.31.40.0-255,105,285921,70,285987
37931,0.020016,74.125.24.0-255,66,285987,70,285987
37932,0.0,74.125.130.0-255,152,152,70,359036
37933,2.1e-05,172.31.40.0-255,66,218,70,359036
37934,2.8e-05,74.125.130.0-255,1484,1702,70,359036
37935,3.3e-05,172.31.40.0-255,66,1768,70,359036
37936,3.9e-05,74.125.130.0-255,2902,4670,70,359036
37937,4.2e-05,172.31.40.0-255,66,4736,70,359036
37938,5.5e-05,74.125.130.0-255,4320,9056,70,359036
37939,5.8e-05,172.31.40.0-255,66,9122,70,359036
37940,9.1e-05,74.125.130.0-255,9094,18216,70,359036
37941,9.4e-05,172.31.40.0-255,66,18282,70,359036
37942,0.000129,74.125.130.0-255,4320,22602,70,359036
37943,0.000131,172.31.40.0-255,66,22668,70,359036
37944,0.000165,74.125.130.0-255,5738,28406,70,359036
37945,0.000168,172.31.40.0-255,66,28472,70,359036
37946,0.000172,74.125.130.0-255,2543,31015,70,359036
37947,0.000174,172.31.40.0-255,66,31081,70,359036
37948,0.000251,74.125.130.0-255,1484,32565,70,359036
37949,0.000254,172.31.40.0-255,66,32631,70,359036
37950,0.000259,74.125.130.0-255,2902,35533,70,359036
37951,0.000261,172.31.40.0-255,66,35599,70,359036
37952,0.000287,74.125.130.0-255,1484,37083,70,359036
37953,0.000289,172.31.40.0-255,66,37149,70,359036
37954,0.000295,74.125.130.0-255,2902,40051,70,359036
37955,0.000297,172.31.40.0-255,66,40117,70,359036
37956,0.000329,74.125.130.0-255,5738,45855,70,359036
37957,0.000332,172.31.40.0-255,66,45921,70,359036
37958,0.000338,74.125.130.0-255,5379,51300,70,359036
37959,0.00034,172.31.40.0-255,66,51366,70,359036
37960,0.000365,74.125.130.0-255,2902,54268,70,359036
37961,0.000367,172.31.40.0-255,66,54334,70,359036
37962,0.000392,74.125.130.0-255,2902,57236,70,359036
37963,0.000394,172.31.40.0-255,66,57302,70,359036
37964,0.000401,74.125.130.0-255,5738,63040,70,359036
37965,0.000403,172.31.40.0-255,66,63106,70,359036
37966,0.000433,74.125.130.0-255,2865,65971,70,359036
37967,0.000436,172.31.40.0-255,66,66037,70,359036
37968,0.000462,74.125.130.0-255,365,66402,70,359036
37969,0.000563,74.125.130.0-255,1484,67886,70,359036
37970,0.000567,172.31.40.0-255,66,67952,70,359036
37971,0.000572,74.125.130.0-255,2902,70854,70,359036
37972,0.000575,172.31.40.0-255,66,70920,70,359036
37973,0.000604,74.125.130.0-255,4320,75240,70,359036
37974,0.000607,172.31.40.0-255,66,75306,70,359036
37975,0.000613,74.125.130.0-255,5738,81044,70,359036
37976,0.000616,172.31.40.0-255,66,81110,70,359036
37977,0.00065,74.125.130.0-255,2902,84012,70,359036
37978,0.000652,172.31.40.0-255,66,84078,70,359036
37979,0.000658,74.125.130.0-255,5738,89816,70,359036
37980,0.000661,172.31.40.0-255,66,89882,70,359036
37981,0.000672,74.125.130.0-255,7156,97038,70,359036
37982,0.000675,172.31.40.0-255,66,97104,70,359036
37983,0.00068,74.125.130.0-255,3602,100706,70,359036
37984,0.000683,172.31.40.0-255,66,100772,70,359036
37985,0.001124,74.125.130.0-255,1484,102256,70,359036
37986,0.00113,74.125.130.0-255,2902,105158,70,359036
37987,0.001134,172.31.40.0-255,66,105224,70,359036
37988,0.001167,74.125.130.0-255,5738,110962,70,359036
37989,0.00117,172.31.40.0-255,66,111028,70,359036
37990,0.00121,172.31.40.0-255,66,111094,70,359036
37991,0.001237,74.125.130.0-255,5738,116832,70,359036
37992,0.001239,172.31.40.0-255,66,116898,70,359036
37993,0.001264,74.125.130.0-255,5020,121918,70,359036
37994,0.001267,172.31.40.0-255,66,121984,70,359036
37995,0.001342,74.125.130.0-255,1484,123468,70,359036
37996,0.001355,74.125.130.0-255,2902,126370,70,359036
37997,0.001357,172.31.40.0-255,66,126436,70,359036
37998,0.001361,74.125.130.0-255,1484,127920,70,359036
37999,0.001384,74.125.130.0-255,4320,132240,70,359036
38000,0.001389,74.125.130.0-255,4320,136560,70,359036
38001,0.001391,74.125.130.0-255,1484,138044,70,359036
38002,0.001395,172.31.40.0-255,66,138110,70,359036
38003,0.001397,172.31.40.0-255,66,138176,70,359036
38004,0.001414,74.125.130.0-255,4320,142496,70,359036
38005,0.001417,172.31.40.0-255,66,142562,70,359036
38006,0.00142,74.125.130.0-255,1484,144046,70,359036
38007,0.001468,74.125.130.0-255,9992,154038,70,359036
38008,0.001473,172.31.40.0-255,66,154104,70,359036
38009,0.001477,74.125.130.0-255,2184,156288,70,359036
38010,0.001479,172.31.40.0-255,66,156354,70,359036
38011,0.001504,74.125.130.0-255,9992,166346,70,359036
38012,0.001507,172.31.40.0-255,66,166412,70,359036
38013,0.001531,74.125.130.0-255,5738,172150,70,359036
38014,0.001551,74.125.130.0-255,766,172916,70,359036
38015,0.001556,172.31.40.0-255,66,172982,70,359036
38016,0.001559,172.31.40.0-255,66,173048,70,359036
38017,0.001615,74.125.130.0-255,1484,174532,70,359036
38018,0.001632,172.31.40.0-255,66,174598,70,359036
38019,0.001638,74.125.130.0-255,2902,177500,70,359036
38020,0.00164,172.31.40.0-255,66,177566,70,359036
38021,0.001646,74.125.130.0-255,4320,181886,70,359036
38022,0.001648,172.31.40.0-255,66,181952,70,359036
38023,0.001692,74.125.130.0-255,4320,186272,70,359036
38024,0.001695,172.31.40.0-255,66,186338,70,359036
38025,0.00173,74.125.130.0-255,1484,187822,70,359036
38026,0.001743,172.31.40.0-255,66,187888,70,359036
38027,0.001749,74.125.130.0-255,4320,192208,70,359036
38028,0.001752,172.31.40.0-255,66,192274,70,359036
38029,0.001761,74.125.130.0-255,3602,195876,70,359036
38030,0.001763,172.31.40.0-255,66,195942,70,359036
38031,0.0018,74.125.130.0-255,1484,197426,70,359036
38032,0.001816,74.125.130.0-255,2902,200328,70,359036
38033,0.001819,172.31.40.0-255,66,200394,70,359036
38034,0.001848,74.125.130.0-255,5738,206132,70,359036
38035,0.001851,172.31.40.0-255,66,206198,70,359036
38036,0.001862,74.125.130.0-255,5738,211936,70,359036
38037,0.00187,172.31.40.0-255,66,212002,70,359036
38038,0.001877,74.125.130.0-255,7156,219158,70,359036
38039,0.001879,172.31.40.0-255,66,219224,70,359036
38040,0.00191,74.125.130.0-255,7156,226380,70,359036
38041,0.001913,172.31.40.0-255,66,226446,70,359036
38042,0.001943,74.125.130.0-255,3602,230048,70,359036
38043,0.001945,172.31.40.0-255,66,230114,70,359036
38044,0.003913,74.125.130.0-255,1484,231598,70,359036
38045,0.003945,74.125.130.0-255,4320,235918,70,359036
38046,0.00395,172.31.40.0-255,66,235984,70,359036
38047,0.005962,74.125.130.0-255,5738,241722,70,359036
38048,0.005972,172.31.40.0-255,66,241788,70,359036
38049,0.008,74.125.130.0-255,5738,247526,70,359036
38050,0.008013,172.31.40.0-255,66,247592,70,359036
38051,0.01004,74.125.130.0-255,5738,253330,70,359036
38052,0.010053,172.31.40.0-255,66,253396,70,359036
38053,0.012065,74.125.130.0-255,5738,259134,70,359036
38054,0.012074,172.31.40.0-255,66,259200,70,359036
38055,0.014103,74.125.130.0-255,5738,264938,70,359036
38056,0.01411,172.31.40.0-255,66,265004,70,359036
38057,0.016105,74.125.130.0-255,2902,267906,70,359036
38058,0.016111,172.31.40.0-255,66,267972,70,359036
38059,0.016137,74.125.130.0-255,2902,270874,70,359036
38060,0.01614,172.31.40.0-255,66,270940,70,359036
38061,0.018129,74.125.130.0-255,5738,276678,70,359036
38062,0.018139,172.31.40.0-255,66,276744,70,359036
38063,0.020141,74.125.130.0-255,5738,282482,70,359036
38064,0.020147,172.31.40.0-255,66,282548,70,359036
38065,0.022176,74.125.130.0-255,5738,288286,70,359036
38066,0.022184,172.31.40.0-255,66,288352,70,359036
38067,0.024192,74.125.130.0-255,5738,294090,70,359036
38068,0.024199,172.31.40.0-255,66,294156,70,359036
38069,0.026247,74.125.130.0-255,5738,299894,70,359036
38070,0.026264,172.31.40.0-255,66,299960,70,359036
38071,0.028281,74.125.130.0-255,5738,305698,70,359036
38072,0.028289,172.31.40.0-255,66,305764,70,359036
38073,0.030302,74.125.130.0-255,4320,310084,70,359036
38074,0.030312,172.31.40.0-255,66,310150,70,359036
38075,0.030342,74.125.130.0-255,1484,311634,70,359036
38076,0.03233,74.125.130.0-255,4320,315954,70,359036
38077,0.032339,172.31.40.0-255,66,316020,70,359036
38078,0.034372,74.125.130.0-255,5738,321758,70,359036
38079,0.034389,172.31.40.0-255,66,321824,70,359036
38080,0.036421,74.125.130.0-255,5738,327562,70,359036
38081,0.036434,172.31.40.0-255,66,327628,70,359036
38082,0.038454,74.125.130.0-255,5738,333366,70,359036
38083,0.038468,172.31.40.0-255,66,333432,70,359036
38084,0.040486,74.125.130.0-255,5738,339170,70,359036
38085,0.040497,172.31.40.0-255,66,339236,70,359036
38086,0.04252,74.125.130.0-255,5738,344974,70,359036
38087,0.042529,172.31.40.0-255,66,345040,70,359036
38088,0.044551,74.125.130.0-255,5738,350778,70,359036
38089,0.044559,172.31.40.0-255,66,350844,70,359036
38090,0.046577,74.125.130.0-255,5738,356582,70,359036
38091,0.046584,172.31.40.0-255,66,356648,70,359036
38092,0.048586,74.125.130.0-255,2217,358865,70,359036
38093,0.048594,172.31.40.0-255,66,358931,70,359036
38094,0.048752,172.31.40.0-255,105,359036,70,359036
38095,0.0,172.217.27.0-255,150,150,70,301139
38096,1.6e-05,172.31.40.0-255,66,216,70,301139
38097,2.3e-05,172.217.27.0-255,1484,1700,70,301139
38098,2.8e-05,172.31.40.0-255,66,1766,70,301139
38099,3.5e-05,172.217.27.0-255,2902,4668,70,301139
38100,3.9e-05,172.31.40.0-255,66,4734,70,301139
38101,4.5e-05,172.217.27.0-255,4320,9054,70,301139
38102,4.8e-05,172.31.40.0-255,66,9120,70,301139
38103,7.4e-05,172.217.27.0-255,4320,13440,70,301139
38104,7.6e-05,172.31.40.0-255,66,13506,70,301139
38105,9.7e-05,172.217.27.0-255,4974,18480,70,301139
38106,0.000101,172.31.40.0-255,66,18546,70,301139
38107,0.000117,172.217.27.0-255,4320,22866,70,301139
38108,0.000121,172.31.40.0-255,66,22932,70,301139
38109,0.000139,172.217.27.0-255,7156,30088,70,301139
38110,0.000142,172.31.40.0-255,66,30154,70,301139
38111,0.000183,172.217.27.0-255,1125,31279,70,301139
38112,0.000186,172.31.40.0-255,66,31345,70,301139
38113,0.000203,172.217.27.0-255,1484,32829,70,301139
38114,0.000206,172.31.40.0-255,66,32895,70,301139
38115,0.000224,172.217.27.0-255,2902,35797,70,301139
38116,0.000226,172.31.40.0-255,66,35863,70,301139
38117,0.000232,172.217.27.0-255,4320,40183,70,301139
38118,0.000234,172.31.40.0-255,66,40249,70,301139
38119,0.000246,172.217.27.0-255,1484,41733,70,301139
38120,0.000248,172.31.40.0-255,66,41799,70,301139
38121,0.000268,172.217.27.0-255,2902,44701,70,301139
38122,0.00027,172.31.40.0-255,66,44767,70,301139
38123,0.000283,172.217.27.0-255,3961,48728,70,301139
38124,0.000286,172.31.40.0-255,66,48794,70,301139
38125,0.000312,172.217.27.0-255,5738,54532,70,301139
38126,0.000314,172.31.40.0-255,66,54598,70,301139
38127,0.000332,172.217.27.0-255,1484,56082,70,301139
38128,0.000364,172.217.27.0-255,5738,61820,70,301139
38129,0.000367,172.31.40.0-255,66,61886,70,301139
38130,0.000382,172.217.27.0-255,2902,64788,70,301139
38131,0.000384,172.31.40.0-255,66,64854,70,301139
38132,0.000421,172.217.27.0-255,1388,66242,70,301139
38133,0.000567,172.217.27.0-255,140,66382,70,301139
38134,0.00072,172.217.27.0-255,1484,67866,70,301139
38135,0.000731,172.31.40.0-255,66,67932,70,301139
38136,0.000737,172.217.27.0-255,2902,70834,70,301139
38137,0.000739,172.31.40.0-255,66,70900,70,301139
38138,0.000745,172.217.27.0-255,4320,75220,70,301139
38139,0.000747,172.31.40.0-255,66,75286,70,301139
38140,0.000771,172.217.27.0-255,1484,76770,70,301139
38141,0.0008,172.217.27.0-255,8215,84985,70,301139
38142,0.000803,172.31.40.0-255,66,85051,70,301139
38143,0.000836,172.217.27.0-255,4320,89371,70,301139
38144,0.000839,172.31.40.0-255,66,89437,70,301139
38145,0.000864,172.217.27.0-255,7156,96593,70,301139
38146,0.000867,172.31.40.0-255,66,96659,70,301139
38147,0.000908,172.217.27.0-255,3664,100323,70,301139
38148,0.000912,172.31.40.0-255,66,100389,70,301139
38149,0.001009,172.217.27.0-255,1484,101873,70,301139
38150,0.001028,172.217.27.0-255,1484,103357,70,301139
38151,0.001032,172.31.40.0-255,66,103423,70,301139
38152,0.00105,172.217.27.0-255,2902,106325,70,301139
38153,0.001053,172.31.40.0-255,66,106391,70,301139
38154,0.001059,172.217.27.0-255,4320,110711,70,301139
38155,0.001062,172.31.40.0-255,66,110777,70,301139
38156,0.001074,172.217.27.0-255,1484,112261,70,301139
38157,0.001098,172.217.27.0-255,4320,116581,70,301139
38158,0.001101,172.31.40.0-255,66,116647,70,301139
38159,0.001118,172.217.27.0-255,5738,122385,70,301139
38160,0.001121,172.31.40.0-255,66,122451,70,301139
38161,0.001155,172.217.27.0-255,4320,126771,70,301139
38162,0.001165,172.31.40.0-255,66,126837,70,301139
38163,0.001173,172.217.27.0-255,7156,133993,70,301139
38164,0.001175,172.31.40.0-255,66,134059,70,301139
38165,0.00123,172.217.27.0-255,766,134825,70,301139
38166,0.00185,172.31.40.0-255,66,134891,70,301139
38167,0.002787,172.217.27.0-255,4320,139211,70,301139
38168,0.002794,172.31.40.0-255,66,139277,70,301139
38169,0.003464,172.217.27.0-255,1484,140761,70,301139
38170,0.004408,172.217.27.0-255,4320,145081,70,301139
38171,0.004411,172.31.40.0-255,66,145147,70,301139
38172,0.006025,172.217.27.0-255,5738,150885,70,301139
38173,0.006027,172.31.40.0-255,66,150951,70,301139
38174,0.007657,172.217.27.0-255,5738,156689,70,301139
38175,0.007664,172.31.40.0-255,66,156755,70,301139
38176,0.009291,172.217.27.0-255,5738,162493,70,301139
38177,0.009298,172.31.40.0-255,66,162559,70,301139
38178,0.010918,172.217.27.0-255,5738,168297,70,301139
38179,0.010927,172.31.40.0-255,66,168363,70,301139
38180,0.012553,172.217.27.0-255,5738,174101,70,301139
38181,0.01256,172.31.40.0-255,66,174167,70,301139
38182,0.014186,172.217.27.0-255,5738,179905,70,301139
38183,0.014193,172.31.40.0-255,66,179971,70,301139
38184,0.015821,172.217.27.0-255,5738,185709,70,301139
38185,0.015827,172.31.40.0-255,66,185775,70,301139
38186,0.017457,172.217.27.0-255,5738,191513,70,301139
38187,0.017464,172.31.40.0-255,66,191579,70,301139
38188,0.019141,172.217.27.0-255,5738,197317,70,301139
38189,0.01915,172.31.40.0-255,66,197383,70,301139
38190,0.020769,172.217.27.0-255,5738,203121,70,301139
38191,0.020776,172.31.40.0-255,66,203187,70,301139
38192,0.022403,172.217.27.0-255,5738,208925,70,301139
38193,0.02241,172.31.40.0-255,66,208991,70,301139
38194,0.024033,172.217.27.0-255,5738,214729,70,301139
38195,0.02404,172.31.40.0-255,66,214795,70,301139
38196,0.02567,172.217.27.0-255,5738,220533,70,301139
38197,0.025678,172.31.40.0-255,66,220599,70,301139
38198,0.027308,172.217.27.0-255,5738,226337,70,301139
38199,0.027316,172.31.40.0-255,66,226403,70,301139
38200,0.028937,172.217.27.0-255,5738,232141,70,301139
38201,0.028944,172.31.40.0-255,66,232207,70,301139
38202,0.030572,172.217.27.0-255,5738,237945,70,301139
38203,0.030579,172.31.40.0-255,66,238011,70,301139
38204,0.032199,172.217.27.0-255,5738,243749,70,301139
38205,0.032208,172.31.40.0-255,66,243815,70,301139
38206,0.03383,172.217.27.0-255,5738,249553,70,301139
38207,0.033837,172.31.40.0-255,66,249619,70,301139
38208,0.035462,172.217.27.0-255,5738,255357,70,301139
38209,0.03547,172.31.40.0-255,66,255423,70,301139
38210,0.037098,172.217.27.0-255,5738,261161,70,301139
38211,0.037111,172.31.40.0-255,66,261227,70,301139
38212,0.03873,172.217.27.0-255,4320,265547,70,301139
38213,0.038742,172.31.40.0-255,66,265613,70,301139
38214,0.038763,172.217.27.0-255,1484,267097,70,301139
38215,0.040375,172.217.27.0-255,4320,271417,70,301139
38216,0.040385,172.31.40.0-255,66,271483,70,301139
38217,0.042023,172.217.27.0-255,5738,277221,70,301139
38218,0.042036,172.31.40.0-255,66,277287,70,301139
38219,0.043667,172.217.27.0-255,5738,283025,70,301139
38220,0.043679,172.31.40.0-255,66,283091,70,301139
38221,0.045318,172.217.27.0-255,5738,288829,70,301139
38222,0.045329,172.31.40.0-255,66,288895,70,301139
38223,0.046959,172.217.27.0-255,4320,293215,70,301139
38224,0.046966,172.31.40.0-255,66,293281,70,301139
38225,0.046984,172.217.27.0-255,1484,294765,70,301139
38226,0.048573,172.217.27.0-255,1484,296249,70,301139
38227,0.048579,172.31.40.0-255,66,296315,70,301139
38228,0.048602,172.217.27.0-255,2902,299217,70,301139
38229,0.048605,172.31.40.0-255,66,299283,70,301139
38230,0.048831,172.31.40.0-255,172,299455,70,301139
38231,0.048861,172.31.40.0-255,1119,300574,70,301139
38232,0.048917,172.31.40.0-255,565,301139,70,301139
38233,0.0,74.125.130.0-255,150,150,70,310550
38234,2.4e-05,172.31.40.0-255,66,216,70,310550
38235,3.1e-05,74.125.130.0-255,1484,1700,70,310550
38236,3.6e-05,172.31.40.0-255,66,1766,70,310550
38237,4.3e-05,74.125.130.0-255,2902,4668,70,310550
38238,4.7e-05,172.31.40.0-255,66,4734,70,310550
38239,5.2e-05,74.125.130.0-255,4320,9054,70,310550
38240,5.5e-05,172.31.40.0-255,66,9120,70,310550
38241,6.1e-05,74.125.130.0-255,4858,13978,70,310550
38242,6.4e-05,172.31.40.0-255,66,14044,70,310550
38243,0.000146,74.125.130.0-255,1484,15528,70,310550
38244,0.000149,172.31.40.0-255,66,15594,70,310550
38245,0.000164,74.125.130.0-255,2902,18496,70,310550
38246,0.000166,172.31.40.0-255,66,18562,70,310550
38247,0.00017,74.125.130.0-255,1484,20046,70,310550
38248,0.000172,172.31.40.0-255,66,20112,70,310550
38249,0.000192,74.125.130.0-255,4320,24432,70,310550
38250,0.000195,172.31.40.0-255,66,24498,70,310550
38251,0.000202,74.125.130.0-255,6797,31295,70,310550
38252,0.000204,172.31.40.0-255,66,31361,70,310550
38253,0.000578,74.125.130.0-255,1484,32845,70,310550
38254,0.000583,172.31.40.0-255,66,32911,70,310550
38255,0.000587,74.125.130.0-255,1484,34395,70,310550
38256,0.000589,172.31.40.0-255,66,34461,70,310550
38257,0.000592,74.125.130.0-255,1484,35945,70,310550
38258,0.000595,172.31.40.0-255,66,36011,70,310550
38259,0.00061,74.125.130.0-255,1484,37495,70,310550
38260,0.000612,172.31.40.0-255,66,37561,70,310550
38261,0.000619,74.125.130.0-255,5738,43299,70,310550
38262,0.000621,172.31.40.0-255,66,43365,70,310550
38263,0.000649,74.125.130.0-255,5379,48744,70,310550
38264,0.000652,172.31.40.0-255,66,48810,70,310550
38265,0.000655,74.125.130.0-255,1484,50294,70,310550
38266,0.000672,74.125.130.0-255,4320,54614,70,310550
38267,0.000675,172.31.40.0-255,66,54680,70,310550
38268,0.000725,172.31.40.0-255,66,54746,70,310550
38269,0.000728,74.125.130.0-255,343,55089,70,310550
38270,0.000952,74.125.130.0-255,402,55491,70,310550
38271,0.001134,172.31.40.0-255,66,55557,70,310550
38272,0.001153,74.125.130.0-255,1484,57041,70,310550
38273,0.001158,74.125.130.0-255,2902,59943,70,310550
38274,0.001161,172.31.40.0-255,66,60009,70,310550
38275,0.001188,74.125.130.0-255,5738,65747,70,310550
38276,0.00119,172.31.40.0-255,66,65813,70,310550
38277,0.001195,74.125.130.0-255,2902,68715,70,310550
38278,0.001197,172.31.40.0-255,66,68781,70,310550
38279,0.001202,74.125.130.0-255,3961,72742,70,310550
38280,0.001203,172.31.40.0-255,66,72808,70,310550
38281,0.001238,74.125.130.0-255,5738,78546,70,310550
38282,0.001241,172.31.40.0-255,66,78612,70,310550
38283,0.001261,74.125.130.0-255,2902,81514,70,310550
38284,0.001263,172.31.40.0-255,66,81580,70,310550
38285,0.001268,74.125.130.0-255,4320,85900,70,310550
38286,0.00127,172.31.40.0-255,66,85966,70,310550
38287,0.001307,74.125.130.0-255,3961,89927,70,310550
38288,0.00131,172.31.40.0-255,66,89993,70,310550
38289,0.001673,74.125.130.0-255,1484,91477,70,310550
38290,0.001698,74.125.130.0-255,2902,94379,70,310550
38291,0.001702,172.31.40.0-255,66,94445,70,310550
38292,0.001709,74.125.130.0-255,4320,98765,70,310550
38293,0.001711,172.31.40.0-255,66,98831,70,310550
38294,0.001714,74.125.130.0-255,1484,100315,70,310550
38295,0.001741,74.125.130.0-255,4320,104635,70,310550
38296,0.001743,172.31.40.0-255,66,104701,70,310550
38297,0.00175,74.125.130.0-255,5738,110439,70,310550
38298,0.001752,172.31.40.0-255,66,110505,70,310550
38299,0.001769,74.125.130.0-255,5738,116243,70,310550
38300,0.001771,172.31.40.0-255,66,116309,70,310550
38301,0.001776,74.125.130.0-255,4320,120629,70,310550
38302,0.001779,172.31.40.0-255,66,120695,70,310550
38303,0.001826,74.125.130.0-255,5020,125715,70,310550
38304,0.00183,172.31.40.0-255,66,125781,70,310550
38305,0.001835,74.125.130.0-255,2902,128683,70,310550
38306,0.001837,172.31.40.0-255,66,128749,70,310550
38307,0.001852,74.125.130.0-255,2902,131651,70,310550
38308,0.001854,172.31.40.0-255,66,131717,70,310550
38309,0.001858,74.125.130.0-255,2902,134619,70,310550
38310,0.00186,172.31.40.0-255,66,134685,70,310550
38311,0.001877,74.125.130.0-255,4320,139005,70,310550
38312,0.001879,172.31.40.0-255,66,139071,70,310550
38313,0.00191,74.125.130.0-255,8574,147645,70,310550
38314,0.001913,172.31.40.0-255,66,147711,70,310550
38315,0.00192,74.125.130.0-255,5738,153449,70,310550
38316,0.001922,172.31.40.0-255,66,153515,70,310550
38317,0.001964,74.125.130.0-255,5020,158535,70,310550
38318,0.001967,172.31.40.0-255,66,158601,70,310550
38319,0.002014,74.125.130.0-255,1484,160085,70,310550
38320,0.002019,74.125.130.0-255,2902,162987,70,310550
38321,0.002023,172.31.40.0-255,66,163053,70,310550
38322,0.002026,74.125.130.0-255,1484,164537,70,310550
38323,0.002047,74.125.130.0-255,4320,168857,70,310550
38324,0.00205,172.31.40.0-255,66,168923,70,310550
38325,0.002074,74.125.130.0-255,8574,177497,70,310550
38326,0.002077,172.31.40.0-255,66,177563,70,310550
38327,0.004116,74.125.130.0-255,5738,183301,70,310550
38328,0.004125,172.31.40.0-255,66,183367,70,310550
38329,0.006167,74.125.130.0-255,5738,189105,70,310550
38330,0.006174,172.31.40.0-255,66,189171,70,310550
38331,0.008213,74.125.130.0-255,5738,194909,70,310550
38332,0.008218,172.31.40.0-255,66,194975,70,310550
38333,0.01027,74.125.130.0-255,5738,200713,70,310550
38334,0.010276,172.31.40.0-255,66,200779,70,310550
38335,0.012318,74.125.130.0-255,5738,206517,70,310550
38336,0.012325,172.31.40.0-255,66,206583,70,310550
38337,0.014378,74.125.130.0-255,5738,212321,70,310550
38338,0.014386,172.31.40.0-255,66,212387,70,310550
38339,0.016442,74.125.130.0-255,5738,218125,70,310550
38340,0.01645,172.31.40.0-255,66,218191,70,310550
38341,0.0185,74.125.130.0-255,5738,223929,70,310550
38342,0.018508,172.31.40.0-255,66,223995,70,310550
38343,0.020584,74.125.130.0-255,5738,229733,70,310550
38344,0.020592,172.31.40.0-255,66,229799,70,310550
38345,0.022628,74.125.130.0-255,5738,235537,70,310550
38346,0.022635,172.31.40.0-255,66,235603,70,310550
38347,0.024693,74.125.130.0-255,5738,241341,70,310550
38348,0.0247,172.31.40.0-255,66,241407,70,310550
38349,0.026757,74.125.130.0-255,5738,247145,70,310550
38350,0.026774,172.31.40.0-255,66,247211,70,310550
38351,0.028826,74.125.130.0-255,5738,252949,70,310550
38352,0.028839,172.31.40.0-255,66,253015,70,310550
38353,0.030892,74.125.130.0-255,5738,258753,70,310550
38354,0.030907,172.31.40.0-255,66,258819,70,310550
38355,0.032966,74.125.130.0-255,5738,264557,70,310550
38356,0.032982,172.31.40.0-255,66,264623,70,310550
38357,0.035015,74.125.130.0-255,4320,268943,70,310550
38358,0.035022,172.31.40.0-255,66,269009,70,310550
38359,0.035039,74.125.130.0-255,1484,270493,70,310550
38360,0.037072,74.125.130.0-255,4320,274813,70,310550
38361,0.037084,172.31.40.0-255,66,274879,70,310550
38362,0.037981,172.31.40.0-255,167,275046,70,310550
38363,0.038016,172.31.40.0-255,614,275660,70,310550
38364,0.039128,74.125.130.0-255,5738,281398,70,310550
38365,0.039135,172.31.40.0-255,66,281464,70,310550
38366,0.040219,104.244.42.0-255,66,281530,70,310550
38367,0.041177,74.125.130.0-255,5738,287268,70,310550
38368,0.041188,172.31.40.0-255,66,287334,70,310550
38369,0.043247,74.125.130.0-255,5738,293072,70,310550
38370,0.043264,172.31.40.0-255,66,293138,70,310550
38371,0.045313,74.125.130.0-255,5738,298876,70,310550
38372,0.045321,172.31.40.0-255,66,298942,70,310550
38373,0.047361,74.125.130.0-255,5738,304680,70,310550
38374,0.047367,172.31.40.0-255,66,304746,70,310550
38375,0.049415,74.125.130.0-255,5738,310484,70,310550
38376,0.04943,172.31.40.0-255,66,310550,70,310550
38377,0.0,172.217.194.0-255,297,297,70,222113
38378,1.6e-05,172.31.40.0-255,66,363,70,222113
38379,2.2e-05,172.217.194.0-255,1484,1847,70,222113
38380,2.7e-05,172.31.40.0-255,66,1913,70,222113
38381,4.1e-05,172.217.194.0-255,4320,6233,70,222113
38382,4.4e-05,172.31.40.0-255,66,6299,70,222113
38383,7.6e-05,172.217.194.0-255,7156,13455,70,222113
38384,8e-05,172.31.40.0-255,66,13521,70,222113
38385,8.2e-05,172.217.194.0-255,492,14013,70,222113
38386,8.4e-05,172.31.40.0-255,66,14079,70,222113
38387,0.000472,172.217.194.0-255,1484,15563,70,222113
38388,0.000478,172.31.40.0-255,66,15629,70,222113
38389,0.000484,172.217.194.0-255,2902,18531,70,222113
38390,0.000487,172.31.40.0-255,66,18597,70,222113
38391,0.000491,172.217.194.0-255,2902,21499,70,222113
38392,0.000498,172.31.40.0-255,66,21565,70,222113
38393,0.000529,172.217.194.0-255,2902,24467,70,222113
38394,0.000532,172.31.40.0-255,66,24533,70,222113
38395,0.000539,172.217.194.0-255,6797,31330,70,222113
38396,0.000541,172.31.40.0-255,66,31396,70,222113
38397,0.000584,172.31.40.0-255,66,31462,70,222113
38398,0.000619,172.217.194.0-255,1484,32946,70,222113
38399,0.000621,172.31.40.0-255,66,33012,70,222113
38400,0.000637,172.31.40.0-255,66,33078,70,222113
38401,0.000642,172.217.194.0-255,3602,36680,70,222113
38402,0.000644,172.31.40.0-255,66,36746,70,222113
38403,0.000647,172.217.194.0-255,1484,38230,70,222113
38404,0.000649,172.31.40.0-255,66,38296,70,222113
38405,0.000695,172.31.40.0-255,66,38362,70,222113
38406,0.000699,172.217.194.0-255,2902,41264,70,222113
38407,0.000701,172.31.40.0-255,66,41330,70,222113
38408,0.000726,172.217.194.0-255,7156,48486,70,222113
38409,0.000728,172.31.40.0-255,66,48552,70,222113
38410,0.000734,172.217.194.0-255,4320,52872,70,222113
38411,0.000736,172.31.40.0-255,66,52938,70,222113
38412,0.000772,172.217.194.0-255,7156,60094,70,222113
38413,0.000776,172.31.40.0-255,66,60160,70,222113
38414,0.000784,172.217.194.0-255,9992,70152,70,222113
38415,0.000787,172.31.40.0-255,66,70218,70,222113
38416,0.000811,172.217.194.0-255,2184,72402,70,222113
38417,0.000813,172.31.40.0-255,66,72468,70,222113
38418,0.000862,172.217.194.0-255,1484,73952,70,222113
38419,0.000869,172.217.194.0-255,2902,76854,70,222113
38420,0.000872,172.31.40.0-255,66,76920,70,222113
38421,0.000905,172.217.194.0-255,5738,82658,70,222113
38422,0.000908,172.31.40.0-255,66,82724,70,222113
38423,0.000926,172.31.40.0-255,66,82790,70,222113
38424,0.000959,172.217.194.0-255,2902,85692,70,222113
38425,0.000961,172.31.40.0-255,66,85758,70,222113
38426,0.000999,172.217.194.0-255,9274,95032,70,222113
38427,0.001002,172.31.40.0-255,66,95098,70,222113
38428,0.001023,172.217.194.0-255,4320,99418,70,222113
38429,0.001043,172.217.194.0-255,9992,109410,70,222113
38430,0.001054,172.217.194.0-255,2902,112312,70,222113
38431,0.001059,172.217.194.0-255,3602,115914,70,222113
38432,0.001064,172.31.40.0-255,66,115980,70,222113
38433,0.001148,172.217.194.0-255,1484,117464,70,222113
38434,0.001155,172.217.194.0-255,2902,120366,70,222113
38435,0.001158,172.31.40.0-255,66,120432,70,222113
38436,0.001193,172.217.194.0-255,5738,126170,70,222113
38437,0.00121,172.217.194.0-255,2902,129072,70,222113
38438,0.001227,172.217.194.0-255,7856,136928,70,222113
38439,0.001231,172.31.40.0-255,66,136994,70,222113
38440,0.001236,172.31.40.0-255,66,137060,70,222113
38441,0.00126,172.217.194.0-255,2902,139962,70,222113
38442,0.001294,172.217.194.0-255,4320,144282,70,222113
38443,0.001302,172.217.194.0-255,8574,152856,70,222113
38444,0.001354,172.31.40.0-255,66,152922,70,222113
38445,0.001384,172.217.194.0-255,4320,157242,70,222113
38446,0.00139,172.217.194.0-255,3602,160844,70,222113
38447,0.001423,172.217.194.0-255,7291,168135,70,222113
38448,0.001445,172.31.40.0-255,66,168201,70,222113
38449,0.001526,172.217.194.0-255,1484,169685,70,222113
38450,0.001544,172.217.194.0-255,2902,172587,70,222113
38451,0.001551,172.217.194.0-255,5738,178325,70,222113
38452,0.001577,172.217.194.0-255,5738,184063,70,222113
38453,0.001592,172.217.194.0-255,2902,186965,70,222113
38454,0.001596,172.31.40.0-255,66,187031,70,222113
38455,0.001601,172.31.40.0-255,66,187097,70,222113
38456,0.001618,172.217.194.0-255,9992,197089,70,222113
38457,0.001625,172.217.194.0-255,5020,202109,70,222113
38458,0.001657,172.31.40.0-255,66,202175,70,222113
38459,0.001696,172.31.40.0-255,66,202241,70,222113
38460,0.001718,172.217.194.0-255,2902,205143,70,222113
38461,0.001744,172.217.194.0-255,2902,208045,70,222113
38462,0.00176,172.217.194.0-255,8574,216619,70,222113
38463,0.001789,172.31.40.0-255,66,216685,70,222113
38464,0.001794,172.31.40.0-255,66,216751,70,222113
38465,0.001827,172.217.194.0-255,5020,221771,70,222113
38466,0.00184,172.217.194.0-255,105,221876,70,222113
38467,0.001847,172.31.40.0-255,66,221942,70,222113
38468,0.016276,172.31.40.0-255,105,222047,70,222113
38469,0.018546,172.217.194.0-255,66,222113,70,222113
38470,0.0,74.125.24.0-255,150,150,70,232230
38471,2.2e-05,172.31.40.0-255,66,216,70,232230
38472,2.9e-05,74.125.24.0-255,1484,1700,70,232230
38473,3.4e-05,172.31.40.0-255,66,1766,70,232230
38474,4e-05,74.125.24.0-255,2902,4668,70,232230
38475,4.4e-05,172.31.40.0-255,66,4734,70,232230
38476,5.2e-05,74.125.24.0-255,7156,11890,70,232230
38477,5.5e-05,172.31.40.0-255,66,11956,70,232230
38478,5.8e-05,74.125.24.0-255,1484,13440,70,232230
38479,6.1e-05,172.31.40.0-255,66,13506,70,232230
38480,6.4e-05,74.125.24.0-255,603,14109,70,232230
38481,6.7e-05,172.31.40.0-255,66,14175,70,232230
38482,9.7e-05,74.125.24.0-255,1484,15659,70,232230
38483,0.0001,172.31.40.0-255,66,15725,70,232230
38484,0.000117,74.125.24.0-255,4320,20045,70,232230
38485,0.00012,172.31.40.0-255,66,20111,70,232230
38486,0.000146,74.125.24.0-255,4320,24431,70,232230
38487,0.000149,172.31.40.0-255,66,24497,70,232230
38488,0.000152,74.125.24.0-255,1484,25981,70,232230
38489,0.000154,172.31.40.0-255,66,26047,70,232230
38490,0.000174,74.125.24.0-255,4320,30367,70,232230
38491,0.000176,172.31.40.0-255,66,30433,70,232230
38492,0.000189,74.125.24.0-255,1125,31558,70,232230
38493,0.000191,172.31.40.0-255,66,31624,70,232230
38494,0.00032,74.125.24.0-255,1484,33108,70,232230
38495,0.000325,172.31.40.0-255,66,33174,70,232230
38496,0.000331,74.125.24.0-255,2902,36076,70,232230
38497,0.000333,172.31.40.0-255,66,36142,70,232230
38498,0.000355,74.125.24.0-255,5738,41880,70,232230
38499,0.000358,172.31.40.0-255,66,41946,70,232230
38500,0.000361,74.125.24.0-255,1484,43430,70,232230
38501,0.000363,172.31.40.0-255,66,43496,70,232230
38502,0.000392,74.125.24.0-255,9633,53129,70,232230
38503,0.000395,172.31.40.0-255,66,53195,70,232230
38504,0.000413,74.125.24.0-255,5738,58933,70,232230
38505,0.000416,172.31.40.0-255,66,58999,70,232230
38506,0.000434,74.125.24.0-255,6797,65796,70,232230
38507,0.000436,172.31.40.0-255,66,65862,70,232230
38508,0.000838,74.125.24.0-255,645,66507,70,232230
38509,0.001029,172.31.40.0-255,66,66573,70,232230
38510,0.001047,74.125.24.0-255,1484,68057,70,232230
38511,0.001051,74.125.24.0-255,1484,69541,70,232230
38512,0.001053,172.31.40.0-255,66,69607,70,232230
38513,0.001073,74.125.24.0-255,1484,71091,70,232230
38514,0.00108,74.125.24.0-255,5738,76829,70,232230
38515,0.001083,172.31.40.0-255,66,76895,70,232230
38516,0.001116,172.31.40.0-255,66,76961,70,232230
38517,0.001119,74.125.24.0-255,1484,78445,70,232230
38518,0.00114,74.125.24.0-255,5738,84183,70,232230
38519,0.001143,172.31.40.0-255,66,84249,70,232230
38520,0.00116,74.125.24.0-255,3602,87851,70,232230
38521,0.001162,172.31.40.0-255,66,87917,70,232230
38522,0.00206,74.125.24.0-255,1484,89401,70,232230
38523,0.002071,74.125.24.0-255,2902,92303,70,232230
38524,0.002076,172.31.40.0-255,66,92369,70,232230
38525,0.002084,74.125.24.0-255,5738,98107,70,232230
38526,0.002086,172.31.40.0-255,66,98173,70,232230
38527,0.002121,172.31.40.0-255,66,98239,70,232230
38528,0.00213,74.125.24.0-255,8574,106813,70,232230
38529,0.002132,172.31.40.0-255,66,106879,70,232230
38530,0.002148,74.125.24.0-255,2184,109063,70,232230
38531,0.00215,172.31.40.0-255,66,109129,70,232230
38532,0.004503,74.125.24.0-255,5738,114867,70,232230
38533,0.004511,172.31.40.0-255,66,114933,70,232230
38534,0.006926,74.125.24.0-255,5738,120671,70,232230
38535,0.00693,172.31.40.0-255,66,120737,70,232230
38536,0.009284,74.125.24.0-255,2902,123639,70,232230
38537,0.009293,172.31.40.0-255,66,123705,70,232230
38538,0.00931,74.125.24.0-255,2902,126607,70,232230
38539,0.009313,172.31.40.0-255,66,126673,70,232230
38540,0.011685,74.125.24.0-255,5738,132411,70,232230
38541,0.011693,172.31.40.0-255,66,132477,70,232230
38542,0.014104,74.125.24.0-255,5738,138215,70,232230
38543,0.014111,172.31.40.0-255,66,138281,70,232230
38544,0.016445,74.125.24.0-255,5738,144019,70,232230
38545,0.016453,172.31.40.0-255,66,144085,70,232230
38546,0.018864,74.125.24.0-255,5738,149823,70,232230
38547,0.018872,172.31.40.0-255,66,149889,70,232230
38548,0.021248,74.125.24.0-255,5738,155627,70,232230
38549,0.021257,172.31.40.0-255,66,155693,70,232230
38550,0.023571,74.125.24.0-255,5738,161431,70,232230
38551,0.023579,172.31.40.0-255,66,161497,70,232230
38552,0.025931,74.125.24.0-255,5738,167235,70,232230
38553,0.025939,172.31.40.0-255,66,167301,70,232230
38554,0.028299,74.125.24.0-255,5738,173039,70,232230
38555,0.028308,172.31.40.0-255,66,173105,70,232230
38556,0.030684,74.125.24.0-255,5738,178843,70,232230
38557,0.030693,172.31.40.0-255,66,178909,70,232230
38558,0.033046,74.125.24.0-255,5738,184647,70,232230
38559,0.033056,172.31.40.0-255,66,184713,70,232230
38560,0.035435,74.125.24.0-255,5738,190451,70,232230
38561,0.035443,172.31.40.0-255,66,190517,70,232230
38562,0.037773,74.125.24.0-255,5738,196255,70,232230
38563,0.037781,172.31.40.0-255,66,196321,70,232230
38564,0.040068,172.31.40.0-255,176,196497,70,232230
38565,0.040104,74.125.24.0-255,5738,202235,70,232230
38566,0.040111,172.31.40.0-255,66,202301,70,232230
38567,0.04012,172.31.40.0-255,1117,203418,70,232230
38568,0.040196,172.31.40.0-255,1514,204932,70,232230
38569,0.040198,172.31.40.0-255,1514,206446,70,232230
38570,0.040203,172.31.40.0-255,1514,207960,70,232230
38571,0.040204,172.31.40.0-255,790,208750,70,232230
38572,0.041619,104.244.42.0-255,66,208816,70,232230
38573,0.041666,104.244.42.0-255,66,208882,70,232230
38574,0.04178,104.244.42.0-255,66,208948,70,232230
38575,0.041798,104.244.42.0-255,66,209014,70,232230
38576,0.042491,74.125.24.0-255,5738,214752,70,232230
38577,0.042497,172.31.40.0-255,66,214818,70,232230
38578,0.044873,74.125.24.0-255,5738,220556,70,232230
38579,0.04488,172.31.40.0-255,66,220622,70,232230
38580,0.047223,74.125.24.0-255,5738,226360,70,232230
38581,0.04723,172.31.40.0-255,66,226426,70,232230
38582,0.049596,74.125.24.0-255,5738,232164,70,232230
38583,0.049601,172.31.40.0-255,66,232230,70,232230
38584,0.0,74.125.24.0-255,146,146,70,289592
38585,2.4e-05,172.31.40.0-255,66,212,70,289592
38586,3.1e-05,74.125.24.0-255,1484,1696,70,289592
38587,3.6e-05,172.31.40.0-255,66,1762,70,289592
38588,4.2e-05,74.125.24.0-255,2902,4664,70,289592
38589,4.5e-05,172.31.40.0-255,66,4730,70,289592
38590,5e-05,74.125.24.0-255,4320,9050,70,289592
38591,5.3e-05,172.31.40.0-255,66,9116,70,289592
38592,8.6e-05,74.125.24.0-255,4990,14106,70,289592
38593,8.9e-05,172.31.40.0-255,66,14172,70,289592
38594,0.000131,74.125.24.0-255,5738,19910,70,289592
38595,0.000133,172.31.40.0-255,66,19976,70,289592
38596,0.000139,74.125.24.0-255,4320,24296,70,289592
38597,0.000141,172.31.40.0-255,66,24362,70,289592
38598,0.00018,74.125.24.0-255,2902,27264,70,289592
38599,0.000183,172.31.40.0-255,66,27330,70,289592
38600,0.000201,74.125.24.0-255,3961,31291,70,289592
38601,0.000203,172.31.40.0-255,66,31357,70,289592
38602,0.000245,74.125.24.0-255,1484,32841,70,289592
38603,0.000248,172.31.40.0-255,66,32907,70,289592
38604,0.000252,74.125.24.0-255,2902,35809,70,289592
38605,0.000254,172.31.40.0-255,66,35875,70,289592
38606,0.000261,74.125.24.0-255,5738,41613,70,289592
38607,0.000264,172.31.40.0-255,66,41679,70,289592
38608,0.000296,74.125.24.0-255,6797,48476,70,289592
38609,0.0003,172.31.40.0-255,66,48542,70,289592
38610,0.000337,74.125.24.0-255,4320,52862,70,289592
38611,0.00034,172.31.40.0-255,66,52928,70,289592
38612,0.000358,74.125.24.0-255,5738,58666,70,289592
38613,0.000361,172.31.40.0-255,66,58732,70,289592
38614,0.000382,74.125.24.0-255,7092,65824,70,289592
38615,0.000384,172.31.40.0-255,66,65890,70,289592
38616,0.000412,74.125.24.0-255,382,66272,70,289592
38617,0.000658,74.125.24.0-255,1484,67756,70,289592
38618,0.000661,172.31.40.0-255,66,67822,70,289592
38619,0.000666,74.125.24.0-255,2902,70724,70,289592
38620,0.000669,172.31.40.0-255,66,70790,70,289592
38621,0.000677,74.125.24.0-255,5738,76528,70,289592
38622,0.00068,172.31.40.0-255,66,76594,70,289592
38623,0.000698,74.125.24.0-255,4320,80914,70,289592
38624,0.0007,172.31.40.0-255,66,80980,70,289592
38625,0.00073,74.125.24.0-255,8574,89554,70,289592
38626,0.000732,172.31.40.0-255,66,89620,70,289592
38627,0.000741,74.125.24.0-255,8574,98194,70,289592
38628,0.000743,172.31.40.0-255,66,98260,70,289592
38629,0.000765,74.125.24.0-255,2184,100444,70,289592
38630,0.000767,172.31.40.0-255,66,100510,70,289592
38631,0.000784,74.125.24.0-255,1484,101994,70,289592
38632,0.000803,74.125.24.0-255,2902,104896,70,289592
38633,0.000806,172.31.40.0-255,66,104962,70,289592
38634,0.000813,74.125.24.0-255,5738,110700,70,289592
38635,0.000815,172.31.40.0-255,66,110766,70,289592
38636,0.00083,74.125.24.0-255,5738,116504,70,289592
38637,0.000833,172.31.40.0-255,66,116570,70,289592
38638,0.000853,74.125.24.0-255,7156,123726,70,289592
38639,0.000855,172.31.40.0-255,66,123792,70,289592
38640,0.000864,74.125.24.0-255,8574,132366,70,289592
38641,0.000867,172.31.40.0-255,66,132432,70,289592
38642,0.00089,74.125.24.0-255,2184,134616,70,289592
38643,0.000892,172.31.40.0-255,66,134682,70,289592
38644,0.000938,74.125.24.0-255,1484,136166,70,289592
38645,0.000941,74.125.24.0-255,1484,137650,70,289592
38646,0.000943,172.31.40.0-255,66,137716,70,289592
38647,0.000961,74.125.24.0-255,1484,139200,70,289592
38648,0.000967,74.125.24.0-255,5738,144938,70,289592
38649,0.00097,172.31.40.0-255,66,145004,70,289592
38650,0.000978,74.125.24.0-255,7156,152160,70,289592
38651,0.000981,172.31.40.0-255,66,152226,70,289592
38652,0.001013,74.125.24.0-255,5738,157964,70,289592
38653,0.001016,172.31.40.0-255,66,158030,70,289592
38654,0.001025,74.125.24.0-255,9992,168022,70,289592
38655,0.001027,172.31.40.0-255,66,168088,70,289592
38656,0.00103,74.125.24.0-255,766,168854,70,289592
38657,0.001373,74.125.24.0-255,1484,170338,70,289592
38658,0.001378,172.31.40.0-255,66,170404,70,289592
38659,0.001384,74.125.24.0-255,2902,173306,70,289592
38660,0.001386,172.31.40.0-255,66,173372,70,289592
38661,0.001393,74.125.24.0-255,5738,179110,70,289592
38662,0.001396,172.31.40.0-255,66,179176,70,289592
38663,0.0014,74.125.24.0-255,4320,183496,70,289592
38664,0.001403,172.31.40.0-255,66,183562,70,289592
38665,0.001438,172.31.40.0-255,66,183628,70,289592
38666,0.001482,74.125.24.0-255,2902,186530,70,289592
38667,0.001484,172.31.40.0-255,66,186596,70,289592
38668,0.001503,74.125.24.0-255,5020,191616,70,289592
38669,0.001506,172.31.40.0-255,66,191682,70,289592
38670,0.001514,74.125.24.0-255,8574,200256,70,289592
38671,0.001517,172.31.40.0-255,66,200322,70,289592
38672,0.001532,172.31.40.0-255,66,200388,70,289592
38673,0.001564,74.125.24.0-255,10692,211080,70,289592
38674,0.001567,172.31.40.0-255,66,211146,70,289592
38675,0.001576,74.125.24.0-255,8574,219720,70,289592
38676,0.001578,172.31.40.0-255,66,219786,70,289592
38677,0.001594,74.125.24.0-255,2902,222688,70,289592
38678,0.001597,172.31.40.0-255,66,222754,70,289592
38679,0.0016,74.125.24.0-255,1484,224238,70,289592
38680,0.001646,172.31.40.0-255,66,224304,70,289592
38681,0.001649,74.125.24.0-255,1484,225788,70,289592
38682,0.001664,74.125.24.0-255,2902,228690,70,289592
38683,0.001666,172.31.40.0-255,66,228756,70,289592
38684,0.001672,74.125.24.0-255,4320,233076,70,289592
38685,0.001674,172.31.40.0-255,66,233142,70,289592
38686,0.001694,74.125.24.0-255,1484,234626,70,289592
38687,0.001709,172.31.40.0-255,66,234692,70,289592
38688,0.001718,74.125.24.0-255,8574,243266,70,289592
38689,0.00172,172.31.40.0-255,66,243332,70,289592
38690,0.001752,74.125.24.0-255,2184,245516,70,289592
38691,0.001755,172.31.40.0-255,66,245582,70,289592
38692,0.00178,74.125.24.0-255,2902,248484,70,289592
38693,0.001783,172.31.40.0-255,66,248550,70,289592
38694,0.001791,74.125.24.0-255,7156,255706,70,289592
38695,0.001793,172.31.40.0-255,66,255772,70,289592
38696,0.001796,74.125.24.0-255,1484,257256,70,289592
38697,0.001816,74.125.24.0-255,7156,264412,70,289592
38698,0.001819,172.31.40.0-255,66,264478,70,289592
38699,0.00187,172.31.40.0-255,66,264544,70,289592
38700,0.001895,74.125.24.0-255,3602,268146,70,289592
38701,0.001897,172.31.40.0-255,66,268212,70,289592
38702,0.001914,172.31.40.0-255,66,268278,70,289592
38703,0.001932,172.31.40.0-255,66,268344,70,289592
38704,0.001973,74.125.24.0-255,7156,275500,70,289592
38705,0.001975,172.31.40.0-255,66,275566,70,289592
38706,0.002005,172.31.40.0-255,66,275632,70,289592
38707,0.002012,74.125.24.0-255,6337,281969,70,289592
38708,0.002014,172.31.40.0-255,66,282035,70,289592
38709,0.002039,74.125.24.0-255,105,282140,70,289592
38710,0.012969,172.31.40.0-255,66,282206,70,289592
38711,0.013021,172.31.40.0-255,105,282311,70,289592
38712,0.015464,74.125.24.0-255,66,282377,70,289592
38713,0.037777,172.31.40.0-255,172,282549,70,289592
38714,0.037813,172.31.40.0-255,1113,283662,70,289592
38715,0.037884,172.31.40.0-255,1514,285176,70,289592
38716,0.037886,172.31.40.0-255,1514,286690,70,289592
38717,0.037888,172.31.40.0-255,1514,288204,70,289592
38718,0.037889,172.31.40.0-255,1124,289328,70,289592
38719,0.039273,104.244.42.0-255,66,289394,70,289592
38720,0.039305,104.244.42.0-255,66,289460,70,289592
38721,0.039391,104.244.42.0-255,66,289526,70,289592
38722,0.039413,104.244.42.0-255,66,289592,70,289592
38723,0.0,172.217.27.0-255,150,150,70,274838
38724,2.5e-05,172.31.40.0-255,66,216,70,274838
38725,3.2e-05,172.217.27.0-255,1484,1700,70,274838
38726,3.6e-05,172.31.40.0-255,66,1766,70,274838
38727,4.1e-05,172.217.27.0-255,2902,4668,70,274838
38728,5.3e-05,172.31.40.0-255,66,4734,70,274838
38729,5.9e-05,172.217.27.0-255,4320,9054,70,274838
38730,6.3e-05,172.31.40.0-255,66,9120,70,274838
38731,6.9e-05,172.217.27.0-255,4849,13969,70,274838
38732,7.2e-05,172.31.40.0-255,66,14035,70,274838
38733,0.00019,172.217.27.0-255,1484,15519,70,274838
38734,0.000194,172.31.40.0-255,66,15585,70,274838
38735,0.000199,172.217.27.0-255,1484,17069,70,274838
38736,0.0002,172.31.40.0-255,66,17135,70,274838
38737,0.000221,172.217.27.0-255,1484,18619,70,274838
38738,0.000224,172.31.40.0-255,66,18685,70,274838
38739,0.000235,172.217.27.0-255,5738,24423,70,274838
38740,0.000238,172.31.40.0-255,66,24489,70,274838
38741,0.000292,172.217.27.0-255,6797,31286,70,274838
38742,0.000295,172.31.40.0-255,66,31352,70,274838
38743,0.000302,172.217.27.0-255,7156,38508,70,274838
38744,0.000304,172.31.40.0-255,66,38574,70,274838
38745,0.000317,172.217.27.0-255,8574,47148,70,274838
38746,0.000319,172.31.40.0-255,66,47214,70,274838
38747,0.000349,172.217.27.0-255,1125,48339,70,274838
38748,0.000351,172.31.40.0-255,66,48405,70,274838
38749,0.000728,172.217.27.0-255,1484,49889,70,274838
38750,0.000733,172.31.40.0-255,66,49955,70,274838
38751,0.000737,172.217.27.0-255,1484,51439,70,274838
38752,0.000739,172.31.40.0-255,66,51505,70,274838
38753,0.000774,172.217.27.0-255,1484,52989,70,274838
38754,0.000777,172.31.40.0-255,66,53055,70,274838
38755,0.00078,172.217.27.0-255,1484,54539,70,274838
38756,0.000786,172.217.27.0-255,2902,57441,70,274838
38757,0.000788,172.31.40.0-255,66,57507,70,274838
38758,0.000798,172.217.27.0-255,5738,63245,70,274838
38759,0.0008,172.31.40.0-255,66,63311,70,274838
38760,0.000804,172.217.27.0-255,2543,65854,70,274838
38761,0.000806,172.31.40.0-255,66,65920,70,274838
38762,0.000809,172.217.27.0-255,390,66310,70,274838
38763,0.000908,172.217.27.0-255,1484,67794,70,274838
38764,0.000911,172.31.40.0-255,66,67860,70,274838
38765,0.000916,172.217.27.0-255,2902,70762,70,274838
38766,0.000918,172.31.40.0-255,66,70828,70,274838
38767,0.000921,172.217.27.0-255,1484,72312,70,274838
38768,0.000931,172.217.27.0-255,5738,78050,70,274838
38769,0.000934,172.31.40.0-255,66,78116,70,274838
38770,0.000976,172.31.40.0-255,66,78182,70,274838
38771,0.001007,172.217.27.0-255,2543,80725,70,274838
38772,0.00101,172.31.40.0-255,66,80791,70,274838
38773,0.001018,172.217.27.0-255,8480,89271,70,274838
38774,0.00102,172.31.40.0-255,66,89337,70,274838
38775,0.00151,172.217.27.0-255,1484,90821,70,274838
38776,0.001514,172.217.27.0-255,1484,92305,70,274838
38777,0.001523,172.31.40.0-255,66,92371,70,274838
38778,0.001527,172.217.27.0-255,1484,93855,70,274838
38779,0.001533,172.217.27.0-255,4320,98175,70,274838
38780,0.001534,172.31.40.0-255,66,98241,70,274838
38781,0.001541,172.217.27.0-255,1484,99725,70,274838
38782,0.001569,172.217.27.0-255,7156,106881,70,274838
38783,0.001572,172.31.40.0-255,66,106947,70,274838
38784,0.001621,172.31.40.0-255,66,107013,70,274838
38785,0.003249,172.217.27.0-255,5738,112751,70,274838
38786,0.003256,172.31.40.0-255,66,112817,70,274838
38787,0.004891,172.217.27.0-255,5738,118555,70,274838
38788,0.004897,172.31.40.0-255,66,118621,70,274838
38789,0.006527,172.217.27.0-255,4320,122941,70,274838
38790,0.006531,172.31.40.0-255,66,123007,70,274838
38791,0.006546,172.217.27.0-255,1484,124491,70,274838
38792,0.00816,172.217.27.0-255,4320,128811,70,274838
38793,0.008165,172.31.40.0-255,66,128877,70,274838
38794,0.009813,172.217.27.0-255,5738,134615,70,274838
38795,0.00982,172.31.40.0-255,66,134681,70,274838
38796,0.011453,172.217.27.0-255,5738,140419,70,274838
38797,0.01146,172.31.40.0-255,66,140485,70,274838
38798,0.01311,172.217.27.0-255,5738,146223,70,274838
38799,0.013117,172.31.40.0-255,66,146289,70,274838
38800,0.014784,172.217.27.0-255,5738,152027,70,274838
38801,0.014791,172.31.40.0-255,66,152093,70,274838
38802,0.016431,172.217.27.0-255,5738,157831,70,274838
38803,0.016438,172.31.40.0-255,66,157897,70,274838
38804,0.018072,172.217.27.0-255,5738,163635,70,274838
38805,0.018078,172.31.40.0-255,66,163701,70,274838
38806,0.019708,172.217.27.0-255,5738,169439,70,274838
38807,0.019714,172.31.40.0-255,66,169505,70,274838
38808,0.021351,172.217.27.0-255,5738,175243,70,274838
38809,0.021359,172.31.40.0-255,66,175309,70,274838
38810,0.022997,172.217.27.0-255,5738,181047,70,274838
38811,0.023005,172.31.40.0-255,66,181113,70,274838
38812,0.024494,172.31.40.0-255,182,181295,70,274838
38813,0.02453,172.31.40.0-255,613,181908,70,274838
38814,0.024633,172.217.27.0-255,5738,187646,70,274838
38815,0.02464,172.31.40.0-255,66,187712,70,274838
38816,0.026297,172.217.27.0-255,5738,193450,70,274838
38817,0.026304,172.31.40.0-255,66,193516,70,274838
38818,0.026662,104.244.42.0-255,66,193582,70,274838
38819,0.027946,172.217.27.0-255,5738,199320,70,274838
38820,0.027952,172.31.40.0-255,66,199386,70,274838
38821,0.029592,172.217.27.0-255,5738,205124,70,274838
38822,0.029599,172.31.40.0-255,66,205190,70,274838
38823,0.031245,172.217.27.0-255,5738,210928,70,274838
38824,0.031252,172.31.40.0-255,66,210994,70,274838
38825,0.032891,172.217.27.0-255,5738,216732,70,274838
38826,0.032898,172.31.40.0-255,66,216798,70,274838
38827,0.034532,172.217.27.0-255,5738,222536,70,274838
38828,0.034539,172.31.40.0-255,66,222602,70,274838
38829,0.036192,172.217.27.0-255,5738,228340,70,274838
38830,0.036198,172.31.40.0-255,66,228406,70,274838
38831,0.037837,172.217.27.0-255,5738,234144,70,274838
38832,0.037851,172.31.40.0-255,66,234210,70,274838
38833,0.039507,172.217.27.0-255,5738,239948,70,274838
38834,0.03952,172.31.40.0-255,66,240014,70,274838
38835,0.041162,172.217.27.0-255,5738,245752,70,274838
38836,0.041173,172.31.40.0-255,66,245818,70,274838
38837,0.042812,172.217.27.0-255,5738,251556,70,274838
38838,0.042822,172.31.40.0-255,66,251622,70,274838
38839,0.044473,172.217.27.0-255,5738,257360,70,274838
38840,0.044485,172.31.40.0-255,66,257426,70,274838
38841,0.046132,172.217.27.0-255,5738,263164,70,274838
38842,0.04615,172.31.40.0-255,66,263230,70,274838
38843,0.047782,172.217.27.0-255,5738,268968,70,274838
38844,0.04779,172.31.40.0-255,66,269034,70,274838
38845,0.049426,172.217.27.0-255,5738,274772,70,274838
38846,0.049436,172.31.40.0-255,66,274838,70,274838
38847,0.0,172.217.194.0-255,146,146,70,291441
38848,2.4e-05,172.31.40.0-255,66,212,70,291441
38849,3.1e-05,172.217.194.0-255,1484,1696,70,291441
38850,3.6e-05,172.31.40.0-255,66,1762,70,291441
38851,4.1e-05,172.217.194.0-255,2902,4664,70,291441
38852,4.4e-05,172.31.40.0-255,66,4730,70,291441
38853,5.1e-05,172.217.194.0-255,7156,11886,70,291441
38854,5.4e-05,172.31.40.0-255,66,11952,70,291441
38855,6.2e-05,172.217.194.0-255,7838,19790,70,291441
38856,6.5e-05,172.31.40.0-255,66,19856,70,291441
38857,9.1e-05,172.217.194.0-255,4320,24176,70,291441
38858,9.3e-05,172.31.40.0-255,66,24242,70,291441
38859,0.000108,172.217.194.0-255,4320,28562,70,291441
38860,0.00011,172.31.40.0-255,66,28628,70,291441
38861,0.000131,172.217.194.0-255,1484,30112,70,291441
38862,0.000133,172.31.40.0-255,66,30178,70,291441
38863,0.000147,172.31.40.0-255,66,30244,70,291441
38864,0.000154,172.217.194.0-255,6438,36682,70,291441
38865,0.000156,172.31.40.0-255,66,36748,70,291441
38866,0.000177,172.217.194.0-255,4320,41068,70,291441
38867,0.000179,172.31.40.0-255,66,41134,70,291441
38868,0.000218,172.31.40.0-255,66,41200,70,291441
38869,0.00022,172.217.194.0-255,1374,42574,70,291441
38870,0.000222,172.31.40.0-255,66,42640,70,291441
38871,0.000804,172.217.194.0-255,121,42761,70,291441
38872,0.000809,172.31.40.0-255,66,42827,70,291441
38873,0.000945,172.217.194.0-255,1484,44311,70,291441
38874,0.000949,172.31.40.0-255,66,44377,70,291441
38875,0.000973,172.217.194.0-255,2902,47279,70,291441
38876,0.000979,172.217.194.0-255,5738,53017,70,291441
38877,0.000981,172.217.194.0-255,1484,54501,70,291441
38878,0.000983,172.217.194.0-255,1484,55985,70,291441
38879,0.000986,172.31.40.0-255,66,56051,70,291441
38880,0.00099,172.31.40.0-255,66,56117,70,291441
38881,0.000993,172.31.40.0-255,66,56183,70,291441
38882,0.001007,172.217.194.0-255,7156,63339,70,291441
38883,0.001009,172.31.40.0-255,66,63405,70,291441
38884,0.001031,172.217.194.0-255,2902,66307,70,291441
38885,0.001034,172.31.40.0-255,66,66373,70,291441
38886,0.001063,172.217.194.0-255,10692,77065,70,291441
38887,0.001065,172.31.40.0-255,66,77131,70,291441
38888,0.001703,172.217.194.0-255,1484,78615,70,291441
38889,0.001714,172.217.194.0-255,2902,81517,70,291441
38890,0.001718,172.31.40.0-255,66,81583,70,291441
38891,0.001726,172.217.194.0-255,5738,87321,70,291441
38892,0.001728,172.31.40.0-255,66,87387,70,291441
38893,0.001749,172.217.194.0-255,2902,90289,70,291441
38894,0.001751,172.31.40.0-255,66,90355,70,291441
38895,0.001777,172.217.194.0-255,9992,100347,70,291441
38896,0.001779,172.31.40.0-255,66,100413,70,291441
38897,0.001825,172.217.194.0-255,10692,111105,70,291441
38898,0.001828,172.31.40.0-255,66,111171,70,291441
38899,0.001924,172.217.194.0-255,1484,112655,70,291441
38900,0.00193,172.217.194.0-255,2902,115557,70,291441
38901,0.001933,172.31.40.0-255,66,115623,70,291441
38902,0.001947,172.217.194.0-255,2902,118525,70,291441
38903,0.001949,172.31.40.0-255,66,118591,70,291441
38904,0.001971,172.217.194.0-255,2902,121493,70,291441
38905,0.001974,172.31.40.0-255,66,121559,70,291441
38906,0.002021,172.31.40.0-255,66,121625,70,291441
38907,0.002026,172.217.194.0-255,4320,125945,70,291441
38908,0.002028,172.31.40.0-255,66,126011,70,291441
38909,0.002049,172.217.194.0-255,6438,132449,70,291441
38910,0.002052,172.31.40.0-255,66,132515,70,291441
38911,0.002086,172.217.194.0-255,8574,141089,70,291441
38912,0.002089,172.31.40.0-255,66,141155,70,291441
38913,0.002122,172.31.40.0-255,66,141221,70,291441
38914,0.002145,172.217.194.0-255,1484,142705,70,291441
38915,0.00218,172.31.40.0-255,66,142771,70,291441
38916,0.002215,172.217.194.0-255,1484,144255,70,291441
38917,0.002237,172.217.194.0-255,5738,149993,70,291441
38918,0.00224,172.31.40.0-255,66,150059,70,291441
38919,0.00226,172.217.194.0-255,7156,157215,70,291441
38920,0.002262,172.31.40.0-255,66,157281,70,291441
38921,0.002265,172.217.194.0-255,1484,158765,70,291441
38922,0.002292,172.217.194.0-255,5738,164503,70,291441
38923,0.002294,172.31.40.0-255,66,164569,70,291441
38924,0.002313,172.217.194.0-255,4320,168889,70,291441
38925,0.002315,172.31.40.0-255,66,168955,70,291441
38926,0.002332,172.217.194.0-255,2902,171857,70,291441
38927,0.002334,172.31.40.0-255,66,171923,70,291441
38928,0.002347,172.217.194.0-255,4320,176243,70,291441
38929,0.00235,172.31.40.0-255,66,176309,70,291441
38930,0.002352,172.217.194.0-255,766,177075,70,291441
38931,0.002515,172.217.194.0-255,2902,179977,70,291441
38932,0.002518,172.31.40.0-255,66,180043,70,291441
38933,0.002534,172.217.194.0-255,1484,181527,70,291441
38934,0.002545,172.217.194.0-255,2902,184429,70,291441
38935,0.002548,172.31.40.0-255,66,184495,70,291441
38936,0.002575,172.217.194.0-255,9992,194487,70,291441
38937,0.002581,172.31.40.0-255,66,194553,70,291441
38938,0.002604,172.217.194.0-255,1484,196037,70,291441
38939,0.002617,172.31.40.0-255,66,196103,70,291441
38940,0.002643,172.217.194.0-255,7856,203959,70,291441
38941,0.002646,172.31.40.0-255,66,204025,70,291441
38942,0.00265,172.217.194.0-255,2902,206927,70,291441
38943,0.002652,172.31.40.0-255,66,206993,70,291441
38944,0.002671,172.217.194.0-255,7156,214149,70,291441
38945,0.002673,172.31.40.0-255,66,214215,70,291441
38946,0.0027,172.217.194.0-255,5738,219953,70,291441
38947,0.002703,172.31.40.0-255,66,220019,70,291441
38948,0.002734,172.217.194.0-255,4320,224339,70,291441
38949,0.002737,172.31.40.0-255,66,224405,70,291441
38950,0.002802,172.31.40.0-255,66,224471,70,291441
38951,0.002837,172.31.40.0-255,66,224537,70,291441
38952,0.00289,172.217.194.0-255,1484,226021,70,291441
38953,0.002906,172.217.194.0-255,2902,228923,70,291441
38954,0.002908,172.31.40.0-255,66,228989,70,291441
38955,0.002934,172.217.194.0-255,8574,237563,70,291441
38956,0.002936,172.31.40.0-255,66,237629,70,291441
38957,0.002957,172.217.194.0-255,7156,244785,70,291441
38958,0.002959,172.31.40.0-255,66,244851,70,291441
38959,0.002981,172.217.194.0-255,7156,252007,70,291441
38960,0.002983,172.31.40.0-255,66,252073,70,291441
38961,0.003008,172.217.194.0-255,3602,255675,70,291441
38962,0.00301,172.31.40.0-255,66,255741,70,291441
38963,0.003023,172.31.40.0-255,66,255807,70,291441
38964,0.003044,172.217.194.0-255,2902,258709,70,291441
38965,0.003046,172.31.40.0-255,66,258775,70,291441
38966,0.005436,172.217.194.0-255,2902,261677,70,291441
38967,0.005439,172.31.40.0-255,66,261743,70,291441
38968,0.005458,172.217.194.0-255,2902,264645,70,291441
38969,0.005461,172.31.40.0-255,66,264711,70,291441
38970,0.00786,172.217.194.0-255,5738,270449,70,291441
38971,0.007869,172.31.40.0-255,66,270515,70,291441
38972,0.010289,172.217.194.0-255,2902,273417,70,291441
38973,0.010296,172.31.40.0-255,66,273483,70,291441
38974,0.010315,172.217.194.0-255,2902,276385,70,291441
38975,0.010317,172.31.40.0-255,66,276451,70,291441
38976,0.01269,172.217.194.0-255,2902,279353,70,291441
38977,0.012697,172.31.40.0-255,66,279419,70,291441
38978,0.012719,172.217.194.0-255,2902,282321,70,291441
38979,0.012722,172.31.40.0-255,66,282387,70,291441
38980,0.015081,172.217.194.0-255,4622,287009,70,291441
38981,0.015087,172.31.40.0-255,66,287075,70,291441
38982,0.019153,172.31.40.0-255,105,287180,70,291441
38983,0.021521,172.217.194.0-255,66,287246,70,291441
38984,0.028489,172.31.40.0-255,172,287418,70,291441
38985,0.028521,172.31.40.0-255,1113,288531,70,291441
38986,0.028585,172.31.40.0-255,1514,290045,70,291441
38987,0.028587,172.31.40.0-255,1330,291375,70,291441
38988,0.030169,104.244.42.0-255,66,291441,70,291441
38989,0.0,74.125.24.0-255,152,152,70,297766
38990,2.5e-05,172.31.40.0-255,66,218,70,297766
38991,3.3e-05,74.125.24.0-255,1484,1702,70,297766
38992,3.7e-05,172.31.40.0-255,66,1768,70,297766
38993,4e-05,74.125.24.0-255,1484,3252,70,297766
38994,5.4e-05,172.31.40.0-255,66,3318,70,297766
38995,6.1e-05,74.125.24.0-255,4320,7638,70,297766
38996,6.4e-05,172.31.40.0-255,66,7704,70,297766
38997,6.9e-05,74.125.24.0-255,2902,10606,70,297766
38998,7.1e-05,172.31.40.0-255,66,10672,70,297766
38999,0.000116,74.125.24.0-255,7740,18412,70,297766
39000,0.000119,172.31.40.0-255,66,18478,70,297766
39001,0.000127,74.125.24.0-255,7156,25634,70,297766
39002,0.000129,172.31.40.0-255,66,25700,70,297766
39003,0.000139,74.125.24.0-255,4320,30020,70,297766
39004,0.000141,172.31.40.0-255,66,30086,70,297766
39005,0.000163,74.125.24.0-255,1125,31211,70,297766
39006,0.000169,172.31.40.0-255,66,31277,70,297766
39007,0.000211,74.125.24.0-255,1484,32761,70,297766
39008,0.000215,172.31.40.0-255,66,32827,70,297766
39009,0.000242,74.125.24.0-255,2902,35729,70,297766
39010,0.000244,172.31.40.0-255,66,35795,70,297766
39011,0.00025,74.125.24.0-255,4320,40115,70,297766
39012,0.000253,172.31.40.0-255,66,40181,70,297766
39013,0.000271,74.125.24.0-255,4320,44501,70,297766
39014,0.000273,172.31.40.0-255,66,44567,70,297766
39015,0.000306,74.125.24.0-255,5379,49946,70,297766
39016,0.000309,172.31.40.0-255,66,50012,70,297766
39017,0.000317,74.125.24.0-255,7156,57168,70,297766
39018,0.000319,172.31.40.0-255,66,57234,70,297766
39019,0.000379,74.125.24.0-255,4320,61554,70,297766
39020,0.000384,172.31.40.0-255,66,61620,70,297766
39021,0.000412,74.125.24.0-255,4551,66171,70,297766
39022,0.000415,172.31.40.0-255,66,66237,70,297766
39023,0.000459,74.125.24.0-255,1484,67721,70,297766
39024,0.000476,74.125.24.0-255,2902,70623,70,297766
39025,0.000478,172.31.40.0-255,66,70689,70,297766
39026,0.000507,74.125.24.0-255,4320,75009,70,297766
39027,0.00051,172.31.40.0-255,66,75075,70,297766
39028,0.000541,74.125.24.0-255,9633,84708,70,297766
39029,0.000544,172.31.40.0-255,66,84774,70,297766
39030,0.00055,74.125.24.0-255,5738,90512,70,297766
39031,0.000553,172.31.40.0-255,66,90578,70,297766
39032,0.000646,74.125.24.0-255,5738,96316,70,297766
39033,0.000651,172.31.40.0-255,66,96382,70,297766
39034,0.000672,74.125.24.0-255,3961,100343,70,297766
39035,0.000674,172.31.40.0-255,66,100409,70,297766
39036,0.00102,74.125.24.0-255,1484,101893,70,297766
39037,0.001028,74.125.24.0-255,2902,104795,70,297766
39038,0.001033,172.31.40.0-255,66,104861,70,297766
39039,0.001071,74.125.24.0-255,5738,110599,70,297766
39040,0.001074,172.31.40.0-255,66,110665,70,297766
39041,0.001077,74.125.24.0-255,1484,112149,70,297766
39042,0.001086,74.125.24.0-255,8574,120723,70,297766
39043,0.001088,172.31.40.0-255,66,120789,70,297766
39044,0.001122,74.125.24.0-255,7156,127945,70,297766
39045,0.001124,172.31.40.0-255,66,128011,70,297766
39046,0.001156,74.125.24.0-255,5738,133749,70,297766
39047,0.001159,172.31.40.0-255,66,133815,70,297766
39048,0.00118,74.125.24.0-255,766,134581,70,297766
39049,0.001912,74.125.24.0-255,1484,136065,70,297766
39050,0.001919,172.31.40.0-255,66,136131,70,297766
39051,0.001926,74.125.24.0-255,2902,139033,70,297766
39052,0.001928,172.31.40.0-255,66,139099,70,297766
39053,0.00194,74.125.24.0-255,5738,144837,70,297766
39054,0.001943,172.31.40.0-255,66,144903,70,297766
39055,0.001977,74.125.24.0-255,9992,154895,70,297766
39056,0.00198,172.31.40.0-255,66,154961,70,297766
39057,0.002008,172.31.40.0-255,66,155027,70,297766
39058,0.002012,74.125.24.0-255,2184,157211,70,297766
39059,0.002014,172.31.40.0-255,66,157277,70,297766
39060,0.002061,74.125.24.0-255,4320,161597,70,297766
39061,0.002064,172.31.40.0-255,66,161663,70,297766
39062,0.002122,74.125.24.0-255,4320,165983,70,297766
39063,0.002166,74.125.24.0-255,2184,168167,70,297766
39064,0.002274,74.125.24.0-255,1484,169651,70,297766
39065,0.002277,74.125.24.0-255,1484,171135,70,297766
39066,0.002318,172.31.40.0-255,66,171201,70,297766
39067,0.004592,74.125.24.0-255,5738,176939,70,297766
39068,0.0046,172.31.40.0-255,66,177005,70,297766
39069,0.00684,74.125.24.0-255,5738,182743,70,297766
39070,0.006847,172.31.40.0-255,66,182809,70,297766
39071,0.00909,74.125.24.0-255,1484,184293,70,297766
39072,0.009111,74.125.24.0-255,4320,188613,70,297766
39073,0.009114,172.31.40.0-255,66,188679,70,297766
39074,0.011376,74.125.24.0-255,5738,194417,70,297766
39075,0.011383,172.31.40.0-255,66,194483,70,297766
39076,0.013656,74.125.24.0-255,5738,200221,70,297766
39077,0.013664,172.31.40.0-255,66,200287,70,297766
39078,0.015921,74.125.24.0-255,5738,206025,70,297766
39079,0.015928,172.31.40.0-255,66,206091,70,297766
39080,0.018185,74.125.24.0-255,5738,211829,70,297766
39081,0.018192,172.31.40.0-255,66,211895,70,297766
39082,0.020449,74.125.24.0-255,5738,217633,70,297766
39083,0.020462,172.31.40.0-255,66,217699,70,297766
39084,0.022731,74.125.24.0-255,5738,223437,70,297766
39085,0.022738,172.31.40.0-255,66,223503,70,297766
39086,0.025038,74.125.24.0-255,5738,229241,70,297766
39087,0.025055,172.31.40.0-255,66,229307,70,297766
39088,0.027313,74.125.24.0-255,5738,235045,70,297766
39089,0.027328,172.31.40.0-255,66,235111,70,297766
39090,0.02961,74.125.24.0-255,5738,240849,70,297766
39091,0.029623,172.31.40.0-255,66,240915,70,297766
39092,0.031957,74.125.24.0-255,5738,246653,70,297766
39093,0.031969,172.31.40.0-255,66,246719,70,297766
39094,0.034232,74.125.24.0-255,5738,252457,70,297766
39095,0.034241,172.31.40.0-255,66,252523,70,297766
39096,0.036489,74.125.24.0-255,5738,258261,70,297766
39097,0.036502,172.31.40.0-255,66,258327,70,297766
39098,0.038772,74.125.24.0-255,5738,264065,70,297766
39099,0.038789,172.31.40.0-255,66,264131,70,297766
39100,0.041089,74.125.24.0-255,5738,269869,70,297766
39101,0.041097,172.31.40.0-255,66,269935,70,297766
39102,0.04335,74.125.24.0-255,5738,275673,70,297766
39103,0.043356,172.31.40.0-255,66,275739,70,297766
39104,0.045647,74.125.24.0-255,5738,281477,70,297766
39105,0.045658,172.31.40.0-255,66,281543,70,297766
39106,0.046059,172.31.40.0-255,172,281715,70,297766
39107,0.046092,172.31.40.0-255,1118,282833,70,297766
39108,0.046177,172.31.40.0-255,1514,284347,70,297766
39109,0.046179,172.31.40.0-255,1514,285861,70,297766
39110,0.046185,172.31.40.0-255,1514,287375,70,297766
39111,0.046186,172.31.40.0-255,1514,288889,70,297766
39112,0.046206,172.31.40.0-255,1514,290403,70,297766
39113,0.046207,172.31.40.0-255,1163,291566,70,297766
39114,0.047627,104.244.42.0-255,66,291632,70,297766
39115,0.047639,104.244.42.0-255,66,291698,70,297766
39116,0.047707,104.244.42.0-255,66,291764,70,297766
39117,0.047789,104.244.42.0-255,66,291830,70,297766
39118,0.047912,74.125.24.0-255,2902,294732,70,297766
39119,0.047919,172.31.40.0-255,66,294798,70,297766
39120,0.04795,74.125.24.0-255,2902,297700,70,297766
39121,0.047953,172.31.40.0-255,66,297766,70,297766
39122,0.0,74.125.24.0-255,152,152,70,250180
39123,2.3e-05,172.31.40.0-255,66,218,70,250180
39124,3e-05,74.125.24.0-255,1484,1702,70,250180
39125,3.5e-05,172.31.40.0-255,66,1768,70,250180
39126,4.8e-05,74.125.24.0-255,2902,4670,70,250180
39127,5.2e-05,172.31.40.0-255,66,4736,70,250180
39128,6e-05,74.125.24.0-255,7156,11892,70,250180
39129,6.4e-05,172.31.40.0-255,66,11958,70,250180
39130,7.1e-05,74.125.24.0-255,6278,18236,70,250180
39131,7.4e-05,172.31.40.0-255,66,18302,70,250180
39132,9.7e-05,74.125.24.0-255,1484,19786,70,250180
39133,0.0001,172.31.40.0-255,66,19852,70,250180
39134,0.00014,172.31.40.0-255,66,19918,70,250180
39135,0.000259,74.125.24.0-255,1484,21402,70,250180
39136,0.000263,172.31.40.0-255,66,21468,70,250180
39137,0.00028,74.125.24.0-255,2902,24370,70,250180
39138,0.000286,172.31.40.0-255,66,24436,70,250180
39139,0.000293,74.125.24.0-255,5738,30174,70,250180
39140,0.000296,172.31.40.0-255,66,30240,70,250180
39141,0.0003,74.125.24.0-255,2902,33142,70,250180
39142,0.000303,172.31.40.0-255,66,33208,70,250180
39143,0.000335,74.125.24.0-255,4320,37528,70,250180
39144,0.000337,172.31.40.0-255,66,37594,70,250180
39145,0.000345,74.125.24.0-255,8574,46168,70,250180
39146,0.000348,172.31.40.0-255,66,46234,70,250180
39147,0.000388,74.125.24.0-255,8148,54382,70,250180
39148,0.000391,172.31.40.0-255,66,54448,70,250180
39149,0.000466,74.125.24.0-255,132,54580,70,250180
39150,0.000471,172.31.40.0-255,66,54646,70,250180
39151,0.00052,74.125.24.0-255,350,54996,70,250180
39152,0.000523,172.31.40.0-255,66,55062,70,250180
39153,0.000605,74.125.24.0-255,1484,56546,70,250180
39154,0.000612,74.125.24.0-255,2902,59448,70,250180
39155,0.000617,172.31.40.0-255,66,59514,70,250180
39156,0.000648,74.125.24.0-255,5738,65252,70,250180
39157,0.000652,172.31.40.0-255,66,65318,70,250180
39158,0.000655,74.125.24.0-255,1484,66802,70,250180
39159,0.000698,74.125.24.0-255,2902,69704,70,250180
39160,0.000701,172.31.40.0-255,66,69770,70,250180
39161,0.000726,74.125.24.0-255,1994,71764,70,250180
39162,0.000729,172.31.40.0-255,66,71830,70,250180
39163,0.000876,74.125.24.0-255,1484,73314,70,250180
39164,0.00088,74.125.24.0-255,1484,74798,70,250180
39165,0.000884,172.31.40.0-255,66,74864,70,250180
39166,0.000913,74.125.24.0-255,1484,76348,70,250180
39167,0.000919,74.125.24.0-255,5738,82086,70,250180
39168,0.000922,172.31.40.0-255,66,82152,70,250180
39169,0.00098,172.31.40.0-255,66,82218,70,250180
39170,0.000986,74.125.24.0-255,4320,86538,70,250180
39171,0.000988,172.31.40.0-255,66,86604,70,250180
39172,0.001017,74.125.24.0-255,5738,92342,70,250180
39173,0.00102,172.31.40.0-255,66,92408,70,250180
39174,0.001022,74.125.24.0-255,766,93174,70,250180
39175,0.001702,172.31.40.0-255,66,93240,70,250180
39176,0.001891,74.125.24.0-255,1484,94724,70,250180
39177,0.001901,74.125.24.0-255,2902,97626,70,250180
39178,0.001905,172.31.40.0-255,66,97692,70,250180
39179,0.001913,74.125.24.0-255,5738,103430,70,250180
39180,0.001916,172.31.40.0-255,66,103496,70,250180
39181,0.001927,74.125.24.0-255,4320,107816,70,250180
39182,0.00193,172.31.40.0-255,66,107882,70,250180
39183,0.001961,74.125.24.0-255,4320,112202,70,250180
39184,0.001964,172.31.40.0-255,66,112268,70,250180
39185,0.001981,74.125.24.0-255,5738,118006,70,250180
39186,0.001988,172.31.40.0-255,66,118072,70,250180
39187,0.002013,74.125.24.0-255,9274,127346,70,250180
39188,0.002015,172.31.40.0-255,66,127412,70,250180
39189,0.004318,74.125.24.0-255,5738,133150,70,250180
39190,0.004325,172.31.40.0-255,66,133216,70,250180
39191,0.006635,74.125.24.0-255,2902,136118,70,250180
39192,0.006639,172.31.40.0-255,66,136184,70,250180
39193,0.006669,74.125.24.0-255,2902,139086,70,250180
39194,0.006672,172.31.40.0-255,66,139152,70,250180
39195,0.008968,74.125.24.0-255,5738,144890,70,250180
39196,0.008974,172.31.40.0-255,66,144956,70,250180
39197,0.011323,74.125.24.0-255,5738,150694,70,250180
39198,0.011331,172.31.40.0-255,66,150760,70,250180
39199,0.013663,74.125.24.0-255,5738,156498,70,250180
39200,0.013672,172.31.40.0-255,66,156564,70,250180
39201,0.015995,74.125.24.0-255,5738,162302,70,250180
39202,0.016003,172.31.40.0-255,66,162368,70,250180
39203,0.018363,74.125.24.0-255,5738,168106,70,250180
39204,0.018372,172.31.40.0-255,66,168172,70,250180
39205,0.02072,74.125.24.0-255,5738,173910,70,250180
39206,0.020729,172.31.40.0-255,66,173976,70,250180
39207,0.023041,74.125.24.0-255,5738,179714,70,250180
39208,0.023048,172.31.40.0-255,66,179780,70,250180
39209,0.025348,74.125.24.0-255,5738,185518,70,250180
39210,0.025353,172.31.40.0-255,66,185584,70,250180
39211,0.027656,74.125.24.0-255,5738,191322,70,250180
39212,0.02768,172.31.40.0-255,66,191388,70,250180
39213,0.030006,74.125.24.0-255,5738,197126,70,250180
39214,0.030014,172.31.40.0-255,66,197192,70,250180
39215,0.032347,74.125.24.0-255,5738,202930,70,250180
39216,0.032354,172.31.40.0-255,66,202996,70,250180
39217,0.034729,74.125.24.0-255,5738,208734,70,250180
39218,0.034742,172.31.40.0-255,66,208800,70,250180
39219,0.037055,74.125.24.0-255,5738,214538,70,250180
39220,0.037065,172.31.40.0-255,66,214604,70,250180
39221,0.039399,74.125.24.0-255,5738,220342,70,250180
39222,0.039408,172.31.40.0-255,66,220408,70,250180
39223,0.04176,74.125.24.0-255,5738,226146,70,250180
39224,0.04177,172.31.40.0-255,66,226212,70,250180
39225,0.044134,74.125.24.0-255,5738,231950,70,250180
39226,0.044145,172.31.40.0-255,66,232016,70,250180
39227,0.045842,172.31.40.0-255,172,232188,70,250180
39228,0.045868,172.31.40.0-255,1117,233305,70,250180
39229,0.045922,172.31.40.0-255,1514,234819,70,250180
39230,0.045924,172.31.40.0-255,1514,236333,70,250180
39231,0.045929,172.31.40.0-255,1514,237847,70,250180
39232,0.04593,172.31.40.0-255,395,238242,70,250180
39233,0.046454,74.125.24.0-255,5738,243980,70,250180
39234,0.046461,172.31.40.0-255,66,244046,70,250180
39235,0.047385,104.244.42.0-255,66,244112,70,250180
39236,0.047392,104.244.42.0-255,66,244178,70,250180
39237,0.047495,104.244.42.0-255,66,244244,70,250180
39238,0.047499,104.244.42.0-255,66,244310,70,250180
39239,0.04876,74.125.24.0-255,4320,248630,70,250180
39240,0.048764,172.31.40.0-255,66,248696,70,250180
39241,0.048799,74.125.24.0-255,1484,250180,70,250180
39242,0.0,74.125.68.0-255,296,296,70,376043
39243,2.2e-05,172.31.40.0-255,66,362,70,376043
39244,2.9e-05,74.125.68.0-255,1484,1846,70,376043
39245,3.3e-05,172.31.40.0-255,66,1912,70,376043
39246,4.1e-05,74.125.68.0-255,4320,6232,70,376043
39247,4.5e-05,172.31.40.0-255,66,6298,70,376043
39248,5e-05,74.125.68.0-255,4320,10618,70,376043
39249,5.4e-05,172.31.40.0-255,66,10684,70,376043
39250,8.3e-05,74.125.68.0-255,4661,15345,70,376043
39251,8.6e-05,172.31.40.0-255,66,15411,70,376043
39252,9.5e-05,74.125.68.0-255,9992,25403,70,376043
39253,9.8e-05,172.31.40.0-255,66,25469,70,376043
39254,0.000101,74.125.68.0-255,1484,26953,70,376043
39255,0.000103,172.31.40.0-255,66,27019,70,376043
39256,0.000126,74.125.68.0-255,3961,30980,70,376043
39257,0.000128,172.31.40.0-255,66,31046,70,376043
39258,0.000252,74.125.68.0-255,1484,32530,70,376043
39259,0.000255,172.31.40.0-255,66,32596,70,376043
39260,0.000261,74.125.68.0-255,2902,35498,70,376043
39261,0.000264,172.31.40.0-255,66,35564,70,376043
39262,0.000305,74.125.68.0-255,5738,41302,70,376043
39263,0.000307,172.31.40.0-255,66,41368,70,376043
39264,0.000312,74.125.68.0-255,2902,44270,70,376043
39265,0.000314,172.31.40.0-255,66,44336,70,376043
39266,0.000321,74.125.68.0-255,4320,48656,70,376043
39267,0.000324,172.31.40.0-255,66,48722,70,376043
39268,0.00035,74.125.68.0-255,4320,53042,70,376043
39269,0.000353,172.31.40.0-255,66,53108,70,376043
39270,0.000367,74.125.68.0-255,4320,57428,70,376043
39271,0.000369,172.31.40.0-255,66,57494,70,376043
39272,0.000372,74.125.68.0-255,1484,58978,70,376043
39273,0.000374,172.31.40.0-255,66,59044,70,376043
39274,0.000417,74.125.68.0-255,4320,63364,70,376043
39275,0.00042,172.31.40.0-255,66,63430,70,376043
39276,0.000464,74.125.68.0-255,2184,65614,70,376043
39277,0.000467,172.31.40.0-255,66,65680,70,376043
39278,0.000492,74.125.68.0-255,421,66101,70,376043
39279,0.000545,74.125.68.0-255,1484,67585,70,376043
39280,0.000548,172.31.40.0-255,66,67651,70,376043
39281,0.000563,74.125.68.0-255,2902,70553,70,376043
39282,0.000566,172.31.40.0-255,66,70619,70,376043
39283,0.000611,74.125.68.0-255,1484,72103,70,376043
39284,0.000632,74.125.68.0-255,2902,75005,70,376043
39285,0.000635,172.31.40.0-255,66,75071,70,376043
39286,0.00064,74.125.68.0-255,2902,77973,70,376043
39287,0.000642,172.31.40.0-255,66,78039,70,376043
39288,0.000662,74.125.68.0-255,2902,80941,70,376043
39289,0.000665,172.31.40.0-255,66,81007,70,376043
39290,0.000668,74.125.68.0-255,1484,82491,70,376043
39291,0.0007,74.125.68.0-255,2902,85393,70,376043
39292,0.000703,172.31.40.0-255,66,85459,70,376043
39293,0.000706,74.125.68.0-255,1484,86943,70,376043
39294,0.000725,74.125.68.0-255,4320,91263,70,376043
39295,0.000727,74.125.68.0-255,1484,92747,70,376043
39296,0.000732,172.31.40.0-255,66,92813,70,376043
39297,0.000749,74.125.68.0-255,5738,98551,70,376043
39298,0.000752,172.31.40.0-255,66,98617,70,376043
39299,0.000782,74.125.68.0-255,2184,100801,70,376043
39300,0.000786,172.31.40.0-255,66,100867,70,376043
39301,0.001146,74.125.68.0-255,1484,102351,70,376043
39302,0.001167,74.125.68.0-255,2902,105253,70,376043
39303,0.00117,172.31.40.0-255,66,105319,70,376043
39304,0.001174,74.125.68.0-255,1484,106803,70,376043
39305,0.001179,74.125.68.0-255,2902,109705,70,376043
39306,0.001181,172.31.40.0-255,66,109771,70,376043
39307,0.001212,74.125.68.0-255,5738,115509,70,376043
39308,0.001215,172.31.40.0-255,66,115575,70,376043
39309,0.001231,74.125.68.0-255,5738,121313,70,376043
39310,0.001234,172.31.40.0-255,66,121379,70,376043
39311,0.001245,74.125.68.0-255,1484,122863,70,376043
39312,0.001265,74.125.68.0-255,8574,131437,70,376043
39313,0.001267,172.31.40.0-255,66,131503,70,376043
39314,0.001273,74.125.68.0-255,3602,135105,70,376043
39315,0.001275,172.31.40.0-255,66,135171,70,376043
39316,0.001384,74.125.68.0-255,1484,136655,70,376043
39317,0.001391,74.125.68.0-255,2902,139557,70,376043
39318,0.001394,172.31.40.0-255,66,139623,70,376043
39319,0.001419,74.125.68.0-255,5738,145361,70,376043
39320,0.001421,172.31.40.0-255,66,145427,70,376043
39321,0.001427,74.125.68.0-255,4320,149747,70,376043
39322,0.001429,172.31.40.0-255,66,149813,70,376043
39323,0.001448,74.125.68.0-255,5738,155551,70,376043
39324,0.00145,172.31.40.0-255,66,155617,70,376043
39325,0.00147,74.125.68.0-255,5738,161355,70,376043
39326,0.001472,172.31.40.0-255,66,161421,70,376043
39327,0.001488,74.125.68.0-255,5738,167159,70,376043
39328,0.001491,172.31.40.0-255,66,167225,70,376043
39329,0.001494,74.125.68.0-255,1484,168709,70,376043
39330,0.001513,74.125.68.0-255,766,169475,70,376043
39331,0.001515,172.31.40.0-255,66,169541,70,376043
39332,0.00157,74.125.68.0-255,1484,171025,70,376043
39333,0.001584,74.125.68.0-255,2902,173927,70,376043
39334,0.001588,172.31.40.0-255,66,173993,70,376043
39335,0.001609,74.125.68.0-255,5738,179731,70,376043
39336,0.001611,172.31.40.0-255,66,179797,70,376043
39337,0.001669,74.125.68.0-255,4320,184117,70,376043
39338,0.001672,172.31.40.0-255,66,184183,70,376043
39339,0.001687,74.125.68.0-255,7156,191339,70,376043
39340,0.00169,172.31.40.0-255,66,191405,70,376043
39341,0.001704,172.31.40.0-255,66,191471,70,376043
39342,0.001706,74.125.68.0-255,1484,192955,70,376043
39343,0.001711,74.125.68.0-255,2902,195857,70,376043
39344,0.001713,172.31.40.0-255,66,195923,70,376043
39345,0.00172,74.125.68.0-255,5738,201661,70,376043
39346,0.001722,172.31.40.0-255,66,201727,70,376043
39347,0.001759,74.125.68.0-255,8574,210301,70,376043
39348,0.001762,172.31.40.0-255,66,210367,70,376043
39349,0.001772,74.125.68.0-255,9992,220359,70,376043
39350,0.001774,172.31.40.0-255,66,220425,70,376043
39351,0.001803,74.125.68.0-255,5020,225445,70,376043
39352,0.001806,172.31.40.0-255,66,225511,70,376043
39353,0.00181,74.125.68.0-255,2902,228413,70,376043
39354,0.001813,172.31.40.0-255,66,228479,70,376043
39355,0.001828,74.125.68.0-255,2902,231381,70,376043
39356,0.001831,172.31.40.0-255,66,231447,70,376043
39357,0.001837,74.125.68.0-255,5738,237185,70,376043
39358,0.001839,172.31.40.0-255,66,237251,70,376043
39359,0.001874,74.125.68.0-255,7156,244407,70,376043
39360,0.001878,74.125.68.0-255,2902,247309,70,376043
39361,0.001884,172.31.40.0-255,66,247375,70,376043
39362,0.001891,172.31.40.0-255,66,247441,70,376043
39363,0.001898,74.125.68.0-255,4320,251761,70,376043
39364,0.0019,172.31.40.0-255,66,251827,70,376043
39365,0.001944,74.125.68.0-255,7856,259683,70,376043
39366,0.001948,172.31.40.0-255,66,259749,70,376043
39367,0.001975,74.125.68.0-255,8574,268323,70,376043
39368,0.001979,172.31.40.0-255,66,268389,70,376043
39369,0.002013,74.125.68.0-255,8574,276963,70,376043
39370,0.002016,172.31.40.0-255,66,277029,70,376043
39371,0.002019,74.125.68.0-255,1484,278513,70,376043
39372,0.002045,74.125.68.0-255,8574,287087,70,376043
39373,0.002048,172.31.40.0-255,66,287153,70,376043
39374,0.002053,74.125.68.0-255,4320,291473,70,376043
39375,0.002055,172.31.40.0-255,66,291539,70,376043
39376,0.002099,74.125.68.0-255,7156,298695,70,376043
39377,0.002102,172.31.40.0-255,66,298761,70,376043
39378,0.002128,74.125.68.0-255,7856,306617,70,376043
39379,0.002131,172.31.40.0-255,66,306683,70,376043
39380,0.002141,74.125.68.0-255,9992,316675,70,376043
39381,0.002144,172.31.40.0-255,66,316741,70,376043
39382,0.002162,74.125.68.0-255,5738,322479,70,376043
39383,0.002164,172.31.40.0-255,66,322545,70,376043
39384,0.00217,74.125.68.0-255,5020,327565,70,376043
39385,0.002172,172.31.40.0-255,66,327631,70,376043
39386,0.002205,74.125.68.0-255,7156,334787,70,376043
39387,0.002209,172.31.40.0-255,66,334853,70,376043
39388,0.002234,74.125.68.0-255,7156,342009,70,376043
39389,0.002237,172.31.40.0-255,66,342075,70,376043
39390,0.002285,172.31.40.0-255,66,342141,70,376043
39391,0.002304,74.125.68.0-255,1484,343625,70,376043
39392,0.002309,74.125.68.0-255,3602,347227,70,376043
39393,0.002311,172.31.40.0-255,66,347293,70,376043
39394,0.004552,74.125.68.0-255,5738,353031,70,376043
39395,0.00456,172.31.40.0-255,66,353097,70,376043
39396,0.006805,74.125.68.0-255,5738,358835,70,376043
39397,0.006812,172.31.40.0-255,66,358901,70,376043
39398,0.009066,74.125.68.0-255,5738,364639,70,376043
39399,0.009073,172.31.40.0-255,66,364705,70,376043
39400,0.011334,74.125.68.0-255,5738,370443,70,376043
39401,0.011341,172.31.40.0-255,66,370509,70,376043
39402,0.013577,74.125.68.0-255,3243,373752,70,376043
39403,0.013585,172.31.40.0-255,66,373818,70,376043
39404,0.013798,172.31.40.0-255,105,373923,70,376043
39405,0.016004,74.125.68.0-255,66,373989,70,376043
39406,0.036744,172.31.40.0-255,172,374161,70,376043
39407,0.036786,172.31.40.0-255,1117,375278,70,376043
39408,0.036859,172.31.40.0-255,567,375845,70,376043
39409,0.038272,104.244.42.0-255,66,375911,70,376043
39410,0.038306,104.244.42.0-255,66,375977,70,376043
39411,0.038355,104.244.42.0-255,66,376043,70,376043
39412,0.0,172.217.24.0-255,155,155,70,293962
39413,1.6e-05,172.31.40.0-255,66,221,70,293962
39414,2.3e-05,172.217.24.0-255,1484,1705,70,293962
39415,2.8e-05,172.31.40.0-255,66,1771,70,293962
39416,3.3e-05,172.217.24.0-255,2902,4673,70,293962
39417,3.6e-05,172.31.40.0-255,66,4739,70,293962
39418,4.4e-05,172.217.24.0-255,7156,11895,70,293962
39419,4.6e-05,172.31.40.0-255,66,11961,70,293962
39420,5e-05,172.217.24.0-255,2108,14069,70,293962
39421,5.2e-05,172.31.40.0-255,66,14135,70,293962
39422,0.000228,172.217.24.0-255,1484,15619,70,293962
39423,0.000234,172.31.40.0-255,66,15685,70,293962
39424,0.00024,172.217.24.0-255,2902,18587,70,293962
39425,0.000243,172.31.40.0-255,66,18653,70,293962
39426,0.000247,172.217.24.0-255,2902,21555,70,293962
39427,0.000249,172.31.40.0-255,66,21621,70,293962
39428,0.000254,172.217.24.0-255,4320,25941,70,293962
39429,0.000256,172.31.40.0-255,66,26007,70,293962
39430,0.00028,172.217.24.0-255,1484,27491,70,293962
39431,0.000282,172.31.40.0-255,66,27557,70,293962
39432,0.000302,172.217.24.0-255,8215,35772,70,293962
39433,0.000305,172.31.40.0-255,66,35838,70,293962
39434,0.000308,172.217.24.0-255,1484,37322,70,293962
39435,0.00031,172.31.40.0-255,66,37388,70,293962
39436,0.000342,172.31.40.0-255,66,37454,70,293962
39437,0.000384,172.31.40.0-255,66,37520,70,293962
39438,0.000386,172.217.24.0-255,355,37875,70,293962
39439,0.000388,172.31.40.0-255,66,37941,70,293962
39440,0.000989,172.217.24.0-255,135,38076,70,293962
39441,0.000994,172.31.40.0-255,66,38142,70,293962
39442,0.001192,172.217.24.0-255,1484,39626,70,293962
39443,0.001203,172.217.24.0-255,2902,42528,70,293962
39444,0.001207,172.31.40.0-255,66,42594,70,293962
39445,0.001215,172.217.24.0-255,5738,48332,70,293962
39446,0.001217,172.31.40.0-255,66,48398,70,293962
39447,0.001237,172.217.24.0-255,4320,52718,70,293962
39448,0.00124,172.31.40.0-255,66,52784,70,293962
39449,0.00127,172.217.24.0-255,8574,61358,70,293962
39450,0.001274,172.31.40.0-255,66,61424,70,293962
39451,0.001282,172.217.24.0-255,8574,69998,70,293962
39452,0.001284,172.31.40.0-255,66,70064,70,293962
39453,0.001306,172.217.24.0-255,2184,72248,70,293962
39454,0.001309,172.31.40.0-255,66,72314,70,293962
39455,0.001375,172.217.24.0-255,1484,73798,70,293962
39456,0.00138,172.217.24.0-255,2902,76700,70,293962
39457,0.001383,172.31.40.0-255,66,76766,70,293962
39458,0.001389,172.217.24.0-255,2902,79668,70,293962
39459,0.001391,172.31.40.0-255,66,79734,70,293962
39460,0.001396,172.217.24.0-255,4320,84054,70,293962
39461,0.001398,172.31.40.0-255,66,84120,70,293962
39462,0.001406,172.217.24.0-255,8574,92694,70,293962
39463,0.001408,172.31.40.0-255,66,92760,70,293962
39464,0.001448,172.31.40.0-255,66,92826,70,293962
39465,0.0015,172.217.24.0-255,1484,94310,70,293962
39466,0.001507,172.217.24.0-255,2902,97212,70,293962
39467,0.00151,172.31.40.0-255,66,97278,70,293962
39468,0.001516,172.217.24.0-255,5738,103016,70,293962
39469,0.001518,172.31.40.0-255,66,103082,70,293962
39470,0.001524,172.217.24.0-255,5738,108820,70,293962
39471,0.001526,172.31.40.0-255,66,108886,70,293962
39472,0.001534,172.217.24.0-255,7156,116042,70,293962
39473,0.001536,172.31.40.0-255,66,116108,70,293962
39474,0.001573,172.217.24.0-255,4320,120428,70,293962
39475,0.001576,172.31.40.0-255,66,120494,70,293962
39476,0.001594,172.217.24.0-255,6438,126932,70,293962
39477,0.001597,172.31.40.0-255,66,126998,70,293962
39478,0.001777,172.217.24.0-255,1484,128482,70,293962
39479,0.001784,172.217.24.0-255,2902,131384,70,293962
39480,0.001788,172.31.40.0-255,66,131450,70,293962
39481,0.001796,172.217.24.0-255,5738,137188,70,293962
39482,0.001798,172.31.40.0-255,66,137254,70,293962
39483,0.001825,172.217.24.0-255,9992,147246,70,293962
39484,0.001828,172.31.40.0-255,66,147312,70,293962
39485,0.001849,172.217.24.0-255,1484,148796,70,293962
39486,0.001863,172.31.40.0-255,66,148862,70,293962
39487,0.003748,172.217.24.0-255,5738,154600,70,293962
39488,0.003754,172.31.40.0-255,66,154666,70,293962
39489,0.005644,172.217.24.0-255,5738,160404,70,293962
39490,0.00565,172.31.40.0-255,66,160470,70,293962
39491,0.007596,172.217.24.0-255,5738,166208,70,293962
39492,0.007601,172.31.40.0-255,66,166274,70,293962
39493,0.009493,172.217.24.0-255,5738,172012,70,293962
39494,0.0095,172.31.40.0-255,66,172078,70,293962
39495,0.011393,172.217.24.0-255,5738,177816,70,293962
39496,0.0114,172.31.40.0-255,66,177882,70,293962
39497,0.013311,172.217.24.0-255,5738,183620,70,293962
39498,0.013319,172.31.40.0-255,66,183686,70,293962
39499,0.015216,172.217.24.0-255,5738,189424,70,293962
39500,0.015224,172.31.40.0-255,66,189490,70,293962
39501,0.017117,172.217.24.0-255,5738,195228,70,293962
39502,0.017124,172.31.40.0-255,66,195294,70,293962
39503,0.019019,172.217.24.0-255,5738,201032,70,293962
39504,0.019027,172.31.40.0-255,66,201098,70,293962
39505,0.020939,172.217.24.0-255,5738,206836,70,293962
39506,0.020955,172.31.40.0-255,66,206902,70,293962
39507,0.022865,172.217.24.0-255,5738,212640,70,293962
39508,0.022879,172.31.40.0-255,66,212706,70,293962
39509,0.024799,172.217.24.0-255,5738,218444,70,293962
39510,0.024812,172.31.40.0-255,66,218510,70,293962
39511,0.026711,172.217.24.0-255,5738,224248,70,293962
39512,0.026721,172.31.40.0-255,66,224314,70,293962
39513,0.028618,172.217.24.0-255,5738,230052,70,293962
39514,0.028629,172.31.40.0-255,66,230118,70,293962
39515,0.030523,172.217.24.0-255,5738,235856,70,293962
39516,0.030535,172.31.40.0-255,66,235922,70,293962
39517,0.032433,172.217.24.0-255,5738,241660,70,293962
39518,0.03244,172.31.40.0-255,66,241726,70,293962
39519,0.034331,172.217.24.0-255,5738,247464,70,293962
39520,0.034338,172.31.40.0-255,66,247530,70,293962
39521,0.036234,172.217.24.0-255,5738,253268,70,293962
39522,0.036242,172.31.40.0-255,66,253334,70,293962
39523,0.038135,172.217.24.0-255,5738,259072,70,293962
39524,0.038142,172.31.40.0-255,66,259138,70,293962
39525,0.040091,172.217.24.0-255,5738,264876,70,293962
39526,0.040106,172.31.40.0-255,66,264942,70,293962
39527,0.042005,172.217.24.0-255,5738,270680,70,293962
39528,0.042019,172.31.40.0-255,66,270746,70,293962
39529,0.043916,172.217.24.0-255,5738,276484,70,293962
39530,0.04393,172.31.40.0-255,66,276550,70,293962
39531,0.045828,172.217.24.0-255,5738,282288,70,293962
39532,0.045835,172.31.40.0-255,66,282354,70,293962
39533,0.047741,172.217.24.0-255,5738,288092,70,293962
39534,0.047752,172.31.40.0-255,66,288158,70,293962
39535,0.049645,172.217.24.0-255,5738,293896,70,293962
39536,0.049655,172.31.40.0-255,66,293962,70,293962
39537,0.0,74.125.24.0-255,296,296,70,248054
39538,1.8e-05,172.31.40.0-255,66,362,70,248054
39539,2.5e-05,74.125.24.0-255,1484,1846,70,248054
39540,2.9e-05,172.31.40.0-255,66,1912,70,248054
39541,3.5e-05,74.125.24.0-255,4320,6232,70,248054
39542,3.8e-05,172.31.40.0-255,66,6298,70,248054
39543,4.3e-05,74.125.24.0-255,4320,10618,70,248054
39544,4.6e-05,172.31.40.0-255,66,10684,70,248054
39545,8e-05,74.125.24.0-255,10383,21067,70,248054
39546,8.3e-05,172.31.40.0-255,66,21133,70,248054
39547,9.2e-05,74.125.24.0-255,9633,30766,70,248054
39548,9.5e-05,172.31.40.0-255,66,30832,70,248054
39549,0.000254,74.125.24.0-255,1484,32316,70,248054
39550,0.000259,172.31.40.0-255,66,32382,70,248054
39551,0.000265,74.125.24.0-255,2902,35284,70,248054
39552,0.000267,172.31.40.0-255,66,35350,70,248054
39553,0.000299,74.125.24.0-255,5738,41088,70,248054
39554,0.000302,172.31.40.0-255,66,41154,70,248054
39555,0.000309,74.125.24.0-255,6797,47951,70,248054
39556,0.000311,172.31.40.0-255,66,48017,70,248054
39557,0.00034,74.125.24.0-255,7156,55173,70,248054
39558,0.000342,172.31.40.0-255,66,55239,70,248054
39559,0.000363,74.125.24.0-255,2902,58141,70,248054
39560,0.000365,172.31.40.0-255,66,58207,70,248054
39561,0.000385,74.125.24.0-255,4320,62527,70,248054
39562,0.000387,172.31.40.0-255,66,62593,70,248054
39563,0.000406,74.125.24.0-255,2821,65414,70,248054
39564,0.000409,172.31.40.0-255,66,65480,70,248054
39565,0.000412,74.125.24.0-255,126,65606,70,248054
39566,0.000414,172.31.40.0-255,66,65672,70,248054
39567,0.000511,74.125.24.0-255,1484,67156,70,248054
39568,0.000515,172.31.40.0-255,66,67222,70,248054
39569,0.000519,74.125.24.0-255,1484,68706,70,248054
39570,0.000533,74.125.24.0-255,1484,70190,70,248054
39571,0.000535,172.31.40.0-255,66,70256,70,248054
39572,0.000555,74.125.24.0-255,4320,74576,70,248054
39573,0.000558,172.31.40.0-255,66,74642,70,248054
39574,0.000576,74.125.24.0-255,1484,76126,70,248054
39575,0.000596,74.125.24.0-255,4320,80446,70,248054
39576,0.000599,172.31.40.0-255,66,80512,70,248054
39577,0.000604,74.125.24.0-255,2543,83055,70,248054
39578,0.000606,172.31.40.0-255,66,83121,70,248054
39579,0.000633,74.125.24.0-255,9992,93113,70,248054
39580,0.000636,172.31.40.0-255,66,93179,70,248054
39581,0.000642,74.125.24.0-255,4320,97499,70,248054
39582,0.000644,172.31.40.0-255,66,97565,70,248054
39583,0.00066,74.125.24.0-255,2543,100108,70,248054
39584,0.000662,172.31.40.0-255,66,100174,70,248054
39585,0.000876,74.125.24.0-255,1484,101658,70,248054
39586,0.00088,74.125.24.0-255,1484,103142,70,248054
39587,0.000883,172.31.40.0-255,66,103208,70,248054
39588,0.000902,74.125.24.0-255,1484,104692,70,248054
39589,0.00091,74.125.24.0-255,5738,110430,70,248054
39590,0.000913,172.31.40.0-255,66,110496,70,248054
39591,0.000959,172.31.40.0-255,66,110562,70,248054
39592,0.000968,74.125.24.0-255,8574,119136,70,248054
39593,0.000971,172.31.40.0-255,66,119202,70,248054
39594,0.000996,74.125.24.0-255,2184,121386,70,248054
39595,0.000999,172.31.40.0-255,66,121452,70,248054
39596,0.001231,74.125.24.0-255,1484,122936,70,248054
39597,0.001235,74.125.24.0-255,1484,124420,70,248054
39598,0.001238,172.31.40.0-255,66,124486,70,248054
39599,0.001258,74.125.24.0-255,1484,125970,70,248054
39600,0.001265,74.125.24.0-255,5738,131708,70,248054
39601,0.001268,172.31.40.0-255,66,131774,70,248054
39602,0.001315,172.31.40.0-255,66,131840,70,248054
39603,0.001323,74.125.24.0-255,7156,138996,70,248054
39604,0.001326,172.31.40.0-255,66,139062,70,248054
39605,0.001382,74.125.24.0-255,3602,142664,70,248054
39606,0.001385,172.31.40.0-255,66,142730,70,248054
39607,0.001524,74.125.24.0-255,1484,144214,70,248054
39608,0.001529,74.125.24.0-255,2902,147116,70,248054
39609,0.001533,172.31.40.0-255,66,147182,70,248054
39610,0.001558,74.125.24.0-255,5738,152920,70,248054
39611,0.001561,172.31.40.0-255,66,152986,70,248054
39612,0.001566,74.125.24.0-255,2902,155888,70,248054
39613,0.001569,172.31.40.0-255,66,155954,70,248054
39614,0.001601,74.125.24.0-255,4320,160274,70,248054
39615,0.001604,172.31.40.0-255,66,160340,70,248054
39616,0.001613,74.125.24.0-255,8574,168914,70,248054
39617,0.001615,172.31.40.0-255,66,168980,70,248054
39618,0.00162,74.125.24.0-255,4320,173300,70,248054
39619,0.001622,172.31.40.0-255,66,173366,70,248054
39620,0.001645,74.125.24.0-255,3602,176968,70,248054
39621,0.001648,172.31.40.0-255,66,177034,70,248054
39622,0.001714,74.125.24.0-255,1484,178518,70,248054
39623,0.001727,74.125.24.0-255,2902,181420,70,248054
39624,0.00173,172.31.40.0-255,66,181486,70,248054
39625,0.001736,74.125.24.0-255,4320,185806,70,248054
39626,0.001739,172.31.40.0-255,66,185872,70,248054
39627,0.00175,74.125.24.0-255,1484,187356,70,248054
39628,0.001756,74.125.24.0-255,4320,191676,70,248054
39629,0.001758,172.31.40.0-255,66,191742,70,248054
39630,0.00179,74.125.24.0-255,8574,200316,70,248054
39631,0.001793,172.31.40.0-255,66,200382,70,248054
39632,0.001796,74.125.24.0-255,1484,201866,70,248054
39633,0.001815,74.125.24.0-255,7156,209022,70,248054
39634,0.001818,172.31.40.0-255,66,209088,70,248054
39635,0.001834,74.125.24.0-255,9274,218362,70,248054
39636,0.001837,172.31.40.0-255,66,218428,70,248054
39637,0.001845,74.125.24.0-255,8574,227002,70,248054
39638,0.001847,172.31.40.0-255,66,227068,70,248054
39639,0.001901,74.125.24.0-255,8574,235642,70,248054
39640,0.001905,172.31.40.0-255,66,235708,70,248054
39641,0.001947,74.125.24.0-255,5738,241446,70,248054
39642,0.001951,172.31.40.0-255,66,241512,70,248054
39643,0.001954,172.31.40.0-255,66,241578,70,248054
39644,0.001996,172.31.40.0-255,66,241644,70,248054
39645,0.002019,172.31.40.0-255,66,241710,70,248054
39646,0.002038,74.125.24.0-255,5738,247448,70,248054
39647,0.002041,172.31.40.0-255,66,247514,70,248054
39648,0.00207,172.31.40.0-255,66,247580,70,248054
39649,0.002151,172.31.40.0-255,66,247646,70,248054
39650,0.002166,172.31.40.0-255,66,247712,70,248054
39651,0.002169,74.125.24.0-255,105,247817,70,248054
39652,0.004401,172.31.40.0-255,66,247883,70,248054
39653,0.004438,172.31.40.0-255,105,247988,70,248054
39654,0.006668,74.125.24.0-255,66,248054,70,248054
39655,0.0,172.217.194.0-255,150,150,70,246931
39656,1.7e-05,172.31.40.0-255,66,216,70,246931
39657,2.5e-05,172.217.194.0-255,1484,1700,70,246931
39658,2.9e-05,172.31.40.0-255,66,1766,70,246931
39659,3.5e-05,172.217.194.0-255,2902,4668,70,246931
39660,4.5e-05,172.31.40.0-255,66,4734,70,246931
39661,5.3e-05,172.217.194.0-255,7156,11890,70,246931
39662,5.7e-05,172.31.40.0-255,66,11956,70,246931
39663,6e-05,172.217.194.0-255,1484,13440,70,246931
39664,6.2e-05,172.31.40.0-255,66,13506,70,246931
39665,6.6e-05,172.217.194.0-255,715,14221,70,246931
39666,6.8e-05,172.31.40.0-255,66,14287,70,246931
39667,0.000135,172.217.194.0-255,1484,15771,70,246931
39668,0.000137,172.31.40.0-255,66,15837,70,246931
39669,0.000141,172.217.194.0-255,1484,17321,70,246931
39670,0.000143,172.31.40.0-255,66,17387,70,246931
39671,0.00017,172.217.194.0-255,1484,18871,70,246931
39672,0.000172,172.31.40.0-255,66,18937,70,246931
39673,0.000179,172.217.194.0-255,5738,24675,70,246931
39674,0.000181,172.31.40.0-255,66,24741,70,246931
39675,0.000219,172.31.40.0-255,66,24807,70,246931
39676,0.000229,172.217.194.0-255,9633,34440,70,246931
39677,0.000231,172.31.40.0-255,66,34506,70,246931
39678,0.000301,172.217.194.0-255,1484,35990,70,246931
39679,0.000304,172.31.40.0-255,66,36056,70,246931
39680,0.000309,172.217.194.0-255,2902,38958,70,246931
39681,0.000311,172.31.40.0-255,66,39024,70,246931
39682,0.000343,172.217.194.0-255,5738,44762,70,246931
39683,0.000345,172.31.40.0-255,66,44828,70,246931
39684,0.000379,172.217.194.0-255,6797,51625,70,246931
39685,0.000382,172.31.40.0-255,66,51691,70,246931
39686,0.000602,172.217.194.0-255,347,52038,70,246931
39687,0.00063,172.217.194.0-255,1484,53522,70,246931
39688,0.000634,172.31.40.0-255,66,53588,70,246931
39689,0.00064,172.217.194.0-255,4320,57908,70,246931
39690,0.000643,172.31.40.0-255,66,57974,70,246931
39691,0.000663,172.217.194.0-255,2902,60876,70,246931
39692,0.000666,172.31.40.0-255,66,60942,70,246931
39693,0.000695,172.217.194.0-255,7156,68098,70,246931
39694,0.000698,172.31.40.0-255,66,68164,70,246931
39695,0.000701,172.217.194.0-255,1434,69598,70,246931
39696,0.000815,172.217.194.0-255,1484,71082,70,246931
39697,0.00082,172.217.194.0-255,2902,73984,70,246931
39698,0.000825,172.31.40.0-255,66,74050,70,246931
39699,0.000829,172.31.40.0-255,66,74116,70,246931
39700,0.000856,172.217.194.0-255,5738,79854,70,246931
39701,0.000859,172.31.40.0-255,66,79920,70,246931
39702,0.000889,172.217.194.0-255,6797,86717,70,246931
39703,0.000892,172.31.40.0-255,66,86783,70,246931
39704,0.002137,172.217.194.0-255,1484,88267,70,246931
39705,0.002148,172.217.194.0-255,2902,91169,70,246931
39706,0.002153,172.31.40.0-255,66,91235,70,246931
39707,0.002159,172.217.194.0-255,2902,94137,70,246931
39708,0.002161,172.31.40.0-255,66,94203,70,246931
39709,0.002189,172.217.194.0-255,2902,97105,70,246931
39710,0.002191,172.31.40.0-255,66,97171,70,246931
39711,0.002196,172.217.194.0-255,4320,101491,70,246931
39712,0.002198,172.31.40.0-255,66,101557,70,246931
39713,0.002237,172.217.194.0-255,8574,110131,70,246931
39714,0.00224,172.31.40.0-255,66,110197,70,246931
39715,0.002249,172.217.194.0-255,9992,120189,70,246931
39716,0.002255,172.31.40.0-255,66,120255,70,246931
39717,0.002258,172.217.194.0-255,766,121021,70,246931
39718,0.004507,172.217.194.0-255,4320,125341,70,246931
39719,0.004511,172.31.40.0-255,66,125407,70,246931
39720,0.006748,172.217.194.0-255,5738,131145,70,246931
39721,0.006754,172.31.40.0-255,66,131211,70,246931
39722,0.00898,172.217.194.0-255,5738,136949,70,246931
39723,0.008986,172.31.40.0-255,66,137015,70,246931
39724,0.01123,172.217.194.0-255,5738,142753,70,246931
39725,0.011239,172.31.40.0-255,66,142819,70,246931
39726,0.013456,172.217.194.0-255,5738,148557,70,246931
39727,0.013464,172.31.40.0-255,66,148623,70,246931
39728,0.015711,172.217.194.0-255,5738,154361,70,246931
39729,0.015723,172.31.40.0-255,66,154427,70,246931
39730,0.017965,172.217.194.0-255,5738,160165,70,246931
39731,0.017971,172.31.40.0-255,66,160231,70,246931
39732,0.020213,172.217.194.0-255,5738,165969,70,246931
39733,0.020221,172.31.40.0-255,66,166035,70,246931
39734,0.022528,172.217.194.0-255,5738,171773,70,246931
39735,0.022536,172.31.40.0-255,66,171839,70,246931
39736,0.024791,172.217.194.0-255,5738,177577,70,246931
39737,0.0248,172.31.40.0-255,66,177643,70,246931
39738,0.027038,172.217.194.0-255,5738,183381,70,246931
39739,0.027047,172.31.40.0-255,66,183447,70,246931
39740,0.029272,172.217.194.0-255,5738,189185,70,246931
39741,0.029281,172.31.40.0-255,66,189251,70,246931
39742,0.031536,172.217.194.0-255,5738,194989,70,246931
39743,0.031543,172.31.40.0-255,66,195055,70,246931
39744,0.031614,172.31.40.0-255,190,195245,70,246931
39745,0.031642,172.31.40.0-255,1119,196364,70,246931
39746,0.031697,172.31.40.0-255,1514,197878,70,246931
39747,0.031699,172.31.40.0-255,1514,199392,70,246931
39748,0.0317,172.31.40.0-255,843,200235,70,246931
39749,0.033158,104.244.42.0-255,66,200301,70,246931
39750,0.03319,104.244.42.0-255,66,200367,70,246931
39751,0.03324,104.244.42.0-255,66,200433,70,246931
39752,0.033243,104.244.42.0-255,66,200499,70,246931
39753,0.033765,172.217.194.0-255,5738,206237,70,246931
39754,0.033771,172.31.40.0-255,66,206303,70,246931
39755,0.036007,172.217.194.0-255,5738,212041,70,246931
39756,0.036014,172.31.40.0-255,66,212107,70,246931
39757,0.038284,172.217.194.0-255,5738,217845,70,246931
39758,0.038292,172.31.40.0-255,66,217911,70,246931
39759,0.040548,172.217.194.0-255,5738,223649,70,246931
39760,0.040559,172.31.40.0-255,66,223715,70,246931
39761,0.042789,172.217.194.0-255,5738,229453,70,246931
39762,0.042797,172.31.40.0-255,66,229519,70,246931
39763,0.045013,172.217.194.0-255,5738,235257,70,246931
39764,0.04502,172.31.40.0-255,66,235323,70,246931
39765,0.047278,172.217.194.0-255,5738,241061,70,246931
39766,0.047285,172.31.40.0-255,66,241127,70,246931
39767,0.049535,172.217.194.0-255,5738,246865,70,246931
39768,0.049551,172.31.40.0-255,66,246931,70,246931
39769,0.0,74.125.68.0-255,153,153,70,156648
39770,2.4e-05,172.31.40.0-255,66,219,70,156648
39771,3.1e-05,74.125.68.0-255,1484,1703,70,156648
39772,3.6e-05,172.31.40.0-255,66,1769,70,156648
39773,4.2e-05,74.125.68.0-255,2902,4671,70,156648
39774,4.5e-05,172.31.40.0-255,66,4737,70,156648
39775,4.8e-05,74.125.68.0-255,1484,6221,70,156648
39776,5.1e-05,172.31.40.0-255,66,6287,70,156648
39777,5.7e-05,74.125.68.0-255,2902,9189,70,156648
39778,6.1e-05,172.31.40.0-255,66,9255,70,156648
39779,8.6e-05,74.125.68.0-255,4838,14093,70,156648
39780,9e-05,172.31.40.0-255,66,14159,70,156648
39781,0.000123,74.125.68.0-255,1484,15643,70,156648
39782,0.000125,172.31.40.0-255,66,15709,70,156648
39783,0.000147,74.125.68.0-255,2902,18611,70,156648
39784,0.00015,172.31.40.0-255,66,18677,70,156648
39785,0.000157,74.125.68.0-255,5738,24415,70,156648
39786,0.000159,172.31.40.0-255,66,24481,70,156648
39787,0.000162,74.125.68.0-255,1484,25965,70,156648
39788,0.000164,172.31.40.0-255,66,26031,70,156648
39789,0.000182,74.125.68.0-255,2902,28933,70,156648
39790,0.000185,172.31.40.0-255,66,28999,70,156648
39791,0.000211,74.125.68.0-255,4320,33319,70,156648
39792,0.000214,172.31.40.0-255,66,33385,70,156648
39793,0.000224,74.125.68.0-255,1125,34510,70,156648
39794,0.000227,172.31.40.0-255,66,34576,70,156648
39795,0.000231,74.125.68.0-255,2902,37478,70,156648
39796,0.000233,172.31.40.0-255,66,37544,70,156648
39797,0.000238,74.125.68.0-255,4320,41864,70,156648
39798,0.000241,172.31.40.0-255,66,41930,70,156648
39799,0.000283,74.125.68.0-255,6797,48727,70,156648
39800,0.000287,172.31.40.0-255,66,48793,70,156648
39801,0.003177,74.125.68.0-255,1484,50277,70,156648
39802,0.00319,74.125.68.0-255,2902,53179,70,156648
39803,0.003194,172.31.40.0-255,66,53245,70,156648
39804,0.0032,74.125.68.0-255,1484,54729,70,156648
39805,0.005681,74.125.68.0-255,4320,59049,70,156648
39806,0.006706,172.31.40.0-255,66,59115,70,156648
39807,0.00921,74.125.68.0-255,5738,64853,70,156648
39808,0.009218,172.31.40.0-255,66,64919,70,156648
39809,0.011724,74.125.68.0-255,5738,70657,70,156648
39810,0.011733,172.31.40.0-255,66,70723,70,156648
39811,0.014233,74.125.68.0-255,5738,76461,70,156648
39812,0.014244,172.31.40.0-255,66,76527,70,156648
39813,0.016741,74.125.68.0-255,5738,82265,70,156648
39814,0.01675,172.31.40.0-255,66,82331,70,156648
39815,0.019245,74.125.68.0-255,5738,88069,70,156648
39816,0.019251,172.31.40.0-255,66,88135,70,156648
39817,0.021754,74.125.68.0-255,5738,93873,70,156648
39818,0.021762,172.31.40.0-255,66,93939,70,156648
39819,0.024256,74.125.68.0-255,2902,96841,70,156648
39820,0.024263,172.31.40.0-255,66,96907,70,156648
39821,0.024288,74.125.68.0-255,2902,99809,70,156648
39822,0.024321,172.31.40.0-255,66,99875,70,156648
39823,0.025293,172.31.40.0-255,172,100047,70,156648
39824,0.025321,172.31.40.0-255,1118,101165,70,156648
39825,0.025373,172.31.40.0-255,1514,102679,70,156648
39826,0.025375,172.31.40.0-255,1514,104193,70,156648
39827,0.025376,172.31.40.0-255,845,105038,70,156648
39828,0.026756,74.125.68.0-255,2902,107940,70,156648
39829,0.026764,172.31.40.0-255,66,108006,70,156648
39830,0.026852,74.125.68.0-255,2902,110908,70,156648
39831,0.026862,104.244.42.0-255,66,110974,70,156648
39832,0.026872,104.244.42.0-255,66,111040,70,156648
39833,0.026976,104.244.42.0-255,66,111106,70,156648
39834,0.026979,104.244.42.0-255,66,111172,70,156648
39835,0.027433,172.31.40.0-255,66,111238,70,156648
39836,0.029253,74.125.68.0-255,2902,114140,70,156648
39837,0.029261,172.31.40.0-255,66,114206,70,156648
39838,0.029916,74.125.68.0-255,2902,117108,70,156648
39839,0.029923,172.31.40.0-255,66,117174,70,156648
39840,0.031763,74.125.68.0-255,2902,120076,70,156648
39841,0.031771,172.31.40.0-255,66,120142,70,156648
39842,0.032433,74.125.68.0-255,2902,123044,70,156648
39843,0.032439,172.31.40.0-255,66,123110,70,156648
39844,0.034298,74.125.68.0-255,1484,124594,70,156648
39845,0.034945,74.125.68.0-255,4320,128914,70,156648
39846,0.034983,172.31.40.0-255,66,128980,70,156648
39847,0.037513,74.125.68.0-255,5738,134718,70,156648
39848,0.037563,172.31.40.0-255,66,134784,70,156648
39849,0.040066,74.125.68.0-255,5738,140522,70,156648
39850,0.040073,172.31.40.0-255,66,140588,70,156648
39851,0.042574,74.125.68.0-255,4320,144908,70,156648
39852,0.04258,172.31.40.0-255,66,144974,70,156648
39853,0.042597,74.125.68.0-255,1484,146458,70,156648
39854,0.045077,74.125.68.0-255,4320,150778,70,156648
39855,0.045085,172.31.40.0-255,66,150844,70,156648
39856,0.047589,74.125.68.0-255,5738,156582,70,156648
39857,0.047887,172.31.40.0-255,66,156648,70,156648
39858,0.0,172.217.194.0-255,152,152,70,232451
39859,2.3e-05,172.31.40.0-255,66,218,70,232451
39860,3e-05,172.217.194.0-255,1484,1702,70,232451
39861,3.6e-05,172.31.40.0-255,66,1768,70,232451
39862,4.1e-05,172.217.194.0-255,2902,4670,70,232451
39863,4.4e-05,172.31.40.0-255,66,4736,70,232451
39864,5.3e-05,172.217.194.0-255,7156,11892,70,232451
39865,5.5e-05,172.31.40.0-255,66,11958,70,232451
39866,6.8e-05,172.31.40.0-255,66,12024,70,232451
39867,8.9e-05,172.217.194.0-255,4865,16889,70,232451
39868,9.2e-05,172.31.40.0-255,66,16955,70,232451
39869,9.6e-05,172.217.194.0-255,2543,19498,70,232451
39870,9.9e-05,172.31.40.0-255,66,19564,70,232451
39871,0.000157,172.217.194.0-255,1484,21048,70,232451
39872,0.00016,172.31.40.0-255,66,21114,70,232451
39873,0.000163,172.217.194.0-255,1484,22598,70,232451
39874,0.000166,172.31.40.0-255,66,22664,70,232451
39875,0.000177,172.217.194.0-255,1484,24148,70,232451
39876,0.000179,172.31.40.0-255,66,24214,70,232451
39877,0.000186,172.217.194.0-255,4320,28534,70,232451
39878,0.000189,172.31.40.0-255,66,28600,70,232451
39879,0.000195,172.217.194.0-255,5738,34338,70,232451
39880,0.000197,172.31.40.0-255,66,34404,70,232451
39881,0.000223,172.217.194.0-255,3961,38365,70,232451
39882,0.000261,172.31.40.0-255,66,38431,70,232451
39883,0.000263,172.31.40.0-255,66,38497,70,232451
39884,0.000617,172.217.194.0-255,646,39143,70,232451
39885,0.000622,172.31.40.0-255,66,39209,70,232451
39886,0.000747,172.217.194.0-255,1484,40693,70,232451
39887,0.00075,172.31.40.0-255,66,40759,70,232451
39888,0.000756,172.217.194.0-255,2902,43661,70,232451
39889,0.000758,172.31.40.0-255,66,43727,70,232451
39890,0.000764,172.217.194.0-255,5738,49465,70,232451
39891,0.000766,172.31.40.0-255,66,49531,70,232451
39892,0.000807,172.31.40.0-255,66,49597,70,232451
39893,0.000834,172.217.194.0-255,10692,60289,70,232451
39894,0.000837,172.31.40.0-255,66,60355,70,232451
39895,0.001033,172.217.194.0-255,1484,61839,70,232451
39896,0.00104,172.217.194.0-255,2902,64741,70,232451
39897,0.001044,172.31.40.0-255,66,64807,70,232451
39898,0.001049,172.217.194.0-255,2902,67709,70,232451
39899,0.001051,172.31.40.0-255,66,67775,70,232451
39900,0.001066,172.217.194.0-255,2902,70677,70,232451
39901,0.001068,172.31.40.0-255,66,70743,70,232451
39902,0.001075,172.217.194.0-255,7156,77899,70,232451
39903,0.001077,172.31.40.0-255,66,77965,70,232451
39904,0.001098,172.217.194.0-255,2902,80867,70,232451
39905,0.0011,172.31.40.0-255,66,80933,70,232451
39906,0.00112,172.31.40.0-255,66,80999,70,232451
39907,0.001124,172.217.194.0-255,2184,83183,70,232451
39908,0.001126,172.31.40.0-255,66,83249,70,232451
39909,0.001163,172.217.194.0-255,2902,86151,70,232451
39910,0.001165,172.31.40.0-255,66,86217,70,232451
39911,0.001169,172.217.194.0-255,2902,89119,70,232451
39912,0.001171,172.31.40.0-255,66,89185,70,232451
39913,0.001183,172.217.194.0-255,1484,90669,70,232451
39914,0.001189,172.217.194.0-255,4320,94989,70,232451
39915,0.001192,172.31.40.0-255,66,95055,70,232451
39916,0.00121,172.217.194.0-255,4320,99375,70,232451
39917,0.001212,172.31.40.0-255,66,99441,70,232451
39918,0.001226,172.217.194.0-255,1484,100925,70,232451
39919,0.001242,172.217.194.0-255,5738,106663,70,232451
39920,0.001244,172.31.40.0-255,66,106729,70,232451
39921,0.001273,172.217.194.0-255,10692,117421,70,232451
39922,0.001275,172.31.40.0-255,66,117487,70,232451
39923,0.001302,172.217.194.0-255,1484,118971,70,232451
39924,0.001306,172.217.194.0-255,1484,120455,70,232451
39925,0.001308,172.31.40.0-255,66,120521,70,232451
39926,0.001325,172.217.194.0-255,1484,122005,70,232451
39927,0.001331,172.217.194.0-255,5738,127743,70,232451
39928,0.001335,172.31.40.0-255,66,127809,70,232451
39929,0.001337,172.217.194.0-255,1484,129293,70,232451
39930,0.001367,172.217.194.0-255,7156,136449,70,232451
39931,0.00137,172.31.40.0-255,66,136515,70,232451
39932,0.001429,172.217.194.0-255,1484,137999,70,232451
39933,0.001449,172.217.194.0-255,7156,145155,70,232451
39934,0.001453,172.31.40.0-255,66,145221,70,232451
39935,0.001475,172.217.194.0-255,6438,151659,70,232451
39936,0.001479,172.31.40.0-255,66,151725,70,232451
39937,0.001497,172.217.194.0-255,1484,153209,70,232451
39938,0.001508,172.217.194.0-255,1484,154693,70,232451
39939,0.00151,172.31.40.0-255,66,154759,70,232451
39940,0.001532,172.217.194.0-255,1484,156243,70,232451
39941,0.001539,172.217.194.0-255,5738,161981,70,232451
39942,0.001542,172.31.40.0-255,66,162047,70,232451
39943,0.001547,172.217.194.0-255,2902,164949,70,232451
39944,0.001549,172.31.40.0-255,66,165015,70,232451
39945,0.001567,172.217.194.0-255,8574,173589,70,232451
39946,0.001569,172.31.40.0-255,66,173655,70,232451
39947,0.001588,172.217.194.0-255,4320,177975,70,232451
39948,0.00159,172.31.40.0-255,66,178041,70,232451
39949,0.001626,172.31.40.0-255,66,178107,70,232451
39950,0.001676,172.31.40.0-255,66,178173,70,232451
39951,0.001736,172.31.40.0-255,66,178239,70,232451
39952,0.001749,172.31.40.0-255,66,178305,70,232451
39953,0.00177,172.31.40.0-255,66,178371,70,232451
39954,0.001777,172.217.194.0-255,7156,185527,70,232451
39955,0.001779,172.31.40.0-255,66,185593,70,232451
39956,0.001787,172.217.194.0-255,8574,194167,70,232451
39957,0.00179,172.31.40.0-255,66,194233,70,232451
39958,0.001806,172.31.40.0-255,66,194299,70,232451
39959,0.001812,172.217.194.0-255,6438,200737,70,232451
39960,0.001815,172.31.40.0-255,66,200803,70,232451
39961,0.001818,172.217.194.0-255,1484,202287,70,232451
39962,0.001853,172.217.194.0-255,9992,212279,70,232451
39963,0.001875,172.217.194.0-255,1484,213763,70,232451
39964,0.001884,172.217.194.0-255,9274,223037,70,232451
39965,0.001918,172.217.194.0-255,8889,231926,70,232451
39966,0.001963,172.217.194.0-255,105,232031,70,232451
39967,0.009229,172.31.40.0-255,66,232097,70,232451
39968,0.010589,172.217.194.0-255,105,232202,70,232451
39969,0.0106,172.31.40.0-255,78,232280,70,232451
39970,0.011953,172.31.40.0-255,105,232385,70,232451
39971,0.014228,172.217.194.0-255,66,232451,70,232451
39972,0.0,74.125.200.0-255,153,153,70,340069
39973,2.3e-05,172.31.40.0-255,66,219,70,340069
39974,3e-05,74.125.200.0-255,1484,1703,70,340069
39975,3.5e-05,172.31.40.0-255,66,1769,70,340069
39976,4.1e-05,74.125.200.0-255,2902,4671,70,340069
39977,4.4e-05,172.31.40.0-255,66,4737,70,340069
39978,4.8e-05,74.125.200.0-255,2902,7639,70,340069
39979,5.2e-05,172.31.40.0-255,66,7705,70,340069
39980,8.7e-05,74.125.200.0-255,7657,15362,70,340069
39981,9e-05,172.31.40.0-255,66,15428,70,340069
39982,9.6e-05,74.125.200.0-255,5738,21166,70,340069
39983,9.9e-05,172.31.40.0-255,66,21232,70,340069
39984,0.00013,74.125.200.0-255,4320,25552,70,340069
39985,0.000133,172.31.40.0-255,66,25618,70,340069
39986,0.000137,74.125.200.0-255,2902,28520,70,340069
39987,0.000139,172.31.40.0-255,66,28586,70,340069
39988,0.000155,74.125.200.0-255,2543,31129,70,340069
39989,0.000157,172.31.40.0-255,66,31195,70,340069
39990,0.000208,74.125.200.0-255,1484,32679,70,340069
39991,0.000212,172.31.40.0-255,66,32745,70,340069
39992,0.000225,74.125.200.0-255,2902,35647,70,340069
39993,0.000227,172.31.40.0-255,66,35713,70,340069
39994,0.00025,74.125.200.0-255,2902,38615,70,340069
39995,0.000253,172.31.40.0-255,66,38681,70,340069
39996,0.000258,74.125.200.0-255,4320,43001,70,340069
39997,0.00026,172.31.40.0-255,66,43067,70,340069
39998,0.000285,74.125.200.0-255,2902,45969,70,340069
39999,0.000287,172.31.40.0-255,66,46035,70,340069
40000,0.000314,74.125.200.0-255,6797,52832,70,340069
40001,0.000317,172.31.40.0-255,66,52898,70,340069
40002,0.000322,74.125.200.0-255,4320,57218,70,340069
40003,0.000324,172.31.40.0-255,66,57284,70,340069
40004,0.000343,74.125.200.0-255,1484,58768,70,340069
40005,0.000363,74.125.200.0-255,7156,65924,70,340069
40006,0.000366,172.31.40.0-255,66,65990,70,340069
40007,0.000385,74.125.200.0-255,330,66320,70,340069
40008,0.000476,74.125.200.0-255,1484,67804,70,340069
40009,0.000479,172.31.40.0-255,66,67870,70,340069
40010,0.000494,74.125.200.0-255,2902,70772,70,340069
40011,0.000497,172.31.40.0-255,66,70838,70,340069
40012,0.000525,74.125.200.0-255,4320,75158,70,340069
40013,0.000528,172.31.40.0-255,66,75224,70,340069
40014,0.000556,74.125.200.0-255,9633,84857,70,340069
40015,0.000558,172.31.40.0-255,66,84923,70,340069
40016,0.000564,74.125.200.0-255,4320,89243,70,340069
40017,0.000567,172.31.40.0-255,66,89309,70,340069
40018,0.000613,74.125.200.0-255,4320,93629,70,340069
40019,0.000617,172.31.40.0-255,66,93695,70,340069
40020,0.000641,74.125.200.0-255,6797,100492,70,340069
40021,0.000645,172.31.40.0-255,66,100558,70,340069
40022,0.000865,74.125.200.0-255,1484,102042,70,340069
40023,0.000878,74.125.200.0-255,2902,104944,70,340069
40024,0.000882,172.31.40.0-255,66,105010,70,340069
40025,0.000888,74.125.200.0-255,4320,109330,70,340069
40026,0.00089,172.31.40.0-255,66,109396,70,340069
40027,0.000904,74.125.200.0-255,1484,110880,70,340069
40028,0.000909,74.125.200.0-255,2902,113782,70,340069
40029,0.000911,172.31.40.0-255,66,113848,70,340069
40030,0.000941,74.125.200.0-255,4320,118168,70,340069
40031,0.000944,172.31.40.0-255,66,118234,70,340069
40032,0.000953,74.125.200.0-255,8574,126808,70,340069
40033,0.000955,172.31.40.0-255,66,126874,70,340069
40034,0.000966,74.125.200.0-255,1484,128358,70,340069
40035,0.000984,74.125.200.0-255,6438,134796,70,340069
40036,0.000987,172.31.40.0-255,66,134862,70,340069
40037,0.001505,74.125.200.0-255,1484,136346,70,340069
40038,0.001512,74.125.200.0-255,2902,139248,70,340069
40039,0.001515,172.31.40.0-255,66,139314,70,340069
40040,0.001519,74.125.200.0-255,1484,140798,70,340069
40041,0.001534,74.125.200.0-255,2902,143700,70,340069
40042,0.001536,172.31.40.0-255,66,143766,70,340069
40043,0.001542,74.125.200.0-255,4320,148086,70,340069
40044,0.001544,172.31.40.0-255,66,148152,70,340069
40045,0.001575,74.125.200.0-255,4320,152472,70,340069
40046,0.001577,172.31.40.0-255,66,152538,70,340069
40047,0.001585,74.125.200.0-255,7156,159694,70,340069
40048,0.001587,172.31.40.0-255,66,159760,70,340069
40049,0.001594,74.125.200.0-255,8574,168334,70,340069
40050,0.001596,172.31.40.0-255,66,168400,70,340069
40051,0.001599,74.125.200.0-255,766,169166,70,340069
40052,0.001782,74.125.200.0-255,1484,170650,70,340069
40053,0.001786,172.31.40.0-255,66,170716,70,340069
40054,0.001791,74.125.200.0-255,2902,173618,70,340069
40055,0.001793,172.31.40.0-255,66,173684,70,340069
40056,0.001808,74.125.200.0-255,4320,178004,70,340069
40057,0.001811,172.31.40.0-255,66,178070,70,340069
40058,0.001825,74.125.200.0-255,1484,179554,70,340069
40059,0.00183,74.125.200.0-255,2902,182456,70,340069
40060,0.001832,172.31.40.0-255,66,182522,70,340069
40061,0.001847,74.125.200.0-255,5738,188260,70,340069
40062,0.001849,172.31.40.0-255,66,188326,70,340069
40063,0.001865,74.125.200.0-255,4320,192646,70,340069
40064,0.00187,74.125.200.0-255,4320,196966,70,340069
40065,0.001873,172.31.40.0-255,66,197032,70,340069
40066,0.001876,172.31.40.0-255,66,197098,70,340069
40067,0.001901,74.125.200.0-255,6438,203536,70,340069
40068,0.001903,172.31.40.0-255,66,203602,70,340069
40069,0.003907,74.125.200.0-255,5738,209340,70,340069
40070,0.003915,172.31.40.0-255,66,209406,70,340069
40071,0.005937,74.125.200.0-255,4320,213726,70,340069
40072,0.00594,172.31.40.0-255,66,213792,70,340069
40073,0.005954,74.125.200.0-255,1484,215276,70,340069
40074,0.007939,74.125.200.0-255,4320,219596,70,340069
40075,0.007945,172.31.40.0-255,66,219662,70,340069
40076,0.009954,74.125.200.0-255,5738,225400,70,340069
40077,0.00996,172.31.40.0-255,66,225466,70,340069
40078,0.011958,74.125.200.0-255,5738,231204,70,340069
40079,0.011964,172.31.40.0-255,66,231270,70,340069
40080,0.013983,74.125.200.0-255,5738,237008,70,340069
40081,0.013992,172.31.40.0-255,66,237074,70,340069
40082,0.015991,74.125.200.0-255,5738,242812,70,340069
40083,0.015998,172.31.40.0-255,66,242878,70,340069
40084,0.018005,74.125.200.0-255,5738,248616,70,340069
40085,0.018013,172.31.40.0-255,66,248682,70,340069
40086,0.020027,74.125.200.0-255,5738,254420,70,340069
40087,0.020036,172.31.40.0-255,66,254486,70,340069
40088,0.022058,74.125.200.0-255,5738,260224,70,340069
40089,0.022074,172.31.40.0-255,66,260290,70,340069
40090,0.02409,74.125.200.0-255,5738,266028,70,340069
40091,0.024105,172.31.40.0-255,66,266094,70,340069
40092,0.026111,74.125.200.0-255,5738,271832,70,340069
40093,0.026125,172.31.40.0-255,66,271898,70,340069
40094,0.02814,74.125.200.0-255,5738,277636,70,340069
40095,0.028152,172.31.40.0-255,66,277702,70,340069
40096,0.030175,74.125.200.0-255,5738,283440,70,340069
40097,0.030191,172.31.40.0-255,66,283506,70,340069
40098,0.032196,74.125.200.0-255,5738,289244,70,340069
40099,0.032204,172.31.40.0-255,66,289310,70,340069
40100,0.034221,74.125.200.0-255,5738,295048,70,340069
40101,0.03423,172.31.40.0-255,66,295114,70,340069
40102,0.03624,74.125.200.0-255,5738,300852,70,340069
40103,0.03625,172.31.40.0-255,66,300918,70,340069
40104,0.038262,74.125.200.0-255,5738,306656,70,340069
40105,0.038268,172.31.40.0-255,66,306722,70,340069
40106,0.040288,74.125.200.0-255,5738,312460,70,340069
40107,0.040303,172.31.40.0-255,66,312526,70,340069
40108,0.042307,74.125.200.0-255,5738,318264,70,340069
40109,0.042314,172.31.40.0-255,66,318330,70,340069
40110,0.044332,74.125.200.0-255,5738,324068,70,340069
40111,0.044351,172.31.40.0-255,66,324134,70,340069
40112,0.045192,172.31.40.0-255,172,324306,70,340069
40113,0.045229,172.31.40.0-255,1114,325420,70,340069
40114,0.045288,172.31.40.0-255,1514,326934,70,340069
40115,0.04529,172.31.40.0-255,1329,328263,70,340069
40116,0.04635,74.125.200.0-255,5738,334001,70,340069
40117,0.046359,172.31.40.0-255,66,334067,70,340069
40118,0.046733,104.244.42.0-255,66,334133,70,340069
40119,0.046782,104.244.42.0-255,66,334199,70,340069
40120,0.046881,104.244.42.0-255,66,334265,70,340069
40121,0.048375,74.125.200.0-255,5738,340003,70,340069
40122,0.048388,172.31.40.0-255,66,340069,70,340069
40123,0.0,74.125.24.0-255,146,146,70,305620
40124,2.2e-05,172.31.40.0-255,66,212,70,305620
40125,2.8e-05,74.125.24.0-255,1484,1696,70,305620
40126,3.3e-05,172.31.40.0-255,66,1762,70,305620
40127,4.7e-05,74.125.24.0-255,2902,4664,70,305620
40128,5.1e-05,172.31.40.0-255,66,4730,70,305620
40129,5.9e-05,74.125.24.0-255,7156,11886,70,305620
40130,6.3e-05,172.31.40.0-255,66,11952,70,305620
40131,6.5e-05,74.125.24.0-255,1484,13436,70,305620
40132,6.9e-05,172.31.40.0-255,66,13502,70,305620
40133,7.9e-05,74.125.24.0-255,10529,24031,70,305620
40134,8.2e-05,172.31.40.0-255,66,24097,70,305620
40135,8.9e-05,74.125.24.0-255,6797,30894,70,305620
40136,9.4e-05,172.31.40.0-255,66,30960,70,305620
40137,0.000186,74.125.24.0-255,1484,32444,70,305620
40138,0.00019,172.31.40.0-255,66,32510,70,305620
40139,0.00022,74.125.24.0-255,1484,33994,70,305620
40140,0.000222,172.31.40.0-255,66,34060,70,305620
40141,0.000255,74.125.24.0-255,1484,35544,70,305620
40142,0.000258,172.31.40.0-255,66,35610,70,305620
40143,0.000264,74.125.24.0-255,5738,41348,70,305620
40144,0.000267,172.31.40.0-255,66,41414,70,305620
40145,0.000281,74.125.24.0-255,9992,51406,70,305620
40146,0.000283,172.31.40.0-255,66,51472,70,305620
40147,0.000295,172.31.40.0-255,66,51538,70,305620
40148,0.000299,74.125.24.0-255,2184,53722,70,305620
40149,0.000302,172.31.40.0-255,66,53788,70,305620
40150,0.00034,74.125.24.0-255,424,54212,70,305620
40151,0.000342,172.31.40.0-255,66,54278,70,305620
40152,0.000425,74.125.24.0-255,1484,55762,70,305620
40153,0.000429,172.31.40.0-255,66,55828,70,305620
40154,0.000435,74.125.24.0-255,2902,58730,70,305620
40155,0.000437,172.31.40.0-255,66,58796,70,305620
40156,0.000466,74.125.24.0-255,5738,64534,70,305620
40157,0.000469,172.31.40.0-255,66,64600,70,305620
40158,0.000501,172.31.40.0-255,66,64666,70,305620
40159,0.000509,74.125.24.0-255,8574,73240,70,305620
40160,0.000511,172.31.40.0-255,66,73306,70,305620
40161,0.000534,74.125.24.0-255,2184,75490,70,305620
40162,0.000537,172.31.40.0-255,66,75556,70,305620
40163,0.000837,74.125.24.0-255,350,75906,70,305620
40164,0.00087,74.125.24.0-255,1484,77390,70,305620
40165,0.000874,172.31.40.0-255,66,77456,70,305620
40166,0.00088,74.125.24.0-255,4320,81776,70,305620
40167,0.000882,172.31.40.0-255,66,81842,70,305620
40168,0.000915,74.125.24.0-255,5738,87580,70,305620
40169,0.000918,172.31.40.0-255,66,87646,70,305620
40170,0.000925,74.125.24.0-255,7156,94802,70,305620
40171,0.000927,172.31.40.0-255,66,94868,70,305620
40172,0.000971,172.31.40.0-255,66,94934,70,305620
40173,0.000992,74.125.24.0-255,766,95700,70,305620
40174,0.001154,74.125.24.0-255,1484,97184,70,305620
40175,0.001159,172.31.40.0-255,66,97250,70,305620
40176,0.001188,74.125.24.0-255,2902,100152,70,305620
40177,0.00119,172.31.40.0-255,66,100218,70,305620
40178,0.001197,74.125.24.0-255,5738,105956,70,305620
40179,0.001199,172.31.40.0-255,66,106022,70,305620
40180,0.001202,74.125.24.0-255,1484,107506,70,305620
40181,0.001206,74.125.24.0-255,1484,108990,70,305620
40182,0.001208,172.31.40.0-255,66,109056,70,305620
40183,0.001244,74.125.24.0-255,7156,116212,70,305620
40184,0.001247,172.31.40.0-255,66,116278,70,305620
40185,0.001252,74.125.24.0-255,2902,119180,70,305620
40186,0.001254,172.31.40.0-255,66,119246,70,305620
40187,0.001297,74.125.24.0-255,10692,129938,70,305620
40188,0.001301,172.31.40.0-255,66,130004,70,305620
40189,0.001377,74.125.24.0-255,1484,131488,70,305620
40190,0.001393,74.125.24.0-255,2902,134390,70,305620
40191,0.001396,172.31.40.0-255,66,134456,70,305620
40192,0.001402,74.125.24.0-255,4320,138776,70,305620
40193,0.001404,172.31.40.0-255,66,138842,70,305620
40194,0.001408,74.125.24.0-255,2902,141744,70,305620
40195,0.001411,172.31.40.0-255,66,141810,70,305620
40196,0.001435,74.125.24.0-255,2902,144712,70,305620
40197,0.001437,172.31.40.0-255,66,144778,70,305620
40198,0.00145,172.31.40.0-255,66,144844,70,305620
40199,0.001454,74.125.24.0-255,2902,147746,70,305620
40200,0.001456,172.31.40.0-255,66,147812,70,305620
40201,0.001487,74.125.24.0-255,5020,152832,70,305620
40202,0.001494,172.31.40.0-255,66,152898,70,305620
40203,0.001596,74.125.24.0-255,1484,154382,70,305620
40204,0.00161,74.125.24.0-255,2902,157284,70,305620
40205,0.001612,74.125.24.0-255,1484,158768,70,305620
40206,0.001617,172.31.40.0-255,66,158834,70,305620
40207,0.001642,74.125.24.0-255,4320,163154,70,305620
40208,0.001645,172.31.40.0-255,66,163220,70,305620
40209,0.001693,172.31.40.0-255,66,163286,70,305620
40210,0.001716,74.125.24.0-255,1484,164770,70,305620
40211,0.001725,74.125.24.0-255,8574,173344,70,305620
40212,0.001728,172.31.40.0-255,66,173410,70,305620
40213,0.001744,172.31.40.0-255,66,173476,70,305620
40214,0.001756,74.125.24.0-255,7156,180632,70,305620
40215,0.001759,172.31.40.0-255,66,180698,70,305620
40216,0.001794,74.125.24.0-255,8574,189272,70,305620
40217,0.001798,172.31.40.0-255,66,189338,70,305620
40218,0.001804,74.125.24.0-255,5020,194358,70,305620
40219,0.001806,172.31.40.0-255,66,194424,70,305620
40220,0.00187,74.125.24.0-255,1484,195908,70,305620
40221,0.001912,74.125.24.0-255,2902,198810,70,305620
40222,0.001916,172.31.40.0-255,66,198876,70,305620
40223,0.00192,74.125.24.0-255,1484,200360,70,305620
40224,0.001952,74.125.24.0-255,2902,203262,70,305620
40225,0.001955,172.31.40.0-255,66,203328,70,305620
40226,0.001964,74.125.24.0-255,8574,211902,70,305620
40227,0.001966,172.31.40.0-255,66,211968,70,305620
40228,0.001977,74.125.24.0-255,5738,217706,70,305620
40229,0.001979,172.31.40.0-255,66,217772,70,305620
40230,0.002023,74.125.24.0-255,5738,223510,70,305620
40231,0.002026,172.31.40.0-255,66,223576,70,305620
40232,0.002053,74.125.24.0-255,5020,228596,70,305620
40233,0.002055,172.31.40.0-255,66,228662,70,305620
40234,0.002131,74.125.24.0-255,1484,230146,70,305620
40235,0.002156,74.125.24.0-255,2902,233048,70,305620
40236,0.002159,172.31.40.0-255,66,233114,70,305620
40237,0.002171,74.125.24.0-255,1484,234598,70,305620
40238,0.002188,74.125.24.0-255,2902,237500,70,305620
40239,0.00219,172.31.40.0-255,66,237566,70,305620
40240,0.002198,74.125.24.0-255,8574,246140,70,305620
40241,0.0022,172.31.40.0-255,66,246206,70,305620
40242,0.002232,74.125.24.0-255,8574,254780,70,305620
40243,0.002238,172.31.40.0-255,66,254846,70,305620
40244,0.002266,74.125.24.0-255,7856,262702,70,305620
40245,0.002269,172.31.40.0-255,66,262768,70,305620
40246,0.002273,74.125.24.0-255,2902,265670,70,305620
40247,0.002277,172.31.40.0-255,66,265736,70,305620
40248,0.002336,172.31.40.0-255,66,265802,70,305620
40249,0.002343,74.125.24.0-255,6438,272240,70,305620
40250,0.002346,172.31.40.0-255,66,272306,70,305620
40251,0.002431,74.125.24.0-255,1484,273790,70,305620
40252,0.002445,74.125.24.0-255,2902,276692,70,305620
40253,0.002449,172.31.40.0-255,66,276758,70,305620
40254,0.002456,74.125.24.0-255,4320,281078,70,305620
40255,0.002458,172.31.40.0-255,66,281144,70,305620
40256,0.002475,74.125.24.0-255,1484,282628,70,305620
40257,0.002482,74.125.24.0-255,7156,289784,70,305620
40258,0.002485,172.31.40.0-255,66,289850,70,305620
40259,0.002497,74.125.24.0-255,8315,298165,70,305620
40260,0.002499,172.31.40.0-255,66,298231,70,305620
40261,0.002502,74.125.24.0-255,97,298328,70,305620
40262,0.002553,74.125.24.0-255,105,298433,70,305620
40263,0.004655,172.31.40.0-255,66,298499,70,305620
40264,0.004687,172.31.40.0-255,105,298604,70,305620
40265,0.007249,74.125.24.0-255,66,298670,70,305620
40266,0.040788,172.31.40.0-255,172,298842,70,305620
40267,0.040815,172.31.40.0-255,1117,299959,70,305620
40268,0.040886,172.31.40.0-255,1514,301473,70,305620
40269,0.040906,172.31.40.0-255,1514,302987,70,305620
40270,0.040909,172.31.40.0-255,1514,304501,70,305620
40271,0.040922,172.31.40.0-255,789,305290,70,305620
40272,0.042338,104.244.42.0-255,66,305356,70,305620
40273,0.042366,104.244.42.0-255,66,305422,70,305620
40274,0.042415,104.244.42.0-255,66,305488,70,305620
40275,0.042483,104.244.42.0-255,66,305554,70,305620
40276,0.042501,104.244.42.0-255,66,305620,70,305620
40277,0.0,172.217.194.0-255,152,152,70,275659
40278,1.6e-05,172.31.40.0-255,66,218,70,275659
40279,2.2e-05,172.217.194.0-255,1484,1702,70,275659
40280,2.7e-05,172.31.40.0-255,66,1768,70,275659
40281,4.1e-05,172.217.194.0-255,2902,4670,70,275659
40282,4.5e-05,172.31.40.0-255,66,4736,70,275659
40283,5.3e-05,172.217.194.0-255,7156,11892,70,275659
40284,5.5e-05,172.31.40.0-255,66,11958,70,275659
40285,5.9e-05,172.217.194.0-255,2101,14059,70,275659
40286,6.2e-05,172.31.40.0-255,66,14125,70,275659
40287,7.2e-05,172.217.194.0-255,9992,24117,70,275659
40288,7.4e-05,172.31.40.0-255,66,24183,70,275659
40289,0.000107,172.217.194.0-255,1484,25667,70,275659
40290,0.000109,172.31.40.0-255,66,25733,70,275659
40291,0.000116,172.217.194.0-255,5379,31112,70,275659
40292,0.000119,172.31.40.0-255,66,31178,70,275659
40293,0.000182,172.217.194.0-255,1484,32662,70,275659
40294,0.000185,172.31.40.0-255,66,32728,70,275659
40295,0.000203,172.217.194.0-255,2902,35630,70,275659
40296,0.000206,172.31.40.0-255,66,35696,70,275659
40297,0.00021,172.217.194.0-255,2902,38598,70,275659
40298,0.000212,172.31.40.0-255,66,38664,70,275659
40299,0.000235,172.217.194.0-255,2902,41566,70,275659
40300,0.000238,172.31.40.0-255,66,41632,70,275659
40301,0.000275,172.31.40.0-255,66,41698,70,275659
40302,0.000284,172.217.194.0-255,9633,51331,70,275659
40303,0.000292,172.31.40.0-255,66,51397,70,275659
40304,0.000294,172.217.194.0-255,378,51775,70,275659
40305,0.000296,172.31.40.0-255,66,51841,70,275659
40306,0.000367,172.217.194.0-255,98,51939,70,275659
40307,0.00037,172.31.40.0-255,66,52005,70,275659
40308,0.000421,172.217.194.0-255,1484,53489,70,275659
40309,0.000435,172.217.194.0-255,2902,56391,70,275659
40310,0.000452,172.217.194.0-255,4320,60711,70,275659
40311,0.000476,172.217.194.0-255,1484,62195,70,275659
40312,0.000484,172.217.194.0-255,6797,68992,70,275659
40313,0.000517,172.217.194.0-255,2902,71894,70,275659
40314,0.000545,172.217.194.0-255,7455,79349,70,275659
40315,0.000574,172.31.40.0-255,66,79415,70,275659
40316,0.000606,172.217.194.0-255,2902,82317,70,275659
40317,0.000616,172.31.40.0-255,66,82383,70,275659
40318,0.000626,172.217.194.0-255,3411,85794,70,275659
40319,0.000636,172.31.40.0-255,66,85860,70,275659
40320,0.000642,172.217.194.0-255,1484,87344,70,275659
40321,0.00067,172.217.194.0-255,2902,90246,70,275659
40322,0.000676,172.217.194.0-255,4320,94566,70,275659
40323,0.000684,172.31.40.0-255,66,94632,70,275659
40324,0.000694,172.217.194.0-255,1484,96116,70,275659
40325,0.000713,172.217.194.0-255,7156,103272,70,275659
40326,0.000731,172.31.40.0-255,66,103338,70,275659
40327,0.000739,172.217.194.0-255,5738,109076,70,275659
40328,0.000747,172.217.194.0-255,2902,111978,70,275659
40329,0.000758,172.217.194.0-255,4320,116298,70,275659
40330,0.000763,172.31.40.0-255,66,116364,70,275659
40331,0.000789,172.217.194.0-255,3602,119966,70,275659
40332,0.000798,172.31.40.0-255,66,120032,70,275659
40333,0.001005,172.217.194.0-255,1484,121516,70,275659
40334,0.001027,172.217.194.0-255,2902,124418,70,275659
40335,0.001043,172.217.194.0-255,5738,130156,70,275659
40336,0.001056,172.31.40.0-255,66,130222,70,275659
40337,0.001061,172.217.194.0-255,2902,133124,70,275659
40338,0.001066,172.31.40.0-255,66,133190,70,275659
40339,0.00111,172.217.194.0-255,9992,143182,70,275659
40340,0.001121,172.217.194.0-255,9992,153174,70,275659
40341,0.001124,172.217.194.0-255,1484,154658,70,275659
40342,0.001135,172.217.194.0-255,2184,156842,70,275659
40343,0.001141,172.217.194.0-255,4320,161162,70,275659
40344,0.001181,172.31.40.0-255,66,161228,70,275659
40345,0.001213,172.217.194.0-255,9992,171220,70,275659
40346,0.001241,172.31.40.0-255,66,171286,70,275659
40347,0.001482,172.217.194.0-255,1484,172770,70,275659
40348,0.001498,172.217.194.0-255,2902,175672,70,275659
40349,0.001504,172.217.194.0-255,4320,179992,70,275659
40350,0.001517,172.217.194.0-255,1484,181476,70,275659
40351,0.00152,172.217.194.0-255,1484,182960,70,275659
40352,0.001554,172.31.40.0-255,66,183026,70,275659
40353,0.001577,172.217.194.0-255,8574,191600,70,275659
40354,0.001582,172.31.40.0-255,66,191666,70,275659
40355,0.001609,172.217.194.0-255,2184,193850,70,275659
40356,0.001616,172.31.40.0-255,66,193916,70,275659
40357,0.001851,172.217.194.0-255,1484,195400,70,275659
40358,0.001857,172.217.194.0-255,2902,198302,70,275659
40359,0.001861,172.31.40.0-255,66,198368,70,275659
40360,0.001864,172.217.194.0-255,1484,199852,70,275659
40361,0.001893,172.217.194.0-255,4320,204172,70,275659
40362,0.001907,172.31.40.0-255,66,204238,70,275659
40363,0.001914,172.217.194.0-255,7156,211394,70,275659
40364,0.001932,172.31.40.0-255,66,211460,70,275659
40365,0.001942,172.217.194.0-255,2902,214362,70,275659
40366,0.001959,172.217.194.0-255,2184,216546,70,275659
40367,0.001987,172.31.40.0-255,66,216612,70,275659
40368,0.002076,172.217.194.0-255,1484,218096,70,275659
40369,0.002098,172.217.194.0-255,2902,220998,70,275659
40370,0.002101,172.31.40.0-255,66,221064,70,275659
40371,0.002106,172.217.194.0-255,2902,223966,70,275659
40372,0.002129,172.217.194.0-255,2902,226868,70,275659
40373,0.002135,172.217.194.0-255,5738,232606,70,275659
40374,0.002143,172.31.40.0-255,66,232672,70,275659
40375,0.002153,172.217.194.0-255,4320,236992,70,275659
40376,0.002174,172.217.194.0-255,2902,239894,70,275659
40377,0.002178,172.31.40.0-255,66,239960,70,275659
40378,0.00221,172.217.194.0-255,7156,247116,70,275659
40379,0.00223,172.217.194.0-255,7856,254972,70,275659
40380,0.002235,172.217.194.0-255,4320,259292,70,275659
40381,0.002243,172.31.40.0-255,66,259358,70,275659
40382,0.002296,172.217.194.0-255,2902,262260,70,275659
40383,0.002341,172.217.194.0-255,9992,272252,70,275659
40384,0.002379,172.217.194.0-255,2902,275154,70,275659
40385,0.002386,172.31.40.0-255,66,275220,70,275659
40386,0.002431,172.217.194.0-255,97,275317,70,275659
40387,0.002434,172.217.194.0-255,105,275422,70,275659
40388,0.002451,172.31.40.0-255,66,275488,70,275659
40389,0.016852,172.31.40.0-255,105,275593,70,275659
40390,0.019364,172.217.194.0-255,66,275659,70,275659
40391,0.0,74.125.68.0-255,148,148,70,237581
40392,1.6e-05,172.31.40.0-255,66,214,70,237581
40393,5e-05,74.125.68.0-255,1484,1698,70,237581
40394,5.4e-05,172.31.40.0-255,66,1764,70,237581
40395,8.4e-05,74.125.68.0-255,1484,3248,70,237581
40396,8.8e-05,172.31.40.0-255,66,3314,70,237581
40397,0.000111,74.125.68.0-255,1484,4798,70,237581
40398,0.000114,172.31.40.0-255,66,4864,70,237581
40399,0.000121,74.125.68.0-255,4320,9184,70,237581
40400,0.000124,172.31.40.0-255,66,9250,70,237581
40401,0.000162,74.125.68.0-255,4846,14096,70,237581
40402,0.000165,172.31.40.0-255,66,14162,70,237581
40403,0.000171,74.125.68.0-255,5738,19900,70,237581
40404,0.000174,172.31.40.0-255,66,19966,70,237581
40405,0.000205,74.125.68.0-255,2902,22868,70,237581
40406,0.000209,172.31.40.0-255,66,22934,70,237581
40407,0.000218,74.125.68.0-255,2902,25836,70,237581
40408,0.00022,172.31.40.0-255,66,25902,70,237581
40409,0.000235,74.125.68.0-255,2902,28804,70,237581
40410,0.000237,172.31.40.0-255,66,28870,70,237581
40411,0.000259,74.125.68.0-255,2543,31413,70,237581
40412,0.000262,172.31.40.0-255,66,31479,70,237581
40413,0.000307,74.125.68.0-255,1484,32963,70,237581
40414,0.00031,172.31.40.0-255,66,33029,70,237581
40415,0.000323,74.125.68.0-255,2902,35931,70,237581
40416,0.00033,172.31.40.0-255,66,35997,70,237581
40417,0.000334,74.125.68.0-255,2902,38899,70,237581
40418,0.000338,172.31.40.0-255,66,38965,70,237581
40419,0.000373,74.125.68.0-255,4320,43285,70,237581
40420,0.000376,172.31.40.0-255,66,43351,70,237581
40421,0.000414,74.125.68.0-255,9633,52984,70,237581
40422,0.000417,172.31.40.0-255,66,53050,70,237581
40423,0.000421,74.125.68.0-255,2902,55952,70,237581
40424,0.000445,74.125.68.0-255,2902,58854,70,237581
40425,0.00047,74.125.68.0-255,6797,65651,70,237581
40426,0.000473,74.125.68.0-255,396,66047,70,237581
40427,0.000583,172.31.40.0-255,66,66113,70,237581
40428,0.000988,74.125.68.0-255,114,66227,70,237581
40429,0.001096,74.125.68.0-255,1484,67711,70,237581
40430,0.001101,172.31.40.0-255,66,67777,70,237581
40431,0.001107,74.125.68.0-255,2902,70679,70,237581
40432,0.001111,172.31.40.0-255,66,70745,70,237581
40433,0.001132,74.125.68.0-255,5738,76483,70,237581
40434,0.00114,172.31.40.0-255,66,76549,70,237581
40435,0.001168,74.125.68.0-255,6797,83346,70,237581
40436,0.001177,74.125.68.0-255,7156,90502,70,237581
40437,0.001185,172.31.40.0-255,66,90568,70,237581
40438,0.001217,74.125.68.0-255,9633,100201,70,237581
40439,0.001238,172.31.40.0-255,66,100267,70,237581
40440,0.002151,74.125.68.0-255,1484,101751,70,237581
40441,0.002174,74.125.68.0-255,2902,104653,70,237581
40442,0.002178,172.31.40.0-255,66,104719,70,237581
40443,0.002207,74.125.68.0-255,4320,109039,70,237581
40444,0.002227,74.125.68.0-255,1484,110523,70,237581
40445,0.002247,74.125.68.0-255,2902,113425,70,237581
40446,0.002268,74.125.68.0-255,2902,116327,70,237581
40447,0.002286,74.125.68.0-255,1484,117811,70,237581
40448,0.002301,74.125.68.0-255,2902,120713,70,237581
40449,0.002349,74.125.68.0-255,5738,126451,70,237581
40450,0.002371,74.125.68.0-255,2902,129353,70,237581
40451,0.00239,74.125.68.0-255,4320,133673,70,237581
40452,0.002405,74.125.68.0-255,766,134439,70,237581
40453,0.003592,172.31.40.0-255,66,134505,70,237581
40454,0.006088,74.125.68.0-255,5738,140243,70,237581
40455,0.006094,172.31.40.0-255,66,140309,70,237581
40456,0.008576,74.125.68.0-255,5738,146047,70,237581
40457,0.008583,172.31.40.0-255,66,146113,70,237581
40458,0.011065,74.125.68.0-255,5738,151851,70,237581
40459,0.011076,172.31.40.0-255,66,151917,70,237581
40460,0.013556,74.125.68.0-255,5738,157655,70,237581
40461,0.013985,172.31.40.0-255,66,157721,70,237581
40462,0.01646,74.125.68.0-255,5738,163459,70,237581
40463,0.016469,172.31.40.0-255,66,163525,70,237581
40464,0.018794,172.31.40.0-255,167,163692,70,237581
40465,0.018827,172.31.40.0-255,613,164305,70,237581
40466,0.018956,74.125.68.0-255,5738,170043,70,237581
40467,0.018962,172.31.40.0-255,66,170109,70,237581
40468,0.021091,104.244.42.0-255,66,170175,70,237581
40469,0.021426,74.125.68.0-255,1484,171659,70,237581
40470,0.021453,74.125.68.0-255,4320,175979,70,237581
40471,0.021458,172.31.40.0-255,66,176045,70,237581
40472,0.023947,74.125.68.0-255,5738,181783,70,237581
40473,0.023953,172.31.40.0-255,66,181849,70,237581
40474,0.026443,74.125.68.0-255,5738,187587,70,237581
40475,0.026448,172.31.40.0-255,66,187653,70,237581
40476,0.028919,74.125.68.0-255,5738,193391,70,237581
40477,0.028926,172.31.40.0-255,66,193457,70,237581
40478,0.031403,74.125.68.0-255,5738,199195,70,237581
40479,0.03141,172.31.40.0-255,66,199261,70,237581
40480,0.033875,74.125.68.0-255,4320,203581,70,237581
40481,0.03388,172.31.40.0-255,66,203647,70,237581
40482,0.033912,74.125.68.0-255,1484,205131,70,237581
40483,0.036349,74.125.68.0-255,2902,208033,70,237581
40484,0.036354,172.31.40.0-255,66,208099,70,237581
40485,0.036381,74.125.68.0-255,1484,209583,70,237581
40486,0.03883,74.125.68.0-255,4320,213903,70,237581
40487,0.038882,172.31.40.0-255,66,213969,70,237581
40488,0.041367,74.125.68.0-255,5738,219707,70,237581
40489,0.041415,172.31.40.0-255,66,219773,70,237581
40490,0.043886,74.125.68.0-255,2902,222675,70,237581
40491,0.043892,172.31.40.0-255,66,222741,70,237581
40492,0.043922,74.125.68.0-255,2902,225643,70,237581
40493,0.043937,172.31.40.0-255,66,225709,70,237581
40494,0.046363,74.125.68.0-255,2902,228611,70,237581
40495,0.046369,172.31.40.0-255,66,228677,70,237581
40496,0.046401,74.125.68.0-255,2902,231579,70,237581
40497,0.046418,172.31.40.0-255,66,231645,70,237581
40498,0.048843,74.125.68.0-255,2902,234547,70,237581
40499,0.048848,172.31.40.0-255,66,234613,70,237581
40500,0.048878,74.125.68.0-255,2902,237515,70,237581
40501,0.048894,172.31.40.0-255,66,237581,70,237581
40502,0.0,74.125.24.0-255,153,153,70,250880
40503,2.2e-05,172.31.40.0-255,66,219,70,250880
40504,2.9e-05,74.125.24.0-255,1484,1703,70,250880
40505,3.3e-05,172.31.40.0-255,66,1769,70,250880
40506,4.6e-05,74.125.24.0-255,2902,4671,70,250880
40507,5e-05,172.31.40.0-255,66,4737,70,250880
40508,5.5e-05,74.125.24.0-255,4320,9057,70,250880
40509,5.9e-05,172.31.40.0-255,66,9123,70,250880
40510,9.6e-05,172.31.40.0-255,66,9189,70,250880
40511,0.00013,74.125.24.0-255,9633,18822,70,250880
40512,0.000133,172.31.40.0-255,66,18888,70,250880
40513,0.000298,74.125.24.0-255,1484,20372,70,250880
40514,0.000302,172.31.40.0-255,66,20438,70,250880
40515,0.000308,74.125.24.0-255,2902,23340,70,250880
40516,0.000311,172.31.40.0-255,66,23406,70,250880
40517,0.000342,74.125.24.0-255,5738,29144,70,250880
40518,0.000345,172.31.40.0-255,66,29210,70,250880
40519,0.000372,74.125.24.0-255,1484,30694,70,250880
40520,0.000374,172.31.40.0-255,66,30760,70,250880
40521,0.000401,172.31.40.0-255,66,30826,70,250880
40522,0.00041,74.125.24.0-255,9939,40765,70,250880
40523,0.000413,172.31.40.0-255,66,40831,70,250880
40524,0.000675,74.125.24.0-255,117,40948,70,250880
40525,0.000684,172.31.40.0-255,66,41014,70,250880
40526,0.000719,74.125.24.0-255,1484,42498,70,250880
40527,0.000722,172.31.40.0-255,66,42564,70,250880
40528,0.000727,74.125.24.0-255,2902,45466,70,250880
40529,0.000729,172.31.40.0-255,66,45532,70,250880
40530,0.000732,74.125.24.0-255,1484,47016,70,250880
40531,0.000738,172.31.40.0-255,66,47082,70,250880
40532,0.000745,74.125.24.0-255,5738,52820,70,250880
40533,0.000748,172.31.40.0-255,66,52886,70,250880
40534,0.000773,74.125.24.0-255,2902,55788,70,250880
40535,0.000775,172.31.40.0-255,66,55854,70,250880
40536,0.000784,74.125.24.0-255,2543,58397,70,250880
40537,0.000786,172.31.40.0-255,66,58463,70,250880
40538,0.000817,74.125.24.0-255,2902,61365,70,250880
40539,0.00082,172.31.40.0-255,66,61431,70,250880
40540,0.000825,74.125.24.0-255,4320,65751,70,250880
40541,0.000827,172.31.40.0-255,66,65817,70,250880
40542,0.000861,74.125.24.0-255,2902,68719,70,250880
40543,0.000865,172.31.40.0-255,66,68785,70,250880
40544,0.000894,74.125.24.0-255,7060,75845,70,250880
40545,0.000898,172.31.40.0-255,66,75911,70,250880
40546,0.001904,74.125.24.0-255,1484,77395,70,250880
40547,0.001918,74.125.24.0-255,2902,80297,70,250880
40548,0.001922,172.31.40.0-255,66,80363,70,250880
40549,0.001931,74.125.24.0-255,5738,86101,70,250880
40550,0.001933,172.31.40.0-255,66,86167,70,250880
40551,0.001982,74.125.24.0-255,8574,94741,70,250880
40552,0.001985,172.31.40.0-255,66,94807,70,250880
40553,0.002012,74.125.24.0-255,1484,96291,70,250880
40554,0.002043,172.31.40.0-255,66,96357,70,250880
40555,0.002153,74.125.24.0-255,1484,97841,70,250880
40556,0.00216,74.125.24.0-255,2902,100743,70,250880
40557,0.002163,172.31.40.0-255,66,100809,70,250880
40558,0.002196,74.125.24.0-255,5738,106547,70,250880
40559,0.002198,172.31.40.0-255,66,106613,70,250880
40560,0.002205,74.125.24.0-255,5738,112351,70,250880
40561,0.002207,172.31.40.0-255,66,112417,70,250880
40562,0.002224,74.125.24.0-255,1484,113901,70,250880
40563,0.002234,74.125.24.0-255,8574,122475,70,250880
40564,0.00224,172.31.40.0-255,66,122541,70,250880
40565,0.002245,74.125.24.0-255,2902,125443,70,250880
40566,0.002247,172.31.40.0-255,66,125509,70,250880
40567,0.00228,74.125.24.0-255,5020,130529,70,250880
40568,0.002283,172.31.40.0-255,66,130595,70,250880
40569,0.00462,74.125.24.0-255,2902,133497,70,250880
40570,0.004624,172.31.40.0-255,66,133563,70,250880
40571,0.004651,74.125.24.0-255,2902,136465,70,250880
40572,0.004653,172.31.40.0-255,66,136531,70,250880
40573,0.006973,74.125.24.0-255,4320,140851,70,250880
40574,0.006976,172.31.40.0-255,66,140917,70,250880
40575,0.007004,74.125.24.0-255,1484,142401,70,250880
40576,0.009319,74.125.24.0-255,4320,146721,70,250880
40577,0.009325,172.31.40.0-255,66,146787,70,250880
40578,0.011644,74.125.24.0-255,5738,152525,70,250880
40579,0.011653,172.31.40.0-255,66,152591,70,250880
40580,0.014005,74.125.24.0-255,5738,158329,70,250880
40581,0.014013,172.31.40.0-255,66,158395,70,250880
40582,0.016377,74.125.24.0-255,5738,164133,70,250880
40583,0.016387,172.31.40.0-255,66,164199,70,250880
40584,0.01873,74.125.24.0-255,5738,169937,70,250880
40585,0.018739,172.31.40.0-255,66,170003,70,250880
40586,0.021074,74.125.24.0-255,5738,175741,70,250880
40587,0.021081,172.31.40.0-255,66,175807,70,250880
40588,0.023409,74.125.24.0-255,5738,181545,70,250880
40589,0.023417,172.31.40.0-255,66,181611,70,250880
40590,0.025761,74.125.24.0-255,5738,187349,70,250880
40591,0.025768,172.31.40.0-255,66,187415,70,250880
40592,0.028185,74.125.24.0-255,5738,193153,70,250880
40593,0.028194,172.31.40.0-255,66,193219,70,250880
40594,0.030527,74.125.24.0-255,5738,198957,70,250880
40595,0.030535,172.31.40.0-255,66,199023,70,250880
40596,0.032153,172.31.40.0-255,172,199195,70,250880
40597,0.032187,172.31.40.0-255,1118,200313,70,250880
40598,0.032284,172.31.40.0-255,1514,201827,70,250880
40599,0.032287,172.31.40.0-255,1514,203341,70,250880
40600,0.032288,172.31.40.0-255,843,204184,70,250880
40601,0.032855,74.125.24.0-255,5738,209922,70,250880
40602,0.032864,172.31.40.0-255,66,209988,70,250880
40603,0.033681,104.244.42.0-255,66,210054,70,250880
40604,0.033785,104.244.42.0-255,66,210120,70,250880
40605,0.033844,104.244.42.0-255,66,210186,70,250880
40606,0.03386,104.244.42.0-255,66,210252,70,250880
40607,0.035215,74.125.24.0-255,5738,215990,70,250880
40608,0.03522,172.31.40.0-255,66,216056,70,250880
40609,0.037597,74.125.24.0-255,5738,221794,70,250880
40610,0.037616,172.31.40.0-255,66,221860,70,250880
40611,0.039969,74.125.24.0-255,5738,227598,70,250880
40612,0.039986,172.31.40.0-255,66,227664,70,250880
40613,0.042336,74.125.24.0-255,5738,233402,70,250880
40614,0.042354,172.31.40.0-255,66,233468,70,250880
40615,0.044662,74.125.24.0-255,5738,239206,70,250880
40616,0.044683,172.31.40.0-255,66,239272,70,250880
40617,0.047039,74.125.24.0-255,5738,245010,70,250880
40618,0.047052,172.31.40.0-255,66,245076,70,250880
40619,0.049425,74.125.24.0-255,5738,250814,70,250880
40620,0.049444,172.31.40.0-255,66,250880,70,250880
40621,0.0,74.125.200.0-255,146,146,70,210118
40622,2.1e-05,172.31.40.0-255,66,212,70,210118
40623,2.8e-05,74.125.200.0-255,1484,1696,70,210118
40624,3.2e-05,172.31.40.0-255,66,1762,70,210118
40625,3.8e-05,74.125.200.0-255,2902,4664,70,210118
40626,4.1e-05,172.31.40.0-255,66,4730,70,210118
40627,4.9e-05,74.125.200.0-255,5738,10468,70,210118
40628,5.3e-05,172.31.40.0-255,66,10534,70,210118
40629,9.7e-05,74.125.200.0-255,3416,13950,70,210118
40630,9.9e-05,172.31.40.0-255,66,14016,70,210118
40631,0.000481,74.125.200.0-255,1484,15500,70,210118
40632,0.000488,172.31.40.0-255,66,15566,70,210118
40633,0.000494,74.125.200.0-255,2902,18468,70,210118
40634,0.000496,172.31.40.0-255,66,18534,70,210118
40635,0.000513,74.125.200.0-255,4320,22854,70,210118
40636,0.000515,172.31.40.0-255,66,22920,70,210118
40637,0.000532,74.125.200.0-255,1484,24404,70,210118
40638,0.000534,172.31.40.0-255,66,24470,70,210118
40639,0.000538,74.125.200.0-255,2902,27372,70,210118
40640,0.000541,172.31.40.0-255,66,27438,70,210118
40641,0.000557,74.125.200.0-255,3961,31399,70,210118
40642,0.00056,172.31.40.0-255,66,31465,70,210118
40643,0.000933,74.125.200.0-255,1484,32949,70,210118
40644,0.000939,172.31.40.0-255,66,33015,70,210118
40645,0.000948,74.125.200.0-255,2902,35917,70,210118
40646,0.00095,172.31.40.0-255,66,35983,70,210118
40647,0.000957,74.125.200.0-255,5738,41721,70,210118
40648,0.000959,172.31.40.0-255,66,41787,70,210118
40649,0.000976,74.125.200.0-255,4320,46107,70,210118
40650,0.000978,172.31.40.0-255,66,46173,70,210118
40651,0.001022,74.125.200.0-255,2543,48716,70,210118
40652,0.001025,172.31.40.0-255,66,48782,70,210118
40653,0.00168,74.125.200.0-255,1484,50266,70,210118
40654,0.001687,172.31.40.0-255,66,50332,70,210118
40655,0.001695,74.125.200.0-255,2902,53234,70,210118
40656,0.001698,172.31.40.0-255,66,53300,70,210118
40657,0.001704,74.125.200.0-255,4320,57620,70,210118
40658,0.001706,172.31.40.0-255,66,57686,70,210118
40659,0.001724,74.125.200.0-255,1484,59170,70,210118
40660,0.001726,172.31.40.0-255,66,59236,70,210118
40661,0.00173,74.125.200.0-255,1484,60720,70,210118
40662,0.001731,172.31.40.0-255,66,60786,70,210118
40663,0.001755,74.125.200.0-255,5379,66165,70,210118
40664,0.001757,172.31.40.0-255,66,66231,70,210118
40665,0.003682,74.125.200.0-255,2902,69133,70,210118
40666,0.003686,172.31.40.0-255,66,69199,70,210118
40667,0.003705,74.125.200.0-255,2902,72101,70,210118
40668,0.003708,172.31.40.0-255,66,72167,70,210118
40669,0.005627,74.125.200.0-255,2902,75069,70,210118
40670,0.005631,172.31.40.0-255,66,75135,70,210118
40671,0.005644,74.125.200.0-255,2902,78037,70,210118
40672,0.005646,172.31.40.0-255,66,78103,70,210118
40673,0.00759,74.125.200.0-255,5738,83841,70,210118
40674,0.007598,172.31.40.0-255,66,83907,70,210118
40675,0.009554,74.125.200.0-255,5738,89645,70,210118
40676,0.009562,172.31.40.0-255,66,89711,70,210118
40677,0.011496,74.125.200.0-255,5738,95449,70,210118
40678,0.011504,172.31.40.0-255,66,95515,70,210118
40679,0.013441,74.125.200.0-255,5738,101253,70,210118
40680,0.013449,172.31.40.0-255,66,101319,70,210118
40681,0.015392,74.125.200.0-255,5738,107057,70,210118
40682,0.015403,172.31.40.0-255,66,107123,70,210118
40683,0.017352,74.125.200.0-255,5738,112861,70,210118
40684,0.017359,172.31.40.0-255,66,112927,70,210118
40685,0.019305,74.125.200.0-255,5738,118665,70,210118
40686,0.019313,172.31.40.0-255,66,118731,70,210118
40687,0.02126,74.125.200.0-255,5738,124469,70,210118
40688,0.021268,172.31.40.0-255,66,124535,70,210118
40689,0.021902,172.31.40.0-255,172,124707,70,210118
40690,0.021936,172.31.40.0-255,1114,125821,70,210118
40691,0.021997,172.31.40.0-255,1514,127335,70,210118
40692,0.021998,172.31.40.0-255,1329,128664,70,210118
40693,0.023218,74.125.200.0-255,5738,134402,70,210118
40694,0.023225,172.31.40.0-255,66,134468,70,210118
40695,0.024201,104.244.42.0-255,66,134534,70,210118
40696,0.025173,74.125.200.0-255,5738,140272,70,210118
40697,0.025179,172.31.40.0-255,66,140338,70,210118
40698,0.027127,74.125.200.0-255,5738,146076,70,210118
40699,0.027133,172.31.40.0-255,66,146142,70,210118
40700,0.029072,74.125.200.0-255,4320,150462,70,210118
40701,0.02908,172.31.40.0-255,66,150528,70,210118
40702,0.029095,74.125.200.0-255,1484,152012,70,210118
40703,0.029098,172.31.40.0-255,66,152078,70,210118
40704,0.031059,74.125.200.0-255,5738,157816,70,210118
40705,0.031066,172.31.40.0-255,66,157882,70,210118
40706,0.033036,74.125.200.0-255,5738,163620,70,210118
40707,0.033044,172.31.40.0-255,66,163686,70,210118
40708,0.035002,74.125.200.0-255,5738,169424,70,210118
40709,0.035009,172.31.40.0-255,66,169490,70,210118
40710,0.036966,74.125.200.0-255,5738,175228,70,210118
40711,0.036973,172.31.40.0-255,66,175294,70,210118
40712,0.038937,74.125.200.0-255,5738,181032,70,210118
40713,0.038944,172.31.40.0-255,66,181098,70,210118
40714,0.040907,74.125.200.0-255,5738,186836,70,210118
40715,0.040913,172.31.40.0-255,66,186902,70,210118
40716,0.042857,74.125.200.0-255,5738,192640,70,210118
40717,0.042864,172.31.40.0-255,66,192706,70,210118
40718,0.044826,74.125.200.0-255,5738,198444,70,210118
40719,0.044833,172.31.40.0-255,66,198510,70,210118
40720,0.046822,74.125.200.0-255,5738,204248,70,210118
40721,0.046829,172.31.40.0-255,66,204314,70,210118
40722,0.048779,74.125.200.0-255,5738,210052,70,210118
40723,0.048787,172.31.40.0-255,66,210118,70,210118
40724,0.0,74.125.200.0-255,291,291,70,363555
40725,2.2e-05,172.31.40.0-255,66,357,70,363555
40726,2.9e-05,74.125.200.0-255,1484,1841,70,363555
40727,3.4e-05,172.31.40.0-255,66,1907,70,363555
40728,4e-05,74.125.200.0-255,2902,4809,70,363555
40729,4.3e-05,172.31.40.0-255,66,4875,70,363555
40730,5e-05,74.125.200.0-255,5738,10613,70,363555
40731,5.3e-05,172.31.40.0-255,66,10679,70,363555
40732,5.9e-05,74.125.200.0-255,4320,14999,70,363555
40733,6.2e-05,172.31.40.0-255,66,15065,70,363555
40734,9.1e-05,74.125.200.0-255,1919,16984,70,363555
40735,9.4e-05,172.31.40.0-255,66,17050,70,363555
40736,0.000102,74.125.200.0-255,7156,24206,70,363555
40737,0.000104,172.31.40.0-255,66,24272,70,363555
40738,0.000111,74.125.200.0-255,6797,31069,70,363555
40739,0.000114,172.31.40.0-255,66,31135,70,363555
40740,0.000205,74.125.200.0-255,1484,32619,70,363555
40741,0.000208,172.31.40.0-255,66,32685,70,363555
40742,0.00023,74.125.200.0-255,2902,35587,70,363555
40743,0.000232,172.31.40.0-255,66,35653,70,363555
40744,0.000239,74.125.200.0-255,5738,41391,70,363555
40745,0.000241,172.31.40.0-255,66,41457,70,363555
40746,0.00026,74.125.200.0-255,2902,44359,70,363555
40747,0.000262,172.31.40.0-255,66,44425,70,363555
40748,0.000288,74.125.200.0-255,3961,48386,70,363555
40749,0.000291,172.31.40.0-255,66,48452,70,363555
40750,0.000298,74.125.200.0-255,7156,55608,70,363555
40751,0.000301,172.31.40.0-255,66,55674,70,363555
40752,0.000325,74.125.200.0-255,9944,65618,70,363555
40753,0.000328,172.31.40.0-255,66,65684,70,363555
40754,0.000331,74.125.200.0-255,109,65793,70,363555
40755,0.000334,172.31.40.0-255,66,65859,70,363555
40756,0.000463,74.125.200.0-255,332,66191,70,363555
40757,0.001003,172.31.40.0-255,66,66257,70,363555
40758,0.001112,74.125.200.0-255,1484,67741,70,363555
40759,0.001122,74.125.200.0-255,2902,70643,70,363555
40760,0.001126,172.31.40.0-255,66,70709,70,363555
40761,0.001152,74.125.200.0-255,4320,75029,70,363555
40762,0.001154,172.31.40.0-255,66,75095,70,363555
40763,0.001174,74.125.200.0-255,1484,76579,70,363555
40764,0.00118,74.125.200.0-255,4320,80899,70,363555
40765,0.001182,172.31.40.0-255,66,80965,70,363555
40766,0.001217,74.125.200.0-255,2543,83508,70,363555
40767,0.00122,172.31.40.0-255,66,83574,70,363555
40768,0.001248,74.125.200.0-255,2902,86476,70,363555
40769,0.00125,172.31.40.0-255,66,86542,70,363555
40770,0.001271,74.125.200.0-255,4320,90862,70,363555
40771,0.001273,172.31.40.0-255,66,90928,70,363555
40772,0.001292,74.125.200.0-255,5738,96666,70,363555
40773,0.001295,172.31.40.0-255,66,96732,70,363555
40774,0.001312,74.125.200.0-255,2902,99634,70,363555
40775,0.001315,172.31.40.0-255,66,99700,70,363555
40776,0.001334,74.125.200.0-255,1125,100825,70,363555
40777,0.001455,74.125.200.0-255,1484,102309,70,363555
40778,0.00146,172.31.40.0-255,66,102375,70,363555
40779,0.001466,74.125.200.0-255,2902,105277,70,363555
40780,0.001468,172.31.40.0-255,66,105343,70,363555
40781,0.00149,74.125.200.0-255,2902,108245,70,363555
40782,0.001492,172.31.40.0-255,66,108311,70,363555
40783,0.001511,74.125.200.0-255,2902,111213,70,363555
40784,0.001514,172.31.40.0-255,66,111279,70,363555
40785,0.001519,74.125.200.0-255,4320,115599,70,363555
40786,0.001521,172.31.40.0-255,66,115665,70,363555
40787,0.001537,74.125.200.0-255,2902,118567,70,363555
40788,0.00154,172.31.40.0-255,66,118633,70,363555
40789,0.001548,74.125.200.0-255,8574,127207,70,363555
40790,0.001551,172.31.40.0-255,66,127273,70,363555
40791,0.001595,74.125.200.0-255,7856,135129,70,363555
40792,0.001597,172.31.40.0-255,66,135195,70,363555
40793,0.001623,74.125.200.0-255,1484,136679,70,363555
40794,0.001627,74.125.200.0-255,1484,138163,70,363555
40795,0.001629,172.31.40.0-255,66,138229,70,363555
40796,0.001645,74.125.200.0-255,1484,139713,70,363555
40797,0.001651,74.125.200.0-255,5738,145451,70,363555
40798,0.001654,172.31.40.0-255,66,145517,70,363555
40799,0.001674,74.125.200.0-255,7156,152673,70,363555
40800,0.001677,172.31.40.0-255,66,152739,70,363555
40801,0.001698,74.125.200.0-255,8574,161313,70,363555
40802,0.001701,172.31.40.0-255,66,161379,70,363555
40803,0.001735,74.125.200.0-255,7856,169235,70,363555
40804,0.001739,172.31.40.0-255,66,169301,70,363555
40805,0.001776,74.125.200.0-255,1484,170785,70,363555
40806,0.001782,74.125.200.0-255,2902,173687,70,363555
40807,0.001785,172.31.40.0-255,66,173753,70,363555
40808,0.001807,74.125.200.0-255,5738,179491,70,363555
40809,0.001811,172.31.40.0-255,66,179557,70,363555
40810,0.001816,74.125.200.0-255,2902,182459,70,363555
40811,0.001818,172.31.40.0-255,66,182525,70,363555
40812,0.001832,74.125.200.0-255,4320,186845,70,363555
40813,0.001835,172.31.40.0-255,66,186911,70,363555
40814,0.00184,74.125.200.0-255,2902,189813,70,363555
40815,0.001842,172.31.40.0-255,66,189879,70,363555
40816,0.001868,74.125.200.0-255,5738,195617,70,363555
40817,0.001871,172.31.40.0-255,66,195683,70,363555
40818,0.001879,74.125.200.0-255,7856,203539,70,363555
40819,0.001881,172.31.40.0-255,66,203605,70,363555
40820,0.001958,74.125.200.0-255,1484,205089,70,363555
40821,0.001975,74.125.200.0-255,2902,207991,70,363555
40822,0.001979,172.31.40.0-255,66,208057,70,363555
40823,0.001982,74.125.200.0-255,1484,209541,70,363555
40824,0.002001,74.125.200.0-255,4320,213861,70,363555
40825,0.002005,172.31.40.0-255,66,213927,70,363555
40826,0.002008,74.125.200.0-255,1484,215411,70,363555
40827,0.002034,172.31.40.0-255,66,215477,70,363555
40828,0.00204,74.125.200.0-255,5738,221215,70,363555
40829,0.002043,172.31.40.0-255,66,221281,70,363555
40830,0.00207,74.125.200.0-255,5020,226301,70,363555
40831,0.002073,172.31.40.0-255,66,226367,70,363555
40832,0.004121,74.125.200.0-255,5738,232105,70,363555
40833,0.004131,172.31.40.0-255,66,232171,70,363555
40834,0.006168,74.125.200.0-255,4320,236491,70,363555
40835,0.006171,172.31.40.0-255,66,236557,70,363555
40836,0.006183,74.125.200.0-255,1484,238041,70,363555
40837,0.008226,74.125.200.0-255,4320,242361,70,363555
40838,0.008232,172.31.40.0-255,66,242427,70,363555
40839,0.010284,74.125.200.0-255,5738,248165,70,363555
40840,0.010295,172.31.40.0-255,66,248231,70,363555
40841,0.012352,74.125.200.0-255,5738,253969,70,363555
40842,0.012367,172.31.40.0-255,66,254035,70,363555
40843,0.014415,74.125.200.0-255,5738,259773,70,363555
40844,0.014427,172.31.40.0-255,66,259839,70,363555
40845,0.01648,74.125.200.0-255,5738,265577,70,363555
40846,0.016494,172.31.40.0-255,66,265643,70,363555
40847,0.018538,74.125.200.0-255,5738,271381,70,363555
40848,0.018547,172.31.40.0-255,66,271447,70,363555
40849,0.020596,74.125.200.0-255,5738,277185,70,363555
40850,0.020604,172.31.40.0-255,66,277251,70,363555
40851,0.022661,74.125.200.0-255,5738,282989,70,363555
40852,0.022669,172.31.40.0-255,66,283055,70,363555
40853,0.024715,74.125.200.0-255,5738,288793,70,363555
40854,0.024722,172.31.40.0-255,66,288859,70,363555
40855,0.026763,74.125.200.0-255,2902,291761,70,363555
40856,0.026771,172.31.40.0-255,66,291827,70,363555
40857,0.026793,74.125.200.0-255,2902,294729,70,363555
40858,0.026796,172.31.40.0-255,66,294795,70,363555
40859,0.028815,74.125.200.0-255,2902,297697,70,363555
40860,0.028823,172.31.40.0-255,66,297763,70,363555
40861,0.028885,74.125.200.0-255,2902,300665,70,363555
40862,0.028888,172.31.40.0-255,66,300731,70,363555
40863,0.030874,74.125.200.0-255,2902,303633,70,363555
40864,0.030883,172.31.40.0-255,66,303699,70,363555
40865,0.03092,74.125.200.0-255,2902,306601,70,363555
40866,0.030923,172.31.40.0-255,66,306667,70,363555
40867,0.03293,74.125.200.0-255,2902,309569,70,363555
40868,0.032939,172.31.40.0-255,66,309635,70,363555
40869,0.032959,74.125.200.0-255,2902,312537,70,363555
40870,0.032963,172.31.40.0-255,66,312603,70,363555
40871,0.034983,74.125.200.0-255,2902,315505,70,363555
40872,0.034991,172.31.40.0-255,66,315571,70,363555
40873,0.035012,74.125.200.0-255,2902,318473,70,363555
40874,0.035015,172.31.40.0-255,66,318539,70,363555
40875,0.037053,74.125.200.0-255,5738,324277,70,363555
40876,0.037068,172.31.40.0-255,66,324343,70,363555
40877,0.039118,74.125.200.0-255,5738,330081,70,363555
40878,0.039125,172.31.40.0-255,66,330147,70,363555
40879,0.041181,74.125.200.0-255,5738,335885,70,363555
40880,0.041196,172.31.40.0-255,66,335951,70,363555
40881,0.04324,74.125.200.0-255,5738,341689,70,363555
40882,0.043252,172.31.40.0-255,66,341755,70,363555
40883,0.045307,74.125.200.0-255,5738,347493,70,363555
40884,0.045322,172.31.40.0-255,66,347559,70,363555
40885,0.047365,74.125.200.0-255,5738,353297,70,363555
40886,0.047372,172.31.40.0-255,66,353363,70,363555
40887,0.048159,172.31.40.0-255,231,353594,70,363555
40888,0.04819,172.31.40.0-255,1119,354713,70,363555
40889,0.048245,172.31.40.0-255,1514,356227,70,363555
40890,0.048247,172.31.40.0-255,1326,357553,70,363555
40891,0.049421,74.125.200.0-255,5738,363291,70,363555
40892,0.049428,172.31.40.0-255,66,363357,70,363555
40893,0.049649,104.244.42.0-255,66,363423,70,363555
40894,0.049683,104.244.42.0-255,66,363489,70,363555
40895,0.049747,104.244.42.0-255,66,363555,70,363555
40896,0.0,172.217.194.0-255,153,153,70,280696
40897,2.3e-05,172.31.40.0-255,66,219,70,280696
40898,3e-05,172.217.194.0-255,1484,1703,70,280696
40899,3.5e-05,172.31.40.0-255,66,1769,70,280696
40900,4e-05,172.217.194.0-255,2902,4671,70,280696
40901,4.3e-05,172.31.40.0-255,66,4737,70,280696
40902,5e-05,172.217.194.0-255,7156,11893,70,280696
40903,5.4e-05,172.31.40.0-255,66,11959,70,280696
40904,5.8e-05,172.217.194.0-255,2020,13979,70,280696
40905,6.1e-05,172.31.40.0-255,66,14045,70,280696
40906,0.000101,172.217.194.0-255,7156,21201,70,280696
40907,0.000104,172.31.40.0-255,66,21267,70,280696
40908,0.000113,172.217.194.0-255,8574,29841,70,280696
40909,0.000116,172.31.40.0-255,66,29907,70,280696
40910,0.000127,172.217.194.0-255,1125,31032,70,280696
40911,0.00013,172.31.40.0-255,66,31098,70,280696
40912,0.000442,172.217.194.0-255,1484,32582,70,280696
40913,0.000447,172.31.40.0-255,66,32648,70,280696
40914,0.000453,172.217.194.0-255,2902,35550,70,280696
40915,0.000456,172.31.40.0-255,66,35616,70,280696
40916,0.000462,172.217.194.0-255,5738,41354,70,280696
40917,0.000464,172.31.40.0-255,66,41420,70,280696
40918,0.000509,172.31.40.0-255,66,41486,70,280696
40919,0.000514,172.217.194.0-255,2902,44388,70,280696
40920,0.000516,172.31.40.0-255,66,44454,70,280696
40921,0.000543,172.217.194.0-255,8574,53028,70,280696
40922,0.000546,172.31.40.0-255,66,53094,70,280696
40923,0.000549,172.217.194.0-255,1379,54473,70,280696
40924,0.00055,172.31.40.0-255,66,54539,70,280696
40925,0.000593,172.217.194.0-255,113,54652,70,280696
40926,0.000595,172.31.40.0-255,66,54718,70,280696
40927,0.000874,172.217.194.0-255,384,55102,70,280696
40928,0.001065,172.31.40.0-255,66,55168,70,280696
40929,0.001146,172.217.194.0-255,1484,56652,70,280696
40930,0.001168,172.217.194.0-255,2902,59554,70,280696
40931,0.001171,172.31.40.0-255,66,59620,70,280696
40932,0.001178,172.217.194.0-255,4320,63940,70,280696
40933,0.001179,172.31.40.0-255,66,64006,70,280696
40934,0.001191,172.217.194.0-255,1484,65490,70,280696
40935,0.001196,172.217.194.0-255,2902,68392,70,280696
40936,0.001198,172.31.40.0-255,66,68458,70,280696
40937,0.001239,172.217.194.0-255,9992,78450,70,280696
40938,0.001242,172.31.40.0-255,66,78516,70,280696
40939,0.00125,172.217.194.0-255,8574,87090,70,280696
40940,0.001251,172.31.40.0-255,66,87156,70,280696
40941,0.001272,172.217.194.0-255,2184,89340,70,280696
40942,0.001274,172.31.40.0-255,66,89406,70,280696
40943,0.001584,172.217.194.0-255,1484,90890,70,280696
40944,0.001593,172.217.194.0-255,2902,93792,70,280696
40945,0.001597,172.31.40.0-255,66,93858,70,280696
40946,0.001604,172.217.194.0-255,5738,99596,70,280696
40947,0.001606,172.31.40.0-255,66,99662,70,280696
40948,0.001643,172.31.40.0-255,66,99728,70,280696
40949,0.00168,172.217.194.0-255,8574,108302,70,280696
40950,0.001682,172.31.40.0-255,66,108368,70,280696
40951,0.001713,172.217.194.0-255,3602,111970,70,280696
40952,0.001715,172.31.40.0-255,66,112036,70,280696
40953,0.001729,172.217.194.0-255,1484,113520,70,280696
40954,0.001749,172.217.194.0-255,2902,116422,70,280696
40955,0.001752,172.31.40.0-255,66,116488,70,280696
40956,0.001758,172.217.194.0-255,5738,122226,70,280696
40957,0.001761,172.31.40.0-255,66,122292,70,280696
40958,0.001764,172.217.194.0-255,1484,123776,70,280696
40959,0.001797,172.31.40.0-255,66,123842,70,280696
40960,0.001824,172.217.194.0-255,8574,132416,70,280696
40961,0.001827,172.31.40.0-255,66,132482,70,280696
40962,0.001861,172.31.40.0-255,66,132548,70,280696
40963,0.001876,172.31.40.0-255,66,132614,70,280696
40964,0.00188,172.217.194.0-255,2902,135516,70,280696
40965,0.001882,172.31.40.0-255,66,135582,70,280696
40966,0.001918,172.217.194.0-255,7856,143438,70,280696
40967,0.001922,172.31.40.0-255,66,143504,70,280696
40968,0.001935,172.31.40.0-255,66,143570,70,280696
40969,0.001949,172.31.40.0-255,66,143636,70,280696
40970,0.001963,172.217.194.0-255,1484,145120,70,280696
40971,0.00198,172.217.194.0-255,7856,152976,70,280696
40972,0.001982,172.31.40.0-255,66,153042,70,280696
40973,0.002131,172.217.194.0-255,1484,154526,70,280696
40974,0.002152,172.217.194.0-255,2902,157428,70,280696
40975,0.002156,172.31.40.0-255,66,157494,70,280696
40976,0.002163,172.217.194.0-255,5738,163232,70,280696
40977,0.002166,172.31.40.0-255,66,163298,70,280696
40978,0.002233,172.31.40.0-255,66,163364,70,280696
40979,0.002251,172.31.40.0-255,66,163430,70,280696
40980,0.002264,172.31.40.0-255,66,163496,70,280696
40981,0.002282,172.217.194.0-255,2902,166398,70,280696
40982,0.002285,172.31.40.0-255,66,166464,70,280696
40983,0.002292,172.217.194.0-255,7156,173620,70,280696
40984,0.002295,172.31.40.0-255,66,173686,70,280696
40985,0.002315,172.217.194.0-255,5020,178706,70,280696
40986,0.002318,172.31.40.0-255,66,178772,70,280696
40987,0.002558,172.217.194.0-255,1484,180256,70,280696
40988,0.00258,172.217.194.0-255,2902,183158,70,280696
40989,0.002584,172.31.40.0-255,66,183224,70,280696
40990,0.002588,172.217.194.0-255,1484,184708,70,280696
40991,0.002594,172.217.194.0-255,4320,189028,70,280696
40992,0.002596,172.31.40.0-255,66,189094,70,280696
40993,0.002612,172.217.194.0-255,1484,190578,70,280696
40994,0.002638,172.217.194.0-255,4320,194898,70,280696
40995,0.002641,172.31.40.0-255,66,194964,70,280696
40996,0.002673,172.217.194.0-255,8574,203538,70,280696
40997,0.002676,172.31.40.0-255,66,203604,70,280696
40998,0.002683,172.217.194.0-255,7156,210760,70,280696
40999,0.002685,172.31.40.0-255,66,210826,70,280696
41000,0.005271,172.217.194.0-255,4320,215146,70,280696
41001,0.005275,172.31.40.0-255,66,215212,70,280696
41002,0.005295,172.217.194.0-255,1484,216696,70,280696
41003,0.007891,172.217.194.0-255,4320,221016,70,280696
41004,0.007897,172.31.40.0-255,66,221082,70,280696
41005,0.01051,172.217.194.0-255,5738,226820,70,280696
41006,0.010517,172.31.40.0-255,66,226886,70,280696
41007,0.013138,172.217.194.0-255,5738,232624,70,280696
41008,0.013146,172.31.40.0-255,66,232690,70,280696
41009,0.015746,172.217.194.0-255,5738,238428,70,280696
41010,0.015754,172.31.40.0-255,66,238494,70,280696
41011,0.018366,172.217.194.0-255,5738,244232,70,280696
41012,0.018377,172.31.40.0-255,66,244298,70,280696
41013,0.020973,172.217.194.0-255,2902,247200,70,280696
41014,0.020981,172.31.40.0-255,66,247266,70,280696
41015,0.021009,172.217.194.0-255,2902,250168,70,280696
41016,0.021012,172.31.40.0-255,66,250234,70,280696
41017,0.023576,172.217.194.0-255,4320,254554,70,280696
41018,0.023584,172.31.40.0-255,66,254620,70,280696
41019,0.023613,172.217.194.0-255,1484,256104,70,280696
41020,0.026198,172.217.194.0-255,4320,260424,70,280696
41021,0.026206,172.31.40.0-255,66,260490,70,280696
41022,0.028802,172.217.194.0-255,5738,266228,70,280696
41023,0.028809,172.31.40.0-255,66,266294,70,280696
41024,0.031415,172.217.194.0-255,5738,272032,70,280696
41025,0.031423,172.31.40.0-255,66,272098,70,280696
41026,0.032825,172.31.40.0-255,172,272270,70,280696
41027,0.032857,172.31.40.0-255,1117,273387,70,280696
41028,0.032917,172.31.40.0-255,1514,274901,70,280696
41029,0.032919,172.31.40.0-255,1514,276415,70,280696
41030,0.032952,172.31.40.0-255,845,277260,70,280696
41031,0.034,172.217.194.0-255,2935,280195,70,280696
41032,0.034007,172.31.40.0-255,66,280261,70,280696
41033,0.034162,172.31.40.0-255,105,280366,70,280696
41034,0.034412,104.244.42.0-255,66,280432,70,280696
41035,0.034421,104.244.42.0-255,66,280498,70,280696
41036,0.034455,104.244.42.0-255,66,280564,70,280696
41037,0.034504,104.244.42.0-255,66,280630,70,280696
41038,0.036741,172.217.194.0-255,66,280696,70,280696
41039,0.0,74.125.24.0-255,152,152,70,287794
41040,2.4e-05,172.31.40.0-255,66,218,70,287794
41041,3.1e-05,74.125.24.0-255,1484,1702,70,287794
41042,3.5e-05,172.31.40.0-255,66,1768,70,287794
41043,4.1e-05,74.125.24.0-255,2902,4670,70,287794
41044,4.3e-05,172.31.40.0-255,66,4736,70,287794
41045,5e-05,74.125.24.0-255,5738,10474,70,287794
41046,6.5e-05,172.31.40.0-255,66,10540,70,287794
41047,9.1e-05,74.125.24.0-255,1484,12024,70,287794
41048,9.4e-05,172.31.40.0-255,66,12090,70,287794
41049,0.000101,74.125.24.0-255,1988,14078,70,287794
41050,0.000103,172.31.40.0-255,66,14144,70,287794
41051,0.000108,74.125.24.0-255,2902,17046,70,287794
41052,0.00011,172.31.40.0-255,66,17112,70,287794
41053,0.000117,74.125.24.0-255,7156,24268,70,287794
41054,0.000122,172.31.40.0-255,66,24334,70,287794
41055,0.000186,74.125.24.0-255,6797,31131,70,287794
41056,0.000189,172.31.40.0-255,66,31197,70,287794
41057,0.000234,74.125.24.0-255,1484,32681,70,287794
41058,0.000237,172.31.40.0-255,66,32747,70,287794
41059,0.000241,74.125.24.0-255,2902,35649,70,287794
41060,0.000244,172.31.40.0-255,66,35715,70,287794
41061,0.000274,74.125.24.0-255,5738,41453,70,287794
41062,0.000277,172.31.40.0-255,66,41519,70,287794
41063,0.000281,74.125.24.0-255,1484,43003,70,287794
41064,0.000283,172.31.40.0-255,66,43069,70,287794
41065,0.00033,172.31.40.0-255,66,43135,70,287794
41066,0.000338,74.125.24.0-255,9633,52768,70,287794
41067,0.000341,172.31.40.0-255,66,52834,70,287794
41068,0.000343,74.125.24.0-255,363,53197,70,287794
41069,0.000346,172.31.40.0-255,66,53263,70,287794
41070,0.000383,74.125.24.0-255,132,53395,70,287794
41071,0.000464,74.125.24.0-255,347,53742,70,287794
41072,0.000802,74.125.24.0-255,1484,55226,70,287794
41073,0.000806,172.31.40.0-255,66,55292,70,287794
41074,0.000811,74.125.24.0-255,2902,58194,70,287794
41075,0.000814,172.31.40.0-255,66,58260,70,287794
41076,0.000819,74.125.24.0-255,2902,61162,70,287794
41077,0.000826,172.31.40.0-255,66,61228,70,287794
41078,0.000849,74.125.24.0-255,2902,64130,70,287794
41079,0.000852,172.31.40.0-255,66,64196,70,287794
41080,0.000866,172.31.40.0-255,66,64262,70,287794
41081,0.000876,74.125.24.0-255,10692,74954,70,287794
41082,0.000896,172.31.40.0-255,66,75020,70,287794
41083,0.001199,74.125.24.0-255,1484,76504,70,287794
41084,0.001207,74.125.24.0-255,2902,79406,70,287794
41085,0.001241,74.125.24.0-255,1484,80890,70,287794
41086,0.00125,172.31.40.0-255,66,80956,70,287794
41087,0.001282,74.125.24.0-255,4320,85276,70,287794
41088,0.001302,74.125.24.0-255,8574,93850,70,287794
41089,0.001306,74.125.24.0-255,2184,96034,70,287794
41090,0.001322,172.31.40.0-255,66,96100,70,287794
41091,0.001448,74.125.24.0-255,1484,97584,70,287794
41092,0.001451,74.125.24.0-255,1484,99068,70,287794
41093,0.001458,172.31.40.0-255,66,99134,70,287794
41094,0.00148,74.125.24.0-255,1484,100618,70,287794
41095,0.001487,74.125.24.0-255,5738,106356,70,287794
41096,0.001506,172.31.40.0-255,66,106422,70,287794
41097,0.001538,74.125.24.0-255,9992,116414,70,287794
41098,0.001554,74.125.24.0-255,766,117180,70,287794
41099,0.001559,172.31.40.0-255,66,117246,70,287794
41100,0.001914,74.125.24.0-255,1484,118730,70,287794
41101,0.001919,74.125.24.0-255,2902,121632,70,287794
41102,0.001925,172.31.40.0-255,66,121698,70,287794
41103,0.001954,74.125.24.0-255,5738,127436,70,287794
41104,0.001976,172.31.40.0-255,66,127502,70,287794
41105,0.001987,74.125.24.0-255,1484,128986,70,287794
41106,0.002003,74.125.24.0-255,10692,139678,70,287794
41107,0.002017,172.31.40.0-255,66,139744,70,287794
41108,0.002108,74.125.24.0-255,1484,141228,70,287794
41109,0.002113,74.125.24.0-255,2902,144130,70,287794
41110,0.002133,74.125.24.0-255,5738,149868,70,287794
41111,0.002138,172.31.40.0-255,66,149934,70,287794
41112,0.002175,74.125.24.0-255,7156,157090,70,287794
41113,0.00219,74.125.24.0-255,3602,160692,70,287794
41114,0.002197,172.31.40.0-255,66,160758,70,287794
41115,0.002309,74.125.24.0-255,1484,162242,70,287794
41116,0.002312,74.125.24.0-255,1484,163726,70,287794
41117,0.00233,74.125.24.0-255,1484,165210,70,287794
41118,0.002337,74.125.24.0-255,5738,170948,70,287794
41119,0.00234,74.125.24.0-255,1484,172432,70,287794
41120,0.002348,172.31.40.0-255,66,172498,70,287794
41121,0.002397,172.31.40.0-255,66,172564,70,287794
41122,0.002417,74.125.24.0-255,10692,183256,70,287794
41123,0.002445,172.31.40.0-255,66,183322,70,287794
41124,0.005031,74.125.24.0-255,5738,189060,70,287794
41125,0.00504,172.31.40.0-255,66,189126,70,287794
41126,0.007627,74.125.24.0-255,5738,194864,70,287794
41127,0.007635,172.31.40.0-255,66,194930,70,287794
41128,0.010254,74.125.24.0-255,5738,200668,70,287794
41129,0.010274,172.31.40.0-255,66,200734,70,287794
41130,0.012922,74.125.24.0-255,5738,206472,70,287794
41131,0.012942,172.31.40.0-255,66,206538,70,287794
41132,0.015527,74.125.24.0-255,5738,212276,70,287794
41133,0.015538,172.31.40.0-255,66,212342,70,287794
41134,0.018144,74.125.24.0-255,5738,218080,70,287794
41135,0.018166,172.31.40.0-255,66,218146,70,287794
41136,0.020785,74.125.24.0-255,5738,223884,70,287794
41137,0.020804,172.31.40.0-255,66,223950,70,287794
41138,0.023398,74.125.24.0-255,5738,229688,70,287794
41139,0.023418,172.31.40.0-255,66,229754,70,287794
41140,0.026001,74.125.24.0-255,5738,235492,70,287794
41141,0.026021,172.31.40.0-255,66,235558,70,287794
41142,0.028584,74.125.24.0-255,5738,241296,70,287794
41143,0.028604,172.31.40.0-255,66,241362,70,287794
41144,0.031198,74.125.24.0-255,5738,247100,70,287794
41145,0.031209,172.31.40.0-255,66,247166,70,287794
41146,0.033798,74.125.24.0-255,5738,252904,70,287794
41147,0.033815,172.31.40.0-255,66,252970,70,287794
41148,0.036415,74.125.24.0-255,5738,258708,70,287794
41149,0.036434,172.31.40.0-255,66,258774,70,287794
41150,0.038985,74.125.24.0-255,5738,264512,70,287794
41151,0.038995,172.31.40.0-255,66,264578,70,287794
41152,0.041602,74.125.24.0-255,5738,270316,70,287794
41153,0.041631,172.31.40.0-255,66,270382,70,287794
41154,0.044256,74.125.24.0-255,5738,276120,70,287794
41155,0.044274,172.31.40.0-255,66,276186,70,287794
41156,0.046894,74.125.24.0-255,5738,281924,70,287794
41157,0.046914,172.31.40.0-255,66,281990,70,287794
41158,0.049514,74.125.24.0-255,5738,287728,70,287794
41159,0.049525,172.31.40.0-255,66,287794,70,287794
41160,0.0,172.217.194.0-255,150,150,70,295472
41161,1.9e-05,172.31.40.0-255,66,216,70,295472
41162,2.7e-05,172.217.194.0-255,1484,1700,70,295472
41163,3.1e-05,172.31.40.0-255,66,1766,70,295472
41164,3.7e-05,172.217.194.0-255,2902,4668,70,295472
41165,4e-05,172.31.40.0-255,66,4734,70,295472
41166,4.9e-05,172.217.194.0-255,7156,11890,70,295472
41167,5.9e-05,172.31.40.0-255,66,11956,70,295472
41168,6.4e-05,172.217.194.0-255,2029,13985,70,295472
41169,6.7e-05,172.31.40.0-255,66,14051,70,295472
41170,0.000128,172.31.40.0-255,66,14117,70,295472
41171,0.000149,172.217.194.0-255,4320,18437,70,295472
41172,0.000152,172.31.40.0-255,66,18503,70,295472
41173,0.000174,172.217.194.0-255,1125,19628,70,295472
41174,0.000176,172.31.40.0-255,66,19694,70,295472
41175,0.000217,172.217.194.0-255,1484,21178,70,295472
41176,0.000219,172.31.40.0-255,66,21244,70,295472
41177,0.000223,172.217.194.0-255,2902,24146,70,295472
41178,0.000226,172.31.40.0-255,66,24212,70,295472
41179,0.000263,172.217.194.0-255,5738,29950,70,295472
41180,0.000266,172.31.40.0-255,66,30016,70,295472
41181,0.000269,172.217.194.0-255,1484,31500,70,295472
41182,0.000271,172.31.40.0-255,66,31566,70,295472
41183,0.000307,172.217.194.0-255,8574,40140,70,295472
41184,0.00031,172.31.40.0-255,66,40206,70,295472
41185,0.000313,172.217.194.0-255,1484,41690,70,295472
41186,0.000315,172.31.40.0-255,66,41756,70,295472
41187,0.000353,172.217.194.0-255,5738,47494,70,295472
41188,0.000356,172.31.40.0-255,66,47560,70,295472
41189,0.000363,172.217.194.0-255,6438,53998,70,295472
41190,0.000365,172.31.40.0-255,66,54064,70,295472
41191,0.000495,172.217.194.0-255,378,54442,70,295472
41192,0.000548,172.217.194.0-255,364,54806,70,295472
41193,0.000608,172.217.194.0-255,1484,56290,70,295472
41194,0.000612,172.31.40.0-255,66,56356,70,295472
41195,0.000641,172.217.194.0-255,1484,57840,70,295472
41196,0.000647,172.217.194.0-255,2902,60742,70,295472
41197,0.000649,172.31.40.0-255,66,60808,70,295472
41198,0.000709,172.217.194.0-255,2902,63710,70,295472
41199,0.000713,172.31.40.0-255,66,63776,70,295472
41200,0.000725,172.217.194.0-255,2902,66678,70,295472
41201,0.000732,172.31.40.0-255,66,66744,70,295472
41202,0.000736,172.217.194.0-255,2902,69646,70,295472
41203,0.000738,172.31.40.0-255,66,69712,70,295472
41204,0.00076,172.217.194.0-255,4320,74032,70,295472
41205,0.000767,172.31.40.0-255,66,74098,70,295472
41206,0.000798,172.217.194.0-255,5738,79836,70,295472
41207,0.000801,172.31.40.0-255,66,79902,70,295472
41208,0.00083,172.217.194.0-255,2902,82804,70,295472
41209,0.000832,172.31.40.0-255,66,82870,70,295472
41210,0.000837,172.217.194.0-255,2902,85772,70,295472
41211,0.000839,172.31.40.0-255,66,85838,70,295472
41212,0.000849,172.217.194.0-255,3602,89440,70,295472
41213,0.000851,172.31.40.0-255,66,89506,70,295472
41214,0.001233,172.217.194.0-255,1484,90990,70,295472
41215,0.001253,172.217.194.0-255,2902,93892,70,295472
41216,0.001257,172.31.40.0-255,66,93958,70,295472
41217,0.001285,172.217.194.0-255,4320,98278,70,295472
41218,0.001288,172.31.40.0-255,66,98344,70,295472
41219,0.001314,172.217.194.0-255,1484,99828,70,295472
41220,0.001321,172.217.194.0-255,5738,105566,70,295472
41221,0.001323,172.31.40.0-255,66,105632,70,295472
41222,0.00135,172.217.194.0-255,2902,108534,70,295472
41223,0.001352,172.31.40.0-255,66,108600,70,295472
41224,0.001386,172.217.194.0-255,8574,117174,70,295472
41225,0.001389,172.31.40.0-255,66,117240,70,295472
41226,0.001397,172.217.194.0-255,6438,123678,70,295472
41227,0.001399,172.31.40.0-255,66,123744,70,295472
41228,0.002132,172.217.194.0-255,1484,125228,70,295472
41229,0.002141,172.217.194.0-255,2902,128130,70,295472
41230,0.002145,172.31.40.0-255,66,128196,70,295472
41231,0.002149,172.217.194.0-255,1484,129680,70,295472
41232,0.002166,172.217.194.0-255,1484,131164,70,295472
41233,0.002168,172.31.40.0-255,66,131230,70,295472
41234,0.002174,172.217.194.0-255,4320,135550,70,295472
41235,0.002177,172.31.40.0-255,66,135616,70,295472
41236,0.002232,172.217.194.0-255,8574,144190,70,295472
41237,0.002235,172.31.40.0-255,66,144256,70,295472
41238,0.002241,172.217.194.0-255,5738,149994,70,295472
41239,0.002243,172.31.40.0-255,66,150060,70,295472
41240,0.002279,172.217.194.0-255,7856,157916,70,295472
41241,0.002282,172.31.40.0-255,66,157982,70,295472
41242,0.002422,172.217.194.0-255,1484,159466,70,295472
41243,0.002427,172.217.194.0-255,1484,160950,70,295472
41244,0.00243,172.31.40.0-255,66,161016,70,295472
41245,0.002443,172.217.194.0-255,1484,162500,70,295472
41246,0.002455,172.217.194.0-255,5738,168238,70,295472
41247,0.002457,172.31.40.0-255,66,168304,70,295472
41248,0.002487,172.217.194.0-255,5738,174042,70,295472
41249,0.002489,172.31.40.0-255,66,174108,70,295472
41250,0.002533,172.31.40.0-255,66,174174,70,295472
41251,0.002539,172.217.194.0-255,5020,179194,70,295472
41252,0.002541,172.31.40.0-255,66,179260,70,295472
41253,0.002581,172.217.194.0-255,8574,187834,70,295472
41254,0.002584,172.31.40.0-255,66,187900,70,295472
41255,0.002607,172.217.194.0-255,2902,190802,70,295472
41256,0.00261,172.31.40.0-255,66,190868,70,295472
41257,0.005106,172.217.194.0-255,2902,193770,70,295472
41258,0.005114,172.31.40.0-255,66,193836,70,295472
41259,0.005153,172.217.194.0-255,2902,196738,70,295472
41260,0.005155,172.31.40.0-255,66,196804,70,295472
41261,0.007669,172.217.194.0-255,5738,202542,70,295472
41262,0.007675,172.31.40.0-255,66,202608,70,295472
41263,0.010262,172.217.194.0-255,5738,208346,70,295472
41264,0.010269,172.31.40.0-255,66,208412,70,295472
41265,0.012851,172.217.194.0-255,5738,214150,70,295472
41266,0.012861,172.31.40.0-255,66,214216,70,295472
41267,0.015431,172.217.194.0-255,5738,219954,70,295472
41268,0.015441,172.31.40.0-255,66,220020,70,295472
41269,0.01799,172.217.194.0-255,5738,225758,70,295472
41270,0.017999,172.31.40.0-255,66,225824,70,295472
41271,0.020594,172.217.194.0-255,5738,231562,70,295472
41272,0.020605,172.31.40.0-255,66,231628,70,295472
41273,0.023157,172.217.194.0-255,5738,237366,70,295472
41274,0.023176,172.31.40.0-255,66,237432,70,295472
41275,0.025729,172.217.194.0-255,5738,243170,70,295472
41276,0.025746,172.31.40.0-255,66,243236,70,295472
41277,0.028337,172.217.194.0-255,5738,248974,70,295472
41278,0.028353,172.31.40.0-255,66,249040,70,295472
41279,0.030928,172.217.194.0-255,5738,254778,70,295472
41280,0.030936,172.31.40.0-255,66,254844,70,295472
41281,0.033493,172.217.194.0-255,5738,260582,70,295472
41282,0.033511,172.31.40.0-255,66,260648,70,295472
41283,0.036041,172.217.194.0-255,5738,266386,70,295472
41284,0.036049,172.31.40.0-255,66,266452,70,295472
41285,0.038569,172.217.194.0-255,5738,272190,70,295472
41286,0.038578,172.31.40.0-255,66,272256,70,295472
41287,0.041136,172.217.194.0-255,5738,277994,70,295472
41288,0.041162,172.31.40.0-255,66,278060,70,295472
41289,0.043736,172.217.194.0-255,5738,283798,70,295472
41290,0.043744,172.31.40.0-255,66,283864,70,295472
41291,0.046304,172.217.194.0-255,5738,289602,70,295472
41292,0.046318,172.31.40.0-255,66,289668,70,295472
41293,0.048894,172.217.194.0-255,5738,295406,70,295472
41294,0.048901,172.31.40.0-255,66,295472,70,295472
41295,0.0,172.217.27.0-255,150,150,70,316333
41296,2e-05,172.31.40.0-255,66,216,70,316333
41297,2.6e-05,172.217.27.0-255,1484,1700,70,316333
41298,2.9e-05,172.31.40.0-255,66,1766,70,316333
41299,3.4e-05,172.217.27.0-255,2902,4668,70,316333
41300,3.6e-05,172.31.40.0-255,66,4734,70,316333
41301,4.1e-05,172.217.27.0-255,2902,7636,70,316333
41302,4.2e-05,172.31.40.0-255,66,7702,70,316333
41303,4.7e-05,172.217.27.0-255,4320,12022,70,316333
41304,4.9e-05,172.31.40.0-255,66,12088,70,316333
41305,5.6e-05,172.217.27.0-255,7156,19244,70,316333
41306,5.8e-05,172.31.40.0-255,66,19310,70,316333
41307,8.3e-05,172.217.27.0-255,1999,21309,70,316333
41308,8.6e-05,172.31.40.0-255,66,21375,70,316333
41309,0.000102,172.217.27.0-255,9633,31008,70,316333
41310,0.000105,172.31.40.0-255,66,31074,70,316333
41311,0.000188,172.217.27.0-255,1484,32558,70,316333
41312,0.000191,172.31.40.0-255,66,32624,70,316333
41313,0.000196,172.217.27.0-255,2902,35526,70,316333
41314,0.000198,172.31.40.0-255,66,35592,70,316333
41315,0.00023,172.217.27.0-255,5738,41330,70,316333
41316,0.000233,172.31.40.0-255,66,41396,70,316333
41317,0.000237,172.217.27.0-255,4320,45716,70,316333
41318,0.000239,172.31.40.0-255,66,45782,70,316333
41319,0.000262,172.217.27.0-255,2543,48325,70,316333
41320,0.000264,172.31.40.0-255,66,48391,70,316333
41321,0.000267,172.217.27.0-255,1484,49875,70,316333
41322,0.000268,172.31.40.0-255,66,49941,70,316333
41323,0.000282,172.217.27.0-255,1484,51425,70,316333
41324,0.000283,172.31.40.0-255,66,51491,70,316333
41325,0.000287,172.217.27.0-255,2902,54393,70,316333
41326,0.000289,172.31.40.0-255,66,54459,70,316333
41327,0.000313,172.217.27.0-255,1484,55943,70,316333
41328,0.000321,172.217.27.0-255,8574,64517,70,316333
41329,0.000324,172.31.40.0-255,66,64583,70,316333
41330,0.000326,172.217.27.0-255,1431,66014,70,316333
41331,0.00066,172.217.27.0-255,117,66131,70,316333
41332,0.000773,172.217.27.0-255,1484,67615,70,316333
41333,0.000777,172.31.40.0-255,66,67681,70,316333
41334,0.000781,172.217.27.0-255,2902,70583,70,316333
41335,0.000783,172.31.40.0-255,66,70649,70,316333
41336,0.000798,172.217.27.0-255,4320,74969,70,316333
41337,0.0008,172.31.40.0-255,66,75035,70,316333
41338,0.000814,172.217.27.0-255,1484,76519,70,316333
41339,0.000825,172.217.27.0-255,1484,78003,70,316333
41340,0.000827,172.31.40.0-255,66,78069,70,316333
41341,0.000854,172.31.40.0-255,66,78135,70,316333
41342,0.00086,172.217.27.0-255,5738,83873,70,316333
41343,0.000861,172.31.40.0-255,66,83939,70,316333
41344,0.000876,172.217.27.0-255,3961,87900,70,316333
41345,0.000878,172.217.27.0-255,329,88229,70,316333
41346,0.000881,172.31.40.0-255,66,88295,70,316333
41347,0.001131,172.217.27.0-255,1484,89779,70,316333
41348,0.001135,172.31.40.0-255,66,89845,70,316333
41349,0.00114,172.217.27.0-255,2902,92747,70,316333
41350,0.001141,172.31.40.0-255,66,92813,70,316333
41351,0.001144,172.217.27.0-255,1484,94297,70,316333
41352,0.001159,172.217.27.0-255,4320,98617,70,316333
41353,0.001161,172.31.40.0-255,66,98683,70,316333
41354,0.001198,172.31.40.0-255,66,98749,70,316333
41355,0.001204,172.217.27.0-255,5738,104487,70,316333
41356,0.001205,172.31.40.0-255,66,104553,70,316333
41357,0.001222,172.217.27.0-255,5020,109573,70,316333
41358,0.001224,172.31.40.0-255,66,109639,70,316333
41359,0.001355,172.217.27.0-255,1484,111123,70,316333
41360,0.001358,172.217.27.0-255,1484,112607,70,316333
41361,0.001361,172.31.40.0-255,66,112673,70,316333
41362,0.001377,172.217.27.0-255,1484,114157,70,316333
41363,0.001383,172.217.27.0-255,5738,119895,70,316333
41364,0.001385,172.31.40.0-255,66,119961,70,316333
41365,0.001388,172.217.27.0-255,1484,121445,70,316333
41366,0.001411,172.217.27.0-255,8574,130019,70,316333
41367,0.001413,172.31.40.0-255,66,130085,70,316333
41368,0.00142,172.217.27.0-255,7156,137241,70,316333
41369,0.001421,172.31.40.0-255,66,137307,70,316333
41370,0.00144,172.217.27.0-255,4320,141627,70,316333
41371,0.001442,172.31.40.0-255,66,141693,70,316333
41372,0.001446,172.217.27.0-255,2184,143877,70,316333
41373,0.001447,172.31.40.0-255,66,143943,70,316333
41374,0.003057,172.217.27.0-255,5738,149681,70,316333
41375,0.003063,172.31.40.0-255,66,149747,70,316333
41376,0.00467,172.217.27.0-255,5738,155485,70,316333
41377,0.004674,172.31.40.0-255,66,155551,70,316333
41378,0.006281,172.217.27.0-255,4320,159871,70,316333
41379,0.006285,172.31.40.0-255,66,159937,70,316333
41380,0.006301,172.217.27.0-255,1484,161421,70,316333
41381,0.0079,172.217.27.0-255,4320,165741,70,316333
41382,0.007906,172.31.40.0-255,66,165807,70,316333
41383,0.00953,172.217.27.0-255,5738,171545,70,316333
41384,0.009536,172.31.40.0-255,66,171611,70,316333
41385,0.011157,172.217.27.0-255,5738,177349,70,316333
41386,0.011165,172.31.40.0-255,66,177415,70,316333
41387,0.012786,172.217.27.0-255,5738,183153,70,316333
41388,0.012792,172.31.40.0-255,66,183219,70,316333
41389,0.014413,172.217.27.0-255,5738,188957,70,316333
41390,0.014422,172.31.40.0-255,66,189023,70,316333
41391,0.016044,172.217.27.0-255,5738,194761,70,316333
41392,0.016051,172.31.40.0-255,66,194827,70,316333
41393,0.017682,172.217.27.0-255,5738,200565,70,316333
41394,0.017688,172.31.40.0-255,66,200631,70,316333
41395,0.019306,172.217.27.0-255,5738,206369,70,316333
41396,0.019313,172.31.40.0-255,66,206435,70,316333
41397,0.020936,172.217.27.0-255,5738,212173,70,316333
41398,0.020942,172.31.40.0-255,66,212239,70,316333
41399,0.022558,172.217.27.0-255,5738,217977,70,316333
41400,0.022564,172.31.40.0-255,66,218043,70,316333
41401,0.024179,172.217.27.0-255,5738,223781,70,316333
41402,0.024187,172.31.40.0-255,66,223847,70,316333
41403,0.025809,172.217.27.0-255,5738,229585,70,316333
41404,0.025815,172.31.40.0-255,66,229651,70,316333
41405,0.027434,172.217.27.0-255,5738,235389,70,316333
41406,0.027441,172.31.40.0-255,66,235455,70,316333
41407,0.0291,172.217.27.0-255,5738,241193,70,316333
41408,0.029106,172.31.40.0-255,66,241259,70,316333
41409,0.030738,172.217.27.0-255,5738,246997,70,316333
41410,0.030744,172.31.40.0-255,66,247063,70,316333
41411,0.030846,172.31.40.0-255,172,247235,70,316333
41412,0.030868,172.31.40.0-255,1117,248352,70,316333
41413,0.030959,172.31.40.0-255,1514,249866,70,316333
41414,0.030961,172.31.40.0-255,1514,251380,70,316333
41415,0.030962,172.31.40.0-255,845,252225,70,316333
41416,0.032344,104.244.42.0-255,66,252291,70,316333
41417,0.032355,172.217.27.0-255,5738,258029,70,316333
41418,0.032359,172.31.40.0-255,66,258095,70,316333
41419,0.032424,104.244.42.0-255,66,258161,70,316333
41420,0.03252,104.244.42.0-255,66,258227,70,316333
41421,0.032525,104.244.42.0-255,66,258293,70,316333
41422,0.033991,172.217.27.0-255,5738,264031,70,316333
41423,0.033998,172.31.40.0-255,66,264097,70,316333
41424,0.035624,172.217.27.0-255,5738,269835,70,316333
41425,0.03563,172.31.40.0-255,66,269901,70,316333
41426,0.037248,172.217.27.0-255,5738,275639,70,316333
41427,0.037255,172.31.40.0-255,66,275705,70,316333
41428,0.038878,172.217.27.0-255,5738,281443,70,316333
41429,0.038885,172.31.40.0-255,66,281509,70,316333
41430,0.040536,172.217.27.0-255,5738,287247,70,316333
41431,0.040542,172.31.40.0-255,66,287313,70,316333
41432,0.042168,172.217.27.0-255,5738,293051,70,316333
41433,0.042174,172.31.40.0-255,66,293117,70,316333
41434,0.043821,172.217.27.0-255,5738,298855,70,316333
41435,0.043827,172.31.40.0-255,66,298921,70,316333
41436,0.045458,172.217.27.0-255,5738,304659,70,316333
41437,0.045466,172.31.40.0-255,66,304725,70,316333
41438,0.047097,172.217.27.0-255,5738,310463,70,316333
41439,0.047104,172.31.40.0-255,66,310529,70,316333
41440,0.048738,172.217.27.0-255,5738,316267,70,316333
41441,0.048744,172.31.40.0-255,66,316333,70,316333
41442,0.0,74.125.24.0-255,153,153,70,294587
41443,1.5e-05,172.31.40.0-255,66,219,70,294587
41444,2.1e-05,74.125.24.0-255,1484,1703,70,294587
41445,2.5e-05,172.31.40.0-255,66,1769,70,294587
41446,3.1e-05,74.125.24.0-255,2902,4671,70,294587
41447,3.4e-05,172.31.40.0-255,66,4737,70,294587
41448,4.1e-05,74.125.24.0-255,5738,10475,70,294587
41449,4.3e-05,172.31.40.0-255,66,10541,70,294587
41450,6.7e-05,74.125.24.0-255,1484,12025,70,294587
41451,6.9e-05,172.31.40.0-255,66,12091,70,294587
41452,7.7e-05,74.125.24.0-255,6381,18472,70,294587
41453,7.9e-05,172.31.40.0-255,66,18538,70,294587
41454,8.6e-05,74.125.24.0-255,7156,25694,70,294587
41455,8.9e-05,172.31.40.0-255,66,25760,70,294587
41456,0.00012,74.125.24.0-255,5379,31139,70,294587
41457,0.000123,172.31.40.0-255,66,31205,70,294587
41458,0.000195,74.125.24.0-255,1484,32689,70,294587
41459,0.000199,172.31.40.0-255,66,32755,70,294587
41460,0.000203,74.125.24.0-255,1484,34239,70,294587
41461,0.000204,172.31.40.0-255,66,34305,70,294587
41462,0.000221,74.125.24.0-255,1484,35789,70,294587
41463,0.000224,172.31.40.0-255,66,35855,70,294587
41464,0.00023,74.125.24.0-255,5738,41593,70,294587
41465,0.000233,172.31.40.0-255,66,41659,70,294587
41466,0.000272,172.31.40.0-255,66,41725,70,294587
41467,0.000277,74.125.24.0-255,2902,44627,70,294587
41468,0.000279,172.31.40.0-255,66,44693,70,294587
41469,0.000284,74.125.24.0-255,4320,49013,70,294587
41470,0.000286,172.31.40.0-255,66,49079,70,294587
41471,0.000317,74.125.24.0-255,3602,52681,70,294587
41472,0.00032,172.31.40.0-255,66,52747,70,294587
41473,0.000565,74.125.24.0-255,646,53393,70,294587
41474,0.00087,74.125.24.0-255,1484,54877,70,294587
41475,0.000876,172.31.40.0-255,66,54943,70,294587
41476,0.000882,74.125.24.0-255,2902,57845,70,294587
41477,0.000884,172.31.40.0-255,66,57911,70,294587
41478,0.000909,74.125.24.0-255,5738,63649,70,294587
41479,0.000911,172.31.40.0-255,66,63715,70,294587
41480,0.000943,172.31.40.0-255,66,63781,70,294587
41481,0.000957,172.31.40.0-255,66,63847,70,294587
41482,0.001688,74.125.24.0-255,1484,65331,70,294587
41483,0.001698,74.125.24.0-255,2902,68233,70,294587
41484,0.001703,172.31.40.0-255,66,68299,70,294587
41485,0.001711,74.125.24.0-255,5738,74037,70,294587
41486,0.001713,172.31.40.0-255,66,74103,70,294587
41487,0.001717,74.125.24.0-255,1484,75587,70,294587
41488,0.001735,74.125.24.0-255,5738,81325,70,294587
41489,0.001737,172.31.40.0-255,66,81391,70,294587
41490,0.001754,74.125.24.0-255,5738,87129,70,294587
41491,0.001757,172.31.40.0-255,66,87195,70,294587
41492,0.001776,74.125.24.0-255,8574,95769,70,294587
41493,0.001778,172.31.40.0-255,66,95835,70,294587
41494,0.001798,74.125.24.0-255,2184,98019,70,294587
41495,0.001801,172.31.40.0-255,66,98085,70,294587
41496,0.001832,74.125.24.0-255,1484,99569,70,294587
41497,0.001845,74.125.24.0-255,2902,102471,70,294587
41498,0.001848,172.31.40.0-255,66,102537,70,294587
41499,0.001871,74.125.24.0-255,5738,108275,70,294587
41500,0.001873,172.31.40.0-255,66,108341,70,294587
41501,0.001879,74.125.24.0-255,4320,112661,70,294587
41502,0.001882,172.31.40.0-255,66,112727,70,294587
41503,0.001889,74.125.24.0-255,5738,118465,70,294587
41504,0.001892,172.31.40.0-255,66,118531,70,294587
41505,0.001916,74.125.24.0-255,5738,124269,70,294587
41506,0.001918,172.31.40.0-255,66,124335,70,294587
41507,0.001927,74.125.24.0-255,7856,132191,70,294587
41508,0.001929,172.31.40.0-255,66,132257,70,294587
41509,0.002007,74.125.24.0-255,1484,133741,70,294587
41510,0.002057,74.125.24.0-255,2902,136643,70,294587
41511,0.00206,172.31.40.0-255,66,136709,70,294587
41512,0.002066,74.125.24.0-255,5738,142447,70,294587
41513,0.002069,172.31.40.0-255,66,142513,70,294587
41514,0.002072,74.125.24.0-255,1484,143997,70,294587
41515,0.002076,74.125.24.0-255,2902,146899,70,294587
41516,0.002079,172.31.40.0-255,66,146965,70,294587
41517,0.002092,74.125.24.0-255,1484,148449,70,294587
41518,0.002109,74.125.24.0-255,4320,152769,70,294587
41519,0.002112,172.31.40.0-255,66,152835,70,294587
41520,0.002115,74.125.24.0-255,1484,154319,70,294587
41521,0.002132,74.125.24.0-255,8574,162893,70,294587
41522,0.002134,172.31.40.0-255,66,162959,70,294587
41523,0.00217,74.125.24.0-255,3602,166561,70,294587
41524,0.002173,172.31.40.0-255,66,166627,70,294587
41525,0.002353,74.125.24.0-255,1484,168111,70,294587
41526,0.00237,74.125.24.0-255,2902,171013,70,294587
41527,0.002372,172.31.40.0-255,66,171079,70,294587
41528,0.002392,74.125.24.0-255,2902,173981,70,294587
41529,0.002394,172.31.40.0-255,66,174047,70,294587
41530,0.004667,74.125.24.0-255,2902,176949,70,294587
41531,0.004671,172.31.40.0-255,66,177015,70,294587
41532,0.004736,74.125.24.0-255,2902,179917,70,294587
41533,0.004739,172.31.40.0-255,66,179983,70,294587
41534,0.007008,74.125.24.0-255,2902,182885,70,294587
41535,0.007015,172.31.40.0-255,66,182951,70,294587
41536,0.00708,74.125.24.0-255,2902,185853,70,294587
41537,0.007083,172.31.40.0-255,66,185919,70,294587
41538,0.009389,74.125.24.0-255,5738,191657,70,294587
41539,0.009395,172.31.40.0-255,66,191723,70,294587
41540,0.011716,74.125.24.0-255,5738,197461,70,294587
41541,0.011723,172.31.40.0-255,66,197527,70,294587
41542,0.014111,74.125.24.0-255,5738,203265,70,294587
41543,0.014119,172.31.40.0-255,66,203331,70,294587
41544,0.016414,74.125.24.0-255,5738,209069,70,294587
41545,0.016422,172.31.40.0-255,66,209135,70,294587
41546,0.018772,74.125.24.0-255,5738,214873,70,294587
41547,0.018779,172.31.40.0-255,66,214939,70,294587
41548,0.021148,74.125.24.0-255,5738,220677,70,294587
41549,0.021155,172.31.40.0-255,66,220743,70,294587
41550,0.023525,74.125.24.0-255,5738,226481,70,294587
41551,0.023532,172.31.40.0-255,66,226547,70,294587
41552,0.025871,74.125.24.0-255,5738,232285,70,294587
41553,0.025878,172.31.40.0-255,66,232351,70,294587
41554,0.028246,74.125.24.0-255,5738,238089,70,294587
41555,0.028251,172.31.40.0-255,66,238155,70,294587
41556,0.029339,172.31.40.0-255,172,238327,70,294587
41557,0.029371,172.31.40.0-255,1113,239440,70,294587
41558,0.029431,172.31.40.0-255,1514,240954,70,294587
41559,0.029433,172.31.40.0-255,1331,242285,70,294587
41560,0.030599,74.125.24.0-255,5738,248023,70,294587
41561,0.030606,172.31.40.0-255,66,248089,70,294587
41562,0.031518,104.244.42.0-255,66,248155,70,294587
41563,0.032908,74.125.24.0-255,5738,253893,70,294587
41564,0.032914,172.31.40.0-255,66,253959,70,294587
41565,0.035257,74.125.24.0-255,5738,259697,70,294587
41566,0.035264,172.31.40.0-255,66,259763,70,294587
41567,0.037613,74.125.24.0-255,5738,265501,70,294587
41568,0.037619,172.31.40.0-255,66,265567,70,294587
41569,0.039974,74.125.24.0-255,5738,271305,70,294587
41570,0.039982,172.31.40.0-255,66,271371,70,294587
41571,0.042343,74.125.24.0-255,5738,277109,70,294587
41572,0.042351,172.31.40.0-255,66,277175,70,294587
41573,0.044681,74.125.24.0-255,5738,282913,70,294587
41574,0.044687,172.31.40.0-255,66,282979,70,294587
41575,0.047121,74.125.24.0-255,5738,288717,70,294587
41576,0.047127,172.31.40.0-255,66,288783,70,294587
41577,0.049476,74.125.24.0-255,5738,294521,70,294587
41578,0.049482,172.31.40.0-255,66,294587,70,294587
41579,0.0,172.217.27.0-255,152,152,70,260751
41580,2.5e-05,172.31.40.0-255,66,218,70,260751
41581,3.2e-05,172.217.27.0-255,1484,1702,70,260751
41582,3.6e-05,172.31.40.0-255,66,1768,70,260751
41583,4.2e-05,172.217.27.0-255,2902,4670,70,260751
41584,5.4e-05,172.31.40.0-255,66,4736,70,260751
41585,6e-05,172.217.27.0-255,4320,9056,70,260751
41586,6.3e-05,172.31.40.0-255,66,9122,70,260751
41587,9.2e-05,172.217.27.0-255,4951,14073,70,260751
41588,9.6e-05,172.31.40.0-255,66,14139,70,260751
41589,0.00012,172.217.27.0-255,1484,15623,70,260751
41590,0.000123,172.31.40.0-255,66,15689,70,260751
41591,0.000149,172.217.27.0-255,4320,20009,70,260751
41592,0.000151,172.31.40.0-255,66,20075,70,260751
41593,0.000157,172.217.27.0-255,4320,24395,70,260751
41594,0.00016,172.31.40.0-255,66,24461,70,260751
41595,0.00017,172.217.27.0-255,5738,30199,70,260751
41596,0.000173,172.31.40.0-255,66,30265,70,260751
41597,0.000175,172.217.27.0-255,1125,31390,70,260751
41598,0.000178,172.31.40.0-255,66,31456,70,260751
41599,0.000293,172.217.27.0-255,1484,32940,70,260751
41600,0.000297,172.31.40.0-255,66,33006,70,260751
41601,0.000303,172.217.27.0-255,2902,35908,70,260751
41602,0.000305,172.31.40.0-255,66,35974,70,260751
41603,0.000329,172.217.27.0-255,5738,41712,70,260751
41604,0.000331,172.31.40.0-255,66,41778,70,260751
41605,0.000337,172.217.27.0-255,5738,47516,70,260751
41606,0.00034,172.31.40.0-255,66,47582,70,260751
41607,0.000364,172.217.27.0-255,1125,48707,70,260751
41608,0.000366,172.31.40.0-255,66,48773,70,260751
41609,0.000369,172.217.27.0-255,1484,50257,70,260751
41610,0.000371,172.31.40.0-255,66,50323,70,260751
41611,0.000376,172.217.27.0-255,2902,53225,70,260751
41612,0.000388,172.217.27.0-255,5738,58963,70,260751
41613,0.000415,172.217.27.0-255,6797,65760,70,260751
41614,0.000417,172.217.27.0-255,396,66156,70,260751
41615,0.000542,172.31.40.0-255,66,66222,70,260751
41616,0.000739,172.217.27.0-255,116,66338,70,260751
41617,0.000885,172.217.27.0-255,1484,67822,70,260751
41618,0.00089,172.31.40.0-255,66,67888,70,260751
41619,0.000896,172.217.27.0-255,2902,70790,70,260751
41620,0.000913,172.31.40.0-255,66,70856,70,260751
41621,0.000921,172.217.27.0-255,5738,76594,70,260751
41622,0.000939,172.31.40.0-255,66,76660,70,260751
41623,0.00095,172.217.27.0-255,2902,79562,70,260751
41624,0.000986,172.31.40.0-255,66,79628,70,260751
41625,0.001004,172.217.27.0-255,4320,83948,70,260751
41626,0.001027,172.217.27.0-255,5379,89327,70,260751
41627,0.001037,172.31.40.0-255,66,89393,70,260751
41628,0.002703,172.217.27.0-255,5738,95131,70,260751
41629,0.00271,172.31.40.0-255,66,95197,70,260751
41630,0.004359,172.217.27.0-255,5738,100935,70,260751
41631,0.004363,172.31.40.0-255,66,101001,70,260751
41632,0.006023,172.217.27.0-255,5738,106739,70,260751
41633,0.00603,172.31.40.0-255,66,106805,70,260751
41634,0.007683,172.217.27.0-255,4320,111125,70,260751
41635,0.007686,172.31.40.0-255,66,111191,70,260751
41636,0.007703,172.217.27.0-255,1484,112675,70,260751
41637,0.009342,172.217.27.0-255,4320,116995,70,260751
41638,0.00935,172.31.40.0-255,66,117061,70,260751
41639,0.011009,172.217.27.0-255,5738,122799,70,260751
41640,0.011018,172.31.40.0-255,66,122865,70,260751
41641,0.012674,172.217.27.0-255,5738,128603,70,260751
41642,0.012681,172.31.40.0-255,66,128669,70,260751
41643,0.014343,172.217.27.0-255,5738,134407,70,260751
41644,0.014349,172.31.40.0-255,66,134473,70,260751
41645,0.016018,172.217.27.0-255,5738,140211,70,260751
41646,0.016026,172.31.40.0-255,66,140277,70,260751
41647,0.017686,172.217.27.0-255,5738,146015,70,260751
41648,0.017693,172.31.40.0-255,66,146081,70,260751
41649,0.019361,172.217.27.0-255,5738,151819,70,260751
41650,0.019368,172.31.40.0-255,66,151885,70,260751
41651,0.021025,172.217.27.0-255,5738,157623,70,260751
41652,0.021032,172.31.40.0-255,66,157689,70,260751
41653,0.022705,172.217.27.0-255,5738,163427,70,260751
41654,0.022713,172.31.40.0-255,66,163493,70,260751
41655,0.024359,172.217.27.0-255,5738,169231,70,260751
41656,0.024363,172.31.40.0-255,66,169297,70,260751
41657,0.026023,172.217.27.0-255,5738,175035,70,260751
41658,0.02603,172.31.40.0-255,66,175101,70,260751
41659,0.027679,172.217.27.0-255,1484,176585,70,260751
41660,0.027697,172.217.27.0-255,4320,180905,70,260751
41661,0.027702,172.31.40.0-255,66,180971,70,260751
41662,0.027725,172.31.40.0-255,172,181143,70,260751
41663,0.027754,172.31.40.0-255,1113,182256,70,260751
41664,0.027812,172.31.40.0-255,1514,183770,70,260751
41665,0.027814,172.31.40.0-255,1331,185101,70,260751
41666,0.029281,104.244.42.0-255,66,185167,70,260751
41667,0.029318,104.244.42.0-255,66,185233,70,260751
41668,0.02936,104.244.42.0-255,66,185299,70,260751
41669,0.029373,172.217.27.0-255,5738,191037,70,260751
41670,0.029378,172.31.40.0-255,66,191103,70,260751
41671,0.031035,172.217.27.0-255,5738,196841,70,260751
41672,0.03104,172.31.40.0-255,66,196907,70,260751
41673,0.032695,172.217.27.0-255,5738,202645,70,260751
41674,0.032701,172.31.40.0-255,66,202711,70,260751
41675,0.03436,172.217.27.0-255,5738,208449,70,260751
41676,0.034366,172.31.40.0-255,66,208515,70,260751
41677,0.036031,172.217.27.0-255,5738,214253,70,260751
41678,0.036038,172.31.40.0-255,66,214319,70,260751
41679,0.037703,172.217.27.0-255,5738,220057,70,260751
41680,0.037709,172.31.40.0-255,66,220123,70,260751
41681,0.039377,172.217.27.0-255,5738,225861,70,260751
41682,0.039383,172.31.40.0-255,66,225927,70,260751
41683,0.041048,172.217.27.0-255,5738,231665,70,260751
41684,0.041055,172.31.40.0-255,66,231731,70,260751
41685,0.042735,172.217.27.0-255,5738,237469,70,260751
41686,0.042741,172.31.40.0-255,66,237535,70,260751
41687,0.044433,172.217.27.0-255,5738,243273,70,260751
41688,0.04444,172.31.40.0-255,66,243339,70,260751
41689,0.04612,172.217.27.0-255,5738,249077,70,260751
41690,0.046136,172.31.40.0-255,66,249143,70,260751
41691,0.047807,172.217.27.0-255,5738,254881,70,260751
41692,0.047819,172.31.40.0-255,66,254947,70,260751
41693,0.049488,172.217.27.0-255,5738,260685,70,260751
41694,0.049503,172.31.40.0-255,66,260751,70,260751
41695,0.0,172.217.194.0-255,66,66,70,66
41696,0.0,172.217.194.0-255,152,152,70,364805
41697,2.5e-05,172.31.40.0-255,66,218,70,364805
41698,3.3e-05,172.217.194.0-255,1484,1702,70,364805
41699,3.8e-05,172.31.40.0-255,66,1768,70,364805
41700,4.4e-05,172.217.194.0-255,2902,4670,70,364805
41701,5.8e-05,172.31.40.0-255,66,4736,70,364805
41702,6.3e-05,172.217.194.0-255,2902,7638,70,364805
41703,6.6e-05,172.31.40.0-255,66,7704,70,364805
41704,7.3e-05,172.217.194.0-255,4320,12024,70,364805
41705,7.5e-05,172.31.40.0-255,66,12090,70,364805
41706,8.1e-05,172.217.194.0-255,4320,16410,70,364805
41707,8.4e-05,172.31.40.0-255,66,16476,70,364805
41708,0.000126,172.217.194.0-255,4905,21381,70,364805
41709,0.000129,172.31.40.0-255,66,21447,70,364805
41710,0.000137,172.217.194.0-255,8574,30021,70,364805
41711,0.000139,172.31.40.0-255,66,30087,70,364805
41712,0.000165,172.217.194.0-255,1125,31212,70,364805
41713,0.000172,172.31.40.0-255,66,31278,70,364805
41714,0.000221,172.217.194.0-255,1484,32762,70,364805
41715,0.000224,172.31.40.0-255,66,32828,70,364805
41716,0.000245,172.217.194.0-255,2902,35730,70,364805
41717,0.000247,172.31.40.0-255,66,35796,70,364805
41718,0.000252,172.217.194.0-255,2902,38698,70,364805
41719,0.000255,172.31.40.0-255,66,38764,70,364805
41720,0.000284,172.217.194.0-255,1484,40248,70,364805
41721,0.000286,172.31.40.0-255,66,40314,70,364805
41722,0.000299,172.217.194.0-255,9633,49947,70,364805
41723,0.000307,172.31.40.0-255,66,50013,70,364805
41724,0.000311,172.217.194.0-255,2902,52915,70,364805
41725,0.000313,172.31.40.0-255,66,52981,70,364805
41726,0.00035,172.31.40.0-255,66,53047,70,364805
41727,0.000376,172.217.194.0-255,1377,54424,70,364805
41728,0.000411,172.217.194.0-255,119,54543,70,364805
41729,0.000549,172.217.194.0-255,1484,56027,70,364805
41730,0.000553,172.217.194.0-255,1484,57511,70,364805
41731,0.000577,172.217.194.0-255,1484,58995,70,364805
41732,0.000584,172.217.194.0-255,5738,64733,70,364805
41733,0.000623,172.217.194.0-255,4320,69053,70,364805
41734,0.000639,172.217.194.0-255,3961,73014,70,364805
41735,0.000647,172.217.194.0-255,8574,81588,70,364805
41736,0.000655,172.217.194.0-255,6797,88385,70,364805
41737,0.000764,172.31.40.0-255,66,88451,70,364805
41738,0.000965,172.217.194.0-255,1484,89935,70,364805
41739,0.000971,172.217.194.0-255,2902,92837,70,364805
41740,0.00098,172.31.40.0-255,66,92903,70,364805
41741,0.000992,172.217.194.0-255,5738,98641,70,364805
41742,0.000996,172.31.40.0-255,66,98707,70,364805
41743,0.001039,172.217.194.0-255,5738,104445,70,364805
41744,0.001048,172.217.194.0-255,7156,111601,70,364805
41745,0.001054,172.31.40.0-255,66,111667,70,364805
41746,0.001062,172.217.194.0-255,2902,114569,70,364805
41747,0.001067,172.31.40.0-255,66,114635,70,364805
41748,0.001099,172.217.194.0-255,7856,122491,70,364805
41749,0.00111,172.31.40.0-255,66,122557,70,364805
41750,0.001225,172.217.194.0-255,1484,124041,70,364805
41751,0.001239,172.217.194.0-255,2902,126943,70,364805
41752,0.001255,172.217.194.0-255,1484,128427,70,364805
41753,0.001261,172.31.40.0-255,66,128493,70,364805
41754,0.001269,172.217.194.0-255,1484,129977,70,364805
41755,0.001286,172.217.194.0-255,1484,131461,70,364805
41756,0.001296,172.217.194.0-255,1484,132945,70,364805
41757,0.001309,172.217.194.0-255,4320,137265,70,364805
41758,0.001322,172.31.40.0-255,66,137331,70,364805
41759,0.00133,172.217.194.0-255,7156,144487,70,364805
41760,0.001347,172.31.40.0-255,66,144553,70,364805
41761,0.001383,172.217.194.0-255,1484,146037,70,364805
41762,0.001416,172.217.194.0-255,10692,156729,70,364805
41763,0.001422,172.31.40.0-255,66,156795,70,364805
41764,0.001518,172.217.194.0-255,1484,158279,70,364805
41765,0.001523,172.217.194.0-255,2902,161181,70,364805
41766,0.001542,172.31.40.0-255,66,161247,70,364805
41767,0.001552,172.217.194.0-255,4320,165567,70,364805
41768,0.001557,172.31.40.0-255,66,165633,70,364805
41769,0.001583,172.217.194.0-255,1484,167117,70,364805
41770,0.001592,172.217.194.0-255,7156,174273,70,364805
41771,0.001603,172.31.40.0-255,66,174339,70,364805
41772,0.001615,172.217.194.0-255,5738,180077,70,364805
41773,0.001628,172.217.194.0-255,8574,188651,70,364805
41774,0.001632,172.217.194.0-255,2184,190835,70,364805
41775,0.001642,172.31.40.0-255,66,190901,70,364805
41776,0.001693,172.217.194.0-255,1484,192385,70,364805
41777,0.001721,172.217.194.0-255,1484,193869,70,364805
41778,0.001739,172.217.194.0-255,2902,196771,70,364805
41779,0.001743,172.217.194.0-255,2902,199673,70,364805
41780,0.001747,172.31.40.0-255,66,199739,70,364805
41781,0.001755,172.217.194.0-255,2902,202641,70,364805
41782,0.001778,172.217.194.0-255,4320,206961,70,364805
41783,0.001781,172.31.40.0-255,66,207027,70,364805
41784,0.001811,172.217.194.0-255,8574,215601,70,364805
41785,0.00182,172.217.194.0-255,9274,224875,70,364805
41786,0.00183,172.31.40.0-255,66,224941,70,364805
41787,0.001836,172.217.194.0-255,4320,229261,70,364805
41788,0.001843,172.31.40.0-255,66,229327,70,364805
41789,0.001866,172.217.194.0-255,7156,236483,70,364805
41790,0.001883,172.217.194.0-255,7156,243639,70,364805
41791,0.001901,172.217.194.0-255,5738,249377,70,364805
41792,0.001911,172.31.40.0-255,66,249443,70,364805
41793,0.001925,172.217.194.0-255,9274,258717,70,364805
41794,0.001972,172.217.194.0-255,1484,260201,70,364805
41795,0.001976,172.31.40.0-255,66,260267,70,364805
41796,0.003923,172.217.194.0-255,4320,264587,70,364805
41797,0.003932,172.31.40.0-255,66,264653,70,364805
41798,0.005868,172.217.194.0-255,5738,270391,70,364805
41799,0.013128,172.217.194.0-255,1484,271875,70,364805
41800,0.016741,172.31.40.0-255,66,271941,70,364805
41801,0.018703,172.217.194.0-255,5738,277679,70,364805
41802,0.018724,172.31.40.0-255,66,277745,70,364805
41803,0.020677,172.217.194.0-255,5738,283483,70,364805
41804,0.020688,172.31.40.0-255,66,283549,70,364805
41805,0.022607,172.217.194.0-255,5738,289287,70,364805
41806,0.023525,172.31.40.0-255,66,289353,70,364805
41807,0.025465,172.217.194.0-255,5738,295091,70,364805
41808,0.025482,172.31.40.0-255,66,295157,70,364805
41809,0.027425,172.217.194.0-255,5738,300895,70,364805
41810,0.027441,172.31.40.0-255,66,300961,70,364805
41811,0.029394,172.217.194.0-255,5738,306699,70,364805
41812,0.029406,172.31.40.0-255,66,306765,70,364805
41813,0.031366,172.217.194.0-255,5738,312503,70,364805
41814,0.031385,172.31.40.0-255,66,312569,70,364805
41815,0.033347,172.217.194.0-255,5738,318307,70,364805
41816,0.033366,172.31.40.0-255,66,318373,70,364805
41817,0.03531,172.217.194.0-255,5738,324111,70,364805
41818,0.03533,172.31.40.0-255,66,324177,70,364805
41819,0.037327,172.217.194.0-255,5738,329915,70,364805
41820,0.037347,172.31.40.0-255,66,329981,70,364805
41821,0.039307,172.217.194.0-255,5738,335719,70,364805
41822,0.039323,172.31.40.0-255,66,335785,70,364805
41823,0.0413,172.217.194.0-255,5738,341523,70,364805
41824,0.041315,172.31.40.0-255,66,341589,70,364805
41825,0.043308,172.217.194.0-255,5738,347327,70,364805
41826,0.043325,172.31.40.0-255,66,347393,70,364805
41827,0.045298,172.217.194.0-255,5738,353131,70,364805
41828,0.045314,172.31.40.0-255,66,353197,70,364805
41829,0.047267,172.217.194.0-255,5738,358935,70,364805
41830,0.047305,172.31.40.0-255,66,359001,70,364805
41831,0.049244,172.217.194.0-255,5738,364739,70,364805
41832,0.049264,172.31.40.0-255,66,364805,70,364805
41833,0.0,172.253.118.0-255,153,153,70,284305
41834,2.5e-05,172.31.40.0-255,66,219,70,284305
41835,3.2e-05,172.253.118.0-255,1484,1703,70,284305
41836,3.7e-05,172.31.40.0-255,66,1769,70,284305
41837,4.3e-05,172.253.118.0-255,2902,4671,70,284305
41838,4.6e-05,172.31.40.0-255,66,4737,70,284305
41839,5.8e-05,172.253.118.0-255,2902,7639,70,284305
41840,6.2e-05,172.31.40.0-255,66,7705,70,284305
41841,7.4e-05,172.253.118.0-255,10647,18352,70,284305
41842,7.7e-05,172.31.40.0-255,66,18418,70,284305
41843,9.1e-05,172.31.40.0-255,66,18484,70,284305
41844,0.000172,172.253.118.0-255,1484,19968,70,284305
41845,0.000175,172.31.40.0-255,66,20034,70,284305
41846,0.00018,172.253.118.0-255,2902,22936,70,284305
41847,0.000183,172.31.40.0-255,66,23002,70,284305
41848,0.000207,172.253.118.0-255,5738,28740,70,284305
41849,0.000209,172.31.40.0-255,66,28806,70,284305
41850,0.000245,172.253.118.0-255,9633,38439,70,284305
41851,0.000247,172.31.40.0-255,66,38505,70,284305
41852,0.000257,172.253.118.0-255,9992,48497,70,284305
41853,0.000259,172.31.40.0-255,66,48563,70,284305
41854,0.000269,172.253.118.0-255,4260,52823,70,284305
41855,0.000271,172.31.40.0-255,66,52889,70,284305
41856,0.000336,172.253.118.0-255,380,53269,70,284305
41857,0.000339,172.31.40.0-255,66,53335,70,284305
41858,0.000459,172.253.118.0-255,1484,54819,70,284305
41859,0.000464,172.31.40.0-255,66,54885,70,284305
41860,0.000471,172.253.118.0-255,2902,57787,70,284305
41861,0.000474,172.31.40.0-255,66,57853,70,284305
41862,0.000485,172.253.118.0-255,5738,63591,70,284305
41863,0.000488,172.31.40.0-255,66,63657,70,284305
41864,0.000539,172.31.40.0-255,66,63723,70,284305
41865,0.000545,172.253.118.0-255,5738,69461,70,284305
41866,0.000547,172.31.40.0-255,66,69527,70,284305
41867,0.000574,172.253.118.0-255,3961,73488,70,284305
41868,0.000576,172.31.40.0-255,66,73554,70,284305
41869,0.00083,172.253.118.0-255,1484,75038,70,284305
41870,0.000838,172.253.118.0-255,2902,77940,70,284305
41871,0.000842,172.31.40.0-255,66,78006,70,284305
41872,0.000848,172.253.118.0-255,5738,83744,70,284305
41873,0.000851,172.31.40.0-255,66,83810,70,284305
41874,0.000892,172.31.40.0-255,66,83876,70,284305
41875,0.0009,172.253.118.0-255,7156,91032,70,284305
41876,0.000902,172.31.40.0-255,66,91098,70,284305
41877,0.000938,172.253.118.0-255,5738,96836,70,284305
41878,0.000941,172.31.40.0-255,66,96902,70,284305
41879,0.000995,172.253.118.0-255,9992,106894,70,284305
41880,0.001,172.253.118.0-255,5020,111914,70,284305
41881,0.001008,172.31.40.0-255,66,111980,70,284305
41882,0.001017,172.31.40.0-255,66,112046,70,284305
41883,0.00102,172.31.40.0-255,66,112112,70,284305
41884,0.001031,172.253.118.0-255,5738,117850,70,284305
41885,0.001034,172.31.40.0-255,66,117916,70,284305
41886,0.00104,172.253.118.0-255,4320,122236,70,284305
41887,0.001042,172.31.40.0-255,66,122302,70,284305
41888,0.001077,172.253.118.0-255,1484,123786,70,284305
41889,0.001091,172.31.40.0-255,66,123852,70,284305
41890,0.0011,172.253.118.0-255,9274,133126,70,284305
41891,0.001102,172.31.40.0-255,66,133192,70,284305
41892,0.00114,172.253.118.0-255,1484,134676,70,284305
41893,0.001144,172.253.118.0-255,1484,136160,70,284305
41894,0.001146,172.31.40.0-255,66,136226,70,284305
41895,0.001165,172.253.118.0-255,1484,137710,70,284305
41896,0.001171,172.253.118.0-255,5738,143448,70,284305
41897,0.001181,172.31.40.0-255,66,143514,70,284305
41898,0.001222,172.31.40.0-255,66,143580,70,284305
41899,0.001256,172.31.40.0-255,66,143646,70,284305
41900,0.001308,172.253.118.0-255,1484,145130,70,284305
41901,0.001313,172.253.118.0-255,2902,148032,70,284305
41902,0.001316,172.31.40.0-255,66,148098,70,284305
41903,0.001346,172.253.118.0-255,4320,152418,70,284305
41904,0.001349,172.31.40.0-255,66,152484,70,284305
41905,0.001356,172.253.118.0-255,5738,158222,70,284305
41906,0.001359,172.31.40.0-255,66,158288,70,284305
41907,0.001432,172.31.40.0-255,66,158354,70,284305
41908,0.001441,172.253.118.0-255,7856,166210,70,284305
41909,0.001448,172.31.40.0-255,66,166276,70,284305
41910,0.001579,172.253.118.0-255,1484,167760,70,284305
41911,0.001596,172.253.118.0-255,2902,170662,70,284305
41912,0.001599,172.31.40.0-255,66,170728,70,284305
41913,0.001604,172.253.118.0-255,2902,173630,70,284305
41914,0.001607,172.31.40.0-255,66,173696,70,284305
41915,0.001629,172.253.118.0-255,2902,176598,70,284305
41916,0.001631,172.31.40.0-255,66,176664,70,284305
41917,0.001638,172.253.118.0-255,7156,183820,70,284305
41918,0.00164,172.31.40.0-255,66,183886,70,284305
41919,0.001685,172.253.118.0-255,5738,189624,70,284305
41920,0.001688,172.31.40.0-255,66,189690,70,284305
41921,0.001699,172.253.118.0-255,10692,200382,70,284305
41922,0.001705,172.31.40.0-255,66,200448,70,284305
41923,0.001832,172.253.118.0-255,1484,201932,70,284305
41924,0.001838,172.253.118.0-255,2902,204834,70,284305
41925,0.001841,172.31.40.0-255,66,204900,70,284305
41926,0.001873,172.253.118.0-255,5738,210638,70,284305
41927,0.001876,172.31.40.0-255,66,210704,70,284305
41928,0.001884,172.253.118.0-255,7156,217860,70,284305
41929,0.001887,172.31.40.0-255,66,217926,70,284305
41930,0.001929,172.253.118.0-255,5738,223664,70,284305
41931,0.001932,172.31.40.0-255,66,223730,70,284305
41932,0.001948,172.253.118.0-255,10692,234422,70,284305
41933,0.001951,172.31.40.0-255,66,234488,70,284305
41934,0.001976,172.253.118.0-255,1484,235972,70,284305
41935,0.001981,172.253.118.0-255,2902,238874,70,284305
41936,0.001984,172.31.40.0-255,66,238940,70,284305
41937,0.001987,172.253.118.0-255,1484,240424,70,284305
41938,0.002015,172.253.118.0-255,4320,244744,70,284305
41939,0.002023,172.253.118.0-255,7156,251900,70,284305
41940,0.002028,172.31.40.0-255,66,251966,70,284305
41941,0.002071,172.253.118.0-255,2902,254868,70,284305
41942,0.002075,172.253.118.0-255,2184,257052,70,284305
41943,0.00208,172.31.40.0-255,66,257118,70,284305
41944,0.002112,172.253.118.0-255,1484,258602,70,284305
41945,0.002117,172.253.118.0-255,2902,261504,70,284305
41946,0.00212,172.253.118.0-255,1484,262988,70,284305
41947,0.002139,172.253.118.0-255,4320,267308,70,284305
41948,0.002145,172.31.40.0-255,66,267374,70,284305
41949,0.002171,172.253.118.0-255,9992,277366,70,284305
41950,0.002186,172.253.118.0-255,1268,278634,70,284305
41951,0.002189,172.253.118.0-255,105,278739,70,284305
41952,0.002195,172.31.40.0-255,66,278805,70,284305
41953,0.014251,172.31.40.0-255,101,278906,70,284305
41954,0.015107,172.31.40.0-255,105,279011,70,284305
41955,0.016481,172.253.118.0-255,66,279077,70,284305
41956,0.017336,172.253.118.0-255,66,279143,70,284305
41957,0.048607,172.31.40.0-255,172,279315,70,284305
41958,0.048642,172.31.40.0-255,1119,280434,70,284305
41959,0.048709,172.31.40.0-255,1514,281948,70,284305
41960,0.048711,172.31.40.0-255,1514,283462,70,284305
41961,0.048713,172.31.40.0-255,843,284305,70,284305
41962,0.0,74.125.24.0-255,146,146,70,203913
41963,1.5e-05,172.31.40.0-255,66,212,70,203913
41964,2.2e-05,74.125.24.0-255,1484,1696,70,203913
41965,2.7e-05,172.31.40.0-255,66,1762,70,203913
41966,3.3e-05,74.125.24.0-255,2902,4664,70,203913
41967,3.7e-05,172.31.40.0-255,66,4730,70,203913
41968,4.4e-05,74.125.24.0-255,5738,10468,70,203913
41969,4.7e-05,172.31.40.0-255,66,10534,70,203913
41970,6.8e-05,74.125.24.0-255,1484,12018,70,203913
41971,7e-05,172.31.40.0-255,66,12084,70,203913
41972,8e-05,74.125.24.0-255,9129,21213,70,203913
41973,8.2e-05,172.31.40.0-255,66,21279,70,203913
41974,0.000127,74.125.24.0-255,9633,30912,70,203913
41975,0.000129,172.31.40.0-255,66,30978,70,203913
41976,0.000731,74.125.24.0-255,1484,32462,70,203913
41977,0.000738,172.31.40.0-255,66,32528,70,203913
41978,0.000748,74.125.24.0-255,2902,35430,70,203913
41979,0.00075,172.31.40.0-255,66,35496,70,203913
41980,0.000758,74.125.24.0-255,5738,41234,70,203913
41981,0.00076,172.31.40.0-255,66,41300,70,203913
41982,0.000763,74.125.24.0-255,1484,42784,70,203913
41983,0.000765,172.31.40.0-255,66,42850,70,203913
41984,0.000794,74.125.24.0-255,2902,45752,70,203913
41985,0.000796,172.31.40.0-255,66,45818,70,203913
41986,0.000803,74.125.24.0-255,5738,51556,70,203913
41987,0.000805,172.31.40.0-255,66,51622,70,203913
41988,0.000818,172.31.40.0-255,66,51688,70,203913
41989,0.000822,74.125.24.0-255,2184,53872,70,203913
41990,0.000824,172.31.40.0-255,66,53938,70,203913
41991,0.000885,74.125.24.0-255,394,54332,70,203913
41992,0.000889,172.31.40.0-255,66,54398,70,203913
41993,0.00092,74.125.24.0-255,1484,55882,70,203913
41994,0.000944,74.125.24.0-255,4320,60202,70,203913
41995,0.000949,172.31.40.0-255,66,60268,70,203913
41996,0.000957,74.125.24.0-255,7156,67424,70,203913
41997,0.000959,172.31.40.0-255,66,67490,70,203913
41998,0.000982,74.125.24.0-255,2902,70392,70,203913
41999,0.000985,172.31.40.0-255,66,70458,70,203913
42000,0.00102,172.31.40.0-255,66,70524,70,203913
42001,0.001043,74.125.24.0-255,4320,74844,70,203913
42002,0.001046,172.31.40.0-255,66,74910,70,203913
42003,0.001049,74.125.24.0-255,766,75676,70,203913
42004,0.00118,74.125.24.0-255,1484,77160,70,203913
42005,0.001185,172.31.40.0-255,66,77226,70,203913
42006,0.001191,74.125.24.0-255,2902,80128,70,203913
42007,0.001193,172.31.40.0-255,66,80194,70,203913
42008,0.0012,74.125.24.0-255,5738,85932,70,203913
42009,0.001202,172.31.40.0-255,66,85998,70,203913
42010,0.00123,74.125.24.0-255,8574,94572,70,203913
42011,0.001233,172.31.40.0-255,66,94638,70,203913
42012,0.001258,74.125.24.0-255,4320,98958,70,203913
42013,0.00126,172.31.40.0-255,66,99024,70,203913
42014,0.001269,74.125.24.0-255,9992,109016,70,203913
42015,0.001271,172.31.40.0-255,66,109082,70,203913
42016,0.001287,74.125.24.0-255,2902,111984,70,203913
42017,0.001289,172.31.40.0-255,66,112050,70,203913
42018,0.001323,172.31.40.0-255,66,112116,70,203913
42019,0.001332,74.125.24.0-255,10692,122808,70,203913
42020,0.001334,172.31.40.0-255,66,122874,70,203913
42021,0.001366,74.125.24.0-255,1484,124358,70,203913
42022,0.001424,172.31.40.0-255,66,124424,70,203913
42023,0.00158,74.125.24.0-255,1484,125908,70,203913
42024,0.001596,74.125.24.0-255,2902,128810,70,203913
42025,0.001601,172.31.40.0-255,66,128876,70,203913
42026,0.001621,74.125.24.0-255,5738,134614,70,203913
42027,0.001624,172.31.40.0-255,66,134680,70,203913
42028,0.001628,74.125.24.0-255,2902,137582,70,203913
42029,0.00163,172.31.40.0-255,66,137648,70,203913
42030,0.001644,74.125.24.0-255,2902,140550,70,203913
42031,0.001646,172.31.40.0-255,66,140616,70,203913
42032,0.001675,172.31.40.0-255,66,140682,70,203913
42033,0.001692,74.125.24.0-255,1484,142166,70,203913
42034,0.001701,74.125.24.0-255,7856,150022,70,203913
42035,0.001703,172.31.40.0-255,66,150088,70,203913
42036,0.001749,74.125.24.0-255,9992,160080,70,203913
42037,0.001752,172.31.40.0-255,66,160146,70,203913
42038,0.001787,172.31.40.0-255,66,160212,70,203913
42039,0.001795,74.125.24.0-255,9274,169486,70,203913
42040,0.001797,172.31.40.0-255,66,169552,70,203913
42041,0.001834,74.125.24.0-255,4320,173872,70,203913
42042,0.001837,172.31.40.0-255,66,173938,70,203913
42043,0.00191,172.31.40.0-255,66,174004,70,203913
42044,0.001937,74.125.24.0-255,2184,176188,70,203913
42045,0.001939,172.31.40.0-255,66,176254,70,203913
42046,0.001944,74.125.24.0-255,2902,179156,70,203913
42047,0.001946,172.31.40.0-255,66,179222,70,203913
42048,0.001951,74.125.24.0-255,4320,183542,70,203913
42049,0.001953,172.31.40.0-255,66,183608,70,203913
42050,0.00196,74.125.24.0-255,8574,192182,70,203913
42051,0.001962,172.31.40.0-255,66,192248,70,203913
42052,0.001978,172.31.40.0-255,66,192314,70,203913
42053,0.001995,172.31.40.0-255,66,192380,70,203913
42054,0.00201,172.31.40.0-255,66,192446,70,203913
42055,0.002027,172.31.40.0-255,66,192512,70,203913
42056,0.002034,74.125.24.0-255,5565,198077,70,203913
42057,0.002036,172.31.40.0-255,66,198143,70,203913
42058,0.002039,74.125.24.0-255,105,198248,70,203913
42059,0.006249,172.31.40.0-255,66,198314,70,203913
42060,0.006288,172.31.40.0-255,105,198419,70,203913
42061,0.008234,74.125.24.0-255,66,198485,70,203913
42062,0.033724,172.31.40.0-255,172,198657,70,203913
42063,0.033752,172.31.40.0-255,1117,199774,70,203913
42064,0.033807,172.31.40.0-255,1514,201288,70,203913
42065,0.033808,172.31.40.0-255,1514,202802,70,203913
42066,0.033809,172.31.40.0-255,847,203649,70,203913
42067,0.03524,104.244.42.0-255,66,203715,70,203913
42068,0.035278,104.244.42.0-255,66,203781,70,203913
42069,0.035329,104.244.42.0-255,66,203847,70,203913
42070,0.03535,104.244.42.0-255,66,203913,70,203913
42071,0.0,74.125.24.0-255,152,152,70,272541
42072,2.3e-05,172.31.40.0-255,66,218,70,272541
42073,2.9e-05,74.125.24.0-255,1484,1702,70,272541
42074,3.4e-05,172.31.40.0-255,66,1768,70,272541
42075,3.9e-05,74.125.24.0-255,2902,4670,70,272541
42076,4.2e-05,172.31.40.0-255,66,4736,70,272541
42077,5e-05,74.125.24.0-255,7156,11892,70,272541
42078,5.3e-05,172.31.40.0-255,66,11958,70,272541
42079,5.7e-05,74.125.24.0-255,2137,14095,70,272541
42080,6e-05,172.31.40.0-255,66,14161,70,272541
42081,0.000404,74.125.24.0-255,1484,15645,70,272541
42082,0.00041,172.31.40.0-255,66,15711,70,272541
42083,0.000416,74.125.24.0-255,2902,18613,70,272541
42084,0.00042,172.31.40.0-255,66,18679,70,272541
42085,0.000423,74.125.24.0-255,1484,20163,70,272541
42086,0.000425,172.31.40.0-255,66,20229,70,272541
42087,0.000444,74.125.24.0-255,4320,24549,70,272541
42088,0.000448,172.31.40.0-255,66,24615,70,272541
42089,0.000455,74.125.24.0-255,6797,31412,70,272541
42090,0.000457,172.31.40.0-255,66,31478,70,272541
42091,0.000577,74.125.24.0-255,1484,32962,70,272541
42092,0.000581,172.31.40.0-255,66,33028,70,272541
42093,0.000587,74.125.24.0-255,2902,35930,70,272541
42094,0.00059,172.31.40.0-255,66,35996,70,272541
42095,0.000594,74.125.24.0-255,2902,38898,70,272541
42096,0.000596,172.31.40.0-255,66,38964,70,272541
42097,0.00062,74.125.24.0-255,2902,41866,70,272541
42098,0.00065,172.31.40.0-255,66,41932,70,272541
42099,0.000678,172.31.40.0-255,66,41998,70,272541
42100,0.000685,74.125.24.0-255,7156,49154,70,272541
42101,0.000687,172.31.40.0-255,66,49220,70,272541
42102,0.000691,74.125.24.0-255,2820,52040,70,272541
42103,0.000701,172.31.40.0-255,66,52106,70,272541
42104,0.000732,74.125.24.0-255,378,52484,70,272541
42105,0.000822,74.125.24.0-255,1484,53968,70,272541
42106,0.000829,74.125.24.0-255,2902,56870,70,272541
42107,0.000831,74.125.24.0-255,1484,58354,70,272541
42108,0.000846,74.125.24.0-255,4320,62674,70,272541
42109,0.000849,172.31.40.0-255,66,62740,70,272541
42110,0.000855,172.31.40.0-255,66,62806,70,272541
42111,0.000903,74.125.24.0-255,5738,68544,70,272541
42112,0.000909,172.31.40.0-255,66,68610,70,272541
42113,0.000924,74.125.24.0-255,8215,76825,70,272541
42114,0.000953,74.125.24.0-255,5738,82563,70,272541
42115,0.000956,172.31.40.0-255,66,82629,70,272541
42116,0.000963,172.31.40.0-255,66,82695,70,272541
42117,0.000977,74.125.24.0-255,3961,86656,70,272541
42118,0.000993,172.31.40.0-255,66,86722,70,272541
42119,0.001761,74.125.24.0-255,1484,88206,70,272541
42120,0.001771,74.125.24.0-255,2902,91108,70,272541
42121,0.001775,172.31.40.0-255,66,91174,70,272541
42122,0.001783,74.125.24.0-255,5738,96912,70,272541
42123,0.001801,74.125.24.0-255,5738,102650,70,272541
42124,0.001831,74.125.24.0-255,7156,109806,70,272541
42125,0.001839,74.125.24.0-255,7156,116962,70,272541
42126,0.001862,74.125.24.0-255,3602,120564,70,272541
42127,0.001906,74.125.24.0-255,4320,124884,70,272541
42128,0.00192,74.125.24.0-255,1484,126368,70,272541
42129,0.001932,74.125.24.0-255,1484,127852,70,272541
42130,0.001941,74.125.24.0-255,8574,136426,70,272541
42131,0.001971,74.125.24.0-255,7156,143582,70,272541
42132,0.002001,74.125.24.0-255,8574,152156,70,272541
42133,0.002016,74.125.24.0-255,2184,154340,70,272541
42134,0.008071,172.31.40.0-255,66,154406,70,272541
42135,0.010094,74.125.24.0-255,5738,160144,70,272541
42136,0.010104,172.31.40.0-255,66,160210,70,272541
42137,0.012153,74.125.24.0-255,5738,165948,70,272541
42138,0.012162,172.31.40.0-255,66,166014,70,272541
42139,0.01421,74.125.24.0-255,5738,171752,70,272541
42140,0.014218,172.31.40.0-255,66,171818,70,272541
42141,0.016239,74.125.24.0-255,5738,177556,70,272541
42142,0.016247,172.31.40.0-255,66,177622,70,272541
42143,0.018293,74.125.24.0-255,5738,183360,70,272541
42144,0.0183,172.31.40.0-255,66,183426,70,272541
42145,0.02033,74.125.24.0-255,5738,189164,70,272541
42146,0.020337,172.31.40.0-255,66,189230,70,272541
42147,0.022349,74.125.24.0-255,5738,194968,70,272541
42148,0.022357,172.31.40.0-255,66,195034,70,272541
42149,0.024371,74.125.24.0-255,5738,200772,70,272541
42150,0.024381,172.31.40.0-255,66,200838,70,272541
42151,0.026424,74.125.24.0-255,5738,206576,70,272541
42152,0.026432,172.31.40.0-255,66,206642,70,272541
42153,0.028539,74.125.24.0-255,5738,212380,70,272541
42154,0.02855,172.31.40.0-255,66,212446,70,272541
42155,0.030596,74.125.24.0-255,5738,218184,70,272541
42156,0.030603,172.31.40.0-255,66,218250,70,272541
42157,0.032617,74.125.24.0-255,5738,223988,70,272541
42158,0.032625,172.31.40.0-255,66,224054,70,272541
42159,0.034726,74.125.24.0-255,5738,229792,70,272541
42160,0.034734,172.31.40.0-255,66,229858,70,272541
42161,0.036782,74.125.24.0-255,5738,235596,70,272541
42162,0.03679,172.31.40.0-255,66,235662,70,272541
42163,0.038801,74.125.24.0-255,5738,241400,70,272541
42164,0.038808,172.31.40.0-255,66,241466,70,272541
42165,0.040848,74.125.24.0-255,5738,247204,70,272541
42166,0.041623,172.31.40.0-255,172,247376,70,272541
42167,0.04166,172.31.40.0-255,1119,248495,70,272541
42168,0.041746,172.31.40.0-255,566,249061,70,272541
42169,0.04178,172.31.40.0-255,66,249127,70,272541
42170,0.043196,104.244.42.0-255,66,249193,70,272541
42171,0.043225,104.244.42.0-255,66,249259,70,272541
42172,0.043283,104.244.42.0-255,66,249325,70,272541
42173,0.043798,74.125.24.0-255,5738,255063,70,272541
42174,0.043808,172.31.40.0-255,66,255129,70,272541
42175,0.045852,74.125.24.0-255,5738,260867,70,272541
42176,0.045869,172.31.40.0-255,66,260933,70,272541
42177,0.047886,74.125.24.0-255,5738,266671,70,272541
42178,0.047904,172.31.40.0-255,66,266737,70,272541
42179,0.04993,74.125.24.0-255,5738,272475,70,272541
42180,0.049946,172.31.40.0-255,66,272541,70,272541
42181,0.0,74.125.68.0-255,146,146,70,291570
42182,2.3e-05,172.31.40.0-255,66,212,70,291570
42183,3e-05,74.125.68.0-255,1484,1696,70,291570
42184,3.4e-05,172.31.40.0-255,66,1762,70,291570
42185,6.3e-05,74.125.68.0-255,2902,4664,70,291570
42186,6.6e-05,172.31.40.0-255,66,4730,70,291570
42187,7.2e-05,74.125.68.0-255,4320,9050,70,291570
42188,7.5e-05,172.31.40.0-255,66,9116,70,291570
42189,9.7e-05,74.125.68.0-255,2902,12018,70,291570
42190,0.0001,172.31.40.0-255,66,12084,70,291570
42191,0.000123,74.125.68.0-255,6182,18266,70,291570
42192,0.000125,172.31.40.0-255,66,18332,70,291570
42193,0.000133,74.125.68.0-255,7156,25488,70,291570
42194,0.000136,172.31.40.0-255,66,25554,70,291570
42195,0.000158,74.125.68.0-255,2902,28456,70,291570
42196,0.00016,172.31.40.0-255,66,28522,70,291570
42197,0.000165,74.125.68.0-255,2543,31065,70,291570
42198,0.000168,172.31.40.0-255,66,31131,70,291570
42199,0.000221,74.125.68.0-255,1484,32615,70,291570
42200,0.000223,172.31.40.0-255,66,32681,70,291570
42201,0.000238,74.125.68.0-255,2902,35583,70,291570
42202,0.000241,172.31.40.0-255,66,35649,70,291570
42203,0.000267,74.125.68.0-255,4320,39969,70,291570
42204,0.00027,172.31.40.0-255,66,40035,70,291570
42205,0.000274,74.125.68.0-255,2902,42937,70,291570
42206,0.000276,172.31.40.0-255,66,43003,70,291570
42207,0.000297,74.125.68.0-255,5738,48741,70,291570
42208,0.0003,172.31.40.0-255,66,48807,70,291570
42209,0.000306,74.125.68.0-255,5738,54545,70,291570
42210,0.000309,172.31.40.0-255,66,54611,70,291570
42211,0.000346,74.125.68.0-255,1484,56095,70,291570
42212,0.000348,172.31.40.0-255,66,56161,70,291570
42213,0.000376,74.125.68.0-255,9605,65766,70,291570
42214,0.000379,172.31.40.0-255,66,65832,70,291570
42215,0.000382,74.125.68.0-255,113,65945,70,291570
42216,0.00042,74.125.68.0-255,332,66277,70,291570
42217,0.000472,74.125.68.0-255,1484,67761,70,291570
42218,0.000474,172.31.40.0-255,66,67827,70,291570
42219,0.000505,74.125.68.0-255,2902,70729,70,291570
42220,0.000508,172.31.40.0-255,66,70795,70,291570
42221,0.000514,74.125.68.0-255,4320,75115,70,291570
42222,0.000517,172.31.40.0-255,66,75181,70,291570
42223,0.000538,74.125.68.0-255,1484,76665,70,291570
42224,0.000558,74.125.68.0-255,6246,82911,70,291570
42225,0.000561,172.31.40.0-255,66,82977,70,291570
42226,0.001388,74.125.68.0-255,1484,84461,70,291570
42227,0.001397,74.125.68.0-255,2902,87363,70,291570
42228,0.001401,172.31.40.0-255,66,87429,70,291570
42229,0.001405,74.125.68.0-255,1484,88913,70,291570
42230,0.001408,74.125.68.0-255,1484,90397,70,291570
42231,0.00141,172.31.40.0-255,66,90463,70,291570
42232,0.001422,74.125.68.0-255,1484,91947,70,291570
42233,0.001438,74.125.68.0-255,5738,97685,70,291570
42234,0.001441,172.31.40.0-255,66,97751,70,291570
42235,0.001462,74.125.68.0-255,4320,102071,70,291570
42236,0.001464,172.31.40.0-255,66,102137,70,291570
42237,0.001467,74.125.68.0-255,1484,103621,70,291570
42238,0.001483,74.125.68.0-255,4320,107941,70,291570
42239,0.001486,172.31.40.0-255,66,108007,70,291570
42240,0.001503,74.125.68.0-255,1484,109491,70,291570
42241,0.001527,74.125.68.0-255,7856,117347,70,291570
42242,0.001529,172.31.40.0-255,66,117413,70,291570
42243,0.001734,172.31.40.0-255,101,117514,70,291570
42244,0.001897,74.125.68.0-255,1484,118998,70,291570
42245,0.001902,74.125.68.0-255,1484,120482,70,291570
42246,0.001906,172.31.40.0-255,66,120548,70,291570
42247,0.001923,74.125.68.0-255,1484,122032,70,291570
42248,0.00193,74.125.68.0-255,5738,127770,70,291570
42249,0.001933,172.31.40.0-255,66,127836,70,291570
42250,0.001955,74.125.68.0-255,4320,132156,70,291570
42251,0.001958,172.31.40.0-255,66,132222,70,291570
42252,0.001966,74.125.68.0-255,5738,137960,70,291570
42253,0.001968,172.31.40.0-255,66,138026,70,291570
42254,0.001992,74.125.68.0-255,2902,140928,70,291570
42255,0.001997,172.31.40.0-255,66,140994,70,291570
42256,0.002022,74.125.68.0-255,8574,149568,70,291570
42257,0.002026,172.31.40.0-255,66,149634,70,291570
42258,0.002045,74.125.68.0-255,2184,151818,70,291570
42259,0.002048,172.31.40.0-255,66,151884,70,291570
42260,0.003716,74.125.68.0-255,66,151950,70,291570
42261,0.004026,74.125.68.0-255,2902,154852,70,291570
42262,0.004034,172.31.40.0-255,66,154918,70,291570
42263,0.004057,74.125.68.0-255,2902,157820,70,291570
42264,0.00406,172.31.40.0-255,66,157886,70,291570
42265,0.006034,74.125.68.0-255,2902,160788,70,291570
42266,0.006038,172.31.40.0-255,66,160854,70,291570
42267,0.006057,74.125.68.0-255,2902,163756,70,291570
42268,0.006059,172.31.40.0-255,66,163822,70,291570
42269,0.008035,74.125.68.0-255,2902,166724,70,291570
42270,0.008039,172.31.40.0-255,66,166790,70,291570
42271,0.008058,74.125.68.0-255,2902,169692,70,291570
42272,0.008061,172.31.40.0-255,66,169758,70,291570
42273,0.010059,74.125.68.0-255,2902,172660,70,291570
42274,0.010066,172.31.40.0-255,66,172726,70,291570
42275,0.010088,74.125.68.0-255,2902,175628,70,291570
42276,0.010091,172.31.40.0-255,66,175694,70,291570
42277,0.012086,74.125.68.0-255,5738,181432,70,291570
42278,0.012093,172.31.40.0-255,66,181498,70,291570
42279,0.014113,74.125.68.0-255,5738,187236,70,291570
42280,0.01412,172.31.40.0-255,66,187302,70,291570
42281,0.016139,74.125.68.0-255,5738,193040,70,291570
42282,0.016149,172.31.40.0-255,66,193106,70,291570
42283,0.018161,74.125.68.0-255,5738,198844,70,291570
42284,0.018169,172.31.40.0-255,66,198910,70,291570
42285,0.02019,74.125.68.0-255,5738,204648,70,291570
42286,0.020198,172.31.40.0-255,66,204714,70,291570
42287,0.022213,74.125.68.0-255,5738,210452,70,291570
42288,0.022221,172.31.40.0-255,66,210518,70,291570
42289,0.024241,74.125.68.0-255,5738,216256,70,291570
42290,0.02425,172.31.40.0-255,66,216322,70,291570
42291,0.026281,74.125.68.0-255,5738,222060,70,291570
42292,0.026289,172.31.40.0-255,66,222126,70,291570
42293,0.028312,74.125.68.0-255,5738,227864,70,291570
42294,0.028319,172.31.40.0-255,66,227930,70,291570
42295,0.029622,172.31.40.0-255,172,228102,70,291570
42296,0.029674,172.31.40.0-255,1117,229219,70,291570
42297,0.029737,172.31.40.0-255,1514,230733,70,291570
42298,0.029739,172.31.40.0-255,1514,232247,70,291570
42299,0.02974,172.31.40.0-255,845,233092,70,291570
42300,0.030344,74.125.68.0-255,5738,238830,70,291570
42301,0.030351,172.31.40.0-255,66,238896,70,291570
42302,0.031184,104.244.42.0-255,66,238962,70,291570
42303,0.031287,104.244.42.0-255,66,239028,70,291570
42304,0.031364,104.244.42.0-255,66,239094,70,291570
42305,0.031367,104.244.42.0-255,66,239160,70,291570
42306,0.032016,104.244.42.0-255,108,239268,70,291570
42307,0.032026,172.31.40.0-255,66,239334,70,291570
42308,0.03236,74.125.68.0-255,5738,245072,70,291570
42309,0.032365,172.31.40.0-255,66,245138,70,291570
42310,0.034385,74.125.68.0-255,5738,250876,70,291570
42311,0.034392,172.31.40.0-255,66,250942,70,291570
42312,0.036468,74.125.68.0-255,5738,256680,70,291570
42313,0.036485,172.31.40.0-255,66,256746,70,291570
42314,0.038544,74.125.68.0-255,5738,262484,70,291570
42315,0.038561,172.31.40.0-255,66,262550,70,291570
42316,0.040576,74.125.68.0-255,5738,268288,70,291570
42317,0.040585,172.31.40.0-255,66,268354,70,291570
42318,0.042607,74.125.68.0-255,5738,274092,70,291570
42319,0.04262,172.31.40.0-255,66,274158,70,291570
42320,0.044657,74.125.68.0-255,5738,279896,70,291570
42321,0.044674,172.31.40.0-255,66,279962,70,291570
42322,0.046696,74.125.68.0-255,5738,285700,70,291570
42323,0.046704,172.31.40.0-255,66,285766,70,291570
42324,0.048732,74.125.68.0-255,5738,291504,70,291570
42325,0.048747,172.31.40.0-255,66,291570,70,291570
42326,0.0,172.217.194.0-255,152,152,70,292602
42327,2.4e-05,172.31.40.0-255,66,218,70,292602
42328,3.2e-05,172.217.194.0-255,1484,1702,70,292602
42329,3.7e-05,172.31.40.0-255,66,1768,70,292602
42330,5.1e-05,172.217.194.0-255,2902,4670,70,292602
42331,5.5e-05,172.31.40.0-255,66,4736,70,292602
42332,6.5e-05,172.217.194.0-255,7156,11892,70,292602
42333,6.9e-05,172.31.40.0-255,66,11958,70,292602
42334,7.3e-05,172.217.194.0-255,2137,14095,70,292602
42335,7.6e-05,172.31.40.0-255,66,14161,70,292602
42336,8e-05,172.217.194.0-255,2902,17063,70,292602
42337,8.3e-05,172.31.40.0-255,66,17129,70,292602
42338,0.000114,172.217.194.0-255,4320,21449,70,292602
42339,0.000116,172.31.40.0-255,66,21515,70,292602
42340,0.000151,172.217.194.0-255,2902,24417,70,292602
42341,0.000154,172.31.40.0-255,66,24483,70,292602
42342,0.000162,172.217.194.0-255,6797,31280,70,292602
42343,0.000164,172.31.40.0-255,66,31346,70,292602
42344,0.000171,172.217.194.0-255,7156,38502,70,292602
42345,0.000174,172.31.40.0-255,66,38568,70,292602
42346,0.000182,172.217.194.0-255,8574,47142,70,292602
42347,0.000185,172.31.40.0-255,66,47208,70,292602
42348,0.000213,172.217.194.0-255,1125,48333,70,292602
42349,0.000215,172.31.40.0-255,66,48399,70,292602
42350,0.000218,172.217.194.0-255,1484,49883,70,292602
42351,0.00022,172.31.40.0-255,66,49949,70,292602
42352,0.000245,172.217.194.0-255,4320,54269,70,292602
42353,0.000248,172.31.40.0-255,66,54335,70,292602
42354,0.000257,172.217.194.0-255,9992,64327,70,292602
42355,0.00026,172.31.40.0-255,66,64393,70,292602
42356,0.000263,172.217.194.0-255,1399,65792,70,292602
42357,0.000265,172.31.40.0-255,66,65858,70,292602
42358,0.000288,172.217.194.0-255,122,65980,70,292602
42359,0.000458,172.217.194.0-255,379,66359,70,292602
42360,0.000756,172.217.194.0-255,1484,67843,70,292602
42361,0.000762,172.31.40.0-255,66,67909,70,292602
42362,0.000768,172.217.194.0-255,2902,70811,70,292602
42363,0.00077,172.31.40.0-255,66,70877,70,292602
42364,0.000778,172.217.194.0-255,1484,72361,70,292602
42365,0.000799,172.217.194.0-255,4320,76681,70,292602
42366,0.000802,172.31.40.0-255,66,76747,70,292602
42367,0.000807,172.217.194.0-255,4320,81067,70,292602
42368,0.000809,172.31.40.0-255,66,81133,70,292602
42369,0.000834,172.217.194.0-255,8574,89707,70,292602
42370,0.000836,172.31.40.0-255,66,89773,70,292602
42371,0.000842,172.217.194.0-255,4320,94093,70,292602
42372,0.000845,172.31.40.0-255,66,94159,70,292602
42373,0.000871,172.217.194.0-255,1484,95643,70,292602
42374,0.000879,172.217.194.0-255,5020,100663,70,292602
42375,0.000882,172.31.40.0-255,66,100729,70,292602
42376,0.000928,172.217.194.0-255,1484,102213,70,292602
42377,0.000934,172.217.194.0-255,2902,105115,70,292602
42378,0.000937,172.31.40.0-255,66,105181,70,292602
42379,0.000967,172.217.194.0-255,5738,110919,70,292602
42380,0.000971,172.31.40.0-255,66,110985,70,292602
42381,0.000985,172.31.40.0-255,66,111051,70,292602
42382,0.000991,172.217.194.0-255,5738,116789,70,292602
42383,0.000993,172.31.40.0-255,66,116855,70,292602
42384,0.001027,172.217.194.0-255,5020,121875,70,292602
42385,0.001031,172.31.40.0-255,66,121941,70,292602
42386,0.001037,172.217.194.0-255,5738,127679,70,292602
42387,0.001039,172.31.40.0-255,66,127745,70,292602
42388,0.001097,172.217.194.0-255,5738,133483,70,292602
42389,0.001101,172.31.40.0-255,66,133549,70,292602
42390,0.001114,172.31.40.0-255,66,133615,70,292602
42391,0.001123,172.217.194.0-255,9274,142889,70,292602
42392,0.001132,172.217.194.0-255,9992,152881,70,292602
42393,0.001136,172.217.194.0-255,2902,155783,70,292602
42394,0.001201,172.217.194.0-255,7856,163639,70,292602
42395,0.001243,172.31.40.0-255,66,163705,70,292602
42396,0.001541,172.217.194.0-255,1484,165189,70,292602
42397,0.001547,172.217.194.0-255,2902,168091,70,292602
42398,0.001551,172.31.40.0-255,66,168157,70,292602
42399,0.001582,172.217.194.0-255,5738,173895,70,292602
42400,0.001585,172.31.40.0-255,66,173961,70,292602
42401,0.00163,172.217.194.0-255,7156,181117,70,292602
42402,0.001647,172.31.40.0-255,66,181183,70,292602
42403,0.00172,172.217.194.0-255,3602,184785,70,292602
42404,0.001735,172.31.40.0-255,66,184851,70,292602
42405,0.001962,172.217.194.0-255,1484,186335,70,292602
42406,0.001968,172.217.194.0-255,2902,189237,70,292602
42407,0.001972,172.31.40.0-255,66,189303,70,292602
42408,0.001984,172.217.194.0-255,1484,190787,70,292602
42409,0.002003,172.217.194.0-255,4320,195107,70,292602
42410,0.002006,172.31.40.0-255,66,195173,70,292602
42411,0.002019,172.217.194.0-255,4320,199493,70,292602
42412,0.002021,172.31.40.0-255,66,199559,70,292602
42413,0.002048,172.217.194.0-255,5738,205297,70,292602
42414,0.002056,172.217.194.0-255,7156,212453,70,292602
42415,0.002072,172.217.194.0-255,4320,216773,70,292602
42416,0.002076,172.217.194.0-255,2184,218957,70,292602
42417,0.00208,172.31.40.0-255,66,219023,70,292602
42418,0.002109,172.217.194.0-255,9992,229015,70,292602
42419,0.002121,172.31.40.0-255,66,229081,70,292602
42420,0.002141,172.217.194.0-255,5738,234819,70,292602
42421,0.00215,172.217.194.0-255,8574,243393,70,292602
42422,0.002173,172.31.40.0-255,66,243459,70,292602
42423,0.002207,172.217.194.0-255,5020,248479,70,292602
42424,0.002227,172.217.194.0-255,5738,254217,70,292602
42425,0.00223,172.31.40.0-255,66,254283,70,292602
42426,0.002256,172.217.194.0-255,2184,256467,70,292602
42427,0.002286,172.217.194.0-255,8574,265041,70,292602
42428,0.002299,172.31.40.0-255,66,265107,70,292602
42429,0.00233,172.217.194.0-255,1484,266591,70,292602
42430,0.002335,172.217.194.0-255,3602,270193,70,292602
42431,0.002341,172.217.194.0-255,5738,275931,70,292602
42432,0.002345,172.31.40.0-255,66,275997,70,292602
42433,0.002372,172.217.194.0-255,5738,281735,70,292602
42434,0.002407,172.217.194.0-255,4320,286055,70,292602
42435,0.002429,172.217.194.0-255,6139,292194,70,292602
42436,0.002431,172.217.194.0-255,105,292299,70,292602
42437,0.002433,172.31.40.0-255,66,292365,70,292602
42438,0.002439,172.31.40.0-255,66,292431,70,292602
42439,0.013236,172.31.40.0-255,105,292536,70,292602
42440,0.015798,172.217.194.0-255,66,292602,70,292602
42441,0.0,172.217.194.0-255,152,152,70,262888
42442,2.2e-05,172.31.40.0-255,66,218,70,262888
42443,2.9e-05,172.217.194.0-255,1484,1702,70,262888
42444,3.4e-05,172.31.40.0-255,66,1768,70,262888
42445,3.9e-05,172.217.194.0-255,2902,4670,70,262888
42446,4.3e-05,172.31.40.0-255,66,4736,70,262888
42447,5.1e-05,172.217.194.0-255,7156,11892,70,262888
42448,5.4e-05,172.31.40.0-255,66,11958,70,262888
42449,5.8e-05,172.217.194.0-255,2067,14025,70,262888
42450,6.1e-05,172.31.40.0-255,66,14091,70,262888
42451,0.000209,172.217.194.0-255,1484,15575,70,262888
42452,0.000214,172.31.40.0-255,66,15641,70,262888
42453,0.00022,172.217.194.0-255,2902,18543,70,262888
42454,0.000223,172.31.40.0-255,66,18609,70,262888
42455,0.000229,172.217.194.0-255,4320,22929,70,262888
42456,0.000231,172.31.40.0-255,66,22995,70,262888
42457,0.000246,172.217.194.0-255,1484,24479,70,262888
42458,0.000248,172.31.40.0-255,66,24545,70,262888
42459,0.000254,172.217.194.0-255,2902,27447,70,262888
42460,0.000256,172.31.40.0-255,66,27513,70,262888
42461,0.000281,172.217.194.0-255,2902,30415,70,262888
42462,0.000283,172.31.40.0-255,66,30481,70,262888
42463,0.000296,172.217.194.0-255,1125,31606,70,262888
42464,0.000299,172.31.40.0-255,66,31672,70,262888
42465,0.000368,172.217.194.0-255,1484,33156,70,262888
42466,0.000371,172.31.40.0-255,66,33222,70,262888
42467,0.000377,172.217.194.0-255,2902,36124,70,262888
42468,0.000379,172.31.40.0-255,66,36190,70,262888
42469,0.000383,172.217.194.0-255,2902,39092,70,262888
42470,0.000385,172.31.40.0-255,66,39158,70,262888
42471,0.000411,172.217.194.0-255,2902,42060,70,262888
42472,0.000414,172.31.40.0-255,66,42126,70,262888
42473,0.000423,172.217.194.0-255,8215,50341,70,262888
42474,0.000425,172.31.40.0-255,66,50407,70,262888
42475,0.000436,172.217.194.0-255,1484,51891,70,262888
42476,0.000476,172.31.40.0-255,66,51957,70,262888
42477,0.000478,172.217.194.0-255,342,52299,70,262888
42478,0.000513,172.217.194.0-255,120,52419,70,262888
42479,0.000982,172.31.40.0-255,66,52485,70,262888
42480,0.001656,172.217.194.0-255,378,52863,70,262888
42481,0.001942,172.217.194.0-255,1484,54347,70,262888
42482,0.001948,172.31.40.0-255,66,54413,70,262888
42483,0.001954,172.217.194.0-255,2902,57315,70,262888
42484,0.001956,172.31.40.0-255,66,57381,70,262888
42485,0.001972,172.217.194.0-255,5738,63119,70,262888
42486,0.001974,172.31.40.0-255,66,63185,70,262888
42487,0.002004,172.217.194.0-255,8574,71759,70,262888
42488,0.002006,172.31.40.0-255,66,71825,70,262888
42489,0.00202,172.217.194.0-255,4320,76145,70,262888
42490,0.002022,172.31.40.0-255,66,76211,70,262888
42491,0.002031,172.217.194.0-255,8574,84785,70,262888
42492,0.002033,172.31.40.0-255,66,84851,70,262888
42493,0.002054,172.217.194.0-255,2184,87035,70,262888
42494,0.002056,172.31.40.0-255,66,87101,70,262888
42495,0.002121,172.217.194.0-255,1484,88585,70,262888
42496,0.002126,172.217.194.0-255,2902,91487,70,262888
42497,0.002128,172.31.40.0-255,66,91553,70,262888
42498,0.002142,172.217.194.0-255,4320,95873,70,262888
42499,0.002144,172.31.40.0-255,66,95939,70,262888
42500,0.002158,172.217.194.0-255,1484,97423,70,262888
42501,0.002191,172.217.194.0-255,7156,104579,70,262888
42502,0.002193,172.31.40.0-255,66,104645,70,262888
42503,0.002216,172.217.194.0-255,5738,110383,70,262888
42504,0.002218,172.31.40.0-255,66,110449,70,262888
42505,0.002228,172.217.194.0-255,8574,119023,70,262888
42506,0.00223,172.31.40.0-255,66,119089,70,262888
42507,0.002235,172.217.194.0-255,2184,121273,70,262888
42508,0.002238,172.31.40.0-255,66,121339,70,262888
42509,0.002242,172.217.194.0-255,2902,124241,70,262888
42510,0.002244,172.31.40.0-255,66,124307,70,262888
42511,0.002247,172.217.194.0-255,1484,125791,70,262888
42512,0.002275,172.217.194.0-255,5738,131529,70,262888
42513,0.002278,172.31.40.0-255,66,131595,70,262888
42514,0.002286,172.217.194.0-255,8574,140169,70,262888
42515,0.002289,172.31.40.0-255,66,140235,70,262888
42516,0.004527,172.217.194.0-255,1484,141719,70,262888
42517,0.004549,172.217.194.0-255,4320,146039,70,262888
42518,0.004552,172.31.40.0-255,66,146105,70,262888
42519,0.006779,172.217.194.0-255,5738,151843,70,262888
42520,0.006785,172.31.40.0-255,66,151909,70,262888
42521,0.009082,172.217.194.0-255,4320,156229,70,262888
42522,0.00909,172.31.40.0-255,66,156295,70,262888
42523,0.009109,172.217.194.0-255,1484,157779,70,262888
42524,0.011322,172.217.194.0-255,4320,162099,70,262888
42525,0.011331,172.31.40.0-255,66,162165,70,262888
42526,0.013548,172.217.194.0-255,5738,167903,70,262888
42527,0.013559,172.31.40.0-255,66,167969,70,262888
42528,0.015781,172.217.194.0-255,5738,173707,70,262888
42529,0.015788,172.31.40.0-255,66,173773,70,262888
42530,0.018021,172.217.194.0-255,5738,179511,70,262888
42531,0.018027,172.31.40.0-255,66,179577,70,262888
42532,0.020236,172.217.194.0-255,5738,185315,70,262888
42533,0.020242,172.31.40.0-255,66,185381,70,262888
42534,0.022464,172.217.194.0-255,5738,191119,70,262888
42535,0.022472,172.31.40.0-255,66,191185,70,262888
42536,0.024675,172.217.194.0-255,5738,196923,70,262888
42537,0.024682,172.31.40.0-255,66,196989,70,262888
42538,0.026901,172.217.194.0-255,5738,202727,70,262888
42539,0.026908,172.31.40.0-255,66,202793,70,262888
42540,0.029116,172.217.194.0-255,5738,208531,70,262888
42541,0.029123,172.31.40.0-255,66,208597,70,262888
42542,0.031367,172.217.194.0-255,5738,214335,70,262888
42543,0.031375,172.31.40.0-255,66,214401,70,262888
42544,0.03182,172.31.40.0-255,172,214573,70,262888
42545,0.031878,172.31.40.0-255,1118,215691,70,262888
42546,0.031929,172.31.40.0-255,567,216258,70,262888
42547,0.033378,104.244.42.0-255,66,216324,70,262888
42548,0.033427,104.244.42.0-255,66,216390,70,262888
42549,0.033512,104.244.42.0-255,66,216456,70,262888
42550,0.033598,172.217.194.0-255,5738,222194,70,262888
42551,0.033603,172.31.40.0-255,66,222260,70,262888
42552,0.035836,172.217.194.0-255,5738,227998,70,262888
42553,0.035842,172.31.40.0-255,66,228064,70,262888
42554,0.038068,172.217.194.0-255,5738,233802,70,262888
42555,0.038075,172.31.40.0-255,66,233868,70,262888
42556,0.040312,172.217.194.0-255,5738,239606,70,262888
42557,0.040318,172.31.40.0-255,66,239672,70,262888
42558,0.042566,172.217.194.0-255,5738,245410,70,262888
42559,0.042585,172.31.40.0-255,66,245476,70,262888
42560,0.044812,172.217.194.0-255,5738,251214,70,262888
42561,0.044826,172.31.40.0-255,66,251280,70,262888
42562,0.047067,172.217.194.0-255,5738,257018,70,262888
42563,0.04708,172.31.40.0-255,66,257084,70,262888
42564,0.049328,172.217.194.0-255,5738,262822,70,262888
42565,0.049346,172.31.40.0-255,66,262888,70,262888
42566,0.0,74.125.200.0-255,153,153,70,191406
42567,2.3e-05,172.31.40.0-255,66,219,70,191406
42568,3.1e-05,74.125.200.0-255,1484,1703,70,191406
42569,3.5e-05,172.31.40.0-255,66,1769,70,191406
42570,3.8e-05,74.125.200.0-255,1484,3253,70,191406
42571,4.8e-05,172.31.40.0-255,66,3319,70,191406
42572,5.4e-05,74.125.200.0-255,2902,6221,70,191406
42573,5.6e-05,172.31.40.0-255,66,6287,70,191406
42574,0.000113,74.125.200.0-255,5738,12025,70,191406
42575,0.000116,172.31.40.0-255,66,12091,70,191406
42576,0.000252,74.125.200.0-255,7156,19247,70,191406
42577,0.000257,172.31.40.0-255,66,19313,70,191406
42578,0.000284,74.125.200.0-255,594,19907,70,191406
42579,0.000287,172.31.40.0-255,66,19973,70,191406
42580,0.00042,74.125.200.0-255,5738,25711,70,191406
42581,0.000425,172.31.40.0-255,66,25777,70,191406
42582,0.000446,74.125.200.0-255,6797,32574,70,191406
42583,0.000449,172.31.40.0-255,66,32640,70,191406
42584,0.000712,74.125.200.0-255,8574,41214,70,191406
42585,0.000717,172.31.40.0-255,66,41280,70,191406
42586,0.00076,172.31.40.0-255,66,41346,70,191406
42587,0.001241,74.125.200.0-255,5738,47084,70,191406
42588,0.001249,172.31.40.0-255,66,47150,70,191406
42589,0.001269,74.125.200.0-255,3934,51084,70,191406
42590,0.001272,172.31.40.0-255,66,51150,70,191406
42591,0.001422,74.125.200.0-255,109,51259,70,191406
42592,0.001426,172.31.40.0-255,66,51325,70,191406
42593,0.001455,172.31.40.0-255,66,51391,70,191406
42594,0.001507,172.31.40.0-255,66,51457,70,191406
42595,0.002217,74.125.200.0-255,9992,61449,70,191406
42596,0.002956,74.125.200.0-255,4320,65769,70,191406
42597,0.002975,74.125.200.0-255,9992,75761,70,191406
42598,0.006395,172.31.40.0-255,66,75827,70,191406
42599,0.008365,74.125.200.0-255,5738,81565,70,191406
42600,0.008373,172.31.40.0-255,66,81631,70,191406
42601,0.010339,74.125.200.0-255,4320,85951,70,191406
42602,0.010346,172.31.40.0-255,66,86017,70,191406
42603,0.010374,74.125.200.0-255,1484,87501,70,191406
42604,0.012327,74.125.200.0-255,4320,91821,70,191406
42605,0.014444,172.31.40.0-255,66,91887,70,191406
42606,0.016415,74.125.200.0-255,5738,97625,70,191406
42607,0.016423,172.31.40.0-255,66,97691,70,191406
42608,0.018379,74.125.200.0-255,5738,103429,70,191406
42609,0.018386,172.31.40.0-255,66,103495,70,191406
42610,0.020363,74.125.200.0-255,5738,109233,70,191406
42611,0.02037,172.31.40.0-255,66,109299,70,191406
42612,0.022333,74.125.200.0-255,5738,115037,70,191406
42613,0.022339,172.31.40.0-255,66,115103,70,191406
42614,0.024294,74.125.200.0-255,5738,120841,70,191406
42615,0.024301,172.31.40.0-255,66,120907,70,191406
42616,0.024682,172.31.40.0-255,172,121079,70,191406
42617,0.024713,172.31.40.0-255,613,121692,70,191406
42618,0.026296,74.125.200.0-255,5738,127430,70,191406
42619,0.026308,172.31.40.0-255,66,127496,70,191406
42620,0.026886,104.244.42.0-255,66,127562,70,191406
42621,0.028273,74.125.200.0-255,5738,133300,70,191406
42622,0.02828,172.31.40.0-255,66,133366,70,191406
42623,0.030254,74.125.200.0-255,5738,139104,70,191406
42624,0.030261,172.31.40.0-255,66,139170,70,191406
42625,0.032267,74.125.200.0-255,5738,144908,70,191406
42626,0.032273,172.31.40.0-255,66,144974,70,191406
42627,0.034238,74.125.200.0-255,5738,150712,70,191406
42628,0.034245,172.31.40.0-255,66,150778,70,191406
42629,0.036204,74.125.200.0-255,5738,156516,70,191406
42630,0.036211,172.31.40.0-255,66,156582,70,191406
42631,0.038182,74.125.200.0-255,5738,162320,70,191406
42632,0.038188,172.31.40.0-255,66,162386,70,191406
42633,0.040165,74.125.200.0-255,5738,168124,70,191406
42634,0.040171,172.31.40.0-255,66,168190,70,191406
42635,0.042144,74.125.200.0-255,5738,173928,70,191406
42636,0.042899,172.31.40.0-255,66,173994,70,191406
42637,0.044879,74.125.200.0-255,5738,179732,70,191406
42638,0.044895,172.31.40.0-255,66,179798,70,191406
42639,0.04687,74.125.200.0-255,5738,185536,70,191406
42640,0.046884,172.31.40.0-255,66,185602,70,191406
42641,0.048865,74.125.200.0-255,5738,191340,70,191406
42642,0.048878,172.31.40.0-255,66,191406,70,191406
42643,0.0,74.125.24.0-255,152,152,70,318254
42644,1.9e-05,172.31.40.0-255,66,218,70,318254
42645,2.5e-05,74.125.24.0-255,1484,1702,70,318254
42646,2.9e-05,172.31.40.0-255,66,1768,70,318254
42647,3.5e-05,74.125.24.0-255,2902,4670,70,318254
42648,3.8e-05,172.31.40.0-255,66,4736,70,318254
42649,4.5e-05,74.125.24.0-255,7156,11892,70,318254
42650,4.7e-05,172.31.40.0-255,66,11958,70,318254
42651,5.1e-05,74.125.24.0-255,1976,13934,70,318254
42652,5.4e-05,172.31.40.0-255,66,14000,70,318254
42653,9.1e-05,74.125.24.0-255,4320,18320,70,318254
42654,9.3e-05,172.31.40.0-255,66,18386,70,318254
42655,0.000111,74.125.24.0-255,5738,24124,70,318254
42656,0.000114,172.31.40.0-255,66,24190,70,318254
42657,0.000133,74.125.24.0-255,1484,25674,70,318254
42658,0.000135,172.31.40.0-255,66,25740,70,318254
42659,0.000156,74.125.24.0-255,5379,31119,70,318254
42660,0.000158,172.31.40.0-255,66,31185,70,318254
42661,0.000198,74.125.24.0-255,1484,32669,70,318254
42662,0.0002,172.31.40.0-255,66,32735,70,318254
42663,0.000205,74.125.24.0-255,2902,35637,70,318254
42664,0.000206,172.31.40.0-255,66,35703,70,318254
42665,0.000221,74.125.24.0-255,5738,41441,70,318254
42666,0.000223,172.31.40.0-255,66,41507,70,318254
42667,0.000255,74.125.24.0-255,8215,49722,70,318254
42668,0.000258,172.31.40.0-255,66,49788,70,318254
42669,0.000281,74.125.24.0-255,9992,59780,70,318254
42670,0.000284,172.31.40.0-255,66,59846,70,318254
42671,0.000301,74.125.24.0-255,5651,65497,70,318254
42672,0.000304,172.31.40.0-255,66,65563,70,318254
42673,0.000318,74.125.24.0-255,134,65697,70,318254
42674,0.00032,172.31.40.0-255,66,65763,70,318254
42675,0.000373,74.125.24.0-255,348,66111,70,318254
42676,0.000482,74.125.24.0-255,1484,67595,70,318254
42677,0.000488,74.125.24.0-255,2902,70497,70,318254
42678,0.000496,172.31.40.0-255,66,70563,70,318254
42679,0.000516,74.125.24.0-255,5738,76301,70,318254
42680,0.00053,74.125.24.0-255,5738,82039,70,318254
42681,0.000534,172.31.40.0-255,66,82105,70,318254
42682,0.000548,74.125.24.0-255,7664,89769,70,318254
42683,0.000555,74.125.24.0-255,7156,96925,70,318254
42684,0.000581,172.31.40.0-255,66,96991,70,318254
42685,0.000594,74.125.24.0-255,2543,99534,70,318254
42686,0.000616,172.31.40.0-255,66,99600,70,318254
42687,0.000782,74.125.24.0-255,1484,101084,70,318254
42688,0.000788,74.125.24.0-255,2902,103986,70,318254
42689,0.000791,172.31.40.0-255,66,104052,70,318254
42690,0.000795,74.125.24.0-255,1484,105536,70,318254
42691,0.000798,74.125.24.0-255,1484,107020,70,318254
42692,0.000814,74.125.24.0-255,4320,111340,70,318254
42693,0.000821,172.31.40.0-255,66,111406,70,318254
42694,0.000844,74.125.24.0-255,5379,116785,70,318254
42695,0.000859,172.31.40.0-255,66,116851,70,318254
42696,0.000919,74.125.24.0-255,1484,118335,70,318254
42697,0.000923,74.125.24.0-255,2902,121237,70,318254
42698,0.000946,74.125.24.0-255,5738,126975,70,318254
42699,0.000952,74.125.24.0-255,4320,131295,70,318254
42700,0.000964,172.31.40.0-255,66,131361,70,318254
42701,0.000986,172.31.40.0-255,66,131427,70,318254
42702,0.000999,74.125.24.0-255,5738,137165,70,318254
42703,0.001014,74.125.24.0-255,2184,139349,70,318254
42704,0.00103,74.125.24.0-255,7156,146505,70,318254
42705,0.001036,172.31.40.0-255,66,146571,70,318254
42706,0.001044,74.125.24.0-255,1484,148055,70,318254
42707,0.001124,74.125.24.0-255,4320,152375,70,318254
42708,0.001134,74.125.24.0-255,9274,161649,70,318254
42709,0.001154,172.31.40.0-255,66,161715,70,318254
42710,0.001206,74.125.24.0-255,1484,163199,70,318254
42711,0.001226,74.125.24.0-255,2902,166101,70,318254
42712,0.001234,74.125.24.0-255,5738,171839,70,318254
42713,0.001244,74.125.24.0-255,1484,173323,70,318254
42714,0.001247,172.31.40.0-255,66,173389,70,318254
42715,0.001255,74.125.24.0-255,1484,174873,70,318254
42716,0.00126,172.31.40.0-255,66,174939,70,318254
42717,0.001271,74.125.24.0-255,3961,178900,70,318254
42718,0.001302,74.125.24.0-255,7156,186056,70,318254
42719,0.001308,74.125.24.0-255,2902,188958,70,318254
42720,0.001312,172.31.40.0-255,66,189024,70,318254
42721,0.001338,74.125.24.0-255,9633,198657,70,318254
42722,0.001347,172.31.40.0-255,66,198723,70,318254
42723,0.001368,74.125.24.0-255,4320,203043,70,318254
42724,0.001374,172.31.40.0-255,66,203109,70,318254
42725,0.001401,74.125.24.0-255,1125,204234,70,318254
42726,0.001404,172.31.40.0-255,66,204300,70,318254
42727,0.001416,74.125.24.0-255,7156,211456,70,318254
42728,0.001437,74.125.24.0-255,6797,218253,70,318254
42729,0.001463,74.125.24.0-255,5738,223991,70,318254
42730,0.001465,172.31.40.0-255,66,224057,70,318254
42731,0.00147,172.31.40.0-255,66,224123,70,318254
42732,0.001482,74.125.24.0-255,8215,232338,70,318254
42733,0.001508,172.31.40.0-255,66,232404,70,318254
42734,0.001726,74.125.24.0-255,1484,233888,70,318254
42735,0.001732,74.125.24.0-255,2902,236790,70,318254
42736,0.001735,74.125.24.0-255,1484,238274,70,318254
42737,0.001749,74.125.24.0-255,4320,242594,70,318254
42738,0.001764,172.31.40.0-255,66,242660,70,318254
42739,0.001794,74.125.24.0-255,1484,244144,70,318254
42740,0.001813,74.125.24.0-255,4320,248464,70,318254
42741,0.001833,74.125.24.0-255,5020,253484,70,318254
42742,0.001837,172.31.40.0-255,66,253550,70,318254
42743,0.001843,172.31.40.0-255,66,253616,70,318254
42744,0.001871,74.125.24.0-255,7156,260772,70,318254
42745,0.001886,74.125.24.0-255,1484,262256,70,318254
42746,0.001892,172.31.40.0-255,66,262322,70,318254
42747,0.001912,74.125.24.0-255,2902,265224,70,318254
42748,0.001929,74.125.24.0-255,5379,270603,70,318254
42749,0.001931,172.31.40.0-255,66,270669,70,318254
42750,0.001936,172.31.40.0-255,66,270735,70,318254
42751,0.001961,74.125.24.0-255,1484,272219,70,318254
42752,0.001966,74.125.24.0-255,2902,275121,70,318254
42753,0.00199,74.125.24.0-255,5738,280859,70,318254
42754,0.001993,172.31.40.0-255,66,280925,70,318254
42755,0.002037,74.125.24.0-255,10692,291617,70,318254
42756,0.002072,172.31.40.0-255,66,291683,70,318254
42757,0.002118,74.125.24.0-255,1484,293167,70,318254
42758,0.002121,74.125.24.0-255,1484,294651,70,318254
42759,0.00213,74.125.24.0-255,1484,296135,70,318254
42760,0.002133,74.125.24.0-255,1484,297619,70,318254
42761,0.002155,74.125.24.0-255,4320,301939,70,318254
42762,0.002158,74.125.24.0-255,2902,304841,70,318254
42763,0.00218,74.125.24.0-255,9992,314833,70,318254
42764,0.002185,74.125.24.0-255,3079,317912,70,318254
42765,0.002212,74.125.24.0-255,105,318017,70,318254
42766,0.009293,172.31.40.0-255,66,318083,70,318254
42767,0.015712,172.31.40.0-255,105,318188,70,318254
42768,0.017962,74.125.24.0-255,66,318254,70,318254
42769,0.0,74.125.24.0-255,153,153,70,387004
42770,1.2e-05,172.31.40.0-255,66,219,70,387004
42771,1.9e-05,74.125.24.0-255,1484,1703,70,387004
42772,2.3e-05,172.31.40.0-255,66,1769,70,387004
42773,2.7e-05,74.125.24.0-255,1484,3253,70,387004
42774,3e-05,172.31.40.0-255,66,3319,70,387004
42775,5.1e-05,74.125.24.0-255,1484,4803,70,387004
42776,5.4e-05,172.31.40.0-255,66,4869,70,387004
42777,6.3e-05,74.125.24.0-255,7156,12025,70,387004
42778,6.6e-05,172.31.40.0-255,66,12091,70,387004
42779,8.3e-05,74.125.24.0-255,2118,14209,70,387004
42780,8.5e-05,172.31.40.0-255,66,14275,70,387004
42781,0.000295,74.125.24.0-255,1484,15759,70,387004
42782,0.000301,172.31.40.0-255,66,15825,70,387004
42783,0.000317,74.125.24.0-255,2902,18727,70,387004
42784,0.00032,172.31.40.0-255,66,18793,70,387004
42785,0.000325,74.125.24.0-255,2902,21695,70,387004
42786,0.000327,172.31.40.0-255,66,21761,70,387004
42787,0.000351,74.125.24.0-255,2902,24663,70,387004
42788,0.000354,172.31.40.0-255,66,24729,70,387004
42789,0.000359,74.125.24.0-255,4320,29049,70,387004
42790,0.000361,172.31.40.0-255,66,29115,70,387004
42791,0.000392,74.125.24.0-255,2543,31658,70,387004
42792,0.000395,172.31.40.0-255,66,31724,70,387004
42793,0.000445,74.125.24.0-255,1484,33208,70,387004
42794,0.000448,172.31.40.0-255,66,33274,70,387004
42795,0.000453,74.125.24.0-255,2902,36176,70,387004
42796,0.000455,172.31.40.0-255,66,36242,70,387004
42797,0.000482,74.125.24.0-255,5738,41980,70,387004
42798,0.000485,172.31.40.0-255,66,42046,70,387004
42799,0.000509,74.125.24.0-255,6797,48843,70,387004
42800,0.000512,172.31.40.0-255,66,48909,70,387004
42801,0.001603,74.125.24.0-255,1484,50393,70,387004
42802,0.001617,74.125.24.0-255,2902,53295,70,387004
42803,0.001623,172.31.40.0-255,66,53361,70,387004
42804,0.001631,74.125.24.0-255,5738,59099,70,387004
42805,0.001633,172.31.40.0-255,66,59165,70,387004
42806,0.00164,74.125.24.0-255,2902,62067,70,387004
42807,0.001642,172.31.40.0-255,66,62133,70,387004
42808,0.001667,74.125.24.0-255,3961,66094,70,387004
42809,0.00167,172.31.40.0-255,66,66160,70,387004
42810,0.001745,74.125.24.0-255,1484,67644,70,387004
42811,0.001762,74.125.24.0-255,2902,70546,70,387004
42812,0.001765,172.31.40.0-255,66,70612,70,387004
42813,0.001769,74.125.24.0-255,1484,72096,70,387004
42814,0.001784,74.125.24.0-255,4320,76416,70,387004
42815,0.001787,172.31.40.0-255,66,76482,70,387004
42816,0.001823,74.125.24.0-255,2902,79384,70,387004
42817,0.001826,172.31.40.0-255,66,79450,70,387004
42818,0.001846,74.125.24.0-255,4541,83991,70,387004
42819,0.001848,172.31.40.0-255,66,84057,70,387004
42820,0.00188,74.125.24.0-255,4320,88377,70,387004
42821,0.001882,172.31.40.0-255,66,88443,70,387004
42822,0.001905,74.125.24.0-255,4320,92763,70,387004
42823,0.001907,172.31.40.0-255,66,92829,70,387004
42824,0.001924,74.125.24.0-255,2902,95731,70,387004
42825,0.001926,172.31.40.0-255,66,95797,70,387004
42826,0.001951,74.125.24.0-255,5379,101176,70,387004
42827,0.001954,172.31.40.0-255,66,101242,70,387004
42828,0.00233,74.125.24.0-255,1484,102726,70,387004
42829,0.002336,74.125.24.0-255,2902,105628,70,387004
42830,0.00234,172.31.40.0-255,66,105694,70,387004
42831,0.002344,74.125.24.0-255,2902,108596,70,387004
42832,0.002347,172.31.40.0-255,66,108662,70,387004
42833,0.002384,74.125.24.0-255,9992,118654,70,387004
42834,0.002387,172.31.40.0-255,66,118720,70,387004
42835,0.002428,74.125.24.0-255,8574,127294,70,387004
42836,0.002431,172.31.40.0-255,66,127360,70,387004
42837,0.002434,74.125.24.0-255,1484,128844,70,387004
42838,0.002453,74.125.24.0-255,6438,135282,70,387004
42839,0.002456,172.31.40.0-255,66,135348,70,387004
42840,0.003736,74.125.24.0-255,1484,136832,70,387004
42841,0.003745,74.125.24.0-255,2902,139734,70,387004
42842,0.00375,172.31.40.0-255,66,139800,70,387004
42843,0.003758,74.125.24.0-255,5738,145538,70,387004
42844,0.00376,172.31.40.0-255,66,145604,70,387004
42845,0.003786,74.125.24.0-255,4320,149924,70,387004
42846,0.003788,172.31.40.0-255,66,149990,70,387004
42847,0.003795,74.125.24.0-255,5738,155728,70,387004
42848,0.003796,172.31.40.0-255,66,155794,70,387004
42849,0.003816,74.125.24.0-255,5738,161532,70,387004
42850,0.003818,172.31.40.0-255,66,161598,70,387004
42851,0.003821,74.125.24.0-255,1484,163082,70,387004
42852,0.003842,74.125.24.0-255,6438,169520,70,387004
42853,0.003844,172.31.40.0-255,66,169586,70,387004
42854,0.005007,74.125.24.0-255,1484,171070,70,387004
42855,0.005016,74.125.24.0-255,2902,173972,70,387004
42856,0.00502,172.31.40.0-255,66,174038,70,387004
42857,0.005026,74.125.24.0-255,2902,176940,70,387004
42858,0.005028,172.31.40.0-255,66,177006,70,387004
42859,0.005044,74.125.24.0-255,2902,179908,70,387004
42860,0.005046,172.31.40.0-255,66,179974,70,387004
42861,0.005053,74.125.24.0-255,5738,185712,70,387004
42862,0.005055,172.31.40.0-255,66,185778,70,387004
42863,0.005062,74.125.24.0-255,5738,191516,70,387004
42864,0.005064,172.31.40.0-255,66,191582,70,387004
42865,0.005084,74.125.24.0-255,5738,197320,70,387004
42866,0.005086,172.31.40.0-255,66,197386,70,387004
42867,0.00511,74.125.24.0-255,1484,198870,70,387004
42868,0.005121,74.125.24.0-255,10692,209562,70,387004
42869,0.005124,172.31.40.0-255,66,209628,70,387004
42870,0.005133,74.125.24.0-255,8574,218202,70,387004
42871,0.005135,172.31.40.0-255,66,218268,70,387004
42872,0.005157,74.125.24.0-255,2902,221170,70,387004
42873,0.00516,172.31.40.0-255,66,221236,70,387004
42874,0.005168,74.125.24.0-255,8574,229810,70,387004
42875,0.00517,172.31.40.0-255,66,229876,70,387004
42876,0.005188,74.125.24.0-255,7856,237732,70,387004
42877,0.005191,172.31.40.0-255,66,237798,70,387004
42878,0.005472,74.125.24.0-255,1484,239282,70,387004
42879,0.005478,74.125.24.0-255,2902,242184,70,387004
42880,0.005482,172.31.40.0-255,66,242250,70,387004
42881,0.005503,74.125.24.0-255,4320,246570,70,387004
42882,0.005505,172.31.40.0-255,66,246636,70,387004
42883,0.005523,74.125.24.0-255,1484,248120,70,387004
42884,0.005528,74.125.24.0-255,2902,251022,70,387004
42885,0.005532,172.31.40.0-255,66,251088,70,387004
42886,0.005552,74.125.24.0-255,8574,259662,70,387004
42887,0.005555,172.31.40.0-255,66,259728,70,387004
42888,0.005583,74.125.24.0-255,1484,261212,70,387004
42889,0.005594,74.125.24.0-255,10692,271904,70,387004
42890,0.005596,172.31.40.0-255,66,271970,70,387004
42891,0.005668,74.125.24.0-255,1484,273454,70,387004
42892,0.005694,74.125.24.0-255,2902,276356,70,387004
42893,0.005697,172.31.40.0-255,66,276422,70,387004
42894,0.005704,74.125.24.0-255,5738,282160,70,387004
42895,0.005706,172.31.40.0-255,66,282226,70,387004
42896,0.005728,74.125.24.0-255,2902,285128,70,387004
42897,0.00573,172.31.40.0-255,66,285194,70,387004
42898,0.005756,74.125.24.0-255,7156,292350,70,387004
42899,0.005758,172.31.40.0-255,66,292416,70,387004
42900,0.005778,74.125.24.0-255,2902,295318,70,387004
42901,0.005781,172.31.40.0-255,66,295384,70,387004
42902,0.005791,74.125.24.0-255,10692,306076,70,387004
42903,0.005794,172.31.40.0-255,66,306142,70,387004
42904,0.005831,74.125.24.0-255,7156,313298,70,387004
42905,0.005833,172.31.40.0-255,66,313364,70,387004
42906,0.005861,74.125.24.0-255,4320,317684,70,387004
42907,0.005865,172.31.40.0-255,66,317750,70,387004
42908,0.005884,172.31.40.0-255,66,317816,70,387004
42909,0.005888,74.125.24.0-255,1484,319300,70,387004
42910,0.005907,74.125.24.0-255,2902,322202,70,387004
42911,0.005909,172.31.40.0-255,66,322268,70,387004
42912,0.00593,74.125.24.0-255,3602,325870,70,387004
42913,0.005934,172.31.40.0-255,66,325936,70,387004
42914,0.00594,74.125.24.0-255,5738,331674,70,387004
42915,0.005942,172.31.40.0-255,66,331740,70,387004
42916,0.005956,74.125.24.0-255,2902,334642,70,387004
42917,0.005959,172.31.40.0-255,66,334708,70,387004
42918,0.005961,74.125.24.0-255,1484,336192,70,387004
42919,0.005981,74.125.24.0-255,2902,339094,70,387004
42920,0.005984,172.31.40.0-255,66,339160,70,387004
42921,0.006004,74.125.24.0-255,5738,344898,70,387004
42922,0.006007,172.31.40.0-255,66,344964,70,387004
42923,0.006024,74.125.24.0-255,1484,346448,70,387004
42924,0.006043,74.125.24.0-255,6438,352886,70,387004
42925,0.006046,172.31.40.0-255,66,352952,70,387004
42926,0.006054,74.125.24.0-255,7156,360108,70,387004
42927,0.006057,172.31.40.0-255,66,360174,70,387004
42928,0.006076,74.125.24.0-255,8574,368748,70,387004
42929,0.006079,172.31.40.0-255,66,368814,70,387004
42930,0.006085,74.125.24.0-255,5738,374552,70,387004
42931,0.006087,172.31.40.0-255,66,374618,70,387004
42932,0.006108,74.125.24.0-255,3734,378352,70,387004
42933,0.006111,172.31.40.0-255,66,378418,70,387004
42934,0.006114,74.125.24.0-255,105,378523,70,387004
42935,0.012169,172.31.40.0-255,66,378589,70,387004
42936,0.012221,172.31.40.0-255,105,378694,70,387004
42937,0.014504,74.125.24.0-255,66,378760,70,387004
42938,0.041635,172.31.40.0-255,172,378932,70,387004
42939,0.04167,172.31.40.0-255,1113,380045,70,387004
42940,0.041735,172.31.40.0-255,1514,381559,70,387004
42941,0.041737,172.31.40.0-255,1514,383073,70,387004
42942,0.041742,172.31.40.0-255,1514,384587,70,387004
42943,0.041743,172.31.40.0-255,1514,386101,70,387004
42944,0.041761,172.31.40.0-255,639,386740,70,387004
42945,0.043182,104.244.42.0-255,66,386806,70,387004
42946,0.043231,104.244.42.0-255,66,386872,70,387004
42947,0.043327,104.244.42.0-255,66,386938,70,387004
42948,0.043333,104.244.42.0-255,66,387004,70,387004
42949,0.0,74.125.24.0-255,152,152,70,168536
42950,2e-05,172.31.40.0-255,66,218,70,168536
42951,2.7e-05,74.125.24.0-255,1484,1702,70,168536
42952,3.1e-05,172.31.40.0-255,66,1768,70,168536
42953,3.5e-05,74.125.24.0-255,2902,4670,70,168536
42954,3.9e-05,172.31.40.0-255,66,4736,70,168536
42955,4.3e-05,74.125.24.0-255,2902,7638,70,168536
42956,4.5e-05,172.31.40.0-255,66,7704,70,168536
42957,7.1e-05,74.125.24.0-255,4320,12024,70,168536
42958,7.4e-05,172.31.40.0-255,66,12090,70,168536
42959,7.9e-05,74.125.24.0-255,2902,14992,70,168536
42960,8.2e-05,172.31.40.0-255,66,15058,70,168536
42961,0.000118,172.31.40.0-255,66,15124,70,168536
42962,0.000142,74.125.24.0-255,2543,17667,70,168536
42963,0.000144,172.31.40.0-255,66,17733,70,168536
42964,0.001737,74.125.24.0-255,1484,19217,70,168536
42965,0.001743,172.31.40.0-255,66,19283,70,168536
42966,0.001751,74.125.24.0-255,2902,22185,70,168536
42967,0.001753,172.31.40.0-255,66,22251,70,168536
42968,0.001772,74.125.24.0-255,2902,25153,70,168536
42969,0.001774,172.31.40.0-255,66,25219,70,168536
42970,0.001801,74.125.24.0-255,7156,32375,70,168536
42971,0.001803,172.31.40.0-255,66,32441,70,168536
42972,0.00182,74.125.24.0-255,2902,35343,70,168536
42973,0.001822,172.31.40.0-255,66,35409,70,168536
42974,0.001858,172.31.40.0-255,66,35475,70,168536
42975,0.00186,74.125.24.0-255,1484,36959,70,168536
42976,0.001862,172.31.40.0-255,66,37025,70,168536
42977,0.001883,74.125.24.0-255,4240,41265,70,168536
42978,0.001886,172.31.40.0-255,66,41331,70,168536
42979,0.001955,74.125.24.0-255,125,41456,70,168536
42980,0.002107,172.31.40.0-255,66,41522,70,168536
42981,0.003943,74.125.24.0-255,4320,45842,70,168536
42982,0.003966,172.31.40.0-255,66,45908,70,168536
42983,0.004135,74.125.24.0-255,1484,47392,70,168536
42984,0.005997,74.125.24.0-255,4320,51712,70,168536
42985,0.006003,172.31.40.0-255,66,51778,70,168536
42986,0.008064,74.125.24.0-255,5738,57516,70,168536
42987,0.008458,172.31.40.0-255,66,57582,70,168536
42988,0.010466,74.125.24.0-255,5738,63320,70,168536
42989,0.010473,172.31.40.0-255,66,63386,70,168536
42990,0.012538,74.125.24.0-255,5738,69124,70,168536
42991,0.012545,172.31.40.0-255,66,69190,70,168536
42992,0.014605,74.125.24.0-255,5738,74928,70,168536
42993,0.014613,172.31.40.0-255,66,74994,70,168536
42994,0.016675,74.125.24.0-255,5738,80732,70,168536
42995,0.016685,172.31.40.0-255,66,80798,70,168536
42996,0.01873,74.125.24.0-255,5738,86536,70,168536
42997,0.018746,172.31.40.0-255,66,86602,70,168536
42998,0.020819,74.125.24.0-255,5738,92340,70,168536
42999,0.024169,172.31.40.0-255,66,92406,70,168536
43000,0.026222,74.125.24.0-255,5738,98144,70,168536
43001,0.026235,172.31.40.0-255,66,98210,70,168536
43002,0.028262,74.125.24.0-255,5738,103948,70,168536
43003,0.02827,172.31.40.0-255,66,104014,70,168536
43004,0.030279,74.125.24.0-255,5738,109752,70,168536
43005,0.030286,172.31.40.0-255,66,109818,70,168536
43006,0.032352,74.125.24.0-255,5738,115556,70,168536
43007,0.032367,172.31.40.0-255,66,115622,70,168536
43008,0.034425,74.125.24.0-255,2902,118524,70,168536
43009,0.034432,172.31.40.0-255,66,118590,70,168536
43010,0.034447,74.125.24.0-255,2902,121492,70,168536
43011,0.034456,172.31.40.0-255,66,121558,70,168536
43012,0.034769,172.31.40.0-255,172,121730,70,168536
43013,0.034795,172.31.40.0-255,1118,122848,70,168536
43014,0.034846,172.31.40.0-255,1514,124362,70,168536
43015,0.034847,172.31.40.0-255,1514,125876,70,168536
43016,0.034874,172.31.40.0-255,844,126720,70,168536
43017,0.036305,104.244.42.0-255,66,126786,70,168536
43018,0.036349,104.244.42.0-255,66,126852,70,168536
43019,0.036459,74.125.24.0-255,2902,129754,70,168536
43020,0.036466,172.31.40.0-255,66,129820,70,168536
43021,0.036474,104.244.42.0-255,66,129886,70,168536
43022,0.036484,104.244.42.0-255,66,129952,70,168536
43023,0.036498,74.125.24.0-255,2902,132854,70,168536
43024,0.036533,172.31.40.0-255,66,132920,70,168536
43025,0.038535,74.125.24.0-255,2902,135822,70,168536
43026,0.038547,172.31.40.0-255,66,135888,70,168536
43027,0.038592,74.125.24.0-255,2902,138790,70,168536
43028,0.038871,172.31.40.0-255,66,138856,70,168536
43029,0.040601,74.125.24.0-255,2902,141758,70,168536
43030,0.040617,172.31.40.0-255,66,141824,70,168536
43031,0.040866,74.125.24.0-255,2902,144726,70,168536
43032,0.040871,172.31.40.0-255,66,144792,70,168536
43033,0.042614,74.125.24.0-255,2902,147694,70,168536
43034,0.042623,172.31.40.0-255,66,147760,70,168536
43035,0.042911,74.125.24.0-255,2902,150662,70,168536
43036,0.042917,172.31.40.0-255,66,150728,70,168536
43037,0.044673,74.125.24.0-255,2902,153630,70,168536
43038,0.044687,172.31.40.0-255,66,153696,70,168536
43039,0.044953,74.125.24.0-255,2902,156598,70,168536
43040,0.044959,172.31.40.0-255,66,156664,70,168536
43041,0.046738,74.125.24.0-255,2902,159566,70,168536
43042,0.04675,172.31.40.0-255,66,159632,70,168536
43043,0.047027,74.125.24.0-255,2902,162534,70,168536
43044,0.047033,172.31.40.0-255,66,162600,70,168536
43045,0.048789,74.125.24.0-255,2902,165502,70,168536
43046,0.0488,172.31.40.0-255,66,165568,70,168536
43047,0.049073,74.125.24.0-255,2902,168470,70,168536
43048,0.049079,172.31.40.0-255,66,168536,70,168536
43049,0.0,74.125.200.0-255,143,143,70,367744
43050,1.9e-05,172.31.40.0-255,66,209,70,367744
43051,3.5e-05,74.125.200.0-255,1484,1693,70,367744
43052,4.5e-05,172.31.40.0-255,66,1759,70,367744
43053,5e-05,74.125.200.0-255,2902,4661,70,367744
43054,5.3e-05,172.31.40.0-255,66,4727,70,367744
43055,7.1e-05,74.125.200.0-255,4320,9047,70,367744
43056,7.8e-05,172.31.40.0-255,66,9113,70,367744
43057,0.000102,74.125.200.0-255,4830,13943,70,367744
43058,0.000105,172.31.40.0-255,66,14009,70,367744
43059,0.000252,74.125.200.0-255,1484,15493,70,367744
43060,0.000256,172.31.40.0-255,66,15559,70,367744
43061,0.000261,74.125.200.0-255,2902,18461,70,367744
43062,0.000263,172.31.40.0-255,66,18527,70,367744
43063,0.000289,74.125.200.0-255,5738,24265,70,367744
43064,0.000292,172.31.40.0-255,66,24331,70,367744
43065,0.000325,74.125.200.0-255,1484,25815,70,367744
43066,0.000327,172.31.40.0-255,66,25881,70,367744
43067,0.000331,74.125.200.0-255,2902,28783,70,367744
43068,0.000333,172.31.40.0-255,66,28849,70,367744
43069,0.000377,74.125.200.0-255,5379,34228,70,367744
43070,0.00038,172.31.40.0-255,66,34294,70,367744
43071,0.000386,74.125.200.0-255,5738,40032,70,367744
43072,0.000388,172.31.40.0-255,66,40098,70,367744
43073,0.00043,74.125.200.0-255,4320,44418,70,367744
43074,0.000432,172.31.40.0-255,66,44484,70,367744
43075,0.000456,74.125.200.0-255,3961,48445,70,367744
43076,0.000458,172.31.40.0-255,66,48511,70,367744
43077,0.000482,74.125.200.0-255,1484,49995,70,367744
43078,0.000484,172.31.40.0-255,66,50061,70,367744
43079,0.000489,74.125.200.0-255,2902,52963,70,367744
43080,0.000491,172.31.40.0-255,66,53029,70,367744
43081,0.000496,74.125.200.0-255,4320,57349,70,367744
43082,0.000498,172.31.40.0-255,66,57415,70,367744
43083,0.000518,74.125.200.0-255,1484,58899,70,367744
43084,0.000543,74.125.200.0-255,7107,66006,70,367744
43085,0.000546,172.31.40.0-255,66,66072,70,367744
43086,0.000569,74.125.200.0-255,109,66181,70,367744
43087,0.000615,74.125.200.0-255,1484,67665,70,367744
43088,0.000618,172.31.40.0-255,66,67731,70,367744
43089,0.000622,74.125.200.0-255,2902,70633,70,367744
43090,0.000624,172.31.40.0-255,66,70699,70,367744
43091,0.000656,74.125.200.0-255,5738,76437,70,367744
43092,0.000659,172.31.40.0-255,66,76503,70,367744
43093,0.000695,172.31.40.0-255,66,76569,70,367744
43094,0.000736,74.125.200.0-255,4320,80889,70,367744
43095,0.000739,172.31.40.0-255,66,80955,70,367744
43096,0.00076,74.125.200.0-255,6438,87393,70,367744
43097,0.000762,172.31.40.0-255,66,87459,70,367744
43098,0.000796,74.125.200.0-255,1484,88943,70,367744
43099,0.000814,74.125.200.0-255,2902,91845,70,367744
43100,0.000818,172.31.40.0-255,66,91911,70,367744
43101,0.000842,74.125.200.0-255,4320,96231,70,367744
43102,0.000845,172.31.40.0-255,66,96297,70,367744
43103,0.00085,74.125.200.0-255,4320,100617,70,367744
43104,0.000853,172.31.40.0-255,66,100683,70,367744
43105,0.000881,74.125.200.0-255,4320,105003,70,367744
43106,0.000884,172.31.40.0-255,66,105069,70,367744
43107,0.000901,74.125.200.0-255,9992,115061,70,367744
43108,0.000903,172.31.40.0-255,66,115127,70,367744
43109,0.000935,74.125.200.0-255,6438,121565,70,367744
43110,0.000938,172.31.40.0-255,66,121631,70,367744
43111,0.000991,74.125.200.0-255,1484,123115,70,367744
43112,0.001008,74.125.200.0-255,2902,126017,70,367744
43113,0.00101,172.31.40.0-255,66,126083,70,367744
43114,0.001039,74.125.200.0-255,4320,130403,70,367744
43115,0.001041,172.31.40.0-255,66,130469,70,367744
43116,0.001047,74.125.200.0-255,5738,136207,70,367744
43117,0.001049,172.31.40.0-255,66,136273,70,367744
43118,0.001087,172.31.40.0-255,66,136339,70,367744
43119,0.001092,74.125.200.0-255,4320,140659,70,367744
43120,0.001095,172.31.40.0-255,66,140725,70,367744
43121,0.001119,74.125.200.0-255,1484,142209,70,367744
43122,0.001145,74.125.200.0-255,2184,144393,70,367744
43123,0.001148,172.31.40.0-255,66,144459,70,367744
43124,0.001189,74.125.200.0-255,1484,145943,70,367744
43125,0.001201,74.125.200.0-255,2902,148845,70,367744
43126,0.001204,172.31.40.0-255,66,148911,70,367744
43127,0.001232,74.125.200.0-255,5738,154649,70,367744
43128,0.001235,172.31.40.0-255,66,154715,70,367744
43129,0.001278,74.125.200.0-255,7156,161871,70,367744
43130,0.001282,172.31.40.0-255,66,161937,70,367744
43131,0.00129,74.125.200.0-255,8574,170511,70,367744
43132,0.001292,172.31.40.0-255,66,170577,70,367744
43133,0.001332,74.125.200.0-255,2902,173479,70,367744
43134,0.001334,172.31.40.0-255,66,173545,70,367744
43135,0.001358,74.125.200.0-255,5020,178565,70,367744
43136,0.001361,172.31.40.0-255,66,178631,70,367744
43137,0.001486,74.125.200.0-255,1484,180115,70,367744
43138,0.001506,74.125.200.0-255,2902,183017,70,367744
43139,0.00151,172.31.40.0-255,66,183083,70,367744
43140,0.001548,74.125.200.0-255,2902,185985,70,367744
43141,0.00155,172.31.40.0-255,66,186051,70,367744
43142,0.001579,74.125.200.0-255,2902,188953,70,367744
43143,0.001582,172.31.40.0-255,66,189019,70,367744
43144,0.001589,74.125.200.0-255,5738,194757,70,367744
43145,0.001591,172.31.40.0-255,66,194823,70,367744
43146,0.001597,74.125.200.0-255,7156,201979,70,367744
43147,0.0016,172.31.40.0-255,66,202045,70,367744
43148,0.001608,74.125.200.0-255,10692,212737,70,367744
43149,0.001612,74.125.200.0-255,2902,215639,70,367744
43150,0.001649,74.125.200.0-255,8574,224213,70,367744
43151,0.001661,74.125.200.0-255,8574,232787,70,367744
43152,0.001665,74.125.200.0-255,4320,237107,70,367744
43153,0.001685,74.125.200.0-255,5738,242845,70,367744
43154,0.001698,74.125.200.0-255,3602,246447,70,367744
43155,0.001714,74.125.200.0-255,4320,250767,70,367744
43156,0.00173,74.125.200.0-255,4320,255087,70,367744
43157,0.001743,74.125.200.0-255,5738,260825,70,367744
43158,0.001745,74.125.200.0-255,1484,262309,70,367744
43159,0.001773,74.125.200.0-255,9992,272301,70,367744
43160,0.001785,74.125.200.0-255,2902,275203,70,367744
43161,0.001798,74.125.200.0-255,4320,279523,70,367744
43162,0.001807,74.125.200.0-255,766,280289,70,367744
43163,0.001876,74.125.200.0-255,1484,281773,70,367744
43164,0.001902,74.125.200.0-255,1484,283257,70,367744
43165,0.001917,74.125.200.0-255,1484,284741,70,367744
43166,0.001922,74.125.200.0-255,4320,289061,70,367744
43167,0.001938,74.125.200.0-255,1484,290545,70,367744
43168,0.001941,74.125.200.0-255,2902,293447,70,367744
43169,0.001944,74.125.200.0-255,1484,294931,70,367744
43170,0.001973,74.125.200.0-255,8574,303505,70,367744
43171,0.001982,74.125.200.0-255,10692,314197,70,367744
43172,0.001996,74.125.200.0-255,1484,315681,70,367744
43173,0.002018,74.125.200.0-255,9992,325673,70,367744
43174,0.002022,74.125.200.0-255,2902,328575,70,367744
43175,0.002034,74.125.200.0-255,1484,330059,70,367744
43176,0.002058,74.125.200.0-255,4320,334379,70,367744
43177,0.002086,74.125.200.0-255,766,335145,70,367744
43178,0.004786,172.31.40.0-255,66,335211,70,367744
43179,0.006838,74.125.200.0-255,5738,340949,70,367744
43180,0.006843,172.31.40.0-255,66,341015,70,367744
43181,0.008866,74.125.200.0-255,4320,345335,70,367744
43182,0.008871,172.31.40.0-255,66,345401,70,367744
43183,0.008901,74.125.200.0-255,1484,346885,70,367744
43184,0.010888,74.125.200.0-255,4320,351205,70,367744
43185,0.010894,172.31.40.0-255,66,351271,70,367744
43186,0.012945,74.125.200.0-255,5738,357009,70,367744
43187,0.012952,172.31.40.0-255,66,357075,70,367744
43188,0.014979,74.125.200.0-255,4479,361554,70,367744
43189,0.014989,172.31.40.0-255,66,361620,70,367744
43190,0.016609,172.31.40.0-255,105,361725,70,367744
43191,0.016648,172.31.40.0-255,105,361830,70,367744
43192,0.016914,172.31.40.0-255,90,361920,70,367744
43193,0.016923,172.31.40.0-255,66,361986,70,367744
43194,0.0186,74.125.200.0-255,66,362052,70,367744
43195,0.018624,74.125.200.0-255,66,362118,70,367744
43196,0.018894,74.125.200.0-255,66,362184,70,367744
43197,0.018925,74.125.200.0-255,66,362250,70,367744
43198,0.018933,172.31.40.0-255,66,362316,70,367744
43199,0.030521,172.31.40.0-255,172,362488,70,367744
43200,0.030554,172.31.40.0-255,1118,363606,70,367744
43201,0.030611,172.31.40.0-255,1514,365120,70,367744
43202,0.030613,172.31.40.0-255,1514,366634,70,367744
43203,0.030636,172.31.40.0-255,846,367480,70,367744
43204,0.032067,104.244.42.0-255,66,367546,70,367744
43205,0.032126,104.244.42.0-255,66,367612,70,367744
43206,0.032176,104.244.42.0-255,66,367678,70,367744
43207,0.032187,104.244.42.0-255,66,367744,70,367744
43208,0.0,172.217.24.0-255,143,143,70,310590
43209,1.3e-05,172.31.40.0-255,66,209,70,310590
43210,1.9e-05,172.217.24.0-255,1484,1693,70,310590
43211,2.3e-05,172.31.40.0-255,66,1759,70,310590
43212,2.7e-05,172.217.24.0-255,2902,4661,70,310590
43213,3.7e-05,172.31.40.0-255,66,4727,70,310590
43214,4.4e-05,172.217.24.0-255,7156,11883,70,310590
43215,4.7e-05,172.31.40.0-255,66,11949,70,310590
43216,5e-05,172.217.24.0-255,2001,13950,70,310590
43217,5.2e-05,172.31.40.0-255,66,14016,70,310590
43218,0.000168,172.217.24.0-255,1484,15500,70,310590
43219,0.000172,172.31.40.0-255,66,15566,70,310590
43220,0.000177,172.217.24.0-255,2902,18468,70,310590
43221,0.000179,172.31.40.0-255,66,18534,70,310590
43222,0.000188,172.217.24.0-255,5738,24272,70,310590
43223,0.000191,172.31.40.0-255,66,24338,70,310590
43224,0.000194,172.217.24.0-255,1484,25822,70,310590
43225,0.000195,172.31.40.0-255,66,25888,70,310590
43226,0.000212,172.217.24.0-255,5379,31267,70,310590
43227,0.000214,172.31.40.0-255,66,31333,70,310590
43228,0.000242,172.217.24.0-255,7156,38489,70,310590
43229,0.000245,172.31.40.0-255,66,38555,70,310590
43230,0.000249,172.217.24.0-255,1484,40039,70,310590
43231,0.000251,172.31.40.0-255,66,40105,70,310590
43232,0.000289,172.217.24.0-255,8215,48320,70,310590
43233,0.000292,172.31.40.0-255,66,48386,70,310590
43234,0.000397,172.217.24.0-255,1484,49870,70,310590
43235,0.000401,172.31.40.0-255,66,49936,70,310590
43236,0.000406,172.217.24.0-255,2902,52838,70,310590
43237,0.000408,172.31.40.0-255,66,52904,70,310590
43238,0.000438,172.217.24.0-255,5738,58642,70,310590
43239,0.000441,172.31.40.0-255,66,58708,70,310590
43240,0.00046,172.217.24.0-255,6797,65505,70,310590
43241,0.000496,172.31.40.0-255,66,65571,70,310590
43242,0.000951,172.217.24.0-255,389,65960,70,310590
43243,0.000998,172.217.24.0-255,119,66079,70,310590
43244,0.00103,172.31.40.0-255,66,66145,70,310590
43245,0.001123,172.217.24.0-255,331,66476,70,310590
43246,0.001295,172.217.24.0-255,1484,67960,70,310590
43247,0.001302,172.217.24.0-255,2902,70862,70,310590
43248,0.001313,172.217.24.0-255,1484,72346,70,310590
43249,0.001323,172.217.24.0-255,1484,73830,70,310590
43250,0.001326,172.217.24.0-255,1484,75314,70,310590
43251,0.001344,172.217.24.0-255,2902,78216,70,310590
43252,0.001381,172.217.24.0-255,9633,87849,70,310590
43253,0.001387,172.217.24.0-255,4320,92169,70,310590
43254,0.00143,172.217.24.0-255,5738,97907,70,310590
43255,0.001442,172.217.24.0-255,2543,100450,70,310590
43256,0.001516,172.217.24.0-255,1484,101934,70,310590
43257,0.001522,172.217.24.0-255,2902,104836,70,310590
43258,0.001552,172.217.24.0-255,5738,110574,70,310590
43259,0.001585,172.217.24.0-255,2902,113476,70,310590
43260,0.001604,172.217.24.0-255,5738,119214,70,310590
43261,0.001633,172.217.24.0-255,2184,121398,70,310590
43262,0.001734,172.217.24.0-255,1484,122882,70,310590
43263,0.001742,172.217.24.0-255,2902,125784,70,310590
43264,0.001763,172.217.24.0-255,1484,127268,70,310590
43265,0.001784,172.217.24.0-255,4320,131588,70,310590
43266,0.001789,172.217.24.0-255,2902,134490,70,310590
43267,0.001791,172.217.24.0-255,1484,135974,70,310590
43268,0.001805,172.217.24.0-255,2902,138876,70,310590
43269,0.001827,172.217.24.0-255,8574,147450,70,310590
43270,0.001834,172.217.24.0-255,7156,154606,70,310590
43271,0.001882,172.217.24.0-255,766,155372,70,310590
43272,0.001927,172.217.24.0-255,1484,156856,70,310590
43273,0.001931,172.217.24.0-255,1484,158340,70,310590
43274,0.001942,172.217.24.0-255,1484,159824,70,310590
43275,0.001955,172.217.24.0-255,4320,164144,70,310590
43276,0.001969,172.217.24.0-255,1484,165628,70,310590
43277,0.00199,172.217.24.0-255,4320,169948,70,310590
43278,0.002002,172.217.24.0-255,1484,171432,70,310590
43279,0.002696,172.31.40.0-255,66,171498,70,310590
43280,0.004695,172.217.24.0-255,5738,177236,70,310590
43281,0.0047,172.31.40.0-255,66,177302,70,310590
43282,0.006674,172.217.24.0-255,5738,183040,70,310590
43283,0.006705,172.31.40.0-255,66,183106,70,310590
43284,0.008674,172.217.24.0-255,5738,188844,70,310590
43285,0.00868,172.31.40.0-255,66,188910,70,310590
43286,0.01067,172.217.24.0-255,5738,194648,70,310590
43287,0.011407,172.31.40.0-255,66,194714,70,310590
43288,0.013403,172.217.24.0-255,5738,200452,70,310590
43289,0.013412,172.31.40.0-255,66,200518,70,310590
43290,0.015401,172.217.24.0-255,5738,206256,70,310590
43291,0.01541,172.31.40.0-255,66,206322,70,310590
43292,0.017395,172.217.24.0-255,5738,212060,70,310590
43293,0.017403,172.31.40.0-255,66,212126,70,310590
43294,0.019415,172.217.24.0-255,5738,217864,70,310590
43295,0.019423,172.31.40.0-255,66,217930,70,310590
43296,0.021396,172.217.24.0-255,5738,223668,70,310590
43297,0.021402,172.31.40.0-255,66,223734,70,310590
43298,0.023375,172.217.24.0-255,5738,229472,70,310590
43299,0.023382,172.31.40.0-255,66,229538,70,310590
43300,0.025365,172.217.24.0-255,5738,235276,70,310590
43301,0.025372,172.31.40.0-255,66,235342,70,310590
43302,0.027274,172.31.40.0-255,172,235514,70,310590
43303,0.027305,172.31.40.0-255,1117,236631,70,310590
43304,0.027345,172.217.24.0-255,5738,242369,70,310590
43305,0.02735,172.31.40.0-255,66,242435,70,310590
43306,0.027411,172.31.40.0-255,1514,243949,70,310590
43307,0.027413,172.31.40.0-255,1514,245463,70,310590
43308,0.027438,172.31.40.0-255,845,246308,70,310590
43309,0.028798,104.244.42.0-255,66,246374,70,310590
43310,0.028831,104.244.42.0-255,66,246440,70,310590
43311,0.028952,104.244.42.0-255,66,246506,70,310590
43312,0.028957,104.244.42.0-255,66,246572,70,310590
43313,0.029324,172.217.24.0-255,5738,252310,70,310590
43314,0.029329,172.31.40.0-255,66,252376,70,310590
43315,0.029846,104.244.42.0-255,108,252484,70,310590
43316,0.029855,172.31.40.0-255,66,252550,70,310590
43317,0.03131,172.217.24.0-255,5738,258288,70,310590
43318,0.031315,172.31.40.0-255,66,258354,70,310590
43319,0.033302,172.217.24.0-255,5738,264092,70,310590
43320,0.033308,172.31.40.0-255,66,264158,70,310590
43321,0.035291,172.217.24.0-255,5738,269896,70,310590
43322,0.035296,172.31.40.0-255,66,269962,70,310590
43323,0.037284,172.217.24.0-255,5738,275700,70,310590
43324,0.037289,172.31.40.0-255,66,275766,70,310590
43325,0.039274,172.217.24.0-255,5738,281504,70,310590
43326,0.039279,172.31.40.0-255,66,281570,70,310590
43327,0.041259,172.217.24.0-255,5738,287308,70,310590
43328,0.041264,172.31.40.0-255,66,287374,70,310590
43329,0.04325,172.217.24.0-255,5738,293112,70,310590
43330,0.043256,172.31.40.0-255,66,293178,70,310590
43331,0.045251,172.217.24.0-255,5738,298916,70,310590
43332,0.045257,172.31.40.0-255,66,298982,70,310590
43333,0.047246,172.217.24.0-255,5738,304720,70,310590
43334,0.047252,172.31.40.0-255,66,304786,70,310590
43335,0.049237,172.217.24.0-255,5738,310524,70,310590
43336,0.049243,172.31.40.0-255,66,310590,70,310590
43337,0.0,74.125.68.0-255,153,153,70,283727
43338,2.3e-05,172.31.40.0-255,66,219,70,283727
43339,3e-05,74.125.68.0-255,1484,1703,70,283727
43340,3.5e-05,172.31.40.0-255,66,1769,70,283727
43341,4.1e-05,74.125.68.0-255,2902,4671,70,283727
43342,5.2e-05,172.31.40.0-255,66,4737,70,283727
43343,5.8e-05,74.125.68.0-255,4320,9057,70,283727
43344,6.2e-05,172.31.40.0-255,66,9123,70,283727
43345,6.8e-05,74.125.68.0-255,4845,13968,70,283727
43346,7.1e-05,172.31.40.0-255,66,14034,70,283727
43347,0.000212,74.125.68.0-255,1484,15518,70,283727
43348,0.000217,172.31.40.0-255,66,15584,70,283727
43349,0.000224,74.125.68.0-255,2902,18486,70,283727
43350,0.000226,172.31.40.0-255,66,18552,70,283727
43351,0.000259,74.125.68.0-255,5738,24290,70,283727
43352,0.000263,172.31.40.0-255,66,24356,70,283727
43353,0.00027,74.125.68.0-255,6797,31153,70,283727
43354,0.000272,172.31.40.0-255,66,31219,70,283727
43355,0.000811,74.125.68.0-255,1484,32703,70,283727
43356,0.000818,172.31.40.0-255,66,32769,70,283727
43357,0.000824,74.125.68.0-255,1484,34253,70,283727
43358,0.000827,172.31.40.0-255,66,34319,70,283727
43359,0.00086,74.125.68.0-255,1484,35803,70,283727
43360,0.000863,172.31.40.0-255,66,35869,70,283727
43361,0.00087,74.125.68.0-255,5738,41607,70,283727
43362,0.000873,172.31.40.0-255,66,41673,70,283727
43363,0.000881,74.125.68.0-255,6797,48470,70,283727
43364,0.000883,172.31.40.0-255,66,48536,70,283727
43365,0.001149,74.125.68.0-255,1484,50020,70,283727
43366,0.001155,172.31.40.0-255,66,50086,70,283727
43367,0.001162,74.125.68.0-255,2902,52988,70,283727
43368,0.001164,172.31.40.0-255,66,53054,70,283727
43369,0.001194,74.125.68.0-255,5738,58792,70,283727
43370,0.001198,172.31.40.0-255,66,58858,70,283727
43371,0.001201,74.125.68.0-255,1484,60342,70,283727
43372,0.001226,74.125.68.0-255,1484,61826,70,283727
43373,0.001228,172.31.40.0-255,66,61892,70,283727
43374,0.001234,74.125.68.0-255,3961,65853,70,283727
43375,0.001236,172.31.40.0-255,66,65919,70,283727
43376,0.001268,74.125.68.0-255,2902,68821,70,283727
43377,0.001271,172.31.40.0-255,66,68887,70,283727
43378,0.001277,74.125.68.0-255,4320,73207,70,283727
43379,0.001279,172.31.40.0-255,66,73273,70,283727
43380,0.001309,74.125.68.0-255,8574,81847,70,283727
43381,0.001311,172.31.40.0-255,66,81913,70,283727
43382,0.001314,74.125.68.0-255,1125,83038,70,283727
43383,0.001367,74.125.68.0-255,1484,84522,70,283727
43384,0.00137,172.31.40.0-255,66,84588,70,283727
43385,0.001412,74.125.68.0-255,2902,87490,70,283727
43386,0.001415,172.31.40.0-255,66,87556,70,283727
43387,0.001442,74.125.68.0-255,4320,91876,70,283727
43388,0.001446,172.31.40.0-255,66,91942,70,283727
43389,0.001473,74.125.68.0-255,1484,93426,70,283727
43390,0.001491,74.125.68.0-255,4320,97746,70,283727
43391,0.001495,172.31.40.0-255,66,97812,70,283727
43392,0.001521,74.125.68.0-255,2543,100355,70,283727
43393,0.001524,172.31.40.0-255,66,100421,70,283727
43394,0.001594,74.125.68.0-255,1484,101905,70,283727
43395,0.001614,74.125.68.0-255,2902,104807,70,283727
43396,0.001619,172.31.40.0-255,66,104873,70,283727
43397,0.001646,74.125.68.0-255,4320,109193,70,283727
43398,0.001649,172.31.40.0-255,66,109259,70,283727
43399,0.001663,74.125.68.0-255,1484,110743,70,283727
43400,0.001672,74.125.68.0-255,2902,113645,70,283727
43401,0.001675,172.31.40.0-255,66,113711,70,283727
43402,0.001681,74.125.68.0-255,4320,118031,70,283727
43403,0.001683,172.31.40.0-255,66,118097,70,283727
43404,0.001717,74.125.68.0-255,5738,123835,70,283727
43405,0.001721,172.31.40.0-255,66,123901,70,283727
43406,0.001739,74.125.68.0-255,1484,125385,70,283727
43407,0.001744,74.125.68.0-255,2902,128287,70,283727
43408,0.001747,172.31.40.0-255,66,128353,70,283727
43409,0.001777,74.125.68.0-255,5738,134091,70,283727
43410,0.00178,172.31.40.0-255,66,134157,70,283727
43411,0.001782,74.125.68.0-255,766,134923,70,283727
43412,0.001823,74.125.68.0-255,647,135570,70,283727
43413,0.002201,74.125.68.0-255,1484,137054,70,283727
43414,0.00221,172.31.40.0-255,66,137120,70,283727
43415,0.002216,74.125.68.0-255,2902,140022,70,283727
43416,0.002219,172.31.40.0-255,66,140088,70,283727
43417,0.002226,74.125.68.0-255,1484,141572,70,283727
43418,0.002232,74.125.68.0-255,2902,144474,70,283727
43419,0.002235,172.31.40.0-255,66,144540,70,283727
43420,0.00224,74.125.68.0-255,4320,148860,70,283727
43421,0.002243,172.31.40.0-255,66,148926,70,283727
43422,0.002271,74.125.68.0-255,1484,150410,70,283727
43423,0.002278,74.125.68.0-255,5738,156148,70,283727
43424,0.002281,172.31.40.0-255,66,156214,70,283727
43425,0.002312,74.125.68.0-255,2902,159116,70,283727
43426,0.002314,172.31.40.0-255,66,159182,70,283727
43427,0.002322,74.125.68.0-255,7156,166338,70,283727
43428,0.002324,172.31.40.0-255,66,166404,70,283727
43429,0.004598,74.125.68.0-255,5738,172142,70,283727
43430,0.004602,172.31.40.0-255,66,172208,70,283727
43431,0.006908,74.125.68.0-255,2902,175110,70,283727
43432,0.006915,172.31.40.0-255,66,175176,70,283727
43433,0.006943,74.125.68.0-255,2902,178078,70,283727
43434,0.006947,172.31.40.0-255,66,178144,70,283727
43435,0.009199,74.125.68.0-255,2902,181046,70,283727
43436,0.009206,172.31.40.0-255,66,181112,70,283727
43437,0.00924,74.125.68.0-255,2902,184014,70,283727
43438,0.009242,172.31.40.0-255,66,184080,70,283727
43439,0.011492,74.125.68.0-255,2902,186982,70,283727
43440,0.011499,172.31.40.0-255,66,187048,70,283727
43441,0.011533,74.125.68.0-255,2902,189950,70,283727
43442,0.011536,172.31.40.0-255,66,190016,70,283727
43443,0.013815,74.125.68.0-255,5738,195754,70,283727
43444,0.013823,172.31.40.0-255,66,195820,70,283727
43445,0.016123,74.125.68.0-255,5738,201558,70,283727
43446,0.01613,172.31.40.0-255,66,201624,70,283727
43447,0.018421,74.125.68.0-255,5738,207362,70,283727
43448,0.018429,172.31.40.0-255,66,207428,70,283727
43449,0.020719,74.125.68.0-255,5738,213166,70,283727
43450,0.020726,172.31.40.0-255,66,213232,70,283727
43451,0.023008,74.125.68.0-255,5738,218970,70,283727
43452,0.023013,172.31.40.0-255,66,219036,70,283727
43453,0.025299,74.125.68.0-255,5738,224774,70,283727
43454,0.025307,172.31.40.0-255,66,224840,70,283727
43455,0.027593,74.125.68.0-255,5738,230578,70,283727
43456,0.0276,172.31.40.0-255,66,230644,70,283727
43457,0.028043,172.31.40.0-255,167,230811,70,283727
43458,0.028074,172.31.40.0-255,614,231425,70,283727
43459,0.02993,74.125.68.0-255,5738,237163,70,283727
43460,0.029942,172.31.40.0-255,66,237229,70,283727
43461,0.030312,104.244.42.0-255,66,237295,70,283727
43462,0.032292,74.125.68.0-255,5738,243033,70,283727
43463,0.032298,172.31.40.0-255,66,243099,70,283727
43464,0.034619,74.125.68.0-255,5738,248837,70,283727
43465,0.034625,172.31.40.0-255,66,248903,70,283727
43466,0.036915,74.125.68.0-255,5738,254641,70,283727
43467,0.036922,172.31.40.0-255,66,254707,70,283727
43468,0.039224,74.125.68.0-255,5738,260445,70,283727
43469,0.039242,172.31.40.0-255,66,260511,70,283727
43470,0.041548,74.125.68.0-255,5738,266249,70,283727
43471,0.041562,172.31.40.0-255,66,266315,70,283727
43472,0.043933,74.125.68.0-255,5738,272053,70,283727
43473,0.04395,172.31.40.0-255,66,272119,70,283727
43474,0.046263,74.125.68.0-255,5738,277857,70,283727
43475,0.046281,172.31.40.0-255,66,277923,70,283727
43476,0.048584,74.125.68.0-255,5738,283661,70,283727
43477,0.048593,172.31.40.0-255,66,283727,70,283727
43478,0.0,74.125.130.0-255,153,153,70,250351
43479,2.5e-05,172.31.40.0-255,66,219,70,250351
43480,3.2e-05,74.125.130.0-255,1484,1703,70,250351
43481,3.6e-05,172.31.40.0-255,66,1769,70,250351
43482,4.1e-05,74.125.130.0-255,2902,4671,70,250351
43483,4.5e-05,172.31.40.0-255,66,4737,70,250351
43484,6.1e-05,74.125.130.0-255,7156,11893,70,250351
43485,6.5e-05,172.31.40.0-255,66,11959,70,250351
43486,0.000122,74.125.130.0-255,2037,13996,70,250351
43487,0.000125,172.31.40.0-255,66,14062,70,250351
43488,0.000167,74.125.130.0-255,1484,15546,70,250351
43489,0.000169,172.31.40.0-255,66,15612,70,250351
43490,0.000174,74.125.130.0-255,2902,18514,70,250351
43491,0.000176,172.31.40.0-255,66,18580,70,250351
43492,0.000202,74.125.130.0-255,5738,24318,70,250351
43493,0.000205,172.31.40.0-255,66,24384,70,250351
43494,0.00024,74.125.130.0-255,1484,25868,70,250351
43495,0.000242,172.31.40.0-255,66,25934,70,250351
43496,0.000265,74.125.130.0-255,5738,31672,70,250351
43497,0.000268,172.31.40.0-255,66,31738,70,250351
43498,0.000296,74.125.130.0-255,3961,35699,70,250351
43499,0.0003,172.31.40.0-255,66,35765,70,250351
43500,0.000331,74.125.130.0-255,7156,42921,70,250351
43501,0.000334,172.31.40.0-255,66,42987,70,250351
43502,0.000361,74.125.130.0-255,4320,47307,70,250351
43503,0.000364,172.31.40.0-255,66,47373,70,250351
43504,0.00043,74.125.130.0-255,4320,51693,70,250351
43505,0.000434,172.31.40.0-255,66,51759,70,250351
43506,0.000479,172.31.40.0-255,66,51825,70,250351
43507,0.000779,74.125.130.0-255,364,52189,70,250351
43508,0.000784,172.31.40.0-255,66,52255,70,250351
43509,0.001074,74.125.130.0-255,1484,53739,70,250351
43510,0.001098,74.125.130.0-255,2902,56641,70,250351
43511,0.001104,74.125.130.0-255,5738,62379,70,250351
43512,0.001114,172.31.40.0-255,66,62445,70,250351
43513,0.001118,172.31.40.0-255,66,62511,70,250351
43514,0.001158,74.125.130.0-255,7156,69667,70,250351
43515,0.001162,172.31.40.0-255,66,69733,70,250351
43516,0.001192,74.125.130.0-255,2902,72635,70,250351
43517,0.001194,172.31.40.0-255,66,72701,70,250351
43518,0.001221,74.125.130.0-255,2902,75603,70,250351
43519,0.001223,172.31.40.0-255,66,75669,70,250351
43520,0.001258,74.125.130.0-255,8574,84243,70,250351
43521,0.001261,172.31.40.0-255,66,84309,70,250351
43522,0.001327,74.125.130.0-255,2184,86493,70,250351
43523,0.001331,172.31.40.0-255,66,86559,70,250351
43524,0.001446,74.125.130.0-255,1484,88043,70,250351
43525,0.001452,74.125.130.0-255,2902,90945,70,250351
43526,0.001455,172.31.40.0-255,66,91011,70,250351
43527,0.001461,74.125.130.0-255,2902,93913,70,250351
43528,0.001463,172.31.40.0-255,66,93979,70,250351
43529,0.001497,74.125.130.0-255,2902,96881,70,250351
43530,0.001499,172.31.40.0-255,66,96947,70,250351
43531,0.001532,74.125.130.0-255,2902,99849,70,250351
43532,0.001535,172.31.40.0-255,66,99915,70,250351
43533,0.001554,74.125.130.0-255,4320,104235,70,250351
43534,0.001557,172.31.40.0-255,66,104301,70,250351
43535,0.001601,172.31.40.0-255,66,104367,70,250351
43536,0.001626,74.125.130.0-255,2902,107269,70,250351
43537,0.001632,172.31.40.0-255,66,107335,70,250351
43538,0.001688,74.125.130.0-255,2184,109519,70,250351
43539,0.001692,172.31.40.0-255,66,109585,70,250351
43540,0.003644,74.125.130.0-255,2902,112487,70,250351
43541,0.003651,172.31.40.0-255,66,112553,70,250351
43542,0.003694,74.125.130.0-255,2902,115455,70,250351
43543,0.003698,172.31.40.0-255,66,115521,70,250351
43544,0.005658,74.125.130.0-255,2902,118423,70,250351
43545,0.005662,172.31.40.0-255,66,118489,70,250351
43546,0.00569,74.125.130.0-255,2902,121391,70,250351
43547,0.005692,172.31.40.0-255,66,121457,70,250351
43548,0.007664,74.125.130.0-255,2902,124359,70,250351
43549,0.00767,172.31.40.0-255,66,124425,70,250351
43550,0.0077,74.125.130.0-255,2902,127327,70,250351
43551,0.007704,172.31.40.0-255,66,127393,70,250351
43552,0.009687,74.125.130.0-255,2902,130295,70,250351
43553,0.009694,172.31.40.0-255,66,130361,70,250351
43554,0.009723,74.125.130.0-255,2902,133263,70,250351
43555,0.009726,172.31.40.0-255,66,133329,70,250351
43556,0.011709,74.125.130.0-255,2902,136231,70,250351
43557,0.011717,172.31.40.0-255,66,136297,70,250351
43558,0.011752,74.125.130.0-255,2902,139199,70,250351
43559,0.011755,172.31.40.0-255,66,139265,70,250351
43560,0.013734,74.125.130.0-255,2902,142167,70,250351
43561,0.013742,172.31.40.0-255,66,142233,70,250351
43562,0.013772,74.125.130.0-255,2902,145135,70,250351
43563,0.013775,172.31.40.0-255,66,145201,70,250351
43564,0.015748,74.125.130.0-255,2902,148103,70,250351
43565,0.015755,172.31.40.0-255,66,148169,70,250351
43566,0.015785,74.125.130.0-255,2902,151071,70,250351
43567,0.015788,172.31.40.0-255,66,151137,70,250351
43568,0.017777,74.125.130.0-255,2902,154039,70,250351
43569,0.017784,172.31.40.0-255,66,154105,70,250351
43570,0.017814,74.125.130.0-255,2902,157007,70,250351
43571,0.017818,172.31.40.0-255,66,157073,70,250351
43572,0.019788,74.125.130.0-255,2902,159975,70,250351
43573,0.019798,172.31.40.0-255,66,160041,70,250351
43574,0.019828,74.125.130.0-255,2902,162943,70,250351
43575,0.019831,172.31.40.0-255,66,163009,70,250351
43576,0.021815,74.125.130.0-255,2902,165911,70,250351
43577,0.021822,172.31.40.0-255,66,165977,70,250351
43578,0.021851,74.125.130.0-255,2902,168879,70,250351
43579,0.021855,172.31.40.0-255,66,168945,70,250351
43580,0.023828,74.125.130.0-255,2902,171847,70,250351
43581,0.023834,172.31.40.0-255,66,171913,70,250351
43582,0.023864,74.125.130.0-255,2902,174815,70,250351
43583,0.023867,172.31.40.0-255,66,174881,70,250351
43584,0.025831,74.125.130.0-255,2902,177783,70,250351
43585,0.025837,172.31.40.0-255,66,177849,70,250351
43586,0.025867,74.125.130.0-255,2902,180751,70,250351
43587,0.025869,172.31.40.0-255,66,180817,70,250351
43588,0.027846,74.125.130.0-255,2902,183719,70,250351
43589,0.027853,172.31.40.0-255,66,183785,70,250351
43590,0.027885,74.125.130.0-255,2902,186687,70,250351
43591,0.027888,172.31.40.0-255,66,186753,70,250351
43592,0.029873,74.125.130.0-255,2902,189655,70,250351
43593,0.02988,172.31.40.0-255,66,189721,70,250351
43594,0.029907,74.125.130.0-255,2902,192623,70,250351
43595,0.02991,172.31.40.0-255,66,192689,70,250351
43596,0.031909,74.125.130.0-255,5738,198427,70,250351
43597,0.031916,172.31.40.0-255,66,198493,70,250351
43598,0.033934,74.125.130.0-255,5738,204231,70,250351
43599,0.033942,172.31.40.0-255,66,204297,70,250351
43600,0.035955,74.125.130.0-255,5738,210035,70,250351
43601,0.035963,172.31.40.0-255,66,210101,70,250351
43602,0.037957,74.125.130.0-255,5738,215839,70,250351
43603,0.037961,172.31.40.0-255,66,215905,70,250351
43604,0.03875,172.31.40.0-255,172,216077,70,250351
43605,0.038776,172.31.40.0-255,1118,217195,70,250351
43606,0.038826,172.31.40.0-255,1514,218709,70,250351
43607,0.038828,172.31.40.0-255,1514,220223,70,250351
43608,0.03885,172.31.40.0-255,844,221067,70,250351
43609,0.03998,74.125.130.0-255,5738,226805,70,250351
43610,0.039986,172.31.40.0-255,66,226871,70,250351
43611,0.04033,104.244.42.0-255,66,226937,70,250351
43612,0.040337,104.244.42.0-255,66,227003,70,250351
43613,0.040388,104.244.42.0-255,66,227069,70,250351
43614,0.040392,104.244.42.0-255,66,227135,70,250351
43615,0.042005,74.125.130.0-255,5738,232873,70,250351
43616,0.042011,172.31.40.0-255,66,232939,70,250351
43617,0.044033,74.125.130.0-255,5738,238677,70,250351
43618,0.04404,172.31.40.0-255,66,238743,70,250351
43619,0.046068,74.125.130.0-255,5738,244481,70,250351
43620,0.046074,172.31.40.0-255,66,244547,70,250351
43621,0.04812,74.125.130.0-255,5738,250285,70,250351
43622,0.048128,172.31.40.0-255,66,250351,70,250351
43623,0.0,172.217.194.0-255,150,150,70,245831
43624,2.3e-05,172.31.40.0-255,66,216,70,245831
43625,3.1e-05,172.217.194.0-255,1484,1700,70,245831
43626,3.6e-05,172.31.40.0-255,66,1766,70,245831
43627,4.8e-05,172.217.194.0-255,2902,4668,70,245831
43628,5.1e-05,172.31.40.0-255,66,4734,70,245831
43629,5.9e-05,172.217.194.0-255,7156,11890,70,245831
43630,6.3e-05,172.31.40.0-255,66,11956,70,245831
43631,6.7e-05,172.217.194.0-255,2029,13985,70,245831
43632,7e-05,172.31.40.0-255,66,14051,70,245831
43633,0.000102,172.217.194.0-255,2902,16953,70,245831
43634,0.00011,172.31.40.0-255,66,17019,70,245831
43635,0.000118,172.217.194.0-255,7156,24175,70,245831
43636,0.000121,172.31.40.0-255,66,24241,70,245831
43637,0.000128,172.217.194.0-255,5738,29979,70,245831
43638,0.00013,172.31.40.0-255,66,30045,70,245831
43639,0.000153,172.217.194.0-255,1125,31170,70,245831
43640,0.000159,172.31.40.0-255,66,31236,70,245831
43641,0.000257,172.217.194.0-255,1484,32720,70,245831
43642,0.00026,172.31.40.0-255,66,32786,70,245831
43643,0.000264,172.217.194.0-255,1484,34270,70,245831
43644,0.000266,172.31.40.0-255,66,34336,70,245831
43645,0.000297,172.217.194.0-255,1484,35820,70,245831
43646,0.000299,172.31.40.0-255,66,35886,70,245831
43647,0.000307,172.217.194.0-255,5738,41624,70,245831
43648,0.000309,172.31.40.0-255,66,41690,70,245831
43649,0.000328,172.31.40.0-255,66,41756,70,245831
43650,0.000337,172.217.194.0-255,9633,51389,70,245831
43651,0.00034,172.31.40.0-255,66,51455,70,245831
43652,0.000342,172.217.194.0-255,341,51796,70,245831
43653,0.000344,172.31.40.0-255,66,51862,70,245831
43654,0.000387,172.217.194.0-255,433,52295,70,245831
43655,0.000645,172.217.194.0-255,1484,53779,70,245831
43656,0.000652,172.217.194.0-255,2902,56681,70,245831
43657,0.000666,172.31.40.0-255,66,56747,70,245831
43658,0.000674,172.217.194.0-255,5738,62485,70,245831
43659,0.000685,172.217.194.0-255,7156,69641,70,245831
43660,0.000695,172.217.194.0-255,1484,71125,70,245831
43661,0.0007,172.31.40.0-255,66,71191,70,245831
43662,0.000729,172.217.194.0-255,2902,74093,70,245831
43663,0.000769,172.31.40.0-255,66,74159,70,245831
43664,0.000858,172.217.194.0-255,1484,75643,70,245831
43665,0.000863,172.217.194.0-255,2902,78545,70,245831
43666,0.000867,172.217.194.0-255,2902,81447,70,245831
43667,0.000875,172.31.40.0-255,66,81513,70,245831
43668,0.000887,172.217.194.0-255,2902,84415,70,245831
43669,0.000896,172.217.194.0-255,4320,88735,70,245831
43670,0.000913,172.217.194.0-255,4320,93055,70,245831
43671,0.00092,172.31.40.0-255,66,93121,70,245831
43672,0.000947,172.217.194.0-255,4320,97441,70,245831
43673,0.000985,172.217.194.0-255,5738,103179,70,245831
43674,0.001002,172.217.194.0-255,5020,108199,70,245831
43675,0.001016,172.31.40.0-255,66,108265,70,245831
43676,0.003081,172.217.194.0-255,5738,114003,70,245831
43677,0.003088,172.31.40.0-255,66,114069,70,245831
43678,0.005148,172.217.194.0-255,5738,119807,70,245831
43679,0.00598,172.31.40.0-255,66,119873,70,245831
43680,0.008037,172.217.194.0-255,5738,125611,70,245831
43681,0.008044,172.31.40.0-255,66,125677,70,245831
43682,0.010106,172.217.194.0-255,5738,131415,70,245831
43683,0.010114,172.31.40.0-255,66,131481,70,245831
43684,0.012177,172.217.194.0-255,4320,135801,70,245831
43685,0.012184,172.31.40.0-255,66,135867,70,245831
43686,0.012211,172.217.194.0-255,1484,137351,70,245831
43687,0.014248,172.217.194.0-255,4320,141671,70,245831
43688,0.014258,172.31.40.0-255,66,141737,70,245831
43689,0.016309,172.217.194.0-255,5738,147475,70,245831
43690,0.016842,172.31.40.0-255,66,147541,70,245831
43691,0.018904,172.217.194.0-255,5738,153279,70,245831
43692,0.018911,172.31.40.0-255,66,153345,70,245831
43693,0.020995,172.217.194.0-255,5738,159083,70,245831
43694,0.021002,172.31.40.0-255,66,159149,70,245831
43695,0.023065,172.217.194.0-255,5738,164887,70,245831
43696,0.023078,172.31.40.0-255,66,164953,70,245831
43697,0.025149,172.217.194.0-255,5738,170691,70,245831
43698,0.025156,172.31.40.0-255,66,170757,70,245831
43699,0.027206,172.217.194.0-255,5738,176495,70,245831
43700,0.027213,172.31.40.0-255,66,176561,70,245831
43701,0.029174,172.31.40.0-255,172,176733,70,245831
43702,0.029225,172.31.40.0-255,1118,177851,70,245831
43703,0.029255,172.217.194.0-255,5738,183589,70,245831
43704,0.02926,172.31.40.0-255,66,183655,70,245831
43705,0.029372,172.31.40.0-255,1514,185169,70,245831
43706,0.029375,172.31.40.0-255,1514,186683,70,245831
43707,0.029376,172.31.40.0-255,844,187527,70,245831
43708,0.030734,104.244.42.0-255,66,187593,70,245831
43709,0.030784,104.244.42.0-255,66,187659,70,245831
43710,0.030944,104.244.42.0-255,66,187725,70,245831
43711,0.030957,104.244.42.0-255,66,187791,70,245831
43712,0.03132,172.217.194.0-255,5738,193529,70,245831
43713,0.031326,172.31.40.0-255,66,193595,70,245831
43714,0.033395,172.217.194.0-255,5738,199333,70,245831
43715,0.033402,172.31.40.0-255,66,199399,70,245831
43716,0.035445,172.217.194.0-255,5738,205137,70,245831
43717,0.035451,172.31.40.0-255,66,205203,70,245831
43718,0.037503,172.217.194.0-255,5738,210941,70,245831
43719,0.03751,172.31.40.0-255,66,211007,70,245831
43720,0.039577,172.217.194.0-255,5738,216745,70,245831
43721,0.039584,172.31.40.0-255,66,216811,70,245831
43722,0.041649,172.217.194.0-255,5738,222549,70,245831
43723,0.041656,172.31.40.0-255,66,222615,70,245831
43724,0.043746,172.217.194.0-255,5738,228353,70,245831
43725,0.043754,172.31.40.0-255,66,228419,70,245831
43726,0.045823,172.217.194.0-255,5738,234157,70,245831
43727,0.045831,172.31.40.0-255,66,234223,70,245831
43728,0.047887,172.217.194.0-255,5738,239961,70,245831
43729,0.047894,172.31.40.0-255,66,240027,70,245831
43730,0.049963,172.217.194.0-255,5738,245765,70,245831
43731,0.049969,172.31.40.0-255,66,245831,70,245831
43732,0.0,172.217.194.0-255,291,291,70,247500
43733,2.3e-05,172.31.40.0-255,66,357,70,247500
43734,2.9e-05,172.217.194.0-255,1484,1841,70,247500
43735,3.3e-05,172.31.40.0-255,66,1907,70,247500
43736,4e-05,172.217.194.0-255,4320,6227,70,247500
43737,5.1e-05,172.31.40.0-255,66,6293,70,247500
43738,6e-05,172.217.194.0-255,8894,15187,70,247500
43739,6.2e-05,172.31.40.0-255,66,15253,70,247500
43740,6.5e-05,172.217.194.0-255,1484,16737,70,247500
43741,6.8e-05,172.31.40.0-255,66,16803,70,247500
43742,8.9e-05,172.217.194.0-255,7156,23959,70,247500
43743,9.2e-05,172.31.40.0-255,66,24025,70,247500
43744,0.000124,172.217.194.0-255,6797,30822,70,247500
43745,0.000127,172.31.40.0-255,66,30888,70,247500
43746,0.000164,172.217.194.0-255,1484,32372,70,247500
43747,0.000166,172.31.40.0-255,66,32438,70,247500
43748,0.000169,172.217.194.0-255,1484,33922,70,247500
43749,0.000171,172.31.40.0-255,66,33988,70,247500
43750,0.000203,172.217.194.0-255,1484,35472,70,247500
43751,0.000205,172.31.40.0-255,66,35538,70,247500
43752,0.000212,172.217.194.0-255,5738,41276,70,247500
43753,0.000215,172.31.40.0-255,66,41342,70,247500
43754,0.00025,172.217.194.0-255,7156,48498,70,247500
43755,0.000252,172.31.40.0-255,66,48564,70,247500
43756,0.00028,172.217.194.0-255,6797,55361,70,247500
43757,0.000287,172.31.40.0-255,66,55427,70,247500
43758,0.000296,172.217.194.0-255,9921,65348,70,247500
43759,0.000298,172.31.40.0-255,66,65414,70,247500
43760,0.000301,172.217.194.0-255,368,65782,70,247500
43761,0.000303,172.31.40.0-255,66,65848,70,247500
43762,0.000331,172.217.194.0-255,1484,67332,70,247500
43763,0.000334,172.31.40.0-255,66,67398,70,247500
43764,0.000338,172.217.194.0-255,2902,70300,70,247500
43765,0.00034,172.31.40.0-255,66,70366,70,247500
43766,0.000351,172.217.194.0-255,5738,76104,70,247500
43767,0.000353,172.31.40.0-255,66,76170,70,247500
43768,0.000377,172.217.194.0-255,2902,79072,70,247500
43769,0.00038,172.31.40.0-255,66,79138,70,247500
43770,0.00041,172.217.194.0-255,3961,83099,70,247500
43771,0.000413,172.31.40.0-255,66,83165,70,247500
43772,0.000417,172.217.194.0-255,2902,86067,70,247500
43773,0.000418,172.31.40.0-255,66,86133,70,247500
43774,0.000446,172.217.194.0-255,4320,90453,70,247500
43775,0.000449,172.31.40.0-255,66,90519,70,247500
43776,0.000459,172.217.194.0-255,9633,100152,70,247500
43777,0.000465,172.31.40.0-255,66,100218,70,247500
43778,0.000842,172.217.194.0-255,1484,101702,70,247500
43779,0.000851,172.217.194.0-255,2902,104604,70,247500
43780,0.000855,172.31.40.0-255,66,104670,70,247500
43781,0.000885,172.217.194.0-255,5738,110408,70,247500
43782,0.000888,172.31.40.0-255,66,110474,70,247500
43783,0.000893,172.217.194.0-255,4320,114794,70,247500
43784,0.000895,172.31.40.0-255,66,114860,70,247500
43785,0.000938,172.217.194.0-255,2902,117762,70,247500
43786,0.000941,172.31.40.0-255,66,117828,70,247500
43787,0.000962,172.31.40.0-255,66,117894,70,247500
43788,0.000966,172.217.194.0-255,2184,120078,70,247500
43789,0.000968,172.31.40.0-255,66,120144,70,247500
43790,0.001002,172.217.194.0-255,8574,128718,70,247500
43791,0.001005,172.31.40.0-255,66,128784,70,247500
43792,0.001031,172.217.194.0-255,9992,138776,70,247500
43793,0.001033,172.31.40.0-255,66,138842,70,247500
43794,0.001048,172.31.40.0-255,66,138908,70,247500
43795,0.001052,172.217.194.0-255,2184,141092,70,247500
43796,0.001054,172.31.40.0-255,66,141158,70,247500
43797,0.001316,172.217.194.0-255,1484,142642,70,247500
43798,0.001321,172.217.194.0-255,1484,144126,70,247500
43799,0.001325,172.31.40.0-255,66,144192,70,247500
43800,0.001353,172.217.194.0-255,1484,145676,70,247500
43801,0.00136,172.217.194.0-255,5738,151414,70,247500
43802,0.001362,172.31.40.0-255,66,151480,70,247500
43803,0.001368,172.217.194.0-255,4320,155800,70,247500
43804,0.001369,172.31.40.0-255,66,155866,70,247500
43805,0.00141,172.217.194.0-255,8574,164440,70,247500
43806,0.001412,172.31.40.0-255,66,164506,70,247500
43807,0.001422,172.217.194.0-255,9992,174498,70,247500
43808,0.001428,172.31.40.0-255,66,174564,70,247500
43809,0.001431,172.217.194.0-255,766,175330,70,247500
43810,0.001497,172.31.40.0-255,101,175431,70,247500
43811,0.001643,172.217.194.0-255,1484,176915,70,247500
43812,0.001649,172.217.194.0-255,2902,179817,70,247500
43813,0.001652,172.31.40.0-255,66,179883,70,247500
43814,0.001684,172.217.194.0-255,5738,185621,70,247500
43815,0.001687,172.31.40.0-255,66,185687,70,247500
43816,0.001695,172.217.194.0-255,8574,194261,70,247500
43817,0.001697,172.31.40.0-255,66,194327,70,247500
43818,0.001729,172.217.194.0-255,4320,198647,70,247500
43819,0.001732,172.31.40.0-255,66,198713,70,247500
43820,0.001742,172.217.194.0-255,9992,208705,70,247500
43821,0.001751,172.31.40.0-255,66,208771,70,247500
43822,0.001754,172.217.194.0-255,766,209537,70,247500
43823,0.001756,172.217.194.0-255,1484,211021,70,247500
43824,0.001758,172.31.40.0-255,66,211087,70,247500
43825,0.001763,172.217.194.0-255,2902,213989,70,247500
43826,0.001766,172.31.40.0-255,66,214055,70,247500
43827,0.001808,172.217.194.0-255,2902,216957,70,247500
43828,0.00181,172.31.40.0-255,66,217023,70,247500
43829,0.001846,172.217.194.0-255,2902,219925,70,247500
43830,0.00185,172.31.40.0-255,66,219991,70,247500
43831,0.001877,172.31.40.0-255,66,220057,70,247500
43832,0.001887,172.217.194.0-255,10692,230749,70,247500
43833,0.001889,172.31.40.0-255,66,230815,70,247500
43834,0.001913,172.31.40.0-255,66,230881,70,247500
43835,0.001927,172.31.40.0-255,66,230947,70,247500
43836,0.001975,172.31.40.0-255,66,231013,70,247500
43837,0.002011,172.31.40.0-255,66,231079,70,247500
43838,0.002017,172.217.194.0-255,4320,235399,70,247500
43839,0.002019,172.31.40.0-255,66,235465,70,247500
43840,0.002062,172.31.40.0-255,66,235531,70,247500
43841,0.0021,172.217.194.0-255,2902,238433,70,247500
43842,0.002103,172.31.40.0-255,66,238499,70,247500
43843,0.002124,172.31.40.0-255,66,238565,70,247500
43844,0.002132,172.217.194.0-255,8527,247092,70,247500
43845,0.002135,172.31.40.0-255,66,247158,70,247500
43846,0.002138,172.217.194.0-255,105,247263,70,247500
43847,0.020995,172.31.40.0-255,105,247368,70,247500
43848,0.023446,172.217.194.0-255,66,247434,70,247500
43849,0.036092,172.217.194.0-255,66,247500,70,247500
43850,0.0,74.125.130.0-255,152,152,70,274671
43851,2.2e-05,172.31.40.0-255,66,218,70,274671
43852,2.8e-05,74.125.130.0-255,1484,1702,70,274671
43853,3.3e-05,172.31.40.0-255,66,1768,70,274671
43854,3.7e-05,74.125.130.0-255,2902,4670,70,274671
43855,4.7e-05,172.31.40.0-255,66,4736,70,274671
43856,5.1e-05,74.125.130.0-255,2902,7638,70,274671
43857,5.4e-05,172.31.40.0-255,66,7704,70,274671
43858,8.7e-05,74.125.130.0-255,1484,9188,70,274671
43859,9e-05,172.31.40.0-255,66,9254,70,274671
43860,9.6e-05,74.125.130.0-255,4857,14111,70,274671
43861,9.8e-05,172.31.40.0-255,66,14177,70,274671
43862,0.00032,74.125.130.0-255,1484,15661,70,274671
43863,0.000325,172.31.40.0-255,66,15727,70,274671
43864,0.000329,74.125.130.0-255,1484,17211,70,274671
43865,0.000331,172.31.40.0-255,66,17277,70,274671
43866,0.000361,74.125.130.0-255,1484,18761,70,274671
43867,0.000363,172.31.40.0-255,66,18827,70,274671
43868,0.000369,74.125.130.0-255,4320,23147,70,274671
43869,0.000371,172.31.40.0-255,66,23213,70,274671
43870,0.000381,74.125.130.0-255,5738,28951,70,274671
43871,0.000383,172.31.40.0-255,66,29017,70,274671
43872,0.000412,74.125.130.0-255,2543,31560,70,274671
43873,0.000414,172.31.40.0-255,66,31626,70,274671
43874,0.000626,74.125.130.0-255,1484,33110,70,274671
43875,0.00063,172.31.40.0-255,66,33176,70,274671
43876,0.000635,74.125.130.0-255,2902,36078,70,274671
43877,0.000637,172.31.40.0-255,66,36144,70,274671
43878,0.00066,74.125.130.0-255,1484,37628,70,274671
43879,0.000662,172.31.40.0-255,66,37694,70,274671
43880,0.000666,74.125.130.0-255,2902,40596,70,274671
43881,0.000671,172.31.40.0-255,66,40662,70,274671
43882,0.000674,74.125.130.0-255,1484,42146,70,274671
43883,0.000703,74.125.130.0-255,4320,46466,70,274671
43884,0.000706,172.31.40.0-255,66,46532,70,274671
43885,0.000711,74.125.130.0-255,3961,50493,70,274671
43886,0.000713,172.31.40.0-255,66,50559,70,274671
43887,0.000717,74.125.130.0-255,4320,54879,70,274671
43888,0.000719,172.31.40.0-255,66,54945,70,274671
43889,0.000773,74.125.130.0-255,9992,64937,70,274671
43890,0.000776,172.31.40.0-255,66,65003,70,274671
43891,0.000779,74.125.130.0-255,1125,66128,70,274671
43892,0.001006,172.31.40.0-255,66,66194,70,274671
43893,0.001234,74.125.130.0-255,645,66839,70,274671
43894,0.00139,74.125.130.0-255,1484,68323,70,274671
43895,0.001395,172.31.40.0-255,66,68389,70,274671
43896,0.0014,74.125.130.0-255,1484,69873,70,274671
43897,0.001425,74.125.130.0-255,1484,71357,70,274671
43898,0.001427,172.31.40.0-255,66,71423,70,274671
43899,0.001433,74.125.130.0-255,4320,75743,70,274671
43900,0.001434,172.31.40.0-255,66,75809,70,274671
43901,0.00144,74.125.130.0-255,5738,81547,70,274671
43902,0.001445,172.31.40.0-255,66,81613,70,274671
43903,0.001473,74.125.130.0-255,7156,88769,70,274671
43904,0.001478,172.31.40.0-255,66,88835,70,274671
43905,0.001502,74.125.130.0-255,4320,93155,70,274671
43906,0.001504,172.31.40.0-255,66,93221,70,274671
43907,0.001516,74.125.130.0-255,1484,94705,70,274671
43908,0.001541,74.125.130.0-255,6438,101143,70,274671
43909,0.001543,172.31.40.0-255,66,101209,70,274671
43910,0.001909,74.125.130.0-255,1484,102693,70,274671
43911,0.001915,74.125.130.0-255,1484,104177,70,274671
43912,0.001919,172.31.40.0-255,66,104243,70,274671
43913,0.001944,74.125.130.0-255,2902,107145,70,274671
43914,0.001946,172.31.40.0-255,66,107211,70,274671
43915,0.001951,74.125.130.0-255,4320,111531,70,274671
43916,0.001954,172.31.40.0-255,66,111597,70,274671
43917,0.001978,74.125.130.0-255,1484,113081,70,274671
43918,0.001986,74.125.130.0-255,8574,121655,70,274671
43919,0.001988,172.31.40.0-255,66,121721,70,274671
43920,0.001991,74.125.130.0-255,1484,123205,70,274671
43921,0.00202,74.125.130.0-255,8574,131779,70,274671
43922,0.002022,172.31.40.0-255,66,131845,70,274671
43923,0.002027,74.125.130.0-255,3602,135447,70,274671
43924,0.002029,172.31.40.0-255,66,135513,70,274671
43925,0.004075,74.125.130.0-255,1484,136997,70,274671
43926,0.004091,74.125.130.0-255,4320,141317,70,274671
43927,0.004093,172.31.40.0-255,66,141383,70,274671
43928,0.006159,74.125.130.0-255,5738,147121,70,274671
43929,0.006166,172.31.40.0-255,66,147187,70,274671
43930,0.008238,74.125.130.0-255,5738,152925,70,274671
43931,0.008243,172.31.40.0-255,66,152991,70,274671
43932,0.010307,74.125.130.0-255,5738,158729,70,274671
43933,0.010314,172.31.40.0-255,66,158795,70,274671
43934,0.012372,74.125.130.0-255,5738,164533,70,274671
43935,0.01238,172.31.40.0-255,66,164599,70,274671
43936,0.014473,74.125.130.0-255,5738,170337,70,274671
43937,0.014481,172.31.40.0-255,66,170403,70,274671
43938,0.016559,74.125.130.0-255,5738,176141,70,274671
43939,0.016566,172.31.40.0-255,66,176207,70,274671
43940,0.018645,74.125.130.0-255,5738,181945,70,274671
43941,0.018653,172.31.40.0-255,66,182011,70,274671
43942,0.020738,74.125.130.0-255,5738,187749,70,274671
43943,0.020747,172.31.40.0-255,66,187815,70,274671
43944,0.022815,74.125.130.0-255,5738,193553,70,274671
43945,0.022821,172.31.40.0-255,66,193619,70,274671
43946,0.024496,172.31.40.0-255,172,193791,70,274671
43947,0.024521,172.31.40.0-255,1118,194909,70,274671
43948,0.024573,172.31.40.0-255,1514,196423,70,274671
43949,0.024575,172.31.40.0-255,1514,197937,70,274671
43950,0.024576,172.31.40.0-255,844,198781,70,274671
43951,0.024885,74.125.130.0-255,5738,204519,70,274671
43952,0.024892,172.31.40.0-255,66,204585,70,274671
43953,0.026049,104.244.42.0-255,66,204651,70,274671
43954,0.026074,104.244.42.0-255,66,204717,70,274671
43955,0.026142,104.244.42.0-255,66,204783,70,274671
43956,0.026147,104.244.42.0-255,66,204849,70,274671
43957,0.026976,74.125.130.0-255,5738,210587,70,274671
43958,0.026983,172.31.40.0-255,66,210653,70,274671
43959,0.028688,104.244.42.0-255,108,210761,70,274671
43960,0.028696,172.31.40.0-255,66,210827,70,274671
43961,0.029052,74.125.130.0-255,5738,216565,70,274671
43962,0.029057,172.31.40.0-255,66,216631,70,274671
43963,0.031129,74.125.130.0-255,5738,222369,70,274671
43964,0.031136,172.31.40.0-255,66,222435,70,274671
43965,0.033201,74.125.130.0-255,5738,228173,70,274671
43966,0.033208,172.31.40.0-255,66,228239,70,274671
43967,0.035283,74.125.130.0-255,5738,233977,70,274671
43968,0.035289,172.31.40.0-255,66,234043,70,274671
43969,0.037404,74.125.130.0-255,5738,239781,70,274671
43970,0.03741,172.31.40.0-255,66,239847,70,274671
43971,0.03948,74.125.130.0-255,5738,245585,70,274671
43972,0.039486,172.31.40.0-255,66,245651,70,274671
43973,0.041563,74.125.130.0-255,5738,251389,70,274671
43974,0.041572,172.31.40.0-255,66,251455,70,274671
43975,0.043651,74.125.130.0-255,5738,257193,70,274671
43976,0.043657,172.31.40.0-255,66,257259,70,274671
43977,0.045736,74.125.130.0-255,5738,262997,70,274671
43978,0.045742,172.31.40.0-255,66,263063,70,274671
43979,0.047805,74.125.130.0-255,5738,268801,70,274671
43980,0.047811,172.31.40.0-255,66,268867,70,274671
43981,0.049873,74.125.130.0-255,5738,274605,70,274671
43982,0.049878,172.31.40.0-255,66,274671,70,274671
43983,0.0,172.217.194.0-255,152,152,70,246640
43984,2.2e-05,172.31.40.0-255,66,218,70,246640
43985,2.9e-05,172.217.194.0-255,1484,1702,70,246640
43986,3.4e-05,172.31.40.0-255,66,1768,70,246640
43987,4e-05,172.217.194.0-255,2902,4670,70,246640
43988,4.3e-05,172.31.40.0-255,66,4736,70,246640
43989,5.1e-05,172.217.194.0-255,7156,11892,70,246640
43990,5.4e-05,172.31.40.0-255,66,11958,70,246640
43991,7.5e-05,172.217.194.0-255,2112,14070,70,246640
43992,7.8e-05,172.31.40.0-255,66,14136,70,246640
43993,0.000125,172.217.194.0-255,1484,15620,70,246640
43994,0.000127,172.31.40.0-255,66,15686,70,246640
43995,0.00013,172.217.194.0-255,1484,17170,70,246640
43996,0.000132,172.31.40.0-255,66,17236,70,246640
43997,0.000147,172.217.194.0-255,1484,18720,70,246640
43998,0.000149,172.31.40.0-255,66,18786,70,246640
43999,0.000156,172.217.194.0-255,5738,24524,70,246640
44000,0.000159,172.31.40.0-255,66,24590,70,246640
44001,0.000164,172.217.194.0-255,5738,30328,70,246640
44002,0.000167,172.31.40.0-255,66,30394,70,246640
44003,0.000224,172.217.194.0-255,7156,37550,70,246640
44004,0.000228,172.31.40.0-255,66,37616,70,246640
44005,0.000245,172.217.194.0-255,2543,40159,70,246640
44006,0.000247,172.31.40.0-255,66,40225,70,246640
44007,0.000271,172.217.194.0-255,4320,44545,70,246640
44008,0.000273,172.31.40.0-255,66,44611,70,246640
44009,0.000292,172.217.194.0-255,3961,48572,70,246640
44010,0.000295,172.31.40.0-255,66,48638,70,246640
44011,0.000671,172.31.40.0-255,101,48739,70,246640
44012,0.000726,172.217.194.0-255,1484,50223,70,246640
44013,0.000732,172.217.194.0-255,2902,53125,70,246640
44014,0.000735,172.31.40.0-255,66,53191,70,246640
44015,0.00074,172.217.194.0-255,2902,56093,70,246640
44016,0.000742,172.31.40.0-255,66,56159,70,246640
44017,0.000757,172.217.194.0-255,2902,59061,70,246640
44018,0.000759,172.31.40.0-255,66,59127,70,246640
44019,0.000776,172.217.194.0-255,5738,64865,70,246640
44020,0.00078,172.31.40.0-255,66,64931,70,246640
44021,0.000796,172.217.194.0-255,1417,66348,70,246640
44022,0.001006,172.217.194.0-255,386,66734,70,246640
44023,0.001012,172.31.40.0-255,66,66800,70,246640
44024,0.001039,172.217.194.0-255,1484,68284,70,246640
44025,0.001057,172.217.194.0-255,4320,72604,70,246640
44026,0.00106,172.31.40.0-255,66,72670,70,246640
44027,0.001113,172.217.194.0-255,9992,82662,70,246640
44028,0.001116,172.31.40.0-255,66,82728,70,246640
44029,0.001125,172.217.194.0-255,8574,91302,70,246640
44030,0.001127,172.31.40.0-255,66,91368,70,246640
44031,0.00113,172.217.194.0-255,1484,92852,70,246640
44032,0.001152,172.217.194.0-255,7856,100708,70,246640
44033,0.001156,172.31.40.0-255,66,100774,70,246640
44034,0.001782,172.217.194.0-255,1484,102258,70,246640
44035,0.001794,172.217.194.0-255,2902,105160,70,246640
44036,0.001798,172.31.40.0-255,66,105226,70,246640
44037,0.001807,172.217.194.0-255,5738,110964,70,246640
44038,0.001809,172.31.40.0-255,66,111030,70,246640
44039,0.001812,172.217.194.0-255,1484,112514,70,246640
44040,0.001838,172.31.40.0-255,66,112580,70,246640
44041,0.00186,172.217.194.0-255,7156,119736,70,246640
44042,0.001862,172.31.40.0-255,66,119802,70,246640
44043,0.001877,172.217.194.0-255,3602,123404,70,246640
44044,0.001879,172.31.40.0-255,66,123470,70,246640
44045,0.002929,172.217.194.0-255,66,123536,70,246640
44046,0.004156,172.217.194.0-255,2902,126438,70,246640
44047,0.004161,172.31.40.0-255,66,126504,70,246640
44048,0.004181,172.217.194.0-255,2902,129406,70,246640
44049,0.004183,172.31.40.0-255,66,129472,70,246640
44050,0.006465,172.217.194.0-255,5738,135210,70,246640
44051,0.006471,172.31.40.0-255,66,135276,70,246640
44052,0.008812,172.217.194.0-255,5738,141014,70,246640
44053,0.00882,172.31.40.0-255,66,141080,70,246640
44054,0.011128,172.217.194.0-255,5738,146818,70,246640
44055,0.011137,172.31.40.0-255,66,146884,70,246640
44056,0.013424,172.217.194.0-255,5738,152622,70,246640
44057,0.013433,172.31.40.0-255,66,152688,70,246640
44058,0.015746,172.217.194.0-255,5738,158426,70,246640
44059,0.015757,172.31.40.0-255,66,158492,70,246640
44060,0.01806,172.217.194.0-255,5738,164230,70,246640
44061,0.01807,172.31.40.0-255,66,164296,70,246640
44062,0.020379,172.217.194.0-255,5738,170034,70,246640
44063,0.020389,172.31.40.0-255,66,170100,70,246640
44064,0.022705,172.217.194.0-255,5738,175838,70,246640
44065,0.022715,172.31.40.0-255,66,175904,70,246640
44066,0.025033,172.217.194.0-255,5738,181642,70,246640
44067,0.025047,172.31.40.0-255,66,181708,70,246640
44068,0.026614,172.31.40.0-255,172,181880,70,246640
44069,0.026641,172.31.40.0-255,1118,182998,70,246640
44070,0.026697,172.31.40.0-255,1514,184512,70,246640
44071,0.026699,172.31.40.0-255,1514,186026,70,246640
44072,0.026704,172.31.40.0-255,1514,187540,70,246640
44073,0.026705,172.31.40.0-255,1514,189054,70,246640
44074,0.026722,172.31.40.0-255,634,189688,70,246640
44075,0.027332,172.217.194.0-255,5738,195426,70,246640
44076,0.027339,172.31.40.0-255,66,195492,70,246640
44077,0.028166,104.244.42.0-255,66,195558,70,246640
44078,0.02821,104.244.42.0-255,66,195624,70,246640
44079,0.028307,104.244.42.0-255,66,195690,70,246640
44080,0.028311,104.244.42.0-255,66,195756,70,246640
44081,0.029659,172.217.194.0-255,5738,201494,70,246640
44082,0.029665,172.31.40.0-255,66,201560,70,246640
44083,0.032187,172.217.194.0-255,4320,205880,70,246640
44084,0.032196,172.31.40.0-255,66,205946,70,246640
44085,0.032215,172.217.194.0-255,1484,207430,70,246640
44086,0.034555,172.217.194.0-255,4320,211750,70,246640
44087,0.034562,172.31.40.0-255,66,211816,70,246640
44088,0.036855,172.217.194.0-255,5738,217554,70,246640
44089,0.036861,172.31.40.0-255,66,217620,70,246640
44090,0.039186,172.217.194.0-255,5738,223358,70,246640
44091,0.039193,172.31.40.0-255,66,223424,70,246640
44092,0.041518,172.217.194.0-255,5738,229162,70,246640
44093,0.041524,172.31.40.0-255,66,229228,70,246640
44094,0.043824,172.217.194.0-255,5738,234966,70,246640
44095,0.043833,172.31.40.0-255,66,235032,70,246640
44096,0.04619,172.217.194.0-255,5738,240770,70,246640
44097,0.046199,172.31.40.0-255,66,240836,70,246640
44098,0.048577,172.217.194.0-255,5738,246574,70,246640
44099,0.048596,172.31.40.0-255,66,246640,70,246640
44100,0.0,172.217.194.0-255,150,150,70,344684
44101,2.6e-05,172.31.40.0-255,66,216,70,344684
44102,3.3e-05,172.217.194.0-255,1484,1700,70,344684
44103,3.7e-05,172.31.40.0-255,66,1766,70,344684
44104,4.3e-05,172.217.194.0-255,2902,4668,70,344684
44105,5.5e-05,172.31.40.0-255,66,4734,70,344684
44106,6.2e-05,172.217.194.0-255,5738,10472,70,344684
44107,6.6e-05,172.31.40.0-255,66,10538,70,344684
44108,7.6e-05,172.217.194.0-255,10673,21211,70,344684
44109,7.9e-05,172.31.40.0-255,66,21277,70,344684
44110,8.8e-05,172.217.194.0-255,9633,30910,70,344684
44111,9.1e-05,172.31.40.0-255,66,30976,70,344684
44112,0.000147,172.217.194.0-255,1484,32460,70,344684
44113,0.00015,172.31.40.0-255,66,32526,70,344684
44114,0.000185,172.217.194.0-255,2902,35428,70,344684
44115,0.000188,172.31.40.0-255,66,35494,70,344684
44116,0.000195,172.217.194.0-255,5738,41232,70,344684
44117,0.000198,172.31.40.0-255,66,41298,70,344684
44118,0.000222,172.217.194.0-255,4320,45618,70,344684
44119,0.000224,172.31.40.0-255,66,45684,70,344684
44120,0.000261,172.217.194.0-255,6797,52481,70,344684
44121,0.000264,172.31.40.0-255,66,52547,70,344684
44122,0.000282,172.31.40.0-255,66,52613,70,344684
44123,0.000285,172.217.194.0-255,679,53292,70,344684
44124,0.000287,172.31.40.0-255,66,53358,70,344684
44125,0.000607,172.217.194.0-255,1484,54842,70,344684
44126,0.000613,172.31.40.0-255,66,54908,70,344684
44127,0.000619,172.217.194.0-255,2902,57810,70,344684
44128,0.000622,172.31.40.0-255,66,57876,70,344684
44129,0.000657,172.217.194.0-255,5738,63614,70,344684
44130,0.00066,172.31.40.0-255,66,63680,70,344684
44131,0.000667,172.217.194.0-255,4320,68000,70,344684
44132,0.000669,172.31.40.0-255,66,68066,70,344684
44133,0.000681,172.217.194.0-255,7156,75222,70,344684
44134,0.000684,172.31.40.0-255,66,75288,70,344684
44135,0.000716,172.217.194.0-255,4320,79608,70,344684
44136,0.000719,172.31.40.0-255,66,79674,70,344684
44137,0.000728,172.217.194.0-255,7305,86979,70,344684
44138,0.000735,172.31.40.0-255,66,87045,70,344684
44139,0.000837,172.217.194.0-255,1484,88529,70,344684
44140,0.000843,172.217.194.0-255,2902,91431,70,344684
44141,0.000848,172.31.40.0-255,66,91497,70,344684
44142,0.00087,172.217.194.0-255,5738,97235,70,344684
44143,0.000873,172.31.40.0-255,66,97301,70,344684
44144,0.000917,172.217.194.0-255,7156,104457,70,344684
44145,0.000923,172.31.40.0-255,66,104523,70,344684
44146,0.000926,172.31.40.0-255,66,104589,70,344684
44147,0.000959,172.217.194.0-255,3602,108191,70,344684
44148,0.000962,172.31.40.0-255,66,108257,70,344684
44149,0.001093,172.217.194.0-255,1484,109741,70,344684
44150,0.001116,172.217.194.0-255,2902,112643,70,344684
44151,0.00112,172.31.40.0-255,66,112709,70,344684
44152,0.001153,172.217.194.0-255,5738,118447,70,344684
44153,0.001157,172.31.40.0-255,66,118513,70,344684
44154,0.001194,172.217.194.0-255,9992,128505,70,344684
44155,0.001197,172.31.40.0-255,66,128571,70,344684
44156,0.001235,172.31.40.0-255,66,128637,70,344684
44157,0.001239,172.217.194.0-255,2184,130821,70,344684
44158,0.001242,172.31.40.0-255,66,130887,70,344684
44159,0.001266,172.217.194.0-255,2902,133789,70,344684
44160,0.001269,172.31.40.0-255,66,133855,70,344684
44161,0.001275,172.217.194.0-255,4320,138175,70,344684
44162,0.001277,172.31.40.0-255,66,138241,70,344684
44163,0.001317,172.217.194.0-255,4320,142561,70,344684
44164,0.00132,172.31.40.0-255,66,142627,70,344684
44165,0.001354,172.217.194.0-255,4320,146947,70,344684
44166,0.001357,172.31.40.0-255,66,147013,70,344684
44167,0.001361,172.217.194.0-255,1484,148497,70,344684
44168,0.00138,172.31.40.0-255,66,148563,70,344684
44169,0.001386,172.217.194.0-255,5020,153583,70,344684
44170,0.001389,172.31.40.0-255,66,153649,70,344684
44171,0.001425,172.217.194.0-255,1484,155133,70,344684
44172,0.00143,172.217.194.0-255,2902,158035,70,344684
44173,0.001435,172.31.40.0-255,66,158101,70,344684
44174,0.001473,172.217.194.0-255,5738,163839,70,344684
44175,0.001476,172.31.40.0-255,66,163905,70,344684
44176,0.001481,172.217.194.0-255,2902,166807,70,344684
44177,0.001483,172.31.40.0-255,66,166873,70,344684
44178,0.001489,172.217.194.0-255,5738,172611,70,344684
44179,0.001491,172.31.40.0-255,66,172677,70,344684
44180,0.001519,172.217.194.0-255,4320,176997,70,344684
44181,0.001522,172.31.40.0-255,66,177063,70,344684
44182,0.001569,172.217.194.0-255,7156,184219,70,344684
44183,0.001572,172.31.40.0-255,66,184285,70,344684
44184,0.001594,172.217.194.0-255,3602,187887,70,344684
44185,0.001601,172.31.40.0-255,66,187953,70,344684
44186,0.001901,172.217.194.0-255,1484,189437,70,344684
44187,0.001908,172.217.194.0-255,2902,192339,70,344684
44188,0.001911,172.31.40.0-255,66,192405,70,344684
44189,0.001933,172.217.194.0-255,5738,198143,70,344684
44190,0.001935,172.31.40.0-255,66,198209,70,344684
44191,0.001985,172.31.40.0-255,66,198275,70,344684
44192,0.001996,172.217.194.0-255,10692,208967,70,344684
44193,0.002002,172.31.40.0-255,66,209033,70,344684
44194,0.004038,172.217.194.0-255,5738,214771,70,344684
44195,0.004046,172.31.40.0-255,66,214837,70,344684
44196,0.006066,172.217.194.0-255,5738,220575,70,344684
44197,0.006071,172.31.40.0-255,66,220641,70,344684
44198,0.008094,172.217.194.0-255,5738,226379,70,344684
44199,0.008103,172.31.40.0-255,66,226445,70,344684
44200,0.010125,172.217.194.0-255,5738,232183,70,344684
44201,0.010131,172.31.40.0-255,66,232249,70,344684
44202,0.01215,172.217.194.0-255,5738,237987,70,344684
44203,0.012159,172.31.40.0-255,66,238053,70,344684
44204,0.014198,172.217.194.0-255,5738,243791,70,344684
44205,0.014209,172.31.40.0-255,66,243857,70,344684
44206,0.01625,172.217.194.0-255,5738,249595,70,344684
44207,0.01626,172.31.40.0-255,66,249661,70,344684
44208,0.018299,172.217.194.0-255,5738,255399,70,344684
44209,0.018307,172.31.40.0-255,66,255465,70,344684
44210,0.020338,172.217.194.0-255,5738,261203,70,344684
44211,0.020346,172.31.40.0-255,66,261269,70,344684
44212,0.022382,172.217.194.0-255,5738,267007,70,344684
44213,0.022392,172.31.40.0-255,66,267073,70,344684
44214,0.024413,172.217.194.0-255,5738,272811,70,344684
44215,0.024425,172.31.40.0-255,66,272877,70,344684
44216,0.026425,172.217.194.0-255,5738,278615,70,344684
44217,0.026432,172.31.40.0-255,66,278681,70,344684
44218,0.028442,172.217.194.0-255,5738,284419,70,344684
44219,0.02845,172.31.40.0-255,66,284485,70,344684
44220,0.030478,172.217.194.0-255,2902,287387,70,344684
44221,0.030487,172.31.40.0-255,66,287453,70,344684
44222,0.030513,172.217.194.0-255,2902,290355,70,344684
44223,0.030516,172.31.40.0-255,66,290421,70,344684
44224,0.031706,172.31.40.0-255,172,290593,70,344684
44225,0.031734,172.31.40.0-255,1113,291706,70,344684
44226,0.031796,172.31.40.0-255,1514,293220,70,344684
44227,0.031798,172.31.40.0-255,1331,294551,70,344684
44228,0.032511,172.217.194.0-255,2902,297453,70,344684
44229,0.032517,172.31.40.0-255,66,297519,70,344684
44230,0.032538,172.217.194.0-255,2902,300421,70,344684
44231,0.032541,172.31.40.0-255,66,300487,70,344684
44232,0.033409,104.244.42.0-255,66,300553,70,344684
44233,0.03455,172.217.194.0-255,5738,306291,70,344684
44234,0.034556,172.31.40.0-255,66,306357,70,344684
44235,0.036568,172.217.194.0-255,5738,312095,70,344684
44236,0.036575,172.31.40.0-255,66,312161,70,344684
44237,0.0386,172.217.194.0-255,5738,317899,70,344684
44238,0.038609,172.31.40.0-255,66,317965,70,344684
44239,0.040646,172.217.194.0-255,5738,323703,70,344684
44240,0.040653,172.31.40.0-255,66,323769,70,344684
44241,0.042694,172.217.194.0-255,5738,329507,70,344684
44242,0.042728,172.31.40.0-255,66,329573,70,344684
44243,0.044789,172.217.194.0-255,5738,335311,70,344684
44244,0.044799,172.31.40.0-255,66,335377,70,344684
44245,0.046868,172.217.194.0-255,5738,341115,70,344684
44246,0.046877,172.31.40.0-255,66,341181,70,344684
44247,0.048925,172.217.194.0-255,3332,344513,70,344684
44248,0.048934,172.31.40.0-255,66,344579,70,344684
44249,0.049124,172.31.40.0-255,105,344684,70,344684
44250,0.0,74.125.24.0-255,153,153,70,344113
44251,2.6e-05,172.31.40.0-255,66,219,70,344113
44252,3.3e-05,74.125.24.0-255,1484,1703,70,344113
44253,3.8e-05,172.31.40.0-255,66,1769,70,344113
44254,4.3e-05,74.125.24.0-255,2902,4671,70,344113
44255,5.4e-05,172.31.40.0-255,66,4737,70,344113
44256,6.2e-05,74.125.24.0-255,7156,11893,70,344113
44257,6.5e-05,172.31.40.0-255,66,11959,70,344113
44258,6.9e-05,74.125.24.0-255,2902,14861,70,344113
44259,7.3e-05,172.31.40.0-255,66,14927,70,344113
44260,9.1e-05,74.125.24.0-255,6253,21180,70,344113
44261,9.4e-05,172.31.40.0-255,66,21246,70,344113
44262,0.000108,74.125.24.0-255,9633,30879,70,344113
44263,0.00011,172.31.40.0-255,66,30945,70,344113
44264,0.000163,74.125.24.0-255,1484,32429,70,344113
44265,0.000166,172.31.40.0-255,66,32495,70,344113
44266,0.00019,74.125.24.0-255,2902,35397,70,344113
44267,0.000192,172.31.40.0-255,66,35463,70,344113
44268,0.000199,74.125.24.0-255,5738,41201,70,344113
44269,0.000202,172.31.40.0-255,66,41267,70,344113
44270,0.000205,74.125.24.0-255,1484,42751,70,344113
44271,0.000207,172.31.40.0-255,66,42817,70,344113
44272,0.00025,74.125.24.0-255,8574,51391,70,344113
44273,0.000253,172.31.40.0-255,66,51457,70,344113
44274,0.000266,172.31.40.0-255,66,51523,70,344113
44275,0.000271,74.125.24.0-255,2520,54043,70,344113
44276,0.000274,172.31.40.0-255,66,54109,70,344113
44277,0.000343,74.125.24.0-255,109,54218,70,344113
44278,0.000346,172.31.40.0-255,66,54284,70,344113
44279,0.000596,74.125.24.0-255,1484,55768,70,344113
44280,0.000601,172.31.40.0-255,66,55834,70,344113
44281,0.000607,74.125.24.0-255,2902,58736,70,344113
44282,0.000612,74.125.24.0-255,1484,60220,70,344113
44283,0.000629,74.125.24.0-255,4320,64540,70,344113
44284,0.000641,74.125.24.0-255,1484,66024,70,344113
44285,0.000643,172.31.40.0-255,66,66090,70,344113
44286,0.000679,74.125.24.0-255,9992,76082,70,344113
44287,0.000726,74.125.24.0-255,1029,77111,70,344113
44288,0.000738,172.31.40.0-255,66,77177,70,344113
44289,0.001059,74.125.24.0-255,1484,78661,70,344113
44290,0.001066,74.125.24.0-255,2902,81563,70,344113
44291,0.001071,74.125.24.0-255,5738,87301,70,344113
44292,0.001079,172.31.40.0-255,66,87367,70,344113
44293,0.001124,74.125.24.0-255,2902,90269,70,344113
44294,0.001129,172.31.40.0-255,66,90335,70,344113
44295,0.001165,74.125.24.0-255,7856,98191,70,344113
44296,0.001179,172.31.40.0-255,66,98257,70,344113
44297,0.001203,74.125.24.0-255,1484,99741,70,344113
44298,0.001219,74.125.24.0-255,2902,102643,70,344113
44299,0.00123,172.31.40.0-255,66,102709,70,344113
44300,0.00124,74.125.24.0-255,4320,107029,70,344113
44301,0.001245,172.31.40.0-255,66,107095,70,344113
44302,0.001265,74.125.24.0-255,1484,108579,70,344113
44303,0.001309,74.125.24.0-255,10692,119271,70,344113
44304,0.001316,172.31.40.0-255,66,119337,70,344113
44305,0.00134,74.125.24.0-255,1484,120821,70,344113
44306,0.001353,74.125.24.0-255,2902,123723,70,344113
44307,0.001356,74.125.24.0-255,1484,125207,70,344113
44308,0.001363,172.31.40.0-255,66,125273,70,344113
44309,0.001374,74.125.24.0-255,2902,128175,70,344113
44310,0.001393,74.125.24.0-255,1484,129659,70,344113
44311,0.001396,74.125.24.0-255,1484,131143,70,344113
44312,0.0014,74.125.24.0-255,2902,134045,70,344113
44313,0.001408,172.31.40.0-255,66,134111,70,344113
44314,0.00142,74.125.24.0-255,5738,139849,70,344113
44315,0.001437,74.125.24.0-255,5738,145587,70,344113
44316,0.001459,74.125.24.0-255,7156,152743,70,344113
44317,0.001473,74.125.24.0-255,2184,154927,70,344113
44318,0.001478,172.31.40.0-255,66,154993,70,344113
44319,0.001505,74.125.24.0-255,2902,157895,70,344113
44320,0.001512,74.125.24.0-255,7156,165051,70,344113
44321,0.001518,172.31.40.0-255,66,165117,70,344113
44322,0.001526,74.125.24.0-255,1484,166601,70,344113
44323,0.001553,74.125.24.0-255,7156,173757,70,344113
44324,0.001559,74.125.24.0-255,5738,179495,70,344113
44325,0.001572,74.125.24.0-255,4320,183815,70,344113
44326,0.001577,74.125.24.0-255,3602,187417,70,344113
44327,0.001589,172.31.40.0-255,66,187483,70,344113
44328,0.001955,74.125.24.0-255,1484,188967,70,344113
44329,0.001959,74.125.24.0-255,1484,190451,70,344113
44330,0.001962,172.31.40.0-255,66,190517,70,344113
44331,0.001991,74.125.24.0-255,1484,192001,70,344113
44332,0.001998,74.125.24.0-255,5738,197739,70,344113
44333,0.002003,74.125.24.0-255,5738,203477,70,344113
44334,0.002011,172.31.40.0-255,66,203543,70,344113
44335,0.00202,74.125.24.0-255,1484,205027,70,344113
44336,0.00206,74.125.24.0-255,2902,207929,70,344113
44337,0.002073,172.31.40.0-255,66,207995,70,344113
44338,0.002104,74.125.24.0-255,2184,210179,70,344113
44339,0.002127,172.31.40.0-255,66,210245,70,344113
44340,0.002179,74.125.24.0-255,1484,211729,70,344113
44341,0.002198,74.125.24.0-255,1484,213213,70,344113
44342,0.002201,172.31.40.0-255,66,213279,70,344113
44343,0.002206,74.125.24.0-255,2902,216181,70,344113
44344,0.002227,74.125.24.0-255,4320,220501,70,344113
44345,0.002238,74.125.24.0-255,1484,221985,70,344113
44346,0.002285,74.125.24.0-255,8574,230559,70,344113
44347,0.002295,74.125.24.0-255,9992,240551,70,344113
44348,0.0023,74.125.24.0-255,3602,244153,70,344113
44349,0.002306,172.31.40.0-255,66,244219,70,344113
44350,0.002334,74.125.24.0-255,4320,248539,70,344113
44351,0.002337,74.125.24.0-255,1484,250023,70,344113
44352,0.002347,172.31.40.0-255,66,250089,70,344113
44353,0.002358,74.125.24.0-255,2902,252991,70,344113
44354,0.002364,74.125.24.0-255,1484,254475,70,344113
44355,0.002386,172.31.40.0-255,66,254541,70,344113
44356,0.003548,172.31.40.0-255,101,254642,70,344113
44357,0.004695,74.125.24.0-255,5738,260380,70,344113
44358,0.004704,172.31.40.0-255,66,260446,70,344113
44359,0.005862,74.125.24.0-255,66,260512,70,344113
44360,0.007091,74.125.24.0-255,5738,266250,70,344113
44361,0.011087,172.31.40.0-255,66,266316,70,344113
44362,0.013466,74.125.24.0-255,5738,272054,70,344113
44363,0.013479,172.31.40.0-255,66,272120,70,344113
44364,0.015826,74.125.24.0-255,5738,277858,70,344113
44365,0.016005,172.31.40.0-255,66,277924,70,344113
44366,0.01834,74.125.24.0-255,5738,283662,70,344113
44367,0.018353,172.31.40.0-255,66,283728,70,344113
44368,0.020684,74.125.24.0-255,5738,289466,70,344113
44369,0.020696,172.31.40.0-255,66,289532,70,344113
44370,0.023039,74.125.24.0-255,5738,295270,70,344113
44371,0.023052,172.31.40.0-255,66,295336,70,344113
44372,0.025406,74.125.24.0-255,5738,301074,70,344113
44373,0.02542,172.31.40.0-255,66,301140,70,344113
44374,0.027792,74.125.24.0-255,5738,306878,70,344113
44375,0.027801,172.31.40.0-255,66,306944,70,344113
44376,0.030134,74.125.24.0-255,5738,312682,70,344113
44377,0.030144,172.31.40.0-255,66,312748,70,344113
44378,0.032444,74.125.24.0-255,5738,318486,70,344113
44379,0.032456,172.31.40.0-255,66,318552,70,344113
44380,0.034172,172.31.40.0-255,172,318724,70,344113
44381,0.034204,172.31.40.0-255,1117,319841,70,344113
44382,0.034267,172.31.40.0-255,1514,321355,70,344113
44383,0.034269,172.31.40.0-255,1514,322869,70,344113
44384,0.034293,172.31.40.0-255,845,323714,70,344113
44385,0.034787,74.125.24.0-255,5738,329452,70,344113
44386,0.034795,172.31.40.0-255,66,329518,70,344113
44387,0.035711,104.244.42.0-255,66,329584,70,344113
44388,0.035777,104.244.42.0-255,66,329650,70,344113
44389,0.035813,104.244.42.0-255,66,329716,70,344113
44390,0.035817,104.244.42.0-255,66,329782,70,344113
44391,0.037107,74.125.24.0-255,5738,335520,70,344113
44392,0.037128,172.31.40.0-255,66,335586,70,344113
44393,0.039443,74.125.24.0-255,5738,341324,70,344113
44394,0.03945,172.31.40.0-255,66,341390,70,344113
44395,0.041766,74.125.24.0-255,2486,343876,70,344113
44396,0.041775,172.31.40.0-255,66,343942,70,344113
44397,0.041983,172.31.40.0-255,105,344047,70,344113
44398,0.049799,74.125.24.0-255,66,344113,70,344113
44399,0.0,172.217.27.0-255,146,146,70,253459
44400,2.5e-05,172.31.40.0-255,66,212,70,253459
44401,3.2e-05,172.217.27.0-255,1484,1696,70,253459
44402,3.7e-05,172.31.40.0-255,66,1762,70,253459
44403,5e-05,172.217.27.0-255,2902,4664,70,253459
44404,5.3e-05,172.31.40.0-255,66,4730,70,253459
44405,6.1e-05,172.217.27.0-255,7156,11886,70,253459
44406,6.4e-05,172.31.40.0-255,66,11952,70,253459
44407,8.4e-05,172.217.27.0-255,2117,14069,70,253459
44408,9.4e-05,172.31.40.0-255,66,14135,70,253459
44409,0.000291,172.217.27.0-255,1484,15619,70,253459
44410,0.000296,172.31.40.0-255,66,15685,70,253459
44411,0.000302,172.217.27.0-255,2902,18587,70,253459
44412,0.000304,172.31.40.0-255,66,18653,70,253459
44413,0.000316,172.217.27.0-255,5738,24391,70,253459
44414,0.000319,172.31.40.0-255,66,24457,70,253459
44415,0.000363,172.217.27.0-255,6797,31254,70,253459
44416,0.000366,172.31.40.0-255,66,31320,70,253459
44417,0.000373,172.217.27.0-255,5738,37058,70,253459
44418,0.000376,172.31.40.0-255,66,37124,70,253459
44419,0.000394,172.217.27.0-255,1484,38608,70,253459
44420,0.000396,172.31.40.0-255,66,38674,70,253459
44421,0.000411,172.217.27.0-255,9633,48307,70,253459
44422,0.000413,172.31.40.0-255,66,48373,70,253459
44423,0.001284,172.217.27.0-255,1484,49857,70,253459
44424,0.001296,172.31.40.0-255,66,49923,70,253459
44425,0.001306,172.217.27.0-255,2902,52825,70,253459
44426,0.001308,172.31.40.0-255,66,52891,70,253459
44427,0.001317,172.217.27.0-255,1484,54375,70,253459
44428,0.00132,172.31.40.0-255,66,54441,70,253459
44429,0.001325,172.217.27.0-255,2902,57343,70,253459
44430,0.001327,172.31.40.0-255,66,57409,70,253459
44431,0.001334,172.217.27.0-255,5738,63147,70,253459
44432,0.001337,172.31.40.0-255,66,63213,70,253459
44433,0.00134,172.217.27.0-255,1484,64697,70,253459
44434,0.00136,172.217.27.0-255,1705,66402,70,253459
44435,0.001362,172.31.40.0-255,66,66468,70,253459
44436,0.001423,172.217.27.0-255,1484,67952,70,253459
44437,0.001428,172.217.27.0-255,2902,70854,70,253459
44438,0.001431,172.31.40.0-255,66,70920,70,253459
44439,0.001434,172.217.27.0-255,1484,72404,70,253459
44440,0.001437,172.217.27.0-255,1484,73888,70,253459
44441,0.00144,172.31.40.0-255,66,73954,70,253459
44442,0.001459,172.217.27.0-255,1484,75438,70,253459
44443,0.00147,172.217.27.0-255,5738,81176,70,253459
44444,0.001472,172.31.40.0-255,66,81242,70,253459
44445,0.001512,172.31.40.0-255,66,81308,70,253459
44446,0.001519,172.217.27.0-255,5379,86687,70,253459
44447,0.001521,172.31.40.0-255,66,86753,70,253459
44448,0.00318,172.217.27.0-255,5738,92491,70,253459
44449,0.003189,172.31.40.0-255,66,92557,70,253459
44450,0.004843,172.217.27.0-255,5738,98295,70,253459
44451,0.004848,172.31.40.0-255,66,98361,70,253459
44452,0.006507,172.217.27.0-255,5738,104099,70,253459
44453,0.006514,172.31.40.0-255,66,104165,70,253459
44454,0.008182,172.217.27.0-255,5738,109903,70,253459
44455,0.008194,172.31.40.0-255,66,109969,70,253459
44456,0.009856,172.217.27.0-255,5738,115707,70,253459
44457,0.009866,172.31.40.0-255,66,115773,70,253459
44458,0.011549,172.217.27.0-255,5738,121511,70,253459
44459,0.011562,172.31.40.0-255,66,121577,70,253459
44460,0.013244,172.217.27.0-255,5738,127315,70,253459
44461,0.013282,172.31.40.0-255,66,127381,70,253459
44462,0.014946,172.217.27.0-255,5738,133119,70,253459
44463,0.014956,172.31.40.0-255,66,133185,70,253459
44464,0.016625,172.217.27.0-255,5738,138923,70,253459
44465,0.016635,172.31.40.0-255,66,138989,70,253459
44466,0.018301,172.217.27.0-255,5738,144727,70,253459
44467,0.018311,172.31.40.0-255,66,144793,70,253459
44468,0.019977,172.217.27.0-255,5738,150531,70,253459
44469,0.01999,172.31.40.0-255,66,150597,70,253459
44470,0.021677,172.217.27.0-255,5738,156335,70,253459
44471,0.021686,172.31.40.0-255,66,156401,70,253459
44472,0.023362,172.217.27.0-255,5738,162139,70,253459
44473,0.023369,172.31.40.0-255,66,162205,70,253459
44474,0.025027,172.217.27.0-255,5738,167943,70,253459
44475,0.025034,172.31.40.0-255,66,168009,70,253459
44476,0.026697,172.217.27.0-255,5738,173747,70,253459
44477,0.026704,172.31.40.0-255,66,173813,70,253459
44478,0.028367,172.217.27.0-255,5738,179551,70,253459
44479,0.028375,172.31.40.0-255,66,179617,70,253459
44480,0.028415,172.31.40.0-255,172,179789,70,253459
44481,0.028442,172.31.40.0-255,1113,180902,70,253459
44482,0.0285,172.31.40.0-255,1514,182416,70,253459
44483,0.028502,172.31.40.0-255,1329,183745,70,253459
44484,0.03004,172.217.27.0-255,5738,189483,70,253459
44485,0.030048,172.31.40.0-255,66,189549,70,253459
44486,0.03009,104.244.42.0-255,66,189615,70,253459
44487,0.031747,172.217.27.0-255,5738,195353,70,253459
44488,0.031754,172.31.40.0-255,66,195419,70,253459
44489,0.033412,172.217.27.0-255,5738,201157,70,253459
44490,0.033418,172.31.40.0-255,66,201223,70,253459
44491,0.03508,172.217.27.0-255,5738,206961,70,253459
44492,0.035087,172.31.40.0-255,66,207027,70,253459
44493,0.036743,172.217.27.0-255,5738,212765,70,253459
44494,0.03675,172.31.40.0-255,66,212831,70,253459
44495,0.038411,172.217.27.0-255,5738,218569,70,253459
44496,0.038419,172.31.40.0-255,66,218635,70,253459
44497,0.040092,172.217.27.0-255,5738,224373,70,253459
44498,0.040099,172.31.40.0-255,66,224439,70,253459
44499,0.041762,172.217.27.0-255,5738,230177,70,253459
44500,0.041771,172.31.40.0-255,66,230243,70,253459
44501,0.04344,172.217.27.0-255,5738,235981,70,253459
44502,0.043446,172.31.40.0-255,66,236047,70,253459
44503,0.045107,172.217.27.0-255,5738,241785,70,253459
44504,0.045113,172.31.40.0-255,66,241851,70,253459
44505,0.046783,172.217.27.0-255,5738,247589,70,253459
44506,0.04679,172.31.40.0-255,66,247655,70,253459
44507,0.048464,172.217.27.0-255,5738,253393,70,253459
44508,0.048483,172.31.40.0-255,66,253459,70,253459
44509,0.0,172.217.194.0-255,153,153,70,197673
44510,1.5e-05,172.31.40.0-255,66,219,70,197673
44511,2.1e-05,172.217.194.0-255,1484,1703,70,197673
44512,2.5e-05,172.31.40.0-255,66,1769,70,197673
44513,3.1e-05,172.217.194.0-255,2902,4671,70,197673
44514,3.6e-05,172.31.40.0-255,66,4737,70,197673
44515,0.000101,172.217.194.0-255,7156,11893,70,197673
44516,0.000105,172.31.40.0-255,66,11959,70,197673
44517,0.000162,172.217.194.0-255,2035,13994,70,197673
44518,0.000166,172.31.40.0-255,66,14060,70,197673
44519,0.000188,172.217.194.0-255,2902,16962,70,197673
44520,0.000191,172.31.40.0-255,66,17028,70,197673
44521,0.000234,172.217.194.0-255,7156,24184,70,197673
44522,0.000239,172.31.40.0-255,66,24250,70,197673
44523,0.000372,172.217.194.0-255,8574,32824,70,197673
44524,0.000376,172.31.40.0-255,66,32890,70,197673
44525,0.0004,172.217.194.0-255,6797,39687,70,197673
44526,0.000403,172.31.40.0-255,66,39753,70,197673
44527,0.000564,172.217.194.0-255,2902,42655,70,197673
44528,0.000568,172.31.40.0-255,66,42721,70,197673
44529,0.000588,172.217.194.0-255,5379,48100,70,197673
44530,0.000591,172.31.40.0-255,66,48166,70,197673
44531,0.000693,172.217.194.0-255,8574,56740,70,197673
44532,0.000697,172.31.40.0-255,66,56806,70,197673
44533,0.000725,172.217.194.0-255,8495,65301,70,197673
44534,0.000744,172.31.40.0-255,66,65367,70,197673
44535,0.000905,172.217.194.0-255,118,65485,70,197673
44536,0.00091,172.31.40.0-255,66,65551,70,197673
44537,0.000929,172.217.194.0-255,1484,67035,70,197673
44538,0.000933,172.31.40.0-255,66,67101,70,197673
44539,0.000984,172.31.40.0-255,66,67167,70,197673
44540,0.001377,172.217.194.0-255,5020,72187,70,197673
44541,0.001381,172.31.40.0-255,66,72253,70,197673
44542,0.001463,172.31.40.0-255,66,72319,70,197673
44543,0.001493,172.31.40.0-255,66,72385,70,197673
44544,0.001947,172.31.40.0-255,66,72451,70,197673
44545,0.002586,172.217.194.0-255,10692,83143,70,197673
44546,0.00293,172.217.194.0-255,8574,91717,70,197673
44547,0.003426,172.217.194.0-255,5738,97455,70,197673
44548,0.003442,172.217.194.0-255,7156,104611,70,197673
44549,0.008171,172.31.40.0-255,66,104677,70,197673
44550,0.010547,172.217.194.0-255,5738,110415,70,197673
44551,0.010555,172.31.40.0-255,66,110481,70,197673
44552,0.012929,172.217.194.0-255,5738,116219,70,197673
44553,0.012936,172.31.40.0-255,66,116285,70,197673
44554,0.015316,172.217.194.0-255,5738,122023,70,197673
44555,0.016147,172.31.40.0-255,66,122089,70,197673
44556,0.018525,172.217.194.0-255,5738,127827,70,197673
44557,0.018535,172.31.40.0-255,66,127893,70,197673
44558,0.020886,172.217.194.0-255,1484,129377,70,197673
44559,0.020912,172.217.194.0-255,4320,133697,70,197673
44560,0.020917,172.31.40.0-255,66,133763,70,197673
44561,0.023294,172.217.194.0-255,5738,139501,70,197673
44562,0.024135,172.31.40.0-255,66,139567,70,197673
44563,0.02651,172.217.194.0-255,5738,145305,70,197673
44564,0.026518,172.31.40.0-255,66,145371,70,197673
44565,0.028903,172.217.194.0-255,5738,151109,70,197673
44566,0.028911,172.31.40.0-255,66,151175,70,197673
44567,0.031289,172.217.194.0-255,5738,156913,70,197673
44568,0.031298,172.31.40.0-255,66,156979,70,197673
44569,0.033689,172.217.194.0-255,5738,162717,70,197673
44570,0.033699,172.31.40.0-255,66,162783,70,197673
44571,0.036087,172.217.194.0-255,5738,168521,70,197673
44572,0.036094,172.31.40.0-255,66,168587,70,197673
44573,0.038487,172.217.194.0-255,5738,174325,70,197673
44574,0.038501,172.31.40.0-255,66,174391,70,197673
44575,0.040861,172.217.194.0-255,5738,180129,70,197673
44576,0.040873,172.31.40.0-255,66,180195,70,197673
44577,0.043266,172.217.194.0-255,5738,185933,70,197673
44578,0.043274,172.31.40.0-255,66,185999,70,197673
44579,0.045659,172.217.194.0-255,5738,191737,70,197673
44580,0.045677,172.31.40.0-255,66,191803,70,197673
44581,0.048026,172.217.194.0-255,4320,196123,70,197673
44582,0.048033,172.31.40.0-255,66,196189,70,197673
44583,0.048078,172.217.194.0-255,1484,197673,70,197673
44584,0.0,74.125.68.0-255,154,154,70,224324
44585,1.5e-05,172.31.40.0-255,66,220,70,224324
44586,2.2e-05,74.125.68.0-255,1484,1704,70,224324
44587,2.6e-05,172.31.40.0-255,66,1770,70,224324
44588,3.1e-05,74.125.68.0-255,2902,4672,70,224324
44589,3.5e-05,172.31.40.0-255,66,4738,70,224324
44590,3.8e-05,74.125.68.0-255,1484,6222,70,224324
44591,4.1e-05,172.31.40.0-255,66,6288,70,224324
44592,6.9e-05,74.125.68.0-255,4320,10608,70,224324
44593,7.2e-05,172.31.40.0-255,66,10674,70,224324
44594,7.7e-05,74.125.68.0-255,3468,14142,70,224324
44595,8e-05,172.31.40.0-255,66,14208,70,224324
44596,8.5e-05,74.125.68.0-255,4320,18528,70,224324
44597,8.7e-05,172.31.40.0-255,66,18594,70,224324
44598,0.000112,74.125.68.0-255,9992,28586,70,224324
44599,0.000115,172.31.40.0-255,66,28652,70,224324
44600,0.000119,74.125.68.0-255,2543,31195,70,224324
44601,0.000121,172.31.40.0-255,66,31261,70,224324
44602,0.000294,74.125.68.0-255,1484,32745,70,224324
44603,0.000299,172.31.40.0-255,66,32811,70,224324
44604,0.000305,74.125.68.0-255,2902,35713,70,224324
44605,0.000308,172.31.40.0-255,66,35779,70,224324
44606,0.000313,74.125.68.0-255,4320,40099,70,224324
44607,0.000315,172.31.40.0-255,66,40165,70,224324
44608,0.000342,74.125.68.0-255,4320,44485,70,224324
44609,0.000344,172.31.40.0-255,66,44551,70,224324
44610,0.000365,74.125.68.0-255,1484,46035,70,224324
44611,0.000368,172.31.40.0-255,66,46101,70,224324
44612,0.000372,74.125.68.0-255,2543,48644,70,224324
44613,0.000374,172.31.40.0-255,66,48710,70,224324
44614,0.000378,74.125.68.0-255,2902,51612,70,224324
44615,0.000381,172.31.40.0-255,66,51678,70,224324
44616,0.000411,74.125.68.0-255,7156,58834,70,224324
44617,0.000414,172.31.40.0-255,66,58900,70,224324
44618,0.000419,74.125.68.0-255,4320,63220,70,224324
44619,0.000421,172.31.40.0-255,66,63286,70,224324
44620,0.000433,74.125.68.0-255,1484,64770,70,224324
44621,0.000467,74.125.68.0-255,1401,66171,70,224324
44622,0.00047,172.31.40.0-255,66,66237,70,224324
44623,0.00051,74.125.68.0-255,130,66367,70,224324
44624,0.000748,74.125.68.0-255,1484,67851,70,224324
44625,0.000753,172.31.40.0-255,66,67917,70,224324
44626,0.000759,74.125.68.0-255,2902,70819,70,224324
44627,0.000761,172.31.40.0-255,66,70885,70,224324
44628,0.000777,74.125.68.0-255,4320,75205,70,224324
44629,0.00078,172.31.40.0-255,66,75271,70,224324
44630,0.000783,74.125.68.0-255,1484,76755,70,224324
44631,0.000807,74.125.68.0-255,4320,81075,70,224324
44632,0.00081,172.31.40.0-255,66,81141,70,224324
44633,0.000831,74.125.68.0-255,2543,83684,70,224324
44634,0.000833,172.31.40.0-255,66,83750,70,224324
44635,0.001037,74.125.68.0-255,1484,85234,70,224324
44636,0.001041,74.125.68.0-255,1484,86718,70,224324
44637,0.001044,172.31.40.0-255,66,86784,70,224324
44638,0.001062,74.125.68.0-255,1484,88268,70,224324
44639,0.001069,74.125.68.0-255,5738,94006,70,224324
44640,0.001072,172.31.40.0-255,66,94072,70,224324
44641,0.001076,74.125.68.0-255,2902,96974,70,224324
44642,0.001078,172.31.40.0-255,66,97040,70,224324
44643,0.001106,74.125.68.0-255,1484,98524,70,224324
44644,0.001126,74.125.68.0-255,2543,101067,70,224324
44645,0.001128,172.31.40.0-255,66,101133,70,224324
44646,0.003389,74.125.68.0-255,1484,102617,70,224324
44647,0.003425,74.125.68.0-255,4320,106937,70,224324
44648,0.00343,172.31.40.0-255,66,107003,70,224324
44649,0.005735,74.125.68.0-255,5738,112741,70,224324
44650,0.005741,172.31.40.0-255,66,112807,70,224324
44651,0.008052,74.125.68.0-255,5738,118545,70,224324
44652,0.00806,172.31.40.0-255,66,118611,70,224324
44653,0.010369,74.125.68.0-255,5738,124349,70,224324
44654,0.010378,172.31.40.0-255,66,124415,70,224324
44655,0.012693,74.125.68.0-255,5738,130153,70,224324
44656,0.012703,172.31.40.0-255,66,130219,70,224324
44657,0.015021,74.125.68.0-255,5738,135957,70,224324
44658,0.01503,172.31.40.0-255,66,136023,70,224324
44659,0.01735,74.125.68.0-255,5738,141761,70,224324
44660,0.01736,172.31.40.0-255,66,141827,70,224324
44661,0.019677,74.125.68.0-255,5738,147565,70,224324
44662,0.019686,172.31.40.0-255,66,147631,70,224324
44663,0.022004,74.125.68.0-255,5738,153369,70,224324
44664,0.022016,172.31.40.0-255,66,153435,70,224324
44665,0.0236,172.31.40.0-255,562,153997,70,224324
44666,0.023633,172.31.40.0-255,613,154610,70,224324
44667,0.024344,74.125.68.0-255,5738,160348,70,224324
44668,0.024352,172.31.40.0-255,66,160414,70,224324
44669,0.025874,104.244.42.0-255,66,160480,70,224324
44670,0.026663,74.125.68.0-255,5738,166218,70,224324
44671,0.026668,172.31.40.0-255,66,166284,70,224324
44672,0.02898,74.125.68.0-255,5738,172022,70,224324
44673,0.028987,172.31.40.0-255,66,172088,70,224324
44674,0.031307,74.125.68.0-255,5738,177826,70,224324
44675,0.031314,172.31.40.0-255,66,177892,70,224324
44676,0.033636,74.125.68.0-255,5738,183630,70,224324
44677,0.033643,172.31.40.0-255,66,183696,70,224324
44678,0.03596,74.125.68.0-255,5738,189434,70,224324
44679,0.035968,172.31.40.0-255,66,189500,70,224324
44680,0.038295,74.125.68.0-255,5738,195238,70,224324
44681,0.038302,172.31.40.0-255,66,195304,70,224324
44682,0.040616,74.125.68.0-255,5738,201042,70,224324
44683,0.040622,172.31.40.0-255,66,201108,70,224324
44684,0.042941,74.125.68.0-255,5738,206846,70,224324
44685,0.042948,172.31.40.0-255,66,206912,70,224324
44686,0.045274,74.125.68.0-255,5738,212650,70,224324
44687,0.04528,172.31.40.0-255,66,212716,70,224324
44688,0.047587,74.125.68.0-255,5738,218454,70,224324
44689,0.047594,172.31.40.0-255,66,218520,70,224324
44690,0.049913,74.125.68.0-255,5738,224258,70,224324
44691,0.04992,172.31.40.0-255,66,224324,70,224324
44692,0.0,74.125.24.0-255,146,146,70,338109
44693,1.8e-05,172.31.40.0-255,66,212,70,338109
44694,2.5e-05,74.125.24.0-255,1484,1696,70,338109
44695,3e-05,172.31.40.0-255,66,1762,70,338109
44696,3.6e-05,74.125.24.0-255,2902,4664,70,338109
44697,3.9e-05,172.31.40.0-255,66,4730,70,338109
44698,4.2e-05,74.125.24.0-255,1484,6214,70,338109
44699,4.4e-05,172.31.40.0-255,66,6280,70,338109
44700,4.9e-05,74.125.24.0-255,2902,9182,70,338109
44701,5.2e-05,172.31.40.0-255,66,9248,70,338109
44702,8.9e-05,74.125.24.0-255,4857,14105,70,338109
44703,9.2e-05,172.31.40.0-255,66,14171,70,338109
44704,0.000126,74.125.24.0-255,5738,19909,70,338109
44705,0.000129,172.31.40.0-255,66,19975,70,338109
44706,0.000135,74.125.24.0-255,5738,25713,70,338109
44707,0.000137,172.31.40.0-255,66,25779,70,338109
44708,0.000182,74.125.24.0-255,2902,28681,70,338109
44709,0.000185,172.31.40.0-255,66,28747,70,338109
44710,0.000206,74.125.24.0-255,2543,31290,70,338109
44711,0.000209,172.31.40.0-255,66,31356,70,338109
44712,0.000529,74.125.24.0-255,1484,32840,70,338109
44713,0.000535,172.31.40.0-255,66,32906,70,338109
44714,0.000541,74.125.24.0-255,2902,35808,70,338109
44715,0.000543,172.31.40.0-255,66,35874,70,338109
44716,0.000549,74.125.24.0-255,4320,40194,70,338109
44717,0.000551,172.31.40.0-255,66,40260,70,338109
44718,0.000603,74.125.24.0-255,9633,49893,70,338109
44719,0.000606,172.31.40.0-255,66,49959,70,338109
44720,0.000612,74.125.24.0-255,4320,54279,70,338109
44721,0.000614,172.31.40.0-255,66,54345,70,338109
44722,0.000661,172.31.40.0-255,66,54411,70,338109
44723,0.000861,74.125.24.0-255,391,54802,70,338109
44724,0.000935,74.125.24.0-255,352,55154,70,338109
44725,0.001035,172.31.40.0-255,66,55220,70,338109
44726,0.001423,74.125.24.0-255,1484,56704,70,338109
44727,0.001433,74.125.24.0-255,2902,59606,70,338109
44728,0.001438,74.125.24.0-255,2902,62508,70,338109
44729,0.001441,74.125.24.0-255,1484,63992,70,338109
44730,0.001458,74.125.24.0-255,4320,68312,70,338109
44731,0.001473,74.125.24.0-255,1484,69796,70,338109
44732,0.001477,74.125.24.0-255,1484,71280,70,338109
44733,0.001516,74.125.24.0-255,1484,72764,70,338109
44734,0.001521,74.125.24.0-255,3602,76366,70,338109
44735,0.00176,74.125.24.0-255,1484,77850,70,338109
44736,0.001767,74.125.24.0-255,2902,80752,70,338109
44737,0.00177,74.125.24.0-255,1484,82236,70,338109
44738,0.001788,74.125.24.0-255,4320,86556,70,338109
44739,0.001793,74.125.24.0-255,4320,90876,70,338109
44740,0.001805,74.125.24.0-255,1484,92360,70,338109
44741,0.001808,74.125.24.0-255,1484,93844,70,338109
44742,0.001871,74.125.24.0-255,2902,96746,70,338109
44743,0.001893,74.125.24.0-255,2184,98930,70,338109
44744,0.001898,74.125.24.0-255,5738,104668,70,338109
44745,0.001904,74.125.24.0-255,4320,108988,70,338109
44746,0.001924,74.125.24.0-255,8574,117562,70,338109
44747,0.001937,74.125.24.0-255,2902,120464,70,338109
44748,0.001957,74.125.24.0-255,7156,127620,70,338109
44749,0.001974,74.125.24.0-255,5020,132640,70,338109
44750,0.001996,74.125.24.0-255,5738,138378,70,338109
44751,0.002011,74.125.24.0-255,4320,142698,70,338109
44752,0.002017,74.125.24.0-255,4320,147018,70,338109
44753,0.002039,74.125.24.0-255,7156,154174,70,338109
44754,0.002043,74.125.24.0-255,2902,157076,70,338109
44755,0.002057,74.125.24.0-255,5738,162814,70,338109
44756,0.00207,74.125.24.0-255,3602,166416,70,338109
44757,0.002159,74.125.24.0-255,1484,167900,70,338109
44758,0.002175,74.125.24.0-255,2902,170802,70,338109
44759,0.002194,74.125.24.0-255,1484,172286,70,338109
44760,0.002207,74.125.24.0-255,4320,176606,70,338109
44761,0.002211,74.125.24.0-255,2902,179508,70,338109
44762,0.002235,74.125.24.0-255,7156,186664,70,338109
44763,0.002248,74.125.24.0-255,2902,189566,70,338109
44764,0.002251,74.125.24.0-255,1484,191050,70,338109
44765,0.002275,74.125.24.0-255,8574,199624,70,338109
44766,0.00229,74.125.24.0-255,766,200390,70,338109
44767,0.002537,74.125.24.0-255,1484,201874,70,338109
44768,0.00255,74.125.24.0-255,2902,204776,70,338109
44769,0.002572,74.125.24.0-255,4320,209096,70,338109
44770,0.002582,74.125.24.0-255,1484,210580,70,338109
44771,0.002611,74.125.24.0-255,2902,213482,70,338109
44772,0.00264,74.125.24.0-255,9992,223474,70,338109
44773,0.002646,74.125.24.0-255,4320,227794,70,338109
44774,0.002656,74.125.24.0-255,1484,229278,70,338109
44775,0.00267,74.125.24.0-255,5020,234298,70,338109
44776,0.002897,74.125.24.0-255,1484,235782,70,338109
44777,0.002914,74.125.24.0-255,2902,238684,70,338109
44778,0.00293,74.125.24.0-255,1484,240168,70,338109
44779,0.002946,74.125.24.0-255,4320,244488,70,338109
44780,0.002953,74.125.24.0-255,5738,250226,70,338109
44781,0.00297,74.125.24.0-255,2902,253128,70,338109
44782,0.002974,74.125.24.0-255,2902,256030,70,338109
44783,0.003024,74.125.24.0-255,8574,264604,70,338109
44784,0.003045,74.125.24.0-255,5020,269624,70,338109
44785,0.003102,74.125.24.0-255,8574,278198,70,338109
44786,0.003126,74.125.24.0-255,5738,283936,70,338109
44787,0.003144,74.125.24.0-255,6438,290374,70,338109
44788,0.003171,74.125.24.0-255,7156,297530,70,338109
44789,0.003177,74.125.24.0-255,4320,301850,70,338109
44790,0.003193,74.125.24.0-255,1484,303334,70,338109
44791,0.003216,74.125.24.0-255,9992,313326,70,338109
44792,0.003226,74.125.24.0-255,1484,314810,70,338109
44793,0.003234,74.125.24.0-255,7156,321966,70,338109
44794,0.003274,74.125.24.0-255,5738,327704,70,338109
44795,0.00333,74.125.24.0-255,5736,333440,70,338109
44796,0.003356,74.125.24.0-255,105,333545,70,338109
44797,0.007459,172.31.40.0-255,66,333611,70,338109
44798,0.010116,172.31.40.0-255,105,333716,70,338109
44799,0.012409,74.125.24.0-255,66,333782,70,338109
44800,0.045434,172.31.40.0-255,172,333954,70,338109
44801,0.045476,172.31.40.0-255,1114,335068,70,338109
44802,0.045544,172.31.40.0-255,1514,336582,70,338109
44803,0.045546,172.31.40.0-255,1329,337911,70,338109
44804,0.046999,104.244.42.0-255,66,337977,70,338109
44805,0.047016,104.244.42.0-255,66,338043,70,338109
44806,0.047069,104.244.42.0-255,66,338109,70,338109
44807,0.0,74.125.130.0-255,146,146,70,380549
44808,1.8e-05,172.31.40.0-255,66,212,70,380549
44809,2.4e-05,74.125.130.0-255,1484,1696,70,380549
44810,2.9e-05,172.31.40.0-255,66,1762,70,380549
44811,3.5e-05,74.125.130.0-255,2902,4664,70,380549
44812,3.9e-05,172.31.40.0-255,66,4730,70,380549
44813,4.2e-05,74.125.130.0-255,1484,6214,70,380549
44814,4.4e-05,172.31.40.0-255,66,6280,70,380549
44815,7.1e-05,74.125.130.0-255,1484,7764,70,380549
44816,7.4e-05,172.31.40.0-255,66,7830,70,380549
44817,0.000102,74.125.130.0-255,1484,9314,70,380549
44818,0.000105,172.31.40.0-255,66,9380,70,380549
44819,0.000113,74.125.130.0-255,6254,15634,70,380549
44820,0.000115,172.31.40.0-255,66,15700,70,380549
44821,0.00012,74.125.130.0-255,4320,20020,70,380549
44822,0.000122,172.31.40.0-255,66,20086,70,380549
44823,0.000128,74.125.130.0-255,5738,25824,70,380549
44824,0.00013,172.31.40.0-255,66,25890,70,380549
44825,0.000146,74.125.130.0-255,1484,27374,70,380549
44826,0.000148,172.31.40.0-255,66,27440,70,380549
44827,0.000165,74.125.130.0-255,3961,31401,70,380549
44828,0.000167,172.31.40.0-255,66,31467,70,380549
44829,0.000299,74.125.130.0-255,1484,32951,70,380549
44830,0.000305,172.31.40.0-255,66,33017,70,380549
44831,0.000309,74.125.130.0-255,2902,35919,70,380549
44832,0.000312,172.31.40.0-255,66,35985,70,380549
44833,0.000314,74.125.130.0-255,1484,37469,70,380549
44834,0.000316,172.31.40.0-255,66,37535,70,380549
44835,0.000345,74.125.130.0-255,4320,41855,70,380549
44836,0.000348,172.31.40.0-255,66,41921,70,380549
44837,0.000356,74.125.130.0-255,6797,48718,70,380549
44838,0.000358,172.31.40.0-255,66,48784,70,380549
44839,0.000379,74.125.130.0-255,7156,55940,70,380549
44840,0.000382,172.31.40.0-255,66,56006,70,380549
44841,0.000405,74.125.130.0-255,5738,61744,70,380549
44842,0.000408,172.31.40.0-255,66,61810,70,380549
44843,0.000429,74.125.130.0-255,4250,66060,70,380549
44844,0.000431,172.31.40.0-255,66,66126,70,380549
44845,0.000434,74.125.130.0-255,366,66492,70,380549
44846,0.000545,74.125.130.0-255,1484,67976,70,380549
44847,0.00055,172.31.40.0-255,66,68042,70,380549
44848,0.000554,74.125.130.0-255,1484,69526,70,380549
44849,0.000568,74.125.130.0-255,1484,71010,70,380549
44850,0.00057,172.31.40.0-255,66,71076,70,380549
44851,0.000598,74.125.130.0-255,1484,72560,70,380549
44852,0.000615,74.125.130.0-255,4320,76880,70,380549
44853,0.000617,74.125.130.0-255,1484,78364,70,380549
44854,0.000621,172.31.40.0-255,66,78430,70,380549
44855,0.000638,74.125.130.0-255,1484,79914,70,380549
44856,0.00064,172.31.40.0-255,66,79980,70,380549
44857,0.000646,74.125.130.0-255,4320,84300,70,380549
44858,0.000648,172.31.40.0-255,66,84366,70,380549
44859,0.000656,74.125.130.0-255,8574,92940,70,380549
44860,0.000659,172.31.40.0-255,66,93006,70,380549
44861,0.000665,74.125.130.0-255,4320,97326,70,380549
44862,0.000667,172.31.40.0-255,66,97392,70,380549
44863,0.0007,74.125.130.0-255,3602,100994,70,380549
44864,0.000702,172.31.40.0-255,66,101060,70,380549
44865,0.00078,74.125.130.0-255,1484,102544,70,380549
44866,0.000795,74.125.130.0-255,2902,105446,70,380549
44867,0.000798,172.31.40.0-255,66,105512,70,380549
44868,0.000823,74.125.130.0-255,4320,109832,70,380549
44869,0.000826,172.31.40.0-255,66,109898,70,380549
44870,0.000829,74.125.130.0-255,1484,111382,70,380549
44871,0.000852,74.125.130.0-255,7156,118538,70,380549
44872,0.000855,172.31.40.0-255,66,118604,70,380549
44873,0.000859,74.125.130.0-255,2902,121506,70,380549
44874,0.000861,172.31.40.0-255,66,121572,70,380549
44875,0.000875,74.125.130.0-255,2902,124474,70,380549
44876,0.000878,172.31.40.0-255,66,124540,70,380549
44877,0.000884,74.125.130.0-255,4320,128860,70,380549
44878,0.000886,172.31.40.0-255,66,128926,70,380549
44879,0.000905,74.125.130.0-255,2902,131828,70,380549
44880,0.000907,172.31.40.0-255,66,131894,70,380549
44881,0.000912,74.125.130.0-255,3602,135496,70,380549
44882,0.000914,172.31.40.0-255,66,135562,70,380549
44883,0.001003,74.125.130.0-255,1484,137046,70,380549
44884,0.001019,74.125.130.0-255,2902,139948,70,380549
44885,0.001022,172.31.40.0-255,66,140014,70,380549
44886,0.001048,74.125.130.0-255,5738,145752,70,380549
44887,0.00105,172.31.40.0-255,66,145818,70,380549
44888,0.001082,74.125.130.0-255,9992,155810,70,380549
44889,0.001086,172.31.40.0-255,66,155876,70,380549
44890,0.001091,74.125.130.0-255,4320,160196,70,380549
44891,0.001094,172.31.40.0-255,66,160262,70,380549
44892,0.001124,74.125.130.0-255,7156,167418,70,380549
44893,0.001127,172.31.40.0-255,66,167484,70,380549
44894,0.001132,74.125.130.0-255,2184,169668,70,380549
44895,0.001134,172.31.40.0-255,66,169734,70,380549
44896,0.001303,74.125.130.0-255,1484,171218,70,380549
44897,0.001327,74.125.130.0-255,2902,174120,70,380549
44898,0.001331,172.31.40.0-255,66,174186,70,380549
44899,0.001337,74.125.130.0-255,4320,178506,70,380549
44900,0.001339,172.31.40.0-255,66,178572,70,380549
44901,0.001345,74.125.130.0-255,5738,184310,70,380549
44902,0.001348,172.31.40.0-255,66,184376,70,380549
44903,0.001377,74.125.130.0-255,2902,187278,70,380549
44904,0.00138,172.31.40.0-255,66,187344,70,380549
44905,0.001387,74.125.130.0-255,5738,193082,70,380549
44906,0.001389,172.31.40.0-255,66,193148,70,380549
44907,0.001396,74.125.130.0-255,7156,200304,70,380549
44908,0.001398,172.31.40.0-255,66,200370,70,380549
44909,0.001448,74.125.130.0-255,3602,203972,70,380549
44910,0.001451,172.31.40.0-255,66,204038,70,380549
44911,0.001667,74.125.130.0-255,1484,205522,70,380549
44912,0.001673,74.125.130.0-255,2902,208424,70,380549
44913,0.001676,172.31.40.0-255,66,208490,70,380549
44914,0.001702,74.125.130.0-255,5738,214228,70,380549
44915,0.001705,172.31.40.0-255,66,214294,70,380549
44916,0.001708,74.125.130.0-255,1484,215778,70,380549
44917,0.001728,74.125.130.0-255,7156,222934,70,380549
44918,0.001731,172.31.40.0-255,66,223000,70,380549
44919,0.001758,74.125.130.0-255,9992,232992,70,380549
44920,0.001761,172.31.40.0-255,66,233058,70,380549
44921,0.001765,74.125.130.0-255,2902,235960,70,380549
44922,0.001767,172.31.40.0-255,66,236026,70,380549
44923,0.001791,74.125.130.0-255,2184,238210,70,380549
44924,0.001793,172.31.40.0-255,66,238276,70,380549
44925,0.001799,74.125.130.0-255,5738,244014,70,380549
44926,0.001802,172.31.40.0-255,66,244080,70,380549
44927,0.001832,74.125.130.0-255,2902,246982,70,380549
44928,0.001834,172.31.40.0-255,66,247048,70,380549
44929,0.001844,74.125.130.0-255,4320,251368,70,380549
44930,0.001847,172.31.40.0-255,66,251434,70,380549
44931,0.001852,74.125.130.0-255,4320,255754,70,380549
44932,0.001854,172.31.40.0-255,66,255820,70,380549
44933,0.001883,74.125.130.0-255,4320,260140,70,380549
44934,0.001886,172.31.40.0-255,66,260206,70,380549
44935,0.001892,74.125.130.0-255,5738,265944,70,380549
44936,0.001894,172.31.40.0-255,66,266010,70,380549
44937,0.001901,74.125.130.0-255,6438,272448,70,380549
44938,0.001903,172.31.40.0-255,66,272514,70,380549
44939,0.001954,74.125.130.0-255,1484,273998,70,380549
44940,0.001974,74.125.130.0-255,2902,276900,70,380549
44941,0.001978,172.31.40.0-255,66,276966,70,380549
44942,0.001981,74.125.130.0-255,1484,278450,70,380549
44943,0.002,74.125.130.0-255,4320,282770,70,380549
44944,0.002003,172.31.40.0-255,66,282836,70,380549
44945,0.00202,74.125.130.0-255,7156,289992,70,380549
44946,0.002023,172.31.40.0-255,66,290058,70,380549
44947,0.002047,74.125.130.0-255,5738,295796,70,380549
44948,0.00205,172.31.40.0-255,66,295862,70,380549
44949,0.002055,74.125.130.0-255,4320,300182,70,380549
44950,0.002057,172.31.40.0-255,66,300248,70,380549
44951,0.00208,74.125.130.0-255,8574,308822,70,380549
44952,0.002082,172.31.40.0-255,66,308888,70,380549
44953,0.002105,74.125.130.0-255,3602,312490,70,380549
44954,0.002108,172.31.40.0-255,66,312556,70,380549
44955,0.002111,74.125.130.0-255,1484,314040,70,380549
44956,0.002139,74.125.130.0-255,1484,315524,70,380549
44957,0.002147,172.31.40.0-255,66,315590,70,380549
44958,0.002192,74.125.130.0-255,5738,321328,70,380549
44959,0.002196,172.31.40.0-255,66,321394,70,380549
44960,0.00222,74.125.130.0-255,7856,329250,70,380549
44961,0.002223,172.31.40.0-255,66,329316,70,380549
44962,0.002229,74.125.130.0-255,5738,335054,70,380549
44963,0.002232,172.31.40.0-255,66,335120,70,380549
44964,0.002256,74.125.130.0-255,8574,343694,70,380549
44965,0.002259,172.31.40.0-255,66,343760,70,380549
44966,0.002264,74.125.130.0-255,4320,348080,70,380549
44967,0.002266,172.31.40.0-255,66,348146,70,380549
44968,0.002312,172.31.40.0-255,66,348212,70,380549
44969,0.004597,74.125.130.0-255,5738,353950,70,380549
44970,0.004604,172.31.40.0-255,66,354016,70,380549
44971,0.006907,74.125.130.0-255,4320,358336,70,380549
44972,0.006913,172.31.40.0-255,66,358402,70,380549
44973,0.00693,74.125.130.0-255,1484,359886,70,380549
44974,0.009196,74.125.130.0-255,4320,364206,70,380549
44975,0.009203,172.31.40.0-255,66,364272,70,380549
44976,0.011501,74.125.130.0-255,5738,370010,70,380549
44977,0.011507,172.31.40.0-255,66,370076,70,380549
44978,0.013785,74.125.130.0-255,3874,373950,70,380549
44979,0.013792,172.31.40.0-255,66,374016,70,380549
44980,0.015195,172.31.40.0-255,105,374121,70,380549
44981,0.017448,74.125.130.0-255,66,374187,70,380549
44982,0.033713,172.31.40.0-255,172,374359,70,380549
44983,0.033743,172.31.40.0-255,1117,375476,70,380549
44984,0.033798,172.31.40.0-255,1514,376990,70,380549
44985,0.0338,172.31.40.0-255,1514,378504,70,380549
44986,0.033803,172.31.40.0-255,1514,380018,70,380549
44987,0.033804,172.31.40.0-255,267,380285,70,380549
44988,0.035196,104.244.42.0-255,66,380351,70,380549
44989,0.035226,104.244.42.0-255,66,380417,70,380549
44990,0.035291,104.244.42.0-255,66,380483,70,380549
44991,0.035305,104.244.42.0-255,66,380549,70,380549
44992,0.0,74.125.24.0-255,146,146,70,310234
44993,2e-05,172.31.40.0-255,66,212,70,310234
44994,2.8e-05,74.125.24.0-255,1484,1696,70,310234
44995,3.3e-05,172.31.40.0-255,66,1762,70,310234
44996,3.9e-05,74.125.24.0-255,2902,4664,70,310234
44997,4.2e-05,172.31.40.0-255,66,4730,70,310234
44998,5.3e-05,74.125.24.0-255,1484,6214,70,310234
44999,5.6e-05,172.31.40.0-255,66,6280,70,310234
45000,6.1e-05,74.125.24.0-255,2902,9182,70,310234
45001,6.4e-05,172.31.40.0-255,66,9248,70,310234
45002,0.000124,74.125.24.0-255,6254,15502,70,310234
45003,0.000127,172.31.40.0-255,66,15568,70,310234
45004,0.000136,74.125.24.0-255,8574,24142,70,310234
45005,0.000139,172.31.40.0-255,66,24208,70,310234
45006,0.000143,74.125.24.0-255,2902,27110,70,310234
45007,0.000145,172.31.40.0-255,66,27176,70,310234
45008,0.000171,74.125.24.0-255,3961,31137,70,310234
45009,0.000174,172.31.40.0-255,66,31203,70,310234
45010,0.000212,74.125.24.0-255,1484,32687,70,310234
45011,0.000215,172.31.40.0-255,66,32753,70,310234
45012,0.000221,74.125.24.0-255,2902,35655,70,310234
45013,0.000223,172.31.40.0-255,66,35721,70,310234
45014,0.000226,74.125.24.0-255,1484,37205,70,310234
45015,0.000229,172.31.40.0-255,66,37271,70,310234
45016,0.000252,74.125.24.0-255,4320,41591,70,310234
45017,0.000255,172.31.40.0-255,66,41657,70,310234
45018,0.000285,74.125.24.0-255,8215,49872,70,310234
45019,0.000293,172.31.40.0-255,66,49938,70,310234
45020,0.000301,74.125.24.0-255,8574,58512,70,310234
45021,0.000304,172.31.40.0-255,66,58578,70,310234
45022,0.000312,74.125.24.0-255,6797,65375,70,310234
45023,0.000314,172.31.40.0-255,66,65441,70,310234
45024,0.000343,74.125.24.0-255,645,66086,70,310234
45025,0.000414,74.125.24.0-255,1484,67570,70,310234
45026,0.000418,172.31.40.0-255,66,67636,70,310234
45027,0.000424,74.125.24.0-255,2902,70538,70,310234
45028,0.000426,172.31.40.0-255,66,70604,70,310234
45029,0.000451,74.125.24.0-255,5738,76342,70,310234
45030,0.000454,172.31.40.0-255,66,76408,70,310234
45031,0.000462,74.125.24.0-255,6797,83205,70,310234
45032,0.000464,172.31.40.0-255,66,83271,70,310234
45033,0.000471,74.125.24.0-255,7156,90427,70,310234
45034,0.000473,172.31.40.0-255,66,90493,70,310234
45035,0.000523,74.125.24.0-255,9633,100126,70,310234
45036,0.000526,172.31.40.0-255,66,100192,70,310234
45037,0.000615,74.125.24.0-255,1484,101676,70,310234
45038,0.00062,74.125.24.0-255,2902,104578,70,310234
45039,0.000623,172.31.40.0-255,66,104644,70,310234
45040,0.000626,74.125.24.0-255,1484,106128,70,310234
45041,0.000658,74.125.24.0-255,4320,110448,70,310234
45042,0.000661,172.31.40.0-255,66,110514,70,310234
45043,0.000669,74.125.24.0-255,8574,119088,70,310234
45044,0.000671,172.31.40.0-255,66,119154,70,310234
45045,0.000706,74.125.24.0-255,4320,123474,70,310234
45046,0.000709,172.31.40.0-255,66,123540,70,310234
45047,0.000744,74.125.24.0-255,10692,134232,70,310234
45048,0.000747,172.31.40.0-255,66,134298,70,310234
45049,0.000784,172.31.40.0-255,66,134364,70,310234
45050,0.000798,172.31.40.0-255,66,134430,70,310234
45051,0.000834,74.125.24.0-255,6438,140868,70,310234
45052,0.000838,172.31.40.0-255,66,140934,70,310234
45053,0.000945,74.125.24.0-255,1484,142418,70,310234
45054,0.00095,74.125.24.0-255,2902,145320,70,310234
45055,0.000955,74.125.24.0-255,4320,149640,70,310234
45056,0.00096,172.31.40.0-255,66,149706,70,310234
45057,0.000968,172.31.40.0-255,66,149772,70,310234
45058,0.000976,74.125.24.0-255,7156,156928,70,310234
45059,0.000982,172.31.40.0-255,66,156994,70,310234
45060,0.001009,74.125.24.0-255,1484,158478,70,310234
45061,0.001027,74.125.24.0-255,4320,162798,70,310234
45062,0.001029,172.31.40.0-255,66,162864,70,310234
45063,0.001075,172.31.40.0-255,66,162930,70,310234
45064,0.001187,74.125.24.0-255,1484,164414,70,310234
45065,0.001193,74.125.24.0-255,2902,167316,70,310234
45066,0.001197,172.31.40.0-255,66,167382,70,310234
45067,0.001201,74.125.24.0-255,2902,170284,70,310234
45068,0.001204,172.31.40.0-255,66,170350,70,310234
45069,0.001229,74.125.24.0-255,2902,173252,70,310234
45070,0.001232,172.31.40.0-255,66,173318,70,310234
45071,0.001241,74.125.24.0-255,9992,183310,70,310234
45072,0.001244,172.31.40.0-255,66,183376,70,310234
45073,0.001273,74.125.24.0-255,4320,187696,70,310234
45074,0.001276,172.31.40.0-255,66,187762,70,310234
45075,0.001327,74.125.24.0-255,9274,197036,70,310234
45076,0.001331,172.31.40.0-255,66,197102,70,310234
45077,0.001515,74.125.24.0-255,1484,198586,70,310234
45078,0.00153,74.125.24.0-255,2902,201488,70,310234
45079,0.001535,172.31.40.0-255,66,201554,70,310234
45080,0.001562,74.125.24.0-255,4320,205874,70,310234
45081,0.001565,172.31.40.0-255,66,205940,70,310234
45082,0.001578,74.125.24.0-255,1484,207424,70,310234
45083,0.001589,74.125.24.0-255,5738,213162,70,310234
45084,0.001591,172.31.40.0-255,66,213228,70,310234
45085,0.001617,74.125.24.0-255,1484,214712,70,310234
45086,0.001646,172.31.40.0-255,66,214778,70,310234
45087,0.001669,74.125.24.0-255,2184,216962,70,310234
45088,0.001671,172.31.40.0-255,66,217028,70,310234
45089,0.001826,74.125.24.0-255,1484,218512,70,310234
45090,0.00184,74.125.24.0-255,2902,221414,70,310234
45091,0.001843,172.31.40.0-255,66,221480,70,310234
45092,0.001865,74.125.24.0-255,4320,225800,70,310234
45093,0.001867,172.31.40.0-255,66,225866,70,310234
45094,0.001895,74.125.24.0-255,1484,227350,70,310234
45095,0.001901,74.125.24.0-255,4320,231670,70,310234
45096,0.001903,172.31.40.0-255,66,231736,70,310234
45097,0.001909,74.125.24.0-255,7156,238892,70,310234
45098,0.001911,172.31.40.0-255,66,238958,70,310234
45099,0.001931,74.125.24.0-255,4320,243278,70,310234
45100,0.001933,172.31.40.0-255,66,243344,70,310234
45101,0.001939,74.125.24.0-255,5738,249082,70,310234
45102,0.00194,172.31.40.0-255,66,249148,70,310234
45103,0.001958,74.125.24.0-255,2184,251332,70,310234
45104,0.00196,172.31.40.0-255,66,251398,70,310234
45105,0.001982,74.125.24.0-255,2902,254300,70,310234
45106,0.001985,172.31.40.0-255,66,254366,70,310234
45107,0.002027,172.31.40.0-255,66,254432,70,310234
45108,0.00203,74.125.24.0-255,1484,255916,70,310234
45109,0.002064,172.31.40.0-255,66,255982,70,310234
45110,0.002088,74.125.24.0-255,1484,257466,70,310234
45111,0.002092,74.125.24.0-255,2902,260368,70,310234
45112,0.002094,172.31.40.0-255,66,260434,70,310234
45113,0.002125,74.125.24.0-255,5738,266172,70,310234
45114,0.002128,172.31.40.0-255,66,266238,70,310234
45115,0.002135,74.125.24.0-255,7156,273394,70,310234
45116,0.002138,172.31.40.0-255,66,273460,70,310234
45117,0.002168,74.125.24.0-255,1484,274944,70,310234
45118,0.002179,74.125.24.0-255,9992,284936,70,310234
45119,0.002182,172.31.40.0-255,66,285002,70,310234
45120,0.002187,74.125.24.0-255,5738,290740,70,310234
45121,0.002189,172.31.40.0-255,66,290806,70,310234
45122,0.002212,74.125.24.0-255,3602,294408,70,310234
45123,0.002247,74.125.24.0-255,8574,302982,70,310234
45124,0.002265,74.125.24.0-255,1484,304466,70,310234
45125,0.002276,74.125.24.0-255,105,304571,70,310234
45126,0.002287,172.31.40.0-255,66,304637,70,310234
45127,0.009292,172.31.40.0-255,105,304742,70,310234
45128,0.011601,74.125.24.0-255,66,304808,70,310234
45129,0.030948,172.31.40.0-255,172,304980,70,310234
45130,0.03098,172.31.40.0-255,1117,306097,70,310234
45131,0.031046,172.31.40.0-255,1514,307611,70,310234
45132,0.031069,172.31.40.0-255,1514,309125,70,310234
45133,0.03107,172.31.40.0-255,845,309970,70,310234
45134,0.032463,104.244.42.0-255,66,310036,70,310234
45135,0.032501,104.244.42.0-255,66,310102,70,310234
45136,0.032617,104.244.42.0-255,66,310168,70,310234
45137,0.032639,104.244.42.0-255,66,310234,70,310234
45138,0.0,74.125.130.0-255,153,153,70,366074
45139,3.3e-05,172.31.40.0-255,66,219,70,366074
45140,4e-05,74.125.130.0-255,1484,1703,70,366074
45141,4.4e-05,172.31.40.0-255,66,1769,70,366074
45142,4.8e-05,74.125.130.0-255,2902,4671,70,366074
45143,5.1e-05,172.31.40.0-255,66,4737,70,366074
45144,8.6e-05,74.125.130.0-255,5738,10475,70,366074
45145,8.9e-05,172.31.40.0-255,66,10541,70,366074
45146,9.3e-05,74.125.130.0-255,2902,13443,70,366074
45147,9.5e-05,172.31.40.0-255,66,13509,70,366074
45148,0.000127,74.125.130.0-255,3450,16959,70,366074
45149,0.00013,172.31.40.0-255,66,17025,70,366074
45150,0.000135,74.125.130.0-255,4320,21345,70,366074
45151,0.000137,172.31.40.0-255,66,21411,70,366074
45152,0.000162,74.125.130.0-255,5738,27149,70,366074
45153,0.000166,172.31.40.0-255,66,27215,70,366074
45154,0.000191,74.125.130.0-255,3961,31176,70,366074
45155,0.000194,172.31.40.0-255,66,31242,70,366074
45156,0.000345,74.125.130.0-255,1484,32726,70,366074
45157,0.000352,172.31.40.0-255,66,32792,70,366074
45158,0.000361,74.125.130.0-255,2902,35694,70,366074
45159,0.000364,172.31.40.0-255,66,35760,70,366074
45160,0.000398,74.125.130.0-255,5738,41498,70,366074
45161,0.000402,172.31.40.0-255,66,41564,70,366074
45162,0.000409,74.125.130.0-255,6797,48361,70,366074
45163,0.000411,172.31.40.0-255,66,48427,70,366074
45164,0.000438,74.125.130.0-255,1484,49911,70,366074
45165,0.000441,172.31.40.0-255,66,49977,70,366074
45166,0.000473,74.125.130.0-255,7156,57133,70,366074
45167,0.000476,172.31.40.0-255,66,57199,70,366074
45168,0.00048,74.125.130.0-255,1484,58683,70,366074
45169,0.000482,172.31.40.0-255,66,58749,70,366074
45170,0.000517,74.125.130.0-255,7086,65835,70,366074
45171,0.000521,172.31.40.0-255,66,65901,70,366074
45172,0.000524,74.125.130.0-255,99,66000,70,366074
45173,0.000614,74.125.130.0-255,1484,67484,70,366074
45174,0.000618,172.31.40.0-255,66,67550,70,366074
45175,0.000637,74.125.130.0-255,2902,70452,70,366074
45176,0.00064,172.31.40.0-255,66,70518,70,366074
45177,0.000643,74.125.130.0-255,1484,72002,70,366074
45178,0.000668,74.125.130.0-255,2902,74904,70,366074
45179,0.000671,172.31.40.0-255,66,74970,70,366074
45180,0.000678,74.125.130.0-255,7156,82126,70,366074
45181,0.00068,172.31.40.0-255,66,82192,70,366074
45182,0.000704,74.125.130.0-255,2543,84735,70,366074
45183,0.000712,172.31.40.0-255,66,84801,70,366074
45184,0.000716,74.125.130.0-255,2902,87703,70,366074
45185,0.000718,172.31.40.0-255,66,87769,70,366074
45186,0.000747,74.125.130.0-255,5738,93507,70,366074
45187,0.00075,172.31.40.0-255,66,93573,70,366074
45188,0.000783,74.125.130.0-255,6797,100370,70,366074
45189,0.000786,74.125.130.0-255,365,100735,70,366074
45190,0.000788,172.31.40.0-255,66,100801,70,366074
45191,0.000896,74.125.130.0-255,1484,102285,70,366074
45192,0.0009,172.31.40.0-255,66,102351,70,366074
45193,0.000904,74.125.130.0-255,1484,103835,70,366074
45194,0.000925,74.125.130.0-255,1484,105319,70,366074
45195,0.000927,172.31.40.0-255,66,105385,70,366074
45196,0.000934,74.125.130.0-255,5738,111123,70,366074
45197,0.000937,172.31.40.0-255,66,111189,70,366074
45198,0.00094,74.125.130.0-255,1484,112673,70,366074
45199,0.000975,74.125.130.0-255,8574,121247,70,366074
45200,0.000979,172.31.40.0-255,66,121313,70,366074
45201,0.001006,74.125.130.0-255,7156,128469,70,366074
45202,0.001009,172.31.40.0-255,66,128535,70,366074
45203,0.00104,74.125.130.0-255,1484,130019,70,366074
45204,0.001055,74.125.130.0-255,5020,135039,70,366074
45205,0.001058,172.31.40.0-255,66,135105,70,366074
45206,0.0012,74.125.130.0-255,1484,136589,70,366074
45207,0.00122,74.125.130.0-255,2902,139491,70,366074
45208,0.001223,172.31.40.0-255,66,139557,70,366074
45209,0.001248,74.125.130.0-255,5738,145295,70,366074
45210,0.001251,172.31.40.0-255,66,145361,70,366074
45211,0.001282,74.125.130.0-255,7156,152517,70,366074
45212,0.001285,172.31.40.0-255,66,152583,70,366074
45213,0.00129,74.125.130.0-255,2902,155485,70,366074
45214,0.001292,172.31.40.0-255,66,155551,70,366074
45215,0.001322,74.125.130.0-255,4320,159871,70,366074
45216,0.001325,172.31.40.0-255,66,159937,70,366074
45217,0.001333,74.125.130.0-255,8574,168511,70,366074
45218,0.001336,172.31.40.0-255,66,168577,70,366074
45219,0.001338,74.125.130.0-255,766,169343,70,366074
45220,0.001429,74.125.130.0-255,1484,170827,70,366074
45221,0.001433,172.31.40.0-255,66,170893,70,366074
45222,0.001436,74.125.130.0-255,1484,172377,70,366074
45223,0.001459,74.125.130.0-255,2902,175279,70,366074
45224,0.001462,172.31.40.0-255,66,175345,70,366074
45225,0.001492,74.125.130.0-255,5738,181083,70,366074
45226,0.001495,172.31.40.0-255,66,181149,70,366074
45227,0.0015,74.125.130.0-255,2902,184051,70,366074
45228,0.001501,172.31.40.0-255,66,184117,70,366074
45229,0.001569,74.125.130.0-255,4320,188437,70,366074
45230,0.001573,172.31.40.0-255,66,188503,70,366074
45231,0.001581,74.125.130.0-255,8574,197077,70,366074
45232,0.001584,172.31.40.0-255,66,197143,70,366074
45233,0.001592,74.125.130.0-255,1484,198627,70,366074
45234,0.00162,74.125.130.0-255,5020,203647,70,366074
45235,0.001625,172.31.40.0-255,66,203713,70,366074
45236,0.001765,74.125.130.0-255,1484,205197,70,366074
45237,0.001784,74.125.130.0-255,2902,208099,70,366074
45238,0.001788,172.31.40.0-255,66,208165,70,366074
45239,0.001791,74.125.130.0-255,1484,209649,70,366074
45240,0.00181,74.125.130.0-255,4320,213969,70,366074
45241,0.001813,172.31.40.0-255,66,214035,70,366074
45242,0.001817,74.125.130.0-255,2902,216937,70,366074
45243,0.00182,172.31.40.0-255,66,217003,70,366074
45244,0.001845,74.125.130.0-255,4320,221323,70,366074
45245,0.001853,172.31.40.0-255,66,221389,70,366074
45246,0.001863,74.125.130.0-255,9992,231381,70,366074
45247,0.001865,172.31.40.0-255,66,231447,70,366074
45248,0.001897,74.125.130.0-255,4320,235767,70,366074
45249,0.001901,74.125.130.0-255,2184,237951,70,366074
45250,0.001902,172.31.40.0-255,66,238017,70,366074
45251,0.001906,172.31.40.0-255,66,238083,70,366074
45252,0.004161,74.125.130.0-255,5738,243821,70,366074
45253,0.004167,172.31.40.0-255,66,243887,70,366074
45254,0.006431,74.125.130.0-255,5738,249625,70,366074
45255,0.006435,172.31.40.0-255,66,249691,70,366074
45256,0.008702,74.125.130.0-255,5738,255429,70,366074
45257,0.008708,172.31.40.0-255,66,255495,70,366074
45258,0.010983,74.125.130.0-255,5738,261233,70,366074
45259,0.010994,172.31.40.0-255,66,261299,70,366074
45260,0.013275,74.125.130.0-255,5738,267037,70,366074
45261,0.013295,172.31.40.0-255,66,267103,70,366074
45262,0.015585,74.125.130.0-255,5738,272841,70,366074
45263,0.015602,172.31.40.0-255,66,272907,70,366074
45264,0.017864,74.125.130.0-255,5738,278645,70,366074
45265,0.017872,172.31.40.0-255,66,278711,70,366074
45266,0.020154,74.125.130.0-255,5738,284449,70,366074
45267,0.020169,172.31.40.0-255,66,284515,70,366074
45268,0.022436,74.125.130.0-255,5738,290253,70,366074
45269,0.022445,172.31.40.0-255,66,290319,70,366074
45270,0.024705,74.125.130.0-255,5738,296057,70,366074
45271,0.024711,172.31.40.0-255,66,296123,70,366074
45272,0.026969,74.125.130.0-255,5738,301861,70,366074
45273,0.026979,172.31.40.0-255,66,301927,70,366074
45274,0.029276,74.125.130.0-255,5738,307665,70,366074
45275,0.029295,172.31.40.0-255,66,307731,70,366074
45276,0.031554,74.125.130.0-255,5738,313469,70,366074
45277,0.031562,172.31.40.0-255,66,313535,70,366074
45278,0.033839,74.125.130.0-255,5738,319273,70,366074
45279,0.033846,172.31.40.0-255,66,319339,70,366074
45280,0.03612,74.125.130.0-255,5738,325077,70,366074
45281,0.036137,172.31.40.0-255,66,325143,70,366074
45282,0.038404,74.125.130.0-255,5738,330881,70,366074
45283,0.03841,172.31.40.0-255,66,330947,70,366074
45284,0.040679,74.125.130.0-255,5738,336685,70,366074
45285,0.040712,172.31.40.0-255,66,336751,70,366074
45286,0.042982,74.125.130.0-255,5738,342489,70,366074
45287,0.042996,172.31.40.0-255,66,342555,70,366074
45288,0.045261,74.125.130.0-255,5738,348293,70,366074
45289,0.045268,172.31.40.0-255,66,348359,70,366074
45290,0.047545,74.125.130.0-255,5738,354097,70,366074
45291,0.047558,172.31.40.0-255,66,354163,70,366074
45292,0.04874,172.31.40.0-255,172,354335,70,366074
45293,0.048767,172.31.40.0-255,1118,355453,70,366074
45294,0.048812,172.31.40.0-255,1514,356967,70,366074
45295,0.048814,172.31.40.0-255,1514,358481,70,366074
45296,0.048819,172.31.40.0-255,1514,359995,70,366074
45297,0.048819,172.31.40.0-255,275,360270,70,366074
45298,0.049835,74.125.130.0-255,5738,366008,70,366074
45299,0.049842,172.31.40.0-255,66,366074,70,366074
45300,0.0,74.125.24.0-255,153,153,70,222551
45301,2.1e-05,172.31.40.0-255,66,219,70,222551
45302,2.8e-05,74.125.24.0-255,1484,1703,70,222551
45303,3.3e-05,172.31.40.0-255,66,1769,70,222551
45304,3.9e-05,74.125.24.0-255,2902,4671,70,222551
45305,4.3e-05,172.31.40.0-255,66,4737,70,222551
45306,8.2e-05,74.125.24.0-255,7156,11893,70,222551
45307,8.5e-05,172.31.40.0-255,66,11959,70,222551
45308,0.000176,74.125.24.0-255,2029,13988,70,222551
45309,0.00018,172.31.40.0-255,66,14054,70,222551
45310,0.000225,74.125.24.0-255,2902,16956,70,222551
45311,0.000228,172.31.40.0-255,66,17022,70,222551
45312,0.000255,74.125.24.0-255,8574,25596,70,222551
45313,0.000257,172.31.40.0-255,66,25662,70,222551
45314,0.000423,74.125.24.0-255,5379,31041,70,222551
45315,0.000429,172.31.40.0-255,66,31107,70,222551
45316,0.000519,74.125.24.0-255,2902,34009,70,222551
45317,0.000522,172.31.40.0-255,66,34075,70,222551
45318,0.000578,74.125.24.0-255,2902,36977,70,222551
45319,0.000582,172.31.40.0-255,66,37043,70,222551
45320,0.00061,74.125.24.0-255,7156,44199,70,222551
45321,0.000643,172.31.40.0-255,66,44265,70,222551
45322,0.000763,74.125.24.0-255,7156,51421,70,222551
45323,0.000767,172.31.40.0-255,66,51487,70,222551
45324,0.000801,172.31.40.0-255,66,51553,70,222551
45325,0.001128,74.125.24.0-255,373,51926,70,222551
45326,0.001132,172.31.40.0-255,66,51992,70,222551
45327,0.001149,74.125.24.0-255,1484,53476,70,222551
45328,0.001151,172.31.40.0-255,66,53542,70,222551
45329,0.00118,74.125.24.0-255,4320,57862,70,222551
45330,0.001182,172.31.40.0-255,66,57928,70,222551
45331,0.001252,74.125.24.0-255,2902,60830,70,222551
45332,0.001255,172.31.40.0-255,66,60896,70,222551
45333,0.001276,74.125.24.0-255,7156,68052,70,222551
45334,0.001293,172.31.40.0-255,66,68118,70,222551
45335,0.001448,74.125.24.0-255,4320,72438,70,222551
45336,0.001452,172.31.40.0-255,66,72504,70,222551
45337,0.001766,74.125.24.0-255,8574,81078,70,222551
45338,0.001787,74.125.24.0-255,9992,91070,70,222551
45339,0.002131,74.125.24.0-255,3602,94672,70,222551
45340,0.00238,74.125.24.0-255,5738,100410,70,222551
45341,0.002436,74.125.24.0-255,7856,108266,70,222551
45342,0.003012,74.125.24.0-255,4320,112586,70,222551
45343,0.006296,172.31.40.0-255,66,112652,70,222551
45344,0.008557,74.125.24.0-255,5738,118390,70,222551
45345,0.008566,172.31.40.0-255,66,118456,70,222551
45346,0.010822,74.125.24.0-255,5738,124194,70,222551
45347,0.011728,172.31.40.0-255,66,124260,70,222551
45348,0.013972,74.125.24.0-255,5738,129998,70,222551
45349,0.013978,172.31.40.0-255,66,130064,70,222551
45350,0.016233,74.125.24.0-255,5738,135802,70,222551
45351,0.016242,172.31.40.0-255,66,135868,70,222551
45352,0.018538,74.125.24.0-255,5738,141606,70,222551
45353,0.018545,172.31.40.0-255,66,141672,70,222551
45354,0.020787,74.125.24.0-255,5738,147410,70,222551
45355,0.020796,172.31.40.0-255,66,147476,70,222551
45356,0.02306,74.125.24.0-255,5738,153214,70,222551
45357,0.023068,172.31.40.0-255,66,153280,70,222551
45358,0.025327,74.125.24.0-255,5738,159018,70,222551
45359,0.025333,172.31.40.0-255,66,159084,70,222551
45360,0.026307,172.31.40.0-255,172,159256,70,222551
45361,0.026338,172.31.40.0-255,1118,160374,70,222551
45362,0.026397,172.31.40.0-255,1514,161888,70,222551
45363,0.026399,172.31.40.0-255,1514,163402,70,222551
45364,0.026425,172.31.40.0-255,845,164247,70,222551
45365,0.027623,74.125.24.0-255,5738,169985,70,222551
45366,0.02763,172.31.40.0-255,66,170051,70,222551
45367,0.027843,104.244.42.0-255,66,170117,70,222551
45368,0.02792,104.244.42.0-255,66,170183,70,222551
45369,0.027963,104.244.42.0-255,66,170249,70,222551
45370,0.027966,104.244.42.0-255,66,170315,70,222551
45371,0.029911,74.125.24.0-255,5738,176053,70,222551
45372,0.029927,172.31.40.0-255,66,176119,70,222551
45373,0.032252,74.125.24.0-255,5738,181857,70,222551
45374,0.032518,172.31.40.0-255,66,181923,70,222551
45375,0.034796,74.125.24.0-255,5738,187661,70,222551
45376,0.034812,172.31.40.0-255,66,187727,70,222551
45377,0.037065,74.125.24.0-255,5738,193465,70,222551
45378,0.037077,172.31.40.0-255,66,193531,70,222551
45379,0.039356,74.125.24.0-255,5738,199269,70,222551
45380,0.039373,172.31.40.0-255,66,199335,70,222551
45381,0.041649,74.125.24.0-255,5738,205073,70,222551
45382,0.041667,172.31.40.0-255,66,205139,70,222551
45383,0.043914,74.125.24.0-255,5738,210877,70,222551
45384,0.043931,172.31.40.0-255,66,210943,70,222551
45385,0.046214,74.125.24.0-255,5738,216681,70,222551
45386,0.046229,172.31.40.0-255,66,216747,70,222551
45387,0.048488,74.125.24.0-255,5738,222485,70,222551
45388,0.048503,172.31.40.0-255,66,222551,70,222551
45389,0.0,172.217.194.0-255,298,298,70,350795
45390,1.5e-05,172.31.40.0-255,66,364,70,350795
45391,2.2e-05,172.217.194.0-255,1484,1848,70,350795
45392,2.6e-05,172.31.40.0-255,66,1914,70,350795
45393,3.3e-05,172.217.194.0-255,4320,6234,70,350795
45394,3.5e-05,172.31.40.0-255,66,6300,70,350795
45395,4.2e-05,172.217.194.0-255,7156,13456,70,350795
45396,4.5e-05,172.31.40.0-255,66,13522,70,350795
45397,7.1e-05,172.217.194.0-255,1904,15426,70,350795
45398,7.4e-05,172.31.40.0-255,66,15492,70,350795
45399,9e-05,172.31.40.0-255,66,15558,70,350795
45400,0.000121,172.217.194.0-255,2902,18460,70,350795
45401,0.000123,172.31.40.0-255,66,18526,70,350795
45402,0.000128,172.217.194.0-255,4320,22846,70,350795
45403,0.00013,172.31.40.0-255,66,22912,70,350795
45404,0.000158,172.217.194.0-255,8574,31486,70,350795
45405,0.000161,172.31.40.0-255,66,31552,70,350795
45406,0.000164,172.217.194.0-255,1125,32677,70,350795
45407,0.000166,172.31.40.0-255,66,32743,70,350795
45408,0.0008,172.217.194.0-255,1484,34227,70,350795
45409,0.000805,172.31.40.0-255,66,34293,70,350795
45410,0.000812,172.217.194.0-255,2902,37195,70,350795
45411,0.000814,172.31.40.0-255,66,37261,70,350795
45412,0.000818,172.217.194.0-255,1484,38745,70,350795
45413,0.00082,172.31.40.0-255,66,38811,70,350795
45414,0.000847,172.217.194.0-255,4320,43131,70,350795
45415,0.000849,172.31.40.0-255,66,43197,70,350795
45416,0.000856,172.217.194.0-255,6797,49994,70,350795
45417,0.000858,172.31.40.0-255,66,50060,70,350795
45418,0.00089,172.217.194.0-255,1484,51544,70,350795
45419,0.000893,172.31.40.0-255,66,51610,70,350795
45420,0.000919,172.217.194.0-255,9992,61602,70,350795
45421,0.000921,172.31.40.0-255,66,61668,70,350795
45422,0.000939,172.217.194.0-255,2902,64570,70,350795
45423,0.000942,172.31.40.0-255,66,64636,70,350795
45424,0.000948,172.217.194.0-255,5738,70374,70,350795
45425,0.00095,172.31.40.0-255,66,70440,70,350795
45426,0.00098,172.217.194.0-255,9633,80073,70,350795
45427,0.000983,172.31.40.0-255,66,80139,70,350795
45428,0.000986,172.217.194.0-255,1484,81623,70,350795
45429,0.000991,172.217.194.0-255,3123,84746,70,350795
45430,0.000994,172.31.40.0-255,66,84812,70,350795
45431,0.001201,172.217.194.0-255,1484,86296,70,350795
45432,0.001206,172.217.194.0-255,1484,87780,70,350795
45433,0.001208,172.31.40.0-255,66,87846,70,350795
45434,0.001225,172.217.194.0-255,1484,89330,70,350795
45435,0.001232,172.217.194.0-255,5738,95068,70,350795
45436,0.001234,172.31.40.0-255,66,95134,70,350795
45437,0.001306,172.217.194.0-255,5738,100872,70,350795
45438,0.001309,172.31.40.0-255,66,100938,70,350795
45439,0.001318,172.31.40.0-255,66,101004,70,350795
45440,0.001326,172.217.194.0-255,6438,107442,70,350795
45441,0.001328,172.31.40.0-255,66,107508,70,350795
45442,0.001765,172.217.194.0-255,1484,108992,70,350795
45443,0.001774,172.217.194.0-255,2902,111894,70,350795
45444,0.001778,172.31.40.0-255,66,111960,70,350795
45445,0.001782,172.217.194.0-255,1484,113444,70,350795
45446,0.001798,172.217.194.0-255,4320,117764,70,350795
45447,0.001801,172.31.40.0-255,66,117830,70,350795
45448,0.001804,172.217.194.0-255,1484,119314,70,350795
45449,0.001822,172.217.194.0-255,4320,123634,70,350795
45450,0.001824,172.31.40.0-255,66,123700,70,350795
45451,0.001842,172.217.194.0-255,5738,129438,70,350795
45452,0.001844,172.31.40.0-255,66,129504,70,350795
45453,0.001866,172.217.194.0-255,7156,136660,70,350795
45454,0.001868,172.31.40.0-255,66,136726,70,350795
45455,0.001874,172.217.194.0-255,5020,141746,70,350795
45456,0.001876,172.31.40.0-255,66,141812,70,350795
45457,0.001954,172.217.194.0-255,1484,143296,70,350795
45458,0.001971,172.217.194.0-255,2902,146198,70,350795
45459,0.001975,172.31.40.0-255,66,146264,70,350795
45460,0.00198,172.217.194.0-255,2902,149166,70,350795
45461,0.001981,172.31.40.0-255,66,149232,70,350795
45462,0.001996,172.217.194.0-255,2902,152134,70,350795
45463,0.001998,172.31.40.0-255,66,152200,70,350795
45464,0.002004,172.217.194.0-255,4320,156520,70,350795
45465,0.002006,172.31.40.0-255,66,156586,70,350795
45466,0.002029,172.217.194.0-255,8574,165160,70,350795
45467,0.002031,172.31.40.0-255,66,165226,70,350795
45468,0.002041,172.217.194.0-255,9992,175218,70,350795
45469,0.002043,172.31.40.0-255,66,175284,70,350795
45470,0.002046,172.217.194.0-255,766,176050,70,350795
45471,0.002108,172.217.194.0-255,1484,177534,70,350795
45472,0.002111,172.31.40.0-255,66,177600,70,350795
45473,0.002116,172.217.194.0-255,2902,180502,70,350795
45474,0.002119,172.31.40.0-255,66,180568,70,350795
45475,0.002123,172.217.194.0-255,2902,183470,70,350795
45476,0.002127,172.31.40.0-255,66,183536,70,350795
45477,0.002144,172.217.194.0-255,2902,186438,70,350795
45478,0.002147,172.31.40.0-255,66,186504,70,350795
45479,0.002155,172.217.194.0-255,7156,193660,70,350795
45480,0.002158,172.31.40.0-255,66,193726,70,350795
45481,0.00218,172.217.194.0-255,5738,199464,70,350795
45482,0.002184,172.31.40.0-255,66,199530,70,350795
45483,0.00221,172.217.194.0-255,9992,209522,70,350795
45484,0.002214,172.31.40.0-255,66,209588,70,350795
45485,0.002216,172.217.194.0-255,766,210354,70,350795
45486,0.002242,172.217.194.0-255,1484,211838,70,350795
45487,0.002245,172.31.40.0-255,66,211904,70,350795
45488,0.002251,172.217.194.0-255,4320,216224,70,350795
45489,0.002254,172.31.40.0-255,66,216290,70,350795
45490,0.002262,172.217.194.0-255,7156,223446,70,350795
45491,0.002264,172.31.40.0-255,66,223512,70,350795
45492,0.002286,172.217.194.0-255,2902,226414,70,350795
45493,0.002289,172.31.40.0-255,66,226480,70,350795
45494,0.002297,172.217.194.0-255,8574,235054,70,350795
45495,0.0023,172.31.40.0-255,66,235120,70,350795
45496,0.002305,172.217.194.0-255,2902,238022,70,350795
45497,0.002307,172.31.40.0-255,66,238088,70,350795
45498,0.002346,172.31.40.0-255,66,238154,70,350795
45499,0.002352,172.217.194.0-255,5738,243892,70,350795
45500,0.002354,172.31.40.0-255,66,243958,70,350795
45501,0.00463,172.217.194.0-255,5738,249696,70,350795
45502,0.004637,172.31.40.0-255,66,249762,70,350795
45503,0.006939,172.217.194.0-255,5738,255500,70,350795
45504,0.006947,172.31.40.0-255,66,255566,70,350795
45505,0.009222,172.217.194.0-255,5738,261304,70,350795
45506,0.009232,172.31.40.0-255,66,261370,70,350795
45507,0.011562,172.217.194.0-255,5738,267108,70,350795
45508,0.011569,172.31.40.0-255,66,267174,70,350795
45509,0.013863,172.217.194.0-255,5738,272912,70,350795
45510,0.013873,172.31.40.0-255,66,272978,70,350795
45511,0.016187,172.217.194.0-255,5738,278716,70,350795
45512,0.016195,172.31.40.0-255,66,278782,70,350795
45513,0.018491,172.217.194.0-255,5738,284520,70,350795
45514,0.018498,172.31.40.0-255,66,284586,70,350795
45515,0.020785,172.217.194.0-255,5738,290324,70,350795
45516,0.020792,172.31.40.0-255,66,290390,70,350795
45517,0.023067,172.217.194.0-255,5738,296128,70,350795
45518,0.023083,172.31.40.0-255,66,296194,70,350795
45519,0.02538,172.217.194.0-255,5738,301932,70,350795
45520,0.025392,172.31.40.0-255,66,301998,70,350795
45521,0.027714,172.217.194.0-255,5738,307736,70,350795
45522,0.027723,172.31.40.0-255,66,307802,70,350795
45523,0.03,172.217.194.0-255,5738,313540,70,350795
45524,0.030008,172.31.40.0-255,66,313606,70,350795
45525,0.03232,172.217.194.0-255,5738,319344,70,350795
45526,0.032339,172.31.40.0-255,66,319410,70,350795
45527,0.034615,172.217.194.0-255,5738,325148,70,350795
45528,0.034623,172.31.40.0-255,66,325214,70,350795
45529,0.036932,172.217.194.0-255,5738,330952,70,350795
45530,0.036945,172.31.40.0-255,66,331018,70,350795
45531,0.039249,172.217.194.0-255,5738,336756,70,350795
45532,0.039264,172.31.40.0-255,66,336822,70,350795
45533,0.041559,172.217.194.0-255,5738,342560,70,350795
45534,0.041567,172.31.40.0-255,66,342626,70,350795
45535,0.043844,172.217.194.0-255,5738,348364,70,350795
45536,0.043862,172.31.40.0-255,66,348430,70,350795
45537,0.046153,172.217.194.0-255,2128,350558,70,350795
45538,0.046163,172.31.40.0-255,66,350624,70,350795
45539,0.046451,172.31.40.0-255,105,350729,70,350795
45540,0.048738,172.217.194.0-255,66,350795,70,350795
45541,0.0,172.217.194.0-255,296,296,70,268156
45542,2.3e-05,172.31.40.0-255,66,362,70,268156
45543,3e-05,172.217.194.0-255,1484,1846,70,268156
45544,3.4e-05,172.31.40.0-255,66,1912,70,268156
45545,6.7e-05,172.217.194.0-255,1484,3396,70,268156
45546,7.1e-05,172.31.40.0-255,66,3462,70,268156
45547,9.5e-05,172.217.194.0-255,1484,4946,70,268156
45548,9.8e-05,172.31.40.0-255,66,5012,70,268156
45549,0.00011,172.217.194.0-255,4320,9332,70,268156
45550,0.000113,172.31.40.0-255,66,9398,70,268156
45551,0.000118,172.217.194.0-255,4638,14036,70,268156
45552,0.000121,172.31.40.0-255,66,14102,70,268156
45553,0.000124,172.217.194.0-255,1484,15586,70,268156
45554,0.000126,172.31.40.0-255,66,15652,70,268156
45555,0.000164,172.217.194.0-255,4320,19972,70,268156
45556,0.000167,172.31.40.0-255,66,20038,70,268156
45557,0.000171,172.217.194.0-255,2902,22940,70,268156
45558,0.000173,172.31.40.0-255,66,23006,70,268156
45559,0.000176,172.217.194.0-255,1484,24490,70,268156
45560,0.000178,172.31.40.0-255,66,24556,70,268156
45561,0.000219,172.217.194.0-255,8574,33130,70,268156
45562,0.000222,172.31.40.0-255,66,33196,70,268156
45563,0.00023,172.217.194.0-255,7156,40352,70,268156
45564,0.000233,172.31.40.0-255,66,40418,70,268156
45565,0.00024,172.217.194.0-255,1484,41902,70,268156
45566,0.000242,172.31.40.0-255,66,41968,70,268156
45567,0.000277,172.217.194.0-255,6438,48406,70,268156
45568,0.00028,172.31.40.0-255,66,48472,70,268156
45569,0.000305,172.217.194.0-255,4320,52792,70,268156
45570,0.000308,172.31.40.0-255,66,52858,70,268156
45571,0.000318,172.217.194.0-255,1484,54342,70,268156
45572,0.00032,172.31.40.0-255,66,54408,70,268156
45573,0.00035,172.217.194.0-255,4320,58728,70,268156
45574,0.000353,172.31.40.0-255,66,58794,70,268156
45575,0.000374,172.217.194.0-255,6797,65591,70,268156
45576,0.000376,172.31.40.0-255,66,65657,70,268156
45577,0.000873,172.217.194.0-255,645,66302,70,268156
45578,0.000903,172.217.194.0-255,1484,67786,70,268156
45579,0.000908,172.31.40.0-255,66,67852,70,268156
45580,0.000915,172.217.194.0-255,4320,72172,70,268156
45581,0.000918,172.31.40.0-255,66,72238,70,268156
45582,0.000943,172.217.194.0-255,8574,80812,70,268156
45583,0.00095,172.31.40.0-255,66,80878,70,268156
45584,0.000975,172.217.194.0-255,1484,82362,70,268156
45585,0.000983,172.217.194.0-255,8574,90936,70,268156
45586,0.000985,172.31.40.0-255,66,91002,70,268156
45587,0.001018,172.217.194.0-255,9274,100276,70,268156
45588,0.001024,172.31.40.0-255,66,100342,70,268156
45589,0.001947,172.217.194.0-255,1484,101826,70,268156
45590,0.001957,172.217.194.0-255,2902,104728,70,268156
45591,0.001962,172.31.40.0-255,66,104794,70,268156
45592,0.001967,172.217.194.0-255,1484,106278,70,268156
45593,0.001992,172.217.194.0-255,4320,110598,70,268156
45594,0.001995,172.31.40.0-255,66,110664,70,268156
45595,0.002003,172.217.194.0-255,7156,117820,70,268156
45596,0.002005,172.31.40.0-255,66,117886,70,268156
45597,0.002027,172.217.194.0-255,2902,120788,70,268156
45598,0.002029,172.31.40.0-255,66,120854,70,268156
45599,0.00206,172.217.194.0-255,4320,125174,70,268156
45600,0.002062,172.31.40.0-255,66,125240,70,268156
45601,0.002098,172.217.194.0-255,9274,134514,70,268156
45602,0.0021,172.31.40.0-255,66,134580,70,268156
45603,0.004182,172.217.194.0-255,1484,136064,70,268156
45604,0.004202,172.217.194.0-255,4320,140384,70,268156
45605,0.004207,172.31.40.0-255,66,140450,70,268156
45606,0.006305,172.217.194.0-255,5738,146188,70,268156
45607,0.006307,172.31.40.0-255,66,146254,70,268156
45608,0.00843,172.217.194.0-255,5738,151992,70,268156
45609,0.008436,172.31.40.0-255,66,152058,70,268156
45610,0.010536,172.217.194.0-255,5738,157796,70,268156
45611,0.010542,172.31.40.0-255,66,157862,70,268156
45612,0.012668,172.217.194.0-255,5738,163600,70,268156
45613,0.012677,172.31.40.0-255,66,163666,70,268156
45614,0.014799,172.217.194.0-255,5738,169404,70,268156
45615,0.01481,172.31.40.0-255,66,169470,70,268156
45616,0.016924,172.217.194.0-255,5738,175208,70,268156
45617,0.016934,172.31.40.0-255,66,175274,70,268156
45618,0.019056,172.217.194.0-255,5738,181012,70,268156
45619,0.019065,172.31.40.0-255,66,181078,70,268156
45620,0.021201,172.217.194.0-255,5738,186816,70,268156
45621,0.021208,172.31.40.0-255,66,186882,70,268156
45622,0.023365,172.217.194.0-255,5738,192620,70,268156
45623,0.023374,172.31.40.0-255,66,192686,70,268156
45624,0.025507,172.217.194.0-255,5738,198424,70,268156
45625,0.025513,172.31.40.0-255,66,198490,70,268156
45626,0.026343,172.31.40.0-255,172,198662,70,268156
45627,0.026377,172.31.40.0-255,1117,199779,70,268156
45628,0.026443,172.31.40.0-255,1514,201293,70,268156
45629,0.026445,172.31.40.0-255,1514,202807,70,268156
45630,0.026472,172.31.40.0-255,845,203652,70,268156
45631,0.027637,172.217.194.0-255,5738,209390,70,268156
45632,0.027643,172.31.40.0-255,66,209456,70,268156
45633,0.027888,104.244.42.0-255,66,209522,70,268156
45634,0.02794,104.244.42.0-255,66,209588,70,268156
45635,0.027989,104.244.42.0-255,66,209654,70,268156
45636,0.028036,104.244.42.0-255,66,209720,70,268156
45637,0.029729,172.217.194.0-255,5738,215458,70,268156
45638,0.029734,172.31.40.0-255,66,215524,70,268156
45639,0.031852,172.217.194.0-255,5738,221262,70,268156
45640,0.03186,172.31.40.0-255,66,221328,70,268156
45641,0.033964,172.217.194.0-255,5738,227066,70,268156
45642,0.033971,172.31.40.0-255,66,227132,70,268156
45643,0.036038,172.217.194.0-255,5738,232870,70,268156
45644,0.036044,172.31.40.0-255,66,232936,70,268156
45645,0.03813,172.217.194.0-255,5738,238674,70,268156
45646,0.038137,172.31.40.0-255,66,238740,70,268156
45647,0.040254,172.217.194.0-255,2902,241642,70,268156
45648,0.04026,172.31.40.0-255,66,241708,70,268156
45649,0.040287,172.217.194.0-255,2902,244610,70,268156
45650,0.04029,172.31.40.0-255,66,244676,70,268156
45651,0.042353,172.217.194.0-255,2902,247578,70,268156
45652,0.042359,172.31.40.0-255,66,247644,70,268156
45653,0.042402,172.217.194.0-255,2902,250546,70,268156
45654,0.042405,172.31.40.0-255,66,250612,70,268156
45655,0.04448,172.217.194.0-255,2902,253514,70,268156
45656,0.044485,172.31.40.0-255,66,253580,70,268156
45657,0.044513,172.217.194.0-255,2902,256482,70,268156
45658,0.044516,172.31.40.0-255,66,256548,70,268156
45659,0.046605,172.217.194.0-255,5738,262286,70,268156
45660,0.046612,172.31.40.0-255,66,262352,70,268156
45661,0.048725,172.217.194.0-255,5738,268090,70,268156
45662,0.048732,172.31.40.0-255,66,268156,70,268156
45663,0.0,74.125.200.0-255,153,153,70,359935
45664,2.6e-05,172.31.40.0-255,66,219,70,359935
45665,3.4e-05,74.125.200.0-255,1484,1703,70,359935
45666,3.9e-05,172.31.40.0-255,66,1769,70,359935
45667,5.4e-05,74.125.200.0-255,2902,4671,70,359935
45668,5.8e-05,172.31.40.0-255,66,4737,70,359935
45669,9.5e-05,74.125.200.0-255,5738,10475,70,359935
45670,9.8e-05,172.31.40.0-255,66,10541,70,359935
45671,0.000127,74.125.200.0-255,6391,16932,70,359935
45672,0.00013,172.31.40.0-255,66,16998,70,359935
45673,0.000156,74.125.200.0-255,5738,22736,70,359935
45674,0.000158,172.31.40.0-255,66,22802,70,359935
45675,0.000189,74.125.200.0-255,1484,24286,70,359935
45676,0.000191,172.31.40.0-255,66,24352,70,359935
45677,0.000202,74.125.200.0-255,9992,34344,70,359935
45678,0.000204,172.31.40.0-255,66,34410,70,359935
45679,0.000222,172.31.40.0-255,66,34476,70,359935
45680,0.000226,74.125.200.0-255,2184,36660,70,359935
45681,0.00023,172.31.40.0-255,66,36726,70,359935
45682,0.000278,74.125.200.0-255,2902,39628,70,359935
45683,0.00028,172.31.40.0-255,66,39694,70,359935
45684,0.000283,74.125.200.0-255,1484,41178,70,359935
45685,0.000286,172.31.40.0-255,66,41244,70,359935
45686,0.00029,74.125.200.0-255,2902,44146,70,359935
45687,0.000292,172.31.40.0-255,66,44212,70,359935
45688,0.000298,74.125.200.0-255,4320,48532,70,359935
45689,0.0003,172.31.40.0-255,66,48598,70,359935
45690,0.000325,74.125.200.0-255,1484,50082,70,359935
45691,0.000327,172.31.40.0-255,66,50148,70,359935
45692,0.000333,74.125.200.0-255,4299,54447,70,359935
45693,0.000335,172.31.40.0-255,66,54513,70,359935
45694,0.000413,74.125.200.0-255,1484,55997,70,359935
45695,0.000431,74.125.200.0-255,2902,58899,70,359935
45696,0.000434,172.31.40.0-255,66,58965,70,359935
45697,0.000459,74.125.200.0-255,1484,60449,70,359935
45698,0.000479,74.125.200.0-255,4320,64769,70,359935
45699,0.000482,172.31.40.0-255,66,64835,70,359935
45700,0.000487,74.125.200.0-255,2902,67737,70,359935
45701,0.000489,172.31.40.0-255,66,67803,70,359935
45702,0.000492,74.125.200.0-255,1484,69287,70,359935
45703,0.000515,74.125.200.0-255,2902,72189,70,359935
45704,0.000518,172.31.40.0-255,66,72255,70,359935
45705,0.000522,74.125.200.0-255,1484,73739,70,359935
45706,0.00055,74.125.200.0-255,5738,79477,70,359935
45707,0.000553,172.31.40.0-255,66,79543,70,359935
45708,0.000557,74.125.200.0-255,2902,82445,70,359935
45709,0.000559,172.31.40.0-255,66,82511,70,359935
45710,0.000593,74.125.200.0-255,5738,88249,70,359935
45711,0.000596,172.31.40.0-255,66,88315,70,359935
45712,0.000599,74.125.200.0-255,766,89081,70,359935
45713,0.000825,74.125.200.0-255,1484,90565,70,359935
45714,0.000833,172.31.40.0-255,66,90631,70,359935
45715,0.000844,74.125.200.0-255,2902,93533,70,359935
45716,0.000847,172.31.40.0-255,66,93599,70,359935
45717,0.000858,74.125.200.0-255,5738,99337,70,359935
45718,0.00086,172.31.40.0-255,66,99403,70,359935
45719,0.00089,74.125.200.0-255,8574,107977,70,359935
45720,0.000893,172.31.40.0-255,66,108043,70,359935
45721,0.000906,74.125.200.0-255,2902,110945,70,359935
45722,0.000908,172.31.40.0-255,66,111011,70,359935
45723,0.000935,74.125.200.0-255,7156,118167,70,359935
45724,0.000938,172.31.40.0-255,66,118233,70,359935
45725,0.000945,74.125.200.0-255,5020,123253,70,359935
45726,0.000947,172.31.40.0-255,66,123319,70,359935
45727,0.000953,74.125.200.0-255,5738,129057,70,359935
45728,0.000955,172.31.40.0-255,66,129123,70,359935
45729,0.000989,74.125.200.0-255,8574,137697,70,359935
45730,0.000993,172.31.40.0-255,66,137763,70,359935
45731,0.001024,74.125.200.0-255,4320,142083,70,359935
45732,0.001027,172.31.40.0-255,66,142149,70,359935
45733,0.001034,74.125.200.0-255,7156,149305,70,359935
45734,0.001037,172.31.40.0-255,66,149371,70,359935
45735,0.001048,74.125.200.0-255,7856,157227,70,359935
45736,0.001051,172.31.40.0-255,66,157293,70,359935
45737,0.00116,74.125.200.0-255,1484,158777,70,359935
45738,0.001166,74.125.200.0-255,2902,161679,70,359935
45739,0.001169,172.31.40.0-255,66,161745,70,359935
45740,0.001174,74.125.200.0-255,1484,163229,70,359935
45741,0.001191,74.125.200.0-255,1484,164713,70,359935
45742,0.001193,172.31.40.0-255,66,164779,70,359935
45743,0.001199,74.125.200.0-255,4320,169099,70,359935
45744,0.001202,172.31.40.0-255,66,169165,70,359935
45745,0.001221,74.125.200.0-255,1484,170649,70,359935
45746,0.001245,74.125.200.0-255,7917,178566,70,359935
45747,0.00125,74.125.200.0-255,4320,182886,70,359935
45748,0.001259,172.31.40.0-255,66,182952,70,359935
45749,0.001262,172.31.40.0-255,66,183018,70,359935
45750,0.001304,172.31.40.0-255,66,183084,70,359935
45751,0.001329,74.125.200.0-255,1484,184568,70,359935
45752,0.001336,74.125.200.0-255,5738,190306,70,359935
45753,0.001339,172.31.40.0-255,66,190372,70,359935
45754,0.001342,74.125.200.0-255,1484,191856,70,359935
45755,0.001369,74.125.200.0-255,2184,194040,70,359935
45756,0.001371,172.31.40.0-255,66,194106,70,359935
45757,0.001692,74.125.200.0-255,1484,195590,70,359935
45758,0.001708,74.125.200.0-255,2902,198492,70,359935
45759,0.001713,172.31.40.0-255,66,198558,70,359935
45760,0.001719,74.125.200.0-255,4320,202878,70,359935
45761,0.001721,172.31.40.0-255,66,202944,70,359935
45762,0.001757,74.125.200.0-255,1484,204428,70,359935
45763,0.001772,172.31.40.0-255,66,204494,70,359935
45764,0.001866,74.125.200.0-255,10692,215186,70,359935
45765,0.001869,172.31.40.0-255,66,215252,70,359935
45766,0.001897,74.125.200.0-255,1484,216736,70,359935
45767,0.00191,74.125.200.0-255,2902,219638,70,359935
45768,0.001912,172.31.40.0-255,66,219704,70,359935
45769,0.001923,74.125.200.0-255,1484,221188,70,359935
45770,0.001947,74.125.200.0-255,4320,225508,70,359935
45771,0.001949,172.31.40.0-255,66,225574,70,359935
45772,0.001955,74.125.200.0-255,4320,229894,70,359935
45773,0.001957,172.31.40.0-255,66,229960,70,359935
45774,0.002,74.125.200.0-255,4320,234280,70,359935
45775,0.002004,172.31.40.0-255,66,234346,70,359935
45776,0.002013,74.125.200.0-255,9992,244338,70,359935
45777,0.002016,172.31.40.0-255,66,244404,70,359935
45778,0.002021,74.125.200.0-255,5020,249424,70,359935
45779,0.002024,172.31.40.0-255,66,249490,70,359935
45780,0.002092,74.125.200.0-255,1484,250974,70,359935
45781,0.002097,74.125.200.0-255,1484,252458,70,359935
45782,0.002099,172.31.40.0-255,66,252524,70,359935
45783,0.002125,74.125.200.0-255,1484,254008,70,359935
45784,0.002132,74.125.200.0-255,5738,259746,70,359935
45785,0.002135,172.31.40.0-255,66,259812,70,359935
45786,0.002165,74.125.200.0-255,4320,264132,70,359935
45787,0.002168,172.31.40.0-255,66,264198,70,359935
45788,0.0022,74.125.200.0-255,8574,272772,70,359935
45789,0.002203,172.31.40.0-255,66,272838,70,359935
45790,0.002206,74.125.200.0-255,1484,274322,70,359935
45791,0.002235,74.125.200.0-255,9274,283596,70,359935
45792,0.002238,172.31.40.0-255,66,283662,70,359935
45793,0.004491,74.125.200.0-255,4320,287982,70,359935
45794,0.004502,172.31.40.0-255,66,288048,70,359935
45795,0.004532,74.125.200.0-255,1484,289532,70,359935
45796,0.006757,74.125.200.0-255,4320,293852,70,359935
45797,0.006771,172.31.40.0-255,66,293918,70,359935
45798,0.009058,74.125.200.0-255,5738,299656,70,359935
45799,0.009078,172.31.40.0-255,66,299722,70,359935
45800,0.011341,74.125.200.0-255,5738,305460,70,359935
45801,0.011362,172.31.40.0-255,66,305526,70,359935
45802,0.013629,74.125.200.0-255,5738,311264,70,359935
45803,0.013643,172.31.40.0-255,66,311330,70,359935
45804,0.015912,74.125.200.0-255,5738,317068,70,359935
45805,0.015933,172.31.40.0-255,66,317134,70,359935
45806,0.018196,74.125.200.0-255,5738,322872,70,359935
45807,0.018206,172.31.40.0-255,66,322938,70,359935
45808,0.020516,74.125.200.0-255,5738,328676,70,359935
45809,0.020536,172.31.40.0-255,66,328742,70,359935
45810,0.022856,74.125.200.0-255,5738,334480,70,359935
45811,0.022864,172.31.40.0-255,66,334546,70,359935
45812,0.025146,74.125.200.0-255,5738,340284,70,359935
45813,0.025155,172.31.40.0-255,66,340350,70,359935
45814,0.027413,74.125.200.0-255,5738,346088,70,359935
45815,0.027422,172.31.40.0-255,66,346154,70,359935
45816,0.029691,74.125.200.0-255,5738,351892,70,359935
45817,0.029698,172.31.40.0-255,66,351958,70,359935
45818,0.031966,74.125.200.0-255,5738,357696,70,359935
45819,0.03198,172.31.40.0-255,66,357762,70,359935
45820,0.03425,74.125.200.0-255,1936,359698,70,359935
45821,0.034265,172.31.40.0-255,66,359764,70,359935
45822,0.034506,172.31.40.0-255,105,359869,70,359935
45823,0.036723,74.125.200.0-255,66,359935,70,359935
45824,0.0,172.217.194.0-255,299,299,70,273177
45825,3.6e-05,172.31.40.0-255,66,365,70,273177
45826,4.3e-05,172.217.194.0-255,1484,1849,70,273177
45827,4.8e-05,172.31.40.0-255,66,1915,70,273177
45828,6.1e-05,172.217.194.0-255,4320,6235,70,273177
45829,6.3e-05,172.31.40.0-255,66,6301,70,273177
45830,9.8e-05,172.217.194.0-255,7496,13797,70,273177
45831,0.000104,172.31.40.0-255,66,13863,70,273177
45832,0.000135,172.217.194.0-255,7156,21019,70,273177
45833,0.000138,172.31.40.0-255,66,21085,70,273177
45834,0.000167,172.217.194.0-255,1484,22569,70,273177
45835,0.00017,172.31.40.0-255,66,22635,70,273177
45836,0.000178,172.217.194.0-255,8215,30850,70,273177
45837,0.000184,172.31.40.0-255,66,30916,70,273177
45838,0.000192,172.217.194.0-255,5738,36654,70,273177
45839,0.000194,172.31.40.0-255,66,36720,70,273177
45840,0.00023,172.217.194.0-255,5738,42458,70,273177
45841,0.000234,172.31.40.0-255,66,42524,70,273177
45842,0.000284,172.31.40.0-255,66,42590,70,273177
45843,0.000289,172.217.194.0-255,4320,46910,70,273177
45844,0.000291,172.31.40.0-255,66,46976,70,273177
45845,0.000319,172.217.194.0-255,5379,52355,70,273177
45846,0.000322,172.31.40.0-255,66,52421,70,273177
45847,0.000523,172.217.194.0-255,647,53068,70,273177
45848,0.000532,172.31.40.0-255,66,53134,70,273177
45849,0.000622,172.217.194.0-255,1484,54618,70,273177
45850,0.000625,172.31.40.0-255,66,54684,70,273177
45851,0.00063,172.217.194.0-255,2902,57586,70,273177
45852,0.000633,172.31.40.0-255,66,57652,70,273177
45853,0.000658,172.217.194.0-255,5738,63390,70,273177
45854,0.000661,172.31.40.0-255,66,63456,70,273177
45855,0.000693,172.217.194.0-255,9992,73448,70,273177
45856,0.000696,172.31.40.0-255,66,73514,70,273177
45857,0.000722,172.217.194.0-255,2902,76416,70,273177
45858,0.000726,172.31.40.0-255,66,76482,70,273177
45859,0.000733,172.217.194.0-255,8574,85056,70,273177
45860,0.000735,172.31.40.0-255,66,85122,70,273177
45861,0.000781,172.217.194.0-255,2184,87306,70,273177
45862,0.000784,172.31.40.0-255,66,87372,70,273177
45863,0.0014,172.217.194.0-255,1484,88856,70,273177
45864,0.001411,172.217.194.0-255,2902,91758,70,273177
45865,0.001414,172.31.40.0-255,66,91824,70,273177
45866,0.001446,172.217.194.0-255,5738,97562,70,273177
45867,0.00145,172.31.40.0-255,66,97628,70,273177
45868,0.001463,172.31.40.0-255,66,97694,70,273177
45869,0.001477,172.217.194.0-255,7156,104850,70,273177
45870,0.001479,172.31.40.0-255,66,104916,70,273177
45871,0.001524,172.217.194.0-255,1484,106400,70,273177
45872,0.001541,172.217.194.0-255,2184,108584,70,273177
45873,0.001544,172.31.40.0-255,66,108650,70,273177
45874,0.001599,172.217.194.0-255,1484,110134,70,273177
45875,0.001605,172.217.194.0-255,2902,113036,70,273177
45876,0.001608,172.31.40.0-255,66,113102,70,273177
45877,0.001642,172.217.194.0-255,5738,118840,70,273177
45878,0.001645,172.31.40.0-255,66,118906,70,273177
45879,0.001663,172.31.40.0-255,66,118972,70,273177
45880,0.001709,172.217.194.0-255,4320,123292,70,273177
45881,0.001712,172.31.40.0-255,66,123358,70,273177
45882,0.001743,172.217.194.0-255,6438,129796,70,273177
45883,0.001747,172.31.40.0-255,66,129862,70,273177
45884,0.002174,172.217.194.0-255,1484,131346,70,273177
45885,0.002181,172.217.194.0-255,2902,134248,70,273177
45886,0.002187,172.31.40.0-255,66,134314,70,273177
45887,0.002196,172.217.194.0-255,5738,140052,70,273177
45888,0.002199,172.31.40.0-255,66,140118,70,273177
45889,0.002233,172.217.194.0-255,2902,143020,70,273177
45890,0.002237,172.31.40.0-255,66,143086,70,273177
45891,0.002261,172.217.194.0-255,9992,153078,70,273177
45892,0.002266,172.31.40.0-255,66,153144,70,273177
45893,0.002289,172.217.194.0-255,5738,158882,70,273177
45894,0.002291,172.31.40.0-255,66,158948,70,273177
45895,0.002314,172.217.194.0-255,5020,163968,70,273177
45896,0.002316,172.31.40.0-255,66,164034,70,273177
45897,0.002345,172.217.194.0-255,5738,169772,70,273177
45898,0.002347,172.31.40.0-255,66,169838,70,273177
45899,0.002353,172.217.194.0-255,5738,175576,70,273177
45900,0.002355,172.31.40.0-255,66,175642,70,273177
45901,0.002384,172.217.194.0-255,1484,177126,70,273177
45902,0.002387,172.217.194.0-255,1484,178610,70,273177
45903,0.002389,172.31.40.0-255,66,178676,70,273177
45904,0.002394,172.217.194.0-255,4320,182996,70,273177
45905,0.002396,172.31.40.0-255,66,183062,70,273177
45906,0.002412,172.217.194.0-255,2902,185964,70,273177
45907,0.002414,172.31.40.0-255,66,186030,70,273177
45908,0.002419,172.217.194.0-255,4320,190350,70,273177
45909,0.002421,172.31.40.0-255,66,190416,70,273177
45910,0.002453,172.217.194.0-255,4320,194736,70,273177
45911,0.002456,172.31.40.0-255,66,194802,70,273177
45912,0.002461,172.217.194.0-255,3602,198404,70,273177
45913,0.002462,172.31.40.0-255,66,198470,70,273177
45914,0.002467,172.217.194.0-255,4320,202790,70,273177
45915,0.002475,172.31.40.0-255,66,202856,70,273177
45916,0.002478,172.217.194.0-255,1484,204340,70,273177
45917,0.002504,172.217.194.0-255,8574,212914,70,273177
45918,0.002507,172.31.40.0-255,66,212980,70,273177
45919,0.002525,172.217.194.0-255,8574,221554,70,273177
45920,0.002527,172.31.40.0-255,66,221620,70,273177
45921,0.00256,172.217.194.0-255,1484,223104,70,273177
45922,0.002569,172.217.194.0-255,9274,232378,70,273177
45923,0.002571,172.31.40.0-255,66,232444,70,273177
45924,0.002575,172.217.194.0-255,2902,235346,70,273177
45925,0.002577,172.31.40.0-255,66,235412,70,273177
45926,0.002611,172.217.194.0-255,5738,241150,70,273177
45927,0.002614,172.31.40.0-255,66,241216,70,273177
45928,0.002623,172.217.194.0-255,9992,251208,70,273177
45929,0.002625,172.31.40.0-255,66,251274,70,273177
45930,0.002652,172.217.194.0-255,2902,254176,70,273177
45931,0.002654,172.31.40.0-255,66,254242,70,273177
45932,0.002691,172.31.40.0-255,66,254308,70,273177
45933,0.002705,172.31.40.0-255,66,254374,70,273177
45934,0.002737,172.217.194.0-255,2902,257276,70,273177
45935,0.002847,172.217.194.0-255,8445,265721,70,273177
45936,0.00285,172.217.194.0-255,105,265826,70,273177
45937,0.008072,172.31.40.0-255,66,265892,70,273177
45938,0.017115,172.31.40.0-255,101,265993,70,273177
45939,0.017916,172.31.40.0-255,105,266098,70,273177
45940,0.019426,172.217.194.0-255,66,266164,70,273177
45941,0.020194,172.217.194.0-255,66,266230,70,273177
45942,0.049911,172.31.40.0-255,172,266402,70,273177
45943,0.049943,172.31.40.0-255,1114,267516,70,273177
45944,0.049994,172.31.40.0-255,1514,269030,70,273177
45945,0.049996,172.31.40.0-255,1514,270544,70,273177
45946,0.049998,172.31.40.0-255,1514,272058,70,273177
45947,0.049998,172.31.40.0-255,1119,273177,70,273177
45948,0.0,74.125.200.0-255,153,153,70,287196
45949,2.5e-05,172.31.40.0-255,66,219,70,287196
45950,3.2e-05,74.125.200.0-255,1484,1703,70,287196
45951,3.7e-05,172.31.40.0-255,66,1769,70,287196
45952,4.4e-05,74.125.200.0-255,2902,4671,70,287196
45953,4.6e-05,172.31.40.0-255,66,4737,70,287196
45954,5.2e-05,74.125.200.0-255,4320,9057,70,287196
45955,5.5e-05,172.31.40.0-255,66,9123,70,287196
45956,0.000102,74.125.200.0-255,4865,13988,70,287196
45957,0.000105,172.31.40.0-255,66,14054,70,287196
45958,0.000185,74.125.200.0-255,1484,15538,70,287196
45959,0.000188,172.31.40.0-255,66,15604,70,287196
45960,0.000194,74.125.200.0-255,2902,18506,70,287196
45961,0.000196,172.31.40.0-255,66,18572,70,287196
45962,0.000199,74.125.200.0-255,1484,20056,70,287196
45963,0.000201,172.31.40.0-255,66,20122,70,287196
45964,0.000219,74.125.200.0-255,4320,24442,70,287196
45965,0.000222,172.31.40.0-255,66,24508,70,287196
45966,0.000244,74.125.200.0-255,4320,28828,70,287196
45967,0.000246,172.31.40.0-255,66,28894,70,287196
45968,0.000267,74.125.200.0-255,2543,31437,70,287196
45969,0.000269,172.31.40.0-255,66,31503,70,287196
45970,0.000328,74.125.200.0-255,1484,32987,70,287196
45971,0.000331,172.31.40.0-255,66,33053,70,287196
45972,0.000335,74.125.200.0-255,1484,34537,70,287196
45973,0.000337,172.31.40.0-255,66,34603,70,287196
45974,0.000351,74.125.200.0-255,1484,36087,70,287196
45975,0.000353,172.31.40.0-255,66,36153,70,287196
45976,0.00036,74.125.200.0-255,5738,41891,70,287196
45977,0.000362,172.31.40.0-255,66,41957,70,287196
45978,0.000398,74.125.200.0-255,5738,47695,70,287196
45979,0.000401,172.31.40.0-255,66,47761,70,287196
45980,0.000421,74.125.200.0-255,3961,51722,70,287196
45981,0.000423,172.31.40.0-255,66,51788,70,287196
45982,0.000432,74.125.200.0-255,9992,61780,70,287196
45983,0.000435,172.31.40.0-255,66,61846,70,287196
45984,0.000439,74.125.200.0-255,2902,64748,70,287196
45985,0.000442,172.31.40.0-255,66,64814,70,287196
45986,0.000464,74.125.200.0-255,1436,66250,70,287196
45987,0.000467,74.125.200.0-255,112,66362,70,287196
45988,0.000745,74.125.200.0-255,331,66693,70,287196
45989,0.000753,172.31.40.0-255,66,66759,70,287196
45990,0.001154,74.125.200.0-255,1484,68243,70,287196
45991,0.001158,74.125.200.0-255,1484,69727,70,287196
45992,0.001162,172.31.40.0-255,66,69793,70,287196
45993,0.00118,74.125.200.0-255,1484,71277,70,287196
45994,0.001206,74.125.200.0-255,5738,77015,70,287196
45995,0.001208,172.31.40.0-255,66,77081,70,287196
45996,0.001213,74.125.200.0-255,2902,79983,70,287196
45997,0.001215,172.31.40.0-255,66,80049,70,287196
45998,0.001221,74.125.200.0-255,4320,84369,70,287196
45999,0.001223,172.31.40.0-255,66,84435,70,287196
46000,0.001257,74.125.200.0-255,8574,93009,70,287196
46001,0.001259,172.31.40.0-255,66,93075,70,287196
46002,0.001265,74.125.200.0-255,4320,97395,70,287196
46003,0.001267,172.31.40.0-255,66,97461,70,287196
46004,0.001311,74.125.200.0-255,3602,101063,70,287196
46005,0.001315,172.31.40.0-255,66,101129,70,287196
46006,0.001476,74.125.200.0-255,1484,102613,70,287196
46007,0.001489,74.125.200.0-255,2902,105515,70,287196
46008,0.001492,172.31.40.0-255,66,105581,70,287196
46009,0.001507,74.125.200.0-255,2902,108483,70,287196
46010,0.001509,172.31.40.0-255,66,108549,70,287196
46011,0.001522,74.125.200.0-255,1484,110033,70,287196
46012,0.001539,74.125.200.0-255,2902,112935,70,287196
46013,0.001541,172.31.40.0-255,66,113001,70,287196
46014,0.001556,74.125.200.0-255,4320,117321,70,287196
46015,0.001558,172.31.40.0-255,66,117387,70,287196
46016,0.001581,74.125.200.0-255,4320,121707,70,287196
46017,0.001583,172.31.40.0-255,66,121773,70,287196
46018,0.001591,74.125.200.0-255,5738,127511,70,287196
46019,0.001592,172.31.40.0-255,66,127577,70,287196
46020,0.001621,74.125.200.0-255,4320,131897,70,287196
46021,0.001624,172.31.40.0-255,66,131963,70,287196
46022,0.001629,74.125.200.0-255,3602,135565,70,287196
46023,0.001631,172.31.40.0-255,66,135631,70,287196
46024,0.002217,74.125.200.0-255,1484,137115,70,287196
46025,0.002228,74.125.200.0-255,2902,140017,70,287196
46026,0.002232,172.31.40.0-255,66,140083,70,287196
46027,0.002238,74.125.200.0-255,1484,141567,70,287196
46028,0.002256,74.125.200.0-255,4320,145887,70,287196
46029,0.002258,172.31.40.0-255,66,145953,70,287196
46030,0.002263,74.125.200.0-255,2902,148855,70,287196
46031,0.002265,172.31.40.0-255,66,148921,70,287196
46032,0.002285,74.125.200.0-255,4320,153241,70,287196
46033,0.002288,172.31.40.0-255,66,153307,70,287196
46034,0.002304,74.125.200.0-255,4320,157627,70,287196
46035,0.002306,172.31.40.0-255,66,157693,70,287196
46036,0.002331,74.125.200.0-255,4320,162013,70,287196
46037,0.002333,172.31.40.0-255,66,162079,70,287196
46038,0.002339,74.125.200.0-255,4320,166399,70,287196
46039,0.002341,172.31.40.0-255,66,166465,70,287196
46040,0.002386,74.125.200.0-255,3602,170067,70,287196
46041,0.002389,172.31.40.0-255,66,170133,70,287196
46042,0.004665,74.125.200.0-255,1484,171617,70,287196
46043,0.004711,74.125.200.0-255,4320,175937,70,287196
46044,0.004716,172.31.40.0-255,66,176003,70,287196
46045,0.007048,74.125.200.0-255,5738,181741,70,287196
46046,0.007051,172.31.40.0-255,66,181807,70,287196
46047,0.009387,74.125.200.0-255,5738,187545,70,287196
46048,0.009396,172.31.40.0-255,66,187611,70,287196
46049,0.011744,74.125.200.0-255,5738,193349,70,287196
46050,0.011757,172.31.40.0-255,66,193415,70,287196
46051,0.014101,74.125.200.0-255,5738,199153,70,287196
46052,0.01411,172.31.40.0-255,66,199219,70,287196
46053,0.016455,74.125.200.0-255,5738,204957,70,287196
46054,0.016464,172.31.40.0-255,66,205023,70,287196
46055,0.018819,74.125.200.0-255,5738,210761,70,287196
46056,0.018834,172.31.40.0-255,66,210827,70,287196
46057,0.02117,74.125.200.0-255,5738,216565,70,287196
46058,0.021176,172.31.40.0-255,66,216631,70,287196
46059,0.023519,74.125.200.0-255,5738,222369,70,287196
46060,0.023527,172.31.40.0-255,66,222435,70,287196
46061,0.025876,74.125.200.0-255,5738,228173,70,287196
46062,0.025883,172.31.40.0-255,66,228239,70,287196
46063,0.026379,172.31.40.0-255,172,228411,70,287196
46064,0.02641,172.31.40.0-255,613,229024,70,287196
46065,0.028228,74.125.200.0-255,5738,234762,70,287196
46066,0.028234,172.31.40.0-255,66,234828,70,287196
46067,0.028552,104.244.42.0-255,66,234894,70,287196
46068,0.030554,74.125.200.0-255,1484,236378,70,287196
46069,0.030574,74.125.200.0-255,4320,240698,70,287196
46070,0.03058,172.31.40.0-255,66,240764,70,287196
46071,0.032924,74.125.200.0-255,5738,246502,70,287196
46072,0.03293,172.31.40.0-255,66,246568,70,287196
46073,0.035277,74.125.200.0-255,5738,252306,70,287196
46074,0.035285,172.31.40.0-255,66,252372,70,287196
46075,0.03763,74.125.200.0-255,5738,258110,70,287196
46076,0.037647,172.31.40.0-255,66,258176,70,287196
46077,0.039995,74.125.200.0-255,5738,263914,70,287196
46078,0.04001,172.31.40.0-255,66,263980,70,287196
46079,0.042366,74.125.200.0-255,5738,269718,70,287196
46080,0.04238,172.31.40.0-255,66,269784,70,287196
46081,0.044731,74.125.200.0-255,5738,275522,70,287196
46082,0.044748,172.31.40.0-255,66,275588,70,287196
46083,0.047116,74.125.200.0-255,5738,281326,70,287196
46084,0.047133,172.31.40.0-255,66,281392,70,287196
46085,0.049486,74.125.200.0-255,5738,287130,70,287196
46086,0.049502,172.31.40.0-255,66,287196,70,287196
46087,0.0,172.217.194.0-255,153,153,70,244895
46088,2e-05,172.31.40.0-255,66,219,70,244895
46089,2.8e-05,172.217.194.0-255,1484,1703,70,244895
46090,3.3e-05,172.31.40.0-255,66,1769,70,244895
46091,4.6e-05,172.217.194.0-255,2902,4671,70,244895
46092,4.9e-05,172.31.40.0-255,66,4737,70,244895
46093,8.2e-05,172.217.194.0-255,7156,11893,70,244895
46094,8.5e-05,172.31.40.0-255,66,11959,70,244895
46095,0.000154,172.217.194.0-255,2116,14075,70,244895
46096,0.000158,172.31.40.0-255,66,14141,70,244895
46097,0.000198,172.31.40.0-255,66,14207,70,244895
46098,0.000351,172.217.194.0-255,5379,19586,70,244895
46099,0.000356,172.31.40.0-255,66,19652,70,244895
46100,0.000415,172.217.194.0-255,2902,22554,70,244895
46101,0.000418,172.31.40.0-255,66,22620,70,244895
46102,0.000437,172.217.194.0-255,2902,25522,70,244895
46103,0.00044,172.31.40.0-255,66,25588,70,244895
46104,0.000504,172.217.194.0-255,7156,32744,70,244895
46105,0.000507,172.31.40.0-255,66,32810,70,244895
46106,0.000536,172.217.194.0-255,5379,38189,70,244895
46107,0.000539,172.31.40.0-255,66,38255,70,244895
46108,0.000673,172.217.194.0-255,1484,39739,70,244895
46109,0.000677,172.31.40.0-255,66,39805,70,244895
46110,0.000723,172.31.40.0-255,66,39871,70,244895
46111,0.000879,172.217.194.0-255,363,40234,70,244895
46112,0.000884,172.31.40.0-255,66,40300,70,244895
46113,0.000896,172.217.194.0-255,1484,41784,70,244895
46114,0.000902,172.31.40.0-255,66,41850,70,244895
46115,0.000942,172.31.40.0-255,66,41916,70,244895
46116,0.001176,172.217.194.0-255,7156,49072,70,244895
46117,0.001182,172.31.40.0-255,66,49138,70,244895
46118,0.0012,172.217.194.0-255,7856,56994,70,244895
46119,0.001207,172.31.40.0-255,66,57060,70,244895
46120,0.001376,172.217.194.0-255,1484,58544,70,244895
46121,0.001382,172.217.194.0-255,2902,61446,70,244895
46122,0.001385,172.31.40.0-255,66,61512,70,244895
46123,0.001413,172.217.194.0-255,2902,64414,70,244895
46124,0.001428,172.217.194.0-255,2902,67316,70,244895
46125,0.001432,172.31.40.0-255,66,67382,70,244895
46126,0.001436,172.31.40.0-255,66,67448,70,244895
46127,0.001502,172.217.194.0-255,5738,73186,70,244895
46128,0.001522,172.217.194.0-255,7156,80342,70,244895
46129,0.001535,172.31.40.0-255,66,80408,70,244895
46130,0.001684,172.217.194.0-255,5738,86146,70,244895
46131,0.001688,172.31.40.0-255,66,86212,70,244895
46132,0.00175,172.217.194.0-255,2902,89114,70,244895
46133,0.001764,172.217.194.0-255,2184,91298,70,244895
46134,0.001774,172.31.40.0-255,66,91364,70,244895
46135,0.001829,172.217.194.0-255,5738,97102,70,244895
46136,0.001835,172.31.40.0-255,66,97168,70,244895
46137,0.001863,172.217.194.0-255,7156,104324,70,244895
46138,0.001872,172.31.40.0-255,66,104390,70,244895
46139,0.002016,172.217.194.0-255,4320,108710,70,244895
46140,0.00202,172.31.40.0-255,66,108776,70,244895
46141,0.002054,172.217.194.0-255,5738,114514,70,244895
46142,0.002064,172.31.40.0-255,66,114580,70,244895
46143,0.002148,172.217.194.0-255,9992,124572,70,244895
46144,0.002165,172.217.194.0-255,766,125338,70,244895
46145,0.002618,172.217.194.0-255,10692,136030,70,244895
46146,0.006243,172.31.40.0-255,66,136096,70,244895
46147,0.008574,172.217.194.0-255,5738,141834,70,244895
46148,0.008582,172.31.40.0-255,66,141900,70,244895
46149,0.010885,172.217.194.0-255,5738,147638,70,244895
46150,0.010892,172.31.40.0-255,66,147704,70,244895
46151,0.013199,172.217.194.0-255,5738,153442,70,244895
46152,0.01321,172.31.40.0-255,66,153508,70,244895
46153,0.015506,172.217.194.0-255,5738,159246,70,244895
46154,0.015514,172.31.40.0-255,66,159312,70,244895
46155,0.01785,172.217.194.0-255,5738,165050,70,244895
46156,0.017858,172.31.40.0-255,66,165116,70,244895
46157,0.020172,172.217.194.0-255,5738,170854,70,244895
46158,0.02018,172.31.40.0-255,66,170920,70,244895
46159,0.022499,172.217.194.0-255,5738,176658,70,244895
46160,0.022507,172.31.40.0-255,66,176724,70,244895
46161,0.024681,172.31.40.0-255,172,176896,70,244895
46162,0.024711,172.31.40.0-255,1113,178009,70,244895
46163,0.024776,172.31.40.0-255,1514,179523,70,244895
46164,0.024778,172.31.40.0-255,1330,180853,70,244895
46165,0.024824,172.217.194.0-255,5738,186591,70,244895
46166,0.024829,172.31.40.0-255,66,186657,70,244895
46167,0.026209,104.244.42.0-255,66,186723,70,244895
46168,0.026244,104.244.42.0-255,66,186789,70,244895
46169,0.026369,104.244.42.0-255,66,186855,70,244895
46170,0.027181,172.217.194.0-255,5738,192593,70,244895
46171,0.027187,172.31.40.0-255,66,192659,70,244895
46172,0.029551,172.217.194.0-255,5738,198397,70,244895
46173,0.029569,172.31.40.0-255,66,198463,70,244895
46174,0.031938,172.217.194.0-255,5738,204201,70,244895
46175,0.033145,172.31.40.0-255,66,204267,70,244895
46176,0.035499,172.217.194.0-255,5738,210005,70,244895
46177,0.035516,172.31.40.0-255,66,210071,70,244895
46178,0.037827,172.217.194.0-255,5738,215809,70,244895
46179,0.037841,172.31.40.0-255,66,215875,70,244895
46180,0.040152,172.217.194.0-255,5738,221613,70,244895
46181,0.040159,172.31.40.0-255,66,221679,70,244895
46182,0.042464,172.217.194.0-255,5738,227417,70,244895
46183,0.042471,172.31.40.0-255,66,227483,70,244895
46184,0.044786,172.217.194.0-255,5738,233221,70,244895
46185,0.044792,172.31.40.0-255,66,233287,70,244895
46186,0.047118,172.217.194.0-255,5738,239025,70,244895
46187,0.047124,172.31.40.0-255,66,239091,70,244895
46188,0.04946,172.217.194.0-255,5738,244829,70,244895
46189,0.049466,172.31.40.0-255,66,244895,70,244895
46190,0.0,74.125.200.0-255,153,153,70,348096
46191,2.1e-05,172.31.40.0-255,66,219,70,348096
46192,2.8e-05,74.125.200.0-255,1484,1703,70,348096
46193,3.2e-05,172.31.40.0-255,66,1769,70,348096
46194,6.3e-05,74.125.200.0-255,1484,3253,70,348096
46195,6.5e-05,172.31.40.0-255,66,3319,70,348096
46196,7.6e-05,74.125.200.0-255,2902,6221,70,348096
46197,8e-05,172.31.40.0-255,66,6287,70,348096
46198,8.4e-05,74.125.200.0-255,1484,7771,70,348096
46199,8.7e-05,172.31.40.0-255,66,7837,70,348096
46200,9e-05,74.125.200.0-255,1484,9321,70,348096
46201,9.3e-05,172.31.40.0-255,66,9387,70,348096
46202,0.000119,74.125.200.0-255,1484,10871,70,348096
46203,0.000126,172.31.40.0-255,66,10937,70,348096
46204,0.00014,74.125.200.0-255,1484,12421,70,348096
46205,0.000143,172.31.40.0-255,66,12487,70,348096
46206,0.000174,74.125.200.0-255,1992,14479,70,348096
46207,0.000177,172.31.40.0-255,66,14545,70,348096
46208,0.000386,74.125.200.0-255,1484,16029,70,348096
46209,0.000392,172.31.40.0-255,66,16095,70,348096
46210,0.000398,74.125.200.0-255,2902,18997,70,348096
46211,0.000401,172.31.40.0-255,66,19063,70,348096
46212,0.000404,74.125.200.0-255,1484,20547,70,348096
46213,0.000406,172.31.40.0-255,66,20613,70,348096
46214,0.000437,74.125.200.0-255,4320,24933,70,348096
46215,0.00044,172.31.40.0-255,66,24999,70,348096
46216,0.000447,74.125.200.0-255,5738,30737,70,348096
46217,0.000453,172.31.40.0-255,66,30803,70,348096
46218,0.000486,74.125.200.0-255,1125,31928,70,348096
46219,0.000489,172.31.40.0-255,66,31994,70,348096
46220,0.000497,74.125.200.0-255,7156,39150,70,348096
46221,0.000499,172.31.40.0-255,66,39216,70,348096
46222,0.000507,74.125.200.0-255,2902,42118,70,348096
46223,0.00051,172.31.40.0-255,66,42184,70,348096
46224,0.000515,74.125.200.0-255,4320,46504,70,348096
46225,0.000517,172.31.40.0-255,66,46570,70,348096
46226,0.000557,74.125.200.0-255,8574,55144,70,348096
46227,0.000559,172.31.40.0-255,66,55210,70,348096
46228,0.000564,74.125.200.0-255,2902,58112,70,348096
46229,0.000565,172.31.40.0-255,66,58178,70,348096
46230,0.000593,74.125.200.0-255,2902,61080,70,348096
46231,0.000596,172.31.40.0-255,66,61146,70,348096
46232,0.000624,74.125.200.0-255,5020,66166,70,348096
46233,0.000627,172.31.40.0-255,66,66232,70,348096
46234,0.000736,74.125.200.0-255,400,66632,70,348096
46235,0.000758,74.125.200.0-255,110,66742,70,348096
46236,0.000878,74.125.200.0-255,1484,68226,70,348096
46237,0.000882,172.31.40.0-255,66,68292,70,348096
46238,0.000899,74.125.200.0-255,2902,71194,70,348096
46239,0.000903,172.31.40.0-255,66,71260,70,348096
46240,0.000934,74.125.200.0-255,4320,75580,70,348096
46241,0.000937,172.31.40.0-255,66,75646,70,348096
46242,0.000966,74.125.200.0-255,2902,78548,70,348096
46243,0.000969,172.31.40.0-255,66,78614,70,348096
46244,0.000999,74.125.200.0-255,5738,84352,70,348096
46245,0.001005,74.125.200.0-255,5738,90090,70,348096
46246,0.00101,172.31.40.0-255,66,90156,70,348096
46247,0.001013,172.31.40.0-255,66,90222,70,348096
46248,0.001044,74.125.200.0-255,7156,97378,70,348096
46249,0.001051,172.31.40.0-255,66,97444,70,348096
46250,0.001056,74.125.200.0-255,3602,101046,70,348096
46251,0.001059,172.31.40.0-255,66,101112,70,348096
46252,0.001098,74.125.200.0-255,330,101442,70,348096
46253,0.001173,74.125.200.0-255,1484,102926,70,348096
46254,0.001177,172.31.40.0-255,66,102992,70,348096
46255,0.001182,74.125.200.0-255,2902,105894,70,348096
46256,0.001184,172.31.40.0-255,66,105960,70,348096
46257,0.001205,74.125.200.0-255,1484,107444,70,348096
46258,0.001214,74.125.200.0-255,2902,110346,70,348096
46259,0.00123,74.125.200.0-255,1484,111830,70,348096
46260,0.001237,172.31.40.0-255,66,111896,70,348096
46261,0.001246,74.125.200.0-255,4320,116216,70,348096
46262,0.001249,74.125.200.0-255,1484,117700,70,348096
46263,0.001257,172.31.40.0-255,66,117766,70,348096
46264,0.001279,74.125.200.0-255,2902,120668,70,348096
46265,0.001285,74.125.200.0-255,5738,126406,70,348096
46266,0.001291,172.31.40.0-255,66,126472,70,348096
46267,0.001332,74.125.200.0-255,9274,135746,70,348096
46268,0.001337,172.31.40.0-255,66,135812,70,348096
46269,0.001486,74.125.200.0-255,1484,137296,70,348096
46270,0.00149,74.125.200.0-255,1484,138780,70,348096
46271,0.001493,172.31.40.0-255,66,138846,70,348096
46272,0.001507,74.125.200.0-255,1484,140330,70,348096
46273,0.001515,74.125.200.0-255,4320,144650,70,348096
46274,0.001524,172.31.40.0-255,66,144716,70,348096
46275,0.00153,74.125.200.0-255,1484,146200,70,348096
46276,0.001534,74.125.200.0-255,2902,149102,70,348096
46277,0.001541,74.125.200.0-255,4320,153422,70,348096
46278,0.001576,172.31.40.0-255,66,153488,70,348096
46279,0.001596,74.125.200.0-255,8574,162062,70,348096
46280,0.0016,74.125.200.0-255,2902,164964,70,348096
46281,0.001603,74.125.200.0-255,1484,166448,70,348096
46282,0.001613,172.31.40.0-255,66,166514,70,348096
46283,0.001621,74.125.200.0-255,2902,169416,70,348096
46284,0.001624,74.125.200.0-255,766,170182,70,348096
46285,0.001631,172.31.40.0-255,66,170248,70,348096
46286,0.001803,74.125.200.0-255,1484,171732,70,348096
46287,0.001806,74.125.200.0-255,1484,173216,70,348096
46288,0.001809,172.31.40.0-255,66,173282,70,348096
46289,0.001832,74.125.200.0-255,1484,174766,70,348096
46290,0.001838,74.125.200.0-255,5738,180504,70,348096
46291,0.001841,172.31.40.0-255,66,180570,70,348096
46292,0.001872,74.125.200.0-255,7156,187726,70,348096
46293,0.00188,172.31.40.0-255,66,187792,70,348096
46294,0.001904,74.125.200.0-255,9992,197784,70,348096
46295,0.001911,172.31.40.0-255,66,197850,70,348096
46296,0.001937,74.125.200.0-255,2902,200752,70,348096
46297,0.001941,172.31.40.0-255,66,200818,70,348096
46298,0.001957,74.125.200.0-255,3602,204420,70,348096
46299,0.001968,172.31.40.0-255,66,204486,70,348096
46300,0.003837,74.125.200.0-255,1484,205970,70,348096
46301,0.003857,74.125.200.0-255,4320,210290,70,348096
46302,0.003862,172.31.40.0-255,66,210356,70,348096
46303,0.005765,74.125.200.0-255,4320,214676,70,348096
46304,0.005768,172.31.40.0-255,66,214742,70,348096
46305,0.00578,74.125.200.0-255,1484,216226,70,348096
46306,0.007677,74.125.200.0-255,4320,220546,70,348096
46307,0.007683,172.31.40.0-255,66,220612,70,348096
46308,0.009603,74.125.200.0-255,5738,226350,70,348096
46309,0.00961,172.31.40.0-255,66,226416,70,348096
46310,0.011525,74.125.200.0-255,5738,232154,70,348096
46311,0.011531,172.31.40.0-255,66,232220,70,348096
46312,0.013442,74.125.200.0-255,5738,237958,70,348096
46313,0.01345,172.31.40.0-255,66,238024,70,348096
46314,0.015359,74.125.200.0-255,5738,243762,70,348096
46315,0.015366,172.31.40.0-255,66,243828,70,348096
46316,0.017278,74.125.200.0-255,5738,249566,70,348096
46317,0.017285,172.31.40.0-255,66,249632,70,348096
46318,0.019198,74.125.200.0-255,5738,255370,70,348096
46319,0.019203,172.31.40.0-255,66,255436,70,348096
46320,0.021121,74.125.200.0-255,5738,261174,70,348096
46321,0.021144,172.31.40.0-255,66,261240,70,348096
46322,0.023075,74.125.200.0-255,5738,266978,70,348096
46323,0.023083,172.31.40.0-255,66,267044,70,348096
46324,0.024992,74.125.200.0-255,5738,272782,70,348096
46325,0.024998,172.31.40.0-255,66,272848,70,348096
46326,0.026918,74.125.200.0-255,5738,278586,70,348096
46327,0.026926,172.31.40.0-255,66,278652,70,348096
46328,0.028846,74.125.200.0-255,5738,284390,70,348096
46329,0.028854,172.31.40.0-255,66,284456,70,348096
46330,0.030396,172.31.40.0-255,172,284628,70,348096
46331,0.030425,172.31.40.0-255,1118,285746,70,348096
46332,0.030489,172.31.40.0-255,1514,287260,70,348096
46333,0.030491,172.31.40.0-255,1514,288774,70,348096
46334,0.030492,172.31.40.0-255,844,289618,70,348096
46335,0.030763,74.125.200.0-255,5738,295356,70,348096
46336,0.03077,172.31.40.0-255,66,295422,70,348096
46337,0.031968,104.244.42.0-255,66,295488,70,348096
46338,0.031996,104.244.42.0-255,66,295554,70,348096
46339,0.03205,104.244.42.0-255,66,295620,70,348096
46340,0.032054,104.244.42.0-255,66,295686,70,348096
46341,0.032717,74.125.200.0-255,5738,301424,70,348096
46342,0.032724,172.31.40.0-255,66,301490,70,348096
46343,0.032753,104.244.42.0-255,108,301598,70,348096
46344,0.032756,172.31.40.0-255,66,301664,70,348096
46345,0.034646,74.125.200.0-255,5738,307402,70,348096
46346,0.034652,172.31.40.0-255,66,307468,70,348096
46347,0.036566,74.125.200.0-255,5738,313206,70,348096
46348,0.036572,172.31.40.0-255,66,313272,70,348096
46349,0.038497,74.125.200.0-255,5738,319010,70,348096
46350,0.038503,172.31.40.0-255,66,319076,70,348096
46351,0.040428,74.125.200.0-255,5738,324814,70,348096
46352,0.040435,172.31.40.0-255,66,324880,70,348096
46353,0.042356,74.125.200.0-255,5738,330618,70,348096
46354,0.042362,172.31.40.0-255,66,330684,70,348096
46355,0.044328,74.125.200.0-255,5738,336422,70,348096
46356,0.044334,172.31.40.0-255,66,336488,70,348096
46357,0.046278,74.125.200.0-255,5738,342226,70,348096
46358,0.046287,172.31.40.0-255,66,342292,70,348096
46359,0.048204,74.125.200.0-255,5738,348030,70,348096
46360,0.048209,172.31.40.0-255,66,348096,70,348096
46361,0.0,172.217.194.0-255,153,153,70,276525
46362,2.4e-05,172.31.40.0-255,66,219,70,276525
46363,3.2e-05,172.217.194.0-255,1484,1703,70,276525
46364,3.6e-05,172.31.40.0-255,66,1769,70,276525
46365,4.2e-05,172.217.194.0-255,2902,4671,70,276525
46366,4.6e-05,172.31.40.0-255,66,4737,70,276525
46367,6e-05,172.217.194.0-255,4320,9057,70,276525
46368,6.3e-05,172.31.40.0-255,66,9123,70,276525
46369,7.2e-05,172.217.194.0-255,8991,18114,70,276525
46370,7.7e-05,172.31.40.0-255,66,18180,70,276525
46371,8.3e-05,172.217.194.0-255,4320,22500,70,276525
46372,8.5e-05,172.31.40.0-255,66,22566,70,276525
46373,0.000114,172.217.194.0-255,8215,30781,70,276525
46374,0.000121,172.31.40.0-255,66,30847,70,276525
46375,0.000157,172.217.194.0-255,1484,32331,70,276525
46376,0.00016,172.31.40.0-255,66,32397,70,276525
46377,0.000179,172.217.194.0-255,2902,35299,70,276525
46378,0.000182,172.31.40.0-255,66,35365,70,276525
46379,0.000188,172.217.194.0-255,5738,41103,70,276525
46380,0.000191,172.31.40.0-255,66,41169,70,276525
46381,0.000231,172.31.40.0-255,66,41235,70,276525
46382,0.00025,172.217.194.0-255,2543,43778,70,276525
46383,0.000253,172.31.40.0-255,66,43844,70,276525
46384,0.000264,172.217.194.0-255,9925,53769,70,276525
46385,0.000267,172.31.40.0-255,66,53835,70,276525
46386,0.000297,172.217.194.0-255,363,54198,70,276525
46387,0.0003,172.31.40.0-255,66,54264,70,276525
46388,0.000379,172.217.194.0-255,1484,55748,70,276525
46389,0.000382,172.31.40.0-255,66,55814,70,276525
46390,0.000388,172.217.194.0-255,2902,58716,70,276525
46391,0.000391,172.31.40.0-255,66,58782,70,276525
46392,0.000422,172.217.194.0-255,5738,64520,70,276525
46393,0.000425,172.31.40.0-255,66,64586,70,276525
46394,0.00048,172.31.40.0-255,66,64652,70,276525
46395,0.000489,172.217.194.0-255,9633,74285,70,276525
46396,0.000496,172.31.40.0-255,66,74351,70,276525
46397,0.000639,172.217.194.0-255,1484,75835,70,276525
46398,0.000646,172.217.194.0-255,2902,78737,70,276525
46399,0.00065,172.31.40.0-255,66,78803,70,276525
46400,0.000657,172.217.194.0-255,4320,83123,70,276525
46401,0.000659,172.31.40.0-255,66,83189,70,276525
46402,0.000693,172.217.194.0-255,1484,84673,70,276525
46403,0.000708,172.31.40.0-255,66,84739,70,276525
46404,0.000717,172.217.194.0-255,8574,93313,70,276525
46405,0.000719,172.31.40.0-255,66,93379,70,276525
46406,0.000746,172.217.194.0-255,2184,95563,70,276525
46407,0.000749,172.31.40.0-255,66,95629,70,276525
46408,0.001789,172.217.194.0-255,1484,97113,70,276525
46409,0.001795,172.217.194.0-255,2902,100015,70,276525
46410,0.001799,172.31.40.0-255,66,100081,70,276525
46411,0.001807,172.217.194.0-255,5738,105819,70,276525
46412,0.001808,172.31.40.0-255,66,105885,70,276525
46413,0.001812,172.217.194.0-255,1484,107369,70,276525
46414,0.001835,172.217.194.0-255,5738,113107,70,276525
46415,0.001837,172.31.40.0-255,66,113173,70,276525
46416,0.00184,172.217.194.0-255,1484,114657,70,276525
46417,0.001874,172.31.40.0-255,66,114723,70,276525
46418,0.001877,172.217.194.0-255,2184,116907,70,276525
46419,0.001879,172.31.40.0-255,66,116973,70,276525
46420,0.001934,172.217.194.0-255,1484,118457,70,276525
46421,0.001946,172.217.194.0-255,2902,121359,70,276525
46422,0.001948,172.31.40.0-255,66,121425,70,276525
46423,0.001952,172.217.194.0-255,1484,122909,70,276525
46424,0.001975,172.217.194.0-255,4320,127229,70,276525
46425,0.001977,172.31.40.0-255,66,127295,70,276525
46426,0.001982,172.217.194.0-255,5738,133033,70,276525
46427,0.001984,172.31.40.0-255,66,133099,70,276525
46428,0.001987,172.217.194.0-255,1484,134583,70,276525
46429,0.002019,172.31.40.0-255,66,134649,70,276525
46430,0.002025,172.217.194.0-255,5020,139669,70,276525
46431,0.002027,172.31.40.0-255,66,139735,70,276525
46432,0.002184,172.217.194.0-255,1484,141219,70,276525
46433,0.002204,172.217.194.0-255,2902,144121,70,276525
46434,0.002207,172.31.40.0-255,66,144187,70,276525
46435,0.002249,172.217.194.0-255,2902,147089,70,276525
46436,0.002251,172.31.40.0-255,66,147155,70,276525
46437,0.002289,172.217.194.0-255,2902,150057,70,276525
46438,0.002292,172.31.40.0-255,66,150123,70,276525
46439,0.002316,172.217.194.0-255,4320,154443,70,276525
46440,0.002319,172.31.40.0-255,66,154509,70,276525
46441,0.002322,172.217.194.0-255,1484,155993,70,276525
46442,0.002345,172.217.194.0-255,4320,160313,70,276525
46443,0.002347,172.217.194.0-255,1484,161797,70,276525
46444,0.002351,172.31.40.0-255,66,161863,70,276525
46445,0.004674,172.217.194.0-255,4320,166183,70,276525
46446,0.004684,172.31.40.0-255,66,166249,70,276525
46447,0.006991,172.217.194.0-255,5738,171987,70,276525
46448,0.006995,172.31.40.0-255,66,172053,70,276525
46449,0.00932,172.217.194.0-255,5738,177791,70,276525
46450,0.009328,172.31.40.0-255,66,177857,70,276525
46451,0.011617,172.217.194.0-255,5738,183595,70,276525
46452,0.011628,172.31.40.0-255,66,183661,70,276525
46453,0.013937,172.217.194.0-255,5738,189399,70,276525
46454,0.013949,172.31.40.0-255,66,189465,70,276525
46455,0.0163,172.217.194.0-255,5738,195203,70,276525
46456,0.016313,172.31.40.0-255,66,195269,70,276525
46457,0.018673,172.217.194.0-255,5738,201007,70,276525
46458,0.018691,172.31.40.0-255,66,201073,70,276525
46459,0.021032,172.217.194.0-255,5738,206811,70,276525
46460,0.021046,172.31.40.0-255,66,206877,70,276525
46461,0.023367,172.217.194.0-255,5738,212615,70,276525
46462,0.023383,172.31.40.0-255,66,212681,70,276525
46463,0.025715,172.217.194.0-255,5738,218419,70,276525
46464,0.025724,172.31.40.0-255,66,218485,70,276525
46465,0.02801,172.217.194.0-255,5738,224223,70,276525
46466,0.028018,172.31.40.0-255,66,224289,70,276525
46467,0.030348,172.217.194.0-255,5738,230027,70,276525
46468,0.030356,172.31.40.0-255,66,230093,70,276525
46469,0.032682,172.217.194.0-255,5738,235831,70,276525
46470,0.032696,172.31.40.0-255,66,235897,70,276525
46471,0.034995,172.217.194.0-255,5738,241635,70,276525
46472,0.035003,172.31.40.0-255,66,241701,70,276525
46473,0.037337,172.217.194.0-255,5738,247439,70,276525
46474,0.037356,172.31.40.0-255,66,247505,70,276525
46475,0.039674,172.217.194.0-255,5738,253243,70,276525
46476,0.039686,172.31.40.0-255,66,253309,70,276525
46477,0.042022,172.217.194.0-255,5738,259047,70,276525
46478,0.042038,172.31.40.0-255,66,259113,70,276525
46479,0.044367,172.217.194.0-255,5738,264851,70,276525
46480,0.044377,172.31.40.0-255,66,264917,70,276525
46481,0.046717,172.217.194.0-255,5738,270655,70,276525
46482,0.046741,172.31.40.0-255,66,270721,70,276525
46483,0.049057,172.217.194.0-255,5738,276459,70,276525
46484,0.049068,172.31.40.0-255,66,276525,70,276525
46485,0.0,74.125.24.0-255,146,146,70,288634
46486,2.3e-05,172.31.40.0-255,66,212,70,288634
46487,2.9e-05,74.125.24.0-255,1484,1696,70,288634
46488,3.4e-05,172.31.40.0-255,66,1762,70,288634
46489,4e-05,74.125.24.0-255,2902,4664,70,288634
46490,4.3e-05,172.31.40.0-255,66,4730,70,288634
46491,5.8e-05,74.125.24.0-255,7156,11886,70,288634
46492,6.2e-05,172.31.40.0-255,66,11952,70,288634
46493,6.6e-05,74.125.24.0-255,2073,14025,70,288634
46494,6.9e-05,172.31.40.0-255,66,14091,70,288634
46495,9.5e-05,74.125.24.0-255,2902,16993,70,288634
46496,9.8e-05,172.31.40.0-255,66,17059,70,288634
46497,0.00011,74.125.24.0-255,7156,24215,70,288634
46498,0.000113,172.31.40.0-255,66,24281,70,288634
46499,0.000121,74.125.24.0-255,8574,32855,70,288634
46500,0.000124,172.31.40.0-255,66,32921,70,288634
46501,0.000174,74.125.24.0-255,7156,40077,70,288634
46502,0.000178,172.31.40.0-255,66,40143,70,288634
46503,0.000211,74.125.24.0-255,7856,47999,70,288634
46504,0.000215,172.31.40.0-255,66,48065,70,288634
46505,0.000227,172.31.40.0-255,66,48131,70,288634
46506,0.000251,74.125.24.0-255,4320,52451,70,288634
46507,0.000254,172.31.40.0-255,66,52517,70,288634
46508,0.000257,74.125.24.0-255,1403,53920,70,288634
46509,0.000259,172.31.40.0-255,66,53986,70,288634
46510,0.00048,74.125.24.0-255,129,54115,70,288634
46511,0.000486,172.31.40.0-255,66,54181,70,288634
46512,0.000519,172.31.40.0-255,101,54282,70,288634
46513,0.000577,74.125.24.0-255,1484,55766,70,288634
46514,0.000582,74.125.24.0-255,1484,57250,70,288634
46515,0.000585,172.31.40.0-255,66,57316,70,288634
46516,0.000613,74.125.24.0-255,1484,58800,70,288634
46517,0.000623,74.125.24.0-255,5738,64538,70,288634
46518,0.000626,172.31.40.0-255,66,64604,70,288634
46519,0.000631,74.125.24.0-255,2902,67506,70,288634
46520,0.000633,172.31.40.0-255,66,67572,70,288634
46521,0.000659,74.125.24.0-255,3961,71533,70,288634
46522,0.000666,172.31.40.0-255,66,71599,70,288634
46523,0.00069,74.125.24.0-255,1484,73083,70,288634
46524,0.000695,74.125.24.0-255,2902,75985,70,288634
46525,0.000698,172.31.40.0-255,66,76051,70,288634
46526,0.00073,74.125.24.0-255,5738,81789,70,288634
46527,0.000733,172.31.40.0-255,66,81855,70,288634
46528,0.00074,74.125.24.0-255,6797,88652,70,288634
46529,0.000743,172.31.40.0-255,66,88718,70,288634
46530,0.001731,74.125.24.0-255,1484,90202,70,288634
46531,0.001741,74.125.24.0-255,2902,93104,70,288634
46532,0.001746,172.31.40.0-255,66,93170,70,288634
46533,0.001754,74.125.24.0-255,5738,98908,70,288634
46534,0.001756,172.31.40.0-255,66,98974,70,288634
46535,0.001807,172.31.40.0-255,66,99040,70,288634
46536,0.001817,74.125.24.0-255,10692,109732,70,288634
46537,0.00182,172.31.40.0-255,66,109798,70,288634
46538,0.002046,74.125.24.0-255,1484,111282,70,288634
46539,0.002054,74.125.24.0-255,2902,114184,70,288634
46540,0.002057,172.31.40.0-255,66,114250,70,288634
46541,0.00209,74.125.24.0-255,5738,119988,70,288634
46542,0.002094,172.31.40.0-255,66,120054,70,288634
46543,0.0021,74.125.24.0-255,4320,124374,70,288634
46544,0.002102,172.31.40.0-255,66,124440,70,288634
46545,0.002124,74.125.24.0-255,8574,133014,70,288634
46546,0.002127,172.31.40.0-255,66,133080,70,288634
46547,0.002138,74.125.24.0-255,10692,143772,70,288634
46548,0.00214,172.31.40.0-255,66,143838,70,288634
46549,0.002186,74.125.24.0-255,1484,145322,70,288634
46550,0.002198,74.125.24.0-255,1484,146806,70,288634
46551,0.002201,172.31.40.0-255,66,146872,70,288634
46552,0.002228,74.125.24.0-255,1484,148356,70,288634
46553,0.002233,74.125.24.0-255,2902,151258,70,288634
46554,0.002236,172.31.40.0-255,66,151324,70,288634
46555,0.002244,74.125.24.0-255,7156,158480,70,288634
46556,0.002245,172.31.40.0-255,66,158546,70,288634
46557,0.002287,172.31.40.0-255,66,158612,70,288634
46558,0.002311,74.125.24.0-255,2902,161514,70,288634
46559,0.002314,172.31.40.0-255,66,161580,70,288634
46560,0.00232,74.125.24.0-255,5020,166600,70,288634
46561,0.002322,172.31.40.0-255,66,166666,70,288634
46562,0.002763,74.125.24.0-255,66,166732,70,288634
46563,0.004662,74.125.24.0-255,5738,172470,70,288634
46564,0.004668,172.31.40.0-255,66,172536,70,288634
46565,0.006993,74.125.24.0-255,5738,178274,70,288634
46566,0.006997,172.31.40.0-255,66,178340,70,288634
46567,0.009279,74.125.24.0-255,5738,184078,70,288634
46568,0.009285,172.31.40.0-255,66,184144,70,288634
46569,0.011577,74.125.24.0-255,5738,189882,70,288634
46570,0.011585,172.31.40.0-255,66,189948,70,288634
46571,0.013905,74.125.24.0-255,5738,195686,70,288634
46572,0.013914,172.31.40.0-255,66,195752,70,288634
46573,0.016201,74.125.24.0-255,5738,201490,70,288634
46574,0.016211,172.31.40.0-255,66,201556,70,288634
46575,0.018525,74.125.24.0-255,5738,207294,70,288634
46576,0.018532,172.31.40.0-255,66,207360,70,288634
46577,0.02086,74.125.24.0-255,5738,213098,70,288634
46578,0.020868,172.31.40.0-255,66,213164,70,288634
46579,0.023187,74.125.24.0-255,5738,218902,70,288634
46580,0.023194,172.31.40.0-255,66,218968,70,288634
46581,0.025485,74.125.24.0-255,5738,224706,70,288634
46582,0.025493,172.31.40.0-255,66,224772,70,288634
46583,0.027791,74.125.24.0-255,5738,230510,70,288634
46584,0.027798,172.31.40.0-255,66,230576,70,288634
46585,0.028228,172.31.40.0-255,172,230748,70,288634
46586,0.028257,172.31.40.0-255,1118,231866,70,288634
46587,0.028317,172.31.40.0-255,1514,233380,70,288634
46588,0.028319,172.31.40.0-255,1514,234894,70,288634
46589,0.028344,172.31.40.0-255,844,235738,70,288634
46590,0.029774,104.244.42.0-255,66,235804,70,288634
46591,0.029822,104.244.42.0-255,66,235870,70,288634
46592,0.029921,104.244.42.0-255,66,235936,70,288634
46593,0.029927,104.244.42.0-255,66,236002,70,288634
46594,0.030111,74.125.24.0-255,2902,238904,70,288634
46595,0.030118,172.31.40.0-255,66,238970,70,288634
46596,0.03015,74.125.24.0-255,2902,241872,70,288634
46597,0.030153,172.31.40.0-255,66,241938,70,288634
46598,0.032405,74.125.24.0-255,2902,244840,70,288634
46599,0.032412,172.31.40.0-255,66,244906,70,288634
46600,0.032476,74.125.24.0-255,2902,247808,70,288634
46601,0.032479,172.31.40.0-255,66,247874,70,288634
46602,0.034763,74.125.24.0-255,2902,250776,70,288634
46603,0.03477,172.31.40.0-255,66,250842,70,288634
46604,0.03481,74.125.24.0-255,2902,253744,70,288634
46605,0.034813,172.31.40.0-255,66,253810,70,288634
46606,0.037132,74.125.24.0-255,5738,259548,70,288634
46607,0.037138,172.31.40.0-255,66,259614,70,288634
46608,0.039431,74.125.24.0-255,5738,265352,70,288634
46609,0.039436,172.31.40.0-255,66,265418,70,288634
46610,0.041758,74.125.24.0-255,5738,271156,70,288634
46611,0.041767,172.31.40.0-255,66,271222,70,288634
46612,0.044078,74.125.24.0-255,5738,276960,70,288634
46613,0.044085,172.31.40.0-255,66,277026,70,288634
46614,0.046424,74.125.24.0-255,5738,282764,70,288634
46615,0.04643,172.31.40.0-255,66,282830,70,288634
46616,0.048826,74.125.24.0-255,5738,288568,70,288634
46617,0.048833,172.31.40.0-255,66,288634,70,288634
46618,0.0,74.125.24.0-255,146,146,70,349096
46619,2.3e-05,172.31.40.0-255,66,212,70,349096
46620,3e-05,74.125.24.0-255,1484,1696,70,349096
46621,3.5e-05,172.31.40.0-255,66,1762,70,349096
46622,4.6e-05,74.125.24.0-255,1484,3246,70,349096
46623,5e-05,172.31.40.0-255,66,3312,70,349096
46624,5.8e-05,74.125.24.0-255,4320,7632,70,349096
46625,6.1e-05,172.31.40.0-255,66,7698,70,349096
46626,0.000102,74.125.24.0-255,10510,18208,70,349096
46627,0.000106,172.31.40.0-255,66,18274,70,349096
46628,0.000109,74.125.24.0-255,1484,19758,70,349096
46629,0.000111,172.31.40.0-255,66,19824,70,349096
46630,0.000152,74.125.24.0-255,9992,29816,70,349096
46631,0.000155,172.31.40.0-255,66,29882,70,349096
46632,0.000158,74.125.24.0-255,1125,31007,70,349096
46633,0.00016,172.31.40.0-255,66,31073,70,349096
46634,0.000795,74.125.24.0-255,1484,32557,70,349096
46635,0.0008,172.31.40.0-255,66,32623,70,349096
46636,0.000808,74.125.24.0-255,2902,35525,70,349096
46637,0.00081,172.31.40.0-255,66,35591,70,349096
46638,0.000813,74.125.24.0-255,1484,37075,70,349096
46639,0.000819,172.31.40.0-255,66,37141,70,349096
46640,0.000843,74.125.24.0-255,4320,41461,70,349096
46641,0.000845,172.31.40.0-255,66,41527,70,349096
46642,0.000851,74.125.24.0-255,7156,48683,70,349096
46643,0.000853,172.31.40.0-255,66,48749,70,349096
46644,0.000882,74.125.24.0-255,1484,50233,70,349096
46645,0.000884,172.31.40.0-255,66,50299,70,349096
46646,0.000893,74.125.24.0-255,9992,60291,70,349096
46647,0.000895,172.31.40.0-255,66,60357,70,349096
46648,0.000904,74.125.24.0-255,5020,65377,70,349096
46649,0.000907,172.31.40.0-255,66,65443,70,349096
46650,0.000932,74.125.24.0-255,410,65853,70,349096
46651,0.000934,172.31.40.0-255,66,65919,70,349096
46652,0.000967,74.125.24.0-255,1484,67403,70,349096
46653,0.000998,74.125.24.0-255,4320,71723,70,349096
46654,0.001016,74.125.24.0-255,7156,78879,70,349096
46655,0.001047,74.125.24.0-255,5738,84617,70,349096
46656,0.001067,74.125.24.0-255,9992,94609,70,349096
46657,0.001102,74.125.24.0-255,2902,97511,70,349096
46658,0.001121,74.125.24.0-255,2452,99963,70,349096
46659,0.001181,74.125.24.0-255,1484,101447,70,349096
46660,0.001197,74.125.24.0-255,2902,104349,70,349096
46661,0.001223,74.125.24.0-255,4320,108669,70,349096
46662,0.001233,74.125.24.0-255,1484,110153,70,349096
46663,0.001246,74.125.24.0-255,2902,113055,70,349096
46664,0.001273,74.125.24.0-255,9992,123047,70,349096
46665,0.001309,74.125.24.0-255,2902,125949,70,349096
46666,0.00133,74.125.24.0-255,7856,133805,70,349096
46667,0.001957,74.125.24.0-255,1484,135289,70,349096
46668,0.001964,74.125.24.0-255,2902,138191,70,349096
46669,0.001973,74.125.24.0-255,1484,139675,70,349096
46670,0.001984,74.125.24.0-255,2902,142577,70,349096
46671,0.002001,74.125.24.0-255,1484,144061,70,349096
46672,0.002015,74.125.24.0-255,5738,149799,70,349096
46673,0.002036,74.125.24.0-255,7156,156955,70,349096
46674,0.002055,74.125.24.0-255,1484,158439,70,349096
46675,0.002077,74.125.24.0-255,9274,167713,70,349096
46676,0.002229,74.125.24.0-255,1484,169197,70,349096
46677,0.002233,74.125.24.0-255,1484,170681,70,349096
46678,0.002243,74.125.24.0-255,1484,172165,70,349096
46679,0.002256,74.125.24.0-255,4320,176485,70,349096
46680,0.002279,74.125.24.0-255,5738,182223,70,349096
46681,0.002294,74.125.24.0-255,1484,183707,70,349096
46682,0.002323,74.125.24.0-255,9992,193699,70,349096
46683,0.002328,74.125.24.0-255,4320,198019,70,349096
46684,0.002331,74.125.24.0-255,2902,200921,70,349096
46685,0.002334,74.125.24.0-255,766,201687,70,349096
46686,0.002359,74.125.24.0-255,4320,206007,70,349096
46687,0.002362,74.125.24.0-255,1484,207491,70,349096
46688,0.002395,74.125.24.0-255,2902,210393,70,349096
46689,0.002428,74.125.24.0-255,1484,211877,70,349096
46690,0.002444,74.125.24.0-255,1484,213361,70,349096
46691,0.002468,74.125.24.0-255,10692,224053,70,349096
46692,0.002538,74.125.24.0-255,1484,225537,70,349096
46693,0.002557,74.125.24.0-255,2902,228439,70,349096
46694,0.00257,74.125.24.0-255,1484,229923,70,349096
46695,0.002587,74.125.24.0-255,2902,232825,70,349096
46696,0.002599,74.125.24.0-255,1484,234309,70,349096
46697,0.002613,74.125.24.0-255,1484,235793,70,349096
46698,0.002635,74.125.24.0-255,5738,241531,70,349096
46699,0.002647,74.125.24.0-255,7156,248687,70,349096
46700,0.002668,74.125.24.0-255,2902,251589,70,349096
46701,0.002686,74.125.24.0-255,6438,258027,70,349096
46702,0.00289,74.125.24.0-255,1484,259511,70,349096
46703,0.002893,74.125.24.0-255,1484,260995,70,349096
46704,0.002902,74.125.24.0-255,1484,262479,70,349096
46705,0.002907,74.125.24.0-255,2902,265381,70,349096
46706,0.002926,74.125.24.0-255,2902,268283,70,349096
46707,0.002932,74.125.24.0-255,5738,274021,70,349096
46708,0.002934,74.125.24.0-255,1484,275505,70,349096
46709,0.00295,74.125.24.0-255,9992,285497,70,349096
46710,0.002959,74.125.24.0-255,1484,286981,70,349096
46711,0.002974,74.125.24.0-255,4320,291301,70,349096
46712,0.002996,74.125.24.0-255,6438,297739,70,349096
46713,0.003005,74.125.24.0-255,9992,307731,70,349096
46714,0.003014,74.125.24.0-255,1484,309215,70,349096
46715,0.003027,74.125.24.0-255,4320,313535,70,349096
46716,0.003071,74.125.24.0-255,1484,315019,70,349096
46717,0.003082,74.125.24.0-255,2902,317921,70,349096
46718,0.003109,74.125.24.0-255,4320,322241,70,349096
46719,0.003118,74.125.24.0-255,1484,323725,70,349096
46720,0.003198,74.125.24.0-255,4320,328045,70,349096
46721,0.003216,74.125.24.0-255,4320,332365,70,349096
46722,0.00322,74.125.24.0-255,2902,335267,70,349096
46723,0.003232,74.125.24.0-255,1484,336751,70,349096
46724,0.00325,74.125.24.0-255,5738,342489,70,349096
46725,0.003256,74.125.24.0-255,5075,347564,70,349096
46726,0.003258,74.125.24.0-255,97,347661,70,349096
46727,0.003318,74.125.24.0-255,105,347766,70,349096
46728,0.010652,74.125.24.0-255,105,347871,70,349096
46729,0.010675,172.31.40.0-255,78,347949,70,349096
46730,0.015205,172.31.40.0-255,105,348054,70,349096
46731,0.017503,74.125.24.0-255,66,348120,70,349096
46732,0.044429,172.31.40.0-255,230,348350,70,349096
46733,0.044465,172.31.40.0-255,614,348964,70,349096
46734,0.045975,104.244.42.0-255,66,349030,70,349096
46735,0.046021,104.244.42.0-255,66,349096,70,349096
46736,0.0,172.217.194.0-255,153,153,70,268302
46737,2.3e-05,172.31.40.0-255,66,219,70,268302
46738,3.1e-05,172.217.194.0-255,1484,1703,70,268302
46739,3.5e-05,172.31.40.0-255,66,1769,70,268302
46740,4e-05,172.217.194.0-255,2902,4671,70,268302
46741,4.3e-05,172.31.40.0-255,66,4737,70,268302
46742,4.7e-05,172.217.194.0-255,2902,7639,70,268302
46743,5.1e-05,172.31.40.0-255,66,7705,70,268302
46744,0.000104,172.217.194.0-255,2902,10607,70,268302
46745,0.000108,172.31.40.0-255,66,10673,70,268302
46746,0.000126,172.217.194.0-255,3356,14029,70,268302
46747,0.000129,172.31.40.0-255,66,14095,70,268302
46748,0.000215,172.217.194.0-255,1484,15579,70,268302
46749,0.000219,172.31.40.0-255,66,15645,70,268302
46750,0.000225,172.217.194.0-255,2902,18547,70,268302
46751,0.000228,172.31.40.0-255,66,18613,70,268302
46752,0.000234,172.217.194.0-255,5738,24351,70,268302
46753,0.000236,172.31.40.0-255,66,24417,70,268302
46754,0.000243,172.217.194.0-255,5738,30155,70,268302
46755,0.000246,172.31.40.0-255,66,30221,70,268302
46756,0.000273,172.217.194.0-255,1484,31705,70,268302
46757,0.000276,172.31.40.0-255,66,31771,70,268302
46758,0.000313,172.31.40.0-255,66,31837,70,268302
46759,0.000351,172.31.40.0-255,66,31903,70,268302
46760,0.000364,172.217.194.0-255,2902,34805,70,268302
46761,0.000366,172.31.40.0-255,66,34871,70,268302
46762,0.000374,172.217.194.0-255,6752,41623,70,268302
46763,0.000377,172.31.40.0-255,66,41689,70,268302
46764,0.000438,172.217.194.0-255,364,42053,70,268302
46765,0.000441,172.31.40.0-255,66,42119,70,268302
46766,0.000533,172.217.194.0-255,1484,43603,70,268302
46767,0.000555,172.217.194.0-255,2902,46505,70,268302
46768,0.000558,172.31.40.0-255,66,46571,70,268302
46769,0.000565,172.217.194.0-255,5738,52309,70,268302
46770,0.000568,172.31.40.0-255,66,52375,70,268302
46771,0.000613,172.31.40.0-255,66,52441,70,268302
46772,0.00062,172.217.194.0-255,7156,59597,70,268302
46773,0.000623,172.31.40.0-255,66,59663,70,268302
46774,0.000648,172.217.194.0-255,3602,63265,70,268302
46775,0.000651,172.31.40.0-255,66,63331,70,268302
46776,0.000854,172.217.194.0-255,1484,64815,70,268302
46777,0.000862,172.217.194.0-255,2902,67717,70,268302
46778,0.000866,172.31.40.0-255,66,67783,70,268302
46779,0.000874,172.217.194.0-255,5738,73521,70,268302
46780,0.000877,172.31.40.0-255,66,73587,70,268302
46781,0.000914,172.31.40.0-255,66,73653,70,268302
46782,0.000936,172.217.194.0-255,1484,75137,70,268302
46783,0.000945,172.217.194.0-255,9992,85129,70,268302
46784,0.000948,172.31.40.0-255,66,85195,70,268302
46785,0.000951,172.217.194.0-255,766,85961,70,268302
46786,0.001919,172.217.194.0-255,1484,87445,70,268302
46787,0.001924,172.31.40.0-255,66,87511,70,268302
46788,0.00193,172.217.194.0-255,2902,90413,70,268302
46789,0.001933,172.31.40.0-255,66,90479,70,268302
46790,0.001936,172.217.194.0-255,1484,91963,70,268302
46791,0.001959,172.217.194.0-255,4320,96283,70,268302
46792,0.001962,172.31.40.0-255,66,96349,70,268302
46793,0.001975,172.31.40.0-255,66,96415,70,268302
46794,0.002004,172.217.194.0-255,1484,97899,70,268302
46795,0.002014,172.217.194.0-255,10692,108591,70,268302
46796,0.002018,172.31.40.0-255,66,108657,70,268302
46797,0.002136,172.217.194.0-255,1484,110141,70,268302
46798,0.002157,172.217.194.0-255,2902,113043,70,268302
46799,0.002161,172.31.40.0-255,66,113109,70,268302
46800,0.002168,172.217.194.0-255,5738,118847,70,268302
46801,0.00217,172.31.40.0-255,66,118913,70,268302
46802,0.002172,172.217.194.0-255,1484,120397,70,268302
46803,0.002207,172.31.40.0-255,66,120463,70,268302
46804,0.002216,172.217.194.0-255,9992,130455,70,268302
46805,0.002219,172.31.40.0-255,66,130521,70,268302
46806,0.002241,172.217.194.0-255,3602,134123,70,268302
46807,0.002244,172.31.40.0-255,66,134189,70,268302
46808,0.00226,172.31.40.0-255,66,134255,70,268302
46809,0.002277,172.217.194.0-255,2902,137157,70,268302
46810,0.002279,172.31.40.0-255,66,137223,70,268302
46811,0.002299,172.217.194.0-255,10692,147915,70,268302
46812,0.002302,172.31.40.0-255,66,147981,70,268302
46813,0.004593,172.217.194.0-255,5738,153719,70,268302
46814,0.0046,172.31.40.0-255,66,153785,70,268302
46815,0.006877,172.217.194.0-255,4320,158105,70,268302
46816,0.006881,172.31.40.0-255,66,158171,70,268302
46817,0.006894,172.217.194.0-255,1484,159655,70,268302
46818,0.009156,172.217.194.0-255,4320,163975,70,268302
46819,0.009162,172.31.40.0-255,66,164041,70,268302
46820,0.011418,172.217.194.0-255,5738,169779,70,268302
46821,0.011426,172.31.40.0-255,66,169845,70,268302
46822,0.013689,172.217.194.0-255,5738,175583,70,268302
46823,0.013696,172.31.40.0-255,66,175649,70,268302
46824,0.015993,172.217.194.0-255,5738,181387,70,268302
46825,0.016012,172.31.40.0-255,66,181453,70,268302
46826,0.018296,172.217.194.0-255,5738,187191,70,268302
46827,0.018313,172.31.40.0-255,66,187257,70,268302
46828,0.02059,172.217.194.0-255,5738,192995,70,268302
46829,0.020606,172.31.40.0-255,66,193061,70,268302
46830,0.022849,172.217.194.0-255,5738,198799,70,268302
46831,0.022859,172.31.40.0-255,66,198865,70,268302
46832,0.025114,172.217.194.0-255,5738,204603,70,268302
46833,0.025122,172.31.40.0-255,66,204669,70,268302
46834,0.025219,172.31.40.0-255,101,204770,70,268302
46835,0.027395,172.217.194.0-255,5738,210508,70,268302
46836,0.027412,172.31.40.0-255,66,210574,70,268302
46837,0.027454,172.217.194.0-255,66,210640,70,268302
46838,0.029687,172.217.194.0-255,5738,216378,70,268302
46839,0.029693,172.31.40.0-255,66,216444,70,268302
46840,0.031979,172.217.194.0-255,5738,222182,70,268302
46841,0.031986,172.31.40.0-255,66,222248,70,268302
46842,0.034271,172.217.194.0-255,5738,227986,70,268302
46843,0.03428,172.31.40.0-255,66,228052,70,268302
46844,0.036574,172.217.194.0-255,5738,233790,70,268302
46845,0.036592,172.31.40.0-255,66,233856,70,268302
46846,0.038842,172.217.194.0-255,5738,239594,70,268302
46847,0.03885,172.31.40.0-255,66,239660,70,268302
46848,0.041123,172.217.194.0-255,5738,245398,70,268302
46849,0.041131,172.31.40.0-255,66,245464,70,268302
46850,0.043434,172.217.194.0-255,5738,251202,70,268302
46851,0.043447,172.31.40.0-255,66,251268,70,268302
46852,0.045725,172.217.194.0-255,5738,257006,70,268302
46853,0.045744,172.31.40.0-255,66,257072,70,268302
46854,0.048008,172.217.194.0-255,5738,262810,70,268302
46855,0.048014,172.31.40.0-255,66,262876,70,268302
46856,0.048173,172.31.40.0-255,172,263048,70,268302
46857,0.048203,172.31.40.0-255,1117,264165,70,268302
46858,0.048266,172.31.40.0-255,1514,265679,70,268302
46859,0.048268,172.31.40.0-255,1514,267193,70,268302
46860,0.048294,172.31.40.0-255,845,268038,70,268302
46861,0.049747,104.244.42.0-255,66,268104,70,268302
46862,0.049756,104.244.42.0-255,66,268170,70,268302
46863,0.049853,104.244.42.0-255,66,268236,70,268302
46864,0.049857,104.244.42.0-255,66,268302,70,268302
46865,0.0,74.125.24.0-255,152,152,70,274744
46866,2.5e-05,172.31.40.0-255,66,218,70,274744
46867,3.2e-05,74.125.24.0-255,1484,1702,70,274744
46868,3.8e-05,172.31.40.0-255,66,1768,70,274744
46869,5.5e-05,74.125.24.0-255,2902,4670,70,274744
46870,6e-05,172.31.40.0-255,66,4736,70,274744
46871,6.3e-05,74.125.24.0-255,1484,6220,70,274744
46872,6.7e-05,172.31.40.0-255,66,6286,70,274744
46873,7.4e-05,74.125.24.0-255,5738,12024,70,274744
46874,7.7e-05,172.31.40.0-255,66,12090,70,274744
46875,0.000107,74.125.24.0-255,10571,22661,70,274744
46876,0.00011,172.31.40.0-255,66,22727,70,274744
46877,0.000134,74.125.24.0-255,1484,24211,70,274744
46878,0.000137,172.31.40.0-255,66,24277,70,274744
46879,0.000166,74.125.24.0-255,6797,31074,70,274744
46880,0.000168,172.31.40.0-255,66,31140,70,274744
46881,0.000233,74.125.24.0-255,1484,32624,70,274744
46882,0.000235,172.31.40.0-255,66,32690,70,274744
46883,0.000239,74.125.24.0-255,1484,34174,70,274744
46884,0.000241,172.31.40.0-255,66,34240,70,274744
46885,0.000273,74.125.24.0-255,1484,35724,70,274744
46886,0.000275,172.31.40.0-255,66,35790,70,274744
46887,0.000282,74.125.24.0-255,5738,41528,70,274744
46888,0.000284,172.31.40.0-255,66,41594,70,274744
46889,0.000334,172.31.40.0-255,66,41660,70,274744
46890,0.000374,74.125.24.0-255,9909,51569,70,274744
46891,0.000378,172.31.40.0-255,66,51635,70,274744
46892,0.000423,74.125.24.0-255,130,51765,70,274744
46893,0.000425,172.31.40.0-255,66,51831,70,274744
46894,0.000778,74.125.24.0-255,347,52178,70,274744
46895,0.000783,172.31.40.0-255,66,52244,70,274744
46896,0.001298,74.125.24.0-255,1484,53728,70,274744
46897,0.001308,74.125.24.0-255,2902,56630,70,274744
46898,0.001312,172.31.40.0-255,66,56696,70,274744
46899,0.001319,74.125.24.0-255,5738,62434,70,274744
46900,0.001322,172.31.40.0-255,66,62500,70,274744
46901,0.001339,74.125.24.0-255,4320,66820,70,274744
46902,0.001341,172.31.40.0-255,66,66886,70,274744
46903,0.00137,74.125.24.0-255,8574,75460,70,274744
46904,0.001372,172.31.40.0-255,66,75526,70,274744
46905,0.001407,74.125.24.0-255,9992,85518,70,274744
46906,0.00141,172.31.40.0-255,66,85584,70,274744
46907,0.001432,74.125.24.0-255,216,85800,70,274744
46908,0.001556,74.125.24.0-255,1484,87284,70,274744
46909,0.001561,172.31.40.0-255,66,87350,70,274744
46910,0.001568,74.125.24.0-255,2902,90252,70,274744
46911,0.00157,172.31.40.0-255,66,90318,70,274744
46912,0.001605,74.125.24.0-255,5738,96056,70,274744
46913,0.001608,172.31.40.0-255,66,96122,70,274744
46914,0.001611,74.125.24.0-255,1484,97606,70,274744
46915,0.001643,74.125.24.0-255,4320,101926,70,274744
46916,0.001646,172.31.40.0-255,66,101992,70,274744
46917,0.001678,74.125.24.0-255,8574,110566,70,274744
46918,0.001681,172.31.40.0-255,66,110632,70,274744
46919,0.00169,74.125.24.0-255,9274,119906,70,274744
46920,0.001692,172.31.40.0-255,66,119972,70,274744
46921,0.002158,74.125.24.0-255,1484,121456,70,274744
46922,0.002167,74.125.24.0-255,2902,124358,70,274744
46923,0.002173,172.31.40.0-255,66,124424,70,274744
46924,0.002176,74.125.24.0-255,1484,125908,70,274744
46925,0.002202,74.125.24.0-255,4320,130228,70,274744
46926,0.002205,172.31.40.0-255,66,130294,70,274744
46927,0.002212,74.125.24.0-255,7156,137450,70,274744
46928,0.002215,172.31.40.0-255,66,137516,70,274744
46929,0.002219,74.125.24.0-255,2902,140418,70,274744
46930,0.002221,172.31.40.0-255,66,140484,70,274744
46931,0.002252,74.125.24.0-255,5738,146222,70,274744
46932,0.002255,172.31.40.0-255,66,146288,70,274744
46933,0.002262,74.125.24.0-255,5738,152026,70,274744
46934,0.002264,172.31.40.0-255,66,152092,70,274744
46935,0.002276,74.125.24.0-255,2184,154276,70,274744
46936,0.002278,172.31.40.0-255,66,154342,70,274744
46937,0.002329,74.125.24.0-255,1484,155826,70,274744
46938,0.002342,74.125.24.0-255,2902,158728,70,274744
46939,0.002345,172.31.40.0-255,66,158794,70,274744
46940,0.002349,74.125.24.0-255,1484,160278,70,274744
46941,0.002375,74.125.24.0-255,4320,164598,70,274744
46942,0.002378,172.31.40.0-255,66,164664,70,274744
46943,0.002387,74.125.24.0-255,9992,174656,70,274744
46944,0.00239,172.31.40.0-255,66,174722,70,274744
46945,0.002401,74.125.24.0-255,5738,180460,70,274744
46946,0.002404,172.31.40.0-255,66,180526,70,274744
46947,0.002445,74.125.24.0-255,5738,186264,70,274744
46948,0.002447,172.31.40.0-255,66,186330,70,274744
46949,0.002473,74.125.24.0-255,2184,188514,70,274744
46950,0.002476,172.31.40.0-255,66,188580,70,274744
46951,0.0025,74.125.24.0-255,1484,190064,70,274744
46952,0.002529,74.125.24.0-255,2902,192966,70,274744
46953,0.002532,172.31.40.0-255,66,193032,70,274744
46954,0.002563,74.125.24.0-255,5738,198770,70,274744
46955,0.002566,172.31.40.0-255,66,198836,70,274744
46956,0.002574,74.125.24.0-255,5738,204574,70,274744
46957,0.002576,172.31.40.0-255,66,204640,70,274744
46958,0.002579,74.125.24.0-255,1484,206124,70,274744
46959,0.002612,74.125.24.0-255,8574,214698,70,274744
46960,0.002615,172.31.40.0-255,66,214764,70,274744
46961,0.002642,74.125.24.0-255,5738,220502,70,274744
46962,0.002646,172.31.40.0-255,66,220568,70,274744
46963,0.002648,74.125.24.0-255,1484,222052,70,274744
46964,0.002651,74.125.24.0-255,766,222818,70,274744
46965,0.002654,172.31.40.0-255,66,222884,70,274744
46966,0.002919,74.125.24.0-255,1484,224368,70,274744
46967,0.002925,74.125.24.0-255,2902,227270,70,274744
46968,0.00293,172.31.40.0-255,66,227336,70,274744
46969,0.002934,74.125.24.0-255,1484,228820,70,274744
46970,0.002961,74.125.24.0-255,4320,233140,70,274744
46971,0.002965,172.31.40.0-255,66,233206,70,274744
46972,0.002968,74.125.24.0-255,1484,234690,70,274744
46973,0.003007,74.125.24.0-255,8574,243264,70,274744
46974,0.00301,172.31.40.0-255,66,243330,70,274744
46975,0.003028,74.125.24.0-255,2184,245514,70,274744
46976,0.003031,74.125.24.0-255,1484,246998,70,274744
46977,0.003059,74.125.24.0-255,2902,249900,70,274744
46978,0.00309,74.125.24.0-255,1484,251384,70,274744
46979,0.003095,74.125.24.0-255,4320,255704,70,274744
46980,0.003125,74.125.24.0-255,1484,257188,70,274744
46981,0.003177,74.125.24.0-255,5738,262926,70,274744
46982,0.003284,74.125.24.0-255,4320,267246,70,274744
46983,0.003343,74.125.24.0-255,7156,274402,70,274744
46984,0.003437,74.125.24.0-255,105,274507,70,274744
46985,0.007582,172.31.40.0-255,66,274573,70,274744
46986,0.010215,172.31.40.0-255,105,274678,70,274744
46987,0.012446,74.125.24.0-255,66,274744,70,274744
46988,0.0,74.125.24.0-255,297,297,70,303161
46989,2.4e-05,172.31.40.0-255,66,363,70,303161
46990,3.1e-05,74.125.24.0-255,1484,1847,70,303161
46991,3.5e-05,172.31.40.0-255,66,1913,70,303161
46992,5.1e-05,74.125.24.0-255,4320,6233,70,303161
46993,5.5e-05,172.31.40.0-255,66,6299,70,303161
46994,6.3e-05,74.125.24.0-255,7591,13890,70,303161
46995,6.6e-05,172.31.40.0-255,66,13956,70,303161
46996,0.000108,74.125.24.0-255,7156,21112,70,303161
46997,0.000111,172.31.40.0-255,66,21178,70,303161
46998,0.000119,74.125.24.0-255,8574,29752,70,303161
46999,0.000126,172.31.40.0-255,66,29818,70,303161
47000,0.000129,74.125.24.0-255,1125,30943,70,303161
47001,0.000131,172.31.40.0-255,66,31009,70,303161
47002,0.000223,74.125.24.0-255,1484,32493,70,303161
47003,0.000226,172.31.40.0-255,66,32559,70,303161
47004,0.000261,74.125.24.0-255,2902,35461,70,303161
47005,0.000264,172.31.40.0-255,66,35527,70,303161
47006,0.000271,74.125.24.0-255,5738,41265,70,303161
47007,0.000274,172.31.40.0-255,66,41331,70,303161
47008,0.000285,74.125.24.0-255,5738,47069,70,303161
47009,0.000288,172.31.40.0-255,66,47135,70,303161
47010,0.000329,74.125.24.0-255,8215,55350,70,303161
47011,0.000332,172.31.40.0-255,66,55416,70,303161
47012,0.000339,74.125.24.0-255,7156,62572,70,303161
47013,0.000342,172.31.40.0-255,66,62638,70,303161
47014,0.000351,74.125.24.0-255,2898,65536,70,303161
47015,0.000353,172.31.40.0-255,66,65602,70,303161
47016,0.000402,74.125.24.0-255,331,65933,70,303161
47017,0.000405,172.31.40.0-255,66,65999,70,303161
47018,0.000527,74.125.24.0-255,1484,67483,70,303161
47019,0.000531,172.31.40.0-255,66,67549,70,303161
47020,0.000536,74.125.24.0-255,2902,70451,70,303161
47021,0.000539,172.31.40.0-255,66,70517,70,303161
47022,0.000545,74.125.24.0-255,4320,74837,70,303161
47023,0.000552,172.31.40.0-255,66,74903,70,303161
47024,0.000572,74.125.24.0-255,1484,76387,70,303161
47025,0.000592,172.31.40.0-255,66,76453,70,303161
47026,0.000598,74.125.24.0-255,4320,80773,70,303161
47027,0.0006,172.31.40.0-255,66,80839,70,303161
47028,0.000628,74.125.24.0-255,6438,87277,70,303161
47029,0.000635,172.31.40.0-255,66,87343,70,303161
47030,0.000736,74.125.24.0-255,1484,88827,70,303161
47031,0.00074,74.125.24.0-255,1484,90311,70,303161
47032,0.000743,172.31.40.0-255,66,90377,70,303161
47033,0.000775,74.125.24.0-255,1484,91861,70,303161
47034,0.000782,74.125.24.0-255,5738,97599,70,303161
47035,0.000785,172.31.40.0-255,66,97665,70,303161
47036,0.000799,172.31.40.0-255,66,97731,70,303161
47037,0.000827,74.125.24.0-255,1484,99215,70,303161
47038,0.000838,74.125.24.0-255,10692,109907,70,303161
47039,0.000841,172.31.40.0-255,66,109973,70,303161
47040,0.000864,74.125.24.0-255,1484,111457,70,303161
47041,0.000883,74.125.24.0-255,2902,114359,70,303161
47042,0.000886,172.31.40.0-255,66,114425,70,303161
47043,0.000918,74.125.24.0-255,5738,120163,70,303161
47044,0.000926,74.125.24.0-255,8574,128737,70,303161
47045,0.000931,172.31.40.0-255,66,128803,70,303161
47046,0.000934,172.31.40.0-255,66,128869,70,303161
47047,0.000969,172.31.40.0-255,66,128935,70,303161
47048,0.000993,74.125.24.0-255,3602,132537,70,303161
47049,0.000997,172.31.40.0-255,66,132603,70,303161
47050,0.001,74.125.24.0-255,1484,134087,70,303161
47051,0.001003,74.125.24.0-255,1484,135571,70,303161
47052,0.001005,172.31.40.0-255,66,135637,70,303161
47053,0.001038,74.125.24.0-255,1484,137121,70,303161
47054,0.001046,74.125.24.0-255,5738,142859,70,303161
47055,0.001049,172.31.40.0-255,66,142925,70,303161
47056,0.001063,172.31.40.0-255,66,142991,70,303161
47057,0.001074,74.125.24.0-255,7156,150147,70,303161
47058,0.001076,172.31.40.0-255,66,150213,70,303161
47059,0.00111,74.125.24.0-255,3602,153815,70,303161
47060,0.001113,172.31.40.0-255,66,153881,70,303161
47061,0.001147,74.125.24.0-255,1484,155365,70,303161
47062,0.001151,74.125.24.0-255,1484,156849,70,303161
47063,0.001154,172.31.40.0-255,66,156915,70,303161
47064,0.001164,74.125.24.0-255,1484,158399,70,303161
47065,0.001172,74.125.24.0-255,1484,159883,70,303161
47066,0.001174,172.31.40.0-255,66,159949,70,303161
47067,0.001202,74.125.24.0-255,4320,164269,70,303161
47068,0.001204,172.31.40.0-255,66,164335,70,303161
47069,0.001214,74.125.24.0-255,9992,174327,70,303161
47070,0.001226,172.31.40.0-255,66,174393,70,303161
47071,0.001235,74.125.24.0-255,2902,177295,70,303161
47072,0.001239,74.125.24.0-255,4320,181615,70,303161
47073,0.001249,172.31.40.0-255,66,181681,70,303161
47074,0.001278,74.125.24.0-255,6438,188119,70,303161
47075,0.0013,172.31.40.0-255,66,188185,70,303161
47076,0.001484,74.125.24.0-255,1484,189669,70,303161
47077,0.001505,74.125.24.0-255,2902,192571,70,303161
47078,0.001508,172.31.40.0-255,66,192637,70,303161
47079,0.001512,74.125.24.0-255,1484,194121,70,303161
47080,0.001532,74.125.24.0-255,5738,199859,70,303161
47081,0.001605,74.125.24.0-255,8574,208433,70,303161
47082,0.001607,74.125.24.0-255,766,209199,70,303161
47083,0.001624,172.31.40.0-255,66,209265,70,303161
47084,0.001701,74.125.24.0-255,1484,210749,70,303161
47085,0.001706,74.125.24.0-255,2902,213651,70,303161
47086,0.001723,74.125.24.0-255,5738,219389,70,303161
47087,0.001737,172.31.40.0-255,66,219455,70,303161
47088,0.001779,74.125.24.0-255,1484,220939,70,303161
47089,0.00179,74.125.24.0-255,10692,231631,70,303161
47090,0.001798,172.31.40.0-255,66,231697,70,303161
47091,0.001847,74.125.24.0-255,1484,233181,70,303161
47092,0.001864,74.125.24.0-255,2902,236083,70,303161
47093,0.001867,74.125.24.0-255,1484,237567,70,303161
47094,0.00188,172.31.40.0-255,66,237633,70,303161
47095,0.001886,74.125.24.0-255,4320,241953,70,303161
47096,0.001891,172.31.40.0-255,66,242019,70,303161
47097,0.001932,74.125.24.0-255,10692,252711,70,303161
47098,0.001944,172.31.40.0-255,66,252777,70,303161
47099,0.001963,74.125.24.0-255,9992,262769,70,303161
47100,0.001977,74.125.24.0-255,1484,264253,70,303161
47101,0.001982,74.125.24.0-255,4320,268573,70,303161
47102,0.001994,172.31.40.0-255,66,268639,70,303161
47103,0.002005,74.125.24.0-255,4320,272959,70,303161
47104,0.002038,74.125.24.0-255,8574,281533,70,303161
47105,0.00205,172.31.40.0-255,66,281599,70,303161
47106,0.002076,74.125.24.0-255,9992,291591,70,303161
47107,0.002084,172.31.40.0-255,66,291657,70,303161
47108,0.002091,74.125.24.0-255,1484,293141,70,303161
47109,0.00211,74.125.24.0-255,2902,296043,70,303161
47110,0.002125,74.125.24.0-255,2280,298323,70,303161
47111,0.002136,172.31.40.0-255,66,298389,70,303161
47112,0.00214,74.125.24.0-255,105,298494,70,303161
47113,0.002682,172.31.40.0-255,101,298595,70,303161
47114,0.005295,74.125.24.0-255,66,298661,70,303161
47115,0.014744,172.31.40.0-255,105,298766,70,303161
47116,0.01734,74.125.24.0-255,66,298832,70,303161
47117,0.038155,172.31.40.0-255,172,299004,70,303161
47118,0.038189,172.31.40.0-255,1113,300117,70,303161
47119,0.038259,172.31.40.0-255,1514,301631,70,303161
47120,0.038261,172.31.40.0-255,1332,302963,70,303161
47121,0.039705,104.244.42.0-255,66,303029,70,303161
47122,0.039718,104.244.42.0-255,66,303095,70,303161
47123,0.039787,104.244.42.0-255,66,303161,70,303161
47124,0.0,172.217.194.0-255,146,146,70,344507
47125,1.6e-05,172.31.40.0-255,66,212,70,344507
47126,2.3e-05,172.217.194.0-255,1484,1696,70,344507
47127,2.8e-05,172.31.40.0-255,66,1762,70,344507
47128,3.4e-05,172.217.194.0-255,2902,4664,70,344507
47129,4.5e-05,172.31.40.0-255,66,4730,70,344507
47130,5.3e-05,172.217.194.0-255,7156,11886,70,344507
47131,5.6e-05,172.31.40.0-255,66,11952,70,344507
47132,5.9e-05,172.217.194.0-255,1484,13436,70,344507
47133,6.2e-05,172.31.40.0-255,66,13502,70,344507
47134,0.000114,172.31.40.0-255,66,13568,70,344507
47135,0.000119,172.217.194.0-255,3961,17529,70,344507
47136,0.000121,172.31.40.0-255,66,17595,70,344507
47137,0.000233,172.217.194.0-255,1484,19079,70,344507
47138,0.000238,172.31.40.0-255,66,19145,70,344507
47139,0.000243,172.217.194.0-255,2902,22047,70,344507
47140,0.000246,172.31.40.0-255,66,22113,70,344507
47141,0.000249,172.217.194.0-255,1484,23597,70,344507
47142,0.000251,172.31.40.0-255,66,23663,70,344507
47143,0.000277,172.217.194.0-255,4320,27983,70,344507
47144,0.000283,172.31.40.0-255,66,28049,70,344507
47145,0.00029,172.217.194.0-255,6797,34846,70,344507
47146,0.000293,172.31.40.0-255,66,34912,70,344507
47147,0.000298,172.217.194.0-255,4320,39232,70,344507
47148,0.0003,172.31.40.0-255,66,39298,70,344507
47149,0.000344,172.217.194.0-255,9992,49290,70,344507
47150,0.000347,172.31.40.0-255,66,49356,70,344507
47151,0.000351,172.217.194.0-255,2794,52150,70,344507
47152,0.000367,172.31.40.0-255,66,52216,70,344507
47153,0.000446,172.217.194.0-255,115,52331,70,344507
47154,0.00045,172.31.40.0-255,66,52397,70,344507
47155,0.000501,172.217.194.0-255,1484,53881,70,344507
47156,0.000507,172.217.194.0-255,2902,56783,70,344507
47157,0.00051,172.31.40.0-255,66,56849,70,344507
47158,0.000543,172.217.194.0-255,4320,61169,70,344507
47159,0.000545,172.31.40.0-255,66,61235,70,344507
47160,0.000571,172.217.194.0-255,2902,64137,70,344507
47161,0.000574,172.31.40.0-255,66,64203,70,344507
47162,0.000601,172.217.194.0-255,6797,71000,70,344507
47163,0.000604,172.31.40.0-255,66,71066,70,344507
47164,0.000612,172.217.194.0-255,9992,81058,70,344507
47165,0.000614,172.31.40.0-255,66,81124,70,344507
47166,0.000663,172.217.194.0-255,5379,86503,70,344507
47167,0.000665,172.31.40.0-255,66,86569,70,344507
47168,0.000808,172.217.194.0-255,1484,88053,70,344507
47169,0.000814,172.217.194.0-255,2902,90955,70,344507
47170,0.000816,172.31.40.0-255,66,91021,70,344507
47171,0.000848,172.217.194.0-255,5738,96759,70,344507
47172,0.000852,172.217.194.0-255,4320,101079,70,344507
47173,0.000858,172.31.40.0-255,66,101145,70,344507
47174,0.00086,172.31.40.0-255,66,101211,70,344507
47175,0.000881,172.31.40.0-255,66,101277,70,344507
47176,0.000907,172.217.194.0-255,4320,105597,70,344507
47177,0.000909,172.31.40.0-255,66,105663,70,344507
47178,0.000914,172.217.194.0-255,3602,109265,70,344507
47179,0.000915,172.31.40.0-255,66,109331,70,344507
47180,0.000949,172.217.194.0-255,2902,112233,70,344507
47181,0.000951,172.31.40.0-255,66,112299,70,344507
47182,0.000992,172.31.40.0-255,66,112365,70,344507
47183,0.001012,172.217.194.0-255,8574,120939,70,344507
47184,0.001014,172.31.40.0-255,66,121005,70,344507
47185,0.001036,172.217.194.0-255,6438,127443,70,344507
47186,0.001038,172.31.40.0-255,66,127509,70,344507
47187,0.001746,172.217.194.0-255,1484,128993,70,344507
47188,0.001763,172.217.194.0-255,2902,131895,70,344507
47189,0.001767,172.31.40.0-255,66,131961,70,344507
47190,0.001771,172.217.194.0-255,2902,134863,70,344507
47191,0.001773,172.31.40.0-255,66,134929,70,344507
47192,0.001791,172.217.194.0-255,2902,137831,70,344507
47193,0.001793,172.31.40.0-255,66,137897,70,344507
47194,0.001797,172.217.194.0-255,4320,142217,70,344507
47195,0.001799,172.31.40.0-255,66,142283,70,344507
47196,0.00184,172.217.194.0-255,8574,150857,70,344507
47197,0.001842,172.31.40.0-255,66,150923,70,344507
47198,0.00185,172.217.194.0-255,8574,159497,70,344507
47199,0.001852,172.31.40.0-255,66,159563,70,344507
47200,0.001855,172.217.194.0-255,2184,161747,70,344507
47201,0.001857,172.31.40.0-255,66,161813,70,344507
47202,0.001913,172.217.194.0-255,1484,163297,70,344507
47203,0.001916,172.217.194.0-255,1484,164781,70,344507
47204,0.001918,172.31.40.0-255,66,164847,70,344507
47205,0.001945,172.217.194.0-255,1484,166331,70,344507
47206,0.001951,172.217.194.0-255,5738,172069,70,344507
47207,0.001953,172.31.40.0-255,66,172135,70,344507
47208,0.001961,172.217.194.0-255,9992,182127,70,344507
47209,0.001963,172.31.40.0-255,66,182193,70,344507
47210,0.002,172.217.194.0-255,2902,185095,70,344507
47211,0.002002,172.31.40.0-255,66,185161,70,344507
47212,0.002011,172.217.194.0-255,9992,195153,70,344507
47213,0.002012,172.31.40.0-255,66,195219,70,344507
47214,0.002014,172.217.194.0-255,766,195985,70,344507
47215,0.002306,172.217.194.0-255,1484,197469,70,344507
47216,0.002309,172.31.40.0-255,66,197535,70,344507
47217,0.002314,172.217.194.0-255,2902,200437,70,344507
47218,0.002315,172.31.40.0-255,66,200503,70,344507
47219,0.002334,172.217.194.0-255,5738,206241,70,344507
47220,0.002336,172.31.40.0-255,66,206307,70,344507
47221,0.002386,172.217.194.0-255,8574,214881,70,344507
47222,0.002389,172.31.40.0-255,66,214947,70,344507
47223,0.002409,172.217.194.0-255,4320,219267,70,344507
47224,0.002411,172.31.40.0-255,66,219333,70,344507
47225,0.002414,172.217.194.0-255,1484,220817,70,344507
47226,0.002444,172.217.194.0-255,9274,230091,70,344507
47227,0.002446,172.31.40.0-255,66,230157,70,344507
47228,0.004792,172.217.194.0-255,5738,235895,70,344507
47229,0.004798,172.31.40.0-255,66,235961,70,344507
47230,0.007218,172.217.194.0-255,5738,241699,70,344507
47231,0.007224,172.31.40.0-255,66,241765,70,344507
47232,0.009615,172.217.194.0-255,5738,247503,70,344507
47233,0.009623,172.31.40.0-255,66,247569,70,344507
47234,0.012021,172.217.194.0-255,5738,253307,70,344507
47235,0.012028,172.31.40.0-255,66,253373,70,344507
47236,0.014422,172.217.194.0-255,5738,259111,70,344507
47237,0.014432,172.31.40.0-255,66,259177,70,344507
47238,0.016825,172.217.194.0-255,5738,264915,70,344507
47239,0.016835,172.31.40.0-255,66,264981,70,344507
47240,0.019194,172.217.194.0-255,5738,270719,70,344507
47241,0.019202,172.31.40.0-255,66,270785,70,344507
47242,0.021557,172.217.194.0-255,5738,276523,70,344507
47243,0.021564,172.31.40.0-255,66,276589,70,344507
47244,0.023964,172.217.194.0-255,5738,282327,70,344507
47245,0.023971,172.31.40.0-255,66,282393,70,344507
47246,0.025587,172.31.40.0-255,172,282565,70,344507
47247,0.025617,172.31.40.0-255,1118,283683,70,344507
47248,0.025677,172.31.40.0-255,1514,285197,70,344507
47249,0.025679,172.31.40.0-255,1514,286711,70,344507
47250,0.025704,172.31.40.0-255,844,287555,70,344507
47251,0.026371,172.217.194.0-255,5738,293293,70,344507
47252,0.026378,172.31.40.0-255,66,293359,70,344507
47253,0.027138,104.244.42.0-255,66,293425,70,344507
47254,0.027181,104.244.42.0-255,66,293491,70,344507
47255,0.027239,104.244.42.0-255,66,293557,70,344507
47256,0.027243,104.244.42.0-255,66,293623,70,344507
47257,0.028805,172.217.194.0-255,5738,299361,70,344507
47258,0.028811,172.31.40.0-255,66,299427,70,344507
47259,0.031169,172.217.194.0-255,5738,305165,70,344507
47260,0.031175,172.31.40.0-255,66,305231,70,344507
47261,0.033525,172.217.194.0-255,4320,309551,70,344507
47262,0.03353,172.31.40.0-255,66,309617,70,344507
47263,0.033543,172.217.194.0-255,1484,311101,70,344507
47264,0.035905,172.217.194.0-255,4320,315421,70,344507
47265,0.03591,172.31.40.0-255,66,315487,70,344507
47266,0.038297,172.217.194.0-255,5738,321225,70,344507
47267,0.038303,172.31.40.0-255,66,321291,70,344507
47268,0.040673,172.217.194.0-255,5738,327029,70,344507
47269,0.04068,172.31.40.0-255,66,327095,70,344507
47270,0.043076,172.217.194.0-255,5738,332833,70,344507
47271,0.043082,172.31.40.0-255,66,332899,70,344507
47272,0.045457,172.217.194.0-255,5738,338637,70,344507
47273,0.045463,172.31.40.0-255,66,338703,70,344507
47274,0.047849,172.217.194.0-255,5738,344441,70,344507
47275,0.047855,172.31.40.0-255,66,344507,70,344507
47276,0.0,172.217.194.0-255,153,153,70,297527
47277,2.4e-05,172.31.40.0-255,66,219,70,297527
47278,3.2e-05,172.217.194.0-255,1484,1703,70,297527
47279,3.7e-05,172.31.40.0-255,66,1769,70,297527
47280,4.2e-05,172.217.194.0-255,2902,4671,70,297527
47281,5.3e-05,172.31.40.0-255,66,4737,70,297527
47282,6.1e-05,172.217.194.0-255,7156,11893,70,297527
47283,6.4e-05,172.31.40.0-255,66,11959,70,297527
47284,7.9e-05,172.31.40.0-255,66,12025,70,297527
47285,0.000127,172.217.194.0-255,6797,18822,70,297527
47286,0.000135,172.31.40.0-255,66,18888,70,297527
47287,0.00016,172.217.194.0-255,2902,21790,70,297527
47288,0.000163,172.31.40.0-255,66,21856,70,297527
47289,0.000168,172.217.194.0-255,4320,26176,70,297527
47290,0.00017,172.31.40.0-255,66,26242,70,297527
47291,0.000182,172.217.194.0-255,5738,31980,70,297527
47292,0.000185,172.31.40.0-255,66,32046,70,297527
47293,0.000206,172.217.194.0-255,2902,34948,70,297527
47294,0.000214,172.31.40.0-255,66,35014,70,297527
47295,0.000217,172.217.194.0-255,1484,36498,70,297527
47296,0.000219,172.31.40.0-255,66,36564,70,297527
47297,0.000273,172.31.40.0-255,66,36630,70,297527
47298,0.000276,172.217.194.0-255,410,37040,70,297527
47299,0.000278,172.31.40.0-255,66,37106,70,297527
47300,0.000303,172.217.194.0-255,1484,38590,70,297527
47301,0.000305,172.31.40.0-255,66,38656,70,297527
47302,0.00031,172.217.194.0-255,4320,42976,70,297527
47303,0.000313,172.31.40.0-255,66,43042,70,297527
47304,0.000321,172.217.194.0-255,7156,50198,70,297527
47305,0.000327,172.31.40.0-255,66,50264,70,297527
47306,0.000368,172.31.40.0-255,66,50330,70,297527
47307,0.000392,172.217.194.0-255,2902,53232,70,297527
47308,0.000395,172.31.40.0-255,66,53298,70,297527
47309,0.000422,172.217.194.0-255,4738,58036,70,297527
47310,0.000424,172.217.194.0-255,1484,59520,70,297527
47311,0.000428,172.217.194.0-255,2902,62422,70,297527
47312,0.000433,172.31.40.0-255,66,62488,70,297527
47313,0.000442,172.31.40.0-255,66,62554,70,297527
47314,0.000453,172.217.194.0-255,5738,68292,70,297527
47315,0.000455,172.31.40.0-255,66,68358,70,297527
47316,0.000495,172.217.194.0-255,6797,75155,70,297527
47317,0.000498,172.31.40.0-255,66,75221,70,297527
47318,0.000727,172.217.194.0-255,1484,76705,70,297527
47319,0.000734,172.217.194.0-255,2902,79607,70,297527
47320,0.000738,172.31.40.0-255,66,79673,70,297527
47321,0.000744,172.217.194.0-255,2902,82575,70,297527
47322,0.000747,172.31.40.0-255,66,82641,70,297527
47323,0.000764,172.217.194.0-255,2902,85543,70,297527
47324,0.000771,172.31.40.0-255,66,85609,70,297527
47325,0.000776,172.217.194.0-255,4320,89929,70,297527
47326,0.00078,172.31.40.0-255,66,89995,70,297527
47327,0.000815,172.217.194.0-255,7156,97151,70,297527
47328,0.000818,172.31.40.0-255,66,97217,70,297527
47329,0.000836,172.31.40.0-255,66,97283,70,297527
47330,0.0009,172.217.194.0-255,1484,98767,70,297527
47331,0.000905,172.217.194.0-255,2902,101669,70,297527
47332,0.000907,172.31.40.0-255,66,101735,70,297527
47333,0.000914,172.217.194.0-255,4320,106055,70,297527
47334,0.000916,172.31.40.0-255,66,106121,70,297527
47335,0.000936,172.217.194.0-255,1484,107605,70,297527
47336,0.000942,172.217.194.0-255,4320,111925,70,297527
47337,0.000944,172.31.40.0-255,66,111991,70,297527
47338,0.000972,172.217.194.0-255,4320,116311,70,297527
47339,0.000975,172.31.40.0-255,66,116377,70,297527
47340,0.000979,172.217.194.0-255,2902,119279,70,297527
47341,0.000981,172.31.40.0-255,66,119345,70,297527
47342,0.001015,172.31.40.0-255,66,119411,70,297527
47343,0.00121,172.217.194.0-255,1484,120895,70,297527
47344,0.001226,172.217.194.0-255,2902,123797,70,297527
47345,0.001231,172.31.40.0-255,66,123863,70,297527
47346,0.001264,172.217.194.0-255,5738,129601,70,297527
47347,0.001266,172.31.40.0-255,66,129667,70,297527
47348,0.001307,172.217.194.0-255,7156,136823,70,297527
47349,0.00131,172.31.40.0-255,66,136889,70,297527
47350,0.001328,172.217.194.0-255,2902,139791,70,297527
47351,0.001331,172.31.40.0-255,66,139857,70,297527
47352,0.001356,172.217.194.0-255,2902,142759,70,297527
47353,0.001359,172.31.40.0-255,66,142825,70,297527
47354,0.001368,172.217.194.0-255,9992,152817,70,297527
47355,0.001374,172.31.40.0-255,66,152883,70,297527
47356,0.001377,172.217.194.0-255,766,153649,70,297527
47357,0.001442,172.217.194.0-255,1484,155133,70,297527
47358,0.001445,172.31.40.0-255,66,155199,70,297527
47359,0.00145,172.217.194.0-255,2902,158101,70,297527
47360,0.001451,172.31.40.0-255,66,158167,70,297527
47361,0.001454,172.217.194.0-255,1484,159651,70,297527
47362,0.001491,172.217.194.0-255,4320,163971,70,297527
47363,0.001494,172.31.40.0-255,66,164037,70,297527
47364,0.001507,172.31.40.0-255,66,164103,70,297527
47365,0.001521,172.217.194.0-255,10692,174795,70,297527
47366,0.001524,172.31.40.0-255,66,174861,70,297527
47367,0.001531,172.217.194.0-255,1484,176345,70,297527
47368,0.001535,172.217.194.0-255,1484,177829,70,297527
47369,0.001536,172.31.40.0-255,66,177895,70,297527
47370,0.001562,172.217.194.0-255,1484,179379,70,297527
47371,0.001573,172.217.194.0-255,5738,185117,70,297527
47372,0.001575,172.31.40.0-255,66,185183,70,297527
47373,0.00158,172.217.194.0-255,2902,188085,70,297527
47374,0.001581,172.31.40.0-255,66,188151,70,297527
47375,0.001621,172.217.194.0-255,9992,198143,70,297527
47376,0.001625,172.31.40.0-255,66,198209,70,297527
47377,0.001634,172.217.194.0-255,10692,208901,70,297527
47378,0.00164,172.31.40.0-255,66,208967,70,297527
47379,0.001717,172.217.194.0-255,1484,210451,70,297527
47380,0.001721,172.217.194.0-255,1484,211935,70,297527
47381,0.001724,172.31.40.0-255,66,212001,70,297527
47382,0.001749,172.217.194.0-255,1484,213485,70,297527
47383,0.001755,172.217.194.0-255,5738,219223,70,297527
47384,0.001757,172.217.194.0-255,1484,220707,70,297527
47385,0.001764,172.31.40.0-255,66,220773,70,297527
47386,0.001774,172.217.194.0-255,4320,225093,70,297527
47387,0.00178,172.31.40.0-255,66,225159,70,297527
47388,0.001786,172.217.194.0-255,4320,229479,70,297527
47389,0.001788,172.31.40.0-255,66,229545,70,297527
47390,0.001827,172.217.194.0-255,8574,238119,70,297527
47391,0.00183,172.31.40.0-255,66,238185,70,297527
47392,0.001836,172.217.194.0-255,5020,243205,70,297527
47393,0.001839,172.31.40.0-255,66,243271,70,297527
47394,0.00185,172.217.194.0-255,5738,249009,70,297527
47395,0.001853,172.31.40.0-255,66,249075,70,297527
47396,0.001887,172.217.194.0-255,9992,259067,70,297527
47397,0.00189,172.31.40.0-255,66,259133,70,297527
47398,0.00192,172.217.194.0-255,2902,262035,70,297527
47399,0.001923,172.31.40.0-255,66,262101,70,297527
47400,0.001933,172.217.194.0-255,9992,272093,70,297527
47401,0.00194,172.31.40.0-255,66,272159,70,297527
47402,0.001968,172.217.194.0-255,5020,277179,70,297527
47403,0.001972,172.31.40.0-255,66,277245,70,297527
47404,0.001998,172.217.194.0-255,2902,280147,70,297527
47405,0.002001,172.31.40.0-255,66,280213,70,297527
47406,0.002029,172.217.194.0-255,2902,283115,70,297527
47407,0.002032,172.31.40.0-255,66,283181,70,297527
47408,0.002042,172.217.194.0-255,9992,293173,70,297527
47409,0.002044,172.31.40.0-255,66,293239,70,297527
47410,0.002063,172.217.194.0-255,2902,296141,70,297527
47411,0.00207,172.31.40.0-255,66,296207,70,297527
47412,0.002083,172.31.40.0-255,66,296273,70,297527
47413,0.002099,172.31.40.0-255,66,296339,70,297527
47414,0.002102,172.217.194.0-255,105,296444,70,297527
47415,0.004836,172.31.40.0-255,66,296510,70,297527
47416,0.004874,172.31.40.0-255,105,296615,70,297527
47417,0.007416,172.217.194.0-255,66,296681,70,297527
47418,0.044509,172.31.40.0-255,167,296848,70,297527
47419,0.044544,172.31.40.0-255,613,297461,70,297527
47420,0.046958,104.244.42.0-255,66,297527,70,297527
47421,0.0,74.125.24.0-255,152,152,70,192128
47422,2.3e-05,172.31.40.0-255,66,218,70,192128
47423,2.9e-05,74.125.24.0-255,1484,1702,70,192128
47424,3.4e-05,172.31.40.0-255,66,1768,70,192128
47425,4.8e-05,74.125.24.0-255,2902,4670,70,192128
47426,5.2e-05,172.31.40.0-255,66,4736,70,192128
47427,5.9e-05,74.125.24.0-255,5738,10474,70,192128
47428,6.2e-05,172.31.40.0-255,66,10540,70,192128
47429,9.9e-05,74.125.24.0-255,3418,13958,70,192128
47430,0.000102,172.31.40.0-255,66,14024,70,192128
47431,0.000441,74.125.24.0-255,1484,15508,70,192128
47432,0.000448,172.31.40.0-255,66,15574,70,192128
47433,0.000454,74.125.24.0-255,2902,18476,70,192128
47434,0.000456,172.31.40.0-255,66,18542,70,192128
47435,0.000462,74.125.24.0-255,4320,22862,70,192128
47436,0.000465,172.31.40.0-255,66,22928,70,192128
47437,0.000502,74.125.24.0-255,1484,24412,70,192128
47438,0.000508,74.125.24.0-255,4320,28732,70,192128
47439,0.000513,172.31.40.0-255,66,28798,70,192128
47440,0.000516,172.31.40.0-255,66,28864,70,192128
47441,0.000561,74.125.24.0-255,8215,37079,70,192128
47442,0.000565,172.31.40.0-255,66,37145,70,192128
47443,0.000604,74.125.24.0-255,8574,45719,70,192128
47444,0.000608,172.31.40.0-255,66,45785,70,192128
47445,0.000612,74.125.24.0-255,2543,48328,70,192128
47446,0.000614,172.31.40.0-255,66,48394,70,192128
47447,0.002119,74.125.24.0-255,1484,49878,70,192128
47448,0.002127,172.31.40.0-255,66,49944,70,192128
47449,0.002137,74.125.24.0-255,2902,52846,70,192128
47450,0.002139,172.31.40.0-255,66,52912,70,192128
47451,0.002146,74.125.24.0-255,4320,57232,70,192128
47452,0.002154,172.31.40.0-255,66,57298,70,192128
47453,0.002177,74.125.24.0-255,1484,58782,70,192128
47454,0.002185,74.125.24.0-255,5738,64520,70,192128
47455,0.002187,172.31.40.0-255,66,64586,70,192128
47456,0.002193,74.125.24.0-255,4320,68906,70,192128
47457,0.002197,172.31.40.0-255,66,68972,70,192128
47458,0.002227,74.125.24.0-255,2543,71515,70,192128
47459,0.002229,172.31.40.0-255,66,71581,70,192128
47460,0.002242,172.31.40.0-255,66,71647,70,192128
47461,0.002245,74.125.24.0-255,286,71933,70,192128
47462,0.00455,74.125.24.0-255,4320,76253,70,192128
47463,0.004555,172.31.40.0-255,66,76319,70,192128
47464,0.006896,74.125.24.0-255,5738,82057,70,192128
47465,0.006902,172.31.40.0-255,66,82123,70,192128
47466,0.009211,74.125.24.0-255,4320,86443,70,192128
47467,0.009218,172.31.40.0-255,66,86509,70,192128
47468,0.009248,74.125.24.0-255,1484,87993,70,192128
47469,0.011578,74.125.24.0-255,4320,92313,70,192128
47470,0.011585,172.31.40.0-255,66,92379,70,192128
47471,0.013869,74.125.24.0-255,5738,98117,70,192128
47472,0.013879,172.31.40.0-255,66,98183,70,192128
47473,0.016184,74.125.24.0-255,5738,103921,70,192128
47474,0.016195,172.31.40.0-255,66,103987,70,192128
47475,0.01851,74.125.24.0-255,5738,109725,70,192128
47476,0.01852,172.31.40.0-255,66,109791,70,192128
47477,0.020825,74.125.24.0-255,5738,115529,70,192128
47478,0.020833,172.31.40.0-255,66,115595,70,192128
47479,0.023157,74.125.24.0-255,5738,121333,70,192128
47480,0.023165,172.31.40.0-255,66,121399,70,192128
47481,0.025461,74.125.24.0-255,5738,127137,70,192128
47482,0.025469,172.31.40.0-255,66,127203,70,192128
47483,0.027736,74.125.24.0-255,5738,132941,70,192128
47484,0.027743,172.31.40.0-255,66,133007,70,192128
47485,0.030031,74.125.24.0-255,5738,138745,70,192128
47486,0.030038,172.31.40.0-255,66,138811,70,192128
47487,0.032375,74.125.24.0-255,5738,144549,70,192128
47488,0.032382,172.31.40.0-255,66,144615,70,192128
47489,0.034704,74.125.24.0-255,5738,150353,70,192128
47490,0.03471,172.31.40.0-255,66,150419,70,192128
47491,0.037059,74.125.24.0-255,5738,156157,70,192128
47492,0.037066,172.31.40.0-255,66,156223,70,192128
47493,0.039378,74.125.24.0-255,5738,161961,70,192128
47494,0.039386,172.31.40.0-255,66,162027,70,192128
47495,0.040295,172.31.40.0-255,172,162199,70,192128
47496,0.040319,172.31.40.0-255,1117,163316,70,192128
47497,0.04038,172.31.40.0-255,1514,164830,70,192128
47498,0.040401,172.31.40.0-255,1514,166344,70,192128
47499,0.040405,172.31.40.0-255,1514,167858,70,192128
47500,0.040419,172.31.40.0-255,790,168648,70,192128
47501,0.041707,74.125.24.0-255,5738,174386,70,192128
47502,0.041714,172.31.40.0-255,66,174452,70,192128
47503,0.041843,104.244.42.0-255,66,174518,70,192128
47504,0.04185,104.244.42.0-255,66,174584,70,192128
47505,0.04195,104.244.42.0-255,66,174650,70,192128
47506,0.041956,104.244.42.0-255,66,174716,70,192128
47507,0.043994,74.125.24.0-255,5738,180454,70,192128
47508,0.044001,172.31.40.0-255,66,180520,70,192128
47509,0.046331,74.125.24.0-255,5738,186258,70,192128
47510,0.046339,172.31.40.0-255,66,186324,70,192128
47511,0.048683,74.125.24.0-255,5738,192062,70,192128
47512,0.04869,172.31.40.0-255,66,192128,70,192128
47513,0.0,172.31.40.0-255,105,105,70,459
47514,0.000209,172.31.40.0-255,90,195,70,459
47515,0.000219,172.31.40.0-255,66,261,70,459
47516,0.002753,74.125.130.0-255,66,327,70,459
47517,0.002788,74.125.130.0-255,66,393,70,459
47518,0.002809,172.31.40.0-255,66,459,70,459
47519,0.0,172.217.194.0-255,146,146,70,278807
47520,2.5e-05,172.31.40.0-255,66,212,70,278807
47521,3.1e-05,172.217.194.0-255,1484,1696,70,278807
47522,3.5e-05,172.31.40.0-255,66,1762,70,278807
47523,4.1e-05,172.217.194.0-255,2902,4664,70,278807
47524,4.9e-05,172.31.40.0-255,66,4730,70,278807
47525,5.2e-05,172.217.194.0-255,1484,6214,70,278807
47526,5.4e-05,172.31.40.0-255,66,6280,70,278807
47527,8.5e-05,172.217.194.0-255,5738,12018,70,278807
47528,8.7e-05,172.31.40.0-255,66,12084,70,278807
47529,0.000115,172.217.194.0-255,2902,14986,70,278807
47530,0.000117,172.31.40.0-255,66,15052,70,278807
47531,0.000144,172.217.194.0-255,3402,18454,70,278807
47532,0.000148,172.31.40.0-255,66,18520,70,278807
47533,0.000154,172.217.194.0-255,7156,25676,70,278807
47534,0.000157,172.31.40.0-255,66,25742,70,278807
47535,0.000161,172.217.194.0-255,4320,30062,70,278807
47536,0.000163,172.31.40.0-255,66,30128,70,278807
47537,0.000181,172.217.194.0-255,1125,31253,70,278807
47538,0.000183,172.31.40.0-255,66,31319,70,278807
47539,0.000208,172.217.194.0-255,2902,34221,70,278807
47540,0.00021,172.31.40.0-255,66,34287,70,278807
47541,0.00024,172.217.194.0-255,2902,37189,70,278807
47542,0.000246,172.217.194.0-255,7156,44345,70,278807
47543,0.000246,172.31.40.0-255,66,44411,70,278807
47544,0.000249,172.31.40.0-255,66,44477,70,278807
47545,0.00025,172.217.194.0-255,7156,51633,70,278807
47546,0.000253,172.31.40.0-255,66,51699,70,278807
47547,0.000276,172.217.194.0-255,8215,59914,70,278807
47548,0.000279,172.31.40.0-255,66,59980,70,278807
47549,0.000284,172.217.194.0-255,5379,65359,70,278807
47550,0.000286,172.31.40.0-255,66,65425,70,278807
47551,0.000288,172.217.194.0-255,379,65804,70,278807
47552,0.00029,172.31.40.0-255,66,65870,70,278807
47553,0.000343,172.217.194.0-255,363,66233,70,278807
47554,0.000346,172.31.40.0-255,66,66299,70,278807
47555,0.000377,172.217.194.0-255,1484,67783,70,278807
47556,0.000379,172.31.40.0-255,66,67849,70,278807
47557,0.000384,172.217.194.0-255,4320,72169,70,278807
47558,0.000386,172.31.40.0-255,66,72235,70,278807
47559,0.000408,172.217.194.0-255,7156,79391,70,278807
47560,0.000411,172.31.40.0-255,66,79457,70,278807
47561,0.000439,172.217.194.0-255,2902,82359,70,278807
47562,0.000443,172.31.40.0-255,66,82425,70,278807
47563,0.000445,172.217.194.0-255,7156,89581,70,278807
47564,0.000448,172.31.40.0-255,66,89647,70,278807
47565,0.000486,172.217.194.0-255,7156,96803,70,278807
47566,0.000489,172.31.40.0-255,66,96869,70,278807
47567,0.000514,172.217.194.0-255,3602,100471,70,278807
47568,0.000517,172.31.40.0-255,66,100537,70,278807
47569,0.00052,172.217.194.0-255,1484,102021,70,278807
47570,0.000522,172.31.40.0-255,66,102087,70,278807
47571,0.000551,172.217.194.0-255,2902,104989,70,278807
47572,0.000554,172.31.40.0-255,66,105055,70,278807
47573,0.000564,172.217.194.0-255,5738,110793,70,278807
47574,0.000566,172.31.40.0-255,66,110859,70,278807
47575,0.000594,172.217.194.0-255,2902,113761,70,278807
47576,0.000596,172.31.40.0-255,66,113827,70,278807
47577,0.000642,172.217.194.0-255,9992,123819,70,278807
47578,0.000646,172.31.40.0-255,66,123885,70,278807
47579,0.000655,172.217.194.0-255,10692,134577,70,278807
47580,0.000657,172.31.40.0-255,66,134643,70,278807
47581,0.000667,172.31.40.0-255,66,134709,70,278807
47582,0.000671,172.217.194.0-255,2902,137611,70,278807
47583,0.000673,172.31.40.0-255,66,137677,70,278807
47584,0.000728,172.31.40.0-255,66,137743,70,278807
47585,0.000731,172.217.194.0-255,1484,139227,70,278807
47586,0.000733,172.31.40.0-255,66,139293,70,278807
47587,0.000754,172.217.194.0-255,2902,142195,70,278807
47588,0.000757,172.31.40.0-255,66,142261,70,278807
47589,0.000784,172.217.194.0-255,5738,147999,70,278807
47590,0.000788,172.31.40.0-255,66,148065,70,278807
47591,0.0008,172.31.40.0-255,66,148131,70,278807
47592,0.000827,172.217.194.0-255,5738,153869,70,278807
47593,0.00083,172.31.40.0-255,66,153935,70,278807
47594,0.000862,172.217.194.0-255,2902,156837,70,278807
47595,0.000865,172.31.40.0-255,66,156903,70,278807
47596,0.000869,172.217.194.0-255,2184,159087,70,278807
47597,0.000871,172.31.40.0-255,66,159153,70,278807
47598,0.000874,172.217.194.0-255,1484,160637,70,278807
47599,0.000876,172.31.40.0-255,66,160703,70,278807
47600,0.000881,172.217.194.0-255,2902,163605,70,278807
47601,0.000883,172.31.40.0-255,66,163671,70,278807
47602,0.000912,172.217.194.0-255,5738,169409,70,278807
47603,0.000916,172.31.40.0-255,66,169475,70,278807
47604,0.000924,172.217.194.0-255,8574,178049,70,278807
47605,0.000926,172.31.40.0-255,66,178115,70,278807
47606,0.000961,172.217.194.0-255,4320,182435,70,278807
47607,0.000965,172.31.40.0-255,66,182501,70,278807
47608,0.000971,172.217.194.0-255,5738,188239,70,278807
47609,0.000974,172.31.40.0-255,66,188305,70,278807
47610,0.000977,172.217.194.0-255,1484,189789,70,278807
47611,0.00098,172.31.40.0-255,66,189855,70,278807
47612,0.001041,172.217.194.0-255,3602,193457,70,278807
47613,0.001045,172.31.40.0-255,66,193523,70,278807
47614,0.001052,172.217.194.0-255,5738,199261,70,278807
47615,0.001054,172.31.40.0-255,66,199327,70,278807
47616,0.001071,172.31.40.0-255,66,199393,70,278807
47617,0.001086,172.31.40.0-255,66,199459,70,278807
47618,0.001134,172.217.194.0-255,1484,200943,70,278807
47619,0.001139,172.31.40.0-255,66,201009,70,278807
47620,0.001143,172.217.194.0-255,2902,203911,70,278807
47621,0.001146,172.31.40.0-255,66,203977,70,278807
47622,0.001149,172.217.194.0-255,1484,205461,70,278807
47623,0.001173,172.217.194.0-255,4320,209781,70,278807
47624,0.001178,172.31.40.0-255,66,209847,70,278807
47625,0.001189,172.217.194.0-255,7156,217003,70,278807
47626,0.001192,172.31.40.0-255,66,217069,70,278807
47627,0.00124,172.217.194.0-255,5738,222807,70,278807
47628,0.001244,172.31.40.0-255,66,222873,70,278807
47629,0.001252,172.217.194.0-255,9992,232865,70,278807
47630,0.001255,172.31.40.0-255,66,232931,70,278807
47631,0.001258,172.217.194.0-255,766,233697,70,278807
47632,0.001317,172.217.194.0-255,1484,235181,70,278807
47633,0.001321,172.31.40.0-255,66,235247,70,278807
47634,0.001326,172.217.194.0-255,4320,239567,70,278807
47635,0.001329,172.31.40.0-255,66,239633,70,278807
47636,0.001331,172.217.194.0-255,1484,241117,70,278807
47637,0.001339,172.217.194.0-255,9992,251109,70,278807
47638,0.001348,172.31.40.0-255,66,251175,70,278807
47639,0.001401,172.31.40.0-255,66,251241,70,278807
47640,0.00141,172.217.194.0-255,9992,261233,70,278807
47641,0.001413,172.31.40.0-255,66,261299,70,278807
47642,0.001451,172.217.194.0-255,8574,269873,70,278807
47643,0.001454,172.217.194.0-255,1484,271357,70,278807
47644,0.00147,172.31.40.0-255,66,271423,70,278807
47645,0.001493,172.217.194.0-255,1484,272907,70,278807
47646,0.001495,172.31.40.0-255,66,272973,70,278807
47647,0.001552,172.31.40.0-255,66,273039,70,278807
47648,0.001577,172.217.194.0-255,105,273144,70,278807
47649,0.003207,172.31.40.0-255,66,273210,70,278807
47650,0.00323,172.31.40.0-255,105,273315,70,278807
47651,0.005472,172.217.194.0-255,66,273381,70,278807
47652,0.027662,172.31.40.0-255,172,273553,70,278807
47653,0.027691,172.31.40.0-255,1118,274671,70,278807
47654,0.027736,172.31.40.0-255,1514,276185,70,278807
47655,0.027738,172.31.40.0-255,1514,277699,70,278807
47656,0.027763,172.31.40.0-255,844,278543,70,278807
47657,0.029253,104.244.42.0-255,66,278609,70,278807
47658,0.02926,104.244.42.0-255,66,278675,70,278807
47659,0.029287,104.244.42.0-255,66,278741,70,278807
47660,0.02929,104.244.42.0-255,66,278807,70,278807
47661,0.0,74.125.130.0-255,153,153,70,237729
47662,2.2e-05,172.31.40.0-255,66,219,70,237729
47663,2.9e-05,74.125.130.0-255,1484,1703,70,237729
47664,3.4e-05,172.31.40.0-255,66,1769,70,237729
47665,4.1e-05,74.125.130.0-255,2902,4671,70,237729
47666,4.5e-05,172.31.40.0-255,66,4737,70,237729
47667,6.6e-05,74.125.130.0-255,5738,10475,70,237729
47668,6.9e-05,172.31.40.0-255,66,10541,70,237729
47669,7.4e-05,74.125.130.0-255,3517,14058,70,237729
47670,7.7e-05,172.31.40.0-255,66,14124,70,237729
47671,0.000206,74.125.130.0-255,1484,15608,70,237729
47672,0.00021,172.31.40.0-255,66,15674,70,237729
47673,0.000214,74.125.130.0-255,1484,17158,70,237729
47674,0.000216,172.31.40.0-255,66,17224,70,237729
47675,0.000231,74.125.130.0-255,1484,18708,70,237729
47676,0.000233,172.31.40.0-255,66,18774,70,237729
47677,0.000238,74.125.130.0-255,2902,21676,70,237729
47678,0.00024,172.31.40.0-255,66,21742,70,237729
47679,0.000253,74.125.130.0-255,1484,23226,70,237729
47680,0.000255,172.31.40.0-255,66,23292,70,237729
47681,0.000262,74.125.130.0-255,5738,29030,70,237729
47682,0.000264,172.31.40.0-255,66,29096,70,237729
47683,0.000289,74.125.130.0-255,2543,31639,70,237729
47684,0.000292,172.31.40.0-255,66,31705,70,237729
47685,0.000451,74.125.130.0-255,1484,33189,70,237729
47686,0.000454,172.31.40.0-255,66,33255,70,237729
47687,0.000459,74.125.130.0-255,2902,36157,70,237729
47688,0.000462,172.31.40.0-255,66,36223,70,237729
47689,0.000465,74.125.130.0-255,1484,37707,70,237729
47690,0.000467,172.31.40.0-255,66,37773,70,237729
47691,0.000493,74.125.130.0-255,4320,42093,70,237729
47692,0.000496,172.31.40.0-255,66,42159,70,237729
47693,0.000504,74.125.130.0-255,6797,48956,70,237729
47694,0.00051,74.125.130.0-255,4320,53276,70,237729
47695,0.000527,74.125.130.0-255,2902,56178,70,237729
47696,0.000553,74.125.130.0-255,9633,65811,70,237729
47697,0.000596,74.125.130.0-255,378,66189,70,237729
47698,0.000844,74.125.130.0-255,100,66289,70,237729
47699,0.000865,74.125.130.0-255,362,66651,70,237729
47700,0.001322,74.125.130.0-255,1484,68135,70,237729
47701,0.001336,74.125.130.0-255,2902,71037,70,237729
47702,0.001358,74.125.130.0-255,4320,75357,70,237729
47703,0.001384,74.125.130.0-255,8574,83931,70,237729
47704,0.001415,74.125.130.0-255,8574,92505,70,237729
47705,0.001433,74.125.130.0-255,7856,100361,70,237729
47706,0.001854,74.125.130.0-255,1484,101845,70,237729
47707,0.001858,74.125.130.0-255,1484,103329,70,237729
47708,0.001869,74.125.130.0-255,1484,104813,70,237729
47709,0.001893,74.125.130.0-255,5738,110551,70,237729
47710,0.001897,74.125.130.0-255,1484,112035,70,237729
47711,0.001962,74.125.130.0-255,4320,116355,70,237729
47712,0.001984,74.125.130.0-255,6438,122793,70,237729
47713,0.002316,172.31.40.0-255,66,122859,70,237729
47714,0.004594,74.125.130.0-255,5738,128597,70,237729
47715,0.004602,172.31.40.0-255,66,128663,70,237729
47716,0.006872,74.125.130.0-255,5738,134401,70,237729
47717,0.009132,172.31.40.0-255,66,134467,70,237729
47718,0.011405,74.125.130.0-255,5738,140205,70,237729
47719,0.011415,172.31.40.0-255,66,140271,70,237729
47720,0.013681,74.125.130.0-255,5738,146009,70,237729
47721,0.015026,172.31.40.0-255,66,146075,70,237729
47722,0.017302,74.125.130.0-255,5738,151813,70,237729
47723,0.017313,172.31.40.0-255,66,151879,70,237729
47724,0.019585,74.125.130.0-255,5738,157617,70,237729
47725,0.019593,172.31.40.0-255,66,157683,70,237729
47726,0.021874,74.125.130.0-255,5738,163421,70,237729
47727,0.021882,172.31.40.0-255,66,163487,70,237729
47728,0.024146,74.125.130.0-255,5738,169225,70,237729
47729,0.024154,172.31.40.0-255,66,169291,70,237729
47730,0.02552,172.31.40.0-255,172,169463,70,237729
47731,0.025551,172.31.40.0-255,1113,170576,70,237729
47732,0.025616,172.31.40.0-255,1514,172090,70,237729
47733,0.025618,172.31.40.0-255,1514,173604,70,237729
47734,0.025619,172.31.40.0-255,1369,174973,70,237729
47735,0.026423,74.125.130.0-255,5738,180711,70,237729
47736,0.026431,172.31.40.0-255,66,180777,70,237729
47737,0.027065,104.244.42.0-255,66,180843,70,237729
47738,0.027122,104.244.42.0-255,66,180909,70,237729
47739,0.027223,104.244.42.0-255,66,180975,70,237729
47740,0.027229,104.244.42.0-255,66,181041,70,237729
47741,0.028705,74.125.130.0-255,5738,186779,70,237729
47742,0.028711,172.31.40.0-255,66,186845,70,237729
47743,0.030979,74.125.130.0-255,5738,192583,70,237729
47744,0.030986,172.31.40.0-255,66,192649,70,237729
47745,0.033251,74.125.130.0-255,4320,196969,70,237729
47746,0.033258,172.31.40.0-255,66,197035,70,237729
47747,0.033277,74.125.130.0-255,1484,198519,70,237729
47748,0.03553,74.125.130.0-255,4320,202839,70,237729
47749,0.035537,172.31.40.0-255,66,202905,70,237729
47750,0.037805,74.125.130.0-255,5738,208643,70,237729
47751,0.037859,172.31.40.0-255,66,208709,70,237729
47752,0.040123,74.125.130.0-255,5738,214447,70,237729
47753,0.040129,172.31.40.0-255,66,214513,70,237729
47754,0.042401,74.125.130.0-255,5738,220251,70,237729
47755,0.042408,172.31.40.0-255,66,220317,70,237729
47756,0.044677,74.125.130.0-255,5738,226055,70,237729
47757,0.044683,172.31.40.0-255,66,226121,70,237729
47758,0.046953,74.125.130.0-255,5738,231859,70,237729
47759,0.04696,172.31.40.0-255,66,231925,70,237729
47760,0.049236,74.125.130.0-255,5738,237663,70,237729
47761,0.049244,172.31.40.0-255,66,237729,70,237729
